  1    1089
-2.2106e+06 3.6187e+01 -3.4065e+03 -1.1339e+02 -4.9669e+01 -1.6523e+03
-1.7327e+06 3.3526e+01 -3.4123e+03 -1.1361e+02 -8.0052e+01 -1.6022e+03
2.2970e+05 2.8600e+01 -3.4179e+03 -1.1352e+02 1.2514e+01 -1.5545e+03
2.3199e+06 2.6203e+01 -3.4233e+03 -1.1314e+02 1.1175e+02 -1.5077e+03
3.0631e+06 2.6219e+01 -3.4286e+03 -1.1245e+02 6.0680e+01 -1.4590e+03
3.0746e+06 2.6239e+01 -3.4337e+03 -1.1147e+02 1.7367e-01 -1.4096e+03
3.0911e+06 2.6245e+01 -3.4387e+03 -1.1018e+02 -2.6601e+00 -1.3610e+03
3.1021e+06 2.6243e+01 -3.4435e+03 -1.0859e+02 8.1106e-01 -1.3121e+03
3.0728e+06 2.6241e+01 -3.4481e+03 -1.0670e+02 4.2921e-01 -1.2631e+03
3.0038e+06 2.6238e+01 -3.4525e+03 -1.0451e+02 1.2536e+00 -1.2141e+03
2.8611e+06 2.5227e+01 -3.4568e+03 -1.0202e+02 1.2488e+00 -1.1654e+03
2.5825e+06 2.1862e+01 -3.4609e+03 -9.9229e+01 -1.2713e+01 -1.1165e+03
2.3004e+06 1.8325e+01 -3.4649e+03 -9.6143e+01 -2.6806e+01 -1.0674e+03
2.1774e+06 1.7940e+01 -3.4687e+03 -9.2762e+01 -2.1518e+01 -1.0186e+03
2.1349e+06 1.8878e+01 -3.4723e+03 -8.9087e+01 -9.8340e+00 -9.6959e+02
2.0463e+06 1.8213e+01 -3.4757e+03 -8.5121e+01 -8.5162e+00 -9.2078e+02
1.9246e+06 1.7081e+01 -3.4789e+03 -8.0865e+01 -1.0050e+01 -8.7190e+02
1.8150e+06 1.6753e+01 -3.4820e+03 -7.6323e+01 -8.1768e+00 -8.2288e+02
1.7163e+06 1.6750e+01 -3.4849e+03 -7.1496e+01 -1.1358e+01 -7.7428e+02
1.6644e+06 1.6765e+01 -3.4876e+03 -6.6387e+01 -2.9024e+01 -7.2580e+02
1.8417e+06 1.9132e+01 -3.4901e+03 -6.1000e+01 -2.7164e+01 -6.7711e+02
2.2304e+06 2.3845e+01 -3.4925e+03 -5.5338e+01 4.2811e+00 -6.2862e+02
2.4769e+06 2.6220e+01 -3.4947e+03 -4.9405e+01 1.4012e+01 -5.8037e+02
2.5331e+06 2.6238e+01 -3.4967e+03 -4.3203e+01 4.3850e+00 -5.3219e+02
2.5399e+06 2.6244e+01 -3.4985e+03 -3.6737e+01 2.3506e+00 -4.8409e+02
2.5216e+06 2.6246e+01 -3.5001e+03 -3.0010e+01 -1.2618e+00 -4.3613e+02
2.4885e+06 2.6248e+01 -3.5016e+03 -2.3027e+01 -8.1218e+00 -3.8852e+02
2.4955e+06 2.6246e+01 -3.5029e+03 -1.5792e+01 -4.0732e+00 -3.4086e+02
2.5038e+06 2.6244e+01 -3.5040e+03 -8.3097e+00 1.3562e-01 -2.9306e+02
2.5008e+06 2.6243e+01 -3.5049e+03 -5.8415e-01 -3.4163e-01 -2.4544e+02
2.4713e+06 2.6241e+01 -3.5056e+03 7.3798e+00 7.4394e+00 -1.9813e+02
2.4058e+06 2.6240e+01 -3.5062e+03 1.5577e+01 5.3837e+00 -1.5208e+02
2.2726e+06 2.6242e+01 -3.5066e+03 2.4003e+01 -1.8485e+00 -1.0398e+02
-1.9823e+06 3.6682e+01 -3.4007e+03 -1.2218e+02 -4.0672e+00 -1.6984e+03
-1.8593e+06 3.4592e+01 -3.4066e+03 -1.2241e+02 -5.6099e+01 -1.6454e+03
-5.7544e+05 2.9193e+01 -3.4124e+03 -1.2234e+02 -2.9641e+01 -1.5851e+03
1.4971e+06 2.6249e+01 -3.4180e+03 -1.2197e+02 7.3020e+01 -1.5412e+03
2.7729e+06 2.6217e+01 -3.4234e+03 -1.2130e+02 8.3174e+01 -1.4932e+03
3.1394e+06 2.6222e+01 -3.4287e+03 -1.2033e+02 3.4688e+01 -1.4438e+03
3.2217e+06 2.6233e+01 -3.4338e+03 -1.1906e+02 1.0858e+01 -1.3952e+03
3.2156e+06 2.6239e+01 -3.4388e+03 -1.1749e+02 2.8806e+00 -1.3463e+03
3.1472e+06 2.6242e+01 -3.4435e+03 -1.1561e+02 -1.0523e+00 -1.2973e+03
3.0344e+06 2.6243e+01 -3.4482e+03 -1.1344e+02 -3.6969e+00 -1.2485e+03
2.9069e+06 2.6068e+01 -3.4526e+03 -1.1096e+02 -2.2091e+00 -1.1998e+03
2.7012e+06 2.4143e+01 -3.4569e+03 -1.0819e+02 -8.4914e+00 -1.1510e+03
2.4719e+06 2.1149e+01 -3.4610e+03 -1.0512e+02 -1.9993e+01 -1.1019e+03
2.4079e+06 2.1496e+01 -3.4649e+03 -1.0175e+02 -9.3012e+00 -1.0531e+03
2.4264e+06 2.3376e+01 -3.4687e+03 -9.8091e+01 6.6558e+00 -1.0043e+03
2.3140e+06 2.2049e+01 -3.4723e+03 -9.4138e+01 1.4949e+00 -9.5557e+02
2.1372e+06 1.9436e+01 -3.4757e+03 -8.9896e+01 -5.4223e+00 -9.0697e+02
1.9509e+06 1.7840e+01 -3.4790e+03 -8.5367e+01 -1.0793e+01 -8.5819e+02
1.7829e+06 1.6997e+01 -3.4820e+03 -8.0553e+01 -2.4863e+01 -8.0945e+02
1.7361e+06 1.7329e+01 -3.4849e+03 -7.5457e+01 -3.8740e+01 -7.6096e+02
1.9433e+06 2.0273e+01 -3.4876e+03 -7.0082e+01 -2.5422e+01 -7.1211e+02
2.3138e+06 2.4438e+01 -3.4902e+03 -6.4431e+01 6.2870e+00 -6.6373e+02
2.5400e+06 2.6235e+01 -3.4925e+03 -5.8508e+01 1.4119e+01 -6.1577e+02
2.5897e+06 2.6240e+01 -3.4947e+03 -5.2315e+01 4.6186e+00 -5.6742e+02
2.5802e+06 2.6245e+01 -3.4967e+03 -4.5858e+01 -6.7964e-01 -5.1923e+02
2.5585e+06 2.6247e+01 -3.4985e+03 -3.9140e+01 -3.8125e+00 -4.7137e+02
2.5313e+06 2.6248e+01 -3.5001e+03 -3.2164e+01 -5.1955e+00 -4.2362e+02
2.5234e+06 2.6246e+01 -3.5016e+03 -2.4936e+01 -4.3189e+00 -3.7621e+02
2.5217e+06 2.6245e+01 -3.5029e+03 -1.7459e+01 -6.2704e+00 -3.2912e+02
2.5249e+06 2.6244e+01 -3.5040e+03 -9.7385e+00 -4.7404e+00 -2.8120e+02
2.5102e+06 2.6241e+01 -3.5049e+03 -1.7783e+00 6.9224e+00 -2.3245e+02
2.4097e+06 2.6240e+01 -3.5056e+03 6.4164e+00 5.8396e+00 -1.8608e+02
2.2649e+06 2.6243e+01 -3.5062e+03 1.4841e+01 -4.7743e+00 -1.5063e+02
-1.8202e+06 3.6640e+01 -3.3948e+03 -1.3115e+02 1.7796e+01 -1.7388e+03
-2.0001e+06 3.4673e+01 -3.4008e+03 -1.3140e+02 -3.5889e+01 -1.7001e+03
-1.6533e+06 2.9478e+01 -3.4067e+03 -1.3135e+02 -8.3611e+01 -1.6428e+03
-2.0052e+03 2.6442e+01 -3.4125e+03 -1.3100e+02 -1.1439e+01 -1.5961e+03
1.8572e+06 2.6245e+01 -3.4181e+03 -1.3034e+02 7.3120e+01 -1.5492e+03
2.8863e+06 2.6214e+01 -3.4235e+03 -1.2939e+02 7.6094e+01 -1.5004e+03
3.2943e+06 2.6212e+01 -3.4288e+03 -1.2813e+02 5.0706e+01 -1.4522e+03
3.3777e+06 2.6221e+01 -3.4339e+03 -1.2657e+02 2.8964e+01 -1.4037e+03
3.2621e+06 2.6235e+01 -3.4388e+03 -1.2472e+02 6.9264e+00 -1.3547e+03
3.0847e+06 2.6244e+01 -3.4436e+03 -1.2256e+02 -8.7246e+00 -1.3057e+03
2.9591e+06 2.6315e+01 -3.4482e+03 -1.2010e+02 -6.8914e+00 -1.2570e+03
2.8506e+06 2.5804e+01 -3.4527e+03 -1.1734e+02 2.0764e-01 -1.2084e+03
2.7117e+06 2.4739e+01 -3.4570e+03 -1.1429e+02 -1.1225e+00 -1.1596e+03
2.6338e+06 2.5050e+01 -3.4611e+03 -1.1093e+02 2.1175e+00 -1.1106e+03
2.6184e+06 2.5988e+01 -3.4650e+03 -1.0729e+02 1.0207e+01 -1.0619e+03
2.5530e+06 2.5320e+01 -3.4688e+03 -1.0335e+02 1.1682e+01 -1.0131e+03
2.4084e+06 2.3494e+01 -3.4724e+03 -9.9125e+01 9.0992e+00 -9.6435e+02
2.1934e+06 2.1303e+01 -3.4758e+03 -9.4610e+01 -4.4570e+00 -9.1580e+02
1.9989e+06 1.9626e+01 -3.4790e+03 -8.9809e+01 -2.3685e+01 -8.6724e+02
1.9820e+06 2.0212e+01 -3.4821e+03 -8.4726e+01 -2.4519e+01 -8.1888e+02
2.1619e+06 2.3094e+01 -3.4850e+03 -7.9364e+01 -7.1616e+00 -7.7024e+02
2.3896e+06 2.5560e+01 -3.4877e+03 -7.3725e+01 5.6379e+00 -7.2186e+02
2.5571e+06 2.6235e+01 -3.4902e+03 -6.7813e+01 8.9880e+00 -6.7381e+02
2.6312e+06 2.6239e+01 -3.4925e+03 -6.1632e+01 8.0173e+00 -6.2552e+02
2.6199e+06 2.6244e+01 -3.4947e+03 -5.5185e+01 1.7535e+00 -5.7754e+02
2.5958e+06 2.6245e+01 -3.4967e+03 -4.8476e+01 -1.8494e-01 -5.2979e+02
2.5777e+06 2.6244e+01 -3.4985e+03 -4.1509e+01 2.3815e+00 -4.8182e+02
2.5552e+06 2.6244e+01 -3.5002e+03 -3.4288e+01 2.0982e-01 -4.3433e+02
2.5433e+06 2.6243e+01 -3.5016e+03 -2.6818e+01 -1.3968e+00 -3.8789e+02
2.5490e+06 2.6241e+01 -3.5029e+03 -1.9103e+01 1.5876e+00 -3.3993e+02
2.5180e+06 2.6239e+01 -3.5040e+03 -1.1148e+01 1.0035e+01 -2.9399e+02
2.4069e+06 2.6238e+01 -3.5049e+03 -2.9572e+00 7.9905e+00 -2.3688e+02
2.2947e+06 2.6242e+01 -3.5056e+03 5.4643e+00 -5.9209e+00 -1.9585e+02
-1.8597e+06 3.6444e+01 -3.3887e+03 -1.4030e+02 -9.9501e+00 -1.7840e+03
-2.0764e+06 3.5005e+01 -3.3949e+03 -1.4057e+02 -4.9212e+01 -1.7438e+03
-2.3995e+06 3.0872e+01 -3.4009e+03 -1.4053e+02 -1.4007e+02 -1.6876e+03
-1.6106e+06 2.7398e+01 -3.4068e+03 -1.4020e+02 -1.3283e+02 -1.6391e+03
2.2948e+05 2.6379e+01 -3.4126e+03 -1.3956e+02 -2.1205e+01 -1.5913e+03
1.8772e+06 2.6251e+01 -3.4182e+03 -1.3862e+02 5.5338e+01 -1.5431e+03
2.8960e+06 2.6217e+01 -3.4236e+03 -1.3738e+02 7.3202e+01 -1.4952e+03
3.3918e+06 2.6207e+01 -3.4289e+03 -1.3584e+02 6.3753e+01 -1.4473e+03
3.4137e+06 2.6221e+01 -3.4340e+03 -1.3400e+02 2.8677e+01 -1.3987e+03
3.2126e+06 2.6240e+01 -3.4389e+03 -1.3186e+02 -4.2064e+00 -1.3498e+03
3.0549e+06 2.6246e+01 -3.4437e+03 -1.2942e+02 -8.4032e+00 -1.3012e+03
2.9632e+06 2.6243e+01 -3.4483e+03 -1.2668e+02 8.0972e-01 -1.2528e+03
2.8567e+06 2.6240e+01 -3.4528e+03 -1.2364e+02 2.0329e+00 -1.2040e+03
2.7505e+06 2.6237e+01 -3.4570e+03 -1.2031e+02 -1.6010e+00 -1.1550e+03
2.6938e+06 2.6231e+01 -3.4611e+03 -1.1668e+02 1.4097e+00 -1.1065e+03
2.6537e+06 2.6228e+01 -3.4651e+03 -1.1276e+02 6.7126e+00 -1.0580e+03
2.5680e+06 2.5884e+01 -3.4688e+03 -1.0854e+02 6.3693e+00 -1.0092e+03
2.4441e+06 2.4979e+01 -3.4724e+03 -1.0404e+02 1.5620e+00 -9.6052e+02
2.3452e+06 2.4145e+01 -3.4758e+03 -9.9259e+01 -4.6528e-01 -9.1208e+02
2.3383e+06 2.4382e+01 -3.4791e+03 -9.4191e+01 4.9989e+00 -8.6374e+02
2.3979e+06 2.5512e+01 -3.4821e+03 -8.8842e+01 7.8647e+00 -8.1537e+02
2.4741e+06 2.6186e+01 -3.4850e+03 -8.3216e+01 2.5737e+00 -7.6707e+02
2.5668e+06 2.6240e+01 -3.4877e+03 -7.7317e+01 4.1817e+00 -7.1892e+02
2.6465e+06 2.6241e+01 -3.4902e+03 -7.1148e+01 9.0737e+00 -6.7082e+02
2.6548e+06 2.6243e+01 -3.4926e+03 -6.4712e+01 5.3017e+00 -6.2287e+02
2.6346e+06 2.6244e+01 -3.4947e+03 -5.8013e+01 3.1276e+00 -5.7500e+02
2.5901e+06 2.6244e+01 -3.4967e+03 -5.1056e+01 7.4223e-02 -5.2734e+02
2.5516e+06 2.6244e+01 -3.4985e+03 -4.3844e+01 -5.0717e+00 -4.7997e+02
2.5572e+06 2.6242e+01 -3.5002e+03 -3.6381e+01 -2.0098e-01 -4.3297e+02
2.5670e+06 2.6240e+01 -3.5016e+03 -2.8673e+01 6.1104e+00 -3.8533e+02
2.5135e+06 2.6238e+01 -3.5029e+03 -2.0724e+01 1.0468e+01 -3.3887e+02
2.4095e+06 2.6238e+01 -3.5040e+03 -1.2538e+01 7.3726e+00 -2.8385e+02
2.3178e+06 2.6241e+01 -3.5049e+03 -4.1206e+00 -1.0996e+00 -2.4395e+02
-1.7154e+06 3.6348e+01 -3.3825e+03 -1.4963e+02 -4.1858e+01 -1.8273e+03
-1.6173e+06 3.5939e+01 -3.3888e+03 -1.4991e+02 -5.6470e+01 -1.7877e+03
-1.9275e+06 3.3774e+01 -3.3950e+03 -1.4989e+02 -1.2945e+02 -1.7334e+03
-2.0040e+06 3.0034e+01 -3.4011e+03 -1.4957e+02 -1.8683e+02 -1.6854e+03
-1.2056e+06 2.7245e+01 -3.4070e+03 -1.4896e+02 -1.5532e+02 -1.6365e+03
1.7939e+05 2.6383e+01 -3.4127e+03 -1.4804e+02 -7.9540e+01 -1.5874e+03
1.6716e+06 2.6276e+01 -3.4183e+03 -1.4682e+02 2.0354e+00 -1.5386e+03
2.8900e+06 2.6229e+01 -3.4237e+03 -1.4529e+02 6.1391e+01 -1.4909e+03
3.4503e+06 2.6213e+01 -3.4290e+03 -1.4347e+02 5.8363e+01 -1.4432e+03
3.4364e+06 2.6226e+01 -3.4341e+03 -1.4135e+02 2.0146e+01 -1.3944e+03
3.2323e+06 2.6242e+01 -3.4390e+03 -1.3892e+02 -3.7457e+00 -1.3458e+03
3.0793e+06 2.6247e+01 -3.4438e+03 -1.3620e+02 -4.5651e+00 -1.2975e+03
2.9603e+06 2.6244e+01 -3.4484e+03 -1.3318e+02 -7.4264e-01 -1.2490e+03
2.8433e+06 2.6242e+01 -3.4528e+03 -1.2986e+02 -1.6884e+00 -1.2003e+03
2.7571e+06 2.6239e+01 -3.4571e+03 -1.2625e+02 -4.3468e-01 -1.1517e+03
2.7026e+06 2.6238e+01 -3.4612e+03 -1.2235e+02 8.3996e-01 -1.1032e+03
2.6481e+06 2.6238e+01 -3.4651e+03 -1.1815e+02 -3.3905e-01 -1.0548e+03
2.6124e+06 2.6256e+01 -3.4689e+03 -1.1367e+02 4.2692e+00 -1.0063e+03
2.5898e+06 2.6260e+01 -3.4725e+03 -1.0890e+02 1.1407e+01 -9.5773e+02
2.5681e+06 2.6228e+01 -3.4759e+03 -1.0384e+02 1.1830e+01 -9.0920e+02
2.5547e+06 2.6221e+01 -3.4791e+03 -9.8509e+01 7.1642e+00 -8.6089e+02
2.5652e+06 2.6238e+01 -3.4822e+03 -9.2898e+01 2.9519e+00 -8.1276e+02
2.6055e+06 2.6243e+01 -3.4850e+03 -8.7012e+01 3.3960e+00 -7.6466e+02
2.6521e+06 2.6244e+01 -3.4877e+03 -8.0856e+01 4.1655e+00 -7.1669e+02
2.6727e+06 2.6244e+01 -3.4902e+03 -7.4432e+01 3.5396e+00 -6.6883e+02
2.6654e+06 2.6243e+01 -3.4926e+03 -6.7745e+01 3.1206e+00 -6.2085e+02
2.6211e+06 2.6244e+01 -3.4948e+03 -6.0798e+01 -2.6799e+00 -5.7325e+02
2.5837e+06 2.6244e+01 -3.4967e+03 -5.3596e+01 -5.5074e+00 -5.2603e+02
2.5699e+06 2.6242e+01 -3.4985e+03 -4.6143e+01 -1.7682e+00 -4.7920e+02
2.5565e+06 2.6241e+01 -3.5002e+03 -3.8443e+01 -7.2427e-01 -4.3160e+02
2.5093e+06 2.6240e+01 -3.5016e+03 -3.0501e+01 5.6653e+00 -3.8525e+02
2.4030e+06 2.6239e+01 -3.5029e+03 -2.2321e+01 4.8755e+00 -3.2978e+02
2.3232e+06 2.6241e+01 -3.5040e+03 -1.3908e+01 -2.5830e+00 -2.8958e+02
-1.1815e+06 3.5601e+01 -3.3761e+03 -1.5912e+02 -6.6858e+00 -1.8698e+03
-4.7952e+05 3.4411e+01 -3.3826e+03 -1.5942e+02 2.2236e+01 -1.8300e+03
-5.3260e+04 3.4061e+01 -3.3890e+03 -1.5942e+02 2.8078e+01 -1.7759e+03
-1.9349e+05 3.3071e+01 -3.3952e+03 -1.5912e+02 -2.7864e+01 -1.7292e+03
-6.9870e+05 2.9904e+01 -3.4012e+03 -1.5852e+02 -1.2508e+02 -1.6818e+03
-8.1170e+05 2.7182e+01 -3.4071e+03 -1.5762e+02 -1.8770e+02 -1.6333e+03
1.0770e+05 2.6389e+01 -3.4128e+03 -1.5642e+02 -1.3875e+02 -1.5836e+03
1.7373e+06 2.6293e+01 -3.4184e+03 -1.5491e+02 -1.8343e+01 -1.5353e+03
3.0903e+06 2.6233e+01 -3.4238e+03 -1.5311e+02 5.8626e+01 -1.4879e+03
3.6063e+06 2.6214e+01 -3.4291e+03 -1.5100e+02 5.3247e+01 -1.4389e+03
3.4802e+06 2.6231e+01 -3.4342e+03 -1.4860e+02 1.2046e+01 -1.3899e+03
3.2263e+06 2.6248e+01 -3.4391e+03 -1.4589e+02 -6.6166e+00 -1.3420e+03
3.0670e+06 2.6250e+01 -3.4439e+03 -1.4289e+02 -8.6064e-01 -1.2939e+03
2.9249e+06 2.6248e+01 -3.4485e+03 -1.3959e+02 -8.4017e-01 -1.2452e+03
2.7971e+06 2.6247e+01 -3.4529e+03 -1.3600e+02 -6.2045e+00 -1.1966e+03
2.7329e+06 2.6246e+01 -3.4572e+03 -1.3211e+02 -5.0514e+00 -1.1482e+03
2.7156e+06 2.6244e+01 -3.4613e+03 -1.2794e+02 4.7021e-01 -1.0998e+03
2.6971e+06 2.6243e+01 -3.4652e+03 -1.2347e+02 3.8350e+00 -1.0514e+03
2.6630e+06 2.6244e+01 -3.4689e+03 -1.1872e+02 1.6388e+00 -1.0030e+03
2.6357e+06 2.6244e+01 -3.4725e+03 -1.1368e+02 3.7266e-01 -9.5462e+02
2.6298e+06 2.6244e+01 -3.4759e+03 -1.0836e+02 3.7991e+00 -9.0634e+02
2.6299e+06 2.6244e+01 -3.4791e+03 -1.0276e+02 5.1903e+00 -8.5826e+02
2.6355e+06 2.6245e+01 -3.4822e+03 -9.6894e+01 4.1697e+00 -8.1020e+02
2.6522e+06 2.6245e+01 -3.4851e+03 -9.0751e+01 3.0290e+00 -7.6224e+02
2.6753e+06 2.6244e+01 -3.4878e+03 -8.4341e+01 3.7012e+00 -7.1443e+02
2.6834e+06 2.6243e+01 -3.4903e+03 -7.7666e+01 4.0689e+00 -6.6668e+02
2.6642e+06 2.6242e+01 -3.4926e+03 -7.0731e+01 2.8462e+00 -6.1906e+02
2.6500e+06 2.6241e+01 -3.4948e+03 -6.3540e+01 7.4148e+00 -5.7166e+02
2.6145e+06 2.6240e+01 -3.4968e+03 -5.6097e+01 6.5456e+00 -5.2489e+02
2.5589e+06 2.6241e+01 -3.4986e+03 -4.8406e+01 -5.6364e-01 -4.7735e+02
2.5184e+06 2.6239e+01 -3.5002e+03 -4.0472e+01 8.9968e+00 -4.3113e+02
2.4206e+06 2.6238e+01 -3.5016e+03 -3.2300e+01 9.1560e+00 -3.7611e+02
2.3097e+06 2.6242e+01 -3.5029e+03 -2.3894e+01 -6.1235e+00 -3.3590e+02
-8.2096e+05 3.4227e+01 -3.3696e+03 -1.6877e+02 4.8623e+01 -1.9130e+03
2.9975e+05 3.0400e+01 -3.3763e+03 -1.6909e+02 1.0353e+02 -1.8729e+03
1.6619e+06 3.0051e+01 -3.3828e+03 -1.6911e+02 1.9233e+02 -1.8178e+03
2.3978e+06 3.2950e+01 -3.3891e+03 -1.6883e+02 2.1531e+02 -1.7708e+03
1.8126e+06 3.3029e+01 -3.3953e+03 -1.6825e+02 1.0528e+02 -1.7238e+03
4.0158e+05 2.9770e+01 -3.4013e+03 -1.6737e+02 -8.5102e+01 -1.6769e+03
-3.6281e+05 2.7124e+01 -3.4072e+03 -1.6618e+02 -2.0932e+02 -1.6284e+03
4.8681e+05 2.6375e+01 -3.4130e+03 -1.6470e+02 -1.6471e+02 -1.5802e+03
2.3087e+06 2.6277e+01 -3.4185e+03 -1.6291e+02 -1.9837e+01 -1.5326e+03
3.5846e+06 2.6214e+01 -3.4239e+03 -1.6083e+02 6.3650e+01 -1.4833e+03
3.7537e+06 2.6217e+01 -3.4292e+03 -1.5844e+02 3.7889e+01 -1.4341e+03
3.4222e+06 2.6245e+01 -3.4343e+03 -1.5576e+02 -4.0066e+00 -1.3863e+03
3.1745e+06 2.6255e+01 -3.4392e+03 -1.5278e+02 -8.4456e+00 -1.3383e+03
3.0104e+06 2.6252e+01 -3.4440e+03 -1.4950e+02 -6.6404e+00 -1.2897e+03
2.8655e+06 2.6252e+01 -3.4486e+03 -1.4592e+02 -1.1148e+01 -1.2412e+03
2.7839e+06 2.6251e+01 -3.4530e+03 -1.4206e+02 -9.4053e+00 -1.1929e+03
2.7665e+06 2.6250e+01 -3.4573e+03 -1.3790e+02 -3.5525e+00 -1.1446e+03
2.7550e+06 2.6264e+01 -3.4614e+03 -1.3345e+02 -5.0434e+00 -1.0964e+03
2.7250e+06 2.6276e+01 -3.4653e+03 -1.2871e+02 -1.0258e+01 -1.0482e+03
2.7011e+06 2.6260e+01 -3.4690e+03 -1.2369e+02 -6.8321e+00 -9.9960e+02
2.6754e+06 2.6247e+01 -3.4726e+03 -1.1839e+02 -1.3347e+00 -9.5145e+02
2.6401e+06 2.6248e+01 -3.4760e+03 -1.1281e+02 -2.2599e+00 -9.0348e+02
2.6329e+06 2.6248e+01 -3.4792e+03 -1.0696e+02 -2.1047e+00 -8.5544e+02
2.6496e+06 2.6246e+01 -3.4822e+03 -1.0083e+02 4.7013e-01 -8.0752e+02
2.6646e+06 2.6245e+01 -3.4851e+03 -9.4432e+01 1.3709e+00 -7.5969e+02
2.6762e+06 2.6243e+01 -3.4878e+03 -8.7771e+01 2.5992e+00 -7.1211e+02
2.6819e+06 2.6242e+01 -3.4903e+03 -8.0849e+01 5.8854e+00 -6.6456e+02
2.6686e+06 2.6240e+01 -3.4926e+03 -7.3670e+01 1.0082e+01 -6.1724e+02
2.6111e+06 2.6241e+01 -3.4948e+03 -6.6239e+01 5.7314e+00 -5.7063e+02
2.5467e+06 2.6242e+01 -3.4968e+03 -5.8558e+01 -1.3634e+00 -5.2289e+02
2.5182e+06 2.6239e+01 -3.4986e+03 -5.0634e+01 1.0244e+01 -4.7653e+02
2.4388e+06 2.6237e+01 -3.5002e+03 -4.2470e+01 1.3848e+01 -4.2161e+02
2.3233e+06 2.6241e+01 -3.5016e+03 -3.4071e+01 -3.3695e+00 -3.8136e+02
-1.2802e+06 3.4455e+01 -3.3630e+03 -1.7858e+02 3.2663e+01 -1.9562e+03
-3.1423e+05 3.0090e+01 -3.3698e+03 -1.7892e+02 5.3317e+01 -1.9160e+03
1.2492e+06 2.7605e+01 -3.3764e+03 -1.7896e+02 1.3650e+02 -1.8609e+03
2.9104e+06 2.9626e+01 -3.3829e+03 -1.7870e+02 2.3079e+02 -1.8139e+03
3.6804e+06 3.2870e+01 -3.3892e+03 -1.7813e+02 2.5401e+02 -1.7659e+03
2.8865e+06 3.2874e+01 -3.3954e+03 -1.7727e+02 1.3544e+02 -1.7183e+03
1.1877e+06 2.9983e+01 -3.4015e+03 -1.7611e+02 -9.0608e+01 -1.6705e+03
5.4340e+05 2.8125e+01 -3.4074e+03 -1.7465e+02 -2.1438e+02 -1.6231e+03
1.8395e+06 2.8029e+01 -3.4131e+03 -1.7288e+02 -1.0503e+02 -1.5760e+03
3.4920e+06 2.7708e+01 -3.4187e+03 -1.7082e+02 4.8166e+01 -1.5275e+03
3.9597e+06 2.6938e+01 -3.4241e+03 -1.6845e+02 5.4900e+01 -1.4786e+03
3.6321e+06 2.6626e+01 -3.4293e+03 -1.6579e+02 -1.4452e+00 -1.4304e+03
3.3203e+06 2.6454e+01 -3.4344e+03 -1.6283e+02 -1.8092e+01 -1.3822e+03
3.1466e+06 2.6242e+01 -3.4393e+03 -1.5957e+02 -1.3374e+01 -1.3341e+03
3.0050e+06 2.6202e+01 -3.4441e+03 -1.5601e+02 -1.1598e+01 -1.2856e+03
2.8874e+06 2.6223e+01 -3.4487e+03 -1.5216e+02 -1.2844e+01 -1.2372e+03
2.8244e+06 2.6240e+01 -3.4531e+03 -1.4802e+02 -1.6055e+01 -1.1888e+03
2.8544e+06 2.7018e+01 -3.4573e+03 -1.4359e+02 -1.3373e+01 -1.1407e+03
2.9223e+06 2.8342e+01 -3.4614e+03 -1.3888e+02 1.6304e+00 -1.0926e+03
2.8882e+06 2.8092e+01 -3.4653e+03 -1.3388e+02 7.5135e+00 -1.0442e+03
2.7515e+06 2.6776e+01 -3.4691e+03 -1.2859e+02 -3.2926e+00 -9.9637e+02
2.6584e+06 2.6250e+01 -3.4726e+03 -1.2303e+02 -9.5711e+00 -9.4848e+02
2.6353e+06 2.6249e+01 -3.4760e+03 -1.1719e+02 -6.3073e+00 -9.0037e+02
2.6452e+06 2.6247e+01 -3.4792e+03 -1.1108e+02 -2.5927e+00 -8.5255e+02
2.6496e+06 2.6246e+01 -3.4823e+03 -1.0470e+02 -2.1873e+00 -8.0479e+02
2.6589e+06 2.6244e+01 -3.4851e+03 -9.8054e+01 -2.0887e-01 -7.5722e+02
2.6538e+06 2.6243e+01 -3.4878e+03 -9.1146e+01 2.8582e+00 -7.0963e+02
2.6266e+06 2.6242e+01 -3.4903e+03 -8.3981e+01 2.5537e+00 -6.6237e+02
2.5668e+06 2.6243e+01 -3.4927e+03 -7.6561e+01 -2.1581e+00 -6.1589e+02
2.5039e+06 2.6244e+01 -3.4948e+03 -6.8893e+01 -8.0095e+00 -5.6829e+02
2.4698e+06 2.6242e+01 -3.4968e+03 -6.0979e+01 1.6468e+00 -5.2193e+02
2.4284e+06 2.6238e+01 -3.4986e+03 -5.2824e+01 1.2019e+01 -4.6688e+02
2.3369e+06 2.6240e+01 -3.5002e+03 -4.4434e+01 2.1608e+00 -4.2679e+02
-2.2479e+06 3.5877e+01 -3.3563e+03 -1.8854e+02 -2.2469e+01 -1.9975e+03
-1.7589e+06 3.3616e+01 -3.3632e+03 -1.8889e+02 -4.6393e+01 -1.9577e+03
-7.4392e+05 2.9789e+01 -3.3700e+03 -1.8895e+02 -3.1966e+01 -1.9035e+03
9.9195e+05 2.7659e+01 -3.3766e+03 -1.8871e+02 4.7680e+01 -1.8573e+03
2.9951e+06 2.9506e+01 -3.3831e+03 -1.8817e+02 1.7670e+02 -1.8098e+03
4.0531e+06 3.2768e+01 -3.3894e+03 -1.8733e+02 2.3625e+02 -1.7614e+03
3.4831e+06 3.3396e+01 -3.3956e+03 -1.8619e+02 1.2101e+02 -1.7132e+03
2.4216e+06 3.2295e+01 -3.4016e+03 -1.8475e+02 -5.0637e+01 -1.6650e+03
2.6440e+06 3.2238e+01 -3.4075e+03 -1.8300e+02 -5.4736e+01 -1.6176e+03
3.6902e+06 3.1717e+01 -3.4132e+03 -1.8096e+02 4.1487e+01 -1.5706e+03
4.0912e+06 3.0220e+01 -3.4188e+03 -1.7862e+02 4.7026e+01 -1.5223e+03
3.8587e+06 2.9610e+01 -3.4242e+03 -1.7597e+02 2.8674e+00 -1.4734e+03
3.5867e+06 2.9337e+01 -3.4294e+03 -1.7303e+02 -1.0338e+01 -1.4251e+03
3.4147e+06 2.9109e+01 -3.4345e+03 -1.6979e+02 -5.6448e+00 -1.3772e+03
3.2727e+06 2.8978e+01 -3.4394e+03 -1.6626e+02 -2.0557e+00 -1.3293e+03
3.0953e+06 2.8034e+01 -3.4442e+03 -1.6243e+02 -1.0362e+01 -1.2811e+03
2.9724e+06 2.7422e+01 -3.4488e+03 -1.5831e+02 -2.2673e+01 -1.2329e+03
3.0481e+06 2.9730e+01 -3.4532e+03 -1.5391e+02 -7.0930e+00 -1.1847e+03
3.2180e+06 3.3043e+01 -3.4574e+03 -1.4921e+02 3.0633e+01 -1.1366e+03
3.1406e+06 3.2042e+01 -3.4615e+03 -1.4423e+02 3.1821e+01 -1.0886e+03
2.8721e+06 2.8083e+01 -3.4654e+03 -1.3896e+02 2.0970e+00 -1.0408e+03
2.7142e+06 2.6261e+01 -3.4691e+03 -1.3342e+02 -6.2137e+00 -9.9294e+02
2.6863e+06 2.6248e+01 -3.4727e+03 -1.2760e+02 -1.2994e-01 -9.4493e+02
2.6801e+06 2.6246e+01 -3.4761e+03 -1.2150e+02 1.8040e+00 -8.9721e+02
2.6698e+06 2.6245e+01 -3.4793e+03 -1.1514e+02 1.4139e+00 -8.4954e+02
2.6546e+06 2.6244e+01 -3.4823e+03 -1.0851e+02 1.9487e+00 -8.0196e+02
2.6331e+06 2.6243e+01 -3.4852e+03 -1.0162e+02 2.1693e+00 -7.5448e+02
2.5931e+06 2.6244e+01 -3.4879e+03 -9.4465e+01 7.2718e-01 -7.0730e+02
2.5412e+06 2.6244e+01 -3.4904e+03 -8.7060e+01 -1.7927e+00 -6.6078e+02
2.4870e+06 2.6245e+01 -3.4927e+03 -7.9404e+01 -6.7582e+00 -6.1330e+02
2.4538e+06 2.6242e+01 -3.4948e+03 -7.1502e+01 9.7856e-01 -5.6697e+02
2.4111e+06 2.6238e+01 -3.4968e+03 -6.3358e+01 1.1525e+01 -5.1196e+02
2.3298e+06 2.6240e+01 -3.4986e+03 -5.4978e+01 2.8942e+00 -4.7216e+02
-3.0333e+06 3.6404e+01 -3.3494e+03 -1.9864e+02 -3.8793e+01 -2.0390e+03
-2.8702e+06 3.6045e+01 -3.3564e+03 -1.9902e+02 -6.4988e+01 -1.9992e+03
-2.4596e+06 3.3128e+01 -3.3634e+03 -1.9910e+02 -9.2355e+01 -1.9454e+03
-1.3983e+06 2.8547e+01 -3.3701e+03 -1.9888e+02 -8.9269e+01 -1.8989e+03
6.2866e+05 2.6996e+01 -3.3768e+03 -1.9836e+02 1.8249e+01 -1.8523e+03
2.8271e+06 2.9520e+01 -3.3832e+03 -1.9754e+02 1.6309e+02 -1.8047e+03
4.0553e+06 3.3027e+01 -3.3896e+03 -1.9642e+02 2.0904e+02 -1.7571e+03
4.1478e+06 3.4929e+01 -3.3957e+03 -1.9500e+02 1.4112e+02 -1.7086e+03
4.0293e+06 3.5480e+01 -3.4018e+03 -1.9328e+02 7.3332e+01 -1.6598e+03
4.1865e+06 3.5250e+01 -3.4076e+03 -1.9125e+02 4.9958e+01 -1.6130e+03
4.2259e+06 3.4569e+01 -3.4134e+03 -1.8893e+02 2.2568e+01 -1.5655e+03
4.0616e+06 3.4350e+01 -3.4189e+03 -1.8631e+02 2.9612e+00 -1.5166e+03
3.8802e+06 3.4344e+01 -3.4243e+03 -1.8339e+02 6.2227e+00 -1.4682e+03
3.7328e+06 3.4520e+01 -3.4296e+03 -1.8018e+02 1.4352e+01 -1.4203e+03
3.6011e+06 3.4455e+01 -3.4346e+03 -1.7667e+02 2.1929e+01 -1.3726e+03
3.4019e+06 3.2333e+01 -3.4395e+03 -1.7286e+02 1.3169e+01 -1.3247e+03
3.2331e+06 3.0748e+01 -3.4443e+03 -1.6876e+02 -2.4801e+00 -1.2768e+03
3.2815e+06 3.3318e+01 -3.4489e+03 -1.6437e+02 1.3656e+01 -1.2288e+03
3.3714e+06 3.5790e+01 -3.4533e+03 -1.5970e+02 4.0651e+01 -1.1808e+03
3.2150e+06 3.3256e+01 -3.4575e+03 -1.5474e+02 2.7654e+01 -1.1330e+03
2.9143e+06 2.8435e+01 -3.4616e+03 -1.4949e+02 -2.7184e+00 -1.0849e+03
2.7560e+06 2.6269e+01 -3.4655e+03 -1.4397e+02 -4.7880e+00 -1.0368e+03
2.7219e+06 2.6247e+01 -3.4692e+03 -1.3816e+02 3.8594e+00 -9.8912e+02
2.7043e+06 2.6244e+01 -3.4728e+03 -1.3209e+02 5.5063e+00 -9.4154e+02
2.6860e+06 2.6244e+01 -3.4761e+03 -1.2574e+02 4.5706e+00 -8.9401e+02
2.6549e+06 2.6244e+01 -3.4794e+03 -1.1913e+02 2.2901e+00 -8.4645e+02
2.6136e+06 2.6244e+01 -3.4824e+03 -1.1225e+02 7.1788e-01 -7.9906e+02
2.5650e+06 2.6244e+01 -3.4852e+03 -1.0512e+02 -1.3123e+00 -7.5187e+02
2.5246e+06 2.6244e+01 -3.4879e+03 -9.7728e+01 -3.9338e+00 -7.0538e+02
2.4925e+06 2.6244e+01 -3.4904e+03 -9.0086e+01 -4.2168e+00 -6.5809e+02
2.4638e+06 2.6241e+01 -3.4927e+03 -8.2197e+01 4.9469e+00 -6.1165e+02
2.4027e+06 2.6239e+01 -3.4949e+03 -7.4066e+01 9.7903e+00 -5.5654e+02
2.3148e+06 2.6241e+01 -3.4968e+03 -6.5697e+01 -2.8118e-02 -5.1687e+02
-3.4453e+06 3.6337e+01 -3.3424e+03 -2.0888e+02 -2.1823e+01 -2.0810e+03
-3.4178e+06 3.6510e+01 -3.3496e+03 -2.0927e+02 -3.1371e+01 -2.0408e+03
-3.3716e+06 3.4334e+01 -3.3566e+03 -2.0938e+02 -6.2619e+01 -1.9877e+03
-3.0650e+06 2.9324e+01 -3.3636e+03 -2.0918e+02 -1.1958e+02 -1.9404e+03
-1.7856e+06 2.6468e+01 -3.3703e+03 -2.0868e+02 -9.1159e+01 -1.8931e+03
3.0034e+05 2.6957e+01 -3.3769e+03 -2.0788e+02 2.3756e+01 -1.8468e+03
2.3666e+06 2.9595e+01 -3.3834e+03 -2.0679e+02 1.3230e+02 -1.7991e+03
3.7503e+06 3.3384e+01 -3.3897e+03 -2.0539e+02 1.7662e+02 -1.7511e+03
4.3443e+06 3.5734e+01 -3.3959e+03 -2.0369e+02 1.4579e+02 -1.7025e+03
4.4883e+06 3.6262e+01 -3.4019e+03 -2.0169e+02 8.3176e+01 -1.6556e+03
4.4226e+06 3.6307e+01 -3.4078e+03 -1.9939e+02 2.8573e+01 -1.6086e+03
4.2349e+06 3.6385e+01 -3.4135e+03 -1.9680e+02 3.3727e-01 -1.5603e+03
4.0327e+06 3.6480e+01 -3.4191e+03 -1.9390e+02 -8.9455e-01 -1.5119e+03
3.8539e+06 3.6754e+01 -3.4245e+03 -1.9071e+02 8.7598e+00 -1.4639e+03
3.7059e+06 3.6337e+01 -3.4297e+03 -1.8722e+02 2.0606e+01 -1.4164e+03
3.5278e+06 3.3711e+01 -3.4348e+03 -1.8343e+02 1.8480e+01 -1.3687e+03
3.3789e+06 3.1799e+01 -3.4397e+03 -1.7936e+02 8.5245e+00 -1.3204e+03
3.3657e+06 3.3317e+01 -3.4444e+03 -1.7499e+02 1.7878e+01 -1.2722e+03
3.3286e+06 3.3661e+01 -3.4490e+03 -1.7034e+02 2.3783e+01 -1.2242e+03
3.1107e+06 3.0369e+01 -3.4534e+03 -1.6540e+02 3.0222e+00 -1.1766e+03
2.8783e+06 2.7212e+01 -3.4576e+03 -1.6018e+02 -1.2232e+01 -1.1287e+03
2.7578e+06 2.6252e+01 -3.4617e+03 -1.5467e+02 -6.0023e+00 -1.0807e+03
2.7104e+06 2.6248e+01 -3.4656e+03 -1.4889e+02 -6.2782e-01 -1.0332e+03
2.6829e+06 2.6245e+01 -3.4693e+03 -1.4283e+02 6.5520e-01 -9.8547e+02
2.6702e+06 2.6244e+01 -3.4728e+03 -1.3651e+02 2.3930e+00 -9.3795e+02
2.6439e+06 2.6244e+01 -3.4762e+03 -1.2991e+02 1.3550e+00 -8.9061e+02
2.6093e+06 2.6244e+01 -3.4794e+03 -1.2305e+02 -5.9546e-01 -8.4332e+02
2.5558e+06 2.6245e+01 -3.4824e+03 -1.1593e+02 -4.8385e+00 -7.9623e+02
2.5142e+06 2.6245e+01 -3.4853e+03 -1.0856e+02 -8.0460e+00 -7.4971e+02
2.5092e+06 2.6243e+01 -3.4879e+03 -1.0093e+02 -1.7369e+00 -7.0235e+02
2.4868e+06 2.6240e+01 -3.4904e+03 -9.3059e+01 8.0849e+00 -6.5612e+02
2.4029e+06 2.6239e+01 -3.4928e+03 -8.4941e+01 7.4376e+00 -6.0102e+02
2.3289e+06 2.6241e+01 -3.4949e+03 -7.6585e+01 1.7844e+00 -5.6137e+02
-3.6887e+06 3.6332e+01 -3.3353e+03 -2.1925e+02 -1.1034e+01 -2.1224e+03
-3.6970e+06 3.6435e+01 -3.3426e+03 -2.1967e+02 -1.1607e+01 -2.0816e+03
-3.7651e+06 3.4456e+01 -3.3498e+03 -2.1979e+02 -2.6090e+01 -2.0295e+03
-3.8562e+06 2.9796e+01 -3.3568e+03 -2.1961e+02 -8.8013e+01 -1.9824e+03
-3.3790e+06 2.6762e+01 -3.3638e+03 -2.1914e+02 -1.1977e+02 -1.9338e+03
-2.0693e+06 2.6317e+01 -3.3705e+03 -2.1837e+02 -7.8690e+01 -1.8886e+03
-2.7397e+05 2.7085e+01 -3.3771e+03 -2.1729e+02 -7.0538e-01 -1.8410e+03
1.5126e+06 2.9851e+01 -3.3836e+03 -2.1592e+02 7.6416e+01 -1.7927e+03
2.9023e+06 3.3570e+01 -3.3899e+03 -2.1424e+02 1.1686e+02 -1.7447e+03
3.8670e+06 3.5810e+01 -3.3961e+03 -2.1227e+02 1.2115e+02 -1.6974e+03
4.3893e+06 3.6326e+01 -3.4021e+03 -2.0999e+02 9.6077e+01 -1.6503e+03
4.4347e+06 3.6295e+01 -3.4080e+03 -2.0742e+02 4.7014e+01 -1.6029e+03
4.1855e+06 3.6338e+01 -3.4137e+03 -2.0455e+02 7.3050e+00 -1.5552e+03
3.8643e+06 3.6053e+01 -3.4192e+03 -2.0138e+02 -1.1114e+01 -1.5073e+03
3.5728e+06 3.3873e+01 -3.4246e+03 -1.9791e+02 -1.6725e+01 -1.4596e+03
3.3777e+06 3.0294e+01 -3.4298e+03 -1.9415e+02 -1.6123e+01 -1.4115e+03
3.2949e+06 2.8591e+01 -3.4349e+03 -1.9010e+02 -1.0068e+01 -1.3632e+03
3.2836e+06 2.9344e+01 -3.4398e+03 -1.8576e+02 9.3575e-01 -1.3152e+03
3.1997e+06 2.9322e+01 -3.4445e+03 -1.8113e+02 1.4429e-01 -1.2675e+03
3.0190e+06 2.7495e+01 -3.4491e+03 -1.7621e+02 -1.2154e+01 -1.2199e+03
2.8589e+06 2.6316e+01 -3.4535e+03 -1.7101e+02 -1.2681e+01 -1.1720e+03
2.7658e+06 2.6245e+01 -3.4577e+03 -1.6553e+02 -6.9114e+00 -1.1242e+03
2.6875e+06 2.6249e+01 -3.4618e+03 -1.5977e+02 -7.0794e+00 -1.0768e+03
2.6430e+06 2.6247e+01 -3.4657e+03 -1.5373e+02 -6.7621e+00 -1.0292e+03
2.6236e+06 2.6246e+01 -3.4694e+03 -1.4742e+02 -4.1217e+00 -9.8176e+02
2.6288e+06 2.6245e+01 -3.4729e+03 -1.4085e+02 9.7244e-02 -9.3439e+02
2.6156e+06 2.6243e+01 -3.4763e+03 -1.3401e+02 2.8428e+00 -8.8700e+02
2.5881e+06 2.6243e+01 -3.4795e+03 -1.2691e+02 1.1848e+00 -8.4018e+02
2.5520e+06 2.6242e+01 -3.4825e+03 -1.1955e+02 2.1813e-01 -7.9381e+02
2.5364e+06 2.6241e+01 -3.4853e+03 -1.1194e+02 4.2518e+00 -7.4638e+02
2.4924e+06 2.6239e+01 -3.4880e+03 -1.0408e+02 9.4730e+00 -7.0045e+02
2.4148e+06 2.6239e+01 -3.4905e+03 -9.5978e+01 7.0127e+00 -6.4524e+02
2.3485e+06 2.6240e+01 -3.4928e+03 -8.7635e+01 3.9647e+00 -6.0558e+02
-3.8614e+06 3.6328e+01 -3.3281e+03 -2.2974e+02 -9.0350e+00 -2.1630e+03
-3.8964e+06 3.6372e+01 -3.3355e+03 -2.3018e+02 -1.0616e+01 -2.1224e+03
-3.9330e+06 3.5256e+01 -3.3428e+03 -2.3033e+02 -4.9301e+00 -2.0698e+03
-4.0660e+06 3.1919e+01 -3.3500e+03 -2.3018e+02 -3.3640e+01 -2.0238e+03
-4.0577e+06 2.8377e+01 -3.3571e+03 -2.2973e+02 -8.0587e+01 -1.9751e+03
-3.5395e+06 2.6660e+01 -3.3640e+03 -2.2898e+02 -1.0100e+02 -1.9298e+03
-2.4741e+06 2.6349e+01 -3.3707e+03 -2.2793e+02 -8.5572e+01 -1.8843e+03
-1.1140e+06 2.7258e+01 -3.3773e+03 -2.2658e+02 -5.0448e+01 -1.8358e+03
3.7654e+05 2.9980e+01 -3.3838e+03 -2.2493e+02 -4.6936e-01 -1.7870e+03
1.9751e+06 3.2997e+01 -3.3901e+03 -2.2298e+02 7.6011e+01 -1.7394e+03
3.3610e+06 3.4070e+01 -3.3963e+03 -2.2073e+02 1.2950e+02 -1.6918e+03
4.1470e+06 3.4388e+01 -3.4023e+03 -2.1818e+02 1.1628e+02 -1.6444e+03
4.3220e+06 3.5168e+01 -3.4081e+03 -2.1533e+02 6.8492e+01 -1.5973e+03
4.0120e+06 3.4045e+01 -3.4138e+03 -2.1218e+02 4.9729e+00 -1.5500e+03
3.5426e+06 3.0315e+01 -3.4194e+03 -2.0874e+02 -4.5998e+01 -1.5019e+03
3.2759e+06 2.7199e+01 -3.4247e+03 -2.0501e+02 -5.2079e+01 -1.4535e+03
3.2291e+06 2.6365e+01 -3.4300e+03 -2.0098e+02 -3.0116e+01 -1.4053e+03
3.2365e+06 2.6622e+01 -3.4350e+03 -1.9666e+02 -1.0942e+01 -1.3576e+03
3.1662e+06 2.6725e+01 -3.4399e+03 -1.9206e+02 -8.5243e+00 -1.3102e+03
3.0382e+06 2.6423e+01 -3.4446e+03 -1.8716e+02 -1.1236e+01 -1.2629e+03
2.9095e+06 2.6234e+01 -3.4492e+03 -1.8198e+02 -9.5552e+00 -1.2151e+03
2.7954e+06 2.6251e+01 -3.4536e+03 -1.7652e+02 -1.0266e+01 -1.1675e+03
2.7134e+06 2.6249e+01 -3.4578e+03 -1.7079e+02 -8.8797e+00 -1.1200e+03
2.6583e+06 2.6247e+01 -3.4619e+03 -1.6477e+02 -6.3122e+00 -1.0725e+03
2.6066e+06 2.6247e+01 -3.4657e+03 -1.5849e+02 -8.0937e+00 -1.0253e+03
2.5983e+06 2.6246e+01 -3.4694e+03 -1.5193e+02 -4.8526e+00 -9.7804e+02
2.6087e+06 2.6244e+01 -3.4730e+03 -1.4511e+02 1.3930e+00 -9.3069e+02
2.6119e+06 2.6242e+01 -3.4763e+03 -1.3803e+02 6.4991e+00 -8.8382e+02
2.5822e+06 2.6240e+01 -3.4795e+03 -1.3069e+02 9.1749e+00 -8.3746e+02
2.5262e+06 2.6241e+01 -3.4825e+03 -1.2310e+02 2.7023e+00 -7.9012e+02
2.4668e+06 2.6241e+01 -3.4854e+03 -1.1526e+02 2.4838e+00 -7.4428e+02
2.4157e+06 2.6239e+01 -3.4880e+03 -1.0717e+02 6.4708e+00 -6.8895e+02
2.3737e+06 2.6239e+01 -3.4905e+03 -9.8844e+01 6.4647e+00 -6.4938e+02
-3.9849e+06 3.6323e+01 -3.3207e+03 -2.4036e+02 -7.6957e+00 -2.2030e+03
-4.0212e+06 3.6334e+01 -3.3283e+03 -2.4082e+02 -1.3460e+01 -2.1632e+03
-4.0361e+06 3.6077e+01 -3.3358e+03 -2.4099e+02 -1.5517e+00 -2.1096e+03
-4.0839e+06 3.4618e+01 -3.3431e+03 -2.4086e+02 1.8929e+00 -2.0642e+03
-4.2091e+06 3.1485e+01 -3.3502e+03 -2.4044e+02 -2.6131e+01 -2.0160e+03
-4.1474e+06 2.8691e+01 -3.3573e+03 -2.3971e+02 -6.3812e+01 -1.9683e+03
-3.6584e+06 2.8314e+01 -3.3642e+03 -2.3869e+02 -7.5487e+01 -1.9230e+03
-2.8906e+06 2.8402e+01 -3.3709e+03 -2.3736e+02 -8.3000e+01 -1.8770e+03
-1.9190e+06 2.7917e+01 -3.3775e+03 -2.3574e+02 -8.8174e+01 -1.8290e+03
-4.9564e+05 2.8544e+01 -3.3840e+03 -2.3381e+02 -3.3146e+01 -1.7810e+03
1.1723e+06 2.9141e+01 -3.3903e+03 -2.3159e+02 5.0866e+01 -1.7337e+03
2.7084e+06 2.9920e+01 -3.3965e+03 -2.2906e+02 1.0688e+02 -1.6855e+03
3.8241e+06 3.1375e+01 -3.4025e+03 -2.2624e+02 1.2789e+02 -1.6382e+03
4.1435e+06 3.0312e+01 -3.4083e+03 -2.2312e+02 8.1195e+01 -1.5911e+03
3.8626e+06 2.7542e+01 -3.4140e+03 -2.1971e+02 1.4415e+00 -1.5436e+03
3.5593e+06 2.6326e+01 -3.4195e+03 -2.1600e+02 -3.6623e+01 -1.4960e+03
3.4157e+06 2.6260e+01 -3.4249e+03 -2.1200e+02 -3.4586e+01 -1.4482e+03
3.3438e+06 2.6255e+01 -3.4301e+03 -2.0770e+02 -2.2912e+01 -1.4003e+03
3.2518e+06 2.6255e+01 -3.4352e+03 -2.0312e+02 -1.5720e+01 -1.3526e+03
3.1447e+06 2.6253e+01 -3.4400e+03 -1.9825e+02 -9.9336e+00 -1.3051e+03
3.0224e+06 2.6251e+01 -3.4448e+03 -1.9310e+02 -7.3780e+00 -1.2578e+03
2.8973e+06 2.6250e+01 -3.4493e+03 -1.8766e+02 -1.0442e+01 -1.2104e+03
2.7976e+06 2.6248e+01 -3.4537e+03 -1.8195e+02 -7.3462e+00 -1.1629e+03
2.7230e+06 2.6246e+01 -3.4579e+03 -1.7596e+02 -1.8043e+00 -1.1154e+03
2.6449e+06 2.6246e+01 -3.4619e+03 -1.6969e+02 -3.1844e+00 -1.0682e+03
2.6071e+06 2.6245e+01 -3.4658e+03 -1.6316e+02 -2.9811e+00 -1.0211e+03
2.5943e+06 2.6244e+01 -3.4695e+03 -1.5636e+02 -5.9313e-01 -9.7415e+02
2.5934e+06 2.6242e+01 -3.4730e+03 -1.4930e+02 3.0935e+00 -9.2729e+02
2.5563e+06 2.6242e+01 -3.4764e+03 -1.4198e+02 2.6161e+00 -8.8085e+02
2.4802e+06 2.6244e+01 -3.4796e+03 -1.3441e+02 -8.6538e+00 -8.3362e+02
2.4301e+06 2.6243e+01 -3.4826e+03 -1.2658e+02 -3.6644e+00 -7.8766e+02
2.4162e+06 2.6238e+01 -3.4854e+03 -1.1851e+02 9.8505e+00 -7.3244e+02
2.3888e+06 2.6237e+01 -3.4881e+03 -1.1020e+02 1.2526e+01 -6.9308e+02
-4.0724e+06 3.6320e+01 -3.3133e+03 -2.5109e+02 -6.5803e+00 -2.2427e+03
-4.0992e+06 3.6325e+01 -3.3210e+03 -2.5158e+02 -1.2006e+01 -2.2033e+03
-4.1085e+06 3.6321e+01 -3.3286e+03 -2.5177e+02 -3.5771e+00 -2.1495e+03
-4.1312e+06 3.6036e+01 -3.3360e+03 -2.5167e+02 9.7091e+00 -2.1044e+03
-4.2480e+06 3.4065e+01 -3.3433e+03 -2.5126e+02 1.5288e+00 -2.0574e+03
-4.3559e+06 3.1360e+01 -3.3505e+03 -2.5056e+02 -2.6347e+01 -2.0081e+03
-4.1214e+06 3.1757e+01 -3.3575e+03 -2.4956e+02 -2.7478e+01 -1.9601e+03
-3.6639e+06 3.2580e+01 -3.3644e+03 -2.4826e+02 -2.8270e+01 -1.9162e+03
-3.2254e+06 2.9746e+01 -3.3711e+03 -2.4667e+02 -6.9698e+01 -1.8701e+03
-2.4867e+06 2.6942e+01 -3.3777e+03 -2.4477e+02 -8.9361e+01 -1.8215e+03
-1.2467e+06 2.6363e+01 -3.3842e+03 -2.4257e+02 -5.3144e+01 -1.7751e+03
3.9526e+05 2.6806e+01 -3.3905e+03 -2.4007e+02 1.9597e+01 -1.7274e+03
2.1860e+06 2.7492e+01 -3.3966e+03 -2.3728e+02 1.1158e+02 -1.6794e+03
3.4965e+06 2.7166e+01 -3.4026e+03 -2.3418e+02 1.5350e+02 -1.6320e+03
4.0349e+06 2.6391e+01 -3.4085e+03 -2.3080e+02 1.2130e+02 -1.5845e+03
4.0936e+06 2.6191e+01 -3.4142e+03 -2.2711e+02 7.0022e+01 -1.5375e+03
3.9542e+06 2.6218e+01 -3.4197e+03 -2.2314e+02 2.9800e+01 -1.4907e+03
3.7437e+06 2.6231e+01 -3.4251e+03 -2.1887e+02 1.2238e+00 -1.4434e+03
3.5174e+06 2.6245e+01 -3.4303e+03 -2.1431e+02 -1.4919e+01 -1.3955e+03
3.3317e+06 2.6251e+01 -3.4353e+03 -2.0947e+02 -1.6047e+01 -1.3475e+03
3.1893e+06 2.6251e+01 -3.4402e+03 -2.0434e+02 -1.0116e+01 -1.3000e+03
3.0624e+06 2.6248e+01 -3.4449e+03 -1.9893e+02 -5.8469e+00 -1.2527e+03
2.9434e+06 2.6246e+01 -3.4494e+03 -1.9324e+02 -1.3302e+00 -1.2054e+03
2.8199e+06 2.6245e+01 -3.4538e+03 -1.8727e+02 9.0006e-01 -1.1583e+03
2.6905e+06 2.6246e+01 -3.4580e+03 -1.8103e+02 -2.6031e+00 -1.1111e+03
2.6150e+06 2.6246e+01 -3.4620e+03 -1.7452e+02 -3.3930e+00 -1.0638e+03
2.5971e+06 2.6244e+01 -3.4659e+03 -1.6775e+02 7.5158e-01 -1.0168e+03
2.5892e+06 2.6242e+01 -3.4696e+03 -1.6071e+02 4.3644e+00 -9.7001e+02
2.5318e+06 2.6243e+01 -3.4731e+03 -1.5341e+02 -2.0063e+00 -9.2390e+02
2.4648e+06 2.6244e+01 -3.4765e+03 -1.4586e+02 -1.1102e+01 -8.7699e+02
2.4362e+06 2.6242e+01 -3.4796e+03 -1.3805e+02 1.4216e+00 -8.3087e+02
2.4047e+06 2.6237e+01 -3.4826e+03 -1.3000e+02 1.2617e+01 -7.7574e+02
2.3574e+06 2.6238e+01 -3.4855e+03 -1.2171e+02 9.4289e+00 -7.3657e+02
-4.1317e+06 3.6316e+01 -3.3057e+03 -2.6193e+02 -5.4727e+00 -2.2820e+03
-4.1322e+06 3.6315e+01 -3.3135e+03 -2.6244e+02 -7.9661e+00 -2.2429e+03
-4.1386e+06 3.6313e+01 -3.3212e+03 -2.6266e+02 -1.3979e+00 -2.1893e+03
-4.1676e+06 3.6330e+01 -3.3288e+03 -2.6258e+02 8.1561e+00 -2.1442e+03
-4.3230e+06 3.4578e+01 -3.3363e+03 -2.6220e+02 1.6274e+00 -2.0987e+03
-4.5566e+06 3.1323e+01 -3.3436e+03 -2.6153e+02 -2.6437e+01 -2.0509e+03
-4.4963e+06 3.1434e+01 -3.3507e+03 -2.6055e+02 -2.7035e+01 -2.0022e+03
-4.1237e+06 3.3992e+01 -3.3577e+03 -2.5928e+02 -1.9968e+00 -1.9567e+03
-3.7987e+06 3.3239e+01 -3.3646e+03 -2.5771e+02 -1.3536e+01 -1.9106e+03
-3.5572e+06 2.9481e+01 -3.3714e+03 -2.5584e+02 -6.1814e+01 -1.8623e+03
-3.0351e+06 2.6814e+01 -3.3780e+03 -2.5367e+02 -9.4566e+01 -1.8154e+03
-1.9481e+06 2.6220e+01 -3.3844e+03 -2.5120e+02 -7.3171e+01 -1.7688e+03
-3.0523e+05 2.6219e+01 -3.3907e+03 -2.4843e+02 1.0699e+01 -1.7213e+03
1.4918e+06 2.6174e+01 -3.3968e+03 -2.4536e+02 1.0986e+02 -1.6736e+03
2.9452e+06 2.6155e+01 -3.4028e+03 -2.4200e+02 1.6773e+02 -1.6259e+03
3.8277e+06 2.6154e+01 -3.4087e+03 -2.3835e+02 1.7126e+02 -1.5783e+03
4.1962e+06 2.6163e+01 -3.4143e+03 -2.3440e+02 1.3681e+02 -1.5316e+03
4.2190e+06 2.6182e+01 -3.4199e+03 -2.3016e+02 8.7178e+01 -1.4849e+03
4.0004e+06 2.6210e+01 -3.4252e+03 -2.2563e+02 3.6345e+01 -1.4376e+03
3.6856e+06 2.6235e+01 -3.4304e+03 -2.2081e+02 -7.9142e-01 -1.3899e+03
3.4329e+06 2.6247e+01 -3.4354e+03 -2.1571e+02 -1.2170e+01 -1.3423e+03
3.2688e+06 2.6247e+01 -3.4403e+03 -2.1032e+02 -4.8736e+00 -1.2948e+03
3.1207e+06 2.6245e+01 -3.4450e+03 -2.0466e+02 3.2303e+00 -1.2476e+03
2.9323e+06 2.6246e+01 -3.4495e+03 -1.9872e+02 4.6797e-01 -1.2005e+03
2.7351e+06 2.6248e+01 -3.4539e+03 -1.9251e+02 -9.9615e+00 -1.1535e+03
2.6091e+06 2.6249e+01 -3.4581e+03 -1.8602e+02 -1.2548e+01 -1.1063e+03
2.5821e+06 2.6245e+01 -3.4621e+03 -1.7927e+02 -1.9707e+00 -1.0594e+03
2.5811e+06 2.6242e+01 -3.4660e+03 -1.7225e+02 7.0868e+00 -1.0127e+03
2.5422e+06 2.6242e+01 -3.4697e+03 -1.6498e+02 1.7621e+00 -9.6661e+02
2.4968e+06 2.6242e+01 -3.4732e+03 -1.5744e+02 -1.1525e+00 -9.1971e+02
2.4634e+06 2.6239e+01 -3.4765e+03 -1.4966e+02 9.9314e+00 -8.7375e+02
2.3789e+06 2.6238e+01 -3.4797e+03 -1.4163e+02 8.0970e+00 -8.1865e+02
2.2978e+06 2.6241e+01 -3.4827e+03 -1.3335e+02 -1.9007e+00 -7.7942e+02
-4.1745e+06 3.6312e+01 -3.2980e+03 -2.7287e+02 -4.3714e+00 -2.3209e+03
-4.1625e+06 3.6308e+01 -3.3060e+03 -2.7341e+02 -4.6279e+00 -2.2820e+03
-4.1636e+06 3.6303e+01 -3.3138e+03 -2.7365e+02 2.6436e+00 -2.2286e+03
-4.2017e+06 3.6309e+01 -3.3215e+03 -2.7360e+02 8.5097e+00 -2.1829e+03
-4.3588e+06 3.4718e+01 -3.3291e+03 -2.7325e+02 3.0266e+00 -2.1377e+03
-4.6732e+06 3.0900e+01 -3.3365e+03 -2.7260e+02 -2.4602e+01 -2.0914e+03
-4.8257e+06 2.8953e+01 -3.3438e+03 -2.7165e+02 -4.3330e+01 -2.0438e+03
-4.6067e+06 3.1229e+01 -3.3510e+03 -2.7041e+02 -2.4202e+01 -1.9972e+03
-4.2123e+06 3.4054e+01 -3.3580e+03 -2.6886e+02 4.2236e+00 -1.9504e+03
-3.9972e+06 3.3191e+01 -3.3649e+03 -2.6702e+02 -8.4329e+00 -1.9031e+03
-3.9309e+06 2.9462e+01 -3.3716e+03 -2.6487e+02 -6.3163e+01 -1.8552e+03
-3.5855e+06 2.6817e+01 -3.3782e+03 -2.6243e+02 -1.0380e+02 -1.8082e+03
-2.6711e+06 2.6239e+01 -3.3846e+03 -2.5969e+02 -8.9135e+01 -1.7621e+03
-1.2714e+06 2.6245e+01 -3.3909e+03 -2.5666e+02 -2.8194e+01 -1.7154e+03
3.3675e+05 2.6207e+01 -3.3970e+03 -2.5332e+02 5.0497e+01 -1.6678e+03
1.7847e+06 2.6183e+01 -3.4030e+03 -2.4970e+02 1.0865e+02 -1.6197e+03
2.9228e+06 2.6169e+01 -3.4089e+03 -2.4577e+02 1.3301e+02 -1.5720e+03
3.7948e+06 2.6160e+01 -3.4145e+03 -2.4156e+02 1.4145e+02 -1.5252e+03
4.2264e+06 2.6168e+01 -3.4200e+03 -2.3706e+02 1.1872e+02 -1.4784e+03
4.1275e+06 2.6196e+01 -3.4254e+03 -2.3227e+02 6.0952e+01 -1.4315e+03
3.8146e+06 2.6225e+01 -3.4306e+03 -2.2720e+02 1.3542e+01 -1.3843e+03
3.5264e+06 2.6240e+01 -3.4356e+03 -2.2184e+02 -2.2088e+00 -1.3368e+03
3.2973e+06 2.6245e+01 -3.4405e+03 -2.1620e+02 -2.2624e+00 -1.2895e+03
3.0707e+06 2.6247e+01 -3.4451e+03 -2.1029e+02 -3.4665e+00 -1.2423e+03
2.8388e+06 2.6249e+01 -3.4497e+03 -2.0410e+02 -9.6712e+00 -1.1954e+03
2.6535e+06 2.6250e+01 -3.4540e+03 -1.9764e+02 -1.2961e+01 -1.1485e+03
2.5686e+06 2.6248e+01 -3.4582e+03 -1.9091e+02 -7.5513e+00 -1.1017e+03
2.5423e+06 2.6244e+01 -3.4622e+03 -1.8392e+02 -4.4944e-01 -1.0552e+03
2.5188e+06 2.6242e+01 -3.4661e+03 -1.7667e+02 -1.4297e-02 -1.0091e+03
2.5044e+06 2.6241e+01 -3.4698e+03 -1.6916e+02 4.1266e+00 -9.6195e+02
2.4722e+06 2.6239e+01 -3.4733e+03 -1.6140e+02 1.2529e+01 -9.1619e+02
2.3677e+06 2.6239e+01 -3.4766e+03 -1.5339e+02 6.6236e+00 -8.6121e+02
2.2860e+06 2.6241e+01 -3.4798e+03 -1.4513e+02 -1.0938e+00 -8.2199e+02
-4.2178e+06 3.6311e+01 -3.2903e+03 -2.8391e+02 -3.1789e+00 -2.3594e+03
-4.2029e+06 3.6307e+01 -3.2983e+03 -2.8447e+02 -3.1188e+00 -2.3207e+03
-4.2056e+06 3.6300e+01 -3.3063e+03 -2.8474e+02 3.4766e+00 -2.2675e+03
-4.2358e+06 3.6295e+01 -3.3141e+03 -2.8471e+02 7.8294e+00 -2.2217e+03
-4.3388e+06 3.5829e+01 -3.3218e+03 -2.8439e+02 1.4292e+01 -2.1761e+03
-4.6171e+06 3.2872e+01 -3.3294e+03 -2.8377e+02 1.8226e+00 -2.1299e+03
-4.9453e+06 2.8612e+01 -3.3368e+03 -2.8285e+02 -3.0432e+01 -2.0826e+03
-4.9685e+06 2.8115e+01 -3.3441e+03 -2.8163e+02 -3.8278e+01 -2.0364e+03
-4.6685e+06 3.1455e+01 -3.3512e+03 -2.8011e+02 -1.3333e+01 -1.9898e+03
-4.3236e+06 3.4213e+01 -3.3583e+03 -2.7830e+02 1.1256e+01 -1.9436e+03
-4.2224e+06 3.3082e+01 -3.3651e+03 -2.7618e+02 -3.1674e+00 -1.8961e+03
-4.2804e+06 2.9303e+01 -3.3718e+03 -2.7377e+02 -5.5425e+01 -1.8471e+03
-4.0990e+06 2.6827e+01 -3.3784e+03 -2.7106e+02 -9.9764e+01 -1.8008e+03
-3.4780e+06 2.6305e+01 -3.3849e+03 -2.6805e+02 -1.1092e+02 -1.7556e+03
-2.4771e+06 2.6289e+01 -3.3911e+03 -2.6475e+02 -9.1803e+01 -1.7088e+03
-1.2608e+06 2.6268e+01 -3.3973e+03 -2.6115e+02 -5.9785e+01 -1.6614e+03
1.2063e+05 2.6239e+01 -3.4032e+03 -2.5726e+02 -1.4041e+01 -1.6134e+03
1.7716e+06 2.6198e+01 -3.4090e+03 -2.5308e+02 6.6559e+01 -1.5658e+03
3.2817e+06 2.6166e+01 -3.4147e+03 -2.4861e+02 1.3323e+02 -1.5190e+03
4.0601e+06 2.6164e+01 -3.4202e+03 -2.4385e+02 1.2592e+02 -1.4723e+03
4.1388e+06 2.6187e+01 -3.4255e+03 -2.3880e+02 7.5284e+01 -1.4252e+03
3.8778e+06 2.6216e+01 -3.4307e+03 -2.3347e+02 2.7785e+01 -1.3783e+03
3.5365e+06 2.6238e+01 -3.4357e+03 -2.2786e+02 3.9981e-01 -1.3313e+03
3.2484e+06 2.6247e+01 -3.4406e+03 -2.2197e+02 -6.1403e+00 -1.2841e+03
2.9977e+06 2.6249e+01 -3.4453e+03 -2.1581e+02 -5.1890e+00 -1.2372e+03
2.7693e+06 2.6250e+01 -3.4498e+03 -2.0938e+02 -9.4482e+00 -1.1904e+03
2.5863e+06 2.6251e+01 -3.4542e+03 -2.0268e+02 -1.6255e+01 -1.1435e+03
2.5106e+06 2.6249e+01 -3.4583e+03 -1.9571e+02 -1.3503e+01 -1.0971e+03
2.4874e+06 2.6245e+01 -3.4623e+03 -1.8848e+02 -6.2312e+00 -1.0512e+03
2.4681e+06 2.6243e+01 -3.4662e+03 -1.8100e+02 -1.6427e+00 -1.0041e+03
2.4271e+06 2.6241e+01 -3.4699e+03 -1.7326e+02 6.1698e+00 -9.5843e+02
2.3642e+06 2.6239e+01 -3.4734e+03 -1.6527e+02 1.0607e+01 -9.0339e+02
2.2980e+06 2.6240e+01 -3.4767e+03 -1.5704e+02 7.8530e+00 -8.6437e+02
-4.2563e+06 3.6310e+01 -3.2824e+03 -2.9504e+02 -1.8528e+00 -2.3974e+03
-4.2600e+06 3.6307e+01 -3.2906e+03 -2.9563e+02 -2.8619e+00 -2.3590e+03
-4.2674e+06 3.6301e+01 -3.2987e+03 -2.9592e+02 2.9864e+00 -2.3061e+03
-4.3037e+06 3.6298e+01 -3.3066e+03 -2.9592e+02 5.6951e+00 -2.2607e+03
-4.3603e+06 3.6590e+01 -3.3144e+03 -2.9563e+02 1.7296e+01 -2.2145e+03
-4.5960e+06 3.4381e+01 -3.3221e+03 -2.9503e+02 1.4706e+01 -2.1687e+03
-4.9726e+06 2.9078e+01 -3.3297e+03 -2.9414e+02 -1.6725e+01 -2.1216e+03
-5.1421e+06 2.6594e+01 -3.3371e+03 -2.9295e+02 -3.1995e+01 -2.0751e+03
-5.0140e+06 2.8285e+01 -3.3444e+03 -2.9147e+02 -2.5912e+01 -2.0290e+03
-4.7225e+06 3.1723e+01 -3.3515e+03 -2.8968e+02 -4.1335e+00 -1.9825e+03
-4.4485e+06 3.4183e+01 -3.3585e+03 -2.8759e+02 2.2479e+01 -1.9365e+03
-4.4710e+06 3.2187e+01 -3.3654e+03 -2.8521e+02 4.9236e+00 -1.8885e+03
-4.6224e+06 2.8036e+01 -3.3721e+03 -2.8253e+02 -4.8948e+01 -1.8406e+03
-4.5279e+06 2.6300e+01 -3.3787e+03 -2.7955e+02 -8.6615e+01 -1.7946e+03
-4.1317e+06 2.6320e+01 -3.3851e+03 -2.7628e+02 -1.0769e+02 -1.7481e+03
-3.5279e+06 2.6317e+01 -3.3914e+03 -2.7271e+02 -1.2840e+02 -1.7016e+03
-2.5917e+06 2.6303e+01 -3.3975e+03 -2.6885e+02 -1.2864e+02 -1.6547e+03
-1.0593e+06 2.6267e+01 -3.4034e+03 -2.6470e+02 -7.0762e+01 -1.6070e+03
9.6328e+05 2.6218e+01 -3.4092e+03 -2.6026e+02 3.5164e+01 -1.5598e+03
2.7763e+06 2.6178e+01 -3.4149e+03 -2.5553e+02 1.1595e+02 -1.5129e+03
3.8229e+06 2.6165e+01 -3.4204e+03 -2.5051e+02 1.2659e+02 -1.4658e+03
4.0688e+06 2.6185e+01 -3.4257e+03 -2.4521e+02 8.3687e+01 -1.4192e+03
3.8421e+06 2.6216e+01 -3.4309e+03 -2.3963e+02 3.1598e+01 -1.3726e+03
3.5013e+06 2.6238e+01 -3.4359e+03 -2.3377e+02 1.4442e+00 -1.3257e+03
3.1877e+06 2.6249e+01 -3.4407e+03 -2.2764e+02 -8.0300e+00 -1.2785e+03
2.9154e+06 2.6253e+01 -3.4454e+03 -2.2123e+02 -1.2210e+01 -1.2316e+03
2.6960e+06 2.6253e+01 -3.4499e+03 -2.1456e+02 -1.7222e+01 -1.1849e+03
2.5729e+06 2.6250e+01 -3.4543e+03 -2.0762e+02 -1.3141e+01 -1.1386e+03
2.5107e+06 2.6246e+01 -3.4584e+03 -2.0042e+02 -5.0479e+00 -1.0929e+03
2.4447e+06 2.6245e+01 -3.4625e+03 -1.9296e+02 -6.7930e+00 -1.0460e+03
2.3764e+06 2.6244e+01 -3.4663e+03 -1.8525e+02 -2.5102e+00 -1.0005e+03
2.3171e+06 2.6241e+01 -3.4699e+03 -1.7728e+02 7.2099e+00 -9.4532e+02
2.2643e+06 2.6243e+01 -3.4734e+03 -1.6907e+02 3.5143e+00 -9.0628e+02
-4.2926e+06 3.6307e+01 -3.2744e+03 -3.0626e+02 -1.2981e+00 -2.4351e+03
-4.3063e+06 3.6306e+01 -3.2827e+03 -3.0687e+02 -2.1910e+00 -2.3969e+03
-4.3327e+06 3.6300e+01 -3.2909e+03 -3.0719e+02 5.2267e+00 -2.3439e+03
-4.3748e+06 3.6294e+01 -3.2990e+03 -3.0722e+02 7.7706e+00 -2.2988e+03
-4.4370e+06 3.6601e+01 -3.3069e+03 -3.0695e+02 1.6461e+01 -2.2526e+03
-4.6468e+06 3.4382e+01 -3.3147e+03 -3.0639e+02 1.2713e+01 -2.2074e+03
-5.0077e+06 2.9037e+01 -3.3224e+03 -3.0553e+02 -1.5074e+01 -2.1610e+03
-5.2014e+06 2.6242e+01 -3.3300e+03 -3.0437e+02 -2.3185e+01 -2.1139e+03
-5.1867e+06 2.6623e+01 -3.3374e+03 -3.0291e+02 -2.0512e+01 -2.0680e+03
-5.0403e+06 2.8497e+01 -3.3447e+03 -3.0115e+02 -1.7481e+01 -2.0211e+03
-4.7981e+06 3.1446e+01 -3.3518e+03 -2.9910e+02 5.5915e+00 -1.9754e+03
-4.7068e+06 3.1347e+01 -3.3588e+03 -2.9675e+02 1.0852e+01 -1.9301e+03
-4.8210e+06 2.8028e+01 -3.3656e+03 -2.9410e+02 -1.8354e+01 -1.8817e+03
-4.8405e+06 2.6271e+01 -3.3724e+03 -2.9115e+02 -3.8673e+01 -1.8338e+03
-4.6915e+06 2.6303e+01 -3.3789e+03 -2.8791e+02 -5.0301e+01 -1.7876e+03
-4.4534e+06 2.6310e+01 -3.3853e+03 -2.8437e+02 -7.5390e+01 -1.7409e+03
-4.0487e+06 2.6316e+01 -3.3916e+03 -2.8054e+02 -1.0930e+02 -1.6943e+03
-3.2257e+06 2.6310e+01 -3.3977e+03 -2.7642e+02 -1.2546e+02 -1.6475e+03
-1.6962e+06 2.6281e+01 -3.4037e+03 -2.7201e+02 -7.9622e+01 -1.6006e+03
3.9201e+05 2.6232e+01 -3.4095e+03 -2.6731e+02 2.1202e+01 -1.5534e+03
2.3604e+06 2.6190e+01 -3.4151e+03 -2.6232e+02 1.0403e+02 -1.5065e+03
3.5783e+06 2.6178e+01 -3.4206e+03 -2.5705e+02 1.1666e+02 -1.4596e+03
3.9464e+06 2.6191e+01 -3.4259e+03 -2.5150e+02 7.8431e+01 -1.4129e+03
3.8048e+06 2.6215e+01 -3.4311e+03 -2.4567e+02 3.2729e+01 -1.3665e+03
3.4705e+06 2.6237e+01 -3.4361e+03 -2.3957e+02 2.7557e-02 -1.3198e+03
3.1391e+06 2.6251e+01 -3.4409e+03 -2.3319e+02 -1.3931e+01 -1.2729e+03
2.8769e+06 2.6254e+01 -3.4456e+03 -2.2655e+02 -1.3252e+01 -1.2261e+03
2.7102e+06 2.6251e+01 -3.4501e+03 -2.1964e+02 -5.9419e+00 -1.1798e+03
2.5957e+06 2.6247e+01 -3.4544e+03 -2.1246e+02 -1.7344e+00 -1.1342e+03
2.4846e+06 2.6246e+01 -3.4586e+03 -2.0503e+02 -7.0963e+00 -1.0875e+03
2.3745e+06 2.6245e+01 -3.4626e+03 -1.9734e+02 -4.8623e+00 -1.0420e+03
2.2751e+06 2.6245e+01 -3.4664e+03 -1.8940e+02 -8.4983e-01 -9.8682e+02
2.1949e+06 2.6250e+01 -3.4700e+03 -1.8122e+02 -9.9594e+00 -9.4807e+02
-4.3227e+06 3.6304e+01 -3.2664e+03 -3.1756e+02 -1.8551e-01 -2.4723e+03
-4.3526e+06 3.6302e+01 -3.2748e+03 -3.1820e+02 1.8820e+00 -2.4344e+03
-4.4140e+06 3.6089e+01 -3.2831e+03 -3.1855e+02 1.0549e+01 -2.3814e+03
-4.5052e+06 3.5680e+01 -3.2913e+03 -3.1860e+02 1.0643e+01 -2.3366e+03
-4.5696e+06 3.5840e+01 -3.2993e+03 -3.1836e+02 1.7603e+01 -2.2905e+03
-4.7239e+06 3.4082e+01 -3.3073e+03 -3.1783e+02 1.7046e+01 -2.2455e+03
-5.0245e+06 2.9302e+01 -3.3151e+03 -3.1700e+02 -7.1227e+00 -2.1996e+03
-5.2141e+06 2.6452e+01 -3.3227e+03 -3.1587e+02 -1.5711e+01 -2.1526e+03
-5.2422e+06 2.6257e+01 -3.3303e+03 -3.1444e+02 -1.1253e+01 -2.1067e+03
-5.2039e+06 2.6690e+01 -3.3377e+03 -3.1271e+02 -1.4918e+01 -2.0598e+03
-5.1017e+06 2.7723e+01 -3.3450e+03 -3.1069e+02 -1.3445e+01 -2.0135e+03
-5.0109e+06 2.7864e+01 -3.3521e+03 -3.0837e+02 -1.1506e+01 -1.9685e+03
-4.9819e+06 2.6835e+01 -3.3591e+03 -3.0575e+02 -1.6079e+01 -1.9214e+03
-4.9353e+06 2.6267e+01 -3.3659e+03 -3.0283e+02 -1.6657e+01 -1.8735e+03
-4.8327e+06 2.6280e+01 -3.3726e+03 -2.9962e+02 -1.6068e+01 -1.8274e+03
-4.7061e+06 2.6286e+01 -3.3792e+03 -2.9612e+02 -2.4975e+01 -1.7805e+03
-4.5528e+06 2.6297e+01 -3.3856e+03 -2.9232e+02 -4.8767e+01 -1.7334e+03
-4.2534e+06 2.6310e+01 -3.3918e+03 -2.8823e+02 -8.7061e+01 -1.6870e+03
-3.5352e+06 2.6311e+01 -3.3979e+03 -2.8385e+02 -1.1242e+02 -1.6405e+03
-2.0951e+06 2.6290e+01 -3.4039e+03 -2.7918e+02 -8.3225e+01 -1.5936e+03
-2.5180e+04 2.6251e+01 -3.4097e+03 -2.7423e+02 8.4212e-03 -1.5468e+03
2.0443e+06 2.6212e+01 -3.4153e+03 -2.6899e+02 7.9742e+01 -1.5001e+03
3.4207e+06 2.6186e+01 -3.4208e+03 -2.6347e+02 1.0503e+02 -1.4532e+03
3.9346e+06 2.6186e+01 -3.4261e+03 -2.5768e+02 8.1178e+01 -1.4066e+03
3.8443e+06 2.6206e+01 -3.4312e+03 -2.5160e+02 4.0222e+01 -1.3604e+03
3.4986e+06 2.6231e+01 -3.4362e+03 -2.4526e+02 5.3615e+00 -1.3140e+03
3.1278e+06 2.6249e+01 -3.4410e+03 -2.3864e+02 -1.2750e+01 -1.2673e+03
2.8597e+06 2.6254e+01 -3.4457e+03 -2.3176e+02 -1.4233e+01 -1.2207e+03
2.6835e+06 2.6252e+01 -3.4502e+03 -2.2461e+02 -9.6838e+00 -1.1750e+03
2.5627e+06 2.6248e+01 -3.4545e+03 -2.1721e+02 -8.1821e+00 -1.1285e+03
2.4461e+06 2.6246e+01 -3.4587e+03 -2.0955e+02 -5.4399e-01 -1.0830e+03
2.3044e+06 2.6246e+01 -3.4627e+03 -2.0164e+02 1.7186e-01 -1.0280e+03
2.1820e+06 2.6221e+01 -3.4665e+03 -1.9348e+02 -1.6054e+01 -9.8954e+02
-4.3502e+06 3.6298e+01 -3.2582e+03 -3.2893e+02 3.2839e+00 -2.5092e+03
-4.4045e+06 3.6370e+01 -3.2667e+03 -3.2960e+02 8.6926e+00 -2.4713e+03
-4.5422e+06 3.5383e+01 -3.2751e+03 -3.2998e+02 1.2093e+01 -2.4191e+03
-4.7367e+06 3.3230e+01 -3.2834e+03 -3.3006e+02 -2.8824e-01 -2.3747e+03
-4.8292e+06 3.2602e+01 -3.2916e+03 -3.2985e+02 1.9923e+00 -2.3281e+03
-4.8964e+06 3.2030e+01 -3.2997e+03 -3.2935e+02 1.0669e+01 -2.2828e+03
-5.0719e+06 2.9076e+01 -3.3076e+03 -3.2854e+02 -7.7025e-01 -2.2373e+03
-5.2237e+06 2.6711e+01 -3.3154e+03 -3.2744e+02 -9.1068e+00 -2.1906e+03
-5.2657e+06 2.6260e+01 -3.3231e+03 -3.2605e+02 -6.3406e+00 -2.1447e+03
-5.2591e+06 2.6258e+01 -3.3306e+03 -3.2435e+02 -7.2792e+00 -2.0983e+03
-5.2272e+06 2.6249e+01 -3.3380e+03 -3.2236e+02 -1.1006e+01 -2.0517e+03
-5.1649e+06 2.6247e+01 -3.3453e+03 -3.2007e+02 -1.2368e+01 -2.0058e+03
-5.0821e+06 2.6259e+01 -3.3524e+03 -3.1749e+02 -1.0464e+01 -1.9596e+03
-4.9919e+06 2.6266e+01 -3.3594e+03 -3.1460e+02 -9.5495e+00 -1.9129e+03
-4.8855e+06 2.6269e+01 -3.3662e+03 -3.1143e+02 -1.0632e+01 -1.8670e+03
-4.7785e+06 2.6267e+01 -3.3729e+03 -3.0795e+02 -1.2685e+01 -1.8205e+03
-4.6954e+06 2.6265e+01 -3.3794e+03 -3.0419e+02 -2.0474e+01 -1.7730e+03
-4.6004e+06 2.6284e+01 -3.3858e+03 -3.0013e+02 -4.0467e+01 -1.7261e+03
-4.3735e+06 2.6306e+01 -3.3921e+03 -2.9579e+02 -7.7773e+01 -1.6796e+03
-3.7498e+06 2.6314e+01 -3.3982e+03 -2.9115e+02 -1.1436e+02 -1.6332e+03
-2.3668e+06 2.6303e+01 -3.4041e+03 -2.8623e+02 -9.9744e+01 -1.5868e+03
-2.0677e+05 2.6309e+01 -3.4099e+03 -2.8103e+02 -1.5660e+01 -1.5405e+03
2.0194e+06 2.6330e+01 -3.4155e+03 -2.7554e+02 7.5800e+01 -1.4939e+03
3.4758e+06 2.6281e+01 -3.4210e+03 -2.6977e+02 1.0915e+02 -1.4467e+03
4.0079e+06 2.6207e+01 -3.4263e+03 -2.6373e+02 9.2216e+01 -1.4001e+03
3.9223e+06 2.6197e+01 -3.4314e+03 -2.5742e+02 5.5322e+01 -1.3541e+03
3.5202e+06 2.6225e+01 -3.4364e+03 -2.5083e+02 1.0796e+01 -1.3079e+03
3.0977e+06 2.6248e+01 -3.4412e+03 -2.4398e+02 -1.9446e+01 -1.2617e+03
2.8213e+06 2.6255e+01 -3.4459e+03 -2.3686e+02 -2.2761e+01 -1.2158e+03
2.6699e+06 2.6252e+01 -3.4503e+03 -2.2949e+02 -1.2345e+01 -1.1691e+03
2.5515e+06 2.6247e+01 -3.4547e+03 -2.2186e+02 3.6802e+00 -1.1239e+03
2.3926e+06 2.6226e+01 -3.4588e+03 -2.1397e+02 4.1630e+00 -1.0690e+03
2.2418e+06 2.6277e+01 -3.4628e+03 -2.0584e+02 -1.7996e+01 -1.0305e+03
-4.3839e+06 3.6292e+01 -3.2499e+03 -3.4037e+02 5.8989e+00 -2.5458e+03
-4.5140e+06 3.5776e+01 -3.2586e+03 -3.4107e+02 5.8489e+00 -2.5072e+03
-4.7601e+06 3.3139e+01 -3.2671e+03 -3.4148e+02 -3.2446e+00 -2.4550e+03
-5.0246e+06 2.9451e+01 -3.2755e+03 -3.4159e+02 -2.1099e+01 -2.4114e+03
-5.1265e+06 2.8164e+01 -3.2838e+03 -3.4141e+02 -2.0461e+01 -2.3652e+03
-5.1491e+06 2.8240e+01 -3.2920e+03 -3.4094e+02 -9.4815e+00 -2.3199e+03
-5.2008e+06 2.7391e+01 -3.3000e+03 -3.4016e+02 -7.8735e+00 -2.2744e+03
-5.2638e+06 2.6499e+01 -3.3080e+03 -3.3910e+02 -7.9195e+00 -2.2282e+03
-5.2874e+06 2.6257e+01 -3.3158e+03 -3.3773e+02 -4.6463e+00 -2.1823e+03
-5.2885e+06 2.6258e+01 -3.3234e+03 -3.3607e+02 -3.5010e+00 -2.1364e+03
-5.2649e+06 2.6260e+01 -3.3309e+03 -3.3411e+02 -3.9089e+00 -2.0901e+03
-5.2133e+06 2.6261e+01 -3.3383e+03 -3.3185e+02 -3.3088e+00 -2.0439e+03
-5.1328e+06 2.6259e+01 -3.3456e+03 -3.2930e+02 -2.1542e+00 -1.9977e+03
-5.0448e+06 2.6250e+01 -3.3527e+03 -3.2645e+02 -6.8374e+00 -1.9513e+03
-4.8982e+06 2.7017e+01 -3.3597e+03 -3.2331e+02 -7.7637e+00 -1.9047e+03
-4.7168e+06 2.8324e+01 -3.3665e+03 -3.1987e+02 2.3705e+00 -1.8582e+03
-4.6509e+06 2.8070e+01 -3.3732e+03 -3.1614e+02 -2.9751e-01 -1.8117e+03
-4.6814e+06 2.6768e+01 -3.3797e+03 -3.1212e+02 -1.7810e+01 -1.7652e+03
-4.6510e+06 2.6274e+01 -3.3861e+03 -3.0780e+02 -3.9055e+01 -1.7187e+03
-4.4554e+06 2.6304e+01 -3.3923e+03 -3.0320e+02 -7.5430e+01 -1.6724e+03
-3.8293e+06 2.6316e+01 -3.3984e+03 -2.9832e+02 -1.1455e+02 -1.6260e+03
-2.3398e+06 2.6932e+01 -3.4043e+03 -2.9314e+02 -9.5841e+01 -1.5795e+03
-6.5776e+03 2.8238e+01 -3.4101e+03 -2.8769e+02 4.2056e+00 -1.5332e+03
2.2164e+06 2.8299e+01 -3.4157e+03 -2.8196e+02 9.7919e+01 -1.4866e+03
3.5368e+06 2.6931e+01 -3.4212e+03 -2.7595e+02 1.2118e+02 -1.4402e+03
4.0110e+06 2.6185e+01 -3.4265e+03 -2.6967e+02 1.0354e+02 -1.3941e+03
3.9179e+06 2.6188e+01 -3.4316e+03 -2.6311e+02 6.2295e+01 -1.3477e+03
3.5186e+06 2.6219e+01 -3.4366e+03 -2.5629e+02 1.3104e+01 -1.3019e+03
3.1132e+06 2.6242e+01 -3.4414e+03 -2.4921e+02 -1.4428e+01 -1.2566e+03
2.8369e+06 2.6252e+01 -3.4460e+03 -2.4186e+02 -1.6905e+01 -1.2098e+03
2.6594e+06 2.6251e+01 -3.4505e+03 -2.3426e+02 -2.9597e+00 -1.1643e+03
2.4832e+06 2.6264e+01 -3.4548e+03 -2.2641e+02 -8.6064e-01 -1.1094e+03
2.3602e+06 2.7212e+01 -3.4589e+03 -2.1830e+02 -1.7208e+01 -1.0712e+03
-4.4148e+06 3.6287e+01 -3.2416e+03 -3.5189e+02 4.8021e+00 -2.5816e+03
-4.6279e+06 3.4365e+01 -3.2504e+03 -3.5261e+02 -7.9336e+00 -2.5435e+03
-4.9670e+06 2.9932e+01 -3.2590e+03 -3.5305e+02 -2.7554e+01 -2.4907e+03
-5.1942e+06 2.6820e+01 -3.2675e+03 -3.5319e+02 -3.1619e+01 -2.4470e+03
-5.2700e+06 2.6266e+01 -3.2759e+03 -3.5304e+02 -2.0727e+01 -2.4018e+03
-5.2917e+06 2.6300e+01 -3.2842e+03 -3.5259e+02 -1.3196e+01 -2.3567e+03
-5.2997e+06 2.6280e+01 -3.2924e+03 -3.5185e+02 -9.5595e+00 -2.3113e+03
-5.3097e+06 2.6260e+01 -3.3004e+03 -3.5082e+02 -6.4006e+00 -2.2655e+03
-5.3129e+06 2.6257e+01 -3.3083e+03 -3.4949e+02 -3.5132e+00 -2.2197e+03
-5.3111e+06 2.6257e+01 -3.3161e+03 -3.4786e+02 -2.6938e+00 -2.1739e+03
-5.2949e+06 2.6259e+01 -3.3238e+03 -3.4593e+02 -2.7465e+00 -2.1279e+03
-5.2532e+06 2.6259e+01 -3.3313e+03 -3.4371e+02 -1.8252e+00 -2.0818e+03
-5.1883e+06 2.6257e+01 -3.3387e+03 -3.4119e+02 -2.4483e-01 -2.0356e+03
-5.1118e+06 2.6233e+01 -3.3459e+03 -3.3837e+02 -6.4888e+00 -1.9895e+03
-4.9267e+06 2.8404e+01 -3.3530e+03 -3.3526e+02 -2.1226e+00 -1.9420e+03
-4.6102e+06 3.2316e+01 -3.3600e+03 -3.3186e+02 2.5932e+01 -1.8952e+03
-4.4901e+06 3.2244e+01 -3.3668e+03 -3.2816e+02 2.9886e+01 -1.8505e+03
-4.6145e+06 2.8756e+01 -3.3735e+03 -3.2418e+02 1.7311e+00 -1.8040e+03
-4.7213e+06 2.6662e+01 -3.3800e+03 -3.1990e+02 -1.9607e+01 -1.7572e+03
-4.6793e+06 2.6278e+01 -3.3864e+03 -3.1533e+02 -3.5179e+01 -1.7113e+03
-4.4463e+06 2.6304e+01 -3.3926e+03 -3.1048e+02 -7.1685e+01 -1.6651e+03
-3.7042e+06 2.7467e+01 -3.3987e+03 -3.0534e+02 -1.0649e+02 -1.6184e+03
-2.0149e+06 3.0631e+01 -3.4046e+03 -2.9992e+02 -5.8782e+01 -1.5722e+03
2.7856e+05 3.1769e+01 -3.4103e+03 -2.9423e+02 4.5230e+01 -1.5260e+03
2.2058e+06 2.8836e+01 -3.4159e+03 -2.8825e+02 1.0545e+02 -1.4794e+03
3.3859e+06 2.6473e+01 -3.4214e+03 -2.8200e+02 1.1941e+02 -1.4337e+03
3.8890e+06 2.6168e+01 -3.4267e+03 -2.7548e+02 1.0816e+02 -1.3876e+03
3.8742e+06 2.6182e+01 -3.4318e+03 -2.6870e+02 7.4389e+01 -1.3413e+03
3.5555e+06 2.6208e+01 -3.4367e+03 -2.6164e+02 3.3088e+01 -1.2963e+03
3.1494e+06 2.6235e+01 -3.4415e+03 -2.5433e+02 -2.1807e+00 -1.2503e+03
2.8148e+06 2.6250e+01 -3.4462e+03 -2.4676e+02 -1.2665e+01 -1.2048e+03
2.5881e+06 2.6348e+01 -3.4506e+03 -2.3893e+02 -1.1163e+01 -1.1497e+03
2.5037e+06 2.8657e+01 -3.4549e+03 -2.3086e+02 -1.0068e+01 -1.1114e+03
-4.4206e+06 3.6288e+01 -3.2332e+03 -3.6346e+02 3.0870e+00 -2.6164e+03
-4.6150e+06 3.4424e+01 -3.2420e+03 -3.6421e+02 -8.2351e+00 -2.5804e+03
-4.9437e+06 3.0059e+01 -3.2508e+03 -3.6468e+02 -2.4522e+01 -2.5285e+03
-5.1956e+06 2.6893e+01 -3.2594e+03 -3.6485e+02 -2.7020e+01 -2.4833e+03
-5.2890e+06 2.6253e+01 -3.2679e+03 -3.6473e+02 -1.5402e+01 -2.4383e+03
-5.3232e+06 2.6265e+01 -3.2763e+03 -3.6432e+02 -7.3558e+00 -2.3932e+03
-5.3273e+06 2.6261e+01 -3.2846e+03 -3.6361e+02 -4.5077e+00 -2.3478e+03
-5.3325e+06 2.6257e+01 -3.2928e+03 -3.6260e+02 -3.3183e+00 -2.3023e+03
-5.3304e+06 2.6256e+01 -3.3008e+03 -3.6130e+02 -2.4722e+00 -2.2567e+03
-5.3336e+06 2.6257e+01 -3.3087e+03 -3.5971e+02 -2.4437e+00 -2.2109e+03
-5.3209e+06 2.6258e+01 -3.3165e+03 -3.5782e+02 -2.9570e+00 -2.1651e+03
-5.2959e+06 2.6259e+01 -3.3241e+03 -3.5563e+02 -2.9841e+00 -2.1191e+03
-5.2452e+06 2.6258e+01 -3.3316e+03 -3.5314e+02 -1.7835e+00 -2.0731e+03
-5.1901e+06 2.6239e+01 -3.3390e+03 -3.5036e+02 -6.7219e+00 -2.0275e+03
-5.0430e+06 2.8246e+01 -3.3462e+03 -3.4729e+02 -6.7567e+00 -1.9809e+03
-4.7259e+06 3.2772e+01 -3.3533e+03 -3.4392e+02 1.8056e+01 -1.9344e+03
-4.4751e+06 3.4719e+01 -3.3603e+03 -3.4026e+02 3.7702e+01 -1.8893e+03
-4.5091e+06 3.2055e+01 -3.3671e+03 -3.3631e+02 2.4309e+01 -1.8425e+03
-4.6806e+06 2.8475e+01 -3.3738e+03 -3.3207e+02 -1.7818e+00 -1.7953e+03
-4.7554e+06 2.6639e+01 -3.3803e+03 -3.2754e+02 -1.7542e+01 -1.7497e+03
-4.6620e+06 2.6286e+01 -3.3866e+03 -3.2272e+02 -3.3316e+01 -1.7041e+03
-4.3369e+06 2.6901e+01 -3.3929e+03 -3.1762e+02 -7.0784e+01 -1.6577e+03
-3.4471e+06 3.0254e+01 -3.3989e+03 -3.1224e+02 -8.0882e+01 -1.6113e+03
-1.8441e+06 3.2953e+01 -3.4048e+03 -3.0657e+02 -3.5320e+01 -1.5659e+03
5.8126e+04 3.0123e+01 -3.4106e+03 -3.0063e+02 2.0396e+01 -1.5188e+03
1.8148e+06 2.6772e+01 -3.4162e+03 -2.9442e+02 7.7592e+01 -1.4720e+03
3.0621e+06 2.6188e+01 -3.4216e+03 -2.8793e+02 1.1685e+02 -1.4271e+03
3.6757e+06 2.6172e+01 -3.4269e+03 -2.8118e+02 1.1425e+02 -1.3810e+03
3.7659e+06 2.6180e+01 -3.4320e+03 -2.7416e+02 8.3863e+01 -1.3354e+03
3.5140e+06 2.6205e+01 -3.4369e+03 -2.6688e+02 3.9472e+01 -1.2895e+03
3.1223e+06 2.6232e+01 -3.4417e+03 -2.5934e+02 5.2070e+00 -1.2448e+03
2.7736e+06 2.6308e+01 -3.4463e+03 -2.5155e+02 -1.0329e+01 -1.1899e+03
2.6201e+06 2.8551e+01 -3.4508e+03 -2.4351e+02 -1.0179e+01 -1.1514e+03
-4.4132e+06 3.6299e+01 -3.2247e+03 -3.7508e+02 1.6192e+00 -2.6518e+03
-4.5021e+06 3.5903e+01 -3.2336e+03 -3.7587e+02 3.0216e+00 -2.6159e+03
-4.7061e+06 3.3744e+01 -3.2425e+03 -3.7636e+02 3.6033e+00 -2.5644e+03
-5.0104e+06 2.9829e+01 -3.2512e+03 -3.7656e+02 -9.9605e+00 -2.5195e+03
-5.2366e+06 2.6943e+01 -3.2599e+03 -3.7648e+02 -1.8196e+01 -2.4743e+03
-5.3223e+06 2.6235e+01 -3.2684e+03 -3.7610e+02 -1.1536e+01 -2.4295e+03
-5.3385e+06 2.6261e+01 -3.2768e+03 -3.7542e+02 -4.1632e+00 -2.3841e+03
-5.3417e+06 2.6257e+01 -3.2850e+03 -3.7445e+02 -2.1204e+00 -2.3387e+03
-5.3422e+06 2.6256e+01 -3.2932e+03 -3.7318e+02 -1.8158e+00 -2.2932e+03
-5.3406e+06 2.6256e+01 -3.3012e+03 -3.7162e+02 -2.0314e+00 -2.2477e+03
-5.3349e+06 2.6257e+01 -3.3091e+03 -3.6976e+02 -2.5053e+00 -2.2020e+03
-5.3176e+06 2.6258e+01 -3.3169e+03 -3.6761e+02 -3.0050e+00 -2.1562e+03
-5.2875e+06 2.6258e+01 -3.3245e+03 -3.6516e+02 -2.6635e+00 -2.1103e+03
-5.2457e+06 2.6253e+01 -3.3320e+03 -3.6242e+02 -5.0320e+00 -2.0647e+03
-5.1817e+06 2.6809e+01 -3.3394e+03 -3.5938e+02 -1.2733e+01 -2.0190e+03
-5.0014e+06 2.9338e+01 -3.3466e+03 -3.5605e+02 -9.6412e+00 -1.9728e+03
-4.7095e+06 3.3132e+01 -3.3537e+03 -3.5242e+02 1.5074e+01 -1.9268e+03
-4.5356e+06 3.4440e+01 -3.3606e+03 -3.4851e+02 3.4498e+01 -1.8806e+03
-4.6260e+06 3.1574e+01 -3.3674e+03 -3.4430e+02 2.1095e+01 -1.8340e+03
-4.7883e+06 2.7779e+01 -3.3741e+03 -3.3981e+02 -5.6734e+00 -1.7879e+03
-4.7820e+06 2.6307e+01 -3.3806e+03 -3.3503e+02 -1.7028e+01 -1.7421e+03
-4.5959e+06 2.6321e+01 -3.3869e+03 -3.2996e+02 -3.5364e+01 -1.6961e+03
-4.1498e+06 2.9231e+01 -3.3931e+03 -3.2462e+02 -5.4717e+01 -1.6486e+03
-3.3508e+06 3.2716e+01 -3.3992e+03 -3.1899e+02 -6.6435e+01 -1.6049e+03
-2.2082e+06 3.0451e+01 -3.4051e+03 -3.1309e+02 -7.9574e+01 -1.5592e+03
-5.4709e+05 2.6916e+01 -3.4108e+03 -3.0691e+02 -3.2398e+01 -1.5103e+03
1.2689e+06 2.6238e+01 -3.4164e+03 -3.0046e+02 5.9874e+01 -1.4652e+03
2.6226e+06 2.6202e+01 -3.4218e+03 -2.9374e+02 1.0850e+02 -1.4201e+03
3.3389e+06 2.6185e+01 -3.4271e+03 -2.8676e+02 1.0258e+02 -1.3750e+03
3.5741e+06 2.6186e+01 -3.4322e+03 -2.7951e+02 7.7979e+01 -1.3287e+03
3.4542e+06 2.6201e+01 -3.4371e+03 -2.7200e+02 5.3735e+01 -1.2840e+03
3.1029e+06 2.6227e+01 -3.4419e+03 -2.6424e+02 1.9398e+01 -1.2297e+03
2.7652e+06 2.7141e+01 -3.4465e+03 -2.5623e+02 -1.6501e+01 -1.1915e+03
-4.4117e+06 3.6309e+01 -3.2161e+03 -3.8676e+02 -9.3176e-01 -2.6869e+03
-4.4490e+06 3.6441e+01 -3.2251e+03 -3.8757e+02 2.6661e+00 -2.6502e+03
-4.5220e+06 3.6214e+01 -3.2341e+03 -3.8810e+02 1.6577e+01 -2.5984e+03
-4.7449e+06 3.3849e+01 -3.2429e+03 -3.8833e+02 1.0596e+01 -2.5545e+03
-5.0608e+06 2.9643e+01 -3.2517e+03 -3.8828e+02 -1.1124e+01 -2.5096e+03
-5.2731e+06 2.6808e+01 -3.2603e+03 -3.8793e+02 -1.8125e+01 -2.4650e+03
-5.3355e+06 2.6216e+01 -3.2688e+03 -3.8728e+02 -9.9878e+00 -2.4199e+03
-5.3472e+06 2.6258e+01 -3.2772e+03 -3.8635e+02 -3.6700e+00 -2.3745e+03
-5.3460e+06 2.6255e+01 -3.2855e+03 -3.8512e+02 -1.8490e+00 -2.3292e+03
-5.3452e+06 2.6255e+01 -3.2936e+03 -3.8359e+02 -1.8040e+00 -2.2838e+03
-5.3375e+06 2.6255e+01 -3.3016e+03 -3.8177e+02 -1.8799e+00 -2.2383e+03
-5.3252e+06 2.6255e+01 -3.3095e+03 -3.7965e+02 -2.2293e+00 -2.1927e+03
-5.3033e+06 2.6256e+01 -3.3173e+03 -3.7724e+02 -2.3670e+00 -2.1470e+03
-5.2784e+06 2.6256e+01 -3.3249e+03 -3.7453e+02 -2.6888e+00 -2.1012e+03
-5.2501e+06 2.6213e+01 -3.3324e+03 -3.7153e+02 -7.9266e+00 -2.0555e+03
-5.1923e+06 2.6770e+01 -3.3397e+03 -3.6823e+02 -1.6697e+01 -2.0097e+03
-5.0175e+06 2.9413e+01 -3.3469e+03 -3.6464e+02 -8.9649e+00 -1.9636e+03
-4.7841e+06 3.2782e+01 -3.3540e+03 -3.6077e+02 1.6938e+01 -1.9182e+03
-4.7393e+06 3.2158e+01 -3.3610e+03 -3.5660e+02 1.9939e+01 -1.8729e+03
-4.8718e+06 2.8275e+01 -3.3677e+03 -3.5214e+02 -3.8006e+00 -1.8259e+03
-4.8976e+06 2.6308e+01 -3.3744e+03 -3.4740e+02 -1.3686e+01 -1.7794e+03
-4.7602e+06 2.6284e+01 -3.3809e+03 -3.4237e+02 -1.8372e+01 -1.7341e+03
-4.4354e+06 2.9111e+01 -3.3872e+03 -3.3706e+02 -1.7912e+01 -1.6855e+03
-3.9851e+06 3.3303e+01 -3.3934e+03 -3.3148e+02 -2.4078e+01 -1.6413e+03
-3.5779e+06 3.2194e+01 -3.3994e+03 -3.2561e+02 -8.1788e+01 -1.5978e+03
-2.7431e+06 2.8331e+01 -3.4053e+03 -3.1947e+02 -1.1512e+02 -1.5497e+03
-1.1569e+06 2.6614e+01 -3.4110e+03 -3.1305e+02 -5.3427e+01 -1.5038e+03
6.5144e+05 2.6253e+01 -3.4166e+03 -3.0637e+02 3.5214e+01 -1.4586e+03
2.0767e+06 2.6220e+01 -3.4220e+03 -2.9942e+02 8.1110e+01 -1.4136e+03
2.9928e+06 2.6197e+01 -3.4273e+03 -2.9221e+02 9.3798e+01 -1.3676e+03
3.4291e+06 2.6188e+01 -3.4324e+03 -2.8474e+02 9.6268e+01 -1.3229e+03
3.3867e+06 2.6155e+01 -3.4373e+03 -2.7702e+02 6.3664e+01 -1.2685e+03
3.0526e+06 2.6655e+01 -3.4421e+03 -2.6904e+02 -4.9161e-01 -1.2308e+03
-4.4109e+06 3.6313e+01 -3.2074e+03 -3.9848e+02 -2.0914e+00 -2.7211e+03
-4.4394e+06 3.6309e+01 -3.2166e+03 -3.9932e+02 -3.9421e+00 -2.6844e+03
-4.4618e+06 3.6441e+01 -3.2256e+03 -3.9988e+02 9.2541e+00 -2.6324e+03
-4.5528e+06 3.6066e+01 -3.2346e+03 -4.0015e+02 1.7692e+01 -2.5888e+03
-4.7966e+06 3.3483e+01 -3.2434e+03 -4.0012e+02 7.3276e+00 -2.5440e+03
-5.1039e+06 2.9385e+01 -3.2522e+03 -3.9981e+02 -9.8540e+00 -2.4994e+03
-5.2892e+06 2.6775e+01 -3.2608e+03 -3.9920e+02 -1.4054e+01 -2.4547e+03
-5.3408e+06 2.6225e+01 -3.2693e+03 -3.9830e+02 -7.5637e+00 -2.4097e+03
-5.3434e+06 2.6256e+01 -3.2777e+03 -3.9710e+02 -2.6685e+00 -2.3644e+03
-5.3358e+06 2.6253e+01 -3.2859e+03 -3.9561e+02 -1.7328e+00 -2.3191e+03
-5.3266e+06 2.6252e+01 -3.2940e+03 -3.9382e+02 -1.4283e+00 -2.2738e+03
-5.3122e+06 2.6252e+01 -3.3020e+03 -3.9174e+02 -1.2772e+00 -2.2283e+03
-5.2973e+06 2.6252e+01 -3.3099e+03 -3.8936e+02 -1.2781e+00 -2.1828e+03
-5.2826e+06 2.6253e+01 -3.3177e+03 -3.8669e+02 -1.5483e+00 -2.1371e+03
-5.2691e+06 2.6255e+01 -3.3253e+03 -3.8373e+02 -2.6654e+00 -2.0914e+03
-5.2500e+06 2.6211e+01 -3.3328e+03 -3.8047e+02 -8.3333e+00 -2.0458e+03
-5.1978e+06 2.6789e+01 -3.3401e+03 -3.7692e+02 -1.4260e+01 -1.9997e+03
-5.0780e+06 2.8489e+01 -3.3473e+03 -3.7308e+02 -8.2659e+00 -1.9541e+03
-4.9985e+06 2.8921e+01 -3.3544e+03 -3.6895e+02 -4.4841e+00 -1.9095e+03
-5.0220e+06 2.7250e+01 -3.3613e+03 -3.6453e+02 -1.2700e+01 -1.8630e+03
-5.0108e+06 2.6245e+01 -3.3681e+03 -3.5983e+02 -1.3947e+01 -1.8162e+03
-4.9003e+06 2.6276e+01 -3.3747e+03 -3.5484e+02 -1.3499e+01 -1.7714e+03
-4.6675e+06 2.8273e+01 -3.3812e+03 -3.4957e+02 -9.4922e+00 -1.7241e+03
-4.2919e+06 3.2598e+01 -3.3875e+03 -3.4402e+02 6.3854e+00 -1.6781e+03
-4.0312e+06 3.4227e+01 -3.3937e+03 -3.3819e+02 -1.6244e+01 -1.6343e+03
-3.8227e+06 3.1459e+01 -3.3997e+03 -3.3209e+02 -8.4086e+01 -1.5879e+03
-3.1634e+06 2.8121e+01 -3.4056e+03 -3.2571e+02 -1.2407e+02 -1.5424e+03
-1.7958e+06 2.6597e+01 -3.4113e+03 -3.1907e+02 -9.3032e+01 -1.4978e+03
-3.0713e+04 2.6322e+01 -3.4169e+03 -3.1216e+02 -1.2832e+01 -1.4522e+03
1.5907e+06 2.6254e+01 -3.4223e+03 -3.0498e+02 5.8752e+01 -1.4054e+03
2.6892e+06 2.6171e+01 -3.4275e+03 -2.9755e+02 9.5334e+01 -1.3610e+03
3.2675e+06 2.6296e+01 -3.4326e+03 -2.8986e+02 9.2530e+01 -1.3069e+03
3.3722e+06 2.8051e+01 -3.4375e+03 -2.8192e+02 5.4752e+01 -1.2693e+03
-4.4091e+06 3.6316e+01 -3.1987e+03 -4.1024e+02 -3.4927e+00 -2.7556e+03
-4.4330e+06 3.6314e+01 -3.2079e+03 -4.1112e+02 -7.9187e+00 -2.7189e+03
-4.4528e+06 3.6302e+01 -3.2171e+03 -4.1171e+02 -5.6225e-02 -2.6665e+03
-4.4872e+06 3.6363e+01 -3.2261e+03 -4.1200e+02 9.7792e+00 -2.6233e+03
-4.6066e+06 3.5848e+01 -3.2351e+03 -4.1201e+02 1.5894e+01 -2.5788e+03
-4.8738e+06 3.2792e+01 -3.2439e+03 -4.1173e+02 6.3085e+00 -2.5337e+03
-5.1725e+06 2.8397e+01 -3.2526e+03 -4.1115e+02 -1.0778e+01 -2.4890e+03
-5.3127e+06 2.6366e+01 -3.2613e+03 -4.1029e+02 -1.2107e+01 -2.4447e+03
-5.3362e+06 2.6257e+01 -3.2697e+03 -4.0913e+02 -5.3919e+00 -2.3997e+03
-5.3302e+06 2.6254e+01 -3.2781e+03 -4.0767e+02 -3.1736e+00 -2.3544e+03
-5.3181e+06 2.6252e+01 -3.2864e+03 -4.0592e+02 -2.3744e+00 -2.3093e+03
-5.2993e+06 2.6250e+01 -3.2945e+03 -4.0387e+02 -1.8442e+00 -2.2640e+03
-5.2833e+06 2.6249e+01 -3.3025e+03 -4.0154e+02 -1.4886e+00 -2.2186e+03
-5.2755e+06 2.6250e+01 -3.3103e+03 -3.9890e+02 -2.1147e+00 -2.1732e+03
-5.2748e+06 2.6253e+01 -3.3181e+03 -3.9598e+02 -2.9829e+00 -2.1276e+03
-5.2666e+06 2.6256e+01 -3.3257e+03 -3.9276e+02 -4.1965e+00 -2.0821e+03
-5.2523e+06 2.6215e+01 -3.3332e+03 -3.8925e+02 -8.4061e+00 -2.0362e+03
-5.2180e+06 2.6343e+01 -3.3405e+03 -3.8545e+02 -1.2809e+01 -1.9902e+03
-5.1715e+06 2.6529e+01 -3.3477e+03 -3.8136e+02 -1.5546e+01 -1.9453e+03
-5.1326e+06 2.6375e+01 -3.3547e+03 -3.7698e+02 -1.7694e+01 -1.9001e+03
-5.0899e+06 2.6235e+01 -3.3616e+03 -3.7232e+02 -1.5879e+01 -1.8537e+03
-5.0121e+06 2.6269e+01 -3.3684e+03 -3.6737e+02 -1.4572e+01 -1.8083e+03
-4.8877e+06 2.6852e+01 -3.3750e+03 -3.6214e+02 -1.8529e+01 -1.7628e+03
-4.6423e+06 2.9424e+01 -3.3815e+03 -3.5662e+02 -1.1119e+01 -1.7167e+03
-4.3202e+06 3.3127e+01 -3.3878e+03 -3.5084e+02 4.6505e+00 -1.6714e+03
-4.1082e+06 3.4002e+01 -3.3940e+03 -3.4477e+02 -1.3934e+01 -1.6255e+03
-3.9812e+06 3.1600e+01 -3.4000e+03 -3.3843e+02 -8.0477e+01 -1.5790e+03
-3.4680e+06 2.9614e+01 -3.4058e+03 -3.3183e+02 -1.3304e+02 -1.5343e+03
-2.1911e+06 2.9149e+01 -3.4115e+03 -3.2496e+02 -1.0590e+02 -1.4906e+03
-4.7006e+05 2.8448e+01 -3.4171e+03 -3.1782e+02 -3.5769e+01 -1.4448e+03
1.1266e+06 2.7151e+01 -3.4225e+03 -3.1042e+02 2.5213e+01 -1.4000e+03
2.4370e+06 2.7588e+01 -3.4277e+03 -3.0277e+02 7.7510e+01 -1.3454e+03
3.3136e+06 3.1044e+01 -3.4328e+03 -2.9486e+02 1.0639e+02 -1.3082e+03
-4.4009e+06 3.6318e+01 -3.1898e+03 -4.2204e+02 -3.8476e+00 -2.7901e+03
-4.4192e+06 3.6316e+01 -3.1992e+03 -4.2295e+02 -7.8153e+00 -2.7542e+03
-4.4345e+06 3.6307e+01 -3.2085e+03 -4.2357e+02 -2.1691e+00 -2.7023e+03
-4.4581e+06 3.6297e+01 -3.2176e+03 -4.2390e+02 3.3611e+00 -2.6591e+03
-4.5288e+06 3.6314e+01 -3.2267e+03 -4.2394e+02 1.2262e+01 -2.6151e+03
-4.7346e+06 3.4336e+01 -3.2356e+03 -4.2369e+02 1.1542e+01 -2.5701e+03
-5.0571e+06 2.9805e+01 -3.2444e+03 -4.2315e+02 -6.1698e+00 -2.5249e+03
-5.2651e+06 2.6768e+01 -3.2531e+03 -4.2232e+02 -1.2688e+01 -2.4808e+03
-5.3245e+06 2.6260e+01 -3.2617e+03 -4.2119e+02 -6.4273e+00 -2.4364e+03
-5.3237e+06 2.6256e+01 -3.2702e+03 -4.1977e+02 -3.4313e+00 -2.3914e+03
-5.3140e+06 2.6253e+01 -3.2786e+03 -4.1806e+02 -2.2673e+00 -2.3463e+03
-5.2926e+06 2.6250e+01 -3.2868e+03 -4.1605e+02 -1.5984e+00 -2.3012e+03
-5.2778e+06 2.6248e+01 -3.2949e+03 -4.1375e+02 -8.9086e-01 -2.2560e+03
-5.2688e+06 2.6249e+01 -3.3029e+03 -4.1116e+02 -1.2362e+00 -2.2107e+03
-5.2753e+06 2.6252e+01 -3.3108e+03 -4.0827e+02 -2.4654e+00 -2.1653e+03
-5.2703e+06 2.6255e+01 -3.3185e+03 -4.0509e+02 -3.2823e+00 -2.1200e+03
-5.2652e+06 2.6257e+01 -3.3261e+03 -4.0162e+02 -3.9170e+00 -2.0745e+03
-5.2430e+06 2.6259e+01 -3.3336e+03 -3.9786e+02 -6.2746e+00 -2.0288e+03
-5.2145e+06 2.6223e+01 -3.3409e+03 -3.9381e+02 -1.1825e+01 -1.9833e+03
-5.1537e+06 2.6394e+01 -3.3481e+03 -3.8947e+02 -1.4865e+01 -1.9384e+03
-5.0948e+06 2.6607e+01 -3.3551e+03 -3.8485e+02 -1.2971e+01 -1.8927e+03
-5.0539e+06 2.6407e+01 -3.3620e+03 -3.7994e+02 -1.3327e+01 -1.8464e+03
-5.0176e+06 2.6188e+01 -3.3687e+03 -3.7475e+02 -1.8319e+01 -1.8012e+03
-4.9149e+06 2.6792e+01 -3.3754e+03 -3.6928e+02 -2.4537e+01 -1.7560e+03
-4.6850e+06 2.9458e+01 -3.3818e+03 -3.6353e+02 -1.6646e+01 -1.7104e+03
-4.3447e+06 3.3102e+01 -3.3881e+03 -3.5751e+02 2.8711e+00 -1.6651e+03
-4.1042e+06 3.4741e+01 -3.3943e+03 -3.5121e+02 -4.3165e+00 -1.6188e+03
-3.9009e+06 3.4594e+01 -3.4003e+03 -3.4464e+02 -4.7367e+01 -1.5723e+03
-3.3822e+06 3.4362e+01 -3.4061e+03 -3.3781e+02 -8.4668e+01 -1.5284e+03
-2.3407e+06 3.3109e+01 -3.4118e+03 -3.3071e+02 -9.4667e+01 -1.4841e+03
-8.7460e+05 3.0735e+01 -3.4173e+03 -3.2335e+02 -6.3472e+01 -1.4397e+03
9.1140e+05 3.1054e+01 -3.4227e+03 -3.1574e+02 2.3068e+01 -1.3841e+03
2.5250e+06 3.4262e+01 -3.4279e+03 -3.0787e+02 1.0822e+02 -1.3469e+03
-4.3961e+06 3.6318e+01 -3.1810e+03 -4.3387e+02 3.9707e-01 -2.8247e+03
-4.4024e+06 3.6315e+01 -3.1904e+03 -4.3481e+02 -8.2409e-01 -2.7885e+03
-4.4129e+06 3.6306e+01 -3.1998e+03 -4.3546e+02 6.1640e+00 -2.7344e+03
-4.4312e+06 3.6299e+01 -3.2090e+03 -4.3582e+02 9.9284e+00 -2.6918e+03
-4.4854e+06 3.6271e+01 -3.2182e+03 -4.3590e+02 1.5304e+01 -2.6479e+03
-4.6671e+06 3.4497e+01 -3.2272e+03 -4.3569e+02 1.4068e+01 -2.6038e+03
-4.9840e+06 3.0266e+01 -3.2361e+03 -4.3518e+02 -2.6658e+00 -2.5585e+03
-5.2239e+06 2.7026e+01 -3.2450e+03 -4.3438e+02 -9.2290e+00 -2.5141e+03
-5.3109e+06 2.6264e+01 -3.2537e+03 -4.3329e+02 -1.4815e+00 -2.4702e+03
-5.3250e+06 2.6258e+01 -3.2623e+03 -4.3191e+02 2.8617e+00 -2.4254e+03
-5.3226e+06 2.6255e+01 -3.2707e+03 -4.3024e+02 4.0229e+00 -2.3805e+03
-5.3049e+06 2.6251e+01 -3.2791e+03 -4.2827e+02 4.7278e+00 -2.3356e+03
-5.2895e+06 2.6249e+01 -3.2873e+03 -4.2601e+02 5.6468e+00 -2.2905e+03
-5.2782e+06 2.6249e+01 -3.2954e+03 -4.2345e+02 5.7120e+00 -2.2454e+03
-5.2814e+06 2.6251e+01 -3.3034e+03 -4.2060e+02 4.8506e+00 -2.2002e+03
-5.2784e+06 2.6253e+01 -3.3112e+03 -4.1746e+02 4.0439e+00 -2.1550e+03
-5.2741e+06 2.6255e+01 -3.3189e+03 -4.1403e+02 3.8138e+00 -2.1097e+03
-5.2583e+06 2.6257e+01 -3.3265e+03 -4.1031e+02 2.4170e+00 -2.0643e+03
-5.2229e+06 2.6318e+01 -3.3340e+03 -4.0631e+02 -2.8498e+00 -2.0187e+03
-5.1080e+06 2.7421e+01 -3.3413e+03 -4.0201e+02 -1.6737e-01 -1.9733e+03
-4.9776e+06 2.8864e+01 -3.3484e+03 -3.9743e+02 1.1894e+01 -1.9277e+03
-4.9778e+06 2.8217e+01 -3.3555e+03 -3.9256e+02 8.3610e+00 -1.8819e+03
-5.0392e+06 2.6717e+01 -3.3624e+03 -3.8741e+02 -3.8806e+00 -1.8369e+03
-5.0312e+06 2.6222e+01 -3.3691e+03 -3.8198e+02 -1.1313e+01 -1.7921e+03
-4.9405e+06 2.6806e+01 -3.3757e+03 -3.7627e+02 -1.8503e+01 -1.7463e+03
-4.6955e+06 2.9481e+01 -3.3821e+03 -3.7029e+02 -1.1454e+01 -1.7014e+03
-4.3251e+06 3.3606e+01 -3.3884e+03 -3.6403e+02 1.1998e+01 -1.6570e+03
-4.0086e+06 3.6245e+01 -3.3946e+03 -3.5751e+02 1.8383e+01 -1.6109e+03
-3.7734e+06 3.6685e+01 -3.4006e+03 -3.5072e+02 -1.2113e+01 -1.5645e+03
-3.3719e+06 3.5978e+01 -3.4064e+03 -3.4366e+02 -6.2115e+01 -1.5191e+03
-2.4692e+06 3.4854e+01 -3.4121e+03 -3.3634e+02 -8.0076e+01 -1.4752e+03
-9.0523e+05 3.4919e+01 -3.4176e+03 -3.2876e+02 -2.7299e+01 -1.4196e+03
9.4442e+05 3.5978e+01 -3.4230e+03 -3.2093e+02 5.4370e+01 -1.3864e+03
-4.3821e+06 3.6315e+01 -3.1720e+03 -4.4573e+02 -2.8210e-01 -2.8537e+03
-4.4002e+06 3.6312e+01 -3.1815e+03 -4.4670e+02 6.5701e-02 -2.8231e+03
-4.4085e+06 3.6304e+01 -3.1910e+03 -4.4738e+02 5.8288e+00 -2.7785e+03
-4.4168e+06 3.6299e+01 -3.2003e+03 -4.4778e+02 9.1510e+00 -2.7328e+03
-4.4591e+06 3.6287e+01 -3.2096e+03 -4.4789e+02 1.2817e+01 -2.6895e+03
-4.5977e+06 3.5106e+01 -3.2187e+03 -4.4771e+02 1.3187e+01 -2.6459e+03
-4.8984e+06 3.1418e+01 -3.2278e+03 -4.4724e+02 -2.7289e+00 -2.6012e+03
-5.1805e+06 2.7564e+01 -3.2367e+03 -4.4648e+02 -1.5200e+01 -2.5562e+03
-5.3052e+06 2.6246e+01 -3.2455e+03 -4.4543e+02 -7.4805e+00 -2.5123e+03
-5.3304e+06 2.6261e+01 -3.2542e+03 -4.4408e+02 8.3995e-01 -2.4679e+03
-5.3396e+06 2.6257e+01 -3.2628e+03 -4.4245e+02 2.2619e+00 -2.4234e+03
-5.3289e+06 2.6254e+01 -3.2712e+03 -4.4052e+02 2.8308e+00 -2.3785e+03
-5.3183e+06 2.6251e+01 -3.2796e+03 -4.3829e+02 3.9476e+00 -2.3337e+03
-5.3036e+06 2.6250e+01 -3.2878e+03 -4.3578e+02 4.3198e+00 -2.2888e+03
-5.3024e+06 2.6251e+01 -3.2959e+03 -4.3297e+02 3.8639e+00 -2.2439e+03
-5.2933e+06 2.6252e+01 -3.3039e+03 -4.2987e+02 3.3478e+00 -2.1987e+03
-5.2923e+06 2.6253e+01 -3.3117e+03 -4.2648e+02 3.1929e+00 -2.1536e+03
-5.2770e+06 2.6256e+01 -3.3194e+03 -4.2280e+02 2.0340e+00 -2.1085e+03
-5.2448e+06 2.6458e+01 -3.3270e+03 -4.1884e+02 -2.5377e+00 -2.0627e+03
-5.0861e+06 2.8832e+01 -3.3344e+03 -4.1458e+02 7.8982e+00 -2.0167e+03
-4.8499e+06 3.2659e+01 -3.3417e+03 -4.1004e+02 3.8378e+01 -1.9723e+03
-4.8233e+06 3.2131e+01 -3.3488e+03 -4.0522e+02 3.7663e+01 -1.9274e+03
-5.0039e+06 2.8097e+01 -3.3559e+03 -4.0011e+02 6.9276e+00 -1.8818e+03
-5.0843e+06 2.6257e+01 -3.3627e+03 -3.9472e+02 -6.4926e+00 -1.8367e+03
-5.0491e+06 2.6230e+01 -3.3695e+03 -3.8906e+02 -1.1189e+01 -1.7917e+03
-4.9362e+06 2.6852e+01 -3.3760e+03 -3.8312e+02 -2.0499e+01 -1.7463e+03
-4.6811e+06 2.9628e+01 -3.3825e+03 -3.7690e+02 -1.6213e+01 -1.7012e+03
-4.3064e+06 3.3608e+01 -3.3887e+03 -3.7042e+02 3.0527e+00 -1.6576e+03
-4.0006e+06 3.5915e+01 -3.3949e+03 -3.6367e+02 6.7871e+00 -1.6132e+03
-3.7774e+06 3.6349e+01 -3.4009e+03 -3.5665e+02 -2.0189e+01 -1.5647e+03
-3.3702e+06 3.6364e+01 -3.4067e+03 -3.4937e+02 -5.1746e+01 -1.5225e+03
-2.4917e+06 3.6382e+01 -3.4123e+03 -3.4184e+02 -6.2634e+01 -1.4663e+03
-1.0877e+06 3.5954e+01 -3.4178e+03 -3.3405e+02 -3.9525e+01 -1.4175e+03
-4.3886e+06 3.6313e+01 -3.1630e+03 -4.5761e+02 -3.1226e+00 -2.8805e+03
-4.4113e+06 3.6310e+01 -3.1726e+03 -4.5861e+02 -4.7306e+00 -2.8415e+03
-4.4041e+06 3.6306e+01 -3.1822e+03 -4.5933e+02 -4.6164e+00 -2.7989e+03
-4.4224e+06 3.6302e+01 -3.1916e+03 -4.5976e+02 -2.3996e+00 -2.7526e+03
-4.4432e+06 3.6296e+01 -3.2009e+03 -4.5990e+02 1.2617e+00 -2.7098e+03
-4.5188e+06 3.6096e+01 -3.2102e+03 -4.5976e+02 8.5694e+00 -2.6663e+03
-4.7485e+06 3.3648e+01 -3.2193e+03 -4.5933e+02 -6.0997e-01 -2.6222e+03
-5.0808e+06 2.9083e+01 -3.2283e+03 -4.5860e+02 -2.2219e+01 -2.5777e+03
-5.2684e+06 2.6518e+01 -3.2372e+03 -4.5759e+02 -2.1537e+01 -2.5335e+03
-5.3230e+06 2.6266e+01 -3.2460e+03 -4.5628e+02 -9.6456e+00 -2.4887e+03
-5.3414e+06 2.6261e+01 -3.2547e+03 -4.5468e+02 -5.9085e+00 -2.4440e+03
-5.3386e+06 2.6258e+01 -3.2633e+03 -4.5279e+02 -5.1980e+00 -2.3993e+03
-5.3276e+06 2.6255e+01 -3.2718e+03 -4.5061e+02 -4.0747e+00 -2.3546e+03
-5.3127e+06 2.6254e+01 -3.2801e+03 -4.4813e+02 -3.4800e+00 -2.3096e+03
-5.3048e+06 2.6254e+01 -3.2883e+03 -4.4537e+02 -3.7330e+00 -2.2646e+03
-5.2966e+06 2.6254e+01 -3.2964e+03 -4.4231e+02 -4.1547e+00 -2.2195e+03
-5.2912e+06 2.6255e+01 -3.3043e+03 -4.3896e+02 -4.1895e+00 -2.1745e+03
-5.2851e+06 2.6258e+01 -3.3122e+03 -4.3533e+02 -4.9271e+00 -2.1295e+03
-5.2643e+06 2.6332e+01 -3.3198e+03 -4.3140e+02 -1.0627e+01 -2.0847e+03
-5.1368e+06 2.8491e+01 -3.3274e+03 -4.2719e+02 -4.4268e+00 -2.0398e+03
-4.8935e+06 3.2680e+01 -3.3348e+03 -4.2269e+02 2.6195e+01 -1.9947e+03
-4.8289e+06 3.2689e+01 -3.3421e+03 -4.1791e+02 3.1257e+01 -1.9486e+03
-4.9967e+06 2.8420e+01 -3.3492e+03 -4.1285e+02 2.7871e-01 -1.9034e+03
-5.0961e+06 2.6257e+01 -3.3563e+03 -4.0750e+02 -1.5840e+01 -1.8585e+03
-5.0693e+06 2.6270e+01 -3.3631e+03 -4.0188e+02 -1.4942e+01 -1.8133e+03
-4.9987e+06 2.6253e+01 -3.3698e+03 -3.9598e+02 -2.1618e+01 -1.7673e+03
-4.8563e+06 2.7131e+01 -3.3764e+03 -3.8981e+02 -3.4585e+01 -1.7221e+03
-4.5565e+06 3.0590e+01 -3.3828e+03 -3.8337e+02 -2.8570e+01 -1.6775e+03
-4.1822e+06 3.4773e+01 -3.3891e+03 -3.7666e+02 -1.0454e+01 -1.6336e+03
-3.9331e+06 3.6362e+01 -3.3952e+03 -3.6969e+02 -1.3014e+01 -1.5854e+03
-3.7470e+06 3.6338e+01 -3.4012e+03 -3.6245e+02 -3.3978e+01 -1.5430e+03
-3.4107e+06 3.6370e+01 -3.4070e+03 -3.5496e+02 -6.9497e+01 -1.4991e+03
-2.7031e+06 3.5034e+01 -3.4126e+03 -3.4721e+02 -1.0383e+02 -1.4469e+03
