  1    1089
-8.0766e+06 3.2384e+01 2.5203e+03 2.3324e+03 2.1244e+00 7.6008e+03
-8.0737e+06 3.2479e+01 2.5244e+03 2.3678e+03 -1.7531e+00 7.5535e+03
-7.9451e+06 3.3478e+01 2.5284e+03 2.4027e+03 6.3220e-01 7.5038e+03
-7.7954e+06 3.5267e+01 2.5324e+03 2.4371e+03 9.6474e+00 7.4524e+03
-7.7258e+06 3.6225e+01 2.5362e+03 2.4711e+03 1.0815e+01 7.4027e+03
-7.7417e+06 3.6301e+01 2.5400e+03 2.5046e+03 5.6828e+00 7.3518e+03
-7.6910e+06 3.6305e+01 2.5437e+03 2.5376e+03 4.9133e+00 7.3012e+03
-7.6868e+06 3.6306e+01 2.5473e+03 2.5702e+03 5.3527e+00 7.2505e+03
-7.6581e+06 3.6307e+01 2.5508e+03 2.6023e+03 5.8007e+00 7.1996e+03
-7.6839e+06 3.6308e+01 2.5542e+03 2.6340e+03 4.6982e+00 7.1484e+03
-7.6581e+06 3.6308e+01 2.5575e+03 2.6653e+03 4.3292e+00 7.0972e+03
-7.6936e+06 3.6310e+01 2.5608e+03 2.6960e+03 2.1980e+00 7.0458e+03
-7.6587e+06 3.6312e+01 2.5640e+03 2.7264e+03 2.0799e+00 6.9943e+03
-7.6783e+06 3.6316e+01 2.5671e+03 2.7563e+03 4.7892e-01 6.9426e+03
-7.5969e+06 3.6322e+01 2.5701e+03 2.7857e+03 3.0066e+00 6.8910e+03
-7.6028e+06 3.6327e+01 2.5731e+03 2.8147e+03 1.4860e+00 6.8391e+03
-7.5043e+06 3.6331e+01 2.5760e+03 2.8433e+03 4.4859e+00 6.7874e+03
-7.4977e+06 3.6332e+01 2.5789e+03 2.8714e+03 1.1424e+00 6.7354e+03
-7.3416e+06 3.6330e+01 2.5817e+03 2.8991e+03 5.4377e+00 6.6836e+03
-7.3363e+06 3.6325e+01 2.5844e+03 2.9264e+03 -1.1795e+00 6.6313e+03
-7.1176e+06 3.6318e+01 2.5871e+03 2.9532e+03 5.4352e+00 6.5795e+03
-7.1283e+06 3.6311e+01 2.5897e+03 2.9797e+03 -4.2889e+00 6.5272e+03
-6.8309e+06 3.6306e+01 2.5923e+03 3.0057e+03 8.2914e+00 6.4757e+03
-6.9065e+06 3.6304e+01 2.5948e+03 3.0313e+03 -8.4680e+00 6.4225e+03
-6.5091e+06 3.6306e+01 2.5972e+03 3.0564e+03 1.6223e+01 6.3715e+03
-6.7356e+06 3.6313e+01 2.5996e+03 3.0812e+03 -2.5143e+01 6.3069e+03
-6.2335e+06 3.6330e+01 2.6020e+03 3.1056e+03 -1.3661e+02 5.8889e+03
-6.6631e+06 3.6341e+01 2.6012e+03 3.1290e+03 -2.5248e+02 5.1174e+03
-5.8979e+06 3.6349e+01 2.5974e+03 3.1513e+03 -1.1550e+02 4.5065e+03
-6.5977e+06 3.6360e+01 2.5935e+03 3.1730e+03 -1.2289e+02 4.2143e+03
-5.3505e+06 3.6396e+01 2.5895e+03 3.1942e+03 -1.7934e+01 4.0889e+03
-6.5847e+06 3.6453e+01 2.5854e+03 3.2148e+03 -2.6376e+01 3.9983e+03
-4.5040e+06 3.6571e+01 2.5823e+03 3.2351e+03 1.1685e+02 3.8997e+03
-8.0107e+06 3.2385e+01 2.5083e+03 2.3350e+03 1.7986e+00 7.6135e+03
-7.9500e+06 3.2625e+01 2.5126e+03 2.3705e+03 2.7341e+00 7.5724e+03
-7.9214e+06 3.3839e+01 2.5168e+03 2.4055e+03 5.7676e+00 7.5099e+03
-7.8205e+06 3.5556e+01 2.5210e+03 2.4400e+03 1.1389e+01 7.4607e+03
-7.7121e+06 3.6298e+01 2.5250e+03 2.4741e+03 1.2941e+01 7.4106e+03
-7.6495e+06 3.6300e+01 2.5289e+03 2.5077e+03 1.0461e+01 7.3595e+03
-7.6796e+06 3.6303e+01 2.5327e+03 2.5409e+03 8.6773e+00 7.3086e+03
-7.6839e+06 3.6304e+01 2.5365e+03 2.5735e+03 7.5764e+00 7.2576e+03
-7.6918e+06 3.6305e+01 2.5402e+03 2.6058e+03 7.6437e+00 7.2063e+03
-7.6723e+06 3.6306e+01 2.5437e+03 2.6376e+03 7.5550e+00 7.1549e+03
-7.6765e+06 3.6307e+01 2.5472e+03 2.6689e+03 7.7427e+00 7.1033e+03
-7.6541e+06 3.6308e+01 2.5506e+03 2.6998e+03 7.1237e+00 7.0515e+03
-7.6493e+06 3.6310e+01 2.5540e+03 2.7302e+03 7.1309e+00 6.9997e+03
-7.6327e+06 3.6313e+01 2.5572e+03 2.7602e+03 5.7616e+00 6.9477e+03
-7.6277e+06 3.6318e+01 2.5604e+03 2.7897e+03 5.8165e+00 6.8958e+03
-7.5967e+06 3.6324e+01 2.5635e+03 2.8188e+03 5.1248e+00 6.8437e+03
-7.5334e+06 3.6328e+01 2.5666e+03 2.8474e+03 7.1728e+00 6.7916e+03
-7.4877e+06 3.6330e+01 2.5696e+03 2.8756e+03 5.7783e+00 6.7393e+03
-7.3928e+06 3.6328e+01 2.5725e+03 2.9034e+03 6.9199e+00 6.6870e+03
-7.3278e+06 3.6323e+01 2.5754e+03 2.9307e+03 3.2418e+00 6.6344e+03
-7.1799e+06 3.6316e+01 2.5782e+03 2.9577e+03 5.5875e+00 6.5823e+03
-7.1049e+06 3.6307e+01 2.5809e+03 2.9841e+03 1.7588e+00 6.5301e+03
-6.9010e+06 3.6301e+01 2.5836e+03 3.0102e+03 7.3844e+00 6.4780e+03
-6.8568e+06 3.6297e+01 2.5862e+03 3.0359e+03 4.3986e-01 6.4251e+03
-6.6167e+06 3.6299e+01 2.5888e+03 3.0611e+03 1.0094e+01 6.3727e+03
-6.6456e+06 3.6304e+01 2.5913e+03 3.0859e+03 -3.9196e+00 6.3153e+03
-6.3623e+06 3.6312e+01 2.5938e+03 3.1103e+03 -9.4165e+00 6.1597e+03
-6.4855e+06 3.6319e+01 2.5962e+03 3.1343e+03 -3.0926e+01 5.8035e+03
-6.0906e+06 3.6331e+01 2.5980e+03 3.1578e+03 -2.5336e+01 5.2074e+03
-6.3321e+06 3.6349e+01 2.5944e+03 3.1797e+03 -5.2776e+01 4.6053e+03
-5.7731e+06 3.6384e+01 2.5906e+03 3.2010e+03 5.1285e+01 4.2538e+03
-6.0562e+06 3.6444e+01 2.5878e+03 3.2220e+03 9.9743e+01 4.0848e+03
-5.0086e+06 3.6563e+01 2.5851e+03 3.2425e+03 1.5051e+02 3.9764e+03
-8.0494e+06 3.2387e+01 2.4961e+03 2.3381e+03 -7.0294e-01 7.6235e+03
-8.0476e+06 3.2498e+01 2.5006e+03 2.3736e+03 -5.7274e+00 7.5930e+03
-7.8849e+06 3.3578e+01 2.5050e+03 2.4087e+03 -2.4606e+00 7.5236e+03
-7.7180e+06 3.5418e+01 2.5094e+03 2.4434e+03 7.1151e+00 7.4748e+03
-7.6862e+06 3.6296e+01 2.5136e+03 2.4776e+03 5.5209e+00 7.4246e+03
-7.7325e+06 3.6303e+01 2.5177e+03 2.5113e+03 -4.9477e-01 7.3733e+03
-7.6820e+06 3.6306e+01 2.5217e+03 2.5445e+03 -1.0389e-01 7.3220e+03
-7.6702e+06 3.6307e+01 2.5256e+03 2.5773e+03 1.4750e+00 7.2705e+03
-7.6531e+06 3.6308e+01 2.5294e+03 2.6096e+03 1.6981e+00 7.2189e+03
-7.6804e+06 3.6309e+01 2.5331e+03 2.6415e+03 1.2316e+00 7.1671e+03
-7.6725e+06 3.6311e+01 2.5368e+03 2.6729e+03 6.7515e-01 7.1152e+03
-7.7064e+06 3.6312e+01 2.5403e+03 2.7039e+03 -7.5438e-01 7.0631e+03
-7.6962e+06 3.6314e+01 2.5438e+03 2.7344e+03 -2.1414e+00 7.0109e+03
-7.7030e+06 3.6316e+01 2.5472e+03 2.7644e+03 -3.1198e+00 6.9587e+03
-7.6473e+06 3.6321e+01 2.5506e+03 2.7940e+03 -2.4676e+00 6.9063e+03
-7.6257e+06 3.6326e+01 2.5538e+03 2.8232e+03 -2.0014e+00 6.8538e+03
-7.5720e+06 3.6331e+01 2.5570e+03 2.8519e+03 -9.6674e-01 6.8014e+03
-7.5158e+06 3.6333e+01 2.5601e+03 2.8802e+03 -8.3757e-01 6.7488e+03
-7.4240e+06 3.6331e+01 2.5632e+03 2.9080e+03 -1.0606e+00 6.6960e+03
-7.3450e+06 3.6326e+01 2.5662e+03 2.9354e+03 -3.1539e+00 6.6433e+03
-7.2198e+06 3.6319e+01 2.5691e+03 2.9624e+03 -2.4860e+00 6.5908e+03
-7.1013e+06 3.6310e+01 2.5720e+03 2.9889e+03 -2.3765e+00 6.5384e+03
-6.9488e+06 3.6303e+01 2.5748e+03 3.0150e+03 -2.2272e-01 6.4860e+03
-6.8327e+06 3.6299e+01 2.5775e+03 3.0407e+03 -1.9347e+00 6.4334e+03
-6.6925e+06 3.6301e+01 2.5802e+03 3.0660e+03 -1.0661e-01 6.3803e+03
-6.6172e+06 3.6307e+01 2.5828e+03 3.0909e+03 -3.2386e+00 6.3257e+03
-6.4628e+06 3.6312e+01 2.5854e+03 3.1153e+03 9.7039e-01 6.2693e+03
-6.4159e+06 3.6319e+01 2.5879e+03 3.1394e+03 -9.4443e+00 6.1882e+03
-6.2264e+06 3.6330e+01 2.5904e+03 3.1630e+03 -2.3635e+01 5.9306e+03
-6.2100e+06 3.6348e+01 2.5929e+03 3.1863e+03 -2.1302e+01 5.4208e+03
-5.9248e+06 3.6383e+01 2.5921e+03 3.2084e+03 6.2691e+01 4.8833e+03
-5.9124e+06 3.6446e+01 2.5898e+03 3.2296e+03 1.3764e+02 4.4443e+03
-5.3152e+06 3.6564e+01 2.5874e+03 3.2502e+03 1.5671e+02 4.1401e+03
-7.9766e+06 3.2385e+01 2.4838e+03 2.3416e+03 -7.9097e-01 7.6362e+03
-7.8879e+06 3.2424e+01 2.4885e+03 2.3773e+03 -3.9997e+00 7.6030e+03
-7.8815e+06 3.3446e+01 2.4931e+03 2.4125e+03 -7.2261e+00 7.5349e+03
-7.7933e+06 3.5375e+01 2.4976e+03 2.4472e+03 -7.4065e-01 7.4856e+03
-7.6759e+06 3.6310e+01 2.5020e+03 2.4815e+03 3.0696e+00 7.4347e+03
-7.6077e+06 3.6302e+01 2.5063e+03 2.5153e+03 1.6262e+00 7.3831e+03
-7.6628e+06 3.6305e+01 2.5104e+03 2.5486e+03 -4.3699e-01 7.3316e+03
-7.6829e+06 3.6306e+01 2.5145e+03 2.5815e+03 -2.2261e+00 7.2799e+03
-7.7028e+06 3.6307e+01 2.5185e+03 2.6139e+03 -2.5303e+00 7.2280e+03
-7.6835e+06 3.6309e+01 2.5224e+03 2.6458e+03 -2.1179e+00 7.1758e+03
-7.6955e+06 3.6311e+01 2.5262e+03 2.6773e+03 -1.5655e+00 7.1235e+03
-7.6664e+06 3.6312e+01 2.5299e+03 2.7083e+03 -1.1111e+00 7.0711e+03
-7.6689e+06 3.6314e+01 2.5335e+03 2.7389e+03 -1.3879e+00 7.0186e+03
-7.6493e+06 3.6316e+01 2.5371e+03 2.7690e+03 -2.5079e+00 6.9660e+03
-7.6674e+06 3.6320e+01 2.5406e+03 2.7987e+03 -4.1494e+00 6.9134e+03
-7.6284e+06 3.6325e+01 2.5440e+03 2.8279e+03 -4.1175e+00 6.8606e+03
-7.5761e+06 3.6330e+01 2.5473e+03 2.8567e+03 -2.7668e+00 6.8078e+03
-7.5118e+06 3.6333e+01 2.5506e+03 2.8850e+03 -2.1585e+00 6.7551e+03
-7.4437e+06 3.6331e+01 2.5537e+03 2.9129e+03 -3.4392e+00 6.7023e+03
-7.3452e+06 3.6327e+01 2.5569e+03 2.9403e+03 -4.5636e+00 6.6495e+03
-7.2381e+06 3.6320e+01 2.5599e+03 2.9674e+03 -5.2577e+00 6.5966e+03
-7.1048e+06 3.6311e+01 2.5629e+03 2.9939e+03 -3.4793e+00 6.5434e+03
-6.9691e+06 3.6304e+01 2.5658e+03 3.0201e+03 -2.7401e+00 6.4905e+03
-6.8385e+06 3.6301e+01 2.5687e+03 3.0459e+03 -1.8720e+00 6.4378e+03
-6.7269e+06 3.6304e+01 2.5715e+03 3.0712e+03 -3.3436e+00 6.3846e+03
-6.6111e+06 3.6309e+01 2.5742e+03 3.0961e+03 -2.1687e+00 6.3312e+03
-6.5206e+06 3.6315e+01 2.5769e+03 3.1206e+03 -4.9003e+00 6.2778e+03
-6.3924e+06 3.6320e+01 2.5796e+03 3.1447e+03 -5.3237e+00 6.2243e+03
-6.3125e+06 3.6330e+01 2.5822e+03 3.1683e+03 -1.3492e+01 6.1633e+03
-6.1344e+06 3.6349e+01 2.5847e+03 3.1916e+03 -1.7311e+01 6.0059e+03
-6.0385e+06 3.6387e+01 2.5872e+03 3.2145e+03 -6.6895e-01 5.7120e+03
-5.7423e+06 3.6454e+01 2.5896e+03 3.2370e+03 4.9175e+01 5.2690e+03
-5.4251e+06 3.6572e+01 2.5892e+03 3.2583e+03 6.3854e+01 4.7072e+03
-7.9931e+06 3.2371e+01 2.4713e+03 2.3456e+03 -2.4672e+00 7.6475e+03
-7.9922e+06 3.2738e+01 2.4762e+03 2.3814e+03 -8.1675e+00 7.6139e+03
-7.7726e+06 3.4116e+01 2.4810e+03 2.4166e+03 -1.0697e+00 7.5454e+03
-7.6034e+06 3.5711e+01 2.4857e+03 2.4514e+03 8.3858e+00 7.4958e+03
-7.6318e+06 3.6303e+01 2.4902e+03 2.4858e+03 5.0967e+00 7.4444e+03
-7.7160e+06 3.6300e+01 2.4947e+03 2.5197e+03 -3.8492e-01 7.3929e+03
-7.6595e+06 3.6302e+01 2.4990e+03 2.5531e+03 2.0354e-01 7.3409e+03
-7.6447e+06 3.6304e+01 2.5033e+03 2.5860e+03 2.1005e+00 7.2887e+03
-7.6362e+06 3.6305e+01 2.5074e+03 2.6185e+03 2.0913e+00 7.2365e+03
-7.6737e+06 3.6307e+01 2.5115e+03 2.6505e+03 1.4270e+00 7.1841e+03
-7.6772e+06 3.6309e+01 2.5155e+03 2.6820e+03 4.9246e-01 7.1315e+03
-7.7179e+06 3.6311e+01 2.5193e+03 2.7131e+03 -6.1039e-01 7.0788e+03
-7.7201e+06 3.6312e+01 2.5231e+03 2.7438e+03 -2.3807e+00 7.0261e+03
-7.7247e+06 3.6315e+01 2.5268e+03 2.7739e+03 -3.0076e+00 6.9731e+03
-7.6721e+06 3.6318e+01 2.5304e+03 2.8037e+03 -3.0157e+00 6.9201e+03
-7.6395e+06 3.6324e+01 2.5340e+03 2.8329e+03 -2.2106e+00 6.8670e+03
-7.5992e+06 3.6329e+01 2.5374e+03 2.8618e+03 -1.4874e+00 6.8139e+03
-7.5189e+06 3.6332e+01 2.5408e+03 2.8901e+03 4.9944e-01 6.7608e+03
-7.4462e+06 3.6331e+01 2.5442e+03 2.9181e+03 -6.2762e-01 6.7076e+03
-7.3403e+06 3.6327e+01 2.5474e+03 2.9456e+03 -1.2162e+00 6.6546e+03
-7.2447e+06 3.6319e+01 2.5506e+03 2.9726e+03 -3.8229e+00 6.6010e+03
-7.0826e+06 3.6310e+01 2.5537e+03 2.9993e+03 -1.5884e+00 6.5472e+03
-6.9866e+06 3.6304e+01 2.5567e+03 3.0255e+03 -2.2700e+00 6.4936e+03
-6.8097e+06 3.6303e+01 2.5597e+03 3.0513e+03 1.9419e+00 6.4409e+03
-6.7587e+06 3.6305e+01 2.5627e+03 3.0766e+03 -2.1156e+00 6.3882e+03
-6.5870e+06 3.6311e+01 2.5655e+03 3.1016e+03 1.4899e+00 6.3354e+03
-6.5680e+06 3.6315e+01 2.5683e+03 3.1261e+03 -5.1576e+00 6.2819e+03
-6.3455e+06 3.6320e+01 2.5711e+03 3.1502e+03 1.6150e+00 6.2289e+03
-6.3639e+06 3.6329e+01 2.5738e+03 3.1739e+03 -1.2851e+01 6.1754e+03
-6.0888e+06 3.6351e+01 2.5764e+03 3.1972e+03 -7.4480e+00 6.1189e+03
-6.1512e+06 3.6395e+01 2.5790e+03 3.2201e+03 -4.2210e+01 6.0574e+03
-5.6136e+06 3.6467e+01 2.5816e+03 3.2427e+03 -3.7284e+01 5.8948e+03
-5.5574e+06 3.6588e+01 2.5841e+03 3.2648e+03 -4.8641e+01 5.4645e+03
-7.8879e+06 3.2518e+01 2.4587e+03 2.3501e+03 -2.4176e+00 7.6581e+03
-7.7133e+06 3.3539e+01 2.4638e+03 2.3859e+03 2.1245e+00 7.6235e+03
-7.7088e+06 3.5223e+01 2.4688e+03 2.4213e+03 4.7014e+00 7.5557e+03
-7.7095e+06 3.6167e+01 2.4736e+03 2.4562e+03 3.4540e+00 7.5059e+03
-7.6348e+06 3.6295e+01 2.4784e+03 2.4906e+03 3.2022e+00 7.4538e+03
-7.5519e+06 3.6300e+01 2.4830e+03 2.5245e+03 4.6142e+00 7.4018e+03
-7.6381e+06 3.6302e+01 2.4875e+03 2.5580e+03 2.0543e+00 7.3496e+03
-7.6748e+06 3.6303e+01 2.4919e+03 2.5910e+03 -5.0269e-01 7.2973e+03
-7.7078e+06 3.6305e+01 2.4962e+03 2.6235e+03 -9.9879e-01 7.2447e+03
-7.6845e+06 3.6307e+01 2.5005e+03 2.6556e+03 -2.1792e-01 7.1920e+03
-7.7021e+06 3.6309e+01 2.5046e+03 2.6872e+03 3.4030e-01 7.1390e+03
-7.6591e+06 3.6311e+01 2.5086e+03 2.7183e+03 1.8746e+00 7.0860e+03
-7.6648e+06 3.6313e+01 2.5125e+03 2.7490e+03 1.9161e+00 7.0328e+03
-7.6413e+06 3.6315e+01 2.5164e+03 2.7792e+03 9.6452e-01 6.9796e+03
-7.6840e+06 3.6318e+01 2.5202e+03 2.8090e+03 -2.0907e+00 6.9263e+03
-7.6381e+06 3.6323e+01 2.5239e+03 2.8383e+03 -2.2073e+00 6.8730e+03
-7.5909e+06 3.6329e+01 2.5275e+03 2.8672e+03 -1.2768e+00 6.8196e+03
-7.5079e+06 3.6333e+01 2.5310e+03 2.8956e+03 1.4964e+00 6.7662e+03
-7.4528e+06 3.6333e+01 2.5344e+03 2.9236e+03 5.3069e-01 6.7126e+03
-7.3207e+06 3.6329e+01 2.5378e+03 2.9511e+03 1.5647e+00 6.6591e+03
-7.2396e+06 3.6320e+01 2.5411e+03 2.9782e+03 -3.4053e+00 6.6053e+03
-7.0703e+06 3.6310e+01 2.5444e+03 3.0049e+03 -1.9067e+00 6.5515e+03
-6.9854e+06 3.6304e+01 2.5475e+03 3.0311e+03 -3.9686e+00 6.4975e+03
-6.7998e+06 3.6303e+01 2.5507e+03 3.0569e+03 3.6665e+00 6.4443e+03
-6.7679e+06 3.6306e+01 2.5537e+03 3.0823e+03 -3.4504e+00 6.3910e+03
-6.5653e+06 3.6311e+01 2.5567e+03 3.1073e+03 2.0567e+00 6.3384e+03
-6.5934e+06 3.6315e+01 2.5596e+03 3.1318e+03 -9.3668e+00 6.2849e+03
-6.3086e+06 3.6320e+01 2.5625e+03 3.1560e+03 4.0026e+00 6.2321e+03
-6.4188e+06 3.6330e+01 2.5653e+03 3.1797e+03 -1.6436e+01 6.1786e+03
-6.0104e+06 3.6354e+01 2.5680e+03 3.2030e+03 -1.7168e+00 6.1247e+03
-6.2237e+06 3.6400e+01 2.5707e+03 3.2260e+03 -5.1449e+01 6.0714e+03
-5.4787e+06 3.6478e+01 2.5734e+03 3.2485e+03 -3.3070e+01 6.0031e+03
-5.6819e+06 3.6606e+01 2.5760e+03 3.2706e+03 -9.8630e+01 5.8693e+03
-7.8764e+06 3.3660e+01 2.4459e+03 2.3551e+03 -4.2937e+00 7.6684e+03
-7.8660e+06 3.4811e+01 2.4512e+03 2.3909e+03 -4.9572e+00 7.6332e+03
-7.6288e+06 3.5980e+01 2.4564e+03 2.4264e+03 5.1105e+00 7.5651e+03
-7.5119e+06 3.6326e+01 2.4614e+03 2.4613e+03 8.9847e+00 7.5149e+03
-7.6201e+06 3.6297e+01 2.4663e+03 2.4958e+03 2.0245e+00 7.4629e+03
-7.7355e+06 3.6299e+01 2.4711e+03 2.5298e+03 -2.6102e+00 7.4107e+03
-7.6614e+06 3.6301e+01 2.4758e+03 2.5633e+03 -1.0966e+00 7.3581e+03
-7.6324e+06 3.6303e+01 2.4804e+03 2.5963e+03 1.4031e+00 7.3052e+03
-7.6368e+06 3.6305e+01 2.4849e+03 2.6289e+03 1.1709e+00 7.2523e+03
-7.6800e+06 3.6307e+01 2.4893e+03 2.6610e+03 8.2169e-01 7.1994e+03
-7.6981e+06 3.6309e+01 2.4936e+03 2.6927e+03 -5.9393e-01 7.1462e+03
-7.7410e+06 3.6311e+01 2.4978e+03 2.7239e+03 -1.4390e+00 7.0929e+03
-7.7603e+06 3.6313e+01 2.5019e+03 2.7546e+03 -3.7612e+00 7.0395e+03
-7.7551e+06 3.6315e+01 2.5059e+03 2.7849e+03 -3.8715e+00 6.9860e+03
-7.7050e+06 3.6318e+01 2.5098e+03 2.8147e+03 -4.3661e+00 6.9322e+03
-7.6560e+06 3.6324e+01 2.5136e+03 2.8440e+03 -3.3245e+00 6.8786e+03
-7.6466e+06 3.6331e+01 2.5173e+03 2.8729e+03 -4.9869e+00 6.8249e+03
-7.5311e+06 3.6335e+01 2.5210e+03 2.9014e+03 -8.0444e-01 6.7712e+03
-7.4691e+06 3.6336e+01 2.5246e+03 2.9294e+03 -5.3181e-01 6.7175e+03
-7.3139e+06 3.6332e+01 2.5281e+03 2.9570e+03 3.0811e+00 6.6639e+03
-7.2514e+06 3.6322e+01 2.5316e+03 2.9841e+03 -3.1767e+00 6.6101e+03
-7.0320e+06 3.6312e+01 2.5349e+03 3.0108e+03 5.6110e-01 6.5568e+03
-7.0000e+06 3.6304e+01 2.5382e+03 3.0371e+03 -3.9924e+00 6.5025e+03
-6.7369e+06 3.6303e+01 2.5415e+03 3.0629e+03 7.5547e+00 6.4486e+03
-6.8021e+06 3.6305e+01 2.5446e+03 3.0883e+03 -6.3602e+00 6.3944e+03
-6.5059e+06 3.6310e+01 2.5477e+03 3.1133e+03 4.6682e+00 6.3413e+03
-6.6434e+06 3.6313e+01 2.5508e+03 3.1379e+03 -1.3086e+01 6.2870e+03
-6.2163e+06 3.6321e+01 2.5538e+03 3.1620e+03 1.1276e+01 6.2345e+03
-6.5250e+06 3.6333e+01 2.5567e+03 3.1858e+03 -2.6717e+01 6.1807e+03
-5.9047e+06 3.6358e+01 2.5595e+03 3.2091e+03 5.3812e+00 6.1270e+03
-6.3247e+06 3.6401e+01 2.5623e+03 3.2320e+03 -5.8267e+01 6.0738e+03
-5.2209e+06 3.6483e+01 2.5651e+03 3.2546e+03 -1.1361e+01 6.0040e+03
-5.8425e+06 3.6622e+01 2.5678e+03 3.2767e+03 -1.3650e+02 5.9636e+03
-7.6789e+06 3.5457e+01 2.4330e+03 2.3605e+03 6.7697e+00 7.6779e+03
-7.5196e+06 3.5912e+01 2.4385e+03 2.3964e+03 9.0940e+00 7.6419e+03
-7.6761e+06 3.6232e+01 2.4439e+03 2.4319e+03 1.2157e+00 7.5744e+03
-7.7670e+06 3.6294e+01 2.4491e+03 2.4669e+03 -3.6932e+00 7.5241e+03
-7.6520e+06 3.6297e+01 2.4542e+03 2.5014e+03 8.7575e-01 7.4714e+03
-7.5126e+06 3.6298e+01 2.4592e+03 2.5354e+03 7.4567e+00 7.4186e+03
-7.6277e+06 3.6299e+01 2.4640e+03 2.5690e+03 4.9413e+00 7.3659e+03
-7.6934e+06 3.6302e+01 2.4688e+03 2.6021e+03 -2.7013e-01 7.3130e+03
-7.7458e+06 3.6304e+01 2.4734e+03 2.6347e+03 -2.6050e+00 7.2597e+03
-7.7139e+06 3.6307e+01 2.4780e+03 2.6669e+03 -1.2009e+00 7.2064e+03
-7.7365e+06 3.6309e+01 2.4824e+03 2.6986e+03 -6.6080e-01 7.1528e+03
-7.6722e+06 3.6311e+01 2.4868e+03 2.7298e+03 1.9921e+00 7.0991e+03
-7.6817e+06 3.6313e+01 2.4910e+03 2.7606e+03 1.7819e+00 7.0453e+03
-7.6403e+06 3.6315e+01 2.4952e+03 2.7909e+03 1.9254e+00 6.9916e+03
-7.7174e+06 3.6319e+01 2.4992e+03 2.8207e+03 -2.8601e+00 6.9377e+03
-7.6536e+06 3.6325e+01 2.5032e+03 2.8501e+03 -2.0208e+00 6.8838e+03
-7.6336e+06 3.6332e+01 2.5071e+03 2.8790e+03 -4.3901e+00 6.8296e+03
-7.5172e+06 3.6337e+01 2.5109e+03 2.9075e+03 5.9448e-02 6.7757e+03
-7.4987e+06 3.6338e+01 2.5146e+03 2.9355e+03 -2.5128e+00 6.7215e+03
-7.2870e+06 3.6334e+01 2.5183e+03 2.9631e+03 5.1307e+00 6.6677e+03
-7.2728e+06 3.6324e+01 2.5219e+03 2.9903e+03 -3.4247e+00 6.6136e+03
-7.0027e+06 3.6314e+01 2.5254e+03 3.0170e+03 4.8582e+00 6.5602e+03
-7.0294e+06 3.6305e+01 2.5288e+03 3.0433e+03 -5.5886e+00 6.5058e+03
-6.6890e+06 3.6302e+01 2.5321e+03 3.0691e+03 1.1170e+01 6.4524e+03
-6.8637e+06 3.6304e+01 2.5354e+03 3.0945e+03 -1.2012e+01 6.3975e+03
-6.4040e+06 3.6309e+01 2.5387e+03 3.1195e+03 1.2213e+01 6.3440e+03
-6.7288e+06 3.6311e+01 2.5418e+03 3.1441e+03 -1.6996e+01 6.2886e+03
-6.0629e+06 3.6321e+01 2.5449e+03 3.1683e+03 2.3211e+01 6.2366e+03
-6.7432e+06 3.6336e+01 2.5479e+03 3.1920e+03 -4.8563e+01 6.1818e+03
-5.6689e+06 3.6364e+01 2.5509e+03 3.2154e+03 1.1981e+01 6.1290e+03
-6.6027e+06 3.6405e+01 2.5538e+03 3.2383e+03 -8.3151e+01 6.0744e+03
-4.7334e+06 3.6494e+01 2.5567e+03 3.2609e+03 1.4227e+01 6.0061e+03
-6.2583e+06 3.6643e+01 2.5595e+03 3.2830e+03 -1.7489e+02 5.9779e+03
-7.7205e+06 3.6282e+01 2.4200e+03 2.3664e+03 6.6884e+00 7.6875e+03
-7.8390e+06 3.6292e+01 2.4257e+03 2.4024e+03 -1.9789e+00 7.6513e+03
-7.6391e+06 3.6297e+01 2.4312e+03 2.4379e+03 8.6538e-01 7.5828e+03
-7.5059e+06 3.6298e+01 2.4366e+03 2.4729e+03 6.7123e+00 7.5319e+03
-7.6525e+06 3.6299e+01 2.4419e+03 2.5075e+03 1.4274e+00 7.4794e+03
-7.7947e+06 3.6299e+01 2.4471e+03 2.5415e+03 -2.1905e+00 7.4266e+03
-7.6897e+06 3.6300e+01 2.4521e+03 2.5751e+03 9.7139e-01 7.3733e+03
-7.6343e+06 3.6302e+01 2.4570e+03 2.6083e+03 4.5089e+00 7.3199e+03
-7.6530e+06 3.6305e+01 2.4618e+03 2.6409e+03 2.8357e+00 7.2663e+03
-7.6988e+06 3.6308e+01 2.4666e+03 2.6731e+03 1.8936e+00 7.2128e+03
-7.7388e+06 3.6310e+01 2.4712e+03 2.7048e+03 -1.0831e+00 7.1590e+03
-7.7803e+06 3.6312e+01 2.4757e+03 2.7361e+03 -1.8719e+00 7.1052e+03
-7.8276e+06 3.6313e+01 2.4801e+03 2.7669e+03 -5.8700e+00 7.0512e+03
-7.7912e+06 3.6315e+01 2.4844e+03 2.7972e+03 -4.0294e+00 6.9971e+03
-7.7490e+06 3.6319e+01 2.4886e+03 2.8270e+03 -5.1767e+00 6.9427e+03
-7.6540e+06 3.6326e+01 2.4927e+03 2.8565e+03 -1.3003e+00 6.8885e+03
-7.7035e+06 3.6333e+01 2.4967e+03 2.8854e+03 -6.7455e+00 6.8339e+03
-7.5188e+06 3.6338e+01 2.5007e+03 2.9139e+03 3.4576e-02 6.7797e+03
-7.5248e+06 3.6338e+01 2.5046e+03 2.9420e+03 -5.1677e+00 6.7249e+03
-7.2657e+06 3.6332e+01 2.5083e+03 2.9696e+03 5.0016e+00 6.6708e+03
-7.3081e+06 3.6322e+01 2.5120e+03 2.9967e+03 -6.6424e+00 6.6160e+03
-6.9302e+06 3.6313e+01 2.5157e+03 3.0235e+03 7.8272e+00 6.5623e+03
-7.0825e+06 3.6304e+01 2.5192e+03 3.0497e+03 -1.0319e+01 6.5075e+03
-6.5826e+06 3.6302e+01 2.5227e+03 3.0756e+03 1.5323e+01 6.4542e+03
-6.9524e+06 3.6303e+01 2.5261e+03 3.1010e+03 -1.8536e+01 6.3987e+03
-6.2815e+06 3.6310e+01 2.5295e+03 3.1260e+03 1.8239e+01 6.3458e+03
-6.8814e+06 3.6313e+01 2.5327e+03 3.1506e+03 -2.9812e+01 6.2899e+03
-5.8447e+06 3.6323e+01 2.5360e+03 3.1748e+03 3.7414e+01 6.2386e+03
-6.9428e+06 3.6337e+01 2.5391e+03 3.1985e+03 -6.4231e+01 6.1825e+03
-5.3354e+06 3.6369e+01 2.5422e+03 3.2219e+03 3.0017e+01 6.1305e+03
-6.9125e+06 3.6413e+01 2.5452e+03 3.2448e+03 -1.1616e+02 6.0752e+03
-4.2047e+06 3.6512e+01 2.5482e+03 3.2674e+03 3.7032e+01 6.0026e+03
-6.7457e+06 3.6673e+01 2.5511e+03 3.2895e+03 -2.2203e+02 5.9789e+03
-7.6169e+06 3.6296e+01 2.4068e+03 2.3728e+03 8.0402e+00 7.6960e+03
-7.4521e+06 3.6298e+01 2.4127e+03 2.4088e+03 1.2179e+01 7.6589e+03
-7.7290e+06 3.6300e+01 2.4184e+03 2.4443e+03 -2.4681e-01 7.5911e+03
-7.8797e+06 3.6300e+01 2.4240e+03 2.4794e+03 -6.6452e+00 7.5403e+03
-7.7117e+06 3.6301e+01 2.4295e+03 2.5139e+03 -1.1594e-01 7.4868e+03
-7.5173e+06 3.6301e+01 2.4348e+03 2.5480e+03 7.2602e+00 7.4334e+03
-7.6807e+06 3.6302e+01 2.4400e+03 2.5817e+03 2.9748e+00 7.3800e+03
-7.7613e+06 3.6304e+01 2.4451e+03 2.6148e+03 -1.4325e+00 7.3266e+03
-7.8148e+06 3.6306e+01 2.4501e+03 2.6475e+03 -3.3169e+00 7.2728e+03
-7.7542e+06 3.6309e+01 2.4550e+03 2.6797e+03 -8.2713e-01 7.2189e+03
-7.7797e+06 3.6311e+01 2.4598e+03 2.7114e+03 -1.2075e+00 7.1647e+03
-7.6807e+06 3.6312e+01 2.4644e+03 2.7427e+03 2.7338e+00 7.1104e+03
-7.6971e+06 3.6313e+01 2.4690e+03 2.7735e+03 1.8914e+00 7.0559e+03
-7.6240e+06 3.6316e+01 2.4734e+03 2.8038e+03 3.9588e+00 7.0016e+03
-7.7530e+06 3.6321e+01 2.4778e+03 2.8337e+03 -3.5974e+00 6.9471e+03
-7.6490e+06 3.6328e+01 2.4821e+03 2.8632e+03 -8.4251e-02 6.8927e+03
-7.6619e+06 3.6334e+01 2.4863e+03 2.8921e+03 -5.3621e+00 6.8377e+03
-7.4803e+06 3.6336e+01 2.4903e+03 2.9206e+03 2.8232e+00 6.7833e+03
-7.5407e+06 3.6333e+01 2.4944e+03 2.9487e+03 -7.7250e+00 6.7282e+03
-7.2140e+06 3.6326e+01 2.4983e+03 2.9763e+03 5.1163e+00 6.6740e+03
-7.3230e+06 3.6315e+01 2.5021e+03 3.0035e+03 -1.1697e+01 6.6189e+03
-6.8800e+06 3.6306e+01 2.5059e+03 3.0302e+03 8.9910e+00 6.5651e+03
-7.1155e+06 3.6300e+01 2.5096e+03 3.0565e+03 -1.6430e+01 6.5095e+03
-6.5109e+06 3.6300e+01 2.5132e+03 3.0824e+03 1.9312e+01 6.4560e+03
-7.0243e+06 3.6303e+01 2.5167e+03 3.1078e+03 -2.6164e+01 6.4000e+03
-6.1558e+06 3.6314e+01 2.5202e+03 3.1328e+03 2.3832e+01 6.3476e+03
-7.0365e+06 3.6319e+01 2.5236e+03 3.1574e+03 -4.9157e+01 6.2909e+03
-5.6193e+06 3.6326e+01 2.5269e+03 3.1815e+03 4.9847e+01 6.2399e+03
-7.0810e+06 3.6336e+01 2.5302e+03 3.2053e+03 -7.2261e+01 6.1824e+03
-4.8674e+06 3.6372e+01 2.5334e+03 3.2286e+03 6.3680e+01 6.1317e+03
-7.2457e+06 3.6422e+01 2.5365e+03 3.2516e+03 -1.4586e+02 6.0752e+03
-3.5755e+06 3.6538e+01 2.5396e+03 3.2741e+03 6.3814e+01 6.0020e+03
-7.2866e+06 3.6716e+01 2.5426e+03 3.2963e+03 -2.7976e+02 5.9891e+03
-7.8112e+06 3.6303e+01 2.3935e+03 2.3796e+03 -1.1906e+00 7.7045e+03
-7.9887e+06 3.6304e+01 2.3996e+03 2.4157e+03 -9.3067e+00 7.6674e+03
-7.6998e+06 3.6305e+01 2.4055e+03 2.4512e+03 -2.7378e-01 7.5984e+03
-7.4933e+06 3.6304e+01 2.4113e+03 2.4863e+03 9.4932e+00 7.5469e+03
-7.7265e+06 3.6304e+01 2.4169e+03 2.5208e+03 8.4115e-01 7.4938e+03
-7.9337e+06 3.6303e+01 2.4225e+03 2.5550e+03 -7.5209e+00 7.4406e+03
-7.7969e+06 3.6304e+01 2.4278e+03 2.5886e+03 -4.5694e+00 7.3866e+03
-7.6763e+06 3.6306e+01 2.4331e+03 2.6218e+03 3.0602e+00 7.3324e+03
-7.6933e+06 3.6308e+01 2.4383e+03 2.6544e+03 3.1092e+00 7.2783e+03
-7.7052e+06 3.6310e+01 2.4433e+03 2.6867e+03 4.6907e+00 7.2242e+03
-7.7736e+06 3.6311e+01 2.4482e+03 2.7184e+03 -1.2669e-01 7.1699e+03
-7.8181e+06 3.6312e+01 2.4531e+03 2.7497e+03 -2.5654e+00 7.1156e+03
-7.9139e+06 3.6313e+01 2.4578e+03 2.7805e+03 -9.0356e+00 7.0609e+03
-7.8282e+06 3.6316e+01 2.4624e+03 2.8109e+03 -3.8830e+00 7.0064e+03
-7.7987e+06 3.6322e+01 2.4669e+03 2.8407e+03 -5.3805e+00 6.9514e+03
-7.6307e+06 3.6329e+01 2.4713e+03 2.8702e+03 2.5626e+00 6.8967e+03
-7.7533e+06 3.6333e+01 2.4757e+03 2.8991e+03 -6.7684e+00 6.8414e+03
-7.4554e+06 3.6333e+01 2.4799e+03 2.9276e+03 4.2463e+00 6.7868e+03
-7.5525e+06 3.6327e+01 2.4840e+03 2.9557e+03 -9.9123e+00 6.7314e+03
-7.1581e+06 3.6318e+01 2.4881e+03 2.9833e+03 5.1259e+00 6.6771e+03
-7.3482e+06 3.6307e+01 2.4921e+03 3.0105e+03 -1.6160e+01 6.6215e+03
-6.7534e+06 3.6300e+01 2.4960e+03 3.0372e+03 1.3515e+01 6.5677e+03
-7.1595e+06 3.6295e+01 2.4998e+03 3.0635e+03 -2.0249e+01 6.5116e+03
-6.3527e+06 3.6298e+01 2.5035e+03 3.0894e+03 2.4714e+01 6.4583e+03
-7.1127e+06 3.6303e+01 2.5072e+03 3.1148e+03 -3.4005e+01 6.4015e+03
-5.9502e+06 3.6315e+01 2.5108e+03 3.1398e+03 3.5575e+01 6.3494e+03
-7.1902e+06 3.6320e+01 2.5143e+03 3.1644e+03 -6.3410e+01 6.2914e+03
-5.3201e+06 3.6330e+01 2.5177e+03 3.1885e+03 6.1775e+01 6.2409e+03
-7.3134e+06 3.6340e+01 2.5211e+03 3.2123e+03 -9.4148e+01 6.1821e+03
-4.4289e+06 3.6381e+01 2.5244e+03 3.2356e+03 8.7158e+01 6.1327e+03
-7.6199e+06 3.6438e+01 2.5277e+03 3.2585e+03 -1.8001e+02 6.0750e+03
-2.8978e+06 3.6571e+01 2.5309e+03 3.2811e+03 8.8914e+01 5.9971e+03
-7.8624e+06 3.6770e+01 2.5340e+03 3.3032e+03 -3.4521e+02 5.9928e+03
-7.6763e+06 3.6310e+01 2.3801e+03 2.3870e+03 4.0891e+00 7.7116e+03
-7.4408e+06 3.6310e+01 2.3863e+03 2.4230e+03 1.1436e+01 7.6738e+03
-7.8273e+06 3.6310e+01 2.3925e+03 2.4585e+03 -3.1627e+00 7.6055e+03
-8.0411e+06 3.6308e+01 2.3984e+03 2.4936e+03 -1.2024e+01 7.5543e+03
-7.7949e+06 3.6307e+01 2.4043e+03 2.5282e+03 -2.7784e+00 7.5002e+03
-7.5162e+06 3.6307e+01 2.4100e+03 2.5623e+03 7.8966e+00 7.4461e+03
-7.7492e+06 3.6307e+01 2.4155e+03 2.5959e+03 1.6471e+00 7.3922e+03
-7.8594e+06 3.6308e+01 2.4210e+03 2.6291e+03 -4.0293e+00 7.3384e+03
-7.9120e+06 3.6309e+01 2.4263e+03 2.6618e+03 -5.9353e+00 7.2839e+03
-7.7958e+06 3.6310e+01 2.4315e+03 2.6940e+03 -6.4256e-02 7.2293e+03
-7.8194e+06 3.6311e+01 2.4366e+03 2.7257e+03 -3.1248e-01 7.1745e+03
-7.6761e+06 3.6312e+01 2.4416e+03 2.7570e+03 4.5845e+00 7.1198e+03
-7.7012e+06 3.6314e+01 2.4465e+03 2.7878e+03 3.3953e+00 7.0645e+03
-7.5918e+06 3.6318e+01 2.4512e+03 2.8182e+03 8.7631e+00 7.0098e+03
-7.8117e+06 3.6324e+01 2.4559e+03 2.8481e+03 -3.6385e+00 6.9548e+03
-7.6537e+06 3.6331e+01 2.4605e+03 2.8775e+03 3.7256e+00 6.9000e+03
-7.6822e+06 3.6332e+01 2.4649e+03 2.9065e+03 -2.6475e+00 6.8443e+03
-7.3966e+06 3.6329e+01 2.4693e+03 2.9350e+03 9.3322e+00 6.7896e+03
-7.5508e+06 3.6321e+01 2.4736e+03 2.9630e+03 -1.1589e+01 6.7339e+03
-7.0720e+06 3.6311e+01 2.4778e+03 2.9906e+03 8.4608e+00 6.6795e+03
-7.3374e+06 3.6301e+01 2.4819e+03 3.0178e+03 -1.8228e+01 6.6233e+03
-6.6771e+06 3.6296e+01 2.4859e+03 3.0445e+03 1.8793e+01 6.5694e+03
-7.1765e+06 3.6293e+01 2.4899e+03 3.0708e+03 -2.4076e+01 6.5128e+03
-6.2505e+06 3.6298e+01 2.4937e+03 3.0967e+03 3.1226e+01 6.4597e+03
-7.1646e+06 3.6301e+01 2.4975e+03 3.1221e+03 -4.1159e+01 6.4021e+03
-5.7268e+06 3.6312e+01 2.5012e+03 3.1471e+03 5.1820e+01 6.3501e+03
-7.2902e+06 3.6318e+01 2.5049e+03 3.1716e+03 -7.1938e+01 6.2914e+03
-5.0416e+06 3.6334e+01 2.5084e+03 3.1958e+03 7.6825e+01 6.2420e+03
-7.5578e+06 3.6347e+01 2.5119e+03 3.2195e+03 -1.2007e+02 6.1816e+03
-3.9548e+06 3.6394e+01 2.5154e+03 3.2428e+03 1.0716e+02 6.1331e+03
-8.0075e+06 3.6456e+01 2.5187e+03 3.2657e+03 -2.1435e+02 6.0738e+03
-2.1246e+06 3.6609e+01 2.5220e+03 3.2882e+03 1.0792e+02 5.9942e+03
-8.3718e+06 3.6837e+01 2.5253e+03 3.3103e+03 -4.1641e+02 6.0009e+03
-7.9206e+06 3.6316e+01 2.3666e+03 2.3947e+03 -4.3482e+00 7.7192e+03
-8.1810e+06 3.6314e+01 2.3730e+03 2.4307e+03 -1.5420e+01 7.6815e+03
-7.7627e+06 3.6314e+01 2.3793e+03 2.4663e+03 -2.3381e+00 7.6117e+03
-7.4407e+06 3.6311e+01 2.3855e+03 2.5013e+03 1.2843e+01 7.5595e+03
-7.7744e+06 3.6309e+01 2.3915e+03 2.5359e+03 1.8526e+00 7.5062e+03
-8.0762e+06 3.6309e+01 2.3974e+03 2.5700e+03 -1.1005e+01 7.4525e+03
-7.8977e+06 3.6310e+01 2.4031e+03 2.6036e+03 -7.5802e+00 7.3977e+03
-7.7045e+06 3.6310e+01 2.4087e+03 2.6368e+03 4.2616e+00 7.3430e+03
-7.7332e+06 3.6310e+01 2.4142e+03 2.6695e+03 3.8537e+00 7.2883e+03
-7.7435e+06 3.6310e+01 2.4196e+03 2.7017e+03 4.1613e+00 7.2337e+03
-7.8450e+06 3.6310e+01 2.4249e+03 2.7334e+03 -2.4034e+00 7.1788e+03
-7.8733e+06 3.6312e+01 2.4300e+03 2.7647e+03 -3.6479e+00 7.1241e+03
-8.0125e+06 3.6313e+01 2.4350e+03 2.7955e+03 -1.0891e+01 7.0687e+03
-7.9021e+06 3.6319e+01 2.4400e+03 2.8259e+03 -5.0268e+00 7.0136e+03
-7.9416e+06 3.6328e+01 2.4448e+03 2.8557e+03 -1.7658e+01 6.9578e+03
-7.6976e+06 3.6335e+01 2.4495e+03 2.8851e+03 -7.1293e+00 6.9028e+03
-7.8362e+06 3.6333e+01 2.4541e+03 2.9141e+03 -1.1572e+01 6.8471e+03
-7.3774e+06 3.6327e+01 2.4586e+03 2.9426e+03 7.7357e+00 6.7920e+03
-7.5515e+06 3.6317e+01 2.4631e+03 2.9706e+03 -1.3237e+01 6.7358e+03
-6.9991e+06 3.6307e+01 2.4674e+03 2.9982e+03 1.1336e+01 6.6813e+03
-7.3452e+06 3.6297e+01 2.4716e+03 3.0254e+03 -1.9089e+01 6.6245e+03
-6.5266e+06 3.6295e+01 2.4758e+03 3.0521e+03 2.4644e+01 6.5704e+03
-7.2072e+06 3.6293e+01 2.4799e+03 3.0784e+03 -2.6395e+01 6.5133e+03
-6.0431e+06 3.6298e+01 2.4839e+03 3.1042e+03 4.0704e+01 6.4602e+03
-7.2219e+06 3.6301e+01 2.4878e+03 3.1296e+03 -4.5688e+01 6.4020e+03
-5.4958e+06 3.6313e+01 2.4916e+03 3.1545e+03 6.2399e+01 6.3504e+03
-7.4192e+06 3.6319e+01 2.4954e+03 3.1791e+03 -8.0615e+01 6.2910e+03
-4.7098e+06 3.6340e+01 2.4991e+03 3.2032e+03 9.1853e+01 6.2422e+03
-7.8107e+06 3.6357e+01 2.5027e+03 3.2269e+03 -1.4059e+02 6.1807e+03
-3.5241e+06 3.6411e+01 2.5062e+03 3.2502e+03 1.2088e+02 6.1330e+03
-8.3350e+06 3.6481e+01 2.5097e+03 3.2731e+03 -2.4292e+02 6.0727e+03
-1.4007e+06 3.6660e+01 2.5131e+03 3.2956e+03 1.0684e+02 5.9912e+03
-8.7705e+06 3.6923e+01 2.5165e+03 3.3177e+03 -4.8146e+02 6.0072e+03
-7.6782e+06 3.6321e+01 2.3529e+03 2.4029e+03 2.9424e+00 7.7249e+03
-7.3605e+06 3.6320e+01 2.3596e+03 2.4389e+03 1.2704e+01 7.6866e+03
-7.8918e+06 3.6317e+01 2.3661e+03 2.4744e+03 -4.1841e+00 7.6181e+03
-8.1763e+06 3.6309e+01 2.3724e+03 2.5095e+03 -9.4203e+00 7.5663e+03
-7.8021e+06 3.6307e+01 2.3786e+03 2.5441e+03 5.2902e+00 7.5114e+03
-7.4526e+06 3.6311e+01 2.3847e+03 2.5781e+03 1.4041e+01 7.4565e+03
-7.7931e+06 3.6313e+01 2.3906e+03 2.6118e+03 2.1604e+00 7.4022e+03
-7.9670e+06 3.6312e+01 2.3964e+03 2.6449e+03 -5.3022e+00 7.3480e+03
-8.0166e+06 3.6311e+01 2.4020e+03 2.6776e+03 -7.6754e+00 7.2930e+03
-7.8855e+06 3.6310e+01 2.4076e+03 2.7098e+03 -2.6799e+00 7.2379e+03
-7.8884e+06 3.6311e+01 2.4130e+03 2.7415e+03 -2.4320e+00 7.1824e+03
-7.6796e+06 3.6312e+01 2.4183e+03 2.7727e+03 6.1450e+00 7.1270e+03
-7.6753e+06 3.6315e+01 2.4235e+03 2.8035e+03 7.1686e+00 7.0713e+03
-7.5677e+06 3.6321e+01 2.4286e+03 2.8339e+03 1.1397e+01 7.0162e+03
-7.8910e+06 3.6330e+01 2.4335e+03 2.8637e+03 -1.1613e+01 6.9605e+03
-7.7066e+06 3.6336e+01 2.4384e+03 2.8931e+03 -6.0785e+00 6.9053e+03
-7.6755e+06 3.6332e+01 2.4432e+03 2.9220e+03 -7.6958e+00 6.8492e+03
-7.3253e+06 3.6325e+01 2.4478e+03 2.9505e+03 9.4351e+00 6.7939e+03
-7.5055e+06 3.6313e+01 2.4524e+03 2.9785e+03 -1.2324e+01 6.7375e+03
-6.9306e+06 3.6303e+01 2.4569e+03 3.0061e+03 1.3672e+01 6.6825e+03
-7.2752e+06 3.6294e+01 2.4613e+03 3.0332e+03 -1.6904e+01 6.6258e+03
-6.5273e+06 3.6294e+01 2.4656e+03 3.0599e+03 2.2480e+01 6.5714e+03
-7.1543e+06 3.6293e+01 2.4698e+03 3.0862e+03 -2.8131e+01 6.5141e+03
-6.0518e+06 3.6298e+01 2.4739e+03 3.1120e+03 3.7034e+01 6.4605e+03
-7.1698e+06 3.6303e+01 2.4779e+03 3.1373e+03 -4.7054e+01 6.4023e+03
-5.4602e+06 3.6317e+01 2.4819e+03 3.1623e+03 5.7492e+01 6.3502e+03
-7.3566e+06 3.6324e+01 2.4858e+03 3.1868e+03 -8.0637e+01 6.2907e+03
-4.6755e+06 3.6347e+01 2.4896e+03 3.2109e+03 8.4288e+01 6.2412e+03
-7.7282e+06 3.6369e+01 2.4933e+03 3.2346e+03 -1.3943e+02 6.1800e+03
-3.3893e+06 3.6435e+01 2.4970e+03 3.2579e+03 1.0545e+02 6.1312e+03
-8.2028e+06 3.6525e+01 2.5006e+03 3.2807e+03 -2.3866e+02 6.0715e+03
-1.1515e+06 3.6737e+01 2.5041e+03 3.3032e+03 5.0310e+01 5.9934e+03
-8.2931e+06 3.7048e+01 2.5076e+03 3.3252e+03 -5.0785e+02 6.0160e+03
-7.9837e+06 3.6326e+01 2.3392e+03 2.4116e+03 -9.9025e+00 7.7316e+03
-8.3818e+06 3.6323e+01 2.3460e+03 2.4476e+03 -2.4462e+01 7.6934e+03
-7.7746e+06 3.6321e+01 2.3527e+03 2.4831e+03 -2.2210e+00 7.6229e+03
-7.3099e+06 3.6314e+01 2.3592e+03 2.5181e+03 2.2617e+01 7.5699e+03
-7.7966e+06 3.6310e+01 2.3656e+03 2.5526e+03 7.0794e+00 7.5163e+03
-8.2655e+06 3.6312e+01 2.3719e+03 2.5867e+03 -1.4828e+01 7.4623e+03
-7.9875e+06 3.6314e+01 2.3780e+03 2.6203e+03 -9.0064e+00 7.4069e+03
-7.7142e+06 3.6312e+01 2.3839e+03 2.6534e+03 6.6981e+00 7.3514e+03
-7.7298e+06 3.6311e+01 2.3898e+03 2.6860e+03 7.1417e+00 7.2962e+03
-7.7825e+06 3.6310e+01 2.3955e+03 2.7182e+03 4.4183e+00 7.2411e+03
-7.8854e+06 3.6311e+01 2.4010e+03 2.7499e+03 -2.7546e+00 7.1857e+03
-7.9743e+06 3.6313e+01 2.4065e+03 2.7811e+03 -7.1839e+00 7.1304e+03
-8.1077e+06 3.6317e+01 2.4119e+03 2.8119e+03 -1.4769e+01 7.0749e+03
-8.0008e+06 3.6323e+01 2.4171e+03 2.8422e+03 -7.8428e+00 7.0192e+03
-7.8490e+06 3.6329e+01 2.4222e+03 2.8720e+03 -4.4945e+00 6.9627e+03
-7.6172e+06 3.6332e+01 2.4272e+03 2.9014e+03 3.9176e+00 6.9071e+03
-7.7417e+06 3.6329e+01 2.4321e+03 2.9303e+03 -6.2523e+00 6.8511e+03
-7.3692e+06 3.6321e+01 2.4369e+03 2.9587e+03 3.4903e+00 6.7952e+03
-7.3915e+06 3.6308e+01 2.4416e+03 2.9867e+03 -7.1543e+00 6.7386e+03
-6.9861e+06 3.6297e+01 2.4463e+03 3.0143e+03 8.5558e+00 6.6830e+03
-7.1315e+06 3.6291e+01 2.4508e+03 3.0414e+03 -9.2142e+00 6.6265e+03
-6.5626e+06 3.6291e+01 2.4552e+03 3.0680e+03 1.5397e+01 6.5713e+03
-6.9475e+06 3.6293e+01 2.4596e+03 3.0942e+03 -1.6845e+01 6.5146e+03
-6.1642e+06 3.6299e+01 2.4638e+03 3.1200e+03 2.3040e+01 6.4601e+03
-6.8589e+06 3.6306e+01 2.4680e+03 3.1454e+03 -2.9844e+01 6.4030e+03
-5.7393e+06 3.6318e+01 2.4721e+03 3.1703e+03 3.3539e+01 6.3489e+03
-6.8610e+06 3.6326e+01 2.4761e+03 3.1948e+03 -5.2198e+01 6.2908e+03
-5.1081e+06 3.6351e+01 2.4800e+03 3.2188e+03 4.4922e+01 6.2383e+03
-6.9642e+06 3.6388e+01 2.4839e+03 3.2425e+03 -1.0033e+02 6.1806e+03
-4.1974e+06 3.6470e+01 2.4876e+03 3.2657e+03 3.2840e+01 6.1271e+03
-6.8953e+06 3.6597e+01 2.4913e+03 3.2885e+03 -1.8265e+02 6.0723e+03
-2.3121e+06 3.6851e+01 2.4950e+03 3.3110e+03 -9.6533e+01 5.9951e+03
-5.9261e+06 3.7230e+01 2.4986e+03 3.3330e+03 -4.8161e+02 5.9962e+03
-7.5834e+06 3.6335e+01 2.3254e+03 2.4207e+03 2.2609e+00 7.7357e+03
-7.1761e+06 3.6332e+01 2.3324e+03 2.4566e+03 1.5576e+01 7.6968e+03
-7.9527e+06 3.6328e+01 2.3392e+03 2.4921e+03 -9.2329e+00 7.6283e+03
-8.4556e+06 3.6321e+01 2.3460e+03 2.5271e+03 -2.3514e+01 7.5761e+03
-7.9018e+06 3.6317e+01 2.3525e+03 2.5616e+03 -3.0507e+00 7.5203e+03
-7.3965e+06 3.6316e+01 2.3589e+03 2.5956e+03 1.5681e+01 7.4649e+03
-7.7938e+06 3.6313e+01 2.3652e+03 2.6291e+03 5.3575e+00 7.4103e+03
-8.0971e+06 3.6310e+01 2.3714e+03 2.6622e+03 -8.4779e+00 7.3555e+03
-8.0969e+06 3.6309e+01 2.3774e+03 2.6948e+03 -9.7496e+00 7.3001e+03
-7.9939e+06 3.6309e+01 2.3832e+03 2.7270e+03 -5.6758e+00 7.2443e+03
-7.8976e+06 3.6311e+01 2.3890e+03 2.7586e+03 -6.4382e-01 7.1883e+03
-7.7135e+06 3.6314e+01 2.3946e+03 2.7898e+03 6.1527e+00 7.1322e+03
-7.5681e+06 3.6320e+01 2.4001e+03 2.8206e+03 1.1645e+01 7.0761e+03
-7.5373e+06 3.6325e+01 2.4055e+03 2.8508e+03 1.1282e+01 7.0200e+03
-7.6779e+06 3.6329e+01 2.4108e+03 2.8806e+03 7.0889e+00 6.9642e+03
-7.6644e+06 3.6331e+01 2.4159e+03 2.9099e+03 3.8268e+00 6.9082e+03
-7.4329e+06 3.6328e+01 2.4210e+03 2.9388e+03 3.5622e+00 6.8519e+03
-7.3972e+06 3.6316e+01 2.4259e+03 2.9672e+03 5.7962e-01 6.7957e+03
-7.2341e+06 3.6302e+01 2.4308e+03 2.9952e+03 1.4766e-01 6.7395e+03
-7.0611e+06 3.6292e+01 2.4355e+03 3.0227e+03 1.5052e+00 6.6830e+03
-6.8844e+06 3.6287e+01 2.4402e+03 3.0498e+03 2.7631e+00 6.6267e+03
-6.8139e+06 3.6289e+01 2.4448e+03 3.0764e+03 -4.0033e-01 6.5703e+03
-6.6144e+06 3.6294e+01 2.4492e+03 3.1026e+03 -1.5778e-01 6.5147e+03
-6.5731e+06 3.6302e+01 2.4536e+03 3.1283e+03 -3.9670e+00 6.4589e+03
-6.3536e+06 3.6311e+01 2.4579e+03 3.1536e+03 -1.3115e+00 6.4034e+03
-6.2659e+06 3.6318e+01 2.4621e+03 3.1785e+03 -4.2858e+00 6.3466e+03
-6.0256e+06 3.6329e+01 2.4663e+03 3.2029e+03 -3.8159e+00 6.2914e+03
-5.9760e+06 3.6358e+01 2.4703e+03 3.2270e+03 -2.1281e+01 6.2349e+03
-5.6667e+06 3.6418e+01 2.4743e+03 3.2506e+03 -3.3235e+01 6.1820e+03
-5.4486e+06 3.6521e+01 2.4782e+03 3.2738e+03 -7.2612e+01 6.1221e+03
-4.8169e+06 3.6701e+01 2.4820e+03 3.2966e+03 -1.0153e+02 6.0734e+03
-4.1047e+06 3.7024e+01 2.4858e+03 3.3189e+03 -3.0657e+02 6.0024e+03
-2.0905e+06 3.7482e+01 2.4895e+03 3.3409e+03 -4.2509e+02 5.9623e+03
-7.9950e+06 3.6348e+01 2.3114e+03 2.4302e+03 -1.7408e+01 7.7422e+03
-8.5891e+06 3.6341e+01 2.3186e+03 2.4661e+03 -3.3355e+01 7.7032e+03
-7.7926e+06 3.6337e+01 2.3257e+03 2.5015e+03 -7.1711e+00 7.6317e+03
-7.2021e+06 3.6331e+01 2.3326e+03 2.5365e+03 1.6361e+01 7.5783e+03
-7.9010e+06 3.6324e+01 2.3393e+03 2.5709e+03 -3.3590e+00 7.5244e+03
-8.5291e+06 3.6318e+01 2.3459e+03 2.6049e+03 -2.4129e+01 7.4698e+03
-8.0630e+06 3.6313e+01 2.3524e+03 2.6384e+03 -1.0322e+01 7.4137e+03
-7.6974e+06 3.6309e+01 2.3587e+03 2.6714e+03 7.1392e+00 7.3575e+03
-7.6785e+06 3.6309e+01 2.3649e+03 2.7040e+03 1.0203e+01 7.3020e+03
-7.8183e+06 3.6310e+01 2.3709e+03 2.7361e+03 4.2133e+00 7.2463e+03
-7.8819e+06 3.6311e+01 2.3768e+03 2.7677e+03 2.8785e-01 7.1906e+03
-8.1210e+06 3.6314e+01 2.3826e+03 2.7989e+03 -1.1969e+01 7.1348e+03
-8.1875e+06 3.6320e+01 2.3883e+03 2.8296e+03 -1.7238e+01 7.0790e+03
-8.1926e+06 3.6327e+01 2.3938e+03 2.8598e+03 -1.9238e+01 7.0223e+03
-7.7406e+06 3.6332e+01 2.3992e+03 2.8895e+03 -9.8645e-01 6.9659e+03
-7.6911e+06 3.6333e+01 2.4045e+03 2.9188e+03 -4.2270e+00 6.9090e+03
-7.5999e+06 3.6327e+01 2.4097e+03 2.9476e+03 -1.4628e+00 6.8530e+03
-7.5300e+06 3.6314e+01 2.4148e+03 2.9760e+03 -1.1605e+01 6.7960e+03
-7.0943e+06 3.6300e+01 2.4198e+03 3.0039e+03 6.4353e+00 6.7401e+03
-7.2204e+06 3.6290e+01 2.4247e+03 3.0314e+03 -1.0107e+01 6.6832e+03
-6.6860e+06 3.6288e+01 2.4295e+03 3.0584e+03 1.3863e+01 6.6276e+03
-6.9445e+06 3.6290e+01 2.4342e+03 3.0850e+03 -1.4253e+01 6.5699e+03
-6.2888e+06 3.6299e+01 2.4388e+03 3.1111e+03 2.0283e+01 6.5149e+03
-6.8239e+06 3.6307e+01 2.4433e+03 3.1368e+03 -2.7052e+01 6.4570e+03
-5.8286e+06 3.6318e+01 2.4478e+03 3.1621e+03 3.0746e+01 6.4029e+03
-6.7867e+06 3.6324e+01 2.4521e+03 3.1869e+03 -4.5611e+01 6.3441e+03
-5.2077e+06 3.6342e+01 2.4564e+03 3.2113e+03 4.2359e+01 6.2918e+03
-6.7793e+06 3.6379e+01 2.4605e+03 3.2353e+03 -8.9805e+01 6.2316e+03
-4.3574e+06 3.6465e+01 2.4646e+03 3.2589e+03 2.6654e+01 6.1829e+03
-6.7599e+06 3.6594e+01 2.4687e+03 3.2820e+03 -1.7773e+02 6.1173e+03
-2.5640e+06 3.6850e+01 2.4726e+03 3.3048e+03 -6.6582e+01 6.0748e+03
-5.7097e+06 3.7269e+01 2.4765e+03 3.3271e+03 -5.3968e+02 6.0188e+03
2.5597e+06 3.7763e+01 2.4803e+03 3.3491e+03 -2.8365e+02 5.9385e+03
-7.3479e+06 3.6371e+01 2.2974e+03 2.4402e+03 -5.4269e+00 7.7442e+03
-6.8603e+06 3.6362e+01 2.3048e+03 2.4760e+03 1.1990e+01 7.7049e+03
-7.9646e+06 3.6352e+01 2.3121e+03 2.5114e+03 -1.7354e+01 7.6365e+03
-8.7714e+06 3.6341e+01 2.3191e+03 2.5463e+03 -3.7959e+01 7.5838e+03
-7.9520e+06 3.6333e+01 2.3261e+03 2.5807e+03 -8.5141e+00 7.5270e+03
-7.2532e+06 3.6326e+01 2.3328e+03 2.6146e+03 1.8338e+01 7.4707e+03
-7.7589e+06 3.6318e+01 2.3395e+03 2.6480e+03 6.3247e+00 7.4160e+03
-8.2578e+06 3.6312e+01 2.3459e+03 2.6810e+03 -1.5321e+01 7.3609e+03
-8.2006e+06 3.6311e+01 2.3523e+03 2.7135e+03 -1.4312e+01 7.3050e+03
-8.1278e+06 3.6313e+01 2.3585e+03 2.7456e+03 -1.0480e+01 7.2485e+03
-7.9080e+06 3.6314e+01 2.3646e+03 2.7771e+03 6.6682e-01 7.1921e+03
-7.7371e+06 3.6318e+01 2.3705e+03 2.8082e+03 6.3952e+00 7.1352e+03
-7.4213e+06 3.6325e+01 2.3763e+03 2.8389e+03 1.9516e+01 7.0787e+03
-7.5265e+06 3.6332e+01 2.3820e+03 2.8690e+03 1.1015e+01 7.0222e+03
-7.6228e+06 3.6337e+01 2.3876e+03 2.8987e+03 7.9294e+00 6.9665e+03
-7.8176e+06 3.6336e+01 2.3931e+03 2.9280e+03 -6.6800e+00 6.9095e+03
-7.2630e+06 3.6329e+01 2.3984e+03 2.9568e+03 9.4693e+00 6.8530e+03
-7.5362e+06 3.6317e+01 2.4037e+03 2.9851e+03 -1.0433e+01 6.7960e+03
-7.0236e+06 3.6304e+01 2.4088e+03 3.0130e+03 8.2697e+00 6.7403e+03
-7.2642e+06 3.6295e+01 2.4138e+03 3.0404e+03 -1.4263e+01 6.6829e+03
-6.5349e+06 3.6294e+01 2.4188e+03 3.0674e+03 1.9054e+01 6.6277e+03
-7.1545e+06 3.6296e+01 2.4236e+03 3.0939e+03 -2.5156e+01 6.5697e+03
-6.0734e+06 3.6305e+01 2.4283e+03 3.1200e+03 2.6403e+01 6.5144e+03
-7.1155e+06 3.6313e+01 2.4330e+03 3.1456e+03 -4.3387e+01 6.4553e+03
-5.4962e+06 3.6326e+01 2.4375e+03 3.1708e+03 4.2014e+01 6.4016e+03
-7.1057e+06 3.6335e+01 2.4420e+03 3.1956e+03 -6.9135e+01 6.3417e+03
-4.6679e+06 3.6366e+01 2.4464e+03 3.2200e+03 5.7779e+01 6.2900e+03
-7.3025e+06 3.6418e+01 2.4507e+03 3.2439e+03 -1.3430e+02 6.2288e+03
-3.4018e+06 3.6531e+01 2.4549e+03 3.2674e+03 4.4509e+01 6.1805e+03
-7.2125e+06 3.6702e+01 2.4590e+03 3.2905e+03 -2.3888e+02 6.1155e+03
-9.4607e+05 3.7061e+01 2.4631e+03 3.3132e+03 -1.5774e+02 6.0800e+03
-5.4665e+06 3.7568e+01 2.4671e+03 3.3355e+03 -6.3831e+02 6.0090e+03
7.4095e+06 3.7937e+01 2.4710e+03 3.3574e+03 2.9749e+01 5.8919e+03
-7.8662e+06 3.6420e+01 2.2833e+03 2.4506e+03 -4.0590e+01 7.7501e+03
-8.7926e+06 3.6399e+01 2.2909e+03 2.4864e+03 -5.3225e+01 7.7100e+03
-7.6824e+06 3.6384e+01 2.2983e+03 2.5216e+03 -1.8246e+01 7.6376e+03
-6.8966e+06 3.6368e+01 2.3056e+03 2.5564e+03 1.1412e+01 7.5840e+03
-7.8966e+06 3.6352e+01 2.3127e+03 2.5908e+03 -1.1903e+01 7.5305e+03
-8.8155e+06 3.6339e+01 2.3196e+03 2.6246e+03 -3.7581e+01 7.4755e+03
-8.1583e+06 3.6329e+01 2.3264e+03 2.6580e+03 -1.6987e+01 7.4185e+03
-7.6412e+06 3.6324e+01 2.3331e+03 2.6910e+03 7.0622e+00 7.3616e+03
-7.6290e+06 3.6321e+01 2.3396e+03 2.7234e+03 1.1201e+01 7.3056e+03
-7.8217e+06 3.6320e+01 2.3460e+03 2.7554e+03 3.1388e+00 7.2494e+03
-7.9335e+06 3.6321e+01 2.3522e+03 2.7869e+03 -2.7448e+00 7.1934e+03
-8.2698e+06 3.6324e+01 2.3583e+03 2.8179e+03 -1.8917e+01 7.1372e+03
-8.4035e+06 3.6330e+01 2.3643e+03 2.8485e+03 -2.6741e+01 7.0810e+03
-8.4058e+06 3.6337e+01 2.3701e+03 2.8786e+03 -2.7763e+01 7.0239e+03
-7.8287e+06 3.6342e+01 2.3759e+03 2.9083e+03 -6.1482e+00 6.9667e+03
-7.7308e+06 3.6340e+01 2.3815e+03 2.9374e+03 -7.4286e+00 6.9096e+03
-7.6771e+06 3.6333e+01 2.3870e+03 2.9662e+03 -5.3352e+00 6.8534e+03
-7.5609e+06 3.6322e+01 2.3924e+03 2.9944e+03 -1.6564e+01 6.7961e+03
-7.0831e+06 3.6311e+01 2.3976e+03 3.0223e+03 3.2719e+00 6.7394e+03
-7.2182e+06 3.6303e+01 2.4028e+03 3.0496e+03 -1.2113e+01 6.6818e+03
-6.6466e+06 3.6302e+01 2.4079e+03 3.0765e+03 1.2945e+01 6.6255e+03
-6.8772e+06 3.6303e+01 2.4129e+03 3.1030e+03 -1.5012e+01 6.5679e+03
-6.1957e+06 3.6309e+01 2.4177e+03 3.1290e+03 1.9640e+01 6.5118e+03
-6.7084e+06 3.6317e+01 2.4225e+03 3.1546e+03 -2.7790e+01 6.4536e+03
-5.6803e+06 3.6332e+01 2.4272e+03 3.1798e+03 2.7872e+01 6.3984e+03
-6.6591e+06 3.6350e+01 2.4318e+03 3.2045e+03 -5.4279e+01 6.3401e+03
-4.9987e+06 3.6397e+01 2.4363e+03 3.2288e+03 2.4036e+01 6.2859e+03
-6.5281e+06 3.6475e+01 2.4407e+03 3.2527e+03 -1.2066e+02 6.2285e+03
-3.7634e+06 3.6620e+01 2.4451e+03 3.2761e+03 -7.0109e+00 6.1754e+03
-5.9932e+06 3.6865e+01 2.4493e+03 3.2992e+03 -2.6855e+02 6.1241e+03
-9.4897e+05 3.7334e+01 2.4535e+03 3.3218e+03 -3.7322e+02 6.0729e+03
-1.6240e+06 3.7807e+01 2.4576e+03 3.3441e+03 -4.2878e+02 6.0021e+03
1.0251e+07 3.7890e+01 2.4616e+03 3.3659e+03 4.6969e+02 5.9253e+03
-6.9557e+06 3.6548e+01 2.2692e+03 2.4614e+03 -9.8368e+01 7.7521e+03
-6.2919e+06 3.6496e+01 2.2769e+03 2.4971e+03 -3.7116e+01 7.7114e+03
-7.8739e+06 3.6451e+01 2.2845e+03 2.5323e+03 -4.6130e+01 7.6424e+03
-9.0156e+06 3.6415e+01 2.2920e+03 2.5670e+03 -6.0124e+01 7.5889e+03
-7.9253e+06 3.6389e+01 2.2993e+03 2.6013e+03 -2.4495e+01 7.5309e+03
-6.9298e+06 3.6370e+01 2.3064e+03 2.6351e+03 1.1073e+01 7.4744e+03
-7.7193e+06 3.6354e+01 2.3133e+03 2.6684e+03 -4.2896e+00 7.4198e+03
-8.3970e+06 3.6342e+01 2.3202e+03 2.7012e+03 -2.6470e+01 7.3645e+03
-8.3945e+06 3.6335e+01 2.3268e+03 2.7336e+03 -2.6867e+01 7.3078e+03
-8.2152e+06 3.6331e+01 2.3334e+03 2.7655e+03 -1.7362e+01 7.2508e+03
-8.0111e+06 3.6330e+01 2.3398e+03 2.7970e+03 -6.2968e+00 7.1937e+03
-7.6377e+06 3.6333e+01 2.3460e+03 2.8279e+03 1.0110e+01 7.1363e+03
-7.3547e+06 3.6340e+01 2.3522e+03 2.8585e+03 2.1120e+01 7.0789e+03
-7.3194e+06 3.6346e+01 2.3582e+03 2.8885e+03 2.0323e+01 7.0223e+03
-7.7264e+06 3.6347e+01 2.3641e+03 2.9181e+03 2.6646e+00 6.9658e+03
-7.7087e+06 3.6342e+01 2.3698e+03 2.9472e+03 4.4815e-01 6.9087e+03
-7.3264e+06 3.6335e+01 2.3755e+03 2.9759e+03 1.9832e+00 6.8509e+03
-7.3064e+06 3.6326e+01 2.3810e+03 3.0041e+03 -6.5115e-01 6.7942e+03
-7.2361e+06 3.6314e+01 2.3864e+03 3.0318e+03 -7.7471e+00 6.7373e+03
-6.9009e+06 3.6307e+01 2.3917e+03 3.0591e+03 3.8761e+00 6.6803e+03
-6.8336e+06 3.6305e+01 2.3969e+03 3.0860e+03 -3.2542e+00 6.6224e+03
-6.6211e+06 3.6307e+01 2.4020e+03 3.1124e+03 2.1331e+00 6.5661e+03
-6.5429e+06 3.6311e+01 2.4071e+03 3.1383e+03 -1.0553e+01 6.5087e+03
-6.2655e+06 3.6321e+01 2.4120e+03 3.1639e+03 1.0296e+00 6.4526e+03
-6.2496e+06 3.6339e+01 2.4168e+03 3.1890e+03 -1.9806e+01 6.3946e+03
-5.7668e+06 3.6374e+01 2.4215e+03 3.2136e+03 -9.0399e+00 6.3396e+03
-5.8470e+06 3.6441e+01 2.4261e+03 3.2379e+03 -5.6376e+01 6.2817e+03
-5.0801e+06 3.6558e+01 2.4307e+03 3.2617e+03 -6.4961e+01 6.2297e+03
-4.8326e+06 3.6747e+01 2.4351e+03 3.2851e+03 -1.3309e+02 6.1720e+03
-3.1831e+06 3.7097e+01 2.4395e+03 3.3081e+03 -3.1350e+02 6.1351e+03
-1.3979e+06 3.7588e+01 2.4438e+03 3.3307e+03 -4.9728e+02 6.0594e+03
5.3170e+06 3.7828e+01 2.4480e+03 3.3528e+03 9.3668e+01 5.9616e+03
1.0899e+07 3.7795e+01 2.4521e+03 3.3746e+03 7.7945e+02 5.9399e+03
-7.2002e+06 3.6744e+01 2.2549e+03 2.4726e+03 -1.1908e+02 7.7499e+03
-8.6414e+06 3.6672e+01 2.2629e+03 2.5082e+03 -1.6888e+02 7.7150e+03
-7.4244e+06 3.6595e+01 2.2707e+03 2.5433e+03 -1.2525e+02 7.6442e+03
-6.2346e+06 3.6522e+01 2.2783e+03 2.5780e+03 -4.4986e+01 7.5889e+03
-7.7981e+06 3.6464e+01 2.2857e+03 2.6121e+03 -4.8470e+01 7.5344e+03
-9.0001e+06 3.6422e+01 2.2930e+03 2.6459e+03 -6.0666e+01 7.4786e+03
-8.2434e+06 3.6395e+01 2.3002e+03 2.6791e+03 -3.7812e+01 7.4204e+03
-7.4088e+06 3.6376e+01 2.3072e+03 2.7119e+03 -7.3288e-01 7.3631e+03
-7.5502e+06 3.6362e+01 2.3140e+03 2.7442e+03 9.1220e-01 7.3068e+03
-7.6821e+06 3.6352e+01 2.3207e+03 2.7760e+03 2.0029e+00 7.2505e+03
-8.0258e+06 3.6347e+01 2.3273e+03 2.8074e+03 -1.0497e+01 7.1939e+03
-8.3397e+06 3.6347e+01 2.3337e+03 2.8383e+03 -2.2203e+01 7.1377e+03
-8.7719e+06 3.6349e+01 2.3400e+03 2.8687e+03 -4.2865e+01 7.0810e+03
-8.5307e+06 3.6353e+01 2.3461e+03 2.8987e+03 -3.2609e+01 7.0237e+03
-8.0161e+06 3.6351e+01 2.3522e+03 2.9282e+03 -1.8301e+01 6.9652e+03
-7.4899e+06 3.6343e+01 2.3581e+03 2.9572e+03 4.2780e-01 6.9079e+03
-7.8957e+06 3.6333e+01 2.3639e+03 2.9858e+03 -1.8573e+01 6.8503e+03
-7.2314e+06 3.6325e+01 2.3695e+03 3.0139e+03 -5.4611e+00 6.7929e+03
-7.3052e+06 3.6313e+01 2.3751e+03 3.0416e+03 -1.4085e+01 6.7351e+03
-6.7130e+06 3.6306e+01 2.3806e+03 3.0689e+03 9.2681e+00 6.6786e+03
-7.0401e+06 3.6304e+01 2.3859e+03 3.0956e+03 -1.5134e+01 6.6200e+03
-6.0991e+06 3.6309e+01 2.3911e+03 3.1220e+03 1.6986e+01 6.5639e+03
-6.8548e+06 3.6315e+01 2.3963e+03 3.1479e+03 -2.4793e+01 6.5058e+03
-5.5274e+06 3.6332e+01 2.4013e+03 3.1733e+03 2.3150e+01 6.4505e+03
-6.7536e+06 3.6359e+01 2.4063e+03 3.1984e+03 -4.8988e+01 6.3916e+03
-4.8533e+06 3.6416e+01 2.4111e+03 3.2230e+03 8.5769e+00 6.3377e+03
-6.6313e+06 3.6510e+01 2.4159e+03 3.2471e+03 -1.2279e+02 6.2792e+03
-3.3521e+06 3.6676e+01 2.4205e+03 3.2709e+03 -5.3179e+01 6.2294e+03
-5.6757e+06 3.6929e+01 2.4251e+03 3.2942e+03 -2.6667e+02 6.1784e+03
1.0193e+05 3.7334e+01 2.4296e+03 3.3172e+03 -3.2621e+02 6.1294e+03
-3.6699e+05 3.7660e+01 2.4340e+03 3.3397e+03 -2.4906e+02 6.0213e+03
1.1891e+07 3.7673e+01 2.4384e+03 3.3618e+03 6.0531e+02 5.9683e+03
9.1916e+06 3.8031e+01 2.4426e+03 3.3835e+03 7.3066e+02 6.0451e+03
-5.0278e+06 3.6956e+01 2.2406e+03 2.4843e+03 1.7427e+01 7.7525e+03
-3.8575e+06 3.6855e+01 2.2487e+03 2.5197e+03 2.3119e+01 7.7078e+03
-7.1286e+06 3.6787e+01 2.2567e+03 2.5547e+03 -1.1304e+02 7.6409e+03
-8.6467e+06 3.6702e+01 2.2645e+03 2.5893e+03 -1.7834e+02 7.5914e+03
-7.7648e+06 3.6614e+01 2.2721e+03 2.6234e+03 -1.4383e+02 7.5348e+03
-6.1209e+06 3.6539e+01 2.2796e+03 2.6570e+03 -5.3134e+01 7.4774e+03
-7.5680e+06 3.6479e+01 2.2869e+03 2.6902e+03 -5.2705e+01 7.4216e+03
-8.3282e+06 3.6436e+01 2.2941e+03 2.7228e+03 -5.0795e+01 7.3656e+03
-8.5577e+06 3.6406e+01 2.3011e+03 2.7551e+03 -5.3684e+01 7.3078e+03
-8.1947e+06 3.6387e+01 2.3079e+03 2.7868e+03 -3.1876e+01 7.2507e+03
-8.0985e+06 3.6378e+01 2.3147e+03 2.8181e+03 -2.7779e+01 7.1930e+03
-7.4848e+06 3.6373e+01 2.3212e+03 2.8489e+03 2.5680e+00 7.1351e+03
-7.1642e+06 3.6371e+01 2.3277e+03 2.8792e+03 1.7515e+01 7.0771e+03
-7.0384e+06 3.6369e+01 2.3340e+03 2.9091e+03 2.3949e+01 7.0203e+03
-7.6760e+06 3.6362e+01 2.3402e+03 2.9386e+03 -1.0901e+00 6.9637e+03
-7.6159e+06 3.6349e+01 2.3462e+03 2.9675e+03 1.0474e+00 6.9068e+03
-7.1154e+06 3.6336e+01 2.3522e+03 2.9960e+03 2.7607e+00 6.8489e+03
-7.1048e+06 3.6323e+01 2.3580e+03 3.0241e+03 3.4271e+00 6.7914e+03
-7.0970e+06 3.6311e+01 2.3637e+03 3.0517e+03 -9.3390e+00 6.7336e+03
-6.7052e+06 3.6306e+01 2.3693e+03 3.0789e+03 5.8917e+00 6.6762e+03
-6.6930e+06 3.6308e+01 2.3748e+03 3.1056e+03 -8.2741e+00 6.6186e+03
-6.5082e+06 3.6316e+01 2.3802e+03 3.1318e+03 -3.3871e-01 6.5614e+03
-6.4285e+06 3.6328e+01 2.3854e+03 3.1577e+03 -2.1914e+01 6.5036e+03
-6.1568e+06 3.6354e+01 2.3906e+03 3.1830e+03 -8.1767e+00 6.4469e+03
-6.0887e+06 3.6397e+01 2.3957e+03 3.2080e+03 -4.5182e+01 6.3896e+03
-5.4690e+06 3.6476e+01 2.4007e+03 3.2325e+03 -3.8334e+01 6.3338e+03
-5.3300e+06 3.6612e+01 2.4055e+03 3.2566e+03 -1.3432e+02 6.2803e+03
-3.9466e+06 3.6829e+01 2.4103e+03 3.2803e+03 -1.3131e+02 6.2312e+03
-2.7894e+06 3.7111e+01 2.4150e+03 3.3036e+03 -2.3890e+02 6.1784e+03
1.1743e+06 3.7416e+01 2.4196e+03 3.3264e+03 -1.9294e+02 6.0727e+03
5.1650e+06 3.7523e+01 2.4242e+03 3.3489e+03 1.8265e+02 5.9644e+03
1.1141e+07 3.7683e+01 2.4286e+03 3.3709e+03 6.0602e+02 5.9388e+03
1.0500e+07 3.8606e+01 2.4330e+03 3.3925e+03 2.9277e+02 5.9697e+03
-4.9951e+06 3.7633e+01 2.2262e+03 2.4963e+03 -4.0548e+01 7.7581e+03
-5.8729e+06 3.7220e+01 2.2346e+03 2.5316e+03 -1.2113e+01 7.7236e+03
-5.3546e+06 3.6983e+01 2.2427e+03 2.5665e+03 1.1107e+01 7.6451e+03
-3.4952e+06 3.6877e+01 2.2507e+03 2.6010e+03 2.7004e+01 7.5849e+03
-6.8185e+06 3.6801e+01 2.2585e+03 2.6350e+03 -9.1731e+01 7.5289e+03
-8.4025e+06 3.6721e+01 2.2661e+03 2.6685e+03 -1.6152e+02 7.4776e+03
-8.0614e+06 3.6636e+01 2.2736e+03 2.7015e+03 -1.5680e+02 7.4218e+03
-6.7135e+06 3.6561e+01 2.2809e+03 2.7341e+03 -7.6072e+01 7.3646e+03
-7.2714e+06 3.6499e+01 2.2881e+03 2.7663e+03 -4.9863e+01 7.3066e+03
-7.3220e+06 3.6457e+01 2.2951e+03 2.7979e+03 -1.8891e+01 7.2496e+03
-8.0145e+06 3.6429e+01 2.3020e+03 2.8291e+03 -3.8217e+01 7.1922e+03
-8.4277e+06 3.6411e+01 2.3087e+03 2.8598e+03 -4.7373e+01 7.1361e+03
-9.0611e+06 3.6398e+01 2.3153e+03 2.8901e+03 -7.1837e+01 7.0788e+03
-8.7913e+06 3.6391e+01 2.3218e+03 2.9199e+03 -5.6796e+01 7.0207e+03
-7.9654e+06 3.6383e+01 2.3281e+03 2.9492e+03 -3.5256e+01 6.9620e+03
-7.4510e+06 3.6367e+01 2.3343e+03 2.9781e+03 -1.6289e+01 6.9050e+03
-7.7813e+06 3.6347e+01 2.3404e+03 3.0065e+03 -2.7073e+01 6.8478e+03
-7.2269e+06 3.6330e+01 2.3464e+03 3.0345e+03 -1.6087e+01 6.7894e+03
-6.9006e+06 3.6317e+01 2.3522e+03 3.0620e+03 -8.0929e+00 6.7310e+03
-6.7988e+06 3.6315e+01 2.3580e+03 3.0891e+03 -3.9694e+00 6.6735e+03
-6.5804e+06 3.6321e+01 2.3636e+03 3.1157e+03 -7.2189e+00 6.6158e+03
-6.3252e+06 3.6332e+01 2.3691e+03 3.1419e+03 -5.6822e+00 6.5584e+03
-6.2270e+06 3.6352e+01 2.3745e+03 3.1677e+03 -1.4997e+01 6.5004e+03
-5.9653e+06 3.6388e+01 2.3798e+03 3.1930e+03 -2.3282e+01 6.4433e+03
-5.6982e+06 3.6450e+01 2.3850e+03 3.2178e+03 -3.8673e+01 6.3862e+03
-5.3814e+06 3.6556e+01 2.3901e+03 3.2423e+03 -8.2496e+01 6.3319e+03
-4.4668e+06 3.6739e+01 2.3951e+03 3.2663e+03 -1.4600e+02 6.2778e+03
-3.0215e+06 3.6979e+01 2.4000e+03 3.2899e+03 -1.5163e+02 6.2236e+03
-1.0320e+05 3.7192e+01 2.4049e+03 3.3131e+03 -7.1854e+01 6.1533e+03
3.4227e+06 3.7314e+01 2.4096e+03 3.3359e+03 8.5507e+01 6.0450e+03
7.7751e+06 3.7429e+01 2.4142e+03 3.3582e+03 2.9769e+02 5.9754e+03
8.5768e+06 3.8073e+01 2.4188e+03 3.3802e+03 1.8796e+02 5.9807e+03
9.2574e+06 3.9013e+01 2.4233e+03 3.4018e+03 -2.7524e+02 5.9669e+03
-2.1584e+06 3.7922e+01 2.2118e+03 2.5087e+03 -2.1259e+02 7.7455e+03
-2.6122e+05 3.8018e+01 2.2203e+03 2.5439e+03 -4.1729e+01 7.7115e+03
-4.2064e+06 3.7697e+01 2.2286e+03 2.5787e+03 -2.9884e+01 7.6459e+03
-6.2316e+06 3.7299e+01 2.2368e+03 2.6130e+03 -3.6317e+01 7.5998e+03
-5.2882e+06 3.7028e+01 2.2448e+03 2.6469e+03 8.3682e+00 7.5358e+03
-3.4049e+06 3.6892e+01 2.2526e+03 2.6803e+03 4.9748e+01 7.4718e+03
-5.9901e+06 3.6815e+01 2.2602e+03 2.7133e+03 -4.9292e+01 7.4137e+03
-7.5405e+06 3.6744e+01 2.2677e+03 2.7458e+03 -1.3981e+02 7.3611e+03
-8.2824e+06 3.6664e+01 2.2750e+03 2.7778e+03 -1.7432e+02 7.3078e+03
-7.9425e+06 3.6588e+01 2.2822e+03 2.8093e+03 -1.3047e+02 7.2517e+03
-7.9251e+06 3.6526e+01 2.2892e+03 2.8404e+03 -8.6804e+01 7.1917e+03
-7.0355e+06 3.6483e+01 2.2961e+03 2.8710e+03 -1.8483e+01 7.1322e+03
-6.6508e+06 3.6454e+01 2.3029e+03 2.9012e+03 9.3881e+00 7.0728e+03
-6.4365e+06 3.6436e+01 2.3095e+03 2.9309e+03 2.3207e+01 7.0160e+03
-7.4723e+06 3.6419e+01 2.3160e+03 2.9602e+03 -1.0769e+01 6.9592e+03
-7.4193e+06 3.6399e+01 2.3223e+03 2.9889e+03 -9.2597e+00 6.9016e+03
-6.8532e+06 3.6375e+01 2.3286e+03 3.0173e+03 -6.0252e+00 6.8429e+03
-6.7682e+06 3.6351e+01 2.3347e+03 3.0452e+03 1.7758e-01 6.7859e+03
-6.9553e+06 3.6334e+01 2.3407e+03 3.0726e+03 -1.6845e+01 6.7276e+03
-6.3700e+06 3.6332e+01 2.3465e+03 3.0996e+03 9.0833e-01 6.6695e+03
-6.6214e+06 3.6340e+01 2.3523e+03 3.1261e+03 -1.6082e+01 6.6114e+03
-6.2483e+06 3.6356e+01 2.3580e+03 3.1522e+03 -8.1478e+00 6.5550e+03
-6.4236e+06 3.6383e+01 2.3635e+03 3.1779e+03 -3.7362e+01 6.4968e+03
-5.7662e+06 3.6431e+01 2.3689e+03 3.2031e+03 -3.4056e+01 6.4400e+03
-5.8954e+06 3.6512e+01 2.3743e+03 3.2279e+03 -7.4153e+01 6.3820e+03
-4.4354e+06 3.6651e+01 2.3795e+03 3.2523e+03 -9.7385e+01 6.3278e+03
-4.1263e+06 3.6862e+01 2.3846e+03 3.2762e+03 -1.6433e+02 6.2655e+03
-8.8009e+05 3.7078e+01 2.3897e+03 3.2997e+03 -8.5877e+01 6.2022e+03
1.4213e+06 3.7167e+01 2.3946e+03 3.3228e+03 7.8370e+01 6.1363e+03
6.4837e+06 3.7205e+01 2.3995e+03 3.3455e+03 2.5992e+02 6.0875e+03
6.0422e+06 3.7575e+01 2.4042e+03 3.3678e+03 6.5987e+01 6.0536e+03
8.4765e+06 3.8548e+01 2.4089e+03 3.3897e+03 -2.0295e+02 6.0123e+03
7.0244e+06 3.8687e+01 2.4135e+03 3.4112e+03 -4.3470e+02 5.9657e+03
4.1429e+05 3.5114e+01 2.1973e+03 2.5214e+03 1.4004e+02 7.7302e+03
-3.6751e+06 3.6978e+01 2.2060e+03 2.5566e+03 -2.6414e+02 7.6984e+03
-2.0856e+06 3.7909e+01 2.2145e+03 2.5912e+03 -2.5050e+02 7.6341e+03
-4.1935e+05 3.8073e+01 2.2228e+03 2.6255e+03 -9.0030e+01 7.5839e+03
-3.4500e+06 3.7809e+01 2.2310e+03 2.6592e+03 -3.6149e+01 7.5326e+03
-6.2913e+06 3.7398e+01 2.2390e+03 2.6925e+03 -4.5013e+01 7.4846e+03
-5.2368e+06 3.7082e+01 2.2468e+03 2.7253e+03 1.4990e+01 7.4242e+03
-4.3740e+06 3.6922e+01 2.2544e+03 2.7577e+03 4.3714e+01 7.3572e+03
-5.1980e+06 3.6843e+01 2.2619e+03 2.7896e+03 -1.5289e+01 7.2966e+03
-6.2593e+06 3.6779e+01 2.2692e+03 2.8211e+03 -1.0899e+02 7.2422e+03
-7.2336e+06 3.6702e+01 2.2764e+03 2.8520e+03 -1.6116e+02 7.1893e+03
-8.2750e+06 3.6626e+01 2.2835e+03 2.8826e+03 -1.7556e+02 7.1340e+03
-8.9988e+06 3.6568e+01 2.2904e+03 2.9126e+03 -1.6609e+02 7.0761e+03
-8.8662e+06 3.6528e+01 2.2972e+03 2.9422e+03 -1.3652e+02 7.0172e+03
-7.6811e+06 3.6497e+01 2.3038e+03 2.9714e+03 -8.9939e+01 6.9575e+03
-7.1748e+06 3.6466e+01 2.3103e+03 3.0000e+03 -6.3859e+01 6.8995e+03
-7.6540e+06 3.6431e+01 2.3167e+03 3.0283e+03 -5.6600e+01 6.8418e+03
-6.9680e+06 3.6396e+01 2.3229e+03 3.0561e+03 -3.8347e+01 6.7831e+03
-6.5827e+06 3.6369e+01 2.3290e+03 3.0834e+03 -1.9601e+01 6.7250e+03
-6.5199e+06 3.6358e+01 2.3351e+03 3.1103e+03 -2.1283e+01 6.6659e+03
-6.3851e+06 3.6366e+01 2.3410e+03 3.1367e+03 -2.0929e+01 6.6069e+03
-5.9716e+06 3.6388e+01 2.3467e+03 3.1627e+03 -2.4227e+01 6.5488e+03
-6.0347e+06 3.6424e+01 2.3524e+03 3.1883e+03 -3.5626e+01 6.4927e+03
-5.3516e+06 3.6485e+01 2.3580e+03 3.2134e+03 -5.5709e+01 6.4336e+03
-5.1736e+06 3.6589e+01 2.3634e+03 3.2381e+03 -8.6378e+01 6.3800e+03
-3.9187e+06 3.6752e+01 2.3688e+03 3.2624e+03 -1.2243e+02 6.3220e+03
-2.6902e+06 3.6958e+01 2.3740e+03 3.2863e+03 -1.3065e+02 6.2603e+03
5.3538e+05 3.7113e+01 2.3792e+03 3.3097e+03 -5.1896e+01 6.1877e+03
3.2519e+06 3.7130e+01 2.3843e+03 3.3327e+03 1.4616e+02 6.1352e+03
6.1713e+06 3.7229e+01 2.3892e+03 3.3553e+03 1.7918e+02 6.1031e+03
6.0843e+06 3.7920e+01 2.3941e+03 3.3775e+03 -8.3215e+01 6.0614e+03
7.2124e+06 3.8749e+01 2.3989e+03 3.3994e+03 -3.8256e+02 5.9909e+03
1.0156e+07 3.7504e+01 2.4036e+03 3.4208e+03 -2.3712e+01 5.9360e+03
6.3201e+06 3.0617e+01 2.1828e+03 2.5346e+03 8.0434e+02 7.7592e+03
6.0978e+06 3.2644e+01 2.1917e+03 2.5696e+03 6.9721e+02 7.7053e+03
2.1855e+06 3.4819e+01 2.2003e+03 2.6041e+03 2.4507e+02 7.6213e+03
-4.4581e+06 3.6611e+01 2.2088e+03 2.6382e+03 -2.5628e+02 7.5672e+03
-1.5972e+06 3.7678e+01 2.2171e+03 2.6718e+03 -2.5667e+02 7.5204e+03
-8.6536e+05 3.8041e+01 2.2253e+03 2.7050e+03 -1.2919e+02 7.4657e+03
-2.2905e+06 3.7915e+01 2.2333e+03 2.7377e+03 -4.7561e+01 7.4151e+03
-5.4732e+06 3.7520e+01 2.2411e+03 2.7700e+03 -5.2537e+01 7.3648e+03
-5.1495e+06 3.7151e+01 2.2487e+03 2.8017e+03 -9.9609e-01 7.3045e+03
-6.1617e+06 3.6963e+01 2.2562e+03 2.8331e+03 -3.3278e+01 7.2390e+03
-5.6482e+06 3.6887e+01 2.2636e+03 2.8639e+03 -5.7286e+01 7.1819e+03
-5.7401e+06 3.6824e+01 2.2708e+03 2.8943e+03 -8.3133e+01 7.1212e+03
-4.6606e+06 3.6757e+01 2.2778e+03 2.9243e+03 -3.8499e+01 7.0636e+03
-5.3439e+06 3.6698e+01 2.2847e+03 2.9538e+03 -5.9399e+01 7.0066e+03
-6.3059e+06 3.6652e+01 2.2915e+03 2.9828e+03 -8.1777e+01 6.9515e+03
-7.1582e+06 3.6605e+01 2.2982e+03 3.0114e+03 -1.1584e+02 6.8943e+03
-5.7951e+06 3.6554e+01 2.3047e+03 3.0395e+03 -6.8362e+01 6.8376e+03
-6.6091e+06 3.6495e+01 2.3111e+03 3.0672e+03 -7.3840e+01 6.7804e+03
-6.1222e+06 3.6442e+01 2.3173e+03 3.0944e+03 -3.7531e+01 6.7228e+03
-6.4224e+06 3.6410e+01 2.3235e+03 3.1212e+03 -4.9563e+01 6.6624e+03
-5.6588e+06 3.6411e+01 2.3295e+03 3.1476e+03 -1.9603e+01 6.6037e+03
-6.6152e+06 3.6434e+01 2.3354e+03 3.1735e+03 -6.2407e+01 6.5437e+03
-5.0991e+06 3.6479e+01 2.3412e+03 3.1990e+03 -4.2458e+01 6.4881e+03
-6.1615e+06 3.6550e+01 2.3469e+03 3.2240e+03 -1.0639e+02 6.4299e+03
-3.6243e+06 3.6672e+01 2.3525e+03 3.2486e+03 -9.5671e+01 6.3766e+03
-4.1942e+06 3.6836e+01 2.3580e+03 3.2728e+03 -1.3019e+02 6.3188e+03
1.7059e+05 3.7004e+01 2.3634e+03 3.2965e+03 -5.4723e+01 6.2615e+03
1.2777e+05 3.7093e+01 2.3687e+03 3.3199e+03 -5.2690e+00 6.1860e+03
6.1231e+06 3.7130e+01 2.3739e+03 3.3428e+03 1.5964e+02 6.1327e+03
3.7530e+06 3.7410e+01 2.3790e+03 3.3653e+03 -1.8446e+01 6.0845e+03
8.0989e+06 3.8360e+01 2.3840e+03 3.3875e+03 -1.8298e+02 6.0410e+03
5.6580e+06 3.8609e+01 2.3889e+03 3.4092e+03 -3.6533e+02 5.9446e+03
1.5788e+07 3.5829e+01 2.3937e+03 3.4305e+03 3.6308e+02 5.8461e+03
2.3184e+05 2.8989e+01 2.1683e+03 2.5481e+03 8.2422e+02 7.7263e+03
-3.1361e+06 2.9226e+01 2.1773e+03 2.5829e+03 4.7531e+02 7.6884e+03
5.6065e+06 3.0306e+01 2.1861e+03 2.6173e+03 7.3383e+02 7.6487e+03
6.3358e+06 3.2029e+01 2.1948e+03 2.6513e+03 7.5551e+02 7.5798e+03
3.4526e+06 3.4111e+01 2.2033e+03 2.6848e+03 3.9378e+02 7.5098e+03
-4.1660e+06 3.6116e+01 2.2116e+03 2.7178e+03 -1.7436e+02 7.4508e+03
-1.7027e+06 3.7508e+01 2.2197e+03 2.7504e+03 -2.5696e+02 7.4039e+03
-2.1054e+06 3.8054e+01 2.2277e+03 2.7825e+03 -1.6413e+02 7.3505e+03
-1.1666e+06 3.7912e+01 2.2355e+03 2.8142e+03 -5.8892e+00 7.2928e+03
-3.2488e+06 3.7475e+01 2.2431e+03 2.8454e+03 4.7241e+01 7.2338e+03
-3.4849e+06 3.7165e+01 2.2506e+03 2.8761e+03 3.9568e+01 7.1852e+03
-6.3022e+06 3.7029e+01 2.2580e+03 2.9064e+03 -8.0749e+01 7.1269e+03
-6.9016e+06 3.6943e+01 2.2652e+03 2.9362e+03 -1.2307e+02 7.0702e+03
-7.7935e+06 3.6874e+01 2.2723e+03 2.9656e+03 -1.4044e+02 7.0060e+03
-5.7833e+06 3.6818e+01 2.2792e+03 2.9945e+03 -7.4018e+01 6.9453e+03
-5.8727e+06 3.6765e+01 2.2860e+03 3.0230e+03 -6.7414e+01 6.8876e+03
-6.4270e+06 3.6707e+01 2.2926e+03 3.0510e+03 -6.4265e+01 6.8311e+03
-6.2764e+06 3.6640e+01 2.2992e+03 3.0786e+03 -8.5290e+01 6.7739e+03
-5.7244e+06 3.6567e+01 2.3056e+03 3.1057e+03 -6.7665e+01 6.7181e+03
-6.1514e+06 3.6508e+01 2.3119e+03 3.1324e+03 -7.6097e+01 6.6598e+03
-5.7328e+06 3.6490e+01 2.3180e+03 3.1586e+03 -6.1382e+01 6.5973e+03
-5.4088e+06 3.6506e+01 2.3241e+03 3.1844e+03 -7.1039e+01 6.5384e+03
-5.0530e+06 3.6544e+01 2.3300e+03 3.2098e+03 -6.5154e+01 6.4806e+03
-4.2348e+06 3.6610e+01 2.3358e+03 3.2347e+03 -7.7790e+01 6.4242e+03
-3.4201e+06 3.6727e+01 2.3416e+03 3.2593e+03 -9.9412e+01 6.3614e+03
-1.9151e+06 3.6885e+01 2.3472e+03 3.2833e+03 -9.1106e+01 6.3080e+03
2.7200e+05 3.7012e+01 2.3527e+03 3.3070e+03 -1.2478e+01 6.2536e+03
3.2180e+06 3.7050e+01 2.3581e+03 3.3302e+03 1.2450e+02 6.2005e+03
4.7683e+06 3.7161e+01 2.3634e+03 3.3531e+03 1.1730e+02 6.1409e+03
5.2466e+06 3.7720e+01 2.3686e+03 3.3755e+03 -1.2309e+02 6.0810e+03
6.2409e+06 3.8728e+01 2.3737e+03 3.3975e+03 -3.7058e+02 6.0234e+03
1.0189e+07 3.7963e+01 2.3787e+03 3.4192e+03 -5.4285e+01 5.9585e+03
1.4942e+07 3.3954e+01 2.3837e+03 3.4404e+03 3.6055e+02 5.9363e+03
-1.2445e+07 3.0983e+01 2.1537e+03 2.5619e+03 -2.8262e+03 7.4523e+03
-3.3163e+06 2.9745e+01 2.1629e+03 2.5966e+03 -1.6438e+01 7.6734e+03
-5.6846e+05 2.9045e+01 2.1719e+03 2.6309e+03 7.8273e+02 7.6121e+03
-3.7484e+06 2.9071e+01 2.1807e+03 2.6647e+03 5.0935e+02 7.5515e+03
4.0610e+06 2.9919e+01 2.1893e+03 2.6980e+03 6.6790e+02 7.5321e+03
6.8175e+06 3.1518e+01 2.1978e+03 2.7309e+03 8.0495e+02 7.4659e+03
3.9812e+06 3.3638e+01 2.2061e+03 2.7634e+03 4.5865e+02 7.3895e+03
-1.8944e+06 3.5880e+01 2.2142e+03 2.7954e+03 -1.1388e+02 7.3318e+03
-2.3914e+06 3.7536e+01 2.2222e+03 2.8269e+03 -3.1205e+02 7.2813e+03
-3.4648e+06 3.8130e+01 2.2300e+03 2.8580e+03 -2.6015e+02 7.2248e+03
-2.3687e+06 3.8063e+01 2.2377e+03 2.8886e+03 -1.1064e+02 7.1729e+03
-1.9296e+06 3.7862e+01 2.2452e+03 2.9187e+03 1.6386e+01 7.1144e+03
-7.6399e+05 3.7671e+01 2.2525e+03 2.9484e+03 1.0048e+02 7.0573e+03
-1.5646e+06 3.7506e+01 2.2597e+03 2.9777e+03 9.7702e+01 6.9953e+03
-3.4861e+06 3.7339e+01 2.2668e+03 3.0065e+03 4.8641e+01 6.9394e+03
-4.4132e+06 3.7176e+01 2.2737e+03 3.0349e+03 2.7520e+01 6.8853e+03
-3.6465e+06 3.7030e+01 2.2805e+03 3.0628e+03 3.2817e+01 6.8224e+03
-4.5064e+06 3.6892e+01 2.2872e+03 3.0902e+03 3.6633e+00 6.7603e+03
-5.5725e+06 3.6766e+01 2.2938e+03 3.1172e+03 -8.7279e+01 6.7082e+03
-4.9578e+06 3.6675e+01 2.3002e+03 3.1438e+03 -1.0754e+02 6.6515e+03
-5.5872e+06 3.6622e+01 2.3065e+03 3.1699e+03 -1.2733e+02 6.5886e+03
-4.5638e+06 3.6606e+01 2.3127e+03 3.1956e+03 -7.8501e+01 6.5315e+03
-4.8715e+06 3.6617e+01 2.3187e+03 3.2209e+03 -1.0238e+02 6.4724e+03
-3.0595e+06 3.6670e+01 2.3247e+03 3.2457e+03 -6.7251e+01 6.4167e+03
-3.4216e+06 3.6777e+01 2.3305e+03 3.2701e+03 -1.3174e+02 6.3511e+03
1.6123e+05 3.6928e+01 2.3363e+03 3.2941e+03 -7.6216e+01 6.2931e+03
2.8346e+05 3.7015e+01 2.3419e+03 3.3176e+03 -5.6362e+00 6.2335e+03
5.3928e+06 3.7033e+01 2.3474e+03 3.3408e+03 2.1931e+02 6.1923e+03
3.4708e+06 3.7261e+01 2.3529e+03 3.3635e+03 3.6822e+01 6.1340e+03
7.3642e+06 3.8133e+01 2.3582e+03 3.3858e+03 -1.9158e+02 6.0793e+03
4.4595e+06 3.8798e+01 2.3634e+03 3.4078e+03 -4.7819e+02 6.0113e+03
1.5823e+07 3.6604e+01 2.3686e+03 3.4293e+03 2.8094e+02 5.9553e+03
1.3327e+07 3.2035e+01 2.3736e+03 3.4504e+03 5.5692e+02 5.9679e+03
-3.7195e+07 3.4395e+01 2.1390e+03 2.5761e+03 -5.9915e+04 -7.7570e+03
-3.3577e+07 3.2941e+01 2.1484e+03 2.6107e+03 -2.2090e+04 5.7685e+03
-1.8541e+07 3.1407e+01 2.1576e+03 2.6447e+03 -4.2554e+03 7.2135e+03
-2.8164e+06 3.0178e+01 2.1665e+03 2.6784e+03 -3.3516e+02 7.5201e+03
-2.9528e+06 2.9331e+01 2.1754e+03 2.7116e+03 6.0752e+02 7.4937e+03
-3.1378e+06 2.9058e+01 2.1840e+03 2.7443e+03 5.4297e+02 7.4304e+03
1.8487e+06 2.9673e+01 2.1924e+03 2.7766e+03 6.0758e+02 7.4010e+03
6.5316e+06 3.1424e+01 2.2007e+03 2.8085e+03 8.3101e+02 7.3461e+03
4.5667e+06 3.3968e+01 2.2088e+03 2.8399e+03 5.6551e+02 7.2710e+03
2.6564e+06 3.6109e+01 2.2168e+03 2.8708e+03 1.6916e+02 7.2075e+03
-3.6540e+05 3.7131e+01 2.2246e+03 2.9013e+03 -1.2369e+02 7.1466e+03
-2.5649e+06 3.7426e+01 2.2323e+03 2.9313e+03 -2.8014e+02 7.0918e+03
-5.0311e+06 3.7555e+01 2.2398e+03 2.9609e+03 -3.8057e+02 7.0423e+03
-5.0210e+06 3.7700e+01 2.2471e+03 2.9900e+03 -3.5148e+02 6.9892e+03
-3.5824e+06 3.7794e+01 2.2543e+03 3.0187e+03 -2.5321e+02 6.9326e+03
-2.7784e+06 3.7835e+01 2.2614e+03 3.0469e+03 -1.7429e+02 6.8827e+03
-4.6472e+06 3.7746e+01 2.2684e+03 3.0747e+03 -1.5729e+02 6.8178e+03
-3.9643e+06 3.7426e+01 2.2752e+03 3.1020e+03 -1.4267e+02 6.7375e+03
-4.4805e+06 3.7098e+01 2.2819e+03 3.1289e+03 -1.8792e+02 6.6891e+03
-4.5405e+06 3.6919e+01 2.2884e+03 3.1554e+03 -1.8741e+02 6.6467e+03
-4.3965e+06 3.6801e+01 2.2949e+03 3.1814e+03 -1.2232e+02 6.5897e+03
-2.9485e+06 3.6726e+01 2.3012e+03 3.2070e+03 -4.2771e+01 6.5246e+03
-3.2994e+06 3.6721e+01 2.3074e+03 3.2321e+03 -6.6077e+01 6.4620e+03
-1.7575e+06 3.6781e+01 2.3135e+03 3.2568e+03 -1.0467e+02 6.4091e+03
-1.8949e+06 3.6881e+01 2.3194e+03 3.2811e+03 -1.4738e+02 6.3579e+03
6.9088e+05 3.6985e+01 2.3253e+03 3.3050e+03 -1.0238e+02 6.2865e+03
1.9043e+06 3.7012e+01 2.3310e+03 3.3285e+03 4.8365e+01 6.2162e+03
5.3103e+06 3.7067e+01 2.3367e+03 3.3515e+03 1.5020e+02 6.1651e+03
4.0728e+06 3.7502e+01 2.3422e+03 3.3741e+03 -4.6803e+01 6.1226e+03
5.9589e+06 3.8550e+01 2.3477e+03 3.3963e+03 -3.8362e+02 6.0691e+03
8.2348e+06 3.8352e+01 2.3530e+03 3.4182e+03 -2.3597e+02 6.0007e+03
1.5665e+07 3.4736e+01 2.3583e+03 3.4396e+03 3.0554e+02 5.9555e+03
1.8138e+07 3.0458e+01 2.3635e+03 3.4606e+03 1.3570e+03 5.9266e+03
-2.6004e+07 3.4407e+01 2.2605e+03 1.9781e+03 -1.9730e+05 -6.5655e+04
-3.1739e+07 3.5216e+01 2.1348e+03 2.6208e+03 -1.3033e+05 -4.1042e+04
-3.8486e+07 3.4794e+01 2.1432e+03 2.6589e+03 -7.1917e+04 -1.3262e+04
-3.5266e+07 3.3550e+01 2.1524e+03 2.6924e+03 -2.8823e+04 5.0862e+03
-2.2877e+07 3.1965e+01 2.1613e+03 2.7255e+03 -5.5882e+03 7.0315e+03
-3.3542e+06 3.0504e+01 2.1701e+03 2.7581e+03 -5.8546e+02 7.3785e+03
-3.1845e+06 2.9436e+01 2.1787e+03 2.7902e+03 4.6019e+02 7.3593e+03
-2.4407e+05 2.9144e+01 2.1872e+03 2.8219e+03 6.4204e+02 7.2847e+03
5.3703e+05 2.9967e+01 2.1955e+03 2.8532e+03 4.5534e+02 7.2460e+03
3.7461e+06 3.1364e+01 2.2036e+03 2.8839e+03 5.8288e+02 7.2294e+03
2.9865e+06 3.2497e+01 2.2115e+03 2.9143e+03 5.5734e+02 7.1825e+03
5.5933e+06 3.3211e+01 2.2193e+03 2.9442e+03 6.6158e+02 7.1187e+03
5.3732e+06 3.3849e+01 2.2270e+03 2.9736e+03 6.7650e+02 7.0424e+03
5.2354e+06 3.4574e+01 2.2345e+03 3.0026e+03 5.6413e+02 6.9760e+03
9.9863e+05 3.5315e+01 2.2418e+03 3.0311e+03 2.7866e+02 6.9208e+03
-2.4155e+05 3.6196e+01 2.2491e+03 3.0592e+03 4.8043e+01 6.8788e+03
3.8186e+05 3.7084e+01 2.2561e+03 3.0869e+03 -1.4015e+01 6.7962e+03
-1.0139e+06 3.7446e+01 2.2631e+03 3.1141e+03 -7.8422e+01 6.6913e+03
-2.3261e+06 3.7369e+01 2.2699e+03 3.1409e+03 -1.8887e+02 6.6699e+03
-2.7623e+06 3.7227e+01 2.2766e+03 3.1672e+03 -2.0191e+02 6.6673e+03
-2.0093e+06 3.7075e+01 2.2832e+03 3.1931e+03 -6.2851e+01 6.6182e+03
-2.7104e+06 3.6923e+01 2.2896e+03 3.2185e+03 3.1546e+01 6.5347e+03
-9.0325e+05 3.6850e+01 2.2960e+03 3.2436e+03 3.9517e+01 6.4502e+03
-2.6429e+06 3.6902e+01 2.3022e+03 3.2682e+03 -1.0136e+02 6.3996e+03
5.3542e+05 3.6997e+01 2.3083e+03 3.2923e+03 -1.0654e+02 6.3577e+03
-9.0596e+04 3.7029e+01 2.3142e+03 3.3161e+03 -6.0275e+01 6.2854e+03
5.0204e+06 3.7016e+01 2.3201e+03 3.3394e+03 1.3571e+02 6.2221e+03
2.3636e+06 3.7166e+01 2.3259e+03 3.3624e+03 1.5829e+01 6.1658e+03
6.8261e+06 3.7879e+01 2.3316e+03 3.3849e+03 -1.5254e+02 6.1265e+03
3.3523e+06 3.8750e+01 2.3371e+03 3.4070e+03 -5.0188e+02 6.0540e+03
1.3997e+07 3.7231e+01 2.3426e+03 3.4287e+03 1.0086e+02 6.0109e+03
1.2989e+07 3.2797e+01 2.3480e+03 3.4500e+03 4.2404e+02 5.8810e+03
2.2542e+07 2.9645e+01 2.3533e+03 3.4710e+03 1.5548e+03 5.7731e+03
-1.9212e+07 2.9812e+01 2.7858e+03 -4.3684e+02 -2.9893e+05 -1.1193e+05
-2.3089e+07 3.2080e+01 2.5541e+03 6.8388e+02 -2.6512e+05 -9.9632e+04
-2.2273e+07 3.4222e+01 2.3229e+03 1.8002e+03 -2.1459e+05 -7.0979e+04
-2.9831e+07 3.5352e+01 2.1404e+03 2.6968e+03 -1.4687e+05 -4.3412e+04
-3.9465e+07 3.5125e+01 2.1473e+03 2.7396e+03 -8.0059e+04 -1.5454e+04
-3.5123e+07 3.3879e+01 2.1562e+03 2.7721e+03 -3.1441e+04 4.9173e+03
-2.4472e+07 3.2169e+01 2.1650e+03 2.8041e+03 -5.7944e+03 6.9470e+03
-4.7659e+06 3.0552e+01 2.1736e+03 2.8356e+03 -4.3515e+02 7.2883e+03
-1.7254e+06 2.9454e+01 2.1820e+03 2.8667e+03 8.6355e+02 7.3231e+03
3.2259e+06 2.9041e+01 2.1903e+03 2.8973e+03 1.3229e+03 7.2585e+03
2.0323e+05 2.9132e+01 2.1984e+03 2.9275e+03 7.8226e+02 7.1599e+03
-2.0049e+05 2.9366e+01 2.2063e+03 2.9573e+03 4.1452e+02 7.0743e+03
-3.7547e+06 2.9689e+01 2.2141e+03 2.9866e+03 7.3752e+01 7.0094e+03
-1.9288e+06 3.0132e+01 2.2218e+03 3.0154e+03 1.2035e+02 6.9784e+03
1.1609e+05 3.0751e+01 2.2293e+03 3.0438e+03 2.4440e+02 6.9403e+03
2.8153e+06 3.2039e+01 2.2367e+03 3.0718e+03 3.5025e+02 6.9001e+03
1.2419e+06 3.4189e+01 2.2439e+03 3.0993e+03 3.9349e+02 6.7814e+03
3.0705e+06 3.6192e+01 2.2510e+03 3.1264e+03 4.1786e+02 6.6655e+03
1.4608e+06 3.7187e+01 2.2579e+03 3.1530e+03 1.5141e+02 6.6872e+03
-4.1299e+05 3.7457e+01 2.2647e+03 3.1792e+03 -1.1524e+02 6.6982e+03
-1.3641e+06 3.7508e+01 2.2714e+03 3.2050e+03 -1.5488e+02 6.6217e+03
-6.4197e+05 3.7354e+01 2.2780e+03 3.2303e+03 -1.1255e+00 6.5336e+03
-4.8144e+05 3.7045e+01 2.2845e+03 3.2552e+03 8.0981e+01 6.4381e+03
5.7085e+05 3.6942e+01 2.2908e+03 3.2797e+03 6.4194e+01 6.3877e+03
1.0319e+06 3.7033e+01 2.2970e+03 3.3037e+03 1.9917e+00 6.3437e+03
2.3106e+06 3.7060e+01 2.3031e+03 3.3274e+03 4.2818e+01 6.2811e+03
3.7274e+06 3.7076e+01 2.3091e+03 3.3506e+03 8.1752e+01 6.2229e+03
4.0838e+06 3.7377e+01 2.3150e+03 3.3734e+03 -5.7823e+01 6.1695e+03
4.2166e+06 3.8329e+01 2.3208e+03 3.3958e+03 -3.8055e+02 6.1150e+03
6.7760e+06 3.8564e+01 2.3265e+03 3.4178e+03 -3.2865e+02 6.0465e+03
1.3591e+07 3.5548e+01 2.3321e+03 3.4394e+03 1.4213e+02 5.9997e+03
1.7502e+07 3.1137e+01 2.3376e+03 3.4606e+03 1.1372e+03 5.9014e+03
1.3852e+07 2.9672e+01 2.3430e+03 3.4814e+03 3.9586e+02 5.8927e+03
-3.0410e+07 2.9900e+01 3.3143e+03 -2.8660e+03 -3.1678e+05 -1.1616e+05
-2.9740e+07 2.8733e+01 3.0811e+03 -1.7372e+03 -3.1555e+05 -1.1482e+05
-1.9414e+07 2.9558e+01 2.8483e+03 -6.1279e+02 -3.0782e+05 -1.0983e+05
-2.3019e+07 3.1775e+01 2.6078e+03 5.4345e+02 -2.7907e+05 -9.5840e+04
-2.0097e+07 3.4222e+01 2.3502e+03 1.7766e+03 -2.2468e+05 -6.6639e+04
-3.0465e+07 3.5568e+01 2.1444e+03 2.7766e+03 -1.4961e+05 -3.9520e+04
-3.7928e+07 3.5297e+01 2.1512e+03 2.8182e+03 -7.8044e+04 -1.4327e+04
-3.2181e+07 3.3947e+01 2.1600e+03 2.8495e+03 -3.0117e+04 4.6660e+03
-2.7679e+07 3.2263e+01 2.1686e+03 2.8805e+03 -6.8702e+03 6.1847e+03
-1.6092e+07 3.1022e+01 2.1770e+03 2.9110e+03 -3.0959e+03 6.4381e+03
-1.3335e+07 3.0345e+01 2.1852e+03 2.9410e+03 -1.8747e+03 6.7761e+03
-4.4256e+06 2.9817e+01 2.1933e+03 2.9706e+03 2.6758e+00 7.0589e+03
-1.8685e+06 2.9414e+01 2.2013e+03 2.9997e+03 1.0724e+03 7.1465e+03
1.2451e+06 2.9168e+01 2.2090e+03 3.0284e+03 1.5057e+03 7.0980e+03
-3.0750e+06 2.9230e+01 2.2167e+03 3.0567e+03 1.0470e+03 7.0053e+03
-2.7241e+05 3.0265e+01 2.2242e+03 3.0845e+03 8.1196e+02 6.9219e+03
4.7557e+06 3.2543e+01 2.2315e+03 3.1119e+03 9.9955e+02 6.7577e+03
8.0760e+06 3.4873e+01 2.2388e+03 3.1388e+03 1.1824e+03 6.6641e+03
4.5990e+06 3.6092e+01 2.2459e+03 3.1653e+03 6.3427e+02 6.7136e+03
2.7787e+06 3.6683e+01 2.2528e+03 3.1914e+03 2.9213e+01 6.6899e+03
-1.4966e+06 3.7489e+01 2.2596e+03 3.2170e+03 -3.3002e+02 6.5883e+03
-1.0649e+06 3.7885e+01 2.2664e+03 3.2422e+03 -2.1830e+02 6.5184e+03
-1.4100e+06 3.7396e+01 2.2729e+03 3.2670e+03 -8.2538e+01 6.4337e+03
1.1338e+06 3.6992e+01 2.2794e+03 3.2913e+03 9.8953e+01 6.3783e+03
6.9823e+05 3.7031e+01 2.2858e+03 3.3153e+03 2.7717e+01 6.3327e+03
4.0092e+06 3.7106e+01 2.2920e+03 3.3388e+03 9.2957e+01 6.2796e+03
2.3504e+06 3.7202e+01 2.2981e+03 3.3619e+03 -4.6368e+01 6.2191e+03
4.9158e+06 3.7731e+01 2.3041e+03 3.3846e+03 -1.5849e+02 6.1671e+03
2.3637e+06 3.8736e+01 2.3100e+03 3.4069e+03 -5.9785e+02 6.0925e+03
1.0907e+07 3.7880e+01 2.3158e+03 3.4288e+03 -1.7381e+02 6.0466e+03
1.1424e+07 3.3690e+01 2.3215e+03 3.4503e+03 1.7284e+02 5.9665e+03
2.1896e+07 3.0076e+01 2.3271e+03 3.4713e+03 1.5001e+03 5.9894e+03
2.1188e+06 3.0380e+01 2.3326e+03 3.4921e+03 -9.9332e+01 5.9303e+03
-9.7003e+06 3.7150e+01 3.8330e+03 -5.3065e+03 -3.1099e+05 -1.1624e+05
-2.8903e+07 3.3688e+01 3.6083e+03 -4.1710e+03 -3.1735e+05 -1.1496e+05
-2.9247e+07 3.0364e+01 3.3772e+03 -3.0382e+03 -3.2082e+05 -1.0883e+05
-3.1078e+07 2.8676e+01 3.1164e+03 -1.7924e+03 -3.2226e+05 -1.0197e+05
-2.1184e+07 2.9488e+01 2.8564e+03 -5.5084e+02 -3.1310e+05 -9.8180e+04
-2.3840e+07 3.1934e+01 2.5978e+03 6.8508e+02 -2.8034e+05 -9.0203e+04
-2.2694e+07 3.4331e+01 2.3408e+03 1.9151e+03 -2.2180e+05 -6.6766e+04
-3.4410e+07 3.5410e+01 2.1483e+03 2.8547e+03 -1.4627e+05 -5.5031e+04
-3.8271e+07 3.4975e+01 2.1551e+03 2.8945e+03 -9.0871e+04 -5.1900e+04
-3.0326e+07 3.4243e+01 2.1636e+03 2.9248e+03 -6.9442e+04 -3.4344e+04
-3.4599e+07 3.3779e+01 2.1720e+03 2.9547e+03 -5.1674e+04 -1.6266e+04
-3.2844e+07 3.3156e+01 2.1802e+03 2.9841e+03 -3.2209e+04 -1.7408e+03
-3.5817e+07 3.2494e+01 2.1883e+03 3.0131e+03 -1.6034e+04 4.3928e+03
-3.0179e+07 3.1979e+01 2.1963e+03 3.0417e+03 -7.7911e+03 5.2619e+03
-2.3088e+07 3.2032e+01 2.2040e+03 3.0698e+03 -5.4522e+03 5.8025e+03
-1.3626e+07 3.3155e+01 2.2117e+03 3.0975e+03 -3.3452e+03 6.3013e+03
-7.9294e+06 3.4379e+01 2.2192e+03 3.1247e+03 -1.2779e+03 6.5919e+03
3.0783e+06 3.4390e+01 2.2265e+03 3.1515e+03 3.9203e+02 6.6718e+03
5.2612e+06 3.3675e+01 2.2338e+03 3.1778e+03 7.4960e+02 6.6737e+03
3.0266e+06 3.3896e+01 2.2408e+03 3.2038e+03 1.9123e+02 6.6261e+03
-7.8772e+05 3.5951e+01 2.2478e+03 3.2293e+03 -3.1400e+02 6.5654e+03
-4.8816e+05 3.7900e+01 2.2546e+03 3.2543e+03 -3.8043e+02 6.5031e+03
-1.5648e+06 3.7850e+01 2.2614e+03 3.2790e+03 -2.6251e+02 6.4299e+03
1.8725e+06 3.7192e+01 2.2679e+03 3.3032e+03 -6.9418e+01 6.3580e+03
1.4904e+06 3.7132e+01 2.2744e+03 3.3270e+03 2.8949e+01 6.3064e+03
4.1852e+06 3.7362e+01 2.2808e+03 3.3504e+03 7.9625e+01 6.2645e+03
2.8521e+06 3.7795e+01 2.2870e+03 3.3734e+03 1.0839e+01 6.2172e+03
4.7727e+06 3.8796e+01 2.2932e+03 3.3959e+03 -3.1616e+02 6.1565e+03
3.8012e+06 3.9433e+01 2.2992e+03 3.4181e+03 -5.3395e+02 6.0791e+03
1.1062e+07 3.6907e+01 2.3051e+03 3.4399e+03 -2.8714e+02 6.0240e+03
1.6345e+07 3.2049e+01 2.3109e+03 3.4612e+03 8.1138e+02 5.9411e+03
1.7018e+07 2.9767e+01 2.3166e+03 3.4822e+03 6.5436e+02 5.9775e+03
1.9627e+06 3.1766e+01 2.3223e+03 3.5028e+03 5.1319e+02 5.8772e+03
