  1    1089
-3.6875e+06 6.4053e+01 2.0501e+04 3.0637e+02 1.7015e+00 4.7479e+03
-3.6965e+06 6.3614e+01 2.0516e+04 2.7611e+02 2.2005e+00 4.5017e+03
-3.7113e+06 6.3115e+01 2.0530e+04 2.4431e+02 2.8741e+00 4.2513e+03
-3.7168e+06 6.2580e+01 2.0543e+04 2.1095e+02 2.9596e+00 3.9958e+03
-3.7190e+06 6.2111e+01 2.0555e+04 1.7605e+02 4.5257e+00 3.7439e+03
-3.7309e+06 6.1714e+01 2.0567e+04 1.3960e+02 3.7014e+00 3.4902e+03
-3.7556e+06 6.1288e+01 2.0577e+04 1.0161e+02 2.3826e+00 3.2364e+03
-3.7747e+06 6.0795e+01 2.0587e+04 6.2096e+01 2.4165e+00 2.9835e+03
-3.7897e+06 6.0315e+01 2.0596e+04 2.1052e+01 2.3346e+00 2.7299e+03
-3.8046e+06 5.9891e+01 2.0604e+04 -2.1508e+01 2.3539e+00 2.4779e+03
-3.8161e+06 5.9489e+01 2.0611e+04 -6.5575e+01 2.3040e+00 2.2252e+03
-3.8214e+06 5.9086e+01 2.0618e+04 -1.1114e+02 3.4642e+00 1.9729e+03
-3.8254e+06 5.8691e+01 2.0623e+04 -1.5819e+02 4.6537e+00 1.7199e+03
-3.8516e+06 5.8310e+01 2.0628e+04 -2.0671e+02 3.4806e+00 1.4678e+03
-3.8776e+06 5.7931e+01 2.0631e+04 -2.5669e+02 2.3187e+00 1.2164e+03
-3.8980e+06 5.7518e+01 2.0634e+04 -3.0812e+02 2.4665e+00 9.6549e+02
-3.9169e+06 5.6998e+01 2.0636e+04 -3.6098e+02 2.2026e+00 7.1471e+02
-3.9471e+06 5.6276e+01 2.0637e+04 -4.1525e+02 1.6149e+00 4.6377e+02
-3.9784e+06 5.5329e+01 2.0636e+04 -4.7093e+02 1.2902e+00 2.1341e+02
-4.0173e+06 5.4221e+01 2.0635e+04 -5.2798e+02 9.4110e-01 -3.5597e+01
-4.0493e+06 5.3109e+01 2.0633e+04 -5.8639e+02 7.5983e-01 -2.8392e+02
-4.0818e+06 5.2215e+01 2.0631e+04 -6.4615e+02 8.4673e-01 -5.3249e+02
-4.1003e+06 5.1660e+01 2.0627e+04 -7.0723e+02 1.0796e+00 -7.8002e+02
-4.1181e+06 5.1344e+01 2.0622e+04 -7.6961e+02 1.2798e+00 -1.0273e+03
-4.1262e+06 5.1108e+01 2.0616e+04 -8.3328e+02 1.5906e+00 -1.2722e+03
-4.1403e+06 5.0893e+01 2.0609e+04 -8.9820e+02 2.1110e+00 -1.5174e+03
-4.1437e+06 5.0686e+01 2.0602e+04 -9.6435e+02 2.3934e+00 -1.7609e+03
-4.1517e+06 5.0459e+01 2.0593e+04 -1.0317e+03 1.9135e+00 -2.0054e+03
-4.1523e+06 5.0212e+01 2.0583e+04 -1.1003e+03 2.1856e+00 -2.2470e+03
-4.1604e+06 4.9977e+01 2.0573e+04 -1.1700e+03 3.5648e+00 -2.4910e+03
-4.1614e+06 4.9762e+01 2.0561e+04 -1.2408e+03 2.7786e+00 -2.7295e+03
-4.1747e+06 4.9553e+01 2.0548e+04 -1.3128e+03 1.6155e+00 -2.9681e+03
-4.1692e+06 4.9345e+01 2.0535e+04 -1.3858e+03 3.4813e+00 -3.2147e+03
-3.7105e+06 6.3248e+01 2.0493e+04 3.4416e+02 -2.7531e+00 4.9055e+03
-3.7319e+06 6.2842e+01 2.0508e+04 3.1331e+02 -2.7871e+00 4.6583e+03
-3.7516e+06 6.2343e+01 2.0523e+04 2.8089e+02 9.3555e-01 4.3998e+03
-3.7567e+06 6.1821e+01 2.0536e+04 2.4689e+02 1.1414e+00 4.1451e+03
-3.7664e+06 6.1385e+01 2.0549e+04 2.1132e+02 -2.2398e-02 3.8923e+03
-3.7742e+06 6.1013e+01 2.0561e+04 1.7418e+02 1.5182e-02 3.6382e+03
-3.7911e+06 6.0589e+01 2.0572e+04 1.3549e+02 7.3302e-01 3.3846e+03
-3.8040e+06 6.0099e+01 2.0582e+04 9.5239e+01 7.6804e-01 3.1315e+03
-3.8200e+06 5.9639e+01 2.0592e+04 5.3443e+01 5.2978e-01 2.8774e+03
-3.8251e+06 5.9237e+01 2.0600e+04 1.0109e+01 1.6333e+00 2.6233e+03
-3.8381e+06 5.8849e+01 2.0608e+04 -3.4753e+01 2.0066e+00 2.3692e+03
-3.8497e+06 5.8458e+01 2.0615e+04 -8.1134e+01 1.0050e+00 2.1156e+03
-3.8626e+06 5.8075e+01 2.0621e+04 -1.2902e+02 3.8675e-01 1.8625e+03
-3.8766e+06 5.7704e+01 2.0626e+04 -1.7840e+02 3.0327e-02 1.6101e+03
-3.8999e+06 5.7337e+01 2.0630e+04 -2.2927e+02 4.7610e-01 1.3573e+03
-3.9152e+06 5.6943e+01 2.0633e+04 -2.8159e+02 2.3332e+00 1.1044e+03
-3.9369e+06 5.6457e+01 2.0635e+04 -3.3537e+02 3.6563e+00 8.5283e+02
-3.9555e+06 5.5787e+01 2.0636e+04 -3.9059e+02 3.9251e+00 6.0207e+02
-3.9861e+06 5.4898e+01 2.0637e+04 -4.4722e+02 4.0917e+00 3.5126e+02
-4.0167e+06 5.3848e+01 2.0636e+04 -5.0525e+02 3.9907e+00 1.0020e+02
-4.0560e+06 5.2755e+01 2.0634e+04 -5.6466e+02 3.7751e+00 -1.4971e+02
-4.0845e+06 5.1820e+01 2.0632e+04 -6.2544e+02 3.9558e+00 -3.9850e+02
-4.1090e+06 5.1218e+01 2.0628e+04 -6.8755e+02 3.9212e+00 -6.4610e+02
-4.1208e+06 5.0899e+01 2.0624e+04 -7.5099e+02 3.7934e+00 -8.9388e+02
-4.1370e+06 5.0685e+01 2.0618e+04 -8.1572e+02 4.2324e+00 -1.1408e+03
-4.1460e+06 5.0489e+01 2.0612e+04 -8.8172e+02 5.3273e+00 -1.3874e+03
-4.1553e+06 5.0292e+01 2.0604e+04 -9.4897e+02 5.8399e+00 -1.6318e+03
-4.1538e+06 5.0060e+01 2.0596e+04 -1.0175e+03 5.1922e+00 -1.8758e+03
-4.1630e+06 4.9808e+01 2.0586e+04 -1.0871e+03 4.9885e+00 -2.1183e+03
-4.1673e+06 4.9577e+01 2.0576e+04 -1.1580e+03 6.7890e+00 -2.3632e+03
-4.1806e+06 4.9370e+01 2.0564e+04 -1.2300e+03 8.1447e+00 -2.6037e+03
-4.1769e+06 4.9176e+01 2.0552e+04 -1.3031e+03 6.4249e+00 -2.8475e+03
-4.1726e+06 4.8982e+01 2.0539e+04 -1.3774e+03 3.1271e+00 -3.0833e+03
-3.7597e+06 6.2446e+01 2.0484e+04 3.8316e+02 -5.4014e-01 5.0360e+03
-3.7507e+06 6.2062e+01 2.0500e+04 3.5170e+02 -2.9339e-01 4.7929e+03
-3.7609e+06 6.1556e+01 2.0515e+04 3.1865e+02 1.9970e+00 4.5298e+03
-3.7686e+06 6.1042e+01 2.0529e+04 2.8400e+02 2.3694e+00 4.2739e+03
-3.7820e+06 6.0626e+01 2.0543e+04 2.4776e+02 1.4094e+00 4.0196e+03
-3.7884e+06 6.0250e+01 2.0555e+04 2.0993e+02 1.3061e+00 3.7645e+03
-3.8053e+06 5.9813e+01 2.0567e+04 1.7052e+02 1.9184e+00 3.5094e+03
-3.8181e+06 5.9344e+01 2.0578e+04 1.2953e+02 1.5711e+00 3.2542e+03
-3.8347e+06 5.8932e+01 2.0587e+04 8.6969e+01 9.4743e-01 2.9991e+03
-3.8305e+06 5.8566e+01 2.0597e+04 4.2850e+01 2.0624e+00 2.7440e+03
-3.8439e+06 5.8194e+01 2.0605e+04 -2.8196e+00 1.3142e+00 2.4893e+03
-3.8581e+06 5.7812e+01 2.0612e+04 -5.0029e+01 -1.7125e+00 2.2345e+03
-3.8605e+06 5.7439e+01 2.0618e+04 -9.8768e+01 -4.7870e-01 1.9797e+03
-3.8645e+06 5.7082e+01 2.0624e+04 -1.4902e+02 -1.7269e-01 1.7258e+03
-3.9014e+06 5.6729e+01 2.0628e+04 -2.0078e+02 -1.3537e+00 1.4719e+03
-3.9190e+06 5.6360e+01 2.0632e+04 -2.5402e+02 8.8919e-01 1.2184e+03
-3.9390e+06 5.5919e+01 2.0634e+04 -3.0874e+02 2.0937e+00 9.6533e+02
-3.9591e+06 5.5298e+01 2.0636e+04 -3.6491e+02 2.1274e+00 7.1270e+02
-3.9917e+06 5.4457e+01 2.0637e+04 -4.2251e+02 2.0475e+00 4.6071e+02
-4.0195e+06 5.3471e+01 2.0636e+04 -4.8154e+02 1.4198e+00 2.0919e+02
-4.0585e+06 5.2425e+01 2.0635e+04 -5.4197e+02 1.0126e+00 -4.1818e+01
-4.0874e+06 5.1458e+01 2.0633e+04 -6.0377e+02 5.4809e-01 -2.9233e+02
-4.1196e+06 5.0786e+01 2.0630e+04 -6.6694e+02 3.2395e-01 -5.4219e+02
-4.1320e+06 5.0438e+01 2.0625e+04 -7.3144e+02 5.5008e-01 -7.9093e+02
-4.1479e+06 5.0236e+01 2.0620e+04 -7.9726e+02 8.7205e-01 -1.0388e+03
-4.1512e+06 5.0050e+01 2.0614e+04 -8.6437e+02 1.1250e+00 -1.2858e+03
-4.1628e+06 4.9844e+01 2.0607e+04 -9.3274e+02 1.3792e+00 -1.5324e+03
-4.1647e+06 4.9607e+01 2.0599e+04 -1.0024e+03 1.2664e+00 -1.7778e+03
-4.1771e+06 4.9367e+01 2.0589e+04 -1.0732e+03 1.4532e+00 -2.0218e+03
-4.1827e+06 4.9157e+01 2.0579e+04 -1.1452e+03 1.4105e+00 -2.2665e+03
-4.1901e+06 4.8970e+01 2.0568e+04 -1.2184e+03 2.1783e+00 -2.5077e+03
-4.1889e+06 4.8790e+01 2.0556e+04 -1.2927e+03 3.9804e+00 -2.7603e+03
-4.2089e+06 4.8601e+01 2.0542e+04 -1.3682e+03 7.7862e-01 -2.9917e+03
-3.7653e+06 6.1653e+01 2.0475e+04 4.2339e+02 -1.3230e+00 5.1679e+03
-3.7656e+06 6.1252e+01 2.0492e+04 3.9132e+02 3.2144e-01 4.9232e+03
-3.7760e+06 6.0747e+01 2.0507e+04 3.5764e+02 1.5686e+00 4.6598e+03
-3.7838e+06 6.0264e+01 2.0522e+04 3.2233e+02 1.2843e+00 4.4022e+03
-3.7937e+06 5.9865e+01 2.0536e+04 2.8541e+02 1.3740e+00 4.1466e+03
-3.8046e+06 5.9474e+01 2.0549e+04 2.4687e+02 9.3953e-01 3.8902e+03
-3.8225e+06 5.9035e+01 2.0561e+04 2.0673e+02 8.6948e-01 3.6337e+03
-3.8363e+06 5.8609e+01 2.0572e+04 1.6499e+02 8.1358e-01 3.3774e+03
-3.8510e+06 5.8252e+01 2.0583e+04 1.2166e+02 4.3829e-01 3.1210e+03
-3.8480e+06 5.7917e+01 2.0592e+04 7.6741e+01 2.2477e+00 2.8647e+03
-3.8562e+06 5.7556e+01 2.0601e+04 3.0252e+01 3.3398e+00 2.6085e+03
-3.8487e+06 5.7180e+01 2.0609e+04 -1.7799e+01 5.0058e+00 2.3524e+03
-3.8052e+06 5.6814e+01 2.0615e+04 -6.7401e+01 1.3516e+01 2.0966e+03
-3.8125e+06 5.6471e+01 2.0621e+04 -1.1854e+02 1.0970e+01 1.8409e+03
-3.8972e+06 5.6135e+01 2.0626e+04 -1.7120e+02 -3.4951e-01 1.5857e+03
-3.9348e+06 5.5793e+01 2.0630e+04 -2.2538e+02 -1.0470e+00 1.3308e+03
-3.9523e+06 5.5410e+01 2.0633e+04 -2.8104e+02 9.6562e-01 1.0763e+03
-3.9672e+06 5.4876e+01 2.0635e+04 -3.3818e+02 5.9457e-01 8.2248e+02
-3.9965e+06 5.4122e+01 2.0636e+04 -3.9678e+02 9.2061e-02 5.6897e+02
-4.0257e+06 5.3205e+01 2.0637e+04 -4.5682e+02 -4.2065e-01 3.1614e+02
-4.0653e+06 5.2186e+01 2.0636e+04 -5.1828e+02 -8.5997e-01 6.3950e+01
-4.0969e+06 5.1177e+01 2.0634e+04 -5.8114e+02 -1.6402e+00 -1.8784e+02
-4.1278e+06 5.0419e+01 2.0631e+04 -6.4537e+02 -1.9742e+00 -4.3897e+02
-4.1419e+06 5.0009e+01 2.0627e+04 -7.1096e+02 -1.6625e+00 -6.8921e+02
-4.1593e+06 4.9791e+01 2.0622e+04 -7.7788e+02 -1.4123e+00 -9.3862e+02
-4.1661e+06 4.9601e+01 2.0616e+04 -8.4611e+02 -1.4100e+00 -1.1871e+03
-4.1774e+06 4.9382e+01 2.0609e+04 -9.1563e+02 -1.2644e+00 -1.4347e+03
-4.1782e+06 4.9146e+01 2.0601e+04 -9.8640e+02 -1.1386e+00 -1.6814e+03
-4.1907e+06 4.8931e+01 2.0592e+04 -1.0584e+03 -6.8303e-01 -1.9267e+03
-4.1985e+06 4.8746e+01 2.0582e+04 -1.1316e+03 -1.7147e+00 -2.1729e+03
-4.2091e+06 4.8572e+01 2.0571e+04 -1.2060e+03 -1.4462e+00 -2.4160e+03
-4.2074e+06 4.8397e+01 2.0559e+04 -1.2815e+03 2.0118e+00 -2.6686e+03
-4.2179e+06 4.8204e+01 2.0546e+04 -1.3582e+03 -3.1810e-01 -2.9025e+03
-3.7869e+06 6.0852e+01 2.0466e+04 4.6487e+02 -4.6511e-01 5.3004e+03
-3.7842e+06 6.0417e+01 2.0483e+04 4.3219e+02 -8.5985e-02 5.0542e+03
-3.7902e+06 5.9936e+01 2.0499e+04 3.9786e+02 -2.3946e-02 4.7894e+03
-3.8000e+06 5.9512e+01 2.0514e+04 3.6189e+02 -4.0334e-01 4.5309e+03
-3.8096e+06 5.9142e+01 2.0529e+04 3.2427e+02 -1.2313e-01 4.2739e+03
-3.8243e+06 5.8749e+01 2.0542e+04 2.8503e+02 3.4863e-02 4.0161e+03
-3.8416e+06 5.8329e+01 2.0555e+04 2.4415e+02 1.1939e+00 3.7584e+03
-3.8605e+06 5.7946e+01 2.0567e+04 2.0165e+02 2.6708e+00 3.5006e+03
-3.8747e+06 5.7615e+01 2.0578e+04 1.5753e+02 2.2786e+00 3.2428e+03
-3.8908e+06 5.7285e+01 2.0588e+04 1.1181e+02 2.0933e+00 2.9853e+03
-3.9176e+06 5.6930e+01 2.0597e+04 6.4487e+01 1.3527e+00 2.7276e+03
-3.9170e+06 5.6564e+01 2.0605e+04 1.5583e+01 3.4442e+00 2.4702e+03
-3.8480e+06 5.6207e+01 2.0612e+04 -3.4896e+01 1.4050e+01 2.2134e+03
-3.8388e+06 5.5872e+01 2.0619e+04 -8.6934e+01 1.2725e+01 1.9566e+03
-3.9098e+06 5.5548e+01 2.0624e+04 -1.4052e+02 5.4430e-01 1.7000e+03
-3.9458e+06 5.5222e+01 2.0629e+04 -1.9563e+02 -1.1119e+00 1.4437e+03
-3.9569e+06 5.4887e+01 2.0632e+04 -2.5226e+02 9.4371e-01 1.1877e+03
-3.9803e+06 5.4457e+01 2.0635e+04 -3.1039e+02 6.9738e-01 9.3244e+02
-4.0024e+06 5.3813e+01 2.0636e+04 -3.7000e+02 8.4728e-01 6.7767e+02
-4.0308e+06 5.2946e+01 2.0637e+04 -4.3106e+02 8.1855e-01 4.2346e+02
-4.0630e+06 5.1933e+01 2.0636e+04 -4.9357e+02 1.2324e-01 1.6989e+02
-4.1017e+06 5.0910e+01 2.0635e+04 -5.5750e+02 -7.1359e-01 -8.3022e+01
-4.1334e+06 5.0096e+01 2.0632e+04 -6.2282e+02 -1.0034e+00 -3.3539e+02
-4.1562e+06 4.9609e+01 2.0629e+04 -6.8952e+02 -7.6780e-01 -5.8699e+02
-4.1667e+06 4.9356e+01 2.0624e+04 -7.5756e+02 -4.3825e-01 -8.3792e+02
-4.1757e+06 4.9163e+01 2.0618e+04 -8.2694e+02 -2.4369e-01 -1.0878e+03
-4.1834e+06 4.8943e+01 2.0612e+04 -8.9761e+02 -2.1668e-01 -1.3366e+03
-4.1942e+06 4.8719e+01 2.0604e+04 -9.6956e+02 -3.8145e-01 -1.5845e+03
-4.2020e+06 4.8525e+01 2.0595e+04 -1.0428e+03 -1.5237e-02 -1.8310e+03
-4.2142e+06 4.8349e+01 2.0586e+04 -1.1172e+03 -3.5419e-01 -2.0786e+03
-4.2176e+06 4.8174e+01 2.0575e+04 -1.1928e+03 3.1199e-01 -2.3229e+03
-4.2167e+06 4.7989e+01 2.0563e+04 -1.2696e+03 3.7601e+00 -2.5769e+03
-4.2213e+06 4.7786e+01 2.0550e+04 -1.3475e+03 1.9731e+00 -2.8120e+03
-3.7927e+06 6.0083e+01 2.0456e+04 5.0764e+02 3.3816e-01 5.4337e+03
-3.8013e+06 5.9643e+01 2.0474e+04 4.7433e+02 -2.7058e-01 5.1862e+03
-3.8083e+06 5.9209e+01 2.0490e+04 4.3935e+02 -3.1159e-01 4.9202e+03
-3.8205e+06 5.8837e+01 2.0506e+04 4.0270e+02 -2.6910e-01 4.6604e+03
-3.8271e+06 5.8484e+01 2.0521e+04 3.6439e+02 4.1027e-01 4.4020e+03
-3.8502e+06 5.8097e+01 2.0535e+04 3.2442e+02 5.7266e-01 4.1431e+03
-3.8790e+06 5.7703e+01 2.0549e+04 2.8280e+02 3.4196e-01 3.8842e+03
-3.8977e+06 5.7339e+01 2.0561e+04 2.3953e+02 2.5884e+00 3.6250e+03
-3.8996e+06 5.6998e+01 2.0573e+04 1.9462e+02 5.2607e+00 3.3661e+03
-3.9505e+06 5.6656e+01 2.0583e+04 1.4807e+02 1.8050e+00 3.1072e+03
-4.0484e+06 5.6312e+01 2.0593e+04 9.9913e+01 -1.0872e+01 2.8480e+03
-4.0934e+06 5.5967e+01 2.0602e+04 5.0142e+01 -1.9575e+01 2.5894e+03
-4.0116e+06 5.5621e+01 2.0609e+04 -1.2254e+00 -8.7469e+00 2.3312e+03
-3.9343e+06 5.5289e+01 2.0616e+04 -5.4176e+01 1.9957e+00 2.0730e+03
-3.9402e+06 5.4966e+01 2.0622e+04 -1.0870e+02 2.1995e-01 1.8151e+03
-3.9617e+06 5.4640e+01 2.0627e+04 -1.6477e+02 -3.9578e-01 1.5574e+03
-3.9749e+06 5.4333e+01 2.0631e+04 -2.2238e+02 5.6565e-01 1.3003e+03
-3.9945e+06 5.3995e+01 2.0634e+04 -2.8151e+02 -1.5527e-02 1.0436e+03
-4.0132e+06 5.3460e+01 2.0636e+04 -3.4214e+02 5.2152e-01 7.8747e+02
-4.0358e+06 5.2638e+01 2.0637e+04 -4.0425e+02 1.1610e+00 5.3182e+02
-4.0702e+06 5.1636e+01 2.0636e+04 -4.6782e+02 4.9294e-01 2.7674e+02
-4.1079e+06 5.0638e+01 2.0635e+04 -5.3283e+02 -3.1073e-01 2.2550e+01
-4.1383e+06 4.9799e+01 2.0633e+04 -5.9926e+02 -7.3877e-01 -2.3102e+02
-4.1620e+06 4.9236e+01 2.0630e+04 -6.6708e+02 -8.0685e-01 -4.8392e+02
-4.1775e+06 4.8938e+01 2.0626e+04 -7.3627e+02 -3.7544e-01 -7.3612e+02
-4.1890e+06 4.8747e+01 2.0621e+04 -8.0681e+02 1.0782e-01 -9.8737e+02
-4.1972e+06 4.8542e+01 2.0614e+04 -8.7867e+02 1.3058e-01 -1.2376e+03
-4.2038e+06 4.8334e+01 2.0607e+04 -9.5181e+02 -9.2835e-02 -1.4867e+03
-4.2117e+06 4.8148e+01 2.0598e+04 -1.0262e+03 2.9656e-01 -1.7345e+03
-4.2239e+06 4.7968e+01 2.0589e+04 -1.1019e+03 -1.2809e-01 -1.9835e+03
-4.2300e+06 4.7785e+01 2.0578e+04 -1.1787e+03 4.3943e-02 -2.2292e+03
-4.2296e+06 4.7587e+01 2.0567e+04 -1.2568e+03 3.3621e+00 -2.4842e+03
-4.2306e+06 4.7381e+01 2.0554e+04 -1.3359e+03 2.2456e+00 -2.7207e+03
-3.8123e+06 5.9370e+01 2.0446e+04 5.5171e+02 -1.3124e+00 5.5677e+03
-3.8172e+06 5.8956e+01 2.0464e+04 5.1777e+02 -1.6412e+00 5.3188e+03
-3.8229e+06 5.8570e+01 2.0482e+04 4.8214e+02 -3.5901e-01 5.0514e+03
-3.8378e+06 5.8226e+01 2.0498e+04 4.4481e+02 -3.4262e-02 4.7905e+03
-3.8457e+06 5.7871e+01 2.0514e+04 4.0579e+02 1.1283e+00 4.5307e+03
-3.8812e+06 5.7486e+01 2.0528e+04 3.6509e+02 -1.4468e-01 4.2707e+03
-3.9394e+06 5.7105e+01 2.0542e+04 3.2271e+02 -6.6125e+00 4.0106e+03
-3.9611e+06 5.6738e+01 2.0555e+04 2.7866e+02 -4.5487e+00 3.7498e+03
-3.9421e+06 5.6378e+01 2.0567e+04 2.3294e+02 5.3642e+00 3.4898e+03
-3.9999e+06 5.6034e+01 2.0578e+04 1.8557e+02 3.7792e+00 3.2299e+03
-4.0924e+06 5.5706e+01 2.0588e+04 1.3655e+02 -8.7731e+00 2.9695e+03
-4.1251e+06 5.5377e+01 2.0598e+04 8.5905e+01 -1.7154e+01 2.7095e+03
-4.0499e+06 5.5044e+01 2.0606e+04 3.3636e+01 -1.0509e+01 2.4495e+03
-3.9741e+06 5.4717e+01 2.0613e+04 -2.0240e+01 -4.9426e-01 2.1897e+03
-3.9580e+06 5.4393e+01 2.0619e+04 -7.5709e+01 2.3904e-01 1.9307e+03
-3.9718e+06 5.4062e+01 2.0625e+04 -1.3275e+02 -6.8451e-01 1.6719e+03
-3.9817e+06 5.3765e+01 2.0629e+04 -1.9136e+02 9.9946e-02 1.4133e+03
-4.0059e+06 5.3490e+01 2.0633e+04 -2.5151e+02 3.1521e-02 1.1554e+03
-4.0197e+06 5.3057e+01 2.0635e+04 -3.1318e+02 3.7026e-01 8.9808e+02
-4.0425e+06 5.2312e+01 2.0636e+04 -3.7635e+02 6.6431e-01 6.4115e+02
-4.0724e+06 5.1355e+01 2.0637e+04 -4.4100e+02 -7.6213e-03 3.8465e+02
-4.1140e+06 5.0390e+01 2.0636e+04 -5.0712e+02 -6.4440e-01 1.2901e+02
-4.1472e+06 4.9535e+01 2.0634e+04 -5.7467e+02 -1.0708e+00 -1.2581e+02
-4.1771e+06 4.8905e+01 2.0631e+04 -6.4364e+02 -1.3191e+00 -3.8006e+02
-4.1893e+06 4.8554e+01 2.0627e+04 -7.1399e+02 -1.0729e+00 -6.3356e+02
-4.2009e+06 4.8351e+01 2.0622e+04 -7.8571e+02 -6.2089e-01 -8.8606e+02
-4.2077e+06 4.8155e+01 2.0616e+04 -8.5877e+02 -4.2474e-01 -1.1376e+03
-4.2200e+06 4.7959e+01 2.0609e+04 -9.3313e+02 -4.1886e-01 -1.3882e+03
-4.2265e+06 4.7775e+01 2.0601e+04 -1.0088e+03 -1.2732e-04 -1.6374e+03
-4.2399e+06 4.7592e+01 2.0592e+04 -1.0857e+03 -5.3692e-01 -1.8875e+03
-4.2427e+06 4.7406e+01 2.0582e+04 -1.1638e+03 -4.7904e-01 -2.1344e+03
-4.2429e+06 4.7208e+01 2.0570e+04 -1.2431e+03 2.4741e+00 -2.3907e+03
-4.2439e+06 4.7009e+01 2.0558e+04 -1.3236e+03 1.1010e+00 -2.6284e+03
-3.8213e+06 5.8690e+01 2.0436e+04 5.9712e+02 -2.0303e+00 5.7023e+03
-3.8350e+06 5.8302e+01 2.0454e+04 5.6254e+02 -1.6722e+00 5.4522e+03
-3.8488e+06 5.7948e+01 2.0472e+04 5.2624e+02 6.8830e-01 5.1836e+03
-3.8640e+06 5.7619e+01 2.0489e+04 4.8822e+02 9.6252e-01 4.9216e+03
-3.8686e+06 5.7264e+01 2.0505e+04 4.4849e+02 2.2192e+00 4.6607e+03
-3.9070e+06 5.6875e+01 2.0521e+04 4.0705e+02 1.4455e+00 4.3992e+03
-3.9836e+06 5.6491e+01 2.0535e+04 3.6390e+02 -7.6638e+00 4.1377e+03
-4.0175e+06 5.6124e+01 2.0549e+04 3.1906e+02 -7.6276e+00 3.8757e+03
-4.0163e+06 5.5772e+01 2.0561e+04 2.7253e+02 5.5181e-01 3.6140e+03
-4.0681e+06 5.5448e+01 2.0573e+04 2.2432e+02 -3.6523e+00 3.3527e+03
-4.0725e+06 5.5133e+01 2.0584e+04 1.7444e+02 -3.2388e+00 3.0912e+03
-4.0174e+06 5.4805e+01 2.0593e+04 1.2290e+02 4.3297e+00 2.8302e+03
-3.9791e+06 5.4479e+01 2.0602e+04 6.9716e+01 4.0732e+00 2.5691e+03
-3.9683e+06 5.4163e+01 2.0610e+04 1.4901e+01 1.7124e+00 2.3079e+03
-3.9741e+06 5.3842e+01 2.0617e+04 -4.1530e+01 3.4828e-01 2.0475e+03
-3.9879e+06 5.3516e+01 2.0623e+04 -9.9563e+01 -7.5477e-02 1.7873e+03
-3.9967e+06 5.3224e+01 2.0627e+04 -1.5918e+02 7.0935e-01 1.5273e+03
-4.0042e+06 5.2976e+01 2.0631e+04 -2.2036e+02 1.4730e+00 1.2680e+03
-4.0168e+06 5.2632e+01 2.0634e+04 -2.8308e+02 2.4302e+00 1.0093e+03
-4.0436e+06 5.2008e+01 2.0636e+04 -3.4734e+02 2.5897e+00 7.5108e+02
-4.0810e+06 5.1126e+01 2.0637e+04 -4.1309e+02 1.3518e+00 4.9335e+02
-4.1207e+06 5.0170e+01 2.0636e+04 -4.8033e+02 -3.9214e-02 2.3626e+02
-4.1544e+06 4.9291e+01 2.0635e+04 -5.4902e+02 -7.9763e-01 -1.9887e+01
-4.1830e+06 4.8619e+01 2.0632e+04 -6.1915e+02 -1.0630e+00 -2.7540e+02
-4.2023e+06 4.8216e+01 2.0629e+04 -6.9069e+02 -9.2129e-01 -5.3024e+02
-4.2165e+06 4.7977e+01 2.0624e+04 -7.6361e+02 -5.1855e-01 -7.8407e+02
-4.2244e+06 4.7774e+01 2.0619e+04 -8.3789e+02 -2.8288e-01 -1.0368e+03
-4.2312e+06 4.7581e+01 2.0612e+04 -9.1349e+02 -2.3152e-01 -1.2887e+03
-4.2385e+06 4.7398e+01 2.0604e+04 -9.9040e+02 1.2116e-01 -1.5394e+03
-4.2518e+06 4.7216e+01 2.0595e+04 -1.0686e+03 -4.0572e-01 -1.7909e+03
-4.2576e+06 4.7033e+01 2.0585e+04 -1.1480e+03 -2.6611e-01 -2.0389e+03
-4.2580e+06 4.6841e+01 2.0574e+04 -1.2286e+03 2.7325e+00 -2.2966e+03
-4.2586e+06 4.6652e+01 2.0562e+04 -1.3104e+03 1.5025e+00 -2.5355e+03
-3.8403e+06 5.8018e+01 2.0425e+04 6.4388e+02 -1.2146e+00 5.8378e+03
-3.8503e+06 5.7647e+01 2.0444e+04 6.0865e+02 -1.2289e+00 5.5864e+03
-3.8678e+06 5.7308e+01 2.0462e+04 5.7169e+02 7.0166e-01 5.3162e+03
-3.8816e+06 5.6985e+01 2.0480e+04 5.3297e+02 7.0172e-01 5.0531e+03
-3.8873e+06 5.6630e+01 2.0497e+04 4.9252e+02 1.6724e+00 4.7911e+03
-3.9182e+06 5.6238e+01 2.0513e+04 4.5033e+02 3.5436e+00 4.5283e+03
-4.0178e+06 5.5860e+01 2.0528e+04 4.0641e+02 -3.0885e+00 4.2654e+03
-4.0906e+06 5.5517e+01 2.0542e+04 3.6077e+02 -6.6904e+00 4.0028e+03
-4.0811e+06 5.5200e+01 2.0555e+04 3.1341e+02 -1.7809e+00 3.7399e+03
-4.0750e+06 5.4903e+01 2.0567e+04 2.6435e+02 -5.6183e+00 3.4767e+03
-4.0376e+06 5.4594e+01 2.0578e+04 2.1359e+02 -4.1489e+00 3.2139e+03
-3.9734e+06 5.4261e+01 2.0589e+04 1.6115e+02 4.8742e+00 2.9513e+03
-3.9626e+06 5.3938e+01 2.0598e+04 1.0704e+02 3.8396e+00 2.6891e+03
-3.9777e+06 5.3630e+01 2.0606e+04 5.1275e+01 2.7213e-01 2.4270e+03
-3.9866e+06 5.3318e+01 2.0614e+04 -6.1335e+00 4.7410e-04 2.1650e+03
-3.9949e+06 5.3007e+01 2.0620e+04 -6.5167e+01 -2.4886e-02 1.9035e+03
-4.0024e+06 5.2721e+01 2.0625e+04 -1.2581e+02 4.2203e-01 1.6423e+03
-4.0163e+06 5.2471e+01 2.0630e+04 -1.8804e+02 1.4373e+00 1.3816e+03
-4.0434e+06 5.2191e+01 2.0633e+04 -2.5184e+02 2.1591e+00 1.1214e+03
-4.0687e+06 5.1702e+01 2.0635e+04 -3.1718e+02 3.6968e+00 8.6168e+02
-4.0891e+06 5.0907e+01 2.0636e+04 -3.8406e+02 3.6957e+00 6.0281e+02
-4.1255e+06 4.9932e+01 2.0637e+04 -4.5243e+02 7.4540e-01 3.4446e+02
-4.1666e+06 4.9012e+01 2.0636e+04 -5.2229e+02 -8.2417e-01 8.6832e+01
-4.1962e+06 4.8323e+01 2.0633e+04 -5.9360e+02 -8.5931e-01 -1.6998e+02
-4.2151e+06 4.7891e+01 2.0630e+04 -6.6634e+02 -8.3044e-01 -4.2614e+02
-4.2259e+06 4.7615e+01 2.0626e+04 -7.4049e+02 -5.5987e-01 -6.8130e+02
-4.2374e+06 4.7399e+01 2.0621e+04 -8.1601e+02 -3.6790e-01 -9.3537e+02
-4.2462e+06 4.7207e+01 2.0614e+04 -8.9287e+02 -3.3420e-01 -1.1885e+03
-4.2563e+06 4.7023e+01 2.0607e+04 -9.7106e+02 1.2069e-03 -1.4405e+03
-4.2662e+06 4.6841e+01 2.0598e+04 -1.0505e+03 -4.5821e-01 -1.6933e+03
-4.2727e+06 4.6659e+01 2.0588e+04 -1.1313e+03 -2.7776e-01 -1.9426e+03
-4.2696e+06 4.6472e+01 2.0577e+04 -1.2132e+03 2.7829e+00 -2.2017e+03
-4.2736e+06 4.6285e+01 2.0565e+04 -1.2964e+03 1.6850e+00 -2.4418e+03
-3.8536e+06 5.7358e+01 2.0413e+04 6.9202e+02 -3.9719e-01 5.9741e+03
-3.8690e+06 5.6998e+01 2.0433e+04 6.5615e+02 -8.8043e-01 5.7213e+03
-3.8947e+06 5.6661e+01 2.0452e+04 6.1850e+02 -2.3900e-01 5.4497e+03
-3.9058e+06 5.6330e+01 2.0471e+04 5.7909e+02 -6.4178e-01 5.1856e+03
-3.9080e+06 5.5965e+01 2.0488e+04 5.3791e+02 7.2549e-01 4.9223e+03
-3.9345e+06 5.5580e+01 2.0504e+04 4.9496e+02 4.0870e+00 4.6584e+03
-4.0344e+06 5.5235e+01 2.0520e+04 4.5026e+02 -3.3801e-01 4.3942e+03
-4.1005e+06 5.4935e+01 2.0535e+04 4.0381e+02 -3.2855e+00 4.1302e+03
-4.0651e+06 5.4649e+01 2.0548e+04 3.5562e+02 3.4918e+00 3.8660e+03
-4.0138e+06 5.4362e+01 2.0561e+04 3.0569e+02 5.3699e+00 3.6015e+03
-3.9939e+06 5.4050e+01 2.0573e+04 2.5405e+02 2.7796e+00 3.3377e+03
-3.9776e+06 5.3721e+01 2.0584e+04 2.0069e+02 1.5779e+00 3.0736e+03
-3.9823e+06 5.3407e+01 2.0594e+04 1.4564e+02 4.0207e-01 2.8097e+03
-3.9885e+06 5.3107e+01 2.0603e+04 8.8909e+01 -2.1018e-01 2.5464e+03
-4.0026e+06 5.2807e+01 2.0611e+04 3.0510e+01 5.0240e-03 2.2832e+03
-4.0110e+06 5.2512e+01 2.0617e+04 -2.9539e+01 3.6248e-01 2.0203e+03
-4.0196e+06 5.2227e+01 2.0623e+04 -9.1220e+01 2.1018e+00 1.7579e+03
-4.0427e+06 5.1968e+01 2.0628e+04 -1.5451e+02 1.8238e+00 1.4959e+03
-4.1235e+06 5.1728e+01 2.0632e+04 -2.1940e+02 -4.4966e+00 1.2343e+03
-4.1464e+06 5.1364e+01 2.0634e+04 -2.8586e+02 -3.2574e+00 9.7337e+02
-4.1199e+06 5.0664e+01 2.0636e+04 -3.5387e+02 3.2791e+00 7.1322e+02
-4.1343e+06 4.9659e+01 2.0637e+04 -4.2341e+02 1.4992e+00 4.5355e+02
-4.1779e+06 4.8662e+01 2.0636e+04 -4.9444e+02 -1.1316e+00 1.9442e+02
-4.2047e+06 4.7946e+01 2.0634e+04 -5.6696e+02 -8.9622e-01 -6.3752e+01
-4.2307e+06 4.7516e+01 2.0632e+04 -6.4092e+02 -7.3996e-01 -3.2116e+02
-4.2427e+06 4.7238e+01 2.0628e+04 -7.1631e+02 -5.1240e-01 -5.7760e+02
-4.2558e+06 4.7026e+01 2.0623e+04 -7.9309e+02 -4.2738e-01 -8.3304e+02
-4.2584e+06 4.6840e+01 2.0617e+04 -8.7124e+02 -4.9851e-01 -1.0875e+03
-4.2702e+06 4.6657e+01 2.0609e+04 -9.5073e+02 -1.3152e-01 -1.3407e+03
-4.2796e+06 4.6470e+01 2.0601e+04 -1.0315e+03 -4.2424e-01 -1.5948e+03
-4.2907e+06 4.6283e+01 2.0591e+04 -1.1136e+03 -3.0085e-01 -1.8455e+03
-4.2860e+06 4.6096e+01 2.0581e+04 -1.1969e+03 2.6724e+00 -2.1059e+03
-4.2909e+06 4.5906e+01 2.0569e+04 -1.2814e+03 1.5804e+00 -2.3472e+03
-3.8769e+06 5.6718e+01 2.0401e+04 7.4158e+02 -1.9465e-01 6.1111e+03
-3.8849e+06 5.6369e+01 2.0422e+04 7.0505e+02 -9.3134e-01 5.8572e+03
-3.9066e+06 5.6030e+01 2.0442e+04 6.6672e+02 -1.0964e+00 5.5841e+03
-3.9164e+06 5.5684e+01 2.0461e+04 6.2659e+02 -1.5614e+00 5.3189e+03
-3.9215e+06 5.5314e+01 2.0479e+04 5.8468e+02 9.8814e-01 5.0542e+03
-3.9556e+06 5.4953e+01 2.0496e+04 5.4097e+02 2.5775e+00 4.7891e+03
-4.0505e+06 5.4648e+01 2.0512e+04 4.9547e+02 -3.7909e+00 4.5236e+03
-4.0861e+06 5.4375e+01 2.0527e+04 4.4821e+02 -3.8652e+00 4.2581e+03
-4.0685e+06 5.4096e+01 2.0542e+04 3.9917e+02 6.6543e-01 3.9928e+03
-4.0349e+06 5.3802e+01 2.0555e+04 3.4837e+02 7.1445e-01 3.7272e+03
-3.9985e+06 5.3486e+01 2.0567e+04 2.9583e+02 1.2894e+00 3.4620e+03
-3.9905e+06 5.3171e+01 2.0579e+04 2.4155e+02 3.7319e-01 3.1967e+03
-3.9989e+06 5.2876e+01 2.0589e+04 1.8554e+02 1.8260e-01 2.9314e+03
-4.0038e+06 5.2587e+01 2.0599e+04 1.2783e+02 2.2185e-01 2.6666e+03
-4.0157e+06 5.2296e+01 2.0607e+04 6.8428e+01 1.9435e-01 2.4021e+03
-4.0256e+06 5.2011e+01 2.0615e+04 7.3488e+00 8.3442e-01 2.1379e+03
-4.0498e+06 5.1731e+01 2.0621e+04 -5.5388e+01 2.4678e+00 1.8741e+03
-4.0896e+06 5.1468e+01 2.0626e+04 -1.1976e+02 2.2853e+00 1.6109e+03
-4.1718e+06 5.1254e+01 2.0630e+04 -1.8576e+02 -6.9697e+00 1.3480e+03
-4.1820e+06 5.0986e+01 2.0634e+04 -2.5334e+02 -8.0914e+00 1.0858e+03
-4.1341e+06 5.0386e+01 2.0636e+04 -3.2251e+02 1.2726e+00 8.2425e+02
-4.1433e+06 4.9356e+01 2.0637e+04 -3.9322e+02 1.6423e+00 5.6320e+02
-4.1942e+06 4.8247e+01 2.0636e+04 -4.6546e+02 -1.3038e+00 3.0288e+02
-4.2241e+06 4.7474e+01 2.0635e+04 -5.3919e+02 -1.1450e+00 4.3365e+01
-4.2473e+06 4.7070e+01 2.0633e+04 -6.1440e+02 -7.9957e-01 -2.1536e+02
-4.2551e+06 4.6838e+01 2.0629e+04 -6.9105e+02 -5.1854e-01 -4.7317e+02
-4.2699e+06 4.6652e+01 2.0625e+04 -7.6912e+02 -4.5627e-01 -7.3001e+02
-4.2753e+06 4.6478e+01 2.0619e+04 -8.4857e+02 -4.1465e-01 -9.8579e+02
-4.2888e+06 4.6293e+01 2.0612e+04 -9.2938e+02 3.9575e-02 -1.2403e+03
-4.2961e+06 4.6097e+01 2.0604e+04 -1.0115e+03 -3.7705e-01 -1.4957e+03
-4.3062e+06 4.5904e+01 2.0595e+04 -1.0949e+03 -4.7733e-01 -1.7476e+03
-4.2999e+06 4.5717e+01 2.0584e+04 -1.1796e+03 2.5476e+00 -2.0092e+03
-4.3068e+06 4.5530e+01 2.0573e+04 -1.2655e+03 1.6315e+00 -2.2519e+03
-3.8870e+06 5.6098e+01 2.0389e+04 7.9257e+02 2.9839e-01 6.2486e+03
-3.9013e+06 5.5763e+01 2.0410e+04 7.5538e+02 -7.7164e-01 5.9935e+03
-3.9201e+06 5.5427e+01 2.0431e+04 7.1636e+02 -6.6822e-01 5.7192e+03
-3.9290e+06 5.5080e+01 2.0450e+04 6.7552e+02 -9.2890e-01 5.4528e+03
-3.9364e+06 5.4722e+01 2.0469e+04 6.3286e+02 1.7165e+00 5.1870e+03
-3.9842e+06 5.4391e+01 2.0487e+04 5.8838e+02 1.6064e+00 4.9205e+03
-4.0768e+06 5.4104e+01 2.0503e+04 5.4208e+02 -6.2287e+00 4.6538e+03
-4.0886e+06 5.3828e+01 2.0519e+04 4.9399e+02 -3.4184e+00 4.3871e+03
-4.0634e+06 5.3537e+01 2.0534e+04 4.4409e+02 1.9621e+00 4.1203e+03
-4.0469e+06 5.3235e+01 2.0548e+04 3.9242e+02 -1.7051e+00 3.8536e+03
-4.0185e+06 5.2926e+01 2.0561e+04 3.3896e+02 -2.2232e+00 3.5867e+03
-4.0080e+06 5.2630e+01 2.0573e+04 2.8374e+02 -1.6430e+00 3.3203e+03
-4.0130e+06 5.2350e+01 2.0584e+04 2.2678e+02 -8.2583e-01 3.0541e+03
-4.0173e+06 5.2066e+01 2.0594e+04 1.6807e+02 -3.0654e-01 2.7876e+03
-4.0315e+06 5.1780e+01 2.0603e+04 1.0765e+02 4.1628e-01 2.5218e+03
-4.0597e+06 5.1505e+01 2.0611e+04 4.5526e+01 1.3398e-02 2.2564e+03
-4.1273e+06 5.1239e+01 2.0618e+04 -1.8282e+01 -3.7287e+00 1.9914e+03
-4.1503e+06 5.0987e+01 2.0624e+04 -8.3754e+01 -2.3693e+00 1.7267e+03
-4.1479e+06 5.0781e+01 2.0629e+04 -1.5087e+02 -1.2916e+00 1.4624e+03
-4.1421e+06 5.0552e+01 2.0632e+04 -2.1960e+02 -1.1374e+00 1.1989e+03
-4.1350e+06 5.0017e+01 2.0635e+04 -2.8994e+02 2.9434e+00 9.3576e+02
-4.1580e+06 4.8995e+01 2.0636e+04 -3.6184e+02 2.1665e+00 6.7352e+02
-4.2070e+06 4.7814e+01 2.0637e+04 -4.3530e+02 -1.1660e+00 4.1203e+02
-4.2401e+06 4.6988e+01 2.0636e+04 -5.1028e+02 -1.6665e+00 1.5106e+02
-4.2655e+06 4.6614e+01 2.0634e+04 -5.8675e+02 -1.2341e+00 -1.0890e+02
-4.2767e+06 4.6435e+01 2.0631e+04 -6.6469e+02 -7.8239e-01 -3.6801e+02
-4.2876e+06 4.6275e+01 2.0626e+04 -7.4406e+02 -5.1878e-01 -6.2618e+02
-4.2905e+06 4.6107e+01 2.0621e+04 -8.2484e+02 -3.2114e-01 -8.8328e+02
-4.3016e+06 4.5920e+01 2.0614e+04 -9.0700e+02 8.8653e-02 -1.1390e+03
-4.3127e+06 4.5718e+01 2.0607e+04 -9.9050e+02 -4.5247e-01 -1.3958e+03
-4.3238e+06 4.5523e+01 2.0598e+04 -1.0753e+03 -5.6382e-01 -1.6489e+03
-4.3194e+06 4.5342e+01 2.0588e+04 -1.1614e+03 2.5417e+00 -1.9119e+03
-4.3226e+06 4.5164e+01 2.0576e+04 -1.2487e+03 1.7505e+00 -2.1558e+03
-3.9059e+06 5.5497e+01 2.0376e+04 8.4502e+02 1.0852e-01 6.3868e+03
-3.9154e+06 5.5178e+01 2.0398e+04 8.0716e+02 -4.6182e-01 6.1304e+03
-3.9248e+06 5.4852e+01 2.0419e+04 7.6745e+02 1.1896e-01 5.8550e+03
-3.9355e+06 5.4512e+01 2.0439e+04 7.2589e+02 -1.7279e-01 5.5875e+03
-3.9448e+06 5.4175e+01 2.0459e+04 6.8248e+02 2.1420e+00 5.3205e+03
-3.9956e+06 5.3864e+01 2.0477e+04 6.3722e+02 2.2010e+00 5.0525e+03
-4.0963e+06 5.3577e+01 2.0495e+04 5.9012e+02 -7.0556e+00 4.7845e+03
-4.1203e+06 5.3289e+01 2.0511e+04 5.4118e+02 -5.9241e+00 4.5168e+03
-4.0509e+06 5.2989e+01 2.0527e+04 4.9043e+02 5.6380e+00 4.2486e+03
-4.0107e+06 5.2689e+01 2.0541e+04 4.3785e+02 6.6158e+00 3.9808e+03
-4.0028e+06 5.2394e+01 2.0555e+04 3.8348e+02 3.6905e+00 3.7128e+03
-4.0109e+06 5.2112e+01 2.0568e+04 3.2731e+02 3.6510e+00 3.4447e+03
-4.0204e+06 5.1834e+01 2.0579e+04 2.6937e+02 3.2506e+00 3.1771e+03
-4.0349e+06 5.1546e+01 2.0590e+04 2.0966e+02 1.1413e+00 2.9095e+03
-4.0447e+06 5.1261e+01 2.0599e+04 1.4820e+02 5.8255e-01 2.6424e+03
-4.0737e+06 5.1001e+01 2.0608e+04 8.5020e+01 2.3408e-01 2.3757e+03
-4.1393e+06 5.0758e+01 2.0615e+04 2.0127e+01 -4.6051e+00 2.1094e+03
-4.1573e+06 5.0522e+01 2.0622e+04 -4.6457e+01 -3.3163e+00 1.8432e+03
-4.1248e+06 5.0305e+01 2.0627e+04 -1.1471e+02 2.4800e+00 1.5776e+03
-4.1303e+06 5.0044e+01 2.0631e+04 -1.8461e+02 2.5127e+00 1.3128e+03
-4.1478e+06 4.9526e+01 2.0634e+04 -2.5613e+02 2.7974e+00 1.0484e+03
-4.1762e+06 4.8587e+01 2.0636e+04 -3.2925e+02 2.5559e+00 7.8482e+02
-4.2213e+06 4.7459e+01 2.0637e+04 -4.0395e+02 -6.7362e-01 5.2205e+02
-4.2603e+06 4.6617e+01 2.0636e+04 -4.8019e+02 -2.1646e+00 2.5964e+02
-4.2800e+06 4.6221e+01 2.0635e+04 -5.5794e+02 -1.6177e+00 -1.6758e+00
-4.2910e+06 4.6045e+01 2.0632e+04 -6.3719e+02 -8.5160e-01 -2.6212e+02
-4.3007e+06 4.5889e+01 2.0628e+04 -7.1789e+02 -4.9350e-01 -5.2163e+02
-4.3104e+06 4.5721e+01 2.0623e+04 -8.0002e+02 -3.5264e-01 -7.7994e+02
-4.3195e+06 4.5536e+01 2.0617e+04 -8.8355e+02 -3.7817e-02 -1.0370e+03
-4.3315e+06 4.5337e+01 2.0609e+04 -9.6844e+02 -5.8997e-01 -1.2951e+03
-4.3373e+06 4.5145e+01 2.0601e+04 -1.0547e+03 -6.5096e-01 -1.5494e+03
-4.3351e+06 4.4972e+01 2.0591e+04 -1.1422e+03 2.5166e+00 -1.8138e+03
-4.3364e+06 4.4805e+01 2.0580e+04 -1.2310e+03 1.8498e+00 -2.0589e+03
-3.9161e+06 5.4908e+01 2.0363e+04 8.9896e+02 -3.0978e-02 6.5258e+03
-3.9319e+06 5.4600e+01 2.0385e+04 8.6043e+02 -5.1851e-01 6.2682e+03
-3.9428e+06 5.4283e+01 2.0407e+04 8.2002e+02 2.0932e-01 5.9913e+03
-3.9516e+06 5.3956e+01 2.0428e+04 7.7773e+02 1.5000e-01 5.7228e+03
-3.9564e+06 5.3635e+01 2.0448e+04 7.3356e+02 1.6598e+00 5.4545e+03
-3.9937e+06 5.3333e+01 2.0467e+04 6.8751e+02 3.1792e+00 5.1854e+03
-4.0892e+06 5.3044e+01 2.0485e+04 6.3960e+02 -6.1668e+00 4.9161e+03
-4.1610e+06 5.2757e+01 2.0503e+04 5.8982e+02 -1.4940e+01 4.6470e+03
-4.1001e+06 5.2463e+01 2.0519e+04 5.3819e+02 -4.6222e+00 4.3775e+03
-4.0279e+06 5.2171e+01 2.0534e+04 4.8471e+02 6.7379e+00 4.1083e+03
-4.0408e+06 5.1890e+01 2.0548e+04 4.2941e+02 4.6544e+00 3.8393e+03
-4.0752e+06 5.1617e+01 2.0562e+04 3.7228e+02 2.4543e+00 3.5698e+03
-4.0670e+06 5.1336e+01 2.0574e+04 3.1334e+02 4.8411e+00 3.3007e+03
-4.0557e+06 5.1043e+01 2.0585e+04 2.5262e+02 3.9163e+00 3.0322e+03
-4.0604e+06 5.0763e+01 2.0595e+04 1.9012e+02 1.7276e+00 2.7637e+03
-4.0805e+06 5.0517e+01 2.0604e+04 1.2586e+02 3.0772e+00 2.4956e+03
-4.1028e+06 5.0287e+01 2.0612e+04 5.9868e+01 3.0965e+00 2.2277e+03
-4.1133e+06 5.0060e+01 2.0619e+04 -7.8442e+00 2.9488e+00 1.9604e+03
-4.1238e+06 4.9824e+01 2.0625e+04 -7.7252e+01 2.1821e+00 1.6937e+03
-4.1740e+06 4.9516e+01 2.0629e+04 -1.4833e+02 -3.3509e+00 1.4274e+03
-4.1979e+06 4.9019e+01 2.0633e+04 -2.2106e+02 -3.4522e+00 1.1618e+03
-4.2007e+06 4.8236e+01 2.0635e+04 -2.9542e+02 1.1024e+00 8.9692e+02
-4.2259e+06 4.7259e+01 2.0636e+04 -3.7137e+02 7.2425e-01 6.3290e+02
-4.2673e+06 4.6401e+01 2.0636e+04 -4.4889e+02 -1.4158e-01 3.6931e+02
-4.2915e+06 4.5895e+01 2.0635e+04 -5.2795e+02 7.9026e-01 1.0635e+02
-4.3109e+06 4.5655e+01 2.0633e+04 -6.0852e+02 7.7249e-01 -1.5544e+02
-4.3177e+06 4.5490e+01 2.0630e+04 -6.9058e+02 -9.4693e-02 -4.1618e+02
-4.3265e+06 4.5326e+01 2.0625e+04 -7.7408e+02 -4.8138e-01 -6.7584e+02
-4.3320e+06 4.5151e+01 2.0619e+04 -8.5900e+02 -5.4050e-02 -9.3415e+02
-4.3486e+06 4.4961e+01 2.0612e+04 -9.4531e+02 -5.0760e-01 -1.1936e+03
-4.3542e+06 4.4773e+01 2.0604e+04 -1.0330e+03 -6.4810e-01 -1.4491e+03
-4.3548e+06 4.4605e+01 2.0594e+04 -1.1219e+03 2.4078e+00 -1.7147e+03
-4.3518e+06 4.4447e+01 2.0583e+04 -1.2122e+03 1.7665e+00 -1.9611e+03
-3.9329e+06 5.4326e+01 2.0349e+04 9.5442e+02 1.8468e-01 6.6654e+03
-3.9464e+06 5.4023e+01 2.0372e+04 9.1522e+02 -9.3740e-01 6.4067e+03
-3.9519e+06 5.3714e+01 2.0395e+04 8.7410e+02 -2.7428e-01 6.1284e+03
-3.9613e+06 5.3400e+01 2.0416e+04 8.3107e+02 4.1295e-01 5.8589e+03
-3.9643e+06 5.3094e+01 2.0437e+04 7.8614e+02 1.4051e+00 5.5891e+03
-3.9810e+06 5.2799e+01 2.0457e+04 7.3930e+02 5.3503e+00 5.3190e+03
-4.0306e+06 5.2512e+01 2.0476e+04 6.9056e+02 3.8367e+00 5.0484e+03
-4.1170e+06 5.2231e+01 2.0494e+04 6.3993e+02 -6.5114e+00 4.7781e+03
-4.1170e+06 5.1949e+01 2.0510e+04 5.8741e+02 -5.6734e+00 4.5073e+03
-4.0790e+06 5.1669e+01 2.0526e+04 5.3303e+02 3.5666e+00 4.2363e+03
-4.1404e+06 5.1399e+01 2.0541e+04 4.7678e+02 -5.6215e+00 3.9661e+03
-4.2229e+06 5.1136e+01 2.0555e+04 4.1868e+02 -1.6960e+01 3.6957e+03
-4.1664e+06 5.0860e+01 2.0568e+04 3.5874e+02 -7.4309e+00 3.4255e+03
-4.0885e+06 5.0573e+01 2.0580e+04 2.9699e+02 3.0828e+00 3.1554e+03
-4.0789e+06 5.0305e+01 2.0590e+04 2.3343e+02 2.4780e+00 2.8856e+03
-4.1115e+06 5.0066e+01 2.0600e+04 1.6808e+02 7.3243e-01 2.6163e+03
-4.1208e+06 4.9834e+01 2.0609e+04 1.0097e+02 2.5318e+00 2.3469e+03
-4.1191e+06 4.9602e+01 2.0616e+04 3.2115e+01 4.8225e+00 2.0784e+03
-4.1355e+06 4.9358e+01 2.0622e+04 -3.8464e+01 2.1836e+00 1.8105e+03
-4.1892e+06 4.9050e+01 2.0627e+04 -1.1074e+02 -4.2169e+00 1.5428e+03
-4.2072e+06 4.8614e+01 2.0632e+04 -1.8470e+02 -4.3565e+00 1.2760e+03
-4.2075e+06 4.7997e+01 2.0634e+04 -2.6030e+02 1.1249e+00 1.0095e+03
-4.2380e+06 4.7169e+01 2.0636e+04 -3.3753e+02 1.7879e+00 7.4409e+02
-4.2980e+06 4.6271e+01 2.0637e+04 -4.1635e+02 -1.1402e+00 4.7948e+02
-4.3263e+06 4.5597e+01 2.0636e+04 -4.9674e+02 -5.1595e-01 2.1518e+02
-4.3309e+06 4.5255e+01 2.0634e+04 -5.7866e+02 1.7198e+00 -4.7837e+01
-4.3312e+06 4.5084e+01 2.0631e+04 -6.6209e+02 7.2681e-01 -3.0983e+02
-4.3446e+06 4.4934e+01 2.0627e+04 -7.4699e+02 -6.1967e-01 -5.7096e+02
-4.3507e+06 4.4770e+01 2.0621e+04 -8.3333e+02 -6.2995e-02 -8.3046e+02
-4.3650e+06 4.4592e+01 2.0614e+04 -9.2107e+02 -4.3669e-01 -1.0913e+03
-4.3685e+06 4.4409e+01 2.0606e+04 -1.0102e+03 -7.1803e-01 -1.3482e+03
-4.3686e+06 4.4241e+01 2.0597e+04 -1.1006e+03 2.3870e+00 -1.6149e+03
-4.3673e+06 4.4090e+01 2.0587e+04 -1.1924e+03 1.8903e+00 -1.8625e+03
-3.9446e+06 5.3757e+01 2.0335e+04 1.0114e+03 2.7008e-01 6.8057e+03
-3.9622e+06 5.3457e+01 2.0359e+04 9.7153e+02 -1.2384e+00 6.5457e+03
-3.9733e+06 5.3156e+01 2.0382e+04 9.2971e+02 -4.5545e-01 6.2661e+03
-3.9829e+06 5.2856e+01 2.0404e+04 8.8595e+02 7.1610e-01 5.9954e+03
-4.0006e+06 5.2564e+01 2.0426e+04 8.4024e+02 3.1118e-01 5.7244e+03
-4.0095e+06 5.2276e+01 2.0446e+04 7.9260e+02 3.2137e+00 5.4530e+03
-4.0070e+06 5.1993e+01 2.0466e+04 7.4303e+02 7.4209e+00 5.1813e+03
-4.0509e+06 5.1718e+01 2.0484e+04 6.9154e+02 3.6258e+00 4.9096e+03
-4.1158e+06 5.1447e+01 2.0502e+04 6.3813e+02 -2.5655e+00 4.6378e+03
-4.1337e+06 5.1176e+01 2.0518e+04 5.8282e+02 2.1172e-04 4.3659e+03
-4.1752e+06 5.0914e+01 2.0534e+04 5.2562e+02 -5.3458e+00 4.0941e+03
-4.2355e+06 5.0660e+01 2.0548e+04 4.6653e+02 -1.6092e+01 3.8223e+03
-4.1782e+06 5.0397e+01 2.0562e+04 4.0559e+02 -8.3465e+00 3.5506e+03
-4.0967e+06 5.0125e+01 2.0574e+04 3.4279e+02 4.4378e+00 3.2792e+03
-4.1118e+06 4.9869e+01 2.0585e+04 2.7816e+02 3.0720e+00 3.0081e+03
-4.1965e+06 4.9632e+01 2.0596e+04 2.1171e+02 -7.9660e+00 2.7376e+03
-4.2090e+06 4.9395e+01 2.0605e+04 1.4347e+02 -8.3403e+00 2.4672e+03
-4.1517e+06 4.9157e+01 2.0613e+04 7.3452e+01 1.4088e+00 2.1972e+03
-4.1407e+06 4.8922e+01 2.0620e+04 1.6846e+00 3.1934e+00 1.9277e+03
-4.1701e+06 4.8653e+01 2.0625e+04 -7.1810e+01 8.2667e-01 1.6588e+03
-4.1890e+06 4.8298e+01 2.0630e+04 -1.4701e+02 8.0656e-01 1.3908e+03
-4.2063e+06 4.7809e+01 2.0633e+04 -2.2388e+02 2.9744e+00 1.1230e+03
-4.2557e+06 4.7099e+01 2.0636e+04 -3.0241e+02 5.4556e-01 8.5614e+02
-4.3478e+06 4.6178e+01 2.0637e+04 -3.8255e+02 -9.6788e+00 5.9031e+02
-4.3873e+06 4.5339e+01 2.0636e+04 -4.6429e+02 -1.0466e+01 3.2483e+02
-4.3641e+06 4.4868e+01 2.0635e+04 -5.4758e+02 -1.1006e+00 6.0486e+01
-4.3494e+06 4.4678e+01 2.0632e+04 -6.3241e+02 1.1299e+00 -2.0287e+02
-4.3572e+06 4.4546e+01 2.0628e+04 -7.1872e+02 -7.4386e-01 -4.6532e+02
-4.3642e+06 4.4395e+01 2.0623e+04 -8.0650e+02 -9.9333e-02 -7.2605e+02
-4.3792e+06 4.4230e+01 2.0617e+04 -8.9571e+02 -4.5292e-01 -9.8810e+02
-4.3872e+06 4.4053e+01 2.0609e+04 -9.8630e+02 -8.2911e-01 -1.2464e+03
-4.3866e+06 4.3886e+01 2.0600e+04 -1.0783e+03 2.3166e+00 -1.5145e+03
-4.3855e+06 4.3741e+01 2.0590e+04 -1.1715e+03 1.8177e+00 -1.7633e+03
-3.9648e+06 5.3204e+01 2.0320e+04 1.0700e+03 6.1097e-01 6.9464e+03
-3.9758e+06 5.2909e+01 2.0344e+04 1.0294e+03 -7.9663e-01 6.6853e+03
-3.9833e+06 5.2618e+01 2.0368e+04 9.8688e+02 4.7325e-01 6.4044e+03
-4.0070e+06 5.2330e+01 2.0391e+04 9.4237e+02 8.4937e-01 6.1326e+03
-4.0703e+06 5.2047e+01 2.0414e+04 8.9589e+02 -3.8764e+00 5.8604e+03
-4.0796e+06 5.1766e+01 2.0435e+04 8.4744e+02 -2.8935e+00 5.5878e+03
-4.0354e+06 5.1493e+01 2.0455e+04 7.9704e+02 3.8859e+00 5.3150e+03
-4.0537e+06 5.1231e+01 2.0474e+04 7.4467e+02 3.6065e+00 5.0418e+03
-4.1224e+06 5.0969e+01 2.0492e+04 6.9037e+02 -2.2376e+00 4.7686e+03
-4.1296e+06 5.0700e+01 2.0510e+04 6.3412e+02 -8.3666e-03 4.4958e+03
-4.1055e+06 5.0443e+01 2.0526e+04 5.7596e+02 5.2478e+00 4.2226e+03
-4.1133e+06 5.0200e+01 2.0541e+04 5.1588e+02 4.2418e+00 3.9493e+03
-4.1148e+06 4.9949e+01 2.0555e+04 4.5391e+02 3.2692e+00 3.6766e+03
-4.1161e+06 4.9686e+01 2.0568e+04 3.9005e+02 3.8408e+00 3.4040e+03
-4.1510e+06 4.9433e+01 2.0580e+04 3.2434e+02 2.4944e+00 3.1315e+03
-4.2125e+06 4.9194e+01 2.0591e+04 2.5677e+02 -5.7934e+00 2.8596e+03
-4.2180e+06 4.8962e+01 2.0601e+04 1.8739e+02 -7.9437e+00 2.5881e+03
-4.1645e+06 4.8730e+01 2.0609e+04 1.1620e+02 1.2374e-01 2.3166e+03
-4.1540e+06 4.8504e+01 2.0617e+04 4.3224e+01 2.2230e+00 2.0458e+03
-4.1672e+06 4.8277e+01 2.0623e+04 -3.1503e+01 1.3568e+00 1.7757e+03
-4.1850e+06 4.7998e+01 2.0628e+04 -1.0796e+02 1.5531e+00 1.5062e+03
-4.2074e+06 4.7606e+01 2.0632e+04 -1.8613e+02 3.2451e+00 1.2374e+03
-4.2653e+06 4.7019e+01 2.0635e+04 -2.6597e+02 1.6064e+00 9.6922e+02
-4.3543e+06 4.6154e+01 2.0636e+04 -3.4745e+02 -8.8227e+00 7.0186e+02
-4.3936e+06 4.5195e+01 2.0637e+04 -4.3056e+02 -1.1173e+01 4.3512e+02
-4.3686e+06 4.4543e+01 2.0636e+04 -5.1525e+02 -2.4255e+00 1.6928e+02
-4.3633e+06 4.4283e+01 2.0633e+04 -6.0149e+02 4.9573e-01 -9.5311e+01
-4.3724e+06 4.4159e+01 2.0630e+04 -6.8925e+02 -7.1858e-01 -3.5889e+02
-4.3838e+06 4.4023e+01 2.0625e+04 -7.7849e+02 7.8430e-03 -6.2108e+02
-4.3940e+06 4.3873e+01 2.0619e+04 -8.6919e+02 -4.4539e-01 -8.8438e+02
-4.4033e+06 4.3713e+01 2.0612e+04 -9.6129e+02 -8.0021e-01 -1.1437e+03
-4.3987e+06 4.3557e+01 2.0603e+04 -1.0548e+03 2.6883e+00 -1.4132e+03
-4.4025e+06 4.3412e+01 2.0593e+04 -1.1496e+03 2.7859e+00 -1.6633e+03
-3.9787e+06 5.2655e+01 2.0304e+04 1.1301e+03 1.2022e+00 7.0876e+03
-3.9985e+06 5.2368e+01 2.0330e+04 1.0889e+03 1.6583e-01 6.8255e+03
-4.0159e+06 5.2096e+01 2.0354e+04 1.0456e+03 2.8449e+00 6.5435e+03
-4.0364e+06 5.1822e+01 2.0378e+04 1.0004e+03 5.7750e+00 6.2705e+03
-4.1070e+06 5.1542e+01 2.0401e+04 9.5312e+02 5.1698e-01 5.9971e+03
-4.1189e+06 5.1269e+01 2.0423e+04 9.0386e+02 -6.8259e-01 5.7229e+03
-4.0802e+06 5.1017e+01 2.0444e+04 8.5261e+02 3.9417e+00 5.4490e+03
-4.0945e+06 5.0777e+01 2.0464e+04 7.9937e+02 3.4551e+00 5.1748e+03
-4.1142e+06 5.0516e+01 2.0483e+04 7.4415e+02 2.5430e+00 4.9000e+03
-4.0962e+06 5.0242e+01 2.0501e+04 6.8697e+02 3.3363e+00 4.6259e+03
-4.0858e+06 4.9994e+01 2.0518e+04 6.2783e+02 3.8268e+00 4.3517e+03
-4.0859e+06 4.9763e+01 2.0533e+04 5.6675e+02 5.5566e+00 4.0772e+03
-4.1151e+06 4.9512e+01 2.0548e+04 5.0374e+02 2.8237e+00 3.8033e+03
-4.1734e+06 4.9251e+01 2.0562e+04 4.3882e+02 -5.8163e+00 3.5294e+03
-4.1984e+06 4.9001e+01 2.0575e+04 3.7200e+02 -4.7072e+00 3.2554e+03
-4.1803e+06 4.8769e+01 2.0586e+04 3.0331e+02 2.0715e+00 2.9822e+03
-4.1696e+06 4.8551e+01 2.0596e+04 2.3276e+02 2.2836e+00 2.7095e+03
-4.1609e+06 4.8326e+01 2.0606e+04 1.6038e+02 1.3325e+00 2.4368e+03
-4.1698e+06 4.8102e+01 2.0614e+04 8.6187e+01 6.1264e-01 2.1648e+03
-4.1840e+06 4.7904e+01 2.0620e+04 1.0209e+01 2.1261e-01 1.8933e+03
-4.2020e+06 4.7668e+01 2.0626e+04 -6.7529e+01 6.5452e-01 1.6223e+03
-4.2201e+06 4.7339e+01 2.0631e+04 -1.4700e+02 2.3734e+00 1.3522e+03
-4.2538e+06 4.6915e+01 2.0634e+04 -2.2818e+02 3.9280e+00 1.0826e+03
-4.3025e+06 4.6223e+01 2.0636e+04 -3.1103e+02 1.4528e+00 8.1388e+02
-4.3459e+06 4.5201e+01 2.0637e+04 -3.9552e+02 -1.0586e+00 5.4619e+02
-4.3654e+06 4.4319e+01 2.0636e+04 -4.8162e+02 -5.9441e-01 2.7896e+02
-4.3798e+06 4.3922e+01 2.0634e+04 -5.6931e+02 -4.6460e-01 1.2948e+01
-4.3863e+06 4.3782e+01 2.0631e+04 -6.5853e+02 -6.7652e-01 -2.5187e+02
-4.3974e+06 4.3659e+01 2.0627e+04 -7.4927e+02 -9.7012e-02 -5.1541e+02
-4.4102e+06 4.3535e+01 2.0621e+04 -8.4147e+02 -6.8220e-01 -7.7993e+02
-4.4213e+06 4.3400e+01 2.0614e+04 -9.3511e+02 -4.0880e-01 -1.0403e+03
-4.4219e+06 4.3243e+01 2.0606e+04 -1.0301e+03 3.5092e+00 -1.3112e+03
-4.4395e+06 4.3078e+01 2.0597e+04 -1.1265e+03 2.4842e+00 -1.5626e+03
-4.0036e+06 5.2102e+01 2.0288e+04 1.1919e+03 1.3963e+00 7.2295e+03
-4.0401e+06 5.1833e+01 2.0314e+04 1.1500e+03 -1.0570e+00 6.9661e+03
-4.0916e+06 5.1594e+01 2.0340e+04 1.1060e+03 -1.6039e+00 6.6830e+03
-4.1242e+06 5.1339e+01 2.0364e+04 1.0600e+03 2.7261e+00 6.4086e+03
-4.1673e+06 5.1059e+01 2.0388e+04 1.0120e+03 1.1764e+00 6.1342e+03
-4.1633e+06 5.0789e+01 2.0411e+04 9.6187e+02 -3.4880e-02 5.8591e+03
-4.1529e+06 5.0557e+01 2.0432e+04 9.0977e+02 2.6248e-01 5.5839e+03
-4.1956e+06 5.0329e+01 2.0453e+04 8.5565e+02 -4.3488e+00 5.3085e+03
-4.1681e+06 5.0060e+01 2.0473e+04 7.9952e+02 -6.8031e-01 5.0325e+03
-4.1084e+06 4.9782e+01 2.0491e+04 7.4138e+02 3.2486e+00 4.7569e+03
-4.1106e+06 4.9545e+01 2.0509e+04 6.8126e+02 -1.2040e+00 4.4814e+03
-4.1227e+06 4.9315e+01 2.0525e+04 6.1917e+02 -5.4987e-01 4.2058e+03
-4.1492e+06 4.9057e+01 2.0541e+04 5.5511e+02 7.8072e-02 3.9307e+03
-4.2037e+06 4.8802e+01 2.0555e+04 4.8911e+02 -7.3190e+00 3.6554e+03
-4.2061e+06 4.8573e+01 2.0569e+04 4.2118e+02 -6.7112e+00 3.3802e+03
-4.1625e+06 4.8362e+01 2.0581e+04 3.5134e+02 1.9446e+00 3.1054e+03
-4.1544e+06 4.8152e+01 2.0592e+04 2.7962e+02 3.3430e+00 2.8313e+03
-4.1722e+06 4.7919e+01 2.0602e+04 2.0603e+02 9.6761e-01 2.5576e+03
-4.1878e+06 4.7693e+01 2.0610e+04 1.3060e+02 5.6310e-01 2.2842e+03
-4.2000e+06 4.7477e+01 2.0618e+04 5.3359e+01 9.6709e-01 2.0114e+03
-4.2160e+06 4.7187e+01 2.0624e+04 -2.5677e+01 1.3540e+00 1.7392e+03
-4.2361e+06 4.6863e+01 2.0629e+04 -1.0647e+02 2.1148e+00 1.4677e+03
-4.2567e+06 4.6620e+01 2.0633e+04 -1.8900e+02 4.3507e+00 1.1969e+03
-4.2826e+06 4.6152e+01 2.0635e+04 -2.7324e+02 5.8788e+00 9.2682e+02
-4.3231e+06 4.5144e+01 2.0636e+04 -3.5914e+02 3.4483e+00 6.5793e+02
-4.3647e+06 4.4111e+01 2.0636e+04 -4.4669e+02 -8.1633e-02 3.8947e+02
-4.3905e+06 4.3605e+01 2.0635e+04 -5.3583e+02 -1.0145e+00 1.2206e+02
-4.4045e+06 4.3439e+01 2.0633e+04 -6.2655e+02 -6.1233e-01 -1.4403e+02
-4.4150e+06 4.3327e+01 2.0629e+04 -7.1880e+02 7.4390e-02 -4.0875e+02
-4.4289e+06 4.3210e+01 2.0623e+04 -8.1254e+02 -2.4176e-01 -6.7469e+02
-4.4364e+06 4.3042e+01 2.0617e+04 -9.0774e+02 6.2573e-01 -9.3627e+02
-4.4547e+06 4.2820e+01 2.0609e+04 -1.0044e+03 3.4430e+00 -1.2085e+03
-4.5143e+06 4.2627e+01 2.0600e+04 -1.1024e+03 -2.3249e+00 -1.4611e+03
-4.0216e+06 5.1572e+01 2.0272e+04 1.2554e+03 1.2729e+00 7.3719e+03
-4.0777e+06 5.1324e+01 2.0299e+04 1.2127e+03 -2.0471e+00 7.1073e+03
-4.1999e+06 5.1113e+01 2.0325e+04 1.1680e+03 -1.1239e+01 6.8230e+03
-4.2796e+06 5.0867e+01 2.0350e+04 1.1213e+03 -1.2786e+01 6.5476e+03
-4.2786e+06 5.0581e+01 2.0374e+04 1.0724e+03 -8.8551e+00 6.2720e+03
-4.2120e+06 5.0315e+01 2.0398e+04 1.0215e+03 -2.1326e+00 5.9956e+03
-4.1826e+06 5.0086e+01 2.0420e+04 9.6856e+02 9.8757e-02 5.7189e+03
-4.2447e+06 4.9848e+01 2.0442e+04 9.1355e+02 -1.0030e+01 5.4423e+03
-4.2219e+06 4.9571e+01 2.0462e+04 8.5649e+02 -8.1054e+00 5.1655e+03
-4.1407e+06 4.9307e+01 2.0481e+04 7.9740e+02 1.8771e+00 4.8886e+03
-4.1282e+06 4.9085e+01 2.0500e+04 7.3629e+02 7.5018e-01 4.6116e+03
-4.1448e+06 4.8852e+01 2.0517e+04 6.7317e+02 -3.1560e-01 4.3348e+03
-4.1751e+06 4.8589e+01 2.0533e+04 6.0805e+02 2.7431e-02 4.0582e+03
-4.1971e+06 4.8348e+01 2.0548e+04 5.4096e+02 -1.2711e+00 3.7817e+03
-4.1801e+06 4.8146e+01 2.0562e+04 4.7190e+02 3.2000e-01 3.5057e+03
-4.1703e+06 4.7955e+01 2.0575e+04 4.0091e+02 1.4614e+00 3.2297e+03
-4.1786e+06 4.7726e+01 2.0587e+04 3.2800e+02 5.6487e-01 2.9540e+03
-4.1931e+06 4.7436e+01 2.0597e+04 2.5319e+02 2.7139e-01 2.6789e+03
-4.2087e+06 4.7124e+01 2.0606e+04 1.7651e+02 8.8812e-01 2.4042e+03
-4.2284e+06 4.6757e+01 2.0614e+04 9.7978e+01 1.2742e+00 2.1302e+03
-4.2493e+06 4.6320e+01 2.0621e+04 1.7628e+01 1.5186e+00 1.8567e+03
-4.2732e+06 4.5995e+01 2.0627e+04 -6.4515e+01 1.9215e+00 1.5839e+03
-4.2989e+06 4.5865e+01 2.0631e+04 -1.4842e+02 2.4886e+00 1.3120e+03
-4.3197e+06 4.5520e+01 2.0634e+04 -2.3406e+02 4.1422e+00 1.0405e+03
-4.3458e+06 4.4645e+01 2.0636e+04 -3.2139e+02 3.3195e+00 7.7015e+02
-4.3839e+06 4.3745e+01 2.0637e+04 -4.1040e+02 -1.6486e-01 5.0059e+02
-4.4079e+06 4.3305e+01 2.0636e+04 -5.0103e+02 -1.0156e+00 2.3199e+02
-4.4199e+06 4.3139e+01 2.0634e+04 -5.9326e+02 -2.4783e-01 -3.5454e+01
-4.4340e+06 4.2987e+01 2.0630e+04 -6.8705e+02 4.0058e-01 -3.0144e+02
-4.4538e+06 4.2759e+01 2.0625e+04 -7.8236e+02 2.2463e-01 -5.6877e+02
-4.4671e+06 4.2433e+01 2.0619e+04 -8.7915e+02 1.0560e+00 -8.3156e+02
-4.4900e+06 4.2119e+01 2.0612e+04 -9.7738e+02 4.0261e+00 -1.1051e+03
-4.5498e+06 4.1951e+01 2.0603e+04 -1.0770e+03 -1.7187e+00 -1.3589e+03
-4.0361e+06 5.1080e+01 2.0254e+04 1.3205e+03 1.7558e+00 7.5149e+03
-4.0782e+06 5.0845e+01 2.0282e+04 1.2771e+03 7.0836e-01 7.2491e+03
-4.1924e+06 5.0630e+01 2.0309e+04 1.2317e+03 -6.8823e+00 6.9635e+03
-4.2790e+06 5.0370e+01 2.0335e+04 1.1842e+03 -1.0095e+01 6.6871e+03
-4.2683e+06 5.0085e+01 2.0360e+04 1.1346e+03 -6.7346e+00 6.4101e+03
-4.1958e+06 4.9833e+01 2.0384e+04 1.0828e+03 1.5918e+00 6.1324e+03
-4.1490e+06 4.9604e+01 2.0408e+04 1.0290e+03 7.1838e+00 5.8546e+03
-4.1956e+06 4.9352e+01 2.0430e+04 9.7309e+02 -2.5330e+00 5.5767e+03
-4.2187e+06 4.9081e+01 2.0451e+04 9.1510e+02 -7.3405e+00 5.2989e+03
-4.1686e+06 4.8842e+01 2.0471e+04 8.5505e+02 -8.5489e-02 5.0207e+03
-4.1408e+06 4.8636e+01 2.0490e+04 7.9293e+02 2.2778e+00 4.7426e+03
-4.1526e+06 4.8405e+01 2.0508e+04 7.2878e+02 1.4659e+00 4.4645e+03
-4.1807e+06 4.8150e+01 2.0525e+04 6.6259e+02 4.2532e-01 4.1865e+03
-4.1887e+06 4.7928e+01 2.0541e+04 5.9440e+02 4.0764e-01 3.9088e+03
-4.1735e+06 4.7755e+01 2.0556e+04 5.2421e+02 2.2215e+00 3.6313e+03
-4.1765e+06 4.7578e+01 2.0569e+04 4.5204e+02 1.5851e+00 3.3541e+03
-4.1960e+06 4.7267e+01 2.0581e+04 3.7793e+02 5.9761e-01 3.0774e+03
-4.2206e+06 4.6777e+01 2.0592e+04 3.0188e+02 5.8325e-01 2.8010e+03
-4.2455e+06 4.6200e+01 2.0602e+04 2.2393e+02 6.6037e-01 2.5249e+03
-4.2702e+06 4.5593e+01 2.0611e+04 1.4410e+02 2.7888e-01 2.2497e+03
-4.2931e+06 4.5082e+01 2.0618e+04 6.2417e+01 6.1095e-01 1.9749e+03
-4.3289e+06 4.4831e+01 2.0625e+04 -2.1090e+01 2.7252e-01 1.7007e+03
-4.3990e+06 4.4713e+01 2.0630e+04 -1.0639e+02 -4.0390e+00 1.4275e+03
-4.4187e+06 4.4382e+01 2.0633e+04 -1.9345e+02 -3.0752e+00 1.1548e+03
-4.3932e+06 4.3773e+01 2.0636e+04 -2.8224e+02 1.3049e+00 8.8321e+02
-4.4023e+06 4.3250e+01 2.0637e+04 -3.7273e+02 2.4813e-01 6.1239e+02
-4.4246e+06 4.2985e+01 2.0636e+04 -4.6487e+02 -3.1841e-01 3.4258e+02
-4.4430e+06 4.2772e+01 2.0635e+04 -5.5864e+02 5.4933e-01 7.3813e+01
-4.4719e+06 4.2447e+01 2.0632e+04 -6.5399e+02 2.5182e-01 -1.9346e+02
-4.4967e+06 4.1991e+01 2.0627e+04 -7.5089e+02 -2.6540e-01 -4.6204e+02
-4.5106e+06 4.1509e+01 2.0622e+04 -8.4929e+02 3.7022e-01 -7.2617e+02
-4.5172e+06 4.1203e+01 2.0614e+04 -9.4916e+02 4.5307e+00 -1.0013e+03
-4.5435e+06 4.1126e+01 2.0606e+04 -1.0504e+03 3.1554e+00 -1.2560e+03
-4.0397e+06 5.0600e+01 2.0236e+04 1.3873e+03 2.2463e+00 7.6583e+03
-4.0692e+06 5.0369e+01 2.0265e+04 1.3433e+03 2.4583e+00 7.3913e+03
-4.1210e+06 5.0137e+01 2.0293e+04 1.2971e+03 4.7775e+00 7.1046e+03
-4.1741e+06 4.9865e+01 2.0320e+04 1.2488e+03 4.9492e+00 6.8270e+03
-4.2317e+06 4.9597e+01 2.0346e+04 1.1984e+03 -3.1681e+00 6.5487e+03
-4.2198e+06 4.9369e+01 2.0371e+04 1.1458e+03 -3.2256e+00 6.2701e+03
-4.1442e+06 4.9146e+01 2.0395e+04 1.0911e+03 6.0068e+00 5.9912e+03
-4.1391e+06 4.8893e+01 2.0418e+04 1.0343e+03 3.8808e+00 5.7120e+03
-4.1714e+06 4.8634e+01 2.0439e+04 9.7538e+02 -1.5111e+00 5.4328e+03
-4.1753e+06 4.8409e+01 2.0460e+04 9.1435e+02 -5.6990e-01 5.1534e+03
-4.1786e+06 4.8206e+01 2.0480e+04 8.5123e+02 -7.7890e-01 4.8740e+03
-4.1831e+06 4.7979e+01 2.0499e+04 7.8603e+02 -3.2173e-01 4.5948e+03
-4.1732e+06 4.7745e+01 2.0517e+04 7.1877e+02 1.4992e+00 4.3157e+03
-4.1780e+06 4.7560e+01 2.0533e+04 6.4946e+02 8.7496e-01 4.0367e+03
-4.1867e+06 4.7417e+01 2.0548e+04 5.7812e+02 4.7726e-01 3.7577e+03
-4.2042e+06 4.7180e+01 2.0563e+04 5.0477e+02 8.2680e-01 3.4791e+03
-4.2274e+06 4.6648e+01 2.0576e+04 4.2944e+02 9.3935e-01 3.2012e+03
-4.2586e+06 4.5837e+01 2.0587e+04 3.5214e+02 4.3891e-01 2.9237e+03
-4.2923e+06 4.4998e+01 2.0598e+04 2.7291e+02 -4.3939e-01 2.6464e+03
-4.3261e+06 4.4319e+01 2.0607e+04 1.9176e+02 -1.5660e+00 2.3698e+03
-4.3475e+06 4.3920e+01 2.0615e+04 1.0872e+02 -1.0634e+00 2.0938e+03
-4.3792e+06 4.3775e+01 2.0622e+04 2.3835e+01 -4.6471e-01 1.8185e+03
-4.4434e+06 4.3634e+01 2.0628e+04 -6.2879e+01 -5.1112e+00 1.5438e+03
-4.4607e+06 4.3351e+01 2.0632e+04 -1.5139e+02 -5.4495e+00 1.2698e+03
-4.4282e+06 4.3032e+01 2.0635e+04 -2.4165e+02 -4.8318e-01 9.9696e+02
-4.4322e+06 4.2786e+01 2.0636e+04 -3.3364e+02 2.7419e-01 7.2489e+02
-4.4496e+06 4.2528e+01 2.0637e+04 -4.2732e+02 2.9249e-01 4.5385e+02
-4.4715e+06 4.2124e+01 2.0635e+04 -5.2265e+02 9.6078e-01 1.8379e+02
-4.5096e+06 4.1585e+01 2.0633e+04 -6.1959e+02 -8.9904e-02 -8.4745e+01
-4.5508e+06 4.1023e+01 2.0629e+04 -7.1810e+02 -1.9586e+00 -3.5456e+02
-4.5677e+06 4.0585e+01 2.0624e+04 -8.1815e+02 -1.8052e+00 -6.2000e+02
-4.5613e+06 4.0401e+01 2.0617e+04 -9.1968e+02 2.9615e+00 -8.9677e+02
-4.5648e+06 4.0386e+01 2.0609e+04 -1.0227e+03 3.5277e+00 -1.1522e+03
-4.0575e+06 5.0119e+01 2.0218e+04 1.4558e+03 1.9002e+00 7.8021e+03
-4.0760e+06 4.9890e+01 2.0247e+04 1.4111e+03 7.9658e-01 7.5338e+03
-4.1048e+06 4.9658e+01 2.0276e+04 1.3642e+03 4.1622e+00 7.2462e+03
-4.1584e+06 4.9402e+01 2.0304e+04 1.3152e+03 4.2223e+00 6.9675e+03
-4.2359e+06 4.9157e+01 2.0330e+04 1.2639e+03 -4.3387e+00 6.6879e+03
-4.2259e+06 4.8938e+01 2.0356e+04 1.2105e+03 -4.7484e+00 6.4082e+03
-4.1544e+06 4.8716e+01 2.0381e+04 1.1550e+03 2.1131e+00 6.1281e+03
-4.1351e+06 4.8474e+01 2.0405e+04 1.0972e+03 2.1522e+00 5.8476e+03
-4.1489e+06 4.8229e+01 2.0427e+04 1.0374e+03 9.0327e-01 5.5673e+03
-4.1617e+06 4.8005e+01 2.0449e+04 9.7535e+02 9.5447e-01 5.2867e+03
-4.1901e+06 4.7792e+01 2.0470e+04 9.1121e+02 -1.7359e+00 5.0061e+03
-4.1974e+06 4.7571e+01 2.0489e+04 8.4496e+02 -1.9249e+00 4.7255e+03
-4.1833e+06 4.7373e+01 2.0508e+04 7.7661e+02 7.6703e-01 4.4451e+03
-4.1891e+06 4.7210e+01 2.0525e+04 7.0617e+02 1.0456e+00 4.1648e+03
-4.2080e+06 4.6969e+01 2.0541e+04 6.3368e+02 7.6624e-01 3.8848e+03
-4.2304e+06 4.6467e+01 2.0556e+04 5.5913e+02 1.1541e+00 3.6049e+03
-4.2650e+06 4.5631e+01 2.0569e+04 4.8257e+02 6.1887e-01 3.3259e+03
-4.3078e+06 4.4670e+01 2.0582e+04 4.0401e+02 -5.9180e-01 3.0469e+03
-4.3434e+06 4.3899e+01 2.0593e+04 3.2347e+02 -1.5487e+00 2.7684e+03
-4.3687e+06 4.3428e+01 2.0603e+04 2.4099e+02 -2.2075e+00 2.4905e+03
-4.3833e+06 4.3205e+01 2.0612e+04 1.5658e+02 -1.5626e+00 2.2133e+03
-4.3999e+06 4.3092e+01 2.0619e+04 7.0293e+01 3.0012e-01 1.9369e+03
-4.4263e+06 4.2943e+01 2.0625e+04 -1.7855e+01 -6.1816e-02 1.6609e+03
-4.4416e+06 4.2750e+01 2.0630e+04 -1.0783e+02 -3.7062e-01 1.3856e+03
-4.4420e+06 4.2542e+01 2.0634e+04 -1.9959e+02 6.4848e-01 1.1113e+03
-4.4558e+06 4.2247e+01 2.0636e+04 -2.9311e+02 6.9692e-01 8.3800e+02
-4.4806e+06 4.1784e+01 2.0637e+04 -3.8834e+02 5.8860e-01 5.6568e+02
-4.5119e+06 4.1202e+01 2.0636e+04 -4.8526e+02 1.4524e+00 2.9435e+02
-4.5519e+06 4.0650e+01 2.0634e+04 -5.8382e+02 1.1658e+00 2.4686e+01
-4.6055e+06 4.0233e+01 2.0630e+04 -6.8397e+02 -2.9331e+00 -2.4661e+02
-4.6211e+06 3.9990e+01 2.0626e+04 -7.8568e+02 -4.0811e+00 -5.1327e+02
-4.5975e+06 3.9907e+01 2.0619e+04 -8.8891e+02 1.8088e+00 -7.9151e+02
-4.5897e+06 3.9875e+01 2.0612e+04 -9.9361e+02 3.2152e+00 -1.0479e+03
-4.0730e+06 4.9655e+01 2.0199e+04 1.5261e+03 7.2401e-01 7.9462e+03
-4.0981e+06 4.9428e+01 2.0229e+04 1.4807e+03 -8.5358e-01 7.6769e+03
-4.1586e+06 4.9210e+01 2.0258e+04 1.4331e+03 -2.9849e+00 7.3882e+03
-4.2267e+06 4.8981e+01 2.0287e+04 1.3832e+03 -7.7983e+00 7.1082e+03
-4.2404e+06 4.8748e+01 2.0314e+04 1.3312e+03 -6.1542e+00 6.8274e+03
-4.1875e+06 4.8520e+01 2.0341e+04 1.2770e+03 1.5073e+00 6.5469e+03
-4.1512e+06 4.8295e+01 2.0367e+04 1.2205e+03 2.3461e+00 6.2654e+03
-4.1500e+06 4.8067e+01 2.0391e+04 1.1619e+03 -3.0678e-01 5.9837e+03
-4.1604e+06 4.7836e+01 2.0415e+04 1.1011e+03 2.5832e-01 5.7022e+03
-4.1698e+06 4.7615e+01 2.0437e+04 1.0381e+03 1.7351e+00 5.4204e+03
-4.1818e+06 4.7406e+01 2.0459e+04 9.7291e+02 1.9822e+00 5.1386e+03
-4.1887e+06 4.7201e+01 2.0479e+04 9.0560e+02 2.0542e+00 4.8568e+03
-4.1956e+06 4.6987e+01 2.0498e+04 8.3615e+02 1.9047e+00 4.5750e+03
-4.2136e+06 4.6670e+01 2.0516e+04 7.6458e+02 1.3002e+00 4.2936e+03
-4.2462e+06 4.6102e+01 2.0533e+04 6.9091e+02 1.0450e+00 4.0124e+03
-4.2856e+06 4.5267e+01 2.0549e+04 6.1516e+02 5.0210e-01 3.7313e+03
-4.3242e+06 4.4353e+01 2.0563e+04 5.3735e+02 -9.6252e-01 3.4509e+03
-4.3565e+06 4.3615e+01 2.0576e+04 4.5750e+02 -2.0487e+00 3.1708e+03
-4.3813e+06 4.3181e+01 2.0588e+04 3.7565e+02 -1.9495e+00 2.8911e+03
-4.3990e+06 4.2967e+01 2.0599e+04 2.9182e+02 -1.5315e+00 2.6118e+03
-4.4119e+06 4.2824e+01 2.0608e+04 2.0603e+02 -1.0097e+00 2.3333e+03
-4.4220e+06 4.2677e+01 2.0616e+04 1.1832e+02 -2.1640e-01 2.0555e+03
-4.4311e+06 4.2514e+01 2.0623e+04 2.8717e+01 3.9349e-01 1.7783e+03
-4.4449e+06 4.2311e+01 2.0628e+04 -6.2741e+01 9.2914e-01 1.5020e+03
-4.4671e+06 4.1986e+01 2.0633e+04 -1.5602e+02 8.7087e-01 1.2264e+03
-4.5004e+06 4.1489e+01 2.0635e+04 -2.5109e+02 -1.3293e-01 9.5179e+02
-4.5301e+06 4.0902e+01 2.0636e+04 -3.4791e+02 -1.8280e-01 6.7813e+02
-4.5593e+06 4.0383e+01 2.0636e+04 -4.4643e+02 9.2724e-01 4.0552e+02
-4.6095e+06 4.0024e+01 2.0635e+04 -5.4663e+02 -6.4839e-01 1.3466e+02
-4.6579e+06 3.9807e+01 2.0632e+04 -6.4845e+02 -3.6050e+00 -1.3802e+02
-4.6513e+06 3.9686e+01 2.0627e+04 -7.5186e+02 -2.1032e+00 -4.0568e+02
-4.6185e+06 3.9618e+01 2.0622e+04 -8.5681e+02 2.7160e+00 -6.8549e+02
-4.6089e+06 3.9545e+01 2.0614e+04 -9.6325e+02 2.4565e+00 -9.4287e+02
-4.0938e+06 4.9204e+01 2.0179e+04 1.5982e+03 5.3567e-01 8.0908e+03
-4.1140e+06 4.8987e+01 2.0210e+04 1.5521e+03 -5.1558e-01 7.8205e+03
-4.1699e+06 4.8778e+01 2.0240e+04 1.5037e+03 -2.5655e+00 7.5305e+03
-4.2285e+06 4.8558e+01 2.0269e+04 1.4531e+03 -8.7815e+00 7.2494e+03
-4.2212e+06 4.8327e+01 2.0298e+04 1.4003e+03 -6.7636e+00 6.9675e+03
-4.1678e+06 4.8097e+01 2.0325e+04 1.3452e+03 1.0762e+00 6.6855e+03
-4.1561e+06 4.7878e+01 2.0352e+04 1.2879e+03 1.7497e+00 6.4031e+03
-4.1653e+06 4.7659e+01 2.0377e+04 1.2283e+03 1.0883e+00 6.1205e+03
-4.1790e+06 4.7438e+01 2.0402e+04 1.1665e+03 2.7630e+00 5.8375e+03
-4.1906e+06 4.7233e+01 2.0425e+04 1.1026e+03 3.0376e+00 5.5543e+03
-4.2144e+06 4.7042e+01 2.0447e+04 1.0364e+03 1.2679e+00 5.2715e+03
-4.2236e+06 4.6794e+01 2.0468e+04 9.6798e+02 2.1743e+00 4.9884e+03
-4.2261e+06 4.6374e+01 2.0488e+04 8.9742e+02 3.8044e+00 4.7056e+03
-4.2499e+06 4.5701e+01 2.0507e+04 8.2470e+02 1.7442e+00 4.4231e+03
-4.2947e+06 4.4834e+01 2.0524e+04 7.4985e+02 -3.6068e-01 4.1405e+03
-4.3329e+06 4.3983e+01 2.0541e+04 6.7288e+02 -1.3315e+00 3.8582e+03
-4.3663e+06 4.3345e+01 2.0556e+04 5.9381e+02 -2.2909e+00 3.5763e+03
-4.3906e+06 4.2964e+01 2.0570e+04 5.1267e+02 -2.2981e+00 3.2951e+03
-4.4065e+06 4.2777e+01 2.0583e+04 4.2949e+02 -1.4162e+00 3.0143e+03
-4.4152e+06 4.2655e+01 2.0594e+04 3.4429e+02 -6.7233e-01 2.7338e+03
-4.4270e+06 4.2496e+01 2.0604e+04 2.5710e+02 -4.0016e-01 2.4539e+03
-4.4399e+06 4.2291e+01 2.0613e+04 1.6795e+02 -3.5857e-01 2.1748e+03
-4.4574e+06 4.2054e+01 2.0620e+04 7.6873e+01 -2.2036e-01 1.8964e+03
-4.4742e+06 4.1737e+01 2.0626e+04 -1.6092e+01 3.7387e-01 1.6188e+03
-4.5034e+06 4.1280e+01 2.0631e+04 -1.1091e+02 -1.7945e-01 1.3419e+03
-4.5496e+06 4.0737e+01 2.0634e+04 -2.0755e+02 -3.0440e+00 1.0660e+03
-4.5791e+06 4.0266e+01 2.0636e+04 -3.0597e+02 -2.1706e+00 7.9124e+02
-4.6104e+06 3.9959e+01 2.0637e+04 -4.0614e+02 -1.5650e+00 5.1751e+02
-4.6927e+06 3.9768e+01 2.0636e+04 -5.0800e+02 -9.4118e+00 2.4523e+02
-4.7161e+06 3.9616e+01 2.0633e+04 -6.1152e+02 -9.3798e+00 -2.8590e+01
-4.6573e+06 3.9490e+01 2.0629e+04 -7.1665e+02 5.8926e-01 -2.9730e+02
-4.6207e+06 3.9391e+01 2.0624e+04 -8.2335e+02 5.1011e+00 -5.7863e+02
-4.6231e+06 3.9298e+01 2.0617e+04 -9.3157e+02 2.3929e+00 -8.3726e+02
-4.1071e+06 4.8760e+01 2.0158e+04 1.6720e+03 1.5254e+00 8.2357e+03
-4.1240e+06 4.8554e+01 2.0190e+04 1.6252e+03 -4.3948e-02 7.9644e+03
-4.1506e+06 4.8350e+01 2.0221e+04 1.5762e+03 1.5146e+00 7.6729e+03
-4.1726e+06 4.8126e+01 2.0251e+04 1.5248e+03 8.5069e-01 7.3909e+03
-4.1746e+06 4.7897e+01 2.0281e+04 1.4712e+03 -6.3890e-01 7.1083e+03
-4.1625e+06 4.7679e+01 2.0309e+04 1.4152e+03 7.0574e-01 6.8247e+03
-4.1687e+06 4.7472e+01 2.0336e+04 1.3570e+03 1.1562e+00 6.5411e+03
-4.1943e+06 4.7261e+01 2.0363e+04 1.2965e+03 -1.6418e-01 6.2575e+03
-4.2083e+06 4.7046e+01 2.0388e+04 1.2338e+03 2.1978e+00 5.9732e+03
-4.2285e+06 4.6841e+01 2.0412e+04 1.1688e+03 2.7136e+00 5.6891e+03
-4.3016e+06 4.6590e+01 2.0435e+04 1.1016e+03 -6.9266e+00 5.4051e+03
-4.3191e+06 4.6135e+01 2.0457e+04 1.0321e+03 -7.1966e+00 5.1207e+03
-4.2801e+06 4.5389e+01 2.0478e+04 9.6045e+02 1.6236e+00 4.8367e+03
-4.2941e+06 4.4488e+01 2.0497e+04 8.8658e+02 6.8063e-01 4.5529e+03
-4.3417e+06 4.3695e+01 2.0516e+04 8.1053e+02 -2.4767e+00 4.2692e+03
-4.3736e+06 4.3174e+01 2.0533e+04 7.3233e+02 -2.4433e+00 3.9858e+03
-4.3957e+06 4.2870e+01 2.0549e+04 6.5199e+02 -2.2031e+00 3.7026e+03
-4.4068e+06 4.2654e+01 2.0563e+04 5.6954e+02 -1.6017e+00 3.4200e+03
-4.4208e+06 4.2486e+01 2.0577e+04 4.8501e+02 -8.4972e-01 3.1379e+03
-4.4312e+06 4.2325e+01 2.0589e+04 3.9843e+02 -2.6848e-01 2.8563e+03
-4.4485e+06 4.2104e+01 2.0600e+04 3.0982e+02 -9.3028e-02 2.5752e+03
-4.4618e+06 4.1810e+01 2.0609e+04 2.1921e+02 -1.1424e-01 2.2948e+03
-4.4810e+06 4.1469e+01 2.0617e+04 1.2665e+02 -2.3883e-01 2.0152e+03
-4.4993e+06 4.1092e+01 2.0624e+04 3.2156e+01 -1.1898e-01 1.7363e+03
-4.5341e+06 4.0677e+01 2.0629e+04 -6.4226e+01 -6.5957e-01 1.4582e+03
-4.5760e+06 4.0281e+01 2.0633e+04 -1.6246e+02 -2.7864e+00 1.1810e+03
-4.5976e+06 3.9992e+01 2.0636e+04 -2.6251e+02 -5.4179e-01 9.0502e+02
-4.6176e+06 3.9815e+01 2.0637e+04 -3.6433e+02 9.3235e-01 6.3012e+02
-4.6945e+06 3.9664e+01 2.0636e+04 -4.6788e+02 -7.0594e+00 3.5645e+02
-4.7104e+06 3.9493e+01 2.0634e+04 -5.7312e+02 -7.5784e+00 8.1527e+01
-4.6673e+06 3.9335e+01 2.0631e+04 -6.8001e+02 6.3354e-01 -1.8873e+02
-4.6400e+06 3.9208e+01 2.0626e+04 -7.8849e+02 4.5605e+00 -4.7124e+02
-4.6371e+06 3.9101e+01 2.0619e+04 -8.9851e+02 3.0801e+00 -7.3082e+02
-4.1230e+06 4.8330e+01 2.0137e+04 1.7477e+03 2.1600e+00 8.3809e+03
-4.1297e+06 4.8129e+01 2.0170e+04 1.7002e+03 -2.1079e-01 8.1084e+03
-4.1370e+06 4.7928e+01 2.0202e+04 1.6504e+03 7.6089e-01 7.8159e+03
-4.1426e+06 4.7708e+01 2.0233e+04 1.5983e+03 2.7311e+00 7.5328e+03
-4.1515e+06 4.7488e+01 2.0263e+04 1.5439e+03 1.6141e+00 7.2492e+03
-4.1582e+06 4.7280e+01 2.0292e+04 1.4871e+03 2.0527e+00 6.9646e+03
-4.1904e+06 4.7078e+01 2.0320e+04 1.4280e+03 4.5996e-01 6.6797e+03
-4.2547e+06 4.6872e+01 2.0347e+04 1.3666e+03 -8.0074e+00 6.3947e+03
-4.2690e+06 4.6645e+01 2.0373e+04 1.3029e+03 -6.2020e+00 6.1096e+03
-4.2562e+06 4.6355e+01 2.0398e+04 1.2369e+03 2.1252e+00 5.8246e+03
-4.3227e+06 4.5902e+01 2.0422e+04 1.1686e+03 -5.1906e+00 5.5391e+03
-4.3518e+06 4.5191e+01 2.0445e+04 1.0981e+03 -7.9908e+00 5.2536e+03
-4.3213e+06 4.4322e+01 2.0467e+04 1.0253e+03 -3.2811e-01 4.9682e+03
-4.3339e+06 4.3567e+01 2.0487e+04 9.5024e+02 -6.1577e-01 4.6832e+03
-4.3665e+06 4.3104e+01 2.0506e+04 8.7299e+02 -2.4103e+00 4.3983e+03
-4.3825e+06 4.2881e+01 2.0524e+04 7.9354e+02 -1.3406e+00 4.1137e+03
-4.3996e+06 4.2704e+01 2.0541e+04 7.1192e+02 -8.2001e-01 3.8294e+03
-4.4157e+06 4.2469e+01 2.0556e+04 6.2815e+02 -6.0192e-01 3.5455e+03
-4.4327e+06 4.2217e+01 2.0571e+04 5.4226e+02 -3.6363e-01 3.2621e+03
-4.4447e+06 4.1959e+01 2.0583e+04 4.5428e+02 -3.8206e-02 2.9792e+03
-4.4631e+06 4.1647e+01 2.0595e+04 3.6423e+02 -4.0891e-02 2.6970e+03
-4.4823e+06 4.1281e+01 2.0605e+04 2.7215e+02 -3.1217e-01 2.4154e+03
-4.5071e+06 4.0916e+01 2.0614e+04 1.7808e+02 -6.8612e-01 2.1346e+03
-4.5252e+06 4.0604e+01 2.0621e+04 8.2039e+01 -7.2529e-01 1.8545e+03
-4.5462e+06 4.0332e+01 2.0627e+04 -1.5926e+01 -1.0016e-02 1.5751e+03
-4.5690e+06 4.0084e+01 2.0632e+04 -1.1578e+02 3.4637e-01 1.2966e+03
-4.6013e+06 3.9884e+01 2.0635e+04 -2.1748e+02 1.0899e+00 1.0193e+03
-4.6173e+06 3.9724e+01 2.0636e+04 -3.2099e+02 3.9297e+00 7.4309e+02
-4.6411e+06 3.9559e+01 2.0636e+04 -4.2625e+02 4.5671e+00 4.6830e+02
-4.6732e+06 3.9380e+01 2.0635e+04 -5.3324e+02 6.1545e-01 1.9229e+02
-4.6954e+06 3.9215e+01 2.0632e+04 -6.4190e+02 -2.9002e+00 -7.9353e+01
-4.6729e+06 3.9074e+01 2.0628e+04 -7.5219e+02 4.6510e-01 -3.6316e+02
-4.6479e+06 3.8955e+01 2.0622e+04 -8.6406e+02 3.2389e+00 -6.2379e+02
-4.1390e+06 4.7911e+01 2.0114e+04 1.8253e+03 5.3813e-01 8.5266e+03
-4.1461e+06 4.7716e+01 2.0148e+04 1.7771e+03 -5.5767e-01 8.2528e+03
-4.1541e+06 4.7519e+01 2.0181e+04 1.7266e+03 -2.8862e-01 7.9591e+03
-4.1611e+06 4.7309e+01 2.0213e+04 1.6737e+03 6.8263e-01 7.6750e+03
-4.1652e+06 4.7093e+01 2.0244e+04 1.6184e+03 4.9925e-01 7.3900e+03
-4.1758e+06 4.6876e+01 2.0274e+04 1.5608e+03 2.4996e+00 7.1046e+03
-4.2068e+06 4.6664e+01 2.0303e+04 1.5008e+03 1.8937e+00 6.8187e+03
-4.2752e+06 4.6439e+01 2.0331e+04 1.4385e+03 -6.9416e+00 6.5323e+03
-4.2882e+06 4.6134e+01 2.0358e+04 1.3738e+03 -6.5207e+00 6.2460e+03
-4.2663e+06 4.5680e+01 2.0384e+04 1.3068e+03 3.6348e+00 5.9595e+03
-4.2919e+06 4.5051e+01 2.0409e+04 1.2375e+03 3.4929e+00 5.6730e+03
-4.3272e+06 4.4305e+01 2.0433e+04 1.1659e+03 -2.3338e-02 5.3867e+03
-4.3401e+06 4.3631e+01 2.0455e+04 1.0919e+03 -7.5159e-03 5.1000e+03
-4.3617e+06 4.3183e+01 2.0476e+04 1.0157e+03 -9.6835e-01 4.8137e+03
-4.3819e+06 4.2937e+01 2.0496e+04 9.3726e+02 -7.1403e-01 4.5276e+03
-4.3992e+06 4.2776e+01 2.0515e+04 8.5656e+02 2.0174e-01 4.2418e+03
-4.4139e+06 4.2573e+01 2.0533e+04 7.7364e+02 2.3120e-01 3.9563e+03
-4.4299e+06 4.2278e+01 2.0549e+04 6.8854e+02 3.1409e-03 3.6712e+03
-4.4492e+06 4.1927e+01 2.0564e+04 6.0127e+02 -8.7523e-02 3.3866e+03
-4.4702e+06 4.1559e+01 2.0577e+04 5.1188e+02 4.0388e-04 3.1025e+03
-4.4922e+06 4.1194e+01 2.0590e+04 4.2038e+02 -9.6226e-02 2.8190e+03
-4.5118e+06 4.0853e+01 2.0601e+04 3.2681e+02 -3.8949e-01 2.5363e+03
-4.5289e+06 4.0565e+01 2.0610e+04 2.3120e+02 -5.7477e-01 2.2541e+03
-4.5438e+06 4.0345e+01 2.0618e+04 1.3359e+02 -4.9476e-01 1.9728e+03
-4.5597e+06 4.0154e+01 2.0625e+04 3.4025e+01 8.2662e-01 1.6923e+03
-4.5924e+06 3.9965e+01 2.0630e+04 -6.7467e+01 7.1659e-01 1.4126e+03
-4.6623e+06 3.9787e+01 2.0634e+04 -1.7084e+02 -4.3475e+00 1.1340e+03
-4.6709e+06 3.9618e+01 2.0636e+04 -2.7606e+02 -2.4043e+00 8.5660e+02
-4.6469e+06 3.9444e+01 2.0637e+04 -3.8307e+02 4.2735e+00 5.8066e+02
-4.7133e+06 3.9268e+01 2.0636e+04 -4.9183e+02 -2.4857e+00 3.0334e+02
-4.7572e+06 3.9107e+01 2.0633e+04 -6.0230e+02 -8.7999e+00 3.0658e+01
-4.7016e+06 3.8962e+01 2.0629e+04 -7.1443e+02 -1.7023e+00 -2.5451e+02
-4.6596e+06 3.8843e+01 2.0624e+04 -8.2816e+02 2.3856e+00 -5.1618e+02
-4.1548e+06 4.7504e+01 2.0091e+04 1.9047e+03 -3.1979e-01 8.6730e+03
-4.1594e+06 4.7312e+01 2.0126e+04 1.8559e+03 -3.8435e-01 8.3978e+03
-4.1612e+06 4.7117e+01 2.0160e+04 1.8046e+03 7.5044e-01 8.1021e+03
-4.1676e+06 4.6895e+01 2.0193e+04 1.7509e+03 1.9614e+00 7.8172e+03
-4.1787e+06 4.6638e+01 2.0225e+04 1.6949e+03 1.7723e+00 7.5310e+03
-4.1941e+06 4.6386e+01 2.0256e+04 1.6364e+03 2.5923e+00 7.2445e+03
-4.2180e+06 4.6164e+01 2.0286e+04 1.5756e+03 4.0292e+00 6.9574e+03
-4.2533e+06 4.5886e+01 2.0315e+04 1.5123e+03 2.2867e+00 6.6699e+03
-4.2683e+06 4.5456e+01 2.0343e+04 1.4467e+03 1.6248e+00 6.3827e+03
-4.2718e+06 4.4904e+01 2.0369e+04 1.3786e+03 3.3247e+00 6.0950e+03
-4.2922e+06 4.4322e+01 2.0395e+04 1.3083e+03 2.5906e+00 5.8074e+03
-4.3243e+06 4.3787e+01 2.0420e+04 1.2355e+03 8.7658e-01 5.5198e+03
-4.3486e+06 4.3380e+01 2.0443e+04 1.1605e+03 4.7495e-02 5.2320e+03
-4.3698e+06 4.3104e+01 2.0465e+04 1.0831e+03 1.3260e-01 4.9446e+03
-4.3830e+06 4.2886e+01 2.0486e+04 1.0034e+03 8.3613e-01 4.6573e+03
-4.3982e+06 4.2675e+01 2.0506e+04 9.2141e+02 1.0851e+00 4.3702e+03
-4.4148e+06 4.2417e+01 2.0524e+04 8.3719e+02 9.4834e-01 4.0836e+03
-4.4399e+06 4.2061e+01 2.0541e+04 7.5074e+02 6.7902e-01 3.7973e+03
-4.4627e+06 4.1622e+01 2.0557e+04 6.6208e+02 4.3673e-01 3.5115e+03
-4.4871e+06 4.1191e+01 2.0571e+04 5.7126e+02 3.1921e-01 3.2262e+03
-4.5056e+06 4.0853e+01 2.0584e+04 4.7829e+02 3.2125e-01 2.9415e+03
-4.5258e+06 4.0598e+01 2.0596e+04 3.8321e+02 3.3951e-01 2.6575e+03
-4.5411e+06 4.0387e+01 2.0606e+04 2.8605e+02 4.6749e-01 2.3741e+03
-4.5563e+06 4.0199e+01 2.0615e+04 1.8686e+02 5.9663e-01 2.0916e+03
-4.5651e+06 4.0018e+01 2.0622e+04 8.5665e+01 1.7900e+00 1.8100e+03
-4.5966e+06 3.9843e+01 2.0628e+04 -1.7490e+01 1.8485e+00 1.5291e+03
-4.6653e+06 3.9677e+01 2.0632e+04 -1.2256e+02 -3.6717e+00 1.2491e+03
-4.6787e+06 3.9507e+01 2.0635e+04 -2.2951e+02 -3.1673e+00 9.7065e+02
-4.6560e+06 3.9327e+01 2.0637e+04 -3.3830e+02 2.7556e+00 6.9328e+02
-4.7135e+06 3.9144e+01 2.0636e+04 -4.4886e+02 -2.0175e+00 4.1430e+02
-4.7346e+06 3.8976e+01 2.0634e+04 -5.6117e+02 -5.1323e+00 1.4094e+02
-4.6898e+06 3.8834e+01 2.0631e+04 -6.7516e+02 6.5766e-01 -1.4539e+02
-4.6618e+06 3.8730e+01 2.0626e+04 -7.9079e+02 1.5384e+00 -4.0731e+02
-4.1566e+06 4.7114e+01 2.0068e+04 1.9861e+03 1.9246e-01 8.8191e+03
-4.1625e+06 4.6912e+01 2.0103e+04 1.9365e+03 -1.2817e+00 8.5433e+03
-4.1661e+06 4.6698e+01 2.0138e+04 1.8846e+03 1.1926e+00 8.2468e+03
-4.1742e+06 4.6418e+01 2.0172e+04 1.8301e+03 3.1042e+00 7.9608e+03
-4.1882e+06 4.6071e+01 2.0205e+04 1.7733e+03 2.2090e+00 7.6734e+03
-4.2193e+06 4.5773e+01 2.0237e+04 1.7139e+03 1.0089e+00 7.3857e+03
-4.2377e+06 4.5556e+01 2.0268e+04 1.6522e+03 1.3838e+00 7.0976e+03
-4.2486e+06 4.5246e+01 2.0298e+04 1.5880e+03 2.8227e+00 6.8092e+03
-4.2574e+06 4.4771e+01 2.0326e+04 1.5214e+03 2.7589e+00 6.5207e+03
-4.2793e+06 4.4282e+01 2.0354e+04 1.4524e+03 1.4565e+00 6.2320e+03
-4.3013e+06 4.3886e+01 2.0381e+04 1.3809e+03 4.7887e-01 5.9431e+03
-4.3236e+06 4.3563e+01 2.0406e+04 1.3071e+03 5.1016e-01 5.6542e+03
-4.3385e+06 4.3291e+01 2.0430e+04 1.2309e+03 1.1407e+00 5.3654e+03
-4.3560e+06 4.3052e+01 2.0453e+04 1.1523e+03 1.7518e+00 5.0768e+03
-4.3711e+06 4.2820e+01 2.0475e+04 1.0714e+03 2.0809e+00 4.7884e+03
-4.3915e+06 4.2584e+01 2.0495e+04 9.8813e+02 2.2284e+00 4.5002e+03
-4.4087e+06 4.2284e+01 2.0515e+04 9.0259e+02 2.2490e+00 4.2123e+03
-4.4333e+06 4.1858e+01 2.0533e+04 8.1478e+02 1.9784e+00 3.9248e+03
-4.4592e+06 4.1364e+01 2.0549e+04 7.2472e+02 1.5228e+00 3.6378e+03
-4.4881e+06 4.0938e+01 2.0564e+04 6.3245e+02 1.2034e+00 3.3514e+03
-4.5066e+06 4.0652e+01 2.0578e+04 5.3800e+02 1.3217e+00 3.0656e+03
-4.5227e+06 4.0451e+01 2.0591e+04 4.4139e+02 1.7261e+00 2.7802e+03
-4.5320e+06 4.0260e+01 2.0602e+04 3.4267e+02 2.0594e+00 2.4956e+03
-4.5467e+06 4.0062e+01 2.0611e+04 2.4187e+02 2.1806e+00 2.2119e+03
-4.5586e+06 3.9876e+01 2.0619e+04 1.3903e+02 2.8487e+00 1.9291e+03
-4.5801e+06 3.9713e+01 2.0626e+04 3.4191e+01 4.0386e+00 1.6470e+03
-4.6037e+06 3.9556e+01 2.0631e+04 -7.2605e+01 3.1817e+00 1.3658e+03
-4.6163e+06 3.9388e+01 2.0634e+04 -1.8131e+02 3.2125e+00 1.0861e+03
-4.6176e+06 3.9199e+01 2.0636e+04 -2.9189e+02 5.0854e+00 8.0725e+02
-4.6467e+06 3.8996e+01 2.0637e+04 -4.0429e+02 4.1130e+00 5.2715e+02
-4.6603e+06 3.8813e+01 2.0635e+04 -5.1845e+02 3.2781e+00 2.5289e+02
-4.6638e+06 3.8676e+01 2.0632e+04 -6.3434e+02 4.0630e+00 -3.4609e+01
-4.6566e+06 3.8592e+01 2.0628e+04 -7.5190e+02 1.2543e+00 -2.9815e+02
-4.1542e+06 4.6762e+01 2.0043e+04 2.0693e+03 -6.9011e-01 8.9640e+03
-4.1710e+06 4.6538e+01 2.0080e+04 2.0191e+03 -4.9678e+00 8.6900e+03
-4.1860e+06 4.6286e+01 2.0115e+04 1.9664e+03 -4.6405e+00 8.3901e+03
-4.1901e+06 4.5936e+01 2.0150e+04 1.9112e+03 -2.8134e+00 8.1037e+03
-4.2141e+06 4.5524e+01 2.0184e+04 1.8536e+03 -4.0294e+00 7.8153e+03
-4.2414e+06 4.5202e+01 2.0217e+04 1.7934e+03 -5.3945e+00 7.5264e+03
-4.2644e+06 4.4985e+01 2.0249e+04 1.7308e+03 -5.9763e+00 7.2373e+03
-4.2704e+06 4.4699e+01 2.0280e+04 1.6657e+03 -5.1524e+00 6.9478e+03
-4.2806e+06 4.4312e+01 2.0309e+04 1.5981e+03 -4.8002e+00 6.6580e+03
-4.2971e+06 4.3961e+01 2.0338e+04 1.5280e+03 -4.8741e+00 6.3682e+03
-4.3148e+06 4.3689e+01 2.0365e+04 1.4555e+03 -4.7909e+00 6.0782e+03
-4.3323e+06 4.3441e+01 2.0392e+04 1.3806e+03 -4.6304e+00 5.7881e+03
-4.3486e+06 4.3200e+01 2.0417e+04 1.3032e+03 -4.3755e+00 5.4982e+03
-4.3650e+06 4.2966e+01 2.0441e+04 1.2234e+03 -4.2246e+00 5.2083e+03
-4.3791e+06 4.2740e+01 2.0463e+04 1.1413e+03 -4.0958e+00 4.9188e+03
-4.3952e+06 4.2505e+01 2.0485e+04 1.0567e+03 -3.9305e+00 4.6294e+03
-4.4171e+06 4.2159e+01 2.0505e+04 9.6988e+02 -4.0222e+00 4.3404e+03
-4.4497e+06 4.1661e+01 2.0524e+04 8.8070e+02 -4.6490e+00 4.0518e+03
-4.4786e+06 4.1149e+01 2.0541e+04 7.8923e+02 -5.4122e+00 3.7635e+03
-4.5014e+06 4.0769e+01 2.0557e+04 6.9550e+02 -5.6225e+00 3.4758e+03
-4.5166e+06 4.0524e+01 2.0572e+04 5.9955e+02 -5.7522e+00 3.1888e+03
-4.5349e+06 4.0332e+01 2.0585e+04 5.0140e+02 -5.8222e+00 2.9023e+03
-4.5489e+06 4.0138e+01 2.0597e+04 4.0109e+02 -5.5410e+00 2.6166e+03
-4.5637e+06 3.9936e+01 2.0607e+04 2.9867e+02 -5.5182e+00 2.3316e+03
-4.5742e+06 3.9749e+01 2.0616e+04 1.9416e+02 -5.6969e+00 2.0476e+03
-4.5869e+06 3.9590e+01 2.0623e+04 8.7616e+01 -5.5038e+00 1.7642e+03
-4.5991e+06 3.9436e+01 2.0629e+04 -2.0925e+01 -5.4268e+00 1.4820e+03
-4.6147e+06 3.9266e+01 2.0633e+04 -1.3142e+02 -5.5207e+00 1.2008e+03
-4.6291e+06 3.9068e+01 2.0636e+04 -2.4381e+02 -5.4064e+00 9.2098e+02
-4.6447e+06 3.8848e+01 2.0637e+04 -3.5807e+02 -5.2879e+00 6.4013e+02
-4.6574e+06 3.8654e+01 2.0636e+04 -4.7413e+02 -4.2877e+00 3.6619e+02
-4.6609e+06 3.8522e+01 2.0634e+04 -5.9194e+02 -1.4306e-01 7.3956e+01
-4.6414e+06 3.8444e+01 2.0630e+04 -7.1146e+02 -3.2180e-01 -1.9058e+02
-4.1873e+06 4.6473e+01 2.0018e+04 2.1546e+03 1.5257e+00 9.1103e+03
-4.1913e+06 4.6236e+01 2.0055e+04 2.1037e+03 -4.2050e+00 8.8308e+03
-4.2059e+06 4.5956e+01 2.0092e+04 2.0503e+03 -8.7835e+00 8.5364e+03
-4.2174e+06 4.5585e+01 2.0128e+04 1.9943e+03 -7.0984e+00 8.2471e+03
-4.2306e+06 4.5187e+01 2.0162e+04 1.9359e+03 -7.5366e+00 7.9581e+03
-4.2486e+06 4.4864e+01 2.0196e+04 1.8749e+03 -7.8655e+00 7.6680e+03
-4.2634e+06 4.4619e+01 2.0229e+04 1.8113e+03 -7.6450e+00 7.3779e+03
-4.2743e+06 4.4369e+01 2.0261e+04 1.7453e+03 -7.6109e+00 7.0872e+03
-4.2906e+06 4.4096e+01 2.0291e+04 1.6767e+03 -7.6196e+00 6.7965e+03
-4.3084e+06 4.3835e+01 2.0321e+04 1.6057e+03 -7.7458e+00 6.5056e+03
-4.3278e+06 4.3588e+01 2.0349e+04 1.5321e+03 -7.9475e+00 6.2145e+03
-4.3423e+06 4.3343e+01 2.0377e+04 1.4560e+03 -8.1169e+00 5.9234e+03
-4.3589e+06 4.3103e+01 2.0403e+04 1.3775e+03 -8.1148e+00 5.6323e+03
-4.3732e+06 4.2870e+01 2.0428e+04 1.2965e+03 -7.9643e+00 5.3413e+03
-4.3924e+06 4.2644e+01 2.0451e+04 1.2131e+03 -7.6189e+00 5.0505e+03
-4.4118e+06 4.2374e+01 2.0474e+04 1.1273e+03 -7.3622e+00 4.7599e+03
-4.4379e+06 4.1942e+01 2.0495e+04 1.0391e+03 -7.5309e+00 4.4697e+03
-4.4667e+06 4.1385e+01 2.0514e+04 9.4855e+02 -8.5553e+00 4.1800e+03
-4.4971e+06 4.0917e+01 2.0533e+04 8.5565e+02 -9.4187e+00 3.8907e+03
-4.5088e+06 4.0618e+01 2.0549e+04 7.6045e+02 -8.3429e+00 3.6018e+03
-4.5235e+06 4.0408e+01 2.0565e+04 6.6298e+02 -8.0097e+00 3.3136e+03
-4.5441e+06 4.0218e+01 2.0579e+04 5.6327e+02 -9.4520e+00 3.0259e+03
-4.5611e+06 4.0030e+01 2.0592e+04 4.6136e+02 -9.6827e+00 2.7390e+03
-4.5699e+06 3.9837e+01 2.0603e+04 3.5729e+02 -9.1836e+00 2.4529e+03
-4.5832e+06 3.9649e+01 2.0612e+04 2.5110e+02 -9.4714e+00 2.1678e+03
-4.5959e+06 3.9480e+01 2.0620e+04 1.4282e+02 -1.0085e+01 1.8832e+03
-4.6091e+06 3.9319e+01 2.0627e+04 3.2514e+01 -1.0362e+01 1.5998e+03
-4.6196e+06 3.9144e+01 2.0632e+04 -7.9787e+01 -1.0364e+01 1.3174e+03
-4.6327e+06 3.8943e+01 2.0635e+04 -1.9403e+02 -1.0307e+01 1.0363e+03
-4.6505e+06 3.8724e+01 2.0636e+04 -3.1017e+02 -1.0048e+01 7.5497e+02
-4.6661e+06 3.8533e+01 2.0636e+04 -4.2815e+02 -1.0185e+01 4.7785e+02
-4.6828e+06 3.8400e+01 2.0635e+04 -5.4792e+02 -5.9969e+00 1.9124e+02
-4.6931e+06 3.8313e+01 2.0631e+04 -6.6943e+02 -3.1991e-01 -7.9917e+01
-4.1897e+06 4.6259e+01 1.9991e+04 2.2418e+03 4.5738e-01 9.2583e+03
-4.1965e+06 4.6018e+01 2.0030e+04 2.1902e+03 -4.7193e-01 8.9689e+03
-4.2069e+06 4.5742e+01 2.0067e+04 2.1361e+03 -4.4730e-01 8.6832e+03
-4.2127e+06 4.5400e+01 2.0104e+04 2.0794e+03 2.9564e-01 8.3903e+03
-4.2253e+06 4.5047e+01 2.0140e+04 2.0202e+03 3.3945e-01 8.1006e+03
-4.2352e+06 4.4722e+01 2.0175e+04 1.9583e+03 6.3299e-01 7.8095e+03
-4.2523e+06 4.4433e+01 2.0209e+04 1.8939e+03 9.1626e-01 7.5183e+03
-4.2652e+06 4.4187e+01 2.0241e+04 1.8269e+03 8.9160e-01 7.2265e+03
-4.2832e+06 4.3966e+01 2.0273e+04 1.7574e+03 1.0877e+00 6.9346e+03
-4.2960e+06 4.3737e+01 2.0304e+04 1.6853e+03 1.3679e+00 6.6426e+03
-4.3141e+06 4.3489e+01 2.0333e+04 1.6107e+03 1.5283e+00 6.3504e+03
-4.3283e+06 4.3240e+01 2.0361e+04 1.5335e+03 1.4797e+00 6.0581e+03
-4.3474e+06 4.2999e+01 2.0388e+04 1.4538e+03 1.3932e+00 5.7659e+03
-4.3648e+06 4.2764e+01 2.0414e+04 1.3716e+03 1.4894e+00 5.4739e+03
-4.3903e+06 4.2526e+01 2.0439e+04 1.2870e+03 1.5415e+00 5.1819e+03
-4.4100e+06 4.2190e+01 2.0462e+04 1.1999e+03 1.9950e+00 4.8902e+03
-4.4343e+06 4.1654e+01 2.0484e+04 1.1103e+03 2.6042e+00 4.5989e+03
-4.4652e+06 4.1076e+01 2.0504e+04 1.0183e+03 1.8199e+00 4.3080e+03
-4.4980e+06 4.0697e+01 2.0523e+04 9.2401e+02 6.8652e-01 4.0176e+03
-4.5017e+06 4.0484e+01 2.0541e+04 8.2733e+02 2.4996e+00 3.7276e+03
-4.5067e+06 4.0292e+01 2.0558e+04 7.2832e+02 4.0970e+00 3.4381e+03
-4.5321e+06 4.0097e+01 2.0573e+04 6.2704e+02 2.0797e+00 3.1492e+03
-4.5574e+06 3.9917e+01 2.0586e+04 5.2351e+02 1.1261e+00 2.8611e+03
-4.5576e+06 3.9734e+01 2.0598e+04 4.1778e+02 2.7563e+00 2.5739e+03
-4.5611e+06 3.9541e+01 2.0608e+04 3.0988e+02 3.5606e+00 2.2875e+03
-4.5677e+06 3.9361e+01 2.0617e+04 1.9986e+02 3.2739e+00 2.0017e+03
-4.5841e+06 3.9188e+01 2.0624e+04 8.7754e+01 3.1506e+00 1.7173e+03
-4.5946e+06 3.9003e+01 2.0630e+04 -2.6380e+01 3.6709e+00 1.4339e+03
-4.6118e+06 3.8804e+01 2.0634e+04 -1.4250e+02 4.0303e+00 1.1512e+03
-4.6219e+06 3.8607e+01 2.0636e+04 -2.6055e+02 4.9066e+00 8.6906e+02
-4.6614e+06 3.8433e+01 2.0637e+04 -3.8048e+02 2.8661e+00 5.8647e+02
-4.7277e+06 3.8299e+01 2.0636e+04 -5.0224e+02 -6.2785e+00 3.1056e+02
-4.7393e+06 3.8199e+01 2.0633e+04 -6.2577e+02 -5.8763e+00 3.1953e+01
