  1    1089
-9.7003e+06 3.7150e+01 3.8330e+03 -5.3065e+03 -3.1099e+05 -1.1624e+05
-2.8903e+07 3.3688e+01 3.6083e+03 -4.1710e+03 -3.1735e+05 -1.1496e+05
-2.9247e+07 3.0364e+01 3.3772e+03 -3.0382e+03 -3.2082e+05 -1.0883e+05
-3.1078e+07 2.8676e+01 3.1164e+03 -1.7924e+03 -3.2226e+05 -1.0197e+05
-2.1184e+07 2.9488e+01 2.8564e+03 -5.5084e+02 -3.1310e+05 -9.8180e+04
-2.3840e+07 3.1934e+01 2.5978e+03 6.8508e+02 -2.8034e+05 -9.0203e+04
-2.2694e+07 3.4331e+01 2.3408e+03 1.9151e+03 -2.2180e+05 -6.6766e+04
-3.4410e+07 3.5410e+01 2.1483e+03 2.8547e+03 -1.4627e+05 -5.5031e+04
-3.8271e+07 3.4975e+01 2.1551e+03 2.8945e+03 -9.0871e+04 -5.1900e+04
-3.0326e+07 3.4243e+01 2.1636e+03 2.9248e+03 -6.9442e+04 -3.4344e+04
-3.4599e+07 3.3779e+01 2.1720e+03 2.9547e+03 -5.1674e+04 -1.6266e+04
-3.2844e+07 3.3156e+01 2.1802e+03 2.9841e+03 -3.2209e+04 -1.7408e+03
-3.5817e+07 3.2494e+01 2.1883e+03 3.0131e+03 -1.6034e+04 4.3928e+03
-3.0179e+07 3.1979e+01 2.1963e+03 3.0417e+03 -7.7911e+03 5.2619e+03
-2.3088e+07 3.2032e+01 2.2040e+03 3.0698e+03 -5.4522e+03 5.8025e+03
-1.3626e+07 3.3155e+01 2.2117e+03 3.0975e+03 -3.3452e+03 6.3013e+03
-7.9294e+06 3.4379e+01 2.2192e+03 3.1247e+03 -1.2779e+03 6.5919e+03
3.0783e+06 3.4390e+01 2.2265e+03 3.1515e+03 3.9203e+02 6.6718e+03
5.2612e+06 3.3675e+01 2.2338e+03 3.1778e+03 7.4960e+02 6.6737e+03
3.0266e+06 3.3896e+01 2.2408e+03 3.2038e+03 1.9123e+02 6.6261e+03
-7.8772e+05 3.5951e+01 2.2478e+03 3.2293e+03 -3.1400e+02 6.5654e+03
-4.8816e+05 3.7900e+01 2.2546e+03 3.2543e+03 -3.8043e+02 6.5031e+03
-1.5648e+06 3.7850e+01 2.2614e+03 3.2790e+03 -2.6251e+02 6.4299e+03
1.8725e+06 3.7192e+01 2.2679e+03 3.3032e+03 -6.9418e+01 6.3580e+03
1.4904e+06 3.7132e+01 2.2744e+03 3.3270e+03 2.8949e+01 6.3064e+03
4.1852e+06 3.7362e+01 2.2808e+03 3.3504e+03 7.9625e+01 6.2645e+03
2.8521e+06 3.7795e+01 2.2870e+03 3.3734e+03 1.0839e+01 6.2172e+03
4.7727e+06 3.8796e+01 2.2932e+03 3.3959e+03 -3.1616e+02 6.1565e+03
3.8012e+06 3.9433e+01 2.2992e+03 3.4181e+03 -5.3395e+02 6.0791e+03
1.1062e+07 3.6907e+01 2.3051e+03 3.4399e+03 -2.8714e+02 6.0240e+03
1.6345e+07 3.2049e+01 2.3109e+03 3.4612e+03 8.1138e+02 5.9411e+03
1.7018e+07 2.9767e+01 2.3166e+03 3.4822e+03 6.5436e+02 5.9775e+03
1.9627e+06 3.1766e+01 2.3223e+03 3.5028e+03 5.1319e+02 5.8772e+03
-1.2555e+06 4.0615e+01 4.3238e+03 -7.7548e+03 -2.3084e+05 -8.5323e+04
-8.6200e+06 4.0255e+01 4.1121e+03 -6.6130e+03 -2.8225e+05 -1.0641e+05
-9.4482e+06 3.7779e+01 3.8762e+03 -5.3927e+03 -3.1453e+05 -1.0415e+05
-2.8759e+07 3.3854e+01 3.6247e+03 -4.1385e+03 -3.2344e+05 -1.0174e+05
-2.8176e+07 3.0181e+01 3.3661e+03 -2.8888e+03 -3.2468e+05 -1.0124e+05
-3.1965e+07 2.8562e+01 3.1051e+03 -1.6443e+03 -3.2358e+05 -1.0033e+05
-1.5739e+07 2.9294e+01 2.8455e+03 -4.0572e+02 -3.0908e+05 -1.0847e+05
-1.9194e+07 3.0817e+01 2.6012e+03 7.7090e+02 -2.6563e+05 -1.3575e+05
-2.3286e+07 3.1736e+01 2.5092e+03 1.2613e+03 -2.2284e+05 -1.4608e+05
-2.3152e+07 3.2434e+01 2.4168e+03 1.7486e+03 -2.0301e+05 -1.2837e+05
-2.8286e+07 3.3284e+01 2.3241e+03 2.2327e+03 -1.8532e+05 -1.0993e+05
-2.7738e+07 3.3882e+01 2.2312e+03 2.7134e+03 -1.6217e+05 -9.4872e+04
-3.1543e+07 3.4208e+01 2.1786e+03 3.0121e+03 -1.3356e+05 -8.4441e+04
-3.1679e+07 3.4615e+01 2.1847e+03 3.0495e+03 -1.0885e+05 -7.0898e+04
-3.5207e+07 3.6436e+01 2.1914e+03 3.0831e+03 -9.1054e+04 -4.4545e+04
-3.0830e+07 3.9034e+01 2.1991e+03 3.1106e+03 -6.3196e+04 -1.1143e+04
-1.6565e+07 3.8352e+01 2.2068e+03 3.1377e+03 -2.4273e+04 5.9300e+03
-5.3789e+06 3.4290e+01 2.2143e+03 3.1643e+03 -1.7307e+03 6.7477e+03
2.7023e+06 3.0957e+01 2.2216e+03 3.1905e+03 7.6098e+02 6.6103e+03
3.4760e+06 3.0495e+01 2.2288e+03 3.2163e+03 3.5349e+02 6.5782e+03
2.4880e+06 3.3266e+01 2.2359e+03 3.2417e+03 9.2398e+01 6.5646e+03
-1.5763e+06 3.6955e+01 2.2429e+03 3.2666e+03 -3.2285e+02 6.4970e+03
3.3899e+05 3.8201e+01 2.2497e+03 3.2911e+03 -2.8500e+02 6.4331e+03
-1.4649e+06 3.7695e+01 2.2564e+03 3.3152e+03 -2.5205e+02 6.3589e+03
3.4683e+06 3.7668e+01 2.2630e+03 3.3389e+03 3.7114e+01 6.2950e+03
2.0583e+06 3.8346e+01 2.2695e+03 3.3621e+03 1.0704e+02 6.2439e+03
6.3481e+06 3.9407e+01 2.2759e+03 3.3850e+03 1.4441e+02 6.2171e+03
1.4234e+06 4.0860e+01 2.2821e+03 3.4074e+03 -4.2875e+02 6.1620e+03
9.4718e+06 4.0647e+01 2.2883e+03 3.4295e+03 -3.4618e+02 6.1185e+03
9.7580e+06 3.6416e+01 2.2943e+03 3.4511e+03 -1.2044e+02 6.0281e+03
2.4439e+07 3.1358e+01 2.3002e+03 3.4723e+03 1.6146e+03 6.0248e+03
9.8011e+06 3.0532e+01 2.3061e+03 3.4932e+03 3.9181e+02 5.6872e+03
2.4455e+06 3.4940e+01 2.3118e+03 3.5137e+03 -2.7295e+03 5.7582e+03
-1.4485e+07 3.6607e+01 4.5313e+03 -8.9606e+03 -8.4575e+04 -2.6610e+04
-6.2718e+06 3.9278e+01 4.5621e+03 -8.9376e+03 -1.5706e+05 -5.1089e+04
-1.4266e+06 4.0923e+01 4.3484e+03 -7.7532e+03 -2.3420e+05 -7.5075e+04
-9.3375e+06 4.0431e+01 4.1105e+03 -6.4920e+03 -2.8950e+05 -9.8168e+04
-1.3320e+07 3.7560e+01 3.8653e+03 -5.2351e+03 -3.1911e+05 -1.0109e+05
-2.8054e+07 3.3346e+01 3.6130e+03 -3.9830e+03 -3.2420e+05 -1.0480e+05
-3.0594e+07 2.9699e+01 3.3538e+03 -2.7358e+03 -3.1350e+05 -1.2959e+05
-3.5457e+07 2.7853e+01 3.2009e+03 -1.9629e+03 -2.9404e+05 -1.6841e+05
-2.3987e+07 2.7403e+01 3.1092e+03 -1.4637e+03 -2.8289e+05 -1.8570e+05
-1.9554e+07 2.7759e+01 3.0170e+03 -9.6740e+02 -2.8099e+05 -1.8519e+05
-1.1961e+07 2.8462e+01 2.9244e+03 -4.7418e+02 -2.7928e+05 -1.8426e+05
-1.0949e+07 2.9216e+01 2.8314e+03 1.5886e+01 -2.7384e+05 -1.8321e+05
-1.1109e+07 3.0004e+01 2.7381e+03 5.0269e+02 -2.5963e+05 -1.7855e+05
-1.8836e+07 3.1748e+01 2.6446e+03 9.8611e+02 -2.4267e+05 -1.6292e+05
-1.7141e+07 3.6733e+01 2.5510e+03 1.4661e+03 -2.3603e+05 -1.0481e+05
-1.3068e+07 4.2144e+01 2.3624e+03 2.3507e+03 -1.9421e+05 -1.5773e+04
-3.2942e+07 4.0852e+01 2.1943e+03 3.1509e+03 -8.6259e+04 1.7192e+04
-2.3288e+07 3.4448e+01 2.2019e+03 3.1774e+03 -9.4332e+03 7.0439e+03
3.5792e+05 2.9877e+01 2.2094e+03 3.2034e+03 5.4980e+02 6.6031e+03
1.9711e+05 2.8782e+01 2.2168e+03 3.2291e+03 2.9908e+02 6.5840e+03
5.2282e+06 3.0749e+01 2.2240e+03 3.2543e+03 5.5500e+02 6.5651e+03
9.2659e+05 3.4709e+01 2.2311e+03 3.2791e+03 -1.3531e+02 6.4942e+03
2.0502e+06 3.7633e+01 2.2380e+03 3.3034e+03 -1.8292e+02 6.4258e+03
6.8014e+05 3.8569e+01 2.2449e+03 3.3274e+03 -3.2776e+02 6.3620e+03
3.4436e+06 3.9155e+01 2.2516e+03 3.3509e+03 -3.9790e+01 6.2956e+03
3.2338e+06 4.0078e+01 2.2582e+03 3.3740e+03 1.3800e+02 6.2306e+03
4.6795e+06 4.1263e+01 2.2647e+03 3.3967e+03 3.4326e+01 6.1921e+03
3.8683e+06 4.2505e+01 2.2710e+03 3.4190e+03 -4.4165e+02 6.1439e+03
7.7411e+06 4.1293e+01 2.2773e+03 3.4410e+03 -5.7597e+02 6.1151e+03
1.5749e+07 3.6456e+01 2.2835e+03 3.4625e+03 5.5365e+02 6.0504e+03
2.4221e+07 3.2043e+01 2.2895e+03 3.4836e+03 1.5249e+03 6.0719e+03
1.5733e+07 3.2459e+01 2.2955e+03 3.5043e+03 2.2219e+03 5.7697e+03
-1.6650e+07 3.9952e+01 2.3013e+03 3.5247e+03 -1.1798e+04 5.6985e+03
-2.6990e+06 3.1417e+01 4.4874e+03 -8.9684e+03 -5.2304e+03 2.5433e+03
-8.1765e+06 3.3816e+01 4.5185e+03 -8.9450e+03 -3.3687e+04 1.4644e+02
-1.6068e+07 3.6754e+01 4.5492e+03 -8.9215e+03 -8.7827e+04 -2.3094e+04
-5.0584e+06 3.9510e+01 4.5668e+03 -8.8379e+03 -1.6523e+05 -4.9839e+04
-2.5578e+06 4.0864e+01 4.3380e+03 -7.5873e+03 -2.4216e+05 -7.5780e+04
-6.1165e+06 3.9637e+01 4.0992e+03 -6.3278e+03 -2.8748e+05 -1.1157e+05
-7.2197e+06 3.6622e+01 3.8838e+03 -5.2180e+03 -2.9403e+05 -1.5097e+05
-1.8847e+07 3.3933e+01 3.7983e+03 -4.7091e+03 -2.8306e+05 -1.8107e+05
-1.8868e+07 3.2205e+01 3.7109e+03 -4.2023e+03 -2.8304e+05 -1.8725e+05
-3.0528e+07 3.1072e+01 3.6217e+03 -3.6978e+03 -2.8605e+05 -1.8771e+05
-3.3886e+07 3.0050e+01 3.5307e+03 -3.1957e+03 -2.8786e+05 -1.8783e+05
-3.7120e+07 2.8972e+01 3.4381e+03 -2.6962e+03 -2.8860e+05 -1.8775e+05
-3.3056e+07 2.8268e+01 3.3448e+03 -2.1996e+03 -2.8782e+05 -1.8636e+05
-2.9093e+07 2.9273e+01 3.2510e+03 -1.7063e+03 -2.9310e+05 -1.5405e+05
-2.9123e+07 3.3791e+01 3.1386e+03 -1.1431e+03 -3.1411e+05 -6.1341e+04
-7.7682e+06 3.9410e+01 2.6888e+03 8.7049e+02 -2.9890e+05 3.2478e+04
-2.5960e+07 4.0009e+01 2.2001e+03 3.0827e+03 -1.7423e+05 3.7345e+04
-3.3796e+07 3.5379e+01 2.1896e+03 3.1906e+03 -4.1483e+04 8.2289e+03
-7.9521e+06 3.0926e+01 2.1972e+03 3.2165e+03 -1.8682e+03 6.6215e+03
-3.0737e+06 2.8948e+01 2.2047e+03 3.2420e+03 1.8102e+02 6.6147e+03
5.7272e+06 2.9119e+01 2.2120e+03 3.2670e+03 7.5469e+02 6.5391e+03
2.0989e+06 3.1536e+01 2.2192e+03 3.2917e+03 3.0819e+02 6.4793e+03
3.8292e+06 3.5320e+01 2.2263e+03 3.3159e+03 -2.6017e+01 6.4026e+03
6.8425e+05 3.8916e+01 2.2333e+03 3.3397e+03 -2.8715e+02 6.3470e+03
2.0960e+06 4.1059e+01 2.2401e+03 3.3631e+03 -3.0738e+02 6.2749e+03
4.0885e+06 4.1619e+01 2.2468e+03 3.3861e+03 1.5002e+02 6.2173e+03
2.5954e+06 4.2083e+01 2.2534e+03 3.4086e+03 -2.1110e+02 6.1684e+03
5.1941e+06 4.2743e+01 2.2599e+03 3.4308e+03 -3.8692e+02 6.1126e+03
4.5843e+06 4.0821e+01 2.2663e+03 3.4526e+03 -1.1381e+03 6.0280e+03
2.1808e+07 3.6171e+01 2.2726e+03 3.4740e+03 1.1542e+03 5.9912e+03
1.7728e+07 3.2907e+01 2.2787e+03 3.4950e+03 6.8997e+02 6.0043e+03
2.5299e+07 3.4296e+01 2.2848e+03 3.5156e+03 4.6201e+03 5.8815e+03
-3.9868e+07 4.3647e+01 2.2907e+03 3.5358e+03 -2.0862e+04 4.3677e+03
1.3084e+07 2.8995e+01 4.4435e+03 -8.9751e+03 8.3875e+02 3.2481e+03
1.7783e+07 2.9786e+01 4.4751e+03 -8.9513e+03 3.7041e+01 3.3059e+03
-2.1471e+06 3.1507e+01 4.5060e+03 -8.9275e+03 -6.6688e+03 2.8167e+03
-1.2334e+07 3.4029e+01 4.5365e+03 -8.9036e+03 -3.8539e+04 -7.9959e+02
-1.4287e+07 3.6725e+01 4.5664e+03 -8.8796e+03 -9.5782e+04 -2.4650e+04
-3.6053e+06 3.8459e+01 4.5566e+03 -8.6671e+03 -1.5654e+05 -6.2155e+04
-4.0232e+06 3.8862e+01 4.4432e+03 -7.9709e+03 -1.9337e+05 -1.0284e+05
-6.1418e+06 3.8623e+01 4.3652e+03 -7.4556e+03 -2.0894e+05 -1.3722e+05
-1.4503e+06 3.8267e+01 4.2852e+03 -6.9422e+03 -2.2778e+05 -1.5755e+05
2.0702e+06 3.7889e+01 4.2032e+03 -6.4309e+03 -2.4847e+05 -1.7530e+05
2.4817e+06 3.7327e+01 4.1193e+03 -5.9218e+03 -2.6752e+05 -1.8416e+05
2.5951e+06 3.6560e+01 4.0336e+03 -5.4150e+03 -2.7847e+05 -1.8500e+05
-1.2749e+07 3.6107e+01 3.9461e+03 -4.9107e+03 -2.8704e+05 -1.5818e+05
-1.7157e+07 3.5662e+01 3.8559e+03 -4.4043e+03 -3.0655e+05 -7.0606e+04
-2.4996e+07 3.5120e+01 3.4197e+03 -2.4322e+03 -3.2887e+05 2.8910e+04
-2.4553e+07 3.6569e+01 2.9207e+03 -2.0704e+02 -3.3117e+05 7.3222e+04
-1.8220e+07 3.8881e+01 2.4313e+03 2.0095e+03 -2.5136e+05 5.6931e+04
-3.9522e+07 3.7649e+01 2.1772e+03 3.2040e+03 -1.0595e+05 2.0679e+04
-2.5558e+07 3.3589e+01 2.1849e+03 3.2297e+03 -1.7461e+04 6.5338e+03
-8.9767e+06 3.0408e+01 2.1925e+03 3.2550e+03 -1.0558e+03 6.5530e+03
-2.6683e+06 2.8933e+01 2.2000e+03 3.2799e+03 5.1419e+01 6.5279e+03
7.2216e+06 2.9252e+01 2.2073e+03 3.3044e+03 7.5468e+02 6.4630e+03
3.3071e+06 3.2200e+01 2.2145e+03 3.3285e+03 2.7762e+02 6.3764e+03
8.4626e+06 3.7234e+01 2.2216e+03 3.3521e+03 1.2328e+02 6.3210e+03
-4.4911e+05 4.1067e+01 2.2286e+03 3.3754e+03 -4.9014e+02 6.2479e+03
8.2213e+06 4.2005e+01 2.2354e+03 3.3982e+03 1.2984e+02 6.2087e+03
-2.9093e+06 4.2161e+01 2.2421e+03 3.4207e+03 -4.5595e+02 6.1674e+03
1.1621e+07 4.2405e+01 2.2487e+03 3.4427e+03 -1.5951e+02 6.1336e+03
-1.7967e+06 4.0098e+01 2.2552e+03 3.4643e+03 -1.4573e+03 6.0099e+03
2.9295e+07 3.5596e+01 2.2616e+03 3.4856e+03 1.5428e+03 5.9638e+03
1.0098e+07 3.3083e+01 2.2679e+03 3.5065e+03 9.5352e+00 5.8977e+03
3.4095e+07 3.5232e+01 2.2741e+03 3.5269e+03 5.8845e+03 6.0256e+03
-5.7729e+07 4.4949e+01 2.2801e+03 3.5470e+03 -2.5996e+04 3.5132e+03
7.3620e+06 3.0131e+01 4.3998e+03 -8.9808e+03 9.3937e+01 3.4192e+03
6.0201e+06 2.9045e+01 4.4317e+03 -8.9566e+03 4.0350e+02 3.4932e+03
1.3718e+07 2.8965e+01 4.4630e+03 -8.9324e+03 8.2130e+02 3.5772e+03
1.3339e+07 2.9851e+01 4.4938e+03 -8.9081e+03 -7.2788e+02 3.5880e+03
-8.6692e+05 3.1379e+01 4.5241e+03 -8.8838e+03 -9.2838e+03 2.8428e+03
-1.3135e+07 3.3020e+01 4.5538e+03 -8.8595e+03 -3.0838e+04 -2.6108e+03
-1.0179e+07 3.4360e+01 4.5831e+03 -8.8352e+03 -5.5405e+04 -2.0511e+04
-1.0993e+07 3.5398e+01 4.6119e+03 -8.8108e+03 -7.5394e+04 -4.3721e+04
-6.1820e+06 3.6329e+01 4.6401e+03 -8.7864e+03 -9.4852e+04 -6.3665e+04
-1.0784e+07 3.7321e+01 4.6679e+03 -8.7620e+03 -1.1850e+05 -8.1468e+04
-3.0596e+06 3.8395e+01 4.6722e+03 -8.6296e+03 -1.4866e+05 -9.3171e+04
-9.7347e+06 4.0055e+01 4.5956e+03 -8.1252e+03 -1.8063e+05 -1.0525e+05
-1.2742e+07 4.2560e+01 4.5161e+03 -7.6185e+03 -2.4097e+05 -6.5520e+04
-1.0473e+07 4.3186e+01 4.1361e+03 -5.7629e+03 -3.0962e+05 2.3463e+04
-2.3346e+07 3.9540e+01 3.6489e+03 -3.5151e+03 -3.3523e+05 6.7752e+04
-2.4671e+07 3.6448e+01 3.1508e+03 -1.2849e+03 -3.3761e+05 6.4546e+04
-2.4995e+07 3.8202e+01 2.6611e+03 9.3330e+02 -3.0963e+05 4.6014e+04
-2.5050e+07 4.0034e+01 2.2513e+03 2.8269e+03 -2.0576e+05 2.1428e+04
-4.4067e+07 3.7725e+01 2.1726e+03 3.2431e+03 -7.7086e+04 7.3975e+03
-1.8072e+07 3.3568e+01 2.1803e+03 3.2683e+03 -1.2056e+04 6.4044e+03
-1.2577e+07 3.0499e+01 2.1879e+03 3.2930e+03 -8.0434e+02 6.5551e+03
4.7207e+06 2.9288e+01 2.1954e+03 3.3173e+03 7.4043e+02 6.4665e+03
2.5571e+06 3.0464e+01 2.2027e+03 3.3412e+03 7.4770e+02 6.3648e+03
1.1263e+07 3.4157e+01 2.2099e+03 3.3648e+03 7.4282e+02 6.3144e+03
-7.5901e+05 3.8276e+01 2.2170e+03 3.3878e+03 -2.9908e+02 6.2445e+03
9.6812e+06 4.0958e+01 2.2240e+03 3.4105e+03 6.1740e+01 6.2033e+03
-4.5659e+06 4.2289e+01 2.2308e+03 3.4328e+03 -7.3999e+02 6.1447e+03
1.2373e+07 4.2369e+01 2.2375e+03 3.4547e+03 -6.3257e+01 6.1239e+03
-2.2679e+06 3.9670e+01 2.2441e+03 3.4762e+03 -1.4487e+03 6.0125e+03
3.2639e+07 3.5307e+01 2.2506e+03 3.4973e+03 1.8626e+03 5.9750e+03
6.3582e+06 3.3219e+01 2.2570e+03 3.5181e+03 -2.2009e+02 5.8735e+03
3.6869e+07 3.5961e+01 2.2633e+03 3.5384e+03 5.9466e+03 6.0209e+03
-6.6468e+07 4.6021e+01 2.2695e+03 3.5584e+03 -3.2207e+04 4.2712e+03
4.4054e+06 3.3722e+01 4.3562e+03 -8.9855e+03 -9.5778e+01 3.5819e+03
8.9742e+06 3.1599e+01 4.3884e+03 -8.9609e+03 2.1226e+02 3.6951e+03
7.2501e+06 2.9829e+01 4.4201e+03 -8.9363e+03 1.7508e+02 3.7552e+03
4.4182e+06 2.8912e+01 4.4512e+03 -8.9117e+03 3.0230e+02 3.8050e+03
1.2523e+07 2.8859e+01 4.4818e+03 -8.8870e+03 7.8993e+02 3.9048e+03
1.3561e+07 2.9263e+01 4.5119e+03 -8.8623e+03 1.9849e+02 3.9281e+03
9.8624e+06 2.9983e+01 4.5415e+03 -8.8376e+03 -1.2698e+03 3.6924e+03
1.7308e+06 3.0977e+01 4.5706e+03 -8.8129e+03 -3.3404e+03 3.2958e+03
2.0557e+06 3.1749e+01 4.5993e+03 -8.7882e+03 -4.6294e+03 2.9396e+03
-5.4518e+06 3.2365e+01 4.6274e+03 -8.7634e+03 -9.8046e+03 2.4860e+03
-1.3845e+06 3.3486e+01 4.6551e+03 -8.7387e+03 -2.2634e+04 -6.4038e+02
-1.4332e+07 3.6276e+01 4.6823e+03 -8.7139e+03 -4.8849e+04 -1.1910e+04
-1.3460e+07 4.1158e+01 4.7091e+03 -8.6892e+03 -1.4655e+05 1.3226e+04
5.3758e+06 4.4883e+01 4.3454e+03 -6.8584e+03 -2.7809e+05 5.5648e+04
-2.4154e+07 4.3190e+01 3.8704e+03 -4.6004e+03 -3.3628e+05 5.3657e+04
-2.1179e+07 3.8395e+01 3.4103e+03 -2.4966e+03 -3.4335e+05 3.1200e+04
-2.8688e+07 3.7134e+01 3.0038e+03 -6.4683e+02 -3.4209e+05 1.2800e+04
-1.2209e+07 4.0014e+01 2.6045e+03 1.1923e+03 -3.0269e+05 6.9403e+03
-3.2649e+07 4.1399e+01 2.2122e+03 3.0205e+03 -1.9153e+05 8.0212e+03
-4.0723e+07 3.8478e+01 2.1681e+03 3.2816e+03 -6.6273e+04 7.3055e+03
-2.6173e+07 3.4318e+01 2.1758e+03 3.3062e+03 -8.9918e+03 6.2541e+03
-4.4584e+06 3.1883e+01 2.1834e+03 3.3304e+03 -7.4076e+02 6.3990e+03
-4.5694e+05 3.1194e+01 2.1909e+03 3.3541e+03 3.3066e+02 6.3842e+03
1.4529e+07 3.2142e+01 2.1982e+03 3.3775e+03 1.3071e+03 6.3363e+03
2.0120e+06 3.4879e+01 2.2054e+03 3.4004e+03 1.9025e+02 6.2556e+03
1.1136e+07 3.8829e+01 2.2125e+03 3.4230e+03 1.1926e+02 6.2129e+03
-6.0931e+06 4.2222e+01 2.2194e+03 3.4451e+03 -9.6854e+02 6.1226e+03
1.4118e+07 4.3019e+01 2.2263e+03 3.4669e+03 -2.0186e+02 6.0793e+03
-3.9247e+06 3.9989e+01 2.2330e+03 3.4882e+03 -1.4924e+03 5.9786e+03
3.3886e+07 3.5519e+01 2.2396e+03 3.5092e+03 1.8602e+03 5.9636e+03
6.4170e+06 3.3656e+01 2.2461e+03 3.5298e+03 -9.3461e+01 5.8405e+03
3.6332e+07 3.6893e+01 2.2525e+03 3.5500e+03 4.9850e+03 6.0665e+03
-6.9347e+07 4.7517e+01 2.2588e+03 3.5698e+03 -4.3940e+04 4.2207e+03
-2.4605e+06 3.6352e+01 4.3126e+03 -8.9891e+03 -4.9639e+02 3.7826e+03
-2.8059e+06 3.5179e+01 4.3452e+03 -8.9642e+03 -4.8800e+02 3.8654e+03
3.5821e+06 3.3282e+01 4.3772e+03 -8.9393e+03 -5.3470e+01 3.9165e+03
8.6235e+06 3.1345e+01 4.4087e+03 -8.9143e+03 2.0621e+02 4.0120e+03
5.0495e+06 3.0161e+01 4.4397e+03 -8.8893e+03 5.6063e+01 4.0976e+03
3.5561e+06 2.9594e+01 4.4701e+03 -8.8642e+03 8.6105e+01 4.1572e+03
7.9409e+06 2.9772e+01 4.5001e+03 -8.8391e+03 5.6763e+02 4.2610e+03
1.2997e+07 3.0660e+01 4.5295e+03 -8.8141e+03 1.0611e+03 4.4050e+03
1.7106e+07 3.0784e+01 4.5585e+03 -8.7890e+03 1.7385e+03 4.5631e+03
2.1425e+07 2.9988e+01 4.5869e+03 -8.7639e+03 1.8576e+03 4.6541e+03
2.1674e+07 2.9921e+01 4.6149e+03 -8.7388e+03 1.9148e+03 4.6758e+03
1.0359e+07 3.2013e+01 4.6425e+03 -8.7137e+03 -3.6316e+03 4.8375e+03
-1.0569e+07 3.6985e+01 4.6696e+03 -8.6886e+03 -6.9217e+04 1.5439e+04
-3.5385e+06 4.2846e+01 4.5490e+03 -7.9682e+03 -2.0686e+05 2.9142e+04
-5.2107e+06 4.5207e+01 4.1563e+03 -6.0163e+03 -3.1402e+05 2.2056e+04
-2.0890e+07 4.2301e+01 3.7648e+03 -4.1448e+03 -3.4421e+05 6.4097e+03
-2.8251e+07 3.8084e+01 3.3610e+03 -2.2876e+03 -3.4603e+05 1.1950e+03
-3.0714e+07 3.8049e+01 2.9579e+03 -4.4241e+02 -3.4249e+05 2.1777e+03
-1.6524e+07 4.1122e+01 2.5620e+03 1.3918e+03 -2.9817e+05 8.9564e+02
-3.1646e+07 4.1805e+01 2.1735e+03 3.2142e+03 -1.8464e+05 -5.4335e+03
-4.7100e+07 3.9153e+01 2.1637e+03 3.3196e+03 -7.0005e+04 -2.1509e+03
-1.8313e+07 3.5941e+01 2.1714e+03 3.3436e+03 -1.5499e+04 5.9681e+03
-1.2339e+07 3.3418e+01 2.1790e+03 3.3672e+03 -1.2550e+03 6.4331e+03
8.7834e+06 3.2091e+01 2.1864e+03 3.3903e+03 1.1980e+03 6.3289e+03
2.2802e+06 3.2804e+01 2.1937e+03 3.4131e+03 6.1412e+02 6.2412e+03
1.2282e+07 3.6350e+01 2.2009e+03 3.4355e+03 4.5832e+02 6.2124e+03
-3.5992e+06 4.1495e+01 2.2080e+03 3.4575e+03 -9.5538e+02 6.1212e+03
1.0984e+07 4.4064e+01 2.2150e+03 3.4791e+03 -4.9064e+02 6.0705e+03
-1.5505e+06 4.1294e+01 2.2218e+03 3.5003e+03 -1.6059e+03 5.9811e+03
3.1823e+07 3.6278e+01 2.2285e+03 3.5211e+03 1.6925e+03 5.9816e+03
9.1136e+06 3.4017e+01 2.2351e+03 3.5416e+03 4.2210e+02 5.9043e+03
3.2187e+07 3.7617e+01 2.2416e+03 3.5616e+03 3.5520e+03 5.8344e+03
-6.7482e+07 4.8812e+01 2.2480e+03 3.5813e+03 -5.9190e+04 -3.5605e+02
-2.1239e+06 3.6788e+01 4.2692e+03 -8.9918e+03 -1.4660e+02 3.9488e+03
3.4937e+05 3.6705e+01 4.3021e+03 -8.9665e+03 -2.1733e+02 4.0518e+03
-2.6372e+06 3.6064e+01 4.3345e+03 -8.9412e+03 -4.4597e+02 4.1192e+03
-3.2489e+06 3.4956e+01 4.3663e+03 -8.9159e+03 -4.4226e+02 4.1873e+03
2.0612e+06 3.3987e+01 4.3976e+03 -8.8905e+03 -1.3773e+02 4.2562e+03
6.7461e+06 3.3313e+01 4.4284e+03 -8.8651e+03 7.9740e+01 4.3416e+03
4.7372e+06 3.3267e+01 4.4586e+03 -8.8397e+03 -8.1292e+01 4.4232e+03
4.1648e+06 3.3838e+01 4.4884e+03 -8.8143e+03 -3.4796e+02 4.5010e+03
3.8316e+06 3.3440e+01 4.5177e+03 -8.7889e+03 -6.0071e+02 4.5838e+03
8.0101e+06 3.1700e+01 4.5465e+03 -8.7634e+03 -3.1643e+02 4.6527e+03
1.1098e+07 3.0229e+01 4.5749e+03 -8.7380e+03 3.6838e+02 4.7275e+03
1.5694e+07 3.0430e+01 4.6027e+03 -8.7126e+03 -1.9252e+02 4.8550e+03
2.0690e+06 3.3405e+01 4.6302e+03 -8.6872e+03 -2.2272e+04 4.3294e+03
-7.7909e+06 3.8854e+01 4.6571e+03 -8.6618e+03 -1.0905e+05 5.2374e+03
-3.6433e+06 4.3989e+01 4.4812e+03 -7.6771e+03 -2.3818e+05 5.6248e+03
-1.1450e+07 4.5251e+01 4.1040e+03 -5.7957e+03 -3.2244e+05 2.9496e+03
-2.1800e+07 4.1836e+01 3.7138e+03 -3.9288e+03 -3.4422e+05 8.0627e+02
-2.4504e+07 3.8055e+01 3.3119e+03 -2.0767e+03 -3.4537e+05 -4.4993e+03
-3.2888e+07 3.8037e+01 2.9125e+03 -2.3769e+02 -3.4039e+05 -1.7204e+04
-1.6960e+07 4.0320e+01 2.5679e+03 1.3763e+03 -2.9856e+05 -2.2063e+04
-3.0157e+07 4.1370e+01 2.2370e+03 2.9418e+03 -1.9443e+05 -1.8434e+03
-3.8978e+07 3.9649e+01 2.1594e+03 3.3569e+03 -7.1410e+04 1.1036e+04
-2.6165e+07 3.6199e+01 2.1671e+03 3.3803e+03 -7.9685e+03 6.5024e+03
1.1696e+06 3.3405e+01 2.1746e+03 3.4033e+03 4.0502e+02 6.3096e+03
1.7178e+06 3.2222e+01 2.1821e+03 3.4260e+03 5.8591e+02 6.2108e+03
1.4306e+07 3.4392e+01 2.1894e+03 3.4482e+03 1.1218e+03 6.1730e+03
-2.0547e+06 4.0398e+01 2.1966e+03 3.4700e+03 -6.5889e+02 6.1177e+03
1.2803e+07 4.4882e+01 2.2036e+03 3.4915e+03 -6.8900e+02 6.0593e+03
-2.1542e+06 4.3010e+01 2.2106e+03 3.5125e+03 -1.6800e+03 5.9648e+03
3.2174e+07 3.7275e+01 2.2174e+03 3.5332e+03 1.6529e+03 5.9538e+03
1.2979e+07 3.4092e+01 2.2241e+03 3.5535e+03 1.2589e+03 5.8924e+03
2.9467e+07 3.7967e+01 2.2307e+03 3.5734e+03 2.0101e+03 5.8012e+03
-6.6245e+07 4.9718e+01 2.2372e+03 3.5930e+03 -7.4517e+04 -6.0898e+03
-4.2065e+06 3.6581e+01 4.2260e+03 -8.9934e+03 -1.0665e+02 4.1168e+03
-5.5894e+06 3.6663e+01 4.2592e+03 -8.9678e+03 -1.7783e+02 4.2178e+03
-2.1478e+06 3.6687e+01 4.2919e+03 -8.9422e+03 -1.3356e+02 4.2863e+03
-2.3639e+05 3.6589e+01 4.3240e+03 -8.9165e+03 -1.8570e+02 4.3727e+03
-2.9244e+06 3.6452e+01 4.3556e+03 -8.8908e+03 -4.0519e+02 4.4558e+03
-5.0582e+06 3.6308e+01 4.3867e+03 -8.8651e+03 -5.3780e+02 4.5287e+03
-1.5856e+06 3.6321e+01 4.4173e+03 -8.8394e+03 -4.4324e+02 4.5982e+03
8.4761e+05 3.6547e+01 4.4474e+03 -8.8136e+03 -3.5049e+02 4.6737e+03
4.2718e+06 3.6320e+01 4.4770e+03 -8.7878e+03 -3.8797e+02 4.7529e+03
7.3559e+06 3.5076e+01 4.5061e+03 -8.7621e+03 -1.3079e+02 4.8516e+03
1.3967e+07 3.2799e+01 4.5348e+03 -8.7363e+03 4.5899e+02 4.9152e+03
1.3747e+07 3.0688e+01 4.5630e+03 -8.7106e+03 6.1336e+02 4.9717e+03
9.2207e+06 3.0982e+01 4.5908e+03 -8.6848e+03 -2.0609e+03 5.0261e+03
-9.4285e+06 3.4400e+01 4.6181e+03 -8.6591e+03 -3.0934e+04 3.9309e+03
-1.1707e+07 3.9748e+01 4.6449e+03 -8.6335e+03 -1.2486e+05 2.9685e+03
-3.8759e+05 4.4418e+01 4.4276e+03 -7.4487e+03 -2.5190e+05 2.7290e+03
-1.3815e+07 4.5126e+01 4.0517e+03 -5.5721e+03 -3.2742e+05 -4.2112e+03
-2.4557e+07 4.1620e+01 3.6636e+03 -3.7142e+03 -3.4339e+05 -2.0306e+04
-2.5434e+07 3.7700e+01 3.3209e+03 -2.1162e+03 -3.4407e+05 -2.6382e+04
-3.2850e+07 3.7238e+01 2.9799e+03 -5.3072e+02 -3.4240e+05 -8.1623e+03
-1.8868e+07 3.9965e+01 2.5729e+03 1.3642e+03 -3.0103e+05 1.8712e+04
-3.4408e+07 4.1310e+01 2.1542e+03 3.3381e+03 -1.7616e+05 1.8386e+04
-4.9963e+07 3.8803e+01 2.1551e+03 3.3936e+03 -4.9276e+04 6.0005e+03
-1.2588e+07 3.5157e+01 2.1628e+03 3.4164e+03 -4.0427e+03 6.3103e+03
-5.0223e+06 3.2331e+01 2.1704e+03 3.4389e+03 3.7488e+02 6.2021e+03
1.5762e+07 3.3081e+01 2.1778e+03 3.4610e+03 1.5841e+03 6.1234e+03
2.0516e+06 3.9281e+01 2.1851e+03 3.4826e+03 -1.8526e+02 6.1421e+03
1.0363e+07 4.4968e+01 2.1922e+03 3.5039e+03 -8.9902e+02 6.0583e+03
2.4349e+06 4.3781e+01 2.1993e+03 3.5248e+03 -1.5368e+03 5.9125e+03
3.0407e+07 3.7677e+01 2.2062e+03 3.5454e+03 1.6487e+03 5.8418e+03
1.4921e+07 3.4102e+01 2.2131e+03 3.5655e+03 1.6902e+03 5.8175e+03
2.0521e+07 3.8351e+01 2.2198e+03 3.5853e+03 -2.2674e+02 5.4682e+03
-6.5565e+07 5.0423e+01 2.2264e+03 3.6047e+03 -9.0949e+04 -1.2309e+04
-3.5407e+06 3.6454e+01 4.1829e+03 -8.9941e+03 -2.3290e+01 4.2833e+03
-1.8894e+06 3.6498e+01 4.2164e+03 -8.9682e+03 1.0910e+01 4.3805e+03
-4.5035e+06 3.6547e+01 4.2494e+03 -8.9422e+03 -9.8128e+01 4.4512e+03
-5.4581e+06 3.6608e+01 4.2818e+03 -8.9162e+03 -1.4204e+02 4.5379e+03
-2.8768e+06 3.6684e+01 4.3137e+03 -8.8902e+03 -8.8950e+01 4.6174e+03
-8.2022e+04 3.6770e+01 4.3452e+03 -8.8642e+03 -5.7881e+01 4.6990e+03
-2.2974e+06 3.6877e+01 4.3761e+03 -8.8381e+03 -2.2078e+02 4.7809e+03
-2.6256e+06 3.7046e+01 4.4065e+03 -8.8120e+03 -3.6867e+02 4.8638e+03
-3.9884e+06 3.7209e+01 4.4364e+03 -8.7859e+03 -6.8342e+02 4.9398e+03
-1.1643e+06 3.6880e+01 4.4658e+03 -8.7598e+03 -8.4880e+02 5.0271e+03
1.5054e+06 3.4690e+01 4.4948e+03 -8.7337e+03 -4.9078e+02 5.0998e+03
1.1144e+07 3.1160e+01 4.5233e+03 -8.7077e+03 3.2506e+02 5.1436e+03
1.2494e+07 2.9544e+01 4.5514e+03 -8.6816e+03 4.9673e+02 5.2434e+03
1.1890e+07 3.1020e+01 4.5790e+03 -8.6556e+03 -2.3889e+03 5.2728e+03
-1.0793e+07 3.4851e+01 4.6062e+03 -8.6296e+03 -3.6378e+04 3.9146e+03
-9.8256e+06 4.0177e+01 4.6330e+03 -8.6037e+03 -1.3727e+05 1.4762e+03
2.2308e+06 4.4570e+01 4.3815e+03 -7.2529e+03 -2.5687e+05 -1.1661e+04
-1.2619e+07 4.5166e+01 4.0627e+03 -5.6364e+03 -3.2302e+05 -2.1394e+04
-2.3649e+07 4.1485e+01 3.7307e+03 -4.0181e+03 -3.4234e+05 -3.7320e+03
-2.6323e+07 3.7317e+01 3.2975e+03 -2.0146e+03 -3.4558e+05 2.0642e+04
-3.2082e+07 3.7346e+01 2.8670e+03 -2.4576e+01 -3.4026e+05 3.2895e+04
-1.6426e+07 3.9942e+01 2.4454e+03 1.9536e+03 -2.7458e+05 3.2204e+04
-4.2017e+07 3.9809e+01 2.1436e+03 3.4047e+03 -1.3399e+05 1.7198e+04
-3.2389e+07 3.6460e+01 2.1509e+03 3.4296e+03 -2.7571e+04 6.2151e+03
-3.9409e+06 3.2365e+01 2.1586e+03 3.4519e+03 -8.1916e+02 6.1867e+03
1.1553e+07 3.2118e+01 2.1661e+03 3.4738e+03 1.4817e+03 6.1172e+03
5.7261e+06 3.8371e+01 2.1736e+03 3.4954e+03 1.6776e+02 6.1796e+03
1.1317e+07 4.4350e+01 2.1808e+03 3.5165e+03 -1.1233e+03 6.0705e+03
5.4130e+06 4.3543e+01 2.1880e+03 3.5372e+03 -1.0384e+03 5.8983e+03
2.8933e+07 3.8131e+01 2.1951e+03 3.5576e+03 1.4919e+03 5.8261e+03
1.4697e+07 3.4729e+01 2.2020e+03 3.5776e+03 1.9476e+03 5.7215e+03
7.2691e+06 3.9104e+01 2.2088e+03 3.5972e+03 -4.3590e+03 5.5663e+03
-6.8814e+07 5.1746e+01 2.2155e+03 3.6165e+03 -1.1888e+05 -1.3990e+04
-4.8801e+06 3.6382e+01 4.1399e+03 -8.9937e+03 -5.0131e+01 4.4505e+03
-5.4830e+06 3.6402e+01 4.1737e+03 -8.9675e+03 -7.1927e+01 4.5510e+03
-3.7663e+06 3.6431e+01 4.2070e+03 -8.9413e+03 -3.0120e+01 4.6169e+03
-1.8576e+06 3.6465e+01 4.2398e+03 -8.9150e+03 2.5898e+01 4.6999e+03
-4.7340e+06 3.6502e+01 4.2720e+03 -8.8886e+03 -9.1973e+01 4.7830e+03
-5.4838e+06 3.6555e+01 4.3037e+03 -8.8623e+03 -1.2082e+02 4.8666e+03
-4.6242e+06 3.6633e+01 4.3349e+03 -8.8359e+03 -1.2775e+02 4.9446e+03
-1.7305e+06 3.6761e+01 4.3656e+03 -8.8095e+03 -2.4784e+01 5.0242e+03
-1.5784e+06 3.6960e+01 4.3959e+03 -8.7831e+03 -1.1344e+02 5.1005e+03
1.4248e+06 3.7041e+01 4.4256e+03 -8.7567e+03 -2.2232e+02 5.1794e+03
2.3181e+06 3.5721e+01 4.4549e+03 -8.7303e+03 -3.5888e+02 5.2682e+03
7.8269e+06 3.2417e+01 4.4837e+03 -8.7039e+03 1.4101e+02 5.3466e+03
8.7887e+06 2.9605e+01 4.5121e+03 -8.6776e+03 3.5033e+02 5.4080e+03
1.2516e+07 2.9330e+01 4.5400e+03 -8.6513e+03 5.4223e+02 5.4877e+03
6.1276e+06 3.1258e+01 4.5675e+03 -8.6250e+03 -3.4284e+03 5.5076e+03
-5.5275e+06 3.5072e+01 4.5946e+03 -8.5987e+03 -3.9722e+04 3.6160e+03
-1.4290e+07 4.0375e+01 4.6212e+03 -8.5725e+03 -1.3429e+05 -5.5125e+03
-2.5153e+06 4.4891e+01 4.4188e+03 -7.4494e+03 -2.5569e+05 3.0652e+03
-1.4696e+07 4.5097e+01 4.0128e+03 -5.4184e+03 -3.3032e+05 2.6390e+04
-2.3786e+07 4.0423e+01 3.5921e+03 -3.4061e+03 -3.4475e+05 3.6502e+04
-3.1273e+07 3.6424e+01 3.1607e+03 -1.4112e+03 -3.4334e+05 4.6775e+04
-2.9483e+07 3.7457e+01 2.7358e+03 5.7190e+02 -3.1969e+05 6.5068e+04
-2.9313e+07 3.9347e+01 2.2846e+03 2.7073e+03 -2.1195e+05 5.4451e+04
-3.9128e+07 3.7004e+01 2.1391e+03 3.4429e+03 -6.7936e+04 1.9890e+04
-7.0530e+06 3.2004e+01 2.1468e+03 3.4651e+03 -2.9182e+03 6.3923e+03
8.5760e+06 3.1716e+01 2.1545e+03 3.4868e+03 1.7114e+03 6.0555e+03
1.0544e+07 3.8367e+01 2.1620e+03 3.5082e+03 -4.0662e+01 6.1743e+03
6.2474e+06 4.3430e+01 2.1694e+03 3.5291e+03 -1.1624e+03 6.0778e+03
1.6286e+07 4.2164e+01 2.1767e+03 3.5497e+03 -9.6203e+01 5.8995e+03
2.2432e+07 3.7721e+01 2.1838e+03 3.5700e+03 1.3085e+03 5.8348e+03
1.5960e+07 3.4980e+01 2.1909e+03 3.5898e+03 2.4450e+03 5.8397e+03
-1.5275e+07 3.9811e+01 2.1978e+03 3.6093e+03 -9.9512e+03 5.0084e+03
-6.2572e+07 5.3280e+01 2.2046e+03 3.6284e+03 -1.6334e+05 -2.2493e+04
-3.9193e+06 3.6345e+01 4.0971e+03 -8.9925e+03 9.2111e+00 4.6157e+03
-3.0351e+06 3.6354e+01 4.1312e+03 -8.9660e+03 2.7347e+01 4.7124e+03
-4.7002e+06 3.6367e+01 4.1648e+03 -8.9394e+03 -3.9320e+01 4.7826e+03
-5.7433e+06 3.6386e+01 4.1978e+03 -8.9128e+03 -8.0228e+01 4.8682e+03
-3.6677e+06 3.6415e+01 4.2303e+03 -8.8862e+03 -1.5481e+01 4.9480e+03
-2.1763e+06 3.6453e+01 4.2624e+03 -8.8595e+03 1.7424e+01 5.0263e+03
-3.2806e+06 3.6508e+01 4.2939e+03 -8.8328e+03 -3.8174e+01 5.1076e+03
-4.1680e+06 3.6595e+01 4.3249e+03 -8.8061e+03 -1.3111e+02 5.1878e+03
-4.4352e+06 3.6744e+01 4.3554e+03 -8.7794e+03 -2.0326e+02 5.2690e+03
-3.9549e+06 3.6947e+01 4.3855e+03 -8.7527e+03 -3.4512e+02 5.3428e+03
-2.7147e+06 3.6663e+01 4.4151e+03 -8.7260e+03 -5.1331e+02 5.4198e+03
1.9790e+06 3.4764e+01 4.4442e+03 -8.6993e+03 -3.5508e+02 5.4955e+03
8.0137e+06 3.1654e+01 4.4728e+03 -8.6727e+03 1.4102e+02 5.5727e+03
1.3988e+07 2.9543e+01 4.5011e+03 -8.6461e+03 6.3435e+02 5.6488e+03
1.2310e+07 2.9511e+01 4.5289e+03 -8.6195e+03 2.7796e+02 5.7292e+03
1.0217e+07 3.1341e+01 4.5562e+03 -8.5929e+03 -2.5620e+03 5.6578e+03
-1.1289e+07 3.5422e+01 4.5832e+03 -8.5664e+03 -3.6467e+04 4.5068e+03
-1.0780e+07 4.1323e+01 4.6097e+03 -8.5400e+03 -1.5107e+05 1.7881e+04
1.2477e+06 4.5492e+01 4.2827e+03 -6.8195e+03 -2.8450e+05 4.2846e+04
-2.1104e+07 4.3570e+01 3.8755e+03 -4.7977e+03 -3.3649e+05 6.1943e+04
-2.2998e+07 3.7831e+01 3.4239e+03 -2.6643e+03 -3.3562e+05 8.1005e+04
-3.1529e+07 3.6424e+01 2.9266e+03 -3.5988e+02 -3.2858e+05 9.9271e+04
-2.2023e+07 3.9158e+01 2.4404e+03 1.9343e+03 -2.6225e+05 9.7432e+04
-3.4832e+07 3.7888e+01 2.1272e+03 3.4563e+03 -1.1185e+05 4.8067e+04
-1.2643e+07 3.2979e+01 2.1350e+03 3.4783e+03 -7.9923e+03 7.0619e+03
1.0840e+07 3.3276e+01 2.1428e+03 3.4999e+03 2.0022e+03 6.1448e+03
6.3986e+06 3.9007e+01 2.1504e+03 3.5211e+03 -5.0510e+02 6.2360e+03
1.3685e+07 4.1123e+01 2.1579e+03 3.5419e+03 -5.9349e+02 6.0392e+03
1.7507e+07 3.7892e+01 2.1653e+03 3.5623e+03 9.1550e+02 5.8739e+03
1.9571e+07 3.4138e+01 2.1726e+03 3.5824e+03 1.0097e+03 5.8297e+03
1.3592e+07 3.3569e+01 2.1797e+03 3.6021e+03 3.2329e+03 5.8190e+03
-3.2902e+07 3.9953e+01 2.1868e+03 3.6214e+03 -1.6346e+04 4.7827e+03
-5.9904e+07 5.2741e+01 2.1937e+03 3.6404e+03 -2.1212e+05 -4.0419e+04
-4.4718e+06 3.6323e+01 4.0544e+03 -8.9902e+03 -5.4176e+00 4.7815e+03
-5.7616e+06 3.6325e+01 4.0888e+03 -8.9634e+03 -5.9173e+01 4.8794e+03
-3.5969e+06 3.6337e+01 4.1227e+03 -8.9366e+03 2.3891e+01 4.9466e+03
-3.5458e+06 3.6349e+01 4.1560e+03 -8.9097e+03 5.5296e+00 5.0278e+03
-4.1013e+06 3.6366e+01 4.1888e+03 -8.8828e+03 -4.1705e+00 5.1115e+03
-6.5328e+06 3.6387e+01 4.2211e+03 -8.8558e+03 -1.2088e+02 5.1918e+03
-3.7648e+06 3.6429e+01 4.2529e+03 -8.8288e+03 -2.2022e+01 5.2724e+03
-4.5649e+06 3.6490e+01 4.2842e+03 -8.8018e+03 -8.4994e+01 5.3469e+03
-1.2561e+06 3.6601e+01 4.3151e+03 -8.7748e+03 2.7135e+01 5.4270e+03
-3.4303e+06 3.6769e+01 4.3454e+03 -8.7478e+03 -1.4116e+02 5.5001e+03
1.0490e+06 3.6956e+01 4.3753e+03 -8.7209e+03 -1.5027e+02 5.5792e+03
-2.8229e+06 3.6469e+01 4.4047e+03 -8.6939e+03 -5.3573e+02 5.6469e+03
4.7204e+06 3.4615e+01 4.4337e+03 -8.6670e+03 -3.3268e+02 5.7317e+03
3.3236e+06 3.1964e+01 4.4622e+03 -8.6400e+03 -4.1104e+01 5.8185e+03
1.8268e+07 2.9929e+01 4.4903e+03 -8.6132e+03 7.3752e+02 5.8842e+03
9.9152e+06 2.9685e+01 4.5179e+03 -8.5863e+03 6.0785e+02 5.9867e+03
1.5492e+07 3.1943e+01 4.5451e+03 -8.5596e+03 -3.2639e+03 6.0645e+03
-2.3691e+07 3.7163e+01 4.5720e+03 -8.5328e+03 -6.2463e+04 1.1961e+04
2.3878e+05 4.3238e+01 4.5206e+03 -8.1261e+03 -2.0677e+05 5.5076e+04
-1.4642e+07 4.4710e+01 4.0568e+03 -5.7701e+03 -3.1467e+05 9.8778e+04
-2.3936e+07 3.9893e+01 3.5747e+03 -3.4396e+03 -3.2930e+05 1.0847e+05
-3.7632e+07 3.7909e+01 3.0801e+03 -1.1327e+03 -3.2929e+05 1.1332e+05
-1.4209e+07 4.2560e+01 2.5943e+03 1.1627e+03 -3.0029e+05 1.1547e+05
-2.5764e+07 4.3274e+01 2.1199e+03 3.4474e+03 -1.6575e+05 6.2869e+04
-2.3827e+07 3.8489e+01 2.1232e+03 3.4916e+03 -2.9587e+04 7.6269e+03
6.0252e+06 3.6884e+01 2.1311e+03 3.5130e+03 7.0298e+02 6.2670e+03
1.1202e+07 3.8433e+01 2.1388e+03 3.5341e+03 -1.0771e+02 6.2049e+03
9.5180e+06 3.7065e+01 2.1464e+03 3.5547e+03 7.9730e+01 5.9376e+03
2.5925e+07 3.3009e+01 2.1539e+03 3.5750e+03 1.8411e+03 5.7980e+03
4.9666e+06 3.0791e+01 2.1613e+03 3.5949e+03 4.7832e+00 5.7524e+03
1.1372e+07 3.2417e+01 2.1685e+03 3.6144e+03 3.7763e+03 5.9740e+03
-5.5501e+07 3.9798e+01 2.1757e+03 3.6336e+03 -2.3393e+04 4.1526e+03
-4.8468e+07 5.0647e+01 2.1827e+03 3.6524e+03 -2.6518e+05 -5.9235e+04
-3.7078e+06 3.6314e+01 4.0119e+03 -8.9871e+03 3.2856e+01 4.9455e+03
-4.0653e+06 3.6316e+01 4.0466e+03 -8.9600e+03 1.2164e+00 5.0406e+03
-4.0913e+06 3.6324e+01 4.0808e+03 -8.9329e+03 1.2580e+01 5.1105e+03
-6.2468e+06 3.6329e+01 4.1144e+03 -8.9057e+03 -8.2706e+01 5.1929e+03
-3.1269e+06 3.6344e+01 4.1475e+03 -8.8785e+03 5.0353e+01 5.2741e+03
-4.1702e+06 3.6358e+01 4.1800e+03 -8.8512e+03 -2.4918e+01 5.3497e+03
-2.4560e+06 3.6386e+01 4.2121e+03 -8.8239e+03 6.8536e+01 5.4324e+03
-6.2024e+06 3.6424e+01 4.2437e+03 -8.7967e+03 -1.4378e+02 5.5078e+03
-2.7280e+06 3.6502e+01 4.2748e+03 -8.7694e+03 2.0020e-01 5.5907e+03
-7.0842e+06 3.6612e+01 4.3054e+03 -8.7421e+03 -2.7377e+02 5.6604e+03
-1.0490e+06 3.6817e+01 4.3356e+03 -8.7149e+03 -6.6357e+01 5.7444e+03
-5.8605e+06 3.6955e+01 4.3653e+03 -8.6876e+03 -4.8047e+02 5.8050e+03
4.8286e+06 3.6678e+01 4.3946e+03 -8.6604e+03 -3.2305e+02 5.8891e+03
-7.7026e+05 3.5184e+01 4.4234e+03 -8.6332e+03 -6.9823e+02 5.9633e+03
1.6229e+07 3.2138e+01 4.4517e+03 -8.6061e+03 6.0719e+02 6.0549e+03
7.5055e+06 2.9688e+01 4.4797e+03 -8.5790e+03 1.8832e+02 6.1570e+03
2.2885e+07 3.0122e+01 4.5072e+03 -8.5519e+03 1.1854e+03 6.1636e+03
-1.0605e+07 3.4024e+01 4.5343e+03 -8.5249e+03 -1.8760e+04 7.0334e+03
-6.7142e+06 4.0178e+01 4.5610e+03 -8.4980e+03 -1.3572e+05 5.7966e+04
-1.1361e+06 4.3843e+01 4.1918e+03 -6.5521e+03 -2.7575e+05 1.1999e+05
-6.6898e+06 4.1043e+01 3.7203e+03 -4.2146e+03 -3.1413e+05 1.3568e+05
-2.3730e+07 4.0218e+01 3.2317e+03 -1.9035e+03 -3.0869e+05 1.4502e+05
-8.1501e+06 4.7306e+01 2.7464e+03 3.9315e+02 -2.9114e+05 1.5494e+05
-1.4856e+07 4.9909e+01 2.2676e+03 2.7027e+03 -1.8107e+05 9.9900e+04
-1.7748e+07 4.3969e+01 2.1114e+03 3.5050e+03 -4.3986e+04 2.3360e+04
-2.8184e+06 3.8572e+01 2.1194e+03 3.5263e+03 -7.5042e+02 6.3472e+03
1.6695e+07 3.6292e+01 2.1272e+03 3.5471e+03 1.1772e+03 6.0116e+03
8.8907e+06 3.3915e+01 2.1349e+03 3.5676e+03 3.0410e+02 5.8527e+03
2.0740e+07 3.1137e+01 2.1425e+03 3.5877e+03 2.1684e+03 5.7676e+03
-1.3973e+07 3.0457e+01 2.1500e+03 3.6074e+03 -2.1990e+03 5.7635e+03
1.0490e+07 3.2280e+01 2.1573e+03 3.6268e+03 5.3712e+03 4.1618e+03
-7.6768e+07 3.8834e+01 2.1646e+03 3.6458e+03 -2.6811e+04 -2.9047e+04
-4.1057e+07 4.7394e+01 2.0996e+03 3.6950e+03 -3.2706e+05 -1.2134e+05
-4.1733e+06 3.6311e+01 3.9696e+03 -8.9830e+03 2.0032e+01 5.1096e+03
-5.8523e+06 3.6311e+01 4.0046e+03 -8.9556e+03 -6.6285e+01 5.2053e+03
-3.4192e+06 3.6321e+01 4.0390e+03 -8.9282e+03 5.4831e+01 5.2730e+03
-4.5329e+06 3.6324e+01 4.0729e+03 -8.9008e+03 -3.2105e+01 5.3523e+03
-3.5206e+06 3.6333e+01 4.1062e+03 -8.8733e+03 5.3376e+01 5.4363e+03
-6.9440e+06 3.6335e+01 4.1391e+03 -8.8458e+03 -1.3997e+02 5.5129e+03
-2.9114e+06 3.6358e+01 4.1714e+03 -8.8182e+03 7.1707e+01 5.5951e+03
-6.0799e+06 3.6381e+01 4.2033e+03 -8.7907e+03 -1.3543e+02 5.6662e+03
-7.0528e+05 3.6443e+01 4.2347e+03 -8.7631e+03 1.4577e+02 5.7489e+03
-6.1797e+06 3.6515e+01 4.2656e+03 -8.7356e+03 -1.9948e+02 5.8156e+03
1.5223e+06 3.6675e+01 4.2960e+03 -8.7080e+03 1.2990e+02 5.9017e+03
-7.2769e+06 3.6882e+01 4.3260e+03 -8.6805e+03 -3.7560e+02 5.9620e+03
3.5875e+06 3.7232e+01 4.3555e+03 -8.6530e+03 -1.6665e+02 6.0528e+03
-7.3322e+06 3.6950e+01 4.3846e+03 -8.6256e+03 -1.0485e+03 6.1235e+03
1.5018e+07 3.4239e+01 4.4133e+03 -8.5982e+03 1.2285e+02 6.2305e+03
3.2375e+06 3.0455e+01 4.4415e+03 -8.5708e+03 4.8262e+00 6.3093e+03
2.8726e+07 2.9442e+01 4.4693e+03 -8.5435e+03 2.0580e+03 6.2985e+03
-1.4378e+07 3.2361e+01 4.4966e+03 -8.5162e+03 -6.9130e+03 8.1080e+03
2.2048e+06 3.7796e+01 4.5236e+03 -8.4891e+03 -9.5349e+04 7.4719e+04
-1.4925e+07 4.1822e+01 4.2857e+03 -7.1745e+03 -2.1834e+05 1.7626e+05
6.7957e+05 3.9924e+01 3.7746e+03 -4.6077e+03 -2.5864e+05 2.1734e+05
-4.5656e+07 3.8722e+01 3.2511e+03 -2.0792e+03 -2.5380e+05 2.2684e+05
-3.7936e+06 4.4847e+01 2.7267e+03 4.3431e+02 -2.3610e+05 2.2878e+05
-4.8723e+07 4.7425e+01 2.2076e+03 2.9449e+03 -1.3910e+05 1.4499e+05
-1.1213e+07 4.1592e+01 2.0995e+03 3.5185e+03 -2.7550e+04 3.5551e+04
-1.7197e+07 3.5799e+01 2.1076e+03 3.5396e+03 -5.3188e+01 6.3332e+03
3.4749e+07 3.3803e+01 2.1156e+03 3.5602e+03 1.7035e+03 5.9047e+03
-2.3863e+07 3.2815e+01 2.1234e+03 3.5805e+03 -6.9601e+02 5.9277e+03
3.7768e+07 3.1376e+01 2.1311e+03 3.6005e+03 2.6152e+03 5.4445e+03
-5.5533e+07 3.0871e+01 2.1387e+03 3.6201e+03 -3.2654e+03 -6.0519e+03
3.1522e+07 3.1365e+01 2.1461e+03 3.6393e+03 4.7558e+03 -5.1635e+04
-1.2242e+08 3.5324e+01 2.1520e+03 3.6561e+03 -3.1660e+04 -1.5397e+05
2.5614e+07 4.1125e+01 2.4634e+03 2.3231e+03 -2.7193e+05 -3.5987e+05
-3.4408e+06 3.6312e+01 3.9275e+03 -8.9780e+03 4.0988e+01 5.2720e+03
-4.8753e+06 3.6313e+01 3.9627e+03 -8.9504e+03 -1.8224e+01 5.3659e+03
-3.4779e+06 3.6320e+01 3.9974e+03 -8.9227e+03 3.5822e+01 5.4350e+03
-6.6996e+06 3.6319e+01 4.0315e+03 -8.8950e+03 -8.7483e+01 5.5155e+03
-2.4630e+06 3.6327e+01 4.0651e+03 -8.8672e+03 7.5347e+01 5.5968e+03
-5.6621e+06 3.6326e+01 4.0982e+03 -8.8394e+03 -5.7534e+01 5.6710e+03
-1.4422e+06 3.6340e+01 4.1309e+03 -8.8116e+03 1.1437e+02 5.7532e+03
-7.7140e+06 3.6353e+01 4.1630e+03 -8.7838e+03 -1.5361e+02 5.8263e+03
-9.2592e+05 3.6403e+01 4.1946e+03 -8.7560e+03 9.6879e+01 5.9082e+03
-9.3820e+06 3.6456e+01 4.2258e+03 -8.7282e+03 -2.6857e+02 5.9776e+03
1.2214e+06 3.6589e+01 4.2565e+03 -8.7004e+03 8.2066e+01 6.0588e+03
-9.9504e+06 3.6760e+01 4.2868e+03 -8.6726e+03 -3.5825e+02 6.1251e+03
6.5323e+06 3.7131e+01 4.3166e+03 -8.6449e+03 8.9209e+00 6.2089e+03
-9.5507e+06 3.7091e+01 4.3459e+03 -8.6172e+03 -9.6933e+02 6.2943e+03
1.6069e+07 3.4654e+01 4.3749e+03 -8.5895e+03 2.8640e+01 6.4032e+03
-3.1423e+06 3.0706e+01 4.4034e+03 -8.5619e+03 -3.2032e+02 6.4796e+03
2.9462e+07 2.9332e+01 4.4314e+03 -8.5343e+03 2.0118e+03 6.5998e+03
-1.6251e+07 3.2044e+01 4.4591e+03 -8.5068e+03 -8.4013e+03 1.9341e+04
5.1834e+06 3.7130e+01 4.4863e+03 -8.4794e+03 -9.4349e+04 1.2149e+05
-2.5120e+07 4.0278e+01 4.0686e+03 -6.2742e+03 -1.9259e+05 2.4506e+05
-7.2025e+06 3.7178e+01 3.5593e+03 -3.7167e+03 -2.1371e+05 2.7879e+05
-3.9128e+07 3.4165e+01 3.0395e+03 -1.1933e+03 -2.1296e+05 2.7890e+05
1.0176e+07 3.7517e+01 2.5228e+03 1.3235e+03 -1.9152e+05 2.4733e+05
-3.5412e+07 3.9057e+01 2.0793e+03 3.5108e+03 -9.5828e+04 1.2525e+05
2.1263e+06 3.5080e+01 2.0877e+03 3.5320e+03 -8.8845e+03 2.0301e+04
-1.9944e+07 3.1691e+01 2.0958e+03 3.5529e+03 1.2581e+03 6.0061e+03
2.7713e+07 3.1471e+01 2.1039e+03 3.5734e+03 7.7835e+02 6.0921e+03
-2.7300e+07 3.1778e+01 2.1118e+03 3.5936e+03 9.8275e+01 4.8057e+03
2.6715e+07 3.0931e+01 2.1196e+03 3.6133e+03 4.2991e+03 -2.0388e+04
-6.4970e+07 2.9671e+01 2.1273e+03 3.6328e+03 -3.5951e+03 -8.9563e+04
3.5321e+07 2.8743e+01 2.2308e+03 3.2070e+03 -4.4118e+03 -1.9222e+05
-1.1045e+08 3.0653e+01 2.5853e+03 1.6678e+03 -2.4314e+04 -2.8903e+05
1.3708e+07 3.6733e+01 2.9427e+03 1.3448e+02 -1.2749e+05 -4.3838e+05
-4.6679e+06 3.6311e+01 3.8856e+03 -8.9721e+03 5.1231e+00 5.4336e+03
-4.9844e+06 3.6312e+01 3.9210e+03 -8.9442e+03 -2.9268e+01 5.5292e+03
-4.3299e+06 3.6318e+01 3.9559e+03 -8.9163e+03 2.1820e+01 5.5950e+03
-3.8777e+06 3.6320e+01 3.9903e+03 -8.8883e+03 -4.9536e-01 5.6754e+03
-4.6403e+06 3.6321e+01 4.0242e+03 -8.8603e+03 1.2471e+01 5.7555e+03
-5.2468e+06 3.6319e+01 4.0576e+03 -8.8323e+03 -6.3999e+01 5.8336e+03
-4.5550e+06 3.6326e+01 4.0904e+03 -8.8042e+03 1.6526e+01 5.9115e+03
-4.2347e+06 3.6342e+01 4.1228e+03 -8.7761e+03 -4.5192e+01 5.9862e+03
-3.5726e+06 3.6380e+01 4.1547e+03 -8.7481e+03 5.4847e+01 6.0621e+03
-3.7622e+06 3.6435e+01 4.1862e+03 -8.7200e+03 -7.5181e+01 6.1363e+03
-2.7765e+06 3.6545e+01 4.2171e+03 -8.6920e+03 2.5126e+01 6.2103e+03
-3.6086e+06 3.6717e+01 4.2477e+03 -8.6639e+03 -1.7759e+02 6.2845e+03
-2.1202e+06 3.6977e+01 4.2777e+03 -8.6360e+03 -2.1130e+02 6.3734e+03
-1.8659e+06 3.6249e+01 4.3074e+03 -8.6080e+03 -6.8384e+02 6.4594e+03
6.4433e+06 3.3181e+01 4.3365e+03 -8.5801e+03 -2.4639e+01 6.5883e+03
1.0038e+07 2.9778e+01 4.3653e+03 -8.5522e+03 3.8731e+02 6.5463e+03
1.5353e+07 2.9397e+01 4.3936e+03 -8.5244e+03 5.6028e+02 7.1657e+03
-1.4295e+07 3.2698e+01 4.4216e+03 -8.4966e+03 -2.6107e+04 4.7110e+04
-1.1611e+07 3.7583e+01 4.3487e+03 -7.9639e+03 -1.2288e+05 1.7402e+05
1.6498e+06 3.8789e+01 3.8545e+03 -5.3767e+03 -2.0373e+05 2.7136e+05
-2.9302e+07 3.4216e+01 3.3469e+03 -2.8289e+03 -2.1253e+05 2.8038e+05
-1.4189e+07 3.1685e+01 2.8329e+03 -3.0640e+02 -2.0809e+05 2.7943e+05
-2.5388e+07 3.4085e+01 2.3240e+03 2.2134e+03 -1.5801e+05 2.1387e+05
-2.5362e+07 3.4378e+01 2.0674e+03 3.5246e+03 -6.0193e+04 7.9591e+04
-2.8972e+07 3.1625e+01 2.0758e+03 3.5457e+03 -3.9416e+03 7.8409e+03
5.5276e+06 2.9948e+01 2.0841e+03 3.5664e+03 8.7373e+02 5.6658e+03
-1.1223e+07 3.0290e+01 2.0922e+03 3.5867e+03 4.5904e+02 9.0136e+02
1.7430e+06 3.0484e+01 2.1002e+03 3.6067e+03 2.5176e+03 -3.8476e+04
-1.9966e+07 2.8684e+01 2.1075e+03 3.6253e+03 2.7903e+03 -1.3085e+05
4.6624e+05 2.5148e+01 2.3506e+03 2.5576e+03 -6.0704e+03 -2.3457e+05
-3.7175e+07 2.3543e+01 2.7030e+03 1.0107e+03 -9.2549e+03 -3.0700e+05
-3.5549e+07 2.8942e+01 3.0584e+03 -5.3034e+02 -2.5109e+04 -3.2957e+05
-1.3512e+08 4.1068e+01 3.4165e+03 -2.0651e+03 -2.4179e+05 -2.4401e+05
-4.2854e+06 3.6305e+01 3.8438e+03 -8.9653e+03 2.4628e+00 5.5941e+03
-4.0721e+06 3.6307e+01 3.8795e+03 -8.9372e+03 2.4767e+01 5.6891e+03
-4.5919e+06 3.6313e+01 3.9147e+03 -8.9090e+03 -1.6769e+01 5.7546e+03
-5.0425e+06 3.6317e+01 3.9493e+03 -8.8808e+03 -7.7703e+00 5.8366e+03
-4.3091e+06 3.6317e+01 3.9834e+03 -8.8525e+03 -1.0340e+01 5.9136e+03
-3.8217e+06 3.6318e+01 4.0170e+03 -8.8243e+03 3.8965e+01 5.9915e+03
-4.2184e+06 3.6320e+01 4.0501e+03 -8.7960e+03 -1.5574e+01 6.0675e+03
-4.5145e+06 3.6338e+01 4.0828e+03 -8.7676e+03 7.2011e+00 6.1452e+03
-4.8060e+06 3.6367e+01 4.1149e+03 -8.7393e+03 -7.2658e+01 6.2188e+03
-4.5187e+06 3.6426e+01 4.1466e+03 -8.7110e+03 -2.4598e+01 6.2958e+03
-4.5890e+06 3.6525e+01 4.1779e+03 -8.6827e+03 -1.3802e+02 6.3655e+03
-3.0498e+06 3.6691e+01 4.2086e+03 -8.6545e+03 -5.1667e+01 6.4448e+03
-2.3954e+06 3.6594e+01 4.2390e+03 -8.6262e+03 -4.2247e+02 6.5331e+03
1.9633e+06 3.4717e+01 4.2689e+03 -8.5980e+03 -2.0030e+02 6.6200e+03
5.2625e+06 3.1073e+01 4.2983e+03 -8.5699e+03 -1.9578e+02 6.7486e+03
1.3588e+07 2.8728e+01 4.3273e+03 -8.5418e+03 1.2790e+03 6.5610e+03
3.5378e+06 2.9693e+01 4.3559e+03 -8.5137e+03 -2.5151e+03 9.0384e+03
-2.3924e+06 3.3321e+01 4.3841e+03 -8.4857e+03 -5.9936e+04 8.2623e+04
-7.7843e+06 3.6872e+01 4.1358e+03 -7.0596e+03 -1.5896e+05 2.1657e+05
-2.7358e+07 3.5978e+01 3.6434e+03 -4.4824e+03 -2.0857e+05 2.8002e+05
-3.1246e+07 3.2374e+01 3.1377e+03 -1.9438e+03 -2.1257e+05 2.8042e+05
-1.5514e+07 3.2558e+01 2.6314e+03 5.8117e+02 -2.0264e+05 2.6934e+05
-1.6607e+07 3.4525e+01 2.1305e+03 3.1038e+03 -1.2032e+05 1.6997e+05
-3.7007e+07 3.3319e+01 2.0554e+03 3.5384e+03 -2.4415e+04 4.4464e+04
1.4619e+06 3.0876e+01 2.0639e+03 3.5593e+03 7.8380e+02 5.8670e+03
-2.4333e+07 2.9801e+01 2.0723e+03 3.5799e+03 1.4487e+03 -1.3939e+04
3.5363e+06 3.0046e+01 2.0805e+03 3.6000e+03 -3.4090e+03 -7.0674e+04
-1.2430e+07 2.9488e+01 2.1192e+03 3.4666e+03 -5.5417e+03 -1.7322e+05
8.7728e+06 2.5314e+01 2.4661e+03 1.9067e+03 -2.9049e+03 -2.7336e+05
-2.1974e+07 1.9047e+01 2.8164e+03 3.5214e+02 -7.1069e+03 -3.2203e+05
-7.3661e+06 1.9202e+01 3.1698e+03 -1.1966e+03 -8.4933e+03 -3.3502e+05
-8.7291e+07 3.2674e+01 3.5257e+03 -2.7380e+03 -1.1563e+05 -2.8823e+05
-3.7080e+07 5.0403e+01 3.8814e+03 -4.2601e+03 -5.5361e+05 -1.2514e+05
-4.9205e+06 3.6295e+01 3.8023e+03 -8.9577e+03 -1.0721e+01 5.7544e+03
-4.3431e+06 3.6297e+01 3.8382e+03 -8.9293e+03 8.3029e-01 5.8497e+03
-4.8816e+06 3.6307e+01 3.8736e+03 -8.9009e+03 -8.0262e+00 5.9136e+03
-3.4304e+06 3.6316e+01 3.9084e+03 -8.8724e+03 3.0036e+01 5.9942e+03
-5.3640e+06 3.6315e+01 3.9428e+03 -8.8439e+03 -2.5990e+01 6.0719e+03
-4.0980e+06 3.6315e+01 3.9766e+03 -8.8154e+03 4.3476e-02 6.1505e+03
-5.6807e+06 3.6317e+01 4.0100e+03 -8.7869e+03 -4.2310e+01 6.2252e+03
-2.9641e+06 3.6336e+01 4.0429e+03 -8.7583e+03 3.1655e+01 6.3017e+03
-5.5216e+06 3.6364e+01 4.0753e+03 -8.7298e+03 -4.2881e+01 6.3737e+03
-1.9173e+06 3.6425e+01 4.1072e+03 -8.7013e+03 3.0020e+01 6.4508e+03
-5.5712e+06 3.6516e+01 4.1387e+03 -8.6727e+03 -8.5186e+01 6.5177e+03
-5.6668e+05 3.6591e+01 4.1697e+03 -8.6442e+03 -8.6036e+01 6.6054e+03
-5.3213e+06 3.5993e+01 4.2003e+03 -8.6158e+03 -4.4342e+02 6.6750e+03
5.3554e+06 3.3588e+01 4.2304e+03 -8.5873e+03 -1.0324e+02 6.8040e+03
3.5304e+06 3.0459e+01 4.2601e+03 -8.5589e+03 1.3866e+02 6.7798e+03
1.8591e+07 2.9270e+01 4.2894e+03 -8.5306e+03 1.0759e+03 7.9266e+03
-1.8451e+06 3.0676e+01 4.3183e+03 -8.5023e+03 -1.0819e+04 5.1543e+04
-2.6445e+06 3.3089e+01 4.3448e+03 -8.4643e+03 -6.9366e+04 1.7632e+05
-1.2408e+06 3.3963e+01 3.9255e+03 -6.1571e+03 -1.4286e+05 2.7603e+05
-1.3505e+07 3.2524e+01 3.4352e+03 -3.5916e+03 -1.8346e+05 2.8637e+05
-2.9663e+07 3.2388e+01 2.9335e+03 -1.0585e+03 -2.0514e+05 2.7371e+05
-2.8145e+07 3.5107e+01 2.4351e+03 1.4692e+03 -1.9455e+05 2.2239e+05
-4.0085e+07 3.6225e+01 2.0346e+03 3.5313e+03 -1.1504e+05 1.0043e+05
-4.9825e+07 3.4040e+01 2.0433e+03 3.5523e+03 -3.0620e+04 1.2823e+04
-2.6962e+07 3.1201e+01 2.0520e+03 3.5731e+03 -9.9515e+02 -2.9100e+04
-1.8035e+07 2.9114e+01 2.0604e+03 3.5934e+03 9.7121e+02 -1.1328e+05
-1.5693e+06 2.8739e+01 2.2425e+03 2.7955e+03 -9.9151e+03 -2.1869e+05
5.9107e+06 2.7922e+01 2.5774e+03 1.2544e+03 -1.2979e+04 -3.0415e+05
3.1587e+05 2.2748e+01 2.9254e+03 -3.0769e+02 -9.3578e+03 -3.3851e+05
6.1176e+06 1.7268e+01 3.2767e+03 -1.8641e+03 -7.3395e+03 -3.3983e+05
-3.1561e+07 2.1686e+01 3.6297e+03 -3.4091e+03 -1.8664e+04 -3.3857e+05
-5.7598e+07 3.9170e+01 3.9939e+03 -4.9828e+03 -2.2838e+05 -3.0828e+05
7.9487e+06 5.5166e+01 6.2444e+02 -4.3529e+03 -6.4004e+05 -2.3495e+05
-4.1324e+06 3.6293e+01 3.7610e+03 -8.9492e+03 9.7094e+00 5.9138e+03
-4.3413e+06 3.6295e+01 3.7971e+03 -8.9206e+03 1.2590e+01 6.0074e+03
-4.3053e+06 3.6306e+01 3.8327e+03 -8.8920e+03 -2.3085e+00 6.0723e+03
-5.1546e+06 3.6313e+01 3.8677e+03 -8.8633e+03 -1.5347e+01 6.1525e+03
-4.0471e+06 3.6315e+01 3.9023e+03 -8.8345e+03 6.1982e+00 6.2296e+03
-4.4481e+06 3.6315e+01 3.9364e+03 -8.8058e+03 1.0576e+01 6.3054e+03
-3.8326e+06 3.6320e+01 3.9700e+03 -8.7770e+03 1.0291e+01 6.3816e+03
-5.1082e+06 3.6334e+01 4.0031e+03 -8.7483e+03 -2.3961e+01 6.4564e+03
-3.9771e+06 3.6365e+01 4.0358e+03 -8.7195e+03 -1.7953e+01 6.5312e+03
-5.3170e+06 3.6423e+01 4.0680e+03 -8.6907e+03 -8.0805e+01 6.6040e+03
-3.2100e+06 3.6504e+01 4.0997e+03 -8.6620e+03 -1.8988e+01 6.6766e+03
-4.5053e+06 3.6489e+01 4.1309e+03 -8.6332e+03 -2.6800e+02 6.7531e+03
3.7512e+05 3.5849e+01 4.1618e+03 -8.6045e+03 -1.9563e+02 6.8338e+03
1.1706e+06 3.4157e+01 4.1921e+03 -8.5759e+03 -3.0208e+02 6.9525e+03
1.1485e+07 3.2393e+01 4.2221e+03 -8.5473e+03 9.5673e+02 7.0662e+03
1.2967e+06 3.2484e+01 4.2516e+03 -8.5187e+03 -5.8487e+03 2.3798e+04
-5.3957e+06 3.4022e+01 4.2805e+03 -8.4892e+03 -5.4303e+04 1.2994e+05
-1.0822e+07 3.3755e+01 3.9152e+03 -6.4407e+03 -1.0120e+05 2.6770e+05
-4.9364e+07 3.0482e+01 3.5504e+03 -4.4456e+03 -1.1031e+05 2.8638e+05
-4.4239e+07 2.8475e+01 3.1839e+03 -2.4802e+03 -1.5302e+05 2.2362e+05
-3.7519e+07 3.0669e+01 2.7339e+03 -1.6895e+02 -2.2649e+05 1.5104e+05
-2.6359e+07 3.4283e+01 2.2826e+03 2.1496e+03 -2.4367e+05 4.5271e+04
-3.9376e+07 3.6122e+01 2.1466e+03 2.9129e+03 -2.0216e+05 -5.0952e+04
-1.2226e+07 3.5113e+01 2.0349e+03 3.5478e+03 -1.3774e+05 -8.8258e+04
-3.1243e+07 3.1305e+01 2.0425e+03 3.5752e+03 -5.4083e+04 -1.5770e+05
-8.8550e+06 2.6370e+01 2.3554e+03 2.1388e+03 -6.6402e+03 -2.6054e+05
-6.3584e+06 2.4762e+01 2.7076e+03 5.3662e+02 -8.4537e+03 -3.2045e+05
9.2609e+06 2.5122e+01 3.0637e+03 -1.0601e+03 -8.3481e+03 -3.4198e+05
4.8998e+06 2.2233e+01 3.4069e+03 -2.6485e+03 -1.0206e+04 -3.4241e+05
1.8779e+07 2.0435e+01 3.7528e+03 -4.1710e+03 -7.8002e+03 -3.3764e+05
-2.5983e+07 2.6933e+01 4.1026e+03 -5.6821e+03 -2.5627e+04 -3.0582e+05
-2.2483e+07 4.0682e+01 4.4589e+03 -7.1897e+03 -2.0408e+05 -3.1060e+05
-6.6265e+06 5.0340e+01 2.2324e+03 -5.8092e+03 -4.4226e+05 -4.1399e+05
-4.4672e+06 3.6300e+01 3.7198e+03 -8.9399e+03 1.0039e+01 6.0724e+03
-4.7743e+06 3.6301e+01 3.7561e+03 -8.9110e+03 -1.4705e+01 6.1656e+03
-4.3057e+06 3.6310e+01 3.7919e+03 -8.8822e+03 1.5653e+01 6.2298e+03
-4.3536e+06 3.6312e+01 3.8272e+03 -8.8533e+03 -6.1586e+00 6.3084e+03
-4.4032e+06 3.6314e+01 3.8620e+03 -8.8243e+03 1.4026e+01 6.3862e+03
-5.1188e+06 3.6314e+01 3.8964e+03 -8.7954e+03 -4.1374e+01 6.4617e+03
-4.2664e+06 3.6322e+01 3.9302e+03 -8.7664e+03 1.8974e+01 6.5378e+03
-4.7605e+06 3.6335e+01 3.9635e+03 -8.7374e+03 -4.1152e+01 6.6104e+03
-3.5597e+06 3.6368e+01 3.9964e+03 -8.7084e+03 4.3146e+01 6.6855e+03
-4.6177e+06 3.6422e+01 4.0288e+03 -8.6794e+03 -9.0103e+01 6.7557e+03
-2.5413e+06 3.6507e+01 4.0608e+03 -8.6504e+03 6.2291e+01 6.8314e+03
-4.4192e+06 3.6558e+01 4.0923e+03 -8.6215e+03 -3.3595e+02 6.8977e+03
6.9304e+04 3.6429e+01 4.1233e+03 -8.5926e+03 -1.6635e+02 6.9951e+03
6.8064e+05 3.5953e+01 4.1539e+03 -8.5637e+03 -3.1906e+02 7.0983e+03
1.1113e+07 3.5570e+01 4.1841e+03 -8.5349e+03 1.0391e+03 7.3934e+03
-4.9615e+06 3.7072e+01 4.2139e+03 -8.5061e+03 -2.5802e+04 2.7891e+04
2.4038e+05 3.9533e+01 4.1069e+03 -7.7423e+03 -1.3708e+05 1.1611e+05
6.8320e+06 3.7905e+01 3.6347e+03 -5.1017e+03 -2.2295e+05 1.6004e+05
-3.4342e+07 3.1947e+01 3.1889e+03 -2.7132e+03 -2.0703e+05 8.0639e+04
-3.1747e+07 2.9115e+01 3.0466e+03 -1.9170e+03 -2.1647e+05 -2.5528e+03
-2.2440e+07 3.0749e+01 2.9074e+03 -1.1279e+03 -2.7397e+05 -6.4985e+04
-1.4992e+07 3.1445e+01 2.7687e+03 -3.4603e+02 -2.9808e+05 -1.3150e+05
-2.3256e+07 3.1514e+01 2.6304e+03 4.2845e+02 -2.9019e+05 -1.6468e+05
-1.9984e+06 3.1055e+01 2.4927e+03 1.1955e+03 -2.4598e+05 -1.7821e+05
-1.4078e+07 2.6798e+01 2.4634e+03 1.4811e+03 -1.1688e+05 -2.5860e+05
-2.4341e+07 2.0671e+01 2.8130e+03 -1.2860e+02 -1.3600e+04 -3.3363e+05
1.0686e+07 1.9537e+01 3.1665e+03 -1.7329e+03 -3.4931e+03 -3.4077e+05
-1.6052e+06 2.2432e+01 3.5228e+03 -3.3277e+03 -6.6242e+03 -3.3965e+05
1.9385e+07 2.3102e+01 3.8674e+03 -4.8902e+03 -8.3011e+03 -3.2311e+05
5.3892e+06 2.3930e+01 4.2095e+03 -6.3908e+03 -4.7818e+03 -2.7266e+05
8.2035e+06 2.8628e+01 4.5579e+03 -7.8873e+03 -1.0949e+04 -1.7614e+05
-3.0950e+07 3.5742e+01 4.6120e+03 -7.9934e+03 -7.9749e+04 -1.3049e+05
-9.9500e+06 4.0047e+01 4.6398e+03 -7.9784e+03 -1.8159e+05 -2.5413e+05
-4.2327e+06 3.6307e+01 3.6789e+03 -8.9297e+03 1.1337e+01 6.2295e+03
-4.5041e+06 3.6308e+01 3.7154e+03 -8.9007e+03 4.4637e+00 6.3220e+03
-4.3282e+06 3.6311e+01 3.7514e+03 -8.8716e+03 2.6725e+00 6.3860e+03
-5.0675e+06 3.6311e+01 3.7869e+03 -8.8425e+03 -1.8490e+01 6.4650e+03
-4.1026e+06 3.6312e+01 3.8219e+03 -8.8133e+03 1.2000e+01 6.5413e+03
-4.6085e+06 3.6314e+01 3.8565e+03 -8.7842e+03 -3.9259e+00 6.6161e+03
-3.9083e+06 3.6323e+01 3.8905e+03 -8.7550e+03 1.8281e+01 6.6912e+03
-5.1064e+06 3.6336e+01 3.9241e+03 -8.7258e+03 -3.4577e+01 6.7649e+03
-3.8985e+06 3.6365e+01 3.9572e+03 -8.6966e+03 3.1246e+00 6.8384e+03
-5.2536e+06 3.6419e+01 3.9898e+03 -8.6674e+03 -9.3233e+01 6.9100e+03
-3.0917e+06 3.6513e+01 4.0220e+03 -8.6382e+03 4.9393e+00 6.9831e+03
-4.5382e+06 3.6682e+01 4.0537e+03 -8.6090e+03 -2.8295e+02 7.0521e+03
7.4798e+04 3.6960e+01 4.0850e+03 -8.5799e+03 -2.4175e+02 7.1359e+03
9.3496e+05 3.7122e+01 4.1159e+03 -8.5508e+03 -1.7353e+02 7.2271e+03
8.8821e+06 3.7263e+01 4.1463e+03 -8.5218e+03 6.1365e+02 7.4240e+03
-5.2251e+06 3.8976e+01 4.1763e+03 -8.4928e+03 -2.9879e+04 1.2022e+04
4.2084e+06 4.1747e+01 4.1567e+03 -8.1919e+03 -1.5091e+05 2.6197e+04
1.9667e+07 4.1542e+01 3.8270e+03 -6.2302e+03 -2.7043e+05 -2.4372e+04
-6.6817e+06 3.8012e+01 3.6626e+03 -5.2337e+03 -2.9493e+05 -1.2296e+05
-8.8764e+06 3.6449e+01 3.5329e+03 -4.4304e+03 -2.9183e+05 -1.6312e+05
-4.5888e+07 3.7017e+01 3.3996e+03 -3.6328e+03 -2.9891e+05 -1.6637e+05
-4.0658e+07 3.4318e+01 3.2628e+03 -2.8411e+03 -3.0127e+05 -1.6832e+05
-4.8053e+07 2.9801e+01 3.1230e+03 -2.0555e+03 -3.0191e+05 -1.6912e+05
-1.2003e+07 2.6130e+01 2.9830e+03 -1.2771e+03 -2.6947e+05 -1.7909e+05
-2.3477e+07 2.1391e+01 2.9132e+03 -7.9465e+02 -1.3564e+05 -2.6279e+05
-1.9428e+07 1.7384e+01 3.2642e+03 -2.4063e+03 -1.6849e+04 -3.3896e+05
6.2214e+06 1.8477e+01 3.6166e+03 -4.0027e+03 -3.8167e+03 -3.3822e+05
3.3151e+06 2.2593e+01 3.9689e+03 -5.5760e+03 -1.0443e+04 -3.0770e+05
1.6219e+07 2.4999e+01 4.3136e+03 -7.1076e+03 -7.2627e+03 -2.3192e+05
6.2917e+06 2.6382e+01 4.5409e+03 -8.0580e+03 3.5976e+02 -1.2915e+05
5.3493e+06 2.8295e+01 4.5669e+03 -8.0359e+03 1.8001e+03 -4.0057e+04
-3.9701e+06 3.0485e+01 4.5951e+03 -8.0202e+03 -6.6058e+03 -2.6421e+03
-1.4336e+07 3.1808e+01 4.6231e+03 -8.0045e+03 -3.2532e+04 -2.9147e+04
-4.7056e+06 3.6309e+01 3.6382e+03 -8.9188e+03 -2.1081e+00 6.3857e+03
-4.5418e+06 3.6309e+01 3.6749e+03 -8.8895e+03 -2.8911e+00 6.4783e+03
-4.6562e+06 3.6310e+01 3.7111e+03 -8.8603e+03 -1.5525e+00 6.5411e+03
-4.1225e+06 3.6310e+01 3.7468e+03 -8.8309e+03 8.5312e+00 6.6194e+03
-4.8096e+06 3.6309e+01 3.7820e+03 -8.8016e+03 -7.2129e+00 6.6954e+03
-4.5028e+06 3.6313e+01 3.8168e+03 -8.7722e+03 -8.3829e+00 6.7707e+03
-4.8797e+06 3.6321e+01 3.8510e+03 -8.7428e+03 -1.2510e+01 6.8446e+03
-4.0401e+06 3.6336e+01 3.8848e+03 -8.7134e+03 1.6707e-01 6.9177e+03
-4.6001e+06 3.6361e+01 3.9181e+03 -8.6840e+03 -1.0182e+01 6.9902e+03
-3.5790e+06 3.6412e+01 3.9510e+03 -8.6546e+03 -2.5277e+01 7.0611e+03
-4.1340e+06 3.6496e+01 3.9833e+03 -8.6252e+03 -2.7669e+01 7.1340e+03
-2.8081e+06 3.6650e+01 4.0153e+03 -8.5959e+03 -1.7976e+02 7.2041e+03
-2.6143e+06 3.6848e+01 4.0468e+03 -8.5665e+03 -3.0740e+02 7.2826e+03
1.7389e+06 3.6790e+01 4.0779e+03 -8.5373e+03 -1.3837e+02 7.3345e+03
4.3362e+06 3.6359e+01 4.1085e+03 -8.5080e+03 2.1487e+02 7.4457e+03
-9.5340e+05 3.6508e+01 4.1388e+03 -8.4789e+03 -1.0845e+04 7.0152e+03
-1.5683e+07 3.7647e+01 4.1686e+03 -8.4498e+03 -6.4808e+04 -2.8429e+03
-9.3121e+06 3.8613e+01 4.1980e+03 -8.4207e+03 -1.4200e+05 -4.1565e+04
-2.0373e+07 3.8942e+01 4.1058e+03 -7.7322e+03 -1.9528e+05 -9.1621e+04
-1.5166e+07 3.9684e+01 3.9881e+03 -6.9290e+03 -2.2869e+05 -1.2974e+05
-1.8033e+07 4.0549e+01 3.8653e+03 -6.1246e+03 -2.6133e+05 -1.5488e+05
-8.9400e+06 3.9171e+01 3.7389e+03 -5.3258e+03 -2.8456e+05 -1.6391e+05
-2.8187e+07 3.5496e+01 3.6089e+03 -4.5330e+03 -2.9538e+05 -1.6642e+05
-4.0780e+06 3.0834e+01 3.4754e+03 -3.7462e+03 -2.7392e+05 -1.8139e+05
-1.6019e+07 2.5679e+01 3.3714e+03 -3.1392e+03 -1.5297e+05 -2.6455e+05
-2.0274e+07 2.2256e+01 3.7046e+03 -4.6749e+03 -2.9929e+04 -3.2761e+05
9.2244e+06 2.2769e+01 4.0529e+03 -6.2484e+03 -5.1966e+03 -2.8448e+05
8.5691e+05 2.5306e+01 4.3995e+03 -7.7910e+03 -7.1193e+03 -1.8746e+05
7.8330e+06 2.7019e+01 4.4959e+03 -8.1078e+03 -1.9252e+03 -8.3879e+04
-2.2431e+06 2.7737e+01 4.5209e+03 -8.0801e+03 1.7658e+03 -1.8646e+04
1.6207e+07 2.7983e+01 4.5454e+03 -8.0525e+03 5.0466e+02 5.1026e+03
8.3266e+05 2.8237e+01 4.5697e+03 -8.0251e+03 2.4588e+02 6.7201e+03
1.2087e+07 2.8861e+01 4.5936e+03 -7.9978e+03 -1.8015e+01 6.9963e+03
-4.4742e+06 3.6308e+01 3.5977e+03 -8.9070e+03 1.3946e+00 6.5410e+03
-4.3966e+06 3.6308e+01 3.6346e+03 -8.8776e+03 8.9558e+00 6.6328e+03
-4.5815e+06 3.6308e+01 3.6710e+03 -8.8481e+03 -6.4623e+00 6.6954e+03
-4.6928e+06 3.6308e+01 3.7069e+03 -8.8186e+03 -3.4302e+00 6.7737e+03
-4.5092e+06 3.6308e+01 3.7423e+03 -8.7891e+03 -4.1894e+00 6.8486e+03
-4.2534e+06 3.6313e+01 3.7772e+03 -8.7595e+03 1.2453e+01 6.9231e+03
-4.5089e+06 3.6320e+01 3.8117e+03 -8.7299e+03 -6.7626e+00 6.9965e+03
-4.4098e+06 3.6333e+01 3.8457e+03 -8.7003e+03 -1.1904e+00 7.0697e+03
-4.6986e+06 3.6354e+01 3.8792e+03 -8.6707e+03 -3.0955e+01 7.1415e+03
-4.1819e+06 3.6397e+01 3.9122e+03 -8.6411e+03 -2.7164e+01 7.2124e+03
-4.4408e+06 3.6458e+01 3.9449e+03 -8.6115e+03 -6.5580e+01 7.2841e+03
-3.0794e+06 3.6504e+01 3.9770e+03 -8.5820e+03 -1.1664e+02 7.3546e+03
-2.7603e+06 3.6379e+01 4.0087e+03 -8.5525e+03 -2.6403e+02 7.4277e+03
1.1647e+06 3.5727e+01 4.0400e+03 -8.5230e+03 -8.8085e+01 7.4863e+03
2.2026e+06 3.4360e+01 4.0709e+03 -8.4936e+03 6.4863e+00 7.5195e+03
6.0969e+06 3.2812e+01 4.1014e+03 -8.4642e+03 -4.9440e+02 7.5067e+03
-5.1442e+05 3.2047e+01 4.1314e+03 -8.4350e+03 -4.3303e+03 7.1936e+03
-1.0490e+07 3.2496e+01 4.1610e+03 -8.4057e+03 -2.2815e+04 4.9546e+03
-6.0245e+06 3.3816e+01 4.1902e+03 -8.3766e+03 -5.4147e+04 -1.1851e+04
-1.1494e+07 3.5507e+01 4.2191e+03 -8.3475e+03 -8.7373e+04 -4.4128e+04
-2.0043e+07 3.7258e+01 4.2475e+03 -8.3186e+03 -1.3249e+05 -7.0127e+04
-1.7367e+07 3.8553e+01 4.1813e+03 -7.7843e+03 -1.8236e+05 -9.1670e+04
-1.7856e+07 3.8979e+01 4.0635e+03 -6.9950e+03 -2.2093e+05 -1.2270e+05
-9.7830e+05 3.8459e+01 3.9403e+03 -6.2010e+03 -2.2899e+05 -1.6739e+05
1.4297e+06 3.5685e+01 3.8931e+03 -5.8394e+03 -1.4978e+05 -2.3099e+05
-1.1694e+07 3.0747e+01 4.1312e+03 -6.9187e+03 -3.8998e+04 -2.3604e+05
3.5192e+05 2.7614e+01 4.4102e+03 -8.1471e+03 -3.7604e+01 -1.4272e+05
-2.3570e+06 2.7469e+01 4.4360e+03 -8.1189e+03 -1.1360e+02 -4.5919e+04
1.5784e+06 2.7825e+01 4.4615e+03 -8.0909e+03 8.2384e+02 -1.5262e+03
5.8675e+06 2.7837e+01 4.4867e+03 -8.0630e+03 1.2518e+02 7.8422e+03
-1.2045e+06 2.7972e+01 4.5115e+03 -8.0353e+03 -8.3898e+01 8.3283e+03
4.5782e+06 2.8884e+01 4.5360e+03 -8.0077e+03 -1.1809e+02 8.4209e+03
-2.7331e+06 3.0711e+01 4.5601e+03 -7.9802e+03 1.3680e+02 8.5302e+03
-4.5869e+06 3.6305e+01 3.5575e+03 -8.8945e+03 4.5177e-01 6.6954e+03
-4.6456e+06 3.6305e+01 3.5945e+03 -8.8649e+03 -3.4887e+00 6.7867e+03
-4.5084e+06 3.6307e+01 3.6311e+03 -8.8353e+03 1.3949e+00 6.8489e+03
-4.3961e+06 3.6307e+01 3.6672e+03 -8.8055e+03 3.4908e+00 6.9261e+03
-4.5474e+06 3.6308e+01 3.7028e+03 -8.7758e+03 -1.4012e+00 7.0011e+03
-4.7317e+06 3.6312e+01 3.7379e+03 -8.7460e+03 -9.9635e+00 7.0751e+03
-4.5084e+06 3.6318e+01 3.7725e+03 -8.7163e+03 -5.1484e+00 7.1482e+03
-4.5108e+06 3.6329e+01 3.8067e+03 -8.6865e+03 -5.4074e+00 7.2201e+03
-4.1655e+06 3.6348e+01 3.8404e+03 -8.6567e+03 -3.9588e+00 7.2916e+03
-4.3158e+06 3.6381e+01 3.8737e+03 -8.6269e+03 -1.9296e+01 7.3617e+03
-3.6499e+06 3.6429e+01 3.9065e+03 -8.5971e+03 -3.2815e+01 7.4326e+03
-3.9366e+06 3.6411e+01 3.9389e+03 -8.5674e+03 -9.8770e+01 7.5022e+03
-2.4377e+06 3.6090e+01 3.9708e+03 -8.5377e+03 -1.8677e+02 7.5718e+03
-1.7024e+06 3.5087e+01 4.0023e+03 -8.5081e+03 -1.4839e+02 7.6414e+03
2.6051e+06 3.3194e+01 4.0334e+03 -8.4785e+03 3.1753e+01 7.6947e+03
3.1363e+06 3.0882e+01 4.0641e+03 -8.4490e+03 2.6420e+02 7.7504e+03
7.5609e+06 2.9235e+01 4.0943e+03 -8.4195e+03 7.9685e+02 7.8141e+03
1.2357e+07 2.8898e+01 4.1242e+03 -8.3901e+03 4.5653e+02 7.8520e+03
4.9208e+06 2.9480e+01 4.1536e+03 -8.3608e+03 -1.4025e+03 7.5845e+03
-5.1526e+06 3.0543e+01 4.1826e+03 -8.3315e+03 -5.0454e+03 6.9717e+03
-1.2803e+07 3.2013e+01 4.2113e+03 -8.3024e+03 -1.9966e+04 5.3371e+03
-1.5630e+07 3.3591e+01 4.2396e+03 -8.2734e+03 -4.9091e+04 -7.9182e+03
-1.5655e+07 3.5557e+01 4.2675e+03 -8.2444e+03 -8.1012e+04 -3.7598e+04
-9.1065e+06 3.8619e+01 4.2950e+03 -8.2156e+03 -9.8518e+04 -7.2598e+04
-1.9309e+06 3.9616e+01 4.3221e+03 -8.1869e+03 -7.3102e+04 -9.5334e+04
-8.1101e+06 3.5481e+01 4.3489e+03 -8.1583e+03 -2.0472e+04 -7.5231e+04
-3.8761e+06 3.0392e+01 4.3753e+03 -8.1299e+03 3.1437e+03 -2.2086e+04
4.4165e+06 2.8187e+01 4.4014e+03 -8.1016e+03 5.9922e+02 6.9758e+03
-3.1182e+05 2.7757e+01 4.4271e+03 -8.0734e+03 -2.0117e+02 8.4421e+03
-1.4095e+06 2.8131e+01 4.4525e+03 -8.0453e+03 -3.2059e+01 8.4832e+03
3.4687e+06 2.9521e+01 4.4775e+03 -8.0174e+03 -2.3901e+01 8.5577e+03
-1.7526e+06 3.1835e+01 4.5023e+03 -7.9897e+03 6.5083e+01 8.5114e+03
2.2501e+06 3.4227e+01 4.5266e+03 -7.9621e+03 -1.5412e+02 8.4733e+03
-4.4897e+06 3.6305e+01 3.5174e+03 -8.8813e+03 2.8966e+00 6.8484e+03
-4.4534e+06 3.6305e+01 3.5547e+03 -8.8515e+03 4.5774e+00 6.9390e+03
-4.5587e+06 3.6307e+01 3.5914e+03 -8.8216e+03 -1.8693e+00 7.0009e+03
-4.6579e+06 3.6307e+01 3.6276e+03 -8.7918e+03 -4.3553e+00 7.0779e+03
-4.5039e+06 3.6309e+01 3.6634e+03 -8.7618e+03 1.6880e+00 7.1521e+03
-4.3635e+06 3.6313e+01 3.6987e+03 -8.7319e+03 4.4851e+00 7.2254e+03
-4.4978e+06 3.6318e+01 3.7335e+03 -8.7019e+03 9.0385e-02 7.2979e+03
-4.4740e+06 3.6325e+01 3.7679e+03 -8.6719e+03 -7.5154e+00 7.3698e+03
-4.6040e+06 3.6340e+01 3.8018e+03 -8.6420e+03 -1.3832e+01 7.4406e+03
-4.3259e+06 3.6366e+01 3.8353e+03 -8.6120e+03 -2.5519e+01 7.5107e+03
-4.4303e+06 3.6410e+01 3.8683e+03 -8.5821e+03 -4.0258e+01 7.5801e+03
-3.6325e+06 3.6416e+01 3.9009e+03 -8.5522e+03 -7.1897e+01 7.6487e+03
-3.4955e+06 3.6171e+01 3.9330e+03 -8.5223e+03 -1.2674e+02 7.7155e+03
-1.6478e+06 3.5360e+01 3.9647e+03 -8.4925e+03 -1.6709e+02 7.7829e+03
-8.3725e+05 3.3818e+01 3.9960e+03 -8.4627e+03 -9.5047e+01 7.8515e+03
3.5091e+06 3.1764e+01 4.0269e+03 -8.4330e+03 9.1157e+01 7.9257e+03
5.3744e+06 2.9914e+01 4.0573e+03 -8.4034e+03 1.3133e+02 7.9798e+03
5.4634e+06 2.8832e+01 4.0874e+03 -8.3738e+03 3.9557e+02 7.9861e+03
1.2619e+07 2.8356e+01 4.1171e+03 -8.3443e+03 1.2446e+03 8.0461e+03
1.5545e+07 2.8292e+01 4.1463e+03 -8.3149e+03 1.8047e+03 8.2001e+03
1.1175e+07 2.8662e+01 4.1752e+03 -8.2856e+03 9.9118e+02 8.2732e+03
2.0112e+06 2.9352e+01 4.2037e+03 -8.2564e+03 -1.3006e+03 7.9851e+03
-7.8354e+06 3.0902e+01 4.2318e+03 -8.2273e+03 -4.0987e+03 7.2950e+03
-1.4114e+07 3.4149e+01 4.2595e+03 -8.1984e+03 -5.5839e+03 6.5682e+03
-1.2479e+07 3.6837e+01 4.2869e+03 -8.1695e+03 -4.1250e+03 6.3710e+03
4.4543e+05 3.5533e+01 4.3139e+03 -8.1408e+03 -9.6493e+02 7.0098e+03
3.5593e+06 3.1599e+01 4.3405e+03 -8.1121e+03 4.4553e+02 8.0529e+03
-2.1847e+06 2.8843e+01 4.3668e+03 -8.0837e+03 2.2367e+01 8.5791e+03
-8.2371e+05 2.8643e+01 4.3928e+03 -8.0553e+03 -1.0093e+02 8.5911e+03
4.8186e+05 3.0367e+01 4.4184e+03 -8.0271e+03 -4.5859e+00 8.6575e+03
-5.3047e+06 3.2858e+01 4.4437e+03 -7.9991e+03 -1.9888e+02 8.7153e+03
-1.5181e+06 3.4996e+01 4.4686e+03 -7.9712e+03 -2.7723e+02 8.8441e+03
-6.8445e+06 3.6201e+01 4.4932e+03 -7.9434e+03 -2.7025e+02 8.9694e+03
-4.5834e+06 3.6306e+01 3.4776e+03 -8.8673e+03 -1.5655e-01 7.0005e+03
-4.6185e+06 3.6307e+01 3.5150e+03 -8.8373e+03 -1.5038e+00 7.0904e+03
-4.5342e+06 3.6309e+01 3.5519e+03 -8.8073e+03 7.6361e-01 7.1515e+03
-4.4440e+06 3.6309e+01 3.5883e+03 -8.7772e+03 4.0429e+00 7.2279e+03
-4.5587e+06 3.6310e+01 3.6243e+03 -8.7471e+03 -5.7832e-01 7.3017e+03
-4.6754e+06 3.6313e+01 3.6597e+03 -8.7170e+03 -5.1944e+00 7.3748e+03
-4.5368e+06 3.6316e+01 3.6947e+03 -8.6869e+03 -4.7354e+00 7.4468e+03
-4.5168e+06 3.6322e+01 3.7293e+03 -8.6567e+03 -1.7952e+00 7.5178e+03
-4.3050e+06 3.6334e+01 3.7634e+03 -8.6266e+03 -3.8058e+00 7.5881e+03
-4.3893e+06 3.6355e+01 3.7970e+03 -8.5965e+03 -8.7569e+00 7.6575e+03
-4.0095e+06 3.6391e+01 3.8302e+03 -8.5664e+03 -2.2516e+01 7.7260e+03
-4.2094e+06 3.6433e+01 3.8630e+03 -8.5363e+03 -4.5438e+01 7.7938e+03
-3.5079e+06 3.6376e+01 3.8953e+03 -8.5063e+03 -9.1898e+01 7.8600e+03
-3.5504e+06 3.6063e+01 3.9273e+03 -8.4763e+03 -1.4897e+02 7.9249e+03
-1.7948e+06 3.5468e+01 3.9588e+03 -8.4463e+03 -2.1609e+02 7.9880e+03
-1.7334e+06 3.4561e+01 3.9898e+03 -8.4165e+03 -2.5005e+02 8.0468e+03
1.0329e+06 3.3340e+01 4.0205e+03 -8.3867e+03 -6.8320e+01 8.1001e+03
5.6298e+06 3.2009e+01 4.0508e+03 -8.3569e+03 1.4337e+02 8.1632e+03
3.4901e+06 3.0737e+01 4.0806e+03 -8.3273e+03 7.4606e+01 8.2167e+03
2.1912e+06 2.9639e+01 4.1101e+03 -8.2977e+03 -3.3555e+01 8.2269e+03
2.9905e+06 2.8780e+01 4.1392e+03 -8.2683e+03 1.0747e+02 8.2379e+03
4.8617e+06 2.8321e+01 4.1679e+03 -8.2389e+03 5.4901e+02 8.3031e+03
6.8357e+06 2.8989e+01 4.1962e+03 -8.2097e+03 1.1272e+03 8.4485e+03
9.1510e+06 3.1334e+01 4.2242e+03 -8.1805e+03 1.6228e+03 8.6559e+03
9.0894e+06 3.4009e+01 4.2517e+03 -8.1515e+03 1.4850e+03 8.8250e+03
1.2540e+06 3.4496e+01 4.2790e+03 -8.1226e+03 6.0697e+02 8.7672e+03
-2.1512e+06 3.2478e+01 4.3058e+03 -8.0939e+03 -2.7162e+01 8.6175e+03
3.2764e+05 3.0787e+01 4.3323e+03 -8.0652e+03 -1.3206e+01 8.6601e+03
-2.6487e+06 3.1573e+01 4.3585e+03 -8.0367e+03 -6.8033e+01 8.7737e+03
-4.3049e+06 3.3802e+01 4.3843e+03 -8.0084e+03 -1.0553e+02 8.8258e+03
-1.3490e+06 3.5581e+01 4.4098e+03 -7.9802e+03 -1.1061e+02 8.8917e+03
-4.4970e+06 3.6354e+01 4.4350e+03 -7.9521e+03 -3.3040e+01 8.8642e+03
-1.8620e+06 3.6507e+01 4.4598e+03 -7.9243e+03 -6.8130e+01 8.8658e+03
-4.5116e+06 3.6308e+01 3.4381e+03 -8.8526e+03 3.3344e+00 7.1520e+03
-4.4837e+06 3.6310e+01 3.4756e+03 -8.8225e+03 4.9700e+00 7.2411e+03
-4.5770e+06 3.6311e+01 3.5126e+03 -8.7923e+03 -6.9528e-01 7.3011e+03
-4.6267e+06 3.6311e+01 3.5492e+03 -8.7620e+03 -2.2530e+00 7.3773e+03
-4.5455e+06 3.6311e+01 3.5853e+03 -8.7318e+03 1.9773e+00 7.4504e+03
-4.4189e+06 3.6313e+01 3.6210e+03 -8.7015e+03 4.0972e+00 7.5228e+03
-4.5397e+06 3.6315e+01 3.6561e+03 -8.6712e+03 1.3142e+00 7.5943e+03
-4.4848e+06 3.6319e+01 3.6909e+03 -8.6409e+03 -2.7341e+00 7.6650e+03
-4.6215e+06 3.6327e+01 3.7251e+03 -8.6106e+03 -6.9018e+00 7.7348e+03
-4.4091e+06 3.6343e+01 3.7590e+03 -8.5803e+03 -1.3836e+01 7.8037e+03
-4.5615e+06 3.6369e+01 3.7924e+03 -8.5500e+03 -2.0307e+01 7.8717e+03
-4.0483e+06 3.6410e+01 3.8253e+03 -8.5198e+03 -3.1592e+01 7.9385e+03
-4.1671e+06 3.6446e+01 3.8578e+03 -8.4896e+03 -4.8381e+01 8.0042e+03
-3.3559e+06 3.6449e+01 3.8899e+03 -8.4594e+03 -8.6650e+01 8.0688e+03
-3.6997e+06 3.6445e+01 3.9216e+03 -8.4293e+03 -1.5491e+02 8.1323e+03
-2.1070e+06 3.6402e+01 3.9529e+03 -8.3993e+03 -2.2598e+02 8.1939e+03
-2.1509e+06 3.6160e+01 3.9838e+03 -8.3693e+03 -3.6911e+02 8.2529e+03
-3.2200e+06 3.5576e+01 4.0142e+03 -8.3395e+03 -4.3413e+02 8.3016e+03
1.0572e+06 3.4631e+01 4.0443e+03 -8.3097e+03 -2.1490e+02 8.3465e+03
4.0833e+06 3.3402e+01 4.0740e+03 -8.2799e+03 1.0662e+02 8.3947e+03
3.8714e+06 3.1920e+01 4.1033e+03 -8.2503e+03 2.5450e+02 8.4496e+03
1.5580e+06 3.0513e+01 4.1322e+03 -8.2208e+03 1.3967e+02 8.5047e+03
-2.0564e+06 3.0263e+01 4.1607e+03 -8.1914e+03 -2.0538e+02 8.5532e+03
-5.4144e+06 3.1808e+01 4.1889e+03 -8.1621e+03 -5.5483e+02 8.6139e+03
-6.8923e+06 3.3891e+01 4.2166e+03 -8.1330e+03 -5.8468e+02 8.6665e+03
-1.9873e+06 3.4632e+01 4.2441e+03 -8.1039e+03 -2.4150e+02 8.7010e+03
-1.5437e+06 3.3961e+01 4.2712e+03 -8.0750e+03 -8.2968e+01 8.7789e+03
-4.4932e+06 3.3685e+01 4.2979e+03 -8.0463e+03 -1.5342e+02 8.8713e+03
-3.7155e+06 3.4710e+01 4.3243e+03 -8.0176e+03 -1.2502e+02 8.9242e+03
-2.4894e+06 3.5924e+01 4.3503e+03 -7.9891e+03 -7.0580e+01 8.9808e+03
-6.3911e+06 3.6426e+01 4.3760e+03 -7.9608e+03 -1.2632e+02 9.0283e+03
-3.1524e+06 3.6470e+01 4.4014e+03 -7.9326e+03 -7.3356e+01 9.1364e+03
-6.8072e+06 3.6431e+01 4.4264e+03 -7.9046e+03 -8.0129e+01 9.2503e+03
-4.5443e+06 3.6306e+01 3.3987e+03 -8.8372e+03 3.1138e+00 7.3022e+03
-4.5969e+06 3.6309e+01 3.4364e+03 -8.8069e+03 1.3031e+00 7.3916e+03
-4.5288e+06 3.6309e+01 3.4736e+03 -8.7765e+03 2.4804e+00 7.4518e+03
-4.4877e+06 3.6308e+01 3.5103e+03 -8.7461e+03 4.7580e+00 7.5269e+03
-4.5466e+06 3.6308e+01 3.5466e+03 -8.7157e+03 1.3198e+00 7.5998e+03
-4.6541e+06 3.6309e+01 3.5824e+03 -8.6853e+03 -2.0068e+00 7.6718e+03
-4.5280e+06 3.6311e+01 3.6177e+03 -8.6548e+03 -1.0271e+00 7.7428e+03
-4.5464e+06 3.6314e+01 3.6526e+03 -8.6243e+03 2.1533e+00 7.8128e+03
-4.3765e+06 3.6320e+01 3.6871e+03 -8.5939e+03 1.0447e+00 7.8820e+03
-4.4892e+06 3.6331e+01 3.7211e+03 -8.5634e+03 -1.1715e+00 7.9505e+03
-4.2266e+06 3.6348e+01 3.7546e+03 -8.5330e+03 -7.2823e+00 8.0178e+03
-4.4562e+06 3.6372e+01 3.7878e+03 -8.5026e+03 -1.5673e+01 8.0842e+03
-4.0795e+06 3.6408e+01 3.8205e+03 -8.4723e+03 -3.2553e+01 8.1497e+03
-4.3471e+06 3.6458e+01 3.8528e+03 -8.4420e+03 -4.7126e+01 8.2139e+03
-3.5790e+06 3.6526e+01 3.8846e+03 -8.4117e+03 -6.6281e+01 8.2766e+03
-4.2406e+06 3.6613e+01 3.9161e+03 -8.3815e+03 -1.1714e+02 8.3395e+03
-3.4666e+06 3.6702e+01 3.9472e+03 -8.3514e+03 -1.3308e+02 8.4013e+03
-1.5809e+06 3.6716e+01 3.9778e+03 -8.3214e+03 -1.7026e+02 8.4640e+03
-3.9951e+06 3.6556e+01 4.0081e+03 -8.2914e+03 -3.4710e+02 8.5275e+03
-5.2784e+06 3.6151e+01 4.0379e+03 -8.2616e+03 -4.8447e+02 8.5842e+03
-4.2023e+06 3.5329e+01 4.0674e+03 -8.2318e+03 -4.2418e+02 8.6297e+03
-1.9794e+06 3.4074e+01 4.0965e+03 -8.2022e+03 -2.0298e+02 8.6713e+03
3.0054e+05 3.3277e+01 4.1253e+03 -8.1726e+03 4.5521e+01 8.7236e+03
1.9196e+06 3.3837e+01 4.1536e+03 -8.1432e+03 2.2384e+02 8.7916e+03
1.5389e+06 3.4997e+01 4.1816e+03 -8.1139e+03 1.4915e+02 8.8612e+03
-3.5243e+06 3.5511e+01 4.2093e+03 -8.0847e+03 -1.1604e+02 8.9210e+03
-4.9292e+06 3.5470e+01 4.2366e+03 -8.0557e+03 -2.0913e+02 8.9695e+03
-2.8723e+06 3.5659e+01 4.2635e+03 -8.0268e+03 -7.7701e+01 9.0179e+03
-4.3543e+06 3.6127e+01 4.2901e+03 -7.9980e+03 -8.3692e+01 9.0757e+03
-5.2285e+06 3.6399e+01 4.3163e+03 -7.9694e+03 -4.8396e+01 9.1261e+03
-2.9303e+06 3.6421e+01 4.3422e+03 -7.9409e+03 -2.2127e+01 9.1875e+03
-4.8686e+06 3.6395e+01 4.3678e+03 -7.9126e+03 2.2559e+01 9.1687e+03
-3.1241e+06 3.6372e+01 4.3931e+03 -7.8845e+03 -3.1352e+01 9.1707e+03
-4.4862e+06 3.6302e+01 3.3596e+03 -8.8211e+03 1.1388e+00 7.4509e+03
-4.4869e+06 3.6308e+01 3.3974e+03 -8.7907e+03 -3.2467e-01 7.5410e+03
-4.5838e+06 3.6310e+01 3.4348e+03 -8.7601e+03 -6.8271e+00 7.5977e+03
-4.6011e+06 3.6308e+01 3.4716e+03 -8.7296e+03 -8.2399e+00 7.6733e+03
-4.5720e+06 3.6308e+01 3.5080e+03 -8.6990e+03 -5.2552e+00 7.7454e+03
-4.4584e+06 3.6309e+01 3.5440e+03 -8.6684e+03 -3.5792e+00 7.8168e+03
-4.5738e+06 3.6310e+01 3.5795e+03 -8.6378e+03 -5.5473e+00 7.8874e+03
-4.5082e+06 3.6313e+01 3.6145e+03 -8.6072e+03 -8.2638e+00 7.9571e+03
-4.6468e+06 3.6317e+01 3.6491e+03 -8.5766e+03 -1.0753e+01 8.0259e+03
-4.4787e+06 3.6324e+01 3.6833e+03 -8.5460e+03 -1.3985e+01 8.0937e+03
-4.6450e+06 3.6334e+01 3.7171e+03 -8.5154e+03 -1.6019e+01 8.1606e+03
-4.3077e+06 3.6347e+01 3.7504e+03 -8.4849e+03 -1.8887e+01 8.2265e+03
-4.4936e+06 3.6368e+01 3.7833e+03 -8.4544e+03 -2.2434e+01 8.2914e+03
-4.0350e+06 3.6395e+01 3.8157e+03 -8.4239e+03 -3.0959e+01 8.3555e+03
-4.4342e+06 3.6429e+01 3.8478e+03 -8.3935e+03 -4.1376e+01 8.4188e+03
-3.5459e+06 3.6470e+01 3.8794e+03 -8.3632e+03 -3.0996e+01 8.4802e+03
-3.9015e+06 3.6514e+01 3.9107e+03 -8.3329e+03 -6.6990e+01 8.5416e+03
-5.1034e+06 3.6560e+01 3.9415e+03 -8.3028e+03 -1.0534e+02 8.6030e+03
-2.8988e+06 3.6607e+01 3.9720e+03 -8.2727e+03 -5.1208e+01 8.6618e+03
-1.4836e+06 3.6631e+01 4.0020e+03 -8.2427e+03 -6.7571e+00 8.7212e+03
-2.1916e+06 3.6502e+01 4.0317e+03 -8.2128e+03 -6.3344e+01 8.7825e+03
-3.6958e+06 3.6047e+01 4.0610e+03 -8.1830e+03 -1.6633e+02 8.8413e+03
-5.7601e+06 3.5574e+01 4.0900e+03 -8.1533e+03 -2.8167e+02 8.8940e+03
-7.3521e+06 3.5645e+01 4.1185e+03 -8.1237e+03 -3.6551e+02 8.9446e+03
-7.8969e+06 3.6041e+01 4.1467e+03 -8.0943e+03 -3.2313e+02 8.9952e+03
-4.1289e+06 3.6218e+01 4.1746e+03 -8.0650e+03 -1.1522e+02 9.0484e+03
-3.6769e+06 3.6223e+01 4.2020e+03 -8.0358e+03 -2.9013e+01 9.1065e+03
-5.1857e+06 3.6285e+01 4.2292e+03 -8.0068e+03 -5.8586e+01 9.1629e+03
-4.6172e+06 3.6367e+01 4.2560e+03 -7.9779e+03 -3.9098e+01 9.2125e+03
-3.4491e+06 3.6384e+01 4.2824e+03 -7.9491e+03 -6.0292e+00 9.2629e+03
-6.1682e+06 3.6367e+01 4.3085e+03 -7.9205e+03 -6.2444e+01 9.3055e+03
-3.7576e+06 3.6354e+01 4.3343e+03 -7.8921e+03 -2.7347e+01 9.3904e+03
-6.3495e+06 3.6340e+01 4.3598e+03 -7.8638e+03 -4.3812e+01 9.4936e+03
-4.5206e+06 3.6302e+01 3.3208e+03 -8.8044e+03 1.4993e+00 7.5964e+03
-4.5874e+06 3.6310e+01 3.3587e+03 -8.7738e+03 -4.8147e+00 7.6840e+03
-4.5343e+06 3.6313e+01 3.3962e+03 -8.7431e+03 -9.6565e+00 7.7515e+03
-4.5334e+06 3.6311e+01 3.4332e+03 -8.7124e+03 -7.8971e+00 7.8238e+03
-4.5457e+06 3.6309e+01 3.4697e+03 -8.6817e+03 -9.4214e+00 7.8959e+03
-4.6467e+06 3.6310e+01 3.5058e+03 -8.6509e+03 -1.1095e+01 7.9667e+03
-4.5337e+06 3.6312e+01 3.5415e+03 -8.6202e+03 -1.0385e+01 8.0368e+03
-4.5875e+06 3.6314e+01 3.5767e+03 -8.5894e+03 -8.6405e+00 8.1060e+03
-4.4417e+06 3.6317e+01 3.6114e+03 -8.5587e+03 -8.8058e+00 8.1742e+03
-4.5628e+06 3.6320e+01 3.6458e+03 -8.5279e+03 -8.8322e+00 8.2415e+03
-4.3649e+06 3.6326e+01 3.6797e+03 -8.4972e+03 -1.1173e+01 8.3079e+03
-4.5858e+06 3.6333e+01 3.7131e+03 -8.4665e+03 -1.4190e+01 8.3734e+03
-4.3475e+06 3.6344e+01 3.7462e+03 -8.4359e+03 -2.1012e+01 8.4380e+03
-4.6213e+06 3.6358e+01 3.7788e+03 -8.4053e+03 -2.5040e+01 8.5017e+03
-4.1661e+06 3.6376e+01 3.8111e+03 -8.3748e+03 -3.0824e+01 8.5643e+03
-4.7393e+06 3.6396e+01 3.8429e+03 -8.3443e+03 -5.1155e+01 8.6266e+03
-4.3015e+06 3.6420e+01 3.8743e+03 -8.3139e+03 -3.5063e+01 8.6872e+03
-3.1484e+06 3.6442e+01 3.9053e+03 -8.2836e+03 -1.3865e+01 8.7461e+03
-4.8795e+06 3.6459e+01 3.9360e+03 -8.2533e+03 -7.7349e+01 8.8060e+03
-5.9678e+06 3.6473e+01 3.9662e+03 -8.2232e+03 -1.3543e+02 8.8657e+03
-5.4048e+06 3.6470e+01 3.9961e+03 -8.1932e+03 -1.2262e+02 8.9233e+03
-4.1669e+06 3.6404e+01 4.0256e+03 -8.1633e+03 -5.7982e+01 8.9787e+03
-2.6467e+06 3.6312e+01 4.0547e+03 -8.1334e+03 2.3330e+01 9.0331e+03
-1.4344e+06 3.6317e+01 4.0835e+03 -8.1038e+03 1.1378e+02 9.0867e+03
-1.3118e+06 3.6385e+01 4.1119e+03 -8.0742e+03 1.0603e+02 9.1415e+03
-4.4297e+06 3.6399e+01 4.1399e+03 -8.0448e+03 -4.5110e+00 9.1973e+03
-5.1286e+06 3.6378e+01 4.1676e+03 -8.0154e+03 -5.8649e+01 9.2492e+03
-3.7682e+06 3.6370e+01 4.1949e+03 -7.9863e+03 -3.0558e+00 9.2989e+03
-4.6423e+06 3.6362e+01 4.2219e+03 -7.9573e+03 -3.5034e+01 9.3506e+03
-5.2395e+06 3.6351e+01 4.2486e+03 -7.9284e+03 -1.9654e+01 9.3987e+03
-3.6324e+06 3.6342e+01 4.2749e+03 -7.8997e+03 -1.3223e+01 9.4564e+03
-4.8820e+06 3.6334e+01 4.3009e+03 -7.8711e+03 2.1541e+01 9.4504e+03
-3.7173e+06 3.6325e+01 4.3265e+03 -7.8427e+03 -2.0762e+01 9.4532e+03
-4.4995e+06 3.6303e+01 3.2822e+03 -8.7870e+03 5.5463e+00 7.7444e+03
-4.4695e+06 3.6307e+01 3.3202e+03 -8.7562e+03 4.4012e+00 7.8183e+03
-4.5650e+06 3.6307e+01 3.3578e+03 -8.7254e+03 2.2305e+00 7.8943e+03
-4.5554e+06 3.6305e+01 3.3949e+03 -8.6946e+03 1.4861e+00 7.9642e+03
-4.5557e+06 3.6305e+01 3.4316e+03 -8.6637e+03 4.3025e+00 8.0362e+03
-4.4501e+06 3.6305e+01 3.4679e+03 -8.6328e+03 6.0963e+00 8.1063e+03
-4.5621e+06 3.6306e+01 3.5036e+03 -8.6019e+03 4.7900e+00 8.1758e+03
-4.4894e+06 3.6308e+01 3.5390e+03 -8.5710e+03 2.9672e+00 8.2446e+03
-4.6231e+06 3.6310e+01 3.5739e+03 -8.5401e+03 1.5547e+00 8.3123e+03
-4.4769e+06 3.6312e+01 3.6084e+03 -8.5093e+03 5.0359e-01 8.3791e+03
-4.6386e+06 3.6314e+01 3.6424e+03 -8.4784e+03 -8.0780e-02 8.4450e+03
-4.3927e+06 3.6318e+01 3.6761e+03 -8.4476e+03 -2.1877e-01 8.5100e+03
-4.5789e+06 3.6324e+01 3.7093e+03 -8.4168e+03 -1.1639e-01 8.5741e+03
-4.2772e+06 3.6332e+01 3.7421e+03 -8.3861e+03 -2.7803e+00 8.6371e+03
-4.6303e+06 3.6340e+01 3.7745e+03 -8.3554e+03 -6.2789e+00 8.6995e+03
-4.0620e+06 3.6351e+01 3.8065e+03 -8.3248e+03 2.7550e+00 8.7605e+03
-4.4065e+06 3.6361e+01 3.8381e+03 -8.2943e+03 -2.1561e+01 8.8212e+03
-5.2588e+06 3.6371e+01 3.8693e+03 -8.2639e+03 -4.5693e+01 8.8817e+03
-3.8443e+06 3.6382e+01 3.9001e+03 -8.2335e+03 2.9993e-01 8.9397e+03
-2.8557e+06 3.6391e+01 3.9306e+03 -8.2032e+03 4.9287e+01 8.9961e+03
-3.4298e+06 3.6394e+01 3.9606e+03 -8.1731e+03 3.3205e+01 9.0525e+03
-4.4107e+06 3.6389e+01 3.9903e+03 -8.1430e+03 -1.6321e+01 9.1097e+03
-5.8547e+06 3.6379e+01 4.0196e+03 -8.1131e+03 -8.4408e+01 9.1662e+03
-6.7913e+06 3.6372e+01 4.0485e+03 -8.0833e+03 -1.4292e+02 9.2222e+03
-7.1437e+06 3.6368e+01 4.0771e+03 -8.0536e+03 -1.3726e+02 9.2757e+03
-4.4615e+06 3.6363e+01 4.1054e+03 -8.0240e+03 -3.2488e+01 9.3258e+03
-4.2189e+06 3.6353e+01 4.1332e+03 -7.9946e+03 7.1240e-01 9.3766e+03
-5.0791e+06 3.6342e+01 4.1608e+03 -7.9653e+03 -2.0773e+01 9.4290e+03
-4.7908e+06 3.6333e+01 4.1879e+03 -7.9362e+03 -9.5429e+00 9.4781e+03
-3.8397e+06 3.6327e+01 4.2148e+03 -7.9072e+03 1.3696e+01 9.5282e+03
-5.7749e+06 3.6321e+01 4.2413e+03 -7.8784e+03 -3.0934e+01 9.5674e+03
-3.9959e+06 3.6318e+01 4.2675e+03 -7.8497e+03 -2.8614e+00 9.6557e+03
-5.8915e+06 3.6314e+01 4.2933e+03 -7.8212e+03 -2.2380e+01 9.7370e+03
