  1    1089
-4.5694e+06 3.8109e+01 8.0297e+02 -8.9764e+03 5.0138e+00 9.3256e+03
-4.5834e+06 3.8046e+01 8.4985e+02 -8.9495e+03 4.1400e+00 9.4071e+03
-4.6133e+06 3.7967e+01 8.9651e+02 -8.9222e+03 4.6620e+00 9.4957e+03
-4.6154e+06 3.7872e+01 9.4296e+02 -8.8945e+03 4.6946e+00 9.5785e+03
-4.6242e+06 3.7836e+01 9.8919e+02 -8.8666e+03 4.7708e+00 9.6654e+03
-4.6088e+06 3.7815e+01 1.0352e+03 -8.8383e+03 5.9902e+00 9.7474e+03
-4.6073e+06 3.7753e+01 1.0810e+03 -8.8097e+03 7.6229e+00 9.8336e+03
-4.6168e+06 3.7718e+01 1.1265e+03 -8.7808e+03 7.8740e+00 9.9142e+03
-4.6478e+06 3.7711e+01 1.1718e+03 -8.7516e+03 6.4946e+00 9.9990e+03
-4.6619e+06 3.7691e+01 1.2169e+03 -8.7221e+03 5.2310e+00 1.0077e+04
-4.6746e+06 3.7691e+01 1.2617e+03 -8.6924e+03 4.6936e+00 1.0160e+04
-4.6673e+06 3.7698e+01 1.3063e+03 -8.6624e+03 5.1893e+00 1.0237e+04
-4.6695e+06 3.7670e+01 1.3506e+03 -8.6321e+03 5.5235e+00 1.0319e+04
-4.6612e+06 3.7645e+01 1.3947e+03 -8.6017e+03 5.5826e+00 1.0395e+04
-4.6634e+06 3.7639e+01 1.4385e+03 -8.5709e+03 5.6789e+00 1.0475e+04
-4.6557e+06 3.7617e+01 1.4821e+03 -8.5400e+03 5.2883e+00 1.0548e+04
-4.6608e+06 3.7622e+01 1.5254e+03 -8.5089e+03 4.1064e+00 1.0627e+04
-4.6436e+06 3.7781e+01 1.5684e+03 -8.4776e+03 3.5810e+00 1.0700e+04
-4.6325e+06 3.8001e+01 1.6112e+03 -8.4461e+03 4.2395e+00 1.0777e+04
-4.6141e+06 3.8080e+01 1.6537e+03 -8.4144e+03 3.3063e+00 1.0847e+04
-4.6137e+06 3.8208e+01 1.6960e+03 -8.3825e+03 2.2847e+00 1.0922e+04
-4.5918e+06 3.8461e+01 1.7379e+03 -8.3505e+03 3.2917e+00 1.0991e+04
-4.5956e+06 3.8424e+01 1.7796e+03 -8.3184e+03 3.3989e+00 1.1064e+04
-4.5839e+06 3.8216e+01 1.8211e+03 -8.2861e+03 3.3295e+00 1.1132e+04
-4.5938e+06 3.8267e+01 1.8622e+03 -8.2537e+03 4.2791e+00 1.1203e+04
-4.5986e+06 3.8259e+01 1.9031e+03 -8.2213e+03 4.1330e+00 1.1268e+04
-4.6254e+06 3.7943e+01 1.9437e+03 -8.1887e+03 3.2416e+00 1.1337e+04
-4.6300e+06 3.7730e+01 1.9840e+03 -8.1560e+03 2.4369e+00 1.1403e+04
-4.6434e+06 3.7741e+01 2.0241e+03 -8.1232e+03 4.1286e+00 1.1469e+04
-4.6396e+06 3.7712e+01 2.0638e+03 -8.0904e+03 5.4945e+00 1.1532e+04
-4.6552e+06 3.7628e+01 2.1033e+03 -8.0575e+03 1.0677e+00 1.1594e+04
-4.6474e+06 3.7682e+01 2.1425e+03 -8.0246e+03 -7.4305e-01 1.1657e+04
-4.6283e+06 3.7935e+01 2.1814e+03 -7.9916e+03 1.7734e+00 1.1722e+04
-4.5297e+06 3.8560e+01 7.5891e+02 -8.9594e+03 3.8969e+00 9.4108e+03
-4.5659e+06 3.8468e+01 8.0598e+02 -8.9323e+03 5.6400e+00 9.5000e+03
-4.5921e+06 3.8370e+01 8.5284e+02 -8.9048e+03 6.5466e+00 9.5761e+03
-4.6038e+06 3.8257e+01 8.9948e+02 -8.8769e+03 5.6517e+00 9.6628e+03
-4.6062e+06 3.8202e+01 9.4591e+02 -8.8488e+03 5.9619e+00 9.7486e+03
-4.6001e+06 3.8168e+01 9.9212e+02 -8.8203e+03 7.1694e+00 9.8321e+03
-4.6016e+06 3.8088e+01 1.0381e+03 -8.7915e+03 7.0580e+00 9.9166e+03
-4.6236e+06 3.8040e+01 1.0838e+03 -8.7624e+03 6.7085e+00 9.9983e+03
-4.6382e+06 3.8028e+01 1.1294e+03 -8.7330e+03 6.3200e+00 1.0082e+04
-4.6591e+06 3.7995e+01 1.1746e+03 -8.7033e+03 5.2982e+00 1.0163e+04
-4.6627e+06 3.7995e+01 1.2197e+03 -8.6734e+03 4.6628e+00 1.0245e+04
-4.6666e+06 3.8009e+01 1.2645e+03 -8.6432e+03 5.1872e+00 1.0324e+04
-4.6585e+06 3.7951e+01 1.3090e+03 -8.6127e+03 5.4357e+00 1.0404e+04
-4.6603e+06 3.7878e+01 1.3533e+03 -8.5820e+03 5.4728e+00 1.0481e+04
-4.6505e+06 3.7851e+01 1.3973e+03 -8.5511e+03 5.7278e+00 1.0560e+04
-4.6560e+06 3.7822e+01 1.4411e+03 -8.5199e+03 5.8386e+00 1.0636e+04
-4.6437e+06 3.7824e+01 1.4847e+03 -8.4886e+03 5.3159e+00 1.0713e+04
-4.6385e+06 3.8078e+01 1.5279e+03 -8.4570e+03 4.7160e+00 1.0787e+04
-4.6077e+06 3.8589e+01 1.5709e+03 -8.4253e+03 4.9529e+00 1.0863e+04
-4.5885e+06 3.9069e+01 1.6137e+03 -8.3934e+03 5.1143e+00 1.0935e+04
-4.5502e+06 3.9537e+01 1.6561e+03 -8.3613e+03 5.7093e+00 1.1009e+04
-4.5337e+06 4.0003e+01 1.6983e+03 -8.3291e+03 7.1768e+00 1.1080e+04
-4.5114e+06 4.0047e+01 1.7403e+03 -8.2967e+03 7.3601e+00 1.1151e+04
-4.5198e+06 3.9819e+01 1.7819e+03 -8.2642e+03 7.1423e+00 1.1220e+04
-4.5111e+06 3.9846e+01 1.8233e+03 -8.2316e+03 7.8988e+00 1.1290e+04
-4.5414e+06 3.9772e+01 1.8644e+03 -8.1989e+03 7.4386e+00 1.1358e+04
-4.5535e+06 3.9232e+01 1.9052e+03 -8.1661e+03 5.3747e+00 1.1425e+04
-4.5922e+06 3.8735e+01 1.9458e+03 -8.1332e+03 3.4354e+00 1.1491e+04
-4.5929e+06 3.8585e+01 1.9861e+03 -8.1002e+03 4.7855e+00 1.1558e+04
-4.6157e+06 3.8467e+01 2.0261e+03 -8.0671e+03 6.9768e+00 1.1621e+04
-4.6204e+06 3.8217e+01 2.0658e+03 -8.0340e+03 1.6807e+00 1.1684e+04
-4.6340e+06 3.8102e+01 2.1052e+03 -8.0009e+03 -3.0695e+00 1.1742e+04
-4.5828e+06 3.8292e+01 2.1443e+03 -7.9677e+03 -7.8289e-01 1.1815e+04
-4.5362e+06 3.9018e+01 7.1457e+02 -8.9419e+03 3.7186e+00 9.4868e+03
-4.5566e+06 3.8935e+01 7.6183e+02 -8.9146e+03 6.0787e+00 9.5900e+03
-4.5803e+06 3.8855e+01 8.0889e+02 -8.8869e+03 4.4330e-01 9.6634e+03
-4.5982e+06 3.8765e+01 8.5573e+02 -8.8589e+03 -7.4437e-01 9.7513e+03
-4.6047e+06 3.8708e+01 9.0236e+02 -8.8305e+03 1.5770e-01 9.8369e+03
-4.6038e+06 3.8663e+01 9.4876e+02 -8.8018e+03 -9.9787e-02 9.9221e+03
-4.6158e+06 3.8572e+01 9.9495e+02 -8.7728e+03 -8.2398e-01 1.0006e+04
-4.6289e+06 3.8510e+01 1.0409e+03 -8.7435e+03 -1.0513e+00 1.0090e+04
-4.6456e+06 3.8487e+01 1.0866e+03 -8.7139e+03 -7.9935e-01 1.0173e+04
-4.6537e+06 3.8445e+01 1.1321e+03 -8.6840e+03 -1.2678e+00 1.0255e+04
-4.6629e+06 3.8442e+01 1.1774e+03 -8.6539e+03 -1.9128e+00 1.0336e+04
-4.6587e+06 3.8455e+01 1.2224e+03 -8.6235e+03 -1.5206e+00 1.0416e+04
-4.6632e+06 3.8358e+01 1.2671e+03 -8.5928e+03 -1.3076e+00 1.0496e+04
-4.6585e+06 3.8212e+01 1.3116e+03 -8.5619e+03 -1.3469e+00 1.0575e+04
-4.6551e+06 3.8131e+01 1.3559e+03 -8.5307e+03 -1.0811e+00 1.0653e+04
-4.6452e+06 3.8056e+01 1.3999e+03 -8.4994e+03 -8.5063e-01 1.0730e+04
-4.6511e+06 3.7976e+01 1.4436e+03 -8.4678e+03 -1.6085e+00 1.0807e+04
-4.6380e+06 3.8217e+01 1.4871e+03 -8.4360e+03 -3.1449e+00 1.0882e+04
-4.6053e+06 3.9014e+01 1.5304e+03 -8.4041e+03 -2.5836e+00 1.0957e+04
-4.5441e+06 4.0027e+01 1.5733e+03 -8.3719e+03 -8.6164e-03 1.1031e+04
-4.5064e+06 4.0900e+01 1.6160e+03 -8.3396e+03 1.7853e+00 1.1103e+04
-4.4722e+06 4.1511e+01 1.6584e+03 -8.3072e+03 3.2260e+00 1.1176e+04
-4.4699e+06 4.1623e+01 1.7006e+03 -8.2746e+03 3.3488e+00 1.1247e+04
-4.4655e+06 4.1428e+01 1.7425e+03 -8.2419e+03 2.1879e+00 1.1317e+04
-4.4751e+06 4.1421e+01 1.7841e+03 -8.2090e+03 2.5942e+00 1.1386e+04
-4.4763e+06 4.1322e+01 1.8254e+03 -8.1761e+03 3.1891e+00 1.1455e+04
-4.5114e+06 4.0731e+01 1.8665e+03 -8.1430e+03 1.6398e+00 1.1522e+04
-4.5340e+06 4.0094e+01 1.9073e+03 -8.1099e+03 -1.2837e+00 1.1589e+04
-4.5585e+06 3.9860e+01 1.9478e+03 -8.0767e+03 -9.5394e-01 1.1656e+04
-4.5541e+06 3.9753e+01 1.9880e+03 -8.0434e+03 2.2469e+00 1.1719e+04
-4.5851e+06 3.9408e+01 2.0279e+03 -8.0101e+03 -3.5549e+00 1.1785e+04
-4.5766e+06 3.9095e+01 2.0676e+03 -7.9767e+03 -8.2520e+00 1.1834e+04
-4.5743e+06 3.9177e+01 2.1069e+03 -7.9432e+03 -2.6357e-01 1.1905e+04
-4.5120e+06 3.9377e+01 6.6997e+02 -8.9239e+03 2.5021e+00 9.5692e+03
-4.5384e+06 3.9317e+01 7.1742e+02 -8.8964e+03 5.5839e+00 9.6696e+03
-4.5671e+06 3.9257e+01 7.6467e+02 -8.8685e+03 -1.2778e+00 9.7450e+03
-4.5833e+06 3.9204e+01 8.1171e+02 -8.8403e+03 -2.4608e+00 9.8333e+03
-4.5876e+06 3.9164e+01 8.5853e+02 -8.8118e+03 -1.1708e+00 9.9195e+03
-4.5898e+06 3.9108e+01 9.0513e+02 -8.7829e+03 -1.6374e+00 1.0005e+04
-4.5918e+06 3.9018e+01 9.5152e+02 -8.7537e+03 -1.3871e+00 1.0090e+04
-4.6063e+06 3.8954e+01 9.9768e+02 -8.7242e+03 -1.1018e+00 1.0174e+04
-4.6194e+06 3.8924e+01 1.0436e+03 -8.6944e+03 -1.6687e+00 1.0257e+04
-4.6349e+06 3.8878e+01 1.0893e+03 -8.6643e+03 -2.4199e+00 1.0340e+04
-4.6337e+06 3.8867e+01 1.1348e+03 -8.6339e+03 -2.6407e+00 1.0421e+04
-4.6350e+06 3.8874e+01 1.1800e+03 -8.6033e+03 -1.6886e+00 1.0502e+04
-4.6330e+06 3.8770e+01 1.2249e+03 -8.5724e+03 -1.7994e+00 1.0582e+04
-4.6417e+06 3.8589e+01 1.2697e+03 -8.5412e+03 -2.7484e+00 1.0662e+04
-4.6309e+06 3.8468e+01 1.3142e+03 -8.5099e+03 -2.4561e+00 1.0740e+04
-4.6332e+06 3.8362e+01 1.3584e+03 -8.4783e+03 -2.0235e+00 1.0818e+04
-4.6314e+06 3.8222e+01 1.4023e+03 -8.4465e+03 -3.8800e+00 1.0895e+04
-4.6280e+06 3.8416e+01 1.4461e+03 -8.4145e+03 -6.2791e+00 1.0971e+04
-4.5631e+06 3.9374e+01 1.4895e+03 -8.3823e+03 -3.3808e+00 1.1046e+04
-4.4913e+06 4.0755e+01 1.5327e+03 -8.3500e+03 2.5471e+00 1.1120e+04
-4.4394e+06 4.1852e+01 1.5756e+03 -8.3174e+03 3.8900e+00 1.1193e+04
-4.4316e+06 4.2422e+01 1.6183e+03 -8.2848e+03 2.5851e+00 1.1265e+04
-4.4184e+06 4.2515e+01 1.6606e+03 -8.2519e+03 1.7734e+00 1.1337e+04
-4.4327e+06 4.2379e+01 1.7027e+03 -8.2190e+03 8.0362e-01 1.1407e+04
-4.4262e+06 4.2351e+01 1.7446e+03 -8.1859e+03 1.1505e+00 1.1477e+04
-4.4422e+06 4.2274e+01 1.7861e+03 -8.1527e+03 1.8209e+00 1.1546e+04
-4.4487e+06 4.1858e+01 1.8274e+03 -8.1195e+03 1.0459e+00 1.1613e+04
-4.4841e+06 4.1378e+01 1.8684e+03 -8.0861e+03 -1.1724e+00 1.1680e+04
-4.4840e+06 4.1249e+01 1.9092e+03 -8.0527e+03 -6.7752e-01 1.1747e+04
-4.4968e+06 4.1294e+01 1.9496e+03 -8.0191e+03 2.9548e+00 1.1811e+04
-4.4994e+06 4.1031e+01 1.9898e+03 -7.9856e+03 -2.5298e+00 1.1876e+04
-4.5222e+06 4.0632e+01 2.0297e+03 -7.9520e+03 -6.7902e+00 1.1928e+04
-4.4882e+06 4.0608e+01 2.0693e+03 -7.9183e+03 1.8291e+00 1.1999e+04
-4.5050e+06 3.9641e+01 6.2511e+02 -8.9054e+03 3.2352e+00 9.6493e+03
-4.5219e+06 3.9590e+01 6.7275e+02 -8.8778e+03 5.8574e+00 9.7504e+03
-4.5515e+06 3.9526e+01 7.2018e+02 -8.8497e+03 -4.0491e-01 9.8265e+03
-4.5641e+06 3.9489e+01 7.6741e+02 -8.8213e+03 -1.0660e+00 9.9154e+03
-4.5663e+06 3.9467e+01 8.1443e+02 -8.7925e+03 5.8102e-01 1.0002e+04
-4.5516e+06 3.9406e+01 8.6123e+02 -8.7635e+03 1.7637e+00 1.0088e+04
-4.5547e+06 3.9325e+01 9.0781e+02 -8.7341e+03 2.7334e+00 1.0173e+04
-4.5740e+06 3.9278e+01 9.5417e+02 -8.7043e+03 1.7879e+00 1.0258e+04
-4.6003e+06 3.9253e+01 1.0003e+03 -8.6743e+03 -2.6301e-01 1.0342e+04
-4.6038e+06 3.9205e+01 1.0462e+03 -8.6440e+03 -1.1762e+00 1.0425e+04
-4.5966e+06 3.9174e+01 1.0919e+03 -8.6134e+03 3.2473e-01 1.0507e+04
-4.5816e+06 3.9166e+01 1.1373e+03 -8.5826e+03 2.8885e+00 1.0588e+04
-4.5979e+06 3.9084e+01 1.1825e+03 -8.5515e+03 1.9971e+00 1.0669e+04
-4.6126e+06 3.8932e+01 1.2274e+03 -8.5201e+03 -7.4602e-01 1.0748e+04
-4.6114e+06 3.8823e+01 1.2721e+03 -8.4885e+03 -6.6416e-01 1.0827e+04
-4.5893e+06 3.8749e+01 1.3166e+03 -8.4567e+03 8.9536e-01 1.0906e+04
-4.5922e+06 3.8653e+01 1.3607e+03 -8.4247e+03 -3.4884e-01 1.0983e+04
-4.5833e+06 3.8873e+01 1.4047e+03 -8.3925e+03 -3.1270e+00 1.1059e+04
-4.5328e+06 3.9892e+01 1.4483e+03 -8.3601e+03 -3.3801e-01 1.1134e+04
-4.4453e+06 4.1359e+01 1.4918e+03 -8.3275e+03 5.8642e+00 1.1209e+04
-4.4073e+06 4.2413e+01 1.5349e+03 -8.2947e+03 6.4738e+00 1.1282e+04
-4.3945e+06 4.2826e+01 1.5778e+03 -8.2618e+03 3.6071e+00 1.1355e+04
-4.4020e+06 4.2885e+01 1.6204e+03 -8.2288e+03 2.1436e+00 1.1427e+04
-4.3976e+06 4.2833e+01 1.6627e+03 -8.1956e+03 1.5933e+00 1.1498e+04
-4.4044e+06 4.2804e+01 1.7048e+03 -8.1623e+03 1.8116e+00 1.1568e+04
-4.4022e+06 4.2742e+01 1.7466e+03 -8.1289e+03 2.0204e+00 1.1637e+04
-4.4217e+06 4.2535e+01 1.7881e+03 -8.0954e+03 1.8503e+00 1.1705e+04
-4.4287e+06 4.2311e+01 1.8293e+03 -8.0618e+03 9.1682e-01 1.1772e+04
-4.4395e+06 4.2323e+01 1.8703e+03 -8.0281e+03 1.7258e+00 1.1839e+04
-4.4241e+06 4.2486e+01 1.9109e+03 -7.9944e+03 5.6449e+00 1.1902e+04
-4.4443e+06 4.2377e+01 1.9513e+03 -7.9606e+03 9.2040e-01 1.1968e+04
-4.4403e+06 4.2042e+01 1.9915e+03 -7.9268e+03 -3.2515e+00 1.2021e+04
-4.4340e+06 4.1963e+01 2.0313e+03 -7.8929e+03 4.5504e+00 1.2091e+04
-4.4890e+06 3.9889e+01 5.7998e+02 -8.8865e+03 3.6874e+00 9.7301e+03
-4.5138e+06 3.9834e+01 6.2781e+02 -8.8586e+03 5.9916e+00 9.8314e+03
-4.5389e+06 3.9750e+01 6.7543e+02 -8.8304e+03 -5.8193e-01 9.9083e+03
-4.5546e+06 3.9702e+01 7.2285e+02 -8.8018e+03 -1.1479e+00 9.9976e+03
-4.5509e+06 3.9688e+01 7.7006e+02 -8.7729e+03 8.2761e-01 1.0085e+04
-4.5424e+06 3.9629e+01 8.1706e+02 -8.7436e+03 1.7434e+00 1.0171e+04
-4.5421e+06 3.9557e+01 8.6384e+02 -8.7140e+03 1.5619e+00 1.0257e+04
-4.5654e+06 3.9536e+01 9.1040e+02 -8.6840e+03 4.4397e-01 1.0342e+04
-4.5771e+06 3.9530e+01 9.5673e+02 -8.6538e+03 -5.8549e-01 1.0427e+04
-4.5788e+06 3.9484e+01 1.0028e+03 -8.6233e+03 -2.1439e-02 1.0510e+04
-4.5515e+06 3.9432e+01 1.0487e+03 -8.5925e+03 3.3811e+00 1.0592e+04
-4.5468e+06 3.9402e+01 1.0943e+03 -8.5614e+03 5.5765e+00 1.0675e+04
-4.5661e+06 3.9341e+01 1.1397e+03 -8.5301e+03 2.4223e+00 1.0756e+04
-4.5944e+06 3.9229e+01 1.1849e+03 -8.4985e+03 -9.9929e-01 1.0836e+04
-4.5831e+06 3.9142e+01 1.2298e+03 -8.4667e+03 -1.2585e-01 1.0915e+04
-4.5678e+06 3.9103e+01 1.2745e+03 -8.4347e+03 2.7972e+00 1.0993e+04
-4.5448e+06 3.9063e+01 1.3189e+03 -8.4024e+03 3.2323e+00 1.1071e+04
-4.5464e+06 3.9301e+01 1.3630e+03 -8.3700e+03 -2.0054e-02 1.1148e+04
-4.5117e+06 4.0280e+01 1.4069e+03 -8.3374e+03 -7.2559e-01 1.1224e+04
-4.4579e+06 4.1682e+01 1.4505e+03 -8.3045e+03 2.8474e+00 1.1298e+04
-4.4031e+06 4.2646e+01 1.4939e+03 -8.2716e+03 3.9426e+00 1.1372e+04
-4.3925e+06 4.2995e+01 1.5370e+03 -8.2384e+03 2.3389e+00 1.1445e+04
-4.3778e+06 4.3116e+01 1.5798e+03 -8.2051e+03 1.4477e+00 1.1517e+04
-4.3850e+06 4.3191e+01 1.6224e+03 -8.1717e+03 1.3453e+00 1.1588e+04
-4.3777e+06 4.3199e+01 1.6647e+03 -8.1382e+03 1.3858e+00 1.1659e+04
-4.3929e+06 4.3125e+01 1.7067e+03 -8.1046e+03 1.1739e+00 1.1728e+04
-4.3885e+06 4.3002e+01 1.7484e+03 -8.0708e+03 1.2093e+00 1.1796e+04
-4.4055e+06 4.2907e+01 1.7899e+03 -8.0370e+03 7.4329e-01 1.1863e+04
-4.3958e+06 4.2938e+01 1.8311e+03 -8.0031e+03 1.4157e+00 1.1931e+04
-4.4011e+06 4.3058e+01 1.8720e+03 -7.9691e+03 4.7491e+00 1.1995e+04
-4.3966e+06 4.3018e+01 1.9126e+03 -7.9351e+03 9.0658e-02 1.2061e+04
-4.4101e+06 4.2807e+01 1.9530e+03 -7.9011e+03 -3.5754e+00 1.2114e+04
-4.3797e+06 4.2734e+01 1.9930e+03 -7.8670e+03 4.1128e+00 1.2184e+04
-4.4877e+06 4.0170e+01 5.3460e+02 -8.8671e+03 3.2170e+00 9.8110e+03
-4.5014e+06 4.0122e+01 5.8260e+02 -8.8390e+03 5.3145e+00 9.9127e+03
-4.5302e+06 4.0031e+01 6.3041e+02 -8.8106e+03 -1.4019e+00 9.9902e+03
-4.5400e+06 3.9966e+01 6.7802e+02 -8.7818e+03 -2.0367e+00 1.0080e+04
-4.5460e+06 3.9949e+01 7.2542e+02 -8.7527e+03 -1.6734e-01 1.0168e+04
-4.5462e+06 3.9892e+01 7.7261e+02 -8.7232e+03 -7.1125e-01 1.0255e+04
-4.5598e+06 3.9815e+01 8.1959e+02 -8.6934e+03 -1.7125e+00 1.0341e+04
-4.5654e+06 3.9798e+01 8.6635e+02 -8.6632e+03 -1.5716e+00 1.0427e+04
-4.5743e+06 3.9805e+01 9.1288e+02 -8.6328e+03 -1.3592e+00 1.0512e+04
-4.5586e+06 3.9768e+01 9.5919e+02 -8.6021e+03 3.2348e-01 1.0595e+04
-4.5327e+06 3.9705e+01 1.0053e+03 -8.5711e+03 4.3525e+00 1.0679e+04
-4.5262e+06 3.9662e+01 1.0511e+03 -8.5398e+03 4.5825e+00 1.0761e+04
-4.5651e+06 3.9609e+01 1.0967e+03 -8.5082e+03 -4.7175e-01 1.0842e+04
-4.5800e+06 3.9514e+01 1.1421e+03 -8.4764e+03 -2.6381e+00 1.0923e+04
-4.5680e+06 3.9427e+01 1.1872e+03 -8.4444e+03 -4.2721e-01 1.1003e+04
-4.5385e+06 3.9382e+01 1.2321e+03 -8.4121e+03 2.1380e+00 1.1081e+04
-4.5288e+06 3.9328e+01 1.2767e+03 -8.3797e+03 2.9070e+00 1.1159e+04
-4.5247e+06 3.9470e+01 1.3211e+03 -8.3470e+03 1.3749e-01 1.1236e+04
-4.5168e+06 4.0274e+01 1.3652e+03 -8.3141e+03 -2.6324e+00 1.1313e+04
-4.4647e+06 4.1565e+01 1.4090e+03 -8.2811e+03 -9.5970e-01 1.1388e+04
-4.4179e+06 4.2563e+01 1.4526e+03 -8.2479e+03 1.0636e+00 1.1462e+04
-4.3858e+06 4.3032e+01 1.4959e+03 -8.2145e+03 8.3451e-01 1.1535e+04
-4.3798e+06 4.3304e+01 1.5390e+03 -8.1810e+03 4.5960e-01 1.1608e+04
-4.3662e+06 4.3525e+01 1.5818e+03 -8.1474e+03 7.0101e-01 1.1679e+04
-4.3678e+06 4.3610e+01 1.6243e+03 -8.1136e+03 7.3311e-01 1.1750e+04
-4.3661e+06 4.3537e+01 1.6665e+03 -8.0797e+03 6.7243e-02 1.1819e+04
-4.3807e+06 4.3408e+01 1.7085e+03 -8.0458e+03 -1.6627e-01 1.1887e+04
-4.3813e+06 4.3322e+01 1.7502e+03 -8.0117e+03 -6.7786e-01 1.1955e+04
-4.3890e+06 4.3304e+01 1.7916e+03 -7.9776e+03 -8.0352e-02 1.2023e+04
-4.3771e+06 4.3320e+01 1.8327e+03 -7.9434e+03 2.7159e+00 1.2087e+04
-4.3914e+06 4.3280e+01 1.8736e+03 -7.9091e+03 -2.2011e+00 1.2153e+04
-4.3790e+06 4.3172e+01 1.9142e+03 -7.8749e+03 -5.5023e+00 1.2207e+04
-4.3669e+06 4.3125e+01 1.9544e+03 -7.8405e+03 2.0988e+00 1.2277e+04
-4.4702e+06 4.0469e+01 4.8896e+02 -8.8472e+03 3.7319e+00 9.8920e+03
-4.4932e+06 4.0433e+01 5.3714e+02 -8.8190e+03 5.6970e+00 9.9939e+03
-4.5162e+06 4.0351e+01 5.8513e+02 -8.7903e+03 -9.9795e-01 1.0072e+04
-4.5308e+06 4.0280e+01 6.3293e+02 -8.7614e+03 -1.4926e+00 1.0163e+04
-4.5316e+06 4.0260e+01 6.8052e+02 -8.7320e+03 5.5406e-01 1.0251e+04
-4.5428e+06 4.0205e+01 7.2790e+02 -8.7023e+03 1.5224e-01 1.0339e+04
-4.5507e+06 4.0116e+01 7.7507e+02 -8.6723e+03 -6.7227e-01 1.0426e+04
-4.5605e+06 4.0084e+01 8.2202e+02 -8.6420e+03 -7.4882e-01 1.0512e+04
-4.5596e+06 4.0089e+01 8.6876e+02 -8.6113e+03 -1.0670e+00 1.0597e+04
-4.5585e+06 4.0055e+01 9.1527e+02 -8.5804e+03 -9.8076e-02 1.0681e+04
-4.5356e+06 3.9988e+01 9.6155e+02 -8.5491e+03 2.6540e+00 1.0765e+04
-4.5403e+06 3.9940e+01 1.0076e+03 -8.5176e+03 2.3209e+00 1.0847e+04
-4.5571e+06 3.9893e+01 1.0534e+03 -8.4858e+03 -1.4934e+00 1.0929e+04
-4.5705e+06 3.9808e+01 1.0990e+03 -8.4538e+03 -2.1539e+00 1.1010e+04
-4.5505e+06 3.9723e+01 1.1443e+03 -8.4216e+03 1.1598e-01 1.1090e+04
-4.5448e+06 3.9676e+01 1.1894e+03 -8.3891e+03 1.4599e+00 1.1170e+04
-4.5273e+06 3.9611e+01 1.2342e+03 -8.3564e+03 2.0089e+00 1.1248e+04
-4.5221e+06 3.9650e+01 1.2788e+03 -8.3235e+03 1.2113e+00 1.1325e+04
-4.5024e+06 4.0233e+01 1.3231e+03 -8.2904e+03 -1.2687e+00 1.1402e+04
-4.4749e+06 4.1361e+01 1.3672e+03 -8.2571e+03 -1.0586e+00 1.1477e+04
-4.4158e+06 4.2396e+01 1.4110e+03 -8.2237e+03 1.5953e+00 1.1552e+04
-4.3880e+06 4.3011e+01 1.4546e+03 -8.1901e+03 2.0338e+00 1.1626e+04
-4.3640e+06 4.3415e+01 1.4979e+03 -8.1563e+03 1.0416e+00 1.1698e+04
-4.3606e+06 4.3745e+01 1.5409e+03 -8.1225e+03 1.0762e+00 1.1770e+04
-4.3443e+06 4.3925e+01 1.5836e+03 -8.0885e+03 1.4956e+00 1.1841e+04
-4.3564e+06 4.3907e+01 1.6261e+03 -8.0544e+03 9.0367e-01 1.1910e+04
-4.3537e+06 4.3789e+01 1.6683e+03 -8.0202e+03 1.9823e-01 1.1979e+04
-4.3711e+06 4.3691e+01 1.7102e+03 -7.9859e+03 -7.4394e-01 1.2047e+04
-4.3635e+06 4.3641e+01 1.7518e+03 -7.9515e+03 -3.2728e-01 1.2115e+04
-4.3727e+06 4.3620e+01 1.7932e+03 -7.9171e+03 2.4173e+00 1.2179e+04
-4.3662e+06 4.3598e+01 1.8343e+03 -7.8826e+03 -2.5605e+00 1.2245e+04
-4.3695e+06 4.3558e+01 1.8751e+03 -7.8481e+03 -5.7390e+00 1.2299e+04
-4.3347e+06 4.3528e+01 1.9156e+03 -7.8136e+03 2.0093e+00 1.2369e+04
-4.4611e+06 4.0751e+01 4.4307e+02 -8.8269e+03 3.5509e+00 9.9731e+03
-4.4774e+06 4.0710e+01 4.9143e+02 -8.7984e+03 5.2106e+00 1.0075e+04
-4.5049e+06 4.0629e+01 5.3960e+02 -8.7696e+03 -1.3675e+00 1.0155e+04
-4.5128e+06 4.0556e+01 5.8757e+02 -8.7404e+03 -1.6988e+00 1.0246e+04
-4.5204e+06 4.0532e+01 6.3535e+02 -8.7108e+03 4.0855e-01 1.0334e+04
-4.5243e+06 4.0487e+01 6.8292e+02 -8.6810e+03 4.0990e-01 1.0422e+04
-4.5408e+06 4.0407e+01 7.3028e+02 -8.6507e+03 -3.5368e-02 1.0510e+04
-4.5452e+06 4.0375e+01 7.7743e+02 -8.6202e+03 -1.4708e-01 1.0596e+04
-4.5539e+06 4.0386e+01 8.2436e+02 -8.5893e+03 -5.3084e-01 1.0682e+04
-4.5501e+06 4.0360e+01 8.7107e+02 -8.5581e+03 -8.4021e-01 1.0767e+04
-4.5497e+06 4.0290e+01 9.1756e+02 -8.5267e+03 -5.6127e-01 1.0851e+04
-4.5431e+06 4.0234e+01 9.6381e+02 -8.4950e+03 -4.1647e-01 1.0934e+04
-4.5544e+06 4.0189e+01 1.0098e+03 -8.4630e+03 -1.2171e+00 1.1016e+04
-4.5560e+06 4.0114e+01 1.0556e+03 -8.4307e+03 -1.2197e+00 1.1098e+04
-4.5545e+06 4.0040e+01 1.1012e+03 -8.3982e+03 -4.0025e-01 1.1178e+04
-4.5410e+06 4.0009e+01 1.1464e+03 -8.3655e+03 -2.4012e-01 1.1258e+04
-4.5378e+06 3.9969e+01 1.1915e+03 -8.3326e+03 2.8687e-01 1.1337e+04
-4.5183e+06 3.9985e+01 1.2363e+03 -8.2995e+03 1.1936e+00 1.1414e+04
-4.5045e+06 4.0420e+01 1.2808e+03 -8.2661e+03 -6.4794e-02 1.1491e+04
-4.4680e+06 4.1368e+01 1.3251e+03 -8.2326e+03 -6.4716e-01 1.1567e+04
-4.4232e+06 4.2340e+01 1.3692e+03 -8.1990e+03 1.6933e+00 1.1642e+04
-4.3836e+06 4.2996e+01 1.4129e+03 -8.1651e+03 2.3398e+00 1.1716e+04
-4.3739e+06 4.3452e+01 1.4564e+03 -8.1312e+03 9.3001e-01 1.1789e+04
-4.3527e+06 4.3837e+01 1.4997e+03 -8.0971e+03 8.3227e-01 1.1861e+04
-4.3409e+06 4.4106e+01 1.5426e+03 -8.0628e+03 1.5213e+00 1.1932e+04
-4.3309e+06 4.4198e+01 1.5853e+03 -8.0285e+03 1.3374e+00 1.2002e+04
-4.3433e+06 4.4163e+01 1.6277e+03 -7.9941e+03 6.0807e-01 1.2071e+04
-4.3470e+06 4.4092e+01 1.6699e+03 -7.9596e+03 -7.9335e-01 1.2139e+04
-4.3560e+06 4.4045e+01 1.7118e+03 -7.9250e+03 -6.6956e-01 1.2207e+04
-4.3455e+06 4.4053e+01 1.7533e+03 -7.8903e+03 1.9719e+00 1.2272e+04
-4.3545e+06 4.4086e+01 1.7947e+03 -7.8556e+03 -2.7821e+00 1.2338e+04
-4.3371e+06 4.4091e+01 1.8357e+03 -7.8209e+03 -5.7694e+00 1.2392e+04
-4.3206e+06 4.4072e+01 1.8764e+03 -7.7861e+03 1.7824e+00 1.2462e+04
-4.4426e+06 4.1032e+01 3.9693e+02 -8.8060e+03 2.8799e+00 1.0054e+04
-4.4691e+06 4.0978e+01 4.4546e+02 -8.7774e+03 4.4341e+00 1.0157e+04
-4.4916e+06 4.0888e+01 4.9381e+02 -8.7484e+03 -1.9508e+00 1.0237e+04
-4.5052e+06 4.0812e+01 5.4197e+02 -8.7190e+03 -2.1413e+00 1.0328e+04
-4.5059e+06 4.0774e+01 5.8992e+02 -8.6892e+03 -1.6966e-01 1.0418e+04
-4.5170e+06 4.0734e+01 6.3768e+02 -8.6591e+03 -2.6562e-01 1.0506e+04
-4.5231e+06 4.0683e+01 6.8523e+02 -8.6287e+03 -5.0130e-01 1.0594e+04
-4.5319e+06 4.0671e+01 7.3257e+02 -8.5979e+03 -3.0672e-01 1.0681e+04
-4.5314e+06 4.0697e+01 7.7970e+02 -8.5668e+03 -2.1931e-01 1.0767e+04
-4.5414e+06 4.0684e+01 8.2661e+02 -8.5354e+03 -5.8826e-01 1.0853e+04
-4.5433e+06 4.0608e+01 8.7329e+02 -8.5038e+03 -1.3110e+00 1.0937e+04
-4.5468e+06 4.0542e+01 9.1974e+02 -8.4718e+03 -1.0438e+00 1.1021e+04
-4.5391e+06 4.0494e+01 9.6597e+02 -8.4396e+03 -4.6697e-01 1.1103e+04
-4.5454e+06 4.0414e+01 1.0120e+03 -8.4071e+03 -4.7914e-01 1.1185e+04
-4.5450e+06 4.0341e+01 1.0577e+03 -8.3744e+03 -7.3589e-01 1.1266e+04
-4.5540e+06 4.0313e+01 1.1032e+03 -8.3415e+03 -1.1157e+00 1.1346e+04
-4.5437e+06 4.0274e+01 1.1485e+03 -8.3083e+03 -1.4029e+00 1.1425e+04
-4.5328e+06 4.0268e+01 1.1935e+03 -8.2749e+03 -1.2404e+00 1.1503e+04
-4.5059e+06 4.0610e+01 1.2382e+03 -8.2414e+03 -1.5300e+00 1.1581e+04
-4.4808e+06 4.1424e+01 1.2828e+03 -8.2077e+03 -1.3083e+00 1.1657e+04
-4.4329e+06 4.2326e+01 1.3270e+03 -8.1738e+03 3.9112e-01 1.1732e+04
-4.4025e+06 4.2985e+01 1.3710e+03 -8.1397e+03 9.6438e-01 1.1806e+04
-4.3734e+06 4.3461e+01 1.4147e+03 -8.1055e+03 2.7890e-01 1.1880e+04
-4.3598e+06 4.3878e+01 1.4582e+03 -8.0712e+03 3.3346e-01 1.1952e+04
-4.3365e+06 4.4223e+01 1.5014e+03 -8.0367e+03 8.2211e-01 1.2023e+04
-4.3324e+06 4.4446e+01 1.5443e+03 -8.0021e+03 8.4950e-01 1.2093e+04
-4.3221e+06 4.4544e+01 1.5869e+03 -7.9675e+03 5.3714e-01 1.2163e+04
-4.3328e+06 4.4557e+01 1.6293e+03 -7.9327e+03 -7.3598e-01 1.2231e+04
-4.3274e+06 4.4565e+01 1.6714e+03 -7.8979e+03 -7.1273e-01 1.2299e+04
-4.3303e+06 4.4643e+01 1.7132e+03 -7.8630e+03 1.8496e+00 1.2364e+04
-4.3216e+06 4.4746e+01 1.7548e+03 -7.8281e+03 -2.5773e+00 1.2430e+04
-4.3170e+06 4.4788e+01 1.7960e+03 -7.7931e+03 -5.5578e+00 1.2485e+04
-4.2871e+06 4.4789e+01 1.8370e+03 -7.7581e+03 1.4891e+00 1.2555e+04
-4.4307e+06 4.1398e+01 3.5055e+02 -8.7847e+03 2.8865e+00 1.0135e+04
-4.4485e+06 4.1349e+01 3.9925e+02 -8.7558e+03 4.2133e+00 1.0238e+04
-4.4737e+06 4.1255e+01 4.4777e+02 -8.7266e+03 -2.1328e+00 1.0319e+04
-4.4818e+06 4.1184e+01 4.9610e+02 -8.6970e+03 -2.2527e+00 1.0411e+04
-4.4884e+06 4.1129e+01 5.4424e+02 -8.6671e+03 -2.8631e-01 1.0501e+04
-4.4942e+06 4.1075e+01 5.9218e+02 -8.6367e+03 -4.8154e-01 1.0590e+04
-4.5065e+06 4.1044e+01 6.3992e+02 -8.6061e+03 -6.2720e-01 1.0679e+04
-4.5092e+06 4.1038e+01 6.8745e+02 -8.5751e+03 -3.7918e-01 1.0766e+04
-4.5174e+06 4.1052e+01 7.3477e+02 -8.5438e+03 -3.9913e-01 1.0853e+04
-4.5211e+06 4.1034e+01 7.8187e+02 -8.5122e+03 -5.2745e-01 1.0939e+04
-4.5289e+06 4.0939e+01 8.2875e+02 -8.4803e+03 -9.7291e-01 1.1023e+04
-4.5273e+06 4.0853e+01 8.7541e+02 -8.4481e+03 -8.6283e-01 1.1108e+04
-4.5292e+06 4.0797e+01 9.2183e+02 -8.4157e+03 -3.1108e-01 1.1191e+04
-4.5297e+06 4.0703e+01 9.6803e+02 -8.3830e+03 -2.9251e-01 1.1273e+04
-4.5361e+06 4.0622e+01 1.0140e+03 -8.3501e+03 -7.6347e-01 1.1354e+04
-4.5348e+06 4.0597e+01 1.0597e+03 -8.3169e+03 -1.0801e+00 1.1435e+04
-4.5399e+06 4.0538e+01 1.1052e+03 -8.2835e+03 -1.8664e+00 1.1514e+04
-4.5322e+06 4.0496e+01 1.1504e+03 -8.2499e+03 -2.6664e+00 1.1593e+04
-4.5126e+06 4.0762e+01 1.1954e+03 -8.2161e+03 -2.4274e+00 1.1670e+04
-4.4768e+06 4.1472e+01 1.2401e+03 -8.1822e+03 -1.4743e+00 1.1747e+04
-4.4437e+06 4.2320e+01 1.2846e+03 -8.1480e+03 -5.4848e-01 1.1822e+04
-4.4098e+06 4.2977e+01 1.3288e+03 -8.1137e+03 -1.2001e-01 1.1897e+04
-4.3876e+06 4.3465e+01 1.3727e+03 -8.0793e+03 -3.9096e-02 1.1970e+04
-4.3614e+06 4.3914e+01 1.4164e+03 -8.0447e+03 1.2917e-01 1.2043e+04
-4.3405e+06 4.4347e+01 1.4598e+03 -8.0100e+03 3.2193e-01 1.2114e+04
-4.3194e+06 4.4705e+01 1.5029e+03 -7.9752e+03 2.0794e-01 1.2185e+04
-4.3130e+06 4.4946e+01 1.5458e+03 -7.9403e+03 1.9117e-01 1.2254e+04
-4.3091e+06 4.5080e+01 1.5884e+03 -7.9054e+03 -5.8505e-01 1.2323e+04
-4.3091e+06 4.5187e+01 1.6307e+03 -7.8703e+03 -3.5692e-01 1.2391e+04
-4.2967e+06 4.5353e+01 1.6728e+03 -7.8352e+03 2.0601e+00 1.2457e+04
-4.2960e+06 4.5526e+01 1.7146e+03 -7.8001e+03 -2.1319e+00 1.2523e+04
-4.2786e+06 4.5609e+01 1.7560e+03 -7.7649e+03 -4.9174e+00 1.2578e+04
-4.2601e+06 4.5643e+01 1.7972e+03 -7.7297e+03 1.9160e+00 1.2648e+04
-4.4060e+06 4.1891e+01 3.0392e+02 -8.7629e+03 3.4363e+00 1.0217e+04
-4.4297e+06 4.1874e+01 3.5279e+02 -8.7338e+03 4.9243e+00 1.0320e+04
-4.4486e+06 4.1791e+01 4.0148e+02 -8.7044e+03 -1.2800e+00 1.0402e+04
-4.4623e+06 4.1735e+01 4.4999e+02 -8.6746e+03 -1.4036e+00 1.0494e+04
-4.4611e+06 4.1673e+01 4.9831e+02 -8.6444e+03 4.3614e-01 1.0585e+04
-4.4746e+06 4.1596e+01 5.4643e+02 -8.6139e+03 9.0762e-03 1.0674e+04
-4.4765e+06 4.1570e+01 5.9435e+02 -8.5830e+03 -3.2844e-01 1.0763e+04
-4.4851e+06 4.1551e+01 6.4207e+02 -8.5518e+03 -4.8379e-01 1.0851e+04
-4.4858e+06 4.1527e+01 6.8958e+02 -8.5203e+03 -8.4009e-01 1.0938e+04
-4.5014e+06 4.1492e+01 7.3687e+02 -8.4885e+03 -6.5361e-01 1.1024e+04
-4.5043e+06 4.1374e+01 7.8395e+02 -8.4564e+03 -7.0649e-01 1.1110e+04
-4.5158e+06 4.1254e+01 8.3080e+02 -8.4240e+03 -8.3647e-01 1.1194e+04
-4.5081e+06 4.1187e+01 8.7743e+02 -8.3913e+03 -5.4816e-01 1.1278e+04
-4.5154e+06 4.1081e+01 9.2382e+02 -8.3584e+03 -4.9115e-01 1.1361e+04
-4.5144e+06 4.1000e+01 9.6998e+02 -8.3252e+03 -8.3108e-01 1.1442e+04
-4.5286e+06 4.0992e+01 1.0159e+03 -8.2918e+03 -8.0754e-01 1.1523e+04
-4.5225e+06 4.0936e+01 1.0616e+03 -8.2582e+03 -1.2849e+00 1.1603e+04
-4.5226e+06 4.0892e+01 1.1070e+03 -8.2244e+03 -1.9464e+00 1.1682e+04
-4.4955e+06 4.1125e+01 1.1522e+03 -8.1903e+03 -1.4055e+00 1.1760e+04
-4.4771e+06 4.1714e+01 1.1971e+03 -8.1561e+03 -5.2602e-01 1.1837e+04
-4.4421e+06 4.2420e+01 1.2418e+03 -8.1218e+03 -2.8256e-01 1.1912e+04
-4.4209e+06 4.2998e+01 1.2863e+03 -8.0872e+03 -2.0487e-01 1.1987e+04
-4.3857e+06 4.3459e+01 1.3304e+03 -8.0526e+03 -1.7025e-01 1.2061e+04
-4.3691e+06 4.3930e+01 1.3743e+03 -8.0178e+03 -1.3905e-01 1.2134e+04
-4.3375e+06 4.4453e+01 1.4180e+03 -7.9829e+03 1.0343e-01 1.2206e+04
-4.3211e+06 4.4964e+01 1.4613e+03 -7.9478e+03 2.2785e-01 1.2276e+04
-4.2918e+06 4.5379e+01 1.5044e+03 -7.9127e+03 4.7713e-01 1.2346e+04
-4.2891e+06 4.5663e+01 1.5472e+03 -7.8775e+03 -1.7468e-01 1.2415e+04
-4.2744e+06 4.5865e+01 1.5898e+03 -7.8422e+03 -4.2852e-02 1.2484e+04
-4.2737e+06 4.6079e+01 1.6321e+03 -7.8069e+03 2.1585e+00 1.2549e+04
-4.2583e+06 4.6293e+01 1.6741e+03 -7.7715e+03 -1.8578e+00 1.2616e+04
-4.2513e+06 4.6417e+01 1.7158e+03 -7.7361e+03 -4.4233e+00 1.2671e+04
-4.2209e+06 4.6473e+01 1.7572e+03 -7.7006e+03 2.1412e+00 1.2741e+04
-4.3959e+06 4.2379e+01 2.5706e+02 -8.7405e+03 2.9327e+00 1.0298e+04
-4.4036e+06 4.2406e+01 3.0609e+02 -8.7113e+03 5.2795e+00 1.0402e+04
-4.4260e+06 4.2353e+01 3.5495e+02 -8.6817e+03 -5.2368e-01 1.0484e+04
-4.4311e+06 4.2316e+01 4.0363e+02 -8.6516e+03 -7.3689e-01 1.0577e+04
-4.4385e+06 4.2261e+01 4.5212e+02 -8.6213e+03 9.7260e-01 1.0668e+04
-4.4428e+06 4.2174e+01 5.0042e+02 -8.5905e+03 3.9263e-01 1.0758e+04
-4.4534e+06 4.2151e+01 5.4852e+02 -8.5594e+03 8.7672e-02 1.0847e+04
-4.4525e+06 4.2129e+01 5.9643e+02 -8.5280e+03 8.2623e-02 1.0936e+04
-4.4637e+06 4.2083e+01 6.4412e+02 -8.4963e+03 -4.3564e-01 1.1024e+04
-4.4673e+06 4.2054e+01 6.9161e+02 -8.4643e+03 -3.4617e-01 1.1110e+04
-4.4786e+06 4.1948e+01 7.3887e+02 -8.4319e+03 -1.5029e-01 1.1196e+04
-4.4815e+06 4.1813e+01 7.8592e+02 -8.3993e+03 -3.8314e-01 1.1281e+04
-4.4897e+06 4.1747e+01 8.3275e+02 -8.3664e+03 -4.1771e-01 1.1365e+04
-4.4900e+06 4.1658e+01 8.7935e+02 -8.3332e+03 -4.1634e-01 1.1448e+04
-4.4969e+06 4.1592e+01 9.2571e+02 -8.2998e+03 -6.1368e-01 1.1530e+04
-4.4920e+06 4.1604e+01 9.7184e+02 -8.2662e+03 -2.9099e-01 1.1612e+04
-4.4995e+06 4.1552e+01 1.0177e+03 -8.2324e+03 -4.4722e-01 1.1692e+04
-4.4969e+06 4.1508e+01 1.0634e+03 -8.1983e+03 -9.7250e-01 1.1771e+04
-4.4876e+06 4.1708e+01 1.1088e+03 -8.1640e+03 -5.8659e-01 1.1849e+04
-4.4613e+06 4.2136e+01 1.1539e+03 -8.1296e+03 -8.6096e-02 1.1926e+04
-4.4427e+06 4.2612e+01 1.1988e+03 -8.0950e+03 -1.5476e-01 1.2003e+04
-4.4174e+06 4.3041e+01 1.2435e+03 -8.0602e+03 -2.5357e-01 1.2078e+04
-4.3991e+06 4.3455e+01 1.2878e+03 -8.0253e+03 -2.4348e-01 1.2152e+04
-4.3709e+06 4.3927e+01 1.3320e+03 -7.9903e+03 -3.1560e-01 1.2225e+04
-4.3447e+06 4.4500e+01 1.3758e+03 -7.9551e+03 -1.1652e-01 1.2297e+04
-4.3094e+06 4.5150e+01 1.4194e+03 -7.9199e+03 3.5406e-01 1.2368e+04
-4.2821e+06 4.5801e+01 1.4627e+03 -7.8845e+03 1.1470e+00 1.2438e+04
-4.2587e+06 4.6316e+01 1.5058e+03 -7.8491e+03 7.5836e-01 1.2507e+04
-4.2509e+06 4.6610e+01 1.5485e+03 -7.8136e+03 6.0359e-01 1.2576e+04
-4.2353e+06 4.6801e+01 1.5910e+03 -7.7780e+03 2.3495e+00 1.2641e+04
-4.2318e+06 4.7002e+01 1.6333e+03 -7.7424e+03 -1.6397e+00 1.2708e+04
-4.2115e+06 4.7143e+01 1.6752e+03 -7.7068e+03 -4.1223e+00 1.2763e+04
-4.1968e+06 4.7187e+01 1.7169e+03 -7.6711e+03 1.8905e+00 1.2834e+04
-4.3776e+06 4.2763e+01 2.0996e+02 -8.7177e+03 2.1411e+00 1.0379e+04
-4.3910e+06 4.2803e+01 2.5915e+02 -8.6883e+03 4.8919e+00 1.0484e+04
-4.4080e+06 4.2780e+01 3.0818e+02 -8.6584e+03 -6.1010e-01 1.0567e+04
-4.4182e+06 4.2753e+01 3.5702e+02 -8.6282e+03 -8.2525e-01 1.0660e+04
-4.4187e+06 4.2705e+01 4.0569e+02 -8.5976e+03 7.7185e-01 1.0752e+04
-4.4288e+06 4.2618e+01 4.5416e+02 -8.5667e+03 7.1287e-02 1.0842e+04
-4.4282e+06 4.2596e+01 5.0245e+02 -8.5354e+03 3.1684e-01 1.0932e+04
-4.4258e+06 4.2581e+01 5.5053e+02 -8.5037e+03 1.5307e+00 1.1021e+04
-4.4280e+06 4.2536e+01 5.9841e+02 -8.4718e+03 1.0207e+00 1.1109e+04
-4.4420e+06 4.2531e+01 6.4608e+02 -8.4395e+03 2.9032e-01 1.1196e+04
-4.4463e+06 4.2472e+01 6.9354e+02 -8.4069e+03 5.9247e-01 1.1283e+04
-4.4583e+06 4.2360e+01 7.4078e+02 -8.3741e+03 3.3264e-01 1.1368e+04
-4.4611e+06 4.2323e+01 7.8781e+02 -8.3410e+03 -8.2775e-02 1.1452e+04
-4.4670e+06 4.2291e+01 8.3460e+02 -8.3076e+03 -6.1337e-02 1.1536e+04
-4.4676e+06 4.2260e+01 8.8117e+02 -8.2740e+03 -6.5163e-02 1.1618e+04
-4.4746e+06 4.2279e+01 9.2750e+02 -8.2401e+03 4.3514e-01 1.1700e+04
-4.4727e+06 4.2220e+01 9.7359e+02 -8.2060e+03 3.2380e-01 1.1781e+04
-4.4759e+06 4.2147e+01 1.0194e+03 -8.1717e+03 -3.9984e-01 1.1860e+04
-4.4661e+06 4.2262e+01 1.0651e+03 -8.1372e+03 -3.9120e-01 1.1939e+04
-4.4581e+06 4.2506e+01 1.1104e+03 -8.1026e+03 -1.5360e-01 1.2016e+04
-4.4396e+06 4.2770e+01 1.1555e+03 -8.0677e+03 -2.6073e-01 1.2093e+04
-4.4233e+06 4.3084e+01 1.2004e+03 -8.0327e+03 -3.6924e-01 1.2168e+04
-4.3966e+06 4.3474e+01 1.2450e+03 -7.9976e+03 -2.7319e-01 1.2243e+04
-4.3764e+06 4.3937e+01 1.2893e+03 -7.9623e+03 -3.3524e-01 1.2316e+04
-4.3482e+06 4.4486e+01 1.3334e+03 -7.9269e+03 -3.0126e-01 1.2388e+04
-4.3192e+06 4.5171e+01 1.3772e+03 -7.8914e+03 -6.7204e-02 1.2460e+04
-4.2732e+06 4.6031e+01 1.4207e+03 -7.8558e+03 1.0665e+00 1.2530e+04
-4.2403e+06 4.6866e+01 1.4640e+03 -7.8202e+03 1.5054e+00 1.2599e+04
-4.2163e+06 4.7345e+01 1.5070e+03 -7.7844e+03 1.6201e+00 1.2668e+04
-4.2077e+06 4.7531e+01 1.5497e+03 -7.7487e+03 3.0411e+00 1.2734e+04
-4.1964e+06 4.7698e+01 1.5922e+03 -7.7128e+03 -1.1419e+00 1.2801e+04
-4.1850e+06 4.7831e+01 1.6344e+03 -7.6769e+03 -3.7230e+00 1.2856e+04
-4.1652e+06 4.7843e+01 1.6763e+03 -7.6411e+03 1.7250e+00 1.2927e+04
-4.3676e+06 4.3135e+01 1.6263e+02 -8.6944e+03 2.1694e+00 1.0461e+04
-4.3723e+06 4.3148e+01 2.1198e+02 -8.6647e+03 4.5483e+00 1.0565e+04
-4.3946e+06 4.3127e+01 2.6117e+02 -8.6347e+03 -8.2246e-01 1.0649e+04
-4.3968e+06 4.3097e+01 3.1018e+02 -8.6043e+03 -1.0719e+00 1.0743e+04
-4.4066e+06 4.3051e+01 3.5901e+02 -8.5735e+03 4.2868e-01 1.0835e+04
-4.4079e+06 4.2962e+01 4.0766e+02 -8.5423e+03 -3.0868e-01 1.0926e+04
-4.4184e+06 4.2929e+01 4.5612e+02 -8.5108e+03 -7.1242e-03 1.1016e+04
-4.4076e+06 4.2918e+01 5.0438e+02 -8.4789e+03 1.4283e+00 1.1106e+04
-4.4193e+06 4.2869e+01 5.5244e+02 -8.4467e+03 9.4064e-01 1.1195e+04
-4.4169e+06 4.2866e+01 6.0030e+02 -8.4143e+03 3.8703e-01 1.1282e+04
-4.4211e+06 4.2842e+01 6.4795e+02 -8.3815e+03 1.3117e+00 1.1369e+04
-4.4207e+06 4.2761e+01 6.9538e+02 -8.3484e+03 9.8536e-01 1.1455e+04
-4.4426e+06 4.2754e+01 7.4260e+02 -8.3150e+03 8.8108e-03 1.1540e+04
-4.4422e+06 4.2777e+01 7.8959e+02 -8.2814e+03 -1.1681e-02 1.1623e+04
-4.4508e+06 4.2777e+01 8.3635e+02 -8.2476e+03 2.7622e-02 1.1706e+04
-4.4410e+06 4.2786e+01 8.8289e+02 -8.2135e+03 4.0156e-01 1.1788e+04
-4.4533e+06 4.2720e+01 9.2919e+02 -8.1791e+03 2.3895e-01 1.1869e+04
-4.4522e+06 4.2622e+01 9.7525e+02 -8.1446e+03 -4.8669e-01 1.1949e+04
-4.4586e+06 4.2643e+01 1.0211e+03 -8.1099e+03 -6.9445e-01 1.2028e+04
-4.4423e+06 4.2734e+01 1.0666e+03 -8.0750e+03 -7.4499e-01 1.2106e+04
-4.4401e+06 4.2864e+01 1.1120e+03 -8.0399e+03 -8.8598e-01 1.2183e+04
-4.4178e+06 4.3122e+01 1.1570e+03 -8.0047e+03 -9.5577e-01 1.2259e+04
-4.4065e+06 4.3512e+01 1.2018e+03 -7.9693e+03 -8.1725e-01 1.2333e+04
-4.3754e+06 4.3965e+01 1.2464e+03 -7.9338e+03 -7.5849e-01 1.2407e+04
-4.3570e+06 4.4439e+01 1.2907e+03 -7.8982e+03 -8.3006e-01 1.2479e+04
-4.3198e+06 4.5022e+01 1.3347e+03 -7.8625e+03 -1.2897e+00 1.2551e+04
-4.2853e+06 4.5937e+01 1.3785e+03 -7.8266e+03 -6.0071e-01 1.2621e+04
-4.2311e+06 4.7063e+01 1.4220e+03 -7.7907e+03 6.0266e-01 1.2691e+04
-4.2035e+06 4.7839e+01 1.4652e+03 -7.7548e+03 1.7028e+00 1.2760e+04
-4.1749e+06 4.8138e+01 1.5082e+03 -7.7188e+03 3.2354e+00 1.2826e+04
-4.1748e+06 4.8324e+01 1.5508e+03 -7.6827e+03 -1.0940e+00 1.2893e+04
-4.1525e+06 4.8471e+01 1.5932e+03 -7.6466e+03 -3.8298e+00 1.2949e+04
-4.1461e+06 4.8483e+01 1.6353e+03 -7.6105e+03 1.3261e+00 1.3020e+04
-4.3455e+06 4.3533e+01 1.1507e+02 -8.6706e+03 1.9573e+00 1.0542e+04
-4.3619e+06 4.3514e+01 1.6458e+02 -8.6407e+03 4.2056e+00 1.0647e+04
-4.3788e+06 4.3468e+01 2.1392e+02 -8.6105e+03 -8.6438e-01 1.0731e+04
-4.3885e+06 4.3432e+01 2.6310e+02 -8.5798e+03 -1.2202e+00 1.0826e+04
-4.3893e+06 4.3403e+01 3.1210e+02 -8.5488e+03 3.0640e-01 1.0918e+04
-4.3995e+06 4.3315e+01 3.6091e+02 -8.5174e+03 -3.5897e-01 1.1010e+04
-4.4028e+06 4.3273e+01 4.0954e+02 -8.4857e+03 -5.3542e-01 1.1101e+04
-4.4046e+06 4.3269e+01 4.5798e+02 -8.4536e+03 6.1389e-02 1.1191e+04
-4.4063e+06 4.3213e+01 5.0623e+02 -8.4212e+03 -4.6223e-01 1.1280e+04
-4.4103e+06 4.3199e+01 5.5427e+02 -8.3885e+03 -1.9173e-01 1.1368e+04
-4.4014e+06 4.3202e+01 6.0210e+02 -8.3555e+03 1.3688e+00 1.1455e+04
-4.4090e+06 4.3145e+01 6.4972e+02 -8.3222e+03 1.1467e+00 1.1542e+04
-4.4183e+06 4.3137e+01 6.9713e+02 -8.2886e+03 9.3514e-03 1.1627e+04
-4.4263e+06 4.3168e+01 7.4431e+02 -8.2547e+03 -5.0236e-02 1.1711e+04
-4.4268e+06 4.3166e+01 7.9128e+02 -8.2206e+03 -5.2638e-02 1.1794e+04
-4.4345e+06 4.3159e+01 8.3801e+02 -8.1863e+03 1.4758e-01 1.1877e+04
-4.4344e+06 4.3094e+01 8.8451e+02 -8.1518e+03 -4.5095e-02 1.1958e+04
-4.4400e+06 4.2988e+01 9.3077e+02 -8.1170e+03 -8.2088e-01 1.2038e+04
-4.4378e+06 4.2961e+01 9.7680e+02 -8.0820e+03 -1.2409e+00 1.2117e+04
-4.4387e+06 4.2990e+01 1.0226e+03 -8.0469e+03 -1.3439e+00 1.2196e+04
-4.4298e+06 4.3047e+01 1.0681e+03 -8.0116e+03 -1.5200e+00 1.2273e+04
-4.4202e+06 4.3230e+01 1.1134e+03 -7.9761e+03 -1.8772e+00 1.2349e+04
-4.3971e+06 4.3589e+01 1.1584e+03 -7.9405e+03 -1.9629e+00 1.2424e+04
-4.3776e+06 4.4035e+01 1.2032e+03 -7.9048e+03 -1.6546e+00 1.2498e+04
-4.3552e+06 4.4450e+01 1.2477e+03 -7.8689e+03 -1.4667e+00 1.2571e+04
-4.3321e+06 4.4927e+01 1.2920e+03 -7.8330e+03 -2.2508e+00 1.2642e+04
-4.2851e+06 4.5834e+01 1.3359e+03 -7.7969e+03 -2.1826e+00 1.2713e+04
-4.2300e+06 4.7167e+01 1.3797e+03 -7.7608e+03 -8.1947e-01 1.2783e+04
-4.1812e+06 4.8220e+01 1.4231e+03 -7.7246e+03 1.0197e+00 1.2852e+04
-4.1594e+06 4.8658e+01 1.4663e+03 -7.6883e+03 2.7196e+00 1.2918e+04
-4.1467e+06 4.8881e+01 1.5092e+03 -7.6520e+03 -1.5263e+00 1.2985e+04
-4.1343e+06 4.9063e+01 1.5518e+03 -7.6157e+03 -4.1835e+00 1.3041e+04
-4.1166e+06 4.9114e+01 1.5941e+03 -7.5794e+03 9.2217e-01 1.3112e+04
-4.3359e+06 4.3881e+01 6.7296e+01 -8.6463e+03 1.1581e+00 1.0623e+04
-4.3441e+06 4.3851e+01 1.1695e+02 -8.6162e+03 3.5146e+00 1.0729e+04
-4.3643e+06 4.3782e+01 1.6645e+02 -8.5857e+03 -1.4846e+00 1.0814e+04
-4.3685e+06 4.3766e+01 2.1579e+02 -8.5549e+03 -1.9390e+00 1.0909e+04
-4.3744e+06 4.3781e+01 2.6495e+02 -8.5236e+03 -2.8366e-01 1.1002e+04
-4.3792e+06 4.3689e+01 3.1393e+02 -8.4920e+03 -9.9325e-01 1.1094e+04
-4.3929e+06 4.3623e+01 3.6273e+02 -8.4601e+03 -1.4034e+00 1.1185e+04
-4.3929e+06 4.3632e+01 4.1134e+02 -8.4278e+03 -9.1440e-01 1.1276e+04
-4.4034e+06 4.3567e+01 4.5976e+02 -8.3952e+03 -1.4489e+00 1.1365e+04
-4.3995e+06 4.3549e+01 5.0798e+02 -8.3622e+03 -1.3133e+00 1.1454e+04
-4.3967e+06 4.3605e+01 5.5600e+02 -8.3290e+03 -9.2134e-02 1.1541e+04
-4.3934e+06 4.3583e+01 6.0380e+02 -8.2954e+03 -1.5844e-01 1.1628e+04
-4.4056e+06 4.3564e+01 6.5140e+02 -8.2616e+03 -7.7796e-01 1.1714e+04
-4.4066e+06 4.3568e+01 6.9878e+02 -8.2275e+03 -5.6247e-01 1.1798e+04
-4.4128e+06 4.3529e+01 7.4593e+02 -8.1932e+03 -5.7390e-01 1.1882e+04
-4.4080e+06 4.3514e+01 7.9286e+02 -8.1586e+03 -3.6286e-01 1.1965e+04
-4.4168e+06 4.3470e+01 8.3956e+02 -8.1238e+03 -4.3594e-01 1.2047e+04
-4.4203e+06 4.3367e+01 8.8603e+02 -8.0889e+03 -1.2053e+00 1.2127e+04
-4.4235e+06 4.3368e+01 9.3226e+02 -8.0537e+03 -1.4552e+00 1.2207e+04
-4.4115e+06 4.3486e+01 9.7824e+02 -8.0183e+03 -1.1863e+00 1.2285e+04
-4.4093e+06 4.3567e+01 1.0240e+03 -7.9827e+03 -1.2743e+00 1.2363e+04
-4.4004e+06 4.3633e+01 1.0695e+03 -7.9470e+03 -2.1066e+00 1.2439e+04
-4.3923e+06 4.3876e+01 1.1147e+03 -7.9112e+03 -2.5550e+00 1.2514e+04
-4.3683e+06 4.4291e+01 1.1597e+03 -7.8752e+03 -2.0528e+00 1.2588e+04
-4.3485e+06 4.4685e+01 1.2044e+03 -7.8391e+03 -1.6335e+00 1.2662e+04
-4.3187e+06 4.5155e+01 1.2489e+03 -7.8029e+03 -2.3009e+00 1.2734e+04
-4.2758e+06 4.6155e+01 1.2931e+03 -7.7666e+03 -2.1627e+00 1.2804e+04
-4.2103e+06 4.7695e+01 1.3370e+03 -7.7303e+03 -5.9580e-01 1.2874e+04
-4.1581e+06 4.8947e+01 1.3807e+03 -7.6939e+03 1.5074e+00 1.2944e+04
-4.1261e+06 4.9430e+01 1.4241e+03 -7.6574e+03 3.0797e+00 1.3010e+04
-4.1201e+06 4.9592e+01 1.4672e+03 -7.6209e+03 -1.3295e+00 1.3078e+04
-4.1038e+06 4.9738e+01 1.5101e+03 -7.5843e+03 -4.1104e+00 1.3134e+04
-4.0934e+06 4.9794e+01 1.5527e+03 -7.5478e+03 7.9247e-01 1.3205e+04
-4.3128e+06 4.4246e+01 1.9302e+01 -8.6215e+03 5.6031e-01 1.0704e+04
-4.3298e+06 4.4235e+01 6.9108e+01 -8.5912e+03 3.2163e+00 1.0810e+04
-4.3440e+06 4.4184e+01 1.1876e+02 -8.5605e+03 -1.7381e+00 1.0896e+04
-4.3526e+06 4.4256e+01 1.6824e+02 -8.5294e+03 -2.2568e+00 1.0991e+04
-4.3480e+06 4.4378e+01 2.1756e+02 -8.4980e+03 -4.3263e-01 1.1085e+04
-4.3605e+06 4.4296e+01 2.6671e+02 -8.4661e+03 -1.2265e+00 1.1178e+04
-4.3671e+06 4.4177e+01 3.1568e+02 -8.4340e+03 -1.8878e+00 1.1270e+04
-4.3748e+06 4.4168e+01 3.6446e+02 -8.4014e+03 -1.2997e+00 1.1360e+04
-4.3772e+06 4.4077e+01 4.1305e+02 -8.3686e+03 -1.8876e+00 1.1450e+04
-4.3871e+06 4.4029e+01 4.6145e+02 -8.3354e+03 -2.2342e+00 1.1539e+04
-4.3806e+06 4.4119e+01 5.0964e+02 -8.3019e+03 -1.3945e+00 1.1627e+04
-4.3856e+06 4.4128e+01 5.5764e+02 -8.2682e+03 -1.4515e+00 1.1714e+04
-4.3815e+06 4.4098e+01 6.0542e+02 -8.2341e+03 -1.7897e+00 1.1801e+04
-4.3873e+06 4.4069e+01 6.5298e+02 -8.1998e+03 -1.3834e+00 1.1886e+04
-4.3887e+06 4.3968e+01 7.0033e+02 -8.1652e+03 -1.4639e+00 1.1970e+04
-4.4001e+06 4.3929e+01 7.4746e+02 -8.1304e+03 -1.2648e+00 1.2053e+04
-4.3964e+06 4.3907e+01 7.9436e+02 -8.0954e+03 -1.2112e+00 1.2135e+04
-4.4028e+06 4.3816e+01 8.4102e+02 -8.0602e+03 -1.8779e+00 1.2216e+04
-4.3915e+06 4.3915e+01 8.8745e+02 -8.0248e+03 -1.4751e+00 1.2296e+04
-4.3847e+06 4.4276e+01 9.3364e+02 -7.9891e+03 -3.2476e-01 1.2375e+04
-4.3706e+06 4.4537e+01 9.7959e+02 -7.9534e+03 -1.0064e-01 1.2452e+04
-4.3725e+06 4.4544e+01 1.0253e+03 -7.9174e+03 -1.0016e+00 1.2529e+04
-4.3588e+06 4.4622e+01 1.0707e+03 -7.8813e+03 -1.7217e+00 1.2605e+04
-4.3489e+06 4.4934e+01 1.1159e+03 -7.8451e+03 -1.3598e+00 1.2679e+04
-4.3268e+06 4.5261e+01 1.1609e+03 -7.8088e+03 -1.0633e+00 1.2752e+04
-4.3069e+06 4.5697e+01 1.2056e+03 -7.7724e+03 -1.8518e+00 1.2825e+04
-4.2512e+06 4.6754e+01 1.2500e+03 -7.7359e+03 -1.6260e+00 1.2896e+04
-4.1862e+06 4.8449e+01 1.2941e+03 -7.6993e+03 -4.1159e-02 1.2966e+04
-4.1202e+06 4.9889e+01 1.3380e+03 -7.6626e+03 2.3258e+00 1.3036e+04
-4.0947e+06 5.0454e+01 1.3817e+03 -7.6259e+03 4.1051e+00 1.3102e+04
-4.0814e+06 5.0535e+01 1.4250e+03 -7.5892e+03 -4.6795e-01 1.3170e+04
-4.0778e+06 5.0563e+01 1.4681e+03 -7.5524e+03 -3.6690e+00 1.3226e+04
-4.0632e+06 5.0558e+01 1.5109e+03 -7.5156e+03 7.5629e-01 1.3297e+04
-4.2882e+06 4.4880e+01 -2.8904e+01 -8.5961e+03 1.2477e+00 1.0785e+04
-4.2960e+06 4.4895e+01 2.1044e+01 -8.5657e+03 3.7145e+00 1.0892e+04
-4.3132e+06 4.4867e+01 7.0841e+01 -8.5348e+03 -1.1076e+00 1.0978e+04
-4.3119e+06 4.5051e+01 1.2048e+02 -8.5035e+03 -1.4127e+00 1.1074e+04
-4.3121e+06 4.5325e+01 1.6995e+02 -8.4718e+03 6.0713e-01 1.1168e+04
-4.3149e+06 4.5314e+01 2.1926e+02 -8.4397e+03 -4.8637e-05 1.1261e+04
-4.3325e+06 4.5172e+01 2.6839e+02 -8.4073e+03 -7.5895e-01 1.1354e+04
-4.3340e+06 4.5146e+01 3.1734e+02 -8.3746e+03 -2.5905e-01 1.1445e+04
-4.3463e+06 4.5043e+01 3.6610e+02 -8.3415e+03 -7.9895e-01 1.1535e+04
-4.3466e+06 4.4948e+01 4.1467e+02 -8.3081e+03 -1.3613e+00 1.1625e+04
-4.3487e+06 4.5016e+01 4.6304e+02 -8.2744e+03 -7.0727e-01 1.1713e+04
-4.3435e+06 4.5018e+01 5.1122e+02 -8.2404e+03 -7.3780e-01 1.1801e+04
-4.3504e+06 4.4972e+01 5.5918e+02 -8.2061e+03 -1.0493e+00 1.1888e+04
-4.3482e+06 4.4924e+01 6.0694e+02 -8.1716e+03 -6.7341e-01 1.1973e+04
-4.3595e+06 4.4764e+01 6.5447e+02 -8.1368e+03 -1.0641e+00 1.2058e+04
-4.3573e+06 4.4670e+01 7.0179e+02 -8.1017e+03 -1.2386e+00 1.2141e+04
-4.3659e+06 4.4644e+01 7.4888e+02 -8.0665e+03 -1.1456e+00 1.2223e+04
-4.3669e+06 4.4554e+01 7.9575e+02 -8.0310e+03 -1.7701e+00 1.2305e+04
-4.3643e+06 4.4718e+01 8.4238e+02 -7.9953e+03 -1.3121e+00 1.2385e+04
-4.3393e+06 4.5270e+01 8.8877e+02 -7.9595e+03 1.9356e-01 1.2464e+04
-4.3306e+06 4.5724e+01 9.3492e+02 -7.9235e+03 8.0635e-01 1.2542e+04
-4.3230e+06 4.5777e+01 9.8083e+02 -7.8873e+03 3.4859e-01 1.2619e+04
-4.3271e+06 4.5750e+01 1.0265e+03 -7.8510e+03 -1.6390e-01 1.2695e+04
-4.3127e+06 4.5894e+01 1.0719e+03 -7.8145e+03 -1.1976e-01 1.2770e+04
-4.3030e+06 4.6051e+01 1.1171e+03 -7.7780e+03 -3.6646e-01 1.2843e+04
-4.2767e+06 4.6337e+01 1.1620e+03 -7.7413e+03 -1.5779e+00 1.2916e+04
-4.2363e+06 4.7279e+01 1.2066e+03 -7.7046e+03 -1.7168e+00 1.2987e+04
-4.1646e+06 4.8962e+01 1.2510e+03 -7.6677e+03 -4.8747e-01 1.3057e+04
-4.1025e+06 5.0571e+01 1.2951e+03 -7.6309e+03 2.1311e+00 1.3127e+04
-4.0581e+06 5.1353e+01 1.3389e+03 -7.5939e+03 4.5227e+00 1.3194e+04
-4.0532e+06 5.1487e+01 1.3825e+03 -7.5570e+03 1.7921e-01 1.3262e+04
-4.0422e+06 5.1434e+01 1.4258e+03 -7.5200e+03 -3.3257e+00 1.3318e+04
-4.0409e+06 5.1367e+01 1.4688e+03 -7.4830e+03 6.5401e-01 1.3389e+04
-4.2421e+06 4.5825e+01 -7.7319e+01 -8.5703e+03 2.2141e+00 1.0866e+04
-4.2579e+06 4.5872e+01 -2.7231e+01 -8.5396e+03 4.0567e+00 1.0973e+04
-4.2697e+06 4.5824e+01 2.2709e+01 -8.5085e+03 -5.4664e-01 1.1060e+04
-4.2758e+06 4.5993e+01 7.2496e+01 -8.4770e+03 -5.2062e-01 1.1157e+04
-4.2696e+06 4.6300e+01 1.2212e+02 -8.4451e+03 1.5023e+00 1.1251e+04
-4.2786e+06 4.6364e+01 1.7158e+02 -8.4128e+03 9.6849e-01 1.1345e+04
-4.2862e+06 4.6265e+01 2.2087e+02 -8.3802e+03 4.2737e-01 1.1438e+04
-4.2937e+06 4.6266e+01 2.6998e+02 -8.3472e+03 9.1171e-01 1.1530e+04
-4.2945e+06 4.6225e+01 3.1891e+02 -8.3139e+03 6.7668e-01 1.1620e+04
-4.3041e+06 4.6149e+01 3.6766e+02 -8.2803e+03 2.3652e-01 1.1710e+04
-4.3012e+06 4.6190e+01 4.1620e+02 -8.2463e+03 6.8710e-01 1.1799e+04
-4.3061e+06 4.6184e+01 4.6455e+02 -8.2121e+03 7.8422e-01 1.1887e+04
-4.3018e+06 4.6140e+01 5.1270e+02 -8.1776e+03 6.8663e-01 1.1974e+04
-4.3053e+06 4.6104e+01 5.6064e+02 -8.1428e+03 1.0654e+00 1.2060e+04
-4.3091e+06 4.5943e+01 6.0836e+02 -8.1078e+03 4.5217e-01 1.2145e+04
-4.3225e+06 4.5819e+01 6.5587e+02 -8.0725e+03 -7.5769e-02 1.2229e+04
-4.3194e+06 4.5790e+01 7.0315e+02 -8.0370e+03 7.8485e-02 1.2311e+04
-4.3251e+06 4.5709e+01 7.5021e+02 -8.0013e+03 -4.1834e-01 1.2393e+04
-4.3168e+06 4.5835e+01 7.9704e+02 -7.9654e+03 -5.7656e-01 1.2474e+04
-4.3078e+06 4.6310e+01 8.4363e+02 -7.9293e+03 2.9659e-01 1.2553e+04
-4.2894e+06 4.6726e+01 8.8999e+02 -7.8931e+03 1.0346e+00 1.2631e+04
-4.2884e+06 4.6822e+01 9.3610e+02 -7.8566e+03 8.7031e-01 1.2709e+04
-4.2815e+06 4.6794e+01 9.8197e+02 -7.8201e+03 4.4491e-01 1.2785e+04
-4.2833e+06 4.6793e+01 1.0276e+03 -7.7834e+03 2.0316e-01 1.2860e+04
-4.2743e+06 4.6764e+01 1.0730e+03 -7.7466e+03 -5.3456e-01 1.2934e+04
-4.2631e+06 4.6916e+01 1.1181e+03 -7.7097e+03 -1.7853e+00 1.3006e+04
-4.2143e+06 4.7753e+01 1.1629e+03 -7.6727e+03 -1.7726e+00 1.3078e+04
-4.1513e+06 4.9388e+01 1.2075e+03 -7.6357e+03 -5.5922e-01 1.3148e+04
-4.0789e+06 5.1095e+01 1.2518e+03 -7.5986e+03 2.1486e+00 1.3218e+04
-4.0407e+06 5.2058e+01 1.2959e+03 -7.5614e+03 4.6308e+00 1.3286e+04
-4.0223e+06 5.2297e+01 1.3397e+03 -7.5242e+03 3.4079e-01 1.3353e+04
-4.0201e+06 5.2254e+01 1.3832e+03 -7.4870e+03 -3.2367e+00 1.3410e+04
-4.0109e+06 5.2181e+01 1.4265e+03 -7.4498e+03 3.8088e-01 1.3481e+04
-4.2101e+06 4.6691e+01 -1.2594e+02 -8.5440e+03 2.2257e+00 1.0947e+04
-4.2097e+06 4.6816e+01 -7.5713e+01 -8.5131e+03 4.1731e+00 1.1054e+04
-4.2243e+06 4.6780e+01 -2.5633e+01 -8.4818e+03 3.2173e-02 1.1142e+04
-4.2294e+06 4.6833e+01 2.4297e+01 -8.4500e+03 4.9302e-02 1.1239e+04
-4.2370e+06 4.6998e+01 7.4071e+01 -8.4179e+03 1.5474e+00 1.1334e+04
-4.2424e+06 4.7046e+01 1.2368e+02 -8.3854e+03 6.6630e-01 1.1428e+04
-4.2582e+06 4.6995e+01 1.7313e+02 -8.3526e+03 2.5651e-01 1.1521e+04
-4.2599e+06 4.7020e+01 2.2240e+02 -8.3194e+03 6.3774e-01 1.1614e+04
-4.2670e+06 4.7063e+01 2.7149e+02 -8.2858e+03 6.0578e-01 1.1705e+04
-4.2635e+06 4.7078e+01 3.2040e+02 -8.2520e+03 4.5931e-01 1.1796e+04
-4.2661e+06 4.7131e+01 3.6912e+02 -8.2178e+03 7.4256e-01 1.1885e+04
-4.2614e+06 4.7153e+01 4.1765e+02 -8.1833e+03 9.5752e-01 1.1973e+04
-4.2671e+06 4.7146e+01 4.6597e+02 -8.1486e+03 9.9821e-01 1.2061e+04
-4.2643e+06 4.7137e+01 5.1409e+02 -8.1135e+03 1.2300e+00 1.2147e+04
-4.2720e+06 4.7031e+01 5.6200e+02 -8.0783e+03 6.8339e-01 1.2232e+04
-4.2698e+06 4.6943e+01 6.0969e+02 -8.0428e+03 2.0919e-01 1.2316e+04
-4.2762e+06 4.6944e+01 6.5717e+02 -8.0070e+03 4.9513e-01 1.2399e+04
-4.2763e+06 4.6911e+01 7.0442e+02 -7.9711e+03 4.8992e-01 1.2481e+04
-4.2801e+06 4.6967e+01 7.5144e+02 -7.9349e+03 2.3413e-01 1.2562e+04
-4.2656e+06 4.7196e+01 7.9823e+02 -7.8986e+03 5.3459e-01 1.2642e+04
-4.2589e+06 4.7389e+01 8.4479e+02 -7.8621e+03 1.0812e+00 1.2721e+04
-4.2517e+06 4.7466e+01 8.9111e+02 -7.8255e+03 6.1069e-01 1.2798e+04
-4.2591e+06 4.7502e+01 9.3718e+02 -7.7887e+03 -2.1691e-01 1.2875e+04
-4.2539e+06 4.7461e+01 9.8301e+02 -7.7518e+03 -5.1885e-01 1.2950e+04
-4.2540e+06 4.7340e+01 1.0286e+03 -7.7147e+03 -1.1527e+00 1.3024e+04
-4.2362e+06 4.7430e+01 1.0739e+03 -7.6776e+03 -2.1546e+00 1.3097e+04
-4.2014e+06 4.8222e+01 1.1190e+03 -7.6404e+03 -1.8045e+00 1.3169e+04
-4.1335e+06 4.9850e+01 1.1638e+03 -7.6031e+03 -3.7995e-01 1.3239e+04
-4.0674e+06 5.1623e+01 1.2083e+03 -7.5658e+03 2.3678e+00 1.3310e+04
-4.0161e+06 5.2680e+01 1.2526e+03 -7.5284e+03 4.6813e+00 1.3377e+04
-4.0044e+06 5.2997e+01 1.2966e+03 -7.4910e+03 2.7270e-01 1.3445e+04
-3.9920e+06 5.3029e+01 1.3404e+03 -7.4535e+03 -3.5530e+00 1.3502e+04
-3.9907e+06 5.3013e+01 1.3838e+03 -7.4161e+03 -3.7404e-01 1.3573e+04
-4.1824e+06 4.7235e+01 -1.7475e+02 -8.5172e+03 1.6785e+00 1.1027e+04
-4.1851e+06 4.7427e+01 -1.2440e+02 -8.4861e+03 3.9911e+00 1.1135e+04
-4.1899e+06 4.7482e+01 -7.4182e+01 -8.4545e+03 4.0919e-01 1.1224e+04
-4.2007e+06 4.7481e+01 -2.4112e+01 -8.4226e+03 3.7258e-01 1.1321e+04
-4.2068e+06 4.7505e+01 2.5807e+01 -8.3902e+03 1.2427e+00 1.1417e+04
-4.2223e+06 4.7499e+01 7.5568e+01 -8.3575e+03 1.4933e-01 1.1511e+04
-4.2306e+06 4.7465e+01 1.2517e+02 -8.3244e+03 -1.1663e-01 1.1605e+04
-4.2397e+06 4.7470e+01 1.7459e+02 -8.2910e+03 -4.8996e-02 1.1698e+04
-4.2385e+06 4.7534e+01 2.2385e+02 -8.2572e+03 -2.3428e-01 1.1790e+04
-4.2427e+06 4.7620e+01 2.7292e+02 -8.2231e+03 -2.3760e-01 1.1881e+04
-4.2389e+06 4.7704e+01 3.2181e+02 -8.1887e+03 -6.3440e-02 1.1970e+04
-4.2422e+06 4.7766e+01 3.7050e+02 -8.1540e+03 8.6389e-02 1.2059e+04
-4.2356e+06 4.7805e+01 4.1900e+02 -8.1190e+03 1.4631e-01 1.2147e+04
-4.2370e+06 4.7808e+01 4.6730e+02 -8.0838e+03 3.9210e-01 1.2234e+04
-4.2360e+06 4.7757e+01 5.1539e+02 -8.0482e+03 2.9823e-02 1.2319e+04
-4.2460e+06 4.7737e+01 5.6327e+02 -8.0125e+03 -2.4114e-01 1.2404e+04
-4.2402e+06 4.7782e+01 6.1093e+02 -7.9765e+03 2.3167e-01 1.2487e+04
-4.2438e+06 4.7804e+01 6.5837e+02 -7.9403e+03 3.9595e-01 1.2570e+04
-4.2404e+06 4.7823e+01 7.0559e+02 -7.9040e+03 1.3572e-01 1.2651e+04
-4.2441e+06 4.7870e+01 7.5257e+02 -7.8674e+03 1.1487e-01 1.2731e+04
-4.2335e+06 4.7899e+01 7.9933e+02 -7.8307e+03 1.2306e-01 1.2810e+04
-4.2333e+06 4.7967e+01 8.4585e+02 -7.7938e+03 -3.4137e-01 1.2888e+04
-4.2228e+06 4.8077e+01 8.9212e+02 -7.7568e+03 -3.9639e-01 1.2964e+04
-4.2276e+06 4.8076e+01 9.3816e+02 -7.7196e+03 -4.4170e-01 1.3040e+04
-4.2252e+06 4.7954e+01 9.8394e+02 -7.6823e+03 -1.2619e+00 1.3114e+04
-4.2222e+06 4.7991e+01 1.0295e+03 -7.6450e+03 -2.2021e+00 1.3187e+04
-4.1814e+06 4.8652e+01 1.0747e+03 -7.6075e+03 -2.2364e+00 1.3259e+04
-4.1262e+06 5.0181e+01 1.1198e+03 -7.5700e+03 -1.5089e+00 1.3330e+04
-4.0520e+06 5.2000e+01 1.1645e+03 -7.5325e+03 1.2135e+00 1.3400e+04
-4.0085e+06 5.3197e+01 1.2090e+03 -7.4949e+03 4.0212e+00 1.3468e+04
-3.9825e+06 5.3661e+01 1.2533e+03 -7.4572e+03 -3.1723e-01 1.3536e+04
-3.9744e+06 5.3822e+01 1.2972e+03 -7.4196e+03 -4.0898e+00 1.3593e+04
-3.9608e+06 5.3892e+01 1.3409e+03 -7.3819e+03 -6.2566e-01 1.3664e+04
-4.1698e+06 4.7710e+01 -2.2376e+02 -8.4899e+03 1.4287e+00 1.1108e+04
-4.1654e+06 4.7869e+01 -1.7328e+02 -8.4585e+03 3.5430e+00 1.1216e+04
-4.1709e+06 4.7979e+01 -1.2293e+02 -8.4268e+03 1.1087e-01 1.1305e+04
-4.1694e+06 4.7999e+01 -7.2726e+01 -8.3946e+03 1.2319e-01 1.1403e+04
-4.1818e+06 4.7986e+01 -2.2667e+01 -8.3620e+03 8.5202e-01 1.1499e+04
-4.1918e+06 4.7968e+01 2.7239e+01 -8.3291e+03 2.9571e-03 1.1594e+04
-4.2090e+06 4.7950e+01 7.6985e+01 -8.2958e+03 3.6816e-02 1.1689e+04
-4.2137e+06 4.7940e+01 1.2657e+02 -8.2621e+03 -7.9038e-02 1.1782e+04
-4.2223e+06 4.7983e+01 1.7598e+02 -8.2281e+03 -4.9235e-01 1.1874e+04
-4.2168e+06 4.8081e+01 2.2521e+02 -8.1937e+03 -5.1118e-01 1.1965e+04
-4.2184e+06 4.8182e+01 2.7426e+02 -8.1591e+03 -3.5029e-01 1.2056e+04
-4.2117e+06 4.8278e+01 3.2312e+02 -8.1242e+03 -2.1003e-01 1.2145e+04
-4.2126e+06 4.8354e+01 3.7179e+02 -8.0889e+03 1.1916e-01 1.2233e+04
-4.2027e+06 4.8357e+01 4.2026e+02 -8.0534e+03 9.7812e-01 1.2320e+04
-4.2073e+06 4.8318e+01 4.6853e+02 -8.0177e+03 7.1169e-01 1.2406e+04
-4.2040e+06 4.8338e+01 5.1659e+02 -7.9817e+03 2.9205e-01 1.2491e+04
-4.2086e+06 4.8428e+01 5.6444e+02 -7.9455e+03 8.5007e-01 1.2575e+04
-4.2086e+06 4.8495e+01 6.1207e+02 -7.9091e+03 5.9791e-01 1.2657e+04
-4.2170e+06 4.8509e+01 6.5948e+02 -7.8725e+03 -1.0325e-01 1.2739e+04
-4.2113e+06 4.8492e+01 7.0666e+02 -7.8357e+03 -3.3135e-01 1.2819e+04
-4.2146e+06 4.8490e+01 7.5361e+02 -7.7987e+03 -8.3641e-01 1.2899e+04
-4.2030e+06 4.8591e+01 8.0033e+02 -7.7616e+03 -5.3607e-01 1.2977e+04
-4.1941e+06 4.8746e+01 8.4680e+02 -7.7243e+03 1.5068e+00 1.3054e+04
-4.1865e+06 4.8772e+01 8.9304e+02 -7.6869e+03 1.5585e+00 1.3129e+04
-4.1982e+06 4.8664e+01 9.3903e+02 -7.6494e+03 -6.2076e-01 1.3204e+04
-4.1898e+06 4.8660e+01 9.8477e+02 -7.6118e+03 -1.8152e+00 1.3277e+04
-4.1667e+06 4.9183e+01 1.0303e+03 -7.5742e+03 -2.0985e+00 1.3349e+04
-4.1100e+06 5.0581e+01 1.0755e+03 -7.5364e+03 -1.9421e+00 1.3420e+04
-4.0459e+06 5.2426e+01 1.1205e+03 -7.4986e+03 7.9877e-01 1.3491e+04
-3.9877e+06 5.3781e+01 1.1652e+03 -7.4608e+03 3.9742e+00 1.3559e+04
-3.9662e+06 5.4412e+01 1.2096e+03 -7.4229e+03 -4.4946e-01 1.3627e+04
-3.9432e+06 5.4694e+01 1.2538e+03 -7.3850e+03 -3.6606e+00 1.3684e+04
-3.9334e+06 5.4834e+01 1.2977e+03 -7.3472e+03 4.8584e-01 1.3756e+04
-4.1462e+06 4.8281e+01 -2.7295e+02 -8.4621e+03 1.4652e+00 1.1188e+04
-4.1491e+06 4.8370e+01 -2.2235e+02 -8.4305e+03 3.7583e+00 1.1297e+04
-4.1490e+06 4.8454e+01 -1.7188e+02 -8.3985e+03 1.9303e-01 1.1387e+04
-4.1514e+06 4.8485e+01 -1.2154e+02 -8.3661e+03 -2.2244e-01 1.1485e+04
-4.1551e+06 4.8483e+01 -7.1345e+01 -8.3333e+03 5.2085e-01 1.1581e+04
-4.1714e+06 4.8482e+01 -2.1299e+01 -8.3001e+03 -1.0928e-01 1.1677e+04
-4.1803e+06 4.8498e+01 2.8592e+01 -8.2666e+03 6.4516e-02 1.1772e+04
-4.1906e+06 4.8527e+01 7.8322e+01 -8.2327e+03 2.9518e-02 1.1866e+04
-4.1912e+06 4.8577e+01 1.2789e+02 -8.1984e+03 -3.2713e-01 1.1958e+04
-4.1963e+06 4.8653e+01 1.7728e+02 -8.1639e+03 -4.0942e-01 1.2050e+04
-4.1927e+06 4.8744e+01 2.2649e+02 -8.1290e+03 -2.8283e-01 1.2141e+04
-4.1946e+06 4.8865e+01 2.7551e+02 -8.0938e+03 -3.1016e-02 1.2230e+04
-4.1838e+06 4.8981e+01 3.2435e+02 -8.0584e+03 4.1314e-01 1.2319e+04
-4.1795e+06 4.8994e+01 3.7300e+02 -8.0226e+03 1.1504e+00 1.2406e+04
-4.1786e+06 4.8924e+01 4.2144e+02 -7.9866e+03 6.3799e-01 1.2493e+04
-4.1906e+06 4.8914e+01 4.6968e+02 -7.9504e+03 8.3366e-02 1.2578e+04
-4.1840e+06 4.9020e+01 5.1771e+02 -7.9140e+03 6.1646e-01 1.2662e+04
-4.1860e+06 4.9146e+01 5.6552e+02 -7.8773e+03 4.4438e-01 1.2745e+04
-4.1817e+06 4.9196e+01 6.1312e+02 -7.8404e+03 8.2511e-02 1.2827e+04
-4.1872e+06 4.9179e+01 6.6049e+02 -7.8034e+03 1.5012e-01 1.2908e+04
-4.1835e+06 4.9189e+01 7.0763e+02 -7.7662e+03 -4.4711e-01 1.2987e+04
-4.1820e+06 4.9314e+01 7.5455e+02 -7.7288e+03 -1.8942e-01 1.3065e+04
-4.1604e+06 4.9480e+01 8.0122e+02 -7.6913e+03 1.9809e+00 1.3143e+04
-4.1630e+06 4.9508e+01 8.4766e+02 -7.6537e+03 1.8029e+00 1.3219e+04
-4.1691e+06 4.9396e+01 8.9385e+02 -7.6160e+03 -5.1446e-01 1.3293e+04
-4.1727e+06 4.9358e+01 9.3980e+02 -7.5782e+03 -1.5293e+00 1.3367e+04
-4.1420e+06 4.9792e+01 9.8549e+02 -7.5403e+03 -1.7331e+00 1.3439e+04
-4.0965e+06 5.1113e+01 1.0309e+03 -7.5023e+03 -1.4390e+00 1.3510e+04
-4.0251e+06 5.3009e+01 1.0761e+03 -7.4643e+03 1.4663e+00 1.3581e+04
-3.9746e+06 5.4526e+01 1.1210e+03 -7.4262e+03 4.6190e+00 1.3650e+04
-3.9396e+06 5.5299e+01 1.1657e+03 -7.3881e+03 -1.9998e-01 1.3717e+04
-3.9184e+06 5.5660e+01 1.2101e+03 -7.3500e+03 -3.2029e+00 1.3775e+04
-3.9003e+06 5.5844e+01 1.2542e+03 -7.3119e+03 7.7288e-01 1.3847e+04
-4.1326e+06 4.8866e+01 -3.2233e+02 -8.4338e+03 1.7136e+00 1.1268e+04
-4.1217e+06 4.8932e+01 -2.7161e+02 -8.4020e+03 4.1845e+00 1.1377e+04
-4.1236e+06 4.8974e+01 -2.2101e+02 -8.3697e+03 4.4175e-01 1.1468e+04
-4.1226e+06 4.8993e+01 -1.7055e+02 -8.3371e+03 -3.1177e-01 1.1566e+04
-4.1334e+06 4.8995e+01 -1.2022e+02 -8.3041e+03 5.7264e-01 1.1663e+04
-4.1429e+06 4.9006e+01 -7.0039e+01 -8.2707e+03 -1.2017e-02 1.1760e+04
-4.1589e+06 4.9059e+01 -2.0008e+01 -8.2369e+03 -2.6630e-02 1.1855e+04
-4.1620e+06 4.9159e+01 2.9868e+01 -8.2028e+03 5.7359e-02 1.1949e+04
-4.1690e+06 4.9261e+01 7.9580e+01 -8.1683e+03 -5.5696e-02 1.2042e+04
-4.1655e+06 4.9322e+01 1.2912e+02 -8.1335e+03 -9.7873e-02 1.2134e+04
-4.1690e+06 4.9373e+01 1.7849e+02 -8.0984e+03 -4.0111e-02 1.2225e+04
-4.1627e+06 4.9485e+01 2.2768e+02 -8.0630e+03 2.2774e-01 1.2315e+04
-4.1636e+06 4.9638e+01 2.7668e+02 -8.0273e+03 3.4565e-01 1.2404e+04
-4.1570e+06 4.9707e+01 3.2550e+02 -7.9913e+03 2.3953e-01 1.2492e+04
-4.1629e+06 4.9636e+01 3.7411e+02 -7.9551e+03 -3.5580e-01 1.2579e+04
-4.1616e+06 4.9554e+01 4.2253e+02 -7.9186e+03 -6.7941e-01 1.2665e+04
-4.1676e+06 4.9604e+01 4.7073e+02 -7.8819e+03 -3.9195e-01 1.2749e+04
-4.1611e+06 4.9757e+01 5.1873e+02 -7.8450e+03 -4.1410e-02 1.2832e+04
-4.1579e+06 4.9869e+01 5.6651e+02 -7.8079e+03 6.9760e-01 1.2914e+04
-4.1475e+06 4.9886e+01 6.1407e+02 -7.7706e+03 1.1900e+00 1.2995e+04
-4.1551e+06 4.9902e+01 6.6140e+02 -7.7332e+03 3.7099e-01 1.3075e+04
-4.1530e+06 5.0016e+01 7.0851e+02 -7.6956e+03 -4.9943e-01 1.3154e+04
-4.1530e+06 5.0172e+01 7.5538e+02 -7.6579e+03 -1.8508e-01 1.3231e+04
-4.1449e+06 5.0218e+01 8.0202e+02 -7.6200e+03 -3.1610e-01 1.3307e+04
-4.1488e+06 5.0136e+01 8.4841e+02 -7.5821e+03 -8.9576e-01 1.3383e+04
-4.1411e+06 5.0059e+01 8.9456e+02 -7.5440e+03 -1.3078e+00 1.3456e+04
-4.1276e+06 5.0316e+01 9.4046e+02 -7.5059e+03 -1.8790e+00 1.3529e+04
-4.0839e+06 5.1392e+01 9.8611e+02 -7.4677e+03 -2.1654e+00 1.3600e+04
-4.0234e+06 5.3234e+01 1.0315e+03 -7.4294e+03 5.6048e-01 1.3671e+04
-3.9573e+06 5.5015e+01 1.0766e+03 -7.3911e+03 4.2020e+00 1.3740e+04
-3.9190e+06 5.6125e+01 1.1215e+03 -7.3528e+03 3.0231e-03 1.3807e+04
-3.8831e+06 5.6665e+01 1.1661e+03 -7.3145e+03 -2.6627e+00 1.3865e+04
-3.8707e+06 5.6918e+01 1.2105e+03 -7.2762e+03 7.0282e-01 1.3937e+04
-4.1134e+06 4.9441e+01 -3.7188e+02 -8.4050e+03 1.7565e+00 1.1348e+04
-4.1053e+06 4.9503e+01 -3.2105e+02 -8.3729e+03 3.8827e+00 1.1457e+04
-4.0986e+06 4.9528e+01 -2.7033e+02 -8.3405e+03 2.8539e-01 1.1548e+04
-4.1032e+06 4.9533e+01 -2.1975e+02 -8.3076e+03 -3.1476e-01 1.1648e+04
-4.1091e+06 4.9541e+01 -1.6929e+02 -8.2744e+03 6.9379e-01 1.1745e+04
-4.1243e+06 4.9571e+01 -1.1898e+02 -8.2408e+03 4.3675e-02 1.1842e+04
-4.1323e+06 4.9636e+01 -6.8810e+01 -8.2067e+03 -2.8611e-01 1.1938e+04
-4.1395e+06 4.9762e+01 -1.8793e+01 -8.1724e+03 -1.7810e-01 1.2032e+04
-4.1373e+06 4.9908e+01 3.1064e+01 -8.1377e+03 -6.2442e-02 1.2126e+04
-4.1420e+06 4.9987e+01 8.0757e+01 -8.1026e+03 -4.6929e-02 1.2218e+04
-4.1416e+06 5.0011e+01 1.3028e+02 -8.0673e+03 -3.0295e-02 1.2310e+04
-4.1460e+06 5.0076e+01 1.7963e+02 -8.0316e+03 1.1859e-01 1.2400e+04
-4.1389e+06 5.0221e+01 2.2879e+02 -7.9957e+03 -5.2601e-02 1.2490e+04
-4.1376e+06 5.0372e+01 2.7777e+02 -7.9595e+03 -3.3307e-01 1.2578e+04
-4.1346e+06 5.0404e+01 3.2655e+02 -7.9230e+03 -4.5128e-01 1.2665e+04
-4.1453e+06 5.0318e+01 3.7514e+02 -7.8863e+03 -4.5977e-01 1.2751e+04
-4.1440e+06 5.0273e+01 4.2352e+02 -7.8494e+03 -5.8369e-01 1.2836e+04
-4.1433e+06 5.0360e+01 4.7170e+02 -7.8122e+03 -4.3110e-01 1.2919e+04
-4.1307e+06 5.0489e+01 5.1966e+02 -7.7749e+03 3.9826e-01 1.3002e+04
-4.1312e+06 5.0560e+01 5.6740e+02 -7.7374e+03 8.5842e-01 1.3083e+04
-4.1296e+06 5.0614e+01 6.1493e+02 -7.6997e+03 3.9147e-02 1.3163e+04
-4.1343e+06 5.0729e+01 6.6222e+02 -7.6619e+03 -9.6088e-01 1.3242e+04
-4.1233e+06 5.0869e+01 7.0929e+02 -7.6239e+03 -9.2224e-01 1.3320e+04
-4.1242e+06 5.0941e+01 7.5612e+02 -7.5858e+03 -8.8825e-01 1.3396e+04
-4.1197e+06 5.0932e+01 8.0272e+02 -7.5476e+03 -8.9970e-01 1.3471e+04
-4.1196e+06 5.0871e+01 8.4907e+02 -7.5093e+03 -1.0277e+00 1.3545e+04
-4.1026e+06 5.0916e+01 8.9517e+02 -7.4710e+03 -2.1661e+00 1.3618e+04
-4.0792e+06 5.1520e+01 9.4103e+02 -7.4325e+03 -3.8004e+00 1.3690e+04
-4.0237e+06 5.3009e+01 9.8663e+02 -7.3941e+03 -1.9749e+00 1.3761e+04
-3.9633e+06 5.4991e+01 1.0320e+03 -7.3556e+03 1.7033e+00 1.3830e+04
-3.9023e+06 5.6661e+01 1.0771e+03 -7.3170e+03 -1.1575e+00 1.3897e+04
-3.8580e+06 5.7608e+01 1.1219e+03 -7.2785e+03 -2.6070e+00 1.3955e+04
-3.8376e+06 5.8025e+01 1.1665e+03 -7.2400e+03 1.4435e-01 1.4027e+04
-4.1008e+06 4.9963e+01 -4.2161e+02 -8.3757e+03 1.7147e+00 1.1427e+04
-4.0829e+06 5.0043e+01 -3.7066e+02 -8.3434e+03 4.0349e+00 1.1537e+04
-4.0743e+06 5.0082e+01 -3.1984e+02 -8.3108e+03 1.1983e+00 1.1629e+04
-4.0724e+06 5.0103e+01 -2.6913e+02 -8.2777e+03 5.3325e-01 1.1728e+04
-4.0851e+06 5.0161e+01 -2.1855e+02 -8.2442e+03 1.1226e+00 1.1827e+04
-4.0933e+06 5.0252e+01 -1.6811e+02 -8.2103e+03 5.8987e-01 1.1924e+04
-4.1080e+06 5.0312e+01 -1.1781e+02 -8.1761e+03 4.9032e-01 1.2020e+04
-4.1117e+06 5.0368e+01 -6.7656e+01 -8.1415e+03 5.8014e-01 1.2115e+04
-4.1176e+06 5.0479e+01 -1.7657e+01 -8.1065e+03 5.1946e-01 1.2209e+04
-4.1130e+06 5.0589e+01 3.2182e+01 -8.0712e+03 3.1826e-01 1.2302e+04
-4.1172e+06 5.0646e+01 8.1854e+01 -8.0357e+03 2.8813e-01 1.2394e+04
-4.1148e+06 5.0683e+01 1.3135e+02 -7.9998e+03 4.7334e-01 1.2485e+04
-4.1200e+06 5.0767e+01 1.8068e+02 -7.9636e+03 1.6515e-01 1.2574e+04
-4.1135e+06 5.0942e+01 2.2981e+02 -7.9271e+03 -7.9409e-02 1.2663e+04
-4.1122e+06 5.1113e+01 2.7876e+02 -7.8904e+03 2.6682e-01 1.2750e+04
-4.1060e+06 5.1141e+01 3.2752e+02 -7.8535e+03 6.1852e-01 1.2837e+04
-4.1153e+06 5.1077e+01 3.7607e+02 -7.8163e+03 2.9935e-01 1.2922e+04
-4.1150e+06 5.1064e+01 4.2443e+02 -7.7789e+03 -1.8282e-01 1.3006e+04
-4.1168e+06 5.1132e+01 4.7257e+02 -7.7414e+03 -1.5644e-01 1.3089e+04
-4.1072e+06 5.1232e+01 5.2049e+02 -7.7036e+03 5.7864e-02 1.3170e+04
-4.1102e+06 5.1362e+01 5.6820e+02 -7.6657e+03 -2.6602e-01 1.3251e+04
-4.1000e+06 5.1523e+01 6.1569e+02 -7.6276e+03 -1.6820e-01 1.3330e+04
-4.0912e+06 5.1657e+01 6.6295e+02 -7.5894e+03 1.2948e+00 1.3408e+04
-4.0817e+06 5.1728e+01 7.0997e+02 -7.5511e+03 1.2946e+00 1.3484e+04
-4.0884e+06 5.1766e+01 7.5676e+02 -7.5127e+03 2.7488e-01 1.3560e+04
-4.0813e+06 5.1773e+01 8.0331e+02 -7.4741e+03 -2.0888e-01 1.3634e+04
-4.0772e+06 5.1752e+01 8.4962e+02 -7.4356e+03 -1.3933e+00 1.3707e+04
-4.0554e+06 5.1994e+01 8.9568e+02 -7.3969e+03 -3.2449e+00 1.3779e+04
-4.0190e+06 5.3039e+01 9.4149e+02 -7.3582e+03 -2.2211e+00 1.3850e+04
-3.9544e+06 5.5008e+01 9.8704e+02 -7.3195e+03 6.1983e-01 1.3919e+04
-3.8880e+06 5.7135e+01 1.0323e+03 -7.2807e+03 -1.5907e+00 1.3986e+04
-3.8255e+06 5.8539e+01 1.0774e+03 -7.2420e+03 -1.7936e+00 1.4045e+04
-3.8030e+06 5.9187e+01 1.1222e+03 -7.2032e+03 7.0029e-01 1.4117e+04
-4.0864e+06 5.0480e+01 -4.7149e+02 -8.3459e+03 6.3352e-01 1.1506e+04
-4.0761e+06 5.0568e+01 -4.2045e+02 -8.3134e+03 4.1894e+00 1.1616e+04
-4.0644e+06 5.0628e+01 -3.6951e+02 -8.2805e+03 1.6506e+00 1.1708e+04
-4.0652e+06 5.0712e+01 -3.1869e+02 -8.2472e+03 4.2570e-01 1.1808e+04
-4.0676e+06 5.0867e+01 -2.6799e+02 -8.2135e+03 1.1170e+00 1.1907e+04
-4.0787e+06 5.1057e+01 -2.1743e+02 -8.1794e+03 1.2433e+00 1.2005e+04
-4.0870e+06 5.1130e+01 -1.6700e+02 -8.1449e+03 1.6182e+00 1.2101e+04
-4.1027e+06 5.1081e+01 -1.1671e+02 -8.1101e+03 1.0944e+00 1.2197e+04
-4.1036e+06 5.1074e+01 -6.6578e+01 -8.0749e+03 7.1551e-01 1.2291e+04
-4.1034e+06 5.1176e+01 -1.6598e+01 -8.0394e+03 8.4974e-01 1.2385e+04
-4.0994e+06 5.1304e+01 3.3220e+01 -8.0035e+03 7.4397e-01 1.2477e+04
-4.1059e+06 5.1373e+01 8.2870e+01 -7.9674e+03 7.8221e-01 1.2568e+04
-4.1036e+06 5.1405e+01 1.3235e+02 -7.9310e+03 5.1217e-01 1.2659e+04
-4.1047e+06 5.1531e+01 1.8164e+02 -7.8943e+03 2.1676e-01 1.2748e+04
-4.0961e+06 5.1758e+01 2.3075e+02 -7.8573e+03 5.5297e-01 1.2835e+04
-4.0985e+06 5.1923e+01 2.7967e+02 -7.8202e+03 9.7659e-01 1.2922e+04
-4.0937e+06 5.1954e+01 3.2840e+02 -7.7827e+03 7.8430e-01 1.3007e+04
-4.0986e+06 5.1920e+01 3.7692e+02 -7.7451e+03 2.0643e-01 1.3092e+04
-4.0959e+06 5.1900e+01 4.2524e+02 -7.7073e+03 -2.2976e-01 1.3175e+04
-4.1007e+06 5.1957e+01 4.7335e+02 -7.6693e+03 -2.7913e-01 1.3257e+04
-4.0927e+06 5.2125e+01 5.2124e+02 -7.6312e+03 -2.4357e-01 1.3337e+04
-4.0873e+06 5.2346e+01 5.6891e+02 -7.5929e+03 2.1073e-01 1.3417e+04
-4.0663e+06 5.2498e+01 6.1636e+02 -7.5544e+03 1.6376e+00 1.3495e+04
-4.0673e+06 5.2553e+01 6.6357e+02 -7.5159e+03 1.4954e+00 1.3572e+04
-4.0684e+06 5.2580e+01 7.1056e+02 -7.4772e+03 4.1661e-01 1.3648e+04
-4.0708e+06 5.2612e+01 7.5730e+02 -7.4385e+03 -1.6654e-01 1.3722e+04
-4.0530e+06 5.2635e+01 8.0381e+02 -7.3996e+03 -6.9018e-01 1.3795e+04
-4.0344e+06 5.2824e+01 8.5007e+02 -7.3608e+03 -9.4067e-01 1.3867e+04
-3.9955e+06 5.3706e+01 8.9608e+02 -7.3218e+03 1.4351e-01 1.3939e+04
-3.9472e+06 5.5662e+01 9.4185e+02 -7.2829e+03 1.9317e+00 1.4008e+04
-3.8692e+06 5.8032e+01 9.8735e+02 -7.2439e+03 -4.7075e-01 1.4074e+04
-3.8009e+06 5.9709e+01 1.0326e+03 -7.2049e+03 -7.3100e-01 1.4133e+04
-3.7711e+06 6.0524e+01 1.0776e+03 -7.1660e+03 1.8593e+00 1.4206e+04
-4.0692e+06 5.1150e+01 -5.2154e+02 -8.3156e+03 2.0250e+00 1.1585e+04
-4.0616e+06 5.1201e+01 -4.7039e+02 -8.2829e+03 5.9069e+00 1.1696e+04
-4.0570e+06 5.1239e+01 -4.1935e+02 -8.2498e+03 2.1876e+00 1.1787e+04
-4.0512e+06 5.1387e+01 -3.6842e+02 -8.2163e+03 8.5697e-01 1.1888e+04
-4.0534e+06 5.1616e+01 -3.1761e+02 -8.1823e+03 2.1269e+00 1.1987e+04
-4.0556e+06 5.1850e+01 -2.6693e+02 -8.1480e+03 2.6720e+00 1.2086e+04
-4.0747e+06 5.1947e+01 -2.1638e+02 -8.1133e+03 2.8399e+00 1.2182e+04
-4.0985e+06 5.1874e+01 -1.6596e+02 -8.0782e+03 4.9229e-01 1.2279e+04
-4.1143e+06 5.1792e+01 -1.1569e+02 -8.0428e+03 -7.8766e-01 1.2374e+04
-4.0963e+06 5.1848e+01 -6.5576e+01 -8.0070e+03 1.0447e+00 1.2467e+04
-4.0864e+06 5.2006e+01 -1.5617e+01 -7.9709e+03 2.2418e+00 1.2560e+04
-4.0817e+06 5.2117e+01 3.4179e+01 -7.9345e+03 2.0959e+00 1.2652e+04
-4.0897e+06 5.2134e+01 8.3805e+01 -7.8979e+03 1.7194e+00 1.2742e+04
-4.0869e+06 5.2204e+01 1.3326e+02 -7.8610e+03 1.4968e+00 1.2831e+04
-4.0845e+06 5.2411e+01 1.8252e+02 -7.8238e+03 1.6974e+00 1.2920e+04
-4.0715e+06 5.2642e+01 2.3161e+02 -7.7863e+03 2.0020e+00 1.3007e+04
-4.0736e+06 5.2796e+01 2.8050e+02 -7.7487e+03 2.0989e+00 1.3092e+04
-4.0717e+06 5.2845e+01 3.2919e+02 -7.7108e+03 1.9630e+00 1.3177e+04
-4.0782e+06 5.2799e+01 3.7768e+02 -7.6728e+03 1.6056e+00 1.3260e+04
-4.0727e+06 5.2761e+01 4.2596e+02 -7.6345e+03 1.4042e+00 1.3343e+04
-4.0759e+06 5.2866e+01 4.7403e+02 -7.5962e+03 1.4235e+00 1.3423e+04
-4.0672e+06 5.3096e+01 5.2189e+02 -7.5576e+03 1.4302e+00 1.3503e+04
-4.0655e+06 5.3297e+01 5.6952e+02 -7.5189e+03 1.6963e+00 1.3582e+04
-4.0561e+06 5.3382e+01 6.1693e+02 -7.4801e+03 1.4649e+00 1.3659e+04
-4.0579e+06 5.3388e+01 6.6410e+02 -7.4413e+03 1.0705e+00 1.3735e+04
-4.0496e+06 5.3383e+01 7.1104e+02 -7.4023e+03 5.5417e-01 1.3809e+04
-4.0431e+06 5.3433e+01 7.5775e+02 -7.3632e+03 4.7281e-01 1.3882e+04
-4.0159e+06 5.3682e+01 8.0421e+02 -7.3241e+03 9.6269e-01 1.3955e+04
-3.9863e+06 5.4583e+01 8.5042e+02 -7.2850e+03 1.9351e+00 1.4026e+04
-3.9265e+06 5.6598e+01 8.9639e+02 -7.2458e+03 2.5751e+00 1.4096e+04
-3.8476e+06 5.9156e+01 9.4210e+02 -7.2066e+03 -9.9214e-01 1.4163e+04
-3.7640e+06 6.1039e+01 9.8756e+02 -7.1674e+03 -6.7726e-02 1.4222e+04
-3.7341e+06 6.1980e+01 1.0328e+03 -7.1283e+03 4.1054e+00 1.4296e+04
-4.0455e+06 5.1785e+01 -5.7174e+02 -8.2849e+03 3.4238e+00 1.1664e+04
-4.0367e+06 5.1972e+01 -5.2050e+02 -8.2520e+03 6.8293e+00 1.1776e+04
-4.0313e+06 5.2009e+01 -4.6936e+02 -8.2186e+03 2.6856e+00 1.1869e+04
-4.0307e+06 5.2160e+01 -4.1832e+02 -8.1848e+03 1.4104e+00 1.1970e+04
-4.0255e+06 5.2362e+01 -3.6740e+02 -8.1506e+03 2.8015e+00 1.2069e+04
-4.0338e+06 5.2517e+01 -3.1661e+02 -8.1161e+03 2.9291e+00 1.2168e+04
-4.0476e+06 5.2595e+01 -2.6593e+02 -8.0811e+03 2.8138e+00 1.2265e+04
-4.0837e+06 5.2599e+01 -2.1540e+02 -8.0458e+03 -3.4228e-01 1.2362e+04
-4.1040e+06 5.2575e+01 -1.6500e+02 -8.0101e+03 -3.2599e+00 1.2457e+04
-4.0911e+06 5.2620e+01 -1.1475e+02 -7.9741e+03 -6.2510e-01 1.2551e+04
-4.0632e+06 5.2753e+01 -6.4651e+01 -7.9378e+03 2.7052e+00 1.2645e+04
-4.0615e+06 5.2851e+01 -1.4714e+01 -7.9012e+03 2.7810e+00 1.2737e+04
-4.0603e+06 5.2850e+01 3.5059e+01 -7.8643e+03 2.0051e+00 1.2827e+04
-4.0629e+06 5.2891e+01 8.4659e+01 -7.8271e+03 1.8761e+00 1.2917e+04
-4.0547e+06 5.3075e+01 1.3408e+02 -7.7897e+03 2.0020e+00 1.3006e+04
-4.0537e+06 5.3316e+01 1.8332e+02 -7.7520e+03 2.1780e+00 1.3093e+04
-4.0436e+06 5.3535e+01 2.3238e+02 -7.7141e+03 2.3722e+00 1.3179e+04
-4.0443e+06 5.3697e+01 2.8124e+02 -7.6760e+03 2.5342e+00 1.3264e+04
-4.0408e+06 5.3734e+01 3.2989e+02 -7.6377e+03 2.3974e+00 1.3347e+04
-4.0487e+06 5.3667e+01 3.7835e+02 -7.5993e+03 2.1010e+00 1.3430e+04
-4.0458e+06 5.3652e+01 4.2660e+02 -7.5606e+03 1.7836e+00 1.3511e+04
-4.0491e+06 5.3795e+01 4.7463e+02 -7.5219e+03 1.5407e+00 1.3591e+04
-4.0383e+06 5.4023e+01 5.2245e+02 -7.4830e+03 1.6976e+00 1.3670e+04
-4.0383e+06 5.4197e+01 5.7004e+02 -7.4439e+03 1.5932e+00 1.3747e+04
-4.0293e+06 5.4247e+01 6.1740e+02 -7.4048e+03 1.3926e+00 1.3823e+04
-4.0282e+06 5.4225e+01 6.6453e+02 -7.3656e+03 1.1705e+00 1.3898e+04
-4.0123e+06 5.4270e+01 7.1143e+02 -7.3263e+03 8.8493e-01 1.3971e+04
-4.0029e+06 5.4521e+01 7.5809e+02 -7.2870e+03 -2.0603e-01 1.4044e+04
-3.9686e+06 5.5361e+01 8.0450e+02 -7.2476e+03 -5.7471e-01 1.4115e+04
-3.9140e+06 5.7343e+01 8.5067e+02 -7.2082e+03 -5.5219e-01 1.4185e+04
-3.8202e+06 6.0064e+01 8.9659e+02 -7.1688e+03 -2.8068e+00 1.4251e+04
-3.7391e+06 6.2230e+01 9.4225e+02 -7.1294e+03 3.4354e-01 1.4311e+04
-3.7080e+06 6.3358e+01 9.8766e+02 -7.0900e+03 3.3474e+00 1.4385e+04
-4.0277e+06 5.2024e+01 -6.2208e+02 -8.2537e+03 5.5626e-01 1.1743e+04
-4.0144e+06 5.2669e+01 -5.7075e+02 -8.2205e+03 3.0123e+00 1.1856e+04
-4.0119e+06 5.2894e+01 -5.1952e+02 -8.1869e+03 -2.4325e+00 1.1946e+04
-4.0055e+06 5.3015e+01 -4.6839e+02 -8.1529e+03 -3.5572e+00 1.2049e+04
-4.0103e+06 5.3107e+01 -4.1736e+02 -8.1185e+03 -2.5067e+00 1.2148e+04
-4.0137e+06 5.3124e+01 -3.6645e+02 -8.0837e+03 -3.0872e+00 1.2248e+04
-4.0322e+06 5.3143e+01 -3.1567e+02 -8.0485e+03 -2.9967e+00 1.2346e+04
-4.0519e+06 5.3229e+01 -2.6501e+02 -8.0129e+03 -4.5053e+00 1.2442e+04
-4.0777e+06 5.3328e+01 -2.1449e+02 -7.9770e+03 -7.0216e+00 1.2538e+04
-4.0653e+06 5.3423e+01 -1.6411e+02 -7.9408e+03 -5.8149e+00 1.2633e+04
-4.0468e+06 5.3539e+01 -1.1388e+02 -7.9042e+03 -3.3154e+00 1.2726e+04
-4.0361e+06 5.3606e+01 -6.3803e+01 -7.8674e+03 -3.4131e+00 1.2819e+04
-4.0443e+06 5.3585e+01 -1.3889e+01 -7.8302e+03 -4.3157e+00 1.2910e+04
-4.0418e+06 5.3611e+01 3.5858e+01 -7.7928e+03 -4.4932e+00 1.3000e+04
-4.0391e+06 5.3783e+01 8.5433e+01 -7.7551e+03 -4.4673e+00 1.3089e+04
-4.0248e+06 5.4010e+01 1.3483e+02 -7.7172e+03 -4.4188e+00 1.3177e+04
-4.0251e+06 5.4218e+01 1.8404e+02 -7.6791e+03 -4.3482e+00 1.3263e+04
-4.0198e+06 5.4429e+01 2.3306e+02 -7.6408e+03 -4.0650e+00 1.3349e+04
-4.0224e+06 5.4600e+01 2.8189e+02 -7.6022e+03 -3.8410e+00 1.3433e+04
-4.0159e+06 5.4643e+01 3.3051e+02 -7.5635e+03 -4.0642e+00 1.3515e+04
-4.0234e+06 5.4594e+01 3.7893e+02 -7.5247e+03 -4.6928e+00 1.3597e+04
-4.0211e+06 5.4600e+01 4.2714e+02 -7.4856e+03 -5.2642e+00 1.3677e+04
-4.0235e+06 5.4754e+01 4.7513e+02 -7.4465e+03 -5.1556e+00 1.3756e+04
-4.0108e+06 5.4987e+01 5.2291e+02 -7.4072e+03 -5.0169e+00 1.3834e+04
-4.0035e+06 5.5153e+01 5.7046e+02 -7.3679e+03 -4.6515e+00 1.3910e+04
-3.9872e+06 5.5207e+01 6.1778e+02 -7.3285e+03 -4.3535e+00 1.3985e+04
-3.9841e+06 5.5269e+01 6.6487e+02 -7.2890e+03 -4.9120e+00 1.4059e+04
-3.9727e+06 5.5495e+01 7.1172e+02 -7.2494e+03 -6.7280e+00 1.4131e+04
-3.9471e+06 5.6261e+01 7.5833e+02 -7.2098e+03 -7.4207e+00 1.4203e+04
-3.8795e+06 5.8207e+01 8.0470e+02 -7.1702e+03 -6.6219e+00 1.4273e+04
-3.7995e+06 6.1068e+01 8.5082e+02 -7.1306e+03 -6.9213e+00 1.4340e+04
-3.7095e+06 6.3467e+01 8.9669e+02 -7.0910e+03 -3.8831e+00 1.4398e+04
-3.6720e+06 6.4736e+01 9.4230e+02 -7.0514e+03 -2.5849e+00 1.4474e+04
-4.0466e+06 5.2010e+01 -6.7256e+02 -8.2220e+03 1.0763e+00 1.1817e+04
-4.0085e+06 5.3125e+01 -6.2115e+02 -8.1886e+03 4.4037e-01 1.1932e+04
-3.9924e+06 5.3685e+01 -5.6983e+02 -8.1548e+03 -5.5137e+00 1.2031e+04
-3.9932e+06 5.3842e+01 -5.1860e+02 -8.1205e+03 -5.7248e+00 1.2131e+04
-3.9896e+06 5.3849e+01 -4.6748e+02 -8.0859e+03 -5.1974e+00 1.2232e+04
-4.0017e+06 5.3799e+01 -4.1646e+02 -8.0508e+03 -6.0077e+00 1.2332e+04
-4.0087e+06 5.3793e+01 -3.6557e+02 -8.0154e+03 -5.9636e+00 1.2430e+04
-4.0212e+06 5.3908e+01 -3.1480e+02 -7.9796e+03 -5.9306e+00 1.2528e+04
-4.0254e+06 5.4077e+01 -2.6415e+02 -7.9434e+03 -6.2212e+00 1.2624e+04
-4.0274e+06 5.4234e+01 -2.1365e+02 -7.9070e+03 -5.7233e+00 1.2719e+04
-4.0175e+06 5.4376e+01 -1.6329e+02 -7.8702e+03 -5.1668e+00 1.2813e+04
-4.0189e+06 5.4445e+01 -1.1308e+02 -7.8331e+03 -5.6644e+00 1.2906e+04
-4.0173e+06 5.4421e+01 -6.3031e+01 -7.7957e+03 -6.4640e+00 1.2997e+04
-4.0210e+06 5.4434e+01 -1.3142e+01 -7.7580e+03 -6.6915e+00 1.3088e+04
-4.0126e+06 5.4586e+01 3.6578e+01 -7.7201e+03 -6.4082e+00 1.3177e+04
-4.0112e+06 5.4790e+01 8.6124e+01 -7.6820e+03 -6.1346e+00 1.3265e+04
-4.0005e+06 5.4953e+01 1.3549e+02 -7.6436e+03 -6.1273e+00 1.3352e+04
-4.0001e+06 5.5130e+01 1.8467e+02 -7.6050e+03 -6.1396e+00 1.3437e+04
-3.9916e+06 5.5362e+01 2.3366e+02 -7.5662e+03 -5.7718e+00 1.3522e+04
-3.9938e+06 5.5569e+01 2.8245e+02 -7.5273e+03 -5.3291e+00 1.3605e+04
-3.9886e+06 5.5642e+01 3.3104e+02 -7.4882e+03 -5.3925e+00 1.3686e+04
-3.9940e+06 5.5608e+01 3.7942e+02 -7.4489e+03 -5.8252e+00 1.3767e+04
-3.9852e+06 5.5624e+01 4.2759e+02 -7.4096e+03 -6.0963e+00 1.3846e+04
-3.9855e+06 5.5791e+01 4.7555e+02 -7.3701e+03 -6.5453e+00 1.3924e+04
-3.9676e+06 5.6037e+01 5.2328e+02 -7.3305e+03 -6.0684e+00 1.4000e+04
-3.9539e+06 5.6232e+01 5.7079e+02 -7.2908e+03 -4.8914e+00 1.4076e+04
-3.9345e+06 5.6361e+01 6.1807e+02 -7.2511e+03 -4.7155e+00 1.4150e+04
-3.9371e+06 5.6537e+01 6.6511e+02 -7.2113e+03 -6.7873e+00 1.4222e+04
-3.9050e+06 5.7185e+01 7.1192e+02 -7.1715e+03 -7.1115e+00 1.4293e+04
-3.8530e+06 5.9058e+01 7.5848e+02 -7.1317e+03 -5.0015e+00 1.4364e+04
-3.7560e+06 6.2039e+01 8.0480e+02 -7.0918e+03 -4.7899e+00 1.4432e+04
-3.6707e+06 6.4717e+01 8.5087e+02 -7.0520e+03 -2.9889e-02 1.4492e+04
-3.6356e+06 6.6230e+01 8.9668e+02 -7.0122e+03 3.2726e+00 1.4560e+04
-4.0414e+06 5.2176e+01 -7.2318e+02 -8.1899e+03 -5.5559e-01 1.1897e+04
-3.9938e+06 5.3488e+01 -6.7169e+02 -8.1562e+03 1.6609e-01 1.2001e+04
-3.9872e+06 5.4297e+01 -6.2028e+02 -8.1222e+03 1.0829e+00 1.2108e+04
-3.9699e+06 5.4546e+01 -5.6896e+02 -8.0877e+03 -2.9221e-03 1.2207e+04
-3.9755e+06 5.4560e+01 -5.1775e+02 -8.0528e+03 -2.6464e-01 1.2308e+04
-3.9774e+06 5.4552e+01 -4.6663e+02 -8.0175e+03 -5.2962e-01 1.2408e+04
-3.9902e+06 5.4594e+01 -4.1563e+02 -7.9818e+03 -6.7848e-01 1.2507e+04
-3.9935e+06 5.4711e+01 -3.6475e+02 -7.9458e+03 -3.4347e-01 1.2605e+04
-4.0008e+06 5.4879e+01 -3.1399e+02 -7.9094e+03 -2.7832e-01 1.2701e+04
-3.9965e+06 5.5069e+01 -2.6337e+02 -7.8727e+03 2.7256e-02 1.2797e+04
-3.9952e+06 5.5259e+01 -2.1289e+02 -7.8356e+03 2.6578e-01 1.2891e+04
-3.9867e+06 5.5365e+01 -1.6255e+02 -7.7983e+03 5.4762e-02 1.2984e+04
-3.9932e+06 5.5343e+01 -1.1236e+02 -7.7607e+03 -5.2100e-01 1.3077e+04
-3.9942e+06 5.5317e+01 -6.2337e+01 -7.7228e+03 -7.3959e-01 1.3167e+04
-3.9947e+06 5.5424e+01 -1.2474e+01 -7.6846e+03 -4.6994e-01 1.3257e+04
-3.9824e+06 5.5617e+01 3.7219e+01 -7.6462e+03 -4.0275e-01 1.3345e+04
-3.9826e+06 5.5783e+01 8.6735e+01 -7.6076e+03 -6.2096e-01 1.3432e+04
-3.9762e+06 5.5923e+01 1.3607e+02 -7.5688e+03 -8.5733e-01 1.3518e+04
-3.9764e+06 5.6115e+01 1.8522e+02 -7.5298e+03 -6.5996e-01 1.3602e+04
-3.9675e+06 5.6383e+01 2.3417e+02 -7.4906e+03 -3.5298e-01 1.3686e+04
-3.9764e+06 5.6628e+01 2.8293e+02 -7.4512e+03 -7.8056e-01 1.3768e+04
-3.9694e+06 5.6724e+01 3.3148e+02 -7.4118e+03 -7.5231e-01 1.3849e+04
-3.9650e+06 5.6699e+01 3.7982e+02 -7.3721e+03 -1.9563e-01 1.3928e+04
-3.9544e+06 5.6722e+01 4.2795e+02 -7.3324e+03 -1.0709e+00 1.4006e+04
-3.9469e+06 5.6903e+01 4.7587e+02 -7.2926e+03 -1.1630e+00 1.4083e+04
-3.9185e+06 5.7174e+01 5.2356e+02 -7.2527e+03 5.6353e-01 1.4158e+04
-3.9118e+06 5.7396e+01 5.7102e+02 -7.2128e+03 9.3995e-01 1.4232e+04
-3.9098e+06 5.7523e+01 6.1825e+02 -7.1728e+03 -1.7175e+00 1.4305e+04
-3.8949e+06 5.7902e+01 6.6525e+02 -7.1327e+03 -1.5242e+00 1.4376e+04
-3.8468e+06 5.9352e+01 7.1201e+02 -7.0927e+03 -3.0453e-01 1.4446e+04
-3.7717e+06 6.2146e+01 7.5853e+02 -7.0526e+03 -1.9243e+00 1.4512e+04
-3.6763e+06 6.5249e+01 8.0479e+02 -7.0126e+03 3.1180e+00 1.4582e+04
-3.5959e+06 6.7529e+01 8.5081e+02 -6.9726e+03 5.1298e+00 1.4646e+04
