  1    1089
-1.0176e+06 1.9490e+01 -1.2200e+03 4.6926e+03 6.8568e+01 -5.5705e+03
-1.7010e+06 2.4340e+01 -1.3040e+03 4.6563e+03 8.9878e+01 -5.6177e+03
-1.6973e+06 2.6415e+01 -1.3853e+03 4.6188e+03 5.3114e+01 -5.6645e+03
-2.7863e+06 2.6225e+01 -1.4638e+03 4.5805e+03 -1.9838e+01 -5.7104e+03
-2.6471e+06 2.6223e+01 -1.5397e+03 4.5413e+03 -1.2883e+01 -5.7535e+03
-3.2976e+06 2.6223e+01 -1.6130e+03 4.5014e+03 9.1297e+00 -5.7980e+03
-3.7750e+06 2.6249e+01 -1.6839e+03 4.4608e+03 -3.0809e+01 -5.8430e+03
-5.0210e+06 2.6276e+01 -1.7524e+03 4.4196e+03 -9.0466e+01 -5.8878e+03
-5.3173e+06 2.6282e+01 -1.8186e+03 4.3779e+03 -8.5333e+01 -5.9314e+03
-5.9866e+06 2.6281e+01 -1.8825e+03 4.3357e+03 -7.2033e+01 -5.9760e+03
-6.2385e+06 2.6286e+01 -1.9444e+03 4.2931e+03 -6.6487e+01 -6.0198e+03
-6.7977e+06 2.6283e+01 -2.0041e+03 4.2501e+03 -4.8952e+01 -6.0633e+03
-6.8145e+06 2.6377e+01 -2.0619e+03 4.2069e+03 -1.0206e+01 -6.1063e+03
-7.1741e+06 2.6115e+01 -2.1177e+03 4.1633e+03 1.2725e+01 -6.1497e+03
-7.3949e+06 2.3933e+01 -2.1718e+03 4.1196e+03 5.0152e+00 -6.1926e+03
-7.9739e+06 2.0743e+01 -2.2240e+03 4.0756e+03 -2.6332e+01 -6.2343e+03
-8.1316e+06 1.9221e+01 -2.2746e+03 4.0315e+03 -4.2797e+01 -6.2745e+03
-8.2900e+06 1.9114e+01 -2.3235e+03 3.9872e+03 -5.9960e+01 -6.3163e+03
-7.8986e+06 2.1829e+01 -2.3708e+03 3.9429e+03 -5.9572e+01 -6.3566e+03
-7.2291e+06 2.9017e+01 -2.4167e+03 3.8984e+03 -1.7658e+01 -6.3956e+03
-6.4037e+06 3.5235e+01 -2.4611e+03 3.8539e+03 2.6059e+01 -6.4370e+03
-6.1090e+06 3.6605e+01 -2.5040e+03 3.8094e+03 2.6315e+01 -6.4787e+03
-5.9544e+06 3.6282e+01 -2.5457e+03 3.7648e+03 1.2746e+01 -6.5173e+03
-5.9850e+06 3.6294e+01 -2.5860e+03 3.7202e+03 1.5159e+00 -6.5551e+03
-5.9459e+06 3.6304e+01 -2.6252e+03 3.6757e+03 -2.4066e+00 -6.5936e+03
-5.9465e+06 3.6307e+01 -2.6631e+03 3.6311e+03 -4.2572e+00 -6.6318e+03
-5.9151e+06 3.6311e+01 -2.6999e+03 3.5866e+03 -6.5071e+00 -6.6685e+03
-5.9452e+06 3.6315e+01 -2.7355e+03 3.5422e+03 -9.1285e+00 -6.7053e+03
-5.8995e+06 3.6309e+01 -2.7702e+03 3.4978e+03 -2.2545e+00 -6.7418e+03
-5.8690e+06 3.6303e+01 -2.8037e+03 3.4535e+03 3.9804e+00 -6.7773e+03
-5.8641e+06 3.6306e+01 -2.8364e+03 3.4092e+03 7.8096e+00 -6.8137e+03
-5.8887e+06 3.6312e+01 -2.8680e+03 3.3650e+03 -4.9227e-01 -6.8480e+03
-5.9101e+06 3.6318e+01 -2.8988e+03 3.3210e+03 -7.5361e+00 -6.8806e+03
-2.2502e+06 2.1065e+01 -1.1343e+03 4.6927e+03 5.3841e+01 -5.6438e+03
-3.3148e+06 2.5198e+01 -1.2187e+03 4.6575e+03 -9.5925e+00 -5.6786e+03
-3.6492e+06 2.6516e+01 -1.3004e+03 4.6213e+03 -6.6742e+01 -5.7184e+03
-4.1243e+06 2.6267e+01 -1.3795e+03 4.5840e+03 -7.7895e+01 -5.7651e+03
-4.0514e+06 2.6261e+01 -1.4559e+03 4.5459e+03 -4.1455e+01 -5.8094e+03
-4.7729e+06 2.6267e+01 -1.5299e+03 4.5069e+03 -3.5942e+01 -5.8557e+03
-5.4562e+06 2.6291e+01 -1.6015e+03 4.4672e+03 -6.5876e+01 -5.9010e+03
-6.3274e+06 2.6306e+01 -1.6707e+03 4.4268e+03 -8.8059e+01 -5.9456e+03
-6.5587e+06 2.6302e+01 -1.7377e+03 4.3858e+03 -7.0868e+01 -5.9895e+03
-6.8527e+06 2.6291e+01 -1.8025e+03 4.3444e+03 -4.9127e+01 -6.0344e+03
-6.9005e+06 2.6277e+01 -1.8652e+03 4.3024e+03 -2.6368e+01 -6.0779e+03
-7.1413e+06 2.6013e+01 -1.9258e+03 4.2600e+03 -6.1294e+00 -6.1211e+03
-7.2564e+06 2.5374e+01 -1.9845e+03 4.2173e+03 1.1411e+01 -6.1642e+03
-7.6278e+06 2.3903e+01 -2.0413e+03 4.1742e+03 1.1246e+01 -6.2074e+03
-7.9880e+06 2.0863e+01 -2.0962e+03 4.1309e+03 -8.4026e+00 -6.2498e+03
-8.4211e+06 1.7903e+01 -2.1494e+03 4.0873e+03 -3.8253e+01 -6.2917e+03
-8.5232e+06 1.6868e+01 -2.2009e+03 4.0435e+03 -6.0737e+01 -6.3340e+03
-8.3126e+06 1.9573e+01 -2.2508e+03 3.9996e+03 -6.2508e+01 -6.3766e+03
-7.4963e+06 2.6919e+01 -2.2991e+03 3.9554e+03 -1.6002e+01 -6.4150e+03
-6.6765e+06 3.3649e+01 -2.3459e+03 3.9112e+03 2.9083e+01 -6.4548e+03
-6.2105e+06 3.6021e+01 -2.3913e+03 3.8668e+03 3.0817e+01 -6.4982e+03
-6.0914e+06 3.6283e+01 -2.4352e+03 3.8224e+03 1.3684e+01 -6.5387e+03
-5.9992e+06 3.6293e+01 -2.4778e+03 3.7779e+03 6.5030e+00 -6.5764e+03
-5.9605e+06 3.6299e+01 -2.5191e+03 3.7334e+03 2.4808e+00 -6.6148e+03
-5.8544e+06 3.6297e+01 -2.5592e+03 3.6889e+03 1.7130e+00 -6.6535e+03
-5.7408e+06 3.6287e+01 -2.5980e+03 3.6443e+03 7.2163e+00 -6.6916e+03
-5.7087e+06 3.6289e+01 -2.6357e+03 3.5998e+03 7.0078e+00 -6.7283e+03
-5.8309e+06 3.6307e+01 -2.6723e+03 3.5553e+03 -5.7327e+00 -6.7654e+03
-5.9060e+06 3.6314e+01 -2.7078e+03 3.5108e+03 -1.0531e+01 -6.8015e+03
-5.9234e+06 3.6311e+01 -2.7423e+03 3.4664e+03 -6.9826e+00 -6.8365e+03
-5.8932e+06 3.6309e+01 -2.7758e+03 3.4220e+03 5.1335e+00 -6.8695e+03
-5.9065e+06 3.6311e+01 -2.8083e+03 3.3777e+03 7.6161e+00 -6.9120e+03
-5.9288e+06 3.6319e+01 -2.8399e+03 3.3335e+03 -7.0462e+00 -6.9555e+03
-4.0014e+06 2.3805e+01 -1.0510e+03 4.6904e+03 -5.6798e+01 -5.7128e+03
-4.5941e+06 2.5913e+01 -1.1356e+03 4.6565e+03 -1.0922e+02 -5.7565e+03
-4.5752e+06 2.6307e+01 -1.2176e+03 4.6213e+03 -7.4180e+01 -5.8080e+03
-4.4454e+06 2.6262e+01 -1.2970e+03 4.5852e+03 1.4966e+00 -5.8537e+03
-4.7860e+06 2.6256e+01 -1.3740e+03 4.5481e+03 1.8337e+01 -5.8994e+03
-5.6501e+06 2.6273e+01 -1.4485e+03 4.5100e+03 -1.8802e+01 -5.9452e+03
-6.4001e+06 2.6293e+01 -1.5207e+03 4.4712e+03 -5.0218e+01 -5.9903e+03
-6.8543e+06 2.6296e+01 -1.5906e+03 4.4317e+03 -4.9208e+01 -6.0350e+03
-6.9848e+06 2.6286e+01 -1.6582e+03 4.3915e+03 -3.0884e+01 -6.0794e+03
-7.0613e+06 2.6275e+01 -1.7238e+03 4.3508e+03 -1.2109e+01 -6.1238e+03
-7.1542e+06 2.6044e+01 -1.7872e+03 4.3095e+03 2.1307e+00 -6.1674e+03
-7.4300e+06 2.4721e+01 -1.8487e+03 4.2677e+03 2.8628e+00 -6.2111e+03
-7.8221e+06 2.2172e+01 -1.9082e+03 4.2255e+03 -1.0953e+01 -6.2545e+03
-8.2229e+06 1.9656e+01 -1.9658e+03 4.1830e+03 -2.3269e+01 -6.2971e+03
-8.4752e+06 1.7898e+01 -2.0216e+03 4.1401e+03 -2.9609e+01 -6.3395e+03
-8.6042e+06 1.6988e+01 -2.0757e+03 4.0969e+03 -4.1342e+01 -6.3820e+03
-8.4651e+06 1.8312e+01 -2.1281e+03 4.0535e+03 -5.4865e+01 -6.4247e+03
-7.8394e+06 2.4580e+01 -2.1789e+03 4.0098e+03 -2.8595e+01 -6.4651e+03
-6.9011e+06 3.2634e+01 -2.2281e+03 3.9660e+03 2.4678e+01 -6.5045e+03
-6.3384e+06 3.6114e+01 -2.2758e+03 3.9219e+03 3.5857e+01 -6.5471e+03
-6.1712e+06 3.6279e+01 -2.3221e+03 3.8778e+03 1.4756e+01 -6.5882e+03
-6.1234e+06 3.6298e+01 -2.3669e+03 3.8335e+03 2.3650e+00 -6.6267e+03
-6.0634e+06 3.6309e+01 -2.4104e+03 3.7892e+03 -1.4528e+00 -6.6657e+03
-5.9585e+06 3.6310e+01 -2.4526e+03 3.7447e+03 -5.2553e+00 -6.7048e+03
-5.7386e+06 3.6293e+01 -2.4936e+03 3.7003e+03 -5.6084e-02 -6.7434e+03
-5.4742e+06 3.6267e+01 -2.5333e+03 3.6558e+03 2.1741e+01 -6.7809e+03
-5.4602e+06 3.6271e+01 -2.5719e+03 3.6112e+03 2.3794e+01 -6.8174e+03
-5.6966e+06 3.6302e+01 -2.6093e+03 3.5667e+03 -1.1588e+00 -6.8547e+03
-5.8567e+06 3.6314e+01 -2.6457e+03 3.5222e+03 -1.0330e+01 -6.8919e+03
-5.8877e+06 3.6312e+01 -2.6810e+03 3.4777e+03 -8.8259e+00 -6.9271e+03
-5.8936e+06 3.6312e+01 -2.7154e+03 3.4332e+03 -1.6914e+00 -6.9621e+03
-5.9347e+06 3.6313e+01 -2.7487e+03 3.3888e+03 5.6882e+00 -6.9968e+03
-5.9851e+06 3.6321e+01 -2.7812e+03 3.3445e+03 -1.1386e+01 -7.0275e+03
-4.7460e+06 2.5815e+01 -9.6978e+02 4.6859e+03 -7.5577e+01 -5.7858e+03
-4.4828e+06 2.6304e+01 -1.0545e+03 4.6532e+03 -4.5960e+01 -5.8297e+03
-4.7698e+06 2.6248e+01 -1.1367e+03 4.6192e+03 8.4724e+00 -5.8801e+03
-4.8537e+06 2.6237e+01 -1.2165e+03 4.5841e+03 3.8148e+01 -5.9255e+03
-5.7725e+06 2.6246e+01 -1.2938e+03 4.5480e+03 4.6842e+00 -5.9705e+03
-6.3052e+06 2.6266e+01 -1.3688e+03 4.5110e+03 -2.8320e+01 -6.0155e+03
-6.9033e+06 2.6277e+01 -1.4415e+03 4.4731e+03 -3.4538e+01 -6.0608e+03
-6.9321e+06 2.6273e+01 -1.5119e+03 4.4344e+03 -2.1305e+01 -6.1057e+03
-7.1125e+06 2.6264e+01 -1.5802e+03 4.3950e+03 -9.1282e+00 -6.1504e+03
-7.0396e+06 2.6315e+01 -1.6464e+03 4.3550e+03 8.7135e+00 -6.1947e+03
-7.3640e+06 2.5339e+01 -1.7105e+03 4.3144e+03 1.1904e+01 -6.2386e+03
-7.7588e+06 2.2218e+01 -1.7727e+03 4.2732e+03 -9.4683e+00 -6.2822e+03
-8.3622e+06 1.8791e+01 -1.8330e+03 4.2316e+03 -3.5537e+01 -6.3256e+03
-8.5895e+06 1.7111e+01 -1.8914e+03 4.1896e+03 -4.0124e+01 -6.3683e+03
-8.7181e+06 1.6768e+01 -1.9480e+03 4.1472e+03 -3.7906e+01 -6.4111e+03
-8.5293e+06 1.7513e+01 -2.0029e+03 4.1044e+03 -4.3151e+01 -6.4539e+03
-8.0685e+06 2.2536e+01 -2.0561e+03 4.0614e+03 -3.0242e+01 -6.4958e+03
-7.1307e+06 3.1141e+01 -2.1078e+03 4.0181e+03 1.9908e+01 -6.5355e+03
-6.4849e+06 3.6074e+01 -2.1578e+03 3.9745e+03 4.1412e+01 -6.5774e+03
-6.2334e+06 3.6481e+01 -2.2064e+03 3.9308e+03 2.0427e+01 -6.6198e+03
-6.2127e+06 3.6293e+01 -2.2535e+03 3.8868e+03 1.7060e+00 -6.6590e+03
-6.1503e+06 3.6309e+01 -2.2992e+03 3.8428e+03 -2.3146e+00 -6.6979e+03
-6.1109e+06 3.6321e+01 -2.3435e+03 3.7986e+03 -7.1568e+00 -6.7374e+03
-5.9392e+06 3.6317e+01 -2.3866e+03 3.7543e+03 -1.2104e+01 -6.7763e+03
-5.6023e+06 3.6288e+01 -2.4284e+03 3.7099e+03 5.9398e+00 -6.8147e+03
-5.2389e+06 3.6257e+01 -2.4690e+03 3.6654e+03 4.4375e+01 -6.8523e+03
-5.3324e+06 3.6271e+01 -2.5084e+03 3.6209e+03 3.3841e+01 -6.8893e+03
-5.6729e+06 3.6307e+01 -2.5467e+03 3.5764e+03 -4.6280e+00 -6.9264e+03
-5.7793e+06 3.6309e+01 -2.5839e+03 3.5319e+03 3.2407e+00 -6.9627e+03
-5.7536e+06 3.6301e+01 -2.6201e+03 3.4874e+03 1.3071e+01 -6.9985e+03
-5.8266e+06 3.6307e+01 -2.6552e+03 3.4428e+03 4.6842e+00 -7.0332e+03
-5.9109e+06 3.6312e+01 -2.6894e+03 3.3984e+03 4.2144e+00 -7.0691e+03
-5.9713e+06 3.6317e+01 -2.7226e+03 3.3539e+03 -8.1421e+00 -7.1025e+03
-4.0055e+06 2.6212e+01 -8.9078e+02 4.6794e+03 7.2773e+01 -5.8590e+03
-4.3948e+06 2.6221e+01 -9.7556e+02 4.6478e+03 6.0384e+01 -5.9031e+03
-5.1669e+06 2.6228e+01 -1.0579e+03 4.6149e+03 2.4666e+01 -5.9520e+03
-5.8926e+06 2.6238e+01 -1.1378e+03 4.5809e+03 -5.7665e+00 -5.9963e+03
-6.4594e+06 2.6251e+01 -1.2155e+03 4.5458e+03 -2.5411e+01 -6.0423e+03
-6.7989e+06 2.6259e+01 -1.2908e+03 4.5097e+03 -2.4213e+01 -6.0881e+03
-6.9544e+06 2.6259e+01 -1.3639e+03 4.4727e+03 -1.3910e+01 -6.1336e+03
-7.0001e+06 2.6253e+01 -1.4348e+03 4.4349e+03 -3.4319e+00 -6.1784e+03
-7.0195e+06 2.6245e+01 -1.5036e+03 4.3963e+03 7.6332e+00 -6.2231e+03
-7.1085e+06 2.6309e+01 -1.5704e+03 4.3570e+03 2.4600e+01 -6.2673e+03
-7.4840e+06 2.4378e+01 -1.6351e+03 4.3171e+03 1.7480e+01 -6.3116e+03
-8.1130e+06 1.9945e+01 -1.6980e+03 4.2766e+03 -1.9283e+01 -6.3556e+03
-8.5883e+06 1.7139e+01 -1.7589e+03 4.2356e+03 -4.1170e+01 -6.3990e+03
-8.7299e+06 1.6767e+01 -1.8180e+03 4.1941e+03 -4.0240e+01 -6.4419e+03
-8.6373e+06 1.7004e+01 -1.8754e+03 4.1522e+03 -4.3702e+01 -6.4849e+03
-8.2569e+06 1.9948e+01 -1.9310e+03 4.1099e+03 -4.1637e+01 -6.5276e+03
-7.4860e+06 2.7593e+01 -1.9850e+03 4.0673e+03 -4.5041e+00 -6.5688e+03
-6.6865e+06 3.4698e+01 -2.0374e+03 4.0243e+03 3.5138e+01 -6.6101e+03
-6.3307e+06 3.6573e+01 -2.0883e+03 3.9811e+03 2.7578e+01 -6.6525e+03
-6.2506e+06 3.6289e+01 -2.1376e+03 3.9377e+03 6.1188e+00 -6.6927e+03
-6.2109e+06 3.6302e+01 -2.1855e+03 3.8940e+03 -7.5180e-01 -6.7321e+03
-6.1750e+06 3.6315e+01 -2.2320e+03 3.8501e+03 -2.9125e+00 -6.7718e+03
-6.1094e+06 3.6324e+01 -2.2772e+03 3.8061e+03 -9.1044e+00 -6.8113e+03
-5.8970e+06 3.6316e+01 -2.3211e+03 3.7620e+03 -1.0698e+01 -6.8504e+03
-5.4847e+06 3.6283e+01 -2.3637e+03 3.7177e+03 1.7645e+01 -6.8884e+03
-5.1436e+06 3.6260e+01 -2.4051e+03 3.6734e+03 5.7037e+01 -6.9259e+03
-5.3717e+06 3.6285e+01 -2.4453e+03 3.6290e+03 2.7037e+01 -6.9636e+03
-5.7886e+06 3.6319e+01 -2.4844e+03 3.5845e+03 -2.2061e+01 -7.0003e+03
-5.8196e+06 3.6311e+01 -2.5224e+03 3.5400e+03 -6.0231e-01 -7.0361e+03
-5.7232e+06 3.6297e+01 -2.5594e+03 3.4954e+03 2.1041e+01 -7.0721e+03
-5.7623e+06 3.6303e+01 -2.5953e+03 3.4509e+03 1.4145e+01 -7.1066e+03
-5.8443e+06 3.6308e+01 -2.6303e+03 3.4064e+03 1.0867e+01 -7.1420e+03
-5.9247e+06 3.6315e+01 -2.6643e+03 3.3618e+03 -5.0218e+00 -7.1750e+03
-4.1455e+06 2.6275e+01 -8.1392e+02 4.6709e+03 1.3216e+02 -5.9311e+03
-5.2420e+06 2.6215e+01 -8.9864e+02 4.6404e+03 3.3480e+01 -5.9734e+03
-6.0390e+06 2.6240e+01 -9.8101e+02 4.6087e+03 -1.8792e+01 -6.0219e+03
-6.6648e+06 2.6252e+01 -1.0611e+03 4.5757e+03 -2.8975e+01 -6.0679e+03
-6.8367e+06 2.6255e+01 -1.1389e+03 4.5416e+03 -1.8137e+01 -6.1146e+03
-7.0162e+06 2.6252e+01 -1.2145e+03 4.5064e+03 -9.2052e+00 -6.1607e+03
-6.9680e+06 2.6245e+01 -1.2879e+03 4.4703e+03 5.5712e-01 -6.2056e+03
-7.0184e+06 2.6238e+01 -1.3592e+03 4.4334e+03 5.2913e+00 -6.2506e+03
-6.9915e+06 2.6219e+01 -1.4285e+03 4.3956e+03 2.1073e+01 -6.2954e+03
-7.2376e+06 2.5575e+01 -1.4957e+03 4.3570e+03 2.9589e+01 -6.3398e+03
-7.7160e+06 2.2587e+01 -1.5610e+03 4.3178e+03 1.0126e+01 -6.3845e+03
-8.3549e+06 1.8497e+01 -1.6244e+03 4.2780e+03 -2.8686e+01 -6.4286e+03
-8.6227e+06 1.7032e+01 -1.6860e+03 4.2376e+03 -4.2277e+01 -6.4716e+03
-8.5792e+06 1.7908e+01 -1.7457e+03 4.1967e+03 -3.9011e+01 -6.5146e+03
-8.2462e+06 1.9965e+01 -1.8038e+03 4.1553e+03 -3.7170e+01 -6.5569e+03
-7.6954e+06 2.5199e+01 -1.8601e+03 4.1135e+03 -2.3491e+01 -6.5993e+03
-6.9408e+06 3.2148e+01 -1.9148e+03 4.0713e+03 1.1528e+01 -6.6412e+03
-6.4754e+06 3.5794e+01 -1.9679e+03 4.0287e+03 2.4080e+01 -6.6836e+03
-6.3054e+06 3.6288e+01 -2.0195e+03 3.9859e+03 1.0639e+01 -6.7253e+03
-6.2637e+06 3.6301e+01 -2.0696e+03 3.9427e+03 1.0817e+00 -6.7653e+03
-6.2083e+06 3.6308e+01 -2.1183e+03 3.8993e+03 -6.1162e-01 -6.8054e+03
-6.1803e+06 3.6318e+01 -2.1656e+03 3.8557e+03 -5.1144e+00 -6.8452e+03
-6.0745e+06 3.6323e+01 -2.2115e+03 3.8119e+03 -8.2289e+00 -6.8847e+03
-5.8486e+06 3.6313e+01 -2.2561e+03 3.7680e+03 -4.5801e+00 -6.9240e+03
-5.4950e+06 3.6291e+01 -2.2995e+03 3.7239e+03 1.4659e+01 -6.9615e+03
-5.2948e+06 3.6284e+01 -2.3417e+03 3.6796e+03 3.4821e+01 -6.9988e+03
-5.5320e+06 3.6306e+01 -2.3827e+03 3.6353e+03 9.0419e+00 -7.0368e+03
-5.9142e+06 3.6328e+01 -2.4225e+03 3.5909e+03 -2.8991e+01 -7.0731e+03
-5.9533e+06 3.6321e+01 -2.4613e+03 3.5464e+03 -1.7784e+01 -7.1091e+03
-5.8385e+06 3.6308e+01 -2.4990e+03 3.5019e+03 1.1621e+00 -7.1455e+03
-5.7631e+06 3.6306e+01 -2.5357e+03 3.4574e+03 1.0641e+01 -7.1796e+03
-5.8003e+06 3.6308e+01 -2.5714e+03 3.4128e+03 1.1422e+01 -7.2150e+03
-5.8853e+06 3.6317e+01 -2.6062e+03 3.3683e+03 -1.0105e+01 -7.2481e+03
-5.4684e+06 2.6387e+01 -7.3916e+02 4.6605e+03 3.7420e+01 -6.0001e+03
-6.4873e+06 2.6240e+01 -8.2373e+02 4.6312e+03 -3.2678e+01 -6.0441e+03
-6.6792e+06 2.6245e+01 -9.0605e+02 4.6005e+03 -3.3779e+01 -6.0938e+03
-7.1614e+06 2.5722e+01 -9.8616e+02 4.5685e+03 -2.4622e+01 -6.1410e+03
-7.0989e+06 2.5220e+01 -1.0641e+03 4.5354e+03 -2.2515e+01 -6.1870e+03
-7.2522e+06 2.5737e+01 -1.1399e+03 4.5012e+03 -1.1039e+01 -6.2324e+03
-6.9806e+06 2.6238e+01 -1.2136e+03 4.4660e+03 6.4788e+00 -6.2775e+03
-7.0867e+06 2.6230e+01 -1.2852e+03 4.4298e+03 1.6043e+01 -6.3227e+03
-7.0793e+06 2.5756e+01 -1.3548e+03 4.3929e+03 2.4862e+01 -6.3675e+03
-7.5753e+06 2.3463e+01 -1.4225e+03 4.3551e+03 9.3788e+00 -6.4125e+03
-8.0299e+06 1.9746e+01 -1.4882e+03 4.3166e+03 -2.5102e+01 -6.4574e+03
-8.5053e+06 1.7313e+01 -1.5521e+03 4.2774e+03 -5.2145e+01 -6.5009e+03
-8.4568e+06 1.7840e+01 -1.6142e+03 4.2376e+03 -5.3722e+01 -6.5446e+03
-8.1536e+06 2.1401e+01 -1.6746e+03 4.1973e+03 -3.0909e+01 -6.5879e+03
-7.4862e+06 2.6750e+01 -1.7332e+03 4.1564e+03 -5.9447e-01 -6.6290e+03
-6.9507e+06 3.1978e+01 -1.7901e+03 4.1151e+03 1.6943e+01 -6.6714e+03
-6.5092e+06 3.5314e+01 -1.8455e+03 4.0734e+03 2.2069e+01 -6.7148e+03
-6.3709e+06 3.6284e+01 -1.8993e+03 4.0312e+03 1.3361e+01 -6.7573e+03
-6.2796e+06 3.6299e+01 -1.9515e+03 3.9888e+03 3.5836e+00 -6.7978e+03
-6.2599e+06 3.6308e+01 -2.0023e+03 3.9460e+03 1.6264e-01 -6.8383e+03
-6.1953e+06 3.6314e+01 -2.0517e+03 3.9029e+03 -1.4912e+00 -6.8786e+03
-6.1688e+06 3.6321e+01 -2.0997e+03 3.8595e+03 -5.6593e+00 -6.9183e+03
-6.0524e+06 3.6323e+01 -2.1464e+03 3.8160e+03 -7.5286e+00 -6.9575e+03
-5.8440e+06 3.6316e+01 -2.1917e+03 3.7722e+03 -2.3897e+00 -6.9966e+03
-5.6013e+06 3.6307e+01 -2.2359e+03 3.7283e+03 3.6805e+00 -7.0343e+03
-5.5472e+06 3.6309e+01 -2.2788e+03 3.6842e+03 2.6078e+00 -7.0721e+03
-5.7273e+06 3.6319e+01 -2.3205e+03 3.6400e+03 -7.5310e+00 -7.1100e+03
-5.9635e+06 3.6327e+01 -2.3611e+03 3.5957e+03 -2.0000e+01 -7.1459e+03
-6.0191e+06 3.6324e+01 -2.4006e+03 3.5513e+03 -1.9929e+01 -7.1820e+03
-5.9061e+06 3.6315e+01 -2.4390e+03 3.5069e+03 -9.3805e+00 -7.2184e+03
-5.7744e+06 3.6307e+01 -2.4764e+03 3.4623e+03 6.5320e+00 -7.2524e+03
-5.7674e+06 3.6306e+01 -2.5129e+03 3.4178e+03 8.8168e+00 -7.2879e+03
-5.8013e+06 3.6312e+01 -2.5483e+03 3.3732e+03 -6.8874e+00 -7.3212e+03
-7.2234e+06 2.6328e+01 -6.6645e+02 4.6484e+03 -2.1106e+01 -6.0725e+03
-6.7900e+06 2.6249e+01 -7.5081e+02 4.6201e+03 -1.9798e+01 -6.1160e+03
-7.3266e+06 2.6126e+01 -8.3301e+02 4.5905e+03 -1.0227e+01 -6.1660e+03
-7.0660e+06 2.4652e+01 -9.1307e+02 4.5595e+03 -9.8712e+00 -6.2131e+03
-7.5864e+06 2.3431e+01 -9.9104e+02 4.5273e+03 -3.3897e+01 -6.2586e+03
-7.1430e+06 2.4901e+01 -1.0669e+03 4.4941e+03 -1.0858e+01 -6.3029e+03
-7.2473e+06 2.6234e+01 -1.1408e+03 4.4597e+03 1.2675e+01 -6.3492e+03
-7.0108e+06 2.5877e+01 -1.2127e+03 4.4244e+03 2.4571e+01 -6.3945e+03
-7.5309e+06 2.4035e+01 -1.2826e+03 4.3883e+03 5.9371e+00 -6.4398e+03
-7.7843e+06 2.0965e+01 -1.3506e+03 4.3512e+03 -2.8498e+01 -6.4850e+03
-8.2446e+06 2.0201e+01 -1.4168e+03 4.3134e+03 -4.7688e+01 -6.5291e+03
-8.1012e+06 2.0843e+01 -1.4811e+03 4.2750e+03 -4.5629e+01 -6.5718e+03
-8.0614e+06 2.1681e+01 -1.5437e+03 4.2358e+03 -5.0063e+01 -6.6177e+03
-7.3841e+06 2.6798e+01 -1.6045e+03 4.1960e+03 -1.3586e+01 -6.6618e+03
-6.8137e+06 3.3092e+01 -1.6637e+03 4.1557e+03 2.9638e+01 -6.7028e+03
-6.3558e+06 3.5783e+01 -1.7212e+03 4.1149e+03 3.5478e+01 -6.7455e+03
-6.3460e+06 3.6287e+01 -1.7771e+03 4.0736e+03 1.6751e+01 -6.7878e+03
-6.2709e+06 3.6295e+01 -1.8315e+03 4.0319e+03 4.3584e+00 -6.8294e+03
-6.3004e+06 3.6307e+01 -1.8844e+03 3.9899e+03 -1.2429e+00 -6.8704e+03
-6.2081e+06 3.6314e+01 -1.9359e+03 3.9474e+03 -1.5979e+00 -6.9113e+03
-6.1978e+06 3.6320e+01 -1.9859e+03 3.9047e+03 -5.8780e+00 -6.9516e+03
-6.1159e+06 3.6328e+01 -2.0346e+03 3.8616e+03 -1.2463e+01 -6.9913e+03
-6.0665e+06 3.6335e+01 -2.0819e+03 3.8183e+03 -2.4272e+01 -7.0305e+03
-5.8513e+06 3.6332e+01 -2.1280e+03 3.7748e+03 -1.9398e+01 -7.0688e+03
-5.6439e+06 3.6323e+01 -2.1728e+03 3.7311e+03 -6.1502e+00 -7.1066e+03
-5.6078e+06 3.6321e+01 -2.2164e+03 3.6872e+03 -5.1403e+00 -7.1450e+03
-5.7743e+06 3.6322e+01 -2.2588e+03 3.6431e+03 -1.0720e+01 -7.1824e+03
-5.9407e+06 3.6324e+01 -2.3001e+03 3.5989e+03 -1.4965e+01 -7.2185e+03
-5.9888e+06 3.6320e+01 -2.3403e+03 3.5546e+03 -1.3777e+01 -7.2549e+03
-5.8338e+06 3.6307e+01 -2.3794e+03 3.5102e+03 3.3702e+00 -7.2908e+03
-5.7205e+06 3.6300e+01 -2.4175e+03 3.4658e+03 1.5895e+01 -7.3250e+03
-5.7301e+06 3.6302e+01 -2.4547e+03 3.4213e+03 1.2523e+01 -7.3606e+03
-5.6984e+06 3.6306e+01 -2.4908e+03 3.3767e+03 5.9262e+00 -7.3933e+03
-8.0843e+06 2.4609e+01 -5.9575e+02 4.6347e+03 -2.5608e+01 -6.1450e+03
-7.1181e+06 2.5771e+01 -6.7983e+02 4.6074e+03 1.0460e+01 -6.1862e+03
-7.5142e+06 2.5906e+01 -7.6183e+02 4.5788e+03 1.6439e+01 -6.2370e+03
-7.1018e+06 2.4263e+01 -8.4179e+02 4.5488e+03 1.1244e+01 -6.2839e+03
-7.6315e+06 2.3490e+01 -9.1972e+02 4.5175e+03 -1.6319e+01 -6.3294e+03
-7.1282e+06 2.5084e+01 -9.9566e+02 4.4852e+03 6.2018e+00 -6.3740e+03
-7.3519e+06 2.6319e+01 -1.0696e+03 4.4517e+03 2.2612e+01 -6.4212e+03
-7.1999e+06 2.5105e+01 -1.1417e+03 4.4172e+03 1.9383e+01 -6.4670e+03
-7.8785e+06 2.1893e+01 -1.2118e+03 4.3818e+03 -2.7987e+01 -6.5133e+03
-7.8826e+06 2.0993e+01 -1.2801e+03 4.3456e+03 -5.4127e+01 -6.5578e+03
-7.8221e+06 2.6066e+01 -1.3466e+03 4.3085e+03 -2.0614e+01 -6.6008e+03
-7.2359e+06 2.9763e+01 -1.4113e+03 4.2707e+03 1.5672e+01 -6.6418e+03
-7.2042e+06 2.9303e+01 -1.4743e+03 4.2321e+03 -2.1494e+00 -6.6877e+03
-6.6496e+06 3.2368e+01 -1.5356e+03 4.1930e+03 1.4458e+01 -6.7338e+03
-6.3755e+06 3.5950e+01 -1.5952e+03 4.1532e+03 3.2853e+01 -6.7762e+03
-6.1759e+06 3.6322e+01 -1.6533e+03 4.1129e+03 2.2810e+01 -6.8183e+03
-6.3132e+06 3.6290e+01 -1.7097e+03 4.0721e+03 4.3914e+00 -6.8601e+03
-6.2475e+06 3.6305e+01 -1.7647e+03 4.0309e+03 -5.3985e-01 -6.9016e+03
-6.2859e+06 3.6313e+01 -1.8182e+03 3.9892e+03 -3.9765e+00 -6.9428e+03
-6.1561e+06 3.6318e+01 -1.8702e+03 3.9472e+03 -4.3445e+00 -6.9837e+03
-6.1049e+06 3.6321e+01 -1.9208e+03 3.9047e+03 -1.0153e+01 -7.0242e+03
-5.9445e+06 3.6326e+01 -1.9701e+03 3.8620e+03 -2.0871e+01 -7.0639e+03
-5.8470e+06 3.6331e+01 -2.0181e+03 3.8190e+03 -3.8024e+01 -7.1038e+03
-5.6319e+06 3.6332e+01 -2.0648e+03 3.7757e+03 -3.8741e+01 -7.1420e+03
-5.5213e+06 3.6331e+01 -2.1103e+03 3.7322e+03 -2.9105e+01 -7.1793e+03
-5.4601e+06 3.6326e+01 -2.1545e+03 3.6885e+03 -1.3039e+01 -7.2175e+03
-5.6011e+06 3.6318e+01 -2.1976e+03 3.6446e+03 -2.1030e+00 -7.2546e+03
-5.8299e+06 3.6320e+01 -2.2396e+03 3.6006e+03 -8.0085e+00 -7.2911e+03
-5.9630e+06 3.6318e+01 -2.2804e+03 3.5564e+03 -1.0636e+01 -7.3277e+03
-5.8298e+06 3.6305e+01 -2.3202e+03 3.5121e+03 7.3572e+00 -7.3630e+03
-5.7587e+06 3.6300e+01 -2.3590e+03 3.4677e+03 1.6065e+01 -7.3973e+03
-5.7568e+06 3.6303e+01 -2.3968e+03 3.4233e+03 1.0546e+01 -7.4328e+03
-5.7182e+06 3.6309e+01 -2.4336e+03 3.3787e+03 4.1700e+00 -7.4651e+03
-8.4878e+06 2.2118e+01 -5.2701e+02 4.6194e+03 -3.5074e+01 -6.2143e+03
-7.5741e+06 2.4666e+01 -6.1075e+02 4.5931e+03 1.0912e+01 -6.2559e+03
-7.6102e+06 2.5112e+01 -6.9250e+02 4.5654e+03 1.9546e+01 -6.3082e+03
-7.3186e+06 2.4849e+01 -7.7228e+02 4.5364e+03 1.8422e+01 -6.3553e+03
-7.5138e+06 2.5252e+01 -8.5012e+02 4.5060e+03 9.0560e+00 -6.4010e+03
-7.2692e+06 2.5491e+01 -9.2603e+02 4.4745e+03 1.4663e+01 -6.4458e+03
-7.5145e+06 2.4970e+01 -1.0000e+03 4.4419e+03 5.8878e+00 -6.4922e+03
-7.5821e+06 2.3695e+01 -1.0722e+03 4.4083e+03 -1.5074e+01 -6.5388e+03
-7.9008e+06 2.2880e+01 -1.1425e+03 4.3737e+03 -4.4803e+01 -6.5844e+03
-7.5679e+06 2.5919e+01 -1.2110e+03 4.3381e+03 -3.4020e+01 -6.6283e+03
-7.0796e+06 3.2269e+01 -1.2778e+03 4.3018e+03 1.8634e+01 -6.6733e+03
-6.5337e+06 3.5432e+01 -1.3428e+03 4.2646e+03 5.0487e+01 -6.7163e+03
-6.4336e+06 3.4936e+01 -1.4061e+03 4.2267e+03 3.3341e+01 -6.7600e+03
-6.2268e+06 3.5576e+01 -1.4678e+03 4.1882e+03 2.6688e+01 -6.8047e+03
-6.2189e+06 3.6404e+01 -1.5279e+03 4.1490e+03 1.9135e+01 -6.8482e+03
-6.2172e+06 3.6287e+01 -1.5864e+03 4.1092e+03 7.0875e+00 -6.8900e+03
-6.2923e+06 3.6303e+01 -1.6433e+03 4.0689e+03 -1.5731e+00 -6.9321e+03
-6.2717e+06 3.6314e+01 -1.6988e+03 4.0281e+03 -3.3020e+00 -6.9738e+03
-6.2513e+06 3.6321e+01 -1.7528e+03 3.9869e+03 -7.0506e+00 -7.0151e+03
-6.0982e+06 3.6320e+01 -1.8054e+03 3.9452e+03 -7.2536e+00 -7.0557e+03
-5.8729e+06 3.6310e+01 -1.8566e+03 3.9031e+03 -8.9309e+00 -7.0960e+03
-5.5119e+06 3.6299e+01 -1.9064e+03 3.8607e+03 -9.5078e+00 -7.1359e+03
-5.0366e+06 3.6280e+01 -1.9550e+03 3.8180e+03 6.5075e+00 -7.1759e+03
-4.7149e+06 3.6270e+01 -2.0023e+03 3.7750e+03 1.8200e+01 -7.2149e+03
-4.9033e+06 3.6296e+01 -2.0483e+03 3.7318e+03 -1.6008e+01 -7.2522e+03
-5.2148e+06 3.6320e+01 -2.0932e+03 3.6883e+03 -3.3256e+01 -7.2900e+03
-5.4536e+06 3.6317e+01 -2.1369e+03 3.6446e+03 -9.4522e+00 -7.3273e+03
-5.7808e+06 3.6318e+01 -2.1795e+03 3.6007e+03 -6.2015e+00 -7.3635e+03
-6.0001e+06 3.6322e+01 -2.2210e+03 3.5567e+03 -1.5036e+01 -7.3995e+03
-5.9804e+06 3.6316e+01 -2.2615e+03 3.5125e+03 -8.7185e+00 -7.4348e+03
-5.8954e+06 3.6309e+01 -2.3009e+03 3.4682e+03 2.7522e+00 -7.4692e+03
-5.8344e+06 3.6306e+01 -2.3393e+03 3.4238e+03 8.1968e+00 -7.5045e+03
-5.7847e+06 3.6313e+01 -2.3767e+03 3.3793e+03 -1.8052e+00 -7.5369e+03
-8.4435e+06 2.2340e+01 -4.6019e+02 4.6027e+03 -2.6567e+01 -6.2845e+03
-7.9869e+06 2.3924e+01 -5.4352e+02 4.5773e+03 1.8796e-01 -6.3273e+03
-7.8388e+06 2.2831e+01 -6.2496e+02 4.5505e+03 -1.5028e+01 -6.3807e+03
-7.8034e+06 2.4031e+01 -7.0451e+02 4.5224e+03 -2.1735e+01 -6.4283e+03
-7.5531e+06 2.5902e+01 -7.8219e+02 4.4930e+03 -2.7794e+00 -6.4731e+03
-7.5197e+06 2.5436e+01 -8.5802e+02 4.4623e+03 -1.5398e+00 -6.5175e+03
-7.6439e+06 2.3473e+01 -9.3202e+02 4.4305e+03 -2.8341e+01 -6.5630e+03
-7.7889e+06 2.3688e+01 -1.0042e+03 4.3977e+03 -4.9016e+01 -6.6100e+03
-7.4949e+06 2.7875e+01 -1.0746e+03 4.3638e+03 -2.5233e+01 -6.6554e+03
-7.0244e+06 3.2644e+01 -1.1433e+03 4.3290e+03 9.8301e+00 -6.6990e+03
-6.5485e+06 3.5428e+01 -1.2103e+03 4.2934e+03 3.1783e+01 -6.7451e+03
-6.2885e+06 3.6257e+01 -1.2755e+03 4.2569e+03 3.4466e+01 -6.7905e+03
-6.1707e+06 3.6258e+01 -1.3392e+03 4.2196e+03 2.6029e+01 -6.8335e+03
-6.1887e+06 3.6273e+01 -1.4012e+03 4.1817e+03 1.4028e+01 -6.8760e+03
-6.2089e+06 3.6288e+01 -1.4616e+03 4.1430e+03 6.4350e+00 -6.9195e+03
-6.2630e+06 3.6299e+01 -1.5205e+03 4.1038e+03 1.5631e-01 -6.9620e+03
-6.2946e+06 3.6311e+01 -1.5779e+03 4.0640e+03 -2.7333e+00 -7.0042e+03
-6.2867e+06 3.6321e+01 -1.6338e+03 4.0237e+03 -6.9175e+00 -7.0459e+03
-6.1956e+06 3.6327e+01 -1.6883e+03 3.9829e+03 -9.5313e+00 -7.0874e+03
-5.9804e+06 3.6320e+01 -1.7414e+03 3.9416e+03 -9.5374e+00 -7.1279e+03
-5.6043e+06 3.6300e+01 -1.7931e+03 3.8999e+03 -8.0947e+00 -7.1678e+03
-4.9961e+06 3.6274e+01 -1.8435e+03 3.8579e+03 1.9024e+00 -7.2078e+03
-4.0910e+06 3.6231e+01 -1.8926e+03 3.8155e+03 6.0207e+01 -7.2472e+03
-3.4244e+06 3.6198e+01 -1.9404e+03 3.7728e+03 1.1895e+02 -7.2862e+03
-3.8487e+06 3.6233e+01 -1.9871e+03 3.7298e+03 6.1317e+01 -7.3238e+03
-4.8403e+06 3.6299e+01 -2.0325e+03 3.6865e+03 -3.1052e+01 -7.3613e+03
-5.4896e+06 3.6325e+01 -2.0768e+03 3.6430e+03 -3.4296e+01 -7.3994e+03
-5.8102e+06 3.6325e+01 -2.1200e+03 3.5993e+03 -1.3633e+01 -7.4356e+03
-6.0089e+06 3.6326e+01 -2.1621e+03 3.5554e+03 -1.4407e+01 -7.4709e+03
-6.0626e+06 3.6323e+01 -2.2032e+03 3.5114e+03 -1.6260e+01 -7.5068e+03
-6.0046e+06 3.6315e+01 -2.2432e+03 3.4672e+03 -3.0002e+00 -7.5411e+03
-5.9079e+06 3.6307e+01 -2.2822e+03 3.4229e+03 8.5008e+00 -7.5762e+03
-5.8378e+06 3.6313e+01 -2.3202e+03 3.3785e+03 -1.8576e+00 -7.6085e+03
-8.0835e+06 2.4632e+01 -3.9523e+02 4.5845e+03 -2.2363e+01 -6.3558e+03
-8.2523e+06 2.4887e+01 -4.7811e+02 4.5601e+03 -1.3160e+01 -6.3988e+03
-7.7862e+06 2.2423e+01 -5.5918e+02 4.5342e+03 -4.6786e+01 -6.4502e+03
-8.1595e+06 2.4370e+01 -6.3845e+02 4.5069e+03 -5.7253e+01 -6.4967e+03
-7.4123e+06 2.7194e+01 -7.1592e+02 4.4783e+03 -1.7479e+01 -6.5419e+03
-7.6278e+06 2.7128e+01 -7.9161e+02 4.4485e+03 -1.0923e+01 -6.5892e+03
-7.3639e+06 2.6558e+01 -8.6554e+02 4.4175e+03 -2.5501e+01 -6.6348e+03
-7.5504e+06 2.8440e+01 -9.3772e+02 4.3855e+03 -3.0868e+01 -6.6808e+03
-6.8868e+06 3.2966e+01 -1.0082e+03 4.3524e+03 6.1015e+00 -6.7276e+03
-6.6991e+06 3.5908e+01 -1.0770e+03 4.3183e+03 2.4608e+01 -6.7723e+03
-6.3201e+06 3.6275e+01 -1.1441e+03 4.2833e+03 1.9523e+01 -6.8164e+03
-6.3698e+06 3.6277e+01 -1.2095e+03 4.2475e+03 9.8908e+00 -6.8605e+03
-6.1715e+06 3.6280e+01 -1.2734e+03 4.2109e+03 1.0055e+01 -6.9042e+03
-6.2955e+06 3.6290e+01 -1.3357e+03 4.1735e+03 2.7093e+00 -6.9478e+03
-6.2174e+06 3.6297e+01 -1.3964e+03 4.1355e+03 2.9023e+00 -6.9909e+03
-6.3236e+06 3.6304e+01 -1.4557e+03 4.0968e+03 -8.8155e-01 -7.0336e+03
-6.2604e+06 3.6315e+01 -1.5134e+03 4.0575e+03 -2.3478e+00 -7.0758e+03
-6.2910e+06 3.6324e+01 -1.5698e+03 4.0176e+03 -9.5514e+00 -7.1176e+03
-6.0869e+06 3.6325e+01 -1.6247e+03 3.9773e+03 -7.0523e+00 -7.1592e+03
-5.8319e+06 3.6313e+01 -1.6782e+03 3.9364e+03 -5.2539e+00 -7.2000e+03
-5.3658e+06 3.6300e+01 -1.7304e+03 3.8951e+03 -1.2015e+01 -7.2397e+03
-4.6859e+06 3.6283e+01 -1.7813e+03 3.8534e+03 -1.2525e+01 -7.2796e+03
-3.5293e+06 3.6239e+01 -1.8309e+03 3.8113e+03 4.9638e+01 -7.3185e+03
-2.6249e+06 3.6185e+01 -1.8793e+03 3.7689e+03 1.4366e+02 -7.3574e+03
-3.0360e+06 3.6195e+01 -1.9264e+03 3.7262e+03 1.1834e+02 -7.3954e+03
-4.5346e+06 3.6275e+01 -1.9724e+03 3.6832e+03 -5.5058e+00 -7.4325e+03
-5.5414e+06 3.6332e+01 -2.0173e+03 3.6399e+03 -4.4901e+01 -7.4708e+03
-5.7681e+06 3.6332e+01 -2.0610e+03 3.5964e+03 -8.9848e+00 -7.5074e+03
-5.8519e+06 3.6321e+01 -2.1037e+03 3.5527e+03 2.5926e+00 -7.5426e+03
-6.0311e+06 3.6316e+01 -2.1453e+03 3.5089e+03 -9.2072e+00 -7.5784e+03
-6.0312e+06 3.6313e+01 -2.1859e+03 3.4648e+03 -1.1661e+00 -7.6123e+03
-5.9907e+06 3.6310e+01 -2.2255e+03 3.4207e+03 5.2745e+00 -7.6475e+03
-5.8976e+06 3.6313e+01 -2.2641e+03 3.3764e+03 -5.4377e+00 -7.6798e+03
-7.8719e+06 2.8918e+01 -3.3208e+02 4.5651e+03 -1.2354e+01 -6.4216e+03
-7.7438e+06 2.9038e+01 -4.1447e+02 4.5415e+03 -2.9693e+00 -6.4676e+03
-7.6137e+06 2.7751e+01 -4.9513e+02 4.5165e+03 -2.5108e+01 -6.5184e+03
-7.5871e+06 3.0054e+01 -5.7406e+02 4.4900e+03 -1.9459e+01 -6.5644e+03
-7.1859e+06 3.1801e+01 -6.5127e+02 4.4623e+03 7.7380e+00 -6.6107e+03
-7.2033e+06 3.1234e+01 -7.2677e+02 4.4333e+03 3.0971e+00 -6.6598e+03
-7.0197e+06 3.2183e+01 -8.0057e+02 4.4031e+03 2.8256e+00 -6.7067e+03
-6.9124e+06 3.4160e+01 -8.7269e+02 4.3718e+03 8.8558e+00 -6.7516e+03
-6.6295e+06 3.5601e+01 -9.4315e+02 4.3394e+03 1.7613e+01 -6.7973e+03
-6.5403e+06 3.6286e+01 -1.0120e+03 4.3060e+03 1.2232e+01 -6.8429e+03
-6.4113e+06 3.6291e+01 -1.0792e+03 4.2717e+03 3.8762e+00 -6.8870e+03
-6.3875e+06 3.6294e+01 -1.1448e+03 4.2366e+03 -5.8534e-01 -6.9312e+03
-6.3251e+06 3.6298e+01 -1.2088e+03 4.2006e+03 1.3170e+00 -6.9753e+03
-6.3433e+06 3.6301e+01 -1.2714e+03 4.1638e+03 -4.3660e-01 -7.0192e+03
-6.2975e+06 3.6303e+01 -1.3324e+03 4.1263e+03 1.9713e+00 -7.0622e+03
-6.3175e+06 3.6309e+01 -1.3919e+03 4.0882e+03 -5.5543e-01 -7.1049e+03
-6.3063e+06 3.6318e+01 -1.4500e+03 4.0494e+03 -3.2277e+00 -7.1471e+03
-6.2422e+06 3.6326e+01 -1.5067e+03 4.0100e+03 -9.3587e+00 -7.1890e+03
-6.0029e+06 3.6323e+01 -1.5620e+03 3.9701e+03 -4.0669e+00 -7.2303e+03
-5.6450e+06 3.6311e+01 -1.6159e+03 3.9297e+03 -3.1713e+00 -7.2711e+03
-5.1960e+06 3.6308e+01 -1.6685e+03 3.8888e+03 -2.5843e+01 -7.3114e+03
-4.4441e+06 3.6303e+01 -1.7199e+03 3.8474e+03 -4.0953e+01 -7.3512e+03
-3.2737e+06 3.6267e+01 -1.7700e+03 3.8057e+03 7.1879e+00 -7.3900e+03
-2.3671e+06 3.6214e+01 -1.8188e+03 3.7636e+03 1.0094e+02 -7.4288e+03
-2.8988e+06 3.6210e+01 -1.8665e+03 3.7212e+03 1.0387e+02 -7.4676e+03
-4.5502e+06 3.6281e+01 -1.9130e+03 3.6784e+03 -2.2101e+00 -7.5051e+03
-5.6768e+06 3.6338e+01 -1.9584e+03 3.6354e+03 -4.9468e+01 -7.5415e+03
-5.8233e+06 3.6334e+01 -2.0026e+03 3.5921e+03 -1.2770e+01 -7.5778e+03
-5.8200e+06 3.6316e+01 -2.0458e+03 3.5486e+03 7.4557e+00 -7.6140e+03
-5.9724e+06 3.6310e+01 -2.0880e+03 3.5049e+03 -4.4836e+00 -7.6492e+03
-6.0521e+06 3.6310e+01 -2.1291e+03 3.4610e+03 -1.7193e+00 -7.6830e+03
-6.0469e+06 3.6312e+01 -2.1693e+03 3.4170e+03 3.3730e+00 -7.7182e+03
-5.9540e+06 3.6315e+01 -2.2084e+03 3.3728e+03 -5.4837e+00 -7.7505e+03
-7.3389e+06 3.4137e+01 -2.7069e+02 4.5444e+03 1.6322e+01 -6.4921e+03
-7.2037e+06 3.4187e+01 -3.5255e+02 4.5216e+03 1.5954e+01 -6.5391e+03
-7.0861e+06 3.4012e+01 -4.3275e+02 4.4974e+03 1.3290e+01 -6.5904e+03
-6.9900e+06 3.5158e+01 -5.1130e+02 4.4718e+03 2.0871e+01 -6.6368e+03
-6.8416e+06 3.5542e+01 -5.8821e+02 4.4448e+03 2.5065e+01 -6.6835e+03
-6.8512e+06 3.4984e+01 -6.6347e+02 4.4166e+03 1.1828e+01 -6.7304e+03
-6.7534e+06 3.5466e+01 -7.3709e+02 4.3872e+03 1.0788e+01 -6.7769e+03
-6.6693e+06 3.6197e+01 -8.0910e+02 4.3566e+03 1.2127e+01 -6.8226e+03
-6.5590e+06 3.6293e+01 -8.7950e+02 4.3249e+03 9.4192e+00 -6.8675e+03
-6.5021e+06 3.6297e+01 -9.4832e+02 4.2923e+03 3.6877e+00 -6.9129e+03
-6.4464e+06 3.6299e+01 -1.0156e+03 4.2586e+03 9.0884e-01 -6.9577e+03
-6.4420e+06 3.6302e+01 -1.0813e+03 4.2241e+03 -1.3072e+00 -7.0022e+03
-6.3992e+06 3.6306e+01 -1.1455e+03 4.1887e+03 -9.0287e-01 -7.0464e+03
-6.3815e+06 3.6307e+01 -1.2082e+03 4.1526e+03 -7.3271e-01 -7.0901e+03
-6.3617e+06 3.6308e+01 -1.2694e+03 4.1157e+03 -2.0765e-01 -7.1332e+03
-6.3603e+06 3.6314e+01 -1.3292e+03 4.0780e+03 -1.6523e+00 -7.1759e+03
-6.3187e+06 3.6323e+01 -1.3876e+03 4.0397e+03 -4.7567e+00 -7.2181e+03
-6.2359e+06 3.6332e+01 -1.4446e+03 4.0009e+03 -1.3377e+01 -7.2599e+03
-5.9670e+06 3.6328e+01 -1.5002e+03 3.9614e+03 -1.6964e+01 -7.3010e+03
-5.5173e+06 3.6317e+01 -1.5545e+03 3.9214e+03 -2.3529e+01 -7.3417e+03
-4.8656e+06 3.6307e+01 -1.6075e+03 3.8809e+03 -3.8821e+01 -7.3822e+03
-3.8927e+06 3.6290e+01 -1.6593e+03 3.8399e+03 -2.9178e+01 -7.4220e+03
-2.7566e+06 3.6261e+01 -1.7098e+03 3.7986e+03 2.1920e+01 -7.4615e+03
-2.2460e+06 3.6241e+01 -1.7591e+03 3.7568e+03 7.8666e+01 -7.5002e+03
-3.1550e+06 3.6264e+01 -1.8072e+03 3.7147e+03 5.1076e+01 -7.5388e+03
-4.8151e+06 3.6319e+01 -1.8542e+03 3.6722e+03 -3.3081e+01 -7.5768e+03
-5.8119e+06 3.6347e+01 -1.9000e+03 3.6294e+03 -5.7580e+01 -7.6120e+03
-6.0082e+06 3.6335e+01 -1.9448e+03 3.5864e+03 -2.8885e+01 -7.6481e+03
-5.8539e+06 3.6317e+01 -1.9885e+03 3.5431e+03 3.8941e+00 -7.6848e+03
-5.8875e+06 3.6311e+01 -2.0311e+03 3.4996e+03 5.7279e+00 -7.7198e+03
-6.0680e+06 3.6313e+01 -2.0728e+03 3.4559e+03 -1.4564e+00 -7.7538e+03
-6.1172e+06 3.6316e+01 -2.1135e+03 3.4120e+03 1.8633e+00 -7.7889e+03
-6.0183e+06 3.6320e+01 -2.1532e+03 3.3679e+03 -7.2568e+00 -7.8208e+03
-6.8870e+06 3.6312e+01 -2.1101e+02 4.5225e+03 1.8403e+01 -6.5649e+03
-7.0006e+06 3.6289e+01 -2.9230e+02 4.5006e+03 1.7732e+00 -6.6106e+03
-6.7833e+06 3.6217e+01 -3.7201e+02 4.4771e+03 1.2474e+01 -6.6609e+03
-6.8462e+06 3.6237e+01 -4.5015e+02 4.4523e+03 9.9246e+00 -6.7071e+03
-6.6949e+06 3.6286e+01 -5.2670e+02 4.4261e+03 1.1115e+01 -6.7543e+03
-6.7475e+06 3.6288e+01 -6.0168e+02 4.3986e+03 3.3776e+00 -6.8009e+03
-6.6148e+06 3.6287e+01 -6.7509e+02 4.3699e+03 6.6309e+00 -6.8465e+03
-6.6261e+06 3.6295e+01 -7.4693e+02 4.3400e+03 2.2965e+00 -6.8926e+03
-6.5410e+06 3.6302e+01 -8.1724e+02 4.3091e+03 2.5949e+00 -6.9382e+03
-6.5488e+06 3.6302e+01 -8.8601e+02 4.2771e+03 -6.0479e-01 -6.9836e+03
-6.4711e+06 3.6303e+01 -9.5326e+02 4.2441e+03 1.4111e+00 -7.0284e+03
-6.4584e+06 3.6306e+01 -1.0190e+03 4.2102e+03 -2.8531e-01 -7.0728e+03
-6.4368e+06 3.6310e+01 -1.0833e+03 4.1755e+03 -3.1446e-01 -7.1168e+03
-6.4424e+06 3.6311e+01 -1.1461e+03 4.1399e+03 -2.0697e+00 -7.1605e+03
-6.3961e+06 3.6312e+01 -1.2075e+03 4.1035e+03 -1.3554e+00 -7.2037e+03
-6.3867e+06 3.6317e+01 -1.2675e+03 4.0664e+03 -3.8040e+00 -7.2465e+03
-6.3563e+06 3.6328e+01 -1.3261e+03 4.0287e+03 -9.9525e+00 -7.2886e+03
-6.2149e+06 3.6336e+01 -1.3834e+03 3.9902e+03 -2.1014e+01 -7.3304e+03
-5.8183e+06 3.6328e+01 -1.4393e+03 3.9512e+03 -2.6575e+01 -7.3717e+03
-5.1166e+06 3.6305e+01 -1.4940e+03 3.9117e+03 -2.2868e+01 -7.4128e+03
-4.0673e+06 3.6274e+01 -1.5473e+03 3.8716e+03 4.7400e+00 -7.4532e+03
-2.8316e+06 3.6243e+01 -1.5994e+03 3.8310e+03 5.6560e+01 -7.4930e+03
-2.0086e+06 3.6232e+01 -1.6503e+03 3.7900e+03 9.7979e+01 -7.5326e+03
-2.2460e+06 3.6258e+01 -1.7001e+03 3.7486e+03 8.0514e+01 -7.5702e+03
-3.5587e+06 3.6311e+01 -1.7486e+03 3.7067e+03 4.6490e-01 -7.6085e+03
-4.8798e+06 3.6345e+01 -1.7960e+03 3.6646e+03 -4.7525e+01 -7.6468e+03
-5.6216e+06 3.6343e+01 -1.8423e+03 3.6221e+03 -4.0037e+01 -7.6829e+03
-5.9273e+06 3.6331e+01 -1.8875e+03 3.5793e+03 -3.0047e+01 -7.7193e+03
-5.8998e+06 3.6321e+01 -1.9317e+03 3.5362e+03 -8.6417e+00 -7.7551e+03
-5.9576e+06 3.6318e+01 -1.9748e+03 3.4929e+03 -4.2494e+00 -7.7901e+03
-6.1537e+06 3.6322e+01 -2.0170e+03 3.4494e+03 -9.7929e+00 -7.8238e+03
-6.1786e+06 3.6322e+01 -2.0581e+03 3.4056e+03 -3.1555e+00 -7.8587e+03
-6.1025e+06 3.6326e+01 -2.0983e+03 3.3617e+03 -1.1894e+01 -7.8907e+03
-6.8214e+06 3.6355e+01 -1.5299e+02 4.4995e+03 -1.2345e+01 -6.6328e+03
-6.8842e+06 3.6326e+01 -2.3368e+02 4.4783e+03 -1.3045e+01 -6.6784e+03
-6.6924e+06 3.6308e+01 -3.1287e+02 4.4556e+03 -4.2321e+00 -6.7294e+03
-6.7520e+06 3.6304e+01 -3.9055e+02 4.4315e+03 2.5959e+00 -6.7762e+03
-6.6574e+06 3.6306e+01 -4.6672e+02 4.4061e+03 -1.1565e+00 -6.8234e+03
-6.7124e+06 3.6306e+01 -5.4137e+02 4.3793e+03 -7.0770e-01 -6.8700e+03
-6.6345e+06 3.6306e+01 -6.1452e+02 4.3513e+03 -8.7054e-01 -6.9162e+03
-6.6511e+06 3.6307e+01 -6.8617e+02 4.3221e+03 -1.2412e+00 -6.9624e+03
-6.5522e+06 3.6307e+01 -7.5632e+02 4.2919e+03 -1.0658e-01 -7.0082e+03
-6.5301e+06 3.6306e+01 -8.2500e+02 4.2605e+03 7.9334e-01 -7.0535e+03
-6.4775e+06 3.6307e+01 -8.9221e+02 4.2282e+03 3.6837e-01 -7.0984e+03
-6.5086e+06 3.6309e+01 -9.5798e+02 4.1949e+03 -1.0285e+00 -7.1428e+03
-6.4613e+06 3.6313e+01 -1.0223e+03 4.1608e+03 -1.3888e+00 -7.1869e+03
-6.4565e+06 3.6314e+01 -1.0852e+03 4.1258e+03 -1.8591e+00 -7.2308e+03
-6.4321e+06 3.6315e+01 -1.1468e+03 4.0900e+03 -4.3354e+00 -7.2740e+03
-6.4231e+06 3.6322e+01 -1.2069e+03 4.0534e+03 -9.9099e+00 -7.3166e+03
-6.3143e+06 3.6331e+01 -1.2657e+03 4.0161e+03 -1.6451e+01 -7.3587e+03
-6.0832e+06 3.6331e+01 -1.3232e+03 3.9782e+03 -1.9449e+01 -7.4008e+03
-5.5205e+06 3.6314e+01 -1.3794e+03 3.9397e+03 -1.3836e+01 -7.4423e+03
-4.5252e+06 3.6281e+01 -1.4343e+03 3.9005e+03 1.8813e+01 -7.4835e+03
-3.1863e+06 3.6245e+01 -1.4880e+03 3.8609e+03 7.9012e+01 -7.5242e+03
-2.1639e+06 3.6228e+01 -1.5404e+03 3.8207e+03 1.1157e+02 -7.5638e+03
-1.9560e+06 3.6240e+01 -1.5917e+03 3.7800e+03 9.7935e+01 -7.6023e+03
-2.7425e+06 3.6284e+01 -1.6418e+03 3.7389e+03 3.8295e+01 -7.6398e+03
-3.9592e+06 3.6331e+01 -1.6907e+03 3.6974e+03 -3.2402e+01 -7.6784e+03
-4.7374e+06 3.6343e+01 -1.7385e+03 3.6555e+03 -3.1786e+01 -7.7163e+03
-5.1343e+06 3.6330e+01 -1.7852e+03 3.6133e+03 -4.8359e+00 -7.7529e+03
-5.5075e+06 3.6324e+01 -1.8309e+03 3.5708e+03 -9.0206e+00 -7.7893e+03
-5.7901e+06 3.6322e+01 -1.8755e+03 3.5280e+03 -1.7430e+01 -7.8247e+03
-6.0114e+06 3.6324e+01 -1.9191e+03 3.4849e+03 -2.4112e+01 -7.8599e+03
-6.0960e+06 3.6325e+01 -1.9617e+03 3.4415e+03 -1.6438e+01 -7.8937e+03
-6.1414e+06 3.6325e+01 -2.0033e+03 3.3980e+03 -8.3524e+00 -7.9285e+03
-6.1351e+06 3.6329e+01 -2.0440e+03 3.3542e+03 -2.0472e+01 -7.9604e+03
-6.9324e+06 3.6384e+01 -9.6583e+01 4.4755e+03 -1.6872e+01 -6.7043e+03
-6.5323e+06 3.6343e+01 -1.7665e+02 4.4550e+03 -1.7638e+01 -6.7482e+03
-6.8426e+06 3.6319e+01 -2.5528e+02 4.4330e+03 -1.1242e+01 -6.7988e+03
-6.5665e+06 3.6311e+01 -3.3247e+02 4.4096e+03 -4.3455e-01 -6.8455e+03
-6.7736e+06 3.6312e+01 -4.0822e+02 4.3849e+03 -5.1913e+00 -6.8926e+03
-6.5763e+06 3.6311e+01 -4.8252e+02 4.3588e+03 -2.5608e-01 -6.9393e+03
-6.6821e+06 3.6312e+01 -5.5537e+02 4.3315e+03 -1.0242e+00 -6.9859e+03
-6.5358e+06 3.6312e+01 -6.2678e+02 4.3030e+03 5.0738e-01 -7.0319e+03
-6.6199e+06 3.6311e+01 -6.9675e+02 4.2734e+03 -9.9992e-01 -7.0776e+03
-6.5247e+06 3.6310e+01 -7.6529e+02 4.2427e+03 -8.7885e-01 -7.1230e+03
-6.5569e+06 3.6310e+01 -8.3242e+02 4.2110e+03 -1.8861e+00 -7.1680e+03
-6.4580e+06 3.6313e+01 -8.9815e+02 4.1783e+03 -2.2736e+00 -7.2126e+03
-6.5045e+06 3.6316e+01 -9.6249e+02 4.1447e+03 -5.1007e+00 -7.2568e+03
-6.4531e+06 3.6317e+01 -1.0255e+03 4.1103e+03 -8.1158e+00 -7.3004e+03
-6.4358e+06 3.6319e+01 -1.0871e+03 4.0750e+03 -1.1453e+01 -7.3437e+03
-6.3230e+06 3.6324e+01 -1.1474e+03 4.0390e+03 -1.3515e+01 -7.3864e+03
-6.1854e+06 3.6328e+01 -1.2063e+03 4.0022e+03 -1.3580e+01 -7.4289e+03
-5.8407e+06 3.6324e+01 -1.2640e+03 3.9648e+03 -8.2888e+00 -7.4711e+03
-5.3141e+06 3.6311e+01 -1.3204e+03 3.9267e+03 -3.7691e+00 -7.5121e+03
-4.3722e+06 3.6289e+01 -1.3756e+03 3.8880e+03 2.5472e+01 -7.5525e+03
-3.2630e+06 3.6267e+01 -1.4295e+03 3.8487e+03 7.5149e+01 -7.5926e+03
-2.6764e+06 3.6265e+01 -1.4823e+03 3.8090e+03 6.9144e+01 -7.6324e+03
-2.8541e+06 3.6278e+01 -1.5338e+03 3.7687e+03 2.8648e+01 -7.6716e+03
-3.4639e+06 3.6302e+01 -1.5842e+03 3.7279e+03 -7.8316e-01 -7.7105e+03
-4.1836e+06 3.6328e+01 -1.6335e+03 3.6868e+03 -2.0704e+01 -7.7489e+03
-4.5788e+06 3.6333e+01 -1.6817e+03 3.6452e+03 -6.4034e+00 -7.7859e+03
-4.8359e+06 3.6324e+01 -1.7288e+03 3.6033e+03 1.3470e+01 -7.8226e+03
-5.0970e+06 3.6319e+01 -1.7748e+03 3.5610e+03 1.5284e+01 -7.8587e+03
-5.4050e+06 3.6317e+01 -1.8199e+03 3.5184e+03 6.8704e+00 -7.8941e+03
-5.5906e+06 3.6319e+01 -1.8639e+03 3.4755e+03 -2.8848e-01 -7.9293e+03
-5.6710e+06 3.6321e+01 -1.9069e+03 3.4324e+03 6.8434e+00 -7.9630e+03
-5.8384e+06 3.6321e+01 -1.9490e+03 3.3890e+03 1.4941e+00 -7.9979e+03
-5.9697e+06 3.6325e+01 -1.9901e+03 3.3455e+03 -2.0843e+01 -8.0295e+03
-6.2534e+06 3.6415e+01 -4.1737e+01 4.4505e+03 -2.1271e+01 -6.7786e+03
-6.8068e+06 3.6366e+01 -1.2115e+02 4.4307e+03 -3.2449e+01 -6.8183e+03
-6.3913e+06 3.6337e+01 -1.9920e+02 4.4093e+03 -9.0913e+00 -6.8686e+03
-6.7488e+06 3.6323e+01 -2.7588e+02 4.3866e+03 -6.7856e+00 -6.9148e+03
-6.4979e+06 3.6321e+01 -3.5117e+02 4.3625e+03 -3.0372e+00 -6.9616e+03
-6.7480e+06 3.6318e+01 -4.2508e+02 4.3371e+03 -5.9266e+00 -7.0085e+03
-6.5599e+06 3.6317e+01 -4.9760e+02 4.3105e+03 -1.3481e+00 -7.0548e+03
-6.7082e+06 3.6317e+01 -5.6873e+02 4.2826e+03 -4.3973e+00 -7.1010e+03
-6.5211e+06 3.6316e+01 -6.3849e+02 4.2536e+03 -6.0955e-01 -7.1468e+03
-6.5735e+06 3.6313e+01 -7.0686e+02 4.2236e+03 -3.2089e+00 -7.1924e+03
-6.4606e+06 3.6313e+01 -7.7387e+02 4.1925e+03 -4.7229e+00 -7.2372e+03
-6.5280e+06 3.6315e+01 -8.3952e+02 4.1604e+03 -9.9125e+00 -7.2818e+03
-6.3707e+06 3.6315e+01 -9.0383e+02 4.1274e+03 -6.6542e+00 -7.3262e+03
-6.3521e+06 3.6316e+01 -9.6681e+02 4.0935e+03 -9.0652e+00 -7.3697e+03
-6.2589e+06 3.6318e+01 -1.0285e+03 4.0588e+03 -9.1184e+00 -7.4131e+03
-6.1391e+06 3.6321e+01 -1.0888e+03 4.0233e+03 -2.1906e+00 -7.4561e+03
-5.8612e+06 3.6323e+01 -1.1479e+03 3.9870e+03 5.0651e+00 -7.4986e+03
-5.6359e+06 3.6321e+01 -1.2058e+03 3.9500e+03 5.2970e+00 -7.5406e+03
-5.3699e+06 3.6322e+01 -1.2624e+03 3.9124e+03 -1.2221e+01 -7.5817e+03
-4.9653e+06 3.6321e+01 -1.3177e+03 3.8741e+03 -2.2271e+01 -7.6219e+03
-4.3126e+06 3.6313e+01 -1.3719e+03 3.8353e+03 2.4301e+00 -7.6618e+03
-3.9477e+06 3.6305e+01 -1.4249e+03 3.7959e+03 8.0286e+00 -7.7021e+03
-3.9060e+06 3.6299e+01 -1.4767e+03 3.7560e+03 3.5202e+00 -7.7414e+03
-4.0729e+06 3.6303e+01 -1.5275e+03 3.7156e+03 1.2673e+01 -7.7802e+03
-4.3586e+06 3.6316e+01 -1.5771e+03 3.6748e+03 1.1788e+01 -7.8182e+03
-4.6975e+06 3.6323e+01 -1.6256e+03 3.6335e+03 3.3216e+00 -7.8550e+03
-4.9965e+06 3.6324e+01 -1.6730e+03 3.5919e+03 -1.4842e+00 -7.8917e+03
-5.2138e+06 3.6320e+01 -1.7194e+03 3.5499e+03 2.7467e+00 -7.9278e+03
-5.3196e+06 3.6316e+01 -1.7648e+03 3.5075e+03 8.1392e+00 -7.9634e+03
-5.3443e+06 3.6317e+01 -1.8092e+03 3.4649e+03 1.1671e+01 -7.9982e+03
-5.3841e+06 3.6319e+01 -1.8526e+03 3.4220e+03 1.5883e+01 -8.0314e+03
-5.5051e+06 3.6315e+01 -1.8951e+03 3.3789e+03 1.6051e+01 -8.0663e+03
-5.5118e+06 3.6313e+01 -1.9367e+03 3.3355e+03 6.8272e+00 -8.0979e+03
-6.3133e+06 3.6468e+01 1.1595e+01 4.4245e+03 -2.6508e+01 -6.8632e+03
-6.3338e+06 3.6411e+01 -6.7148e+01 4.4053e+03 -3.2212e+01 -6.8965e+03
-6.5708e+06 3.6370e+01 -1.4459e+02 4.3847e+03 -3.2057e+01 -6.9394e+03
-6.5375e+06 3.6346e+01 -2.2073e+02 4.3626e+03 -9.5255e+00 -6.9838e+03
-6.6459e+06 3.6335e+01 -2.9554e+02 4.3391e+03 -1.3819e+01 -7.0305e+03
-6.5896e+06 3.6327e+01 -3.6903e+02 4.3143e+03 -5.5030e+00 -7.0771e+03
-6.5990e+06 3.6321e+01 -4.4119e+02 4.2883e+03 -3.5685e+00 -7.1236e+03
-6.5475e+06 3.6319e+01 -5.1201e+02 4.2611e+03 -2.0841e+00 -7.1697e+03
-6.5721e+06 3.6317e+01 -5.8151e+02 4.2327e+03 -5.2443e+00 -7.2155e+03
-6.5231e+06 3.6312e+01 -6.4968e+02 4.2033e+03 -6.5589e+00 -7.2610e+03
-6.4547e+06 3.6309e+01 -7.1653e+02 4.1728e+03 -8.4887e+00 -7.3062e+03
-6.2951e+06 3.6307e+01 -7.8207e+02 4.1413e+03 -6.6446e+00 -7.3509e+03
-6.1440e+06 3.6303e+01 -8.4632e+02 4.1088e+03 6.5273e+00 -7.3952e+03
-6.0319e+06 3.6305e+01 -9.0927e+02 4.0755e+03 1.2816e+01 -7.4390e+03
-6.0037e+06 3.6312e+01 -9.7095e+02 4.0413e+03 8.9557e+00 -7.4825e+03
-5.9595e+06 3.6319e+01 -1.0314e+03 4.0063e+03 6.6353e+00 -7.5253e+03
-5.8479e+06 3.6322e+01 -1.0905e+03 3.9705e+03 5.0849e+00 -7.5674e+03
-5.5755e+06 3.6320e+01 -1.1485e+03 3.9340e+03 1.0970e+01 -7.6092e+03
-5.5078e+06 3.6322e+01 -1.2052e+03 3.8968e+03 -9.6750e+00 -7.6509e+03
-5.5531e+06 3.6330e+01 -1.2608e+03 3.8590e+03 -4.2885e+01 -7.6917e+03
-5.3232e+06 3.6331e+01 -1.3151e+03 3.8206e+03 -3.8597e+01 -7.7318e+03
-5.0246e+06 3.6322e+01 -1.3684e+03 3.7816e+03 -2.3259e+01 -7.7719e+03
-4.8238e+06 3.6308e+01 -1.4204e+03 3.7420e+03 -7.2162e+00 -7.8105e+03
-4.7225e+06 3.6301e+01 -1.4714e+03 3.7020e+03 9.7707e+00 -7.8486e+03
-4.7876e+06 3.6303e+01 -1.5213e+03 3.6615e+03 1.0329e+01 -7.8866e+03
-4.9998e+06 3.6307e+01 -1.5701e+03 3.6206e+03 -5.0605e+00 -7.9240e+03
-5.3031e+06 3.6315e+01 -1.6179e+03 3.5792e+03 -2.1423e+01 -7.9605e+03
-5.5215e+06 3.6321e+01 -1.6647e+03 3.5375e+03 -2.6880e+01 -7.9961e+03
-5.6368e+06 3.6321e+01 -1.7104e+03 3.4955e+03 -2.3607e+01 -8.0316e+03
-5.5293e+06 3.6323e+01 -1.7552e+03 3.4531e+03 -7.0304e+00 -8.0665e+03
-5.4471e+06 3.6321e+01 -1.7990e+03 3.4104e+03 9.2508e+00 -8.1000e+03
-5.4421e+06 3.6313e+01 -1.8418e+03 3.3675e+03 1.7574e+01 -8.1347e+03
-5.4190e+06 3.6309e+01 -1.8838e+03 3.3243e+03 1.1900e+01 -8.1663e+03
-6.0984e+06 3.6584e+01 6.3461e+01 4.3977e+03 -5.2781e+01 -6.9883e+03
-6.0826e+06 3.6494e+01 -1.4593e+01 4.3791e+03 -7.6112e+01 -6.9764e+03
-6.3810e+06 3.6427e+01 -9.1413e+01 4.3590e+03 -3.0492e+01 -7.0128e+03
-6.3954e+06 3.6384e+01 -1.6698e+02 4.3375e+03 -2.5886e+01 -7.0552e+03
-6.5645e+06 3.6356e+01 -2.4129e+02 4.3147e+03 -1.4569e+01 -7.0988e+03
-6.5434e+06 3.6336e+01 -3.1433e+02 4.2905e+03 -1.1642e+01 -7.1455e+03
-6.6184e+06 3.6325e+01 -3.8610e+02 4.2651e+03 -6.6799e+00 -7.1918e+03
-6.5684e+06 3.6320e+01 -4.5659e+02 4.2385e+03 -1.0225e+01 -7.2381e+03
-6.5265e+06 3.6316e+01 -5.2580e+02 4.2107e+03 -8.4949e+00 -7.2838e+03
-6.3506e+06 3.6308e+01 -5.9374e+02 4.1818e+03 -4.4946e+00 -7.3294e+03
-6.2202e+06 3.6298e+01 -6.6040e+02 4.1519e+03 4.2471e+00 -7.3748e+03
-6.0523e+06 3.6294e+01 -7.2580e+02 4.1209e+03 8.9660e+00 -7.4195e+03
-5.8620e+06 3.6294e+01 -7.8994e+02 4.0890e+03 2.1192e+01 -7.4637e+03
-5.8217e+06 3.6300e+01 -8.5283e+02 4.0562e+03 2.0609e+01 -7.5078e+03
-6.0194e+06 3.6312e+01 -9.1448e+02 4.0225e+03 4.9979e+00 -7.5507e+03
-6.1295e+06 3.6321e+01 -9.7491e+02 3.9880e+03 -1.0447e+01 -7.5934e+03
-6.0456e+06 3.6323e+01 -1.0341e+03 3.9527e+03 -1.3360e+01 -7.6359e+03
-5.8044e+06 3.6317e+01 -1.0922e+03 3.9167e+03 -4.0327e-01 -7.6776e+03
-5.7633e+06 3.6312e+01 -1.1490e+03 3.8800e+03 -4.4900e+00 -7.7189e+03
-5.8219e+06 3.6316e+01 -1.2047e+03 3.8426e+03 -2.3126e+01 -7.7596e+03
-5.7308e+06 3.6322e+01 -1.2592e+03 3.8046e+03 -2.5951e+01 -7.7997e+03
-5.5672e+06 3.6321e+01 -1.3126e+03 3.7660e+03 -2.4847e+01 -7.8397e+03
-5.3940e+06 3.6311e+01 -1.3650e+03 3.7268e+03 -1.6668e+01 -7.8786e+03
-5.2389e+06 3.6301e+01 -1.4162e+03 3.6872e+03 -4.9768e+00 -7.9170e+03
-5.1385e+06 3.6291e+01 -1.4663e+03 3.6470e+03 1.5113e+00 -7.9548e+03
-5.0981e+06 3.6283e+01 -1.5154e+03 3.6064e+03 3.6490e+00 -7.9926e+03
-5.1554e+06 3.6304e+01 -1.5635e+03 3.5654e+03 6.9286e-01 -8.0292e+03
-5.3953e+06 3.6458e+01 -1.6105e+03 3.5239e+03 -1.4866e+01 -8.0640e+03
-5.7265e+06 3.6584e+01 -1.6566e+03 3.4821e+03 -3.3126e+01 -8.0992e+03
-5.8029e+06 3.6474e+01 -1.7017e+03 3.4400e+03 -2.1555e+01 -8.1345e+03
-5.6731e+06 3.6359e+01 -1.7458e+03 3.3976e+03 8.5851e+00 -8.1680e+03
-5.6847e+06 3.6331e+01 -1.7890e+03 3.3549e+03 1.3578e+01 -8.2023e+03
-5.7753e+06 3.6315e+01 -1.8313e+03 3.3119e+03 -1.1746e+01 -8.2339e+03
-4.9647e+06 3.6864e+01 1.1391e+02 4.3700e+03 -1.1059e+03 -1.0213e+04
-6.4407e+06 3.6653e+01 3.6558e+01 4.3519e+03 -1.5683e+02 -7.2190e+03
-5.6679e+06 3.6520e+01 -3.9619e+01 4.3324e+03 -2.1767e+01 -7.1033e+03
-6.7037e+06 3.6437e+01 -1.1461e+02 4.3115e+03 -5.5541e+01 -7.1263e+03
-6.1714e+06 3.6381e+01 -1.8839e+02 4.2892e+03 -1.4274e+01 -7.1668e+03
-6.7070e+06 3.6346e+01 -2.6096e+02 4.2657e+03 -2.3353e+01 -7.2135e+03
-6.2428e+06 3.6327e+01 -3.3231e+02 4.2408e+03 -5.0340e+00 -7.2597e+03
-6.5549e+06 3.6317e+01 -4.0243e+02 4.2148e+03 -1.6142e+01 -7.3063e+03
-6.2398e+06 3.6312e+01 -4.7133e+02 4.1876e+03 -7.7755e+00 -7.3517e+03
-6.3705e+06 3.6305e+01 -5.3900e+02 4.1592e+03 -8.7665e+00 -7.3975e+03
-5.9025e+06 3.6297e+01 -6.0544e+02 4.1299e+03 1.5093e+01 -7.4427e+03
-5.8443e+06 3.6296e+01 -6.7067e+02 4.0995e+03 2.0063e+01 -7.4873e+03
-5.8020e+06 3.6302e+01 -7.3467e+02 4.0681e+03 1.0820e+01 -7.5313e+03
-6.1156e+06 3.6308e+01 -7.9747e+02 4.0358e+03 -6.3455e+00 -7.5755e+03
-6.1375e+06 3.6312e+01 -8.5907e+02 4.0026e+03 -1.0492e+01 -7.6185e+03
-6.2843e+06 3.6318e+01 -9.1949e+02 3.9686e+03 -1.7017e+01 -7.6615e+03
-6.1727e+06 3.6318e+01 -9.7872e+02 3.9338e+03 -1.4253e+01 -7.7041e+03
-6.0481e+06 3.6311e+01 -1.0368e+03 3.8982e+03 -5.9643e+00 -7.7458e+03
-5.8685e+06 3.6307e+01 -1.0937e+03 3.8619e+03 -3.3969e-01 -7.7870e+03
-5.8435e+06 3.6307e+01 -1.1495e+03 3.8250e+03 -7.7480e-01 -7.8276e+03
-5.7514e+06 3.6313e+01 -1.2042e+03 3.7874e+03 -2.4707e+00 -7.8678e+03
-5.7153e+06 3.6318e+01 -1.2578e+03 3.7492e+03 -9.7434e+00 -7.9075e+03
-5.5849e+06 3.6314e+01 -1.3102e+03 3.7104e+03 -9.5689e+00 -7.9464e+03
-5.4662e+06 3.6307e+01 -1.3617e+03 3.6711e+03 -8.8459e+00 -7.9848e+03
-5.2883e+06 3.6294e+01 -1.4120e+03 3.6313e+03 -7.0630e+00 -8.0220e+03
-5.0191e+06 3.6268e+01 -1.4614e+03 3.5910e+03 1.2153e+01 -8.0593e+03
-4.7235e+06 3.5770e+01 -1.5097e+03 3.5503e+03 4.3498e+01 -8.0964e+03
-4.8499e+06 3.4927e+01 -1.5570e+03 3.5091e+03 3.5203e+01 -8.1319e+03
-5.4774e+06 3.4444e+01 -1.6034e+03 3.4676e+03 -2.0265e+01 -8.1668e+03
-6.0319e+06 3.4495e+01 -1.6488e+03 3.4258e+03 -5.1780e+01 -8.2013e+03
-6.1072e+06 3.5108e+01 -1.6933e+03 3.3836e+03 -2.1444e+01 -8.2348e+03
-6.0072e+06 3.5762e+01 -1.7368e+03 3.3411e+03 3.0570e+00 -8.2693e+03
-5.9413e+06 3.6148e+01 -1.7794e+03 3.2983e+03 -1.2211e+01 -8.3005e+03
-6.6112e+06 3.7572e+01 1.6303e+02 4.3414e+03 -5.9608e+03 -2.8820e+04
-6.0189e+06 3.7082e+01 8.6347e+01 4.3240e+03 -2.0971e+03 -1.2391e+04
-5.9965e+06 3.6686e+01 1.0829e+01 4.3050e+03 -1.6746e+02 -7.2585e+03
-5.8677e+06 3.6487e+01 -6.3556e+01 4.2846e+03 -8.6416e+00 -7.1822e+03
-6.3686e+06 3.6403e+01 -1.3679e+02 4.2629e+03 -4.6297e+01 -7.2382e+03
-6.2438e+06 3.6352e+01 -2.0887e+02 4.2399e+03 -2.1301e+01 -7.2794e+03
-6.3994e+06 3.6322e+01 -2.7978e+02 4.2156e+03 -1.9796e+01 -7.3271e+03
-6.1625e+06 3.6305e+01 -3.4952e+02 4.1901e+03 -8.4196e+00 -7.3732e+03
-6.1373e+06 3.6301e+01 -4.1808e+02 4.1634e+03 -5.1903e+00 -7.4194e+03
-5.8800e+06 3.6306e+01 -4.8545e+02 4.1356e+03 4.2334e-01 -7.4652e+03
-5.8210e+06 3.6308e+01 -5.5165e+02 4.1068e+03 9.7456e+00 -7.5104e+03
-5.8655e+06 3.6311e+01 -6.1667e+02 4.0769e+03 5.7460e+00 -7.5546e+03
-6.1404e+06 3.6316e+01 -6.8051e+02 4.0460e+03 -1.3835e+01 -7.5990e+03
-6.1732e+06 3.6312e+01 -7.4319e+02 4.0143e+03 -1.0896e+01 -7.6430e+03
-6.2353e+06 3.6308e+01 -8.0470e+02 3.9816e+03 -2.3307e+00 -7.6864e+03
-6.2156e+06 3.6310e+01 -8.6507e+02 3.9480e+03 -3.5543e+00 -7.7293e+03
-6.1419e+06 3.6311e+01 -9.2429e+02 3.9137e+03 -2.8396e+00 -7.7717e+03
-6.0156e+06 3.6306e+01 -9.8238e+02 3.8786e+03 9.1059e-01 -7.8134e+03
-5.9624e+06 3.6305e+01 -1.0394e+03 3.8427e+03 -3.9808e-01 -7.8547e+03
-5.8423e+06 3.6309e+01 -1.0952e+03 3.8062e+03 9.9372e-01 -7.8954e+03
-5.7661e+06 3.6314e+01 -1.1500e+03 3.7690e+03 6.3469e-01 -7.9355e+03
-5.6831e+06 3.6318e+01 -1.2037e+03 3.7312e+03 -2.9221e+00 -7.9747e+03
-5.5864e+06 3.6317e+01 -1.2563e+03 3.6928e+03 -3.7998e+00 -8.0138e+03
-5.4780e+06 3.6314e+01 -1.3079e+03 3.6539e+03 -8.5513e+00 -8.0524e+03
-5.3398e+06 3.6307e+01 -1.3585e+03 3.6144e+03 -1.6402e+01 -8.0892e+03
-5.0063e+06 3.5834e+01 -1.4081e+03 3.5744e+03 1.9937e+00 -8.1255e+03
-4.5268e+06 3.3718e+01 -1.4566e+03 3.5340e+03 5.4932e+01 -8.1632e+03
-4.4348e+06 3.0773e+01 -1.5042e+03 3.4932e+03 7.9563e+01 -8.2004e+03
-5.0875e+06 2.9263e+01 -1.5508e+03 3.4520e+03 1.5321e+01 -8.2352e+03
-5.9899e+06 2.9747e+01 -1.5965e+03 3.4104e+03 -6.6549e+01 -8.2683e+03
-6.3367e+06 3.2015e+01 -1.6413e+03 3.3684e+03 -5.8890e+01 -8.3017e+03
-6.1577e+06 3.4646e+01 -1.6851e+03 3.3262e+03 -1.1817e+01 -8.3361e+03
-5.7783e+06 3.6014e+01 -1.7281e+03 3.2836e+03 5.8198e+00 -8.3668e+03
-6.7724e+06 3.9023e+01 4.1344e+02 4.1966e+03 -2.1290e+04 -5.0036e+04
-7.2938e+06 3.7925e+01 1.3482e+02 4.2952e+03 -9.4781e+03 -2.0453e+04
-6.3304e+06 3.6914e+01 5.9969e+01 4.2767e+03 -5.0229e+02 -7.4192e+03
-5.3674e+06 3.6511e+01 -1.3799e+01 4.2569e+03 1.0340e+02 -7.2321e+03
-6.2796e+06 3.6413e+01 -8.6474e+01 4.2357e+03 -9.7608e+01 -7.3094e+03
-5.8696e+06 3.6349e+01 -1.5804e+02 4.2132e+03 2.3116e+00 -7.3443e+03
-5.9584e+06 3.6312e+01 -2.2849e+02 4.1894e+03 -7.6590e+00 -7.3944e+03
-5.5437e+06 3.6290e+01 -2.9782e+02 4.1644e+03 2.9326e+01 -7.4404e+03
-5.7443e+06 3.6288e+01 -3.6601e+02 4.1383e+03 1.0329e+01 -7.4866e+03
-5.7289e+06 3.6304e+01 -4.3307e+02 4.1110e+03 8.7013e+00 -7.5318e+03
-5.8624e+06 3.6314e+01 -4.9899e+02 4.0827e+03 4.2821e+00 -7.5773e+03
-5.9197e+06 3.6319e+01 -5.6378e+02 4.0533e+03 1.1235e+00 -7.6220e+03
-6.3007e+06 3.6320e+01 -6.2743e+02 4.0229e+03 -1.6606e+01 -7.6666e+03
-6.2443e+06 3.6314e+01 -6.8996e+02 3.9916e+03 -1.0692e+00 -7.7101e+03
-6.1857e+06 3.6309e+01 -7.5136e+02 3.9594e+03 5.5020e+00 -7.7535e+03
-6.1548e+06 3.6311e+01 -8.1165e+02 3.9264e+03 1.1155e+00 -7.7962e+03
-6.1813e+06 3.6310e+01 -8.7083e+02 3.8925e+03 -4.4001e+00 -7.8384e+03
-6.0146e+06 3.6308e+01 -9.2891e+02 3.8578e+03 -5.8038e-01 -7.8802e+03
-5.9136e+06 3.6310e+01 -9.8590e+02 3.8224e+03 -3.8084e+00 -7.9214e+03
-5.8114e+06 3.6315e+01 -1.0418e+03 3.7863e+03 -4.0585e+00 -7.9621e+03
-5.7288e+06 3.6318e+01 -1.0967e+03 3.7495e+03 -3.8582e+00 -8.0022e+03
-5.6022e+06 3.6318e+01 -1.1505e+03 3.7121e+03 -3.7131e+00 -8.0415e+03
-5.4873e+06 3.6313e+01 -1.2032e+03 3.6741e+03 1.4496e-01 -8.0806e+03
-5.3804e+06 3.6312e+01 -1.2550e+03 3.6355e+03 1.0416e+00 -8.1192e+03
-5.3280e+06 3.6308e+01 -1.3057e+03 3.5964e+03 -1.0590e+01 -8.1567e+03
-5.1277e+06 3.4730e+01 -1.3555e+03 3.5567e+03 -1.3671e+01 -8.1926e+03
-4.7604e+06 3.0751e+01 -1.4042e+03 3.5166e+03 2.1791e+01 -8.2289e+03
-4.4482e+06 2.7391e+01 -1.4520e+03 3.4761e+03 8.0298e+01 -8.2662e+03
-4.7727e+06 2.6351e+01 -1.4989e+03 3.4352e+03 6.5145e+01 -8.3011e+03
-5.5706e+06 2.7125e+01 -1.5448e+03 3.3938e+03 -2.0506e+01 -8.3342e+03
-6.0897e+06 3.0397e+01 -1.5899e+03 3.3522e+03 -4.6933e+01 -8.3676e+03
-6.0427e+06 3.4465e+01 -1.6340e+03 3.3102e+03 -1.3989e+01 -8.4025e+03
-5.6866e+06 3.6221e+01 -1.6772e+03 3.2679e+03 7.6511e+00 -8.4331e+03
-4.2839e+06 4.0716e+01 6.4450e+02 4.0634e+03 -4.2680e+04 -3.8546e+04
-8.1898e+06 3.8693e+01 1.8201e+02 4.2657e+03 -1.7063e+04 -1.8047e+04
-6.1657e+06 3.7053e+01 1.0784e+02 4.2477e+03 -6.3280e+02 -7.4356e+03
-4.8728e+06 3.6514e+01 3.4702e+01 4.2283e+03 1.5604e+02 -7.3095e+03
-5.9301e+06 3.6409e+01 -3.7394e+01 4.2076e+03 -1.0299e+02 -7.3713e+03
-5.5068e+06 3.6338e+01 -1.0843e+02 4.1856e+03 3.1577e+01 -7.4115e+03
-5.6811e+06 3.6311e+01 -1.7840e+02 4.1623e+03 1.1602e+01 -7.4607e+03
-5.4144e+06 3.6294e+01 -2.4730e+02 4.1378e+03 3.7971e+01 -7.5071e+03
-5.6376e+06 3.6294e+01 -3.1511e+02 4.1122e+03 1.3532e+01 -7.5527e+03
-5.6734e+06 3.6308e+01 -3.8182e+02 4.0854e+03 1.2358e+01 -7.5982e+03
-5.9601e+06 3.6314e+01 -4.4745e+02 4.0576e+03 7.2698e+00 -7.6435e+03
-6.1761e+06 3.6315e+01 -5.1198e+02 4.0287e+03 1.1057e+00 -7.6884e+03
-6.3440e+06 3.6316e+01 -5.7542e+02 3.9988e+03 -9.5177e+00 -7.7329e+03
-6.2308e+06 3.6316e+01 -6.3777e+02 3.9680e+03 -6.5859e-01 -7.7764e+03
-6.3033e+06 3.6315e+01 -6.9903e+02 3.9363e+03 -4.3466e+00 -7.8199e+03
-6.2214e+06 3.6315e+01 -7.5921e+02 3.9037e+03 -4.8738e+00 -7.8627e+03
-6.1020e+06 3.6314e+01 -8.1832e+02 3.8702e+03 -2.5644e+00 -7.9050e+03
-5.9818e+06 3.6313e+01 -8.7636e+02 3.8360e+03 -1.2858e+00 -7.9466e+03
-5.9482e+06 3.6315e+01 -9.3334e+02 3.8010e+03 -8.2842e+00 -7.9879e+03
-5.7866e+06 3.6317e+01 -9.8928e+02 3.7653e+03 -7.0141e+00 -8.0285e+03
-5.6319e+06 3.6318e+01 -1.0442e+03 3.7289e+03 -2.2386e+00 -8.0685e+03
-5.4928e+06 3.6319e+01 -1.0981e+03 3.6919e+03 -3.4892e+00 -8.1080e+03
-5.3808e+06 3.6317e+01 -1.1509e+03 3.6542e+03 -3.8084e+00 -8.1467e+03
-5.2804e+06 3.6315e+01 -1.2028e+03 3.6160e+03 -5.1995e-01 -8.1847e+03
-5.2666e+06 3.6301e+01 -1.2537e+03 3.5772e+03 -7.6558e+00 -8.2231e+03
-5.2918e+06 3.4323e+01 -1.3036e+03 3.5379e+03 -2.6636e+01 -8.2594e+03
-5.1794e+06 2.9854e+01 -1.3525e+03 3.4982e+03 -2.3341e+01 -8.2943e+03
-4.9060e+06 2.6777e+01 -1.4005e+03 3.4579e+03 2.9075e+01 -8.3305e+03
-4.8798e+06 2.6224e+01 -1.4476e+03 3.4173e+03 5.8320e+01 -8.3659e+03
-5.2584e+06 2.7294e+01 -1.4938e+03 3.3762e+03 2.2856e+01 -8.3994e+03
-5.6474e+06 3.0893e+01 -1.5390e+03 3.3348e+03 -4.7505e+00 -8.4320e+03
-5.8524e+06 3.4911e+01 -1.5834e+03 3.2931e+03 -5.3215e+00 -8.4673e+03
-5.7940e+06 3.6355e+01 -1.6270e+03 3.2510e+03 -9.2414e+00 -8.4983e+03
-6.3209e+06 4.1389e+01 4.9975e+02 4.1414e+03 -4.8097e+04 -1.6592e+04
-8.4321e+06 3.8684e+01 2.2796e+02 4.2354e+03 -1.4392e+04 -9.0607e+03
-5.1803e+06 3.6980e+01 1.5448e+02 4.2179e+03 -2.7875e+02 -7.3654e+03
-5.2573e+06 3.6518e+01 8.1984e+01 4.1990e+03 1.8104e+01 -7.3983e+03
-5.5564e+06 3.6400e+01 1.0479e+01 4.1787e+03 -3.9303e+01 -7.4285e+03
-5.4945e+06 3.6338e+01 -6.0018e+01 4.1572e+03 2.1484e+01 -7.4810e+03
-5.3910e+06 3.6325e+01 -1.2949e+02 4.1344e+03 2.9872e+01 -7.5261e+03
-5.5551e+06 3.6316e+01 -1.9794e+02 4.1104e+03 1.5924e+01 -7.5732e+03
-5.8629e+06 3.6313e+01 -2.6534e+02 4.0852e+03 4.0196e+00 -7.6185e+03
-6.2388e+06 3.6318e+01 -3.3170e+02 4.0589e+03 -1.3250e+01 -7.6644e+03
-6.2799e+06 3.6318e+01 -3.9701e+02 4.0315e+03 -3.1791e+00 -7.7092e+03
-6.2871e+06 3.6315e+01 -4.6126e+02 4.0031e+03 -3.8012e+00 -7.7544e+03
-6.3427e+06 3.6313e+01 -5.2446e+02 3.9737e+03 -2.7557e+00 -7.7985e+03
-6.3800e+06 3.6313e+01 -5.8661e+02 3.9434e+03 -5.7630e+00 -7.8423e+03
-6.2417e+06 3.6316e+01 -6.4770e+02 3.9121e+03 -4.1471e+00 -7.8858e+03
-6.1809e+06 3.6317e+01 -7.0776e+02 3.8799e+03 -4.1699e+00 -7.9287e+03
-6.1105e+06 3.6317e+01 -7.6677e+02 3.8469e+03 -2.5382e+00 -7.9709e+03
-5.9642e+06 3.6317e+01 -8.2474e+02 3.8131e+03 -3.7271e+00 -8.0126e+03
-5.7656e+06 3.6317e+01 -8.8169e+02 3.7785e+03 -3.9910e+00 -8.0538e+03
-5.6121e+06 3.6314e+01 -9.3762e+02 3.7432e+03 -3.5436e+00 -8.0944e+03
-5.4279e+06 3.6313e+01 -9.9254e+02 3.7072e+03 4.6783e-02 -8.1345e+03
-5.3160e+06 3.6321e+01 -1.0465e+03 3.6706e+03 -5.0587e+00 -8.1738e+03
-5.2347e+06 3.6328e+01 -1.0994e+03 3.6333e+03 -1.0687e+01 -8.2121e+03
-5.1364e+06 3.6324e+01 -1.1513e+03 3.5954e+03 -9.5422e+00 -8.2498e+03
-5.0928e+06 3.6451e+01 -1.2023e+03 3.5570e+03 -4.9987e+00 -8.2881e+03
-5.1935e+06 3.4897e+01 -1.2524e+03 3.5181e+03 -1.5503e+01 -8.3250e+03
-5.3591e+06 3.0564e+01 -1.3015e+03 3.4786e+03 -3.0085e+01 -8.3601e+03
-5.3724e+06 2.7078e+01 -1.3497e+03 3.4387e+03 -1.9524e+01 -8.3959e+03
-5.3297e+06 2.6239e+01 -1.3969e+03 3.3983e+03 1.5818e+00 -8.4315e+03
-5.3111e+06 2.7523e+01 -1.4433e+03 3.3576e+03 1.1636e+01 -8.4655e+03
-5.4354e+06 3.1317e+01 -1.4888e+03 3.3164e+03 1.4032e+01 -8.4971e+03
-5.6971e+06 3.5065e+01 -1.5334e+03 3.2749e+03 1.4441e+00 -8.5315e+03
-5.8669e+06 3.6315e+01 -1.5772e+03 3.2331e+03 -1.5780e+01 -8.5627e+03
-9.0313e+06 4.0703e+01 3.4821e+02 4.2192e+03 -3.4779e+04 -1.3286e+04
-8.1201e+06 3.8038e+01 2.7271e+02 4.2045e+03 -5.5345e+03 -6.5058e+03
-3.4546e+06 3.6802e+01 1.9993e+02 4.1874e+03 1.5629e+02 -7.3843e+03
-6.0409e+06 3.6521e+01 1.2808e+02 4.1689e+03 -1.3478e+02 -7.4633e+03
-4.9729e+06 3.6398e+01 5.7179e+01 4.1491e+03 3.3323e+01 -7.4940e+03
-6.2434e+06 3.6349e+01 -1.2762e+01 4.1280e+03 -3.1904e+01 -7.5474e+03
-5.6620e+06 3.6340e+01 -8.1728e+01 4.1056e+03 9.2206e+00 -7.5907e+03
-6.5322e+06 3.6330e+01 -1.4971e+02 4.0821e+03 -3.2700e+01 -7.6380e+03
-6.0849e+06 3.6324e+01 -2.1669e+02 4.0574e+03 -1.1874e+00 -7.6839e+03
-6.5580e+06 3.6322e+01 -2.8267e+02 4.0315e+03 -1.9942e+01 -7.7303e+03
-6.2840e+06 3.6323e+01 -3.4763e+02 4.0046e+03 -3.0762e+00 -7.7748e+03
-6.6603e+06 3.6319e+01 -4.1159e+02 3.9767e+03 -1.3819e+01 -7.8200e+03
-6.2422e+06 3.6312e+01 -4.7453e+02 3.9477e+03 6.8262e+00 -7.8640e+03
-6.3205e+06 3.6309e+01 -5.3645e+02 3.9178e+03 5.3922e-01 -7.9081e+03
-6.2019e+06 3.6314e+01 -5.9736e+02 3.8869e+03 -1.3574e+00 -7.9511e+03
-6.2468e+06 3.6319e+01 -6.5726e+02 3.8552e+03 -7.7055e+00 -7.9940e+03
-5.9299e+06 3.6320e+01 -7.1615e+02 3.8226e+03 -4.1593e-01 -8.0360e+03
-5.8996e+06 3.6320e+01 -7.7403e+02 3.7892e+03 -4.9730e+00 -8.0779e+03
-5.6908e+06 3.6317e+01 -8.3092e+02 3.7551e+03 -2.9461e+00 -8.1189e+03
-5.4887e+06 3.6308e+01 -8.8682e+02 3.7202e+03 -4.4035e+00 -8.1596e+03
-5.1617e+06 3.6302e+01 -9.4173e+02 3.6846e+03 -4.6309e-01 -8.1997e+03
-5.0185e+06 3.6308e+01 -9.9567e+02 3.6483e+03 -3.1990e+00 -8.2390e+03
-4.8435e+06 3.6315e+01 -1.0487e+03 3.6114e+03 -7.7357e-01 -8.2772e+03
-4.7668e+06 3.6308e+01 -1.1007e+03 3.5739e+03 2.1316e+00 -8.3151e+03
-4.7285e+06 3.6227e+01 -1.1518e+03 3.5358e+03 7.5448e+00 -8.3531e+03
-4.9676e+06 3.4017e+01 -1.2019e+03 3.4972e+03 -1.9519e-01 -8.3900e+03
-5.2981e+06 2.9445e+01 -1.2512e+03 3.4580e+03 -1.7434e+01 -8.4254e+03
-5.6115e+06 2.6638e+01 -1.2995e+03 3.4184e+03 -3.4956e+01 -8.4605e+03
-5.6388e+06 2.6257e+01 -1.3469e+03 3.3783e+03 -3.5380e+01 -8.4959e+03
-5.4221e+06 2.7763e+01 -1.3935e+03 3.3379e+03 -2.3532e+00 -8.5303e+03
-5.2937e+06 3.1798e+01 -1.4392e+03 3.2970e+03 2.4331e+01 -8.5619e+03
-5.5960e+06 3.5319e+01 -1.4840e+03 3.2557e+03 8.8199e+00 -8.5961e+03
-5.8244e+06 3.6322e+01 -1.5280e+03 3.2142e+03 -1.2859e+01 -8.6269e+03
-7.7934e+06 3.9507e+01 3.8923e+02 4.1883e+03 -1.9503e+04 -1.0904e+04
-5.5723e+06 3.7399e+01 3.1629e+02 4.1729e+03 -8.1817e+02 -7.4345e+03
-4.3286e+06 3.6683e+01 2.4422e+02 4.1562e+03 1.3010e+02 -7.4750e+03
-6.1053e+06 3.6508e+01 1.7303e+02 4.1381e+03 -1.3578e+02 -7.5133e+03
-5.7546e+06 3.6400e+01 1.0274e+02 4.1187e+03 1.4791e+00 -7.5627e+03
-6.3777e+06 3.6356e+01 3.3365e+01 4.0980e+03 -3.5540e+01 -7.6091e+03
-6.0619e+06 3.6339e+01 -3.5078e+01 4.0761e+03 -1.1138e+00 -7.6562e+03
-6.5023e+06 3.6329e+01 -1.0258e+02 4.0530e+03 -2.0575e+01 -7.7024e+03
-6.4222e+06 3.6323e+01 -1.6912e+02 4.0287e+03 -4.1685e+00 -7.7487e+03
-6.7779e+06 3.6320e+01 -2.3470e+02 4.0033e+03 -1.6039e+01 -7.7941e+03
-6.5152e+06 3.6323e+01 -2.9931e+02 3.9768e+03 -4.5481e+00 -7.8393e+03
-6.4210e+06 3.6323e+01 -3.6295e+02 3.9493e+03 -2.4230e+00 -7.8845e+03
-6.2730e+06 3.6315e+01 -4.2561e+02 3.9208e+03 7.1527e+00 -7.9285e+03
-6.3767e+06 3.6310e+01 -4.8729e+02 3.8913e+03 -2.2036e+00 -7.9723e+03
-6.1165e+06 3.6313e+01 -5.4799e+02 3.8609e+03 -2.5922e+00 -8.0155e+03
-6.0754e+06 3.6317e+01 -6.0771e+02 3.8296e+03 -5.8424e+00 -8.0583e+03
-5.9378e+06 3.6320e+01 -6.6645e+02 3.7974e+03 -3.8232e+00 -8.1002e+03
-5.7658e+06 3.6322e+01 -7.2422e+02 3.7644e+03 -3.9490e+00 -8.1420e+03
-5.4455e+06 3.6320e+01 -7.8103e+02 3.7306e+03 -1.9513e+00 -8.1831e+03
-5.2157e+06 3.6309e+01 -8.3687e+02 3.6961e+03 -3.3039e+00 -8.2233e+03
-4.8387e+06 3.6291e+01 -8.9176e+02 3.6609e+03 4.8658e+00 -8.2631e+03
-4.5477e+06 3.6279e+01 -9.4570e+02 3.6250e+03 1.0770e+01 -8.3027e+03
-4.3378e+06 3.6272e+01 -9.9870e+02 3.5884e+03 1.7687e+01 -8.3414e+03
-4.2648e+06 3.6264e+01 -1.0508e+03 3.5513e+03 2.1773e+01 -8.3793e+03
-4.3824e+06 3.5679e+01 -1.1019e+03 3.5135e+03 1.5877e+01 -8.4168e+03
-4.7228e+06 3.2534e+01 -1.1522e+03 3.4752e+03 1.6149e+00 -8.4537e+03
-5.1155e+06 2.8050e+01 -1.2015e+03 3.4364e+03 -6.0485e+00 -8.4891e+03
-5.4951e+06 2.6200e+01 -1.2500e+03 3.3971e+03 -2.4559e+01 -8.5238e+03
-5.6585e+06 2.6238e+01 -1.2975e+03 3.3574e+03 -3.5392e+01 -8.5592e+03
-5.3899e+06 2.7827e+01 -1.3443e+03 3.3172e+03 2.7603e+00 -8.5933e+03
-5.2560e+06 3.2013e+01 -1.3901e+03 3.2766e+03 3.1775e+01 -8.6252e+03
-5.5608e+06 3.5472e+01 -1.4352e+03 3.2356e+03 1.0603e+01 -8.6594e+03
-5.8362e+06 3.6345e+01 -1.4794e+03 3.1943e+03 -1.2258e+01 -8.6897e+03
-7.5201e+06 3.8450e+01 4.3094e+02 4.1558e+03 -8.3409e+03 -7.1092e+03
-3.6383e+06 3.7010e+01 3.5876e+02 4.1408e+03 4.2236e+00 -7.4652e+03
-5.7365e+06 3.6628e+01 2.8739e+02 4.1244e+03 -1.0452e+02 -7.5477e+03
-5.5504e+06 3.6478e+01 2.1686e+02 4.1067e+03 -3.3568e+01 -7.5725e+03
-6.5414e+06 3.6390e+01 1.4719e+02 4.0876e+03 -4.9073e+01 -7.6273e+03
-6.2261e+06 3.6350e+01 7.8393e+01 4.0673e+03 -2.8222e+00 -7.6716e+03
-6.8627e+06 3.6331e+01 1.0484e+01 4.0458e+03 -2.3190e+01 -7.7198e+03
-6.6210e+06 3.6323e+01 -5.6522e+01 4.0231e+03 -5.8971e+00 -7.7653e+03
-6.7799e+06 3.6320e+01 -1.2261e+02 3.9992e+03 -1.1701e+01 -7.8123e+03
-6.3616e+06 3.6319e+01 -1.8778e+02 3.9743e+03 6.3189e+00 -7.8577e+03
-6.5922e+06 3.6321e+01 -2.5202e+02 3.9482e+03 -5.9007e+00 -7.9031e+03
-6.5135e+06 3.6323e+01 -3.1532e+02 3.9211e+03 -4.1111e+00 -7.9474e+03
-6.4385e+06 3.6319e+01 -3.7768e+02 3.8930e+03 -6.4371e+00 -7.9919e+03
-6.1310e+06 3.6314e+01 -4.3910e+02 3.8639e+03 -1.6363e+00 -8.0357e+03
-6.2061e+06 3.6311e+01 -4.9957e+02 3.8339e+03 -7.7873e+00 -8.0789e+03
-5.9304e+06 3.6309e+01 -5.5909e+02 3.8030e+03 -2.7953e+00 -8.1218e+03
-5.7130e+06 3.6313e+01 -6.1767e+02 3.7712e+03 -2.9758e+00 -8.1642e+03
-5.5240e+06 3.6323e+01 -6.7531e+02 3.7387e+03 -7.9087e+00 -8.2054e+03
-5.4306e+06 3.6327e+01 -7.3200e+02 3.7053e+03 -1.8969e+01 -8.2460e+03
-5.0059e+06 3.6316e+01 -7.8777e+02 3.6711e+03 -1.1894e+01 -8.2859e+03
-4.5504e+06 3.6287e+01 -8.4260e+02 3.6363e+03 7.9127e+00 -8.3256e+03
-4.1141e+06 3.6253e+01 -8.9652e+02 3.6008e+03 2.3978e+01 -8.3655e+03
-3.8917e+06 3.6231e+01 -9.4952e+02 3.5646e+03 3.1247e+01 -8.4045e+03
-3.8420e+06 3.6226e+01 -1.0016e+03 3.5277e+03 3.4598e+01 -8.4418e+03
-4.0767e+06 3.5868e+01 -1.0528e+03 3.4903e+03 2.3022e+01 -8.4788e+03
-4.4638e+06 3.3581e+01 -1.1031e+03 3.4524e+03 1.3878e+01 -8.5156e+03
-4.8616e+06 2.9527e+01 -1.1525e+03 3.4139e+03 1.1070e+01 -8.5515e+03
-5.2920e+06 2.6832e+01 -1.2011e+03 3.3749e+03 -9.1408e+00 -8.5867e+03
-5.5176e+06 2.6341e+01 -1.2488e+03 3.3354e+03 -2.1170e+01 -8.6217e+03
-5.3788e+06 2.7954e+01 -1.2957e+03 3.2955e+03 6.3488e+00 -8.6550e+03
-5.3278e+06 3.1958e+01 -1.3417e+03 3.2552e+03 2.1374e+01 -8.6876e+03
-5.6284e+06 3.5397e+01 -1.3869e+03 3.2145e+03 4.6586e+00 -8.7219e+03
-5.8199e+06 3.6346e+01 -1.4313e+03 3.1734e+03 -1.2310e+01 -8.7516e+03
-6.1970e+06 3.7658e+01 4.7156e+02 4.1227e+03 -2.0627e+03 -7.3285e+03
-4.0965e+06 3.6790e+01 4.0013e+02 4.1080e+03 1.2650e+02 -7.5383e+03
-6.5952e+06 3.6571e+01 3.2947e+02 4.0920e+03 -1.8493e+02 -7.5980e+03
-6.0182e+06 3.6436e+01 2.5961e+02 4.0746e+03 -9.4717e+00 -7.6398e+03
-6.8708e+06 3.6369e+01 1.9057e+02 4.0559e+03 -4.9618e+01 -7.6891e+03
-6.3069e+06 3.6340e+01 1.2235e+02 4.0360e+03 7.2677e+00 -7.7363e+03
-6.6792e+06 3.6327e+01 5.4988e+01 4.0149e+03 -1.1814e+01 -7.7836e+03
-6.3144e+06 3.6322e+01 -1.1515e+01 3.9925e+03 1.2089e+01 -7.8298e+03
-6.7638e+06 3.6319e+01 -7.7143e+01 3.9691e+03 -1.1007e+01 -7.8759e+03
-6.6717e+06 3.6317e+01 -1.4189e+02 3.9445e+03 -5.7700e+00 -7.9211e+03
-6.7235e+06 3.6318e+01 -2.0574e+02 3.9188e+03 -1.3375e+01 -7.9668e+03
-6.2707e+06 3.6321e+01 -2.6868e+02 3.8921e+03 9.4522e-01 -8.0114e+03
-6.4020e+06 3.6319e+01 -3.3073e+02 3.8644e+03 -7.4415e+00 -8.0558e+03
-6.2396e+06 3.6314e+01 -3.9186e+02 3.8357e+03 -5.1761e+00 -8.0993e+03
-5.9600e+06 3.6308e+01 -4.5208e+02 3.8061e+03 -1.9566e+00 -8.1427e+03
-5.6477e+06 3.6301e+01 -5.1139e+02 3.7756e+03 7.4495e+00 -8.1851e+03
-5.6022e+06 3.6303e+01 -5.6978e+02 3.7442e+03 -1.2978e+00 -8.2273e+03
-5.2434e+06 3.6312e+01 -6.2726e+02 3.7120e+03 -4.5633e+00 -8.2691e+03
-4.8332e+06 3.6313e+01 -6.8384e+02 3.6790e+03 -1.3018e+00 -8.3106e+03
-4.4942e+06 3.6306e+01 -7.3950e+02 3.6453e+03 8.1695e+00 -8.3507e+03
-4.2552e+06 3.6286e+01 -7.9427e+02 3.6108e+03 9.9001e+00 -8.3899e+03
-3.9345e+06 3.6251e+01 -8.4814e+02 3.5756e+03 1.7787e+01 -8.4293e+03
-3.7080e+06 3.6219e+01 -9.0111e+02 3.5397e+03 3.2937e+01 -8.4674e+03
-3.6707e+06 3.6217e+01 -9.5321e+02 3.5033e+03 3.8242e+01 -8.5044e+03
-3.9446e+06 3.6234e+01 -1.0044e+03 3.4662e+03 2.7639e+01 -8.5420e+03
-4.2271e+06 3.5578e+01 -1.0548e+03 3.4285e+03 3.1181e+01 -8.5783e+03
-4.6839e+06 3.2410e+01 -1.1043e+03 3.3904e+03 2.1396e+01 -8.6143e+03
-5.2008e+06 2.8076e+01 -1.1529e+03 3.3517e+03 -1.4395e+01 -8.6500e+03
-5.4345e+06 2.6868e+01 -1.2007e+03 3.3125e+03 -1.6033e+01 -8.6841e+03
-5.3410e+06 2.9024e+01 -1.2477e+03 3.2729e+03 7.4028e+00 -8.7174e+03
-5.4556e+06 3.2308e+01 -1.2939e+03 3.2328e+03 4.4529e+00 -8.7500e+03
-5.6649e+06 3.5036e+01 -1.3392e+03 3.1924e+03 -3.9469e+00 -8.7839e+03
-5.8139e+06 3.6159e+01 -1.3838e+03 3.1516e+03 -1.0500e+01 -8.8138e+03
-4.5699e+06 3.7133e+01 5.1112e+02 4.0891e+03 -2.6247e+02 -7.5645e+03
-5.5019e+06 3.6663e+01 4.4045e+02 4.0747e+03 -3.3842e+01 -7.6206e+03
-5.9593e+06 3.6501e+01 3.7050e+02 4.0590e+03 -7.4134e+01 -7.6558e+03
-6.4014e+06 3.6396e+01 3.0131e+02 4.0419e+03 -2.0518e+01 -7.7095e+03
-6.4159e+06 3.6351e+01 2.3290e+02 4.0236e+03 -2.7097e+00 -7.7549e+03
-6.7538e+06 3.6331e+01 1.6527e+02 4.0040e+03 -1.3840e+01 -7.8032e+03
-6.8544e+06 3.6323e+01 9.8461e+01 3.9832e+03 -1.3086e+01 -7.8491e+03
-6.9265e+06 3.6319e+01 3.2472e+01 3.9613e+03 -1.5544e+01 -7.8961e+03
-6.6056e+06 3.6316e+01 -3.2681e+01 3.9382e+03 -9.1505e-01 -7.9423e+03
-6.3787e+06 3.6314e+01 -9.6986e+01 3.9139e+03 3.0335e+00 -7.9884e+03
-6.4107e+06 3.6315e+01 -1.6043e+02 3.8887e+03 -1.1267e+00 -8.0332e+03
-6.5891e+06 3.6317e+01 -2.2302e+02 3.8623e+03 -9.5435e+00 -8.0778e+03
-6.2494e+06 3.6315e+01 -2.8473e+02 3.8350e+03 -3.3203e-02 -8.1222e+03
-5.9570e+06 3.6311e+01 -3.4556e+02 3.8067e+03 4.1350e+00 -8.1660e+03
-5.9445e+06 3.6308e+01 -4.0552e+02 3.7775e+03 -1.1519e-01 -8.2089e+03
-5.7031e+06 3.6304e+01 -4.6459e+02 3.7473e+03 -5.7519e-01 -8.2513e+03
-5.2580e+06 3.6300e+01 -5.2278e+02 3.7163e+03 2.5740e+00 -8.2934e+03
-4.8964e+06 3.6291e+01 -5.8009e+02 3.6845e+03 7.9941e+00 -8.3353e+03
-4.4952e+06 3.6278e+01 -6.3652e+02 3.6519e+03 3.0601e+01 -8.3766e+03
-4.1968e+06 3.6280e+01 -6.9206e+02 3.6185e+03 3.6470e+01 -8.4167e+03
-4.1616e+06 3.6287e+01 -7.4674e+02 3.5844e+03 1.1096e+01 -8.4562e+03
-4.0276e+06 3.6266e+01 -8.0054e+02 3.5495e+03 4.4113e+00 -8.4956e+03
-3.7511e+06 3.6233e+01 -8.5347e+02 3.5140e+03 2.7952e+01 -8.5333e+03
-3.7645e+06 3.6231e+01 -9.0555e+02 3.4779e+03 3.1851e+01 -8.5705e+03
-3.9972e+06 3.6247e+01 -9.5677e+02 3.4411e+03 2.1915e+01 -8.6084e+03
-4.3077e+06 3.6246e+01 -1.0071e+03 3.4038e+03 2.9624e+01 -8.6436e+03
-4.7707e+06 3.3719e+01 -1.0567e+03 3.3660e+03 1.2100e+01 -8.6795e+03
-5.3022e+06 2.8708e+01 -1.1054e+03 3.3276e+03 -2.6638e+01 -8.7156e+03
-5.3208e+06 2.7535e+01 -1.1533e+03 3.2887e+03 -5.8386e+00 -8.7486e+03
-5.2133e+06 3.0394e+01 -1.2004e+03 3.2494e+03 2.1715e+01 -8.7819e+03
-5.4224e+06 3.2805e+01 -1.2466e+03 3.2096e+03 1.0849e+00 -8.8144e+03
-5.7136e+06 3.4644e+01 -1.2921e+03 3.1694e+03 -5.7908e+00 -8.8472e+03
-5.7574e+06 3.5952e+01 -1.3368e+03 3.1289e+03 -2.0491e+00 -8.8766e+03
-4.0460e+06 3.6823e+01 5.4967e+02 4.0550e+03 4.2938e+01 -7.6252e+03
-6.6468e+06 3.6574e+01 4.7974e+02 4.0409e+03 -1.4725e+02 -7.6741e+03
-6.1574e+06 3.6438e+01 4.1051e+02 4.0254e+03 -3.1513e+01 -7.7162e+03
-7.1721e+06 3.6367e+01 3.4199e+02 4.0087e+03 -4.8056e+01 -7.7671e+03
-6.5075e+06 3.6338e+01 2.7421e+02 3.9906e+03 -3.9545e+00 -7.8140e+03
-6.9483e+06 3.6325e+01 2.0719e+02 3.9714e+03 -1.6024e+01 -7.8621e+03
-6.2737e+06 3.6320e+01 1.4093e+02 3.9509e+03 1.3374e+01 -7.9088e+03
-6.5437e+06 3.6316e+01 7.5463e+01 3.9293e+03 3.8131e+00 -7.9559e+03
-6.3478e+06 3.6312e+01 1.0795e+01 3.9066e+03 8.9793e+00 -8.0014e+03
-6.8133e+06 3.6309e+01 -5.3060e+01 3.8827e+03 -1.1048e+01 -8.0470e+03
-6.4341e+06 3.6312e+01 -1.1609e+02 3.8578e+03 -5.0860e+00 -8.0919e+03
-6.2286e+06 3.6315e+01 -1.7830e+02 3.8318e+03 -1.2223e+00 -8.1370e+03
-6.0854e+06 3.6312e+01 -2.3966e+02 3.8049e+03 3.4851e+00 -8.1809e+03
-6.1914e+06 3.6310e+01 -3.0018e+02 3.7769e+03 -3.6553e+00 -8.2246e+03
-5.7264e+06 3.6314e+01 -3.5986e+02 3.7481e+03 -3.6268e+00 -8.2679e+03
-5.6301e+06 3.6317e+01 -4.1868e+02 3.7183e+03 -1.2296e+01 -8.3104e+03
-5.3614e+06 3.6309e+01 -4.7665e+02 3.6877e+03 -1.1955e+01 -8.3522e+03
-4.8584e+06 3.6288e+01 -5.3377e+02 3.6562e+03 4.4519e+00 -8.3936e+03
-4.2197e+06 3.6269e+01 -5.9003e+02 3.6239e+03 3.5161e+01 -8.4341e+03
-4.1865e+06 3.6276e+01 -6.4544e+02 3.5909e+03 3.1706e+01 -8.4740e+03
-4.2583e+06 3.6291e+01 -7.0000e+02 3.5571e+03 3.5345e+00 -8.5140e+03
-4.1663e+06 3.6275e+01 -7.5372e+02 3.5226e+03 4.0142e+00 -8.5535e+03
-3.9546e+06 3.6247e+01 -8.0659e+02 3.4875e+03 2.5450e+01 -8.5916e+03
-4.0509e+06 3.6249e+01 -8.5863e+02 3.4517e+03 1.8173e+01 -8.6294e+03
-4.3084e+06 3.6262e+01 -9.0983e+02 3.4152e+03 8.1979e+00 -8.6661e+03
-4.5630e+06 3.6334e+01 -9.6021e+02 3.3782e+03 1.6248e+01 -8.7006e+03
-5.0226e+06 3.3879e+01 -1.0098e+03 3.3407e+03 -5.2067e+00 -8.7387e+03
-5.3567e+06 2.8771e+01 -1.0585e+03 3.3026e+03 -2.8226e+01 -8.7745e+03
-5.1822e+06 2.7780e+01 -1.1065e+03 3.2640e+03 1.5744e+01 -8.8053e+03
-5.0591e+06 3.0923e+01 -1.1536e+03 3.2250e+03 3.6183e+01 -8.8391e+03
-5.4479e+06 3.2956e+01 -1.2000e+03 3.1855e+03 -1.5363e-01 -8.8702e+03
-5.7641e+06 3.4407e+01 -1.2456e+03 3.1456e+03 -3.9910e+00 -8.9053e+03
-5.8517e+06 3.5836e+01 -1.2904e+03 3.1053e+03 4.5566e+00 -8.9393e+03
-6.1294e+06 3.6649e+01 5.8722e+02 4.0204e+03 -5.7675e+01 -7.6973e+03
-5.9267e+06 3.6492e+01 5.1805e+02 4.0066e+03 -6.6985e+01 -7.7341e+03
-6.6000e+06 3.6392e+01 4.4953e+02 3.9914e+03 -2.2618e+01 -7.7972e+03
-6.2747e+06 3.6346e+01 3.8168e+02 3.9749e+03 3.7535e+00 -7.8416e+03
-6.7839e+06 3.6327e+01 3.1454e+02 3.9571e+03 -7.9018e+00 -7.8903e+03
-6.6565e+06 3.6319e+01 2.4811e+02 3.9382e+03 -7.9943e+00 -7.9365e+03
-7.1336e+06 3.6316e+01 1.8242e+02 3.9181e+03 -2.3886e+01 -7.9834e+03
-6.8831e+06 3.6314e+01 1.1749e+02 3.8968e+03 -1.8391e+01 -8.0295e+03
-6.6504e+06 3.6309e+01 5.3311e+01 3.8743e+03 -3.2257e+00 -8.0762e+03
-6.0854e+06 3.6306e+01 -1.0086e+01 3.8508e+03 1.1529e+01 -8.1222e+03
-6.3107e+06 3.6309e+01 -7.2694e+01 3.8262e+03 -5.6336e-01 -8.1673e+03
-6.4607e+06 3.6314e+01 -1.3451e+02 3.8006e+03 -1.0385e+01 -8.2113e+03
-6.2163e+06 3.6315e+01 -1.9551e+02 3.7740e+03 -7.2801e+00 -8.2556e+03
-5.8019e+06 3.6315e+01 -2.5571e+02 3.7464e+03 -2.6319e+00 -8.2994e+03
-5.9473e+06 3.6321e+01 -3.1508e+02 3.7179e+03 -1.7176e+01 -8.3422e+03
-5.6132e+06 3.6327e+01 -3.7364e+02 3.6885e+03 -2.0210e+01 -8.3848e+03
-5.0708e+06 3.6320e+01 -4.3137e+02 3.6582e+03 -6.7055e+00 -8.4273e+03
-4.7453e+06 3.6303e+01 -4.8828e+02 3.6271e+03 1.7168e-01 -8.4680e+03
-4.7435e+06 3.6291e+01 -5.4437e+02 3.5952e+03 -4.7905e+00 -8.5081e+03
-4.6302e+06 3.6295e+01 -5.9962e+02 3.5625e+03 -1.1288e+01 -8.5486e+03
-4.5678e+06 3.6299e+01 -6.5406e+02 3.5291e+03 -1.3935e+01 -8.5881e+03
-4.3585e+06 3.6281e+01 -7.0767e+02 3.4949e+03 5.8320e+00 -8.6268e+03
-4.1898e+06 3.6259e+01 -7.6046e+02 3.4601e+03 2.5163e+01 -8.6653e+03
-4.3169e+06 3.6261e+01 -8.1244e+02 3.4246e+03 1.8647e+01 -8.7032e+03
-4.6152e+06 3.6355e+01 -8.6361e+02 3.3885e+03 7.1152e+00 -8.7390e+03
-5.0264e+06 3.5911e+01 -9.1397e+02 3.3518e+03 -2.2735e+00 -8.7749e+03
-5.4040e+06 3.2767e+01 -9.6354e+02 3.3146e+03 -2.8698e+01 -8.8133e+03
-5.4169e+06 2.8304e+01 -1.0123e+03 3.2768e+03 -2.0940e+01 -8.8474e+03
-5.0406e+06 2.8029e+01 -1.0603e+03 3.2385e+03 3.3595e+01 -8.8790e+03
-5.1139e+06 3.1019e+01 -1.1075e+03 3.1997e+03 3.0602e+01 -8.9137e+03
-5.5961e+06 3.2711e+01 -1.1540e+03 3.1605e+03 -1.5809e+01 -8.9483e+03
-5.9666e+06 3.3961e+01 -1.1996e+03 3.1209e+03 -1.2643e+01 -8.9736e+03
-5.9702e+06 3.5622e+01 -1.2446e+03 3.0808e+03 2.6872e+00 -8.9941e+03
-6.1462e+06 3.6534e+01 6.2383e+02 3.9854e+03 -8.5416e+01 -7.7471e+03
-6.5055e+06 3.6416e+01 5.5540e+02 3.9718e+03 -3.4297e+01 -7.7940e+03
-7.1121e+06 3.6351e+01 4.8758e+02 3.9568e+03 -3.9672e+01 -7.8430e+03
-6.9500e+06 3.6323e+01 4.2042e+02 3.9406e+03 -1.4909e+01 -7.8904e+03
-6.9917e+06 3.6311e+01 3.5391e+02 3.9231e+03 -1.1097e+01 -7.9382e+03
-6.5920e+06 3.6306e+01 2.8809e+02 3.9044e+03 1.3865e+01 -7.9859e+03
-6.3790e+06 3.6307e+01 2.2297e+02 3.8846e+03 2.0392e+01 -8.0337e+03
-6.2394e+06 3.6308e+01 1.5856e+02 3.8636e+03 1.9498e+01 -8.0802e+03
-6.5410e+06 3.6304e+01 9.4891e+01 3.8415e+03 1.2220e+00 -8.1255e+03
-6.7529e+06 3.6299e+01 3.1961e+01 3.8183e+03 -1.0116e+01 -8.1703e+03
-6.4606e+06 3.6300e+01 -3.0213e+01 3.7940e+03 -2.2458e+00 -8.2160e+03
-5.9190e+06 3.6309e+01 -9.1622e+01 3.7688e+03 1.1039e+01 -8.2612e+03
-6.1086e+06 3.6316e+01 -1.5226e+02 3.7425e+03 -2.3886e+00 -8.3048e+03
-6.1415e+06 3.6320e+01 -2.1211e+02 3.7152e+03 -1.7474e+01 -8.3480e+03
-5.5424e+06 3.6325e+01 -2.7118e+02 3.6871e+03 -1.6998e+01 -8.3918e+03
-5.1492e+06 3.6326e+01 -3.2946e+02 3.6580e+03 -9.0050e+00 -8.4342e+03
-5.0153e+06 3.6319e+01 -3.8694e+02 3.6281e+03 -2.1893e+00 -8.4752e+03
-4.7295e+06 3.6310e+01 -4.4362e+02 3.5973e+03 5.7975e-01 -8.5168e+03
-4.5918e+06 3.6308e+01 -4.9951e+02 3.5657e+03 -7.9651e+00 -8.5579e+03
-4.7045e+06 3.6310e+01 -5.5460e+02 3.5333e+03 -1.3723e+01 -8.5982e+03
-4.7285e+06 3.6308e+01 -6.0889e+02 3.5002e+03 -9.1972e+00 -8.6373e+03
-4.6084e+06 3.6297e+01 -6.6238e+02 3.4664e+03 6.2507e+00 -8.6755e+03
-4.5662e+06 3.6281e+01 -7.1507e+02 3.4319e+03 2.2491e+01 -8.7143e+03
-4.6571e+06 3.6360e+01 -7.6698e+02 3.3967e+03 2.6506e+01 -8.7513e+03
-5.0759e+06 3.5945e+01 -8.1809e+02 3.3609e+03 6.7737e+00 -8.7868e+03
-5.5239e+06 3.3460e+01 -8.6842e+02 3.3246e+03 -2.7969e+01 -8.8239e+03
-5.6939e+06 2.9459e+01 -9.1798e+02 3.2876e+03 -3.5781e+01 -8.8592e+03
-5.2768e+06 2.7541e+01 -9.6676e+02 3.2501e+03 1.5038e+01 -8.8925e+03
-5.0065e+06 2.9193e+01 -1.0148e+03 3.2121e+03 5.5511e+01 -8.9261e+03
-5.3364e+06 3.1577e+01 -1.0620e+03 3.1737e+03 1.5970e+01 -8.9605e+03
-5.9634e+06 3.2561e+01 -1.1085e+03 3.1347e+03 -2.7447e+01 -8.9941e+03
-6.1089e+06 3.3688e+01 -1.1543e+03 3.0954e+03 -1.7638e+01 -9.0243e+03
-6.1487e+06 3.5488e+01 -1.1993e+03 3.0556e+03 -4.0987e+00 -9.0532e+03
