  1    1089
-3.0776e+07 3.3796e+01 -1.9254e+03 1.5636e+03 -9.4706e+04 -2.1692e+04
-1.8817e+07 3.2347e+01 -2.0671e+03 2.5395e+03 -1.8115e+05 -7.2657e+04
-2.1686e+07 2.8716e+01 -2.2580e+03 3.7614e+03 -2.2932e+05 -1.2237e+05
-2.2960e+07 2.5755e+01 -2.4524e+03 4.9600e+03 -2.4546e+05 -1.4001e+05
-2.4968e+07 2.5697e+01 -2.6485e+03 6.1246e+03 -2.4386e+05 -1.4611e+05
-1.8168e+07 2.9444e+01 -2.8462e+03 7.2428e+03 -2.3924e+05 -1.5232e+05
-1.1751e+07 3.5282e+01 -3.0631e+03 8.3437e+03 -2.3173e+05 -1.5792e+05
-6.4859e+04 3.9409e+01 -3.3013e+03 9.4285e+03 -2.0175e+05 -1.5277e+05
-1.5758e+06 4.0284e+01 -3.5609e+03 1.0497e+04 -1.4796e+05 -1.2243e+05
-5.5720e+06 3.8859e+01 -3.7259e+03 1.1051e+04 -8.7176e+04 -7.2702e+04
-1.5574e+07 3.5957e+01 -3.7562e+03 1.0997e+04 -2.9239e+04 -2.8999e+04
5.5701e+06 3.4081e+01 -3.7346e+03 1.1002e+04 6.5416e+03 -4.9443e+03
1.5097e+07 3.8788e+01 -3.6297e+03 1.1076e+04 1.7081e+04 9.3865e+03
1.2135e+07 6.3596e+01 -3.4559e+03 1.1196e+04 2.3414e+04 2.3979e+04
-3.2396e+05 9.6541e+01 -3.2132e+03 1.1361e+04 2.5609e+04 3.8117e+04
-9.5520e+06 1.1712e+02 -2.8998e+03 1.1588e+04 1.1669e+04 3.8241e+04
3.0225e+06 1.3318e+02 -2.5182e+03 1.1875e+04 3.1329e+03 1.4691e+04
-1.7085e+06 1.3004e+02 -2.3424e+03 1.1980e+04 9.3425e+03 8.6322e+03
2.6255e+05 1.0881e+02 -2.1704e+03 1.2080e+04 6.7272e+03 2.5323e+04
3.2292e+06 9.6696e+01 -1.9972e+03 1.2178e+04 4.7863e+02 3.1411e+04
-1.7938e+06 9.0694e+01 -1.8230e+03 1.2274e+04 2.3658e+02 3.1608e+04
-4.1789e+06 8.4080e+01 -1.6477e+03 1.2368e+04 -1.7279e+02 3.1488e+04
-4.2244e+06 7.8206e+01 -1.4713e+03 1.2460e+04 -3.3811e+02 3.1586e+04
-2.5673e+06 7.2988e+01 -1.2940e+03 1.2550e+04 9.8481e+01 3.1410e+04
-2.0717e+06 6.8436e+01 -1.1157e+03 1.2638e+04 1.3527e+02 3.1320e+04
-2.6556e+06 6.4463e+01 -9.3646e+02 1.2723e+04 7.8072e+01 3.1206e+04
-3.2846e+06 6.1262e+01 -7.5632e+02 1.2807e+04 -1.1348e+01 3.1081e+04
-3.3124e+06 5.9384e+01 -5.7533e+02 1.2888e+04 1.1563e+01 3.0965e+04
-3.3048e+06 5.9167e+01 -3.9352e+02 1.2967e+04 -1.1127e+01 3.0835e+04
-3.4612e+06 6.0985e+01 -2.1092e+02 1.3044e+04 9.8038e-01 3.0717e+04
-3.1651e+06 6.7417e+01 -2.7585e+01 1.3119e+04 1.7584e+01 3.0639e+04
-2.8005e+06 8.2286e+01 1.5645e+02 1.3191e+04 4.0815e+02 3.0790e+04
-2.6974e+06 1.0411e+02 3.4115e+02 1.3260e+04 1.2917e+03 3.1787e+04
-2.6029e+07 3.2091e+01 -1.9408e+03 1.5764e+03 -2.5608e+04 -2.7524e+03
-3.2328e+07 3.3391e+01 -1.9183e+03 1.5995e+03 -7.4965e+04 -3.2419e+04
-2.7368e+07 3.2800e+01 -1.9500e+03 1.9268e+03 -1.4214e+05 -7.6627e+04
-1.4947e+07 3.0057e+01 -2.1449e+03 3.1354e+03 -2.0122e+05 -1.1551e+05
-2.6816e+07 2.6486e+01 -2.3374e+03 4.2873e+03 -2.3014e+05 -1.3784e+05
-2.0792e+07 2.4625e+01 -2.5337e+03 5.4162e+03 -2.3616e+05 -1.4517e+05
-2.7597e+07 2.6754e+01 -2.7335e+03 6.5217e+03 -2.3504e+05 -1.4970e+05
-1.0999e+07 3.1830e+01 -2.9445e+03 7.6068e+03 -2.2793e+05 -1.5534e+05
-1.8329e+07 3.7223e+01 -3.1771e+03 8.6753e+03 -2.1524e+05 -1.5574e+05
2.6173e+06 4.0247e+01 -3.4314e+03 9.7276e+03 -1.9387e+05 -1.0106e+05
8.6680e+06 3.8552e+01 -3.7163e+03 1.0968e+04 -9.7479e+04 -2.3923e+04
-7.4458e+06 3.6339e+01 -3.6611e+03 1.1062e+04 -8.3196e+02 8.9717e+03
1.0370e+07 4.3671e+01 -3.5350e+03 1.1198e+04 1.1276e+04 2.3906e+04
4.8338e+06 6.9753e+01 -3.3393e+03 1.1380e+04 1.4616e+04 3.7936e+04
1.3400e+07 9.9433e+01 -3.0723e+03 1.1628e+04 1.6987e+04 4.5985e+04
2.4289e+06 1.0514e+02 -2.7739e+03 1.1892e+04 1.0263e+04 4.4595e+04
-5.1343e+06 9.4049e+01 -2.6030e+03 1.1996e+04 3.1659e+03 3.8520e+04
-5.6931e+06 8.5376e+01 -2.4310e+03 1.2098e+04 -1.4474e+03 3.4235e+04
-1.4190e+06 8.1438e+01 -2.2577e+03 1.2198e+04 -9.7529e+02 3.2378e+04
-5.9457e+06 7.9851e+01 -2.0833e+03 1.2296e+04 -9.8126e+02 3.1635e+04
-2.8565e+06 7.8452e+01 -1.9077e+03 1.2393e+04 -4.4667e+02 3.1610e+04
-1.3920e+06 7.6010e+01 -1.7310e+03 1.2487e+04 -7.8936e+01 3.1397e+04
-9.3413e+05 7.2538e+01 -1.5533e+03 1.2579e+04 2.0172e+02 3.1365e+04
-3.2425e+06 6.8517e+01 -1.3745e+03 1.2670e+04 -1.2968e+02 3.1221e+04
-4.0422e+06 6.4550e+01 -1.1948e+03 1.2758e+04 -1.5610e+02 3.1109e+04
-4.2127e+06 6.1105e+01 -1.0140e+03 1.2844e+04 -1.5230e+02 3.1005e+04
-3.1587e+06 5.8766e+01 -8.3232e+02 1.2927e+04 -7.7628e+00 3.0879e+04
-3.4098e+06 5.8569e+01 -6.4973e+02 1.3009e+04 -1.1752e+01 3.0753e+04
-3.4163e+06 6.1340e+01 -4.6629e+02 1.3088e+04 -8.9528e+00 3.0644e+04
-3.1598e+06 6.8181e+01 -2.8202e+02 1.3165e+04 9.5035e+01 3.0631e+04
-2.8483e+06 8.2589e+01 -9.6977e+01 1.3240e+04 5.3858e+02 3.0929e+04
-2.6145e+06 1.0633e+02 9.0475e+01 1.3313e+04 1.7289e+03 3.1855e+04
-2.3206e+06 1.3273e+02 2.9308e+02 1.3395e+04 2.6293e+03 3.2112e+04
-1.7574e+07 2.9860e+01 -1.9565e+03 1.5889e+03 -1.8083e+03 4.6074e+03
-1.8978e+07 3.1495e+01 -1.9338e+03 1.6122e+03 -1.1161e+04 1.6416e+03
-4.0202e+07 3.2838e+01 -1.9109e+03 1.6354e+03 -4.3868e+04 -1.5427e+04
-2.2485e+07 3.3095e+01 -1.8877e+03 1.6587e+03 -1.0175e+05 -5.1644e+04
-2.7759e+07 3.1494e+01 -2.0159e+03 2.4753e+03 -1.6436e+05 -9.7326e+04
-9.8681e+06 2.8193e+01 -2.2127e+03 3.6155e+03 -2.0764e+05 -1.3082e+05
-3.4683e+07 2.5309e+01 -2.4132e+03 4.7324e+03 -2.3049e+05 -1.4265e+05
-6.8953e+06 2.4968e+01 -2.6175e+03 5.8259e+03 -2.2483e+05 -1.4735e+05
-4.8331e+07 2.9126e+01 -2.8261e+03 6.8960e+03 -2.3343e+05 -1.5043e+05
4.9632e+06 3.5415e+01 -3.0529e+03 7.9479e+03 -2.9355e+05 -7.7770e+04
-1.4560e+07 3.6955e+01 -3.7048e+03 1.1011e+04 -1.8009e+05 -4.1004e+04
-4.4740e+07 3.6544e+01 -3.6312e+03 1.1177e+04 -4.1389e+04 -8.4604e+04
4.1683e+07 4.8139e+01 -3.4867e+03 1.1395e+04 -7.0444e+04 -6.8831e+04
-1.5390e+07 7.4522e+01 -3.2690e+03 1.1671e+04 -6.1960e+04 -2.4725e+04
1.7552e+07 9.4099e+01 -3.0369e+03 1.1902e+04 -3.9200e+04 1.0634e+04
-1.4584e+07 9.2295e+01 -2.8662e+03 1.2008e+04 -1.9345e+04 2.7678e+04
1.6106e+07 8.0885e+01 -2.6942e+03 1.2113e+04 6.7025e+01 3.0802e+04
-2.1029e+06 7.2399e+01 -2.5209e+03 1.2215e+04 -8.8007e+02 3.1149e+04
3.5903e+06 6.7777e+01 -2.3464e+03 1.2316e+04 4.3784e+02 3.1441e+04
1.3084e+04 6.5592e+01 -2.1707e+03 1.2414e+04 -4.1268e+02 3.1412e+04
1.7944e+06 6.5325e+01 -1.9939e+03 1.2511e+04 1.0547e+02 3.1330e+04
-5.5311e+06 6.6000e+01 -1.8159e+03 1.2606e+04 -6.7739e+02 3.1195e+04
-3.4568e+06 6.6058e+01 -1.6367e+03 1.2698e+04 -2.8621e+02 3.1113e+04
-3.4307e+06 6.4044e+01 -1.4565e+03 1.2789e+04 -3.6896e+02 3.1015e+04
-1.2808e+06 6.0932e+01 -1.2752e+03 1.2877e+04 9.7724e+01 3.0904e+04
-2.4123e+06 5.8455e+01 -1.0930e+03 1.2963e+04 -4.4707e+01 3.0770e+04
-3.0061e+06 5.8175e+01 -9.0970e+02 1.3047e+04 1.0752e+01 3.0654e+04
-3.6039e+06 6.1586e+01 -7.2550e+02 1.3129e+04 -5.8188e+01 3.0538e+04
-3.0031e+06 6.9497e+01 -5.4041e+02 1.3208e+04 1.4010e+02 3.0623e+04
-2.7037e+06 8.3439e+01 -3.5445e+02 1.3285e+04 6.6700e+02 3.1033e+04
-2.9079e+06 1.0685e+02 -1.6231e+02 1.3364e+04 1.5665e+03 3.2187e+04
-2.1198e+06 1.3573e+02 4.0610e+01 1.3449e+04 2.6848e+03 3.2958e+04
-2.0506e+06 1.5717e+02 2.4572e+02 1.3532e+04 3.3020e+03 3.2509e+04
-1.2093e+07 2.8855e+01 -1.9723e+03 1.6011e+03 1.6680e+02 4.7968e+03
1.5086e+06 2.9417e+01 -1.9496e+03 1.6245e+03 2.6601e+02 4.7930e+03
-3.0252e+07 3.0579e+01 -1.9267e+03 1.6479e+03 -3.7406e+03 4.3336e+03
-1.4969e+07 3.1869e+01 -1.9034e+03 1.6713e+03 -2.1693e+04 -2.6580e+03
-4.9383e+07 3.2809e+01 -1.8799e+03 1.6947e+03 -6.3126e+04 -3.0562e+04
-7.1219e+06 3.2414e+01 -1.8810e+03 1.8430e+03 -1.2205e+05 -7.1630e+04
-3.9200e+07 3.0131e+01 -2.0819e+03 2.9693e+03 -1.8382e+05 -1.1072e+05
4.9281e+06 2.6530e+01 -2.2869e+03 4.0740e+03 -2.0706e+05 -1.3608e+05
-7.2471e+07 2.5445e+01 -2.4955e+03 5.1549e+03 -2.3577e+05 -1.3975e+05
2.1292e+07 2.8198e+01 -2.7078e+03 6.2120e+03 -3.4585e+05 -1.2836e+05
5.3062e+06 2.9813e+01 -3.7449e+03 1.1130e+04 -2.5978e+05 -1.9965e+05
-6.3074e+07 3.1743e+01 -3.0557e+03 8.5917e+03 -1.2612e+05 -2.3590e+05
6.3676e+07 5.3400e+01 -3.0840e+03 9.4973e+03 -1.7789e+05 -1.6923e+05
-2.1076e+07 9.3537e+01 -3.0797e+03 1.0410e+04 -1.7395e+05 -1.2325e+05
4.1906e+07 1.1154e+02 -3.0440e+03 1.1333e+04 -1.4771e+05 -7.3262e+04
-2.2796e+07 9.9082e+01 -2.9600e+03 1.2124e+04 -1.0391e+05 -2.2516e+04
5.6101e+06 8.1625e+01 -2.7868e+03 1.2228e+04 -3.8520e+04 1.4726e+04
-9.7345e+06 6.9831e+01 -2.6124e+03 1.2331e+04 -9.9247e+03 2.9119e+04
1.2851e+07 6.3287e+01 -2.4367e+03 1.2432e+04 -1.0037e+03 3.1001e+04
-6.9727e+06 5.9139e+01 -2.2597e+03 1.2531e+04 -1.4220e+03 3.1125e+04
4.3141e+06 5.6431e+01 -2.0815e+03 1.2628e+04 -2.8296e+02 3.1117e+04
-5.9546e+05 5.6048e+01 -1.9021e+03 1.2724e+04 -4.4307e+02 3.0980e+04
4.4999e+06 5.7076e+01 -1.7216e+03 1.2816e+04 1.9502e+02 3.0885e+04
-3.7624e+06 5.6905e+01 -1.5399e+03 1.2907e+04 -4.6387e+02 3.0788e+04
-2.2856e+06 5.5893e+01 -1.3572e+03 1.2996e+04 -1.9373e+02 3.0672e+04
-5.4453e+06 5.6495e+01 -1.1733e+03 1.3082e+04 -4.2307e+02 3.0562e+04
-2.3905e+06 6.1079e+01 -9.8850e+02 1.3167e+04 -1.0621e+02 3.0459e+04
-3.6948e+06 7.0886e+01 -8.0268e+02 1.3248e+04 7.5190e+01 3.0641e+04
-2.2780e+06 8.5877e+01 -6.1591e+02 1.3328e+04 7.0698e+02 3.1186e+04
-3.2143e+06 1.0669e+02 -4.1970e+02 1.3413e+04 1.4088e+03 3.2005e+04
-2.2073e+06 1.3293e+02 -2.1659e+02 1.3501e+04 1.7593e+03 3.2970e+04
-2.2924e+06 1.5448e+02 -1.1190e+01 1.3587e+04 2.2064e+03 3.2786e+04
-1.3329e+06 1.6049e+02 1.9643e+02 1.3672e+04 2.5699e+03 3.3503e+04
-6.4795e+05 3.0666e+01 -1.9882e+03 1.6130e+03 4.4359e+02 4.7748e+03
-1.1122e+06 2.9132e+01 -1.9655e+03 1.6366e+03 5.9985e+02 4.7941e+03
-8.8898e+06 2.8944e+01 -1.9426e+03 1.6601e+03 -4.1157e+01 4.7611e+03
-9.3610e+06 2.9671e+01 -1.9193e+03 1.6837e+03 -7.0167e+02 4.6459e+03
-2.4661e+07 3.0895e+01 -1.8957e+03 1.7072e+03 -7.3575e+03 2.9139e+03
-2.9113e+07 3.2200e+01 -1.8718e+03 1.7307e+03 -3.3674e+04 -9.9350e+03
-3.4260e+07 3.2740e+01 -1.8476e+03 1.7541e+03 -8.6661e+04 -4.4457e+04
-1.5305e+07 3.1502e+01 -1.9449e+03 2.3496e+03 -1.4103e+05 -9.1106e+04
-3.3152e+07 2.9207e+01 -2.1544e+03 3.4416e+03 -2.0360e+05 -1.2730e+05
-1.1758e+07 2.7121e+01 -2.4323e+03 4.7705e+03 -2.8799e+05 -1.8129e+05
-1.6922e+07 2.5084e+01 -2.5595e+03 5.6621e+03 -2.6177e+05 -2.5752e+05
-3.8980e+07 2.5318e+01 -2.6626e+03 6.5571e+03 -1.9890e+05 -2.3700e+05
-8.7668e+06 4.9237e+01 -2.7462e+03 7.4680e+03 -2.1919e+05 -1.7526e+05
1.3815e+06 9.5784e+01 -2.7982e+03 8.3874e+03 -2.2573e+05 -1.5769e+05
1.9829e+07 1.1649e+02 -2.8554e+03 9.5340e+03 -2.2519e+05 -1.2977e+05
7.7337e+06 1.0377e+02 -2.8868e+03 1.0855e+04 -2.0384e+05 -9.2165e+04
9.7633e+06 8.6368e+01 -2.8644e+03 1.2185e+04 -1.3701e+05 -4.8929e+04
-3.8978e+06 7.3556e+01 -2.7054e+03 1.2446e+04 -6.8344e+04 -5.2781e+03
4.3811e+06 6.5596e+01 -2.5284e+03 1.2548e+04 -2.2525e+04 2.3240e+04
5.6901e+06 5.8931e+01 -2.3502e+03 1.2648e+04 -3.5960e+03 3.0445e+04
7.6899e+06 5.3175e+01 -2.1707e+03 1.2745e+04 -3.7477e+02 3.0809e+04
-1.6944e+06 5.0040e+01 -1.9899e+03 1.2840e+04 -3.4481e+02 3.0705e+04
-2.4466e+05 4.8720e+01 -1.8080e+03 1.2934e+04 -2.0814e+02 3.0647e+04
-5.8581e+05 4.8276e+01 -1.6248e+03 1.3025e+04 -4.4995e+02 3.0572e+04
1.4227e+06 4.9052e+01 -1.4406e+03 1.3114e+04 3.1738e+00 3.0489e+04
-2.9995e+05 5.3404e+01 -1.2552e+03 1.3201e+04 1.2804e+02 3.0411e+04
-1.8200e+06 6.4949e+01 -1.0688e+03 1.3285e+04 3.0470e+02 3.0644e+04
-2.8884e+06 8.4694e+01 -8.8129e+02 1.3367e+04 6.6397e+02 3.1250e+04
-2.6273e+06 1.0901e+02 -6.8166e+02 1.3459e+04 1.6081e+03 3.1591e+04
-2.4268e+06 1.3294e+02 -4.7849e+02 1.3550e+04 1.5355e+03 3.1781e+04
-2.1521e+06 1.5019e+02 -2.7292e+02 1.3639e+04 9.6375e+02 3.2555e+04
-2.3076e+06 1.5334e+02 -6.5031e+01 1.3727e+04 1.1110e+03 3.3094e+04
-2.1733e+06 1.4324e+02 1.4512e+02 1.3812e+04 1.0765e+03 3.2946e+04
8.4186e+05 3.4802e+01 -2.0043e+03 1.6246e+03 2.1711e+02 4.7361e+03
3.5456e+05 3.2019e+01 -1.9817e+03 1.6483e+03 4.9553e+02 4.7426e+03
1.9275e+06 2.9767e+01 -1.9587e+03 1.6720e+03 6.8783e+02 4.7568e+03
-6.4479e+06 2.8796e+01 -1.9354e+03 1.6957e+03 2.8793e+02 4.7411e+03
-6.3808e+06 2.9052e+01 -1.9117e+03 1.7194e+03 1.9794e+02 4.7249e+03
-1.7454e+07 3.0073e+01 -1.8878e+03 1.7430e+03 -2.4492e+03 4.4136e+03
-2.3100e+07 3.1374e+01 -1.8635e+03 1.7666e+03 -1.6494e+04 -1.2569e+03
-3.7473e+07 3.2520e+01 -1.8390e+03 1.7902e+03 -4.9427e+04 -2.5411e+04
-2.4501e+07 3.2612e+01 -1.8141e+03 1.8137e+03 -1.0969e+05 -6.7354e+04
-2.5517e+07 3.1084e+01 -1.9892e+03 2.7432e+03 -1.6107e+05 -1.2030e+05
-3.8617e+07 2.8563e+01 -2.1274e+03 3.6026e+03 -1.8535e+05 -1.6390e+05
-1.7724e+07 2.6804e+01 -2.2489e+03 4.4804e+03 -2.0779e+05 -1.7980e+05
-2.8575e+07 3.6741e+01 -2.3533e+03 5.3759e+03 -2.2746e+05 -1.7508e+05
-1.1961e+07 5.9068e+01 -2.4557e+03 6.3807e+03 -2.4308e+05 -1.5773e+05
-5.3540e+06 7.3457e+01 -2.5990e+03 7.7028e+03 -2.5301e+05 -1.4064e+05
2.6499e+06 7.5724e+01 -2.6938e+03 9.0376e+03 -2.5342e+05 -1.2949e+05
4.7033e+06 7.3493e+01 -2.7342e+03 1.0381e+04 -2.3155e+05 -1.1246e+05
1.5260e+07 7.2028e+01 -2.7203e+03 1.1733e+04 -1.7852e+05 -7.4567e+04
7.8845e+06 7.1426e+01 -2.6218e+03 1.2663e+04 -1.0713e+05 -2.5563e+04
-4.6509e+06 6.4282e+01 -2.4422e+03 1.2763e+04 -4.4313e+04 1.1790e+04
-4.3486e+05 5.4635e+01 -2.2614e+03 1.2861e+04 -1.1197e+04 2.7874e+04
8.6323e+06 4.8646e+01 -2.0793e+03 1.2957e+04 -1.1826e+03 3.0385e+04
9.9111e+06 4.5256e+01 -1.8959e+03 1.3050e+04 3.9169e+02 3.0504e+04
3.4607e+06 4.4026e+01 -1.7113e+03 1.3142e+04 3.7968e+02 3.0347e+04
-7.2475e+05 4.5396e+01 -1.5255e+03 1.3231e+04 -3.3401e+02 3.0337e+04
-4.2738e+06 5.1883e+01 -1.3385e+03 1.3318e+04 -5.3131e+02 3.0754e+04
-2.2814e+06 6.9716e+01 -1.1487e+03 1.3405e+04 3.7537e+02 3.1518e+04
-2.7365e+06 1.0001e+02 -9.4814e+02 1.3501e+04 1.2996e+03 3.2041e+04
-2.7771e+06 1.2990e+02 -7.4504e+02 1.3596e+04 1.8622e+03 3.2425e+04
-2.3819e+06 1.4590e+02 -5.3944e+02 1.3688e+04 1.4378e+03 3.2895e+04
-2.3790e+06 1.4592e+02 -3.3141e+02 1.3779e+04 7.0744e+02 3.3415e+04
-2.1334e+06 1.3456e+02 -1.2099e+02 1.3868e+04 8.1545e+02 3.3099e+04
-2.3897e+06 1.1939e+02 8.8122e+01 1.3951e+04 6.6790e+02 3.1655e+04
-1.3581e+06 3.7479e+01 -2.0206e+03 1.6359e+03 -1.5017e+02 4.7023e+03
-1.5194e+06 3.6129e+01 -1.9979e+03 1.6597e+03 -6.5037e+01 4.6927e+03
7.5478e+05 3.3618e+01 -1.9749e+03 1.6836e+03 3.9412e+02 4.7051e+03
1.6417e+06 3.0950e+01 -1.9516e+03 1.7074e+03 6.1073e+02 4.7097e+03
-7.0364e+05 2.9217e+01 -1.9279e+03 1.7313e+03 6.1920e+02 4.7163e+03
-8.1627e+06 2.8795e+01 -1.9040e+03 1.7551e+03 1.8266e+01 4.6809e+03
-1.0525e+07 2.9395e+01 -1.8797e+03 1.7788e+03 -3.8067e+02 4.5945e+03
-2.0722e+07 3.0554e+01 -1.8550e+03 1.8025e+03 -4.0995e+03 3.9746e+03
-3.0763e+07 3.1696e+01 -1.8301e+03 1.8262e+03 -2.4318e+04 -4.9864e+03
-2.8697e+07 3.2343e+01 -1.8048e+03 1.8497e+03 -5.3666e+04 -3.5251e+04
-2.1153e+07 3.2345e+01 -1.7792e+03 1.8732e+03 -8.9429e+04 -7.4227e+04
-2.6691e+07 3.2514e+01 -1.8469e+03 2.3812e+03 -1.3676e+05 -1.0933e+05
-2.5699e+07 3.4108e+01 -1.9702e+03 3.2599e+03 -1.8912e+05 -1.3577e+05
-2.4505e+07 3.4950e+01 -2.1353e+03 4.5038e+03 -2.3663e+05 -1.4443e+05
-2.7767e+07 3.5035e+01 -2.2929e+03 5.8187e+03 -2.5897e+05 -1.4384e+05
-2.5602e+07 3.8421e+01 -2.4304e+03 7.1579e+03 -2.6308e+05 -1.4076e+05
-1.6862e+07 4.4598e+01 -2.5345e+03 8.5154e+03 -2.6435e+05 -1.3453e+05
-3.6517e+06 5.6219e+01 -2.5838e+03 9.8816e+03 -2.5329e+05 -1.2274e+05
2.0053e+07 6.9695e+01 -2.5781e+03 1.1255e+04 -2.1570e+05 -9.5442e+04
1.3698e+07 7.0552e+01 -2.5179e+03 1.2636e+04 -1.4845e+05 -5.3238e+04
-4.4773e+06 6.0909e+01 -2.3537e+03 1.2975e+04 -7.7371e+04 -8.0664e+03
-4.9868e+06 5.2291e+01 -2.1702e+03 1.3072e+04 -2.7495e+04 2.1308e+04
-5.0550e+06 4.7719e+01 -1.9854e+03 1.3166e+04 -5.5120e+03 2.8562e+04
4.5949e+06 4.7159e+01 -1.7993e+03 1.3258e+04 -2.6891e+03 2.9465e+04
4.3483e+06 5.0626e+01 -1.6120e+03 1.3348e+04 -8.0149e+02 3.0565e+04
6.5014e+06 5.9701e+01 -1.4193e+03 1.3441e+04 9.6469e+02 3.1697e+04
-1.2515e+06 7.9953e+01 -1.2191e+03 1.3540e+04 1.0348e+03 3.2486e+04
-1.8166e+06 1.1023e+02 -1.0162e+03 1.3638e+04 1.5387e+03 3.2505e+04
-2.4124e+06 1.3117e+02 -8.1070e+02 1.3734e+04 2.3968e+03 3.3378e+04
-2.2641e+06 1.3106e+02 -6.0266e+02 1.3828e+04 1.9729e+03 3.4250e+04
-2.3951e+06 1.2154e+02 -3.9212e+02 1.3920e+04 6.7408e+02 3.3132e+04
-2.7045e+06 1.1089e+02 -1.8661e+02 1.4002e+04 5.4253e+02 3.1497e+04
-2.6286e+06 9.9963e+01 1.3816e+01 1.4074e+04 1.9132e+02 3.0514e+04
-9.0702e+05 3.7317e+01 -2.0371e+03 1.6468e+03 -6.4230e+01 4.6660e+03
-1.9209e+06 3.7465e+01 -2.0144e+03 1.6708e+03 -1.9239e+02 4.6608e+03
-5.3247e+05 3.6458e+01 -1.9914e+03 1.6948e+03 -1.3557e+02 4.6644e+03
-1.8921e+06 3.4547e+01 -1.9680e+03 1.7188e+03 1.2244e+02 4.6578e+03
1.6547e+06 3.2314e+01 -1.9443e+03 1.7428e+03 5.7696e+02 4.6646e+03
-1.7674e+05 3.0122e+01 -1.9203e+03 1.7667e+03 6.0795e+02 4.6706e+03
-3.4684e+06 2.8935e+01 -1.8960e+03 1.7907e+03 4.3356e+02 4.6790e+03
-1.0669e+07 2.8931e+01 -1.8713e+03 1.8145e+03 6.0813e+01 4.6687e+03
-9.1223e+06 2.9474e+01 -1.8463e+03 1.8383e+03 -6.8710e+02 4.5071e+03
-2.3364e+07 3.0379e+01 -1.8209e+03 1.8621e+03 -3.8735e+03 3.8453e+03
-3.3169e+07 3.1392e+01 -1.7953e+03 1.8857e+03 -1.5862e+04 -1.1691e+03
-3.1379e+07 3.2937e+01 -1.7693e+03 1.9093e+03 -4.1765e+04 -2.0546e+04
-2.9990e+07 3.5351e+01 -1.7429e+03 1.9327e+03 -9.2315e+04 -5.3919e+04
-2.1630e+07 3.5425e+01 -1.8229e+03 2.5979e+03 -1.6316e+05 -9.6926e+04
-2.1528e+07 3.1378e+01 -1.9926e+03 3.9044e+03 -2.2686e+05 -1.3222e+05
-2.8807e+07 2.7284e+01 -2.1425e+03 5.2356e+03 -2.6001e+05 -1.4340e+05
-3.3142e+07 2.7467e+01 -2.2718e+03 6.5906e+03 -2.6808e+05 -1.4243e+05
-2.2220e+07 3.6556e+01 -2.3780e+03 7.9679e+03 -2.7071e+05 -1.3810e+05
-3.0958e+06 5.3921e+01 -2.4359e+03 9.3563e+03 -2.6760e+05 -1.3089e+05
9.2897e+06 6.5725e+01 -2.4383e+03 1.0752e+04 -2.4348e+05 -1.1508e+05
7.8984e+06 6.3970e+01 -2.3855e+03 1.2153e+04 -1.8908e+05 -8.8737e+04
1.8235e+06 5.7290e+01 -2.2626e+03 1.3186e+04 -1.2233e+05 -6.6303e+04
-3.3454e+05 5.6777e+01 -2.0765e+03 1.3281e+04 -7.7212e+04 -4.2603e+04
4.2524e+06 6.5807e+01 -1.8889e+03 1.3373e+04 -5.5048e+04 -9.8285e+03
-7.9076e+06 7.7503e+01 -1.6941e+03 1.3473e+04 -3.2681e+04 1.6369e+04
-5.7685e+06 8.5896e+01 -1.4944e+03 1.3575e+04 -1.1944e+04 2.8983e+04
-1.1797e+06 9.5343e+01 -1.2919e+03 1.3676e+04 -1.7534e+03 3.2320e+04
5.8836e+05 1.0731e+02 -1.0866e+03 1.3776e+04 5.7629e+02 3.2601e+04
-3.3076e+06 1.0966e+02 -8.7874e+02 1.3873e+04 9.9983e+02 3.2821e+04
-1.6243e+06 1.0046e+02 -6.6822e+02 1.3969e+04 8.1916e+02 3.2314e+04
-2.4497e+06 9.4334e+01 -4.6582e+02 1.4049e+04 7.6896e+01 3.1006e+04
-1.9084e+06 9.1720e+01 -2.6437e+02 1.4124e+04 6.9120e+01 3.0225e+04
-2.4499e+06 8.5478e+01 -6.1978e+01 1.4196e+04 -1.1812e+02 2.9964e+04
-1.5663e+05 3.5658e+01 -2.0537e+03 1.6574e+03 1.0147e+02 4.6150e+03
-1.7187e+06 3.5643e+01 -2.0310e+03 1.6816e+03 -1.1552e+02 4.6226e+03
-2.3521e+06 3.5213e+01 -2.0080e+03 1.7057e+03 -2.6804e+02 4.6289e+03
-2.1768e+06 3.5208e+01 -1.9846e+03 1.7298e+03 -2.4767e+02 4.6219e+03
-1.1774e+06 3.5333e+01 -1.9609e+03 1.7540e+03 -1.5229e+01 4.6170e+03
-1.7777e+06 3.3934e+01 -1.9368e+03 1.7781e+03 2.5487e+02 4.6165e+03
5.8115e+05 3.1622e+01 -1.9125e+03 1.8021e+03 5.5706e+02 4.6368e+03
-1.9387e+06 2.9896e+01 -1.8877e+03 1.8262e+03 3.6362e+02 4.6427e+03
-5.7672e+06 2.8998e+01 -1.8627e+03 1.8501e+03 4.0955e+02 4.6427e+03
-5.9615e+06 2.8845e+01 -1.8373e+03 1.8740e+03 5.9213e+02 4.6635e+03
8.0192e+05 2.9165e+01 -1.8115e+03 1.8979e+03 6.1586e+02 4.6408e+03
-1.5349e+07 2.9993e+01 -1.7854e+03 1.9216e+03 -2.3079e+03 4.1777e+03
-2.1307e+07 3.1857e+01 -1.7590e+03 1.9452e+03 -1.8386e+04 -1.8377e+03
-3.5873e+07 3.3919e+01 -1.7323e+03 1.9687e+03 -5.7565e+04 -2.8028e+04
-2.8637e+07 3.4021e+01 -1.7052e+03 1.9921e+03 -1.3044e+05 -6.9032e+04
-1.8065e+07 3.1673e+01 -1.8624e+03 3.2843e+03 -2.0520e+05 -1.1080e+05
-3.0491e+07 2.8395e+01 -2.0047e+03 4.6318e+03 -2.4986e+05 -1.3814e+05
-2.6820e+07 2.7807e+01 -2.1259e+03 6.0027e+03 -2.7085e+05 -1.4349e+05
-2.6090e+07 3.5008e+01 -2.2253e+03 7.3961e+03 -2.7543e+05 -1.4104e+05
-2.7047e+06 4.6283e+01 -2.2911e+03 8.8065e+03 -2.7130e+05 -1.4227e+05
-8.1733e+05 5.1358e+01 -2.3013e+03 1.0224e+04 -2.4857e+05 -1.5834e+05
2.3801e+06 5.1404e+01 -2.2073e+03 1.1019e+04 -2.1446e+05 -1.7003e+05
9.8314e+06 6.1740e+01 -2.0903e+03 1.1776e+04 -1.8853e+05 -1.5156e+05
2.1272e+07 8.9893e+01 -1.9481e+03 1.2564e+04 -1.6539e+05 -1.1565e+05
1.9265e+07 1.1802e+02 -1.7713e+03 1.3330e+04 -1.3706e+05 -8.2864e+04
4.3612e+06 1.2503e+02 -1.5720e+03 1.3711e+04 -1.0498e+05 -4.1455e+04
-3.8394e+06 1.1353e+02 -1.3672e+03 1.3814e+04 -6.0381e+04 4.9424e+03
-1.9952e+06 9.8916e+01 -1.1596e+03 1.3915e+04 -1.6268e+04 2.7947e+04
4.1458e+06 8.6719e+01 -9.5066e+02 1.4012e+04 -6.9381e+02 3.1297e+04
2.6176e+05 7.6995e+01 -7.4942e+02 1.4092e+04 -7.0911e+02 3.0417e+04
-4.0420e+05 7.4119e+01 -5.4708e+02 1.4170e+04 -3.9108e+02 3.0034e+04
-2.1274e+06 7.5097e+01 -3.4369e+02 1.4245e+04 -3.6694e+02 2.9812e+04
-2.9219e+06 7.2117e+01 -1.3930e+02 1.4317e+04 -2.8226e+02 2.9687e+04
5.7754e+05 3.3496e+01 -2.0705e+03 1.6676e+03 1.4556e+02 4.5650e+03
3.4986e+05 3.3304e+01 -2.0478e+03 1.6919e+03 9.9771e+01 4.5720e+03
-7.0434e+05 3.3099e+01 -2.0248e+03 1.7162e+03 -1.1851e+02 4.5887e+03
-3.7516e+06 3.3599e+01 -2.0014e+03 1.7405e+03 -3.2286e+02 4.5903e+03
-2.7848e+06 3.5071e+01 -1.9777e+03 1.7648e+03 -2.7364e+02 4.5819e+03
-1.9964e+06 3.6277e+01 -1.9536e+03 1.7891e+03 -1.0973e+02 4.5701e+03
-1.4060e+06 3.5752e+01 -1.9292e+03 1.8133e+03 6.1416e+01 4.5716e+03
-2.1293e+06 3.3680e+01 -1.9044e+03 1.8375e+03 2.7818e+02 4.5824e+03
1.3420e+06 3.1333e+01 -1.8793e+03 1.8616e+03 4.6628e+02 4.6060e+03
-3.2273e+06 2.9841e+01 -1.8538e+03 1.8857e+03 1.4219e+02 4.6161e+03
-7.3955e+06 2.9045e+01 -1.8280e+03 1.9096e+03 2.3050e+02 4.6151e+03
-2.4754e+06 2.8559e+01 -1.8018e+03 1.9335e+03 4.5837e+02 4.5682e+03
-4.5595e+06 2.9096e+01 -1.7753e+03 1.9573e+03 7.4861e+01 4.4556e+03
-1.8688e+07 3.0805e+01 -1.7485e+03 1.9810e+03 -4.1220e+03 3.7999e+03
-3.3867e+07 3.2740e+01 -1.7213e+03 2.0046e+03 -3.3798e+04 -6.8641e+03
-3.3799e+07 3.3821e+01 -1.6937e+03 2.0280e+03 -9.4651e+04 -4.2525e+04
-2.6471e+07 3.3164e+01 -1.7449e+03 2.6443e+03 -1.6849e+05 -9.3373e+04
-2.1111e+07 3.0700e+01 -1.8798e+03 4.0081e+03 -2.3599e+05 -1.3040e+05
-2.6052e+07 2.8815e+01 -1.9929e+03 5.3949e+03 -2.7031e+05 -1.4582e+05
-2.5768e+07 2.9958e+01 -2.0836e+03 6.8036e+03 -2.6607e+05 -1.6389e+05
-2.9394e+07 3.2156e+01 -2.1044e+03 7.8452e+03 -2.4824e+05 -1.9069e+05
-2.2418e+07 3.4487e+01 -2.0639e+03 8.6066e+03 -2.3955e+05 -2.0244e+05
-9.6136e+06 4.7496e+01 -1.9991e+03 9.3707e+03 -2.4081e+05 -1.9963e+05
1.8305e+07 7.9543e+01 -1.9098e+03 1.0137e+04 -2.3901e+05 -1.9405e+05
2.3357e+07 1.1653e+02 -1.7873e+03 1.0990e+04 -2.3634e+05 -1.7307e+05
2.9252e+07 1.3920e+02 -1.6354e+03 1.1769e+04 -2.3454e+05 -1.0490e+05
1.9230e+07 1.3227e+02 -1.4541e+03 1.3394e+04 -1.7628e+05 -1.8083e+04
-8.0451e+06 1.0086e+02 -1.2392e+03 1.4048e+04 -6.4960e+04 2.3972e+04
2.4820e+06 7.5812e+01 -1.0373e+03 1.4131e+04 -4.4594e+03 2.9968e+04
4.2619e+06 6.4734e+01 -8.3423e+02 1.4212e+04 -7.9788e+02 2.9876e+04
1.3880e+06 5.9748e+01 -6.2997e+02 1.4290e+04 -6.4926e+02 2.9667e+04
1.1236e+06 6.0042e+01 -4.2461e+02 1.4365e+04 -2.0266e+02 2.9596e+04
-1.1975e+06 6.0392e+01 -2.1820e+02 1.4438e+04 -4.7419e+02 2.9476e+04
2.7813e+05 3.2398e+01 -2.0875e+03 1.6775e+03 1.1476e+02 4.5261e+03
1.4688e+06 3.2338e+01 -2.0648e+03 1.7019e+03 1.6310e+02 4.5272e+03
3.7904e+05 3.2413e+01 -2.0417e+03 1.7263e+03 1.0336e+02 4.5395e+03
1.6435e+05 3.2653e+01 -2.0184e+03 1.7508e+03 -6.0868e+01 4.5476e+03
-2.6793e+06 3.3478e+01 -1.9946e+03 1.7752e+03 -2.4635e+02 4.5508e+03
-2.9549e+06 3.5360e+01 -1.9705e+03 1.7997e+03 -2.2795e+02 4.5443e+03
-2.6589e+06 3.7044e+01 -1.9461e+03 1.8240e+03 -1.0430e+02 4.5331e+03
-1.2135e+06 3.6427e+01 -1.9213e+03 1.8484e+03 -8.9632e+01 4.5349e+03
-4.5972e+06 3.4075e+01 -1.8961e+03 1.8727e+03 -1.6781e+02 4.5342e+03
-1.9672e+05 3.2519e+01 -1.8706e+03 1.8969e+03 1.8006e+02 4.5360e+03
4.4258e+06 3.1392e+01 -1.8447e+03 1.9211e+03 4.9494e+02 4.5567e+03
1.8010e+06 2.9594e+01 -1.8185e+03 1.9451e+03 6.7188e+02 4.5485e+03
-2.8109e+06 2.8553e+01 -1.7919e+03 1.9691e+03 5.1706e+02 4.5280e+03
-4.6403e+06 2.8918e+01 -1.7649e+03 1.9930e+03 4.2504e+02 4.5466e+03
-1.3756e+07 3.0215e+01 -1.7376e+03 2.0167e+03 -2.3167e+03 4.2840e+03
-2.4962e+07 3.1949e+01 -1.7100e+03 2.0403e+03 -1.7821e+04 -1.0975e+03
-3.6643e+07 3.3609e+01 -1.6820e+03 2.0638e+03 -5.7765e+04 -2.5858e+04
-3.0080e+07 3.4272e+01 -1.6536e+03 2.0871e+03 -1.3279e+05 -6.6587e+04
-1.2588e+07 3.2583e+01 -1.7677e+03 3.3653e+03 -2.0352e+05 -1.2013e+05
-2.2228e+07 2.9519e+01 -1.8635e+03 4.6316e+03 -2.2998e+05 -1.7578e+05
-1.9637e+07 2.7140e+01 -1.8715e+03 5.3733e+03 -2.3457e+05 -2.0425e+05
-2.7601e+07 2.6166e+01 -1.8624e+03 6.1237e+03 -2.3815e+05 -2.0958e+05
-2.8279e+07 3.0591e+01 -1.8361e+03 6.8829e+03 -2.4474e+05 -2.0901e+05
-2.7473e+07 4.5241e+01 -1.7922e+03 7.6504e+03 -2.5431e+05 -1.9886e+05
-1.5695e+07 7.0088e+01 -1.7302e+03 8.4251e+03 -2.7818e+05 -1.5202e+05
3.9686e+06 1.0914e+02 -1.6496e+03 9.9123e+03 -3.0572e+05 -7.2180e+04
3.6285e+07 1.3022e+02 -1.5388e+03 1.2227e+04 -2.6955e+05 -6.6955e+03
5.1825e+06 1.0303e+02 -1.3295e+03 1.4162e+04 -1.4076e+05 1.7833e+04
4.1372e+05 7.0467e+01 -1.1257e+03 1.4250e+04 -2.7474e+04 2.4484e+04
1.5538e+07 5.6783e+01 -9.2072e+02 1.4331e+04 -5.0400e+02 2.9620e+04
2.5898e+06 4.9814e+01 -7.1453e+02 1.4409e+04 -6.6674e+02 2.9518e+04
5.1091e+06 4.9156e+01 -5.0717e+02 1.4485e+04 -4.3262e+00 2.9333e+04
-2.9807e+06 5.2038e+01 -2.9871e+02 1.4557e+04 -7.3198e+02 2.9256e+04
3.0008e+05 3.2350e+01 -2.1046e+03 1.6869e+03 6.1701e+01 4.4823e+03
1.9841e+06 3.2296e+01 -2.0820e+03 1.7115e+03 1.6683e+02 4.4811e+03
2.5425e+06 3.2291e+01 -2.0589e+03 1.7361e+03 2.0660e+02 4.4911e+03
1.1797e+06 3.2394e+01 -2.0355e+03 1.7607e+03 1.3236e+02 4.4994e+03
-2.1071e+05 3.2665e+01 -2.0118e+03 1.7853e+03 -4.8580e+01 4.5052e+03
-9.4165e+05 3.3684e+01 -1.9876e+03 1.8099e+03 -1.1309e+02 4.5102e+03
-2.2953e+06 3.5566e+01 -1.9632e+03 1.8344e+03 -9.7456e+01 4.5047e+03
-2.7944e+06 3.6084e+01 -1.9383e+03 1.8589e+03 -3.2249e+01 4.5021e+03
-1.9412e+06 3.4615e+01 -1.9131e+03 1.8834e+03 -1.3435e+02 4.5022e+03
-3.8666e+06 3.3829e+01 -1.8876e+03 1.9078e+03 -3.1794e+02 4.5064e+03
-7.6263e+06 3.3490e+01 -1.8616e+03 1.9321e+03 -4.1228e+02 4.4973e+03
-5.8306e+05 3.1978e+01 -1.8353e+03 1.9564e+03 8.5412e+01 4.4982e+03
9.6116e+05 3.0224e+01 -1.8087e+03 1.9805e+03 4.4938e+02 4.4964e+03
3.7225e+05 2.9066e+01 -1.7816e+03 2.0045e+03 6.3216e+02 4.5069e+03
-8.2386e+06 2.8801e+01 -1.7542e+03 2.0285e+03 9.5670e+01 4.4746e+03
-8.8151e+06 2.9549e+01 -1.7265e+03 2.0522e+03 -2.5386e+02 4.3782e+03
-2.2228e+07 3.1020e+01 -1.6983e+03 2.0759e+03 -4.5675e+03 3.7775e+03
-3.0444e+07 3.2757e+01 -1.6699e+03 2.0994e+03 -3.3133e+04 -6.4579e+03
-3.1864e+07 3.3735e+01 -1.6410e+03 2.1227e+03 -7.8224e+04 -4.5454e+04
-2.7549e+07 3.3313e+01 -1.6134e+03 2.1610e+03 -1.2182e+05 -9.4303e+04
-1.9812e+07 3.1972e+01 -1.6482e+03 2.8849e+03 -1.5780e+05 -1.3053e+05
-2.6620e+07 3.0662e+01 -1.6671e+03 3.6213e+03 -1.8270e+05 -1.6404e+05
-2.1068e+07 3.0883e+01 -1.6690e+03 4.3673e+03 -2.1165e+05 -1.8754e+05
-3.1945e+07 3.2463e+01 -1.6536e+03 5.1223e+03 -2.5620e+05 -1.6396e+05
-2.3515e+07 3.8522e+01 -1.6249e+03 6.3923e+03 -3.0587e+05 -9.1634e+04
-1.3071e+07 6.5044e+01 -1.6526e+03 8.7139e+03 -3.3248e+05 -3.1440e+04
1.2444e+07 9.2607e+01 -1.5991e+03 1.1051e+04 -3.1993e+05 -3.9466e+03
2.2130e+07 8.5383e+01 -1.4350e+03 1.3399e+04 -2.2747e+05 1.3369e+04
-1.2947e+06 6.4361e+01 -1.2158e+03 1.4368e+04 -8.0784e+04 2.4995e+04
9.6887e+06 5.1845e+01 -1.0090e+03 1.4449e+04 -4.9178e+03 2.9065e+04
1.1637e+07 4.4657e+01 -8.0079e+02 1.4528e+04 -2.9367e+02 2.9291e+04
8.1031e+06 4.2946e+01 -5.9142e+02 1.4603e+04 -2.6584e+02 2.9081e+04
5.5300e+06 4.5614e+01 -3.8089e+02 1.4676e+04 -9.4663e+01 2.9002e+04
-6.1913e+05 3.2370e+01 -2.1220e+03 1.6959e+03 5.9458e+00 4.4359e+03
1.5755e+06 3.2324e+01 -2.0993e+03 1.7207e+03 8.0097e+01 4.4366e+03
1.9380e+06 3.2276e+01 -2.0762e+03 1.7454e+03 1.6188e+02 4.4445e+03
3.6496e+06 3.2288e+01 -2.0528e+03 1.7702e+03 2.0870e+02 4.4499e+03
1.2206e+06 3.2380e+01 -2.0291e+03 1.7949e+03 8.1061e+01 4.4542e+03
2.7950e+05 3.2702e+01 -2.0050e+03 1.8197e+03 -3.6542e+01 4.4609e+03
-1.5909e+06 3.3763e+01 -1.9805e+03 1.8444e+03 -6.4362e+01 4.4594e+03
-7.1235e+05 3.4523e+01 -1.9556e+03 1.8691e+03 -2.2864e+01 4.4603e+03
-4.5191e+06 3.3823e+01 -1.9304e+03 1.8937e+03 -7.6022e+01 4.4670e+03
-1.4327e+06 3.3297e+01 -1.9047e+03 1.9183e+03 -1.3124e+01 4.4656e+03
-3.3243e+05 3.3578e+01 -1.8788e+03 1.9428e+03 -8.7864e+01 4.4559e+03
-1.8627e+06 3.3511e+01 -1.8524e+03 1.9672e+03 -1.8820e+02 4.4621e+03
-3.6009e+06 3.2751e+01 -1.8257e+03 1.9915e+03 -9.3341e+01 4.4525e+03
1.3044e+06 3.1282e+01 -1.7985e+03 2.0157e+03 4.2335e+02 4.4603e+03
8.1588e+05 2.9619e+01 -1.7711e+03 2.0398e+03 5.4233e+02 4.4639e+03
-8.5722e+05 2.8797e+01 -1.7432e+03 2.0638e+03 5.9527e+02 4.4709e+03
-7.4664e+06 2.8974e+01 -1.7150e+03 2.0876e+03 6.5885e+01 4.4406e+03
-7.6386e+06 2.9805e+01 -1.6864e+03 2.1113e+03 -1.1613e+03 4.1971e+03
-2.4951e+07 3.0971e+01 -1.6574e+03 2.1348e+03 -5.4949e+03 3.2084e+03
-2.8792e+07 3.2011e+01 -1.6280e+03 2.1581e+03 -2.2174e+04 -3.1684e+03
-3.3971e+07 3.2677e+01 -1.5983e+03 2.1812e+03 -4.7779e+04 -2.5143e+04
-2.7672e+07 3.3362e+01 -1.5682e+03 2.2041e+03 -6.9795e+04 -5.8348e+04
-4.0948e+07 3.5345e+01 -1.5378e+03 2.2268e+03 -1.1076e+05 -8.5524e+04
-2.8579e+07 3.6187e+01 -1.5340e+03 2.8290e+03 -2.1071e+05 -7.2627e+04
-2.9635e+07 3.3191e+01 -1.5939e+03 5.1476e+03 -3.1070e+05 -3.6125e+04
-3.5235e+07 3.7330e+01 -1.6319e+03 7.4878e+03 -3.4186e+05 -2.0561e+04
-2.0327e+07 5.1607e+01 -1.6297e+03 9.8460e+03 -3.4184e+05 -1.2186e+04
4.8787e+06 6.0358e+01 -1.5225e+03 1.2217e+04 -3.0060e+05 6.5880e+03
1.0577e+07 5.8357e+01 -1.3080e+03 1.4474e+04 -1.6451e+05 1.7069e+04
-1.8668e+06 5.0906e+01 -1.0990e+03 1.4566e+04 -3.4948e+04 2.1648e+04
2.0691e+07 4.3799e+01 -8.8882e+02 1.4645e+04 -1.2160e+03 2.8764e+04
5.0099e+06 4.0617e+01 -6.7741e+02 1.4721e+04 -4.9368e+02 2.8833e+04
1.1655e+07 4.0855e+01 -4.6478e+02 1.4794e+04 2.2728e+02 2.8722e+04
-8.6600e+05 3.2383e+01 -2.1394e+03 1.7046e+03 -2.8705e+01 4.3890e+03
6.6844e+05 3.2353e+01 -2.1168e+03 1.7294e+03 1.5497e+01 4.3891e+03
1.9507e+06 3.2303e+01 -2.0938e+03 1.7543e+03 8.3483e+01 4.3983e+03
2.2695e+06 3.2271e+01 -2.0704e+03 1.7792e+03 1.5416e+02 4.4025e+03
2.4281e+06 3.2285e+01 -2.0466e+03 1.8042e+03 1.5802e+02 4.4065e+03
2.0501e+06 3.2335e+01 -2.0225e+03 1.8291e+03 9.6512e+01 4.4112e+03
-1.1614e+05 3.2689e+01 -1.9980e+03 1.8539e+03 -3.7131e+01 4.4134e+03
-1.7051e+06 3.3124e+01 -1.9731e+03 1.8788e+03 -8.9190e+01 4.4109e+03
-1.5057e+06 3.2983e+01 -1.9478e+03 1.9036e+03 -5.3727e+01 4.4143e+03
-2.8348e+06 3.2727e+01 -1.9222e+03 1.9283e+03 -3.9867e+01 4.4243e+03
-6.1470e+06 3.2922e+01 -1.8961e+03 1.9530e+03 -1.1401e+02 4.4265e+03
-2.4265e+06 3.3352e+01 -1.8697e+03 1.9776e+03 -1.2367e+02 4.4214e+03
-2.4108e+06 3.3718e+01 -1.8429e+03 2.0021e+03 -1.6686e+02 4.4126e+03
-1.3660e+06 3.3412e+01 -1.8157e+03 2.0265e+03 -1.3012e+02 4.4085e+03
-3.1158e+06 3.2377e+01 -1.7881e+03 2.0508e+03 8.7672e+01 4.4069e+03
1.6615e+06 3.1080e+01 -1.7602e+03 2.0750e+03 5.2360e+02 4.4171e+03
-1.3632e+06 2.9628e+01 -1.7318e+03 2.0990e+03 4.5479e+02 4.4075e+03
-3.3036e+06 2.8825e+01 -1.7031e+03 2.1228e+03 5.4188e+02 4.4134e+03
-5.2816e+06 2.8960e+01 -1.6740e+03 2.1465e+03 5.6338e+02 4.4615e+03
-3.2291e+06 2.9453e+01 -1.6445e+03 2.1700e+03 1.7107e+02 4.4033e+03
-1.5050e+07 3.0067e+01 -1.6146e+03 2.1933e+03 -1.9956e+03 3.9119e+03
-1.9266e+07 3.1047e+01 -1.5844e+03 2.2164e+03 -3.5995e+03 3.1714e+03
-4.0344e+07 3.3626e+01 -1.5538e+03 2.2393e+03 -2.2435e+04 -1.0328e+03
-3.8724e+07 3.6423e+01 -1.5228e+03 2.2620e+03 -1.2311e+05 -8.2586e+03
-2.0166e+07 3.4124e+01 -1.5592e+03 3.8769e+03 -2.6934e+05 -1.6833e+04
-3.0984e+07 2.9755e+01 -1.6070e+03 6.2357e+03 -3.3936e+05 -2.1613e+04
-3.6918e+07 3.3784e+01 -1.6304e+03 8.6134e+03 -3.4733e+05 -1.7503e+04
-1.1685e+07 4.5976e+01 -1.5807e+03 1.1006e+04 -3.3855e+05 -6.9400e+03
9.5955e+06 5.4610e+01 -1.4193e+03 1.3408e+04 -2.5094e+05 -1.7945e+03
-1.8346e+06 5.2629e+01 -1.1908e+03 1.4682e+04 -1.0871e+05 7.2061e+03
6.8287e+06 4.5718e+01 -9.7866e+02 1.4761e+04 -2.3661e+04 2.3146e+04
1.3859e+07 4.0953e+01 -7.6518e+02 1.4837e+04 -1.9956e+03 2.8393e+04
1.6224e+07 3.8900e+01 -5.5044e+02 1.4910e+04 4.7195e+02 2.8470e+04
-1.4666e+06 3.2419e+01 -2.1571e+03 1.7128e+03 -1.3279e+01 4.3422e+03
-4.1757e+05 3.2373e+01 -2.1345e+03 1.7378e+03 2.7266e+00 4.3419e+03
8.5803e+05 3.2313e+01 -2.1115e+03 1.7628e+03 6.3550e+01 4.3513e+03
1.9477e+06 3.2276e+01 -2.0881e+03 1.7879e+03 1.0507e+02 4.3537e+03
2.1027e+06 3.2272e+01 -2.0643e+03 1.8129e+03 1.2572e+02 4.3582e+03
1.3235e+06 3.2285e+01 -2.0402e+03 1.8380e+03 1.2506e+02 4.3615e+03
1.4689e+06 3.2351e+01 -2.0157e+03 1.8631e+03 1.0651e+02 4.3669e+03
-7.7430e+03 3.2462e+01 -1.9908e+03 1.8881e+03 -3.2526e+01 4.3685e+03
-2.1418e+06 3.2546e+01 -1.9655e+03 1.9130e+03 -1.2351e+02 4.3699e+03
-2.1441e+06 3.2579e+01 -1.9398e+03 1.9380e+03 -5.2758e+01 4.3675e+03
9.2764e+05 3.2623e+01 -1.9137e+03 1.9628e+03 8.8284e+01 4.3705e+03
-2.6516e+06 3.2777e+01 -1.8872e+03 1.9876e+03 3.7262e+01 4.3753e+03
-2.2408e+06 3.3153e+01 -1.8604e+03 2.0123e+03 -5.9158e+01 4.3772e+03
-3.2217e+06 3.3592e+01 -1.8331e+03 2.0369e+03 -1.6276e+02 4.3697e+03
1.8997e+05 3.4433e+01 -1.8054e+03 2.0614e+03 -1.4774e+02 4.3659e+03
-1.9634e+06 3.4898e+01 -1.7774e+03 2.0857e+03 -3.4040e+01 4.3514e+03
1.9281e+06 3.3436e+01 -1.7489e+03 2.1099e+03 3.4470e+02 4.3492e+03
1.1733e+06 3.1536e+01 -1.7201e+03 2.1340e+03 4.3668e+02 4.3723e+03
5.8068e+05 3.0662e+01 -1.6909e+03 2.1578e+03 2.5877e+02 4.3804e+03
-5.1933e+06 3.0021e+01 -1.6612e+03 2.1816e+03 1.4259e+02 4.3707e+03
3.3229e+05 2.9221e+01 -1.6312e+03 2.2051e+03 7.6894e+02 4.3761e+03
-5.7966e+06 2.9169e+01 -1.6008e+03 2.2284e+03 9.3855e+02 4.4626e+03
-9.4136e+06 3.0933e+01 -1.5700e+03 2.2515e+03 -1.8498e+03 4.2907e+03
-3.9141e+07 3.4248e+01 -1.5388e+03 2.2743e+03 -5.1238e+04 -3.1219e+03
-3.0728e+07 3.5333e+01 -1.5201e+03 2.5873e+03 -1.9075e+05 -1.0054e+04
-2.3204e+07 3.1401e+01 -1.5784e+03 4.9578e+03 -3.1527e+05 -1.5996e+04
-3.7828e+07 2.9645e+01 -1.6120e+03 7.3541e+03 -3.4784e+05 -2.1950e+04
-2.2283e+07 3.8427e+01 -1.6093e+03 9.7673e+03 -3.4521e+05 -2.7901e+04
-8.7636e+06 5.0402e+01 -1.5050e+03 1.2192e+04 -3.0902e+05 -4.3164e+04
6.2894e+06 5.3242e+01 -1.3023e+03 1.4020e+04 -2.1916e+05 -4.1606e+04
-4.4168e+06 4.8035e+01 -1.0704e+03 1.4876e+04 -1.1094e+05 -9.1139e+03
1.2310e+05 4.1928e+01 -8.5480e+02 1.4952e+04 -3.3206e+04 2.0267e+04
8.5792e+06 3.8089e+01 -6.3791e+02 1.5026e+04 -2.8096e+03 2.7956e+04
-1.9987e+06 3.1246e+01 -2.1749e+03 1.7205e+03 -8.6639e+00 4.2955e+03
-1.0190e+06 3.0834e+01 -2.1523e+03 1.7457e+03 3.4450e+01 4.2940e+03
2.5433e+05 3.0730e+01 -2.1294e+03 1.7708e+03 7.6574e+01 4.3034e+03
-6.4030e+04 3.0750e+01 -2.1060e+03 1.7961e+03 5.5809e+01 4.3070e+03
6.2492e+05 3.0994e+01 -2.0822e+03 1.8213e+03 3.4675e+01 4.3103e+03
1.0954e+06 3.1333e+01 -2.0581e+03 1.8465e+03 9.0276e+01 4.3128e+03
1.6731e+06 3.1712e+01 -2.0336e+03 1.8717e+03 1.7488e+02 4.3164e+03
7.0689e+05 3.2111e+01 -2.0087e+03 1.8969e+03 1.4769e+02 4.3213e+03
6.8009e+05 3.2389e+01 -1.9833e+03 1.9221e+03 2.7031e+01 4.3237e+03
-2.4361e+06 3.2499e+01 -1.9576e+03 1.9472e+03 -1.1519e+02 4.3255e+03
-4.6479e+06 3.2547e+01 -1.9315e+03 1.9722e+03 -1.3039e+02 4.3262e+03
-2.4333e+06 3.2591e+01 -1.9050e+03 1.9972e+03 -7.7545e+00 4.3259e+03
-8.8723e+05 3.2669e+01 -1.8781e+03 2.0220e+03 8.1825e+01 4.3259e+03
-1.9960e+06 3.2942e+01 -1.8507e+03 2.0468e+03 -3.1244e+01 4.3297e+03
-3.0473e+06 3.4401e+01 -1.8230e+03 2.0715e+03 -1.4030e+02 4.3299e+03
-2.2779e+06 3.6582e+01 -1.7949e+03 2.0960e+03 -1.4973e+02 4.3178e+03
-1.2082e+06 3.6995e+01 -1.7663e+03 2.1204e+03 -1.0138e+02 4.3099e+03
-2.3634e+06 3.5930e+01 -1.7374e+03 2.1447e+03 -5.1723e+01 4.2953e+03
2.2745e+06 3.5163e+01 -1.7080e+03 2.1688e+03 3.0576e+02 4.2994e+03
3.7952e+06 3.4170e+01 -1.6783e+03 2.1927e+03 4.9861e+02 4.3236e+03
5.1544e+06 3.1931e+01 -1.6481e+03 2.2164e+03 8.4241e+02 4.3408e+03
-2.1355e+06 2.9940e+01 -1.6175e+03 2.2399e+03 3.2481e+02 4.2688e+03
-8.8193e+06 3.0118e+01 -1.5866e+03 2.2632e+03 -2.3730e+02 4.2453e+03
-2.8375e+07 3.2471e+01 -1.5552e+03 2.2863e+03 -1.3115e+04 2.1203e+03
-3.8032e+07 3.5301e+01 -1.5235e+03 2.3091e+03 -1.0500e+05 -6.6610e+03
-1.9539e+07 3.4123e+01 -1.5453e+03 3.6547e+03 -2.5918e+05 -2.0803e+04
-2.9068e+07 2.9962e+01 -1.5901e+03 6.0694e+03 -3.4114e+05 -4.1089e+04
-2.9860e+07 3.2083e+01 -1.6056e+03 8.4455e+03 -3.4159e+05 -7.1994e+04
-1.5518e+07 4.1144e+01 -1.5419e+03 1.0242e+04 -3.3170e+05 -9.7536e+04
-3.8131e+06 4.7662e+01 -1.4058e+03 1.2037e+04 -3.0749e+05 -9.4957e+04
2.2297e+06 4.7313e+01 -1.1979e+03 1.3830e+04 -2.4047e+05 -5.8173e+04
-5.6124e+06 4.2646e+01 -9.4631e+02 1.5066e+04 -1.3089e+05 -9.8112e+03
-1.7069e+06 3.7957e+01 -7.2724e+02 1.5140e+04 -3.6114e+04 1.9582e+04
-3.3750e+06 2.9271e+01 -2.1929e+03 1.7278e+03 -5.0680e+01 4.2449e+03
-2.0657e+06 2.7816e+01 -2.1704e+03 1.7531e+03 -1.6044e+01 4.2441e+03
-1.8106e+06 2.7611e+01 -2.1474e+03 1.7784e+03 2.6202e+01 4.2542e+03
-7.1960e+05 2.7717e+01 -2.1241e+03 1.8038e+03 5.9132e+00 4.2588e+03
-1.5606e+06 2.8214e+01 -2.1004e+03 1.8292e+03 -5.7562e+01 4.2621e+03
-4.0836e+05 2.8890e+01 -2.0762e+03 1.8546e+03 2.4527e+00 4.2661e+03
5.5577e+05 2.9600e+01 -2.0517e+03 1.8799e+03 1.5442e+02 4.2676e+03
2.1138e+06 3.0271e+01 -2.0268e+03 1.9053e+03 2.2794e+02 4.2712e+03
-6.2842e+05 3.0692e+01 -2.0014e+03 1.9306e+03 1.1323e+02 4.2741e+03
-3.6521e+05 3.1011e+01 -1.9757e+03 1.9559e+03 1.8670e+01 4.2764e+03
-1.0320e+06 3.1642e+01 -1.9495e+03 1.9811e+03 -6.2080e+01 4.2739e+03
-1.8986e+06 3.2315e+01 -1.9230e+03 2.0063e+03 -4.4700e+01 4.2759e+03
-3.0015e+06 3.2567e+01 -1.8960e+03 2.0313e+03 4.4230e+00 4.2755e+03
-5.4591e+05 3.2957e+01 -1.8686e+03 2.0563e+03 8.2442e+01 4.2790e+03
-1.3158e+06 3.4438e+01 -1.8408e+03 2.0812e+03 2.5523e+01 4.2811e+03
-5.4169e+05 3.6264e+01 -1.8126e+03 2.1059e+03 -1.2687e+01 4.2799e+03
-2.8536e+06 3.6821e+01 -1.7839e+03 2.1305e+03 -9.7041e+01 4.2734e+03
1.0809e+06 3.6759e+01 -1.7549e+03 2.1550e+03 -4.9083e+01 4.2736e+03
-3.4348e+06 3.7289e+01 -1.7254e+03 2.1793e+03 -2.3050e+02 4.2596e+03
4.4978e+05 3.7561e+01 -1.6955e+03 2.2034e+03 -1.6948e+02 4.2558e+03
-4.2229e+05 3.5889e+01 -1.6652e+03 2.2273e+03 1.0764e+02 4.2560e+03
8.2162e+06 3.2747e+01 -1.6345e+03 2.2510e+03 9.3836e+02 4.2344e+03
-3.8812e+06 3.0706e+01 -1.6034e+03 2.2745e+03 4.0120e+02 4.2492e+03
-8.7040e+06 3.1104e+01 -1.5719e+03 2.2978e+03 -1.5926e+03 4.0994e+03
-3.9919e+07 3.3758e+01 -1.5399e+03 2.3208e+03 -3.7912e+04 -4.5780e+03
-2.8987e+07 3.5475e+01 -1.5076e+03 2.3436e+03 -1.6489e+05 -2.6548e+04
-9.7128e+06 3.3105e+01 -1.5587e+03 4.5981e+03 -2.9452e+05 -6.9961e+04
-3.6301e+07 3.0093e+01 -1.5577e+03 6.3836e+03 -3.3252e+05 -1.1010e+05
-2.5762e+07 3.1563e+01 -1.5257e+03 8.1859e+03 -3.3437e+05 -1.1764e+05
-3.0428e+07 3.7295e+01 -1.4533e+03 1.0001e+04 -3.3793e+05 -1.0598e+05
-1.0111e+07 4.2782e+01 -1.3110e+03 1.1873e+04 -3.2586e+05 -7.6334e+04
-4.5884e+06 4.3670e+01 -1.0872e+03 1.3901e+04 -2.5137e+05 -3.4239e+04
-1.2532e+07 4.0622e+01 -8.1850e+02 1.5253e+04 -1.2268e+05 1.0679e+03
-3.7846e+06 3.0765e+01 -2.2111e+03 1.7346e+03 -6.9413e+01 4.1970e+03
-3.4122e+06 2.8940e+01 -2.1886e+03 1.7600e+03 -5.9983e+01 4.1960e+03
-2.6811e+06 2.8001e+01 -2.1657e+03 1.7855e+03 -3.2807e+01 4.2049e+03
-3.1943e+06 2.6809e+01 -2.1424e+03 1.8110e+03 -6.1230e+01 4.2105e+03
-2.7860e+06 2.6499e+01 -2.1187e+03 1.8366e+03 -1.1034e+02 4.2138e+03
-2.0562e+06 2.6844e+01 -2.0946e+03 1.8621e+03 -6.6230e+01 4.2166e+03
-5.9596e+05 2.7142e+01 -2.0700e+03 1.8877e+03 6.8982e+01 4.2199e+03
-8.8719e+04 2.7412e+01 -2.0451e+03 1.9132e+03 1.7781e+02 4.2223e+03
5.4509e+05 2.7588e+01 -2.0198e+03 1.9387e+03 1.5678e+02 4.2228e+03
-1.7000e+06 2.8010e+01 -1.9940e+03 1.9641e+03 4.6276e+01 4.2258e+03
-4.2260e+06 2.9215e+01 -1.9678e+03 1.9895e+03 -9.1188e+01 4.2297e+03
-3.1660e+06 3.0669e+01 -1.9412e+03 2.0149e+03 -1.0338e+02 4.2292e+03
-1.9051e+06 3.1668e+01 -1.9142e+03 2.0401e+03 -1.9409e+01 4.2285e+03
-1.7125e+06 3.3034e+01 -1.8867e+03 2.0653e+03 4.4415e+01 4.2293e+03
-2.2901e+06 3.4788e+01 -1.8589e+03 2.0904e+03 2.4790e+01 4.2288e+03
-1.8632e+06 3.5244e+01 -1.8306e+03 2.1153e+03 2.8792e+01 4.2255e+03
-2.0723e+06 3.4468e+01 -1.8018e+03 2.1401e+03 -7.2048e+01 4.2287e+03
-3.2228e+06 3.4617e+01 -1.7727e+03 2.1648e+03 -7.6513e+01 4.2394e+03
-6.2512e+05 3.6242e+01 -1.7431e+03 2.1893e+03 -1.1861e+01 4.2247e+03
6.1646e+05 3.7675e+01 -1.7131e+03 2.2136e+03 4.9661e+01 4.2226e+03
1.3141e+06 3.7497e+01 -1.6826e+03 2.2378e+03 -4.6533e+01 4.2285e+03
1.3694e+06 3.4863e+01 -1.6518e+03 2.2617e+03 4.4177e+02 4.2244e+03
9.5902e+04 3.1302e+01 -1.6205e+03 2.2854e+03 3.3642e+02 4.1771e+03
-7.1867e+06 3.0207e+01 -1.5888e+03 2.3089e+03 1.0935e+02 4.1998e+03
-2.0803e+07 3.2058e+01 -1.5567e+03 2.3322e+03 -5.4789e+03 3.7884e+03
-3.9642e+07 3.4658e+01 -1.5241e+03 2.3552e+03 -6.0751e+04 -1.0050e+04
-2.8241e+07 3.5662e+01 -1.4962e+03 2.5126e+03 -1.7509e+05 -5.5155e+04
-1.8170e+07 3.3630e+01 -1.5120e+03 4.2916e+03 -2.7889e+05 -1.0150e+05
-2.8322e+07 3.0176e+01 -1.4973e+03 6.0961e+03 -3.2948e+05 -1.1096e+05
-2.6236e+07 3.0351e+01 -1.4519e+03 7.9774e+03 -3.4566e+05 -9.1674e+04
-2.5195e+07 3.6294e+01 -1.3731e+03 1.0057e+04 -3.4998e+05 -6.8078e+04
-1.3064e+07 4.2435e+01 -1.2078e+03 1.2443e+04 -3.2387e+05 -6.1168e+04
-6.4016e+06 4.3873e+01 -9.5483e+02 1.4419e+04 -2.4276e+05 -5.3022e+04
-4.2878e+06 3.4745e+01 -2.2294e+03 1.7409e+03 -3.9610e+01 4.1482e+03
-3.8147e+06 3.3975e+01 -2.2070e+03 1.7665e+03 -4.8040e+01 4.1490e+03
-3.7762e+06 3.2548e+01 -2.1841e+03 1.7921e+03 -2.7414e+01 4.1558e+03
-3.3315e+06 2.9395e+01 -2.1608e+03 1.8178e+03 -5.8871e+01 4.1590e+03
-4.0262e+06 2.7051e+01 -2.1372e+03 1.8435e+03 -1.2420e+02 4.1630e+03
-3.6909e+06 2.6579e+01 -2.1131e+03 1.8692e+03 -1.3483e+02 4.1658e+03
-2.7092e+06 2.6336e+01 -2.0886e+03 1.8949e+03 -4.4613e+01 4.1695e+03
-1.3222e+06 2.6122e+01 -2.0636e+03 1.9206e+03 4.5806e+01 4.1723e+03
-2.1436e+06 2.6138e+01 -2.0383e+03 1.9463e+03 6.6339e+01 4.1762e+03
-1.4796e+06 2.6328e+01 -2.0125e+03 1.9719e+03 8.7921e+01 4.1764e+03
-1.1026e+06 2.6957e+01 -1.9863e+03 1.9975e+03 6.7590e+01 4.1757e+03
-3.1054e+06 2.7944e+01 -1.9597e+03 2.0230e+03 -5.5224e+01 4.1778e+03
-3.7546e+06 2.9249e+01 -1.9326e+03 2.0485e+03 -8.3699e+01 4.1802e+03
-2.4736e+06 3.1679e+01 -1.9051e+03 2.0738e+03 -4.8657e+00 4.1788e+03
-1.4514e+06 3.4087e+01 -1.8772e+03 2.0991e+03 3.6551e+01 4.1773e+03
-1.8883e+06 3.4094e+01 -1.8488e+03 2.1243e+03 3.4028e+00 4.1761e+03
-2.3856e+06 3.3025e+01 -1.8200e+03 2.1493e+03 -3.8186e+01 4.1729e+03
-1.5273e+06 3.3252e+01 -1.7907e+03 2.1742e+03 -8.3463e+01 4.1784e+03
-3.0720e+06 3.4973e+01 -1.7610e+03 2.1989e+03 -7.4327e+01 4.1811e+03
-2.5509e+06 3.6808e+01 -1.7309e+03 2.2234e+03 -9.3958e+01 4.1736e+03
-1.0387e+06 3.7527e+01 -1.7003e+03 2.2478e+03 -6.1062e+01 4.1802e+03
3.0410e+06 3.5910e+01 -1.6693e+03 2.2719e+03 1.8972e+02 4.1804e+03
4.3948e+06 3.2252e+01 -1.6379e+03 2.2959e+03 6.8914e+02 4.1629e+03
1.2572e+06 3.0285e+01 -1.6060e+03 2.3196e+03 6.0037e+02 4.1576e+03
-8.1057e+06 3.0914e+01 -1.5737e+03 2.3431e+03 -3.4595e+02 4.1312e+03
-1.9892e+07 3.2398e+01 -1.5410e+03 2.3663e+03 -8.1206e+03 2.7114e+03
-4.0545e+07 3.4659e+01 -1.5078e+03 2.3892e+03 -5.2655e+04 -1.2567e+04
-3.2998e+07 3.6249e+01 -1.4742e+03 2.4119e+03 -1.5748e+05 -5.0052e+04
-2.0783e+07 3.4283e+01 -1.4715e+03 4.0378e+03 -2.7969e+05 -7.5005e+04
-3.0602e+07 3.0332e+01 -1.4488e+03 6.1853e+03 -3.4502e+05 -7.3889e+04
-2.9149e+07 3.0609e+01 -1.4000e+03 8.5837e+03 -3.5172e+05 -8.3234e+04
-2.5082e+07 3.6331e+01 -1.2913e+03 1.0506e+04 -3.4385e+05 -1.0371e+05
-1.2754e+07 4.2787e+01 -1.1090e+03 1.2175e+04 -3.2735e+05 -9.6766e+04
-3.9142e+06 3.6371e+01 -2.2479e+03 1.7467e+03 -1.8915e+01 4.0957e+03
-3.9506e+06 3.5853e+01 -2.2255e+03 1.7724e+03 -3.7616e+01 4.0971e+03
-3.3720e+06 3.4851e+01 -2.2027e+03 1.7982e+03 -2.1728e+01 4.1048e+03
-3.9135e+06 3.2846e+01 -2.1795e+03 1.8240e+03 -3.3220e+01 4.1078e+03
-3.8135e+06 3.0326e+01 -2.1559e+03 1.8499e+03 -8.5975e+01 4.1125e+03
-4.1472e+06 2.9386e+01 -2.1318e+03 1.8757e+03 -1.1610e+02 4.1150e+03
-3.8336e+06 2.9130e+01 -2.1073e+03 1.9016e+03 -1.1696e+02 4.1179e+03
-3.9488e+06 2.8907e+01 -2.0824e+03 1.9275e+03 -7.8945e+01 4.1194e+03
-2.6366e+06 2.8309e+01 -2.0571e+03 1.9533e+03 -2.8881e+01 4.1229e+03
-3.3927e+06 2.6912e+01 -2.0313e+03 1.9792e+03 1.1256e+01 4.1278e+03
-3.9271e+06 2.6236e+01 -2.0051e+03 2.0049e+03 5.5224e+01 4.1297e+03
-3.5608e+06 2.6434e+01 -1.9784e+03 2.0307e+03 1.0454e+01 4.1287e+03
-3.2968e+06 2.7014e+01 -1.9513e+03 2.0563e+03 -6.2090e+01 4.1293e+03
-3.9419e+06 2.9531e+01 -1.9238e+03 2.0819e+03 -7.6008e+01 4.1286e+03
-3.5205e+06 3.3058e+01 -1.8958e+03 2.1074e+03 -2.4362e+01 4.1290e+03
-3.0629e+06 3.3674e+01 -1.8673e+03 2.1327e+03 3.6406e+00 4.1305e+03
-2.5234e+06 3.2732e+01 -1.8384e+03 2.1579e+03 -2.8459e+01 4.1296e+03
-4.2597e+06 3.2879e+01 -1.8091e+03 2.1830e+03 -1.3463e+02 4.1274e+03
-2.1784e+06 3.3986e+01 -1.7793e+03 2.2080e+03 -9.8504e+01 4.1272e+03
-1.9948e+06 3.5785e+01 -1.7490e+03 2.2327e+03 -2.0549e+01 4.1108e+03
-8.1252e+05 3.7370e+01 -1.7183e+03 2.2573e+03 -6.6476e+01 4.1138e+03
-2.0530e+06 3.7251e+01 -1.6872e+03 2.2817e+03 -1.4797e+02 4.1313e+03
2.0170e+06 3.4820e+01 -1.6556e+03 2.3059e+03 2.6627e+02 4.1327e+03
2.6743e+06 3.1988e+01 -1.6235e+03 2.3298e+03 6.6188e+02 4.1311e+03
2.1313e+06 3.0314e+01 -1.5910e+03 2.3535e+03 5.5507e+02 4.1095e+03
-8.6079e+06 3.0103e+01 -1.5581e+03 2.3770e+03 -2.3576e+02 4.0548e+03
-1.4752e+07 3.1757e+01 -1.5247e+03 2.4002e+03 -4.0076e+03 3.5721e+03
-4.3883e+07 3.4794e+01 -1.4909e+03 2.4231e+03 -4.5559e+04 -7.2222e+03
-3.0927e+07 3.6433e+01 -1.4567e+03 2.4456e+03 -1.6868e+05 -3.5333e+04
-9.8689e+06 3.3923e+01 -1.4511e+03 4.6099e+03 -2.9776e+05 -7.6991e+04
-3.2696e+07 3.0095e+01 -1.4068e+03 6.5109e+03 -3.4259e+05 -1.1248e+05
-2.8479e+07 3.0459e+01 -1.3266e+03 8.2548e+03 -3.4613e+05 -1.1467e+05
-2.8799e+07 3.7170e+01 -1.2061e+03 1.0163e+04 -3.5493e+05 -8.7340e+04
-3.8620e+06 3.5169e+01 -2.2666e+03 1.7519e+03 -1.4783e+00 4.0458e+03
-3.3970e+06 3.3147e+01 -2.2443e+03 1.7778e+03 -2.5525e+01 4.0468e+03
-3.1620e+06 3.1947e+01 -2.2215e+03 1.8038e+03 -1.4715e+01 4.0559e+03
-2.5424e+06 3.2332e+01 -2.1983e+03 1.8297e+03 5.8708e+00 4.0580e+03
-3.1818e+06 3.2056e+01 -2.1747e+03 1.8557e+03 -2.2271e+01 4.0621e+03
-3.6844e+06 3.1637e+01 -2.1507e+03 1.8818e+03 -5.3577e+01 4.0668e+03
-4.1384e+06 3.1740e+01 -2.1263e+03 1.9078e+03 -7.6277e+01 4.0690e+03
-3.9901e+06 3.2530e+01 -2.1014e+03 1.9339e+03 -8.0449e+01 4.0692e+03
-4.6806e+06 3.2030e+01 -2.0760e+03 1.9599e+03 -8.2815e+01 4.0719e+03
-3.7984e+06 2.8724e+01 -2.0503e+03 1.9859e+03 -5.0806e+01 4.0754e+03
-2.6595e+06 2.6436e+01 -2.0240e+03 2.0119e+03 3.2354e+01 4.0755e+03
-3.5465e+06 2.6221e+01 -1.9974e+03 2.0378e+03 3.7615e+01 4.0777e+03
-4.4492e+06 2.6281e+01 -1.9702e+03 2.0636e+03 -4.0061e+01 4.0809e+03
-4.1929e+06 2.8265e+01 -1.9426e+03 2.0894e+03 -7.8380e+01 4.0790e+03
-3.3368e+06 3.1581e+01 -1.9146e+03 2.1151e+03 -3.4050e+01 4.0766e+03
-3.0747e+06 3.1978e+01 -1.8861e+03 2.1407e+03 7.3863e+00 4.0790e+03
-2.9621e+06 3.1010e+01 -1.8571e+03 2.1661e+03 2.0901e+01 4.0788e+03
-2.3620e+06 3.1203e+01 -1.8277e+03 2.1914e+03 -3.5485e+01 4.0759e+03
-3.8564e+06 3.1615e+01 -1.7978e+03 2.2166e+03 -1.4013e+02 4.0782e+03
-3.8630e+06 3.3292e+01 -1.7674e+03 2.2416e+03 -1.5744e+02 4.0758e+03
-2.6975e+06 3.6213e+01 -1.7366e+03 2.2664e+03 -1.0906e+02 4.0696e+03
-4.8975e+05 3.7725e+01 -1.7053e+03 2.2910e+03 -1.3234e+02 4.0679e+03
1.3904e+06 3.7166e+01 -1.6736e+03 2.3154e+03 -1.1589e+01 4.0558e+03
3.5525e+06 3.5046e+01 -1.6414e+03 2.3396e+03 3.1348e+02 4.0535e+03
4.7040e+06 3.1732e+01 -1.6087e+03 2.3636e+03 8.0480e+02 4.0768e+03
3.0350e+06 2.9420e+01 -1.5756e+03 2.3872e+03 6.1745e+02 4.0497e+03
-6.6470e+06 2.9682e+01 -1.5420e+03 2.4107e+03 2.4681e+02 4.0371e+03
-1.5828e+07 3.2081e+01 -1.5080e+03 2.4338e+03 -4.8058e+03 3.6269e+03
-4.1047e+07 3.5126e+01 -1.4735e+03 2.4566e+03 -5.6810e+04 -1.0343e+04
-2.8690e+07 3.6403e+01 -1.4389e+03 2.5022e+03 -1.7334e+05 -5.3038e+04
-1.9693e+07 3.4468e+01 -1.4141e+03 4.2963e+03 -2.8472e+05 -9.3280e+04
-3.2943e+07 3.0851e+01 -1.3505e+03 6.1578e+03 -3.4345e+05 -9.2831e+04
-2.4386e+07 3.1779e+01 -1.2571e+03 8.4275e+03 -3.6402e+05 -7.5932e+04
-3.4074e+06 3.2236e+01 -2.2854e+03 1.7567e+03 -1.3346e+01 3.9956e+03
-2.6119e+06 2.9030e+01 -2.2632e+03 1.7827e+03 1.3437e+01 3.9957e+03
-1.7669e+06 2.7788e+01 -2.2405e+03 1.8088e+03 3.8467e+01 4.0053e+03
-1.7550e+06 2.8288e+01 -2.2174e+03 1.8349e+03 5.0903e+01 4.0080e+03
-1.8593e+06 2.8785e+01 -2.1938e+03 1.8611e+03 2.7388e+01 4.0113e+03
-2.5252e+06 2.8817e+01 -2.1698e+03 1.8873e+03 -7.9252e+00 4.0150e+03
-3.4020e+06 2.9025e+01 -2.1454e+03 1.9135e+03 -4.8812e+01 4.0185e+03
-4.1669e+06 3.1092e+01 -2.1206e+03 1.9397e+03 -5.9526e+01 4.0207e+03
-4.0870e+06 3.3138e+01 -2.0952e+03 1.9659e+03 -6.1766e+01 4.0205e+03
-4.7980e+06 3.1498e+01 -2.0695e+03 1.9921e+03 -9.3145e+01 4.0241e+03
-5.5266e+06 2.9171e+01 -2.0432e+03 2.0183e+03 -8.9262e+01 4.0266e+03
-4.1518e+06 2.8547e+01 -2.0166e+03 2.0444e+03 -1.6483e+01 4.0266e+03
-3.8152e+06 2.8267e+01 -1.9894e+03 2.0704e+03 1.5088e+01 4.0269e+03
-4.0562e+06 2.8925e+01 -1.9618e+03 2.0964e+03 -2.6551e+01 4.0275e+03
-4.7621e+06 2.9663e+01 -1.9337e+03 2.1223e+03 -6.9326e+01 4.0284e+03
-3.6627e+06 2.8675e+01 -1.9051e+03 2.1481e+03 -2.8652e+01 4.0278e+03
-3.4800e+06 2.7807e+01 -1.8761e+03 2.1737e+03 6.2181e+00 4.0264e+03
-3.4495e+06 2.7966e+01 -1.8466e+03 2.1993e+03 5.7620e+00 4.0270e+03
-3.0772e+06 2.8899e+01 -1.8166e+03 2.2247e+03 -4.9695e+01 4.0228e+03
-2.1278e+06 3.1950e+01 -1.7861e+03 2.2499e+03 -6.1910e+01 4.0226e+03
-2.6991e+06 3.5603e+01 -1.7552e+03 2.2750e+03 -5.9758e+01 4.0224e+03
-2.1705e+06 3.7213e+01 -1.7238e+03 2.2998e+03 -6.7804e+01 4.0222e+03
-2.1537e+06 3.7659e+01 -1.6919e+03 2.3245e+03 -1.5344e+02 4.0003e+03
6.8552e+05 3.7517e+01 -1.6595e+03 2.3489e+03 -1.3525e+02 3.9918e+03
2.3321e+06 3.5282e+01 -1.6267e+03 2.3731e+03 1.0338e+02 4.0059e+03
5.7189e+06 3.1721e+01 -1.5933e+03 2.3970e+03 7.7498e+02 4.0003e+03
3.2086e+06 2.9636e+01 -1.5596e+03 2.4207e+03 6.8460e+02 3.9828e+03
-6.9025e+06 3.0121e+01 -1.5253e+03 2.4441e+03 -1.5013e+02 3.9600e+03
-1.8682e+07 3.2279e+01 -1.4906e+03 2.4671e+03 -5.7723e+03 3.2628e+03
-4.1811e+07 3.5109e+01 -1.4554e+03 2.4899e+03 -4.9766e+04 -9.2357e+03
-3.5504e+07 3.6938e+01 -1.4198e+03 2.5123e+03 -1.6372e+05 -4.1955e+04
-1.7056e+07 3.4809e+01 -1.3776e+03 4.3835e+03 -2.9725e+05 -6.9037e+04
-3.2397e+07 3.1066e+01 -1.3005e+03 6.6307e+03 -3.6276e+05 -7.8835e+04
-2.9824e+06 3.0998e+01 -2.3044e+03 1.7609e+03 -8.7083e+00 3.9438e+03
-1.6566e+06 2.7351e+01 -2.2822e+03 1.7870e+03 3.0192e+01 3.9430e+03
-9.9100e+05 2.6224e+01 -2.2596e+03 1.8133e+03 5.9551e+01 3.9526e+03
-4.1620e+05 2.6224e+01 -2.2366e+03 1.8395e+03 7.0748e+01 3.9562e+03
-8.8052e+05 2.6253e+01 -2.2131e+03 1.8659e+03 5.2968e+01 3.9597e+03
-1.5247e+06 2.6249e+01 -2.1892e+03 1.8922e+03 2.5765e+01 3.9628e+03
-2.3089e+06 2.6304e+01 -2.1648e+03 1.9186e+03 8.9718e-01 3.9655e+03
-2.8957e+06 2.8006e+01 -2.1400e+03 1.9450e+03 -2.0304e+01 3.9684e+03
-4.0721e+06 3.1724e+01 -2.1147e+03 1.9714e+03 -3.6538e+01 3.9694e+03
-4.0506e+06 3.4112e+01 -2.0889e+03 1.9978e+03 -3.6296e+01 3.9712e+03
-3.5905e+06 3.4097e+01 -2.0627e+03 2.0241e+03 -3.3898e+01 3.9724e+03
-4.1603e+06 3.3448e+01 -2.0360e+03 2.0504e+03 -1.6665e+01 3.9733e+03
-4.1517e+06 3.2811e+01 -2.0088e+03 2.0767e+03 2.0863e+01 3.9748e+03
-3.8028e+06 3.1855e+01 -1.9812e+03 2.1028e+03 3.8536e+01 3.9753e+03
-3.5722e+06 2.9578e+01 -1.9531e+03 2.1289e+03 -1.4633e+01 3.9757e+03
-4.0152e+06 2.7133e+01 -1.9244e+03 2.1550e+03 -5.2181e+01 3.9748e+03
-3.6295e+06 2.6300e+01 -1.8953e+03 2.1808e+03 -2.0098e+01 3.9730e+03
-2.7545e+06 2.6310e+01 -1.8658e+03 2.2066e+03 2.5048e+01 3.9736e+03
-3.2782e+06 2.7939e+01 -1.8357e+03 2.2322e+03 -1.3708e+01 3.9734e+03
-3.5103e+06 3.2148e+01 -1.8051e+03 2.2577e+03 -5.5987e+01 3.9724e+03
-2.7656e+06 3.5758e+01 -1.7741e+03 2.2830e+03 -7.5149e+01 3.9677e+03
-1.4850e+06 3.6884e+01 -1.7425e+03 2.3081e+03 -9.2209e+00 3.9694e+03
-4.6771e+05 3.7238e+01 -1.7105e+03 2.3330e+03 8.6431e+00 3.9642e+03
-3.7661e+05 3.7863e+01 -1.6780e+03 2.3577e+03 -1.0191e+02 3.9526e+03
4.9366e+05 3.7764e+01 -1.6449e+03 2.3821e+03 -1.9826e+02 3.9491e+03
3.5343e+06 3.5689e+01 -1.6114e+03 2.4063e+03 1.7297e+02 3.9536e+03
5.2949e+06 3.2258e+01 -1.5775e+03 2.4302e+03 7.5844e+02 3.9481e+03
5.3251e+06 2.9816e+01 -1.5430e+03 2.4539e+03 7.8940e+02 3.9369e+03
-6.3873e+06 2.9889e+01 -1.5081e+03 2.4772e+03 9.9826e+01 3.9252e+03
-1.4049e+07 3.1972e+01 -1.4726e+03 2.5002e+03 -4.1692e+03 3.4958e+03
-4.2607e+07 3.5123e+01 -1.4368e+03 2.5229e+03 -5.1570e+04 -8.3861e+03
-3.1114e+07 3.6806e+01 -1.4004e+03 2.5613e+03 -1.8154e+05 -3.9649e+04
-1.3222e+07 3.4406e+01 -1.3417e+03 4.6985e+03 -3.1485e+05 -7.3231e+04
-1.9893e+06 3.1606e+01 -2.3236e+03 1.7645e+03 4.4300e+01 3.8920e+03
-9.9773e+05 2.7590e+01 -2.3015e+03 1.7908e+03 4.4042e+01 3.8914e+03
-3.7819e+05 2.6232e+01 -2.2790e+03 1.8172e+03 3.4323e+01 3.9006e+03
-4.0668e+05 2.6229e+01 -2.2560e+03 1.8436e+03 3.4836e+01 3.9041e+03
-3.2001e+05 2.6226e+01 -2.2326e+03 1.8701e+03 3.9918e+01 3.9075e+03
-5.5366e+05 2.6226e+01 -2.2087e+03 1.8966e+03 4.8986e+01 3.9105e+03
-1.1936e+06 2.6234e+01 -2.1844e+03 1.9231e+03 4.3182e+01 3.9137e+03
-2.1570e+06 2.6709e+01 -2.1596e+03 1.9497e+03 2.0433e+01 3.9170e+03
-2.6845e+06 2.9190e+01 -2.1343e+03 1.9763e+03 3.7479e+00 3.9181e+03
-3.6344e+06 3.3278e+01 -2.1086e+03 2.0028e+03 -7.8315e+00 3.9192e+03
-4.7307e+06 3.5864e+01 -2.0824e+03 2.0294e+03 -3.3491e+01 3.9221e+03
-4.1513e+06 3.6172e+01 -2.0557e+03 2.0559e+03 -3.5498e+01 3.9237e+03
-3.9141e+06 3.5812e+01 -2.0285e+03 2.0823e+03 -1.5829e+00 3.9233e+03
-3.6011e+06 3.4862e+01 -2.0008e+03 2.1087e+03 4.8298e+01 3.9232e+03
-4.2362e+06 3.1706e+01 -1.9727e+03 2.1350e+03 2.8132e+01 3.9245e+03
-4.1089e+06 2.7823e+01 -1.9440e+03 2.1613e+03 -4.7189e+01 3.9244e+03
-4.5272e+06 2.6303e+01 -1.9149e+03 2.1874e+03 -7.6417e+01 3.9224e+03
-4.0353e+06 2.6305e+01 -1.8852e+03 2.2134e+03 -3.0296e+01 3.9227e+03
-3.2964e+06 2.7183e+01 -1.8551e+03 2.2393e+03 -6.6840e-01 3.9220e+03
-2.1281e+06 3.0516e+01 -1.8244e+03 2.2650e+03 2.1655e-01 3.9186e+03
-2.9803e+06 3.4706e+01 -1.7933e+03 2.2905e+03 -6.9155e+01 3.9149e+03
-2.6933e+06 3.6636e+01 -1.7616e+03 2.3159e+03 -1.0605e+02 3.9147e+03
-2.9703e+06 3.6916e+01 -1.7294e+03 2.3410e+03 -3.7678e+01 3.9155e+03
-7.1357e+05 3.7256e+01 -1.6967e+03 2.3660e+03 1.2895e+01 3.9148e+03
-1.0441e+06 3.7887e+01 -1.6636e+03 2.3907e+03 -1.4887e+02 3.9071e+03
1.4922e+06 3.8040e+01 -1.6299e+03 2.4151e+03 -1.4670e+02 3.8981e+03
3.7056e+06 3.5960e+01 -1.5957e+03 2.4393e+03 2.1093e+02 3.8877e+03
5.6036e+06 3.1984e+01 -1.5610e+03 2.4632e+03 7.9567e+02 3.9015e+03
3.8020e+06 2.9446e+01 -1.5258e+03 2.4868e+03 6.4699e+02 3.8838e+03
-6.2511e+06 2.9828e+01 -1.4902e+03 2.5100e+03 8.9947e+01 3.8615e+03
-1.8049e+07 3.2219e+01 -1.4540e+03 2.5330e+03 -5.7026e+03 3.3004e+03
-4.4148e+07 3.5503e+01 -1.4174e+03 2.5556e+03 -6.2233e+04 -9.0531e+03
-3.2452e+07 3.6974e+01 -1.3789e+03 2.7394e+03 -1.9673e+05 -4.1720e+04
-1.8834e+06 2.9612e+01 -2.3429e+03 1.7676e+03 2.7164e+01 3.8403e+03
-7.9854e+05 2.6844e+01 -2.3209e+03 1.7940e+03 2.8186e+01 3.8402e+03
-4.3656e+05 2.6238e+01 -2.2985e+03 1.8205e+03 1.4816e+01 3.8489e+03
-1.0465e+05 2.6237e+01 -2.2756e+03 1.8471e+03 1.4112e+01 3.8516e+03
-2.1931e+05 2.6234e+01 -2.2522e+03 1.8737e+03 1.7471e+01 3.8550e+03
-4.1865e+05 2.6230e+01 -2.2284e+03 1.9004e+03 2.6977e+01 3.8583e+03
-7.1169e+05 2.6231e+01 -2.2041e+03 1.9271e+03 3.6249e+01 3.8611e+03
-1.3004e+06 2.6230e+01 -2.1794e+03 1.9538e+03 2.1009e+01 3.8636e+03
-2.4328e+06 2.6885e+01 -2.1542e+03 1.9806e+03 -4.5213e+00 3.8662e+03
-2.8500e+06 2.9774e+01 -2.1285e+03 2.0073e+03 3.2834e+00 3.8670e+03
-2.8373e+06 3.3864e+01 -2.1023e+03 2.0340e+03 8.9196e+00 3.8673e+03
-3.9990e+06 3.6020e+01 -2.0756e+03 2.0608e+03 -2.7175e+01 3.8698e+03
-4.3009e+06 3.6305e+01 -2.0484e+03 2.0874e+03 -4.7035e+01 3.8721e+03
-3.9764e+06 3.6094e+01 -2.0208e+03 2.1140e+03 1.3551e+01 3.8710e+03
-3.2111e+06 3.4057e+01 -1.9926e+03 2.1406e+03 6.4884e+01 3.8704e+03
-4.0873e+06 2.9894e+01 -1.9639e+03 2.1670e+03 -1.2723e+00 3.8716e+03
-4.2357e+06 2.6920e+01 -1.9347e+03 2.1934e+03 -6.9995e+01 3.8710e+03
-3.9100e+06 2.6282e+01 -1.9050e+03 2.2196e+03 -4.2087e+01 3.8699e+03
-3.5808e+06 2.6716e+01 -1.8748e+03 2.2457e+03 -2.0795e+01 3.8701e+03
-3.7334e+06 2.9471e+01 -1.8440e+03 2.2717e+03 -2.0804e+01 3.8655e+03
-2.5866e+06 3.3952e+01 -1.8128e+03 2.2975e+03 -2.9842e+01 3.8628e+03
-2.4181e+06 3.6380e+01 -1.7810e+03 2.3231e+03 -7.2357e+01 3.8605e+03
-1.5162e+06 3.6753e+01 -1.7487e+03 2.3485e+03 -8.7241e+01 3.8556e+03
-1.9728e+06 3.6942e+01 -1.7158e+03 2.3737e+03 -1.5944e+01 3.8561e+03
-4.7336e+05 3.7279e+01 -1.6825e+03 2.3986e+03 2.1610e+01 3.8579e+03
-4.9582e+05 3.7997e+01 -1.6486e+03 2.4234e+03 -1.0045e+02 3.8476e+03
1.2316e+06 3.8056e+01 -1.6143e+03 2.4478e+03 -1.7124e+02 3.8315e+03
4.3893e+06 3.5667e+01 -1.5794e+03 2.4720e+03 1.4937e+02 3.8325e+03
6.4378e+06 3.1842e+01 -1.5440e+03 2.4959e+03 8.2219e+02 3.8323e+03
5.4384e+06 2.9623e+01 -1.5081e+03 2.5194e+03 8.0347e+02 3.8128e+03
-6.4167e+06 3.0129e+01 -1.4717e+03 2.5426e+03 -1.4225e+02 3.7899e+03
-1.8539e+07 3.2704e+01 -1.4348e+03 2.5655e+03 -9.3421e+03 2.3444e+03
-4.3984e+07 3.6106e+01 -1.3974e+03 2.5880e+03 -7.4724e+04 -1.0991e+04
-1.8594e+06 2.7361e+01 -2.3624e+03 1.7700e+03 -6.8748e+00 3.7868e+03
-7.8697e+05 2.6203e+01 -2.3405e+03 1.7966e+03 1.5130e+01 3.7866e+03
-2.9004e+05 2.6240e+01 -2.3181e+03 1.8232e+03 1.1713e+01 3.7957e+03
-2.8501e+05 2.6240e+01 -2.2953e+03 1.8499e+03 7.7727e+00 3.7990e+03
-1.6613e+05 2.6239e+01 -2.2721e+03 1.8767e+03 9.4886e+00 3.8024e+03
-1.7002e+05 2.6237e+01 -2.2483e+03 1.9035e+03 1.5319e+01 3.8053e+03
-5.0654e+05 2.6236e+01 -2.2241e+03 1.9304e+03 1.9433e+01 3.8081e+03
-1.0831e+06 2.6239e+01 -2.1994e+03 1.9573e+03 1.5862e+01 3.8106e+03
-1.5971e+06 2.6217e+01 -2.1743e+03 1.9843e+03 3.3245e+00 3.8125e+03
-2.5697e+06 2.7476e+01 -2.1486e+03 2.0112e+03 -1.4696e+01 3.8148e+03
-3.7375e+06 3.1031e+01 -2.1225e+03 2.0381e+03 -2.0477e+01 3.8160e+03
-3.6298e+06 3.4536e+01 -2.0958e+03 2.0650e+03 -1.9611e+01 3.8162e+03
-4.0349e+06 3.6047e+01 -2.0686e+03 2.0919e+03 -4.4426e+01 3.8180e+03
-4.0091e+06 3.6298e+01 -2.0410e+03 2.1187e+03 -3.6609e+01 3.8190e+03
-4.1117e+06 3.5702e+01 -2.0128e+03 2.1455e+03 2.9482e+01 3.8171e+03
-3.5556e+06 3.3310e+01 -1.9841e+03 2.1722e+03 3.5608e+01 3.8166e+03
-4.4102e+06 2.9565e+01 -1.9548e+03 2.1987e+03 -5.3717e+01 3.8184e+03
-4.4394e+06 2.6975e+01 -1.9251e+03 2.2252e+03 -7.8392e+01 3.8183e+03
-3.8386e+06 2.6863e+01 -1.8948e+03 2.2516e+03 -1.9496e+01 3.8162e+03
-2.4303e+06 2.9845e+01 -1.8639e+03 2.2778e+03 3.3656e+01 3.8121e+03
-2.8587e+06 3.4248e+01 -1.8326e+03 2.3038e+03 3.2063e+01 3.8102e+03
-2.6315e+06 3.6363e+01 -1.8007e+03 2.3297e+03 -1.9018e+01 3.8120e+03
-3.5995e+06 3.6586e+01 -1.7682e+03 2.3554e+03 -1.0298e+02 3.8067e+03
-2.2064e+06 3.6772e+01 -1.7353e+03 2.3809e+03 -1.1642e+02 3.8016e+03
-2.4086e+06 3.6963e+01 -1.7018e+03 2.4061e+03 -3.4660e+01 3.8006e+03
-3.2976e+05 3.7320e+01 -1.6677e+03 2.4311e+03 3.9190e+01 3.7947e+03
-7.1515e+05 3.8054e+01 -1.6332e+03 2.4558e+03 -1.2397e+02 3.7871e+03
7.4739e+05 3.8062e+01 -1.5981e+03 2.4803e+03 -2.1490e+02 3.7856e+03
3.7953e+06 3.5593e+01 -1.5624e+03 2.5044e+03 1.5577e+02 3.7796e+03
6.1973e+06 3.1653e+01 -1.5263e+03 2.5283e+03 8.2900e+02 3.7771e+03
3.5150e+06 2.9487e+01 -1.4896e+03 2.5518e+03 6.3727e+02 3.7627e+03
-8.4996e+06 3.0359e+01 -1.4525e+03 2.5749e+03 -6.3160e+02 3.7009e+03
-2.3413e+07 3.3350e+01 -1.4148e+03 2.5977e+03 -1.5401e+04 8.9389e+02
-1.6267e+06 2.7129e+01 -2.3820e+03 1.7719e+03 1.7233e+01 3.7343e+03
-6.6622e+05 2.6242e+01 -2.3602e+03 1.7986e+03 2.0298e+01 3.7344e+03
-3.1782e+05 2.6239e+01 -2.3380e+03 1.8253e+03 1.1194e+01 3.7432e+03
-4.7844e+04 2.6240e+01 -2.3153e+03 1.8522e+03 1.2274e+01 3.7463e+03
-1.0584e+05 2.6240e+01 -2.2921e+03 1.8791e+03 1.0527e+01 3.7497e+03
-2.5293e+05 2.6239e+01 -2.2684e+03 1.9061e+03 9.6388e+00 3.7528e+03
-3.4556e+05 2.6238e+01 -2.2443e+03 1.9331e+03 1.6472e+01 3.7554e+03
-6.1958e+05 2.6238e+01 -2.2197e+03 1.9602e+03 2.0438e+01 3.7577e+03
-1.3889e+06 2.6196e+01 -2.1946e+03 1.9873e+03 7.0730e+00 3.7601e+03
-1.9353e+06 2.6544e+01 -2.1690e+03 2.0144e+03 -3.6734e+00 3.7617e+03
-2.1620e+06 2.8325e+01 -2.1429e+03 2.0416e+03 -3.5490e+00 3.7625e+03
-3.2436e+06 3.1912e+01 -2.1162e+03 2.0687e+03 -6.3753e+00 3.7630e+03
-3.8386e+06 3.5284e+01 -2.0891e+03 2.0958e+03 -3.7411e+01 3.7646e+03
-4.1455e+06 3.6384e+01 -2.0614e+03 2.1228e+03 -5.3808e+01 3.7667e+03
-3.3271e+06 3.6312e+01 -2.0332e+03 2.1498e+03 7.0994e+00 3.7648e+03
-3.2960e+06 3.5810e+01 -2.0045e+03 2.1767e+03 7.2591e+01 3.7627e+03
-3.4541e+06 3.3544e+01 -1.9752e+03 2.2035e+03 5.1022e+00 3.7648e+03
-4.1415e+06 3.0406e+01 -1.9454e+03 2.2302e+03 -8.3342e+01 3.7643e+03
-4.1181e+06 2.9055e+01 -1.9151e+03 2.2568e+03 -7.5155e+01 3.7616e+03
-4.0288e+06 3.1028e+01 -1.8842e+03 2.2833e+03 -8.4506e+00 3.7590e+03
-2.8760e+06 3.4709e+01 -1.8527e+03 2.3096e+03 2.3617e+01 3.7581e+03
-2.8058e+06 3.6434e+01 -1.8207e+03 2.3358e+03 2.4624e+01 3.7588e+03
-2.3512e+06 3.6468e+01 -1.7882e+03 2.3617e+03 -2.0081e+01 3.7543e+03
-3.3484e+06 3.6604e+01 -1.7551e+03 2.3875e+03 -9.2982e+01 3.7498e+03
-2.6452e+06 3.6796e+01 -1.7214e+03 2.4130e+03 -1.2180e+02 3.7470e+03
-2.6387e+06 3.6994e+01 -1.6872e+03 2.4383e+03 -2.7940e+01 3.7436e+03
-9.9518e+05 3.7404e+01 -1.6524e+03 2.4633e+03 1.5921e+01 3.7415e+03
-4.6918e+04 3.8098e+01 -1.6171e+03 2.4880e+03 -1.3196e+02 3.7377e+03
1.6769e+06 3.7800e+01 -1.5813e+03 2.5125e+03 -1.4718e+02 3.7265e+03
5.5851e+06 3.4940e+01 -1.5449e+03 2.5366e+03 2.8484e+02 3.7262e+03
6.9657e+06 3.0991e+01 -1.5080e+03 2.5604e+03 9.1391e+02 3.7219e+03
4.2066e+06 2.9345e+01 -1.4705e+03 2.5838e+03 6.8849e+02 3.7107e+03
-9.7793e+06 3.0773e+01 -1.4325e+03 2.6069e+03 -1.4513e+03 3.5696e+03
-1.4249e+06 2.6682e+01 -2.4018e+03 1.7731e+03 9.6164e+00 3.6819e+03
-5.4380e+05 2.6237e+01 -2.3801e+03 1.7999e+03 2.3565e+01 3.6821e+03
-1.7084e+05 2.6237e+01 -2.3580e+03 1.8268e+03 1.3521e+01 3.6908e+03
-1.7102e+05 2.6239e+01 -2.3354e+03 1.8538e+03 8.6599e+00 3.6938e+03
-9.4566e+04 2.6241e+01 -2.3123e+03 1.8809e+03 8.0882e+00 3.6972e+03
-6.5616e+04 2.6240e+01 -2.2888e+03 1.9080e+03 9.6994e+00 3.7000e+03
-2.4781e+05 2.6239e+01 -2.2647e+03 1.9352e+03 1.4237e+01 3.7028e+03
-5.2134e+05 2.6236e+01 -2.2402e+03 1.9625e+03 1.6537e+01 3.7051e+03
-7.6468e+05 2.6148e+01 -2.2151e+03 1.9898e+03 1.7291e+01 3.7070e+03
-1.4456e+06 2.6113e+01 -2.1896e+03 2.0171e+03 2.3017e+00 3.7089e+03
-2.4802e+06 2.6615e+01 -2.1635e+03 2.0444e+03 -9.9200e+00 3.7106e+03
-2.6083e+06 2.9022e+01 -2.1369e+03 2.0717e+03 -4.8033e+00 3.7110e+03
-3.2531e+06 3.3176e+01 -2.1098e+03 2.0990e+03 -1.2671e+01 3.7112e+03
-3.6846e+06 3.5890e+01 -2.0821e+03 2.1262e+03 -5.0308e+01 3.7134e+03
-3.8821e+06 3.6331e+01 -2.0540e+03 2.1534e+03 -1.8888e+01 3.7140e+03
-2.7926e+06 3.6300e+01 -2.0252e+03 2.1806e+03 7.1931e+01 3.7106e+03
-3.1040e+06 3.5971e+01 -1.9959e+03 2.2077e+03 7.4977e+01 3.7113e+03
-3.8978e+06 3.4899e+01 -1.9661e+03 2.2346e+03 -4.8455e+01 3.7121e+03
-4.3636e+06 3.3641e+01 -1.9357e+03 2.2615e+03 -7.8501e+01 3.7097e+03
-3.5473e+06 3.3785e+01 -1.9047e+03 2.2882e+03 -3.4612e+01 3.7059e+03
-3.8977e+06 3.5459e+01 -1.8732e+03 2.3148e+03 1.2296e+00 3.7055e+03
-3.7043e+06 3.6408e+01 -1.8411e+03 2.3412e+03 -3.2647e+01 3.7048e+03
-4.3329e+06 3.6409e+01 -1.8084e+03 2.3674e+03 -3.3202e+01 3.7031e+03
-3.5003e+06 3.6486e+01 -1.7752e+03 2.3935e+03 -6.4505e+01 3.6980e+03
-4.1946e+06 3.6634e+01 -1.7414e+03 2.4193e+03 -1.1075e+02 3.6961e+03
-3.1712e+06 3.6835e+01 -1.7070e+03 2.4449e+03 -1.4529e+02 3.6905e+03
-2.9443e+06 3.7052e+01 -1.6721e+03 2.4702e+03 -2.4753e+01 3.6926e+03
-1.3418e+06 3.7408e+01 -1.6366e+03 2.4952e+03 1.0572e+01 3.6850e+03
-2.4573e+05 3.8020e+01 -1.6005e+03 2.5200e+03 -1.1679e+02 3.6767e+03
1.5048e+06 3.7533e+01 -1.5639e+03 2.5444e+03 -1.7766e+02 3.6714e+03
5.5005e+06 3.4310e+01 -1.5267e+03 2.5685e+03 3.5144e+02 3.6721e+03
6.2829e+06 3.0463e+01 -1.4890e+03 2.5923e+03 9.0556e+02 3.6555e+03
1.9494e+06 2.9409e+01 -1.4507e+03 2.6156e+03 5.6302e+02 3.6448e+03
-1.2766e+06 2.6237e+01 -2.4217e+03 1.7737e+03 -1.5082e+00 3.6270e+03
-5.1578e+05 2.6236e+01 -2.4002e+03 1.8006e+03 1.5010e+01 3.6271e+03
-1.5795e+05 2.6236e+01 -2.3782e+03 1.8277e+03 1.0924e+01 3.6368e+03
-8.3717e+04 2.6240e+01 -2.3557e+03 1.8548e+03 4.4046e+00 3.6395e+03
-2.5265e+04 2.6242e+01 -2.3327e+03 1.8820e+03 3.1920e+00 3.6430e+03
-2.2790e+05 2.6241e+01 -2.3093e+03 1.9093e+03 3.2560e+00 3.6459e+03
-1.0040e+05 2.6241e+01 -2.2853e+03 1.9367e+03 1.1509e+01 3.6486e+03
-3.5626e+05 2.6239e+01 -2.2609e+03 1.9641e+03 1.0447e+01 3.6506e+03
-5.6058e+05 2.6179e+01 -2.2359e+03 1.9915e+03 1.4292e+01 3.6530e+03
-9.6396e+05 2.6121e+01 -2.2104e+03 2.0190e+03 1.8966e+01 3.6543e+03
-8.7598e+05 2.6185e+01 -2.1844e+03 2.0465e+03 2.7952e+01 3.6556e+03
-2.2176e+06 2.6907e+01 -2.1579e+03 2.0741e+03 7.4020e+00 3.6566e+03
-2.7569e+06 2.9519e+01 -2.1308e+03 2.1016e+03 -1.2033e+01 3.6570e+03
-3.7843e+06 3.3336e+01 -2.1031e+03 2.1290e+03 -5.0336e+01 3.6577e+03
-2.9976e+06 3.5742e+01 -2.0750e+03 2.1565e+03 -2.5644e+01 3.6597e+03
-3.1595e+06 3.6243e+01 -2.0462e+03 2.1838e+03 4.2586e+01 3.6572e+03
-1.9617e+06 3.6327e+01 -2.0169e+03 2.2111e+03 1.1685e+02 3.6559e+03
-3.4237e+06 3.6468e+01 -1.9870e+03 2.2384e+03 1.5161e+01 3.6566e+03
-3.5923e+06 3.6158e+01 -1.9566e+03 2.2655e+03 -5.3226e+01 3.6579e+03
-5.3039e+06 3.5849e+01 -1.9256e+03 2.2925e+03 -7.1713e+01 3.6547e+03
-3.5278e+06 3.6119e+01 -1.8940e+03 2.3193e+03 -4.5896e+00 3.6533e+03
-4.9880e+06 3.6360e+01 -1.8618e+03 2.3460e+03 -4.2753e+01 3.6492e+03
-2.8167e+06 3.6372e+01 -1.8290e+03 2.3725e+03 2.0396e+00 3.6488e+03
-5.4516e+06 3.6412e+01 -1.7957e+03 2.3989e+03 -5.6257e+01 3.6436e+03
-2.7676e+06 3.6509e+01 -1.7617e+03 2.4250e+03 -3.1603e+01 3.6431e+03
-6.2468e+06 3.6669e+01 -1.7272e+03 2.4508e+03 -1.7932e+02 3.6368e+03
-1.9380e+06 3.6879e+01 -1.6921e+03 2.4765e+03 -1.1849e+02 3.6365e+03
-4.3811e+06 3.7081e+01 -1.6564e+03 2.5018e+03 -5.5270e+01 3.6299e+03
1.7802e+06 3.7513e+01 -1.6201e+03 2.5269e+03 8.5187e+01 3.6235e+03
-2.0559e+06 3.8199e+01 -1.5832e+03 2.5516e+03 -2.2386e+02 3.6149e+03
5.6970e+06 3.7293e+01 -1.5458e+03 2.5761e+03 -3.2267e+01 3.6200e+03
3.4261e+06 3.3580e+01 -1.5078e+03 2.6001e+03 3.6791e+02 3.6110e+03
1.1198e+07 3.0019e+01 -1.4692e+03 2.6238e+03 1.1471e+03 3.5930e+03
-9.1796e+05 2.6239e+01 -2.4418e+03 1.7737e+03 1.5689e+01 3.5718e+03
-3.6472e+05 2.6237e+01 -2.4204e+03 1.8007e+03 1.2771e+01 3.5700e+03
-1.4388e+05 2.6238e+01 -2.3985e+03 1.8278e+03 5.6218e+00 3.5784e+03
-1.3338e+05 2.6240e+01 -2.3761e+03 1.8551e+03 2.2691e+00 3.5816e+03
-8.9222e+04 2.6241e+01 -2.3533e+03 1.8825e+03 3.3864e+00 3.5847e+03
-2.1240e+04 2.6242e+01 -2.3300e+03 1.9099e+03 5.1270e+00 3.5876e+03
-1.7809e+05 2.6243e+01 -2.3061e+03 1.9374e+03 4.8978e+00 3.5902e+03
-2.6916e+05 2.6242e+01 -2.2818e+03 1.9650e+03 7.3723e+00 3.5925e+03
-3.0299e+05 2.6228e+01 -2.2569e+03 1.9926e+03 1.4691e+01 3.5944e+03
-5.5932e+05 2.6213e+01 -2.2315e+03 2.0203e+03 1.7807e+01 3.5962e+03
-1.2800e+06 2.6224e+01 -2.2055e+03 2.0480e+03 2.0324e+01 3.5978e+03
-1.5233e+06 2.6223e+01 -2.1790e+03 2.0757e+03 1.9139e+01 3.5988e+03
-2.5359e+06 2.6867e+01 -2.1520e+03 2.1034e+03 -1.2268e+01 3.5990e+03
-3.3134e+06 3.0062e+01 -2.1244e+03 2.1311e+03 -5.8117e+01 3.5987e+03
-3.8189e+06 3.4445e+01 -2.0962e+03 2.1588e+03 -5.8304e+01 3.6003e+03
-2.8033e+06 3.6255e+01 -2.0675e+03 2.1864e+03 1.4990e+01 3.6005e+03
-2.4118e+06 3.6215e+01 -2.0382e+03 2.2140e+03 1.0030e+02 3.5973e+03
-2.5768e+06 3.6252e+01 -2.0083e+03 2.2414e+03 6.7431e+01 3.5975e+03
-3.7136e+06 3.6313e+01 -1.9778e+03 2.2688e+03 -3.0048e+01 3.5978e+03
-3.9485e+06 3.6329e+01 -1.9468e+03 2.2961e+03 -4.6530e+01 3.5954e+03
-4.6844e+06 3.6327e+01 -1.9151e+03 2.3232e+03 -2.1035e+01 3.5933e+03
-4.5553e+06 3.6331e+01 -1.8828e+03 2.3502e+03 -2.8476e+01 3.5932e+03
-4.9777e+06 3.6335e+01 -1.8500e+03 2.3770e+03 -2.4268e+01 3.5904e+03
-4.2709e+06 3.6360e+01 -1.8165e+03 2.4036e+03 -1.7051e+01 3.5874e+03
-4.8742e+06 3.6425e+01 -1.7824e+03 2.4300e+03 -3.2932e+01 3.5837e+03
-4.4565e+06 3.6532e+01 -1.7478e+03 2.4562e+03 -7.7517e+01 3.5813e+03
-4.8728e+06 3.6701e+01 -1.7125e+03 2.4822e+03 -1.5900e+02 3.5744e+03
-3.9323e+06 3.6915e+01 -1.6766e+03 2.5078e+03 -1.4857e+02 3.5761e+03
-2.2890e+06 3.7130e+01 -1.6401e+03 2.5332e+03 1.2189e+01 3.5701e+03
-9.1429e+05 3.7670e+01 -1.6030e+03 2.5583e+03 -3.2227e+00 3.5595e+03
8.0814e+05 3.8281e+01 -1.5653e+03 2.5831e+03 -1.8408e+02 3.5613e+03
2.2253e+06 3.6828e+01 -1.5270e+03 2.6074e+03 -1.1223e+02 3.5598e+03
8.0635e+06 3.2783e+01 -1.4882e+03 2.6315e+03 7.2661e+02 3.5623e+03
-7.5656e+05 2.6238e+01 -2.4620e+03 1.7730e+03 2.2142e+01 3.5152e+03
-2.8581e+05 2.6239e+01 -2.4407e+03 1.8001e+03 1.1069e+01 3.5164e+03
-1.8300e+05 2.6238e+01 -2.4190e+03 1.8274e+03 4.9898e+00 3.5283e+03
1.1012e+04 2.6239e+01 -2.3968e+03 1.8547e+03 6.6316e+00 3.5301e+03
-6.6932e+04 2.6240e+01 -2.3741e+03 1.8822e+03 4.1942e+00 3.5335e+03
-1.1317e+05 2.6243e+01 -2.3508e+03 1.9098e+03 1.9941e+00 3.5366e+03
-1.8542e+05 2.6244e+01 -2.3271e+03 1.9375e+03 5.3621e-01 3.5389e+03
-1.1582e+05 2.6242e+01 -2.3029e+03 1.9652e+03 8.1610e+00 3.5414e+03
-3.7234e+05 2.6239e+01 -2.2781e+03 1.9931e+03 9.6208e+00 3.5432e+03
-2.7932e+05 2.6235e+01 -2.2528e+03 2.0209e+03 2.5950e+01 3.5448e+03
-3.8942e+05 2.6232e+01 -2.2269e+03 2.0488e+03 3.6318e+01 3.5458e+03
-1.1539e+06 2.6238e+01 -2.2005e+03 2.0767e+03 3.6204e+01 3.5475e+03
-2.3611e+06 2.6421e+01 -2.1735e+03 2.1046e+03 -1.0175e+01 3.5488e+03
-3.1525e+06 2.9108e+01 -2.1459e+03 2.1326e+03 -4.4718e+01 3.5477e+03
-3.4734e+06 3.3955e+01 -2.1178e+03 2.1605e+03 -5.8019e+01 3.5478e+03
-2.9762e+06 3.6269e+01 -2.0891e+03 2.1883e+03 1.8293e+00 3.5498e+03
-2.4405e+06 3.6223e+01 -2.0598e+03 2.2161e+03 7.3089e+01 3.5467e+03
-1.8564e+06 3.6233e+01 -2.0299e+03 2.2438e+03 1.1537e+02 3.5461e+03
-3.4270e+06 3.6295e+01 -1.9994e+03 2.2715e+03 -6.5365e+00 3.5463e+03
-4.0727e+06 3.6329e+01 -1.9683e+03 2.2990e+03 -4.3161e+01 3.5454e+03
-4.9375e+06 3.6325e+01 -1.9366e+03 2.3264e+03 -4.5430e+01 3.5418e+03
-3.9925e+06 3.6321e+01 -1.9042e+03 2.3537e+03 1.5670e+01 3.5419e+03
-4.9858e+06 3.6317e+01 -1.8713e+03 2.3808e+03 -2.4315e+01 3.5374e+03
-3.8754e+06 3.6335e+01 -1.8377e+03 2.4077e+03 2.5345e+01 3.5366e+03
-5.6677e+06 3.6377e+01 -1.8035e+03 2.4345e+03 -5.0309e+01 3.5320e+03
-3.8347e+06 3.6447e+01 -1.7687e+03 2.4610e+03 -7.5898e+00 3.5325e+03
-6.3205e+06 3.6553e+01 -1.7332e+03 2.4872e+03 -1.2661e+02 3.5241e+03
-2.5559e+06 3.6742e+01 -1.6972e+03 2.5132e+03 -1.2018e+02 3.5237e+03
-5.5734e+06 3.6964e+01 -1.6605e+03 2.5389e+03 -1.6188e+02 3.5198e+03
1.4284e+06 3.7209e+01 -1.6232e+03 2.5644e+03 1.2464e+02 3.5151e+03
-3.4005e+06 3.7845e+01 -1.5852e+03 2.5895e+03 -1.0604e+02 3.4982e+03
5.6186e+06 3.8286e+01 -1.5467e+03 2.6142e+03 -1.3524e+02 3.5148e+03
-4.4042e+05 3.6021e+01 -1.5075e+03 2.6386e+03 -8.6794e+01 3.4983e+03
-7.0770e+05 2.6240e+01 -2.4823e+03 1.7716e+03 2.1030e+01 3.4655e+03
-2.8378e+05 2.6239e+01 -2.4612e+03 1.7988e+03 1.5997e+01 3.4568e+03
-9.8818e+04 2.6237e+01 -2.4396e+03 1.8262e+03 1.0926e+01 3.4553e+03
-5.7843e+04 2.6238e+01 -2.4176e+03 1.8537e+03 9.1292e+00 3.4603e+03
-5.6601e+04 2.6240e+01 -2.3950e+03 1.8813e+03 5.5088e+00 3.4633e+03
-3.9861e+04 2.6243e+01 -2.3719e+03 1.9090e+03 1.3616e+00 3.4663e+03
-1.8104e+05 2.6245e+01 -2.3483e+03 1.9369e+03 -1.1832e+00 3.4687e+03
-2.1687e+05 2.6244e+01 -2.3242e+03 1.9648e+03 2.8570e+00 3.4711e+03
-1.9592e+05 2.6241e+01 -2.2995e+03 1.9928e+03 7.1781e+00 3.4728e+03
-3.0584e+05 2.6236e+01 -2.2743e+03 2.0208e+03 1.4848e+01 3.4746e+03
-7.8580e+05 2.6231e+01 -2.2485e+03 2.0489e+03 2.5232e+01 3.4759e+03
-9.7677e+05 2.6234e+01 -2.2222e+03 2.0770e+03 3.7269e+01 3.4769e+03
-1.9614e+06 2.6504e+01 -2.1952e+03 2.1051e+03 9.8182e+00 3.4776e+03
-2.8966e+06 2.9281e+01 -2.1677e+03 2.1333e+03 -2.7766e+01 3.4766e+03
-3.7143e+06 3.4052e+01 -2.1397e+03 2.1614e+03 -4.9432e+01 3.4775e+03
-3.3409e+06 3.6299e+01 -2.1110e+03 2.1895e+03 -3.2363e+01 3.4798e+03
-2.9086e+06 3.6250e+01 -2.0817e+03 2.2175e+03 2.9497e+01 3.4770e+03
-2.2689e+06 3.6222e+01 -2.0518e+03 2.2455e+03 1.0371e+02 3.4750e+03
-2.8056e+06 3.6267e+01 -2.0213e+03 2.2734e+03 4.5744e+01 3.4756e+03
-3.5109e+06 3.6320e+01 -1.9901e+03 2.3013e+03 -2.5111e+01 3.4749e+03
-4.5542e+06 3.6327e+01 -1.9584e+03 2.3290e+03 -4.5951e+01 3.4722e+03
-4.6203e+06 3.6319e+01 -1.9260e+03 2.3565e+03 -1.3513e+01 3.4716e+03
-5.0476e+06 3.6317e+01 -1.8930e+03 2.3839e+03 -2.8555e+01 3.4691e+03
-4.6394e+06 3.6328e+01 -1.8593e+03 2.4112e+03 1.1316e+00 3.4664e+03
-5.1084e+06 3.6355e+01 -1.8250e+03 2.4382e+03 -3.1251e+01 3.4637e+03
-4.8303e+06 3.6398e+01 -1.7900e+03 2.4650e+03 -1.3454e+01 3.4610e+03
-5.1859e+06 3.6460e+01 -1.7544e+03 2.4916e+03 -6.3021e+01 3.4580e+03
-5.0606e+06 3.6588e+01 -1.7182e+03 2.5180e+03 -9.1715e+01 3.4533e+03
-4.5484e+06 3.6802e+01 -1.6813e+03 2.5440e+03 -2.1169e+02 3.4495e+03
-3.3017e+06 3.7016e+01 -1.6437e+03 2.5698e+03 -3.6322e+01 3.4510e+03
-8.3822e+05 3.7303e+01 -1.6056e+03 2.5952e+03 2.1635e+01 3.4332e+03
-4.4257e+05 3.8091e+01 -1.5668e+03 2.6203e+03 -3.6562e+01 3.4478e+03
2.4535e+06 3.7792e+01 -1.5273e+03 2.6451e+03 -3.2756e+02 3.4505e+03
-8.1772e+05 2.6242e+01 -2.5028e+03 1.7695e+03 2.2943e+01 3.4090e+03
-3.5413e+05 2.6239e+01 -2.4819e+03 1.7968e+03 2.0010e+01 3.4131e+03
-1.0204e+05 2.6237e+01 -2.4604e+03 1.8243e+03 1.3595e+01 3.4143e+03
2.5421e+04 2.6238e+01 -2.4385e+03 1.8519e+03 1.2161e+01 3.4187e+03
-1.3268e+04 2.6241e+01 -2.4161e+03 1.8797e+03 6.1760e+00 3.4216e+03
-1.3326e+05 2.6244e+01 -2.3932e+03 1.9075e+03 5.1391e-01 3.4246e+03
-1.4320e+05 2.6245e+01 -2.3697e+03 1.9355e+03 -3.6442e-01 3.4270e+03
-1.6984e+05 2.6245e+01 -2.3457e+03 1.9636e+03 -1.9195e-01 3.4292e+03
-3.0997e+05 2.6243e+01 -2.3211e+03 1.9917e+03 -1.1385e-01 3.4311e+03
-2.9517e+05 2.6238e+01 -2.2960e+03 2.0200e+03 1.3357e+01 3.4326e+03
-2.6526e+05 2.6232e+01 -2.2703e+03 2.0482e+03 3.1600e+01 3.4336e+03
-9.9099e+05 2.6211e+01 -2.2441e+03 2.0765e+03 3.6870e+01 3.4354e+03
-1.9368e+06 2.6973e+01 -2.2172e+03 2.1049e+03 8.4169e+00 3.4370e+03
-2.9131e+06 3.0295e+01 -2.1898e+03 2.1332e+03 -1.8441e+01 3.4358e+03
-3.4432e+06 3.4588e+01 -2.1618e+03 2.1616e+03 -3.7918e+01 3.4349e+03
-3.7831e+06 3.6333e+01 -2.1331e+03 2.1899e+03 -5.1436e+01 3.4371e+03
-3.2952e+06 3.6288e+01 -2.1039e+03 2.2182e+03 -1.7031e+01 3.4367e+03
-2.4845e+06 3.6232e+01 -2.0740e+03 2.2465e+03 7.5155e+01 3.4341e+03
-2.6219e+06 3.6246e+01 -2.0435e+03 2.2747e+03 6.9594e+01 3.4332e+03
-3.4804e+06 3.6302e+01 -2.0123e+03 2.3028e+03 -7.0356e+00 3.4335e+03
-4.2030e+06 3.6320e+01 -1.9805e+03 2.3308e+03 -4.2886e+01 3.4308e+03
-4.2533e+06 3.6313e+01 -1.9481e+03 2.3586e+03 -1.0505e+01 3.4293e+03
-4.5816e+06 3.6313e+01 -1.9150e+03 2.3864e+03 -1.4466e+01 3.4270e+03
-4.5868e+06 3.6323e+01 -1.8812e+03 2.4139e+03 -1.8977e+00 3.4249e+03
-5.1247e+06 3.6341e+01 -1.8468e+03 2.4413e+03 -2.1068e+01 3.4215e+03
-4.8278e+06 3.6368e+01 -1.8117e+03 2.4684e+03 -1.4516e+01 3.4195e+03
-5.5072e+06 3.6408e+01 -1.7760e+03 2.4954e+03 -4.3645e+01 3.4156e+03
-4.3531e+06 3.6486e+01 -1.7396e+03 2.5221e+03 -3.7600e+01 3.4127e+03
-5.5070e+06 3.6643e+01 -1.7025e+03 2.5485e+03 -1.5446e+02 3.4053e+03
-2.8817e+06 3.6870e+01 -1.6647e+03 2.5746e+03 -1.4812e+02 3.4085e+03
-3.1751e+06 3.7064e+01 -1.6263e+03 2.6004e+03 7.5752e+00 3.4018e+03
1.6227e+06 3.7520e+01 -1.5872e+03 2.6259e+03 8.8326e+01 3.3874e+03
-9.6720e+05 3.8137e+01 -1.5475e+03 2.6510e+03 -2.0418e+02 3.3900e+03
