  1    1089
-6.6151e+06 3.6348e+01 2.7965e+03 4.9961e+02 -6.4923e+01 8.5200e+03
-6.3116e+06 3.6341e+01 2.7962e+03 5.3073e+02 -4.2810e+01 8.5243e+03
-6.1690e+06 3.6337e+01 2.7961e+03 5.6201e+02 -2.1114e+01 8.5055e+03
-5.8173e+06 3.6333e+01 2.7959e+03 5.9345e+02 1.8721e+00 8.5059e+03
-5.9409e+06 3.6329e+01 2.7957e+03 6.2504e+02 7.4414e+00 8.4899e+03
-6.1616e+06 3.6324e+01 2.7955e+03 6.5677e+02 -4.5935e+00 8.4861e+03
-6.4553e+06 3.6321e+01 2.7954e+03 6.8863e+02 -1.0626e+01 8.4658e+03
-6.0800e+06 3.6318e+01 2.7952e+03 7.2060e+02 3.7832e+00 8.4695e+03
-6.2944e+06 3.6317e+01 2.7951e+03 7.5268e+02 6.4873e+00 8.4471e+03
-6.4161e+06 3.6315e+01 2.7949e+03 7.8485e+02 -1.3384e+00 8.4425e+03
-6.5180e+06 3.6315e+01 2.7948e+03 8.1712e+02 -4.4516e+00 8.4244e+03
-6.6447e+06 3.6314e+01 2.7947e+03 8.4947e+02 -8.9790e+00 8.4166e+03
-6.7041e+06 3.6312e+01 2.7945e+03 8.8188e+02 -9.6537e+00 8.3976e+03
-6.5935e+06 3.6310e+01 2.7944e+03 9.1436e+02 -1.9076e+00 8.3908e+03
-6.6066e+06 3.6308e+01 2.7943e+03 9.4690e+02 2.6188e+00 8.3709e+03
-6.6440e+06 3.6308e+01 2.7942e+03 9.7948e+02 2.5034e+00 8.3598e+03
-6.6063e+06 3.6308e+01 2.7941e+03 1.0121e+03 1.8316e+00 8.3417e+03
-6.6298e+06 3.6307e+01 2.7940e+03 1.0448e+03 1.7364e+00 8.3280e+03
-6.5958e+06 3.6305e+01 2.7939e+03 1.0774e+03 5.1297e+00 8.3088e+03
-6.6121e+06 3.6305e+01 2.7938e+03 1.1101e+03 5.0625e+00 8.2941e+03
-6.6312e+06 3.6307e+01 2.7937e+03 1.1428e+03 4.2466e-01 8.2736e+03
-6.6210e+06 3.6306e+01 2.7937e+03 1.1755e+03 1.1249e+00 8.2581e+03
-6.6246e+06 3.6303e+01 2.7936e+03 1.2082e+03 2.8166e+00 8.2368e+03
-6.6147e+06 3.6302e+01 2.7935e+03 1.2409e+03 3.0256e+00 8.2199e+03
-6.6182e+06 3.6300e+01 2.7934e+03 1.2735e+03 3.6674e+00 8.1979e+03
-6.6378e+06 3.6301e+01 2.7934e+03 1.3061e+03 2.7673e+00 8.1793e+03
-6.6822e+06 3.6305e+01 2.7933e+03 1.3387e+03 8.0910e-02 8.1563e+03
-6.7096e+06 3.6308e+01 2.7932e+03 1.3712e+03 -2.0814e+00 8.1371e+03
-6.7196e+06 3.6307e+01 2.7932e+03 1.4037e+03 -6.3815e-01 8.1134e+03
-6.7053e+06 3.6304e+01 2.7931e+03 1.4361e+03 5.1676e+00 8.0900e+03
-6.7311e+06 3.6302e+01 2.7930e+03 1.4685e+03 5.8027e+00 8.0655e+03
-6.7561e+06 3.6305e+01 2.7930e+03 1.5007e+03 1.2730e+00 8.0406e+03
-6.7999e+06 3.6305e+01 2.7929e+03 1.5329e+03 9.0591e-01 8.0172e+03
-5.1977e+06 3.6331e+01 2.7812e+03 4.2011e+02 3.9579e+01 8.5597e+03
-5.6162e+06 3.6326e+01 2.7815e+03 4.5405e+02 2.5248e+01 8.5627e+03
-5.8649e+06 3.6322e+01 2.7817e+03 4.8801e+02 7.9814e+00 8.5412e+03
-6.2838e+06 3.6319e+01 2.7820e+03 5.2198e+02 -6.3051e+00 8.5369e+03
-6.2820e+06 3.6317e+01 2.7822e+03 5.5598e+02 -8.1909e+00 8.5256e+03
-6.2306e+06 3.6315e+01 2.7824e+03 5.8999e+02 3.3616e+00 8.5192e+03
-6.1024e+06 3.6313e+01 2.7826e+03 6.2402e+02 8.2818e+00 8.5044e+03
-6.5159e+06 3.6311e+01 2.7828e+03 6.5807e+02 -2.2945e+00 8.4994e+03
-6.4322e+06 3.6310e+01 2.7830e+03 6.9213e+02 -3.0644e+00 8.4838e+03
-6.4396e+06 3.6310e+01 2.7831e+03 7.2620e+02 4.1309e+00 8.4757e+03
-6.4309e+06 3.6310e+01 2.7833e+03 7.6028e+02 7.2168e+00 8.4613e+03
-6.4090e+06 3.6309e+01 2.7835e+03 7.9437e+02 1.1787e+01 8.4508e+03
-6.4166e+06 3.6308e+01 2.7836e+03 8.2845e+02 1.2461e+01 8.4346e+03
-6.5566e+06 3.6307e+01 2.7837e+03 8.6254e+02 7.5410e+00 8.4235e+03
-6.5760e+06 3.6305e+01 2.7839e+03 8.9662e+02 5.8550e+00 8.4069e+03
-6.5836e+06 3.6305e+01 2.7840e+03 9.3069e+02 6.3918e+00 8.3934e+03
-6.6294e+06 3.6305e+01 2.7841e+03 9.6474e+02 4.3257e+00 8.3768e+03
-6.6050e+06 3.6304e+01 2.7843e+03 9.9877e+02 5.5074e+00 8.3616e+03
-6.5936e+06 3.6302e+01 2.7844e+03 1.0328e+03 1.0495e+01 8.3440e+03
-6.5882e+06 3.6302e+01 2.7845e+03 1.0668e+03 1.0773e+01 8.3279e+03
-6.6142e+06 3.6304e+01 2.7846e+03 1.1007e+03 6.1484e+00 8.3091e+03
-6.6379e+06 3.6305e+01 2.7847e+03 1.1346e+03 4.6808e+00 8.2917e+03
-6.6248e+06 3.6304e+01 2.7848e+03 1.1685e+03 6.0005e+00 8.2715e+03
-6.6293e+06 3.6302e+01 2.7849e+03 1.2023e+03 6.4833e+00 8.2529e+03
-6.6267e+06 3.6300e+01 2.7850e+03 1.2360e+03 7.2986e+00 8.2320e+03
-6.6410e+06 3.6299e+01 2.7850e+03 1.2697e+03 7.4687e+00 8.2121e+03
-6.6717e+06 3.6302e+01 2.7851e+03 1.3033e+03 5.8449e+00 8.1903e+03
-6.7038e+06 3.6305e+01 2.7852e+03 1.3368e+03 4.1710e+00 8.1697e+03
-6.7158e+06 3.6305e+01 2.7853e+03 1.3703e+03 5.7543e+00 8.1471e+03
-6.7027e+06 3.6301e+01 2.7854e+03 1.4036e+03 1.2175e+01 8.1230e+03
-6.7114e+06 3.6300e+01 2.7854e+03 1.4369e+03 1.1569e+01 8.1007e+03
-6.7584e+06 3.6304e+01 2.7855e+03 1.4701e+03 4.1186e+00 8.0689e+03
-6.7802e+06 3.6305e+01 2.7856e+03 1.5032e+03 3.5162e+00 8.0524e+03
-6.4771e+06 3.6318e+01 2.7634e+03 3.4191e+02 -3.6136e+01 8.5970e+03
-6.2563e+06 3.6317e+01 2.7643e+03 3.7862e+02 -2.2505e+01 8.6027e+03
-6.2221e+06 3.6317e+01 2.7651e+03 4.1520e+02 -8.3555e+00 8.5820e+03
-5.9773e+06 3.6316e+01 2.7659e+03 4.5165e+02 5.7011e+00 8.5739e+03
-6.1043e+06 3.6314e+01 2.7667e+03 4.8801e+02 7.8650e+00 8.5655e+03
-6.2283e+06 3.6313e+01 2.7674e+03 5.2426e+02 -8.8472e-01 8.5555e+03
-6.4477e+06 3.6312e+01 2.7680e+03 5.6043e+02 -3.7743e+00 8.5465e+03
-6.2029e+06 3.6311e+01 2.7687e+03 5.9651e+02 4.8687e+00 8.5347e+03
-6.3728e+06 3.6311e+01 2.7693e+03 6.3252e+02 4.5518e+00 8.5245e+03
-6.4380e+06 3.6310e+01 2.7698e+03 6.6845e+02 -1.7277e-01 8.5122e+03
-6.5269e+06 3.6311e+01 2.7704e+03 7.0431e+02 -1.8198e+00 8.5003e+03
-6.5966e+06 3.6310e+01 2.7709e+03 7.4011e+02 -4.5854e+00 8.4872e+03
-6.6490e+06 3.6309e+01 2.7713e+03 7.7584e+02 -4.7710e+00 8.4743e+03
-6.5738e+06 3.6309e+01 2.7718e+03 8.1151e+02 -9.9323e-01 8.4598e+03
-6.5959e+06 3.6308e+01 2.7722e+03 8.4711e+02 6.0670e-01 8.4457e+03
-6.6099e+06 3.6307e+01 2.7726e+03 8.8264e+02 9.6213e-01 8.4303e+03
-6.5980e+06 3.6308e+01 2.7730e+03 9.1810e+02 1.2357e+00 8.4147e+03
-6.6149e+06 3.6308e+01 2.7734e+03 9.5350e+02 7.2549e-01 8.3984e+03
-6.6119e+06 3.6307e+01 2.7738e+03 9.8882e+02 1.4269e+00 8.3817e+03
-6.6239e+06 3.6307e+01 2.7741e+03 1.0241e+03 1.4194e+00 8.3641e+03
-6.6414e+06 3.6308e+01 2.7745e+03 1.0592e+03 2.7204e-01 8.3463e+03
-6.6373e+06 3.6308e+01 2.7748e+03 1.0943e+03 4.3656e-01 8.3277e+03
-6.6551e+06 3.6308e+01 2.7751e+03 1.1293e+03 5.0163e-01 8.3087e+03
-6.6489e+06 3.6307e+01 2.7754e+03 1.1643e+03 8.4329e-01 8.2888e+03
-6.6574e+06 3.6306e+01 2.7757e+03 1.1991e+03 1.4930e+00 8.2687e+03
-6.6707e+06 3.6305e+01 2.7759e+03 1.2338e+03 1.2957e+00 8.2476e+03
-6.6998e+06 3.6307e+01 2.7762e+03 1.2685e+03 4.2269e-01 8.2264e+03
-6.7139e+06 3.6308e+01 2.7765e+03 1.3030e+03 -1.0726e-01 8.2046e+03
-6.7238e+06 3.6308e+01 2.7767e+03 1.3374e+03 8.5214e-01 8.1832e+03
-6.7270e+06 3.6306e+01 2.7769e+03 1.3717e+03 3.1952e+00 8.1580e+03
-6.7548e+06 3.6306e+01 2.7772e+03 1.4059e+03 1.7783e+00 8.1371e+03
-6.7590e+06 3.6306e+01 2.7774e+03 1.4400e+03 3.1058e-02 8.0974e+03
-6.7900e+06 3.6304e+01 2.7776e+03 1.4739e+03 1.9337e+00 8.0849e+03
-5.5696e+06 3.6314e+01 2.7431e+03 2.6527e+02 2.3295e+01 8.6330e+03
-5.8684e+06 3.6313e+01 2.7448e+03 3.0466e+02 1.4075e+01 8.6397e+03
-6.0154e+06 3.6313e+01 2.7463e+03 3.4378e+02 3.7615e-01 8.6182e+03
-6.3168e+06 3.6312e+01 2.7478e+03 3.8266e+02 -8.8316e+00 8.6112e+03
-6.3076e+06 3.6311e+01 2.7492e+03 4.2130e+02 -8.7639e+00 8.6023e+03
-6.3095e+06 3.6311e+01 2.7505e+03 4.5974e+02 -9.7432e-01 8.5927e+03
-6.2231e+06 3.6310e+01 2.7517e+03 4.9799e+02 3.8440e-01 8.5824e+03
-6.5118e+06 3.6310e+01 2.7529e+03 5.3606e+02 -6.7624e+00 8.5721e+03
-6.4556e+06 3.6310e+01 2.7539e+03 5.7397e+02 -7.4208e+00 8.5607e+03
-6.4830e+06 3.6310e+01 2.7550e+03 6.1172e+02 -3.3434e+00 8.5490e+03
-6.4693e+06 3.6311e+01 2.7559e+03 6.4933e+02 -8.8659e-01 8.5366e+03
-6.4719e+06 3.6310e+01 2.7569e+03 6.8681e+02 2.1545e+00 8.5237e+03
-6.4724e+06 3.6310e+01 2.7577e+03 7.2415e+02 1.8405e+00 8.5101e+03
-6.5729e+06 3.6309e+01 2.7586e+03 7.6136e+02 -1.3118e+00 8.4961e+03
-6.5801e+06 3.6308e+01 2.7594e+03 7.9845e+02 -1.9978e+00 8.4814e+03
-6.5955e+06 3.6308e+01 2.7601e+03 8.3542e+02 -1.5933e+00 8.4663e+03
-6.6221e+06 3.6308e+01 2.7608e+03 8.7227e+02 -2.4568e+00 8.4504e+03
-6.6249e+06 3.6308e+01 2.7615e+03 9.0900e+02 -3.1017e+00 8.4341e+03
-6.6324e+06 3.6308e+01 2.7622e+03 9.4562e+02 -3.3245e+00 8.4171e+03
-6.6381e+06 3.6308e+01 2.7628e+03 9.8212e+02 -3.0817e+00 8.3995e+03
-6.6416e+06 3.6308e+01 2.7634e+03 1.0185e+03 -2.7826e+00 8.3813e+03
-6.6626e+06 3.6308e+01 2.7640e+03 1.0548e+03 -2.8066e+00 8.3627e+03
-6.6561e+06 3.6309e+01 2.7645e+03 1.0909e+03 -2.5055e+00 8.3433e+03
-6.6732e+06 3.6309e+01 2.7651e+03 1.1269e+03 -2.3572e+00 8.3236e+03
-6.6763e+06 3.6309e+01 2.7656e+03 1.1628e+03 -2.2086e+00 8.3031e+03
-6.6923e+06 3.6309e+01 2.7661e+03 1.1986e+03 -2.2287e+00 8.2821e+03
-6.7041e+06 3.6309e+01 2.7665e+03 1.2342e+03 -2.5430e+00 8.2604e+03
-6.7272e+06 3.6309e+01 2.7670e+03 1.2697e+03 -2.9444e+00 8.2385e+03
-6.7394e+06 3.6309e+01 2.7674e+03 1.3051e+03 -2.6180e+00 8.2167e+03
-6.7560e+06 3.6309e+01 2.7679e+03 1.3403e+03 -2.0865e+00 8.1915e+03
-6.7613e+06 3.6308e+01 2.7683e+03 1.3754e+03 -3.1005e+00 8.1700e+03
-6.7752e+06 3.6305e+01 2.7687e+03 1.4104e+03 -1.3619e+00 8.1305e+03
-6.7804e+06 3.6301e+01 2.7690e+03 1.4452e+03 3.2199e+00 8.1174e+03
-6.3819e+06 3.6307e+01 2.7203e+03 1.9042e+02 -1.9820e+01 8.6700e+03
-6.2532e+06 3.6308e+01 2.7229e+03 2.3240e+02 -1.3230e+01 8.6765e+03
-6.2555e+06 3.6309e+01 2.7253e+03 2.7397e+02 -5.0473e+00 8.6547e+03
-6.1083e+06 3.6308e+01 2.7276e+03 3.1517e+02 4.1097e+00 8.6474e+03
-6.2211e+06 3.6309e+01 2.7297e+03 3.5604e+02 4.9953e+00 8.6384e+03
-6.3010e+06 3.6308e+01 2.7317e+03 3.9659e+02 -6.4476e-01 8.6288e+03
-6.4538e+06 3.6308e+01 2.7336e+03 4.3686e+02 -1.3984e+00 8.6188e+03
-6.2975e+06 3.6308e+01 2.7354e+03 4.7686e+02 2.9373e+00 8.6079e+03
-6.4239e+06 3.6309e+01 2.7371e+03 5.1662e+02 2.1752e+00 8.5966e+03
-6.4628e+06 3.6309e+01 2.7386e+03 5.5614e+02 -6.2646e-01 8.5848e+03
-6.5346e+06 3.6309e+01 2.7401e+03 5.9545e+02 -1.7551e+00 8.5724e+03
-6.5750e+06 3.6308e+01 2.7415e+03 6.3456e+02 -3.7920e+00 8.5594e+03
-6.6185e+06 3.6307e+01 2.7429e+03 6.7347e+02 -3.9156e+00 8.5459e+03
-6.5676e+06 3.6307e+01 2.7441e+03 7.1219e+02 -1.5118e+00 8.5316e+03
-6.5906e+06 3.6306e+01 2.7453e+03 7.5073e+02 -3.8337e-01 8.5169e+03
-6.5961e+06 3.6306e+01 2.7465e+03 7.8911e+02 -9.6096e-02 8.5015e+03
-6.5978e+06 3.6306e+01 2.7476e+03 8.2731e+02 4.5824e-01 8.4855e+03
-6.6122e+06 3.6306e+01 2.7486e+03 8.6536e+02 1.8353e-01 8.4690e+03
-6.6264e+06 3.6306e+01 2.7496e+03 9.0324e+02 -1.5784e-01 8.4519e+03
-6.6365e+06 3.6307e+01 2.7505e+03 9.4096e+02 -3.6530e-01 8.4342e+03
-6.6510e+06 3.6307e+01 2.7514e+03 9.7853e+02 -2.8874e-01 8.4159e+03
-6.6465e+06 3.6307e+01 2.7523e+03 1.0159e+03 -1.0045e-01 8.3970e+03
-6.6691e+06 3.6308e+01 2.7531e+03 1.0532e+03 -1.8625e-01 8.3776e+03
-6.6667e+06 3.6308e+01 2.7539e+03 1.0903e+03 3.5202e-02 8.3575e+03
-6.6826e+06 3.6308e+01 2.7547e+03 1.1273e+03 1.8694e-01 8.3369e+03
-6.6917e+06 3.6308e+01 2.7554e+03 1.1640e+03 7.1967e-02 8.3157e+03
-6.7086e+06 3.6308e+01 2.7561e+03 1.2007e+03 9.3534e-02 8.2939e+03
-6.7160e+06 3.6308e+01 2.7568e+03 1.2371e+03 2.0360e-01 8.2717e+03
-6.7344e+06 3.6308e+01 2.7575e+03 1.2734e+03 6.4127e-01 8.2498e+03
-6.7523e+06 3.6307e+01 2.7581e+03 1.3096e+03 7.3366e-01 8.2243e+03
-6.7753e+06 3.6306e+01 2.7587e+03 1.3456e+03 -9.6209e-01 8.2027e+03
-6.7604e+06 3.6302e+01 2.7593e+03 1.3814e+03 1.3871e+00 8.1630e+03
-6.7674e+06 3.6298e+01 2.7599e+03 1.4170e+03 6.5136e+00 8.1496e+03
-5.8075e+06 3.6306e+01 2.6951e+03 1.1759e+02 1.8087e+01 8.7061e+03
-6.0185e+06 3.6306e+01 2.6988e+03 1.6203e+02 1.1872e+01 8.7128e+03
-6.1213e+06 3.6307e+01 2.7022e+03 2.0595e+02 3.4176e+00 8.6909e+03
-6.3463e+06 3.6307e+01 2.7054e+03 2.4938e+02 -2.9437e+00 8.6837e+03
-6.3747e+06 3.6308e+01 2.7084e+03 2.9238e+02 -8.1875e+00 8.6748e+03
-6.3996e+06 3.6309e+01 2.7112e+03 3.3496e+02 -3.7735e+00 8.6651e+03
-6.3140e+06 3.6308e+01 2.7138e+03 3.7718e+02 1.7888e+00 8.6549e+03
-6.5014e+06 3.6308e+01 2.7163e+03 4.1904e+02 -1.3228e+00 8.6441e+03
-6.4648e+06 3.6309e+01 2.7186e+03 4.6058e+02 -2.1259e+00 8.6327e+03
-6.4973e+06 3.6309e+01 2.7208e+03 5.0182e+02 5.4529e-01 8.6208e+03
-6.4854e+06 3.6309e+01 2.7229e+03 5.4277e+02 1.6427e+00 8.6082e+03
-6.4990e+06 3.6308e+01 2.7248e+03 5.8346e+02 3.2454e+00 8.5951e+03
-6.4955e+06 3.6307e+01 2.7267e+03 6.2389e+02 2.9959e+00 8.5814e+03
-6.5680e+06 3.6307e+01 2.7284e+03 6.6408e+02 1.1575e+00 8.5672e+03
-6.5700e+06 3.6306e+01 2.7301e+03 7.0404e+02 7.0490e-01 8.5523e+03
-6.5911e+06 3.6306e+01 2.7317e+03 7.4378e+02 7.1392e-01 8.5368e+03
-6.6080e+06 3.6306e+01 2.7332e+03 7.8331e+02 1.5433e-01 8.5207e+03
-6.6195e+06 3.6306e+01 2.7346e+03 8.2263e+02 1.6322e-01 8.5041e+03
-6.6238e+06 3.6307e+01 2.7360e+03 8.6175e+02 4.1633e-01 8.4868e+03
-6.6350e+06 3.6307e+01 2.7373e+03 9.0067e+02 6.5348e-01 8.4689e+03
-6.6381e+06 3.6307e+01 2.7385e+03 9.3939e+02 5.7712e-01 8.4505e+03
-6.6617e+06 3.6308e+01 2.7397e+03 9.7793e+02 3.3475e-01 8.4314e+03
-6.6557e+06 3.6308e+01 2.7409e+03 1.0163e+03 5.7723e-01 8.4118e+03
-6.6771e+06 3.6308e+01 2.7420e+03 1.0544e+03 6.8672e-01 8.3915e+03
-6.6772e+06 3.6308e+01 2.7430e+03 1.0924e+03 9.6064e-01 8.3707e+03
-6.6889e+06 3.6307e+01 2.7440e+03 1.1302e+03 1.4890e+00 8.3493e+03
-6.6963e+06 3.6306e+01 2.7450e+03 1.1678e+03 1.5751e+00 8.3273e+03
-6.7206e+06 3.6307e+01 2.7459e+03 1.2052e+03 1.0961e+00 8.3050e+03
-6.7342e+06 3.6307e+01 2.7468e+03 1.2424e+03 1.2387e+00 8.2828e+03
-6.7544e+06 3.6306e+01 2.7477e+03 1.2795e+03 1.7947e+00 8.2570e+03
-6.7668e+06 3.6306e+01 2.7485e+03 1.3163e+03 -7.2491e-01 8.2353e+03
-6.7814e+06 3.6303e+01 2.7493e+03 1.3530e+03 -4.9761e-01 8.1955e+03
-6.7825e+06 3.6298e+01 2.7501e+03 1.3894e+03 4.7563e+00 8.1817e+03
-6.3471e+06 3.6303e+01 2.6677e+03 4.6992e+01 -1.0685e+01 8.7426e+03
-6.2753e+06 3.6305e+01 2.6726e+03 9.3765e+01 -7.2406e+00 8.7496e+03
-6.3123e+06 3.6307e+01 2.6771e+03 1.3990e+02 -3.8758e+00 8.7272e+03
-6.2318e+06 3.6307e+01 2.6813e+03 1.8546e+02 8.1169e-01 8.7199e+03
-6.3380e+06 3.6308e+01 2.6853e+03 2.3048e+02 -1.5763e+00 8.7108e+03
-6.3846e+06 3.6309e+01 2.6889e+03 2.7500e+02 -5.3418e+00 8.7011e+03
-6.4770e+06 3.6308e+01 2.6924e+03 3.1908e+02 -1.9519e+00 8.6909e+03
-6.3680e+06 3.6309e+01 2.6956e+03 3.6272e+02 1.9611e+00 8.6800e+03
-6.4657e+06 3.6310e+01 2.6987e+03 4.0598e+02 1.1451e+00 8.6686e+03
-6.4870e+06 3.6310e+01 2.7016e+03 4.4886e+02 -4.7579e-01 8.6565e+03
-6.5456e+06 3.6309e+01 2.7043e+03 4.9140e+02 -1.3104e+00 8.6440e+03
-6.5656e+06 3.6308e+01 2.7068e+03 5.3361e+02 -2.6581e+00 8.6308e+03
-6.6020e+06 3.6307e+01 2.7093e+03 5.7552e+02 -2.5540e+00 8.6170e+03
-6.5645e+06 3.6307e+01 2.7115e+03 6.1713e+02 -9.0133e-01 8.6026e+03
-6.5887e+06 3.6307e+01 2.7137e+03 6.5846e+02 -2.4551e-01 8.5875e+03
-6.5889e+06 3.6307e+01 2.7158e+03 6.9952e+02 -1.5744e-01 8.5719e+03
-6.5994e+06 3.6307e+01 2.7178e+03 7.4033e+02 1.2744e-01 8.5557e+03
-6.6079e+06 3.6307e+01 2.7196e+03 7.8089e+02 -4.6301e-02 8.5389e+03
-6.6274e+06 3.6307e+01 2.7214e+03 8.2120e+02 -2.5258e-01 8.5215e+03
-6.6362e+06 3.6308e+01 2.7231e+03 8.6129e+02 -4.2887e-01 8.5035e+03
-6.6537e+06 3.6308e+01 2.7247e+03 9.0114e+02 -2.7663e-01 8.4849e+03
-6.6497e+06 3.6309e+01 2.7263e+03 9.4077e+02 -2.0303e-01 8.4657e+03
-6.6745e+06 3.6309e+01 2.7278e+03 9.8019e+02 -2.8719e-01 8.4458e+03
-6.6690e+06 3.6308e+01 2.7292e+03 1.0194e+03 2.4175e-02 8.4254e+03
-6.6850e+06 3.6307e+01 2.7306e+03 1.0584e+03 1.3394e-01 8.4045e+03
-6.6915e+06 3.6305e+01 2.7319e+03 1.0971e+03 -9.1209e-02 8.3829e+03
-6.7047e+06 3.6304e+01 2.7331e+03 1.1357e+03 6.1041e-02 8.3607e+03
-6.7124e+06 3.6305e+01 2.7343e+03 1.1740e+03 3.8691e-01 8.3381e+03
-6.7340e+06 3.6306e+01 2.7355e+03 1.2121e+03 9.2897e-01 8.3157e+03
-6.7575e+06 3.6305e+01 2.7366e+03 1.2500e+03 1.1454e+00 8.2897e+03
-6.7851e+06 3.6305e+01 2.7377e+03 1.2877e+03 -1.6454e+00 8.2678e+03
-6.7863e+06 3.6303e+01 2.7387e+03 1.3252e+03 -1.0737e+00 8.2275e+03
-6.7986e+06 3.6311e+01 2.7397e+03 1.3625e+03 3.9306e+00 8.2136e+03
-5.9952e+06 3.6304e+01 2.6381e+03 -2.1173e+01 1.2197e+01 8.7785e+03
-6.1530e+06 3.6305e+01 2.6443e+03 2.7775e+01 7.8025e+00 8.7858e+03
-6.2303e+06 3.6306e+01 2.6500e+03 7.5996e+01 6.9395e-01 8.7632e+03
-6.3864e+06 3.6306e+01 2.6554e+03 1.2355e+02 -1.9338e+00 8.7560e+03
-6.3822e+06 3.6307e+01 2.6604e+03 1.7048e+02 -2.0232e+00 8.7468e+03
-6.4166e+06 3.6308e+01 2.6650e+03 2.1685e+02 4.4434e-01 8.7371e+03
-6.3750e+06 3.6308e+01 2.6694e+03 2.6268e+02 1.0399e+00 8.7267e+03
-6.5185e+06 3.6309e+01 2.6735e+03 3.0803e+02 -1.7672e+00 8.7158e+03
-6.4927e+06 3.6310e+01 2.6773e+03 3.5292e+02 -2.2823e+00 8.7044e+03
-6.5273e+06 3.6310e+01 2.6809e+03 3.9738e+02 -5.7390e-01 8.6922e+03
-6.5120e+06 3.6309e+01 2.6843e+03 4.4143e+02 2.0978e-01 8.6795e+03
-6.5300e+06 3.6308e+01 2.6876e+03 4.8511e+02 1.4287e+00 8.6662e+03
-6.5208e+06 3.6307e+01 2.6906e+03 5.2843e+02 1.4841e+00 8.6523e+03
-6.5772e+06 3.6307e+01 2.6935e+03 5.7140e+02 4.8572e-01 8.6378e+03
-6.5744e+06 3.6307e+01 2.6962e+03 6.1405e+02 1.3355e-01 8.6227e+03
-6.6004e+06 3.6307e+01 2.6988e+03 6.5640e+02 -4.3747e-02 8.6069e+03
-6.6094e+06 3.6307e+01 2.7013e+03 6.9844e+02 -5.0976e-01 8.5906e+03
-6.6271e+06 3.6307e+01 2.7037e+03 7.4020e+02 -5.3678e-01 8.5737e+03
-6.6265e+06 3.6308e+01 2.7059e+03 7.8168e+02 -3.0888e-01 8.5561e+03
-6.6404e+06 3.6308e+01 2.7080e+03 8.2289e+02 -6.7683e-02 8.5379e+03
-6.6416e+06 3.6308e+01 2.7101e+03 8.6384e+02 -1.3830e-01 8.5192e+03
-6.6680e+06 3.6308e+01 2.7120e+03 9.0453e+02 -3.5732e-01 8.4998e+03
-6.6580e+06 3.6308e+01 2.7139e+03 9.4498e+02 6.4642e-02 8.4798e+03
-6.6828e+06 3.6307e+01 2.7157e+03 9.8518e+02 2.5680e-01 8.4592e+03
-6.6792e+06 3.6305e+01 2.7174e+03 1.0251e+03 3.6697e-03 8.4380e+03
-6.6913e+06 3.6302e+01 2.7190e+03 1.0648e+03 -2.6632e-01 8.4162e+03
-6.6989e+06 3.6301e+01 2.7206e+03 1.1043e+03 -1.6759e-01 8.3939e+03
-6.7279e+06 3.6302e+01 2.7221e+03 1.1436e+03 5.5498e-01 8.3712e+03
-6.7406e+06 3.6304e+01 2.7235e+03 1.1826e+03 1.7365e+00 8.3484e+03
-6.7631e+06 3.6304e+01 2.7249e+03 1.2213e+03 2.6457e+00 8.3222e+03
-6.7778e+06 3.6304e+01 2.7262e+03 1.2599e+03 3.8557e-01 8.3000e+03
-6.8000e+06 3.6335e+01 2.7275e+03 1.2982e+03 1.6739e+00 8.2593e+03
-6.8308e+06 3.6134e+01 2.7288e+03 1.3362e+03 5.0762e+00 8.2455e+03
-6.3740e+06 3.6304e+01 2.6066e+03 -8.6732e+01 -7.2278e+00 8.8146e+03
-6.3189e+06 3.6305e+01 2.6141e+03 -3.5769e+01 -5.0336e+00 8.8222e+03
-6.3561e+06 3.6306e+01 2.6212e+03 1.4388e+01 -2.1861e+00 8.7991e+03
-6.2848e+06 3.6306e+01 2.6277e+03 6.3802e+01 2.4287e+00 8.7918e+03
-6.3597e+06 3.6306e+01 2.6338e+03 1.1253e+02 3.4185e+00 8.7826e+03
-6.3874e+06 3.6307e+01 2.6395e+03 1.6062e+02 7.4870e-01 8.7728e+03
-6.4908e+06 3.6308e+01 2.6448e+03 2.0812e+02 -8.1196e-01 8.7625e+03
-6.4279e+06 3.6310e+01 2.6498e+03 2.5507e+02 7.3223e-01 8.7514e+03
-6.5094e+06 3.6311e+01 2.6545e+03 3.0151e+02 4.2597e-01 8.7399e+03
-6.5168e+06 3.6311e+01 2.6590e+03 3.4746e+02 -5.8387e-01 8.7277e+03
-6.5646e+06 3.6310e+01 2.6631e+03 3.9296e+02 -1.0395e+00 8.7149e+03
-6.5683e+06 3.6308e+01 2.6671e+03 4.3804e+02 -1.7814e+00 8.7015e+03
-6.6003e+06 3.6307e+01 2.6708e+03 4.8270e+02 -1.5617e+00 8.6875e+03
-6.5693e+06 3.6307e+01 2.6743e+03 5.2699e+02 -3.5421e-01 8.6728e+03
-6.5936e+06 3.6307e+01 2.6777e+03 5.7091e+02 1.6271e-01 8.6576e+03
-6.5875e+06 3.6307e+01 2.6808e+03 6.1448e+02 3.5404e-01 8.6417e+03
-6.6025e+06 3.6307e+01 2.6839e+03 6.5771e+02 6.0785e-01 8.6253e+03
-6.6052e+06 3.6308e+01 2.6867e+03 7.0063e+02 4.8714e-01 8.6082e+03
-6.6279e+06 3.6308e+01 2.6894e+03 7.4323e+02 2.1616e-01 8.5905e+03
-6.6355e+06 3.6308e+01 2.6920e+03 7.8553e+02 -5.8794e-02 8.5721e+03
-6.6543e+06 3.6308e+01 2.6945e+03 8.2754e+02 4.2929e-02 8.5532e+03
-6.6487e+06 3.6308e+01 2.6969e+03 8.6926e+02 1.0287e-01 8.5336e+03
-6.6771e+06 3.6308e+01 2.6992e+03 9.1071e+02 1.3943e-01 8.5135e+03
-6.6685e+06 3.6306e+01 2.7013e+03 9.5188e+02 6.1660e-01 8.4927e+03
-6.6883e+06 3.6304e+01 2.7034e+03 9.9278e+02 5.4782e-01 8.4713e+03
-6.6974e+06 3.6301e+01 2.7054e+03 1.0334e+03 7.2377e-01 8.4493e+03
-6.7132e+06 3.6299e+01 2.7073e+03 1.0738e+03 2.2012e+00 8.4268e+03
-6.7255e+06 3.6301e+01 2.7091e+03 1.1139e+03 3.6181e+00 8.4038e+03
-6.7556e+06 3.6303e+01 2.7109e+03 1.1538e+03 3.6283e+00 8.3809e+03
-6.7781e+06 3.6303e+01 2.7125e+03 1.1934e+03 3.4110e+00 8.3544e+03
-6.7959e+06 3.6301e+01 2.7142e+03 1.2327e+03 1.8638e+00 8.3321e+03
-6.7978e+06 3.6338e+01 2.7157e+03 1.2718e+03 4.3871e+00 8.2911e+03
-6.8654e+06 3.5630e+01 2.7172e+03 1.3106e+03 4.0400e+00 8.2769e+03
-6.1414e+06 3.6304e+01 2.5732e+03 -1.4952e+02 7.4044e+00 8.8502e+03
-6.2633e+06 3.6305e+01 2.5822e+03 -9.6720e+01 4.2485e+00 8.8580e+03
-6.2932e+06 3.6306e+01 2.5906e+03 -4.4783e+01 8.5217e-01 8.8346e+03
-6.4100e+06 3.6306e+01 2.5984e+03 6.3520e+00 -9.1645e-01 8.8275e+03
-6.4046e+06 3.6306e+01 2.6057e+03 5.6743e+01 -1.2310e+00 8.8183e+03
-6.4516e+06 3.6308e+01 2.6125e+03 1.0644e+02 -3.7403e-02 8.8084e+03
-6.4287e+06 3.6309e+01 2.6188e+03 1.5550e+02 -6.9379e-02 8.7979e+03
-6.5423e+06 3.6311e+01 2.6248e+03 2.0396e+02 -1.5827e+00 8.7868e+03
-6.5226e+06 3.6312e+01 2.6304e+03 2.5185e+02 -1.3835e+00 8.7752e+03
-6.5561e+06 3.6312e+01 2.6357e+03 2.9921e+02 -3.4327e-01 8.7630e+03
-6.5361e+06 3.6310e+01 2.6407e+03 3.4608e+02 1.1898e-01 8.7501e+03
-6.5546e+06 3.6308e+01 2.6454e+03 3.9248e+02 7.7583e-01 8.7365e+03
-6.5420e+06 3.6308e+01 2.6499e+03 4.3843e+02 9.8811e-01 8.7224e+03
-6.5871e+06 3.6307e+01 2.6541e+03 4.8396e+02 3.6858e-01 8.7077e+03
-6.5823e+06 3.6307e+01 2.6581e+03 5.2909e+02 3.7210e-02 8.6923e+03
-6.6094e+06 3.6307e+01 2.6618e+03 5.7383e+02 -1.9533e-01 8.6763e+03
-6.6131e+06 3.6308e+01 2.6654e+03 6.1821e+02 -4.5219e-01 8.6597e+03
-6.6309e+06 3.6308e+01 2.6688e+03 6.6223e+02 -3.9383e-01 8.6425e+03
-6.6263e+06 3.6308e+01 2.6721e+03 7.0591e+02 -5.7178e-02 8.6246e+03
-6.6375e+06 3.6308e+01 2.6752e+03 7.4926e+02 3.1002e-01 8.6062e+03
-6.6395e+06 3.6308e+01 2.6781e+03 7.9229e+02 2.0897e-01 8.5871e+03
-6.6674e+06 3.6307e+01 2.6810e+03 8.3500e+02 3.7453e-02 8.5673e+03
-6.6574e+06 3.6307e+01 2.6836e+03 8.7741e+02 4.5895e-01 8.5470e+03
-6.6874e+06 3.6305e+01 2.6862e+03 9.1953e+02 9.6107e-01 8.5260e+03
-6.6875e+06 3.6303e+01 2.6887e+03 9.6135e+02 2.5507e+00 8.5045e+03
-6.7071e+06 3.6300e+01 2.6910e+03 1.0029e+03 5.0435e+00 8.4822e+03
-6.7438e+06 3.6301e+01 2.6933e+03 1.0441e+03 5.4941e+00 8.4594e+03
-6.8001e+06 3.6304e+01 2.6955e+03 1.0851e+03 3.4231e+00 8.4363e+03
-6.8157e+06 3.6306e+01 2.6976e+03 1.1258e+03 2.3878e+00 8.4131e+03
-6.8050e+06 3.6303e+01 2.6996e+03 1.1662e+03 4.0481e+00 8.3865e+03
-6.7976e+06 3.6299e+01 2.7015e+03 1.2063e+03 3.9128e+00 8.3640e+03
-6.8289e+06 3.6066e+01 2.7033e+03 1.2462e+03 4.0842e+00 8.3228e+03
-6.9313e+06 3.4850e+01 2.7051e+03 1.2858e+03 1.4245e+00 8.3082e+03
-6.3893e+06 3.6301e+01 2.5381e+03 -2.0942e+02 -1.7083e+00 8.8858e+03
-6.3585e+06 3.6303e+01 2.5486e+03 -1.5495e+02 -1.1027e+00 8.8939e+03
-6.3946e+06 3.6305e+01 2.5584e+03 -1.0139e+02 -8.6001e-01 8.8702e+03
-6.3577e+06 3.6306e+01 2.5676e+03 -4.8686e+01 9.0524e-01 8.8629e+03
-6.4183e+06 3.6307e+01 2.5761e+03 3.2340e+00 1.5477e+00 8.8536e+03
-6.4394e+06 3.6308e+01 2.5840e+03 5.4419e+01 -1.3849e-01 8.8437e+03
-6.5172e+06 3.6309e+01 2.5915e+03 1.0492e+02 -8.5950e-01 8.8332e+03
-6.4787e+06 3.6311e+01 2.5985e+03 1.5477e+02 3.0754e-01 8.8220e+03
-6.5413e+06 3.6312e+01 2.6051e+03 2.0403e+02 4.4031e-01 8.8102e+03
-6.5431e+06 3.6312e+01 2.6113e+03 2.5271e+02 -2.2538e-01 8.7979e+03
-6.5795e+06 3.6310e+01 2.6171e+03 3.0087e+02 -5.8797e-01 8.7850e+03
-6.5777e+06 3.6308e+01 2.6226e+03 3.4851e+02 -1.2111e+00 8.7714e+03
-6.6040e+06 3.6308e+01 2.6278e+03 3.9568e+02 -1.0014e+00 8.7572e+03
-6.5794e+06 3.6307e+01 2.6328e+03 4.4239e+02 -2.4964e-01 8.7423e+03
-6.5999e+06 3.6307e+01 2.6374e+03 4.8866e+02 1.6765e-01 8.7268e+03
-6.5892e+06 3.6307e+01 2.6419e+03 5.3453e+02 4.6847e-01 8.7107e+03
-6.6026e+06 3.6307e+01 2.6461e+03 5.7999e+02 8.0668e-01 8.6939e+03
-6.6012e+06 3.6307e+01 2.6501e+03 6.2507e+02 8.5565e-01 8.6766e+03
-6.6235e+06 3.6307e+01 2.6539e+03 6.6978e+02 6.8548e-01 8.6586e+03
-6.6323e+06 3.6307e+01 2.6575e+03 7.1413e+02 3.9617e-01 8.6400e+03
-6.6503e+06 3.6307e+01 2.6609e+03 7.5814e+02 5.1645e-01 8.6207e+03
-6.6453e+06 3.6306e+01 2.6642e+03 8.0181e+02 6.3306e-01 8.6008e+03
-6.6822e+06 3.6306e+01 2.6674e+03 8.4515e+02 6.4900e-01 8.5803e+03
-6.6768e+06 3.6304e+01 2.6704e+03 8.8817e+02 2.2183e+00 8.5591e+03
-6.7157e+06 3.6303e+01 2.6733e+03 9.3087e+02 4.7099e+00 8.5374e+03
-6.7739e+06 3.6304e+01 2.6760e+03 9.7327e+02 4.5247e+00 8.5151e+03
-6.8579e+06 3.6311e+01 2.6787e+03 1.0154e+03 -7.2311e-01 8.4920e+03
-6.9083e+06 3.6317e+01 2.6812e+03 1.0571e+03 -5.9298e+00 8.4687e+03
-6.9001e+06 3.6314e+01 2.6836e+03 1.0986e+03 -2.8483e+00 8.4454e+03
-6.8481e+06 3.6308e+01 2.6860e+03 1.1398e+03 4.5859e+00 8.4186e+03
-6.8293e+06 3.6337e+01 2.6882e+03 1.1807e+03 6.7075e+00 8.3957e+03
-6.8619e+06 3.5655e+01 2.6904e+03 1.2213e+03 4.9006e+00 8.3535e+03
-6.9749e+06 3.3936e+01 2.6925e+03 1.2617e+03 2.6518e+00 8.3391e+03
-6.2490e+06 3.6301e+01 2.5015e+03 -2.6629e+02 7.6668e+00 8.9210e+03
-6.3343e+06 3.6302e+01 2.5136e+03 -2.1034e+02 5.7209e+00 8.9292e+03
-6.3659e+06 3.6305e+01 2.5248e+03 -1.5534e+02 8.6332e-01 8.9054e+03
-6.4565e+06 3.6306e+01 2.5353e+03 -1.0121e+02 -6.5859e-01 8.8982e+03
-6.4528e+06 3.6306e+01 2.5451e+03 -4.7900e+01 -8.5605e-01 8.8888e+03
-6.4944e+06 3.6307e+01 2.5543e+03 4.6412e+00 1.0740e-01 8.8789e+03
-6.4775e+06 3.6309e+01 2.5629e+03 5.6464e+01 -1.5671e-01 8.8682e+03
-6.5606e+06 3.6310e+01 2.5710e+03 1.0761e+02 -9.5051e-01 8.8570e+03
-6.5426e+06 3.6311e+01 2.5786e+03 1.5813e+02 -9.2680e-01 8.8452e+03
-6.5720e+06 3.6310e+01 2.5857e+03 2.0804e+02 -1.4339e-01 8.8328e+03
-6.5532e+06 3.6309e+01 2.5924e+03 2.5739e+02 1.5003e-01 8.8197e+03
-6.5725e+06 3.6308e+01 2.5988e+03 3.0621e+02 7.3413e-01 8.8060e+03
-6.5593e+06 3.6308e+01 2.6048e+03 3.5451e+02 7.9170e-01 8.7916e+03
-6.5972e+06 3.6307e+01 2.6105e+03 4.0234e+02 2.6827e-01 8.7767e+03
-6.5912e+06 3.6307e+01 2.6158e+03 4.4970e+02 -1.3130e-01 8.7611e+03
-6.6192e+06 3.6307e+01 2.6209e+03 4.9661e+02 -4.2032e-01 8.7449e+03
-6.6188e+06 3.6307e+01 2.6258e+03 5.4311e+02 -7.3299e-01 8.7280e+03
-6.6354e+06 3.6306e+01 2.6304e+03 5.8919e+02 -6.2456e-01 8.7105e+03
-6.6265e+06 3.6306e+01 2.6348e+03 6.3488e+02 -2.1365e-01 8.6923e+03
-6.6333e+06 3.6305e+01 2.6390e+03 6.8020e+02 4.2337e-01 8.6736e+03
-6.6370e+06 3.6305e+01 2.6429e+03 7.2514e+02 4.1418e-01 8.6542e+03
-6.6695e+06 3.6305e+01 2.6467e+03 7.6972e+02 6.1227e-01 8.6341e+03
-6.6634e+06 3.6305e+01 2.6504e+03 8.1395e+02 1.7580e+00 8.6134e+03
-6.7147e+06 3.6304e+01 2.6538e+03 8.5784e+02 3.3000e+00 8.5920e+03
-6.7614e+06 3.6306e+01 2.6571e+03 9.0140e+02 3.3416e+00 8.5700e+03
-6.8683e+06 3.6315e+01 2.6603e+03 9.4463e+02 -3.4036e+00 8.5476e+03
-6.9958e+06 3.6327e+01 2.6634e+03 9.8753e+02 -1.4796e+01 8.5245e+03
-7.0492e+06 3.6330e+01 2.6663e+03 1.0301e+03 -1.7667e+01 8.5008e+03
-6.9710e+06 3.6289e+01 2.6691e+03 1.0724e+03 -5.6943e+00 8.4774e+03
-6.8766e+06 3.6009e+01 2.6718e+03 1.1143e+03 6.3508e+00 8.4504e+03
-6.8751e+06 3.5614e+01 2.6744e+03 1.1560e+03 6.9876e+00 8.4275e+03
-6.9404e+06 3.4711e+01 2.6769e+03 1.1973e+03 3.8221e+00 8.3841e+03
-7.0601e+06 3.3176e+01 2.6793e+03 1.2383e+03 -3.0773e-02 8.3695e+03
-6.4480e+06 3.6301e+01 2.4635e+03 -3.2006e+02 -9.0099e-02 8.9563e+03
-6.4068e+06 3.6302e+01 2.4772e+03 -2.6281e+02 3.2457e-01 8.9645e+03
-6.4596e+06 3.6305e+01 2.4899e+03 -2.0652e+02 -1.0139e+00 8.9404e+03
-6.4193e+06 3.6306e+01 2.5018e+03 -1.5113e+02 8.3165e-01 8.9332e+03
-6.4793e+06 3.6306e+01 2.5130e+03 -9.6576e+01 1.0565e+00 8.9238e+03
-6.4797e+06 3.6307e+01 2.5234e+03 -4.2808e+01 1.8423e-01 8.9137e+03
-6.5471e+06 3.6308e+01 2.5331e+03 1.0219e+01 -5.2076e-01 8.9031e+03
-6.5098e+06 3.6309e+01 2.5423e+03 6.2548e+01 4.1871e-01 8.8918e+03
-6.5630e+06 3.6309e+01 2.5509e+03 1.1422e+02 2.2212e-01 8.8799e+03
-6.5554e+06 3.6309e+01 2.5590e+03 1.6527e+02 -1.0135e-01 8.8674e+03
-6.5926e+06 3.6309e+01 2.5667e+03 2.1573e+02 -3.8698e-01 8.8542e+03
-6.5848e+06 3.6308e+01 2.5739e+03 2.6563e+02 -6.6753e-01 8.8404e+03
-6.6123e+06 3.6308e+01 2.5807e+03 3.1500e+02 -7.2330e-01 8.8260e+03
-6.5876e+06 3.6307e+01 2.5872e+03 3.6386e+02 -2.0154e-01 8.8109e+03
-6.6065e+06 3.6307e+01 2.5933e+03 4.1224e+02 2.5649e-01 8.7951e+03
-6.5878e+06 3.6307e+01 2.5991e+03 4.6015e+02 7.6860e-01 8.7788e+03
-6.6011e+06 3.6306e+01 2.6047e+03 5.0762e+02 1.0427e+00 8.7618e+03
-6.5957e+06 3.6306e+01 2.6099e+03 5.5466e+02 9.2672e-01 8.7441e+03
-6.6205e+06 3.6305e+01 2.6149e+03 6.0128e+02 4.3339e-01 8.7258e+03
-6.6320e+06 3.6304e+01 2.6196e+03 6.4750e+02 4.7945e-02 8.7069e+03
-6.6504e+06 3.6304e+01 2.6242e+03 6.9333e+02 5.2118e-01 8.6874e+03
-6.6461e+06 3.6304e+01 2.6285e+03 7.3878e+02 1.6401e+00 8.6670e+03
-6.7049e+06 3.6305e+01 2.6326e+03 7.8387e+02 1.9899e+00 8.6462e+03
-6.7307e+06 3.6307e+01 2.6366e+03 8.2859e+02 1.3931e+00 8.6248e+03
-6.8305e+06 3.6310e+01 2.6404e+03 8.7296e+02 -2.3632e+00 8.6026e+03
-6.9590e+06 3.6320e+01 2.6440e+03 9.1699e+02 -1.2414e+01 8.5799e+03
-7.0478e+06 3.6329e+01 2.6474e+03 9.6067e+02 -1.9637e+01 8.5563e+03
-7.0192e+06 3.6325e+01 2.6508e+03 1.0040e+03 -1.2945e+01 8.5323e+03
-6.9525e+06 3.6013e+01 2.6539e+03 1.0470e+03 -3.5706e-01 8.5090e+03
-6.9495e+06 3.4979e+01 2.6570e+03 1.0897e+03 1.2944e+00 8.4817e+03
-6.9934e+06 3.3847e+01 2.6600e+03 1.1321e+03 -5.8170e+00 8.4585e+03
-7.0086e+06 3.3148e+01 2.6628e+03 1.1741e+03 -1.2086e+01 8.4146e+03
-7.0439e+06 3.2202e+01 2.6655e+03 1.2158e+03 -2.8017e+01 8.4005e+03
-6.3568e+06 3.6302e+01 2.4242e+03 -3.7065e+02 4.9878e+00 8.9912e+03
-6.4328e+06 3.6303e+01 2.4396e+03 -3.1229e+02 2.7050e+00 8.9995e+03
-6.4383e+06 3.6305e+01 2.4539e+03 -2.5488e+02 4.5231e-02 8.9752e+03
-6.5116e+06 3.6306e+01 2.4672e+03 -1.9838e+02 -5.4926e-01 8.9680e+03
-6.4973e+06 3.6306e+01 2.4797e+03 -1.4272e+02 -3.4194e-01 8.9585e+03
-6.5387e+06 3.6307e+01 2.4913e+03 -8.7860e+01 -1.5522e-01 8.9484e+03
-6.5168e+06 3.6308e+01 2.5023e+03 -3.3751e+01 -7.9997e-02 8.9377e+03
-6.5808e+06 3.6308e+01 2.5126e+03 1.9646e+01 -5.7162e-01 8.9263e+03
-6.5584e+06 3.6309e+01 2.5223e+03 7.2371e+01 -3.7300e-01 8.9143e+03
-6.5869e+06 3.6309e+01 2.5314e+03 1.2446e+02 2.0523e-02 8.9017e+03
-6.5664e+06 3.6308e+01 2.5400e+03 1.7594e+02 3.1172e-01 8.8885e+03
-6.5873e+06 3.6308e+01 2.5481e+03 2.2684e+02 6.6669e-01 8.8745e+03
-6.5715e+06 3.6307e+01 2.5558e+03 2.7720e+02 7.1575e-01 8.8600e+03
-6.6062e+06 3.6307e+01 2.5631e+03 3.2702e+02 2.2161e-01 8.8448e+03
-6.5986e+06 3.6307e+01 2.5700e+03 3.7635e+02 -1.0965e-01 8.8290e+03
-6.6299e+06 3.6307e+01 2.5765e+03 4.2519e+02 -5.5546e-01 8.8125e+03
-6.6270e+06 3.6306e+01 2.5827e+03 4.7357e+02 -8.8075e-01 8.7954e+03
-6.6441e+06 3.6305e+01 2.5886e+03 5.2150e+02 -8.2087e-01 8.7776e+03
-6.6307e+06 3.6304e+01 2.5942e+03 5.6900e+02 6.8987e-02 8.7591e+03
-6.6346e+06 3.6304e+01 2.5996e+03 6.1609e+02 1.1920e+00 8.7400e+03
-6.6421e+06 3.6304e+01 2.6047e+03 6.6276e+02 1.2880e+00 8.7203e+03
-6.6833e+06 3.6303e+01 2.6096e+03 7.0904e+02 2.2524e+00 8.6998e+03
-6.6877e+06 3.6304e+01 2.6142e+03 7.5493e+02 1.7833e+00 8.6787e+03
-6.7866e+06 3.6307e+01 2.6187e+03 8.0045e+02 -3.1189e+00 8.6572e+03
-6.8382e+06 3.6308e+01 2.6229e+03 8.4560e+02 -4.6402e+00 8.6349e+03
-6.8940e+06 3.6309e+01 2.6270e+03 8.9038e+02 -4.7523e+00 8.6117e+03
-6.9465e+06 3.6299e+01 2.6309e+03 9.3481e+02 -6.0853e+00 8.5879e+03
-6.9533e+06 3.6288e+01 2.6346e+03 9.7889e+02 7.8113e-02 8.5639e+03
-6.9414e+06 3.5532e+01 2.6382e+03 1.0226e+03 2.5029e+00 8.5404e+03
-7.0009e+06 3.3797e+01 2.6417e+03 1.0660e+03 -9.7202e+00 8.5125e+03
-7.0103e+06 3.2638e+01 2.6450e+03 1.1091e+03 -2.3836e+01 8.4890e+03
-6.8833e+06 3.1997e+01 2.6482e+03 1.1518e+03 -3.8752e+01 8.4455e+03
-6.6241e+06 3.0382e+01 2.6512e+03 1.1941e+03 -5.9942e+01 8.4320e+03
-6.4982e+06 3.6302e+01 2.3840e+03 -4.1801e+02 1.0732e+00 9.0258e+03
-6.4898e+06 3.6303e+01 2.4009e+03 -3.5871e+02 -3.5047e-01 9.0342e+03
-6.5111e+06 3.6305e+01 2.4167e+03 -3.0036e+02 -5.4669e-01 9.0098e+03
-6.4912e+06 3.6306e+01 2.4315e+03 -2.4290e+02 4.1297e-01 9.0025e+03
-6.5236e+06 3.6306e+01 2.4453e+03 -1.8628e+02 1.1830e+00 8.9929e+03
-6.5274e+06 3.6307e+01 2.4583e+03 -1.3046e+02 9.8343e-03 8.9828e+03
-6.5698e+06 3.6308e+01 2.4705e+03 -7.5390e+01 -3.9412e-02 8.9720e+03
-6.5446e+06 3.6308e+01 2.4819e+03 -2.1038e+01 3.9304e-01 8.9605e+03
-6.5798e+06 3.6308e+01 2.4927e+03 3.2633e+01 6.0332e-01 8.9485e+03
-6.5737e+06 3.6308e+01 2.5028e+03 8.5658e+01 1.1307e-01 8.9358e+03
-6.6028e+06 3.6308e+01 2.5124e+03 1.3807e+02 -5.8032e-02 8.9224e+03
-6.5968e+06 3.6307e+01 2.5214e+03 1.8989e+02 -5.5143e-01 8.9084e+03
-6.6193e+06 3.6307e+01 2.5300e+03 2.4115e+02 -5.1771e-01 8.8938e+03
-6.5975e+06 3.6307e+01 2.5381e+03 2.9187e+02 -1.3531e-01 8.8785e+03
-6.6103e+06 3.6307e+01 2.5458e+03 3.4207e+02 5.5689e-01 8.8625e+03
-6.5875e+06 3.6307e+01 2.5531e+03 3.9178e+02 1.2440e+00 8.8459e+03
-6.5973e+06 3.6306e+01 2.5600e+03 4.4101e+02 1.7487e+00 8.8286e+03
-6.5921e+06 3.6306e+01 2.5666e+03 4.8978e+02 2.0795e+00 8.8106e+03
-6.6208e+06 3.6305e+01 2.5728e+03 5.3810e+02 2.2934e+00 8.7921e+03
-6.6511e+06 3.6304e+01 2.5788e+03 5.8599e+02 1.0467e+00 8.7728e+03
-6.6745e+06 3.6304e+01 2.5845e+03 6.3346e+02 6.6739e-01 8.7529e+03
-6.6638e+06 3.6303e+01 2.5899e+03 6.8052e+02 2.4353e+00 8.7324e+03
-6.7276e+06 3.6302e+01 2.5951e+03 7.2718e+02 2.0526e+00 8.7112e+03
-6.7469e+06 3.6302e+01 2.6001e+03 7.7345e+02 -5.7020e-01 8.6892e+03
-6.7990e+06 3.6297e+01 2.6048e+03 8.1934e+02 2.1079e+00 8.6667e+03
-6.8402e+06 3.6160e+01 2.6094e+03 8.6485e+02 6.2916e+00 8.6434e+03
-6.8612e+06 3.5758e+01 2.6137e+03 9.0999e+02 5.8524e+00 8.6197e+03
-6.8536e+06 3.5386e+01 2.6179e+03 9.5477e+02 8.6346e+00 8.5961e+03
-6.9228e+06 3.4555e+01 2.6219e+03 9.9919e+02 1.3235e+00 8.5719e+03
-7.0120e+06 3.3095e+01 2.6258e+03 1.0432e+03 -2.1667e+01 8.5433e+03
-6.8136e+06 3.2391e+01 2.6295e+03 1.0870e+03 -3.9841e+01 8.5198e+03
-6.2266e+06 3.1175e+01 2.6330e+03 1.1303e+03 -5.0189e+01 8.4759e+03
-5.3574e+06 2.8456e+01 2.6364e+03 1.1733e+03 -4.2162e+01 8.4615e+03
-6.4607e+06 3.6303e+01 2.3429e+03 -4.6211e+02 4.1934e+00 9.0602e+03
-6.5066e+06 3.6304e+01 2.3614e+03 -4.0206e+02 2.8287e+00 9.0685e+03
-6.5125e+06 3.6306e+01 2.3788e+03 -3.4292e+02 -1.1835e-01 9.0440e+03
-6.5601e+06 3.6306e+01 2.3950e+03 -2.8465e+02 -7.6294e-02 9.0368e+03
-6.5481e+06 3.6307e+01 2.4101e+03 -2.2721e+02 -2.6886e-01 9.0272e+03
-6.5765e+06 3.6307e+01 2.4244e+03 -1.7056e+02 3.0854e-02 9.0169e+03
-6.5575e+06 3.6308e+01 2.4378e+03 -1.1465e+02 -1.4302e-01 9.0060e+03
-6.6010e+06 3.6308e+01 2.4503e+03 -5.9459e+01 -2.1148e-01 8.9945e+03
-6.5806e+06 3.6308e+01 2.4622e+03 -4.9456e+00 -1.7249e-01 8.9824e+03
-6.6014e+06 3.6308e+01 2.4734e+03 4.8919e+01 2.2944e-01 8.9696e+03
-6.5818e+06 3.6307e+01 2.4839e+03 1.0216e+02 3.8145e-01 8.9561e+03
-6.5975e+06 3.6307e+01 2.4939e+03 1.5481e+02 7.9372e-01 8.9420e+03
-6.5825e+06 3.6307e+01 2.5034e+03 2.0690e+02 8.2163e-01 8.9273e+03
-6.6129e+06 3.6307e+01 2.5123e+03 2.5844e+02 4.3763e-01 8.9119e+03
-6.6093e+06 3.6307e+01 2.5208e+03 3.0945e+02 -1.0769e-01 8.8958e+03
-6.6438e+06 3.6306e+01 2.5289e+03 3.5996e+02 -6.5980e-01 8.8790e+03
-6.6440e+06 3.6306e+01 2.5365e+03 4.0997e+02 -9.6253e-01 8.8616e+03
-6.6584e+06 3.6305e+01 2.5438e+03 4.5952e+02 8.7157e-02 8.8435e+03
-6.6530e+06 3.6304e+01 2.5507e+03 5.0861e+02 9.6601e-01 8.8248e+03
-6.6761e+06 3.6304e+01 2.5573e+03 5.5726e+02 -1.5501e+00 8.8053e+03
-6.6958e+06 3.6304e+01 2.5636e+03 6.0548e+02 -2.6903e+00 8.7852e+03
-6.7169e+06 3.6301e+01 2.5697e+03 6.5327e+02 1.4224e+00 8.7646e+03
-6.6848e+06 3.6297e+01 2.5754e+03 7.0065e+02 5.8810e+00 8.7434e+03
-6.7523e+06 3.6292e+01 2.5809e+03 7.4763e+02 7.6900e+00 8.7212e+03
-6.7634e+06 3.6297e+01 2.5862e+03 7.9422e+02 1.1666e+01 8.6982e+03
-6.7989e+06 3.5771e+01 2.5912e+03 8.4042e+02 1.1375e+01 8.6747e+03
-6.8785e+06 3.4483e+01 2.5960e+03 8.8624e+02 5.7068e+00 8.6511e+03
-6.8990e+06 3.3537e+01 2.6006e+03 9.3168e+02 9.6484e+00 8.6271e+03
-6.9192e+06 3.3106e+01 2.6051e+03 9.7675e+02 -3.7816e+00 8.6020e+03
-6.8533e+06 3.2648e+01 2.6093e+03 1.0215e+03 -4.3780e+01 8.5736e+03
-6.2637e+06 3.1974e+01 2.6134e+03 1.0658e+03 -6.4610e+01 8.5502e+03
-5.0952e+06 2.9926e+01 2.6174e+03 1.1098e+03 -4.5903e+01 8.5056e+03
-3.7010e+06 2.7295e+01 2.6212e+03 1.1534e+03 3.4603e+00 8.4907e+03
-6.5880e+06 3.6305e+01 2.3011e+03 -5.0295e+02 1.4021e+00 9.0944e+03
-6.5354e+06 3.6305e+01 2.3212e+03 -4.4230e+02 1.4694e+00 9.1027e+03
-6.5875e+06 3.6307e+01 2.3400e+03 -3.8254e+02 -8.9649e-01 9.0781e+03
-6.5366e+06 3.6307e+01 2.3576e+03 -3.2361e+02 9.7596e-01 9.0707e+03
-6.5812e+06 3.6307e+01 2.3741e+03 -2.6548e+02 8.0973e-01 9.0610e+03
-6.5568e+06 3.6307e+01 2.3897e+03 -2.0813e+02 8.2206e-01 9.0507e+03
-6.6037e+06 3.6308e+01 2.4043e+03 -1.5150e+02 4.9826e-02 9.0398e+03
-6.5679e+06 3.6308e+01 2.4180e+03 -9.5580e+01 7.5745e-01 9.0282e+03
-6.6053e+06 3.6308e+01 2.4310e+03 -4.0330e+01 4.2175e-01 9.0160e+03
-6.5873e+06 3.6307e+01 2.4432e+03 1.4276e+01 4.1202e-01 9.0031e+03
-6.6193e+06 3.6307e+01 2.4547e+03 6.8265e+01 -2.9219e-02 8.9896e+03
-6.6067e+06 3.6307e+01 2.4657e+03 1.2166e+02 -2.4472e-01 8.9754e+03
-6.6321e+06 3.6306e+01 2.4760e+03 1.7449e+02 -4.4865e-01 8.9605e+03
-6.6062e+06 3.6306e+01 2.4858e+03 2.2677e+02 1.1545e-01 8.9450e+03
-6.6180e+06 3.6306e+01 2.4951e+03 2.7852e+02 8.2021e-01 8.9287e+03
-6.5870e+06 3.6306e+01 2.5040e+03 3.2975e+02 1.8848e+00 8.9118e+03
-6.5963e+06 3.6306e+01 2.5124e+03 3.8050e+02 2.5073e+00 8.8943e+03
-6.5921e+06 3.6305e+01 2.5204e+03 4.3077e+02 3.4216e+00 8.8761e+03
-6.6350e+06 3.6303e+01 2.5280e+03 4.8057e+02 2.7571e+00 8.8572e+03
-6.6932e+06 3.6302e+01 2.5352e+03 5.2992e+02 -8.6399e-01 8.8376e+03
-6.7121e+06 3.6299e+01 2.5422e+03 5.7883e+02 2.6444e-01 8.8174e+03
-6.6813e+06 3.6290e+01 2.5488e+03 6.2731e+02 7.3538e+00 8.7964e+03
-6.7568e+06 3.6206e+01 2.5551e+03 6.7537e+02 1.1451e+01 8.7748e+03
-6.7846e+06 3.5886e+01 2.5611e+03 7.2302e+02 1.1020e+01 8.7524e+03
-6.8585e+06 3.5493e+01 2.5669e+03 7.7027e+02 1.3011e+01 8.7295e+03
-6.9460e+06 3.4674e+01 2.5724e+03 8.1711e+02 1.1314e+01 8.7060e+03
-7.0151e+06 3.2935e+01 2.5777e+03 8.6357e+02 -8.8258e-01 8.6815e+03
-6.9770e+06 3.1488e+01 2.5828e+03 9.0964e+02 -9.8709e+00 8.6571e+03
-6.8125e+06 3.1471e+01 2.5877e+03 9.5533e+02 -3.1017e+01 8.6326e+03
-6.3730e+06 3.1787e+01 2.5924e+03 1.0006e+03 -6.9631e+01 8.6046e+03
-5.2606e+06 3.0498e+01 2.5969e+03 1.0456e+03 -7.3618e+01 8.5803e+03
-3.6327e+06 2.8074e+01 2.6012e+03 1.0902e+03 -2.2676e+01 8.5358e+03
-2.0639e+06 2.6556e+01 2.6054e+03 1.1344e+03 4.1013e+01 8.5208e+03
-6.5467e+06 3.6306e+01 2.2587e+03 -5.4052e+02 3.6857e+00 9.1282e+03
-6.5766e+06 3.6306e+01 2.2804e+03 -4.7945e+02 2.9132e+00 9.1365e+03
-6.5767e+06 3.6308e+01 2.3006e+03 -4.1920e+02 -2.5849e-01 9.1117e+03
-6.6094e+06 3.6307e+01 2.3196e+03 -3.5975e+02 2.2903e-01 9.1044e+03
-6.5946e+06 3.6307e+01 2.3375e+03 -3.0108e+02 -1.2523e-01 9.0947e+03
-6.6145e+06 3.6307e+01 2.3543e+03 -2.4314e+02 3.0136e-01 9.0843e+03
-6.5942e+06 3.6308e+01 2.3701e+03 -1.8592e+02 -1.1020e-01 9.0733e+03
-6.6246e+06 3.6307e+01 2.3850e+03 -1.2938e+02 4.3428e-02 9.0616e+03
-6.6030e+06 3.6307e+01 2.3990e+03 -7.3491e+01 -5.0391e-02 9.0493e+03
-6.6184e+06 3.6307e+01 2.4123e+03 -1.8240e+01 3.9913e-01 9.0363e+03
-6.5967e+06 3.6306e+01 2.4249e+03 3.6402e+01 5.1597e-01 9.0227e+03
-6.6084e+06 3.6306e+01 2.4367e+03 9.0457e+01 1.0430e+00 9.0084e+03
-6.5924e+06 3.6306e+01 2.4480e+03 1.4395e+02 1.0686e+00 8.9934e+03
-6.6225e+06 3.6306e+01 2.4587e+03 1.9689e+02 7.1635e-01 8.9777e+03
-6.6238e+06 3.6306e+01 2.4688e+03 2.4930e+02 -7.5785e-02 8.9614e+03
-6.6657e+06 3.6306e+01 2.4784e+03 3.0121e+02 -6.2159e-01 8.9445e+03
-6.6710e+06 3.6305e+01 2.4876e+03 3.5261e+02 -8.9857e-01 8.9268e+03
-6.6890e+06 3.6303e+01 2.4963e+03 4.0354e+02 -3.8462e-01 8.9084e+03
-6.6791e+06 3.6300e+01 2.5046e+03 4.5400e+02 1.5739e+00 8.8892e+03
-6.6751e+06 3.6296e+01 2.5125e+03 5.0400e+02 5.5019e+00 8.8696e+03
-6.7076e+06 3.6290e+01 2.5201e+03 5.5355e+02 9.9510e+00 8.8494e+03
-6.7826e+06 3.6297e+01 2.5273e+03 6.0267e+02 1.6060e+01 8.8278e+03
-6.8409e+06 3.5493e+01 2.5342e+03 6.5136e+02 1.3291e+01 8.8054e+03
-7.0682e+06 3.3635e+01 2.5408e+03 6.9964e+02 -2.9122e+00 8.7836e+03
-7.1161e+06 3.2691e+01 2.5471e+03 7.4750e+02 -1.7309e+00 8.7617e+03
-7.0929e+06 3.2466e+01 2.5531e+03 7.9496e+02 4.3595e+00 8.7375e+03
-7.2132e+06 3.0868e+01 2.5589e+03 8.4202e+02 -2.4249e+01 8.7121e+03
-7.1395e+06 2.8956e+01 2.5645e+03 8.8869e+02 -6.3110e+01 8.6877e+03
-6.4454e+06 2.9022e+01 2.5698e+03 9.3497e+02 -7.1542e+01 8.6638e+03
-5.1831e+06 2.9577e+01 2.5750e+03 9.8086e+02 -5.2569e+01 8.6352e+03
-3.6547e+06 2.8215e+01 2.5799e+03 1.0264e+03 -1.8254e+01 8.6100e+03
-2.0881e+06 2.6608e+01 2.5846e+03 1.0715e+03 2.8320e+01 8.5656e+03
-8.0290e+05 2.6202e+01 2.5892e+03 1.1163e+03 6.5806e+01 8.5503e+03
-6.6335e+06 3.6306e+01 2.2160e+03 -5.7486e+02 2.8788e+00 9.1616e+03
-6.6100e+06 3.6306e+01 2.2391e+03 -5.1350e+02 8.0330e-01 9.1700e+03
-6.6329e+06 3.6308e+01 2.2608e+03 -4.5292e+02 -2.1307e-01 9.1451e+03
-6.5972e+06 3.6307e+01 2.2811e+03 -3.9309e+02 4.9321e-01 9.1378e+03
-6.6161e+06 3.6307e+01 2.3003e+03 -3.3399e+02 1.4555e+00 9.1279e+03
-6.5977e+06 3.6307e+01 2.3183e+03 -2.7560e+02 8.4335e-01 9.1175e+03
-6.6257e+06 3.6307e+01 2.3353e+03 -2.1788e+02 7.2823e-01 9.1064e+03
-6.5990e+06 3.6307e+01 2.3514e+03 -1.6083e+02 7.3143e-01 9.0947e+03
-6.6233e+06 3.6307e+01 2.3665e+03 -1.0441e+02 7.6944e-01 9.0823e+03
-6.6088e+06 3.6306e+01 2.3808e+03 -4.8610e+01 3.9878e-01 9.0692e+03
-6.6337e+06 3.6306e+01 2.3944e+03 6.5961e+00 2.1245e-01 9.0555e+03
-6.6255e+06 3.6306e+01 2.4072e+03 6.1226e+01 -2.7824e-01 9.0411e+03
-6.6474e+06 3.6306e+01 2.4194e+03 1.1530e+02 -3.2227e-01 9.0260e+03
-6.6226e+06 3.6306e+01 2.4309e+03 1.6883e+02 1.6449e-01 9.0102e+03
-6.6272e+06 3.6305e+01 2.4419e+03 2.2184e+02 1.3714e+00 8.9937e+03
-6.5905e+06 3.6305e+01 2.4523e+03 2.7434e+02 2.6836e+00 8.9765e+03
-6.5991e+06 3.6303e+01 2.4622e+03 3.2635e+02 2.8483e+00 8.9587e+03
-6.6024e+06 3.6301e+01 2.4717e+03 3.7787e+02 2.8889e+00 8.9401e+03
-6.6473e+06 3.6292e+01 2.4807e+03 4.2893e+02 5.5529e+00 8.9209e+03
-6.7291e+06 3.6093e+01 2.4892e+03 4.7952e+02 9.4460e+00 8.9012e+03
-6.8472e+06 3.5204e+01 2.4974e+03 5.2967e+02 7.5671e+00 8.8808e+03
-6.9560e+06 3.4114e+01 2.5053e+03 5.7938e+02 5.8702e+00 8.8605e+03
-7.1779e+06 3.2387e+01 2.5128e+03 6.2866e+02 -1.6907e+00 8.8380e+03
-7.3181e+06 2.9688e+01 2.5199e+03 6.7752e+02 -2.2816e+01 8.8148e+03
-7.3473e+06 2.9008e+01 2.5268e+03 7.2596e+02 -2.4949e+01 8.7929e+03
-7.3128e+06 2.9585e+01 2.5333e+03 7.7399e+02 -3.0718e+01 8.7681e+03
-7.2359e+06 2.8394e+01 2.5396e+03 8.2161e+02 -7.7160e+01 8.7425e+03
-6.6941e+06 2.6935e+01 2.5457e+03 8.6884e+02 -1.0968e+02 8.7179e+03
-5.3763e+06 2.6923e+01 2.5515e+03 9.1567e+02 -7.1628e+01 8.6932e+03
-3.6590e+06 2.7196e+01 2.5571e+03 9.6211e+02 6.8297e+00 8.6642e+03
-2.0628e+06 2.6654e+01 2.5624e+03 1.0082e+03 5.7933e+01 8.6392e+03
-8.1831e+05 2.6200e+01 2.5676e+03 1.0538e+03 7.1938e+01 8.5948e+03
8.6251e+04 2.6185e+01 2.5725e+03 1.0991e+03 7.3267e+01 8.5794e+03
-6.5865e+06 3.6305e+01 2.1729e+03 -6.0600e+02 4.6003e+00 9.1948e+03
-6.6625e+06 3.6306e+01 2.1975e+03 -5.4450e+02 1.6667e+00 9.2031e+03
-6.6124e+06 3.6307e+01 2.2205e+03 -4.8372e+02 3.6576e-01 9.1782e+03
-6.6731e+06 3.6307e+01 2.2422e+03 -4.2363e+02 -3.9307e-01 9.1708e+03
-6.6260e+06 3.6307e+01 2.2627e+03 -3.6423e+02 4.0925e-01 9.1609e+03
-6.6646e+06 3.6307e+01 2.2819e+03 -3.0549e+02 -2.1558e-01 9.1504e+03
-6.6215e+06 3.6307e+01 2.3001e+03 -2.4739e+02 2.4419e-01 9.1392e+03
-6.6585e+06 3.6307e+01 2.3172e+03 -1.8993e+02 -1.4247e-01 9.1274e+03
-6.6217e+06 3.6307e+01 2.3334e+03 -1.3308e+02 2.6630e-01 9.1150e+03
-6.6439e+06 3.6306e+01 2.3488e+03 -7.6818e+01 2.4470e-01 9.1018e+03
-6.6110e+06 3.6306e+01 2.3633e+03 -2.1136e+01 8.0940e-01 9.0879e+03
-6.6260e+06 3.6306e+01 2.3771e+03 3.3986e+01 1.1814e+00 9.0734e+03
-6.6020e+06 3.6306e+01 2.3902e+03 8.8564e+01 1.6669e+00 9.0582e+03
-6.6395e+06 3.6305e+01 2.4026e+03 1.4261e+02 1.0986e+00 9.0423e+03
-6.6439e+06 3.6304e+01 2.4144e+03 1.9615e+02 3.2637e-01 9.0258e+03
-6.7036e+06 3.6303e+01 2.4256e+03 2.4918e+02 -8.4509e-01 9.0085e+03
-6.7126e+06 3.6301e+01 2.4363e+03 3.0172e+02 -5.7707e-01 8.9907e+03
-6.7316e+06 3.6296e+01 2.4465e+03 3.5378e+02 3.0266e+00 8.9719e+03
-6.7255e+06 3.6315e+01 2.4562e+03 4.0538e+02 1.0759e+01 8.9524e+03
-6.8232e+06 3.5296e+01 2.4654e+03 4.5652e+02 8.9637e+00 8.9326e+03
-7.1067e+06 3.2214e+01 2.4743e+03 5.0721e+02 -1.2422e+01 8.9118e+03
-7.3636e+06 2.9368e+01 2.4827e+03 5.5746e+02 -2.2471e+01 8.8916e+03
-7.3651e+06 2.8037e+01 2.4908e+03 6.0728e+02 -1.9485e+01 8.8691e+03
-7.4498e+06 2.6943e+01 2.4985e+03 6.5667e+02 -3.4224e+01 8.8449e+03
-7.2664e+06 2.6802e+01 2.5060e+03 7.0565e+02 -4.9648e+01 8.8222e+03
-6.8944e+06 2.7180e+01 2.5131e+03 7.5421e+02 -7.0533e+01 8.7977e+03
-6.4226e+06 2.6750e+01 2.5199e+03 8.0236e+02 -1.0286e+02 8.7724e+03
-5.4275e+06 2.6105e+01 2.5264e+03 8.5011e+02 -9.2353e+01 8.7474e+03
-3.8842e+06 2.5280e+01 2.5327e+03 8.9746e+02 -2.2824e+01 8.7219e+03
-2.2805e+06 2.4469e+01 2.5387e+03 9.4441e+02 5.1118e+01 8.6931e+03
-1.0766e+06 2.4745e+01 2.5445e+03 9.9097e+02 7.9734e+01 8.6688e+03
-2.2555e+05 2.5725e+01 2.5501e+03 1.0371e+03 7.4409e+01 8.6242e+03
3.7111e+05 2.6176e+01 2.5554e+03 1.0829e+03 6.5488e+01 8.6085e+03
-6.7165e+06 3.6305e+01 2.1297e+03 -6.3398e+02 1.1530e+00 9.2277e+03
-6.6460e+06 3.6305e+01 2.1556e+03 -5.7247e+02 2.2245e+00 9.2359e+03
-6.7028e+06 3.6307e+01 2.1800e+03 -5.1161e+02 -1.7050e+00 9.2109e+03
-6.6312e+06 3.6306e+01 2.2030e+03 -4.5139e+02 1.5424e+00 9.2035e+03
-6.6664e+06 3.6306e+01 2.2247e+03 -3.9180e+02 7.0862e-01 9.1935e+03
-6.6228e+06 3.6307e+01 2.2451e+03 -3.3282e+02 1.8142e+00 9.1829e+03
-6.6602e+06 3.6307e+01 2.2644e+03 -2.7446e+02 4.8563e-01 9.1717e+03
-6.6208e+06 3.6307e+01 2.2827e+03 -2.1668e+02 1.3501e+00 9.1598e+03
-6.6510e+06 3.6306e+01 2.2999e+03 -1.5949e+02 3.1330e-01 9.1472e+03
-6.6275e+06 3.6306e+01 2.3163e+03 -1.0286e+02 3.6579e-01 9.1340e+03
-6.6588e+06 3.6306e+01 2.3318e+03 -4.6785e+01 -6.5526e-01 9.1201e+03
-6.6480e+06 3.6306e+01 2.3465e+03 8.7486e+00 -6.3488e-01 9.1055e+03
-6.6748e+06 3.6305e+01 2.3605e+03 6.3755e+01 -6.3304e-01 9.0901e+03
-6.6447e+06 3.6304e+01 2.3738e+03 1.1825e+02 5.5587e-01 9.0741e+03
-6.6463e+06 3.6303e+01 2.3864e+03 1.7223e+02 2.0286e+00 9.0573e+03
-6.5994e+06 3.6300e+01 2.3984e+03 2.2573e+02 5.0554e+00 9.0398e+03
-6.6137e+06 3.6293e+01 2.4099e+03 2.7875e+02 8.5019e+00 9.0221e+03
-6.6390e+06 3.6282e+01 2.4208e+03 3.3129e+02 1.3739e+01 9.0030e+03
-6.7378e+06 3.6205e+01 2.4312e+03 3.8337e+02 2.0079e+01 8.9834e+03
-7.0063e+06 3.4006e+01 2.4411e+03 4.3500e+02 5.5975e+00 8.9627e+03
-7.3275e+06 2.9378e+01 2.4506e+03 4.8618e+02 -2.5539e+01 8.9411e+03
-7.4447e+06 2.6519e+01 2.4597e+03 5.3693e+02 -3.3977e+01 8.9207e+03
-7.4983e+06 2.6229e+01 2.4684e+03 5.8724e+02 -3.7009e+01 8.8984e+03
-7.2179e+06 2.6298e+01 2.4767e+03 6.3713e+02 -5.8804e+01 8.8749e+03
-6.6126e+06 2.6295e+01 2.4847e+03 6.8659e+02 -6.7929e+01 8.8520e+03
-5.6939e+06 2.6289e+01 2.4923e+03 7.3565e+02 -5.3285e+01 8.8277e+03
-4.5767e+06 2.6120e+01 2.4996e+03 7.8429e+02 -3.0587e+01 8.8024e+03
-3.4408e+06 2.4898e+01 2.5067e+03 8.3252e+02 2.1755e+00 8.7768e+03
-2.4207e+06 2.2234e+01 2.5134e+03 8.8036e+02 3.4320e+01 8.7512e+03
-1.6338e+06 2.0156e+01 2.5199e+03 9.2779e+02 4.4861e+01 8.7228e+03
-9.1745e+05 2.1401e+01 2.5261e+03 9.7482e+02 3.7466e+01 8.6981e+03
-2.5607e+05 2.4624e+01 2.5321e+03 1.0215e+03 3.4760e+01 8.6527e+03
3.0926e+05 2.6159e+01 2.5379e+03 1.0677e+03 3.8406e+01 8.6368e+03
-6.7544e+06 3.6305e+01 2.0865e+03 -6.5887e+02 2.8593e-01 9.2601e+03
-6.6373e+06 3.6305e+01 2.1137e+03 -5.9748e+02 4.4292e+00 9.2684e+03
-6.7319e+06 3.6306e+01 2.1394e+03 -5.3666e+02 -2.0477e+00 9.2432e+03
-6.6649e+06 3.6306e+01 2.1636e+03 -4.7641e+02 1.7188e+00 9.2358e+03
-6.7176e+06 3.6306e+01 2.1864e+03 -4.1673e+02 -1.2878e+00 9.2258e+03
-6.6690e+06 3.6306e+01 2.2080e+03 -3.5763e+02 1.0342e+00 9.2152e+03
-6.6910e+06 3.6307e+01 2.2284e+03 -2.9908e+02 -1.0329e+00 9.2038e+03
-6.6624e+06 3.6306e+01 2.2478e+03 -2.4109e+02 7.3831e-01 9.1919e+03
-6.6672e+06 3.6305e+01 2.2661e+03 -1.8364e+02 -4.8313e-01 9.1792e+03
-6.6448e+06 3.6305e+01 2.2834e+03 -1.2673e+02 7.2738e-01 9.1659e+03
-6.6399e+06 3.6305e+01 2.2999e+03 -7.0350e+01 4.2693e-01 9.1518e+03
-6.6245e+06 3.6305e+01 2.3155e+03 -1.4482e+01 2.1457e+00 9.1371e+03
-6.6270e+06 3.6304e+01 2.3304e+03 4.0879e+01 1.8613e+00 9.1216e+03
-6.6545e+06 3.6303e+01 2.3445e+03 9.5743e+01 1.8971e+00 9.1055e+03
-6.6869e+06 3.6300e+01 2.3580e+03 1.5012e+02 1.9044e+00 9.0887e+03
-6.7510e+06 3.6429e+01 2.3708e+03 2.0402e+02 7.0441e+00 9.0713e+03
-6.8423e+06 3.5899e+01 2.3830e+03 2.5744e+02 7.8415e+00 9.0529e+03
-6.9787e+06 3.4455e+01 2.3946e+03 3.1041e+02 2.2756e+00 9.0343e+03
-7.0637e+06 3.3467e+01 2.4058e+03 3.6292e+02 3.5297e+00 9.0159e+03
-7.1466e+06 3.1380e+01 2.4164e+03 4.1498e+02 -6.0300e+00 8.9938e+03
-7.2972e+06 2.7859e+01 2.4265e+03 4.6661e+02 -2.9248e+01 8.9714e+03
-7.3395e+06 2.6254e+01 2.4362e+03 5.1780e+02 -4.6685e+01 8.9509e+03
-7.1219e+06 2.6297e+01 2.4455e+03 5.6856e+02 -7.7415e+01 8.9288e+03
-6.6027e+06 2.6304e+01 2.4544e+03 6.1890e+02 -9.7397e+01 8.9056e+03
-5.2934e+06 2.6289e+01 2.4629e+03 6.6881e+02 -5.3214e+01 8.8817e+03
-3.7095e+06 2.6054e+01 2.4711e+03 7.1832e+02 2.5891e+01 8.8571e+03
-2.5819e+06 2.4914e+01 2.4790e+03 7.6741e+02 7.4139e+01 8.8318e+03
-1.9468e+06 2.2188e+01 2.4865e+03 8.1610e+02 7.6634e+01 8.8063e+03
-1.6372e+06 1.8926e+01 2.4937e+03 8.6438e+02 4.9293e+01 8.7808e+03
-1.3994e+06 1.7239e+01 2.5007e+03 9.1225e+02 8.3487e+00 8.7518e+03
-1.1210e+06 1.9346e+01 2.5074e+03 9.5973e+02 -2.0498e+01 8.7264e+03
-6.1312e+05 2.3916e+01 2.5138e+03 1.0068e+03 -1.5985e+01 8.6806e+03
-7.2899e+04 2.6176e+01 2.5200e+03 1.0535e+03 2.6343e+00 8.6644e+03
-6.7362e+06 3.6305e+01 2.0434e+03 -6.8074e+02 3.3294e+00 9.2923e+03
-6.7384e+06 3.6305e+01 2.0718e+03 -6.1957e+02 5.0866e-01 9.3004e+03
-6.7278e+06 3.6306e+01 2.0987e+03 -5.5889e+02 3.8896e-02 9.2753e+03
-6.7003e+06 3.6306e+01 2.1241e+03 -4.9872e+02 6.6922e-01 9.2678e+03
-6.6869e+06 3.6306e+01 2.1480e+03 -4.3907e+02 1.9905e+00 9.2576e+03
-6.6724e+06 3.6306e+01 2.1707e+03 -3.7992e+02 1.3546e+00 9.2469e+03
-6.6773e+06 3.6306e+01 2.1922e+03 -3.2129e+02 1.2923e+00 9.2356e+03
-6.6558e+06 3.6305e+01 2.2126e+03 -2.6317e+02 1.4586e+00 9.2235e+03
-6.6574e+06 3.6304e+01 2.2319e+03 -2.0556e+02 1.9725e+00 9.2107e+03
-6.6427e+06 3.6303e+01 2.2502e+03 -1.4845e+02 2.0139e+00 9.1974e+03
-6.6579e+06 3.6302e+01 2.2677e+03 -9.1833e+01 3.3014e+00 9.1832e+03
-6.6663e+06 3.6302e+01 2.2842e+03 -3.5706e+01 2.8363e+00 9.1684e+03
-6.7058e+06 3.6302e+01 2.2999e+03 1.9938e+01 4.1785e-01 9.1528e+03
-6.6873e+06 3.6300e+01 2.3149e+03 7.5105e+01 3.6536e-01 9.1364e+03
-6.6783e+06 3.6295e+01 2.3292e+03 1.2980e+02 6.6016e+00 9.1194e+03
-6.6635e+06 3.6106e+01 2.3428e+03 1.8404e+02 1.4870e+01 9.1025e+03
-6.8543e+06 3.3993e+01 2.3557e+03 2.3782e+02 4.6497e+00 9.0831e+03
-7.1239e+06 3.0336e+01 2.3681e+03 2.9115e+02 -1.9476e+01 9.0646e+03
-7.2658e+06 2.8521e+01 2.3799e+03 3.4404e+02 -2.9261e+01 9.0468e+03
-7.2405e+06 2.7849e+01 2.3912e+03 3.9648e+02 -3.3955e+01 9.0247e+03
-6.9286e+06 2.6775e+01 2.4020e+03 4.4850e+02 -4.1503e+01 9.0023e+03
-6.4546e+06 2.6395e+01 2.4123e+03 5.0009e+02 -5.6070e+01 8.9813e+03
-6.0727e+06 2.6390e+01 2.4222e+03 5.5125e+02 -8.4507e+01 8.9588e+03
-5.0456e+06 2.6160e+01 2.4317e+03 6.0199e+02 -7.2369e+01 8.9349e+03
-3.5465e+06 2.5956e+01 2.4408e+03 6.5232e+02 1.1750e+01 8.9106e+03
-2.1834e+06 2.4861e+01 2.4495e+03 7.0224e+02 9.0684e+01 8.8859e+03
-1.3762e+06 2.2091e+01 2.4579e+03 7.5174e+02 1.0439e+02 8.8603e+03
-1.1845e+06 1.8959e+01 2.4659e+03 8.0084e+02 7.1968e+01 8.8348e+03
-1.3465e+06 1.7163e+01 2.4737e+03 8.4953e+02 2.1668e+01 8.8096e+03
-1.5230e+06 1.7308e+01 2.4811e+03 8.9782e+02 -2.4464e+01 8.7800e+03
-1.3210e+06 2.0268e+01 2.4882e+03 9.4571e+02 -3.9412e+01 8.7541e+03
-8.0545e+05 2.4456e+01 2.4951e+03 9.9319e+02 -2.3764e+01 8.7078e+03
-2.4471e+05 2.6233e+01 2.5017e+03 1.0403e+03 -5.9199e+00 8.6914e+03
-6.6582e+06 3.6305e+01 2.0005e+03 -6.9966e+02 7.4132e+00 9.3241e+03
-6.8257e+06 3.6305e+01 2.0301e+03 -6.3880e+02 -1.1838e+00 9.3320e+03
-6.6752e+06 3.6306e+01 2.0580e+03 -5.7837e+02 3.1204e+00 9.3069e+03
-6.8040e+06 3.6306e+01 2.0845e+03 -5.1838e+02 -2.2384e+00 9.2993e+03
-6.6962e+06 3.6306e+01 2.1096e+03 -4.5883e+02 1.6881e+00 9.2892e+03
-6.7762e+06 3.6306e+01 2.1334e+03 -3.9974e+02 -2.0214e+00 9.2784e+03
-6.6870e+06 3.6306e+01 2.1559e+03 -3.4111e+02 6.9750e-01 9.2670e+03
-6.7366e+06 3.6305e+01 2.1773e+03 -2.8295e+02 -7.3195e-01 9.2547e+03
-6.6604e+06 3.6303e+01 2.1975e+03 -2.2525e+02 2.2404e+00 9.2419e+03
-6.6910e+06 3.6302e+01 2.2168e+03 -1.6802e+02 1.7539e+00 9.2284e+03
-6.6326e+06 3.6301e+01 2.2351e+03 -1.1124e+02 5.1591e+00 9.2141e+03
-6.6614e+06 3.6300e+01 2.2526e+03 -5.4929e+01 4.3856e+00 9.1991e+03
-6.6425e+06 3.6299e+01 2.2692e+03 9.2813e-01 2.8847e+00 9.1835e+03
-6.7080e+06 3.6295e+01 2.2850e+03 5.6333e+01 3.7096e+00 9.1671e+03
-6.7429e+06 3.6372e+01 2.3000e+03 1.1129e+02 1.2096e+01 9.1507e+03
-6.9835e+06 3.5029e+01 2.3144e+03 1.6580e+02 5.2200e+00 9.1329e+03
-7.2987e+06 3.1004e+01 2.3281e+03 2.1988e+02 -2.6345e+01 9.1127e+03
-7.5009e+06 2.7312e+01 2.3412e+03 2.7352e+02 -5.8436e+01 9.0939e+03
-7.3601e+06 2.6240e+01 2.3537e+03 3.2673e+02 -7.7828e+01 9.0749e+03
-6.7928e+06 2.6274e+01 2.3657e+03 3.7951e+02 -8.0623e+01 9.0538e+03
-5.9111e+06 2.6357e+01 2.3771e+03 4.3186e+02 -5.3590e+01 9.0328e+03
-4.9919e+06 2.6057e+01 2.3881e+03 4.8380e+02 -2.0588e+01 9.0109e+03
-4.0805e+06 2.4788e+01 2.3986e+03 5.3532e+02 -1.1506e+01 8.9874e+03
-3.2749e+06 2.3638e+01 2.4087e+03 5.8643e+02 6.5125e+00 8.9635e+03
-2.1338e+06 2.3251e+01 2.4183e+03 6.3712e+02 5.8077e+01 8.9396e+03
-1.2268e+06 2.1729e+01 2.4276e+03 6.8741e+02 8.5329e+01 8.9147e+03
-1.0136e+06 1.8920e+01 2.4365e+03 7.3729e+02 6.6445e+01 8.8890e+03
-1.1720e+06 1.7113e+01 2.4450e+03 7.8676e+02 3.2185e+01 8.8633e+03
-1.4541e+06 1.6732e+01 2.4532e+03 8.3583e+02 -8.4319e+00 8.8374e+03
-1.5034e+06 1.8488e+01 2.4611e+03 8.8450e+02 -2.7673e+01 8.8074e+03
-1.2722e+06 2.2637e+01 2.4687e+03 9.3277e+02 -1.1129e+01 8.7815e+03
-8.6555e+05 2.5672e+01 2.4761e+03 9.8063e+02 5.5643e+00 8.7352e+03
-4.8622e+05 2.6285e+01 2.4831e+03 1.0281e+03 4.2733e+00 8.7189e+03
-6.7479e+06 3.6305e+01 1.9578e+03 -7.1572e+02 5.4007e+00 9.3555e+03
-6.8395e+06 3.6305e+01 1.9885e+03 -6.5527e+02 -1.0119e+00 9.3632e+03
-6.7499e+06 3.6306e+01 2.0175e+03 -5.9516e+02 1.3480e+00 9.3381e+03
-6.7759e+06 3.6306e+01 2.0451e+03 -5.3543e+02 -2.8899e-01 9.3304e+03
-6.7035e+06 3.6306e+01 2.0712e+03 -4.7607e+02 3.2170e+00 9.3202e+03
-6.7273e+06 3.6306e+01 2.0959e+03 -4.1712e+02 1.0877e+00 9.3093e+03
-6.6951e+06 3.6305e+01 2.1194e+03 -3.5858e+02 2.3502e+00 9.2978e+03
-6.7069e+06 3.6304e+01 2.1418e+03 -3.0045e+02 1.1169e+00 9.2855e+03
-6.6877e+06 3.6303e+01 2.1630e+03 -2.4274e+02 2.4285e+00 9.2727e+03
-6.7029e+06 3.6301e+01 2.1832e+03 -1.8545e+02 1.0582e+00 9.2590e+03
-6.7127e+06 3.6299e+01 2.2024e+03 -1.2859e+02 1.9901e+00 9.2447e+03
-6.7490e+06 3.6296e+01 2.2207e+03 -7.2163e+01 8.7891e-01 9.2298e+03
-6.7742e+06 3.6292e+01 2.2381e+03 -1.6158e+01 3.1668e+00 9.2139e+03
-6.7620e+06 3.6285e+01 2.2547e+03 3.9422e+01 1.1928e+01 9.1980e+03
-6.7896e+06 3.5860e+01 2.2706e+03 9.4577e+01 1.8057e+01 9.1811e+03
-6.9238e+06 3.3055e+01 2.2857e+03 1.4931e+02 -8.1338e+00 9.1611e+03
-7.0654e+06 2.8595e+01 2.3002e+03 2.0362e+02 -5.3999e+01 9.1416e+03
-6.8741e+06 2.6410e+01 2.3140e+03 2.5751e+02 -8.5252e+01 9.1235e+03
-6.3411e+06 2.6296e+01 2.3272e+03 3.1099e+02 -1.0378e+02 9.1040e+03
-5.4720e+06 2.6296e+01 2.3398e+03 3.6406e+02 -9.0708e+01 9.0835e+03
-4.1872e+06 2.5903e+01 2.3519e+03 4.1671e+02 -2.7170e+01 9.0619e+03
-3.0845e+06 2.3857e+01 2.3635e+03 4.6895e+02 3.1257e+01 9.0391e+03
-2.5556e+06 2.0696e+01 2.3746e+03 5.2078e+02 4.0563e+01 9.0159e+03
-1.9434e+06 1.9024e+01 2.3852e+03 5.7221e+02 3.0242e+01 8.9929e+03
-1.4348e+06 1.8968e+01 2.3955e+03 6.2323e+02 2.7769e+01 8.9689e+03
-1.1582e+06 1.8481e+01 2.4053e+03 6.7385e+02 2.1871e+01 8.9433e+03
-1.0099e+06 1.7307e+01 2.4147e+03 7.2407e+02 1.2488e+01 8.9172e+03
-1.1752e+06 1.6728e+01 2.4238e+03 7.7388e+02 -1.8703e-01 8.8910e+03
-1.4934e+06 1.6735e+01 2.4325e+03 8.2329e+02 -2.4189e+01 8.8646e+03
-1.6646e+06 1.8535e+01 2.4408e+03 8.7231e+02 -2.5336e+01 8.8346e+03
-1.3843e+06 2.2114e+01 2.4489e+03 9.2092e+02 1.3973e-02 8.8086e+03
-1.0411e+06 2.3916e+01 2.4567e+03 9.6913e+02 1.2390e+01 8.7622e+03
-7.0000e+05 2.3932e+01 2.4641e+03 1.0169e+03 3.0740e+00 8.7460e+03
-6.8779e+06 3.6305e+01 1.9155e+03 -7.2900e+02 -2.7313e-01 9.3863e+03
-6.7527e+06 3.6305e+01 1.9472e+03 -6.6903e+02 4.8225e+00 9.3941e+03
-6.8300e+06 3.6306e+01 1.9772e+03 -6.0933e+02 -1.6774e+00 9.3689e+03
-6.7725e+06 3.6305e+01 2.0057e+03 -5.4993e+02 1.5798e+00 9.3613e+03
-6.8205e+06 3.6305e+01 2.0328e+03 -4.9085e+02 -1.7314e+00 9.3510e+03
-6.7739e+06 3.6305e+01 2.0585e+03 -4.3211e+02 3.9686e-01 9.3400e+03
-6.7848e+06 3.6304e+01 2.0830e+03 -3.7372e+02 -1.2465e+00 9.3284e+03
-6.7534e+06 3.6303e+01 2.1063e+03 -3.1570e+02 7.4034e-01 9.3161e+03
-6.7535e+06 3.6301e+01 2.1284e+03 -2.5805e+02 1.3977e-01 9.3031e+03
-6.7365e+06 3.6299e+01 2.1495e+03 -2.0079e+02 2.4511e+00 9.2892e+03
-6.7302e+06 3.6294e+01 2.1695e+03 -1.4391e+02 4.7636e+00 9.2750e+03
-6.7282e+06 3.6287e+01 2.1887e+03 -8.7422e+01 8.4248e+00 9.2602e+03
-6.7360e+06 3.6274e+01 2.2069e+03 -3.1332e+01 1.7940e+01 9.2437e+03
-6.8486e+06 3.6086e+01 2.2243e+03 2.4361e+01 2.7705e+01 9.2276e+03
-7.0939e+06 3.4195e+01 2.2409e+03 7.9655e+01 2.1862e+00 9.2092e+03
-7.2143e+06 3.0131e+01 2.2568e+03 1.3455e+02 -3.6786e+01 9.1894e+03
-6.7014e+06 2.6998e+01 2.2720e+03 1.8905e+02 -5.0732e+01 9.1725e+03
-5.6399e+06 2.6238e+01 2.2865e+03 2.4314e+02 -4.0682e+01 9.1538e+03
-4.3282e+06 2.6263e+01 2.3004e+03 2.9684e+02 -1.7830e+01 9.1331e+03
-3.0591e+06 2.5699e+01 2.3136e+03 3.5013e+02 1.2269e+01 9.1120e+03
-2.2320e+06 2.3538e+01 2.3264e+03 4.0303e+02 3.5125e+01 9.0901e+03
-1.8509e+06 2.0158e+01 2.3386e+03 4.5553e+02 3.9204e+01 9.0674e+03
-1.4732e+06 1.7578e+01 2.3503e+03 5.0764e+02 2.4132e+01 9.0447e+03
-1.3660e+06 1.6897e+01 2.3615e+03 5.5934e+02 9.2712e-01 9.0218e+03
-1.0452e+06 1.8311e+01 2.3723e+03 6.1065e+02 -5.8392e+00 8.9972e+03
-7.3207e+05 2.0444e+01 2.3826e+03 6.6156e+02 3.5066e+00 8.9708e+03
-8.8458e+05 1.9976e+01 2.3926e+03 7.1208e+02 -2.3627e+00 8.9444e+03
-1.2868e+06 1.7706e+01 2.4022e+03 7.6220e+02 -2.1076e+01 8.9183e+03
-1.6339e+06 1.6740e+01 2.4114e+03 8.1192e+02 -3.4444e+01 8.8918e+03
-1.6906e+06 1.7358e+01 2.4202e+03 8.6125e+02 -2.9492e+01 8.8615e+03
-1.6250e+06 1.8562e+01 2.4287e+03 9.1017e+02 -1.7509e+01 8.8350e+03
-1.4639e+06 1.9150e+01 2.4370e+03 9.5870e+02 -1.4679e+01 8.7884e+03
-1.2644e+06 1.9146e+01 2.4449e+03 1.0068e+03 -2.4776e+01 8.7721e+03
-6.9785e+06 3.6304e+01 1.8736e+03 -7.3959e+02 -1.6361e+00 9.4166e+03
-6.7606e+06 3.6305e+01 1.9062e+03 -6.8017e+02 4.8520e+00 9.4245e+03
-6.9210e+06 3.6306e+01 1.9372e+03 -6.2095e+02 -3.7648e+00 9.3992e+03
-6.7291e+06 3.6305e+01 1.9666e+03 -5.6195e+02 4.0113e+00 9.3915e+03
-6.8173e+06 3.6305e+01 1.9946e+03 -5.0322e+02 6.6876e-01 9.3811e+03
-6.6995e+06 3.6305e+01 2.0213e+03 -4.4475e+02 4.7152e+00 9.3701e+03
-6.7813e+06 3.6303e+01 2.0466e+03 -3.8659e+02 1.6400e+00 9.3583e+03
-6.7101e+06 3.6302e+01 2.0707e+03 -3.2874e+02 3.8544e+00 9.3460e+03
-6.7755e+06 3.6298e+01 2.0937e+03 -2.7122e+02 2.1969e+00 9.3328e+03
-6.7420e+06 3.6291e+01 2.1157e+03 -2.1404e+02 7.3163e+00 9.3190e+03
-6.8330e+06 3.6390e+01 2.1365e+03 -1.5721e+02 1.0165e+01 9.3050e+03
-6.9208e+06 3.5910e+01 2.1565e+03 -1.0073e+02 9.1404e+00 9.2894e+03
-7.0684e+06 3.5773e+01 2.1755e+03 -4.4611e+01 2.0655e+01 9.2746e+03
-7.2108e+06 3.5231e+01 2.1937e+03 1.1137e+01 2.1294e+01 9.2560e+03
-7.5247e+06 3.0618e+01 2.2111e+03 6.6515e+01 -4.4578e+01 9.2359e+03
-6.9439e+06 2.6067e+01 2.2277e+03 1.2152e+02 -6.7015e+01 9.2211e+03
-5.3224e+06 2.5691e+01 2.2435e+03 1.7614e+02 -2.2172e+00 9.2039e+03
-3.2939e+06 2.6278e+01 2.2587e+03 2.3039e+02 7.7357e+01 9.1826e+03
-1.6251e+06 2.5752e+01 2.2733e+03 2.8426e+02 1.3245e+02 9.1612e+03
-8.7935e+05 2.3398e+01 2.2872e+03 3.3774e+02 1.2504e+02 9.1403e+03
-7.7873e+05 1.9856e+01 2.3006e+03 3.9084e+02 6.6794e+01 9.1185e+03
-8.6305e+05 1.7486e+01 2.3134e+03 4.4356e+02 1.6859e+01 9.0960e+03
-1.0307e+06 1.7097e+01 2.3257e+03 4.9589e+02 -5.2494e+00 9.0730e+03
-7.3715e+05 1.8617e+01 2.3375e+03 5.4783e+02 -6.7960e+00 9.0491e+03
-4.9193e+05 2.2664e+01 2.3488e+03 5.9939e+02 1.0124e+01 9.0242e+03
-4.1246e+05 2.7059e+01 2.3597e+03 6.5056e+02 3.2845e+01 8.9983e+03
-5.0519e+05 2.6531e+01 2.3702e+03 7.0134e+02 2.8745e+01 8.9716e+03
-9.6964e+05 2.1456e+01 2.3803e+03 7.5172e+02 -2.7722e-01 8.9451e+03
-1.4904e+06 1.7643e+01 2.3900e+03 8.0172e+02 -2.2296e+01 8.9186e+03
-1.8708e+06 1.6745e+01 2.3993e+03 8.5132e+02 -2.2515e+01 8.8883e+03
-1.8876e+06 1.6743e+01 2.4083e+03 9.0053e+02 -1.5227e+01 8.8615e+03
-1.7783e+06 1.6740e+01 2.4169e+03 9.4935e+02 -1.3052e+01 8.8143e+03
-1.5516e+06 1.6741e+01 2.4253e+03 9.9776e+02 -2.2267e+01 8.7975e+03
-6.8705e+06 3.6305e+01 1.8322e+03 -7.4758e+02 3.6963e+00 9.4469e+03
-6.8679e+06 3.6305e+01 1.8656e+03 -6.8878e+02 2.3197e+00 9.4541e+03
-6.8367e+06 3.6306e+01 1.8975e+03 -6.3009e+02 2.3812e+00 9.4288e+03
-6.8742e+06 3.6306e+01 1.9278e+03 -5.7156e+02 -1.9939e-01 9.4211e+03
-6.8563e+06 3.6305e+01 1.9566e+03 -5.1323e+02 5.9287e-01 9.4106e+03
-6.8677e+06 3.6304e+01 1.9841e+03 -4.5511e+02 -3.2403e-01 9.3995e+03
-6.8312e+06 3.6302e+01 2.0103e+03 -3.9723e+02 1.4341e+00 9.3877e+03
-6.8416e+06 3.6299e+01 2.0353e+03 -3.3962e+02 1.1244e+00 9.3752e+03
-6.8140e+06 3.6294e+01 2.0591e+03 -2.8228e+02 5.4281e+00 9.3619e+03
-6.8409e+06 3.6338e+01 2.0818e+03 -2.2525e+02 1.3320e+01 9.3485e+03
-6.9139e+06 3.5930e+01 2.1035e+03 -1.6851e+02 1.4137e+01 9.3338e+03
-7.1446e+06 3.3633e+01 2.1242e+03 -1.1210e+02 -1.3199e+00 9.3165e+03
-7.3187e+06 3.2300e+01 2.1440e+03 -5.6016e+01 3.9282e+00 9.3044e+03
-7.6616e+06 3.0764e+01 2.1630e+03 -2.6610e-01 -1.3186e+01 9.2853e+03
-8.0420e+06 2.4388e+01 2.1811e+03 5.5142e+01 -1.0270e+02 9.2660e+03
-7.2651e+06 2.1141e+01 2.1984e+03 1.1020e+02 -1.1744e+02 9.2542e+03
-4.8889e+06 2.4009e+01 2.2149e+03 1.6491e+02 -3.6376e+00 9.2340e+03
-2.1602e+06 2.5525e+01 2.2308e+03 2.1926e+02 1.2475e+02 9.2107e+03
-2.3325e+05 2.3508e+01 2.2460e+03 2.7325e+02 1.8082e+02 9.1888e+03
3.9091e+05 1.9886e+01 2.2606e+03 3.2687e+02 1.3129e+02 9.1680e+03
-3.3201e+04 1.7383e+01 2.2746e+03 3.8013e+02 3.8484e+01 9.1466e+03
-5.0926e+05 1.7398e+01 2.2880e+03 4.3302e+02 -9.3555e+00 9.1239e+03
-3.5746e+05 1.9667e+01 2.3009e+03 4.8554e+02 -2.7653e+00 9.1004e+03
-2.6742e+05 2.3744e+01 2.3132e+03 5.3768e+02 1.9183e+01 9.0759e+03
-3.3120e+03 2.8458e+01 2.3251e+03 5.8944e+02 4.1913e+01 9.0506e+03
1.2617e+05 3.1487e+01 2.3365e+03 6.4083e+02 5.9324e+01 9.0249e+03
-2.8146e+05 3.1163e+01 2.3475e+03 6.9183e+02 6.1173e+01 8.9987e+03
-9.0742e+05 2.6794e+01 2.3581e+03 7.4246e+02 4.2721e+01 8.9717e+03
-1.5323e+06 2.0746e+01 2.3683e+03 7.9269e+02 1.6524e+01 8.9443e+03
-1.8809e+06 1.7357e+01 2.3781e+03 8.4254e+02 5.8219e+00 8.9137e+03
-2.1553e+06 1.6742e+01 2.3875e+03 8.9200e+02 9.2150e+00 8.8870e+03
-2.2304e+06 1.6740e+01 2.3967e+03 9.4107e+02 1.4994e+01 8.8401e+03
-2.1779e+06 1.6740e+01 2.4054e+03 9.8975e+02 1.0353e+01 8.8233e+03
-6.7482e+06 3.6306e+01 1.7913e+03 -7.5308e+02 1.1080e+01 9.4773e+03
-7.0723e+06 3.6306e+01 1.8256e+03 -6.9493e+02 -4.2469e+00 9.4839e+03
-6.7970e+06 3.6307e+01 1.8582e+03 -6.3683e+02 6.2148e+00 9.4578e+03
-6.9445e+06 3.6306e+01 1.8893e+03 -5.7883e+02 -7.6586e-01 9.4500e+03
-6.7355e+06 3.6305e+01 1.9189e+03 -5.2095e+02 8.9201e+00 9.4396e+03
-6.8509e+06 3.6303e+01 1.9472e+03 -4.6323e+02 3.6247e+00 9.4283e+03
-6.7504e+06 3.6301e+01 1.9742e+03 -4.0570e+02 8.0492e+00 9.4165e+03
-6.8468e+06 3.6296e+01 2.0000e+03 -3.4837e+02 4.6586e+00 9.4037e+03
-6.8072e+06 3.6288e+01 2.0246e+03 -2.9128e+02 1.3762e+01 9.3909e+03
-6.9672e+06 3.5903e+01 2.0481e+03 -2.3444e+02 1.4918e+01 9.3774e+03
-7.2109e+06 3.3671e+01 2.0705e+03 -1.7787e+02 1.8568e+00 9.3616e+03
-7.5840e+06 2.9737e+01 2.0920e+03 -1.2157e+02 -2.0513e+01 9.3453e+03
-7.7483e+06 2.7305e+01 2.1125e+03 -6.5570e+01 -1.5222e+01 9.3315e+03
-8.0146e+06 2.4551e+01 2.1322e+03 -9.8699e+00 -4.2121e+01 9.3120e+03
-8.0633e+06 1.9621e+01 2.1510e+03 4.5518e+01 -1.1508e+02 9.2938e+03
-6.8399e+06 1.8981e+01 2.1689e+03 1.0059e+02 -1.2519e+02 9.2798e+03
-4.1749e+06 2.3119e+01 2.1862e+03 1.5533e+02 -1.5423e+01 9.2597e+03
-1.2286e+06 2.4690e+01 2.2027e+03 2.0973e+02 1.2410e+02 9.2374e+03
6.1455e+05 2.2200e+01 2.2186e+03 2.6380e+02 1.7104e+02 9.2161e+03
7.9900e+05 1.9331e+01 2.2338e+03 3.1752e+02 1.0032e+02 9.1954e+03
3.5023e+05 1.8062e+01 2.2484e+03 3.7089e+02 1.0994e+01 9.1735e+03
4.1734e+04 1.9653e+01 2.2624e+03 4.2391e+02 -1.6703e+01 9.1507e+03
-1.1275e+05 2.4377e+01 2.2758e+03 4.7658e+02 7.7733e+00 9.1272e+03
2.1869e+05 2.9239e+01 2.2887e+03 5.2888e+02 3.9302e+01 9.1024e+03
1.9868e+05 3.1764e+01 2.3012e+03 5.8081e+02 5.5320e+01 9.0772e+03
-2.3164e+05 3.2221e+01 2.3131e+03 6.3238e+02 5.9638e+01 9.0516e+03
-6.6131e+05 3.1641e+01 2.3246e+03 6.8358e+02 6.6993e+01 9.0249e+03
-1.2288e+06 2.9224e+01 2.3357e+03 7.3440e+02 7.3104e+01 8.9972e+03
-1.8460e+06 2.4520e+01 2.3464e+03 7.8485e+02 6.4436e+01 8.9696e+03
-2.5848e+06 1.9966e+01 2.3567e+03 8.3491e+02 3.4853e+01 8.9387e+03
-3.0454e+06 1.7445e+01 2.3666e+03 8.8459e+02 1.1777e+01 8.9120e+03
-3.2392e+06 1.6740e+01 2.3761e+03 9.3389e+02 1.5872e+01 8.8648e+03
-3.2613e+06 1.6742e+01 2.3853e+03 9.8279e+02 8.1126e+00 8.8487e+03
-6.8587e+06 3.6304e+01 1.7511e+03 -7.5616e+02 7.5817e+00 9.5069e+03
-6.9676e+06 3.6304e+01 1.7860e+03 -6.9872e+02 1.8302e+00 9.5135e+03
-6.8404e+06 3.6304e+01 1.8193e+03 -6.4126e+02 6.1263e+00 9.4883e+03
-6.9668e+06 3.6303e+01 1.8512e+03 -5.8382e+02 1.1696e+00 9.4802e+03
-6.8981e+06 3.6301e+01 1.8816e+03 -5.2645e+02 3.5171e+00 9.4698e+03
-6.9685e+06 3.6299e+01 1.9106e+03 -4.6917e+02 1.8359e-01 9.4585e+03
-6.8948e+06 3.6296e+01 1.9383e+03 -4.1203e+02 3.5746e+00 9.4465e+03
-6.9419e+06 3.6288e+01 1.9648e+03 -3.5505e+02 8.1736e+00 9.4339e+03
-6.9381e+06 3.6154e+01 1.9902e+03 -2.9826e+02 1.7928e+01 9.4213e+03
-7.1711e+06 3.4478e+01 2.0144e+03 -2.4166e+02 9.8653e+00 9.4060e+03
-7.4395e+06 3.0515e+01 2.0376e+03 -1.8530e+02 -1.1770e+01 9.3899e+03
-7.5846e+06 2.7141e+01 2.0598e+03 -1.2917e+02 -1.4227e+01 9.3760e+03
-7.5050e+06 2.5777e+01 2.0810e+03 -7.3299e+01 6.1786e+00 9.3599e+03
-7.7519e+06 2.3618e+01 2.1013e+03 -1.7698e+01 -1.6283e+01 9.3403e+03
-7.9176e+06 2.0805e+01 2.1208e+03 3.7623e+01 -8.0448e+01 9.3227e+03
-7.1040e+06 2.1275e+01 2.1395e+03 9.2651e+01 -1.1201e+02 9.3063e+03
-4.6906e+06 2.4307e+01 2.1573e+03 1.4738e+02 -4.1191e+01 9.2874e+03
-1.6481e+06 2.5406e+01 2.1745e+03 2.0180e+02 1.0305e+02 9.2663e+03
5.4838e+05 2.4343e+01 2.1910e+03 2.5590e+02 1.8176e+02 9.2450e+03
1.2267e+06 2.3018e+01 2.2068e+03 3.0968e+02 1.2828e+02 9.2231e+03
7.0941e+05 2.1964e+01 2.2220e+03 3.6312e+02 2.9481e+01 9.2009e+03
1.5330e+05 2.3064e+01 2.2366e+03 4.1623e+02 -1.4313e+01 9.1784e+03
2.7820e+05 2.7095e+01 2.2506e+03 4.6900e+02 1.5162e+00 9.1549e+03
1.2790e+05 3.0954e+01 2.2641e+03 5.2143e+02 3.5415e+01 9.1302e+03
-6.9573e+04 3.2099e+01 2.2770e+03 5.7350e+02 6.4977e+01 9.1043e+03
-7.6620e+05 3.1330e+01 2.2895e+03 6.2521e+02 5.7010e+01 9.0780e+03
-2.0391e+06 2.9775e+01 2.3015e+03 6.7657e+02 2.2323e+01 9.0515e+03
-2.8929e+06 2.7917e+01 2.3131e+03 7.2755e+02 2.0027e+01 9.0241e+03
-3.2709e+06 2.6260e+01 2.3242e+03 7.7818e+02 4.4185e+01 8.9962e+03
-3.6412e+06 2.3492e+01 2.3350e+03 8.2842e+02 3.1175e+01 8.9646e+03
-4.3264e+06 1.9482e+01 2.3453e+03 8.7829e+02 -1.0239e+01 8.9375e+03
-4.8280e+06 1.7118e+01 2.3553e+03 9.2778e+02 -3.3177e+01 8.8904e+03
-5.1646e+06 1.6755e+01 2.3650e+03 9.7689e+02 -6.4894e+01 8.8738e+03
-7.1061e+06 3.6302e+01 1.7114e+03 -7.5693e+02 -5.6756e+00 9.5349e+03
-6.8934e+06 3.6304e+01 1.7470e+03 -7.0023e+02 -8.9632e-01 9.5440e+03
-7.0787e+06 3.6305e+01 1.7810e+03 -6.4344e+02 -1.1777e+01 9.5153e+03
-6.8318e+06 3.6303e+01 1.8135e+03 -5.8661e+02 -2.8016e-01 9.5080e+03
-6.9231e+06 3.6301e+01 1.8446e+03 -5.2978e+02 -4.3808e+00 9.4973e+03
-6.7932e+06 3.6298e+01 1.8743e+03 -4.7300e+02 1.3240e+00 9.4860e+03
-6.9077e+06 3.6291e+01 1.9027e+03 -4.1630e+02 6.5830e-01 9.4741e+03
-6.8695e+06 3.6357e+01 1.9299e+03 -3.5971e+02 1.2882e+01 9.4620e+03
-7.1062e+06 3.5508e+01 1.9559e+03 -3.0325e+02 9.9914e+00 9.4481e+03
-7.3924e+06 3.2138e+01 1.9809e+03 -2.4695e+02 -8.5160e+00 9.4323e+03
-7.7221e+06 2.8104e+01 2.0047e+03 -1.9084e+02 -2.8756e+01 9.4181e+03
-7.6331e+06 2.6389e+01 2.0276e+03 -1.3493e+02 -1.1351e+01 9.4041e+03
-7.4983e+06 2.6256e+01 2.0495e+03 -7.9233e+01 1.3749e+01 9.3875e+03
-7.4810e+06 2.5677e+01 2.0705e+03 -2.3776e+01 7.0161e+00 9.3693e+03
-7.4776e+06 2.4652e+01 2.0906e+03 3.1433e+01 -3.9841e+01 9.3507e+03
-6.6172e+06 2.4796e+01 2.1099e+03 8.6379e+01 -8.8621e+01 9.3319e+03
-4.5928e+06 2.5820e+01 2.1284e+03 1.4105e+02 -5.5651e+01 9.3123e+03
-1.7589e+06 2.6184e+01 2.1462e+03 1.9544e+02 8.9960e+01 9.2922e+03
3.7889e+05 2.6303e+01 2.1633e+03 2.4954e+02 1.9521e+02 9.2717e+03
9.9411e+05 2.6768e+01 2.1797e+03 3.0333e+02 1.6737e+02 9.2494e+03
9.1478e+05 2.6987e+01 2.1955e+03 3.5681e+02 8.5026e+01 9.2266e+03
6.5409e+05 2.7175e+01 2.2106e+03 4.0997e+02 1.7309e+01 9.2043e+03
9.6620e+04 2.8714e+01 2.2252e+03 4.6281e+02 -5.1825e+00 9.1807e+03
7.1440e+03 3.0844e+01 2.2392e+03 5.1532e+02 3.1353e+01 9.1551e+03
-8.3226e+05 3.1032e+01 2.2527e+03 5.6749e+02 5.5201e+01 9.1293e+03
-2.5798e+06 2.9315e+01 2.2657e+03 6.1932e+02 -1.8503e+00 9.1032e+03
-3.9710e+06 2.7497e+01 2.2782e+03 6.7079e+02 -6.8077e+01 9.0762e+03
-4.5764e+06 2.6490e+01 2.2903e+03 7.2192e+02 -6.0691e+01 9.0486e+03
-4.7631e+06 2.6336e+01 2.3019e+03 7.7268e+02 -2.1205e+01 9.0206e+03
-5.1547e+06 2.5404e+01 2.3131e+03 8.2308e+02 -1.3555e+01 8.9891e+03
-5.5683e+06 2.2650e+01 2.3239e+03 8.7311e+02 -3.5454e+01 8.9628e+03
-6.0050e+06 1.9965e+01 2.3343e+03 9.2277e+02 -6.2006e+01 8.9124e+03
-6.2708e+06 1.8948e+01 2.3444e+03 9.7205e+02 -9.9138e+01 8.8968e+03
-7.2041e+06 3.6304e+01 1.6725e+03 -7.5549e+02 -6.0523e+00 9.5611e+03
-6.8114e+06 3.6306e+01 1.7086e+03 -6.9955e+02 2.7648e+00 9.5665e+03
-7.0733e+06 3.6308e+01 1.7431e+03 -6.4346e+02 -1.3566e+01 9.5490e+03
-6.9100e+06 3.6306e+01 1.7763e+03 -5.8727e+02 -6.3300e+00 9.5392e+03
-7.1224e+06 3.6302e+01 1.8080e+03 -5.3103e+02 -1.5405e+01 9.5287e+03
-6.9900e+06 3.6298e+01 1.8383e+03 -4.7478e+02 -7.3624e+00 9.5171e+03
-7.1101e+06 3.6363e+01 1.8674e+03 -4.1856e+02 -4.0918e+00 9.5054e+03
-7.1194e+06 3.5911e+01 1.8952e+03 -3.6239e+02 3.5794e+00 9.4926e+03
-7.4508e+06 3.3229e+01 1.9219e+03 -3.0631e+02 -1.1380e+01 9.4778e+03
-7.6744e+06 2.9077e+01 1.9475e+03 -2.5035e+02 -2.5104e+01 9.4641e+03
-7.7501e+06 2.6666e+01 1.9720e+03 -1.9453e+02 -2.5143e+01 9.4501e+03
-7.3789e+06 2.6251e+01 1.9955e+03 -1.3888e+02 6.0900e+00 9.4339e+03
-7.1356e+06 2.6256e+01 2.0181e+03 -8.3405e+01 2.5443e+01 9.4171e+03
-7.2625e+06 2.6262e+01 2.0397e+03 -2.8132e+01 1.0141e+01 9.3999e+03
-7.4896e+06 2.6277e+01 2.0604e+03 2.6923e+01 -3.5556e+01 9.3820e+03
-7.2035e+06 2.6296e+01 2.0804e+03 8.1746e+01 -9.1282e+01 9.3630e+03
-5.8034e+06 2.6290e+01 2.0995e+03 1.3632e+02 -8.6506e+01 9.3428e+03
-3.5986e+06 2.6304e+01 2.1179e+03 1.9064e+02 9.3223e+00 9.3227e+03
-1.6888e+06 2.7189e+01 2.1355e+03 2.4469e+02 8.4738e+01 9.3027e+03
-1.9818e+05 2.9251e+01 2.1525e+03 2.9846e+02 1.1448e+02 9.2802e+03
5.1548e+05 3.0704e+01 2.1688e+03 3.5194e+02 1.2350e+02 9.2565e+03
5.4689e+05 3.0893e+01 2.1845e+03 4.0512e+02 8.4294e+01 9.2339e+03
4.0866e+05 3.1082e+01 2.1997e+03 4.5799e+02 3.5707e+01 9.2092e+03
-7.2570e+05 3.0875e+01 2.2142e+03 5.1055e+02 1.2470e+01 9.1832e+03
-2.2243e+06 2.9255e+01 2.2282e+03 5.6278e+02 -2.2762e+01 9.1578e+03
-3.9196e+06 2.7344e+01 2.2417e+03 6.1469e+02 -8.7821e+01 9.1318e+03
-5.5068e+06 2.6431e+01 2.2547e+03 6.6626e+02 -1.2885e+02 9.1050e+03
-6.0616e+06 2.6262e+01 2.2673e+03 7.1748e+02 -1.0116e+02 9.0766e+03
-5.9867e+06 2.6248e+01 2.2794e+03 7.6836e+02 -4.7454e+01 9.0479e+03
-5.8010e+06 2.6009e+01 2.2910e+03 8.1888e+02 -1.6090e+01 9.0168e+03
-6.0795e+06 2.5518e+01 2.3023e+03 8.6905e+02 -1.4875e+01 8.9893e+03
-6.5268e+06 2.4427e+01 2.3131e+03 9.1884e+02 -3.1955e+01 8.9443e+03
-6.9441e+06 2.3495e+01 2.3236e+03 9.6827e+02 -5.9303e+01 8.9171e+03
-6.9420e+06 3.6304e+01 1.6342e+03 -7.5191e+02 1.0272e+01 9.5906e+03
-7.1311e+06 3.6302e+01 1.6708e+03 -6.9676e+02 -2.2929e+00 9.5822e+03
-6.9661e+06 3.6301e+01 1.7059e+03 -6.4140e+02 7.1326e+00 9.5760e+03
-6.9854e+06 3.6300e+01 1.7395e+03 -5.8588e+02 5.3701e+00 9.5633e+03
-6.8325e+06 3.6297e+01 1.7718e+03 -5.3026e+02 1.4186e+01 9.5531e+03
-6.9042e+06 3.6298e+01 1.8027e+03 -4.7457e+02 1.5705e+01 9.5416e+03
-6.9649e+06 3.5823e+01 1.8324e+03 -4.1886e+02 1.8860e+01 9.5298e+03
-7.3030e+06 3.3450e+01 1.8609e+03 -3.6315e+02 1.5774e-01 9.5159e+03
-7.6185e+06 2.9489e+01 1.8882e+03 -3.0750e+02 -1.5554e+01 9.5022e+03
-7.8581e+06 2.6802e+01 1.9143e+03 -2.5191e+02 -1.8346e+01 9.4893e+03
-7.8848e+06 2.6219e+01 1.9395e+03 -1.9642e+02 -1.1252e+01 9.4738e+03
-7.8005e+06 2.6255e+01 1.9636e+03 -1.4106e+02 -2.4600e+00 9.4572e+03
-7.6972e+06 2.6255e+01 1.9867e+03 -8.5848e+01 3.9095e+00 9.4408e+03
-7.6382e+06 2.6261e+01 2.0090e+03 -3.0799e+01 -4.0885e+00 9.4234e+03
-7.3842e+06 2.6272e+01 2.0303e+03 2.4064e+01 -1.8196e+01 9.4050e+03
-6.6567e+06 2.6284e+01 2.0508e+03 7.8726e+01 -3.2166e+01 9.3853e+03
-5.6365e+06 2.6285e+01 2.0706e+03 1.3317e+02 -2.9351e+01 9.3654e+03
-4.6932e+06 2.6432e+01 2.0895e+03 1.8738e+02 -2.9828e+01 9.3454e+03
-3.9067e+06 2.8057e+01 2.1077e+03 2.4135e+02 -6.5285e+01 9.3258e+03
-2.7597e+06 3.0868e+01 2.1253e+03 2.9506e+02 -3.5384e+01 9.3032e+03
-7.4944e+05 3.2222e+01 2.1422e+03 3.4850e+02 9.9925e+01 9.2777e+03
5.5682e+05 3.2274e+01 2.1584e+03 4.0166e+02 1.6090e+02 9.2555e+03
3.5197e+04 3.2082e+01 2.1740e+03 4.5453e+02 1.0827e+02 9.2322e+03
-1.0285e+06 3.0501e+01 2.1891e+03 5.0710e+02 2.8667e+01 9.2058e+03
-3.0746e+06 2.8295e+01 2.2036e+03 5.5937e+02 -6.6727e+01 9.1802e+03
-5.1740e+06 2.7265e+01 2.2176e+03 6.1132e+02 -1.3551e+02 9.1542e+03
-6.1100e+06 2.6691e+01 2.2311e+03 6.6295e+02 -1.3179e+02 9.1265e+03
-6.3583e+06 2.6282e+01 2.2441e+03 7.1425e+02 -7.8785e+01 9.0971e+03
-6.3120e+06 2.6254e+01 2.2567e+03 7.6521e+02 -2.5020e+01 9.0680e+03
-6.4375e+06 2.6232e+01 2.2688e+03 8.1582e+02 1.3168e+00 9.0384e+03
-6.4790e+06 2.6390e+01 2.2805e+03 8.6609e+02 8.4575e+00 9.0064e+03
-6.6866e+06 2.6330e+01 2.2918e+03 9.1600e+02 4.4363e+00 8.9758e+03
-6.9193e+06 2.6058e+01 2.3027e+03 9.6554e+02 -1.3676e+01 8.9431e+03
