5.5000e-01 1.0000e+00 2.5205e+03 0.0000e+00 2.8767e-05 6.7716e-04 2.2731e-04 5.8787e-05 3.4811e-01
5.5426e-01 8.9743e-01 2.3191e+03 1.3005e+02 4.2298e-05 5.2870e-04 1.6511e-04 9.6065e-05 3.3318e-01
5.5853e-01 8.2649e-01 2.2681e+03 2.2990e+02 5.3421e-05 3.8760e-04 1.6411e-04 2.1704e-04 3.0549e-01
5.6279e-01 7.8454e-01 2.2612e+03 3.1398e+02 7.3950e-05 4.0281e-04 2.1811e-04 3.1526e-04 2.8083e-01
5.6705e-01 7.5847e-01 2.2632e+03 3.8819e+02 9.2729e-05 3.8904e-04 2.2602e-04 2.9449e-04 2.5750e-01
5.7131e-01 7.3997e-01 2.2665e+03 4.5442e+02 8.8062e-05 3.8159e-04 2.7385e-04 3.2104e-04 2.3517e-01
5.7557e-01 7.2537e-01 2.2693e+03 5.1386e+02 9.4679e-05 3.5902e-04 3.0209e-04 4.4667e-04 2.1349e-01
5.7984e-01 7.1311e-01 2.2710e+03 5.6770e+02 1.1117e-04 3.5977e-04 3.1958e-04 5.2688e-04 1.9203e-01
5.8410e-01 7.0249e-01 2.2713e+03 6.1709e+02 1.1812e-04 4.6578e-04 3.7612e-04 7.4834e-04 1.7196e-01
5.8836e-01 6.9310e-01 2.2704e+03 6.6317e+02 1.3058e-04 6.1886e-04 4.8266e-04 1.0087e-03 1.5466e-01
5.9263e-01 6.8466e-01 2.2683e+03 7.0683e+02 1.4748e-04 7.7751e-04 6.7744e-04 8.7598e-04 1.4018e-01
5.9689e-01 6.7699e-01 2.2656e+03 7.4859e+02 1.9438e-04 7.7015e-04 8.2909e-04 6.4745e-04 1.2774e-01
6.0115e-01 6.6992e-01 2.2628e+03 7.8872e+02 2.9339e-04 6.1769e-04 8.4577e-04 6.8193e-04 1.1726e-01
6.0541e-01 6.6338e-01 2.2598e+03 8.2744e+02 2.9724e-04 5.5530e-04 7.5305e-04 7.7665e-04 1.0847e-01
6.0967e-01 6.5728e-01 2.2571e+03 8.6480e+02 1.7158e-04 6.3628e-04 7.1793e-04 8.9447e-04 1.0024e-01
6.1479e-01 6.5055e-01 2.2540e+03 9.0790e+02 1.7483e-04 6.9714e-04 9.1501e-04 1.2332e-03 9.2509e-02
6.2076e-01 6.4340e-01 2.2509e+03 9.5584e+02 2.6200e-04 7.1834e-04 1.0663e-03 1.6218e-03 8.4598e-02
6.2758e-01 6.3602e-01 2.2483e+03 1.0075e+03 2.8706e-04 7.2073e-04 1.2121e-03 1.8216e-03 7.6981e-02
6.3525e-01 6.2835e-01 2.2474e+03 1.0616e+03 3.3980e-04 7.6728e-04 1.3691e-03 1.8392e-03 6.9462e-02
6.4377e-01 6.2009e-01 2.2489e+03 1.1167e+03 4.0217e-04 8.3341e-04 1.3297e-03 1.7292e-03 6.0094e-02
6.5315e-01 6.1104e-01 2.2528e+03 1.1717e+03 4.0567e-04 8.5426e-04 1.1645e-03 1.5273e-03 4.8587e-02
6.6338e-01 6.0133e-01 2.2583e+03 1.2253e+03 4.0163e-04 9.0115e-04 1.0131e-03 1.4071e-03 3.6366e-02
6.7447e-01 5.9122e-01 2.2632e+03 1.2766e+03 4.4716e-04 9.6529e-04 1.0140e-03 1.4176e-03 2.5016e-02
6.8640e-01 5.8108e-01 2.2657e+03 1.3267e+03 4.8256e-04 9.9013e-04 1.0906e-03 1.4094e-03 1.6057e-02
6.9919e-01 5.7121e-01 2.2652e+03 1.3783e+03 5.2993e-04 9.6587e-04 1.1018e-03 1.4171e-03 1.0611e-02
7.1283e-01 5.6149e-01 2.2608e+03 1.4341e+03 6.0976e-04 9.3848e-04 1.0378e-03 1.3900e-03 8.6602e-03
7.2732e-01 5.5167e-01 2.2542e+03 1.4940e+03 5.5117e-04 8.9580e-04 9.8202e-04 1.2719e-03 8.6845e-03
7.4267e-01 5.4188e-01 2.2491e+03 1.5557e+03 4.2146e-04 8.8225e-04 9.4974e-04 1.1056e-03 9.0934e-03
7.5886e-01 5.3242e-01 2.2452e+03 1.6156e+03 3.8693e-04 8.8158e-04 1.0086e-03 1.0249e-03 9.5948e-03
7.7591e-01 5.2335e-01 2.2417e+03 1.6732e+03 3.7470e-04 8.5396e-04 1.0866e-03 1.0495e-03 1.0646e-02
7.9223e-01 5.1511e-01 2.2376e+03 1.7250e+03 3.3507e-04 8.1460e-04 1.0967e-03 1.0689e-03 1.1810e-02
8.0782e-01 5.0727e-01 2.2309e+03 1.7721e+03 3.2004e-04 7.7961e-04 1.1647e-03 1.0999e-03 1.2743e-02
8.2268e-01 4.9976e-01 2.2260e+03 1.8148e+03 3.1533e-04 8.0019e-04 1.3000e-03 1.1917e-03 1.3660e-02
