  1    1089
-5.3454e+06 5.1500e+01 1.9346e+03 -1.4824e+03 -9.0714e+01 -5.0476e+03
-5.0037e+06 4.9771e+01 1.9122e+03 -1.5057e+03 1.7044e+01 -5.0570e+03
-5.7019e+06 4.8031e+01 1.8896e+03 -1.5290e+03 -4.5550e+01 -5.0572e+03
-5.8480e+06 4.6657e+01 1.8667e+03 -1.5522e+03 -9.3605e+01 -5.0608e+03
-6.0497e+06 4.5340e+01 1.8436e+03 -1.5755e+03 -6.0456e+01 -5.0652e+03
-5.7663e+06 4.3889e+01 1.8201e+03 -1.5987e+03 -2.0547e+01 -5.0707e+03
-5.8209e+06 4.2301e+01 1.7964e+03 -1.6219e+03 -8.6256e+00 -5.0756e+03
-5.6958e+06 4.0781e+01 1.7724e+03 -1.6450e+03 -3.8780e+00 -5.0797e+03
-5.7656e+06 3.9473e+01 1.7481e+03 -1.6680e+03 -1.1457e+00 -5.0834e+03
-5.6796e+06 3.8231e+01 1.7235e+03 -1.6910e+03 5.5831e-01 -5.0866e+03
-5.7296e+06 3.7084e+01 1.6987e+03 -1.7139e+03 -7.0027e-01 -5.0893e+03
-5.6654e+06 3.6444e+01 1.6736e+03 -1.7367e+03 -6.9469e-01 -5.0911e+03
-5.6443e+06 3.6303e+01 1.6482e+03 -1.7594e+03 7.4542e-01 -5.0932e+03
-5.5602e+06 3.6302e+01 1.6225e+03 -1.7820e+03 2.6100e+00 -5.0949e+03
-5.5108e+06 3.6303e+01 1.5966e+03 -1.8045e+03 2.8803e+00 -5.0960e+03
-5.4470e+06 3.6303e+01 1.5703e+03 -1.8268e+03 3.1349e+00 -5.0968e+03
-5.3970e+06 3.6304e+01 1.5439e+03 -1.8490e+03 2.6721e+00 -5.0971e+03
-5.3548e+06 3.6305e+01 1.5171e+03 -1.8710e+03 2.4699e+00 -5.0971e+03
-5.3095e+06 3.6305e+01 1.4901e+03 -1.8929e+03 2.2716e+00 -5.0967e+03
-5.2842e+06 3.6306e+01 1.4628e+03 -1.9146e+03 2.0035e+00 -5.0958e+03
-5.2475e+06 3.6306e+01 1.4353e+03 -1.9361e+03 1.4313e+00 -5.0946e+03
-5.2340e+06 3.6307e+01 1.4075e+03 -1.9575e+03 1.0904e+00 -5.0930e+03
-5.2028e+06 3.6307e+01 1.3795e+03 -1.9786e+03 7.4601e-01 -5.0911e+03
-5.1971e+06 3.6308e+01 1.3512e+03 -1.9995e+03 4.1536e-01 -5.0887e+03
-5.1720e+06 3.6308e+01 1.3227e+03 -2.0202e+03 3.0005e-01 -5.0860e+03
-5.1725e+06 3.6310e+01 1.2939e+03 -2.0407e+03 6.0482e-01 -5.0830e+03
-5.1515e+06 3.6311e+01 1.2649e+03 -2.0609e+03 1.3189e+00 -5.0795e+03
-5.1556e+06 3.6312e+01 1.2357e+03 -2.0808e+03 8.0801e-01 -5.0756e+03
-5.1318e+06 3.6312e+01 1.2063e+03 -2.1006e+03 4.6423e-01 -5.0716e+03
-5.1268e+06 3.6310e+01 1.1766e+03 -2.1200e+03 8.4156e-01 -5.0673e+03
-5.0990e+06 3.6309e+01 1.1467e+03 -2.1392e+03 -1.2309e+00 -5.0630e+03
-5.1070e+06 3.6310e+01 1.1166e+03 -2.1581e+03 -9.4941e-01 -5.0564e+03
-5.0767e+06 3.6309e+01 1.0863e+03 -2.1767e+03 -2.0970e-01 -5.0524e+03
-4.6230e+06 4.9345e+01 1.9501e+03 -1.4954e+03 -3.3022e+02 -5.0094e+03
-5.4126e+06 4.9135e+01 1.9278e+03 -1.5188e+03 -1.0313e+02 -5.0126e+03
-5.3373e+06 4.7269e+01 1.9051e+03 -1.5422e+03 1.6134e+01 -5.0319e+03
-5.6266e+06 4.5709e+01 1.8822e+03 -1.5656e+03 -3.4743e+01 -5.0327e+03
-5.7256e+06 4.4515e+01 1.8590e+03 -1.5890e+03 -9.0559e+01 -5.0335e+03
-5.9350e+06 4.3258e+01 1.8355e+03 -1.6124e+03 -6.5701e+01 -5.0376e+03
-5.8222e+06 4.1906e+01 1.8117e+03 -1.6357e+03 -2.6650e+01 -5.0429e+03
-5.8490e+06 4.0573e+01 1.7876e+03 -1.6590e+03 -1.1411e+01 -5.0475e+03
-5.7583e+06 3.9160e+01 1.7632e+03 -1.6822e+03 -2.3112e+00 -5.0515e+03
-5.7972e+06 3.7685e+01 1.7386e+03 -1.7053e+03 -7.8406e-01 -5.0555e+03
-5.7612e+06 3.6658e+01 1.7137e+03 -1.7284e+03 -1.0279e+00 -5.0585e+03
-5.7333e+06 3.6325e+01 1.6884e+03 -1.7513e+03 -1.8119e-01 -5.0608e+03
-5.6534e+06 3.6301e+01 1.6629e+03 -1.7742e+03 3.0310e+00 -5.0628e+03
-5.5828e+06 3.6300e+01 1.6372e+03 -1.7969e+03 3.2095e+00 -5.0644e+03
-5.5191e+06 3.6300e+01 1.6111e+03 -1.8196e+03 3.8587e+00 -5.0655e+03
-5.4510e+06 3.6301e+01 1.5848e+03 -1.8420e+03 3.2714e+00 -5.0663e+03
-5.4063e+06 3.6302e+01 1.5582e+03 -1.8644e+03 3.4127e+00 -5.0665e+03
-5.3423e+06 3.6303e+01 1.5313e+03 -1.8866e+03 3.2732e+00 -5.0665e+03
-5.3110e+06 3.6304e+01 1.5041e+03 -1.9086e+03 3.6329e+00 -5.0661e+03
-5.2627e+06 3.6305e+01 1.4767e+03 -1.9304e+03 2.9072e+00 -5.0654e+03
-5.2544e+06 3.6307e+01 1.4490e+03 -1.9521e+03 2.4086e+00 -5.0640e+03
-5.2198e+06 3.6308e+01 1.4211e+03 -1.9736e+03 2.0159e+00 -5.0624e+03
-5.2200e+06 3.6309e+01 1.3929e+03 -1.9948e+03 1.6372e+00 -5.0604e+03
-5.1927e+06 3.6310e+01 1.3644e+03 -2.0159e+03 9.5299e-01 -5.0582e+03
-5.1957e+06 3.6311e+01 1.3357e+03 -2.0367e+03 8.2738e-01 -5.0555e+03
-5.1697e+06 3.6311e+01 1.3067e+03 -2.0573e+03 1.1001e+00 -5.0525e+03
-5.1704e+06 3.6311e+01 1.2775e+03 -2.0777e+03 1.5828e+00 -5.0490e+03
-5.1491e+06 3.6311e+01 1.2481e+03 -2.0978e+03 1.0685e+00 -5.0450e+03
-5.1505e+06 3.6309e+01 1.2184e+03 -2.1176e+03 7.7745e-01 -5.0408e+03
-5.1183e+06 3.6307e+01 1.1885e+03 -2.1372e+03 1.9612e+00 -5.0370e+03
-5.1166e+06 3.6306e+01 1.1583e+03 -2.1565e+03 -2.5584e-01 -5.0334e+03
-5.0987e+06 3.6309e+01 1.1280e+03 -2.1755e+03 -2.5248e+00 -5.0265e+03
-5.0850e+06 3.6308e+01 1.0974e+03 -2.1942e+03 -1.3540e+00 -5.0129e+03
-2.9224e+06 4.4666e+01 1.9658e+03 -1.5081e+03 -3.1286e+02 -4.9914e+03
-4.1081e+06 4.7195e+01 1.9435e+03 -1.5317e+03 -3.0485e+02 -4.9734e+03
-4.5319e+06 4.6716e+01 1.9208e+03 -1.5552e+03 -1.1416e+02 -4.9841e+03
-5.0786e+06 4.5009e+01 1.8978e+03 -1.5788e+03 2.8992e+00 -4.9901e+03
-5.5044e+06 4.3677e+01 1.8745e+03 -1.6023e+03 -4.2425e+01 -4.9936e+03
-5.8000e+06 4.2575e+01 1.8510e+03 -1.6258e+03 -9.6670e+01 -4.9943e+03
-5.8488e+06 4.1451e+01 1.8271e+03 -1.6493e+03 -7.2917e+01 -4.9964e+03
-5.8564e+06 4.0236e+01 1.8030e+03 -1.6727e+03 -2.8873e+01 -4.9994e+03
-5.8303e+06 3.8708e+01 1.7786e+03 -1.6961e+03 -1.0752e+01 -5.0029e+03
-5.8744e+06 3.7208e+01 1.7538e+03 -1.7194e+03 -7.6903e+00 -5.0057e+03
-5.8222e+06 3.6445e+01 1.7288e+03 -1.7426e+03 -7.1565e+00 -5.0081e+03
-5.7904e+06 3.6308e+01 1.7035e+03 -1.7657e+03 -3.0220e+00 -5.0104e+03
-5.6732e+06 3.6303e+01 1.6779e+03 -1.7887e+03 -1.1352e+00 -5.0124e+03
-5.6300e+06 3.6302e+01 1.6520e+03 -1.8116e+03 9.5955e-02 -5.0139e+03
-5.5205e+06 3.6301e+01 1.6259e+03 -1.8344e+03 -4.8832e-02 -5.0150e+03
-5.4849e+06 3.6301e+01 1.5994e+03 -1.8570e+03 -8.7658e-02 -5.0156e+03
-5.3879e+06 3.6302e+01 1.5727e+03 -1.8795e+03 -2.2140e-01 -5.0159e+03
-5.3589e+06 3.6303e+01 1.5456e+03 -1.9019e+03 8.7030e-01 -5.0158e+03
-5.2766e+06 3.6303e+01 1.5183e+03 -1.9240e+03 1.3514e+00 -5.0154e+03
-5.2716e+06 3.6305e+01 1.4908e+03 -1.9460e+03 8.7300e-01 -5.0147e+03
-5.2224e+06 3.6308e+01 1.4629e+03 -1.9678e+03 1.4590e-01 -5.0135e+03
-5.2325e+06 3.6310e+01 1.4348e+03 -1.9895e+03 -9.4805e-02 -5.0118e+03
-5.2012e+06 3.6313e+01 1.4064e+03 -2.0109e+03 -9.2598e-01 -5.0097e+03
-5.2148e+06 3.6314e+01 1.3778e+03 -2.0321e+03 -1.3796e+00 -5.0073e+03
-5.1819e+06 3.6315e+01 1.3489e+03 -2.0530e+03 -1.5551e+00 -5.0045e+03
-5.1872e+06 3.6314e+01 1.3197e+03 -2.0738e+03 -1.3708e+00 -5.0015e+03
-5.1567e+06 3.6313e+01 1.2903e+03 -2.0943e+03 -1.4533e+00 -4.9981e+03
-5.1665e+06 3.6312e+01 1.2606e+03 -2.1145e+03 -2.1299e+00 -4.9942e+03
-5.1420e+06 3.6311e+01 1.2307e+03 -2.1345e+03 -2.1712e+00 -4.9895e+03
-5.1363e+06 3.6309e+01 1.2006e+03 -2.1542e+03 7.1646e-01 -4.9858e+03
-5.1170e+06 3.6309e+01 1.1702e+03 -2.1736e+03 -3.2336e+00 -4.9799e+03
-5.1076e+06 3.6312e+01 1.1396e+03 -2.1927e+03 -8.1424e+00 -4.9813e+03
-5.0421e+06 3.6310e+01 1.1088e+03 -2.2115e+03 -9.4656e-01 -4.9724e+03
3.9789e+05 3.9171e+01 1.9817e+03 -1.5205e+03 3.3540e+02 -4.9423e+03
-2.7724e+06 4.2797e+01 1.9593e+03 -1.5442e+03 -2.2367e+02 -4.9434e+03
-4.4282e+06 4.4969e+01 1.9366e+03 -1.5679e+03 -2.6443e+02 -4.9468e+03
-4.1786e+06 4.4366e+01 1.9136e+03 -1.5917e+03 -8.5993e+01 -4.9475e+03
-4.6512e+06 4.2771e+01 1.8903e+03 -1.6153e+03 2.9844e+01 -4.9520e+03
-5.1105e+06 4.1593e+01 1.8667e+03 -1.6390e+03 -2.2226e+01 -4.9541e+03
-5.7711e+06 4.0669e+01 1.8428e+03 -1.6626e+03 -7.8097e+01 -4.9564e+03
-5.8291e+06 3.9490e+01 1.8186e+03 -1.6862e+03 -6.6884e+01 -4.9597e+03
-5.9876e+06 3.7969e+01 1.7941e+03 -1.7097e+03 -3.4196e+01 -4.9627e+03
-5.8867e+06 3.6770e+01 1.7693e+03 -1.7332e+03 -1.8645e+01 -4.9655e+03
-5.9422e+06 3.6348e+01 1.7442e+03 -1.7565e+03 -9.5482e+00 -4.9682e+03
-5.7702e+06 3.6313e+01 1.7188e+03 -1.7798e+03 -4.8484e+00 -4.9708e+03
-5.7624e+06 3.6306e+01 1.6931e+03 -1.8030e+03 -1.5389e+00 -4.9727e+03
-5.5965e+06 3.6303e+01 1.6671e+03 -1.8260e+03 -1.5172e+00 -4.9741e+03
-5.5798e+06 3.6301e+01 1.6408e+03 -1.8489e+03 -3.6280e-01 -4.9751e+03
-5.4403e+06 3.6301e+01 1.6142e+03 -1.8717e+03 -1.3125e+00 -4.9758e+03
-5.4275e+06 3.6302e+01 1.5874e+03 -1.8944e+03 -5.5000e-01 -4.9761e+03
-5.3113e+06 3.6303e+01 1.5602e+03 -1.9169e+03 -3.1239e-01 -4.9759e+03
-5.3026e+06 3.6304e+01 1.5328e+03 -1.9392e+03 8.5616e-01 -4.9753e+03
-5.2187e+06 3.6305e+01 1.5051e+03 -1.9614e+03 4.7337e-01 -4.9745e+03
-5.2283e+06 3.6307e+01 1.4770e+03 -1.9833e+03 8.1799e-01 -4.9734e+03
-5.1828e+06 3.6310e+01 1.4488e+03 -2.0051e+03 -4.7892e-01 -4.9720e+03
-5.2137e+06 3.6314e+01 1.4202e+03 -2.0267e+03 -1.7717e+00 -4.9699e+03
-5.1736e+06 3.6316e+01 1.3914e+03 -2.0480e+03 -1.9803e+00 -4.9673e+03
-5.1825e+06 3.6316e+01 1.3623e+03 -2.0691e+03 -1.2613e+00 -4.9646e+03
-5.1466e+06 3.6314e+01 1.3329e+03 -2.0900e+03 -1.4917e+00 -4.9615e+03
-5.1609e+06 3.6313e+01 1.3033e+03 -2.1107e+03 -1.9160e+00 -4.9581e+03
-5.1420e+06 3.6313e+01 1.2734e+03 -2.1310e+03 -2.6273e+00 -4.9542e+03
-5.1527e+06 3.6314e+01 1.2433e+03 -2.1511e+03 -1.9363e+00 -4.9496e+03
-5.1226e+06 3.6313e+01 1.2129e+03 -2.1710e+03 5.2769e-02 -4.9457e+03
-5.1282e+06 3.6314e+01 1.1823e+03 -2.1905e+03 -7.2355e+00 -4.9404e+03
-5.0677e+06 3.6315e+01 1.1514e+03 -2.2098e+03 -1.1695e+01 -4.9404e+03
-4.9466e+06 3.6310e+01 1.1204e+03 -2.2287e+03 2.3412e+00 -4.9302e+03
2.9780e+06 3.5322e+01 1.9978e+03 -1.5326e+03 8.7052e+02 -4.8875e+03
8.6411e+05 3.7185e+01 1.9753e+03 -1.5565e+03 4.6214e+02 -4.8795e+03
-1.3041e+06 4.0585e+01 1.9526e+03 -1.5804e+03 -8.1323e+01 -4.9094e+03
-3.9735e+06 4.2345e+01 1.9296e+03 -1.6042e+03 -1.7846e+02 -4.9066e+03
-3.8717e+06 4.1550e+01 1.9062e+03 -1.6281e+03 -5.1427e+01 -4.9077e+03
-4.7421e+06 4.0173e+01 1.8826e+03 -1.6519e+03 3.7479e+01 -4.9113e+03
-4.9374e+06 3.9246e+01 1.8586e+03 -1.6757e+03 -1.4269e+01 -4.9151e+03
-5.8575e+06 3.8257e+01 1.8344e+03 -1.6994e+03 -7.3089e+01 -4.9185e+03
-5.7875e+06 3.7158e+01 1.8098e+03 -1.7231e+03 -6.6142e+01 -4.9207e+03
-6.1312e+06 3.6506e+01 1.7849e+03 -1.7467e+03 -3.5181e+01 -4.9237e+03
-5.8318e+06 3.6343e+01 1.7598e+03 -1.7702e+03 -1.2247e+01 -4.9267e+03
-5.9596e+06 3.6322e+01 1.7343e+03 -1.7936e+03 -4.1272e+00 -4.9291e+03
-5.6610e+06 3.6310e+01 1.7085e+03 -1.8169e+03 -1.3953e+00 -4.9310e+03
-5.7252e+06 3.6304e+01 1.6824e+03 -1.8401e+03 -2.7613e-01 -4.9324e+03
-5.4824e+06 3.6302e+01 1.6560e+03 -1.8632e+03 -3.0311e-01 -4.9334e+03
-5.5209e+06 3.6301e+01 1.6293e+03 -1.8862e+03 1.2706e-01 -4.9341e+03
-5.3368e+06 3.6303e+01 1.6023e+03 -1.9090e+03 -2.4243e-01 -4.9344e+03
-5.3706e+06 3.6305e+01 1.5750e+03 -1.9317e+03 -7.6777e-02 -4.9342e+03
-5.2331e+06 3.6307e+01 1.5474e+03 -1.9542e+03 3.0161e-02 -4.9337e+03
-5.2597e+06 3.6308e+01 1.5196e+03 -1.9765e+03 8.3510e-01 -4.9327e+03
-5.1610e+06 3.6309e+01 1.4914e+03 -1.9986e+03 1.1440e+00 -4.9312e+03
-5.2054e+06 3.6312e+01 1.4629e+03 -2.0205e+03 -3.5403e-01 -4.9299e+03
-5.1494e+06 3.6315e+01 1.4342e+03 -2.0422e+03 -1.9046e+00 -4.9279e+03
-5.1693e+06 3.6315e+01 1.4052e+03 -2.0637e+03 -5.0435e-01 -4.9254e+03
-5.1076e+06 3.6314e+01 1.3759e+03 -2.0850e+03 1.3288e+00 -4.9227e+03
-5.1341e+06 3.6313e+01 1.3463e+03 -2.1060e+03 8.9299e-01 -4.9196e+03
-5.1099e+06 3.6314e+01 1.3165e+03 -2.1268e+03 -4.7346e-01 -4.9162e+03
-5.1425e+06 3.6315e+01 1.2864e+03 -2.1473e+03 -1.0291e+00 -4.9123e+03
-5.1187e+06 3.6316e+01 1.2560e+03 -2.1676e+03 -1.5123e+00 -4.9077e+03
-5.1167e+06 3.6315e+01 1.2254e+03 -2.1876e+03 -2.5704e+00 -4.9039e+03
-5.0410e+06 3.6315e+01 1.1946e+03 -2.2072e+03 -8.4408e+00 -4.8986e+03
-4.9291e+06 3.6314e+01 1.1635e+03 -2.2266e+03 -7.3961e+00 -4.8986e+03
-4.8146e+06 3.6310e+01 1.1321e+03 -2.2457e+03 4.6822e+00 -4.8888e+03
-4.0544e+06 3.3936e+01 2.0140e+03 -1.5445e+03 5.9463e+02 -4.8487e+03
1.3110e+06 3.2927e+01 1.9915e+03 -1.5685e+03 7.9773e+02 -4.8278e+03
-5.1520e+05 3.4697e+01 1.9688e+03 -1.5925e+03 4.9147e+02 -4.8401e+03
-9.4411e+05 3.7815e+01 1.9457e+03 -1.6165e+03 4.0244e+01 -4.8631e+03
-3.7477e+06 3.9410e+01 1.9223e+03 -1.6405e+03 -1.3395e+02 -4.8718e+03
-3.5677e+06 3.8896e+01 1.8986e+03 -1.6645e+03 -5.7424e+01 -4.8734e+03
-4.9930e+06 3.7890e+01 1.8746e+03 -1.6884e+03 1.2932e+01 -4.8730e+03
-4.8825e+06 3.7182e+01 1.8503e+03 -1.7123e+03 -9.6196e+00 -4.8744e+03
-6.0374e+06 3.6700e+01 1.8257e+03 -1.7361e+03 -5.8573e+01 -4.8789e+03
-5.7767e+06 3.6459e+01 1.8008e+03 -1.7599e+03 -5.1537e+01 -4.8824e+03
-6.2490e+06 3.6375e+01 1.7755e+03 -1.7835e+03 -2.3117e+01 -4.8847e+03
-5.7158e+06 3.6336e+01 1.7500e+03 -1.8071e+03 -3.8156e+00 -4.8865e+03
-5.9344e+06 3.6314e+01 1.7241e+03 -1.8306e+03 -3.3066e+00 -4.8887e+03
-5.5011e+06 3.6305e+01 1.6979e+03 -1.8540e+03 1.4675e+00 -4.8902e+03
-5.6540e+06 3.6302e+01 1.6714e+03 -1.8772e+03 -1.3135e+00 -4.8914e+03
-5.3418e+06 3.6302e+01 1.6446e+03 -1.9004e+03 1.2313e+00 -4.8919e+03
-5.4568e+06 3.6305e+01 1.6175e+03 -1.9233e+03 -1.0047e+00 -4.8922e+03
-5.2325e+06 3.6308e+01 1.5900e+03 -1.9462e+03 2.8589e-01 -4.8920e+03
-5.3154e+06 3.6310e+01 1.5623e+03 -1.9688e+03 -1.4366e+00 -4.8916e+03
-5.1498e+06 3.6311e+01 1.5343e+03 -1.9913e+03 1.8312e-01 -4.8905e+03
-5.2146e+06 3.6312e+01 1.5060e+03 -2.0136e+03 -6.9109e-01 -4.8891e+03
-5.1086e+06 3.6314e+01 1.4773e+03 -2.0357e+03 -8.7315e-01 -4.8875e+03
-5.1611e+06 3.6314e+01 1.4484e+03 -2.0575e+03 -2.2839e+00 -4.8856e+03
-5.0713e+06 3.6314e+01 1.4192e+03 -2.0792e+03 -4.1938e-01 -4.8832e+03
-5.1058e+06 3.6312e+01 1.3897e+03 -2.1006e+03 4.7664e-01 -4.8804e+03
-5.0616e+06 3.6313e+01 1.3600e+03 -2.1218e+03 5.9356e-01 -4.8773e+03
-5.1117e+06 3.6314e+01 1.3299e+03 -2.1427e+03 -6.1216e-01 -4.8740e+03
-5.0909e+06 3.6317e+01 1.2996e+03 -2.1634e+03 -1.9757e+00 -4.8700e+03
-5.1153e+06 3.6318e+01 1.2690e+03 -2.1838e+03 -7.3375e+00 -4.8655e+03
-5.0109e+06 3.6316e+01 1.2382e+03 -2.2039e+03 -8.3709e+00 -4.8617e+03
-4.8352e+06 3.6311e+01 1.2071e+03 -2.2237e+03 -2.3380e+00 -4.8562e+03
-4.6645e+06 3.6310e+01 1.1757e+03 -2.2432e+03 5.0616e+00 -4.8561e+03
-4.7471e+06 3.6310e+01 1.1441e+03 -2.2624e+03 4.5071e+00 -4.8464e+03
-1.4328e+07 3.4242e+01 2.0303e+03 -1.5559e+03 -2.8148e+03 -5.4266e+03
-5.9394e+06 3.1147e+01 2.0079e+03 -1.5801e+03 3.3728e+02 -4.8156e+03
7.0380e+03 3.0431e+01 1.9851e+03 -1.6043e+03 6.3803e+02 -4.8160e+03
-7.0774e+05 3.2565e+01 1.9620e+03 -1.6284e+03 4.9043e+02 -4.8160e+03
-1.5099e+06 3.6043e+01 1.9386e+03 -1.6526e+03 5.8155e+01 -4.8312e+03
-3.7864e+06 3.7909e+01 1.9149e+03 -1.6767e+03 -1.1766e+02 -4.8326e+03
-3.8895e+06 3.7640e+01 1.8909e+03 -1.7008e+03 -5.0293e+01 -4.8321e+03
-4.9747e+06 3.6948e+01 1.8665e+03 -1.7248e+03 3.4269e+01 -4.8291e+03
-5.2977e+06 3.6649e+01 1.8418e+03 -1.7488e+03 -1.0288e+01 -4.8315e+03
-6.2484e+06 3.6520e+01 1.8168e+03 -1.7727e+03 -5.6536e+01 -4.8390e+03
-5.9743e+06 3.6418e+01 1.7915e+03 -1.7966e+03 -3.6821e+01 -4.8425e+03
-6.1035e+06 3.6353e+01 1.7658e+03 -1.8203e+03 -9.5124e+00 -4.8438e+03
-5.6669e+06 3.6319e+01 1.7399e+03 -1.8440e+03 -3.3415e+00 -4.8457e+03
-5.7341e+06 3.6305e+01 1.7136e+03 -1.8675e+03 -1.5057e-02 -4.8474e+03
-5.4271e+06 3.6302e+01 1.6870e+03 -1.8910e+03 -8.2729e-02 -4.8486e+03
-5.4931e+06 3.6304e+01 1.6601e+03 -1.9142e+03 1.5265e-01 -4.8493e+03
-5.2736e+06 3.6307e+01 1.6328e+03 -1.9374e+03 1.1140e-01 -4.8494e+03
-5.3219e+06 3.6309e+01 1.6053e+03 -1.9604e+03 1.1996e-01 -4.8492e+03
-5.1608e+06 3.6310e+01 1.5774e+03 -1.9832e+03 -4.2937e-01 -4.8487e+03
-5.1959e+06 3.6311e+01 1.5492e+03 -2.0058e+03 -5.2242e-01 -4.8478e+03
-5.0825e+06 3.6311e+01 1.5207e+03 -2.0283e+03 -7.6469e-01 -4.8466e+03
-5.1140e+06 3.6311e+01 1.4920e+03 -2.0505e+03 -9.6401e-01 -4.8449e+03
-5.0324e+06 3.6310e+01 1.4629e+03 -2.0726e+03 -9.6004e-01 -4.8428e+03
-5.0618e+06 3.6310e+01 1.4335e+03 -2.0944e+03 -1.2214e+00 -4.8404e+03
-5.0207e+06 3.6311e+01 1.4038e+03 -2.1160e+03 -1.6939e+00 -4.8376e+03
-5.0626e+06 3.6313e+01 1.3738e+03 -2.1373e+03 -1.8881e+00 -4.8345e+03
-5.0469e+06 3.6315e+01 1.3436e+03 -2.1584e+03 -3.6388e+00 -4.8312e+03
-5.0767e+06 3.6318e+01 1.3130e+03 -2.1792e+03 -1.0430e+01 -4.8272e+03
-4.9819e+06 3.6318e+01 1.2822e+03 -2.1998e+03 -1.5781e+01 -4.8226e+03
-4.7769e+06 3.6311e+01 1.2511e+03 -2.2200e+03 -5.8435e+00 -4.8188e+03
-4.5288e+06 3.6306e+01 1.2198e+03 -2.2400e+03 4.9419e+00 -4.8134e+03
-4.5396e+06 3.6310e+01 1.1882e+03 -2.2596e+03 1.9815e+00 -4.8135e+03
-4.7259e+06 3.6313e+01 1.1563e+03 -2.2790e+03 -5.6891e+00 -4.8036e+03
-3.3996e+07 3.5033e+01 2.0469e+03 -1.5671e+03 -3.3149e+04 -2.1245e+04
-1.7685e+07 3.1421e+01 2.0244e+03 -1.5914e+03 -2.8234e+03 -5.3201e+03
-9.0084e+06 2.9415e+01 2.0016e+03 -1.6157e+03 1.1090e+02 -4.7991e+03
-9.5894e+05 2.9528e+01 1.9785e+03 -1.6400e+03 6.0777e+02 -4.7956e+03
-4.0529e+05 3.2260e+01 1.9551e+03 -1.6643e+03 5.1951e+02 -4.7843e+03
-1.6164e+06 3.5931e+01 1.9314e+03 -1.6886e+03 5.7326e+01 -4.7850e+03
-4.2082e+06 3.7677e+01 1.9073e+03 -1.7129e+03 -1.3527e+02 -4.7892e+03
-4.6108e+06 3.7386e+01 1.8829e+03 -1.7371e+03 -6.1280e+01 -4.7928e+03
-5.7178e+06 3.6828e+01 1.8581e+03 -1.7612e+03 -1.3409e+01 -4.7888e+03
-5.9233e+06 3.6598e+01 1.8331e+03 -1.7853e+03 -4.9302e+01 -4.7924e+03
-6.3525e+06 3.6464e+01 1.8077e+03 -1.8093e+03 -4.8063e+01 -4.7992e+03
-5.8890e+06 3.6372e+01 1.7819e+03 -1.8332e+03 -1.7721e+01 -4.8009e+03
-5.8853e+06 3.6325e+01 1.7559e+03 -1.8571e+03 -4.2026e+00 -4.8026e+03
-5.5159e+06 3.6306e+01 1.7295e+03 -1.8808e+03 -5.4536e-01 -4.8043e+03
-5.5506e+06 3.6303e+01 1.7028e+03 -1.9044e+03 7.9736e-01 -4.8053e+03
-5.3128e+06 3.6305e+01 1.6758e+03 -1.9278e+03 3.6836e-01 -4.8058e+03
-5.3435e+06 3.6307e+01 1.6484e+03 -1.9511e+03 8.2258e-01 -4.8061e+03
-5.1635e+06 3.6307e+01 1.6207e+03 -1.9743e+03 7.9118e-01 -4.8060e+03
-5.1792e+06 3.6307e+01 1.5927e+03 -1.9973e+03 5.9060e-01 -4.8055e+03
-5.0502e+06 3.6306e+01 1.5644e+03 -2.0201e+03 1.6080e-01 -4.8044e+03
-5.0643e+06 3.6306e+01 1.5358e+03 -2.0427e+03 1.0043e-01 -4.8033e+03
-4.9737e+06 3.6306e+01 1.5068e+03 -2.0651e+03 4.0255e-01 -4.8015e+03
-4.9855e+06 3.6305e+01 1.4776e+03 -2.0873e+03 1.1184e+00 -4.7993e+03
-4.9438e+06 3.6306e+01 1.4480e+03 -2.1093e+03 3.4028e-01 -4.7971e+03
-4.9888e+06 3.6309e+01 1.4181e+03 -2.1311e+03 -7.6864e-01 -4.7943e+03
-4.9831e+06 3.6312e+01 1.3879e+03 -2.1526e+03 -2.7782e+00 -4.7911e+03
-5.0066e+06 3.6314e+01 1.3575e+03 -2.1738e+03 -8.1483e+00 -4.7877e+03
-4.9037e+06 3.6314e+01 1.3267e+03 -2.1948e+03 -1.2082e+01 -4.7837e+03
-4.6537e+06 3.6307e+01 1.2957e+03 -2.2155e+03 -6.9099e-01 -4.7791e+03
-4.3167e+06 3.6299e+01 1.2644e+03 -2.2359e+03 2.0783e+01 -4.7754e+03
-4.2784e+06 3.6302e+01 1.2328e+03 -2.2560e+03 1.3942e+01 -4.7702e+03
-4.4816e+06 3.6312e+01 1.2009e+03 -2.2758e+03 -8.7270e+00 -4.7703e+03
-4.6841e+06 3.6315e+01 1.1688e+03 -2.2953e+03 -1.4944e+01 -4.7604e+03
-3.3078e+07 3.4829e+01 2.0636e+03 -1.5779e+03 -1.1302e+05 -6.5708e+04
-3.3188e+07 3.2978e+01 2.0411e+03 -1.6024e+03 -3.0599e+04 -1.9543e+04
-1.7433e+07 3.0723e+01 2.0183e+03 -1.6268e+03 -2.6068e+03 -5.2205e+03
-8.8102e+06 2.9274e+01 1.9952e+03 -1.6513e+03 7.6982e+01 -4.7535e+03
-9.3915e+05 2.9769e+01 1.9718e+03 -1.6758e+03 5.4557e+02 -4.7527e+03
-8.0267e+05 3.3078e+01 1.9480e+03 -1.7002e+03 3.2472e+02 -4.7459e+03
-2.6528e+06 3.6759e+01 1.9239e+03 -1.7246e+03 -1.6576e+02 -4.7514e+03
-5.0942e+06 3.7750e+01 1.8994e+03 -1.7490e+03 -2.5716e+02 -4.7604e+03
-5.4472e+06 3.7104e+01 1.8746e+03 -1.7733e+03 -1.1731e+02 -4.7562e+03
-6.2418e+06 3.6677e+01 1.8495e+03 -1.7975e+03 -5.8125e+01 -4.7489e+03
-6.0645e+06 3.6502e+01 1.8241e+03 -1.8217e+03 -5.5490e+01 -4.7539e+03
-6.1124e+06 3.6388e+01 1.7983e+03 -1.8458e+03 -2.7700e+01 -4.7574e+03
-5.6534e+06 3.6329e+01 1.7721e+03 -1.8698e+03 -6.0104e+00 -4.7589e+03
-5.6457e+06 3.6308e+01 1.7457e+03 -1.8937e+03 -1.6453e+00 -4.7605e+03
-5.3689e+06 3.6304e+01 1.7188e+03 -1.9174e+03 3.5521e-01 -4.7613e+03
-5.3777e+06 3.6305e+01 1.6917e+03 -1.9411e+03 5.2931e-01 -4.7619e+03
-5.1764e+06 3.6304e+01 1.6642e+03 -1.9645e+03 1.1029e+00 -4.7621e+03
-5.1729e+06 3.6303e+01 1.6364e+03 -1.9879e+03 1.0681e+00 -4.7621e+03
-5.0294e+06 3.6302e+01 1.6083e+03 -2.0110e+03 8.8893e-01 -4.7616e+03
-5.0289e+06 3.6302e+01 1.5798e+03 -2.0340e+03 7.8576e-01 -4.7605e+03
-4.9256e+06 3.6302e+01 1.5510e+03 -2.0568e+03 1.3504e+00 -4.7592e+03
-4.9186e+06 3.6300e+01 1.5219e+03 -2.0794e+03 2.3080e+00 -4.7575e+03
-4.8567e+06 3.6299e+01 1.4925e+03 -2.1018e+03 2.8430e+00 -4.7555e+03
-4.8898e+06 3.6302e+01 1.4627e+03 -2.1240e+03 1.9318e+00 -4.7533e+03
-4.8894e+06 3.6307e+01 1.4327e+03 -2.1459e+03 1.2622e+00 -4.7504e+03
-4.9351e+06 3.6310e+01 1.4023e+03 -2.1675e+03 -3.0712e+00 -4.7470e+03
-4.8692e+06 3.6311e+01 1.3716e+03 -2.1890e+03 -7.0133e+00 -4.7437e+03
-4.6133e+06 3.6305e+01 1.3406e+03 -2.2101e+03 7.9896e+00 -4.7399e+03
-4.2164e+06 3.6294e+01 1.3094e+03 -2.2310e+03 3.4998e+01 -4.7354e+03
-4.0330e+06 3.6291e+01 1.2778e+03 -2.2515e+03 4.3975e+01 -4.7316e+03
-4.1825e+06 3.6302e+01 1.2460e+03 -2.2718e+03 1.7937e+01 -4.7263e+03
-4.4175e+06 3.6312e+01 1.2138e+03 -2.2917e+03 -3.5222e+00 -4.7262e+03
-4.5139e+06 3.6312e+01 1.1814e+03 -2.3114e+03 -1.2087e+00 -4.7164e+03
-1.8398e+07 3.2179e+01 2.5744e+03 -2.7377e+03 -2.0826e+05 -1.1656e+05
-3.5874e+07 3.4093e+01 2.0580e+03 -1.6130e+03 -1.0735e+05 -6.0991e+04
-3.3818e+07 3.2913e+01 2.0352e+03 -1.6376e+03 -2.8065e+04 -1.7825e+04
-1.5941e+07 3.0728e+01 2.0121e+03 -1.6622e+03 -2.2976e+03 -5.0809e+03
-5.1752e+06 2.9689e+01 1.9886e+03 -1.6868e+03 2.6925e+02 -4.7237e+03
1.2972e+06 3.1864e+01 1.9648e+03 -1.7114e+03 5.5159e+02 -4.7626e+03
-9.8690e+05 3.5885e+01 1.9407e+03 -1.7360e+03 9.4367e+01 -4.7457e+03
-3.7789e+06 3.7684e+01 1.9162e+03 -1.7605e+03 -3.0032e+02 -4.7317e+03
-5.6956e+06 3.7245e+01 1.8914e+03 -1.7850e+03 -2.2196e+02 -4.7216e+03
-5.7869e+06 3.6745e+01 1.8662e+03 -1.8094e+03 -8.6458e+01 -4.7100e+03
-6.2064e+06 3.6538e+01 1.8407e+03 -1.8337e+03 -5.8785e+01 -4.7102e+03
-5.7948e+06 3.6405e+01 1.8148e+03 -1.8580e+03 -3.9353e+01 -4.7134e+03
-5.7779e+06 3.6333e+01 1.7886e+03 -1.8822e+03 -8.3392e+00 -4.7147e+03
-5.4205e+06 3.6310e+01 1.7620e+03 -1.9062e+03 -2.0406e+00 -4.7161e+03
-5.4366e+06 3.6304e+01 1.7351e+03 -1.9302e+03 -3.2388e-01 -4.7170e+03
-5.1971e+06 3.6302e+01 1.7079e+03 -1.9540e+03 1.7561e+00 -4.7176e+03
-5.1965e+06 3.6300e+01 1.6803e+03 -1.9776e+03 7.4176e-01 -4.7177e+03
-5.0214e+06 3.6298e+01 1.6524e+03 -2.0011e+03 2.0017e+00 -4.7173e+03
-5.0159e+06 3.6298e+01 1.6241e+03 -2.0245e+03 6.0949e-01 -4.7170e+03
-4.8959e+06 3.6299e+01 1.5955e+03 -2.0476e+03 1.9717e+00 -4.7161e+03
-4.8810e+06 3.6298e+01 1.5665e+03 -2.0706e+03 2.2909e+00 -4.7147e+03
-4.7914e+06 3.6295e+01 1.5373e+03 -2.0934e+03 4.3808e+00 -4.7129e+03
-4.7979e+06 3.6294e+01 1.5077e+03 -2.1159e+03 3.7735e+00 -4.7111e+03
-4.7853e+06 3.6297e+01 1.4777e+03 -2.1383e+03 3.2113e+00 -4.7088e+03
-4.8327e+06 3.6302e+01 1.4475e+03 -2.1604e+03 2.2883e+00 -4.7059e+03
-4.8458e+06 3.6307e+01 1.4169e+03 -2.1822e+03 -2.1074e+00 -4.7028e+03
-4.7809e+06 3.6307e+01 1.3860e+03 -2.2038e+03 -4.6341e+00 -4.6996e+03
-4.4990e+06 3.6301e+01 1.3548e+03 -2.2251e+03 1.3114e+01 -4.6957e+03
-4.2581e+06 3.6295e+01 1.3233e+03 -2.2461e+03 3.0135e+01 -4.6909e+03
-4.2505e+06 3.6297e+01 1.2915e+03 -2.2669e+03 2.4500e+01 -4.6871e+03
-4.4249e+06 3.6307e+01 1.2594e+03 -2.2873e+03 2.3492e+00 -4.6819e+03
-4.5316e+06 3.6312e+01 1.2270e+03 -2.3074e+03 -3.8044e+00 -4.6819e+03
-4.5172e+06 3.6308e+01 1.1943e+03 -2.3272e+03 8.3076e+00 -4.6722e+03
-2.4796e+07 2.8160e+01 3.2773e+03 -4.3638e+03 -2.6597e+05 -1.4575e+05
-1.9118e+07 3.2435e+01 2.5090e+03 -2.6585e+03 -2.0421e+05 -1.1176e+05
-3.5719e+07 3.4360e+01 2.0523e+03 -1.6480e+03 -1.0135e+05 -5.6240e+04
-3.0230e+07 3.2854e+01 2.0291e+03 -1.6727e+03 -2.5349e+04 -1.6058e+04
-9.1058e+06 3.1092e+01 2.0057e+03 -1.6975e+03 -1.5705e+03 -4.9779e+03
1.9903e+06 3.2358e+01 1.9818e+03 -1.7223e+03 8.6556e+02 -4.7235e+03
2.9375e+06 3.5675e+01 1.9577e+03 -1.7470e+03 5.9564e+02 -4.6905e+03
-2.1312e+06 3.7436e+01 1.9331e+03 -1.7717e+03 -1.1391e+02 -4.6443e+03
-4.6992e+06 3.7268e+01 1.9083e+03 -1.7963e+03 -2.4584e+02 -4.6574e+03
-5.6140e+06 3.6824e+01 1.8830e+03 -1.8209e+03 -9.7188e+01 -4.6669e+03
-5.7864e+06 3.6586e+01 1.8575e+03 -1.8454e+03 -5.3886e+01 -4.6685e+03
-5.7985e+06 3.6431e+01 1.8315e+03 -1.8699e+03 -5.4694e+01 -4.6692e+03
-5.5998e+06 3.6343e+01 1.8052e+03 -1.8942e+03 -1.0989e+01 -4.6697e+03
-5.4329e+06 3.6313e+01 1.7786e+03 -1.9184e+03 -3.2664e+00 -4.6711e+03
-5.3163e+06 3.6303e+01 1.7516e+03 -1.9425e+03 -4.7913e-01 -4.6722e+03
-5.1743e+06 3.6299e+01 1.7243e+03 -1.9665e+03 1.9715e+00 -4.6728e+03
-5.0921e+06 3.6296e+01 1.6966e+03 -1.9904e+03 6.6256e-01 -4.6728e+03
-4.9756e+06 3.6294e+01 1.6685e+03 -2.0141e+03 2.4642e+00 -4.6724e+03
-4.9214e+06 3.6294e+01 1.6401e+03 -2.0376e+03 8.3601e-01 -4.6720e+03
-4.8331e+06 3.6295e+01 1.6114e+03 -2.0609e+03 2.5831e+00 -4.6712e+03
-4.7930e+06 3.6294e+01 1.5823e+03 -2.0841e+03 2.3199e+00 -4.6698e+03
-4.7253e+06 3.6290e+01 1.5528e+03 -2.1070e+03 3.9871e+00 -4.6679e+03
-4.7194e+06 3.6287e+01 1.5231e+03 -2.1298e+03 3.1539e+00 -4.6661e+03
-4.7146e+06 3.6289e+01 1.4930e+03 -2.1523e+03 3.2804e+00 -4.6637e+03
-4.7597e+06 3.6294e+01 1.4625e+03 -2.1746e+03 2.8244e+00 -4.6609e+03
-4.7807e+06 3.6299e+01 1.4317e+03 -2.1966e+03 9.9620e-01 -4.6579e+03
-4.7803e+06 3.6304e+01 1.4006e+03 -2.2183e+03 -3.4257e+00 -4.6545e+03
-4.6962e+06 3.6305e+01 1.3692e+03 -2.2398e+03 -1.3122e+00 -4.6508e+03
-4.6599e+06 3.6305e+01 1.3375e+03 -2.2610e+03 1.8990e-01 -4.6464e+03
-4.6851e+06 3.6307e+01 1.3054e+03 -2.2819e+03 -2.6153e+00 -4.6425e+03
-4.7707e+06 3.6312e+01 1.2731e+03 -2.3025e+03 -1.1685e+01 -4.6372e+03
-4.7964e+06 3.6314e+01 1.2404e+03 -2.3228e+03 -1.3817e+01 -4.6372e+03
-4.7600e+06 3.6310e+01 1.2075e+03 -2.3428e+03 -3.7426e+00 -4.6275e+03
-2.4246e+07 2.7240e+01 3.9844e+03 -6.0200e+03 -2.8371e+05 -1.5567e+05
-2.7438e+07 2.8699e+01 3.2093e+03 -4.3159e+03 -2.6869e+05 -1.4370e+05
-2.2601e+07 3.3143e+01 2.4437e+03 -2.5730e+03 -2.0231e+05 -1.0143e+05
-3.1883e+07 3.4354e+01 2.0464e+03 -1.6829e+03 -9.0704e+04 -4.2638e+04
-1.7381e+07 3.2423e+01 2.0229e+03 -1.7078e+03 -1.4620e+04 -1.0530e+04
2.6686e+06 3.2082e+01 1.9991e+03 -1.7327e+03 9.2507e+02 -4.6091e+03
3.4491e+06 3.4442e+01 1.9749e+03 -1.7576e+03 7.8682e+02 -4.5601e+03
4.3223e+05 3.6738e+01 1.9503e+03 -1.7825e+03 1.7497e+02 -4.5430e+03
-4.3172e+06 3.7360e+01 1.9254e+03 -1.8073e+03 -2.5981e+02 -4.5954e+03
-4.4943e+06 3.6981e+01 1.9001e+03 -1.8320e+03 -4.4351e+01 -4.6216e+03
-5.8493e+06 3.6643e+01 1.8745e+03 -1.8567e+03 -7.1200e+01 -4.6248e+03
-5.3244e+06 3.6466e+01 1.8485e+03 -1.8813e+03 -4.5656e+01 -4.6225e+03
-5.7905e+06 3.6357e+01 1.8221e+03 -1.9058e+03 -3.3029e+01 -4.6248e+03
-5.1386e+06 3.6318e+01 1.7954e+03 -1.9303e+03 1.1039e+01 -4.6250e+03
-5.4207e+06 3.6302e+01 1.7683e+03 -1.9546e+03 -1.1838e+01 -4.6271e+03
-4.9655e+06 3.6296e+01 1.7409e+03 -1.9787e+03 1.1586e+01 -4.6269e+03
-5.1456e+06 3.6292e+01 1.7131e+03 -2.0028e+03 -7.9655e+00 -4.6277e+03
-4.8211e+06 3.6292e+01 1.6849e+03 -2.0266e+03 8.7832e+00 -4.6269e+03
-4.9302e+06 3.6292e+01 1.6564e+03 -2.0503e+03 -5.2533e+00 -4.6267e+03
-4.7067e+06 3.6293e+01 1.6275e+03 -2.0739e+03 7.4473e+00 -4.6255e+03
-4.7720e+06 3.6290e+01 1.5983e+03 -2.0972e+03 -1.9990e+00 -4.6245e+03
-4.6274e+06 3.6285e+01 1.5687e+03 -2.1203e+03 6.4765e+00 -4.6224e+03
-4.6894e+06 3.6280e+01 1.5387e+03 -2.1433e+03 -1.1697e+00 -4.6207e+03
-4.6353e+06 3.6280e+01 1.5084e+03 -2.1660e+03 4.2970e+00 -4.6180e+03
-4.7195e+06 3.6283e+01 1.4778e+03 -2.1884e+03 1.1852e+00 -4.6155e+03
-4.7336e+06 3.6314e+01 1.4468e+03 -2.2106e+03 6.7204e+00 -4.6130e+03
-4.8753e+06 3.5764e+01 1.4155e+03 -2.2326e+03 -4.9620e+00 -4.6086e+03
-4.9283e+06 3.5281e+01 1.3839e+03 -2.2542e+03 -5.6139e+00 -4.6032e+03
-4.9316e+06 3.5969e+01 1.3519e+03 -2.2756e+03 9.1624e-01 -4.5999e+03
-4.9010e+06 3.6437e+01 1.3196e+03 -2.2967e+03 3.9541e+00 -4.5973e+03
-4.9479e+06 3.6313e+01 1.2870e+03 -2.3175e+03 -1.0035e+01 -4.5919e+03
-4.9511e+06 3.6315e+01 1.2541e+03 -2.3379e+03 -1.4852e+01 -4.5916e+03
-4.9389e+06 3.6313e+01 1.2209e+03 -2.3580e+03 -1.0005e+01 -4.5819e+03
-1.9108e+07 3.1786e+01 4.7040e+03 -7.7061e+03 -2.8583e+05 -1.6080e+05
-3.0574e+07 2.7783e+01 3.9143e+03 -6.0030e+03 -2.9614e+05 -1.3984e+05
-1.6091e+07 3.0499e+01 3.1411e+03 -4.2614e+03 -2.7965e+05 -8.8681e+04
-2.2622e+07 3.4407e+01 2.2642e+03 -2.1893e+03 -1.6466e+05 -3.5172e+04
-3.0506e+07 3.3345e+01 2.0403e+03 -1.7177e+03 -3.7072e+04 -1.0639e+04
-2.9314e+05 3.0985e+01 2.0165e+03 -1.7428e+03 7.2910e+01 -4.5487e+03
-5.0336e+05 3.2074e+01 1.9923e+03 -1.7678e+03 5.9303e+02 -4.5191e+03
3.3824e+06 3.5463e+01 1.9677e+03 -1.7928e+03 3.3829e+02 -4.5277e+03
-5.1088e+06 3.7452e+01 1.9427e+03 -1.8178e+03 -2.6788e+02 -4.5628e+03
-2.4363e+06 3.7195e+01 1.9174e+03 -1.8428e+03 1.0126e+01 -4.5789e+03
-6.7116e+06 3.6694e+01 1.8917e+03 -1.8676e+03 -9.8762e+01 -4.5788e+03
-4.1617e+06 3.6501e+01 1.8657e+03 -1.8924e+03 -2.6650e+01 -4.5747e+03
-6.5911e+06 3.6372e+01 1.8393e+03 -1.9171e+03 -6.2388e+01 -4.5798e+03
-4.3552e+06 3.6323e+01 1.8125e+03 -1.9417e+03 2.9222e+01 -4.5783e+03
-5.9971e+06 3.6302e+01 1.7853e+03 -1.9662e+03 -2.8863e+01 -4.5817e+03
-4.3892e+06 3.6296e+01 1.7578e+03 -1.9905e+03 2.3742e+01 -4.5802e+03
-5.5368e+06 3.6291e+01 1.7299e+03 -2.0148e+03 -2.0119e+01 -4.5821e+03
-4.3865e+06 3.6292e+01 1.7016e+03 -2.0388e+03 1.7888e+01 -4.5805e+03
-5.1923e+06 3.6292e+01 1.6729e+03 -2.0627e+03 -1.3130e+01 -4.5811e+03
-4.3765e+06 3.6293e+01 1.6439e+03 -2.0864e+03 1.5030e+01 -4.5791e+03
-4.9417e+06 3.6287e+01 1.6145e+03 -2.1100e+03 -7.0923e+00 -4.5787e+03
-4.3763e+06 3.6279e+01 1.5848e+03 -2.1333e+03 1.2234e+01 -4.5763e+03
-4.8071e+06 3.6272e+01 1.5547e+03 -2.1564e+03 -5.7726e+00 -4.5749e+03
-4.4576e+06 3.6272e+01 1.5242e+03 -2.1793e+03 6.3930e+00 -4.5718e+03
-4.8011e+06 3.6273e+01 1.4934e+03 -2.2020e+03 -1.1173e+00 -4.5697e+03
-4.6268e+06 3.6415e+01 1.4622e+03 -2.2244e+03 1.3037e+01 -4.5673e+03
-5.0936e+06 3.4777e+01 1.4307e+03 -2.2465e+03 -1.3548e+01 -4.5638e+03
-5.1027e+06 3.2615e+01 1.3988e+03 -2.2683e+03 -1.8874e+01 -4.5575e+03
-5.1756e+06 3.4028e+01 1.3666e+03 -2.2899e+03 -6.7400e-01 -4.5533e+03
-4.9324e+06 3.6062e+01 1.3341e+03 -2.3112e+03 1.6952e+01 -4.5504e+03
-5.0365e+06 3.6308e+01 1.3012e+03 -2.3321e+03 -4.0042e+00 -4.5456e+03
-4.9388e+06 3.6318e+01 1.2680e+03 -2.3527e+03 -9.9920e+00 -4.5459e+03
-4.9893e+06 3.6316e+01 1.2345e+03 -2.3730e+03 -5.7476e+00 -4.5362e+03
-9.4045e+06 3.7771e+01 5.4836e+03 -9.4244e+03 -2.7576e+05 -1.2010e+05
-3.3626e+07 3.1156e+01 4.6289e+03 -7.7168e+03 -3.0822e+05 -6.8351e+04
-1.7161e+07 2.9484e+01 3.5353e+03 -5.1714e+03 -3.1236e+05 -1.0992e+04
-2.7473e+07 3.3816e+01 2.4011e+03 -2.4853e+03 -2.0329e+05 6.2934e+03
-3.7330e+07 3.4020e+01 2.0579e+03 -1.7272e+03 -5.3586e+04 -1.9393e+03
-8.6429e+06 3.0500e+01 2.0341e+03 -1.7524e+03 -1.1157e+03 -4.4913e+03
-1.7011e+06 3.0515e+01 2.0098e+03 -1.7776e+03 5.4700e+02 -4.5343e+03
2.6824e+06 3.4474e+01 1.9852e+03 -1.8028e+03 3.8857e+02 -4.5170e+03
-3.5299e+06 3.7456e+01 1.9603e+03 -1.8280e+03 -1.9484e+02 -4.5228e+03
-2.6543e+06 3.7358e+01 1.9349e+03 -1.8531e+03 -9.9023e-01 -4.5321e+03
-5.8493e+06 3.6739e+01 1.9092e+03 -1.8781e+03 -9.5162e+01 -4.5309e+03
-4.5394e+06 3.6528e+01 1.8831e+03 -1.9031e+03 -3.9925e+01 -4.5275e+03
-6.1100e+06 3.6385e+01 1.8566e+03 -1.9280e+03 -6.4045e+01 -4.5331e+03
-4.6508e+06 3.6326e+01 1.8298e+03 -1.9527e+03 2.4832e+01 -4.5320e+03
-5.6387e+06 3.6303e+01 1.8025e+03 -1.9774e+03 -2.6471e+01 -4.5351e+03
-4.5930e+06 3.6295e+01 1.7749e+03 -2.0020e+03 2.0843e+01 -4.5338e+03
-5.2704e+06 3.6291e+01 1.7469e+03 -2.0264e+03 -1.7182e+01 -4.5355e+03
-4.5206e+06 3.6294e+01 1.7185e+03 -2.0506e+03 1.7668e+01 -4.5340e+03
-4.9863e+06 3.6295e+01 1.6897e+03 -2.0747e+03 -9.4506e+00 -4.5346e+03
-4.4630e+06 3.6293e+01 1.6606e+03 -2.0986e+03 1.5175e+01 -4.5327e+03
-4.7813e+06 3.6285e+01 1.6310e+03 -2.1224e+03 -4.6751e+00 -4.5321e+03
-4.4311e+06 3.6275e+01 1.6011e+03 -2.1459e+03 1.2884e+01 -4.5297e+03
-4.6904e+06 3.6267e+01 1.5709e+03 -2.1692e+03 -4.0012e+00 -4.5283e+03
-4.5083e+06 3.6268e+01 1.5402e+03 -2.1923e+03 5.4131e+00 -4.5255e+03
-4.7290e+06 3.6269e+01 1.5092e+03 -2.2151e+03 -9.5245e-02 -4.5232e+03
-4.6907e+06 3.6468e+01 1.4778e+03 -2.2377e+03 1.4849e+01 -4.5199e+03
-5.1376e+06 3.4253e+01 1.4461e+03 -2.2601e+03 -1.9357e+01 -4.5180e+03
-5.3462e+06 3.0159e+01 1.4140e+03 -2.2821e+03 -4.5878e+01 -4.5137e+03
-5.3645e+06 3.0915e+01 1.3816e+03 -2.3039e+03 -3.0737e+01 -4.5076e+03
-5.0589e+06 3.4839e+01 1.3488e+03 -2.3253e+03 7.3964e+00 -4.5033e+03
-5.0254e+06 3.6322e+01 1.3157e+03 -2.3464e+03 -1.2176e+00 -4.4990e+03
-4.9343e+06 3.6321e+01 1.2822e+03 -2.3673e+03 -7.3267e+00 -4.4997e+03
-4.9061e+06 3.6318e+01 1.2485e+03 -2.3877e+03 -1.6045e+00 -4.4899e+03
-2.3397e+06 4.0619e+01 6.0866e+03 -1.0640e+04 -2.5713e+05 -3.4442e+04
-2.9841e+07 3.4279e+01 4.8080e+03 -8.0241e+03 -3.1888e+05 1.1172e+04
-1.9893e+07 2.9794e+01 3.6365e+03 -5.3297e+03 -3.2122e+05 3.8140e+04
-2.5356e+07 3.3529e+01 2.4747e+03 -2.6179e+03 -2.1642e+05 2.5315e+04
-4.1084e+07 3.4467e+01 2.0757e+03 -1.7362e+03 -6.2547e+04 2.3318e+03
-1.3003e+07 3.0644e+01 2.0519e+03 -1.7616e+03 -1.8663e+03 -4.3909e+03
-2.7939e+06 3.0128e+01 2.0276e+03 -1.7870e+03 6.8659e+02 -4.4942e+03
2.9528e+06 3.4083e+01 2.0030e+03 -1.8124e+03 4.3759e+02 -4.4712e+03
-2.8405e+06 3.7409e+01 1.9780e+03 -1.8377e+03 -1.1966e+02 -4.4735e+03
-2.4166e+06 3.7441e+01 1.9527e+03 -1.8630e+03 -2.6735e+01 -4.4816e+03
-5.6036e+06 3.6778e+01 1.9269e+03 -1.8882e+03 -8.9900e+01 -4.4824e+03
-4.5234e+06 3.6549e+01 1.9007e+03 -1.9133e+03 -5.8154e+01 -4.4806e+03
-6.0101e+06 3.6393e+01 1.8742e+03 -1.9384e+03 -6.0318e+01 -4.4857e+03
-4.6594e+06 3.6328e+01 1.8473e+03 -1.9634e+03 1.6541e+01 -4.4853e+03
-5.5801e+06 3.6303e+01 1.8199e+03 -1.9882e+03 -2.2244e+01 -4.4878e+03
-4.5761e+06 3.6295e+01 1.7922e+03 -2.0130e+03 1.7230e+01 -4.4870e+03
-5.2102e+06 3.6293e+01 1.7641e+03 -2.0376e+03 -1.1503e+01 -4.4883e+03
-4.4907e+06 3.6296e+01 1.7356e+03 -2.0620e+03 1.7099e+01 -4.4870e+03
-4.9415e+06 3.6296e+01 1.7067e+03 -2.0863e+03 -4.9141e+00 -4.4873e+03
-4.4397e+06 3.6293e+01 1.6775e+03 -2.1104e+03 1.3800e+01 -4.4856e+03
-4.7563e+06 3.6283e+01 1.6478e+03 -2.1344e+03 -2.2247e+00 -4.4849e+03
-4.4204e+06 3.6274e+01 1.6178e+03 -2.1581e+03 1.1557e+01 -4.4827e+03
-4.6855e+06 3.6267e+01 1.5873e+03 -2.1816e+03 -1.8604e+00 -4.4811e+03
-4.5119e+06 3.6269e+01 1.5565e+03 -2.2049e+03 4.4353e+00 -4.4786e+03
-4.7437e+06 3.6274e+01 1.5253e+03 -2.2279e+03 2.9344e-01 -4.4761e+03
-4.6937e+06 3.6358e+01 1.4937e+03 -2.2507e+03 1.2166e+01 -4.4713e+03
-5.0781e+06 3.4777e+01 1.4618e+03 -2.2733e+03 -1.6057e+01 -4.4698e+03
-5.2249e+06 3.0655e+01 1.4295e+03 -2.2955e+03 -4.8080e+01 -4.4684e+03
-5.3117e+06 2.9265e+01 1.3968e+03 -2.3175e+03 -5.4533e+01 -4.4627e+03
-5.0737e+06 3.2094e+01 1.3638e+03 -2.3391e+03 -2.8683e+01 -4.4576e+03
-5.0564e+06 3.4614e+01 1.3304e+03 -2.3604e+03 -2.6610e+01 -4.4528e+03
-4.8838e+06 3.6004e+01 1.2967e+03 -2.3814e+03 -1.5649e+01 -4.4523e+03
-4.7881e+06 3.6473e+01 1.2627e+03 -2.4021e+03 3.0352e-01 -4.4424e+03
9.7919e+05 4.0947e+01 6.2564e+03 -1.0844e+04 -2.4536e+05 7.7665e+03
-2.3582e+07 3.5276e+01 4.9432e+03 -8.2073e+03 -3.2767e+05 3.2122e+04
-2.3522e+07 3.0000e+01 3.7408e+03 -5.4895e+03 -3.2652e+05 4.1147e+04
-2.4052e+07 3.3485e+01 2.5511e+03 -2.7524e+03 -2.2492e+05 2.6866e+04
-4.2297e+07 3.4823e+01 2.0937e+03 -1.7448e+03 -6.9805e+04 3.6934e+03
-1.4614e+07 3.0934e+01 2.0699e+03 -1.7704e+03 -2.3644e+03 -4.2951e+03
-2.8783e+06 3.0082e+01 2.0456e+03 -1.7959e+03 8.3157e+02 -4.4398e+03
3.2262e+06 3.3912e+01 2.0210e+03 -1.8215e+03 4.3974e+02 -4.4232e+03
-2.3796e+06 3.7378e+01 1.9960e+03 -1.8470e+03 -7.7384e+01 -4.4235e+03
-2.1890e+06 3.7502e+01 1.9706e+03 -1.8724e+03 -4.6981e+01 -4.4316e+03
-5.4824e+06 3.6809e+01 1.9448e+03 -1.8978e+03 -8.7117e+01 -4.4342e+03
-4.4321e+06 3.6565e+01 1.9186e+03 -1.9232e+03 -6.7678e+01 -4.4336e+03
-5.9790e+06 3.6399e+01 1.8920e+03 -1.9484e+03 -5.9254e+01 -4.4383e+03
-4.5923e+06 3.6329e+01 1.8650e+03 -1.9736e+03 1.4266e+01 -4.4379e+03
-5.5469e+06 3.6302e+01 1.8376e+03 -1.9986e+03 -2.0577e+01 -4.4403e+03
-4.5278e+06 3.6294e+01 1.8098e+03 -2.0235e+03 1.8173e+01 -4.4394e+03
-5.1937e+06 3.6293e+01 1.7816e+03 -2.0483e+03 -1.0108e+01 -4.4407e+03
-4.4711e+06 3.6296e+01 1.7530e+03 -2.0730e+03 1.7423e+01 -4.4395e+03
-4.9377e+06 3.6295e+01 1.7240e+03 -2.0975e+03 -5.5298e+00 -4.4397e+03
-4.4399e+06 3.6291e+01 1.6946e+03 -2.1218e+03 1.3227e+01 -4.4381e+03
-4.7614e+06 3.6282e+01 1.6648e+03 -2.1460e+03 -2.9740e+00 -4.4374e+03
-4.4422e+06 3.6275e+01 1.6346e+03 -2.1699e+03 1.0559e+01 -4.4352e+03
-4.7036e+06 3.6272e+01 1.6041e+03 -2.1936e+03 -2.2663e+00 -4.4337e+03
-4.5456e+06 3.6276e+01 1.5731e+03 -2.2171e+03 4.6802e+00 -4.4311e+03
-4.7660e+06 3.6283e+01 1.5417e+03 -2.2404e+03 -7.4113e-01 -4.4286e+03
-4.6981e+06 3.6288e+01 1.5099e+03 -2.2634e+03 5.1979e+00 -4.4239e+03
-4.8314e+06 3.5978e+01 1.4778e+03 -2.2861e+03 -1.0255e+01 -4.4213e+03
-4.5817e+06 3.3128e+01 1.4453e+03 -2.3086e+03 -5.7411e+00 -4.4202e+03
-4.5519e+06 2.9019e+01 1.4124e+03 -2.3307e+03 -2.1185e+01 -4.4155e+03
-4.6402e+06 2.8122e+01 1.3791e+03 -2.3526e+03 -5.0019e+01 -4.4104e+03
-4.8828e+06 3.0441e+01 1.3455e+03 -2.3741e+03 -7.3235e+01 -4.4060e+03
-4.7626e+06 3.3969e+01 1.3115e+03 -2.3953e+03 -4.9339e+01 -4.4060e+03
-4.6102e+06 3.6076e+01 1.2771e+03 -2.4162e+03 -1.5783e+01 -4.3954e+03
-2.3116e+05 4.0953e+01 6.4305e+03 -1.1047e+04 -2.4038e+05 6.8733e+03
-2.2379e+07 3.5767e+01 5.0823e+03 -8.3911e+03 -3.3064e+05 3.1875e+04
-2.4445e+07 3.0131e+01 3.8484e+03 -5.6506e+03 -3.3066e+05 4.0982e+04
-2.1082e+07 3.3454e+01 2.6303e+03 -2.8890e+03 -2.3358e+05 2.8142e+04
-4.1956e+07 3.5130e+01 2.1119e+03 -1.7529e+03 -7.7118e+04 5.0148e+03
-1.6031e+07 3.1200e+01 2.0881e+03 -1.7787e+03 -2.8807e+03 -4.2144e+03
-2.1406e+06 3.0049e+01 2.0638e+03 -1.8044e+03 9.9004e+02 -4.3936e+03
3.0951e+06 3.3775e+01 2.0392e+03 -1.8301e+03 3.8969e+02 -4.3798e+03
-1.7757e+06 3.7375e+01 2.0142e+03 -1.8558e+03 -4.2043e+01 -4.3762e+03
-2.2966e+06 3.7567e+01 1.9888e+03 -1.8814e+03 -7.5108e+01 -4.3827e+03
-5.1552e+06 3.6835e+01 1.9630e+03 -1.9070e+03 -7.5783e+01 -4.3858e+03
-4.5636e+06 3.6580e+01 1.9367e+03 -1.9325e+03 -8.1101e+01 -4.3860e+03
-5.7999e+06 3.6404e+01 1.9101e+03 -1.9580e+03 -5.4834e+01 -4.3902e+03
-4.7062e+06 3.6329e+01 1.8830e+03 -1.9833e+03 7.6894e+00 -4.3898e+03
-5.4542e+06 3.6301e+01 1.8556e+03 -2.0086e+03 -1.7825e+01 -4.3921e+03
-4.6013e+06 3.6292e+01 1.8277e+03 -2.0337e+03 1.4636e+01 -4.3914e+03
-5.1324e+06 3.6291e+01 1.7994e+03 -2.0587e+03 -7.9870e+00 -4.3926e+03
-4.5257e+06 3.6294e+01 1.7707e+03 -2.0835e+03 1.4132e+01 -4.3915e+03
-4.9170e+06 3.6293e+01 1.7416e+03 -2.1082e+03 -5.4064e+00 -4.3917e+03
-4.4908e+06 3.6289e+01 1.7121e+03 -2.1328e+03 1.0719e+01 -4.3901e+03
-4.7759e+06 3.6283e+01 1.6822e+03 -2.1571e+03 -3.1825e+00 -4.3893e+03
-4.5056e+06 3.6280e+01 1.6518e+03 -2.1813e+03 7.6930e+00 -4.3872e+03
-4.7427e+06 3.6280e+01 1.6211e+03 -2.2052e+03 -2.6454e+00 -4.3856e+03
-4.5966e+06 3.6286e+01 1.5899e+03 -2.2289e+03 4.6186e+00 -4.3832e+03
-4.7919e+06 3.6294e+01 1.5584e+03 -2.2524e+03 4.4831e-01 -4.3809e+03
-4.7037e+06 3.6306e+01 1.5264e+03 -2.2756e+03 -6.6246e+00 -4.3771e+03
-4.5625e+06 3.6432e+01 1.4940e+03 -2.2986e+03 -1.7844e+01 -4.3727e+03
-3.5887e+06 3.4368e+01 1.4613e+03 -2.3212e+03 5.1031e+01 -4.3700e+03
-3.0654e+06 2.9535e+01 1.4282e+03 -2.3436e+03 7.9065e+01 -4.3662e+03
-3.3664e+06 2.6561e+01 1.3947e+03 -2.3657e+03 9.2338e+00 -4.3616e+03
-4.0430e+06 2.7197e+01 1.3608e+03 -2.3874e+03 -6.5350e+01 -4.3569e+03
-4.2354e+06 3.0710e+01 1.3265e+03 -2.4088e+03 -7.0240e+01 -4.3581e+03
-4.2652e+06 3.4827e+01 1.2919e+03 -2.4299e+03 -4.2786e+01 -4.3484e+03
-1.4572e+06 4.1073e+01 6.6088e+03 -1.1251e+04 -2.3554e+05 5.1941e+03
-1.8860e+07 3.6384e+01 5.2254e+03 -8.5754e+03 -3.3308e+05 3.1357e+04
-2.8307e+07 3.0338e+01 3.9593e+03 -5.8129e+03 -3.3468e+05 4.0904e+04
-1.9887e+07 3.3371e+01 2.7124e+03 -3.0273e+03 -2.4248e+05 2.9488e+04
-4.1850e+07 3.5255e+01 2.1302e+03 -1.7606e+03 -8.4569e+04 6.3488e+03
-1.6590e+07 3.1330e+01 2.1064e+03 -1.7865e+03 -3.3783e+03 -4.1410e+03
-1.3421e+06 2.9992e+01 2.0822e+03 -1.8124e+03 1.1603e+03 -4.3485e+03
3.1119e+06 3.3658e+01 2.0576e+03 -1.8383e+03 3.3473e+02 -4.3319e+03
-1.3407e+06 3.7391e+01 2.0326e+03 -1.8641e+03 -8.5015e+00 -4.3277e+03
-2.2807e+06 3.7631e+01 2.0072e+03 -1.8899e+03 -9.8940e+01 -4.3348e+03
-4.9130e+06 3.6857e+01 1.9813e+03 -1.9157e+03 -6.1368e+01 -4.3379e+03
-4.6119e+06 3.6595e+01 1.9551e+03 -1.9414e+03 -9.4624e+01 -4.3384e+03
-5.6915e+06 3.6411e+01 1.9284e+03 -1.9670e+03 -5.1037e+01 -4.3418e+03
-4.7610e+06 3.6331e+01 1.9013e+03 -1.9926e+03 2.4721e+00 -4.3416e+03
-5.3728e+06 3.6301e+01 1.8738e+03 -2.0180e+03 -1.3517e+01 -4.3435e+03
-4.6746e+06 3.6292e+01 1.8458e+03 -2.0434e+03 1.0454e+01 -4.3430e+03
-5.1049e+06 3.6290e+01 1.8174e+03 -2.0686e+03 -6.0437e+00 -4.3439e+03
-4.6131e+06 3.6292e+01 1.7887e+03 -2.0936e+03 1.0198e+01 -4.3429e+03
-4.9163e+06 3.6292e+01 1.7594e+03 -2.1186e+03 -4.6138e+00 -4.3430e+03
-4.5805e+06 3.6290e+01 1.7298e+03 -2.1433e+03 8.0786e+00 -4.3416e+03
-4.7958e+06 3.6287e+01 1.6997e+03 -2.1679e+03 -2.4712e+00 -4.3407e+03
-4.5990e+06 3.6287e+01 1.6693e+03 -2.1922e+03 5.8792e+00 -4.3387e+03
-4.7729e+06 3.6290e+01 1.6384e+03 -2.2164e+03 -1.5826e+00 -4.3371e+03
-4.6712e+06 3.6294e+01 1.6070e+03 -2.2403e+03 5.0111e+00 -4.3347e+03
-4.8074e+06 3.6301e+01 1.5753e+03 -2.2640e+03 2.3382e+00 -4.3324e+03
-4.7624e+06 3.6317e+01 1.5432e+03 -2.2874e+03 -1.6802e+01 -4.3291e+03
-4.4335e+06 3.6299e+01 1.5106e+03 -2.3106e+03 -3.9120e+01 -4.3249e+03
-2.9621e+06 3.4470e+01 1.4776e+03 -2.3335e+03 6.1199e+01 -4.3220e+03
-1.7675e+06 3.0169e+01 1.4443e+03 -2.3561e+03 1.4391e+02 -4.3185e+03
-1.8224e+06 2.6941e+01 1.4105e+03 -2.3784e+03 9.3766e+01 -4.3133e+03
-2.5055e+06 2.6295e+01 1.3764e+03 -2.4003e+03 1.4105e+01 -4.3079e+03
-3.0202e+06 2.8595e+01 1.3419e+03 -2.4219e+03 -2.0290e+01 -4.3089e+03
-3.4643e+06 3.3260e+01 1.3070e+03 -2.4432e+03 -3.4445e+01 -4.3001e+03
-3.2915e+06 4.1174e+01 6.7914e+03 -1.1454e+04 -2.3041e+05 3.6974e+03
-1.6178e+07 3.6945e+01 5.3724e+03 -8.7599e+03 -3.3555e+05 3.0888e+04
-2.9217e+07 3.0580e+01 4.0736e+03 -5.9764e+03 -3.3861e+05 4.0714e+04
-1.7541e+07 3.3335e+01 2.7975e+03 -3.1674e+03 -2.5157e+05 3.0724e+04
-4.1941e+07 3.5395e+01 2.1488e+03 -1.7678e+03 -9.2360e+04 7.6333e+03
-1.8235e+07 3.1467e+01 2.1250e+03 -1.7938e+03 -3.9723e+03 -4.0758e+03
-6.6119e+05 2.9878e+01 2.1008e+03 -1.8199e+03 1.3415e+03 -4.2975e+03
2.8196e+06 3.3440e+01 2.0762e+03 -1.8459e+03 3.1040e+02 -4.2824e+03
-7.3530e+05 3.7367e+01 2.0512e+03 -1.8720e+03 4.6687e+01 -4.2777e+03
-2.4099e+06 3.7702e+01 2.0258e+03 -1.8980e+03 -1.1422e+02 -4.2855e+03
-4.5472e+06 3.6876e+01 1.9999e+03 -1.9239e+03 -3.7583e+01 -4.2889e+03
-4.7867e+06 3.6612e+01 1.9736e+03 -1.9498e+03 -1.0624e+02 -4.2902e+03
-5.5427e+06 3.6420e+01 1.9469e+03 -1.9756e+03 -5.0060e+01 -4.2931e+03
-4.9362e+06 3.6335e+01 1.9198e+03 -2.0014e+03 -4.5027e+00 -4.2928e+03
-5.3311e+06 3.6304e+01 1.8922e+03 -2.0270e+03 -1.0307e+01 -4.2943e+03
-4.8114e+06 3.6295e+01 1.8642e+03 -2.0526e+03 5.3810e+00 -4.2942e+03
-5.0942e+06 3.6292e+01 1.8357e+03 -2.0780e+03 -3.6581e+00 -4.2948e+03
-4.7143e+06 3.6294e+01 1.8069e+03 -2.1033e+03 7.5985e+00 -4.2941e+03
-4.9337e+06 3.6293e+01 1.7775e+03 -2.1284e+03 -2.4578e+00 -4.2940e+03
-4.6694e+06 3.6293e+01 1.7478e+03 -2.1534e+03 6.6436e+00 -4.2927e+03
-4.8427e+06 3.6293e+01 1.7176e+03 -2.1781e+03 -7.1155e-01 -4.2917e+03
-4.6865e+06 3.6295e+01 1.6870e+03 -2.2027e+03 5.4941e+00 -4.2898e+03
-4.8321e+06 3.6297e+01 1.6559e+03 -2.2271e+03 2.0197e-01 -4.2881e+03
-4.7410e+06 3.6301e+01 1.6245e+03 -2.2513e+03 4.4318e+00 -4.2857e+03
-4.8613e+06 3.6306e+01 1.5925e+03 -2.2752e+03 2.1800e+00 -4.2832e+03
-4.8231e+06 3.6323e+01 1.5602e+03 -2.2989e+03 -1.9237e+01 -4.2805e+03
-4.5445e+06 3.6329e+01 1.5275e+03 -2.3223e+03 -5.7344e+01 -4.2766e+03
-3.0901e+06 3.4113e+01 1.4943e+03 -2.3454e+03 9.8910e+00 -4.2730e+03
-1.5350e+06 2.9375e+01 1.4607e+03 -2.3682e+03 1.0661e+02 -4.2696e+03
-8.4791e+05 2.6523e+01 1.4267e+03 -2.3907e+03 1.1643e+02 -4.2650e+03
-1.0174e+06 2.6196e+01 1.3923e+03 -2.4129e+03 7.9381e+01 -4.2601e+03
-1.4811e+06 2.7349e+01 1.3575e+03 -2.4347e+03 4.8220e+01 -4.2611e+03
-2.2675e+06 3.0429e+01 1.3223e+03 -2.4562e+03 6.1071e+00 -4.2512e+03
-4.1834e+06 4.1254e+01 6.9782e+03 -1.1657e+04 -2.2524e+05 1.9789e+03
-1.3673e+07 3.7449e+01 5.5236e+03 -8.9445e+03 -3.3756e+05 2.8840e+04
-3.5215e+07 3.0838e+01 4.1913e+03 -6.1408e+03 -3.4252e+05 3.5335e+04
-1.7081e+07 3.3349e+01 2.8857e+03 -3.3092e+03 -2.6443e+05 2.6195e+04
-4.2641e+07 3.5711e+01 2.1676e+03 -1.7744e+03 -1.0397e+05 6.8841e+03
-2.0514e+07 3.1819e+01 2.1438e+03 -1.8007e+03 -4.9493e+03 -4.0349e+03
-6.7736e+05 2.9682e+01 2.1197e+03 -1.8269e+03 1.5554e+03 -4.2302e+03
2.3183e+06 3.2889e+01 2.0951e+03 -1.8531e+03 2.5318e+02 -4.2328e+03
-1.0884e+05 3.7166e+01 2.0701e+03 -1.8793e+03 1.4914e+02 -4.2243e+03
-2.5905e+06 3.7787e+01 2.0446e+03 -1.9055e+03 -1.6020e+02 -4.2345e+03
-4.2106e+06 3.6904e+01 2.0187e+03 -1.9316e+03 9.7656e-01 -4.2367e+03
-4.9291e+06 3.6630e+01 1.9924e+03 -1.9577e+03 -1.1446e+02 -4.2409e+03
-5.3980e+06 3.6435e+01 1.9657e+03 -1.9837e+03 -4.3015e+01 -4.2436e+03
-5.1049e+06 3.6342e+01 1.9385e+03 -2.0097e+03 -1.5801e+01 -4.2435e+03
-5.2271e+06 3.6310e+01 1.9109e+03 -2.0355e+03 1.4342e+00 -4.2445e+03
-4.9782e+06 3.6299e+01 1.8828e+03 -2.0613e+03 -2.1511e+00 -4.2449e+03
-5.0655e+06 3.6296e+01 1.8543e+03 -2.0869e+03 2.8129e+00 -4.2452e+03
-4.8715e+06 3.6296e+01 1.8253e+03 -2.1124e+03 2.5407e+00 -4.2448e+03
-4.9334e+06 3.6296e+01 1.7959e+03 -2.1378e+03 2.2183e+00 -4.2443e+03
-4.8109e+06 3.6296e+01 1.7661e+03 -2.1630e+03 3.3256e+00 -4.2433e+03
-4.8633e+06 3.6298e+01 1.7358e+03 -2.1880e+03 2.5738e+00 -4.2421e+03
-4.8130e+06 3.6300e+01 1.7050e+03 -2.2128e+03 3.1899e+00 -4.2404e+03
-4.8649e+06 3.6302e+01 1.6738e+03 -2.2374e+03 1.9965e+00 -4.2386e+03
-4.8587e+06 3.6305e+01 1.6422e+03 -2.2618e+03 1.1832e+00 -4.2362e+03
-4.9109e+06 3.6311e+01 1.6101e+03 -2.2859e+03 5.6263e-01 -4.2337e+03
-4.9353e+06 3.6324e+01 1.5776e+03 -2.3098e+03 -1.6303e+01 -4.2313e+03
-4.7357e+06 3.6369e+01 1.5446e+03 -2.3335e+03 -5.7055e+01 -4.2273e+03
-3.6721e+06 3.3802e+01 1.5112e+03 -2.3568e+03 -4.4321e+01 -4.2233e+03
-2.0188e+06 2.8627e+01 1.4774e+03 -2.3799e+03 3.4640e+01 -4.2198e+03
-7.1270e+05 2.6129e+01 1.4432e+03 -2.4026e+03 9.4489e+01 -4.2160e+03
-1.9122e+05 2.6204e+01 1.4085e+03 -2.4250e+03 9.3404e+01 -4.2112e+03
-2.9189e+05 2.6439e+01 1.3735e+03 -2.4471e+03 7.5430e+01 -4.2121e+03
-8.7145e+05 2.7361e+01 1.3380e+03 -2.4688e+03 5.1706e+01 -4.2022e+03
-7.3214e+06 4.1343e+01 7.1694e+03 -1.1859e+04 -2.1925e+05 -1.0469e+04
-7.8963e+06 3.8344e+01 5.6788e+03 -9.1291e+03 -3.4179e+05 1.0925e+04
-3.8717e+07 3.1328e+01 4.3442e+03 -6.3787e+03 -3.4938e+05 1.5137e+04
-1.2437e+07 3.3174e+01 3.0580e+03 -3.6349e+03 -2.8646e+05 1.4370e+04
-4.1737e+07 3.5940e+01 2.1865e+03 -1.7806e+03 -1.2409e+05 5.1869e+03
-2.7021e+07 3.2275e+01 2.1628e+03 -1.8070e+03 -6.7023e+03 -3.9927e+03
-2.2139e+05 2.9476e+01 2.1387e+03 -1.8333e+03 1.8672e+03 -4.1612e+03
1.5454e+04 3.2086e+01 2.1141e+03 -1.8597e+03 9.3802e+01 -4.1837e+03
1.5121e+06 3.6688e+01 2.0891e+03 -1.8861e+03 3.2164e+02 -4.1679e+03
-3.8174e+06 3.7818e+01 2.0637e+03 -1.9125e+03 -2.6602e+02 -4.1866e+03
-3.2193e+06 3.6952e+01 2.0378e+03 -1.9388e+03 5.4967e+01 -4.1837e+03
-5.7184e+06 3.6646e+01 2.0115e+03 -1.9651e+03 -1.3397e+02 -4.1914e+03
-4.7976e+06 3.6451e+01 1.9847e+03 -1.9913e+03 -2.2209e+01 -4.1929e+03
-5.7622e+06 3.6349e+01 1.9575e+03 -2.0175e+03 -4.2650e+01 -4.1943e+03
-4.8856e+06 3.6316e+01 1.9298e+03 -2.0435e+03 1.9584e+01 -4.1938e+03
-5.4411e+06 3.6303e+01 1.9017e+03 -2.0695e+03 -1.9008e+01 -4.1954e+03
-4.8418e+06 3.6300e+01 1.8731e+03 -2.0954e+03 1.5231e+01 -4.1947e+03
-5.1992e+06 3.6299e+01 1.8441e+03 -2.1211e+03 -8.7376e+00 -4.1952e+03
-4.8065e+06 3.6299e+01 1.8146e+03 -2.1466e+03 1.1129e+01 -4.1940e+03
-5.0648e+06 3.6300e+01 1.7846e+03 -2.1721e+03 -5.1442e+00 -4.1935e+03
-4.8176e+06 3.6302e+01 1.7542e+03 -2.1973e+03 7.7561e+00 -4.1919e+03
-5.0201e+06 3.6304e+01 1.7233e+03 -2.2223e+03 -4.2804e+00 -4.1907e+03
-4.8652e+06 3.6306e+01 1.6920e+03 -2.2472e+03 4.5955e+00 -4.1885e+03
-5.0212e+06 3.6308e+01 1.6602e+03 -2.2718e+03 -4.4353e+00 -4.1865e+03
-4.9338e+06 3.6314e+01 1.6279e+03 -2.2962e+03 1.7102e+00 -4.1838e+03
-5.0499e+06 3.6323e+01 1.5952e+03 -2.3203e+03 -1.2098e+01 -4.1814e+03
-4.8796e+06 3.6274e+01 1.5621e+03 -2.3442e+03 -4.0089e+01 -4.1778e+03
-4.2699e+06 3.4054e+01 1.5285e+03 -2.3678e+03 -6.9740e+01 -4.1742e+03
-2.7757e+06 2.9419e+01 1.4945e+03 -2.3911e+03 -2.5160e+01 -4.1700e+03
-1.1619e+06 2.6587e+01 1.4600e+03 -2.4141e+03 5.4441e+01 -4.1666e+03
-6.0412e+04 2.6216e+01 1.4251e+03 -2.4367e+03 8.7325e+01 -4.1618e+03
3.3254e+05 2.6204e+01 1.3897e+03 -2.4591e+03 7.7700e+01 -4.1625e+03
2.4575e+05 2.6228e+01 1.3540e+03 -2.4810e+03 7.8767e+01 -4.1527e+03
-9.0271e+06 4.1382e+01 7.4672e+03 -1.2260e+04 -2.0519e+05 -2.8654e+04
1.2924e+06 3.9883e+01 5.9828e+03 -9.6248e+03 -3.4426e+05 -9.7570e+03
-4.7592e+07 3.2363e+01 4.6259e+03 -6.9038e+03 -3.5708e+05 -1.1994e+03
-7.4313e+06 3.2689e+01 3.3141e+03 -4.1396e+03 -3.1457e+05 9.3191e+03
-4.0370e+07 3.5817e+01 2.2056e+03 -1.7862e+03 -1.5114e+05 6.0172e+03
-3.3932e+07 3.2731e+01 2.1820e+03 -1.8127e+03 -9.9124e+03 -4.5272e+03
-3.0385e+05 2.9430e+01 2.1579e+03 -1.8393e+03 2.1184e+03 -4.1318e+03
-2.5867e+06 3.1463e+01 2.1334e+03 -1.8658e+03 -1.4223e+02 -4.1300e+03
3.1071e+06 3.6157e+01 2.1084e+03 -1.8924e+03 5.3659e+02 -4.1162e+03
-5.0072e+06 3.7769e+01 2.0830e+03 -1.9190e+03 -3.7947e+02 -4.1406e+03
-2.2954e+06 3.7000e+01 2.0571e+03 -1.9455e+03 1.1280e+02 -4.1343e+03
-6.4929e+06 3.6654e+01 2.0308e+03 -1.9720e+03 -1.6216e+02 -4.1428e+03
-4.1961e+06 3.6462e+01 2.0040e+03 -1.9984e+03 7.4318e+00 -4.1412e+03
-6.3778e+06 3.6354e+01 1.9768e+03 -2.0247e+03 -6.9870e+01 -4.1449e+03
-4.4423e+06 3.6319e+01 1.9490e+03 -2.0510e+03 4.2444e+01 -4.1428e+03
-5.9255e+06 3.6306e+01 1.9209e+03 -2.0772e+03 -3.6727e+01 -4.1457e+03
-4.5746e+06 3.6303e+01 1.8922e+03 -2.1033e+03 2.9182e+01 -4.1438e+03
-5.5974e+06 3.6301e+01 1.8631e+03 -2.1292e+03 -2.2976e+01 -4.1452e+03
-4.6427e+06 3.6302e+01 1.8335e+03 -2.1550e+03 2.0480e+01 -4.1433e+03
-5.3864e+06 3.6303e+01 1.8035e+03 -2.1806e+03 -1.6016e+01 -4.1436e+03
-4.7241e+06 3.6306e+01 1.7730e+03 -2.2061e+03 1.3735e+01 -4.1413e+03
-5.2678e+06 3.6306e+01 1.7419e+03 -2.2314e+03 -1.2360e+01 -4.1406e+03
-4.8089e+06 3.6308e+01 1.7105e+03 -2.2565e+03 9.0049e+00 -4.1380e+03
-5.2112e+06 3.6310e+01 1.6785e+03 -2.2814e+03 -9.2839e+00 -4.1363e+03
-4.9045e+06 3.6315e+01 1.6461e+03 -2.3060e+03 5.3152e+00 -4.1334e+03
-5.1952e+06 3.6321e+01 1.6132e+03 -2.3304e+03 -1.0740e+01 -4.1310e+03
-4.9368e+06 3.6123e+01 1.5799e+03 -2.3545e+03 -2.1086e+01 -4.1275e+03
-4.7812e+06 3.4806e+01 1.5461e+03 -2.3784e+03 -7.0134e+01 -4.1242e+03
-3.5355e+06 3.1922e+01 1.5118e+03 -2.4019e+03 -6.4226e+01 -4.1194e+03
-1.9748e+06 2.8748e+01 1.4771e+03 -2.4251e+03 2.0510e+00 -4.1162e+03
-3.4601e+05 2.6780e+01 1.4419e+03 -2.4480e+03 7.0419e+01 -4.1118e+03
4.2939e+05 2.6211e+01 1.4063e+03 -2.4706e+03 7.5577e+01 -4.1125e+03
8.1104e+05 2.6201e+01 1.3703e+03 -2.4928e+03 7.8019e+01 -4.1026e+03
-1.5196e+07 4.1051e+01 7.8395e+03 -1.2786e+04 -1.7811e+05 -2.5428e+04
9.8459e+06 4.1323e+01 6.3199e+03 -1.0166e+04 -3.3549e+05 -7.4597e+03
-5.0571e+07 3.3668e+01 4.9174e+03 -7.4353e+03 -3.6104e+05 4.4360e+03
-2.1621e+06 3.2180e+01 3.5794e+03 -4.6513e+03 -3.3666e+05 1.9150e+04
-3.8134e+07 3.5493e+01 2.2504e+03 -1.8468e+03 -1.7662e+05 9.4553e+03
-4.0289e+07 3.3186e+01 2.2014e+03 -1.8179e+03 -1.6461e+04 -5.9480e+03
-7.2142e+05 2.9561e+01 2.1773e+03 -1.8447e+03 2.0205e+03 -4.1249e+03
-4.8225e+06 3.1221e+01 2.1528e+03 -1.8714e+03 -2.5731e+02 -4.0663e+03
4.4002e+06 3.5893e+01 2.1279e+03 -1.8981e+03 6.8517e+02 -4.0709e+03
-5.9426e+06 3.7719e+01 2.1025e+03 -1.9249e+03 -4.2146e+02 -4.0878e+03
-1.5692e+06 3.7011e+01 2.0766e+03 -1.9516e+03 1.5048e+02 -4.0827e+03
-7.2352e+06 3.6651e+01 2.0503e+03 -1.9783e+03 -1.8384e+02 -4.0925e+03
-3.7527e+06 3.6463e+01 2.0235e+03 -2.0049e+03 2.6964e+01 -4.0894e+03
-6.9620e+06 3.6355e+01 1.9963e+03 -2.0315e+03 -9.0365e+01 -4.0946e+03
-4.2101e+06 3.6321e+01 1.9685e+03 -2.0579e+03 5.4865e+01 -4.0914e+03
-6.3332e+06 3.6307e+01 1.9403e+03 -2.0843e+03 -5.0724e+01 -4.0952e+03
-4.4080e+06 3.6305e+01 1.9116e+03 -2.1106e+03 3.9725e+01 -4.0925e+03
-5.8846e+06 3.6302e+01 1.8824e+03 -2.1368e+03 -3.3070e+01 -4.0947e+03
-4.5492e+06 3.6304e+01 1.8528e+03 -2.1628e+03 2.8788e+01 -4.0922e+03
-5.6004e+06 3.6304e+01 1.8226e+03 -2.1887e+03 -2.2812e+01 -4.0930e+03
-4.6915e+06 3.6308e+01 1.7920e+03 -2.2144e+03 1.9664e+01 -4.0903e+03
-5.4391e+06 3.6308e+01 1.7609e+03 -2.2400e+03 -1.7367e+01 -4.0900e+03
-4.8095e+06 3.6310e+01 1.7293e+03 -2.2653e+03 1.3249e+01 -4.0871e+03
-5.3316e+06 3.6311e+01 1.6972e+03 -2.2904e+03 -1.2261e+01 -4.0857e+03
-4.9013e+06 3.6314e+01 1.6646e+03 -2.3153e+03 9.1670e+00 -4.0825e+03
-5.2641e+06 3.6316e+01 1.6315e+03 -2.3399e+03 -1.0470e+01 -4.0802e+03
-4.9600e+06 3.6209e+01 1.5980e+03 -2.3643e+03 -4.9046e+00 -4.0768e+03
-5.0527e+06 3.5829e+01 1.5640e+03 -2.3884e+03 -5.2081e+01 -4.0738e+03
-4.1615e+06 3.4876e+01 1.5295e+03 -2.4122e+03 -7.1704e+01 -4.0688e+03
-2.8092e+06 3.1916e+01 1.4945e+03 -2.4357e+03 -4.0933e+01 -4.0657e+03
-9.4829e+05 2.7905e+01 1.4591e+03 -2.4589e+03 4.2780e+01 -4.0610e+03
1.8383e+05 2.6185e+01 1.4232e+03 -2.4817e+03 7.5947e+01 -4.0618e+03
8.8224e+05 2.6201e+01 1.3869e+03 -2.5042e+03 8.1018e+01 -4.0524e+03
-1.6874e+07 4.0390e+01 7.9837e+03 -1.2863e+04 -1.5126e+05 -1.2457e+04
8.5816e+06 4.2095e+01 6.6604e+03 -1.0689e+04 -3.1795e+05 8.9531e+03
-4.8072e+07 3.4836e+01 5.1627e+03 -7.8437e+03 -3.6220e+05 2.2785e+04
-7.0165e+06 3.2022e+01 3.7474e+03 -4.9339e+03 -3.4739e+05 3.3827e+04
-3.3779e+07 3.5154e+01 2.3475e+03 -2.0175e+03 -1.9306e+05 1.4789e+04
-4.1305e+07 3.3408e+01 2.2209e+03 -1.8226e+03 -2.4927e+04 -5.6952e+03
-1.6228e+06 2.9652e+01 2.1969e+03 -1.8495e+03 1.7035e+03 -4.0642e+03
-5.4486e+06 3.1101e+01 2.1725e+03 -1.8764e+03 -2.2621e+02 -4.0110e+03
4.7289e+06 3.5738e+01 2.1476e+03 -1.9033e+03 6.9737e+02 -4.0251e+03
-6.4048e+06 3.7654e+01 2.1222e+03 -1.9302e+03 -4.0861e+02 -4.0332e+03
-1.3721e+06 3.6992e+01 2.0964e+03 -1.9571e+03 1.6109e+02 -4.0271e+03
-7.6186e+06 3.6636e+01 2.0701e+03 -1.9840e+03 -1.8102e+02 -4.0403e+03
-3.5593e+06 3.6458e+01 2.0433e+03 -2.0108e+03 3.6143e+01 -4.0379e+03
-7.2484e+06 3.6353e+01 2.0160e+03 -2.0376e+03 -9.3984e+01 -4.0436e+03
-3.9958e+06 3.6321e+01 1.9883e+03 -2.0643e+03 6.3751e+01 -4.0399e+03
-6.5958e+06 3.6307e+01 1.9600e+03 -2.0909e+03 -5.5206e+01 -4.0442e+03
-4.2985e+06 3.6306e+01 1.9313e+03 -2.1174e+03 4.5401e+01 -4.0410e+03
-6.1315e+06 3.6303e+01 1.9020e+03 -2.1438e+03 -3.8570e+01 -4.0436e+03
-4.4919e+06 3.6305e+01 1.8723e+03 -2.1701e+03 3.2892e+01 -4.0407e+03
-5.8013e+06 3.6305e+01 1.8421e+03 -2.1962e+03 -2.6753e+01 -4.0418e+03
-4.6529e+06 3.6309e+01 1.8113e+03 -2.2222e+03 2.3414e+01 -4.0389e+03
-5.5877e+06 3.6309e+01 1.7801e+03 -2.2480e+03 -1.9313e+01 -4.0388e+03
-4.7819e+06 3.6311e+01 1.7484e+03 -2.2736e+03 1.6450e+01 -4.0358e+03
-5.4433e+06 3.6310e+01 1.7161e+03 -2.2989e+03 -1.3622e+01 -4.0346e+03
-4.8823e+06 3.6311e+01 1.6834e+03 -2.3241e+03 1.1398e+01 -4.0313e+03
-5.3477e+06 3.6311e+01 1.6502e+03 -2.3490e+03 -1.0897e+01 -4.0293e+03
-4.9496e+06 3.6318e+01 1.6165e+03 -2.3736e+03 3.6550e+00 -4.0258e+03
-5.2200e+06 3.6303e+01 1.5822e+03 -2.3980e+03 -3.4359e+01 -4.0228e+03
-4.5270e+06 3.6200e+01 1.5475e+03 -2.4221e+03 -5.4986e+01 -4.0180e+03
-3.5580e+06 3.4081e+01 1.5123e+03 -2.4458e+03 -5.1789e+01 -4.0148e+03
-1.7616e+06 2.9602e+01 1.4767e+03 -2.4693e+03 1.4200e+01 -4.0097e+03
-5.2648e+05 2.6690e+01 1.4405e+03 -2.4924e+03 5.6453e+01 -4.0111e+03
5.6199e+05 2.6214e+01 1.4039e+03 -2.5151e+03 8.3205e+01 -4.0019e+03
-1.6264e+07 3.9946e+01 8.1261e+03 -1.2931e+04 -1.3869e+05 -5.3513e+03
8.9943e+06 4.2090e+01 6.8607e+03 -1.0909e+04 -3.0383e+05 3.0990e+04
-4.0015e+07 3.5066e+01 5.3247e+03 -8.0501e+03 -3.5669e+05 5.3624e+04
-4.6015e+06 3.1883e+01 3.8770e+03 -5.1221e+03 -3.4326e+05 6.3173e+04
-3.0197e+07 3.5215e+01 2.4450e+03 -2.1834e+03 -1.9087e+05 3.5673e+04
-4.1149e+07 3.4168e+01 2.2407e+03 -1.8266e+03 -2.4849e+04 1.3357e+03
-2.7750e+05 3.0550e+01 2.2168e+03 -1.8537e+03 1.8433e+03 -3.9384e+03
-5.6521e+06 3.1458e+01 2.1924e+03 -1.8808e+03 -2.6800e+02 -3.9893e+03
4.5653e+06 3.5598e+01 2.1675e+03 -1.9079e+03 6.4856e+02 -3.9775e+03
-7.1392e+06 3.7588e+01 2.1422e+03 -1.9350e+03 -4.4953e+02 -3.9851e+03
-1.4452e+06 3.7027e+01 2.1164e+03 -1.9621e+03 1.6214e+02 -3.9708e+03
-8.0416e+06 3.6623e+01 2.0901e+03 -1.9891e+03 -1.8287e+02 -3.9884e+03
-3.5079e+06 3.6451e+01 2.0633e+03 -2.0162e+03 4.7598e+01 -3.9850e+03
-7.5396e+06 3.6350e+01 2.0360e+03 -2.0432e+03 -1.0102e+02 -3.9922e+03
-4.0277e+06 3.6320e+01 2.0083e+03 -2.0701e+03 6.6349e+01 -3.9877e+03
-6.7774e+06 3.6306e+01 1.9800e+03 -2.0969e+03 -6.1155e+01 -3.9928e+03
-4.2986e+06 3.6307e+01 1.9512e+03 -2.1237e+03 4.9605e+01 -3.9891e+03
-6.2446e+06 3.6304e+01 1.9219e+03 -2.1503e+03 -4.2631e+01 -3.9922e+03
-4.5145e+06 3.6307e+01 1.8921e+03 -2.1768e+03 3.6417e+01 -3.9889e+03
-5.8904e+06 3.6307e+01 1.8618e+03 -2.2032e+03 -3.0439e+01 -3.9904e+03
-4.6951e+06 3.6310e+01 1.8310e+03 -2.2294e+03 2.5855e+01 -3.9872e+03
-5.6652e+06 3.6310e+01 1.7997e+03 -2.2554e+03 -2.2236e+01 -3.9873e+03
-4.8277e+06 3.6311e+01 1.7678e+03 -2.2813e+03 1.8022e+01 -3.9841e+03
-5.4953e+06 3.6309e+01 1.7354e+03 -2.3069e+03 -1.5783e+01 -3.9831e+03
-4.9095e+06 3.6309e+01 1.7026e+03 -2.3323e+03 1.2959e+01 -3.9797e+03
-5.3688e+06 3.6308e+01 1.6692e+03 -2.3575e+03 -1.1306e+01 -3.9778e+03
-4.9668e+06 3.6312e+01 1.6352e+03 -2.3824e+03 7.9512e+00 -3.9742e+03
-5.2649e+06 3.6319e+01 1.6008e+03 -2.4071e+03 -2.2395e+01 -3.9714e+03
-4.7676e+06 3.6329e+01 1.5659e+03 -2.4314e+03 -3.0511e+01 -3.9670e+03
-4.2447e+06 3.4852e+01 1.5305e+03 -2.4555e+03 -4.8882e+01 -3.9641e+03
-2.9555e+06 3.0858e+01 1.4946e+03 -2.4792e+03 -3.5252e+01 -3.9584e+03
-1.7797e+06 2.7305e+01 1.4581e+03 -2.5025e+03 -1.5504e+01 -3.9595e+03
-2.4651e+05 2.6241e+01 1.4212e+03 -2.5255e+03 5.5299e+01 -3.9502e+03
-1.4749e+07 3.9820e+01 8.2684e+03 -1.2992e+04 -1.4465e+05 2.4989e+04
8.8065e+06 4.0593e+01 6.9408e+03 -1.0874e+04 -2.9785e+05 9.0927e+04
-4.4403e+07 3.3496e+01 5.3362e+03 -7.9217e+03 -3.3667e+05 1.2387e+05
-4.9994e+06 3.1781e+01 3.8119e+03 -4.8982e+03 -3.1299e+05 1.1620e+05
-3.3578e+07 3.5529e+01 2.3272e+03 -1.8935e+03 -1.6273e+05 5.6482e+04
-3.7453e+07 3.4572e+01 2.2607e+03 -1.8301e+03 -1.4989e+04 3.7392e+03
2.8354e+06 3.1672e+01 2.2368e+03 -1.8573e+03 2.1672e+03 -3.9339e+03
-5.2235e+06 3.2498e+01 2.2125e+03 -1.8846e+03 -2.8118e+02 -3.9281e+03
3.8959e+06 3.5878e+01 2.1877e+03 -1.9118e+03 5.1288e+02 -3.9324e+03
-7.7746e+06 3.7620e+01 2.1624e+03 -1.9391e+03 -4.7436e+02 -3.9305e+03
-1.8518e+06 3.7100e+01 2.1366e+03 -1.9664e+03 1.2384e+02 -3.9216e+03
-8.2083e+06 3.6619e+01 2.1104e+03 -1.9937e+03 -1.7205e+02 -3.9371e+03
-3.6144e+06 3.6441e+01 2.0836e+03 -2.0209e+03 4.4988e+01 -3.9325e+03
-7.5185e+06 3.6346e+01 2.0563e+03 -2.0481e+03 -8.4471e+01 -3.9400e+03
-3.9934e+06 3.6317e+01 2.0285e+03 -2.0753e+03 6.0143e+01 -3.9359e+03
-6.8108e+06 3.6306e+01 2.0002e+03 -2.1023e+03 -5.0078e+01 -3.9406e+03
-4.3364e+06 3.6307e+01 1.9714e+03 -2.1293e+03 4.1394e+01 -3.9370e+03
-6.3333e+06 3.6305e+01 1.9421e+03 -2.1562e+03 -3.6040e+01 -3.9398e+03
-4.5580e+06 3.6307e+01 1.9123e+03 -2.1829e+03 2.9530e+01 -3.9368e+03
-5.9813e+06 3.6307e+01 1.8819e+03 -2.2096e+03 -2.6159e+01 -3.9381e+03
-4.7184e+06 3.6310e+01 1.8510e+03 -2.2360e+03 2.1212e+01 -3.9351e+03
-5.7243e+06 3.6309e+01 1.8195e+03 -2.2623e+03 -1.8409e+01 -3.9352e+03
-4.8348e+06 3.6309e+01 1.7876e+03 -2.2884e+03 1.4891e+01 -3.9322e+03
-5.5489e+06 3.6307e+01 1.7551e+03 -2.3144e+03 -1.3612e+01 -3.9311e+03
-4.9328e+06 3.6308e+01 1.7220e+03 -2.3400e+03 9.8833e+00 -3.9277e+03
-5.4296e+06 3.6308e+01 1.6885e+03 -2.3655e+03 -9.9119e+00 -3.9258e+03
-4.9931e+06 3.6311e+01 1.6544e+03 -2.3907e+03 6.2997e+00 -3.9222e+03
-5.3299e+06 3.6315e+01 1.6198e+03 -2.4156e+03 -1.4062e+01 -3.9193e+03
-4.9531e+06 3.6317e+01 1.5846e+03 -2.4403e+03 -1.3085e+01 -3.9152e+03
-4.9700e+06 3.4362e+01 1.5490e+03 -2.4646e+03 -5.0199e+01 -3.9129e+03
-4.2974e+06 2.9909e+01 1.5128e+03 -2.4886e+03 -9.6030e+01 -3.9072e+03
-3.2891e+06 2.6853e+01 1.4761e+03 -2.5122e+03 -9.9515e+01 -3.9076e+03
-1.3305e+06 2.6267e+01 1.4389e+03 -2.5355e+03 9.2370e+00 -3.8985e+03
-8.0170e+06 3.9850e+01 8.2367e+03 -1.2732e+04 -1.7566e+05 8.0173e+04
-8.2261e+05 3.7763e+01 6.5138e+03 -9.8548e+03 -3.0374e+05 1.5558e+05
-3.8525e+07 3.1237e+01 4.8999e+03 -6.8574e+03 -3.1852e+05 1.7787e+05
-7.4939e+06 3.2246e+01 3.3405e+03 -3.8288e+03 -2.6081e+05 1.4082e+05
-3.7497e+07 3.5036e+01 2.3041e+03 -1.8056e+03 -1.1299e+05 5.1610e+04
-2.2851e+07 3.2679e+01 2.2808e+03 -1.8329e+03 -6.0731e+03 -1.4333e+03
-9.2048e+04 3.1216e+01 2.2570e+03 -1.8603e+03 1.6487e+03 -3.9918e+03
-3.4425e+04 3.3562e+01 2.2328e+03 -1.8877e+03 2.7659e+01 -3.8263e+03
-8.5701e+05 3.6651e+01 2.2080e+03 -1.9152e+03 1.7984e+02 -3.8846e+03
-4.7790e+06 3.7580e+01 2.1828e+03 -1.9427e+03 -2.8817e+02 -3.8671e+03
-4.8624e+06 3.7015e+01 2.1571e+03 -1.9701e+03 1.4109e+01 -3.8818e+03
-6.1030e+06 3.6593e+01 2.1309e+03 -1.9976e+03 -1.0582e+02 -3.8826e+03
-5.6968e+06 3.6419e+01 2.1041e+03 -2.0251e+03 -1.1382e+01 -3.8827e+03
-5.9505e+06 3.6339e+01 2.0769e+03 -2.0525e+03 -3.1569e+01 -3.8858e+03
-5.5893e+06 3.6313e+01 2.0491e+03 -2.0798e+03 1.0684e+01 -3.8855e+03
-5.6593e+06 3.6306e+01 2.0208e+03 -2.1071e+03 -1.3021e+01 -3.8867e+03
-5.4306e+06 3.6305e+01 1.9919e+03 -2.1343e+03 7.7402e+00 -3.8861e+03
-5.4783e+06 3.6305e+01 1.9626e+03 -2.1615e+03 -6.6143e+00 -3.8867e+03
-5.3375e+06 3.6306e+01 1.9327e+03 -2.1885e+03 5.7229e+00 -3.8856e+03
-5.3746e+06 3.6307e+01 1.9022e+03 -2.2153e+03 -4.3661e+00 -3.8852e+03
-5.2850e+06 3.6307e+01 1.8712e+03 -2.2421e+03 3.6934e+00 -3.8837e+03
-5.3124e+06 3.6306e+01 1.8397e+03 -2.2686e+03 -3.2935e+00 -3.8826e+03
-5.2451e+06 3.6305e+01 1.8076e+03 -2.2950e+03 2.1092e+00 -3.8806e+03
-5.2648e+06 3.6306e+01 1.7750e+03 -2.3212e+03 -2.8465e+00 -3.8787e+03
-5.2220e+06 3.6308e+01 1.7419e+03 -2.3472e+03 8.6284e-01 -3.8761e+03
-5.2294e+06 3.6309e+01 1.7081e+03 -2.3729e+03 -1.7807e+00 -3.8737e+03
-5.2011e+06 3.6311e+01 1.6739e+03 -2.3984e+03 -2.3107e-01 -3.8706e+03
-5.2023e+06 3.6314e+01 1.6391e+03 -2.4236e+03 -3.9606e+00 -3.8673e+03
-5.1766e+06 3.6308e+01 1.6037e+03 -2.4485e+03 -1.9214e+00 -3.8628e+03
-5.2185e+06 3.4332e+01 1.5678e+03 -2.4732e+03 -2.4396e+01 -3.8604e+03
-5.1612e+06 2.9873e+01 1.5314e+03 -2.4975e+03 -9.1768e+01 -3.8558e+03
-4.3439e+06 2.6848e+01 1.4945e+03 -2.5214e+03 -1.2105e+02 -3.8565e+03
-2.6340e+06 2.6289e+01 1.4570e+03 -2.5450e+03 -3.5616e+01 -3.8477e+03
3.5028e+06 3.9683e+01 7.7697e+03 -1.1685e+04 -2.2961e+05 1.1998e+05
-2.0620e+07 3.4750e+01 6.0519e+03 -8.7792e+03 -3.1405e+05 1.7968e+05
-1.7382e+07 3.0330e+01 4.4275e+03 -5.7730e+03 -3.0985e+05 1.8311e+05
-2.1485e+07 3.3260e+01 2.8409e+03 -2.7547e+03 -2.0303e+05 1.2745e+05
-4.1657e+07 3.3874e+01 2.3243e+03 -1.8077e+03 -5.6124e+04 3.6770e+04
-7.9052e+06 3.0542e+01 2.3011e+03 -1.8351e+03 -9.9001e+02 -3.2600e+03
-3.3625e+06 3.0837e+01 2.2775e+03 -1.8627e+03 5.3311e+02 -3.9305e+03
3.7562e+06 3.4783e+01 2.2533e+03 -1.8903e+03 4.2650e+02 -3.7744e+03
-4.5915e+06 3.7369e+01 2.2286e+03 -1.9179e+03 -1.8873e+02 -3.8311e+03
-2.2580e+06 3.7298e+01 2.2035e+03 -1.9456e+03 -4.1143e+00 -3.8078e+03
-6.9957e+06 3.6793e+01 2.1778e+03 -1.9732e+03 -1.0700e+02 -3.8346e+03
-4.4069e+06 3.6529e+01 2.1516e+03 -2.0009e+03 -1.6930e+01 -3.8248e+03
-7.0903e+06 3.6387e+01 2.1249e+03 -2.0286e+03 -6.7915e+01 -3.8334e+03
-4.6834e+06 3.6331e+01 2.0977e+03 -2.0562e+03 3.2959e+01 -3.8315e+03
-6.4697e+06 3.6310e+01 2.0699e+03 -2.0838e+03 -3.0680e+01 -3.8353e+03
-4.8405e+06 3.6306e+01 2.0416e+03 -2.1113e+03 2.8956e+01 -3.8330e+03
-6.1349e+06 3.6304e+01 2.0127e+03 -2.1387e+03 -2.3880e+01 -3.8354e+03
-4.9665e+06 3.6306e+01 1.9834e+03 -2.1661e+03 2.0780e+01 -3.8334e+03
-5.8546e+06 3.6305e+01 1.9534e+03 -2.1934e+03 -1.7639e+01 -3.8343e+03
-5.0277e+06 3.6306e+01 1.9229e+03 -2.2205e+03 1.5437e+01 -3.8323e+03
-5.6365e+06 3.6305e+01 1.8919e+03 -2.2475e+03 -1.2161e+01 -3.8322e+03
-5.0537e+06 3.6304e+01 1.8602e+03 -2.2743e+03 1.1677e+01 -3.8299e+03
-5.4836e+06 3.6303e+01 1.8281e+03 -2.3010e+03 -8.2170e+00 -3.8289e+03
-5.0954e+06 3.6305e+01 1.7953e+03 -2.3275e+03 7.9744e+00 -3.8262e+03
-5.4109e+06 3.6307e+01 1.7620e+03 -2.3537e+03 -7.0780e+00 -3.8244e+03
-5.1399e+06 3.6309e+01 1.7282e+03 -2.3798e+03 4.9443e+00 -3.8214e+03
-5.3489e+06 3.6310e+01 1.6937e+03 -2.4055e+03 -6.3443e+00 -3.8189e+03
-5.1547e+06 3.6313e+01 1.6587e+03 -2.4311e+03 1.9804e+00 -3.8153e+03
-5.2912e+06 3.6306e+01 1.6232e+03 -2.4563e+03 -5.3057e-01 -3.8112e+03
-5.1829e+06 3.5494e+01 1.5871e+03 -2.4812e+03 8.6300e+00 -3.8085e+03
-5.3524e+06 3.2336e+01 1.5504e+03 -2.5058e+03 -4.2393e+01 -3.8041e+03
-4.9776e+06 2.8243e+01 1.5132e+03 -2.5301e+03 -9.8078e+01 -3.8049e+03
-3.9594e+06 2.6357e+01 1.4755e+03 -2.5540e+03 -7.7692e+01 -3.7960e+03
9.7850e+06 3.8598e+01 7.2525e+03 -1.0558e+04 -2.8138e+05 1.4821e+05
-4.0693e+07 3.2122e+01 5.5290e+03 -7.6011e+03 -3.1799e+05 1.8843e+05
-3.1159e+06 3.1075e+01 3.8755e+03 -4.5843e+03 -2.8825e+05 1.6842e+05
-3.3232e+07 3.4291e+01 2.3674e+03 -1.7815e+03 -1.4880e+05 8.7431e+04
-3.4140e+07 3.2588e+01 2.3448e+03 -1.8091e+03 -1.7276e+04 1.3796e+04
5.6031e+05 2.9859e+01 2.3217e+03 -1.8367e+03 1.3765e+03 -3.6525e+03
-3.2176e+06 3.1942e+01 2.2981e+03 -1.8644e+03 -6.8604e+01 -3.7863e+03
3.7062e+06 3.6229e+01 2.2740e+03 -1.8922e+03 4.6663e+02 -3.7583e+03
-5.7095e+06 3.7669e+01 2.2494e+03 -1.9200e+03 -3.1401e+02 -3.7672e+03
-2.1195e+06 3.6995e+01 2.2243e+03 -1.9478e+03 9.0128e+01 -3.7609e+03
-7.3811e+06 3.6648e+01 2.1987e+03 -1.9757e+03 -1.6152e+02 -3.7782e+03
-4.3619e+06 3.6462e+01 2.1726e+03 -2.0035e+03 5.8848e+00 -3.7714e+03
-7.2075e+06 3.6360e+01 2.1459e+03 -2.0314e+03 -6.9726e+01 -3.7807e+03
-4.7508e+06 3.6324e+01 2.1187e+03 -2.0592e+03 3.4848e+01 -3.7779e+03
-6.7208e+06 3.6308e+01 2.0910e+03 -2.0870e+03 -4.0072e+01 -3.7818e+03
-4.8560e+06 3.6305e+01 2.0627e+03 -2.1148e+03 2.8546e+01 -3.7796e+03
-6.2288e+06 3.6303e+01 2.0338e+03 -2.1425e+03 -2.4291e+01 -3.7821e+03
-4.9222e+06 3.6305e+01 2.0044e+03 -2.1701e+03 2.1769e+01 -3.7801e+03
-5.9194e+06 3.6304e+01 1.9745e+03 -2.1976e+03 -1.6563e+01 -3.7812e+03
-4.9942e+06 3.6305e+01 1.9439e+03 -2.2250e+03 1.5897e+01 -3.7791e+03
-5.7085e+06 3.6304e+01 1.9128e+03 -2.2523e+03 -1.1624e+01 -3.7790e+03
-5.0619e+06 3.6304e+01 1.8811e+03 -2.2794e+03 1.0820e+01 -3.7767e+03
-5.5554e+06 3.6304e+01 1.8488e+03 -2.3063e+03 -7.9554e+00 -3.7757e+03
-5.1020e+06 3.6305e+01 1.8160e+03 -2.3331e+03 7.7842e+00 -3.7732e+03
-5.4436e+06 3.6307e+01 1.7826e+03 -2.3597e+03 -5.7213e+00 -3.7714e+03
-5.1291e+06 3.6309e+01 1.7485e+03 -2.3860e+03 5.3271e+00 -3.7684e+03
-5.3657e+06 3.6310e+01 1.7140e+03 -2.4121e+03 -4.4006e+00 -3.7660e+03
-5.1498e+06 3.6312e+01 1.6788e+03 -2.4379e+03 2.6495e+00 -3.7624e+03
-5.3075e+06 3.6310e+01 1.6430e+03 -2.4635e+03 -2.4938e+00 -3.7587e+03
-5.1408e+06 3.6223e+01 1.6067e+03 -2.4887e+03 1.3248e+01 -3.7555e+03
-5.3281e+06 3.4537e+01 1.5698e+03 -2.5136e+03 -1.1561e+01 -3.7508e+03
-5.2665e+06 3.1056e+01 1.5323e+03 -2.5382e+03 -5.9488e+01 -3.7518e+03
-4.9803e+06 2.8261e+01 1.4943e+03 -2.5624e+03 -8.3230e+01 -3.7423e+03
-9.1089e+06 3.6719e+01 6.7152e+03 -9.4069e+03 -3.1143e+05 1.7437e+05
-3.0132e+07 3.0809e+01 4.9794e+03 -6.4102e+03 -3.1873e+05 1.9077e+05
-1.1411e+07 3.2670e+01 3.2916e+03 -3.3929e+03 -2.4142e+05 1.4501e+05
-3.7089e+07 3.4562e+01 2.3878e+03 -1.7821e+03 -9.1673e+04 4.8477e+04
-1.7108e+07 3.1288e+01 2.3654e+03 -1.8098e+03 -3.6739e+03 -2.6758e+03
-6.4866e+05 3.0144e+01 2.3424e+03 -1.8376e+03 1.1839e+03 -3.8483e+03
2.0829e+06 3.3677e+01 2.3189e+03 -1.8654e+03 1.5517e+02 -3.6601e+03
-1.2387e+06 3.7254e+01 2.2949e+03 -1.8934e+03 7.4122e+01 -3.7245e+03
-2.8590e+06 3.7571e+01 2.2704e+03 -1.9213e+03 -1.3804e+02 -3.6941e+03
-5.1535e+06 3.6840e+01 2.2454e+03 -1.9494e+03 -3.1080e+01 -3.7153e+03
-5.3021e+06 3.6583e+01 2.2199e+03 -1.9774e+03 -1.0164e+02 -3.7159e+03
-6.1700e+06 3.6417e+01 2.1938e+03 -2.0055e+03 -3.7522e+01 -3.7198e+03
-5.5506e+06 3.6346e+01 2.1672e+03 -2.0336e+03 -6.4850e+00 -3.7215e+03
-5.9738e+06 3.6318e+01 2.1401e+03 -2.0616e+03 -4.3303e+00 -3.7232e+03
-5.3917e+06 3.6308e+01 2.1123e+03 -2.0897e+03 7.4573e+00 -3.7235e+03
-5.8081e+06 3.6304e+01 2.0841e+03 -2.1176e+03 -9.3388e-01 -3.7242e+03
-5.4035e+06 3.6303e+01 2.0552e+03 -2.1456e+03 5.5147e+00 -3.7240e+03
-5.6777e+06 3.6303e+01 2.0258e+03 -2.1734e+03 -2.3817e+00 -3.7241e+03
-5.3641e+06 3.6304e+01 1.9958e+03 -2.2012e+03 3.5894e+00 -3.7235e+03
-5.5457e+06 3.6304e+01 1.9652e+03 -2.2289e+03 -1.7013e+00 -3.7229e+03
-5.3108e+06 3.6305e+01 1.9341e+03 -2.2564e+03 3.3956e+00 -3.7217e+03
-5.4272e+06 3.6305e+01 1.9023e+03 -2.2838e+03 -2.7328e-01 -3.7204e+03
-5.2690e+06 3.6305e+01 1.8699e+03 -2.3111e+03 3.6229e+00 -3.7187e+03
-5.3615e+06 3.6305e+01 1.8370e+03 -2.3381e+03 -5.2855e-02 -3.7169e+03
-5.2644e+06 3.6306e+01 1.8034e+03 -2.3650e+03 1.9752e+00 -3.7145e+03
-5.3316e+06 3.6308e+01 1.7693e+03 -2.3916e+03 -1.1062e+00 -3.7120e+03
-5.2496e+06 3.6308e+01 1.7345e+03 -2.4180e+03 1.2776e+00 -3.7093e+03
-5.2880e+06 3.6309e+01 1.6992e+03 -2.4442e+03 -1.2955e+00 -3.7060e+03
-5.2279e+06 3.6310e+01 1.6633e+03 -2.4700e+03 -5.3590e-01 -3.7022e+03
-5.2333e+06 3.6306e+01 1.6267e+03 -2.4956e+03 4.0724e+00 -3.6993e+03
-5.2079e+06 3.5812e+01 1.5896e+03 -2.5208e+03 2.0526e+00 -3.6950e+03
-5.2449e+06 3.4654e+01 1.5519e+03 -2.5457e+03 -1.1881e+01 -3.6965e+03
-5.2191e+06 3.2529e+01 1.5135e+03 -2.5703e+03 -2.7557e+01 -3.6874e+03
-3.5294e+07 3.5062e+01 6.1571e+03 -8.2333e+03 -3.3549e+05 1.5841e+05
-1.3101e+07 3.1398e+01 4.3977e+03 -5.2171e+03 -3.2369e+05 1.6165e+05
-2.9200e+07 3.4439e+01 2.6797e+03 -2.2064e+03 -1.9282e+05 1.0692e+05
-4.2187e+07 3.3903e+01 2.4085e+03 -1.7821e+03 -3.9224e+04 2.7329e+04
-8.8668e+05 3.0321e+01 2.3861e+03 -1.8099e+03 4.2287e+02 -3.3082e+03
-3.4342e+06 3.1201e+01 2.3633e+03 -1.8378e+03 1.7133e+02 -3.7402e+03
5.8635e+06 3.5485e+01 2.3399e+03 -1.8658e+03 5.0647e+02 -3.6181e+03
-5.0649e+06 3.7735e+01 2.3161e+03 -1.8939e+03 -3.3070e+02 -3.6682e+03
-9.7861e+05 3.7274e+01 2.2917e+03 -1.9220e+03 5.5815e+01 -3.6422e+03
-7.4193e+06 3.6763e+01 2.2668e+03 -1.9502e+03 -1.8556e+02 -3.6692e+03
-3.8459e+06 3.6531e+01 2.2413e+03 -1.9785e+03 -1.5104e+01 -3.6602e+03
-7.6089e+06 3.6390e+01 2.2153e+03 -2.0067e+03 -9.2604e+01 -3.6718e+03
-4.5027e+06 3.6339e+01 2.1888e+03 -2.0350e+03 3.9717e+01 -3.6684e+03
-7.0889e+06 3.6315e+01 2.1617e+03 -2.0633e+03 -5.6870e+01 -3.6735e+03
-4.8791e+06 3.6309e+01 2.1340e+03 -2.0916e+03 3.0938e+01 -3.6708e+03
-6.5326e+06 3.6304e+01 2.1057e+03 -2.1198e+03 -3.7714e+01 -3.6742e+03
-4.9242e+06 3.6305e+01 2.0769e+03 -2.1480e+03 2.6199e+01 -3.6721e+03
-6.1128e+06 3.6303e+01 2.0475e+03 -2.1761e+03 -2.5125e+01 -3.6739e+03
-5.0110e+06 3.6305e+01 2.0175e+03 -2.2041e+03 1.8947e+01 -3.6719e+03
-5.8519e+06 3.6304e+01 1.9869e+03 -2.2321e+03 -1.8238e+01 -3.6725e+03
-5.0929e+06 3.6306e+01 1.9557e+03 -2.2599e+03 1.2276e+01 -3.6703e+03
-5.6877e+06 3.6305e+01 1.9238e+03 -2.2876e+03 -1.4204e+01 -3.6699e+03
-5.1426e+06 3.6307e+01 1.8914e+03 -2.3151e+03 7.6985e+00 -3.6675e+03
-5.5464e+06 3.6306e+01 1.8584e+03 -2.3425e+03 -1.0610e+01 -3.6662e+03
-5.1494e+06 3.6308e+01 1.8247e+03 -2.3696e+03 5.2942e+00 -3.6635e+03
-5.4272e+06 3.6307e+01 1.7904e+03 -2.3966e+03 -7.4007e+00 -3.6615e+03
-5.1441e+06 3.6307e+01 1.7555e+03 -2.4233e+03 4.5057e+00 -3.6584e+03
-5.3468e+06 3.6307e+01 1.7200e+03 -2.4498e+03 -5.5510e+00 -3.6556e+03
-5.1576e+06 3.6309e+01 1.6839e+03 -2.4760e+03 1.1624e+00 -3.6519e+03
-5.2873e+06 3.6309e+01 1.6471e+03 -2.5019e+03 -3.0160e+00 -3.6494e+03
-5.1469e+06 3.6311e+01 1.6098e+03 -2.5275e+03 5.8960e-01 -3.6455e+03
-5.2180e+06 3.6310e+01 1.5718e+03 -2.5527e+03 -1.5180e+00 -3.6466e+03
-5.1195e+06 3.5607e+01 1.5332e+03 -2.5776e+03 1.2559e+01 -3.6337e+03
-4.3006e+07 3.4099e+01 5.8478e+03 -7.5281e+03 -3.5802e+05 1.2364e+05
5.5740e+05 3.2698e+01 4.0288e+03 -4.4523e+03 -3.2392e+05 1.1405e+05
-3.3785e+07 3.5656e+01 2.4510e+03 -1.7535e+03 -1.6245e+05 5.6113e+04
-3.1368e+07 3.2982e+01 2.4293e+03 -1.7813e+03 -1.3396e+04 5.1432e+03
3.7322e+06 3.0018e+01 2.4071e+03 -1.8093e+03 2.1503e+03 -3.5434e+03
-1.3853e+06 3.2617e+01 2.3843e+03 -1.8373e+03 -2.5732e+02 -3.5806e+03
4.8445e+06 3.6861e+01 2.3611e+03 -1.8655e+03 4.8991e+02 -3.5786e+03
-5.0320e+06 3.7875e+01 2.3374e+03 -1.8937e+03 -4.0553e+02 -3.5915e+03
-1.5824e+06 3.7061e+01 2.3131e+03 -1.9220e+03 7.7137e+01 -3.5894e+03
-7.3149e+06 3.6713e+01 2.2883e+03 -1.9504e+03 -2.3012e+02 -3.6027e+03
-4.1933e+06 3.6492e+01 2.2629e+03 -1.9788e+03 5.1305e+00 -3.5969e+03
-7.1596e+06 3.6379e+01 2.2370e+03 -2.0073e+03 -8.1270e+01 -3.6066e+03
-4.7107e+06 3.6337e+01 2.2106e+03 -2.0358e+03 3.6451e+01 -3.6035e+03
-6.6577e+06 3.6317e+01 2.1835e+03 -2.0643e+03 -4.4270e+01 -3.6080e+03
-4.7997e+06 3.6311e+01 2.1559e+03 -2.0928e+03 3.4150e+01 -3.6060e+03
-6.3265e+06 3.6306e+01 2.1277e+03 -2.1212e+03 -2.9339e+01 -3.6087e+03
-5.0346e+06 3.6306e+01 2.0989e+03 -2.1497e+03 2.0712e+01 -3.6069e+03
-6.0815e+06 3.6304e+01 2.0695e+03 -2.1780e+03 -2.3588e+01 -3.6083e+03
-5.1219e+06 3.6306e+01 2.0395e+03 -2.2063e+03 1.2931e+01 -3.6065e+03
-5.8474e+06 3.6305e+01 2.0088e+03 -2.2345e+03 -1.7594e+01 -3.6069e+03
-5.1505e+06 3.6306e+01 1.9776e+03 -2.2627e+03 8.4581e+00 -3.6049e+03
-5.6440e+06 3.6307e+01 1.9457e+03 -2.2906e+03 -1.2393e+01 -3.6044e+03
-5.1688e+06 3.6308e+01 1.9132e+03 -2.3185e+03 5.2128e+00 -3.6021e+03
-5.5196e+06 3.6308e+01 1.8801e+03 -2.3461e+03 -9.8434e+00 -3.6007e+03
-5.1995e+06 3.6309e+01 1.8463e+03 -2.3736e+03 2.1082e+00 -3.5981e+03
-5.4313e+06 3.6308e+01 1.8119e+03 -2.4009e+03 -8.0369e+00 -3.5960e+03
-5.1922e+06 3.6306e+01 1.7769e+03 -2.4279e+03 1.4895e+00 -3.5929e+03
-5.3491e+06 3.6307e+01 1.7412e+03 -2.4548e+03 -6.4311e+00 -3.5902e+03
-5.1929e+06 3.6310e+01 1.7049e+03 -2.4813e+03 -9.5710e-01 -3.5866e+03
-5.2876e+06 3.6311e+01 1.6680e+03 -2.5075e+03 -4.6650e+00 -3.5838e+03
-5.1695e+06 3.6313e+01 1.6304e+03 -2.5335e+03 -4.4830e+00 -3.5777e+03
-5.1996e+06 3.6314e+01 1.5921e+03 -2.5591e+03 -7.2505e+00 -3.5819e+03
-5.0798e+06 3.6287e+01 1.5533e+03 -2.5843e+03 1.0019e+01 -3.5828e+03
-4.6273e+07 3.3402e+01 5.6320e+03 -7.0084e+03 -3.6689e+05 1.1426e+05
-3.5012e+06 3.3556e+01 3.7751e+03 -3.9260e+03 -3.0538e+05 9.3233e+04
-4.0302e+07 3.5994e+01 2.4718e+03 -1.7519e+03 -1.3553e+05 3.3797e+04
-2.2467e+07 3.2319e+01 2.4502e+03 -1.7799e+03 -6.6810e+03 -2.8154e+03
3.5222e+06 3.0496e+01 2.4281e+03 -1.8079e+03 2.0008e+03 -3.6195e+03
2.6685e+06 3.4004e+01 2.4056e+03 -1.8361e+03 -8.8778e+01 -3.4976e+03
1.7888e+06 3.7444e+01 2.3825e+03 -1.8644e+03 2.6766e+02 -3.5523e+03
-2.4258e+06 3.7718e+01 2.3589e+03 -1.8928e+03 -2.6053e+02 -3.5437e+03
-4.1143e+06 3.6997e+01 2.3347e+03 -1.9213e+03 -3.3535e+01 -3.5511e+03
-5.5607e+06 3.6686e+01 2.3101e+03 -1.9498e+03 -1.9038e+02 -3.5529e+03
-5.7778e+06 3.6474e+01 2.2848e+03 -1.9785e+03 -2.6395e+01 -3.5560e+03
-5.9707e+06 3.6379e+01 2.2590e+03 -2.0071e+03 -3.9937e+01 -3.5595e+03
-5.8990e+06 3.6338e+01 2.2326e+03 -2.0358e+03 -2.0457e+00 -3.5599e+03
-5.9517e+06 3.6318e+01 2.2056e+03 -2.0645e+03 -1.6745e+01 -3.5614e+03
-5.9434e+06 3.6309e+01 2.1781e+03 -2.0932e+03 -1.4161e+00 -3.5619e+03
-5.7278e+06 3.6306e+01 2.1499e+03 -2.1219e+03 -5.7102e+00 -3.5628e+03
-5.6609e+06 3.6304e+01 2.1211e+03 -2.1506e+03 4.8747e+00 -3.5628e+03
-5.5451e+06 3.6303e+01 2.0918e+03 -2.1793e+03 -5.0394e-02 -3.5629e+03
-5.5298e+06 3.6303e+01 2.0618e+03 -2.2078e+03 5.2393e+00 -3.5624e+03
-5.4630e+06 3.6304e+01 2.0311e+03 -2.2363e+03 8.2995e-01 -3.5618e+03
-5.4627e+06 3.6304e+01 1.9999e+03 -2.2647e+03 3.3124e+00 -3.5607e+03
-5.4302e+06 3.6305e+01 1.9680e+03 -2.2930e+03 -1.8610e-01 -3.5595e+03
-5.4095e+06 3.6306e+01 1.9354e+03 -2.3211e+03 1.4483e+00 -3.5578e+03
-5.3650e+06 3.6306e+01 1.9022e+03 -2.3491e+03 5.6216e-01 -3.5561e+03
-5.3215e+06 3.6306e+01 1.8683e+03 -2.3769e+03 2.3366e+00 -3.5540e+03
-5.2799e+06 3.6305e+01 1.8338e+03 -2.4045e+03 2.1798e+00 -3.5517e+03
-5.2556e+06 3.6304e+01 1.7987e+03 -2.4319e+03 3.0289e+00 -3.5489e+03
-5.2477e+06 3.6306e+01 1.7628e+03 -2.4591e+03 1.6379e+00 -3.5459e+03
-5.2322e+06 3.6308e+01 1.7263e+03 -2.4859e+03 1.6847e+00 -3.5429e+03
-5.2192e+06 3.6309e+01 1.6892e+03 -2.5125e+03 1.9064e+00 -3.5396e+03
-5.1901e+06 3.6311e+01 1.6514e+03 -2.5388e+03 -1.2632e+00 -3.5362e+03
-5.1862e+06 3.6312e+01 1.6129e+03 -2.5648e+03 -1.4728e+00 -3.5304e+03
-5.1247e+06 3.6311e+01 1.5738e+03 -2.5904e+03 1.2034e+00 -3.5286e+03
