  1    1089
-4.1897e+06 4.6259e+01 1.9991e+04 2.2418e+03 4.5738e-01 9.2583e+03
-4.1965e+06 4.6018e+01 2.0030e+04 2.1902e+03 -4.7193e-01 8.9689e+03
-4.2069e+06 4.5742e+01 2.0067e+04 2.1361e+03 -4.4730e-01 8.6832e+03
-4.2127e+06 4.5400e+01 2.0104e+04 2.0794e+03 2.9564e-01 8.3903e+03
-4.2253e+06 4.5047e+01 2.0140e+04 2.0202e+03 3.3945e-01 8.1006e+03
-4.2352e+06 4.4722e+01 2.0175e+04 1.9583e+03 6.3299e-01 7.8095e+03
-4.2523e+06 4.4433e+01 2.0209e+04 1.8939e+03 9.1626e-01 7.5183e+03
-4.2652e+06 4.4187e+01 2.0241e+04 1.8269e+03 8.9160e-01 7.2265e+03
-4.2832e+06 4.3966e+01 2.0273e+04 1.7574e+03 1.0877e+00 6.9346e+03
-4.2960e+06 4.3737e+01 2.0304e+04 1.6853e+03 1.3679e+00 6.6426e+03
-4.3141e+06 4.3489e+01 2.0333e+04 1.6107e+03 1.5283e+00 6.3504e+03
-4.3283e+06 4.3240e+01 2.0361e+04 1.5335e+03 1.4797e+00 6.0581e+03
-4.3474e+06 4.2999e+01 2.0388e+04 1.4538e+03 1.3932e+00 5.7659e+03
-4.3648e+06 4.2764e+01 2.0414e+04 1.3716e+03 1.4894e+00 5.4739e+03
-4.3903e+06 4.2526e+01 2.0439e+04 1.2870e+03 1.5415e+00 5.1819e+03
-4.4100e+06 4.2190e+01 2.0462e+04 1.1999e+03 1.9950e+00 4.8902e+03
-4.4343e+06 4.1654e+01 2.0484e+04 1.1103e+03 2.6042e+00 4.5989e+03
-4.4652e+06 4.1076e+01 2.0504e+04 1.0183e+03 1.8199e+00 4.3080e+03
-4.4980e+06 4.0697e+01 2.0523e+04 9.2401e+02 6.8652e-01 4.0176e+03
-4.5017e+06 4.0484e+01 2.0541e+04 8.2733e+02 2.4996e+00 3.7276e+03
-4.5067e+06 4.0292e+01 2.0558e+04 7.2832e+02 4.0970e+00 3.4381e+03
-4.5321e+06 4.0097e+01 2.0573e+04 6.2704e+02 2.0797e+00 3.1492e+03
-4.5574e+06 3.9917e+01 2.0586e+04 5.2351e+02 1.1261e+00 2.8611e+03
-4.5576e+06 3.9734e+01 2.0598e+04 4.1778e+02 2.7563e+00 2.5739e+03
-4.5611e+06 3.9541e+01 2.0608e+04 3.0988e+02 3.5606e+00 2.2875e+03
-4.5677e+06 3.9361e+01 2.0617e+04 1.9986e+02 3.2739e+00 2.0017e+03
-4.5841e+06 3.9188e+01 2.0624e+04 8.7754e+01 3.1506e+00 1.7173e+03
-4.5946e+06 3.9003e+01 2.0630e+04 -2.6380e+01 3.6709e+00 1.4339e+03
-4.6118e+06 3.8804e+01 2.0634e+04 -1.4250e+02 4.0303e+00 1.1512e+03
-4.6219e+06 3.8607e+01 2.0636e+04 -2.6055e+02 4.9066e+00 8.6906e+02
-4.6614e+06 3.8433e+01 2.0637e+04 -3.8048e+02 2.8661e+00 5.8647e+02
-4.7277e+06 3.8299e+01 2.0636e+04 -5.0224e+02 -6.2785e+00 3.1056e+02
-4.7393e+06 3.8199e+01 2.0633e+04 -6.2577e+02 -5.8763e+00 3.1953e+01
-4.1745e+06 4.6112e+01 1.9964e+04 2.3310e+03 -1.0623e+00 9.4039e+03
-4.1990e+06 4.5860e+01 2.0003e+04 2.2788e+03 1.4936e-01 9.1196e+03
-4.2106e+06 4.5601e+01 2.0042e+04 2.2240e+03 4.9396e+00 8.8242e+03
-4.2107e+06 4.5297e+01 2.0080e+04 2.1665e+03 5.2597e+00 8.5330e+03
-4.2228e+06 4.4968e+01 2.0117e+04 2.1065e+03 4.7939e+00 8.2417e+03
-4.2324e+06 4.4639e+01 2.0152e+04 2.0438e+03 5.1956e+00 7.9497e+03
-4.2477e+06 4.4325e+01 2.0187e+04 1.9785e+03 5.1170e+00 7.6572e+03
-4.2602e+06 4.4062e+01 2.0221e+04 1.9106e+03 4.9128e+00 7.3645e+03
-4.2776e+06 4.3847e+01 2.0254e+04 1.8401e+03 4.9878e+00 7.0715e+03
-4.2923e+06 4.3632e+01 2.0285e+04 1.7670e+03 5.5819e+00 6.7784e+03
-4.3115e+06 4.3392e+01 2.0316e+04 1.6913e+03 6.1527e+00 6.4852e+03
-4.3246e+06 4.3140e+01 2.0345e+04 1.6130e+03 6.2339e+00 6.1918e+03
-4.3443e+06 4.2891e+01 2.0373e+04 1.5321e+03 6.0366e+00 5.8983e+03
-4.3692e+06 4.2654e+01 2.0400e+04 1.4487e+03 5.4634e+00 5.6053e+03
-4.4159e+06 4.2400e+01 2.0425e+04 1.3628e+03 4.0224e+00 5.3123e+03
-4.4435e+06 4.2008e+01 2.0449e+04 1.2744e+03 4.0468e+00 5.0194e+03
-4.4580e+06 4.1418e+01 2.0472e+04 1.1835e+03 5.7267e+00 4.7270e+03
-4.4729e+06 4.0857e+01 2.0494e+04 1.0901e+03 6.1545e+00 4.4349e+03
-4.5041e+06 4.0542e+01 2.0514e+04 9.9435e+02 5.2702e+00 4.1433e+03
-4.5131e+06 4.0365e+01 2.0533e+04 8.9617e+02 5.7678e+00 3.8521e+03
-4.5240e+06 4.0172e+01 2.0550e+04 7.9563e+02 6.8270e+00 3.5615e+03
-4.5453e+06 3.9969e+01 2.0566e+04 6.9275e+02 5.2353e+00 3.2715e+03
-4.5653e+06 3.9786e+01 2.0580e+04 5.8759e+02 4.4215e+00 2.9822e+03
-4.5559e+06 3.9601e+01 2.0593e+04 4.8017e+02 6.4832e+00 2.6938e+03
-4.5614e+06 3.9408e+01 2.0604e+04 3.7054e+02 7.4896e+00 2.4063e+03
-4.5692e+06 3.9234e+01 2.0613e+04 2.5875e+02 7.3444e+00 2.1194e+03
-4.5865e+06 3.9055e+01 2.0621e+04 1.4483e+02 7.1280e+00 1.8337e+03
-4.5926e+06 3.8851e+01 2.0628e+04 2.8844e+01 7.2731e+00 1.5493e+03
-4.6105e+06 3.8657e+01 2.0632e+04 -8.9171e+01 7.6611e+00 1.2659e+03
-4.6196e+06 3.8491e+01 2.0635e+04 -2.0916e+02 9.9618e+00 9.8158e+02
-4.6665e+06 3.8340e+01 2.0637e+04 -3.3107e+02 1.0163e+01 7.0072e+02
-4.7300e+06 3.8205e+01 2.0636e+04 -4.5485e+02 -1.2448e+00 4.1433e+02
-4.7207e+06 3.8092e+01 2.0634e+04 -5.8043e+02 -6.1780e+00 1.4193e+02
-4.1945e+06 4.5998e+01 1.9936e+04 2.4222e+03 1.3327e+00 9.5495e+03
-4.1986e+06 4.5726e+01 1.9976e+04 2.3694e+03 -1.4863e+00 9.2704e+03
-4.2036e+06 4.5469e+01 2.0016e+04 2.3138e+03 -1.8116e-01 8.9677e+03
-4.2108e+06 4.5185e+01 2.0055e+04 2.2557e+03 1.1932e+00 8.6772e+03
-4.2198e+06 4.4871e+01 2.0092e+04 2.1948e+03 6.8251e-01 8.3848e+03
-4.2314e+06 4.4551e+01 2.0129e+04 2.1313e+03 8.7549e-01 8.0918e+03
-4.2454e+06 4.4242e+01 2.0165e+04 2.0652e+03 6.1633e-01 7.7984e+03
-4.2630e+06 4.3970e+01 2.0200e+04 1.9963e+03 -1.7010e-02 7.5046e+03
-4.2785e+06 4.3745e+01 2.0234e+04 1.9248e+03 -2.5570e-01 7.2106e+03
-4.2940e+06 4.3539e+01 2.0266e+04 1.8507e+03 1.6077e-01 6.9164e+03
-4.3094e+06 4.3311e+01 2.0298e+04 1.7739e+03 7.5584e-01 6.6220e+03
-4.3275e+06 4.3050e+01 2.0328e+04 1.6945e+03 9.4313e-01 6.3277e+03
-4.3469e+06 4.2785e+01 2.0357e+04 1.6125e+03 8.3919e-01 6.0332e+03
-4.3814e+06 4.2519e+01 2.0385e+04 1.5279e+03 1.1547e-01 5.7391e+03
-4.4324e+06 4.2193e+01 2.0411e+04 1.4407e+03 -2.1815e+00 5.4450e+03
-4.4675e+06 4.1732e+01 2.0436e+04 1.3510e+03 -3.3050e+00 5.1509e+03
-4.4776e+06 4.1165e+01 2.0460e+04 1.2587e+03 -1.7553e+00 4.8573e+03
-4.4908e+06 4.0686e+01 2.0483e+04 1.1640e+03 -1.8732e-01 4.5642e+03
-4.5088e+06 4.0410e+01 2.0504e+04 1.0667e+03 5.5733e-02 4.2714e+03
-4.5241e+06 4.0229e+01 2.0523e+04 9.6703e+02 -1.1270e-01 3.9791e+03
-4.5357e+06 4.0034e+01 2.0542e+04 8.6493e+02 3.8348e-01 3.6875e+03
-4.5543e+06 3.9834e+01 2.0558e+04 7.6045e+02 7.7057e-02 3.3964e+03
-4.5664e+06 3.9647e+01 2.0573e+04 6.5363e+02 -3.7704e-01 3.1059e+03
-4.5663e+06 3.9455e+01 2.0587e+04 5.4451e+02 5.6066e-02 2.8164e+03
-4.5719e+06 3.9272e+01 2.0599e+04 4.3314e+02 -1.7315e-01 2.5277e+03
-4.5819e+06 3.9118e+01 2.0609e+04 3.1955e+02 -3.8402e-01 2.2399e+03
-4.5961e+06 3.8944e+01 2.0618e+04 2.0380e+02 -4.6997e-01 1.9529e+03
-4.6107e+06 3.8727e+01 2.0625e+04 8.5928e+01 -9.4557e-01 1.6673e+03
-4.6238e+06 3.8537e+01 2.0631e+04 -3.4012e+01 -9.8891e-01 1.3833e+03
-4.6363e+06 3.8395e+01 2.0634e+04 -1.5597e+02 6.1419e-01 1.0974e+03
-4.6512e+06 3.8258e+01 2.0636e+04 -2.7988e+02 2.9417e+00 8.1754e+02
-4.6683e+06 3.8118e+01 2.0636e+04 -4.0571e+02 3.2649e+00 5.2123e+02
-4.6795e+06 3.7991e+01 2.0635e+04 -5.3338e+02 1.5677e+00 2.5344e+02
-4.1773e+06 4.5887e+01 1.9906e+04 2.5155e+03 5.9448e-01 9.6965e+03
-4.1986e+06 4.5599e+01 1.9948e+04 2.4620e+03 -2.9159e+00 9.4147e+03
-4.2093e+06 4.5326e+01 1.9989e+04 2.4058e+03 -2.5534e+00 9.1131e+03
-4.2184e+06 4.5038e+01 2.0028e+04 2.3469e+03 -1.3211e+00 8.8209e+03
-4.2246e+06 4.4732e+01 2.0067e+04 2.2853e+03 -1.6569e+00 8.5276e+03
-4.2334e+06 4.4429e+01 2.0105e+04 2.2209e+03 -1.1264e+00 8.2337e+03
-4.2426e+06 4.4145e+01 2.0142e+04 2.1539e+03 -1.2382e+00 7.9393e+03
-4.2585e+06 4.3881e+01 2.0178e+04 2.0842e+03 -1.7469e+00 7.6445e+03
-4.2728e+06 4.3645e+01 2.0213e+04 2.0117e+03 -1.9423e+00 7.3495e+03
-4.2917e+06 4.3437e+01 2.0246e+04 1.9366e+03 -1.7479e+00 7.0543e+03
-4.3076e+06 4.3215e+01 2.0279e+04 1.8587e+03 -1.2925e+00 6.7587e+03
-4.3263e+06 4.2951e+01 2.0310e+04 1.7782e+03 -1.1600e+00 6.4632e+03
-4.3446e+06 4.2671e+01 2.0340e+04 1.6950e+03 -8.4935e-01 6.1678e+03
-4.3778e+06 4.2345e+01 2.0369e+04 1.6092e+03 -8.8590e-01 5.8725e+03
-4.4302e+06 4.1874e+01 2.0396e+04 1.5207e+03 -3.1015e+00 5.5775e+03
-4.4730e+06 4.1317e+01 2.0423e+04 1.4297e+03 -4.3344e+00 5.2825e+03
-4.4846e+06 4.0835e+01 2.0447e+04 1.3361e+03 -2.7656e+00 4.9876e+03
-4.4935e+06 4.0495e+01 2.0471e+04 1.2399e+03 -1.6113e+00 4.6933e+03
-4.5067e+06 4.0267e+01 2.0493e+04 1.1411e+03 -8.1276e-01 4.3994e+03
-4.5292e+06 4.0078e+01 2.0514e+04 1.0399e+03 -3.0326e-01 4.1061e+03
-4.5546e+06 3.9879e+01 2.0533e+04 9.3626e+02 -7.1917e-01 3.8133e+03
-4.5657e+06 3.9686e+01 2.0550e+04 8.3016e+02 1.7030e-01 3.5210e+03
-4.5589e+06 3.9508e+01 2.0566e+04 7.2167e+02 8.8146e-01 3.2295e+03
-4.5632e+06 3.9322e+01 2.0581e+04 6.1084e+02 -7.5928e-01 2.9388e+03
-4.5749e+06 3.9149e+01 2.0594e+04 4.9770e+02 -2.0995e+00 2.6488e+03
-4.5882e+06 3.9009e+01 2.0605e+04 3.8230e+02 -2.0648e+00 2.3600e+03
-4.5987e+06 3.8847e+01 2.0615e+04 2.6469e+02 -2.2309e+00 2.0720e+03
-4.6110e+06 3.8641e+01 2.0622e+04 1.4491e+02 -2.6534e+00 1.7852e+03
-4.6228e+06 3.8457e+01 2.0629e+04 2.3024e+01 -2.5894e+00 1.5000e+03
-4.6387e+06 3.8317e+01 2.0633e+04 -1.0092e+02 -2.7249e+00 1.2132e+03
-4.6459e+06 3.8179e+01 2.0636e+04 -2.2688e+02 -1.5214e+00 9.3124e+02
-4.6466e+06 3.8034e+01 2.0637e+04 -3.5478e+02 2.2531e+00 6.3549e+02
-4.6446e+06 3.7897e+01 2.0636e+04 -4.8457e+02 1.3196e+00 3.6552e+02
-4.1777e+06 4.5773e+01 1.9876e+04 2.6108e+03 6.7935e-01 9.8429e+03
-4.1891e+06 4.5490e+01 1.9919e+04 2.5567e+03 -2.3143e+00 9.5604e+03
-4.1974e+06 4.5196e+01 1.9961e+04 2.4998e+03 -1.2101e+00 9.2575e+03
-4.2080e+06 4.4888e+01 2.0001e+04 2.4402e+03 -9.7642e-03 8.9645e+03
-4.2156e+06 4.4574e+01 2.0041e+04 2.3778e+03 -5.9222e-01 8.6702e+03
-4.2251e+06 4.4280e+01 2.0080e+04 2.3127e+03 -2.2778e-01 8.3752e+03
-4.2333e+06 4.4022e+01 2.0118e+04 2.2448e+03 -2.3956e-01 8.0798e+03
-4.2505e+06 4.3775e+01 2.0155e+04 2.1741e+03 -3.1876e-01 7.7840e+03
-4.2620e+06 4.3533e+01 2.0191e+04 2.1007e+03 -3.6537e-01 7.4879e+03
-4.2802e+06 4.3309e+01 2.0226e+04 2.0245e+03 -2.5128e-01 7.1917e+03
-4.2932e+06 4.3081e+01 2.0259e+04 1.9456e+03 1.1602e-01 6.8953e+03
-4.3159e+06 4.2825e+01 2.0291e+04 1.8640e+03 1.9310e-01 6.5987e+03
-4.3323e+06 4.2564e+01 2.0323e+04 1.7796e+03 9.2361e-01 6.3022e+03
-4.3682e+06 4.2206e+01 2.0352e+04 1.6926e+03 1.2591e+00 6.0057e+03
-4.4181e+06 4.1612e+01 2.0381e+04 1.6029e+03 -1.0499e+00 5.7096e+03
-4.4603e+06 4.0974e+01 2.0408e+04 1.5105e+03 -1.7863e+00 5.4136e+03
-4.4698e+06 4.0561e+01 2.0434e+04 1.4155e+03 1.3990e-01 5.1177e+03
-4.4899e+06 4.0322e+01 2.0459e+04 1.3179e+03 3.7335e-01 4.8223e+03
-4.5033e+06 4.0128e+01 2.0482e+04 1.2177e+03 1.5222e+00 4.5273e+03
-4.5437e+06 3.9937e+01 2.0503e+04 1.1149e+03 1.0502e+00 4.2328e+03
-4.6046e+06 3.9737e+01 2.0523e+04 1.0097e+03 -5.2325e+00 3.9390e+03
-4.6161e+06 3.9546e+01 2.0542e+04 9.0194e+02 -4.2378e+00 3.6457e+03
-4.5660e+06 3.9376e+01 2.0559e+04 7.9177e+02 2.3775e+00 3.3532e+03
-4.5584e+06 3.9205e+01 2.0574e+04 6.7920e+02 1.6537e+00 3.0613e+03
-4.5659e+06 3.9039e+01 2.0588e+04 5.6428e+02 -3.3914e-01 2.7702e+03
-4.5784e+06 3.8894e+01 2.0600e+04 4.4704e+02 3.8171e-02 2.4800e+03
-4.5866e+06 3.8739e+01 2.0611e+04 3.2755e+02 -8.3726e-02 2.1910e+03
-4.6028e+06 3.8559e+01 2.0619e+04 2.0585e+02 -3.6156e-01 1.9032e+03
-4.6112e+06 3.8390e+01 2.0626e+04 8.1981e+01 -1.9232e-01 1.6169e+03
-4.6279e+06 3.8243e+01 2.0631e+04 -4.3988e+01 -3.2250e-01 1.3289e+03
-4.6330e+06 3.8099e+01 2.0635e+04 -1.7201e+02 -5.8937e-04 1.0461e+03
-4.6351e+06 3.7953e+01 2.0636e+04 -3.0202e+02 2.3213e+00 7.4894e+02
-4.6397e+06 3.7811e+01 2.0636e+04 -4.3396e+02 9.8242e-01 4.7793e+02
-4.1630e+06 4.5651e+01 1.9845e+04 2.7083e+03 7.4723e-01 9.9891e+03
-4.1793e+06 4.5392e+01 1.9888e+04 2.6535e+03 -2.3694e+00 9.7058e+03
-4.1900e+06 4.5087e+01 1.9931e+04 2.5960e+03 -1.5508e+00 9.4020e+03
-4.2006e+06 4.4758e+01 1.9973e+04 2.5356e+03 -4.5984e-01 9.1080e+03
-4.2092e+06 4.4436e+01 2.0014e+04 2.4725e+03 -1.1656e+00 8.8128e+03
-4.2165e+06 4.4145e+01 2.0054e+04 2.4065e+03 -9.8652e-01 8.5169e+03
-4.2246e+06 4.3897e+01 2.0093e+04 2.3378e+03 -1.1708e+00 8.2205e+03
-4.2374e+06 4.3658e+01 2.0131e+04 2.2662e+03 -1.0650e+00 7.9237e+03
-4.2508e+06 4.3413e+01 2.0168e+04 2.1918e+03 -8.7075e-01 7.6266e+03
-4.2687e+06 4.3173e+01 2.0204e+04 2.1146e+03 -8.0643e-01 7.3295e+03
-4.2857e+06 4.2932e+01 2.0239e+04 2.0347e+03 -4.9287e-01 7.0320e+03
-4.3056e+06 4.2671e+01 2.0272e+04 1.9519e+03 -2.2820e-01 6.7345e+03
-4.3269e+06 4.2409e+01 2.0304e+04 1.8664e+03 7.1810e-01 6.4369e+03
-4.3577e+06 4.2049e+01 2.0335e+04 1.7782e+03 1.5858e+00 6.1394e+03
-4.4042e+06 4.1443e+01 2.0365e+04 1.6872e+03 1.5081e-01 5.8422e+03
-4.4466e+06 4.0798e+01 2.0393e+04 1.5935e+03 -1.1914e+00 5.5452e+03
-4.4700e+06 4.0399e+01 2.0420e+04 1.4971e+03 -1.0512e+00 5.2481e+03
-4.4898e+06 4.0174e+01 2.0445e+04 1.3980e+03 -1.4182e+00 4.9517e+03
-4.5133e+06 3.9985e+01 2.0470e+04 1.2963e+03 9.5443e-02 4.6557e+03
-4.5652e+06 3.9807e+01 2.0492e+04 1.1920e+03 -8.2067e-01 4.3601e+03
-4.6456e+06 3.9621e+01 2.0513e+04 1.0852e+03 -9.2522e+00 4.0652e+03
-4.6429e+06 3.9429e+01 2.0533e+04 9.7582e+02 -7.7666e+00 3.7707e+03
-4.5652e+06 3.9255e+01 2.0551e+04 8.6395e+02 2.0019e+00 3.4770e+03
-4.5452e+06 3.9092e+01 2.0567e+04 7.4963e+02 1.7890e+00 3.1842e+03
-4.5581e+06 3.8934e+01 2.0582e+04 6.3290e+02 -7.9484e-01 2.8921e+03
-4.5699e+06 3.8783e+01 2.0595e+04 5.1382e+02 -4.2256e-01 2.6007e+03
-4.5788e+06 3.8629e+01 2.0606e+04 3.9242e+02 -5.1340e-01 2.3104e+03
-4.5886e+06 3.8468e+01 2.0616e+04 2.6877e+02 -6.2143e-01 2.0216e+03
-4.5981e+06 3.8313e+01 2.0624e+04 1.4290e+02 -3.8605e-01 1.7342e+03
-4.6143e+06 3.8166e+01 2.0630e+04 1.4887e+01 -5.3700e-01 1.4452e+03
-4.6224e+06 3.8020e+01 2.0634e+04 -1.1523e+02 -2.8796e-01 1.1614e+03
-4.6256e+06 3.7874e+01 2.0636e+04 -2.4737e+02 2.3088e+00 8.6302e+02
-4.6265e+06 3.7731e+01 2.0637e+04 -3.8150e+02 1.4499e+00 5.9076e+02
-4.1557e+06 4.5522e+01 1.9812e+04 2.8078e+03 -1.4667e-01 1.0135e+04
-4.1615e+06 4.5271e+01 1.9857e+04 2.7524e+03 -2.9263e+00 9.8511e+03
-4.1733e+06 4.4966e+01 1.9901e+04 2.6942e+03 -2.2860e+00 9.5465e+03
-4.1970e+06 4.4641e+01 1.9944e+04 2.6332e+03 -2.7227e+00 9.2515e+03
-4.2079e+06 4.4330e+01 1.9986e+04 2.5693e+03 -3.4114e+00 8.9555e+03
-4.2029e+06 4.4043e+01 2.0027e+04 2.5026e+03 -1.8428e+00 8.6587e+03
-4.2096e+06 4.3781e+01 2.0067e+04 2.4330e+03 -1.8342e+00 8.3613e+03
-4.2262e+06 4.3532e+01 2.0107e+04 2.3605e+03 -1.8804e+00 8.0635e+03
-4.2398e+06 4.3289e+01 2.0145e+04 2.2851e+03 -1.5709e+00 7.7655e+03
-4.2572e+06 4.3050e+01 2.0181e+04 2.2070e+03 -1.5176e+00 7.4673e+03
-4.2738e+06 4.2799e+01 2.0217e+04 2.1259e+03 -1.1880e+00 7.1688e+03
-4.3009e+06 4.2478e+01 2.0252e+04 2.0421e+03 -9.6285e-01 6.8703e+03
-4.3352e+06 4.2088e+01 2.0285e+04 1.9554e+03 -9.0753e-01 6.5718e+03
-4.3678e+06 4.1664e+01 2.0317e+04 1.8659e+03 -1.6660e-02 6.2731e+03
-4.3934e+06 4.1159e+01 2.0348e+04 1.7736e+03 5.2108e-01 5.9748e+03
-4.4284e+06 4.0642e+01 2.0377e+04 1.6786e+03 -7.0159e-01 5.6769e+03
-4.4599e+06 4.0274e+01 2.0405e+04 1.5808e+03 -2.0316e+00 5.3789e+03
-4.4860e+06 4.0035e+01 2.0432e+04 1.4803e+03 -2.3312e+00 5.0813e+03
-4.5081e+06 3.9842e+01 2.0457e+04 1.3772e+03 2.8271e-02 4.7842e+03
-4.5516e+06 3.9681e+01 2.0480e+04 1.2713e+03 8.5779e-01 4.4875e+03
-4.6130e+06 3.9517e+01 2.0503e+04 1.1629e+03 -4.7541e+00 4.1914e+03
-4.6118e+06 3.9326e+01 2.0523e+04 1.0518e+03 -3.5743e+00 3.8959e+03
-4.5557e+06 3.9140e+01 2.0542e+04 9.3826e+02 3.3543e+00 3.6012e+03
-4.5397e+06 3.8979e+01 2.0559e+04 8.2218e+02 1.8652e+00 3.3072e+03
-4.5501e+06 3.8833e+01 2.0575e+04 7.0363e+02 -9.8933e-01 3.0141e+03
-4.5580e+06 3.8686e+01 2.0589e+04 5.8268e+02 -8.0250e-01 2.7217e+03
-4.5691e+06 3.8535e+01 2.0601e+04 4.5936e+02 -9.3832e-01 2.4303e+03
-4.5788e+06 3.8382e+01 2.0612e+04 3.3373e+02 -9.7758e-01 2.1403e+03
-4.5903e+06 3.8232e+01 2.0620e+04 2.0584e+02 -7.5483e-01 1.8519e+03
-4.6027e+06 3.8085e+01 2.0627e+04 7.5746e+01 -1.1323e+00 1.5617e+03
-4.6129e+06 3.7939e+01 2.0632e+04 -5.6488e+01 -9.1562e-01 1.2769e+03
-4.6109e+06 3.7794e+01 2.0635e+04 -1.9081e+02 1.6935e+00 9.7752e+02
-4.6186e+06 3.7653e+01 2.0637e+04 -3.2714e+02 6.3221e-01 7.0415e+02
-4.1303e+06 4.5391e+01 1.9779e+04 2.9094e+03 -1.4963e-01 1.0282e+04
-4.1331e+06 4.5119e+01 1.9825e+04 2.8535e+03 -2.8029e+00 9.9964e+03
-4.1446e+06 4.4822e+01 1.9870e+04 2.7947e+03 -1.8388e+00 9.6909e+03
-4.1626e+06 4.4519e+01 1.9914e+04 2.7329e+03 -2.0536e+00 9.3950e+03
-4.1745e+06 4.4229e+01 1.9957e+04 2.6683e+03 -2.6688e+00 9.0980e+03
-4.1694e+06 4.3942e+01 1.9999e+04 2.6008e+03 -1.1034e+00 8.8003e+03
-4.1829e+06 4.3655e+01 2.0041e+04 2.5303e+03 -1.3729e+00 8.5020e+03
-4.1993e+06 4.3389e+01 2.0081e+04 2.4570e+03 -1.7161e+00 8.2033e+03
-4.2200e+06 4.3155e+01 2.0120e+04 2.3807e+03 -1.4761e+00 7.9042e+03
-4.2383e+06 4.2931e+01 2.0158e+04 2.3015e+03 -1.3522e+00 7.6050e+03
-4.2638e+06 4.2664e+01 2.0195e+04 2.2194e+03 -9.8396e-01 7.3055e+03
-4.2928e+06 4.2236e+01 2.0231e+04 2.1345e+03 -1.0337e+00 7.0060e+03
-4.3414e+06 4.1646e+01 2.0265e+04 2.0466e+03 -2.2032e+00 6.7067e+03
-4.3730e+06 4.1121e+01 2.0298e+04 1.9559e+03 -2.1802e+00 6.4070e+03
-4.3975e+06 4.0754e+01 2.0330e+04 1.8624e+03 -6.2976e-01 6.1075e+03
-4.4201e+06 4.0431e+01 2.0360e+04 1.7660e+03 5.4297e-02 5.8085e+03
-4.4472e+06 4.0143e+01 2.0390e+04 1.6668e+03 4.2709e-01 5.5097e+03
-4.4607e+06 3.9911e+01 2.0417e+04 1.5649e+03 8.6588e-01 5.2111e+03
-4.4796e+06 3.9718e+01 2.0443e+04 1.4602e+03 3.1016e+00 4.9127e+03
-4.5182e+06 3.9558e+01 2.0468e+04 1.3528e+03 2.0612e+00 4.6150e+03
-4.5923e+06 3.9401e+01 2.0491e+04 1.2428e+03 -7.0838e+00 4.3179e+03
-4.5975e+06 3.9212e+01 2.0513e+04 1.1301e+03 -7.4291e+00 4.0216e+03
-4.5461e+06 3.9025e+01 2.0533e+04 1.0148e+03 1.1790e+00 3.7258e+03
-4.5229e+06 3.8872e+01 2.0551e+04 8.9689e+02 1.6493e+00 3.4306e+03
-4.5363e+06 3.8740e+01 2.0568e+04 7.7651e+02 -8.1566e-01 3.1364e+03
-4.5433e+06 3.8601e+01 2.0583e+04 6.5366e+02 -6.2425e-01 2.8429e+03
-4.5549e+06 3.8452e+01 2.0596e+04 5.2839e+02 -6.7947e-01 2.5505e+03
-4.5595e+06 3.8300e+01 2.0607e+04 4.0077e+02 -8.3882e-01 2.2595e+03
-4.5722e+06 3.8150e+01 2.0617e+04 2.7083e+02 -6.3857e-01 1.9700e+03
-4.5842e+06 3.8003e+01 2.0625e+04 1.3864e+02 -9.8847e-01 1.6786e+03
-4.5963e+06 3.7859e+01 2.0630e+04 4.2527e+00 -7.3178e-01 1.3927e+03
-4.5935e+06 3.7715e+01 2.0634e+04 -1.3226e+02 1.9636e+00 1.0923e+03
-4.5994e+06 3.7574e+01 2.0636e+04 -2.7085e+02 7.9406e-01 8.1799e+02
-4.0953e+06 4.5279e+01 1.9744e+04 3.0132e+03 7.8902e-01 1.0427e+04
-4.0856e+06 4.4975e+01 1.9791e+04 2.9567e+03 -1.6238e+00 1.0141e+04
-4.0822e+06 4.4676e+01 1.9837e+04 2.8973e+03 1.3668e-02 9.8350e+03
-4.0852e+06 4.4390e+01 1.9883e+04 2.8349e+03 1.4441e+00 9.5383e+03
-4.0984e+06 4.4112e+01 1.9927e+04 2.7695e+03 6.9958e-01 9.2403e+03
-4.1138e+06 4.3826e+01 1.9970e+04 2.7012e+03 5.5399e-01 8.9417e+03
-4.1376e+06 4.3529e+01 2.0013e+04 2.6299e+03 -3.9744e-01 8.6424e+03
-4.1642e+06 4.3255e+01 2.0054e+04 2.5557e+03 -8.7778e-01 8.3429e+03
-4.1882e+06 4.3026e+01 2.0094e+04 2.4785e+03 -7.8415e-01 8.0430e+03
-4.2133e+06 4.2812e+01 2.0134e+04 2.3983e+03 -7.8915e-01 7.7427e+03
-4.2420e+06 4.2515e+01 2.0172e+04 2.3152e+03 -7.4889e-01 7.4422e+03
-4.2826e+06 4.1991e+01 2.0208e+04 2.2291e+03 -1.2960e+00 7.1417e+03
-4.3306e+06 4.1293e+01 2.0244e+04 2.1401e+03 -2.5387e+00 6.8416e+03
-4.3706e+06 4.0737e+01 2.0278e+04 2.0482e+03 -2.9204e+00 6.5410e+03
-4.3927e+06 4.0446e+01 2.0311e+04 1.9534e+03 -1.1718e+00 6.2404e+03
-4.4184e+06 4.0230e+01 2.0343e+04 1.8557e+03 3.6313e-01 5.9402e+03
-4.4562e+06 4.0004e+01 2.0373e+04 1.7551e+03 -2.6911e-01 5.6405e+03
-4.4755e+06 3.9795e+01 2.0402e+04 1.6517e+03 8.0694e-01 5.3409e+03
-4.4725e+06 3.9604e+01 2.0429e+04 1.5455e+03 4.4087e+00 5.0417e+03
-4.5035e+06 3.9431e+01 2.0455e+04 1.4366e+03 1.7047e+00 4.7430e+03
-4.5665e+06 3.9263e+01 2.0479e+04 1.3249e+03 -8.2769e+00 4.4448e+03
-4.5722e+06 3.9084e+01 2.0502e+04 1.2105e+03 -8.9168e+00 4.1472e+03
-4.5279e+06 3.8917e+01 2.0523e+04 1.0935e+03 -7.9243e-01 3.8502e+03
-4.5103e+06 3.8782e+01 2.0543e+04 9.7380e+02 7.4419e-01 3.5542e+03
-4.5177e+06 3.8658e+01 2.0560e+04 8.5157e+02 -9.7674e-01 3.2590e+03
-4.5232e+06 3.8520e+01 2.0576e+04 7.2681e+02 -7.2912e-01 2.9646e+03
-4.5339e+06 3.8370e+01 2.0590e+04 5.9958e+02 -7.3939e-01 2.6711e+03
-4.5417e+06 3.8217e+01 2.0603e+04 4.6994e+02 -9.1068e-01 2.3789e+03
-4.5531e+06 3.8068e+01 2.0613e+04 3.3792e+02 -7.2297e-01 2.0884e+03
-4.5639e+06 3.7922e+01 2.0622e+04 2.0361e+02 -1.0264e+00 1.7959e+03
-4.5735e+06 3.7778e+01 2.0628e+04 6.7045e+01 -6.7356e-01 1.5089e+03
-4.5698e+06 3.7634e+01 2.0633e+04 -7.1700e+01 2.0368e+00 1.2073e+03
-4.5760e+06 3.7495e+01 2.0636e+04 -2.1256e+02 8.2684e-01 9.3210e+02
-4.0393e+06 4.5172e+01 1.9708e+04 3.1192e+03 2.4786e+00 1.0573e+04
-4.0192e+06 4.4844e+01 1.9756e+04 3.0621e+03 -6.2088e-02 1.0286e+04
-4.0081e+06 4.4536e+01 1.9804e+04 3.0020e+03 1.2437e+00 9.9788e+03
-4.0014e+06 4.4253e+01 1.9850e+04 2.9390e+03 2.7047e+00 9.6815e+03
-4.0178e+06 4.3979e+01 1.9896e+04 2.8729e+03 1.5345e+00 9.3826e+03
-4.0436e+06 4.3701e+01 1.9940e+04 2.8039e+03 7.9963e-01 9.0830e+03
-4.0775e+06 4.3419e+01 1.9984e+04 2.7318e+03 -4.1847e-03 8.7828e+03
-4.1084e+06 4.3153e+01 2.0026e+04 2.6566e+03 -2.7677e-01 8.4823e+03
-4.1425e+06 4.2922e+01 2.0068e+04 2.5785e+03 -9.3937e-02 8.1816e+03
-4.1743e+06 4.2702e+01 2.0108e+04 2.4974e+03 2.9237e-01 7.8805e+03
-4.2150e+06 4.2350e+01 2.0147e+04 2.4132e+03 1.0019e+00 7.5792e+03
-4.2602e+06 4.1744e+01 2.0185e+04 2.3260e+03 1.1382e+00 7.2777e+03
-4.3132e+06 4.1048e+01 2.0222e+04 2.2359e+03 2.9691e-01 6.9763e+03
-4.3530e+06 4.0553e+01 2.0258e+04 2.1427e+03 -1.2627e+00 6.6748e+03
-4.3815e+06 4.0284e+01 2.0292e+04 2.0466e+03 -2.3077e-01 6.3733e+03
-4.4268e+06 4.0074e+01 2.0325e+04 1.9476e+03 -7.5434e-01 6.0721e+03
-4.5170e+06 3.9866e+01 2.0356e+04 1.8457e+03 -8.7206e+00 5.7714e+03
-4.5375e+06 3.9672e+01 2.0386e+04 1.7408e+03 -8.4063e+00 5.4709e+03
-4.4934e+06 3.9482e+01 2.0414e+04 1.6332e+03 9.8695e-01 5.1707e+03
-4.4887e+06 3.9299e+01 2.0441e+04 1.5226e+03 2.2076e+00 4.8708e+03
-4.5082e+06 3.9126e+01 2.0467e+04 1.4093e+03 -1.1241e+00 4.5716e+03
-4.5025e+06 3.8966e+01 2.0491e+04 1.2932e+03 -1.0093e+00 4.2732e+03
-4.4889e+06 3.8828e+01 2.0513e+04 1.1744e+03 3.1929e-01 3.9751e+03
-4.4866e+06 3.8707e+01 2.0533e+04 1.0530e+03 -2.0280e-01 3.6778e+03
-4.4946e+06 3.8581e+01 2.0552e+04 9.2886e+02 -9.5127e-01 3.3817e+03
-4.5023e+06 3.8438e+01 2.0569e+04 8.0218e+02 -7.3241e-01 3.0862e+03
-4.5102e+06 3.8286e+01 2.0584e+04 6.7297e+02 -7.5907e-01 2.7918e+03
-4.5168e+06 3.8134e+01 2.0597e+04 5.4128e+02 -7.7359e-01 2.4986e+03
-4.5253e+06 3.7985e+01 2.0609e+04 4.0717e+02 -5.6038e-01 2.2069e+03
-4.5385e+06 3.7840e+01 2.0618e+04 2.7071e+02 -8.5964e-01 1.9135e+03
-4.5461e+06 3.7697e+01 2.0626e+04 1.3194e+02 -5.0292e-01 1.6255e+03
-4.5443e+06 3.7554e+01 2.0631e+04 -9.0669e+00 2.2755e+00 1.3227e+03
-4.5459e+06 3.7415e+01 2.0635e+04 -1.5224e+02 1.2234e+00 1.0467e+03
-3.9776e+06 4.5026e+01 1.9671e+04 3.2273e+03 2.5798e+00 1.0718e+04
-3.9403e+06 4.4694e+01 1.9721e+04 3.1697e+03 -6.7023e-01 1.0431e+04
-3.9114e+06 4.4388e+01 1.9769e+04 3.1090e+03 6.5299e-01 1.0123e+04
-3.9053e+06 4.4107e+01 1.9817e+04 3.0453e+03 2.3166e+00 9.8243e+03
-3.9243e+06 4.3829e+01 1.9863e+04 2.9786e+03 7.8334e-01 9.5246e+03
-3.9635e+06 4.3555e+01 1.9909e+04 2.9088e+03 -4.3813e-01 9.2242e+03
-4.0029e+06 4.3301e+01 1.9954e+04 2.8359e+03 -9.8535e-01 8.9231e+03
-4.0475e+06 4.3060e+01 1.9997e+04 2.7599e+03 -8.4505e-01 8.6217e+03
-4.0848e+06 4.2824e+01 2.0040e+04 2.6808e+03 -3.1890e-01 8.3200e+03
-4.1293e+06 4.2552e+01 2.0082e+04 2.5987e+03 1.3335e+00 8.0180e+03
-4.1832e+06 4.2074e+01 2.0122e+04 2.5135e+03 2.6831e+00 7.7160e+03
-4.2621e+06 4.1370e+01 2.0161e+04 2.4253e+03 1.3391e+00 7.4136e+03
-4.3148e+06 4.0747e+01 2.0199e+04 2.3340e+03 1.2202e+00 7.1109e+03
-4.3429e+06 4.0382e+01 2.0236e+04 2.2396e+03 1.3586e+00 6.8086e+03
-4.3571e+06 4.0149e+01 2.0271e+04 2.1423e+03 1.1520e+00 6.5065e+03
-4.4063e+06 3.9934e+01 2.0305e+04 2.0419e+03 -2.9053e-02 6.2043e+03
-4.4968e+06 3.9730e+01 2.0338e+04 1.9386e+03 -8.3197e+00 5.9022e+03
-4.5370e+06 3.9540e+01 2.0369e+04 1.8323e+03 -1.0126e+01 5.6007e+03
-4.4895e+06 3.9351e+01 2.0399e+04 1.7231e+03 -1.9732e+00 5.2996e+03
-4.4633e+06 3.9170e+01 2.0427e+04 1.6110e+03 8.3334e-01 4.9987e+03
-4.4544e+06 3.9007e+01 2.0453e+04 1.4960e+03 5.5971e-01 4.6985e+03
-4.4534e+06 3.8870e+01 2.0478e+04 1.3783e+03 7.5431e-01 4.3992e+03
-4.4561e+06 3.8753e+01 2.0502e+04 1.2577e+03 -3.4069e-01 4.1003e+03
-4.4632e+06 3.8636e+01 2.0523e+04 1.1344e+03 -9.6267e-01 3.8020e+03
-4.4663e+06 3.8502e+01 2.0543e+04 1.0084e+03 -9.4788e-01 3.5047e+03
-4.4740e+06 3.8354e+01 2.0561e+04 8.7982e+02 -8.0584e-01 3.2082e+03
-4.4814e+06 3.8201e+01 2.0577e+04 7.4860e+02 -7.7540e-01 2.9127e+03
-4.4906e+06 3.8051e+01 2.0591e+04 6.1486e+02 -7.4947e-01 2.6186e+03
-4.4977e+06 3.7903e+01 2.0604e+04 4.7863e+02 -4.8565e-01 2.3259e+03
-4.5096e+06 3.7757e+01 2.0614e+04 3.3998e+02 -7.3160e-01 2.0315e+03
-4.5144e+06 3.7615e+01 2.0623e+04 1.9898e+02 -1.7733e-01 1.7425e+03
-4.5138e+06 3.7472e+01 2.0629e+04 5.5687e+01 2.7256e+00 1.4385e+03
-4.5202e+06 3.7334e+01 2.0634e+04 -8.9828e+01 1.2683e+00 1.1617e+03
-3.9135e+06 4.4848e+01 1.9633e+04 3.3376e+03 9.6761e-01 1.0863e+04
-3.8587e+06 4.4528e+01 1.9683e+04 3.2795e+03 -2.8108e+00 1.0575e+04
-3.8182e+06 4.4232e+01 1.9733e+04 3.2183e+03 2.4109e-03 1.0266e+04
-3.8041e+06 4.3957e+01 1.9782e+04 3.1539e+03 3.4681e+00 9.9669e+03
-3.8314e+06 4.3677e+01 1.9830e+04 3.0865e+03 1.8806e+00 9.6663e+03
-3.8803e+06 4.3399e+01 1.9877e+04 3.0160e+03 -4.5134e-01 9.3650e+03
-3.9309e+06 4.3165e+01 1.9923e+04 2.9423e+03 -1.4873e+00 9.0632e+03
-3.9778e+06 4.2955e+01 1.9967e+04 2.8655e+03 -1.5254e+00 8.7610e+03
-4.0266e+06 4.2717e+01 2.0011e+04 2.7855e+03 -1.0798e+00 8.4583e+03
-4.0803e+06 4.2362e+01 2.0054e+04 2.7024e+03 1.6060e+00 8.1553e+03
-4.1763e+06 4.1732e+01 2.0096e+04 2.6162e+03 -8.3231e-02 7.8525e+03
-4.3087e+06 4.0960e+01 2.0136e+04 2.5269e+03 -9.8883e+00 7.5493e+03
-4.3624e+06 4.0440e+01 2.0175e+04 2.4344e+03 -8.8505e+00 7.2457e+03
-4.3328e+06 4.0200e+01 2.0213e+04 2.3389e+03 9.8550e-01 6.9425e+03
-4.3290e+06 4.0005e+01 2.0250e+04 2.2403e+03 2.5254e+00 6.6395e+03
-4.3608e+06 3.9791e+01 2.0285e+04 2.1386e+03 1.9205e+00 6.3362e+03
-4.4028e+06 3.9591e+01 2.0319e+04 2.0339e+03 9.7201e-01 6.0332e+03
-4.4352e+06 3.9403e+01 2.0351e+04 1.9262e+03 -1.0383e+00 5.7308e+03
-4.4301e+06 3.9216e+01 2.0382e+04 1.8154e+03 -5.1479e-01 5.4286e+03
-4.4158e+06 3.9043e+01 2.0412e+04 1.7018e+03 -1.2696e-01 5.1270e+03
-4.4142e+06 3.8903e+01 2.0439e+04 1.5852e+03 -7.6124e-01 4.8258e+03
-4.4188e+06 3.8791e+01 2.0465e+04 1.4657e+03 -9.9582e-01 4.5251e+03
-4.4211e+06 3.8687e+01 2.0490e+04 1.3434e+03 -1.0504e+00 4.2253e+03
-4.4275e+06 3.8567e+01 2.0513e+04 1.2182e+03 -8.6881e-01 3.9262e+03
-4.4339e+06 3.8423e+01 2.0533e+04 1.0904e+03 -7.2086e-01 3.6279e+03
-4.4446e+06 3.8270e+01 2.0553e+04 9.5977e+02 -7.3261e-01 3.3304e+03
-4.4512e+06 3.8117e+01 2.0570e+04 8.2654e+02 -7.6360e-01 3.0339e+03
-4.4588e+06 3.7967e+01 2.0585e+04 6.9070e+02 -6.6353e-01 2.7387e+03
-4.4643e+06 3.7819e+01 2.0599e+04 5.5233e+02 -1.4216e-01 2.4450e+03
-4.4784e+06 3.7675e+01 2.0610e+04 4.1149e+02 -2.9093e-01 2.1497e+03
-4.4837e+06 3.7532e+01 2.0620e+04 2.6822e+02 4.6120e-01 1.8596e+03
-4.4899e+06 3.7391e+01 2.0627e+04 1.2261e+02 3.0283e+00 1.5545e+03
-4.5096e+06 3.7253e+01 2.0632e+04 -2.5275e+01 -8.6145e-02 1.2767e+03
-3.8644e+06 4.4687e+01 1.9593e+04 3.4501e+03 -2.2052e-01 1.1008e+04
-3.7921e+06 4.4370e+01 1.9645e+04 3.3915e+03 -3.8021e+00 1.0719e+04
-3.7366e+06 4.4075e+01 1.9696e+04 3.3297e+03 8.4399e-01 1.0409e+04
-3.7237e+06 4.3812e+01 1.9746e+04 3.2648e+03 6.3558e+00 1.0109e+04
-3.7542e+06 4.3552e+01 1.9795e+04 3.1967e+03 5.5480e+00 9.8077e+03
-3.8120e+06 4.3280e+01 1.9843e+04 3.1255e+03 2.7349e+00 9.5057e+03
-3.8656e+06 4.3043e+01 1.9890e+04 3.0510e+03 6.4693e-01 9.2031e+03
-3.9216e+06 4.2846e+01 1.9936e+04 2.9734e+03 -3.8400e-01 8.9000e+03
-3.9715e+06 4.2607e+01 1.9981e+04 2.8925e+03 -3.9907e-01 8.5966e+03
-4.0370e+06 4.2185e+01 2.0025e+04 2.8085e+03 2.2498e+00 8.2928e+03
-4.1542e+06 4.1478e+01 2.0068e+04 2.7213e+03 -1.8446e+00 7.9889e+03
-4.3216e+06 4.0716e+01 2.0110e+04 2.6309e+03 -1.6434e+01 7.6847e+03
-4.3656e+06 4.0260e+01 2.0151e+04 2.5373e+03 -1.5096e+01 7.3803e+03
-4.3111e+06 4.0051e+01 2.0190e+04 2.4406e+03 -2.8813e-01 7.0761e+03
-4.2989e+06 3.9855e+01 2.0228e+04 2.3407e+03 1.9360e+00 6.7720e+03
-4.3281e+06 3.9647e+01 2.0264e+04 2.2377e+03 -2.7572e-01 6.4678e+03
-4.3403e+06 3.9457e+01 2.0299e+04 2.1316e+03 1.2481e+00 6.1641e+03
-4.3552e+06 3.9272e+01 2.0333e+04 2.0224e+03 1.4776e+00 5.8608e+03
-4.3589e+06 3.9089e+01 2.0365e+04 1.9102e+03 8.2386e-01 5.5576e+03
-4.3619e+06 3.8934e+01 2.0395e+04 1.7949e+03 2.8935e-01 5.2550e+03
-4.3653e+06 3.8819e+01 2.0424e+04 1.6767e+03 -3.8371e-01 4.9529e+03
-4.3749e+06 3.8725e+01 2.0452e+04 1.5555e+03 -7.0433e-01 4.6513e+03
-4.3813e+06 3.8621e+01 2.0477e+04 1.4314e+03 -6.1028e-01 4.3505e+03
-4.3910e+06 3.8492e+01 2.0501e+04 1.3044e+03 -4.3991e-01 4.0504e+03
-4.3985e+06 3.8341e+01 2.0523e+04 1.1746e+03 -4.5533e-01 3.7512e+03
-4.4092e+06 3.8185e+01 2.0543e+04 1.0421e+03 -6.0841e-01 3.4526e+03
-4.4188e+06 3.8033e+01 2.0562e+04 9.0681e+02 -7.9177e-01 3.1552e+03
-4.4284e+06 3.7883e+01 2.0578e+04 7.6888e+02 -6.5531e-01 2.8591e+03
-4.4362e+06 3.7736e+01 2.0593e+04 6.2835e+02 8.0638e-02 2.5644e+03
-4.4504e+06 3.7593e+01 2.0605e+04 4.8527e+02 -2.0634e-01 2.2680e+03
-4.4607e+06 3.7452e+01 2.0616e+04 3.3972e+02 6.2795e-02 1.9771e+03
-4.4688e+06 3.7311e+01 2.0624e+04 1.9177e+02 2.4759e+00 1.6709e+03
-4.4932e+06 3.7174e+01 2.0630e+04 4.1472e+01 -8.3265e-01 1.3921e+03
-3.8375e+06 4.4553e+01 1.9552e+04 3.5649e+03 1.6424e+00 1.1152e+04
-3.7578e+06 4.4229e+01 1.9605e+04 3.5058e+03 -1.7548e+00 1.0862e+04
-3.7066e+06 4.3921e+01 1.9657e+04 3.4435e+03 2.5287e+00 1.0552e+04
-3.6899e+06 4.3668e+01 1.9708e+04 3.3780e+03 7.9881e+00 1.0251e+04
-3.7209e+06 4.3449e+01 1.9759e+04 3.3092e+03 8.1334e+00 9.9489e+03
-3.7709e+06 4.3202e+01 1.9808e+04 3.2373e+03 6.0217e+00 9.6462e+03
-3.8259e+06 4.2949e+01 1.9856e+04 3.1621e+03 3.5539e+00 9.3427e+03
-3.8774e+06 4.2722e+01 1.9904e+04 3.0836e+03 2.1855e+00 9.0387e+03
-3.9351e+06 4.2413e+01 1.9950e+04 3.0019e+03 2.0335e+00 8.7344e+03
-4.0033e+06 4.1874e+01 1.9996e+04 2.9170e+03 3.8117e+00 8.4300e+03
-4.1128e+06 4.1152e+01 2.0040e+04 2.8287e+03 1.6677e+00 8.1251e+03
-4.2349e+06 4.0507e+01 2.0083e+04 2.7373e+03 -6.7968e+00 7.8198e+03
-4.2755e+06 4.0124e+01 2.0125e+04 2.6426e+03 -6.1977e+00 7.5149e+03
-4.2560e+06 3.9904e+01 2.0165e+04 2.5447e+03 8.4194e-01 7.2096e+03
-4.2817e+06 3.9697e+01 2.0204e+04 2.4436e+03 -1.0643e+00 6.9046e+03
-4.3125e+06 3.9501e+01 2.0242e+04 2.3393e+03 -3.8379e+00 6.5998e+03
-4.3150e+06 3.9330e+01 2.0278e+04 2.2318e+03 -2.4192e+00 6.2951e+03
-4.3101e+06 3.9156e+01 2.0313e+04 2.1212e+03 -1.1247e+00 5.9907e+03
-4.3057e+06 3.8988e+01 2.0347e+04 2.0074e+03 4.2048e-01 5.6866e+03
-4.3065e+06 3.8857e+01 2.0378e+04 1.8906e+03 9.9002e-01 5.3831e+03
-4.3148e+06 3.8759e+01 2.0409e+04 1.7707e+03 3.5761e-01 5.0801e+03
-4.3248e+06 3.8664e+01 2.0437e+04 1.6478e+03 -8.6637e-02 4.7775e+03
-4.3355e+06 3.8548e+01 2.0464e+04 1.5219e+03 -2.1634e-01 4.4758e+03
-4.3485e+06 3.8408e+01 2.0489e+04 1.3931e+03 -1.9450e-01 4.1747e+03
-4.3623e+06 3.8255e+01 2.0512e+04 1.2614e+03 -2.1902e-01 3.8745e+03
-4.3773e+06 3.8100e+01 2.0534e+04 1.1268e+03 -3.1995e-01 3.5752e+03
-4.3889e+06 3.7949e+01 2.0553e+04 9.8949e+02 -5.8317e-01 3.2766e+03
-4.3980e+06 3.7800e+01 2.0571e+04 8.4943e+02 -5.2889e-01 2.9796e+03
-4.4075e+06 3.7654e+01 2.0586e+04 7.0672e+02 1.1716e-01 2.6840e+03
-4.4292e+06 3.7511e+01 2.0600e+04 5.6139e+02 -7.1199e-01 2.3865e+03
-4.4497e+06 3.7373e+01 2.0612e+04 4.1353e+02 -1.5430e+00 2.0947e+03
-4.4537e+06 3.7233e+01 2.0621e+04 2.6320e+02 1.3070e+00 1.7875e+03
-4.4537e+06 3.7095e+01 2.0628e+04 1.1047e+02 5.2450e-01 1.5078e+03
-3.8563e+06 4.4434e+01 1.9510e+04 3.6818e+03 3.5402e+00 1.1296e+04
-3.7804e+06 4.4111e+01 1.9564e+04 3.6223e+03 -1.1661e-01 1.1005e+04
-3.7215e+06 4.3798e+01 1.9617e+04 3.5595e+03 3.1794e+00 1.0694e+04
-3.7066e+06 4.3542e+01 1.9670e+04 3.4934e+03 6.6578e+00 1.0393e+04
-3.7252e+06 4.3336e+01 1.9721e+04 3.4241e+03 6.3978e+00 1.0090e+04
-3.7657e+06 4.3106e+01 1.9772e+04 3.3514e+03 5.1830e+00 9.7862e+03
-3.8090e+06 4.2836e+01 1.9822e+04 3.2755e+03 3.5318e+00 9.4819e+03
-3.8646e+06 4.2532e+01 1.9870e+04 3.1963e+03 2.9920e+00 9.1772e+03
-3.9213e+06 4.2056e+01 1.9918e+04 3.1137e+03 3.1931e+00 8.8722e+03
-3.9978e+06 4.1352e+01 1.9965e+04 3.0278e+03 3.7400e+00 8.5669e+03
-4.0819e+06 4.0667e+01 2.0010e+04 2.9386e+03 2.9455e+00 8.2609e+03
-4.1554e+06 4.0214e+01 2.0054e+04 2.8462e+03 1.1397e+00 7.9549e+03
-4.1798e+06 3.9951e+01 2.0097e+04 2.7504e+03 2.0235e+00 7.6493e+03
-4.2023e+06 3.9755e+01 2.0139e+04 2.6513e+03 2.5168e+00 7.3432e+03
-4.2413e+06 3.9555e+01 2.0180e+04 2.5489e+03 -1.1048e+00 7.0372e+03
-4.2691e+06 3.9363e+01 2.0219e+04 2.4433e+03 -2.7463e+00 6.7315e+03
-4.2686e+06 3.9198e+01 2.0257e+04 2.3345e+03 -2.0703e+00 6.4258e+03
-4.2725e+06 3.9042e+01 2.0293e+04 2.2224e+03 -2.4272e+00 6.1205e+03
-4.2634e+06 3.8901e+01 2.0327e+04 2.1071e+03 -8.0518e-01 5.8156e+03
-4.2559e+06 3.8794e+01 2.0361e+04 1.9887e+03 1.2317e+00 5.5113e+03
-4.2595e+06 3.8706e+01 2.0392e+04 1.8672e+03 1.1063e+00 5.2073e+03
-4.2753e+06 3.8602e+01 2.0422e+04 1.7425e+03 4.9648e-01 4.9038e+03
-4.2930e+06 3.8471e+01 2.0450e+04 1.6149e+03 1.3120e-01 4.6012e+03
-4.3123e+06 3.8322e+01 2.0476e+04 1.4842e+03 3.7663e-02 4.2992e+03
-4.3284e+06 3.8168e+01 2.0501e+04 1.3505e+03 1.6479e-01 3.9980e+03
-4.3454e+06 3.8016e+01 2.0523e+04 1.2140e+03 1.8127e-01 3.6977e+03
-4.3610e+06 3.7866e+01 2.0544e+04 1.0746e+03 -2.3599e-01 3.3982e+03
-4.3744e+06 3.7718e+01 2.0563e+04 9.3242e+02 -3.7877e-01 3.1001e+03
-4.3870e+06 3.7571e+01 2.0580e+04 7.8750e+02 1.6097e-01 2.8038e+03
-4.4092e+06 3.7430e+01 2.0594e+04 6.3990e+02 -6.0272e-01 2.5054e+03
-4.4300e+06 3.7293e+01 2.0607e+04 4.8970e+02 -1.4971e+00 2.2125e+03
-4.4274e+06 3.7154e+01 2.0617e+04 3.3696e+02 1.5673e+00 1.9042e+03
-4.4180e+06 3.7017e+01 2.0625e+04 1.8177e+02 2.1010e+00 1.6237e+03
-3.9262e+06 4.4319e+01 1.9466e+04 3.8010e+03 1.4683e+00 1.1439e+04
-3.8576e+06 4.4006e+01 1.9521e+04 3.7410e+03 -2.6154e+00 1.1148e+04
-3.7897e+06 4.3705e+01 1.9576e+04 3.6778e+03 1.9917e+00 1.0836e+04
-3.7533e+06 4.3440e+01 1.9630e+04 3.6112e+03 4.6492e+00 1.0534e+04
-3.7603e+06 4.3208e+01 1.9682e+04 3.5412e+03 3.1981e+00 1.0230e+04
-3.7809e+06 4.2963e+01 1.9734e+04 3.4680e+03 2.3305e+00 9.9259e+03
-3.8215e+06 4.2674e+01 1.9785e+04 3.3913e+03 1.6135e+00 9.6208e+03
-3.8693e+06 4.2282e+01 1.9835e+04 3.3113e+03 1.7432e+00 9.3152e+03
-3.9341e+06 4.1660e+01 1.9884e+04 3.2279e+03 2.1958e+00 9.0095e+03
-4.0046e+06 4.0888e+01 1.9932e+04 3.1411e+03 2.1122e+00 8.7034e+03
-4.0819e+06 4.0295e+01 1.9979e+04 3.0510e+03 7.4171e-01 8.3967e+03
-4.1241e+06 3.9981e+01 2.0025e+04 2.9575e+03 6.8094e-01 8.0899e+03
-4.1411e+06 3.9790e+01 2.0069e+04 2.8606e+03 2.5727e+00 7.7833e+03
-4.1609e+06 3.9621e+01 2.0112e+04 2.7604e+03 2.9833e+00 7.4764e+03
-4.1971e+06 3.9435e+01 2.0154e+04 2.6568e+03 1.2100e+00 7.1696e+03
-4.2178e+06 3.9234e+01 2.0195e+04 2.5499e+03 2.2527e-01 6.8630e+03
-4.2268e+06 3.9061e+01 2.0234e+04 2.4397e+03 -4.7802e-01 6.5565e+03
-4.2296e+06 3.8924e+01 2.0271e+04 2.3262e+03 -2.0160e+00 6.2503e+03
-4.2240e+06 3.8817e+01 2.0307e+04 2.2094e+03 -9.6516e-01 5.9445e+03
-4.2135e+06 3.8733e+01 2.0342e+04 2.0894e+03 1.3776e+00 5.6392e+03
-4.2202e+06 3.8647e+01 2.0375e+04 1.9662e+03 1.7838e+00 5.3344e+03
-4.2368e+06 3.8533e+01 2.0406e+04 1.8399e+03 1.3424e+00 5.0301e+03
-4.2589e+06 3.8390e+01 2.0435e+04 1.7104e+03 1.0058e+00 4.7265e+03
-4.2797e+06 3.8236e+01 2.0463e+04 1.5778e+03 8.8713e-01 4.4234e+03
-4.3017e+06 3.8083e+01 2.0488e+04 1.4423e+03 9.2758e-01 4.1214e+03
-4.3222e+06 3.7932e+01 2.0512e+04 1.3037e+03 8.3527e-01 3.8202e+03
-4.3415e+06 3.7783e+01 2.0534e+04 1.1622e+03 1.6847e-01 3.5199e+03
-4.3556e+06 3.7636e+01 2.0554e+04 1.0179e+03 -3.7646e-01 3.2209e+03
-4.3698e+06 3.7490e+01 2.0572e+04 8.7074e+02 5.0888e-02 2.9234e+03
-4.3884e+06 3.7349e+01 2.0588e+04 7.2085e+02 7.7896e-02 2.6243e+03
-4.4019e+06 3.7211e+01 2.0602e+04 5.6829e+02 4.5305e-01 2.3304e+03
-4.3982e+06 3.7073e+01 2.0613e+04 4.1312e+02 3.6638e+00 2.0212e+03
-4.3961e+06 3.6937e+01 2.0622e+04 2.5543e+02 3.3857e+00 1.7398e+03
-3.9951e+06 4.4190e+01 1.9421e+04 3.9225e+03 8.1636e-01 1.1582e+04
-3.9368e+06 4.3881e+01 1.9477e+04 3.8621e+03 -3.4622e+00 1.1290e+04
-3.8609e+06 4.3596e+01 1.9533e+04 3.7984e+03 7.2652e-01 1.0977e+04
-3.8149e+06 4.3333e+01 1.9588e+04 3.7313e+03 3.3010e+00 1.0674e+04
-3.8020e+06 4.3075e+01 1.9642e+04 3.6608e+03 2.1321e+00 1.0370e+04
-3.8141e+06 4.2807e+01 1.9695e+04 3.5868e+03 1.8642e+00 1.0065e+04
-3.8437e+06 4.2493e+01 1.9748e+04 3.5095e+03 1.4238e+00 9.7593e+03
-3.8941e+06 4.2028e+01 1.9799e+04 3.4288e+03 1.2044e+00 9.4531e+03
-3.9542e+06 4.1339e+01 1.9849e+04 3.3446e+03 1.0644e+00 9.1465e+03
-4.0190e+06 4.0607e+01 1.9899e+04 3.2569e+03 5.5707e-01 8.8395e+03
-4.0759e+06 4.0111e+01 1.9947e+04 3.1659e+03 -6.6266e-01 8.5322e+03
-4.1121e+06 3.9844e+01 1.9994e+04 3.0713e+03 -5.6338e-01 8.2247e+03
-4.1272e+06 3.9654e+01 2.0040e+04 2.9734e+03 1.1363e+00 7.9171e+03
-4.1462e+06 3.9485e+01 2.0084e+04 2.8720e+03 2.0415e+00 7.6094e+03
-4.1693e+06 3.9303e+01 2.0127e+04 2.7672e+03 1.6076e+00 7.3018e+03
-4.1852e+06 3.9105e+01 2.0169e+04 2.6590e+03 9.6784e-01 6.9944e+03
-4.1929e+06 3.8941e+01 2.0210e+04 2.5474e+03 2.3009e-01 6.6870e+03
-4.1952e+06 3.8830e+01 2.0249e+04 2.4325e+03 -3.2158e-01 6.3799e+03
-4.1907e+06 3.8750e+01 2.0286e+04 2.3142e+03 7.7672e-01 6.0733e+03
-4.1854e+06 3.8675e+01 2.0322e+04 2.1927e+03 2.0891e+00 5.7671e+03
-4.1990e+06 3.8580e+01 2.0356e+04 2.0678e+03 1.8547e+00 5.4614e+03
-4.2260e+06 3.8456e+01 2.0389e+04 1.9398e+03 7.7656e-01 5.1563e+03
-4.2533e+06 3.8306e+01 2.0419e+04 1.8085e+03 5.6018e-01 4.8518e+03
-4.2669e+06 3.8150e+01 2.0448e+04 1.6741e+03 1.3111e+00 4.5480e+03
-4.2856e+06 3.7998e+01 2.0475e+04 1.5366e+03 1.5429e+00 4.2451e+03
-4.3041e+06 3.7849e+01 2.0500e+04 1.3960e+03 1.2433e+00 3.9427e+03
-4.3282e+06 3.7701e+01 2.0524e+04 1.2524e+03 4.0906e-01 3.6416e+03
-4.3453e+06 3.7554e+01 2.0545e+04 1.1059e+03 -4.5996e-01 3.3419e+03
-4.3640e+06 3.7409e+01 2.0564e+04 9.5651e+02 -2.0636e-01 3.0433e+03
-4.3763e+06 3.7268e+01 2.0581e+04 8.0430e+02 7.5793e-01 2.7433e+03
-4.3866e+06 3.7130e+01 2.0596e+04 6.4935e+02 2.7120e+00 2.4487e+03
-4.3819e+06 3.6992e+01 2.0608e+04 4.9173e+02 6.2751e+00 2.1383e+03
-4.3921e+06 3.6858e+01 2.0619e+04 3.3150e+02 4.9552e+00 1.8560e+03
-4.0458e+06 4.4056e+01 1.9374e+04 4.0462e+03 2.3553e+00 1.1724e+04
-3.9954e+06 4.3742e+01 1.9432e+04 3.9854e+03 -1.7800e+00 1.1432e+04
-3.9423e+06 4.3465e+01 1.9489e+04 3.9213e+03 -4.3299e-01 1.1118e+04
-3.8851e+06 4.3209e+01 1.9545e+04 3.8537e+03 1.9655e+00 1.0815e+04
-3.8620e+06 4.2942e+01 1.9600e+04 3.7826e+03 2.3772e+00 1.0510e+04
-3.8568e+06 4.2647e+01 1.9655e+04 3.7081e+03 3.0421e+00 1.0204e+04
-3.8841e+06 4.2271e+01 1.9709e+04 3.6302e+03 2.7074e+00 9.8974e+03
-3.9255e+06 4.1714e+01 1.9761e+04 3.5487e+03 1.9477e+00 9.5904e+03
-3.9874e+06 4.0997e+01 1.9813e+04 3.4637e+03 5.9132e-01 9.2830e+03
-4.0370e+06 4.0351e+01 1.9864e+04 3.3752e+03 -8.5677e-01 8.9752e+03
-4.0819e+06 3.9949e+01 1.9913e+04 3.2832e+03 -1.3590e+00 8.6673e+03
-4.1049e+06 3.9709e+01 1.9962e+04 3.1877e+03 -7.8298e-01 8.3590e+03
-4.1280e+06 3.9514e+01 2.0009e+04 3.0887e+03 -4.5968e-02 8.0506e+03
-4.1420e+06 3.9337e+01 2.0055e+04 2.9862e+03 3.7174e-01 7.7422e+03
-4.1645e+06 3.9158e+01 2.0100e+04 2.8802e+03 6.5672e-01 7.4337e+03
-4.1750e+06 3.8988e+01 2.0143e+04 2.7707e+03 6.9865e-01 7.1255e+03
-4.1830e+06 3.8861e+01 2.0185e+04 2.6578e+03 6.5507e-01 6.8173e+03
-4.1783e+06 3.8777e+01 2.0225e+04 2.5415e+03 1.2204e+00 6.5094e+03
-4.1810e+06 3.8708e+01 2.0264e+04 2.4217e+03 2.1683e+00 6.2019e+03
-4.1819e+06 3.8625e+01 2.0301e+04 2.2986e+03 2.4985e+00 5.8949e+03
-4.2081e+06 3.8514e+01 2.0337e+04 2.1721e+03 9.8491e-01 5.5884e+03
-4.2485e+06 3.8377e+01 2.0370e+04 2.0423e+03 -2.0660e+00 5.2823e+03
-4.2742e+06 3.8223e+01 2.0403e+04 1.9093e+03 -2.1280e+00 4.9769e+03
-4.2689e+06 3.8065e+01 2.0433e+04 1.7730e+03 6.2858e-01 4.6724e+03
-4.2812e+06 3.7913e+01 2.0461e+04 1.6335e+03 1.6764e+00 4.3686e+03
-4.2999e+06 3.7764e+01 2.0488e+04 1.4909e+03 1.3626e+00 4.0654e+03
-4.3256e+06 3.7618e+01 2.0512e+04 1.3452e+03 6.7756e-01 3.7633e+03
-4.3417e+06 3.7472e+01 2.0535e+04 1.1965e+03 -1.4881e-01 3.4628e+03
-4.3619e+06 3.7329e+01 2.0555e+04 1.0449e+03 4.4450e-01 3.1633e+03
-4.3838e+06 3.7188e+01 2.0573e+04 8.9031e+02 7.0169e-01 2.8623e+03
-4.4148e+06 3.7051e+01 2.0589e+04 7.3295e+02 1.6300e-02 2.5669e+03
-4.4135e+06 3.6914e+01 2.0603e+04 5.7284e+02 3.9301e+00 2.2556e+03
-4.4083e+06 3.6779e+01 2.0615e+04 4.1006e+02 5.8068e+00 1.9725e+03
-4.1030e+06 4.3929e+01 1.9326e+04 4.1722e+03 1.5595e+00 1.1866e+04
-4.0686e+06 4.3616e+01 1.9385e+04 4.1111e+03 -2.1995e+00 1.1572e+04
-4.0171e+06 4.3341e+01 1.9443e+04 4.0465e+03 -1.6983e+00 1.1258e+04
-3.9674e+06 4.3084e+01 1.9501e+04 3.9785e+03 6.8799e-01 1.0954e+04
-3.9286e+06 4.2796e+01 1.9557e+04 3.9069e+03 1.7396e+00 1.0649e+04
-3.9211e+06 4.2431e+01 1.9613e+04 3.8318e+03 2.9127e+00 1.0342e+04
-3.9335e+06 4.1937e+01 1.9668e+04 3.7532e+03 2.8622e+00 1.0035e+04
-3.9761e+06 4.1296e+01 1.9722e+04 3.6711e+03 2.0673e+00 9.7273e+03
-4.0214e+06 4.0620e+01 1.9775e+04 3.5853e+03 4.4629e-01 9.4192e+03
-4.0664e+06 4.0101e+01 1.9827e+04 3.4960e+03 -1.0299e+00 9.1106e+03
-4.0923e+06 3.9787e+01 1.9878e+04 3.4031e+03 -8.2732e-01 8.8019e+03
-4.1167e+06 3.9570e+01 1.9928e+04 3.3066e+03 2.7105e-02 8.4930e+03
-4.1337e+06 3.9375e+01 1.9977e+04 3.2066e+03 -1.8379e-01 8.1838e+03
-4.1548e+06 3.9196e+01 2.0024e+04 3.1030e+03 -8.5191e-01 7.8746e+03
-4.1688e+06 3.9034e+01 2.0070e+04 2.9958e+03 -7.3314e-01 7.5654e+03
-4.1806e+06 3.8902e+01 2.0115e+04 2.8851e+03 -1.3907e-01 7.2564e+03
-4.1825e+06 3.8811e+01 2.0158e+04 2.7709e+03 7.5828e-01 6.9474e+03
-4.1876e+06 3.8745e+01 2.0200e+04 2.6531e+03 1.7159e+00 6.6387e+03
-4.1968e+06 3.8674e+01 2.0240e+04 2.5319e+03 1.6156e+00 6.3303e+03
-4.2038e+06 3.8576e+01 2.0279e+04 2.4072e+03 1.6202e+00 6.0226e+03
-4.2194e+06 3.8445e+01 2.0316e+04 2.2791e+03 7.3555e-01 5.7153e+03
-4.2608e+06 3.8295e+01 2.0351e+04 2.1476e+03 -2.2970e+00 5.4083e+03
-4.2806e+06 3.8138e+01 2.0385e+04 2.0127e+03 -2.1663e+00 5.1020e+03
-4.2773e+06 3.7980e+01 2.0417e+04 1.8745e+03 7.4618e-01 4.7965e+03
-4.2889e+06 3.7828e+01 2.0446e+04 1.7331e+03 1.2439e+00 4.4918e+03
-4.3104e+06 3.7680e+01 2.0474e+04 1.5885e+03 8.5449e-01 4.1880e+03
-4.3306e+06 3.7534e+01 2.0500e+04 1.4407e+03 7.5852e-01 3.8852e+03
-4.3490e+06 3.7391e+01 2.0524e+04 1.2898e+03 4.4342e-01 3.5837e+03
-4.3672e+06 3.7249e+01 2.0546e+04 1.1358e+03 2.0722e+00 3.2835e+03
-4.4111e+06 3.7110e+01 2.0565e+04 9.7894e+02 -5.1570e-01 2.9815e+03
-4.4774e+06 3.6976e+01 2.0582e+04 8.1915e+02 -9.0057e+00 2.6852e+03
-4.4820e+06 3.6839e+01 2.0597e+04 6.5653e+02 -5.7920e+00 2.3731e+03
-4.4420e+06 3.6704e+01 2.0610e+04 4.9116e+02 2.6076e+00 2.0892e+03
-4.1619e+06 4.3797e+01 1.9276e+04 4.3004e+03 9.9953e-02 1.2007e+04
-4.1369e+06 4.3491e+01 1.9336e+04 4.2390e+03 -3.1850e+00 1.1713e+04
-4.0994e+06 4.3223e+01 1.9396e+04 4.1741e+03 -2.0942e+00 1.1398e+04
-4.0469e+06 4.2962e+01 1.9454e+04 4.1056e+03 3.1128e-03 1.1093e+04
-4.0117e+06 4.2622e+01 1.9513e+04 4.0336e+03 3.9283e-01 1.0787e+04
-3.9947e+06 4.2138e+01 1.9570e+04 3.9580e+03 1.3282e+00 1.0480e+04
-4.0046e+06 4.1526e+01 1.9626e+04 3.8788e+03 1.3189e+00 1.0172e+04
-4.0303e+06 4.0871e+01 1.9682e+04 3.7959e+03 9.0507e-01 9.8638e+03
-4.0664e+06 4.0298e+01 1.9736e+04 3.7094e+03 1.5942e-01 9.5550e+03
-4.0957e+06 3.9905e+01 1.9790e+04 3.6193e+03 -2.6230e-01 9.2456e+03
-4.1171e+06 3.9654e+01 1.9842e+04 3.5256e+03 4.3613e-01 8.9361e+03
-4.1333e+06 3.9446e+01 1.9893e+04 3.4282e+03 9.9083e-01 8.6265e+03
-4.1515e+06 3.9250e+01 1.9943e+04 3.3271e+03 3.6369e-01 8.3166e+03
-4.1694e+06 3.9078e+01 1.9992e+04 3.2224e+03 -5.6544e-01 8.0066e+03
-4.1874e+06 3.8940e+01 2.0040e+04 3.1141e+03 -7.0464e-01 7.6967e+03
-4.2002e+06 3.8840e+01 2.0086e+04 3.0021e+03 -3.0306e-01 7.3869e+03
-4.2046e+06 3.8769e+01 2.0131e+04 2.8866e+03 3.6262e-01 7.0773e+03
-4.2091e+06 3.8707e+01 2.0174e+04 2.7675e+03 8.8505e-01 6.7677e+03
-4.2194e+06 3.8627e+01 2.0216e+04 2.6447e+03 5.8737e-01 6.4586e+03
-4.2258e+06 3.8512e+01 2.0256e+04 2.5185e+03 9.8912e-01 6.1500e+03
-4.2327e+06 3.8365e+01 2.0294e+04 2.3888e+03 1.5812e+00 5.8418e+03
-4.2570e+06 3.8207e+01 2.0331e+04 2.2555e+03 4.8463e-01 5.5341e+03
-4.2727e+06 3.8048e+01 2.0366e+04 2.1189e+03 4.8309e-01 5.2272e+03
-4.2875e+06 3.7893e+01 2.0399e+04 1.9788e+03 1.1120e+00 4.9209e+03
-4.3184e+06 3.7743e+01 2.0431e+04 1.8354e+03 -5.9559e-01 4.6152e+03
-4.3440e+06 3.7596e+01 2.0460e+04 1.6888e+03 -1.1317e+00 4.3106e+03
-4.3509e+06 3.7452e+01 2.0487e+04 1.5388e+03 7.7988e-02 4.0069e+03
-4.3646e+06 3.7310e+01 2.0512e+04 1.3857e+03 6.5125e-01 3.7044e+03
-4.3804e+06 3.7169e+01 2.0535e+04 1.2295e+03 2.9966e+00 3.4036e+03
-4.4290e+06 3.7031e+01 2.0556e+04 1.0702e+03 7.6559e-01 3.1008e+03
-4.4953e+06 3.6898e+01 2.0575e+04 9.0800e+02 -8.0686e+00 2.8035e+03
-4.5042e+06 3.6763e+01 2.0591e+04 7.4285e+02 -6.3882e+00 2.4905e+03
-4.4681e+06 3.6629e+01 2.0605e+04 5.7487e+02 -4.0434e-01 2.2057e+03
-4.2046e+06 4.3667e+01 1.9224e+04 4.4309e+03 -4.9961e-01 1.2147e+04
-4.1960e+06 4.3374e+01 1.9286e+04 4.3692e+03 -3.5420e+00 1.1852e+04
-4.1611e+06 4.3107e+01 1.9347e+04 4.3040e+03 -1.9899e+00 1.1537e+04
-4.1246e+06 4.2842e+01 1.9407e+04 4.2351e+03 -9.7641e-02 1.1232e+04
-4.0868e+06 4.2454e+01 1.9466e+04 4.1627e+03 -2.3673e-01 1.0925e+04
-4.0766e+06 4.1850e+01 1.9525e+04 4.0865e+03 1.1779e-01 1.0617e+04
-4.0752e+06 4.1138e+01 1.9583e+04 4.0068e+03 -1.2074e-01 1.0308e+04
-4.0958e+06 4.0500e+01 1.9639e+04 3.9233e+03 2.6333e-02 9.9996e+03
-4.1091e+06 4.0030e+01 1.9695e+04 3.8361e+03 2.2165e-01 9.6902e+03
-4.1318e+06 3.9731e+01 1.9750e+04 3.7452e+03 3.8619e-01 9.3803e+03
-4.1419e+06 3.9521e+01 1.9804e+04 3.6506e+03 8.5287e-01 9.0700e+03
-4.1622e+06 3.9319e+01 1.9857e+04 3.5523e+03 9.3607e-01 8.7596e+03
-4.1746e+06 3.9124e+01 1.9909e+04 3.4503e+03 5.5108e-01 8.4491e+03
-4.1953e+06 3.8970e+01 1.9959e+04 3.3445e+03 4.3709e-01 8.1383e+03
-4.2060e+06 3.8862e+01 2.0008e+04 3.2351e+03 6.6780e-01 7.8276e+03
-4.2222e+06 3.8788e+01 2.0056e+04 3.1219e+03 5.2230e-01 7.5170e+03
-4.2271e+06 3.8728e+01 2.0102e+04 3.0050e+03 -1.9328e-01 7.2067e+03
-4.2372e+06 3.8660e+01 2.0147e+04 2.8845e+03 -5.0406e-01 6.8966e+03
-4.2384e+06 3.8565e+01 2.0190e+04 2.7604e+03 1.2989e-01 6.5866e+03
-4.2469e+06 3.8434e+01 2.0232e+04 2.6326e+03 1.1479e+00 6.2772e+03
-4.2552e+06 3.8279e+01 2.0272e+04 2.5012e+03 1.4313e+00 5.9682e+03
-4.2800e+06 3.8119e+01 2.0310e+04 2.3663e+03 6.9475e-01 5.6597e+03
-4.2950e+06 3.7963e+01 2.0346e+04 2.2278e+03 1.0989e+00 5.3520e+03
-4.3150e+06 3.7809e+01 2.0381e+04 2.0859e+03 1.8753e+00 5.0450e+03
-4.3421e+06 3.7659e+01 2.0414e+04 1.9406e+03 1.5547e-01 4.7385e+03
-4.3673e+06 3.7513e+01 2.0444e+04 1.7918e+03 -9.4821e-01 4.4331e+03
-4.3732e+06 3.7370e+01 2.0473e+04 1.6398e+03 -2.3879e-01 4.1285e+03
-4.3904e+06 3.7229e+01 2.0500e+04 1.4845e+03 2.9313e-01 3.8253e+03
-4.4048e+06 3.7089e+01 2.0524e+04 1.3260e+03 2.0763e+00 3.5235e+03
-4.4360e+06 3.6952e+01 2.0546e+04 1.1643e+03 2.7459e+00 3.2198e+03
-4.4624e+06 3.6817e+01 2.0566e+04 9.9957e+02 1.3202e+00 2.9218e+03
-4.4721e+06 3.6683e+01 2.0584e+04 8.3186e+02 2.8851e+00 2.6082e+03
-4.4706e+06 3.6552e+01 2.0599e+04 6.6125e+02 1.1212e+00 2.3226e+03
-4.2414e+06 4.3549e+01 1.9171e+04 4.5637e+03 -8.0188e-01 1.2286e+04
-4.2371e+06 4.3282e+01 1.9234e+04 4.5018e+03 -3.8450e+00 1.1991e+04
-4.2232e+06 4.3009e+01 1.9296e+04 4.4362e+03 -1.9044e+00 1.1675e+04
-4.1875e+06 4.2723e+01 1.9357e+04 4.3670e+03 2.1177e-01 1.1369e+04
-4.1651e+06 4.2291e+01 1.9418e+04 4.2942e+03 -6.4688e-02 1.1062e+04
-4.1507e+06 4.1603e+01 1.9478e+04 4.2176e+03 -1.2101e-01 1.0753e+04
-4.1552e+06 4.0816e+01 1.9537e+04 4.1372e+03 -7.1007e-01 1.0444e+04
-4.1569e+06 4.0190e+01 1.9596e+04 4.0532e+03 -3.6503e-01 1.0135e+04
-4.1643e+06 3.9800e+01 1.9653e+04 3.9653e+03 3.8071e-01 9.8248e+03
-4.1700e+06 3.9568e+01 1.9709e+04 3.8737e+03 5.9106e-01 9.5143e+03
-4.1820e+06 3.9378e+01 1.9765e+04 3.7783e+03 4.8915e-01 9.2034e+03
-4.1934e+06 3.9177e+01 1.9819e+04 3.6791e+03 1.3373e-01 8.8922e+03
-4.2107e+06 3.8997e+01 1.9872e+04 3.5761e+03 -1.1304e-01 8.5810e+03
-4.2226e+06 3.8877e+01 1.9924e+04 3.4693e+03 3.0572e-01 8.2697e+03
-4.2373e+06 3.8803e+01 1.9975e+04 3.3587e+03 8.8839e-01 7.9582e+03
-4.2496e+06 3.8748e+01 2.0024e+04 3.2444e+03 5.8199e-01 7.6468e+03
-4.2617e+06 3.8691e+01 2.0072e+04 3.1263e+03 -6.8248e-01 7.3357e+03
-4.2675e+06 3.8613e+01 2.0118e+04 3.0044e+03 -1.1735e+00 7.0249e+03
-4.2740e+06 3.8499e+01 2.0163e+04 2.8788e+03 -1.7661e-01 6.7143e+03
-4.2824e+06 3.8353e+01 2.0206e+04 2.7495e+03 7.7881e-01 6.4041e+03
-4.3030e+06 3.8194e+01 2.0248e+04 2.6165e+03 -9.7677e-02 6.0945e+03
-4.3311e+06 3.8037e+01 2.0288e+04 2.4799e+03 -1.4813e+00 5.7852e+03
-4.3520e+06 3.7882e+01 2.0326e+04 2.3397e+03 -6.1400e-01 5.4767e+03
-4.3693e+06 3.7728e+01 2.0362e+04 2.1959e+03 6.2143e-01 5.1688e+03
-4.3845e+06 3.7578e+01 2.0396e+04 2.0486e+03 1.0246e+00 4.8617e+03
-4.3904e+06 3.7431e+01 2.0428e+04 1.8978e+03 1.2219e+00 4.5554e+03
-4.4031e+06 3.7289e+01 2.0458e+04 1.7436e+03 2.2296e-01 4.2501e+03
-4.4201e+06 3.7148e+01 2.0486e+04 1.5860e+03 -5.3680e-01 3.9462e+03
-4.4377e+06 3.7009e+01 2.0512e+04 1.4252e+03 9.9297e-03 3.6436e+03
-4.4558e+06 3.6873e+01 2.0536e+04 1.2611e+03 7.4105e-01 3.3391e+03
-4.4666e+06 3.6739e+01 2.0557e+04 1.0939e+03 2.3328e+00 3.0402e+03
-4.4698e+06 3.6605e+01 2.0576e+04 9.2364e+02 5.0690e+00 2.7259e+03
-4.4816e+06 3.6477e+01 2.0592e+04 7.5036e+02 2.1128e+00 2.4394e+03
-4.2653e+06 4.3421e+01 1.9116e+04 4.6987e+03 -6.8909e-01 1.2425e+04
-4.2735e+06 4.3175e+01 1.9180e+04 4.6366e+03 -3.9213e+00 1.2129e+04
-4.2634e+06 4.2886e+01 1.9244e+04 4.5708e+03 -1.8312e+00 1.1813e+04
-4.2479e+06 4.2533e+01 1.9306e+04 4.5013e+03 3.8291e-01 1.1506e+04
-4.2326e+06 4.2023e+01 1.9369e+04 4.4281e+03 -1.0817e-01 1.1198e+04
-4.2296e+06 4.1304e+01 1.9430e+04 4.3510e+03 -2.9290e-01 1.0889e+04
-4.2252e+06 4.0539e+01 1.9491e+04 4.2702e+03 -9.0687e-01 1.0580e+04
-4.2236e+06 3.9957e+01 1.9550e+04 4.1856e+03 -7.0683e-01 1.0269e+04
-4.2170e+06 3.9619e+01 1.9609e+04 4.0971e+03 5.5542e-02 9.9588e+03
-4.2204e+06 3.9418e+01 1.9667e+04 4.0048e+03 5.4596e-01 9.6477e+03
-4.2243e+06 3.9234e+01 1.9724e+04 3.9086e+03 7.6884e-01 9.3362e+03
-4.2367e+06 3.9046e+01 1.9780e+04 3.8085e+03 5.7005e-01 9.0245e+03
-4.2484e+06 3.8901e+01 1.9834e+04 3.7046e+03 2.4719e-01 8.7125e+03
-4.2613e+06 3.8818e+01 1.9888e+04 3.5968e+03 9.3079e-04 8.4005e+03
-4.2701e+06 3.8765e+01 1.9940e+04 3.4852e+03 -1.4181e-01 8.0884e+03
-4.2806e+06 3.8716e+01 1.9991e+04 3.3696e+03 -1.7493e-01 7.7763e+03
-4.2918e+06 3.8656e+01 2.0040e+04 3.2503e+03 -4.5334e-01 7.4645e+03
-4.3026e+06 3.8563e+01 2.0088e+04 3.1271e+03 -3.6436e-01 7.1529e+03
-4.3127e+06 3.8428e+01 2.0135e+04 3.0001e+03 2.2546e-01 6.8416e+03
-4.3248e+06 3.8270e+01 2.0179e+04 2.8692e+03 5.6412e-01 6.5307e+03
-4.3465e+06 3.8109e+01 2.0222e+04 2.7347e+03 -6.8765e-01 6.2204e+03
-4.3740e+06 3.7953e+01 2.0264e+04 2.5964e+03 -1.5150e+00 5.9105e+03
-4.4076e+06 3.7800e+01 2.0304e+04 2.4544e+03 -1.3362e+00 5.6011e+03
-4.4639e+06 3.7647e+01 2.0341e+04 2.3087e+03 -4.1910e+00 5.2925e+03
-4.4731e+06 3.7497e+01 2.0377e+04 2.1594e+03 -3.5068e+00 4.9847e+03
-4.4332e+06 3.7350e+01 2.0411e+04 2.0066e+03 9.9335e-01 4.6777e+03
-4.4355e+06 3.7207e+01 2.0443e+04 1.8503e+03 5.4821e-01 4.3715e+03
-4.4555e+06 3.7068e+01 2.0472e+04 1.6905e+03 -9.5786e-01 4.0667e+03
-4.4739e+06 3.6930e+01 2.0500e+04 1.5273e+03 -9.3474e-01 3.7634e+03
-4.4897e+06 3.6795e+01 2.0525e+04 1.3609e+03 -1.2670e+00 3.4583e+03
-4.4981e+06 3.6662e+01 2.0547e+04 1.1911e+03 -1.3608e-01 3.1587e+03
-4.4973e+06 3.6528e+01 2.0568e+04 1.0182e+03 3.1131e+00 2.8433e+03
-4.5084e+06 3.6410e+01 2.0585e+04 8.4227e+02 1.1268e+00 2.5561e+03
-4.2902e+06 4.3282e+01 1.9059e+04 4.8360e+03 -3.4240e-01 1.2562e+04
-4.2998e+06 4.3014e+01 1.9125e+04 4.7738e+03 -3.9594e+00 1.2266e+04
-4.3101e+06 4.2669e+01 1.9189e+04 4.7078e+03 -2.2179e+00 1.1949e+04
-4.3001e+06 4.2206e+01 1.9254e+04 4.6380e+03 -3.6428e-01 1.1643e+04
-4.3059e+06 4.1605e+01 1.9317e+04 4.5644e+03 -9.7042e-01 1.1334e+04
-4.3008e+06 4.0907e+01 1.9380e+04 4.4870e+03 -7.0990e-01 1.1025e+04
-4.3004e+06 4.0250e+01 1.9442e+04 4.4057e+03 -1.0433e+00 1.0714e+04
-4.2847e+06 3.9763e+01 1.9503e+04 4.3205e+03 -1.3372e+00 1.0403e+04
-4.2835e+06 3.9466e+01 1.9564e+04 4.2314e+03 -1.1018e+00 1.0092e+04
-4.2781e+06 3.9277e+01 1.9623e+04 4.1385e+03 2.2755e-02 9.7805e+03
-4.2861e+06 3.9110e+01 1.9681e+04 4.0415e+03 9.8962e-01 9.4684e+03
-4.2940e+06 3.8954e+01 1.9739e+04 3.9407e+03 3.7934e-01 9.1561e+03
-4.3084e+06 3.8847e+01 1.9795e+04 3.8358e+03 2.1104e-01 8.8435e+03
-4.3069e+06 3.8785e+01 1.9850e+04 3.7271e+03 1.4208e-01 8.5308e+03
-4.3165e+06 3.8736e+01 1.9904e+04 3.6144e+03 -8.0299e-01 8.2181e+03
-4.3208e+06 3.8681e+01 1.9956e+04 3.4977e+03 -7.7305e-01 7.9055e+03
-4.3341e+06 3.8607e+01 2.0007e+04 3.3771e+03 -1.3591e-01 7.5930e+03
-4.3399e+06 3.8494e+01 2.0057e+04 3.2526e+03 1.7731e-01 7.2806e+03
-4.3560e+06 3.8345e+01 2.0105e+04 3.1242e+03 1.9158e-01 6.9686e+03
-4.3661e+06 3.8182e+01 2.0151e+04 2.9919e+03 6.8828e-02 6.6570e+03
-4.3878e+06 3.8021e+01 2.0196e+04 2.8557e+03 -4.6454e-01 6.3459e+03
-4.4026e+06 3.7866e+01 2.0239e+04 2.7158e+03 1.9502e-01 6.0354e+03
-4.4378e+06 3.7713e+01 2.0280e+04 2.5720e+03 1.0328e+00 5.7254e+03
-4.4985e+06 3.7563e+01 2.0320e+04 2.4245e+03 -2.5588e+00 5.4160e+03
-4.5159e+06 3.7414e+01 2.0357e+04 2.2733e+03 -2.8054e+00 5.1073e+03
-4.4734e+06 3.7268e+01 2.0393e+04 2.1184e+03 1.1766e+00 4.7995e+03
-4.4768e+06 3.7126e+01 2.0426e+04 1.9599e+03 3.0937e-01 4.4928e+03
-4.4910e+06 3.6988e+01 2.0457e+04 1.7979e+03 -1.2141e+00 4.1873e+03
-4.5103e+06 3.6851e+01 2.0486e+04 1.6324e+03 -9.4493e-01 3.8830e+03
-4.5218e+06 3.6717e+01 2.0512e+04 1.4635e+03 -1.2564e+00 3.5772e+03
-4.5323e+06 3.6583e+01 2.0537e+04 1.2913e+03 -7.2801e-02 3.2770e+03
-4.5268e+06 3.6452e+01 2.0558e+04 1.1158e+03 3.2157e+00 2.9608e+03
-4.5389e+06 3.6355e+01 2.0578e+04 9.3707e+02 1.4106e+00 2.6728e+03
-4.3056e+06 4.3134e+01 1.9000e+04 4.9756e+03 2.8331e-01 1.2700e+04
-4.3278e+06 4.2833e+01 1.9067e+04 4.9133e+03 -3.7353e+00 1.2403e+04
-4.3388e+06 4.2407e+01 1.9133e+04 4.8471e+03 -2.3802e+00 1.2085e+04
-4.3529e+06 4.1807e+01 1.9199e+04 4.7771e+03 -9.7126e-01 1.1778e+04
-4.3644e+06 4.1120e+01 1.9264e+04 4.7032e+03 -1.7659e+00 1.1469e+04
-4.3733e+06 4.0459e+01 1.9328e+04 4.6254e+03 -1.1515e+00 1.1159e+04
-4.3643e+06 3.9931e+01 1.9392e+04 4.5437e+03 -7.1599e-01 1.0848e+04
-4.3550e+06 3.9568e+01 1.9454e+04 4.4580e+03 -6.8964e-01 1.0537e+04
-4.3472e+06 3.9326e+01 1.9516e+04 4.3684e+03 -9.8679e-01 1.0225e+04
-4.3477e+06 3.9151e+01 1.9577e+04 4.2748e+03 -5.5246e-02 9.9127e+03
-4.3525e+06 3.9006e+01 1.9637e+04 4.1771e+03 9.4650e-02 9.6000e+03
-4.3790e+06 3.8887e+01 1.9696e+04 4.0755e+03 -2.8159e+00 9.2870e+03
-4.3823e+06 3.8808e+01 1.9754e+04 3.9698e+03 -2.6375e+00 8.9739e+03
-4.3643e+06 3.8755e+01 1.9810e+04 3.8601e+03 8.1827e-02 8.6606e+03
-4.3575e+06 3.8706e+01 1.9866e+04 3.7464e+03 7.2899e-03 8.3472e+03
-4.3637e+06 3.8642e+01 1.9920e+04 3.6286e+03 -3.6131e-01 8.0340e+03
-4.3712e+06 3.8546e+01 1.9972e+04 3.5068e+03 -3.0209e-02 7.7209e+03
-4.3833e+06 3.8412e+01 2.0024e+04 3.3810e+03 -1.2833e-01 7.4079e+03
-4.3960e+06 3.8255e+01 2.0073e+04 3.2513e+03 -3.7438e-01 7.0952e+03
-4.4093e+06 3.8092e+01 2.0122e+04 3.1175e+03 -5.2705e-01 6.7829e+03
-4.4217e+06 3.7934e+01 2.0168e+04 2.9798e+03 -3.9119e-01 6.4712e+03
-4.4362e+06 3.7779e+01 2.0213e+04 2.8382e+03 9.6914e-01 6.1599e+03
-4.4618e+06 3.7627e+01 2.0256e+04 2.6927e+03 2.1913e+00 5.8492e+03
-4.5038e+06 3.7479e+01 2.0297e+04 2.5433e+03 2.7194e-01 5.5392e+03
-4.5197e+06 3.7332e+01 2.0336e+04 2.3901e+03 -1.5640e-01 5.2299e+03
-4.5074e+06 3.7187e+01 2.0373e+04 2.2332e+03 1.7231e+00 4.9214e+03
-4.5115e+06 3.7045e+01 2.0408e+04 2.0726e+03 5.6169e-01 4.6140e+03
-4.5271e+06 3.6908e+01 2.0441e+04 1.9084e+03 -9.8838e-01 4.3077e+03
-4.5412e+06 3.6772e+01 2.0471e+04 1.7405e+03 -8.1672e-01 4.0028e+03
-4.5541e+06 3.6638e+01 2.0499e+04 1.5692e+03 -1.0725e+00 3.6961e+03
-4.5592e+06 3.6504e+01 2.0525e+04 1.3944e+03 1.5118e-01 3.3951e+03
-4.5600e+06 3.6385e+01 2.0548e+04 1.2162e+03 3.3249e+00 3.0782e+03
-4.5753e+06 3.6322e+01 2.0569e+04 1.0348e+03 8.0562e-01 2.7896e+03
-4.3271e+06 4.2980e+01 1.8940e+04 5.1175e+03 8.2791e-01 1.2835e+04
-4.3464e+06 4.2668e+01 1.9008e+04 5.0550e+03 -3.2896e+00 1.2538e+04
-4.3737e+06 4.2142e+01 1.9075e+04 4.9887e+03 -1.9792e+00 1.2220e+04
-4.3926e+06 4.1382e+01 1.9142e+04 4.9185e+03 -1.1315e+00 1.1913e+04
-4.4228e+06 4.0631e+01 1.9209e+04 4.8444e+03 -2.6707e+00 1.1603e+04
-4.4315e+06 4.0047e+01 1.9274e+04 4.7663e+03 -1.7444e+00 1.1293e+04
-4.4340e+06 3.9651e+01 1.9339e+04 4.6842e+03 1.0499e-01 1.0981e+04
-4.4366e+06 3.9395e+01 1.9404e+04 4.5981e+03 8.7048e-02 1.0670e+04
-4.4382e+06 3.9198e+01 1.9467e+04 4.5080e+03 -5.1460e-01 1.0357e+04
-4.4195e+06 3.9035e+01 1.9529e+04 4.4138e+03 4.9594e-01 1.0044e+04
-4.4203e+06 3.8913e+01 1.9591e+04 4.3155e+03 -2.7829e-01 9.7311e+03
-4.4384e+06 3.8829e+01 1.9651e+04 4.2131e+03 -3.5963e+00 9.4174e+03
-4.4384e+06 3.8772e+01 1.9711e+04 4.1066e+03 -3.2891e+00 9.1037e+03
-4.4138e+06 3.8726e+01 1.9769e+04 3.9960e+03 -1.2589e-01 8.7899e+03
-4.4085e+06 3.8676e+01 1.9826e+04 3.8812e+03 3.6506e-01 8.4760e+03
-4.4128e+06 3.8601e+01 1.9882e+04 3.7624e+03 -2.0641e-01 8.1621e+03
-4.4211e+06 3.8482e+01 1.9936e+04 3.6395e+03 -4.0718e-01 7.8484e+03
-4.4295e+06 3.8329e+01 1.9989e+04 3.5124e+03 -7.4172e-01 7.5348e+03
-4.4408e+06 3.8166e+01 2.0041e+04 3.3813e+03 -9.0678e-01 7.2215e+03
-4.4514e+06 3.8004e+01 2.0091e+04 3.2461e+03 -9.6447e-01 6.9086e+03
-4.4633e+06 3.7847e+01 2.0139e+04 3.1068e+03 -6.7695e-01 6.5962e+03
-4.4772e+06 3.7693e+01 2.0185e+04 2.9636e+03 5.7496e-01 6.2841e+03
-4.5116e+06 3.7544e+01 2.0230e+04 2.8163e+03 -6.3271e-01 5.9726e+03
-4.5658e+06 3.7400e+01 2.0273e+04 2.6652e+03 -5.9362e+00 5.6621e+03
-4.5826e+06 3.7254e+01 2.0314e+04 2.5101e+03 -6.1326e+00 5.3522e+03
-4.5572e+06 3.7106e+01 2.0352e+04 2.3511e+03 -6.4393e-01 5.0430e+03
-4.5482e+06 3.6964e+01 2.0389e+04 2.1884e+03 7.3985e-01 4.7348e+03
-4.5593e+06 3.6828e+01 2.0423e+04 2.0219e+03 -7.9526e-01 4.4278e+03
-4.5711e+06 3.6693e+01 2.0455e+04 1.8517e+03 -8.5672e-01 4.1223e+03
-4.5848e+06 3.6560e+01 2.0485e+04 1.6779e+03 -1.3171e+00 3.8150e+03
-4.5894e+06 3.6433e+01 2.0513e+04 1.5006e+03 1.7124e-02 3.5131e+03
-4.5976e+06 3.6341e+01 2.0537e+04 1.3197e+03 2.5097e+00 3.1955e+03
-4.6334e+06 3.6310e+01 2.0560e+04 1.1356e+03 -3.7317e+00 2.9063e+03
-4.3382e+06 4.2840e+01 1.8877e+04 5.2616e+03 1.8539e+00 1.2971e+04
-4.3710e+06 4.2465e+01 1.8947e+04 5.1991e+03 -2.3106e+00 1.2673e+04
-4.3968e+06 4.1764e+01 1.9015e+04 5.1327e+03 -1.4873e+00 1.2355e+04
-4.4369e+06 4.0862e+01 1.9084e+04 5.0624e+03 -1.3443e+00 1.2047e+04
-4.4621e+06 4.0159e+01 1.9152e+04 4.9881e+03 -3.0002e+00 1.1736e+04
-4.4804e+06 3.9738e+01 1.9219e+04 4.9097e+03 -1.3308e+00 1.1425e+04
-4.5005e+06 3.9461e+01 1.9285e+04 4.8273e+03 -5.5555e-01 1.1114e+04
-4.5619e+06 3.9249e+01 1.9351e+04 4.7408e+03 -4.1620e+00 1.0801e+04
-4.5514e+06 3.9070e+01 1.9416e+04 4.6501e+03 -4.0431e+00 1.0488e+04
-4.4944e+06 3.8933e+01 1.9480e+04 4.5554e+03 5.5861e-02 1.0175e+04
-4.4676e+06 3.8845e+01 1.9543e+04 4.4565e+03 1.6400e-01 9.8614e+03
-4.4743e+06 3.8788e+01 1.9605e+04 4.3534e+03 -1.1680e+00 9.5473e+03
-4.4651e+06 3.8744e+01 1.9666e+04 4.2461e+03 -9.3936e-01 9.2330e+03
-4.4621e+06 3.8700e+01 1.9726e+04 4.1346e+03 -2.1008e-01 8.9186e+03
-4.4550e+06 3.8643e+01 1.9785e+04 4.0190e+03 -9.2218e-02 8.6042e+03
-4.4627e+06 3.8548e+01 1.9842e+04 3.8991e+03 -3.0485e-01 8.2896e+03
-4.4652e+06 3.8408e+01 1.9898e+04 3.7750e+03 -5.9702e-01 7.9753e+03
-4.4778e+06 3.8243e+01 1.9953e+04 3.6467e+03 -8.8997e-01 7.6612e+03
-4.4818e+06 3.8078e+01 2.0006e+04 3.5143e+03 -8.7417e-01 7.3473e+03
-4.4949e+06 3.7918e+01 2.0058e+04 3.3777e+03 -7.9036e-01 7.0338e+03
-4.5007e+06 3.7762e+01 2.0108e+04 3.2369e+03 -4.9386e-01 6.7206e+03
-4.5184e+06 3.7608e+01 2.0156e+04 3.0921e+03 6.8309e-01 6.4081e+03
-4.5504e+06 3.7460e+01 2.0203e+04 2.9431e+03 -8.8148e-01 6.0962e+03
-4.6084e+06 3.7317e+01 2.0247e+04 2.7901e+03 -6.6041e+00 5.7848e+03
-4.6161e+06 3.7172e+01 2.0290e+04 2.6331e+03 -6.7835e+00 5.4742e+03
-4.5910e+06 3.7025e+01 2.0330e+04 2.4721e+03 -1.0511e+00 5.1641e+03
-4.5787e+06 3.6884e+01 2.0369e+04 2.3073e+03 6.1136e-01 4.8553e+03
-4.5929e+06 3.6748e+01 2.0405e+04 2.1385e+03 -6.9513e-01 4.5478e+03
-4.6012e+06 3.6614e+01 2.0439e+04 1.9660e+03 -6.7552e-01 4.2417e+03
-4.6177e+06 3.6484e+01 2.0470e+04 1.7898e+03 -1.0991e+00 3.9337e+03
-4.6185e+06 3.6376e+01 2.0499e+04 1.6099e+03 2.9093e-01 3.6311e+03
-4.6270e+06 3.6319e+01 2.0526e+04 1.4264e+03 3.3479e+00 3.3128e+03
-4.6507e+06 3.6307e+01 2.0549e+04 1.2394e+03 -2.7066e+00 3.0229e+03
-4.3649e+06 4.2704e+01 1.8813e+04 5.4079e+03 1.5024e+00 1.3105e+04
-4.3965e+06 4.2204e+01 1.8883e+04 5.3455e+03 -1.6190e+00 1.2807e+04
-4.4424e+06 4.1323e+01 1.8953e+04 5.2791e+03 -1.0793e+00 1.2488e+04
-4.4784e+06 4.0378e+01 1.9023e+04 5.2086e+03 -1.4248e+00 1.2180e+04
-4.5003e+06 3.9800e+01 1.9092e+04 5.1341e+03 -1.4108e+00 1.1869e+04
-4.5142e+06 3.9523e+01 1.9161e+04 5.0556e+03 6.2501e-01 1.1557e+04
-4.5735e+06 3.9308e+01 1.9229e+04 4.9729e+03 -1.7669e+00 1.1245e+04
-4.6400e+06 3.9109e+01 1.9296e+04 4.8860e+03 -6.5091e+00 1.0932e+04
-4.6147e+06 3.8956e+01 1.9363e+04 4.7950e+03 -4.2671e+00 1.0619e+04
-4.5445e+06 3.8861e+01 1.9428e+04 4.6997e+03 4.2231e-01 1.0305e+04
-4.5214e+06 3.8807e+01 1.9493e+04 4.6002e+03 4.1167e-01 9.9908e+03
-4.5157e+06 3.8764e+01 1.9557e+04 4.4965e+03 -1.7278e-01 9.6762e+03
-4.5123e+06 3.8721e+01 1.9620e+04 4.3885e+03 -7.1541e-02 9.3615e+03
-4.5109e+06 3.8670e+01 1.9681e+04 4.2762e+03 -1.6571e-01 9.0465e+03
-4.5128e+06 3.8593e+01 1.9742e+04 4.1596e+03 -3.7807e-02 8.7315e+03
-4.5167e+06 3.8475e+01 1.9801e+04 4.0387e+03 1.2138e-02 8.4165e+03
-4.5222e+06 3.8321e+01 1.9859e+04 3.9135e+03 -1.0397e-01 8.1016e+03
-4.5278e+06 3.8155e+01 1.9915e+04 3.7841e+03 -1.8760e-01 7.7869e+03
-4.5344e+06 3.7992e+01 1.9970e+04 3.6504e+03 -8.0190e-02 7.4724e+03
-4.5421e+06 3.7833e+01 2.0024e+04 3.5124e+03 7.0953e-02 7.1583e+03
-4.5515e+06 3.7678e+01 2.0076e+04 3.3702e+03 2.6814e-01 6.8447e+03
-4.5629e+06 3.7525e+01 2.0126e+04 3.2237e+03 1.2210e+00 6.5315e+03
-4.5827e+06 3.7376e+01 2.0174e+04 3.0731e+03 1.6744e+00 6.2188e+03
-4.6081e+06 3.7231e+01 2.0220e+04 2.9183e+03 2.3312e-01 5.9069e+03
-4.6187e+06 3.7087e+01 2.0265e+04 2.7594e+03 -4.7508e-02 5.5959e+03
-4.6172e+06 3.6944e+01 2.0307e+04 2.5964e+03 1.1230e+00 5.2853e+03
-4.6219e+06 3.6806e+01 2.0347e+04 2.4294e+03 7.9048e-01 4.9756e+03
-4.6321e+06 3.6670e+01 2.0385e+04 2.2584e+03 -1.3371e-02 4.6675e+03
-4.6414e+06 3.6537e+01 2.0421e+04 2.0835e+03 1.1561e-01 4.3605e+03
-4.6564e+06 3.6416e+01 2.0454e+04 1.9048e+03 -6.9538e-01 4.0518e+03
-4.6641e+06 3.6338e+01 2.0485e+04 1.7224e+03 -1.9810e-01 3.7486e+03
-4.6529e+06 3.6310e+01 2.0513e+04 1.5362e+03 3.5301e+00 3.4298e+03
-4.6456e+06 3.6307e+01 2.0538e+04 1.3465e+03 1.7506e+00 3.1395e+03
-4.3704e+06 4.2595e+01 1.8746e+04 5.5565e+03 1.5400e+00 1.3238e+04
-4.4221e+06 4.2004e+01 1.8818e+04 5.4941e+03 -1.6013e+00 1.2940e+04
-4.4673e+06 4.1021e+01 1.8889e+04 5.4277e+03 -1.9533e+00 1.2620e+04
-4.5113e+06 4.0100e+01 1.8961e+04 5.3573e+03 -2.2639e+00 1.2311e+04
-4.5259e+06 3.9601e+01 1.9031e+04 5.2827e+03 -1.7108e+00 1.2000e+04
-4.5458e+06 3.9359e+01 1.9101e+04 5.2039e+03 2.7451e-02 1.1688e+04
-4.5890e+06 3.9161e+01 1.9171e+04 5.1210e+03 -1.9921e+00 1.1376e+04
-4.6186e+06 3.8991e+01 1.9240e+04 5.0338e+03 -3.3864e+00 1.1062e+04
-4.5885e+06 3.8881e+01 1.9308e+04 4.9424e+03 -1.1177e+00 1.0749e+04
-4.5661e+06 3.8822e+01 1.9375e+04 4.8467e+03 -9.5314e-02 1.0434e+04
-4.5558e+06 3.8782e+01 1.9441e+04 4.7467e+03 -9.0809e-01 1.0120e+04
-4.5552e+06 3.8741e+01 1.9507e+04 4.6423e+03 -1.2335e+00 9.8044e+03
-4.5502e+06 3.8695e+01 1.9571e+04 4.5336e+03 -1.2672e+00 9.4891e+03
-4.5525e+06 3.8632e+01 1.9635e+04 4.4206e+03 -1.3364e+00 9.1736e+03
-4.5518e+06 3.8533e+01 1.9697e+04 4.3031e+03 -1.2601e+00 8.8581e+03
-4.5579e+06 3.8393e+01 1.9758e+04 4.1813e+03 -1.1596e+00 8.5427e+03
-4.5615e+06 3.8232e+01 1.9818e+04 4.0551e+03 -1.0719e+00 8.2272e+03
-4.5697e+06 3.8068e+01 1.9876e+04 3.9245e+03 -9.9208e-01 7.9120e+03
-4.5745e+06 3.7907e+01 1.9933e+04 3.7895e+03 -9.0308e-01 7.5969e+03
-4.5832e+06 3.7750e+01 1.9988e+04 3.6502e+03 -7.0539e-01 7.2822e+03
-4.5904e+06 3.7595e+01 2.0042e+04 3.5065e+03 -5.8130e-01 6.9680e+03
-4.6013e+06 3.7443e+01 2.0094e+04 3.3585e+03 -1.8833e-01 6.6542e+03
-4.6117e+06 3.7294e+01 2.0144e+04 3.2062e+03 5.2049e-01 6.3409e+03
-4.6239e+06 3.7148e+01 2.0192e+04 3.0496e+03 9.6635e-01 6.0284e+03
-4.6342e+06 3.7005e+01 2.0238e+04 2.8889e+03 8.5916e-01 5.7168e+03
-4.6451e+06 3.6865e+01 2.0282e+04 2.7239e+03 2.7243e-01 5.4057e+03
-4.6569e+06 3.6728e+01 2.0324e+04 2.5548e+03 -3.8957e-01 5.0954e+03
-4.6668e+06 3.6594e+01 2.0364e+04 2.3816e+03 -7.2554e-01 4.7866e+03
-4.6770e+06 3.6465e+01 2.0402e+04 2.2044e+03 -6.4942e-01 4.4788e+03
-4.6880e+06 3.6366e+01 2.0437e+04 2.0232e+03 -1.6879e+00 4.1693e+03
-4.6908e+06 3.6321e+01 2.0469e+04 1.8382e+03 -1.8588e+00 3.8659e+03
-4.6727e+06 3.6311e+01 2.0499e+04 1.6493e+03 1.9167e+00 3.5465e+03
-4.6496e+06 3.6309e+01 2.0526e+04 1.4568e+03 1.8677e+00 3.2561e+03
-4.3814e+06 4.2439e+01 1.8677e+04 5.7073e+03 2.7712e+00 1.3370e+04
-4.4243e+06 4.1731e+01 1.8750e+04 5.6451e+03 -1.0506e+00 1.3071e+04
-4.4810e+06 4.0704e+01 1.8823e+04 5.5787e+03 -6.0629e-02 1.2752e+04
-4.5159e+06 3.9864e+01 1.8896e+04 5.5083e+03 2.0557e-01 1.2442e+04
-4.5434e+06 3.9436e+01 1.8968e+04 5.4336e+03 -7.1495e-01 1.2131e+04
-4.5527e+06 3.9213e+01 1.9040e+04 5.3548e+03 4.2633e-01 1.1819e+04
-4.5719e+06 3.9039e+01 1.9111e+04 5.2717e+03 4.1490e-01 1.1506e+04
-4.5725e+06 3.8912e+01 1.9181e+04 5.1842e+03 4.3879e-01 1.1192e+04
-4.5709e+06 3.8838e+01 1.9251e+04 5.0925e+03 8.5974e-01 1.0878e+04
-4.5632e+06 3.8793e+01 1.9319e+04 4.9964e+03 5.8403e-01 1.0563e+04
-4.5649e+06 3.8754e+01 1.9387e+04 4.8959e+03 4.3168e-01 1.0248e+04
-4.5582e+06 3.8713e+01 1.9455e+04 4.7910e+03 5.3433e-01 9.9321e+03
-4.5617e+06 3.8666e+01 1.9521e+04 4.6817e+03 5.3724e-01 9.6164e+03
-4.5589e+06 3.8588e+01 1.9586e+04 4.5679e+03 4.5985e-01 9.3004e+03
-4.5680e+06 3.8461e+01 1.9650e+04 4.4496e+03 5.1736e-01 8.9843e+03
-4.5699e+06 3.8301e+01 1.9713e+04 4.3269e+03 6.2914e-01 8.6683e+03
-4.5805e+06 3.8137e+01 1.9774e+04 4.1997e+03 6.6748e-01 8.3525e+03
-4.5826e+06 3.7977e+01 1.9834e+04 4.0680e+03 6.6081e-01 8.0367e+03
-4.5938e+06 3.7818e+01 1.9893e+04 3.9318e+03 6.4991e-01 7.7211e+03
-4.5973e+06 3.7662e+01 1.9950e+04 3.7912e+03 7.5951e-01 7.4058e+03
-4.6105e+06 3.7508e+01 2.0006e+04 3.6461e+03 8.1245e-01 7.0910e+03
-4.6157e+06 3.7358e+01 2.0060e+04 3.4965e+03 8.6470e-01 6.7768e+03
-4.6300e+06 3.7210e+01 2.0112e+04 3.3426e+03 9.0379e-01 6.4630e+03
-4.6360e+06 3.7065e+01 2.0162e+04 3.1843e+03 9.7409e-01 6.1499e+03
-4.6516e+06 3.6923e+01 2.0210e+04 3.0217e+03 9.3424e-01 5.8375e+03
-4.6595e+06 3.6783e+01 2.0256e+04 2.8547e+03 8.3176e-01 5.5259e+03
-4.6748e+06 3.6647e+01 2.0300e+04 2.6835e+03 6.2271e-01 5.2151e+03
-4.6798e+06 3.6515e+01 2.0342e+04 2.5081e+03 4.3084e-01 4.9056e+03
-4.6909e+06 3.6401e+01 2.0381e+04 2.3285e+03 5.6334e-01 4.5971e+03
-4.6937e+06 3.6333e+01 2.0418e+04 2.1449e+03 3.9562e-01 4.2873e+03
-4.6947e+06 3.6313e+01 2.0453e+04 1.9573e+03 1.6148e+00 3.9834e+03
-4.6741e+06 3.6311e+01 2.0484e+04 1.7658e+03 4.5029e+00 3.6637e+03
-4.6717e+06 3.6310e+01 2.0513e+04 1.5704e+03 1.5900e+00 3.3723e+03
-4.3852e+06 4.1997e+01 1.8606e+04 5.8603e+03 8.0683e-01 1.3500e+04
-4.4611e+06 4.1096e+01 1.8681e+04 5.7983e+03 -5.7742e+00 1.3204e+04
-4.5178e+06 4.0167e+01 1.8755e+04 5.7320e+03 -5.2427e+00 1.2881e+04
-4.5493e+06 3.9564e+01 1.8829e+04 5.6616e+03 -3.9501e+00 1.2572e+04
-4.5717e+06 3.9267e+01 1.8902e+04 5.5870e+03 -5.3553e+00 1.2261e+04
-4.5819e+06 3.9087e+01 1.8976e+04 5.5081e+03 -4.8860e+00 1.1948e+04
-4.5839e+06 3.8951e+01 1.9048e+04 5.4249e+03 -4.8179e+00 1.1635e+04
-4.5869e+06 3.8859e+01 1.9120e+04 5.3373e+03 -5.0284e+00 1.1321e+04
-4.5848e+06 3.8804e+01 1.9191e+04 5.2452e+03 -5.1957e+00 1.1006e+04
-4.5845e+06 3.8764e+01 1.9262e+04 5.1488e+03 -5.1113e+00 1.0691e+04
-4.5823e+06 3.8726e+01 1.9332e+04 5.0479e+03 -4.9429e+00 1.0375e+04
-4.5826e+06 3.8686e+01 1.9400e+04 4.9425e+03 -4.8686e+00 1.0059e+04
-4.5822e+06 3.8630e+01 1.9468e+04 4.8326e+03 -4.8895e+00 9.7429e+03
-4.5862e+06 3.8530e+01 1.9535e+04 4.7181e+03 -5.0308e+00 9.4266e+03
-4.5906e+06 3.8378e+01 1.9601e+04 4.5991e+03 -5.1315e+00 9.1100e+03
-4.5983e+06 3.8204e+01 1.9666e+04 4.4755e+03 -5.2119e+00 8.7935e+03
-4.6054e+06 3.8040e+01 1.9729e+04 4.3473e+03 -5.3642e+00 8.4771e+03
-4.6139e+06 3.7886e+01 1.9791e+04 4.2146e+03 -5.6045e+00 8.1610e+03
-4.6218e+06 3.7731e+01 1.9852e+04 4.0772e+03 -5.8731e+00 7.8449e+03
-4.6305e+06 3.7576e+01 1.9911e+04 3.9353e+03 -6.0323e+00 7.5292e+03
-4.6392e+06 3.7423e+01 1.9968e+04 3.7889e+03 -6.1676e+00 7.2139e+03
-4.6491e+06 3.7274e+01 2.0024e+04 3.6379e+03 -6.2999e+00 6.8991e+03
-4.6608e+06 3.7128e+01 2.0078e+04 3.4823e+03 -6.5094e+00 6.5848e+03
-4.6714e+06 3.6984e+01 2.0130e+04 3.3223e+03 -6.6535e+00 6.2712e+03
-4.6830e+06 3.6842e+01 2.0181e+04 3.1578e+03 -6.8244e+00 5.9582e+03
-4.6928e+06 3.6704e+01 2.0229e+04 2.9889e+03 -6.8976e+00 5.6461e+03
-4.7055e+06 3.6568e+01 2.0275e+04 2.8156e+03 -6.9001e+00 5.3348e+03
-4.7117e+06 3.6442e+01 2.0318e+04 2.6380e+03 -6.0478e+00 5.0245e+03
-4.7233e+06 3.6353e+01 2.0360e+04 2.4562e+03 -4.8663e+00 4.7155e+03
-4.7310e+06 3.6318e+01 2.0398e+04 2.2701e+03 -5.1002e+00 4.4053e+03
-4.7316e+06 3.6314e+01 2.0435e+04 2.0799e+03 -3.9488e+00 4.1026e+03
-4.7096e+06 3.6312e+01 2.0468e+04 1.8857e+03 4.2953e-01 3.7785e+03
-4.6819e+06 3.6311e+01 2.0499e+04 1.6875e+03 -1.7517e+00 3.4865e+03
-4.4514e+06 4.1383e+01 1.8533e+04 6.0155e+03 1.1150e+00 1.3630e+04
-4.5055e+06 4.0373e+01 1.8609e+04 5.9537e+03 -7.9804e+00 1.3328e+04
-4.5592e+06 3.9666e+01 1.8684e+04 5.8876e+03 -1.2755e+01 1.3010e+04
-4.5772e+06 3.9326e+01 1.8760e+04 5.8174e+03 -9.9202e+00 1.2700e+04
-4.5945e+06 3.9136e+01 1.8835e+04 5.7428e+03 -1.0118e+01 1.2388e+04
-4.5964e+06 3.8990e+01 1.8909e+04 5.6639e+03 -1.0057e+01 1.2075e+04
-4.6031e+06 3.8886e+01 1.8983e+04 5.5806e+03 -1.0025e+01 1.1761e+04
-4.5974e+06 3.8821e+01 1.9057e+04 5.4928e+03 -1.0258e+01 1.1447e+04
-4.5992e+06 3.8777e+01 1.9130e+04 5.4006e+03 -1.0288e+01 1.1132e+04
-4.5928e+06 3.8740e+01 1.9202e+04 5.3039e+03 -1.0320e+01 1.0816e+04
-4.5945e+06 3.8702e+01 1.9273e+04 5.2026e+03 -1.0358e+01 1.0500e+04
-4.5903e+06 3.8654e+01 1.9344e+04 5.0968e+03 -1.0377e+01 1.0184e+04
-4.5955e+06 3.8577e+01 1.9414e+04 4.9863e+03 -1.0382e+01 9.8671e+03
-4.5961e+06 3.8453e+01 1.9482e+04 4.8713e+03 -1.0599e+01 9.5504e+03
-4.6059e+06 3.8290e+01 1.9550e+04 4.7515e+03 -1.0888e+01 9.2335e+03
-4.6103e+06 3.8115e+01 1.9617e+04 4.6271e+03 -1.1093e+01 8.9166e+03
-4.6207e+06 3.7951e+01 1.9682e+04 4.4981e+03 -1.1203e+01 8.5997e+03
-4.6254e+06 3.7798e+01 1.9746e+04 4.3643e+03 -1.1317e+01 8.2831e+03
-4.6360e+06 3.7646e+01 1.9808e+04 4.2259e+03 -1.1518e+01 7.9666e+03
-4.6414e+06 3.7492e+01 1.9869e+04 4.0827e+03 -1.1583e+01 7.6503e+03
-4.6521e+06 3.7341e+01 1.9929e+04 3.9349e+03 -1.1542e+01 7.3346e+03
-4.6601e+06 3.7193e+01 1.9987e+04 3.7825e+03 -1.1647e+01 7.0193e+03
-4.6727e+06 3.7047e+01 2.0043e+04 3.6254e+03 -1.1788e+01 6.7045e+03
-4.6819e+06 3.6904e+01 2.0097e+04 3.4637e+03 -1.1813e+01 6.3904e+03
-4.6945e+06 3.6764e+01 2.0149e+04 3.2974e+03 -1.1970e+01 6.0770e+03
-4.7043e+06 3.6627e+01 2.0199e+04 3.1266e+03 -1.2076e+01 5.7644e+03
-4.7147e+06 3.6494e+01 2.0247e+04 2.9513e+03 -1.1302e+01 5.4526e+03
-4.7299e+06 3.6385e+01 2.0293e+04 2.7715e+03 -1.0326e+01 5.1416e+03
-4.7598e+06 3.6330e+01 2.0336e+04 2.5873e+03 -1.1785e+01 4.8321e+03
-4.7859e+06 3.6319e+01 2.0377e+04 2.3988e+03 -1.4232e+01 4.5219e+03
-4.7681e+06 3.6319e+01 2.0415e+04 2.2060e+03 -1.3325e+01 4.2163e+03
-4.7302e+06 3.6315e+01 2.0451e+04 2.0091e+03 -5.4746e+00 3.9001e+03
-4.7207e+06 3.6313e+01 2.0484e+04 1.8080e+03 -1.0202e+00 3.6026e+03
-4.4559e+06 4.0993e+01 1.8457e+04 6.1729e+03 7.4470e-02 1.3760e+04
-4.5234e+06 3.9987e+01 1.8534e+04 6.1113e+03 -1.6122e+00 1.3449e+04
-4.5512e+06 3.9415e+01 1.8611e+04 6.0455e+03 -1.3479e+00 1.3143e+04
-4.5742e+06 3.9177e+01 1.8688e+04 5.9754e+03 8.6260e-01 1.2829e+04
-4.5760e+06 3.9022e+01 1.8765e+04 5.9010e+03 1.4419e+00 1.2517e+04
-4.5852e+06 3.8905e+01 1.8841e+04 5.8221e+03 1.5806e+00 1.2204e+04
-4.5789e+06 3.8834e+01 1.8916e+04 5.7388e+03 1.7264e+00 1.1889e+04
-4.5800e+06 3.8788e+01 1.8991e+04 5.6510e+03 1.7626e+00 1.1575e+04
-4.5705e+06 3.8750e+01 1.9066e+04 5.5587e+03 1.9094e+00 1.1259e+04
-4.5717e+06 3.8712e+01 1.9140e+04 5.4617e+03 1.9633e+00 1.0944e+04
-4.5656e+06 3.8669e+01 1.9213e+04 5.3602e+03 1.9041e+00 1.0627e+04
-4.5700e+06 3.8606e+01 1.9285e+04 5.2539e+03 1.9918e+00 1.0310e+04
-4.5668e+06 3.8504e+01 1.9357e+04 5.1430e+03 2.2092e+00 9.9933e+03
-4.5754e+06 3.8361e+01 1.9427e+04 5.0274e+03 2.1766e+00 9.6761e+03
-4.5752e+06 3.8195e+01 1.9497e+04 4.9070e+03 2.0582e+00 9.3588e+03
-4.5866e+06 3.8024e+01 1.9565e+04 4.7818e+03 2.0037e+00 9.0416e+03
-4.5890e+06 3.7860e+01 1.9632e+04 4.6519e+03 2.0514e+00 8.7243e+03
-4.6021e+06 3.7704e+01 1.9698e+04 4.5172e+03 2.2657e+00 8.4072e+03
-4.6049e+06 3.7552e+01 1.9763e+04 4.3777e+03 2.3550e+00 8.0902e+03
-4.6181e+06 3.7399e+01 1.9826e+04 4.2334e+03 2.5131e+00 7.7736e+03
-4.6211e+06 3.7249e+01 1.9888e+04 4.0844e+03 2.7521e+00 7.4574e+03
-4.6361e+06 3.7102e+01 1.9947e+04 3.9305e+03 2.8407e+00 7.1417e+03
-4.6421e+06 3.6958e+01 2.0006e+04 3.7719e+03 2.8695e+00 6.8265e+03
-4.6581e+06 3.6816e+01 2.0062e+04 3.6086e+03 2.8687e+00 6.5118e+03
-4.6633e+06 3.6677e+01 2.0116e+04 3.4405e+03 2.7295e+00 6.1979e+03
-4.6783e+06 3.6541e+01 2.0168e+04 3.2678e+03 2.7214e+00 5.8848e+03
-4.6836e+06 3.6418e+01 2.0219e+04 3.0904e+03 4.0682e+00 5.5727e+03
-4.7222e+06 3.6339e+01 2.0266e+04 2.9085e+03 2.8468e+00 5.2614e+03
-4.7833e+06 3.6316e+01 2.0312e+04 2.7220e+03 -5.1487e+00 4.9510e+03
-4.8128e+06 3.6316e+01 2.0355e+04 2.5311e+03 -8.0198e+00 4.6408e+03
-4.7625e+06 3.6313e+01 2.0395e+04 2.3358e+03 -1.1520e+00 4.3302e+03
-4.7171e+06 3.6311e+01 2.0433e+04 2.1361e+03 2.5328e+00 4.0260e+03
-4.6981e+06 3.6313e+01 2.0467e+04 1.9322e+03 1.5115e+00 3.7194e+03
