  1    1089
-4.5587e+06 4.2930e+01 -5.0467e+03 1.1788e+04 1.2621e+00 2.1760e+04
-4.5462e+06 4.2707e+01 -5.0468e+03 1.1870e+04 -9.7017e-01 2.1573e+04
-4.5621e+06 4.2389e+01 -5.0469e+03 1.1951e+04 -1.0019e+00 2.1400e+04
-4.5522e+06 4.2001e+01 -5.0469e+03 1.2031e+04 -8.6692e-01 2.1220e+04
-4.5700e+06 4.1601e+01 -5.0470e+03 1.2110e+04 -1.1412e+00 2.1042e+04
-4.5332e+06 4.1297e+01 -5.0471e+03 1.2188e+04 2.3541e+00 2.0859e+04
-4.5322e+06 4.1130e+01 -5.0472e+03 1.2265e+04 6.4714e+00 2.0679e+04
-4.5473e+06 4.1040e+01 -5.0472e+03 1.2340e+04 4.2445e+00 2.0495e+04
-4.6183e+06 4.0965e+01 -5.0473e+03 1.2415e+04 -4.0584e-01 2.0314e+04
-4.6280e+06 4.0888e+01 -5.0474e+03 1.2489e+04 -1.4010e+00 2.0130e+04
-4.6488e+06 4.0812e+01 -5.0474e+03 1.2562e+04 -1.0129e+00 1.9950e+04
-4.6359e+06 4.0736e+01 -5.0475e+03 1.2634e+04 -1.1434e+00 1.9765e+04
-4.6599e+06 4.0650e+01 -5.0476e+03 1.2704e+04 -1.6566e+00 1.9585e+04
-4.6617e+06 4.0548e+01 -5.0476e+03 1.2774e+04 -3.0981e+00 1.9401e+04
-4.6841e+06 4.0449e+01 -5.0477e+03 1.2843e+04 -2.8655e+00 1.9219e+04
-4.6650e+06 4.0375e+01 -5.0477e+03 1.2911e+04 -1.1631e+00 1.9035e+04
-4.6794e+06 4.0322e+01 -5.0478e+03 1.2978e+04 -6.4261e-01 1.8854e+04
-4.6684e+06 4.0263e+01 -5.0478e+03 1.3043e+04 3.7178e-01 1.8670e+04
-4.7062e+06 4.0187e+01 -5.0479e+03 1.3108e+04 -5.9100e-01 1.8488e+04
-4.7541e+06 4.0109e+01 -5.0480e+03 1.3172e+04 -7.2943e+00 1.8305e+04
-4.7704e+06 4.0044e+01 -5.0480e+03 1.3235e+04 -6.7121e+00 1.8123e+04
-4.6932e+06 3.9993e+01 -5.0481e+03 1.3296e+04 1.9785e+00 1.7941e+04
-4.6756e+06 3.9939e+01 -5.0481e+03 1.3357e+04 2.7492e+00 1.7761e+04
-4.6635e+06 3.9868e+01 -5.0482e+03 1.3417e+04 -1.4347e-01 1.7580e+04
-4.6681e+06 3.9789e+01 -5.0482e+03 1.3476e+04 7.4093e-01 1.7400e+04
-4.6539e+06 3.9714e+01 -5.0483e+03 1.3534e+04 7.1880e-01 1.7219e+04
-4.6741e+06 3.9647e+01 -5.0483e+03 1.3591e+04 -7.4162e-01 1.7038e+04
-4.6704e+06 3.9582e+01 -5.0484e+03 1.3647e+04 -1.0274e+00 1.6856e+04
-4.6909e+06 3.9517e+01 -5.0484e+03 1.3702e+04 -1.4749e+00 1.6675e+04
-4.6826e+06 3.9450e+01 -5.0485e+03 1.3756e+04 -2.0772e+00 1.6495e+04
-4.6954e+06 3.9380e+01 -5.0485e+03 1.3810e+04 8.4282e-01 1.6317e+04
-4.6786e+06 3.9305e+01 -5.0486e+03 1.3862e+04 3.5140e+00 1.6139e+04
-4.7163e+06 3.9246e+01 -5.0486e+03 1.3913e+04 8.9480e-01 1.6005e+04
-4.5620e+06 4.2644e+01 -5.0324e+03 1.1852e+04 -1.5996e+00 2.1666e+04
-4.5740e+06 4.2465e+01 -5.0327e+03 1.1933e+04 -2.5064e+00 2.1478e+04
-4.5487e+06 4.2176e+01 -5.0329e+03 1.2013e+04 -2.7584e+00 2.1306e+04
-4.5944e+06 4.1742e+01 -5.0331e+03 1.2093e+04 -3.4271e+00 2.1124e+04
-4.5736e+06 4.1279e+01 -5.0334e+03 1.2171e+04 -3.0844e+00 2.0944e+04
-4.5793e+06 4.0975e+01 -5.0336e+03 1.2248e+04 4.1515e-01 2.0762e+04
-4.5386e+06 4.0851e+01 -5.0338e+03 1.2324e+04 4.5590e+00 2.0581e+04
-4.5919e+06 4.0795e+01 -5.0340e+03 1.2400e+04 2.7864e+00 2.0399e+04
-4.6159e+06 4.0733e+01 -5.0342e+03 1.2474e+04 -2.0857e+00 2.0218e+04
-4.6685e+06 4.0663e+01 -5.0345e+03 1.2547e+04 -3.7879e+00 2.0036e+04
-4.6512e+06 4.0597e+01 -5.0347e+03 1.2619e+04 -3.6799e+00 1.9854e+04
-4.6785e+06 4.0531e+01 -5.0349e+03 1.2691e+04 -3.4040e+00 1.9670e+04
-4.6670e+06 4.0449e+01 -5.0351e+03 1.2761e+04 -3.9965e+00 1.9488e+04
-4.7124e+06 4.0350e+01 -5.0353e+03 1.2830e+04 -6.0068e+00 1.9305e+04
-4.6993e+06 4.0252e+01 -5.0354e+03 1.2898e+04 -5.3467e+00 1.9122e+04
-4.7108e+06 4.0177e+01 -5.0356e+03 1.2965e+04 -2.8330e+00 1.8939e+04
-4.6873e+06 4.0118e+01 -5.0358e+03 1.3032e+04 -2.2747e+00 1.8757e+04
-4.7120e+06 4.0054e+01 -5.0360e+03 1.3097e+04 -2.1888e+00 1.8574e+04
-4.7192e+06 3.9979e+01 -5.0362e+03 1.3161e+04 -4.0680e+00 1.8392e+04
-4.7735e+06 3.9899e+01 -5.0364e+03 1.3224e+04 -7.8789e+00 1.8209e+04
-4.7321e+06 3.9825e+01 -5.0365e+03 1.3287e+04 -4.7007e+00 1.8026e+04
-4.7112e+06 3.9763e+01 -5.0367e+03 1.3348e+04 -4.9622e-01 1.7844e+04
-4.7053e+06 3.9709e+01 -5.0369e+03 1.3408e+04 -4.9523e+00 1.7662e+04
-4.7257e+06 3.9652e+01 -5.0370e+03 1.3467e+04 -5.9934e+00 1.7480e+04
-4.6836e+06 3.9588e+01 -5.0372e+03 1.3526e+04 -2.0690e+00 1.7298e+04
-4.6959e+06 3.9521e+01 -5.0373e+03 1.3583e+04 -2.0521e+00 1.7117e+04
-4.6849e+06 3.9452e+01 -5.0375e+03 1.3640e+04 -2.6947e+00 1.6937e+04
-4.7059e+06 3.9380e+01 -5.0376e+03 1.3695e+04 -2.7296e+00 1.6759e+04
-4.6895e+06 3.9305e+01 -5.0378e+03 1.3750e+04 -3.7767e+00 1.6579e+04
-4.7129e+06 3.9219e+01 -5.0379e+03 1.3803e+04 -4.5605e+00 1.6400e+04
-4.6983e+06 3.9114e+01 -5.0381e+03 1.3856e+04 -2.4562e+00 1.6219e+04
-4.7342e+06 3.8992e+01 -5.0382e+03 1.3908e+04 -2.0655e+00 1.6045e+04
-4.7338e+06 3.8965e+01 -5.0384e+03 1.3959e+04 -5.0883e+00 1.5896e+04
-4.5967e+06 4.2306e+01 -5.0176e+03 1.1915e+04 -9.1348e-01 2.1539e+04
-4.5625e+06 4.2089e+01 -5.0181e+03 1.1996e+04 5.8525e-02 2.1348e+04
-4.5922e+06 4.1763e+01 -5.0185e+03 1.2076e+04 3.5518e-01 2.1177e+04
-4.5884e+06 4.1311e+01 -5.0189e+03 1.2154e+04 -1.5170e+00 2.0995e+04
-4.6282e+06 4.0887e+01 -5.0193e+03 1.2232e+04 -1.6093e+00 2.0814e+04
-4.6001e+06 4.0662e+01 -5.0197e+03 1.2309e+04 6.7539e-01 2.0632e+04
-4.6220e+06 4.0596e+01 -5.0201e+03 1.2384e+04 2.1129e+00 2.0449e+04
-4.6238e+06 4.0555e+01 -5.0204e+03 1.2459e+04 5.8951e-01 2.0267e+04
-4.6752e+06 4.0492e+01 -5.0208e+03 1.2533e+04 -1.2231e+00 2.0084e+04
-4.6654e+06 4.0421e+01 -5.0212e+03 1.2605e+04 -1.1992e+00 1.9901e+04
-4.6912e+06 4.0357e+01 -5.0215e+03 1.2677e+04 -7.2835e-01 1.9717e+04
-4.6741e+06 4.0292e+01 -5.0219e+03 1.2748e+04 -2.2804e-01 1.9534e+04
-4.7073e+06 4.0219e+01 -5.0222e+03 1.2817e+04 -9.7126e-01 1.9350e+04
-4.7156e+06 4.0134e+01 -5.0225e+03 1.2886e+04 -3.8797e+00 1.9167e+04
-4.7424e+06 4.0049e+01 -5.0229e+03 1.2954e+04 -3.2876e+00 1.8983e+04
-4.7129e+06 3.9971e+01 -5.0232e+03 1.3020e+04 -2.8980e-02 1.8800e+04
-4.7237e+06 3.9901e+01 -5.0235e+03 1.3086e+04 5.9348e-01 1.8616e+04
-4.7097e+06 3.9832e+01 -5.0238e+03 1.3151e+04 8.5564e-01 1.8433e+04
-4.7418e+06 3.9758e+01 -5.0241e+03 1.3214e+04 -3.2830e-01 1.8250e+04
-4.7436e+06 3.9677e+01 -5.0244e+03 1.3277e+04 -3.3297e+00 1.8066e+04
-4.7394e+06 3.9594e+01 -5.0247e+03 1.3339e+04 -1.6504e+00 1.7883e+04
-4.7063e+06 3.9519e+01 -5.0250e+03 1.3399e+04 2.6413e-01 1.7701e+04
-4.7417e+06 3.9461e+01 -5.0253e+03 1.3459e+04 -3.7872e+00 1.7518e+04
-4.7295e+06 3.9415e+01 -5.0256e+03 1.3518e+04 -4.5857e+00 1.7336e+04
-4.7175e+06 3.9368e+01 -5.0258e+03 1.3576e+04 -9.7181e-01 1.7155e+04
-4.6980e+06 3.9313e+01 -5.0261e+03 1.3632e+04 -2.2073e-01 1.6973e+04
-4.7165e+06 3.9240e+01 -5.0264e+03 1.3688e+04 -7.1227e-01 1.6792e+04
-4.7122e+06 3.9142e+01 -5.0266e+03 1.3743e+04 -6.9647e-01 1.6611e+04
-4.7356e+06 3.9032e+01 -5.0269e+03 1.3797e+04 -1.2859e+00 1.6430e+04
-4.7255e+06 3.8914e+01 -5.0271e+03 1.3850e+04 -1.9191e+00 1.6250e+04
-4.7425e+06 3.8782e+01 -5.0274e+03 1.3902e+04 6.0683e-01 1.6070e+04
-4.7467e+06 3.8632e+01 -5.0276e+03 1.3954e+04 3.2370e-01 1.5899e+04
-4.7692e+06 3.8567e+01 -5.0279e+03 1.4004e+04 -3.3237e+00 1.5749e+04
-4.5802e+06 4.1964e+01 -5.0024e+03 1.1980e+04 -6.8544e-02 2.1410e+04
-4.6034e+06 4.1662e+01 -5.0030e+03 1.2060e+04 4.2703e-01 2.1219e+04
-4.5873e+06 4.1290e+01 -5.0036e+03 1.2139e+04 5.8259e-01 2.1047e+04
-4.6453e+06 4.0885e+01 -5.0042e+03 1.2217e+04 -9.1393e-01 2.0864e+04
-4.6390e+06 4.0572e+01 -5.0048e+03 1.2294e+04 -1.6137e+00 2.0682e+04
-4.6810e+06 4.0428e+01 -5.0054e+03 1.2370e+04 -1.3030e+00 2.0499e+04
-4.6642e+06 4.0375e+01 -5.0059e+03 1.2445e+04 -2.7835e-01 2.0316e+04
-4.6966e+06 4.0321e+01 -5.0064e+03 1.2519e+04 3.8140e-01 2.0132e+04
-4.6761e+06 4.0248e+01 -5.0070e+03 1.2592e+04 4.3962e-01 1.9949e+04
-4.7065e+06 4.0172e+01 -5.0075e+03 1.2664e+04 7.0780e-01 1.9765e+04
-4.6836e+06 4.0101e+01 -5.0080e+03 1.2735e+04 9.4220e-01 1.9581e+04
-4.7080e+06 4.0037e+01 -5.0085e+03 1.2805e+04 1.8116e+00 1.9397e+04
-4.6972e+06 3.9979e+01 -5.0090e+03 1.2874e+04 1.7381e+00 1.9213e+04
-4.7466e+06 3.9915e+01 -5.0095e+03 1.2942e+04 -9.5818e-01 1.9028e+04
-4.7369e+06 3.9838e+01 -5.0099e+03 1.3009e+04 -1.3217e+00 1.8844e+04
-4.7494e+06 3.9754e+01 -5.0104e+03 1.3075e+04 7.5065e-01 1.8660e+04
-4.7245e+06 3.9676e+01 -5.0109e+03 1.3140e+04 1.1939e+00 1.8476e+04
-4.7376e+06 3.9605e+01 -5.0113e+03 1.3204e+04 2.1262e+00 1.8292e+04
-4.7130e+06 3.9534e+01 -5.0118e+03 1.3268e+04 3.2202e+00 1.8108e+04
-4.7319e+06 3.9457e+01 -5.0122e+03 1.3330e+04 2.4032e+00 1.7924e+04
-4.7106e+06 3.9374e+01 -5.0126e+03 1.3391e+04 2.1963e+00 1.7741e+04
-4.7286e+06 3.9295e+01 -5.0130e+03 1.3451e+04 2.4589e+00 1.7557e+04
-4.7217e+06 3.9230e+01 -5.0134e+03 1.3510e+04 8.5869e-01 1.7374e+04
-4.7415e+06 3.9184e+01 -5.0138e+03 1.3568e+04 4.4330e-02 1.7192e+04
-4.7203e+06 3.9155e+01 -5.0142e+03 1.3625e+04 7.5468e-01 1.7009e+04
-4.7361e+06 3.9111e+01 -5.0146e+03 1.3682e+04 9.9649e-01 1.6827e+04
-4.7243e+06 3.9009e+01 -5.0150e+03 1.3737e+04 9.1883e-01 1.6645e+04
-4.7441e+06 3.8848e+01 -5.0154e+03 1.3791e+04 6.9573e-01 1.6464e+04
-4.7326e+06 3.8684e+01 -5.0157e+03 1.3845e+04 -1.8514e-01 1.6283e+04
-4.7551e+06 3.8557e+01 -5.0161e+03 1.3897e+04 7.0124e-03 1.6103e+04
-4.7480e+06 3.8450e+01 -5.0164e+03 1.3949e+04 2.2262e+00 1.5922e+04
-4.7757e+06 3.8331e+01 -5.0168e+03 1.4000e+04 2.0985e+00 1.5750e+04
-4.7673e+06 3.8243e+01 -5.0171e+03 1.4049e+04 -6.6947e-01 1.5600e+04
-4.6249e+06 4.1738e+01 -4.9867e+03 1.2044e+04 -1.1542e+00 2.1279e+04
-4.5971e+06 4.1387e+01 -4.9875e+03 1.2123e+04 -5.3005e-01 2.1087e+04
-4.6348e+06 4.0983e+01 -4.9883e+03 1.2202e+04 1.1969e-01 2.0915e+04
-4.6296e+06 4.0609e+01 -4.9891e+03 1.2279e+04 -1.2644e+00 2.0731e+04
-4.6899e+06 4.0354e+01 -4.9899e+03 1.2356e+04 -2.9171e+00 2.0548e+04
-4.6910e+06 4.0225e+01 -4.9906e+03 1.2431e+04 -4.2849e+00 2.0364e+04
-4.7256e+06 4.0149e+01 -4.9913e+03 1.2506e+04 -3.1496e+00 2.0180e+04
-4.6987e+06 4.0078e+01 -4.9920e+03 1.2579e+04 -5.8556e-01 1.9996e+04
-4.7244e+06 4.0003e+01 -4.9928e+03 1.2652e+04 3.0670e-01 1.9812e+04
-4.7027e+06 3.9924e+01 -4.9934e+03 1.2723e+04 2.0157e-01 1.9628e+04
-4.7259e+06 3.9848e+01 -4.9941e+03 1.2793e+04 5.7472e-01 1.9443e+04
-4.7003e+06 3.9783e+01 -4.9948e+03 1.2863e+04 1.7853e+00 1.9258e+04
-4.7303e+06 3.9733e+01 -4.9954e+03 1.2931e+04 2.5411e+00 1.9073e+04
-4.7320e+06 3.9680e+01 -4.9961e+03 1.2999e+04 1.3214e+00 1.8888e+04
-4.7659e+06 3.9608e+01 -4.9967e+03 1.3065e+04 -4.8275e-03 1.8703e+04
-4.7503e+06 3.9526e+01 -4.9973e+03 1.3131e+04 -5.9552e-01 1.8519e+04
-4.7669e+06 3.9448e+01 -4.9979e+03 1.3195e+04 -1.0282e+00 1.8334e+04
-4.7438e+06 3.9379e+01 -4.9985e+03 1.3258e+04 -3.1917e-01 1.8149e+04
-4.7512e+06 3.9315e+01 -4.9991e+03 1.3321e+04 9.8489e-01 1.7965e+04
-4.7294e+06 3.9251e+01 -4.9996e+03 1.3382e+04 1.3835e+00 1.7780e+04
-4.7445e+06 3.9180e+01 -5.0002e+03 1.3443e+04 1.0482e+00 1.7596e+04
-4.7318e+06 3.9101e+01 -5.0007e+03 1.3502e+04 6.7114e-01 1.7412e+04
-4.7491e+06 3.9029e+01 -5.0013e+03 1.3561e+04 2.4073e-01 1.7229e+04
-4.7348e+06 3.8991e+01 -5.0018e+03 1.3619e+04 -3.0660e-02 1.7045e+04
-4.7479e+06 3.8981e+01 -5.0023e+03 1.3675e+04 -1.4683e-02 1.6862e+04
-4.7364e+06 3.8925e+01 -5.0028e+03 1.3731e+04 -1.8866e-02 1.6680e+04
-4.7575e+06 3.8752e+01 -5.0033e+03 1.3786e+04 -2.8768e-01 1.6497e+04
-4.7576e+06 3.8510e+01 -5.0038e+03 1.3840e+04 -8.1043e-01 1.6316e+04
-4.7829e+06 3.8322e+01 -5.0043e+03 1.3892e+04 -1.3410e+00 1.6134e+04
-4.7720e+06 3.8238e+01 -5.0048e+03 1.3944e+04 -1.1034e+00 1.5954e+04
-4.7876e+06 3.8204e+01 -5.0052e+03 1.3995e+04 5.1520e-01 1.5773e+04
-4.7828e+06 3.8159e+01 -5.0057e+03 1.4046e+04 -2.8366e-01 1.5601e+04
-4.7929e+06 3.8089e+01 -5.0061e+03 1.4095e+04 -2.6602e+00 1.5450e+04
-4.6007e+06 4.1659e+01 -4.9705e+03 1.2109e+04 -1.1428e+00 2.1147e+04
-4.6260e+06 4.1288e+01 -4.9716e+03 1.2188e+04 4.5984e-01 2.0954e+04
-4.6010e+06 4.0830e+01 -4.9726e+03 1.2265e+04 3.0797e+00 2.0780e+04
-4.6552e+06 4.0425e+01 -4.9735e+03 1.2342e+04 2.1237e+00 2.0596e+04
-4.6761e+06 4.0161e+01 -4.9745e+03 1.2418e+04 -1.1380e+00 2.0412e+04
-4.7416e+06 4.0006e+01 -4.9754e+03 1.2493e+04 -3.6296e+00 2.0228e+04
-4.7312e+06 3.9906e+01 -4.9764e+03 1.2567e+04 -2.9846e+00 2.0043e+04
-4.7464e+06 3.9831e+01 -4.9773e+03 1.2639e+04 -8.9401e-01 1.9859e+04
-4.7207e+06 3.9761e+01 -4.9781e+03 1.2711e+04 -2.4638e-01 1.9674e+04
-4.7447e+06 3.9687e+01 -4.9790e+03 1.2782e+04 -3.5329e-01 1.9488e+04
-4.7237e+06 3.9609e+01 -4.9798e+03 1.2852e+04 3.0631e-01 1.9303e+04
-4.7421e+06 3.9536e+01 -4.9807e+03 1.2921e+04 1.2510e+00 1.9117e+04
-4.7347e+06 3.9477e+01 -4.9815e+03 1.2988e+04 1.4774e+00 1.8932e+04
-4.7704e+06 3.9426e+01 -4.9823e+03 1.3055e+04 6.5590e-01 1.8746e+04
-4.7677e+06 3.9368e+01 -4.9831e+03 1.3121e+04 -4.0300e-01 1.8561e+04
-4.7884e+06 3.9297e+01 -4.9838e+03 1.3186e+04 -1.3956e+00 1.8375e+04
-4.7740e+06 3.9221e+01 -4.9846e+03 1.3250e+04 -1.9895e+00 1.8190e+04
-4.7815e+06 3.9156e+01 -4.9853e+03 1.3313e+04 -1.6621e+00 1.8005e+04
-4.7612e+06 3.9108e+01 -4.9860e+03 1.3374e+04 -1.1589e+00 1.7819e+04
-4.7681e+06 3.9067e+01 -4.9867e+03 1.3435e+04 -8.5082e-01 1.7635e+04
-4.7537e+06 3.9016e+01 -4.9874e+03 1.3495e+04 -5.9629e-01 1.7450e+04
-4.7646e+06 3.8952e+01 -4.9881e+03 1.3554e+04 -5.0116e-01 1.7265e+04
-4.7554e+06 3.8899e+01 -4.9888e+03 1.3612e+04 -5.2004e-01 1.7081e+04
-4.7660e+06 3.8884e+01 -4.9895e+03 1.3669e+04 -3.4037e-01 1.6897e+04
-4.7578e+06 3.8874e+01 -4.9901e+03 1.3725e+04 -8.7744e-02 1.6714e+04
-4.7713e+06 3.8761e+01 -4.9907e+03 1.3780e+04 -2.5210e-01 1.6531e+04
-4.7716e+06 3.8507e+01 -4.9914e+03 1.3835e+04 -9.1732e-01 1.6348e+04
-4.7873e+06 3.8231e+01 -4.9920e+03 1.3888e+04 -1.6083e+00 1.6166e+04
-4.7816e+06 3.8077e+01 -4.9926e+03 1.3940e+04 -1.9571e+00 1.5983e+04
-4.7919e+06 3.8057e+01 -4.9932e+03 1.3991e+04 -1.7189e+00 1.5803e+04
-4.7874e+06 3.8090e+01 -4.9938e+03 1.4042e+04 7.9740e-02 1.5621e+04
-4.7979e+06 3.8116e+01 -4.9943e+03 1.4091e+04 -1.5837e-01 1.5448e+04
-4.7877e+06 3.8100e+01 -4.9949e+03 1.4140e+04 -2.1740e+00 1.5298e+04
-4.6460e+06 4.1624e+01 -4.9539e+03 1.2174e+04 -2.8031e-01 2.1012e+04
-4.6017e+06 4.1188e+01 -4.9551e+03 1.2252e+04 2.5759e+00 2.0819e+04
-4.6194e+06 4.0644e+01 -4.9564e+03 1.2329e+04 6.9240e+00 2.0644e+04
-4.6126e+06 4.0203e+01 -4.9575e+03 1.2405e+04 5.7752e+00 2.0459e+04
-4.7094e+06 3.9929e+01 -4.9587e+03 1.2481e+04 1.4027e+00 2.0274e+04
-4.7191e+06 3.9761e+01 -4.9599e+03 1.2555e+04 -1.0653e+00 2.0089e+04
-4.7608e+06 3.9659e+01 -4.9610e+03 1.2628e+04 -1.1558e+00 1.9904e+04
-4.7333e+06 3.9589e+01 -4.9621e+03 1.2700e+04 -6.8349e-01 1.9719e+04
-4.7657e+06 3.9522e+01 -4.9631e+03 1.2771e+04 -5.4825e-01 1.9533e+04
-4.7399e+06 3.9451e+01 -4.9642e+03 1.2841e+04 -2.9366e-01 1.9347e+04
-4.7716e+06 3.9373e+01 -4.9652e+03 1.2910e+04 3.0676e-01 1.9161e+04
-4.7527e+06 3.9294e+01 -4.9662e+03 1.2979e+04 3.9456e-01 1.8975e+04
-4.7909e+06 3.9231e+01 -4.9672e+03 1.3046e+04 -1.6599e-01 1.8789e+04
-4.7794e+06 3.9191e+01 -4.9681e+03 1.3112e+04 -7.9592e-01 1.8603e+04
-4.8091e+06 3.9152e+01 -4.9691e+03 1.3177e+04 -9.4583e-01 1.8416e+04
-4.7882e+06 3.9094e+01 -4.9700e+03 1.3241e+04 -1.0094e+00 1.8230e+04
-4.8077e+06 3.9024e+01 -4.9709e+03 1.3305e+04 -1.1694e+00 1.8044e+04
-4.7817e+06 3.8970e+01 -4.9718e+03 1.3367e+04 -1.0480e+00 1.7858e+04
-4.7941e+06 3.8943e+01 -4.9727e+03 1.3428e+04 -6.3834e-01 1.7672e+04
-4.7658e+06 3.8925e+01 -4.9736e+03 1.3488e+04 -1.7804e-01 1.7487e+04
-4.7801e+06 3.8898e+01 -4.9744e+03 1.3548e+04 1.5642e-01 1.7302e+04
-4.7614e+06 3.8865e+01 -4.9752e+03 1.3606e+04 1.8892e-01 1.7117e+04
-4.7799e+06 3.8846e+01 -4.9760e+03 1.3663e+04 2.0801e-01 1.6932e+04
-4.7612e+06 3.8849e+01 -4.9768e+03 1.3720e+04 3.2813e-01 1.6748e+04
-4.7783e+06 3.8802e+01 -4.9776e+03 1.3775e+04 3.9111e-01 1.6563e+04
-4.7683e+06 3.8615e+01 -4.9784e+03 1.3830e+04 1.5661e-02 1.6380e+04
-4.7965e+06 3.8323e+01 -4.9791e+03 1.3883e+04 -7.2901e-01 1.6197e+04
-4.7933e+06 3.8083e+01 -4.9799e+03 1.3936e+04 -1.0915e+00 1.6014e+04
-4.8157e+06 3.7991e+01 -4.9806e+03 1.3988e+04 -1.2105e+00 1.5831e+04
-4.7952e+06 3.8016e+01 -4.9813e+03 1.4038e+04 -9.0591e-01 1.5650e+04
-4.8014e+06 3.8089e+01 -4.9820e+03 1.4088e+04 1.1269e+00 1.5468e+04
-4.7848e+06 3.8171e+01 -4.9827e+03 1.4137e+04 1.3465e+00 1.5294e+04
-4.7918e+06 3.8205e+01 -4.9834e+03 1.4185e+04 -9.9945e-01 1.5144e+04
-4.6334e+06 4.1522e+01 -4.9368e+03 1.2240e+04 -1.2918e-01 2.0875e+04
-4.6538e+06 4.1005e+01 -4.9383e+03 1.2317e+04 2.5879e+00 2.0681e+04
-4.6152e+06 4.0403e+01 -4.9397e+03 1.2393e+04 6.5294e+00 2.0506e+04
-4.6848e+06 3.9942e+01 -4.9411e+03 1.2469e+04 4.6756e+00 2.0320e+04
-4.7101e+06 3.9658e+01 -4.9425e+03 1.2543e+04 7.3960e-01 2.0135e+04
-4.7713e+06 3.9497e+01 -4.9439e+03 1.2617e+04 -5.1052e-01 1.9949e+04
-4.7551e+06 3.9413e+01 -4.9452e+03 1.2689e+04 -4.6294e-01 1.9763e+04
-4.7832e+06 3.9353e+01 -4.9465e+03 1.2761e+04 -6.9289e-01 1.9577e+04
-4.7583e+06 3.9288e+01 -4.9477e+03 1.2831e+04 -7.3759e-01 1.9390e+04
-4.7873e+06 3.9218e+01 -4.9490e+03 1.2901e+04 -2.9355e-01 1.9204e+04
-4.7710e+06 3.9146e+01 -4.9502e+03 1.2969e+04 6.7587e-03 1.9017e+04
-4.8060e+06 3.9079e+01 -4.9514e+03 1.3037e+04 -4.5840e-01 1.8830e+04
-4.7966e+06 3.9034e+01 -4.9525e+03 1.3103e+04 -1.0855e+00 1.8643e+04
-4.8227e+06 3.9012e+01 -4.9537e+03 1.3169e+04 -1.2329e+00 1.8457e+04
-4.8045e+06 3.8989e+01 -4.9548e+03 1.3233e+04 -9.3733e-01 1.8270e+04
-4.8209e+06 3.8947e+01 -4.9559e+03 1.3297e+04 -7.0007e-01 1.8083e+04
-4.7995e+06 3.8897e+01 -4.9569e+03 1.3360e+04 -5.5449e-01 1.7896e+04
-4.8068e+06 3.8863e+01 -4.9580e+03 1.3421e+04 -4.0814e-01 1.7710e+04
-4.7814e+06 3.8849e+01 -4.9590e+03 1.3482e+04 -2.6937e-01 1.7523e+04
-4.7882e+06 3.8842e+01 -4.9600e+03 1.3541e+04 3.2561e-02 1.7337e+04
-4.7718e+06 3.8831e+01 -4.9610e+03 1.3600e+04 2.9528e-01 1.7152e+04
-4.7876e+06 3.8822e+01 -4.9620e+03 1.3658e+04 2.6971e-01 1.6966e+04
-4.7768e+06 3.8826e+01 -4.9630e+03 1.3715e+04 2.9575e-01 1.6781e+04
-4.7901e+06 3.8819e+01 -4.9639e+03 1.3770e+04 3.9510e-01 1.6596e+04
-4.7832e+06 3.8716e+01 -4.9648e+03 1.3825e+04 3.2733e-01 1.6411e+04
-4.8022e+06 3.8479e+01 -4.9657e+03 1.3879e+04 -5.0157e-02 1.6227e+04
-4.8005e+06 3.8210e+01 -4.9666e+03 1.3932e+04 -6.4704e-01 1.6044e+04
-4.8125e+06 3.8042e+01 -4.9675e+03 1.3984e+04 -7.8085e-01 1.5860e+04
-4.7986e+06 3.8005e+01 -4.9684e+03 1.4035e+04 -1.0593e+00 1.5677e+04
-4.8027e+06 3.8054e+01 -4.9692e+03 1.4085e+04 -1.0332e+00 1.5496e+04
-4.7865e+06 3.8155e+01 -4.9700e+03 1.4135e+04 1.3265e+00 1.5313e+04
-4.7916e+06 3.8265e+01 -4.9709e+03 1.4183e+04 1.6263e+00 1.5139e+04
-4.7809e+06 3.8309e+01 -4.9717e+03 1.4231e+04 -9.3326e-01 1.4989e+04
-4.7072e+06 4.1306e+01 -4.9193e+03 1.2306e+04 -6.4248e-01 2.0736e+04
-4.6769e+06 4.0770e+01 -4.9210e+03 1.2382e+04 6.1117e-01 2.0542e+04
-4.7185e+06 4.0169e+01 -4.9227e+03 1.2458e+04 2.5961e+00 2.0366e+04
-4.7144e+06 3.9674e+01 -4.9243e+03 1.2533e+04 7.6751e-01 2.0179e+04
-4.7783e+06 3.9357e+01 -4.9259e+03 1.2606e+04 -1.0646e+00 1.9993e+04
-4.7608e+06 3.9211e+01 -4.9275e+03 1.2679e+04 -6.7918e-01 1.9807e+04
-4.7963e+06 3.9164e+01 -4.9290e+03 1.2751e+04 -3.6741e-02 1.9620e+04
-4.7740e+06 3.9134e+01 -4.9305e+03 1.2822e+04 -5.4180e-02 1.9433e+04
-4.8072e+06 3.9092e+01 -4.9319e+03 1.2892e+04 -7.5867e-02 1.9246e+04
-4.7850e+06 3.9037e+01 -4.9334e+03 1.2960e+04 1.9983e-01 1.9059e+04
-4.8207e+06 3.8978e+01 -4.9348e+03 1.3028e+04 9.8953e-02 1.8871e+04
-4.8087e+06 3.8930e+01 -4.9362e+03 1.3095e+04 -5.3726e-01 1.8684e+04
-4.8392e+06 3.8905e+01 -4.9375e+03 1.3161e+04 -9.6621e-01 1.8496e+04
-4.8160e+06 3.8894e+01 -4.9388e+03 1.3226e+04 -9.3883e-01 1.8309e+04
-4.8327e+06 3.8882e+01 -4.9401e+03 1.3290e+04 -5.6891e-01 1.8121e+04
-4.8081e+06 3.8861e+01 -4.9414e+03 1.3353e+04 -2.5624e-01 1.7934e+04
-4.8207e+06 3.8838e+01 -4.9426e+03 1.3415e+04 1.2451e-01 1.7747e+04
-4.7945e+06 3.8821e+01 -4.9439e+03 1.3476e+04 5.5198e-01 1.7560e+04
-4.8041e+06 3.8811e+01 -4.9451e+03 1.3536e+04 6.8510e-01 1.7373e+04
-4.7817e+06 3.8802e+01 -4.9462e+03 1.3595e+04 6.1843e-01 1.7186e+04
-4.7978e+06 3.8794e+01 -4.9474e+03 1.3653e+04 4.9951e-01 1.7000e+04
-4.7856e+06 3.8794e+01 -4.9485e+03 1.3710e+04 2.4060e-01 1.6814e+04
-4.8013e+06 3.8800e+01 -4.9496e+03 1.3766e+04 2.0613e-01 1.6628e+04
-4.7868e+06 3.8761e+01 -4.9507e+03 1.3821e+04 2.5680e-01 1.6443e+04
-4.8031e+06 3.8611e+01 -4.9518e+03 1.3875e+04 -2.2187e-03 1.6258e+04
-4.7977e+06 3.8374e+01 -4.9528e+03 1.3929e+04 -3.9821e-01 1.6073e+04
-4.8180e+06 3.8168e+01 -4.9539e+03 1.3981e+04 -5.6568e-01 1.5889e+04
-4.8112e+06 3.8072e+01 -4.9549e+03 1.4032e+04 -4.4220e-01 1.5705e+04
-4.8235e+06 3.8069e+01 -4.9559e+03 1.4083e+04 -8.7178e-01 1.5522e+04
-4.8017e+06 3.8126e+01 -4.9568e+03 1.4132e+04 -1.1097e+00 1.5340e+04
-4.7988e+06 3.8225e+01 -4.9578e+03 1.4181e+04 1.2414e+00 1.5157e+04
-4.7841e+06 3.8314e+01 -4.9587e+03 1.4229e+04 1.1185e+00 1.4983e+04
-4.7879e+06 3.8334e+01 -4.9597e+03 1.4276e+04 -1.4543e+00 1.4832e+04
-4.7085e+06 4.0989e+01 -4.9013e+03 1.2372e+04 -1.2555e+00 2.0596e+04
-4.7575e+06 4.0465e+01 -4.9032e+03 1.2448e+04 -8.4761e-01 2.0400e+04
-4.7484e+06 3.9862e+01 -4.9052e+03 1.2523e+04 -8.0757e-02 2.0224e+04
-4.8088e+06 3.9333e+01 -4.9070e+03 1.2597e+04 -1.3173e+00 2.0036e+04
-4.7895e+06 3.9031e+01 -4.9089e+03 1.2670e+04 -1.4388e+00 1.9849e+04
-4.8241e+06 3.8953e+01 -4.9106e+03 1.2742e+04 -5.7533e-01 1.9662e+04
-4.8000e+06 3.8964e+01 -4.9124e+03 1.2813e+04 4.8875e-02 1.9475e+04
-4.8273e+06 3.8976e+01 -4.9141e+03 1.2883e+04 1.3865e-01 1.9287e+04
-4.8028e+06 3.8970e+01 -4.9158e+03 1.2952e+04 9.6888e-02 1.9099e+04
-4.8348e+06 3.8938e+01 -4.9174e+03 1.3020e+04 9.8543e-02 1.8911e+04
-4.8200e+06 3.8891e+01 -4.9190e+03 1.3087e+04 1.3560e-01 1.8723e+04
-4.8511e+06 3.8856e+01 -4.9206e+03 1.3154e+04 -1.4860e-02 1.8535e+04
-4.8314e+06 3.8839e+01 -4.9221e+03 1.3219e+04 -8.5118e-02 1.8347e+04
-4.8438e+06 3.8830e+01 -4.9237e+03 1.3283e+04 2.8676e-02 1.8159e+04
-4.8192e+06 3.8822e+01 -4.9251e+03 1.3346e+04 2.9822e-02 1.7971e+04
-4.8333e+06 3.8814e+01 -4.9266e+03 1.3409e+04 8.5776e-02 1.7783e+04
-4.8117e+06 3.8804e+01 -4.9280e+03 1.3470e+04 3.5741e-01 1.7595e+04
-4.8194e+06 3.8794e+01 -4.9294e+03 1.3530e+04 5.9545e-01 1.7408e+04
-4.8001e+06 3.8784e+01 -4.9308e+03 1.3589e+04 6.5457e-01 1.7220e+04
-4.8132e+06 3.8774e+01 -4.9321e+03 1.3648e+04 4.9688e-01 1.7033e+04
-4.8014e+06 3.8766e+01 -4.9334e+03 1.3705e+04 2.0779e-01 1.6846e+04
-4.8142e+06 3.8767e+01 -4.9347e+03 1.3762e+04 4.5997e-02 1.6660e+04
-4.8016e+06 3.8759e+01 -4.9360e+03 1.3817e+04 1.9275e-01 1.6474e+04
-4.8144e+06 3.8686e+01 -4.9372e+03 1.3872e+04 1.9148e-01 1.6288e+04
-4.8102e+06 3.8517e+01 -4.9384e+03 1.3925e+04 -1.6721e-01 1.6102e+04
-4.8260e+06 3.8321e+01 -4.9396e+03 1.3978e+04 -4.3364e-01 1.5917e+04
-4.8182e+06 3.8191e+01 -4.9408e+03 1.4030e+04 -3.9501e-01 1.5733e+04
-4.8218e+06 3.8147e+01 -4.9420e+03 1.4080e+04 -2.3948e-01 1.5548e+04
-4.8038e+06 3.8155e+01 -4.9431e+03 1.4130e+04 -7.0150e-01 1.5364e+04
-4.8042e+06 3.8195e+01 -4.9442e+03 1.4179e+04 -1.0734e+00 1.5182e+04
-4.7869e+06 3.8258e+01 -4.9453e+03 1.4227e+04 1.0739e+00 1.4999e+04
-4.7926e+06 3.8308e+01 -4.9464e+03 1.4275e+04 8.9901e-01 1.4824e+04
-4.7820e+06 3.8313e+01 -4.9474e+03 1.4321e+04 -1.7657e+00 1.4672e+04
-4.7857e+06 4.0608e+01 -4.8828e+03 1.2438e+04 -1.7029e+00 2.0453e+04
-4.7730e+06 4.0055e+01 -4.8851e+03 1.2513e+04 -1.7072e+00 2.0257e+04
-4.8319e+06 3.9419e+01 -4.8872e+03 1.2588e+04 -1.6528e+00 2.0079e+04
-4.8151e+06 3.8929e+01 -4.8893e+03 1.2661e+04 -2.5448e+00 1.9891e+04
-4.8536e+06 3.8776e+01 -4.8914e+03 1.2733e+04 -1.7523e+00 1.9704e+04
-4.8163e+06 3.8840e+01 -4.8934e+03 1.2804e+04 -6.8040e-01 1.9516e+04
-4.8432e+06 3.8899e+01 -4.8954e+03 1.2875e+04 -2.6186e-01 1.9328e+04
-4.8166e+06 3.8910e+01 -4.8973e+03 1.2944e+04 -1.4933e-01 1.9139e+04
-4.8513e+06 3.8905e+01 -4.8992e+03 1.3013e+04 -4.1492e-02 1.8951e+04
-4.8316e+06 3.8881e+01 -4.9011e+03 1.3080e+04 -2.1112e-02 1.8762e+04
-4.8672e+06 3.8846e+01 -4.9029e+03 1.3147e+04 1.7393e-01 1.8574e+04
-4.8494e+06 3.8822e+01 -4.9047e+03 1.3212e+04 3.9427e-01 1.8385e+04
-4.8692e+06 3.8808e+01 -4.9064e+03 1.3277e+04 5.6365e-01 1.8196e+04
-4.8379e+06 3.8797e+01 -4.9081e+03 1.3340e+04 6.0462e-01 1.8008e+04
-4.8516e+06 3.8788e+01 -4.9098e+03 1.3403e+04 3.8329e-01 1.7819e+04
-4.8297e+06 3.8780e+01 -4.9114e+03 1.3464e+04 3.2536e-01 1.7630e+04
-4.8419e+06 3.8772e+01 -4.9130e+03 1.3525e+04 5.7410e-01 1.7442e+04
-4.8201e+06 3.8763e+01 -4.9146e+03 1.3585e+04 7.1093e-01 1.7254e+04
-4.8328e+06 3.8753e+01 -4.9162e+03 1.3643e+04 7.2146e-01 1.7066e+04
-4.8158e+06 3.8743e+01 -4.9177e+03 1.3701e+04 6.4249e-01 1.6878e+04
-4.8277e+06 3.8737e+01 -4.9191e+03 1.3758e+04 4.7195e-01 1.6691e+04
-4.8123e+06 3.8734e+01 -4.9206e+03 1.3814e+04 3.4277e-01 1.6504e+04
-4.8235e+06 3.8707e+01 -4.9220e+03 1.3868e+04 3.5925e-01 1.6317e+04
-4.8122e+06 3.8611e+01 -4.9234e+03 1.3922e+04 2.3576e-01 1.6131e+04
-4.8256e+06 3.8458e+01 -4.9248e+03 1.3975e+04 -5.0176e-02 1.5945e+04
-4.8181e+06 3.8322e+01 -4.9262e+03 1.4027e+04 -2.7255e-01 1.5759e+04
-4.8289e+06 3.8252e+01 -4.9275e+03 1.4078e+04 -2.0597e-01 1.5574e+04
-4.8184e+06 3.8235e+01 -4.9288e+03 1.4129e+04 -1.1422e-01 1.5390e+04
-4.8243e+06 3.8238e+01 -4.9301e+03 1.4178e+04 -7.1815e-01 1.5206e+04
-4.8041e+06 3.8256e+01 -4.9313e+03 1.4226e+04 -1.0925e+00 1.5023e+04
-4.7978e+06 3.8286e+01 -4.9325e+03 1.4274e+04 1.1573e+00 1.4839e+04
-4.7860e+06 3.8318e+01 -4.9338e+03 1.4320e+04 1.1679e+00 1.4664e+04
-4.7848e+06 3.8332e+01 -4.9349e+03 1.4366e+04 -1.4119e+00 1.4513e+04
-4.7760e+06 4.0307e+01 -4.8640e+03 1.2505e+04 -1.7181e+00 2.0308e+04
-4.8356e+06 3.9729e+01 -4.8664e+03 1.2579e+04 -1.6847e+00 2.0111e+04
-4.8262e+06 3.9091e+01 -4.8689e+03 1.2653e+04 -1.4337e+00 1.9933e+04
-4.8803e+06 3.8717e+01 -4.8712e+03 1.2725e+04 -2.0920e+00 1.9744e+04
-4.8451e+06 3.8739e+01 -4.8736e+03 1.2797e+04 -1.1735e+00 1.9556e+04
-4.8708e+06 3.8893e+01 -4.8758e+03 1.2867e+04 -2.2078e-01 1.9367e+04
-4.8386e+06 3.8928e+01 -4.8780e+03 1.2937e+04 -1.9237e-01 1.9179e+04
-4.8683e+06 3.8884e+01 -4.8802e+03 1.3006e+04 -3.8566e-01 1.8990e+04
-4.8451e+06 3.8850e+01 -4.8823e+03 1.3074e+04 -3.7598e-01 1.8801e+04
-4.8806e+06 3.8828e+01 -4.8844e+03 1.3140e+04 -3.3223e-01 1.8611e+04
-4.8633e+06 3.8807e+01 -4.8864e+03 1.3206e+04 -1.2611e-01 1.8422e+04
-4.8905e+06 3.8791e+01 -4.8884e+03 1.3271e+04 1.4599e-01 1.8233e+04
-4.8654e+06 3.8780e+01 -4.8904e+03 1.3335e+04 3.3953e-01 1.8043e+04
-4.8780e+06 3.8768e+01 -4.8923e+03 1.3398e+04 2.8024e-01 1.7854e+04
-4.8538e+06 3.8757e+01 -4.8941e+03 1.3459e+04 1.1529e-01 1.7665e+04
-4.8667e+06 3.8748e+01 -4.8960e+03 1.3520e+04 1.8163e-01 1.7476e+04
-4.8434e+06 3.8738e+01 -4.8977e+03 1.3580e+04 3.2628e-01 1.7287e+04
-4.8525e+06 3.8729e+01 -4.8995e+03 1.3639e+04 2.7237e-01 1.7098e+04
-4.8354e+06 3.8719e+01 -4.9012e+03 1.3697e+04 1.2132e-01 1.6910e+04
-4.8466e+06 3.8710e+01 -4.9029e+03 1.3754e+04 2.1727e-02 1.6722e+04
-4.8306e+06 3.8704e+01 -4.9046e+03 1.3810e+04 4.9693e-02 1.6534e+04
-4.8381e+06 3.8695e+01 -4.9062e+03 1.3865e+04 3.0041e-01 1.6346e+04
-4.8245e+06 3.8653e+01 -4.9078e+03 1.3920e+04 5.6374e-01 1.6159e+04
-4.8368e+06 3.8559e+01 -4.9094e+03 1.3973e+04 3.9362e-01 1.5972e+04
-4.8313e+06 3.8445e+01 -4.9109e+03 1.4025e+04 3.2091e-02 1.5786e+04
-4.8405e+06 3.8364e+01 -4.9124e+03 1.4077e+04 -7.0748e-02 1.5600e+04
-4.8271e+06 3.8329e+01 -4.9139e+03 1.4127e+04 -1.9934e-02 1.5415e+04
-4.8261e+06 3.8319e+01 -4.9153e+03 1.4177e+04 -7.1665e-02 1.5230e+04
-4.8058e+06 3.8319e+01 -4.9168e+03 1.4225e+04 -7.4703e-01 1.5045e+04
-4.8044e+06 3.8328e+01 -4.9182e+03 1.4273e+04 -1.0725e+00 1.4862e+04
-4.7883e+06 3.8349e+01 -4.9195e+03 1.4320e+04 1.3029e+00 1.4678e+04
-4.7908e+06 3.8382e+01 -4.9209e+03 1.4366e+04 1.8150e+00 1.4502e+04
-4.7766e+06 3.8407e+01 -4.9222e+03 1.4411e+04 -6.3250e-01 1.4349e+04
-4.8410e+06 4.0184e+01 -4.8446e+03 1.2572e+04 -1.0577e+00 2.0161e+04
-4.8252e+06 3.9670e+01 -4.8474e+03 1.2645e+04 -5.8802e-01 1.9963e+04
-4.8803e+06 3.9123e+01 -4.8501e+03 1.2718e+04 -1.7620e-01 1.9784e+04
-4.8536e+06 3.8857e+01 -4.8527e+03 1.2790e+04 -9.0107e-01 1.9595e+04
-4.8863e+06 3.8900e+01 -4.8553e+03 1.2861e+04 -5.3642e-01 1.9406e+04
-4.8470e+06 3.8972e+01 -4.8578e+03 1.2931e+04 -1.0969e-01 1.9217e+04
-4.8764e+06 3.8921e+01 -4.8603e+03 1.2999e+04 -6.5759e-02 1.9027e+04
-4.8540e+06 3.8833e+01 -4.8627e+03 1.3067e+04 -1.9705e-02 1.8838e+04
-4.8908e+06 3.8793e+01 -4.8650e+03 1.3134e+04 1.2970e-01 1.8648e+04
-4.8729e+06 3.8781e+01 -4.8673e+03 1.3200e+04 5.9053e-02 1.8458e+04
-4.9067e+06 3.8769e+01 -4.8696e+03 1.3266e+04 -1.2927e-01 1.8268e+04
-4.8884e+06 3.8757e+01 -4.8718e+03 1.3330e+04 -3.2884e-01 1.8078e+04
-4.9075e+06 3.8746e+01 -4.8739e+03 1.3393e+04 -3.5173e-01 1.7889e+04
-4.8814e+06 3.8735e+01 -4.8761e+03 1.3455e+04 -2.3543e-01 1.7699e+04
-4.8920e+06 3.8724e+01 -4.8781e+03 1.3516e+04 -7.7289e-02 1.7509e+04
-4.8659e+06 3.8714e+01 -4.8801e+03 1.3576e+04 2.0949e-01 1.7319e+04
-4.8725e+06 3.8704e+01 -4.8821e+03 1.3636e+04 4.0658e-01 1.7130e+04
-4.8527e+06 3.8694e+01 -4.8841e+03 1.3694e+04 2.4487e-01 1.6941e+04
-4.8626e+06 3.8685e+01 -4.8860e+03 1.3751e+04 7.0774e-02 1.6752e+04
-4.8447e+06 3.8677e+01 -4.8879e+03 1.3807e+04 2.2072e-01 1.6563e+04
-4.8505e+06 3.8669e+01 -4.8897e+03 1.3863e+04 4.6800e-01 1.6375e+04
-4.8358e+06 3.8655e+01 -4.8915e+03 1.3917e+04 7.1444e-01 1.6187e+04
-4.8449e+06 3.8616e+01 -4.8933e+03 1.3971e+04 7.9453e-01 1.5999e+04
-4.8348e+06 3.8549e+01 -4.8950e+03 1.4023e+04 4.7282e-01 1.5812e+04
-4.8413e+06 3.8480e+01 -4.8967e+03 1.4075e+04 1.2564e-01 1.5625e+04
-4.8311e+06 3.8436e+01 -4.8984e+03 1.4126e+04 -3.1278e-02 1.5439e+04
-4.8352e+06 3.8416e+01 -4.9000e+03 1.4176e+04 -1.2492e-02 1.5253e+04
-4.8230e+06 3.8406e+01 -4.9016e+03 1.4225e+04 1.8592e-01 1.5068e+04
-4.8246e+06 3.8404e+01 -4.9032e+03 1.4273e+04 -3.4532e-01 1.4883e+04
-4.8057e+06 3.8414e+01 -4.9047e+03 1.4320e+04 -6.3577e-01 1.4699e+04
-4.8017e+06 3.8435e+01 -4.9063e+03 1.4366e+04 1.2575e+00 1.4515e+04
-4.7886e+06 3.8466e+01 -4.9078e+03 1.4411e+04 1.7127e+00 1.4340e+04
-4.7781e+06 3.8492e+01 -4.9092e+03 1.4456e+04 -3.1377e-01 1.4186e+04
-4.8162e+06 4.0088e+01 -4.8249e+03 1.2639e+04 -4.8776e-01 2.0011e+04
-4.8712e+06 3.9725e+01 -4.8279e+03 1.2711e+04 4.5168e-01 1.9813e+04
-4.8480e+06 3.9340e+01 -4.8309e+03 1.2783e+04 1.4021e+00 1.9634e+04
-4.8978e+06 3.9127e+01 -4.8338e+03 1.2854e+04 4.3752e-01 1.9444e+04
-4.8625e+06 3.9055e+01 -4.8366e+03 1.2925e+04 1.6331e-01 1.9254e+04
-4.8981e+06 3.8972e+01 -4.8394e+03 1.2994e+04 3.0992e-02 1.9064e+04
-4.8716e+06 3.8850e+01 -4.8421e+03 1.3062e+04 -1.4540e-02 1.8874e+04
-4.9068e+06 3.8768e+01 -4.8448e+03 1.3129e+04 1.5136e-01 1.8684e+04
-4.8849e+06 3.8747e+01 -4.8474e+03 1.3195e+04 2.4196e-01 1.8494e+04
-4.9213e+06 3.8743e+01 -4.8499e+03 1.3261e+04 -5.0045e-02 1.8303e+04
-4.9017e+06 3.8733e+01 -4.8524e+03 1.3325e+04 -3.8548e-01 1.8113e+04
-4.9274e+06 3.8721e+01 -4.8548e+03 1.3388e+04 -6.3654e-01 1.7922e+04
-4.9031e+06 3.8711e+01 -4.8572e+03 1.3451e+04 -6.9097e-01 1.7732e+04
-4.9182e+06 3.8702e+01 -4.8595e+03 1.3512e+04 -5.8477e-01 1.7541e+04
-4.8920e+06 3.8693e+01 -4.8618e+03 1.3573e+04 -4.5221e-01 1.7351e+04
-4.9011e+06 3.8683e+01 -4.8640e+03 1.3632e+04 -2.0429e-01 1.7161e+04
-4.8769e+06 3.8670e+01 -4.8662e+03 1.3691e+04 -6.1579e-02 1.6971e+04
-4.8858e+06 3.8655e+01 -4.8683e+03 1.3748e+04 -3.4808e-01 1.6781e+04
-4.8672e+06 3.8641e+01 -4.8704e+03 1.3805e+04 -6.9348e-01 1.6592e+04
-4.8756e+06 3.8629e+01 -4.8725e+03 1.3861e+04 -5.8682e-01 1.6403e+04
-4.8579e+06 3.8620e+01 -4.8745e+03 1.3915e+04 -1.5434e-01 1.6214e+04
-4.8633e+06 3.8614e+01 -4.8765e+03 1.3969e+04 4.1361e-01 1.6025e+04
-4.8479e+06 3.8600e+01 -4.8785e+03 1.4022e+04 7.5469e-01 1.5837e+04
-4.8562e+06 3.8573e+01 -4.8804e+03 1.4074e+04 6.0246e-01 1.5650e+04
-4.8471e+06 3.8543e+01 -4.8822e+03 1.4125e+04 2.0656e-01 1.5462e+04
-4.8505e+06 3.8519e+01 -4.8841e+03 1.4175e+04 1.0590e-01 1.5276e+04
-4.8344e+06 3.8503e+01 -4.8859e+03 1.4224e+04 1.8024e-01 1.5090e+04
-4.8305e+06 3.8492e+01 -4.8876e+03 1.4272e+04 4.1998e-01 1.4904e+04
-4.8087e+06 3.8490e+01 -4.8894e+03 1.4320e+04 1.2830e-01 1.4719e+04
-4.8042e+06 3.8498e+01 -4.8911e+03 1.4366e+04 1.5481e-01 1.4535e+04
-4.7908e+06 3.8514e+01 -4.8927e+03 1.4412e+04 2.1516e+00 1.4350e+04
-4.7884e+06 3.8528e+01 -4.8944e+03 1.4456e+04 1.9723e+00 1.4174e+04
-4.7708e+06 3.8543e+01 -4.8960e+03 1.4500e+04 -3.3445e-01 1.4020e+04
-4.8837e+06 3.9908e+01 -4.8047e+03 1.2706e+04 -6.7017e-01 1.9860e+04
-4.8556e+06 3.9710e+01 -4.8081e+03 1.2778e+04 2.0508e-01 1.9661e+04
-4.9021e+06 3.9469e+01 -4.8113e+03 1.2849e+04 1.1610e+00 1.9481e+04
-4.8701e+06 3.9263e+01 -4.8145e+03 1.2919e+04 3.0051e-01 1.9290e+04
-4.9083e+06 3.9086e+01 -4.8176e+03 1.2989e+04 -7.6004e-02 1.9100e+04
-4.8771e+06 3.8910e+01 -4.8206e+03 1.3057e+04 -1.5261e-01 1.8910e+04
-4.9126e+06 3.8774e+01 -4.8236e+03 1.3124e+04 -5.5399e-03 1.8719e+04
-4.8929e+06 3.8719e+01 -4.8265e+03 1.3191e+04 3.5302e-01 1.8528e+04
-4.9307e+06 3.8714e+01 -4.8293e+03 1.3256e+04 5.1584e-01 1.8337e+04
-4.9121e+06 3.8711e+01 -4.8321e+03 1.3321e+04 2.5865e-01 1.8146e+04
-4.9430e+06 3.8699e+01 -4.8348e+03 1.3385e+04 -9.5277e-02 1.7955e+04
-4.9227e+06 3.8686e+01 -4.8375e+03 1.3447e+04 -5.3090e-01 1.7764e+04
-4.9408e+06 3.8675e+01 -4.8401e+03 1.3509e+04 -7.1291e-01 1.7573e+04
-4.9150e+06 3.8666e+01 -4.8426e+03 1.3570e+04 -5.5116e-01 1.7382e+04
-4.9231e+06 3.8659e+01 -4.8451e+03 1.3629e+04 -2.1910e-01 1.7191e+04
-4.8961e+06 3.8647e+01 -4.8476e+03 1.3688e+04 1.7459e-01 1.7001e+04
-4.9025e+06 3.8625e+01 -4.8500e+03 1.3746e+04 3.2643e-01 1.6810e+04
-4.8830e+06 3.8598e+01 -4.8523e+03 1.3803e+04 8.8195e-02 1.6620e+04
-4.8905e+06 3.8570e+01 -4.8546e+03 1.3859e+04 -1.3253e-01 1.6430e+04
-4.8717e+06 3.8547e+01 -4.8568e+03 1.3914e+04 4.4902e-02 1.6240e+04
-4.8767e+06 3.8542e+01 -4.8591e+03 1.3968e+04 3.9653e-01 1.6051e+04
-4.8621e+06 3.8558e+01 -4.8612e+03 1.4021e+04 5.2537e-01 1.5862e+04
-4.8692e+06 3.8579e+01 -4.8633e+03 1.4073e+04 5.0675e-01 1.5674e+04
-4.8554e+06 3.8586e+01 -4.8654e+03 1.4124e+04 4.9167e-01 1.5486e+04
-4.8562e+06 3.8580e+01 -4.8675e+03 1.4175e+04 3.9311e-01 1.5298e+04
-4.8425e+06 3.8569e+01 -4.8695e+03 1.4224e+04 3.4210e-01 1.5111e+04
-4.8458e+06 3.8558e+01 -4.8715e+03 1.4273e+04 8.0507e-02 1.4925e+04
-4.8348e+06 3.8550e+01 -4.8734e+03 1.4320e+04 -3.3995e-01 1.4739e+04
-4.8357e+06 3.8547e+01 -4.8753e+03 1.4367e+04 -7.4729e-01 1.4553e+04
-4.8077e+06 3.8552e+01 -4.8771e+03 1.4413e+04 3.0197e-01 1.4369e+04
-4.7925e+06 3.8551e+01 -4.8790e+03 1.4457e+04 3.5082e+00 1.4184e+04
-4.7767e+06 3.8534e+01 -4.8808e+03 1.4502e+04 3.0024e+00 1.4008e+04
-4.7701e+06 3.8524e+01 -4.8825e+03 1.4545e+04 -2.5003e-01 1.3854e+04
-4.8632e+06 3.9685e+01 -4.7841e+03 1.2773e+04 -1.0406e+00 1.9707e+04
-4.9074e+06 3.9587e+01 -4.7878e+03 1.2844e+04 1.4667e-01 1.9507e+04
-4.8749e+06 3.9428e+01 -4.7913e+03 1.2915e+04 1.3697e+00 1.9326e+04
-4.9206e+06 3.9233e+01 -4.7948e+03 1.2984e+04 5.6102e-01 1.9135e+04
-4.8899e+06 3.9028e+01 -4.7981e+03 1.3053e+04 5.5745e-02 1.8944e+04
-4.9307e+06 3.8842e+01 -4.8015e+03 1.3120e+04 -4.3440e-02 1.8753e+04
-4.9115e+06 3.8725e+01 -4.8047e+03 1.3187e+04 7.3996e-02 1.8562e+04
-4.9488e+06 3.8688e+01 -4.8078e+03 1.3253e+04 1.5339e-02 1.8370e+04
-4.9319e+06 3.8685e+01 -4.8109e+03 1.3318e+04 -2.6876e-01 1.8179e+04
-4.9638e+06 3.8679e+01 -4.8140e+03 1.3381e+04 -4.0767e-01 1.7987e+04
-4.9408e+06 3.8664e+01 -4.8169e+03 1.3444e+04 -2.3529e-01 1.7795e+04
-4.9580e+06 3.8646e+01 -4.8198e+03 1.3506e+04 -2.6275e-01 1.7604e+04
-4.9345e+06 3.8628e+01 -4.8226e+03 1.3567e+04 -4.9271e-01 1.7412e+04
-4.9447e+06 3.8612e+01 -4.8254e+03 1.3627e+04 -3.3149e-01 1.7221e+04
-4.9196e+06 3.8598e+01 -4.8281e+03 1.3686e+04 1.8520e-01 1.7029e+04
-4.9250e+06 3.8578e+01 -4.8308e+03 1.3744e+04 4.5747e-01 1.6838e+04
-4.9071e+06 3.8546e+01 -4.8334e+03 1.3801e+04 1.1867e-01 1.6647e+04
-4.9153e+06 3.8505e+01 -4.8359e+03 1.3857e+04 -4.6453e-01 1.6457e+04
-4.9015e+06 3.8463e+01 -4.8384e+03 1.3913e+04 -8.4599e-01 1.6266e+04
-4.9075e+06 3.8433e+01 -4.8409e+03 1.3967e+04 -8.2235e-01 1.6076e+04
-4.8934e+06 3.8439e+01 -4.8433e+03 1.4020e+04 -4.0935e-01 1.5887e+04
-4.8926e+06 3.8480e+01 -4.8457e+03 1.4073e+04 1.8312e-02 1.5697e+04
-4.8761e+06 3.8527e+01 -4.8480e+03 1.4124e+04 3.0595e-01 1.5508e+04
-4.8762e+06 3.8552e+01 -4.8502e+03 1.4175e+04 4.0955e-01 1.5320e+04
-4.8666e+06 3.8558e+01 -4.8525e+03 1.4224e+04 2.9046e-01 1.5132e+04
-4.8633e+06 3.8554e+01 -4.8546e+03 1.4273e+04 4.1084e-01 1.4945e+04
-4.8525e+06 3.8548e+01 -4.8568e+03 1.4321e+04 -2.8203e-01 1.4758e+04
-4.8530e+06 3.8541e+01 -4.8589e+03 1.4368e+04 -1.8861e+00 1.4572e+04
-4.8324e+06 3.8535e+01 -4.8609e+03 1.4414e+04 -2.4573e+00 1.4385e+04
-4.8119e+06 3.8527e+01 -4.8630e+03 1.4459e+04 -6.0898e-01 1.4201e+04
-4.7855e+06 3.8504e+01 -4.8650e+03 1.4503e+04 3.4352e+00 1.4016e+04
-4.7783e+06 3.8459e+01 -4.8669e+03 1.4546e+04 3.2155e+00 1.3839e+04
-4.7689e+06 3.8429e+01 -4.8688e+03 1.4589e+04 -4.6477e-01 1.3684e+04
-4.9389e+06 3.9431e+01 -4.7631e+03 1.2841e+04 -1.1130e+00 1.9551e+04
-4.8968e+06 3.9365e+01 -4.7671e+03 1.2911e+04 -3.0007e-01 1.9351e+04
-4.9421e+06 3.9256e+01 -4.7709e+03 1.2981e+04 7.3412e-01 1.9170e+04
-4.8992e+06 3.9109e+01 -4.7747e+03 1.3049e+04 3.1999e-01 1.8977e+04
-4.9428e+06 3.8944e+01 -4.7783e+03 1.3117e+04 -1.6750e-01 1.8786e+04
-4.9125e+06 3.8795e+01 -4.7819e+03 1.3184e+04 3.6619e-02 1.8594e+04
-4.9558e+06 3.8699e+01 -4.7854e+03 1.3250e+04 3.7650e-01 1.8402e+04
-4.9372e+06 3.8660e+01 -4.7888e+03 1.3315e+04 4.0781e-01 1.8210e+04
-4.9784e+06 3.8643e+01 -4.7922e+03 1.3379e+04 6.8460e-02 1.8018e+04
-4.9546e+06 3.8628e+01 -4.7955e+03 1.3442e+04 1.3918e-02 1.7826e+04
-4.9810e+06 3.8607e+01 -4.7987e+03 1.3504e+04 4.8750e-02 1.7634e+04
-4.9552e+06 3.8580e+01 -4.8018e+03 1.3565e+04 1.7812e-02 1.7442e+04
-4.9704e+06 3.8551e+01 -4.8049e+03 1.3625e+04 -6.9969e-02 1.7250e+04
-4.9390e+06 3.8521e+01 -4.8079e+03 1.3684e+04 2.1676e-01 1.7058e+04
-4.9408e+06 3.8491e+01 -4.8108e+03 1.3743e+04 9.6249e-01 1.6866e+04
-4.9121e+06 3.8459e+01 -4.8137e+03 1.3800e+04 1.3416e+00 1.6674e+04
-4.9246e+06 3.8421e+01 -4.8165e+03 1.3856e+04 1.0049e+00 1.6483e+04
-4.9100e+06 3.8378e+01 -4.8193e+03 1.3912e+04 5.6110e-01 1.6292e+04
-4.9202e+06 3.8333e+01 -4.8220e+03 1.3966e+04 3.5919e-01 1.6101e+04
-4.9019e+06 3.8306e+01 -4.8246e+03 1.4020e+04 4.4359e-01 1.5910e+04
-4.9068e+06 3.8320e+01 -4.8272e+03 1.4073e+04 6.2683e-01 1.5720e+04
-4.8918e+06 3.8374e+01 -4.8298e+03 1.4124e+04 5.1673e-01 1.5531e+04
-4.8975e+06 3.8438e+01 -4.8323e+03 1.4175e+04 2.3574e-01 1.5341e+04
-4.8796e+06 3.8481e+01 -4.8348e+03 1.4225e+04 2.3087e-01 1.5153e+04
-4.8752e+06 3.8496e+01 -4.8372e+03 1.4274e+04 4.7068e-01 1.4964e+04
-4.8588e+06 3.8492e+01 -4.8395e+03 1.4322e+04 9.0069e-01 1.4777e+04
-4.8644e+06 3.8478e+01 -4.8418e+03 1.4369e+04 5.7589e-01 1.4590e+04
-4.8554e+06 3.8461e+01 -4.8441e+03 1.4415e+04 -6.5525e-01 1.4403e+04
-4.8547e+06 3.8439e+01 -4.8463e+03 1.4460e+04 -1.4401e+00 1.4216e+04
-4.8188e+06 3.8413e+01 -4.8485e+03 1.4505e+04 -3.4158e-01 1.4032e+04
-4.7980e+06 3.8374e+01 -4.8507e+03 1.4549e+04 3.0548e+00 1.3846e+04
-4.7814e+06 3.8320e+01 -4.8528e+03 1.4591e+04 2.7885e+00 1.3670e+04
-4.7744e+06 3.8291e+01 -4.8549e+03 1.4633e+04 -8.7498e-01 1.3516e+04
-4.9166e+06 3.9167e+01 -4.7417e+03 1.2908e+04 -9.1882e-01 1.9393e+04
-4.9523e+06 3.9116e+01 -4.7460e+03 1.2978e+04 1.1070e-02 1.9192e+04
-4.9107e+06 3.9044e+01 -4.7501e+03 1.3047e+04 1.5700e+00 1.9010e+04
-4.9520e+06 3.8948e+01 -4.7542e+03 1.3114e+04 1.1196e+00 1.8818e+04
-4.9260e+06 3.8838e+01 -4.7581e+03 1.3181e+04 3.3153e-01 1.8626e+04
-4.9724e+06 3.8735e+01 -4.7620e+03 1.3247e+04 2.2028e-01 1.8433e+04
-4.9597e+06 3.8655e+01 -4.7658e+03 1.3313e+04 3.3070e-01 1.8241e+04
-4.9996e+06 3.8602e+01 -4.7695e+03 1.3377e+04 9.9419e-02 1.8048e+04
-4.9841e+06 3.8566e+01 -4.7731e+03 1.3440e+04 -3.6695e-01 1.7856e+04
-5.0100e+06 3.8536e+01 -4.7766e+03 1.3502e+04 -5.3081e-01 1.7663e+04
-4.9827e+06 3.8505e+01 -4.7801e+03 1.3564e+04 -3.8084e-01 1.7470e+04
-4.9923e+06 3.8471e+01 -4.7834e+03 1.3624e+04 2.9144e-02 1.7278e+04
-4.9651e+06 3.8434e+01 -4.7868e+03 1.3683e+04 5.3126e-01 1.7085e+04
-4.9648e+06 3.8394e+01 -4.7900e+03 1.3742e+04 1.0733e+00 1.6893e+04
-4.9329e+06 3.8351e+01 -4.7932e+03 1.3799e+04 1.5313e+00 1.6700e+04
-4.9391e+06 3.8312e+01 -4.7963e+03 1.3856e+04 1.3432e+00 1.6508e+04
-4.9349e+06 3.8275e+01 -4.7993e+03 1.3912e+04 6.1510e-01 1.6316e+04
-4.9499e+06 3.8235e+01 -4.8023e+03 1.3966e+04 -1.7927e-02 1.6125e+04
-4.9406e+06 3.8195e+01 -4.8052e+03 1.4020e+04 -5.2696e-01 1.5934e+04
-4.9460e+06 3.8170e+01 -4.8081e+03 1.4073e+04 -7.9057e-01 1.5743e+04
-4.9326e+06 3.8180e+01 -4.8109e+03 1.4125e+04 -7.5823e-01 1.5552e+04
-4.9267e+06 3.8239e+01 -4.8136e+03 1.4176e+04 -5.1289e-01 1.5362e+04
-4.9057e+06 3.8330e+01 -4.8163e+03 1.4226e+04 -9.0425e-02 1.5173e+04
-4.8989e+06 3.8405e+01 -4.8190e+03 1.4275e+04 3.8835e-01 1.4983e+04
-4.8871e+06 3.8426e+01 -4.8216e+03 1.4323e+04 8.8565e-01 1.4795e+04
-4.8786e+06 3.8407e+01 -4.8241e+03 1.4370e+04 2.2070e+00 1.4607e+04
-4.8668e+06 3.8375e+01 -4.8266e+03 1.4417e+04 2.7344e+00 1.4419e+04
-4.8687e+06 3.8340e+01 -4.8291e+03 1.4462e+04 9.5260e-01 1.4232e+04
-4.8487e+06 3.8301e+01 -4.8315e+03 1.4507e+04 -2.5828e-01 1.4046e+04
-4.8259e+06 3.8260e+01 -4.8339e+03 1.4551e+04 7.8853e-01 1.3861e+04
-4.7986e+06 3.8216e+01 -4.8362e+03 1.4594e+04 3.5683e+00 1.3675e+04
-4.7892e+06 3.8169e+01 -4.8385e+03 1.4636e+04 2.7924e+00 1.3498e+04
-4.7809e+06 3.8149e+01 -4.8407e+03 1.4677e+04 -2.2501e+00 1.3342e+04
-4.9859e+06 3.8957e+01 -4.7199e+03 1.2976e+04 -1.1834e+00 1.9233e+04
-4.9466e+06 3.8915e+01 -4.7245e+03 1.3045e+04 -7.5738e-01 1.9032e+04
-4.9819e+06 3.8854e+01 -4.7289e+03 1.3113e+04 5.8323e-01 1.8849e+04
-4.9465e+06 3.8770e+01 -4.7333e+03 1.3180e+04 -1.4550e-01 1.8656e+04
-4.9892e+06 3.8685e+01 -4.7375e+03 1.3246e+04 -4.6620e-01 1.8463e+04
-4.9687e+06 3.8611e+01 -4.7417e+03 1.3311e+04 -3.4655e-02 1.8270e+04
-5.0082e+06 3.8547e+01 -4.7458e+03 1.3375e+04 2.8782e-01 1.8077e+04
-4.9943e+06 3.8493e+01 -4.7497e+03 1.3439e+04 2.6603e-01 1.7884e+04
-5.0224e+06 3.8448e+01 -4.7536e+03 1.3501e+04 2.9017e-01 1.7691e+04
-4.9992e+06 3.8406e+01 -4.7574e+03 1.3563e+04 2.4072e-01 1.7498e+04
-5.0169e+06 3.8365e+01 -4.7611e+03 1.3623e+04 -1.4423e-02 1.7305e+04
-4.9968e+06 3.8326e+01 -4.7648e+03 1.3683e+04 -6.5969e-02 1.7111e+04
-5.0010e+06 3.8288e+01 -4.7683e+03 1.3741e+04 4.7205e-01 1.6918e+04
-4.9694e+06 3.8248e+01 -4.7718e+03 1.3799e+04 1.3136e+00 1.6725e+04
-4.9601e+06 3.8206e+01 -4.7752e+03 1.3856e+04 1.8958e+00 1.6533e+04
-4.9434e+06 3.8167e+01 -4.7786e+03 1.3912e+04 1.6531e+00 1.6340e+04
-4.9560e+06 3.8130e+01 -4.7818e+03 1.3967e+04 1.1269e+00 1.6148e+04
-4.9492e+06 3.8093e+01 -4.7850e+03 1.4021e+04 9.9366e-01 1.5956e+04
-4.9503e+06 3.8055e+01 -4.7882e+03 1.4074e+04 9.5942e-01 1.5764e+04
-4.9366e+06 3.8026e+01 -4.7913e+03 1.4126e+04 8.9075e-01 1.5573e+04
-4.9334e+06 3.8031e+01 -4.7943e+03 1.4177e+04 7.2416e-01 1.5382e+04
-4.9245e+06 3.8103e+01 -4.7972e+03 1.4227e+04 3.2309e-01 1.5192e+04
-4.9211e+06 3.8224e+01 -4.8001e+03 1.4276e+04 9.1000e-02 1.5002e+04
-4.9054e+06 3.8318e+01 -4.8030e+03 1.4325e+04 6.0113e-01 1.4813e+04
-4.8909e+06 3.8333e+01 -4.8058e+03 1.4372e+04 1.2644e+00 1.4624e+04
-4.8835e+06 3.8296e+01 -4.8085e+03 1.4419e+04 2.1092e+00 1.4435e+04
-4.8901e+06 3.8250e+01 -4.8112e+03 1.4465e+04 1.3305e+00 1.4247e+04
-4.8986e+06 3.8207e+01 -4.8138e+03 1.4510e+04 -2.9354e+00 1.4060e+04
-4.8930e+06 3.8162e+01 -4.8164e+03 1.4553e+04 -4.1433e+00 1.3873e+04
-4.8466e+06 3.8115e+01 -4.8189e+03 1.4597e+04 2.6136e-01 1.3688e+04
-4.8088e+06 3.8071e+01 -4.8214e+03 1.4639e+04 4.3488e+00 1.3502e+04
-4.7987e+06 3.8032e+01 -4.8239e+03 1.4680e+04 2.9772e+00 1.3326e+04
-4.7882e+06 3.8019e+01 -4.8263e+03 1.4721e+04 -3.5798e+00 1.3170e+04
-4.9570e+06 3.8839e+01 -4.6977e+03 1.3043e+04 -1.3609e+00 1.9071e+04
-4.9948e+06 3.8798e+01 -4.7026e+03 1.3111e+04 -5.2316e-01 1.8869e+04
-4.9481e+06 3.8724e+01 -4.7074e+03 1.3179e+04 1.2394e+00 1.8686e+04
-5.0007e+06 3.8623e+01 -4.7120e+03 1.3245e+04 2.8053e-01 1.8492e+04
-4.9795e+06 3.8524e+01 -4.7166e+03 1.3310e+04 -3.1573e-02 1.8299e+04
-5.0350e+06 3.8449e+01 -4.7210e+03 1.3375e+04 3.9949e-01 1.8105e+04
-5.0237e+06 3.8394e+01 -4.7254e+03 1.3438e+04 4.6787e-02 1.7912e+04
-5.0625e+06 3.8348e+01 -4.7297e+03 1.3501e+04 -8.9275e-01 1.7718e+04
-5.0372e+06 3.8303e+01 -4.7338e+03 1.3562e+04 -1.1220e+00 1.7525e+04
-5.0572e+06 3.8258e+01 -4.7379e+03 1.3623e+04 -9.1643e-01 1.7331e+04
-5.0260e+06 3.8212e+01 -4.7419e+03 1.3683e+04 -5.2214e-01 1.7137e+04
-5.0341e+06 3.8169e+01 -4.7458e+03 1.3741e+04 -1.5945e-01 1.6943e+04
-5.0067e+06 3.8130e+01 -4.7496e+03 1.3799e+04 2.1374e-01 1.6750e+04
-5.0097e+06 3.8096e+01 -4.7533e+03 1.3856e+04 6.9444e-01 1.6556e+04
-4.9859e+06 3.8061e+01 -4.7570e+03 1.3912e+04 9.3766e-01 1.6363e+04
-4.9977e+06 3.8025e+01 -4.7605e+03 1.3967e+04 3.2767e-01 1.6170e+04
-4.9893e+06 3.7989e+01 -4.7640e+03 1.4022e+04 -5.1075e-01 1.5978e+04
-4.9976e+06 3.7952e+01 -4.7675e+03 1.4075e+04 -7.3933e-01 1.5785e+04
-4.9841e+06 3.7916e+01 -4.7708e+03 1.4127e+04 -7.6259e-01 1.5593e+04
-4.9875e+06 3.7887e+01 -4.7741e+03 1.4178e+04 -1.0780e+00 1.5402e+04
-4.9712e+06 3.7897e+01 -4.7774e+03 1.4229e+04 -1.3015e+00 1.5211e+04
-4.9594e+06 3.7975e+01 -4.7805e+03 1.4278e+04 -9.1289e-01 1.5020e+04
-4.9307e+06 3.8093e+01 -4.7836e+03 1.4327e+04 5.7109e-02 1.4830e+04
-4.9194e+06 3.8178e+01 -4.7867e+03 1.4375e+04 1.0719e+00 1.4640e+04
-4.9128e+06 3.8191e+01 -4.7897e+03 1.4421e+04 2.4694e-01 1.4451e+04
-4.9146e+06 3.8158e+01 -4.7926e+03 1.4467e+04 -1.1018e+00 1.4262e+04
-4.9138e+06 3.8113e+01 -4.7955e+03 1.4512e+04 -2.5489e+00 1.4074e+04
-4.9304e+06 3.8070e+01 -4.7983e+03 1.4556e+04 -6.7757e+00 1.3886e+04
-4.8991e+06 3.8025e+01 -4.8010e+03 1.4600e+04 -6.6652e+00 1.3699e+04
-4.8515e+06 3.7980e+01 -4.8038e+03 1.4642e+04 -3.3311e-01 1.3514e+04
-4.8125e+06 3.7940e+01 -4.8064e+03 1.4684e+04 4.5203e+00 1.3328e+04
-4.8045e+06 3.7908e+01 -4.8090e+03 1.4724e+04 3.2255e+00 1.3150e+04
-4.8010e+06 3.7902e+01 -4.8116e+03 1.4764e+04 -3.6968e+00 1.2994e+04
-5.0236e+06 3.8781e+01 -4.6751e+03 1.3111e+04 -1.5179e+00 1.8907e+04
-4.9858e+06 3.8743e+01 -4.6803e+03 1.3178e+04 -1.1628e+00 1.8704e+04
-5.0271e+06 3.8660e+01 -4.6854e+03 1.3245e+04 4.0311e-01 1.8521e+04
-4.9981e+06 3.8536e+01 -4.6904e+03 1.3310e+04 -1.4535e-01 1.8326e+04
-5.0492e+06 3.8400e+01 -4.6953e+03 1.3374e+04 -7.8231e-02 1.8132e+04
-5.0334e+06 3.8295e+01 -4.7000e+03 1.3438e+04 5.5339e-01 1.7938e+04
-5.0723e+06 3.8233e+01 -4.7047e+03 1.3501e+04 3.3950e-01 1.7744e+04
-5.0501e+06 3.8192e+01 -4.7092e+03 1.3562e+04 -3.5558e-01 1.7550e+04
-5.0683e+06 3.8151e+01 -4.7137e+03 1.3623e+04 -2.0146e-01 1.7356e+04
-5.0398e+06 3.8106e+01 -4.7180e+03 1.3683e+04 2.7915e-01 1.7162e+04
-5.0584e+06 3.8058e+01 -4.7223e+03 1.3742e+04 2.8134e-01 1.6967e+04
-5.0433e+06 3.8009e+01 -4.7264e+03 1.3800e+04 -2.1267e-01 1.6773e+04
-5.0523e+06 3.7968e+01 -4.7305e+03 1.3857e+04 -3.8533e-01 1.6579e+04
-5.0285e+06 3.7940e+01 -4.7345e+03 1.3913e+04 1.6915e-02 1.6386e+04
-5.0274e+06 3.7915e+01 -4.7384e+03 1.3969e+04 5.5204e-01 1.6192e+04
-5.0066e+06 3.7884e+01 -4.7422e+03 1.4023e+04 6.6483e-01 1.5999e+04
-5.0056e+06 3.7849e+01 -4.7459e+03 1.4076e+04 5.5120e-01 1.5806e+04
-4.9867e+06 3.7812e+01 -4.7496e+03 1.4129e+04 7.7907e-01 1.5613e+04
-4.9814e+06 3.7777e+01 -4.7532e+03 1.4180e+04 1.2038e+00 1.5420e+04
-4.9617e+06 3.7755e+01 -4.7567e+03 1.4231e+04 1.3457e+00 1.5229e+04
-4.9566e+06 3.7766e+01 -4.7602e+03 1.4281e+04 9.9923e-01 1.5037e+04
-4.9478e+06 3.7827e+01 -4.7635e+03 1.4329e+04 3.5540e-01 1.4846e+04
-4.9467e+06 3.7918e+01 -4.7669e+03 1.4377e+04 1.7008e-01 1.4655e+04
-4.9283e+06 3.7996e+01 -4.7701e+03 1.4424e+04 1.1526e+00 1.4465e+04
-4.9142e+06 3.8027e+01 -4.7733e+03 1.4470e+04 6.2673e-01 1.4276e+04
-4.9116e+06 3.8012e+01 -4.7764e+03 1.4515e+04 -1.5266e+00 1.4087e+04
-4.9176e+06 3.7974e+01 -4.7795e+03 1.4560e+04 -1.7522e+00 1.3899e+04
-4.9109e+06 3.7931e+01 -4.7825e+03 1.4603e+04 -2.1488e+00 1.3711e+04
-4.9000e+06 3.7888e+01 -4.7854e+03 1.4646e+04 -2.1284e+00 1.3524e+04
-4.8550e+06 3.7846e+01 -4.7883e+03 1.4687e+04 6.7194e-01 1.3338e+04
-4.8254e+06 3.7811e+01 -4.7912e+03 1.4728e+04 4.7405e+00 1.3152e+04
-4.8184e+06 3.7786e+01 -4.7940e+03 1.4768e+04 5.1524e+00 1.2975e+04
-4.8117e+06 3.7784e+01 -4.7967e+03 1.4807e+04 -4.1755e-01 1.2819e+04
-4.9910e+06 3.8729e+01 -4.6521e+03 1.3179e+04 -9.1328e-01 1.8741e+04
-5.0261e+06 3.8695e+01 -4.6577e+03 1.3245e+04 1.9913e-01 1.8537e+04
-4.9861e+06 3.8609e+01 -4.6631e+03 1.3311e+04 2.6100e+00 1.8353e+04
-5.0470e+06 3.8456e+01 -4.6684e+03 1.3375e+04 2.3548e+00 1.8158e+04
-5.0375e+06 3.8275e+01 -4.6736e+03 1.3439e+04 1.8983e+00 1.7964e+04
-5.0924e+06 3.8142e+01 -4.6787e+03 1.3502e+04 1.4552e+00 1.7769e+04
-5.0804e+06 3.8076e+01 -4.6836e+03 1.3563e+04 2.8497e-01 1.7575e+04
-5.1133e+06 3.8039e+01 -4.6885e+03 1.3624e+04 -1.0931e+00 1.7380e+04
-5.0901e+06 3.8000e+01 -4.6932e+03 1.3684e+04 -1.5046e+00 1.7185e+04
-5.1065e+06 3.7956e+01 -4.6978e+03 1.3743e+04 -1.1409e+00 1.6991e+04
-5.0785e+06 3.7907e+01 -4.7024e+03 1.3802e+04 -7.5410e-01 1.6796e+04
-5.0844e+06 3.7856e+01 -4.7068e+03 1.3859e+04 -6.2126e-01 1.6601e+04
-5.0622e+06 3.7817e+01 -4.7111e+03 1.3915e+04 -4.4503e-01 1.6407e+04
-5.0673e+06 3.7794e+01 -4.7154e+03 1.3970e+04 -2.7069e-01 1.6213e+04
-5.0505e+06 3.7773e+01 -4.7195e+03 1.4025e+04 -3.4875e-01 1.6019e+04
-5.0559e+06 3.7744e+01 -4.7236e+03 1.4078e+04 -6.4588e-01 1.5825e+04
-5.0416e+06 3.7708e+01 -4.7276e+03 1.4131e+04 -1.0027e+00 1.5632e+04
-5.0423e+06 3.7672e+01 -4.7315e+03 1.4183e+04 -1.2978e+00 1.5439e+04
-5.0277e+06 3.7639e+01 -4.7353e+03 1.4233e+04 -1.4912e+00 1.5246e+04
-5.0271e+06 3.7618e+01 -4.7390e+03 1.4283e+04 -1.6985e+00 1.5054e+04
-5.0105e+06 3.7621e+01 -4.7427e+03 1.4332e+04 -1.8540e+00 1.4862e+04
-4.9920e+06 3.7663e+01 -4.7463e+03 1.4380e+04 -1.3531e+00 1.4670e+04
-4.9589e+06 3.7740e+01 -4.7498e+03 1.4427e+04 -1.1259e-01 1.4479e+04
-4.9411e+06 3.7823e+01 -4.7533e+03 1.4474e+04 1.3482e+00 1.4289e+04
-4.9313e+06 3.7870e+01 -4.7567e+03 1.4519e+04 1.3761e+00 1.4099e+04
-4.9187e+06 3.7866e+01 -4.7600e+03 1.4563e+04 8.4818e-01 1.3910e+04
-4.9006e+06 3.7834e+01 -4.7632e+03 1.4607e+04 1.5613e+00 1.3722e+04
-4.8973e+06 3.7793e+01 -4.7664e+03 1.4650e+04 2.1648e+00 1.3534e+04
-4.8707e+06 3.7752e+01 -4.7696e+03 1.4691e+04 1.2881e+00 1.3346e+04
-4.8550e+06 3.7712e+01 -4.7727e+03 1.4732e+04 1.4239e+00 1.3160e+04
-4.8428e+06 3.7679e+01 -4.7757e+03 1.4773e+04 4.4258e+00 1.2974e+04
-4.8571e+06 3.7652e+01 -4.7787e+03 1.4812e+04 3.0358e+00 1.2796e+04
-4.8628e+06 3.7649e+01 -4.7816e+03 1.4850e+04 -1.3632e+00 1.2638e+04
-5.0537e+06 3.8666e+01 -4.6288e+03 1.3246e+04 -3.4292e-01 1.8572e+04
-5.0308e+06 3.8633e+01 -4.6347e+03 1.3312e+04 -4.9856e-01 1.8368e+04
-5.0946e+06 3.8531e+01 -4.6404e+03 1.3377e+04 -1.4606e+00 1.8184e+04
-5.0892e+06 3.8338e+01 -4.6461e+03 1.3440e+04 -2.6959e+00 1.7988e+04
-5.1249e+06 3.8126e+01 -4.6516e+03 1.3503e+04 -4.6578e-01 1.7793e+04
-5.0956e+06 3.7988e+01 -4.6570e+03 1.3565e+04 1.3784e+00 1.7598e+04
-5.1156e+06 3.7925e+01 -4.6622e+03 1.3626e+04 5.1008e-01 1.7403e+04
-5.0972e+06 3.7889e+01 -4.6674e+03 1.3686e+04 -3.4627e-01 1.7208e+04
-5.1064e+06 3.7852e+01 -4.6724e+03 1.3745e+04 7.5717e-03 1.7013e+04
-5.0872e+06 3.7810e+01 -4.6773e+03 1.3803e+04 3.9734e-01 1.6817e+04
-5.1052e+06 3.7762e+01 -4.6821e+03 1.3861e+04 -2.8007e-01 1.6622e+04
-5.1038e+06 3.7717e+01 -4.6868e+03 1.3917e+04 -1.0651e+00 1.6427e+04
-5.1029e+06 3.7683e+01 -4.6914e+03 1.3973e+04 -8.6592e-01 1.6233e+04
-5.0851e+06 3.7660e+01 -4.6959e+03 1.4027e+04 -3.0121e-01 1.6038e+04
-5.0730e+06 3.7636e+01 -4.7003e+03 1.4081e+04 1.2619e-01 1.5844e+04
-5.0537e+06 3.7604e+01 -4.7047e+03 1.4134e+04 4.7286e-01 1.5650e+04
-5.0369e+06 3.7568e+01 -4.7089e+03 1.4185e+04 7.5423e-01 1.5456e+04
-5.0192e+06 3.7532e+01 -4.7130e+03 1.4236e+04 1.1178e+00 1.5262e+04
-5.0008e+06 3.7499e+01 -4.7171e+03 1.4286e+04 1.5980e+00 1.5069e+04
-4.9848e+06 3.7474e+01 -4.7211e+03 1.4335e+04 2.0336e+00 1.4877e+04
-4.9708e+06 3.7471e+01 -4.7249e+03 1.4384e+04 1.7550e+00 1.4685e+04
-4.9742e+06 3.7508e+01 -4.7288e+03 1.4431e+04 8.2950e-01 1.4493e+04
-4.9708e+06 3.7584e+01 -4.7325e+03 1.4477e+04 5.9575e-02 1.4302e+04
-4.9601e+06 3.7665e+01 -4.7362e+03 1.4523e+04 6.6385e-01 1.4111e+04
-4.9264e+06 3.7713e+01 -4.7398e+03 1.4567e+04 1.7351e+00 1.3921e+04
-4.9198e+06 3.7718e+01 -4.7433e+03 1.4611e+04 1.7905e+00 1.3732e+04
-4.9120e+06 3.7695e+01 -4.7468e+03 1.4654e+04 1.3384e+00 1.3543e+04
-4.8995e+06 3.7659e+01 -4.7502e+03 1.4696e+04 1.4237e+00 1.3355e+04
-4.8934e+06 3.7618e+01 -4.7535e+03 1.4737e+04 1.4211e-01 1.3167e+04
-4.8763e+06 3.7578e+01 -4.7568e+03 1.4777e+04 1.4913e+00 1.2981e+04
-4.8805e+06 3.7541e+01 -4.7600e+03 1.4817e+04 2.4747e+00 1.2795e+04
-4.9504e+06 3.7510e+01 -4.7631e+03 1.4855e+04 -7.6415e+00 1.2619e+04
-4.9435e+06 3.7504e+01 -4.7662e+03 1.4893e+04 -1.1030e+01 1.2460e+04
-5.0265e+06 3.8583e+01 -4.6050e+03 1.3314e+04 5.7486e-01 1.8402e+04
-5.0671e+06 3.8535e+01 -4.6113e+03 1.3379e+04 9.4427e-01 1.8197e+04
-5.0675e+06 3.8403e+01 -4.6174e+03 1.3442e+04 -3.1516e+00 1.8012e+04
-5.1531e+06 3.8185e+01 -4.6234e+03 1.3505e+04 -6.2946e+00 1.7816e+04
-5.1196e+06 3.7971e+01 -4.6292e+03 1.3567e+04 -1.8265e+00 1.7620e+04
-5.1466e+06 3.7839e+01 -4.6349e+03 1.3628e+04 1.6928e+00 1.7425e+04
-5.1270e+06 3.7775e+01 -4.6405e+03 1.3688e+04 1.8151e-01 1.7229e+04
-5.1627e+06 3.7737e+01 -4.6460e+03 1.3748e+04 -1.6012e+00 1.7034e+04
-5.1424e+06 3.7704e+01 -4.6513e+03 1.3806e+04 -1.9054e+00 1.6838e+04
-5.1623e+06 3.7666e+01 -4.6565e+03 1.3863e+04 -1.8054e+00 1.6642e+04
-5.1333e+06 3.7624e+01 -4.6616e+03 1.3920e+04 -1.7430e+00 1.6447e+04
-5.1339e+06 3.7585e+01 -4.6666e+03 1.3976e+04 -1.3385e+00 1.6252e+04
-5.1080e+06 3.7554e+01 -4.6714e+03 1.4030e+04 -7.7067e-01 1.6056e+04
-5.1140e+06 3.7528e+01 -4.6762e+03 1.4084e+04 -4.4433e-01 1.5861e+04
-5.0962e+06 3.7498e+01 -4.6809e+03 1.4137e+04 -4.5802e-01 1.5667e+04
-5.1021e+06 3.7463e+01 -4.6854e+03 1.4189e+04 -7.7604e-01 1.5472e+04
-5.0846e+06 3.7428e+01 -4.6899e+03 1.4240e+04 -1.3505e+00 1.5278e+04
-5.0863e+06 3.7394e+01 -4.6943e+03 1.4290e+04 -1.7473e+00 1.5085e+04
-5.0706e+06 3.7359e+01 -4.6986e+03 1.4339e+04 -2.0945e+00 1.4891e+04
-5.0752e+06 3.7331e+01 -4.7028e+03 1.4387e+04 -2.4101e+00 1.4698e+04
-5.0556e+06 3.7331e+01 -4.7069e+03 1.4435e+04 -2.1096e+00 1.4506e+04
-5.0306e+06 3.7373e+01 -4.7110e+03 1.4481e+04 -6.8441e-01 1.4314e+04
-4.9870e+06 3.7447e+01 -4.7149e+03 1.4527e+04 1.0751e+00 1.4122e+04
-4.9696e+06 3.7520e+01 -4.7188e+03 1.4572e+04 2.4856e+00 1.3932e+04
-4.9605e+06 3.7566e+01 -4.7226e+03 1.4615e+04 2.9750e+00 1.3741e+04
-4.9465e+06 3.7578e+01 -4.7264e+03 1.4658e+04 2.8821e+00 1.3552e+04
-4.9233e+06 3.7560e+01 -4.7300e+03 1.4701e+04 1.4261e+00 1.3363e+04
-4.9270e+06 3.7525e+01 -4.7336e+03 1.4742e+04 -8.5976e-02 1.3175e+04
-4.8984e+06 3.7485e+01 -4.7372e+03 1.4782e+04 -1.0291e+00 1.2987e+04
-4.8920e+06 3.7444e+01 -4.7406e+03 1.4822e+04 1.7269e+00 1.2801e+04
-4.9077e+06 3.7405e+01 -4.7440e+03 1.4861e+04 3.6635e+00 1.2614e+04
-4.9704e+06 3.7371e+01 -4.7474e+03 1.4898e+04 -7.1935e+00 1.2437e+04
-4.9783e+06 3.7363e+01 -4.7506e+03 1.4936e+04 -1.1054e+01 1.2276e+04
-5.0906e+06 3.8456e+01 -4.5810e+03 1.3382e+04 1.1888e+00 1.8229e+04
-5.0646e+06 3.8386e+01 -4.5876e+03 1.3445e+04 2.3854e+00 1.8024e+04
-5.1552e+06 3.8232e+01 -4.5941e+03 1.3508e+04 -2.6778e+00 1.7838e+04
-5.1722e+06 3.8019e+01 -4.6004e+03 1.3570e+04 -7.1862e+00 1.7641e+04
-5.1928e+06 3.7821e+01 -4.6065e+03 1.3631e+04 -3.4236e+00 1.7445e+04
-5.1478e+06 3.7688e+01 -4.6126e+03 1.3691e+04 4.3753e-01 1.7250e+04
-5.1559e+06 3.7615e+01 -4.6185e+03 1.3751e+04 5.9988e-01 1.7054e+04
-5.1336e+06 3.7576e+01 -4.6242e+03 1.3809e+04 3.2656e-01 1.6857e+04
-5.1396e+06 3.7549e+01 -4.6298e+03 1.3867e+04 7.1170e-01 1.6662e+04
-5.1211e+06 3.7520e+01 -4.6353e+03 1.3923e+04 1.0922e+00 1.6465e+04
-5.1317e+06 3.7485e+01 -4.6407e+03 1.3979e+04 1.1095e+00 1.6269e+04
-5.1330e+06 3.7451e+01 -4.6460e+03 1.4034e+04 3.6289e-01 1.6074e+04
-5.1388e+06 3.7421e+01 -4.6511e+03 1.4088e+04 -6.0724e-01 1.5878e+04
-5.1284e+06 3.7391e+01 -4.6562e+03 1.4140e+04 -6.6096e-01 1.5683e+04
-5.1117e+06 3.7357e+01 -4.6611e+03 1.4193e+04 1.0960e-01 1.5488e+04
-5.0869e+06 3.7323e+01 -4.6659e+03 1.4244e+04 9.3318e-01 1.5293e+04
-5.0625e+06 3.7290e+01 -4.6707e+03 1.4294e+04 1.4732e+00 1.5099e+04
-5.0403e+06 3.7256e+01 -4.6753e+03 1.4343e+04 2.2076e+00 1.4904e+04
-5.0199e+06 3.7221e+01 -4.6798e+03 1.4392e+04 2.6433e+00 1.4711e+04
-5.0103e+06 3.7199e+01 -4.6843e+03 1.4439e+04 2.2271e+00 1.4518e+04
-5.0015e+06 3.7211e+01 -4.6886e+03 1.4486e+04 1.7854e+00 1.4325e+04
-5.0050e+06 3.7263e+01 -4.6929e+03 1.4531e+04 3.0601e+00 1.4133e+04
-5.0074e+06 3.7334e+01 -4.6971e+03 1.4576e+04 2.9098e+00 1.3941e+04
-5.0168e+06 3.7402e+01 -4.7012e+03 1.4620e+04 3.7467e-01 1.3750e+04
-4.9822e+06 3.7446e+01 -4.7052e+03 1.4663e+04 1.9924e+00 1.3560e+04
-4.9628e+06 3.7452e+01 -4.7092e+03 1.4706e+04 4.5091e+00 1.3370e+04
-4.9498e+06 3.7428e+01 -4.7131e+03 1.4747e+04 2.2561e+00 1.3181e+04
-4.9329e+06 3.7391e+01 -4.7169e+03 1.4788e+04 1.9934e-01 1.2993e+04
-4.9334e+06 3.7353e+01 -4.7206e+03 1.4827e+04 -8.8611e-01 1.2805e+04
-4.9205e+06 3.7314e+01 -4.7242e+03 1.4866e+04 1.1665e+00 1.2618e+04
-4.9145e+06 3.7275e+01 -4.7278e+03 1.4904e+04 6.2224e+00 1.2431e+04
-4.9467e+06 3.7240e+01 -4.7314e+03 1.4941e+04 3.0447e+00 1.2255e+04
-4.9357e+06 3.7234e+01 -4.7348e+03 1.4978e+04 -1.0982e+00 1.2098e+04
-5.0765e+06 3.8291e+01 -4.5566e+03 1.3449e+04 1.2440e+00 1.8054e+04
-5.0783e+06 3.8214e+01 -4.5636e+03 1.3512e+04 5.7203e+00 1.7848e+04
-5.0658e+06 3.8065e+01 -4.5704e+03 1.3574e+04 6.1243e+00 1.7662e+04
-5.1463e+06 3.7862e+01 -4.5770e+03 1.3635e+04 1.7037e+00 1.7465e+04
-5.1510e+06 3.7664e+01 -4.5835e+03 1.3695e+04 2.0502e-01 1.7269e+04
-5.1805e+06 3.7524e+01 -4.5899e+03 1.3755e+04 6.0727e-01 1.7072e+04
-5.1741e+06 3.7448e+01 -4.5961e+03 1.3813e+04 1.5378e-02 1.6876e+04
-5.2019e+06 3.7411e+01 -4.6022e+03 1.3870e+04 -1.2810e+00 1.6679e+04
-5.2003e+06 3.7392e+01 -4.6081e+03 1.3927e+04 -2.2768e+00 1.6483e+04
-5.2005e+06 3.7372e+01 -4.6139e+03 1.3983e+04 -1.2362e+00 1.6286e+04
-5.1584e+06 3.7343e+01 -4.6196e+03 1.4038e+04 1.6599e+00 1.6090e+04
-5.1382e+06 3.7312e+01 -4.6251e+03 1.4092e+04 2.6655e+00 1.5894e+04
-5.1418e+06 3.7285e+01 -4.6305e+03 1.4145e+04 7.6992e-01 1.5698e+04
-5.1484e+06 3.7255e+01 -4.6359e+03 1.4197e+04 -6.4583e-01 1.5502e+04
-5.1447e+06 3.7221e+01 -4.6411e+03 1.4248e+04 -8.3003e-01 1.5307e+04
-5.1389e+06 3.7186e+01 -4.6462e+03 1.4298e+04 -1.1033e+00 1.5112e+04
-5.1332e+06 3.7152e+01 -4.6511e+03 1.4348e+04 -1.6519e+00 1.4917e+04
-5.1264e+06 3.7118e+01 -4.6560e+03 1.4396e+04 -2.1118e+00 1.4723e+04
-5.1276e+06 3.7086e+01 -4.6608e+03 1.4444e+04 -2.5433e+00 1.4529e+04
-5.1381e+06 3.7078e+01 -4.6655e+03 1.4491e+04 -4.5406e+00 1.4336e+04
-5.1546e+06 3.7106e+01 -4.6701e+03 1.4536e+04 -7.2250e+00 1.4143e+04
-5.1027e+06 3.7165e+01 -4.6746e+03 1.4581e+04 -2.5121e+00 1.3950e+04
-5.0549e+06 3.7239e+01 -4.6790e+03 1.4625e+04 6.5603e-01 1.3758e+04
-5.0771e+06 3.7307e+01 -4.6834e+03 1.4669e+04 -9.0084e+00 1.3567e+04
-5.0909e+06 3.7341e+01 -4.6876e+03 1.4711e+04 -9.4211e+00 1.3377e+04
-5.0047e+06 3.7331e+01 -4.6918e+03 1.4753e+04 1.6072e+00 1.3187e+04
-4.9600e+06 3.7297e+01 -4.6958e+03 1.4793e+04 3.0591e+00 1.2998e+04
-4.9631e+06 3.7259e+01 -4.6998e+03 1.4833e+04 -2.9633e-02 1.2809e+04
-4.9432e+06 3.7222e+01 -4.7038e+03 1.4872e+04 -7.5959e-01 1.2621e+04
-4.9362e+06 3.7185e+01 -4.7076e+03 1.4910e+04 -1.3009e-01 1.2434e+04
-4.9364e+06 3.7148e+01 -4.7114e+03 1.4947e+04 4.4368e+00 1.2248e+04
-4.9313e+06 3.7115e+01 -4.7151e+03 1.4984e+04 4.3782e+00 1.2068e+04
-4.9530e+06 3.7114e+01 -4.7188e+03 1.5019e+04 -2.5801e-01 1.1911e+04
-5.1664e+06 3.8123e+01 -4.5318e+03 1.3517e+04 -1.2940e+00 1.7877e+04
-5.1377e+06 3.8055e+01 -4.5392e+03 1.3578e+04 1.8907e-01 1.7671e+04
-5.2039e+06 3.7915e+01 -4.5463e+03 1.3639e+04 1.3850e+00 1.7484e+04
-5.1941e+06 3.7705e+01 -4.5533e+03 1.3700e+04 -3.9732e-01 1.7287e+04
-5.2280e+06 3.7495e+01 -4.5602e+03 1.3759e+04 -1.4548e+00 1.7090e+04
-5.1891e+06 3.7361e+01 -4.5669e+03 1.3817e+04 -6.0188e-01 1.6893e+04
-5.1964e+06 3.7298e+01 -4.5734e+03 1.3875e+04 4.1719e-01 1.6696e+04
-5.1691e+06 3.7266e+01 -4.5798e+03 1.3932e+04 8.5797e-01 1.6499e+04
-5.1769e+06 3.7249e+01 -4.5860e+03 1.3987e+04 1.0503e+00 1.6302e+04
-5.1465e+06 3.7231e+01 -4.5921e+03 1.4042e+04 2.3550e+00 1.6105e+04
-5.1536e+06 3.7204e+01 -4.5981e+03 1.4096e+04 3.8910e+00 1.5909e+04
-5.1605e+06 3.7177e+01 -4.6040e+03 1.4149e+04 2.7380e+00 1.5712e+04
-5.1817e+06 3.7156e+01 -4.6097e+03 1.4202e+04 2.7042e-01 1.5516e+04
-5.1667e+06 3.7130e+01 -4.6153e+03 1.4253e+04 -4.3500e-01 1.5320e+04
-5.1477e+06 3.7093e+01 -4.6207e+03 1.4303e+04 4.6702e-01 1.5124e+04
-5.1097e+06 3.7053e+01 -4.6261e+03 1.4353e+04 1.4865e+00 1.4929e+04
-5.0851e+06 3.7016e+01 -4.6314e+03 1.4401e+04 2.3698e+00 1.4734e+04
-5.0526e+06 3.6982e+01 -4.6365e+03 1.4449e+04 3.3128e+00 1.4539e+04
-5.0331e+06 3.6960e+01 -4.6415e+03 1.4496e+04 4.8522e+00 1.4345e+04
-5.0153e+06 3.6966e+01 -4.6465e+03 1.4542e+04 5.3333e+00 1.4152e+04
-5.0309e+06 3.7007e+01 -4.6513e+03 1.4587e+04 2.3222e+00 1.3958e+04
-5.0400e+06 3.7072e+01 -4.6560e+03 1.4631e+04 3.2032e+00 1.3766e+04
-5.0641e+06 3.7149e+01 -4.6607e+03 1.4674e+04 2.9780e+00 1.3574e+04
-5.1095e+06 3.7210e+01 -4.6652e+03 1.4717e+04 -7.9869e+00 1.3383e+04
-5.0739e+06 3.7226e+01 -4.6697e+03 1.4758e+04 -8.8016e+00 1.3192e+04
-5.0100e+06 3.7202e+01 -4.6741e+03 1.4799e+04 7.6900e-01 1.3002e+04
-4.9941e+06 3.7164e+01 -4.6784e+03 1.4839e+04 2.1091e+00 1.2812e+04
-4.9658e+06 3.7128e+01 -4.6826e+03 1.4878e+04 4.9568e-01 1.2624e+04
-4.9824e+06 3.7092e+01 -4.6867e+03 1.4916e+04 -7.5508e-01 1.2436e+04
-4.9670e+06 3.7058e+01 -4.6908e+03 1.4954e+04 -1.3396e+00 1.2249e+04
-4.9582e+06 3.7023e+01 -4.6948e+03 1.4990e+04 2.3330e+00 1.2062e+04
-4.9719e+06 3.6992e+01 -4.6987e+03 1.5026e+04 2.2407e+00 1.1884e+04
-4.9605e+06 3.6994e+01 -4.7025e+03 1.5061e+04 -1.7562e+00 1.1730e+04
-5.1696e+06 3.7962e+01 -4.5068e+03 1.3584e+04 -1.2295e+00 1.7698e+04
-5.1720e+06 3.7899e+01 -4.5145e+03 1.3645e+04 8.1510e-02 1.7491e+04
-5.1368e+06 3.7756e+01 -4.5220e+03 1.3705e+04 3.1794e+00 1.7304e+04
-5.1774e+06 3.7539e+01 -4.5294e+03 1.3764e+04 2.7368e+00 1.7106e+04
-5.1857e+06 3.7338e+01 -4.5365e+03 1.3823e+04 7.7686e-01 1.6909e+04
-5.2141e+06 3.7222e+01 -4.5436e+03 1.3880e+04 5.9246e-02 1.6712e+04
-5.2225e+06 3.7170e+01 -4.5504e+03 1.3937e+04 -4.0990e-01 1.6515e+04
-5.2529e+06 3.7141e+01 -4.5571e+03 1.3993e+04 -1.6301e+00 1.6317e+04
-5.2688e+06 3.7119e+01 -4.5637e+03 1.4048e+04 -3.2386e+00 1.6120e+04
-5.2692e+06 3.7096e+01 -4.5701e+03 1.4102e+04 -3.3264e+00 1.5923e+04
-5.2369e+06 3.7068e+01 -4.5764e+03 1.4155e+04 -1.2577e+00 1.5726e+04
-5.1993e+06 3.7046e+01 -4.5825e+03 1.4207e+04 2.4479e-01 1.5529e+04
-5.1934e+06 3.7030e+01 -4.5885e+03 1.4258e+04 7.5331e-02 1.5333e+04
-5.1813e+06 3.7006e+01 -4.5944e+03 1.4309e+04 -2.9170e-01 1.5136e+04
-5.1831e+06 3.6966e+01 -4.6001e+03 1.4358e+04 -7.2904e-01 1.4940e+04
-5.1760e+06 3.6921e+01 -4.6058e+03 1.4407e+04 -1.5827e+00 1.4745e+04
-5.1827e+06 3.6881e+01 -4.6113e+03 1.4455e+04 -2.5067e+00 1.4550e+04
-5.1780e+06 3.6850e+01 -4.6167e+03 1.4502e+04 -3.3259e+00 1.4355e+04
-5.1884e+06 3.6836e+01 -4.6220e+03 1.4548e+04 -3.6105e+00 1.4160e+04
-5.1858e+06 3.6851e+01 -4.6272e+03 1.4593e+04 -3.2177e+00 1.3967e+04
-5.1887e+06 3.6900e+01 -4.6322e+03 1.4637e+04 -2.9786e+00 1.3773e+04
-5.1296e+06 3.6976e+01 -4.6372e+03 1.4680e+04 6.8380e-02 1.3581e+04
-5.0767e+06 3.7054e+01 -4.6421e+03 1.4723e+04 4.9619e+00 1.3388e+04
-5.0475e+06 3.7099e+01 -4.6469e+03 1.4765e+04 3.5764e+00 1.3197e+04
-5.0707e+06 3.7097e+01 -4.6516e+03 1.4805e+04 4.1697e-01 1.3006e+04
-5.0231e+06 3.7068e+01 -4.6562e+03 1.4845e+04 1.4688e+00 1.2816e+04
-4.9984e+06 3.7033e+01 -4.6607e+03 1.4885e+04 1.4572e+00 1.2626e+04
-5.0085e+06 3.6998e+01 -4.6651e+03 1.4923e+04 1.2508e-02 1.2437e+04
-4.9878e+06 3.6964e+01 -4.6695e+03 1.4960e+04 -9.3186e-01 1.2249e+04
-4.9818e+06 3.6930e+01 -4.6737e+03 1.4997e+04 -1.3599e+00 1.2062e+04
-4.9873e+06 3.6897e+01 -4.6779e+03 1.5033e+04 2.3700e+00 1.1876e+04
-4.9717e+06 3.6865e+01 -4.6820e+03 1.5068e+04 3.3547e+00 1.1695e+04
-4.9954e+06 3.6864e+01 -4.6861e+03 1.5102e+04 -1.0756e+00 1.1537e+04
-5.2515e+06 3.7805e+01 -4.4814e+03 1.3651e+04 -2.1708e+00 1.7516e+04
-5.2496e+06 3.7737e+01 -4.4895e+03 1.3711e+04 -4.1941e+00 1.7309e+04
-5.3036e+06 3.7588e+01 -4.4973e+03 1.3770e+04 -3.0943e+00 1.7122e+04
-5.2768e+06 3.7386e+01 -4.5051e+03 1.3828e+04 -3.0696e+00 1.6924e+04
-5.2812e+06 3.7204e+01 -4.5126e+03 1.3886e+04 -3.0726e+00 1.6726e+04
-5.2412e+06 3.7093e+01 -4.5199e+03 1.3943e+04 -1.8033e+00 1.6529e+04
-5.2309e+06 3.7040e+01 -4.5271e+03 1.3998e+04 -2.2409e-02 1.6331e+04
-5.2057e+06 3.7011e+01 -4.5342e+03 1.4053e+04 1.2825e+00 1.6133e+04
-5.2041e+06 3.6986e+01 -4.5410e+03 1.4107e+04 1.5750e+00 1.5936e+04
-5.1954e+06 3.6958e+01 -4.5478e+03 1.4161e+04 1.0605e+00 1.5738e+04
-5.2167e+06 3.6930e+01 -4.5543e+03 1.4213e+04 9.2506e-03 1.5541e+04
-5.2365e+06 3.6907e+01 -4.5608e+03 1.4264e+04 -1.1914e+00 1.5344e+04
-5.2274e+06 3.6888e+01 -4.5671e+03 1.4315e+04 -1.4723e+00 1.5147e+04
-5.2030e+06 3.6863e+01 -4.5732e+03 1.4364e+04 -8.7400e-01 1.4950e+04
-5.1675e+06 3.6825e+01 -4.5793e+03 1.4413e+04 1.7969e-01 1.4754e+04
-5.1311e+06 3.6783e+01 -4.5852e+03 1.4461e+04 1.3948e+00 1.4558e+04
-5.0959e+06 3.6748e+01 -4.5910e+03 1.4508e+04 2.6718e+00 1.4363e+04
-5.0661e+06 3.6720e+01 -4.5966e+03 1.4554e+04 3.9127e+00 1.4168e+04
-5.0352e+06 3.6707e+01 -4.6022e+03 1.4599e+04 5.6726e+00 1.3973e+04
-5.0111e+06 3.6725e+01 -4.6076e+03 1.4643e+04 8.0004e+00 1.3779e+04
-5.0162e+06 3.6786e+01 -4.6129e+03 1.4687e+04 6.7087e+00 1.3585e+04
-5.0726e+06 3.6875e+01 -4.6182e+03 1.4729e+04 2.1024e+00 1.3393e+04
-5.0994e+06 3.6948e+01 -4.6233e+03 1.4771e+04 9.6718e-01 1.3200e+04
-5.0793e+06 3.6976e+01 -4.6283e+03 1.4812e+04 2.6093e+00 1.3009e+04
-5.0185e+06 3.6965e+01 -4.6332e+03 1.4852e+04 2.5163e+00 1.2818e+04
-5.0279e+06 3.6937e+01 -4.6380e+03 1.4891e+04 3.5527e-01 1.2628e+04
-5.0395e+06 3.6903e+01 -4.6428e+03 1.4930e+04 -7.4832e-01 1.2438e+04
-5.0011e+06 3.6869e+01 -4.6474e+03 1.4967e+04 1.1382e-02 1.2249e+04
-5.0210e+06 3.6836e+01 -4.6520e+03 1.5004e+04 -1.2848e+00 1.2061e+04
-5.0104e+06 3.6804e+01 -4.6564e+03 1.5040e+04 -1.8535e+00 1.1874e+04
-4.9963e+06 3.6770e+01 -4.6608e+03 1.5075e+04 2.2240e+00 1.1687e+04
-5.0140e+06 3.6737e+01 -4.6651e+03 1.5109e+04 3.3213e+00 1.1509e+04
-4.9872e+06 3.6730e+01 -4.6694e+03 1.5143e+04 -1.1683e+00 1.1352e+04
-5.2509e+06 3.7649e+01 -4.4557e+03 1.3718e+04 -2.6485e+00 1.7332e+04
-5.2484e+06 3.7577e+01 -4.4641e+03 1.3777e+04 -1.5089e+00 1.7123e+04
-5.1882e+06 3.7433e+01 -4.4724e+03 1.3835e+04 2.3439e+00 1.6936e+04
-5.2213e+06 3.7242e+01 -4.4805e+03 1.3892e+04 2.3408e+00 1.6738e+04
-5.2299e+06 3.7063e+01 -4.4883e+03 1.3949e+04 4.1556e-01 1.6540e+04
-5.2647e+06 3.6948e+01 -4.4960e+03 1.4005e+04 -3.5356e-01 1.6342e+04
-5.2730e+06 3.6896e+01 -4.5036e+03 1.4060e+04 -8.4237e-01 1.6144e+04
-5.3130e+06 3.6870e+01 -4.5109e+03 1.4114e+04 -2.5989e+00 1.5946e+04
-5.3408e+06 3.6847e+01 -4.5181e+03 1.4167e+04 -5.0704e+00 1.5748e+04
-5.3526e+06 3.6819e+01 -4.5252e+03 1.4219e+04 -5.9966e+00 1.5550e+04
-5.3099e+06 3.6789e+01 -4.5320e+03 1.4271e+04 -4.3631e+00 1.5352e+04
-5.2523e+06 3.6762e+01 -4.5388e+03 1.4321e+04 -2.0204e+00 1.5155e+04
-5.2265e+06 3.6737e+01 -4.5454e+03 1.4371e+04 -1.0485e+00 1.4958e+04
-5.2149e+06 3.6711e+01 -4.5518e+03 1.4420e+04 -1.4584e+00 1.4761e+04
-5.2189e+06 3.6680e+01 -4.5581e+03 1.4467e+04 -2.4964e+00 1.4565e+04
-5.2285e+06 3.6647e+01 -4.5643e+03 1.4514e+04 -3.8881e+00 1.4369e+04
-5.2427e+06 3.6616e+01 -4.5704e+03 1.4561e+04 -5.3177e+00 1.4173e+04
-5.2576e+06 3.6589e+01 -4.5763e+03 1.4606e+04 -6.9240e+00 1.3978e+04
-5.2729e+06 3.6574e+01 -4.5821e+03 1.4650e+04 -7.4492e+00 1.3783e+04
-5.3026e+06 3.6592e+01 -4.5878e+03 1.4694e+04 -8.6434e+00 1.3589e+04
-5.3545e+06 3.6662e+01 -4.5934e+03 1.4736e+04 -1.4383e+01 1.3395e+04
-5.2984e+06 3.6757e+01 -4.5989e+03 1.4778e+04 -1.4019e+01 1.3202e+04
-5.1561e+06 3.6826e+01 -4.6042e+03 1.4819e+04 -4.1450e+00 1.3010e+04
-5.0740e+06 3.6849e+01 -4.6095e+03 1.4859e+04 2.3754e-01 1.2818e+04
-5.1023e+06 3.6838e+01 -4.6146e+03 1.4899e+04 -2.2878e+00 1.2627e+04
-5.0700e+06 3.6810e+01 -4.6197e+03 1.4937e+04 -2.2224e+00 1.2436e+04
-5.0289e+06 3.6775e+01 -4.6246e+03 1.4975e+04 -7.4899e-01 1.2247e+04
-5.0509e+06 3.6740e+01 -4.6295e+03 1.5011e+04 -7.6700e-01 1.2058e+04
-5.0137e+06 3.6708e+01 -4.6343e+03 1.5047e+04 -1.5665e+00 1.1869e+04
-5.0209e+06 3.6678e+01 -4.6389e+03 1.5082e+04 -1.8530e+00 1.1683e+04
-5.0246e+06 3.6645e+01 -4.6435e+03 1.5117e+04 1.7345e+00 1.1496e+04
-5.0052e+06 3.6610e+01 -4.6480e+03 1.5150e+04 2.5480e+00 1.1317e+04
-5.0342e+06 3.6601e+01 -4.6525e+03 1.5183e+04 -3.2519e+00 1.1156e+04
-5.3275e+06 3.7489e+01 -4.4297e+03 1.3784e+04 -2.3980e-01 1.7146e+04
-5.3397e+06 3.7417e+01 -4.4385e+03 1.3842e+04 -1.7634e+00 1.6937e+04
-5.3844e+06 3.7274e+01 -4.4471e+03 1.3900e+04 5.2347e-02 1.6752e+04
-5.3597e+06 3.7077e+01 -4.4556e+03 1.3956e+04 5.3975e-01 1.6552e+04
-5.3414e+06 3.6895e+01 -4.4638e+03 1.4012e+04 1.2854e+00 1.6353e+04
-5.3038e+06 3.6791e+01 -4.4718e+03 1.4067e+04 3.6250e+00 1.6155e+04
-5.2684e+06 3.6751e+01 -4.4797e+03 1.4121e+04 6.1746e+00 1.5957e+04
-5.2409e+06 3.6729e+01 -4.4874e+03 1.4174e+04 7.3499e+00 1.5758e+04
-5.2194e+06 3.6706e+01 -4.4949e+03 1.4226e+04 7.6408e+00 1.5560e+04
-5.2153e+06 3.6678e+01 -4.5023e+03 1.4278e+04 7.4404e+00 1.5362e+04
-5.2321e+06 3.6648e+01 -4.5095e+03 1.4328e+04 5.9399e+00 1.5164e+04
-5.2734e+06 3.6618e+01 -4.5165e+03 1.4378e+04 3.8456e+00 1.4966e+04
-5.2537e+06 3.6591e+01 -4.5234e+03 1.4427e+04 3.1999e+00 1.4769e+04
-5.2354e+06 3.6566e+01 -4.5301e+03 1.4475e+04 3.8430e+00 1.4572e+04
-5.1846e+06 3.6539e+01 -4.5367e+03 1.4522e+04 5.1483e+00 1.4375e+04
-5.1516e+06 3.6510e+01 -4.5432e+03 1.4568e+04 6.7209e+00 1.4179e+04
-5.1031e+06 3.6482e+01 -4.5495e+03 1.4613e+04 8.3254e+00 1.3983e+04
-5.0765e+06 3.6457e+01 -4.5557e+03 1.4657e+04 9.8055e+00 1.3787e+04
-5.0308e+06 3.6442e+01 -4.5618e+03 1.4701e+04 1.2652e+01 1.3593e+04
-5.0220e+06 3.6456e+01 -4.5678e+03 1.4744e+04 1.4597e+01 1.3398e+04
-5.0534e+06 3.6517e+01 -4.5736e+03 1.4786e+04 8.9653e+00 1.3204e+04
-5.1243e+06 3.6612e+01 -4.5793e+03 1.4827e+04 4.0849e+00 1.3011e+04
-5.1325e+06 3.6695e+01 -4.5849e+03 1.4867e+04 4.4274e+00 1.2819e+04
-5.1312e+06 3.6728e+01 -4.5904e+03 1.4906e+04 3.6797e+00 1.2627e+04
-5.0509e+06 3.6716e+01 -4.5958e+03 1.4944e+04 3.7125e+00 1.2436e+04
-5.0656e+06 3.6682e+01 -4.6011e+03 1.4982e+04 3.4749e+00 1.2246e+04
-5.0712e+06 3.6645e+01 -4.6062e+03 1.5019e+04 3.5645e+00 1.2056e+04
-5.0118e+06 3.6611e+01 -4.6113e+03 1.5055e+04 5.4404e+00 1.1867e+04
-5.0409e+06 3.6580e+01 -4.6163e+03 1.5090e+04 3.6160e+00 1.1679e+04
-5.0400e+06 3.6551e+01 -4.6212e+03 1.5125e+04 2.2306e+00 1.1492e+04
-5.0195e+06 3.6518e+01 -4.6260e+03 1.5158e+04 5.0321e+00 1.1305e+04
-5.0533e+06 3.6485e+01 -4.6307e+03 1.5191e+04 3.9787e+00 1.1129e+04
-5.0261e+06 3.6476e+01 -4.6354e+03 1.5223e+04 -1.1426e+00 1.0970e+04
-5.3070e+06 3.7329e+01 -4.4034e+03 1.3850e+04 1.3236e+00 1.6960e+04
-5.2764e+06 3.7254e+01 -4.4126e+03 1.3908e+04 5.9447e+00 1.6751e+04
-5.2073e+06 3.7101e+01 -4.4216e+03 1.3964e+04 1.2122e+01 1.6557e+04
-5.2369e+06 3.6898e+01 -4.4304e+03 1.4020e+04 1.1154e+01 1.6358e+04
-5.2712e+06 3.6730e+01 -4.4390e+03 1.4075e+04 8.2071e+00 1.6159e+04
-5.3221e+06 3.6645e+01 -4.4474e+03 1.4129e+04 6.4175e+00 1.5961e+04
-5.3559e+06 3.6613e+01 -4.4556e+03 1.4182e+04 4.6930e+00 1.5762e+04
-5.3982e+06 3.6590e+01 -4.4636e+03 1.4234e+04 2.0124e+00 1.5564e+04
-5.4288e+06 3.6564e+01 -4.4715e+03 1.4285e+04 -5.3389e-01 1.5365e+04
-5.4247e+06 3.6537e+01 -4.4791e+03 1.4336e+04 -9.8721e-01 1.5167e+04
-5.3650e+06 3.6508e+01 -4.4866e+03 1.4385e+04 1.3732e+00 1.4969e+04
-5.2784e+06 3.6479e+01 -4.4940e+03 1.4434e+04 4.6745e+00 1.4771e+04
-5.2530e+06 3.6454e+01 -4.5012e+03 1.4482e+04 5.8993e+00 1.4573e+04
-5.2444e+06 3.6431e+01 -4.5082e+03 1.4529e+04 5.2981e+00 1.4376e+04
-5.2672e+06 3.6411e+01 -4.5151e+03 1.4575e+04 3.5716e+00 1.4179e+04
-5.2925e+06 3.6390e+01 -4.5218e+03 1.4621e+04 1.2000e+00 1.3983e+04
-5.3280e+06 3.6369e+01 -4.5284e+03 1.4665e+04 -1.3719e+00 1.3787e+04
-5.3576e+06 3.6353e+01 -4.5349e+03 1.4709e+04 -3.9371e+00 1.3591e+04
-5.3902e+06 3.6343e+01 -4.5413e+03 1.4751e+04 -5.4311e+00 1.3396e+04
-5.4186e+06 3.6347e+01 -4.5475e+03 1.4793e+04 -6.2376e+00 1.3202e+04
-5.4237e+06 3.6385e+01 -4.5536e+03 1.4834e+04 -6.8756e+00 1.3008e+04
-5.3118e+06 3.6476e+01 -4.5595e+03 1.4875e+04 -2.6493e+00 1.2814e+04
-5.1699e+06 3.6579e+01 -4.5654e+03 1.4914e+04 4.2906e+00 1.2622e+04
-5.1060e+06 3.6620e+01 -4.5711e+03 1.4952e+04 5.2916e+00 1.2430e+04
-5.1601e+06 3.6596e+01 -4.5767e+03 1.4990e+04 2.4044e+00 1.2239e+04
-5.1095e+06 3.6553e+01 -4.5822e+03 1.5027e+04 3.7757e+00 1.2048e+04
-5.0438e+06 3.6514e+01 -4.5876e+03 1.5063e+04 5.8576e+00 1.1858e+04
-5.0855e+06 3.6481e+01 -4.5930e+03 1.5098e+04 4.8355e+00 1.1669e+04
-5.0398e+06 3.6454e+01 -4.5982e+03 1.5133e+04 3.9018e+00 1.1481e+04
-5.0530e+06 3.6428e+01 -4.6033e+03 1.5166e+04 3.2856e+00 1.1294e+04
-5.0609e+06 3.6403e+01 -4.6083e+03 1.5199e+04 5.0597e+00 1.1107e+04
-5.0374e+06 3.6378e+01 -4.6132e+03 1.5231e+04 3.4436e+00 1.0928e+04
-5.0830e+06 3.6372e+01 -4.6180e+03 1.5263e+04 -2.8963e+00 1.0770e+04
-5.4042e+06 3.7177e+01 -4.3768e+03 1.3916e+04 -2.9916e+00 1.6769e+04
-5.4394e+06 3.7097e+01 -4.3864e+03 1.3973e+04 -4.7377e+00 1.6569e+04
-5.5021e+06 3.6939e+01 -4.3958e+03 1.4028e+04 -7.6600e+00 1.6370e+04
-5.4796e+06 3.6745e+01 -4.4049e+03 1.4083e+04 -8.3866e+00 1.6172e+04
-5.4518e+06 3.6593e+01 -4.4139e+03 1.4137e+04 -6.9150e+00 1.5973e+04
-5.4117e+06 3.6515e+01 -4.4226e+03 1.4190e+04 -4.5936e+00 1.5774e+04
-5.3652e+06 3.6480e+01 -4.4312e+03 1.4242e+04 -1.7023e+00 1.5575e+04
-5.3091e+06 3.6456e+01 -4.4396e+03 1.4294e+04 1.2517e+00 1.5376e+04
-5.2503e+06 3.6433e+01 -4.4477e+03 1.4344e+04 3.6259e+00 1.5177e+04
-5.2310e+06 3.6412e+01 -4.4557e+03 1.4394e+04 3.9068e+00 1.4978e+04
-5.2625e+06 3.6391e+01 -4.4635e+03 1.4442e+04 1.2134e+00 1.4780e+04
-5.3287e+06 3.6369e+01 -4.4712e+03 1.4490e+04 -2.0282e+00 1.4582e+04
-5.3159e+06 3.6350e+01 -4.4787e+03 1.4537e+04 -3.0206e+00 1.4384e+04
-5.2958e+06 3.6338e+01 -4.4860e+03 1.4584e+04 -2.0546e+00 1.4187e+04
-5.2390e+06 3.6330e+01 -4.4932e+03 1.4629e+04 -1.0019e-01 1.3990e+04
-5.1927e+06 3.6324e+01 -4.5002e+03 1.4673e+04 2.4767e+00 1.3793e+04
-5.1340e+06 3.6318e+01 -4.5071e+03 1.4717e+04 5.0330e+00 1.3597e+04
-5.0890e+06 3.6314e+01 -4.5139e+03 1.4760e+04 7.5718e+00 1.3401e+04
-5.0317e+06 3.6312e+01 -4.5205e+03 1.4802e+04 1.0443e+01 1.3205e+04
-4.9852e+06 3.6312e+01 -4.5269e+03 1.4843e+04 1.3020e+01 1.3011e+04
-4.9621e+06 3.6328e+01 -4.5333e+03 1.4883e+04 1.2560e+01 1.2817e+04
-5.0590e+06 3.6390e+01 -4.5395e+03 1.4922e+04 7.2242e+00 1.2624e+04
-5.1680e+06 3.6474e+01 -4.5456e+03 1.4961e+04 4.7718e-01 1.2431e+04
-5.2006e+06 3.6502e+01 -4.5516e+03 1.4998e+04 -1.1672e+00 1.2240e+04
-5.0908e+06 3.6469e+01 -4.5574e+03 1.5035e+04 1.9914e+00 1.2048e+04
-5.0987e+06 3.6428e+01 -4.5632e+03 1.5071e+04 1.9536e+00 1.1858e+04
-5.1190e+06 3.6397e+01 -4.5688e+03 1.5107e+04 3.5557e-02 1.1668e+04
-5.0384e+06 3.6373e+01 -4.5744e+03 1.5141e+04 -4.1994e-02 1.1479e+04
-5.0965e+06 3.6356e+01 -4.5798e+03 1.5175e+04 -2.3513e+00 1.1291e+04
-5.0868e+06 3.6343e+01 -4.5851e+03 1.5208e+04 -2.9831e+00 1.1104e+04
-5.0627e+06 3.6331e+01 -4.5903e+03 1.5240e+04 -1.7747e-01 1.0919e+04
-5.0853e+06 3.6321e+01 -4.5955e+03 1.5271e+04 -2.7038e-01 1.0735e+04
-5.0336e+06 3.6319e+01 -4.6005e+03 1.5302e+04 -2.0580e+00 1.0585e+04
