  1    1089
-4.4995e+06 3.6303e+01 3.2822e+03 -8.7870e+03 5.5463e+00 7.7444e+03
-4.4695e+06 3.6307e+01 3.3202e+03 -8.7562e+03 4.4012e+00 7.8183e+03
-4.5650e+06 3.6307e+01 3.3578e+03 -8.7254e+03 2.2305e+00 7.8943e+03
-4.5554e+06 3.6305e+01 3.3949e+03 -8.6946e+03 1.4861e+00 7.9642e+03
-4.5557e+06 3.6305e+01 3.4316e+03 -8.6637e+03 4.3025e+00 8.0362e+03
-4.4501e+06 3.6305e+01 3.4679e+03 -8.6328e+03 6.0963e+00 8.1063e+03
-4.5621e+06 3.6306e+01 3.5036e+03 -8.6019e+03 4.7900e+00 8.1758e+03
-4.4894e+06 3.6308e+01 3.5390e+03 -8.5710e+03 2.9672e+00 8.2446e+03
-4.6231e+06 3.6310e+01 3.5739e+03 -8.5401e+03 1.5547e+00 8.3123e+03
-4.4769e+06 3.6312e+01 3.6084e+03 -8.5093e+03 5.0359e-01 8.3791e+03
-4.6386e+06 3.6314e+01 3.6424e+03 -8.4784e+03 -8.0780e-02 8.4450e+03
-4.3927e+06 3.6318e+01 3.6761e+03 -8.4476e+03 -2.1877e-01 8.5100e+03
-4.5789e+06 3.6324e+01 3.7093e+03 -8.4168e+03 -1.1639e-01 8.5741e+03
-4.2772e+06 3.6332e+01 3.7421e+03 -8.3861e+03 -2.7803e+00 8.6371e+03
-4.6303e+06 3.6340e+01 3.7745e+03 -8.3554e+03 -6.2789e+00 8.6995e+03
-4.0620e+06 3.6351e+01 3.8065e+03 -8.3248e+03 2.7550e+00 8.7605e+03
-4.4065e+06 3.6361e+01 3.8381e+03 -8.2943e+03 -2.1561e+01 8.8212e+03
-5.2588e+06 3.6371e+01 3.8693e+03 -8.2639e+03 -4.5693e+01 8.8817e+03
-3.8443e+06 3.6382e+01 3.9001e+03 -8.2335e+03 2.9993e-01 8.9397e+03
-2.8557e+06 3.6391e+01 3.9306e+03 -8.2032e+03 4.9287e+01 8.9961e+03
-3.4298e+06 3.6394e+01 3.9606e+03 -8.1731e+03 3.3205e+01 9.0525e+03
-4.4107e+06 3.6389e+01 3.9903e+03 -8.1430e+03 -1.6321e+01 9.1097e+03
-5.8547e+06 3.6379e+01 4.0196e+03 -8.1131e+03 -8.4408e+01 9.1662e+03
-6.7913e+06 3.6372e+01 4.0485e+03 -8.0833e+03 -1.4292e+02 9.2222e+03
-7.1437e+06 3.6368e+01 4.0771e+03 -8.0536e+03 -1.3726e+02 9.2757e+03
-4.4615e+06 3.6363e+01 4.1054e+03 -8.0240e+03 -3.2488e+01 9.3258e+03
-4.2189e+06 3.6353e+01 4.1332e+03 -7.9946e+03 7.1240e-01 9.3766e+03
-5.0791e+06 3.6342e+01 4.1608e+03 -7.9653e+03 -2.0773e+01 9.4290e+03
-4.7908e+06 3.6333e+01 4.1879e+03 -7.9362e+03 -9.5429e+00 9.4781e+03
-3.8397e+06 3.6327e+01 4.2148e+03 -7.9072e+03 1.3696e+01 9.5282e+03
-5.7749e+06 3.6321e+01 4.2413e+03 -7.8784e+03 -3.0934e+01 9.5674e+03
-3.9959e+06 3.6318e+01 4.2675e+03 -7.8497e+03 -2.8614e+00 9.6557e+03
-5.8915e+06 3.6314e+01 4.2933e+03 -7.8212e+03 -2.2380e+01 9.7370e+03
-4.5058e+06 3.6306e+01 3.2438e+03 -8.7689e+03 2.6943e+00 7.8893e+03
-4.5683e+06 3.6304e+01 3.2820e+03 -8.7381e+03 4.0581e+00 7.9679e+03
-4.5185e+06 3.6304e+01 3.3197e+03 -8.7071e+03 7.0986e+00 8.0296e+03
-4.5321e+06 3.6303e+01 3.3569e+03 -8.6762e+03 7.5686e+00 8.1023e+03
-4.5223e+06 3.6303e+01 3.3937e+03 -8.6452e+03 6.1671e+00 8.1733e+03
-4.6180e+06 3.6304e+01 3.4301e+03 -8.6141e+03 4.9800e+00 8.2432e+03
-4.5176e+06 3.6305e+01 3.4660e+03 -8.5831e+03 5.2489e+00 8.3123e+03
-4.5861e+06 3.6306e+01 3.5015e+03 -8.5521e+03 6.7555e+00 8.3804e+03
-4.4578e+06 3.6307e+01 3.5366e+03 -8.5210e+03 6.8280e+00 8.4475e+03
-4.5768e+06 3.6308e+01 3.5712e+03 -8.4900e+03 7.2778e+00 8.5139e+03
-4.4142e+06 3.6309e+01 3.6054e+03 -8.4590e+03 6.3690e+00 8.5792e+03
-4.6103e+06 3.6311e+01 3.6392e+03 -8.4281e+03 4.9191e+00 8.6437e+03
-4.4317e+06 3.6314e+01 3.6726e+03 -8.3972e+03 1.7124e+00 8.7073e+03
-4.6639e+06 3.6318e+01 3.7055e+03 -8.3663e+03 1.4519e+00 8.7700e+03
-4.3526e+06 3.6322e+01 3.7381e+03 -8.3356e+03 -9.1072e-02 8.8317e+03
-4.7988e+06 3.6326e+01 3.7702e+03 -8.3048e+03 -1.0644e+01 8.8928e+03
-4.5129e+06 3.6331e+01 3.8020e+03 -8.2742e+03 3.2762e+00 8.9527e+03
-3.7961e+06 3.6336e+01 3.8334e+03 -8.2436e+03 1.9615e+01 9.0110e+03
-4.9774e+06 3.6339e+01 3.8644e+03 -8.2131e+03 -2.4989e+01 9.0697e+03
-5.7843e+06 3.6342e+01 3.8950e+03 -8.1827e+03 -6.5797e+01 9.1281e+03
-5.3556e+06 3.6345e+01 3.9252e+03 -8.1525e+03 -5.5305e+01 9.1847e+03
-4.5433e+06 3.6347e+01 3.9551e+03 -8.1223e+03 -8.3715e+00 9.2395e+03
-3.4520e+06 3.6348e+01 3.9846e+03 -8.0922e+03 4.4823e+01 9.2931e+03
-2.6657e+06 3.6346e+01 4.0137e+03 -8.0623e+03 9.9692e+01 9.3456e+03
-2.5286e+06 3.6341e+01 4.0425e+03 -8.0325e+03 8.7653e+01 9.3980e+03
-4.6498e+06 3.6333e+01 4.0709e+03 -8.0028e+03 1.6097e+01 9.4518e+03
-5.0298e+06 3.6327e+01 4.0989e+03 -7.9733e+03 -1.8135e+01 9.5039e+03
-4.1268e+06 3.6323e+01 4.1267e+03 -7.9439e+03 2.0628e+01 9.5538e+03
-4.6333e+06 3.6317e+01 4.1540e+03 -7.9147e+03 -2.4952e+00 9.6040e+03
-5.0627e+06 3.6314e+01 4.1811e+03 -7.8856e+03 8.7961e+00 9.6509e+03
-3.9715e+06 3.6313e+01 4.2078e+03 -7.8566e+03 3.9650e+00 9.7037e+03
-4.8017e+06 3.6313e+01 4.2341e+03 -7.8279e+03 2.5338e+01 9.7121e+03
-4.0004e+06 3.6310e+01 4.2602e+03 -7.7992e+03 -1.2162e+01 9.7266e+03
-4.5713e+06 3.6309e+01 3.2057e+03 -8.7503e+03 1.6905e+00 8.0311e+03
-4.5130e+06 3.6307e+01 3.2440e+03 -8.7193e+03 3.0714e+00 8.1207e+03
-4.5847e+06 3.6307e+01 3.2818e+03 -8.6882e+03 -1.6959e-01 8.1774e+03
-4.5602e+06 3.6306e+01 3.3191e+03 -8.6571e+03 -7.8796e-01 8.2505e+03
-4.5909e+06 3.6307e+01 3.3561e+03 -8.6260e+03 5.3842e-01 8.3208e+03
-4.4978e+06 3.6308e+01 3.3925e+03 -8.5949e+03 1.0071e+00 8.3902e+03
-4.6050e+06 3.6309e+01 3.4286e+03 -8.5637e+03 2.0918e-02 8.4588e+03
-4.5254e+06 3.6310e+01 3.4642e+03 -8.5325e+03 -1.0882e+00 8.5264e+03
-4.6518e+06 3.6310e+01 3.4994e+03 -8.5014e+03 -1.7974e+00 8.5931e+03
-4.5205e+06 3.6310e+01 3.5342e+03 -8.4702e+03 -2.2279e+00 8.6590e+03
-4.6718e+06 3.6311e+01 3.5685e+03 -8.4391e+03 -2.1743e+00 8.7239e+03
-4.4730e+06 3.6312e+01 3.6025e+03 -8.4081e+03 -1.7258e+00 8.7879e+03
-4.6407e+06 3.6313e+01 3.6360e+03 -8.3770e+03 -9.4118e-01 8.8509e+03
-4.4030e+06 3.6314e+01 3.6691e+03 -8.3461e+03 -8.6871e-01 8.9130e+03
-4.6852e+06 3.6316e+01 3.7018e+03 -8.3152e+03 -1.6310e+00 8.9743e+03
-4.2907e+06 3.6318e+01 3.7341e+03 -8.2843e+03 5.1245e+00 9.0344e+03
-4.5676e+06 3.6319e+01 3.7661e+03 -8.2535e+03 -9.2727e+00 9.0939e+03
-5.1255e+06 3.6321e+01 3.7976e+03 -8.2228e+03 -2.3427e+01 9.1531e+03
-4.2193e+06 3.6324e+01 3.8288e+03 -8.1923e+03 1.0412e+01 9.2103e+03
-3.5205e+06 3.6328e+01 3.8596e+03 -8.1618e+03 4.4234e+01 9.2662e+03
-3.9750e+06 3.6328e+01 3.8900e+03 -8.1314e+03 3.1040e+01 9.3219e+03
-4.5998e+06 3.6328e+01 3.9200e+03 -8.1011e+03 -6.1670e+00 9.3774e+03
-5.6202e+06 3.6326e+01 3.9497e+03 -8.0709e+03 -5.3232e+01 9.4323e+03
-6.1819e+06 3.6324e+01 3.9790e+03 -8.0409e+03 -9.1446e+01 9.4864e+03
-6.4410e+06 3.6322e+01 4.0079e+03 -8.0109e+03 -8.3641e+01 9.5393e+03
-4.5585e+06 3.6322e+01 4.0365e+03 -7.9812e+03 -1.5234e+01 9.5896e+03
-4.4504e+06 3.6320e+01 4.0647e+03 -7.9515e+03 3.3616e+00 9.6392e+03
-4.9552e+06 3.6317e+01 4.0926e+03 -7.9220e+03 -1.4223e+01 9.6899e+03
-4.8095e+06 3.6314e+01 4.1202e+03 -7.8927e+03 -3.6147e+00 9.7395e+03
-4.1006e+06 3.6312e+01 4.1474e+03 -7.8635e+03 1.0465e+01 9.7871e+03
-5.4501e+06 3.6312e+01 4.1743e+03 -7.8344e+03 -2.1359e+01 9.8302e+03
-4.2032e+06 3.6312e+01 4.2009e+03 -7.8056e+03 -8.6531e+00 9.8945e+03
-5.5145e+06 3.6309e+01 4.2271e+03 -7.7768e+03 -1.1047e+01 9.9809e+03
-4.5551e+06 3.6308e+01 3.1678e+03 -8.7311e+03 -4.7034e-02 8.1749e+03
-4.6055e+06 3.6307e+01 3.2062e+03 -8.6999e+03 -4.2505e-01 8.2610e+03
-4.5406e+06 3.6307e+01 3.2441e+03 -8.6688e+03 -1.6746e+00 8.3187e+03
-4.5756e+06 3.6307e+01 3.2816e+03 -8.6375e+03 -6.3994e-01 8.3910e+03
-4.5459e+06 3.6307e+01 3.3186e+03 -8.6063e+03 -1.5473e+00 8.4609e+03
-4.6425e+06 3.6308e+01 3.3552e+03 -8.5750e+03 -2.8905e+00 8.5299e+03
-4.5401e+06 3.6308e+01 3.3914e+03 -8.5437e+03 -2.2647e+00 8.5979e+03
-4.6220e+06 3.6309e+01 3.4271e+03 -8.5124e+03 -1.1651e+00 8.6651e+03
-4.5019e+06 3.6310e+01 3.4624e+03 -8.4812e+03 -1.1443e+00 8.7313e+03
-4.6245e+06 3.6310e+01 3.4973e+03 -8.4499e+03 -9.1970e-01 8.7966e+03
-4.4762e+06 3.6309e+01 3.5318e+03 -8.4187e+03 -1.0468e+00 8.8611e+03
-4.6558e+06 3.6310e+01 3.5659e+03 -8.3875e+03 -2.0290e+00 8.9245e+03
-4.4920e+06 3.6310e+01 3.5996e+03 -8.3564e+03 -3.2881e+00 8.9870e+03
-4.6919e+06 3.6311e+01 3.6328e+03 -8.3253e+03 -2.6711e+00 9.0488e+03
-4.4427e+06 3.6311e+01 3.6657e+03 -8.2942e+03 -2.6212e+00 9.1095e+03
-4.8005e+06 3.6311e+01 3.6982e+03 -8.2633e+03 -1.0217e+01 9.1694e+03
-4.5705e+06 3.6312e+01 3.7303e+03 -8.2324e+03 3.7486e-01 9.2284e+03
-4.1438e+06 3.6314e+01 3.7620e+03 -8.2016e+03 1.1268e+01 9.2860e+03
-4.8964e+06 3.6314e+01 3.7933e+03 -8.1709e+03 -1.8024e+01 9.3434e+03
-5.5173e+06 3.6315e+01 3.8242e+03 -8.1403e+03 -4.6446e+01 9.4004e+03
-5.1469e+06 3.6316e+01 3.8548e+03 -8.1098e+03 -3.5394e+01 9.4559e+03
-4.6750e+06 3.6318e+01 3.8850e+03 -8.0794e+03 -3.5975e+00 9.5099e+03
-3.8375e+06 3.6319e+01 3.9149e+03 -8.0491e+03 3.5346e+01 9.5630e+03
-3.4104e+06 3.6320e+01 3.9443e+03 -8.0190e+03 6.7653e+01 9.6150e+03
-3.1870e+06 3.6318e+01 3.9735e+03 -7.9889e+03 6.1639e+01 9.6665e+03
-4.7548e+06 3.6315e+01 4.0022e+03 -7.9591e+03 6.3554e+00 9.7183e+03
-4.8363e+06 3.6314e+01 4.0306e+03 -7.9293e+03 -1.0312e+01 9.7692e+03
-4.4215e+06 3.6313e+01 4.0587e+03 -7.8997e+03 6.3514e+00 9.8182e+03
-4.5157e+06 3.6311e+01 4.0865e+03 -7.8703e+03 1.3023e+00 9.8677e+03
-5.0882e+06 3.6309e+01 4.1139e+03 -7.8410e+03 -5.7761e+00 9.9135e+03
-4.0123e+06 3.6311e+01 4.1409e+03 -7.8118e+03 7.7532e+00 9.9660e+03
-4.9744e+06 3.6311e+01 4.1677e+03 -7.7828e+03 -9.9968e-01 9.9718e+03
-3.9037e+06 3.6308e+01 4.1941e+03 -7.7540e+03 1.0476e+01 9.9915e+03
-4.5732e+06 3.6305e+01 3.1302e+03 -8.7113e+03 3.1797e+00 8.3158e+03
-4.5244e+06 3.6305e+01 3.1687e+03 -8.6800e+03 3.1870e+00 8.4018e+03
-4.6028e+06 3.6307e+01 3.2067e+03 -8.6487e+03 -5.3276e-01 8.4589e+03
-4.5718e+06 3.6307e+01 3.2443e+03 -8.6174e+03 -9.7852e-01 8.5308e+03
-4.6115e+06 3.6307e+01 3.2814e+03 -8.5860e+03 5.8661e-01 8.6002e+03
-4.5195e+06 3.6307e+01 3.3181e+03 -8.5546e+03 1.6909e+00 8.6687e+03
-4.6071e+06 3.6306e+01 3.3544e+03 -8.5232e+03 2.0837e+00 8.7363e+03
-4.5286e+06 3.6307e+01 3.3902e+03 -8.4918e+03 1.2605e+00 8.8029e+03
-4.6477e+06 3.6308e+01 3.4257e+03 -8.4604e+03 -1.2730e-01 8.8687e+03
-4.5381e+06 3.6308e+01 3.4607e+03 -8.4291e+03 -1.0373e+00 8.9335e+03
-4.6693e+06 3.6307e+01 3.4953e+03 -8.3977e+03 -6.9395e-01 8.9974e+03
-4.5090e+06 3.6307e+01 3.5295e+03 -8.3664e+03 -3.2260e-01 9.0604e+03
-4.6514e+06 3.6307e+01 3.5633e+03 -8.3352e+03 7.0970e-01 9.1224e+03
-4.4714e+06 3.6307e+01 3.5968e+03 -8.3040e+03 3.1157e-01 9.1836e+03
-4.6869e+06 3.6308e+01 3.6298e+03 -8.2728e+03 5.1791e-01 9.2440e+03
-4.4052e+06 3.6308e+01 3.6624e+03 -8.2418e+03 5.1620e+00 9.3031e+03
-4.6080e+06 3.6308e+01 3.6946e+03 -8.2108e+03 -3.2593e+00 9.3617e+03
-4.9778e+06 3.6308e+01 3.7265e+03 -8.1799e+03 -1.3469e+01 9.4196e+03
-4.3749e+06 3.6310e+01 3.7580e+03 -8.1491e+03 1.1776e+01 9.4759e+03
-3.8958e+06 3.6312e+01 3.7891e+03 -8.1183e+03 3.3494e+01 9.5311e+03
-4.2099e+06 3.6312e+01 3.8198e+03 -8.0877e+03 2.5388e+01 9.5859e+03
-4.6411e+06 3.6312e+01 3.8502e+03 -8.0572e+03 -3.5242e+00 9.6402e+03
-5.3134e+06 3.6311e+01 3.8802e+03 -8.0269e+03 -3.3078e+01 9.6937e+03
-5.7148e+06 3.6310e+01 3.9098e+03 -7.9966e+03 -6.2939e+01 9.7465e+03
-5.8305e+06 3.6309e+01 3.9391e+03 -7.9665e+03 -5.0960e+01 9.7983e+03
-4.6287e+06 3.6310e+01 3.9680e+03 -7.9365e+03 -1.0898e+01 9.8481e+03
-4.4595e+06 3.6310e+01 3.9966e+03 -7.9067e+03 8.4288e+00 9.8971e+03
-4.9385e+06 3.6308e+01 4.0249e+03 -7.8770e+03 -1.5316e+01 9.9465e+03
-4.6559e+06 3.6308e+01 4.0528e+03 -7.8474e+03 4.6097e+00 9.9951e+03
-4.4260e+06 3.6307e+01 4.0804e+03 -7.8180e+03 -2.8326e+00 1.0042e+04
-4.9880e+06 3.6308e+01 4.1076e+03 -7.7888e+03 -2.7776e+00 1.0084e+04
-4.5908e+06 3.6308e+01 4.1345e+03 -7.7597e+03 -2.2079e+01 1.0144e+04
-4.8869e+06 3.6306e+01 4.1611e+03 -7.7308e+03 1.3276e+01 1.0222e+04
-4.5328e+06 3.6304e+01 3.0929e+03 -8.6909e+03 4.5265e+00 8.4558e+03
-4.5953e+06 3.6304e+01 3.1314e+03 -8.6595e+03 3.3900e+00 8.5412e+03
-4.5533e+06 3.6308e+01 3.1695e+03 -8.6281e+03 -5.2092e-01 8.5979e+03
-4.6064e+06 3.6308e+01 3.2072e+03 -8.5967e+03 -4.0084e-01 8.6692e+03
-4.5586e+06 3.6308e+01 3.2444e+03 -8.5652e+03 -1.8051e-01 8.7381e+03
-4.6423e+06 3.6308e+01 3.2812e+03 -8.5337e+03 -1.3499e-01 8.8062e+03
-4.5394e+06 3.6307e+01 3.3176e+03 -8.5022e+03 1.0153e+00 8.8734e+03
-4.6232e+06 3.6307e+01 3.3536e+03 -8.4707e+03 1.6550e+00 8.9395e+03
-4.5164e+06 3.6308e+01 3.3891e+03 -8.4392e+03 8.5041e-01 9.0047e+03
-4.6337e+06 3.6308e+01 3.4243e+03 -8.4077e+03 6.1093e-01 9.0691e+03
-4.5014e+06 3.6307e+01 3.4590e+03 -8.3763e+03 5.7865e-01 9.1326e+03
-4.6577e+06 3.6307e+01 3.4934e+03 -8.3448e+03 3.0483e-01 9.1950e+03
-4.5149e+06 3.6307e+01 3.5273e+03 -8.3135e+03 -3.2403e-01 9.2566e+03
-4.6924e+06 3.6306e+01 3.5608e+03 -8.2822e+03 -3.0381e-01 9.3174e+03
-4.4923e+06 3.6307e+01 3.5940e+03 -8.2509e+03 -1.3947e-01 9.3770e+03
-4.7633e+06 3.6307e+01 3.6268e+03 -8.2198e+03 -4.5447e+00 9.4360e+03
-4.5793e+06 3.6307e+01 3.6591e+03 -8.1887e+03 2.7642e+00 9.4940e+03
-4.3273e+06 3.6308e+01 3.6911e+03 -8.1577e+03 1.0066e+01 9.5507e+03
-4.8038e+06 3.6308e+01 3.7228e+03 -8.1268e+03 -1.0268e+01 9.6070e+03
-5.2631e+06 3.6308e+01 3.7540e+03 -8.0959e+03 -2.9774e+01 9.6627e+03
-4.9744e+06 3.6309e+01 3.7849e+03 -8.0652e+03 -2.2189e+01 9.7172e+03
-4.6920e+06 3.6310e+01 3.8154e+03 -8.0346e+03 3.1194e-01 9.7704e+03
-4.0810e+06 3.6311e+01 3.8456e+03 -8.0042e+03 2.7490e+01 9.8227e+03
-3.8316e+06 3.6311e+01 3.8754e+03 -7.9738e+03 4.9481e+01 9.8740e+03
-3.6427e+06 3.6311e+01 3.9049e+03 -7.9436e+03 4.3846e+01 9.9246e+03
-4.7328e+06 3.6309e+01 3.9340e+03 -7.9135e+03 6.4120e+00 9.9751e+03
-4.7440e+06 3.6308e+01 3.9627e+03 -7.8836e+03 -4.7565e+00 1.0025e+04
-4.4981e+06 3.6308e+01 3.9911e+03 -7.8538e+03 7.2464e+00 1.0073e+04
-4.5268e+06 3.6306e+01 4.0192e+03 -7.8242e+03 2.8304e+00 1.0121e+04
-4.9386e+06 3.6305e+01 4.0470e+03 -7.7947e+03 -8.7595e-01 1.0166e+04
-4.1963e+06 3.6308e+01 4.0744e+03 -7.7654e+03 5.6636e+00 1.0217e+04
-4.8405e+06 3.6308e+01 4.1015e+03 -7.7362e+03 2.1075e+00 1.0227e+04
-4.1011e+06 3.6304e+01 4.1283e+03 -7.7072e+03 7.0695e+00 1.0250e+04
-4.5780e+06 3.6304e+01 3.0558e+03 -8.6700e+03 3.7693e+00 8.5945e+03
-4.5326e+06 3.6305e+01 3.0944e+03 -8.6385e+03 3.1142e+00 8.6794e+03
-4.6258e+06 3.6308e+01 3.1325e+03 -8.6070e+03 -1.8008e+00 8.7356e+03
-4.5829e+06 3.6309e+01 3.1703e+03 -8.5754e+03 -2.3124e+00 8.8065e+03
-4.6383e+06 3.6309e+01 3.2076e+03 -8.5439e+03 -6.7896e-01 8.8749e+03
-4.5449e+06 3.6309e+01 3.2445e+03 -8.5122e+03 8.9450e-03 8.9425e+03
-4.6389e+06 3.6309e+01 3.2810e+03 -8.4806e+03 -3.1417e-01 9.0092e+03
-4.5457e+06 3.6308e+01 3.3171e+03 -8.4490e+03 -4.6040e-01 9.0748e+03
-4.6560e+06 3.6308e+01 3.3528e+03 -8.4174e+03 -6.7514e-01 9.1396e+03
-4.5398e+06 3.6307e+01 3.3880e+03 -8.3858e+03 -8.2379e-01 9.2036e+03
-4.6747e+06 3.6307e+01 3.4229e+03 -8.3543e+03 -1.3012e+00 9.2665e+03
-4.5248e+06 3.6307e+01 3.4573e+03 -8.3228e+03 -6.9703e-01 9.3284e+03
-4.6686e+06 3.6306e+01 3.4914e+03 -8.2913e+03 1.3495e-02 9.3896e+03
-4.5005e+06 3.6306e+01 3.5251e+03 -8.2599e+03 2.8129e-01 9.4498e+03
-4.6994e+06 3.6306e+01 3.5584e+03 -8.2286e+03 -1.3511e-01 9.5091e+03
-4.4601e+06 3.6307e+01 3.5913e+03 -8.1973e+03 3.6897e+00 9.5674e+03
-4.6518e+06 3.6307e+01 3.6238e+03 -8.1661e+03 -2.8265e+00 9.6248e+03
-4.8420e+06 3.6307e+01 3.6559e+03 -8.1350e+03 -8.5461e+00 9.6817e+03
-4.5004e+06 3.6308e+01 3.6877e+03 -8.1040e+03 7.7677e+00 9.7372e+03
-4.1012e+06 3.6309e+01 3.7191e+03 -8.0731e+03 2.4289e+01 9.7916e+03
-4.3966e+06 3.6309e+01 3.7501e+03 -8.0423e+03 1.6192e+01 9.8454e+03
-4.5918e+06 3.6309e+01 3.7808e+03 -8.0116e+03 -1.2184e+00 9.8986e+03
-5.1530e+06 3.6308e+01 3.8111e+03 -7.9811e+03 -2.4564e+01 9.9510e+03
-5.2995e+06 3.6308e+01 3.8411e+03 -7.9506e+03 -4.1075e+01 1.0003e+04
-5.5230e+06 3.6307e+01 3.8707e+03 -7.9203e+03 -3.8874e+01 1.0053e+04
-4.5452e+06 3.6308e+01 3.9000e+03 -7.8901e+03 -4.7114e+00 1.0102e+04
-4.6219e+06 3.6308e+01 3.9289e+03 -7.8601e+03 9.3763e-01 1.0151e+04
-4.6985e+06 3.6307e+01 3.9575e+03 -7.8302e+03 -3.8485e+00 1.0199e+04
-4.7939e+06 3.6306e+01 3.9857e+03 -7.8005e+03 -3.6112e+00 1.0246e+04
-4.2899e+06 3.6306e+01 4.0137e+03 -7.7710e+03 9.1657e+00 1.0292e+04
-5.0974e+06 3.6307e+01 4.0412e+03 -7.7416e+03 -1.5490e+01 1.0334e+04
-4.2995e+06 3.6308e+01 4.0685e+03 -7.7123e+03 -1.9242e-01 1.0389e+04
-5.1641e+06 3.6304e+01 4.0955e+03 -7.6833e+03 -1.1109e+01 1.0464e+04
-4.5479e+06 3.6305e+01 3.0189e+03 -8.6486e+03 3.0694e+00 8.7317e+03
-4.6145e+06 3.6306e+01 3.0576e+03 -8.6170e+03 1.7010e+00 8.8162e+03
-4.5700e+06 3.6308e+01 3.0958e+03 -8.5854e+03 -1.3254e+00 8.8720e+03
-4.6252e+06 3.6308e+01 3.1337e+03 -8.5537e+03 -6.1063e-01 8.9425e+03
-4.5735e+06 3.6309e+01 3.1711e+03 -8.5220e+03 -3.1840e-01 9.0105e+03
-4.6592e+06 3.6309e+01 3.2081e+03 -8.4903e+03 -1.1631e+00 9.0776e+03
-4.5696e+06 3.6310e+01 3.2447e+03 -8.4586e+03 -1.3292e+00 9.1437e+03
-4.6433e+06 3.6308e+01 3.2808e+03 -8.4269e+03 2.8293e-01 9.2089e+03
-4.5258e+06 3.6306e+01 3.3166e+03 -8.3952e+03 1.9606e+00 9.2732e+03
-4.6288e+06 3.6305e+01 3.3520e+03 -8.3635e+03 2.2400e+00 9.3366e+03
-4.5212e+06 3.6306e+01 3.3869e+03 -8.3319e+03 6.3093e-01 9.3991e+03
-4.6635e+06 3.6306e+01 3.4215e+03 -8.3003e+03 -3.5736e-02 9.4606e+03
-4.5404e+06 3.6306e+01 3.4557e+03 -8.2687e+03 -4.3092e-01 9.5213e+03
-4.6908e+06 3.6306e+01 3.4895e+03 -8.2372e+03 -9.6216e-02 9.5810e+03
-4.5290e+06 3.6306e+01 3.5229e+03 -8.2058e+03 -2.2526e-01 9.6398e+03
-4.7384e+06 3.6306e+01 3.5560e+03 -8.1744e+03 -2.9345e+00 9.6978e+03
-4.5937e+06 3.6307e+01 3.5886e+03 -8.1431e+03 1.4506e+00 9.7548e+03
-4.4480e+06 3.6308e+01 3.6209e+03 -8.1119e+03 6.9663e+00 9.8106e+03
-4.7461e+06 3.6308e+01 3.6528e+03 -8.0808e+03 -7.5384e+00 9.8659e+03
-5.0734e+06 3.6307e+01 3.6843e+03 -8.0498e+03 -1.9657e+01 9.9205e+03
-4.8584e+06 3.6307e+01 3.7155e+03 -8.0190e+03 -1.5144e+01 9.9739e+03
-4.6809e+06 3.6308e+01 3.7463e+03 -7.9882e+03 1.6224e+00 1.0026e+04
-4.2598e+06 3.6309e+01 3.7768e+03 -7.9575e+03 1.8262e+01 1.0078e+04
-4.0922e+06 3.6309e+01 3.8069e+03 -7.9270e+03 3.5502e+01 1.0128e+04
-3.9730e+06 3.6309e+01 3.8367e+03 -7.8966e+03 2.8683e+01 1.0178e+04
-4.6800e+06 3.6308e+01 3.8661e+03 -7.8664e+03 6.6724e+00 1.0227e+04
-4.7257e+06 3.6307e+01 3.8952e+03 -7.8363e+03 -5.9000e+00 1.0276e+04
-4.5027e+06 3.6307e+01 3.9239e+03 -7.8063e+03 7.4570e+00 1.0323e+04
-4.6107e+06 3.6306e+01 3.9523e+03 -7.7765e+03 -3.0221e+00 1.0371e+04
-4.7639e+06 3.6306e+01 3.9804e+03 -7.7469e+03 4.4840e+00 1.0415e+04
-4.4380e+06 3.6307e+01 4.0082e+03 -7.7174e+03 -4.8331e+00 1.0464e+04
-4.6311e+06 3.6308e+01 4.0356e+03 -7.6881e+03 7.9787e+00 1.0476e+04
-4.4230e+06 3.6305e+01 4.0627e+03 -7.6589e+03 -4.6276e+00 1.0504e+04
-4.5937e+06 3.6305e+01 2.9823e+03 -8.6267e+03 3.3612e+00 8.8677e+03
-4.5484e+06 3.6305e+01 3.0211e+03 -8.5950e+03 2.4916e+00 8.9518e+03
-4.6290e+06 3.6307e+01 3.0594e+03 -8.5632e+03 -6.5435e-01 9.0071e+03
-4.5800e+06 3.6308e+01 3.0973e+03 -8.5315e+03 -9.7135e-02 9.0771e+03
-4.6440e+06 3.6308e+01 3.1348e+03 -8.4997e+03 7.7940e-01 9.1446e+03
-4.5645e+06 3.6309e+01 3.1718e+03 -8.4679e+03 1.2250e-01 9.2111e+03
-4.6543e+06 3.6309e+01 3.2085e+03 -8.4361e+03 -5.2261e-01 9.2769e+03
-4.5575e+06 3.6307e+01 3.2448e+03 -8.4043e+03 2.9532e-01 9.3416e+03
-4.6477e+06 3.6305e+01 3.2807e+03 -8.3725e+03 1.5578e+00 9.4055e+03
-4.5420e+06 3.6304e+01 3.3161e+03 -8.3407e+03 1.3188e+00 9.4685e+03
-4.6705e+06 3.6305e+01 3.3512e+03 -8.3090e+03 -7.5570e-02 9.5305e+03
-4.5465e+06 3.6306e+01 3.3859e+03 -8.2773e+03 -3.8425e-01 9.5915e+03
-4.6735e+06 3.6306e+01 3.4202e+03 -8.2456e+03 3.3578e-01 9.6517e+03
-4.5330e+06 3.6306e+01 3.4541e+03 -8.2141e+03 3.9915e-01 9.7109e+03
-4.6967e+06 3.6306e+01 3.4876e+03 -8.1825e+03 2.4201e-01 9.7693e+03
-4.5119e+06 3.6307e+01 3.5208e+03 -8.1511e+03 2.4961e+00 9.8267e+03
-4.6633e+06 3.6307e+01 3.5536e+03 -8.1197e+03 -1.3298e+00 9.8832e+03
-4.7683e+06 3.6307e+01 3.5860e+03 -8.0884e+03 -5.7548e+00 9.9390e+03
-4.5597e+06 3.6308e+01 3.6180e+03 -8.0572e+03 5.8915e+00 9.9936e+03
-4.2714e+06 3.6308e+01 3.6497e+03 -8.0262e+03 1.6397e+01 1.0047e+04
-4.4816e+06 3.6308e+01 3.6810e+03 -7.9952e+03 1.2299e+01 1.0100e+04
-4.5991e+06 3.6308e+01 3.7120e+03 -7.9643e+03 -9.1974e-01 1.0152e+04
-4.9816e+06 3.6308e+01 3.7426e+03 -7.9336e+03 -1.5561e+01 1.0204e+04
-5.0824e+06 3.6307e+01 3.7729e+03 -7.9030e+03 -2.9055e+01 1.0254e+04
-5.2158e+06 3.6307e+01 3.8028e+03 -7.8725e+03 -2.4578e+01 1.0304e+04
-4.5863e+06 3.6307e+01 3.8324e+03 -7.8422e+03 -4.6003e+00 1.0352e+04
-4.5877e+06 3.6306e+01 3.8616e+03 -7.8120e+03 3.7750e+00 1.0399e+04
-4.7033e+06 3.6306e+01 3.8905e+03 -7.7820e+03 -5.0855e+00 1.0447e+04
-4.6698e+06 3.6306e+01 3.9191e+03 -7.7521e+03 2.7326e+00 1.0493e+04
-4.4685e+06 3.6305e+01 3.9473e+03 -7.7224e+03 2.6099e+00 1.0538e+04
-4.8344e+06 3.6307e+01 3.9752e+03 -7.6928e+03 -4.7312e+00 1.0580e+04
-4.5441e+06 3.6308e+01 4.0028e+03 -7.6634e+03 -1.0299e+01 1.0630e+04
-4.8170e+06 3.6307e+01 4.0301e+03 -7.6342e+03 4.2007e+00 1.0701e+04
-4.5559e+06 3.6305e+01 2.9460e+03 -8.6042e+03 3.1610e+00 9.0023e+03
-4.6235e+06 3.6305e+01 2.9848e+03 -8.5725e+03 2.3193e+00 9.0860e+03
-4.5711e+06 3.6307e+01 3.0232e+03 -8.5406e+03 1.8889e-01 9.1408e+03
-4.6353e+06 3.6307e+01 3.0611e+03 -8.5088e+03 1.0105e+00 9.2104e+03
-4.5771e+06 3.6308e+01 3.0987e+03 -8.4769e+03 7.4663e-01 9.2774e+03
-4.6664e+06 3.6308e+01 3.1358e+03 -8.4450e+03 -4.1382e-01 9.3435e+03
-4.5738e+06 3.6308e+01 3.1726e+03 -8.4131e+03 -2.4224e-01 9.4088e+03
-4.6576e+06 3.6307e+01 3.2089e+03 -8.3812e+03 5.5813e-01 9.4731e+03
-4.5489e+06 3.6306e+01 3.2449e+03 -8.3493e+03 9.0855e-01 9.5364e+03
-4.6566e+06 3.6306e+01 3.2805e+03 -8.3175e+03 7.0678e-01 9.5989e+03
-4.5442e+06 3.6306e+01 3.3157e+03 -8.2857e+03 2.1544e-01 9.6605e+03
-4.6790e+06 3.6306e+01 3.3504e+03 -8.2539e+03 -1.2566e-01 9.7211e+03
-4.5557e+06 3.6306e+01 3.3849e+03 -8.2221e+03 -1.4679e-01 9.7809e+03
-4.7017e+06 3.6306e+01 3.4189e+03 -8.1905e+03 -2.2796e-01 9.8397e+03
-4.5479e+06 3.6307e+01 3.4525e+03 -8.1589e+03 1.0969e-01 9.8975e+03
-4.7349e+06 3.6307e+01 3.4858e+03 -8.1273e+03 -2.3206e+00 9.9545e+03
-4.5907e+06 3.6307e+01 3.5187e+03 -8.0959e+03 1.2335e+00 1.0011e+04
-4.5443e+06 3.6308e+01 3.5512e+03 -8.0645e+03 4.3205e+00 1.0066e+04
-4.6859e+06 3.6308e+01 3.5834e+03 -8.0333e+03 -4.5534e+00 1.0120e+04
-4.9644e+06 3.6308e+01 3.6152e+03 -8.0021e+03 -1.3953e+01 1.0173e+04
-4.7525e+06 3.6308e+01 3.6467e+03 -7.9710e+03 -9.3389e+00 1.0226e+04
-4.7074e+06 3.6308e+01 3.6778e+03 -7.9401e+03 1.1412e-01 1.0277e+04
-4.3394e+06 3.6308e+01 3.7085e+03 -7.9093e+03 1.3734e+01 1.0328e+04
-4.3169e+06 3.6308e+01 3.7389e+03 -7.8786e+03 2.2552e+01 1.0378e+04
-4.1281e+06 3.6308e+01 3.7690e+03 -7.8481e+03 2.1925e+01 1.0426e+04
-4.7204e+06 3.6306e+01 3.7987e+03 -7.8177e+03 2.2266e+00 1.0475e+04
-4.6109e+06 3.6306e+01 3.8281e+03 -7.7874e+03 -5.2227e-01 1.0522e+04
-4.6320e+06 3.6306e+01 3.8571e+03 -7.7573e+03 1.6276e-01 1.0569e+04
-4.5069e+06 3.6306e+01 3.8859e+03 -7.7273e+03 3.2680e+00 1.0615e+04
-4.8531e+06 3.6306e+01 3.9143e+03 -7.6976e+03 -3.9596e+00 1.0658e+04
-4.3440e+06 3.6308e+01 3.9423e+03 -7.6679e+03 4.4015e+00 1.0706e+04
-4.8325e+06 3.6309e+01 3.9701e+03 -7.6385e+03 -7.5136e+00 1.0721e+04
-4.2298e+06 3.6308e+01 3.9975e+03 -7.6092e+03 1.1508e+01 1.0750e+04
-4.6142e+06 3.6305e+01 2.9099e+03 -8.5814e+03 2.7910e+00 9.1356e+03
-4.5692e+06 3.6306e+01 2.9487e+03 -8.5495e+03 2.3159e+00 9.2188e+03
-4.6492e+06 3.6308e+01 2.9872e+03 -8.5176e+03 -6.4026e-01 9.2732e+03
-4.5972e+06 3.6308e+01 3.0252e+03 -8.4856e+03 -6.4142e-01 9.3423e+03
-4.6637e+06 3.6308e+01 3.0628e+03 -8.4537e+03 -1.3739e-01 9.4089e+03
-4.5806e+06 3.6308e+01 3.1001e+03 -8.4217e+03 2.5137e-02 9.4746e+03
-4.6643e+06 3.6307e+01 3.1369e+03 -8.3897e+03 8.0332e-02 9.5394e+03
-4.5762e+06 3.6307e+01 3.1733e+03 -8.3577e+03 -1.1785e-03 9.6033e+03
-4.6762e+06 3.6307e+01 3.2094e+03 -8.3258e+03 -5.2761e-01 9.6662e+03
-4.5766e+06 3.6307e+01 3.2450e+03 -8.2938e+03 -7.1686e-01 9.7281e+03
-4.6879e+06 3.6307e+01 3.2803e+03 -8.2619e+03 -6.3050e-01 9.7892e+03
-4.5681e+06 3.6307e+01 3.3152e+03 -8.2300e+03 -1.9757e-01 9.8494e+03
-4.6863e+06 3.6307e+01 3.3497e+03 -8.1982e+03 2.2198e-01 9.9088e+03
-4.5588e+06 3.6307e+01 3.3838e+03 -8.1665e+03 1.6995e-01 9.9670e+03
-4.7040e+06 3.6307e+01 3.4176e+03 -8.1348e+03 2.8222e-02 1.0024e+04
-4.5461e+06 3.6308e+01 3.4510e+03 -8.1032e+03 1.5650e+00 1.0081e+04
-4.6794e+06 3.6308e+01 3.4840e+03 -8.0717e+03 -1.0248e+00 1.0137e+04
-4.7138e+06 3.6308e+01 3.5167e+03 -8.0402e+03 -3.9354e+00 1.0191e+04
-4.6103e+06 3.6308e+01 3.5490e+03 -8.0089e+03 3.9646e+00 1.0245e+04
-4.3808e+06 3.6308e+01 3.5809e+03 -7.9776e+03 1.1066e+01 1.0298e+04
-4.5567e+06 3.6308e+01 3.6125e+03 -7.9465e+03 8.2061e+00 1.0350e+04
-4.5935e+06 3.6308e+01 3.6437e+03 -7.9155e+03 -6.0003e-01 1.0401e+04
-4.8845e+06 3.6307e+01 3.6746e+03 -7.8846e+03 -1.0453e+01 1.0451e+04
-4.9107e+06 3.6307e+01 3.7051e+03 -7.8539e+03 -1.9513e+01 1.0501e+04
-5.0365e+06 3.6306e+01 3.7353e+03 -7.8233e+03 -1.6635e+01 1.0549e+04
-4.5768e+06 3.6306e+01 3.7652e+03 -7.7928e+03 -2.9584e+00 1.0597e+04
-4.6119e+06 3.6306e+01 3.7947e+03 -7.7625e+03 2.7452e+00 1.0644e+04
-4.6506e+06 3.6305e+01 3.8239e+03 -7.7323e+03 -3.0533e+00 1.0690e+04
-4.6647e+06 3.6306e+01 3.8528e+03 -7.7023e+03 2.3293e+00 1.0736e+04
-4.5003e+06 3.6306e+01 3.8813e+03 -7.6724e+03 2.7331e+00 1.0779e+04
-4.7830e+06 3.6309e+01 3.9095e+03 -7.6427e+03 -4.2319e+00 1.0820e+04
-4.5590e+06 3.6310e+01 3.9375e+03 -7.6132e+03 -7.3885e+00 1.0868e+04
-4.7779e+06 3.6309e+01 3.9650e+03 -7.5838e+03 2.8327e+00 1.0934e+04
-4.5809e+06 3.6306e+01 2.8741e+03 -8.5580e+03 2.3791e+00 9.2676e+03
-4.6498e+06 3.6307e+01 2.9130e+03 -8.5261e+03 1.6348e+00 9.3504e+03
-4.6053e+06 3.6309e+01 2.9514e+03 -8.4941e+03 -1.1412e+00 9.4043e+03
-4.6663e+06 3.6309e+01 2.9895e+03 -8.4620e+03 -9.2699e-01 9.4729e+03
-4.6024e+06 3.6309e+01 3.0272e+03 -8.4300e+03 -4.9510e-01 9.5390e+03
-4.6760e+06 3.6308e+01 3.0645e+03 -8.3979e+03 -3.2995e-01 9.6043e+03
-4.5907e+06 3.6307e+01 3.1014e+03 -8.3659e+03 -2.5366e-01 9.6687e+03
-4.6742e+06 3.6307e+01 3.1379e+03 -8.3338e+03 -1.1669e-01 9.7321e+03
-4.5815e+06 3.6307e+01 3.1740e+03 -8.3018e+03 -2.0461e-01 9.7945e+03
-4.6779e+06 3.6307e+01 3.2098e+03 -8.2697e+03 9.1509e-02 9.8561e+03
-4.5738e+06 3.6307e+01 3.2452e+03 -8.2378e+03 8.7383e-02 9.9168e+03
-4.6886e+06 3.6307e+01 3.2801e+03 -8.2058e+03 1.2684e-01 9.9765e+03
-4.5811e+06 3.6307e+01 3.3147e+03 -8.1739e+03 -1.7438e-01 1.0035e+04
-4.7042e+06 3.6308e+01 3.3490e+03 -8.1421e+03 -4.4235e-02 1.0093e+04
-4.5761e+06 3.6308e+01 3.3828e+03 -8.1103e+03 -1.0362e-01 1.0150e+04
-4.7231e+06 3.6308e+01 3.4163e+03 -8.0786e+03 -1.3815e+00 1.0206e+04
-4.6058e+06 3.6308e+01 3.4495e+03 -8.0470e+03 4.5216e-01 1.0261e+04
-4.5919e+06 3.6308e+01 3.4822e+03 -8.0155e+03 3.4634e+00 1.0315e+04
-4.6677e+06 3.6308e+01 3.5146e+03 -7.9841e+03 -2.8894e+00 1.0369e+04
-4.8686e+06 3.6308e+01 3.5467e+03 -7.9528e+03 -8.5172e+00 1.0421e+04
-4.7167e+06 3.6308e+01 3.5784e+03 -7.9216e+03 -6.6393e+00 1.0473e+04
-4.6870e+06 3.6308e+01 3.6098e+03 -7.8905e+03 1.5433e+00 1.0524e+04
-4.4410e+06 3.6307e+01 3.6408e+03 -7.8596e+03 8.4973e+00 1.0573e+04
-4.4115e+06 3.6307e+01 3.6715e+03 -7.8288e+03 1.6534e+01 1.0622e+04
-4.3081e+06 3.6307e+01 3.7018e+03 -7.7981e+03 1.2920e+01 1.0670e+04
-4.6602e+06 3.6306e+01 3.7318e+03 -7.7675e+03 3.7167e+00 1.0717e+04
-4.6478e+06 3.6305e+01 3.7615e+03 -7.7372e+03 -3.1615e+00 1.0764e+04
-4.5765e+06 3.6305e+01 3.7908e+03 -7.7069e+03 3.6718e+00 1.0810e+04
-4.6129e+06 3.6305e+01 3.8198e+03 -7.6768e+03 -2.2507e+00 1.0855e+04
-4.6886e+06 3.6307e+01 3.8485e+03 -7.6469e+03 3.7548e+00 1.0897e+04
-4.5648e+06 3.6309e+01 3.8769e+03 -7.6172e+03 -5.6696e+00 1.0944e+04
-4.6082e+06 3.6311e+01 3.9049e+03 -7.5876e+03 3.5762e+00 1.0960e+04
-4.5534e+06 3.6309e+01 3.9326e+03 -7.5582e+03 -3.3303e+00 1.0992e+04
-4.6415e+06 3.6306e+01 2.8385e+03 -8.5342e+03 2.3559e+00 9.3981e+03
-4.5986e+06 3.6307e+01 2.8774e+03 -8.5022e+03 1.9209e+00 9.4805e+03
-4.6776e+06 3.6310e+01 2.9160e+03 -8.4701e+03 -1.3095e+00 9.5340e+03
-4.6205e+06 3.6309e+01 2.9541e+03 -8.4380e+03 -1.3531e+00 9.6022e+03
-4.6821e+06 3.6309e+01 2.9918e+03 -8.4059e+03 -6.9913e-02 9.6679e+03
-4.5948e+06 3.6308e+01 3.0292e+03 -8.3738e+03 1.1134e+00 9.7327e+03
-4.6768e+06 3.6307e+01 3.0662e+03 -8.3416e+03 7.1209e-01 9.7966e+03
-4.5942e+06 3.6307e+01 3.1027e+03 -8.3095e+03 -1.7737e-01 9.8595e+03
-4.6916e+06 3.6307e+01 3.1389e+03 -8.2774e+03 -5.3928e-01 9.9215e+03
-4.5943e+06 3.6307e+01 3.1748e+03 -8.2453e+03 -2.3334e-01 9.9827e+03
-4.7005e+06 3.6307e+01 3.2102e+03 -8.2132e+03 -2.8846e-01 1.0043e+04
-4.5874e+06 3.6308e+01 3.2453e+03 -8.1812e+03 1.0456e-02 1.0102e+04
-4.7001e+06 3.6308e+01 3.2800e+03 -8.1492e+03 1.3701e-01 1.0160e+04
-4.5793e+06 3.6308e+01 3.3143e+03 -8.1173e+03 2.6741e-01 1.0218e+04
-4.7122e+06 3.6308e+01 3.3483e+03 -8.0855e+03 -3.5419e-02 1.0274e+04
-4.5689e+06 3.6308e+01 3.3819e+03 -8.0537e+03 1.2426e+00 1.0330e+04
-4.6929e+06 3.6308e+01 3.4151e+03 -8.0221e+03 -7.5996e-01 1.0385e+04
-4.6748e+06 3.6308e+01 3.4480e+03 -7.9905e+03 -2.1108e+00 1.0439e+04
-4.6529e+06 3.6308e+01 3.4805e+03 -7.9590e+03 2.2898e+00 1.0491e+04
-4.4689e+06 3.6309e+01 3.5127e+03 -7.9276e+03 5.5339e+00 1.0543e+04
-4.6300e+06 3.6308e+01 3.5445e+03 -7.8964e+03 2.9775e+00 1.0594e+04
-4.5883e+06 3.6308e+01 3.5760e+03 -7.8652e+03 9.6288e-02 1.0645e+04
-4.8269e+06 3.6307e+01 3.6071e+03 -7.8342e+03 -7.1980e+00 1.0694e+04
-4.7859e+06 3.6306e+01 3.6379e+03 -7.8033e+03 -1.2340e+01 1.0743e+04
-4.9301e+06 3.6306e+01 3.6684e+03 -7.7726e+03 -1.2128e+01 1.0790e+04
-4.5553e+06 3.6305e+01 3.6985e+03 -7.7420e+03 -6.0654e-01 1.0837e+04
-4.6510e+06 3.6305e+01 3.7283e+03 -7.7115e+03 5.0110e-01 1.0883e+04
-4.5890e+06 3.6304e+01 3.7578e+03 -7.6812e+03 -4.5576e-02 1.0928e+04
-4.6974e+06 3.6305e+01 3.7869e+03 -7.6511e+03 -5.0060e-01 1.0973e+04
-4.4762e+06 3.6306e+01 3.8158e+03 -7.6211e+03 6.0900e+00 1.1016e+04
-4.8075e+06 3.6309e+01 3.8443e+03 -7.5913e+03 -7.6552e+00 1.1057e+04
-4.4895e+06 3.6311e+01 3.8725e+03 -7.5617e+03 -8.8500e-01 1.1100e+04
-4.8416e+06 3.6308e+01 3.9003e+03 -7.5322e+03 -2.9228e+00 1.1165e+04
-4.6049e+06 3.6307e+01 2.8032e+03 -8.5100e+03 2.2578e+00 9.5273e+03
-4.6734e+06 3.6308e+01 2.8422e+03 -8.4779e+03 1.6876e+00 9.6093e+03
-4.6259e+06 3.6310e+01 2.8807e+03 -8.4458e+03 -1.1627e+00 9.6623e+03
-4.6859e+06 3.6310e+01 2.9189e+03 -8.4136e+03 -1.0848e+00 9.7301e+03
-4.6148e+06 3.6309e+01 2.9567e+03 -8.3814e+03 -2.2273e-01 9.7954e+03
-4.6857e+06 3.6308e+01 2.9941e+03 -8.3492e+03 5.0043e-01 9.8598e+03
-4.6036e+06 3.6307e+01 3.0311e+03 -8.3170e+03 4.5016e-01 9.9232e+03
-4.6907e+06 3.6307e+01 3.0678e+03 -8.2848e+03 -3.6126e-02 9.9857e+03
-4.5998e+06 3.6307e+01 3.1040e+03 -8.2526e+03 -1.3621e-01 1.0047e+04
-4.6942e+06 3.6307e+01 3.1399e+03 -8.2204e+03 1.0930e-01 1.0108e+04
-4.5927e+06 3.6308e+01 3.1754e+03 -8.1883e+03 1.1490e-01 1.0168e+04
-4.7031e+06 3.6308e+01 3.2106e+03 -8.1562e+03 5.8086e-03 1.0227e+04
-4.5971e+06 3.6308e+01 3.2454e+03 -8.1242e+03 -4.9829e-02 1.0284e+04
-4.7139e+06 3.6309e+01 3.2798e+03 -8.0922e+03 -1.0466e-01 1.0341e+04
-4.5901e+06 3.6308e+01 3.3139e+03 -8.0603e+03 -1.9951e-02 1.0398e+04
-4.7237e+06 3.6308e+01 3.3475e+03 -8.0285e+03 -1.1048e+00 1.0453e+04
-4.6063e+06 3.6308e+01 3.3809e+03 -7.9967e+03 4.1624e-01 1.0507e+04
-4.6354e+06 3.6308e+01 3.4139e+03 -7.9651e+03 2.4568e+00 1.0560e+04
-4.6453e+06 3.6308e+01 3.4465e+03 -7.9336e+03 -1.7847e+00 1.0613e+04
-4.8316e+06 3.6308e+01 3.4788e+03 -7.9021e+03 -7.8235e+00 1.0664e+04
-4.6825e+06 3.6308e+01 3.5107e+03 -7.8708e+03 -5.9757e+00 1.0715e+04
-4.7018e+06 3.6307e+01 3.5423e+03 -7.8396e+03 3.6730e-01 1.0765e+04
-4.4790e+06 3.6307e+01 3.5736e+03 -7.8085e+03 6.4702e+00 1.0814e+04
-4.5167e+06 3.6307e+01 3.6045e+03 -7.7776e+03 1.0271e+01 1.0862e+04
-4.3846e+06 3.6306e+01 3.6351e+03 -7.7468e+03 9.4571e+00 1.0909e+04
-4.6867e+06 3.6306e+01 3.6653e+03 -7.7161e+03 1.3564e+00 1.0955e+04
-4.6003e+06 3.6305e+01 3.6953e+03 -7.6856e+03 -6.1324e-01 1.1001e+04
-4.6392e+06 3.6305e+01 3.7249e+03 -7.6552e+03 4.9941e-01 1.1045e+04
-4.5621e+06 3.6305e+01 3.7542e+03 -7.6250e+03 1.3479e+00 1.1090e+04
-4.7334e+06 3.6306e+01 3.7831e+03 -7.5950e+03 4.8200e-01 1.1132e+04
-4.5143e+06 3.6309e+01 3.8118e+03 -7.5651e+03 -6.1544e-01 1.1177e+04
-4.7077e+06 3.6311e+01 3.8401e+03 -7.5354e+03 -3.6787e+00 1.1194e+04
-4.4501e+06 3.6308e+01 3.8681e+03 -7.5059e+03 5.4111e+00 1.1228e+04
-4.6636e+06 3.6307e+01 2.7682e+03 -8.4854e+03 2.3369e+00 9.6551e+03
-4.6220e+06 3.6308e+01 2.8072e+03 -8.4533e+03 1.8035e+00 9.7367e+03
-4.6892e+06 3.6310e+01 2.8457e+03 -8.4210e+03 -1.1255e+00 9.7893e+03
-4.6296e+06 3.6309e+01 2.8840e+03 -8.3888e+03 -6.5546e-01 9.8567e+03
-4.6872e+06 3.6308e+01 2.9218e+03 -8.3565e+03 1.5537e-01 9.9215e+03
-4.6160e+06 3.6308e+01 2.9592e+03 -8.3242e+03 -9.2431e-02 9.9854e+03
-4.6937e+06 3.6308e+01 2.9963e+03 -8.2919e+03 -5.4965e-01 1.0048e+04
-4.6159e+06 3.6308e+01 3.0330e+03 -8.2597e+03 -4.3997e-01 1.0111e+04
-4.7010e+06 3.6307e+01 3.0694e+03 -8.2274e+03 -3.4621e-01 1.0172e+04
-4.6138e+06 3.6308e+01 3.1053e+03 -8.1952e+03 -2.7618e-01 1.0232e+04
-4.7079e+06 3.6308e+01 3.1409e+03 -8.1630e+03 -2.2358e-01 1.0291e+04
-4.6085e+06 3.6308e+01 3.1761e+03 -8.1308e+03 -1.2609e-01 1.0350e+04
-4.7060e+06 3.6309e+01 3.2110e+03 -8.0987e+03 1.0297e-01 1.0407e+04
-4.6009e+06 3.6309e+01 3.2455e+03 -8.0667e+03 -2.6143e-02 1.0464e+04
-4.7112e+06 3.6308e+01 3.2796e+03 -8.0347e+03 6.5465e-03 1.0519e+04
-4.5925e+06 3.6308e+01 3.3134e+03 -8.0029e+03 6.8005e-01 1.0574e+04
-4.6932e+06 3.6308e+01 3.3469e+03 -7.9711e+03 -2.9497e-01 1.0628e+04
-4.6599e+06 3.6307e+01 3.3799e+03 -7.9394e+03 -1.7165e+00 1.0681e+04
-4.6612e+06 3.6307e+01 3.4127e+03 -7.9078e+03 2.2563e+00 1.0733e+04
-4.5178e+06 3.6308e+01 3.4451e+03 -7.8763e+03 4.6684e+00 1.0784e+04
-4.6356e+06 3.6308e+01 3.4771e+03 -7.8449e+03 3.6939e+00 1.0834e+04
-4.6008e+06 3.6307e+01 3.5088e+03 -7.8136e+03 -1.7964e-01 1.0883e+04
-4.7605e+06 3.6306e+01 3.5402e+03 -7.7825e+03 -3.3529e+00 1.0932e+04
-4.7365e+06 3.6306e+01 3.5712e+03 -7.7515e+03 -8.5057e+00 1.0980e+04
-4.8220e+06 3.6306e+01 3.6019e+03 -7.7206e+03 -6.6268e+00 1.1026e+04
-4.6001e+06 3.6306e+01 3.6323e+03 -7.6899e+03 -2.1465e+00 1.1072e+04
-4.6238e+06 3.6306e+01 3.6624e+03 -7.6594e+03 2.4383e+00 1.1117e+04
-4.6405e+06 3.6306e+01 3.6921e+03 -7.6289e+03 -2.6936e+00 1.1162e+04
-4.6307e+06 3.6306e+01 3.7215e+03 -7.5987e+03 3.6280e+00 1.1206e+04
-4.5956e+06 3.6307e+01 3.7506e+03 -7.5686e+03 3.8744e-01 1.1248e+04
-4.6688e+06 3.6309e+01 3.7794e+03 -7.5387e+03 -6.3678e-01 1.1288e+04
-4.6494e+06 3.6310e+01 3.8079e+03 -7.5089e+03 -8.8737e+00 1.1329e+04
-4.6271e+06 3.6307e+01 3.8360e+03 -7.4794e+03 8.0136e+00 1.1390e+04
-4.6283e+06 3.6308e+01 2.7334e+03 -8.4605e+03 2.2974e+00 9.7816e+03
-4.6879e+06 3.6308e+01 2.7724e+03 -8.4282e+03 1.5653e+00 9.8628e+03
-4.6368e+06 3.6309e+01 2.8110e+03 -8.3959e+03 -7.8366e-01 9.9150e+03
-4.6810e+06 3.6307e+01 2.8493e+03 -8.3636e+03 7.1535e-01 9.9818e+03
-4.6156e+06 3.6306e+01 2.8871e+03 -8.3312e+03 1.3143e+00 1.0046e+04
-4.6944e+06 3.6308e+01 2.9246e+03 -8.2989e+03 -2.5456e-01 1.0110e+04
-4.6264e+06 3.6312e+01 2.9617e+03 -8.2665e+03 -1.0941e+00 1.0172e+04
-4.7031e+06 3.6316e+01 2.9985e+03 -8.2342e+03 -4.9237e-01 1.0234e+04
-4.6179e+06 3.6314e+01 3.0349e+03 -8.2019e+03 -1.6032e-01 1.0295e+04
-4.7039e+06 3.6309e+01 3.0709e+03 -8.1696e+03 -1.3140e-01 1.0355e+04
-4.6119e+06 3.6308e+01 3.1066e+03 -8.1373e+03 -8.9162e-02 1.0413e+04
-4.7103e+06 3.6309e+01 3.1419e+03 -8.1051e+03 -1.0974e-01 1.0471e+04
-4.6134e+06 3.6309e+01 3.1768e+03 -8.0730e+03 -1.7617e-01 1.0528e+04
-4.7162e+06 3.6309e+01 3.2114e+03 -8.0409e+03 -2.7494e-01 1.0585e+04
-4.6048e+06 3.6308e+01 3.2456e+03 -8.0089e+03 -1.2562e-01 1.0640e+04
-4.7186e+06 3.6308e+01 3.2795e+03 -7.9769e+03 -7.9507e-01 1.0694e+04
-4.6127e+06 3.6308e+01 3.3130e+03 -7.9451e+03 2.6928e-01 1.0747e+04
-4.6583e+06 3.6307e+01 3.3462e+03 -7.9133e+03 1.4418e+00 1.0800e+04
-4.6306e+06 3.6307e+01 3.3790e+03 -7.8817e+03 -9.3335e-01 1.0851e+04
-4.7724e+06 3.6307e+01 3.4115e+03 -7.8501e+03 -3.5168e+00 1.0902e+04
-4.6449e+06 3.6307e+01 3.4436e+03 -7.8187e+03 -2.3921e+00 1.0952e+04
-4.6946e+06 3.6307e+01 3.4755e+03 -7.7874e+03 3.9482e-01 1.1001e+04
-4.5203e+06 3.6307e+01 3.5069e+03 -7.7562e+03 4.7040e+00 1.1049e+04
-4.5729e+06 3.6307e+01 3.5381e+03 -7.7251e+03 7.5667e+00 1.1096e+04
-4.4614e+06 3.6307e+01 3.5689e+03 -7.6942e+03 6.9226e+00 1.1142e+04
-4.6890e+06 3.6307e+01 3.5994e+03 -7.6634e+03 1.3882e+00 1.1188e+04
-4.6092e+06 3.6307e+01 3.6296e+03 -7.6328e+03 2.7509e-01 1.1233e+04
-4.6580e+06 3.6307e+01 3.6594e+03 -7.6024e+03 7.0841e-01 1.1277e+04
-4.5852e+06 3.6307e+01 3.6890e+03 -7.5721e+03 1.5125e+00 1.1320e+04
-4.7183e+06 3.6307e+01 3.7182e+03 -7.5419e+03 4.5009e-01 1.1361e+04
-4.5584e+06 3.6309e+01 3.7471e+03 -7.5120e+03 -1.9609e+00 1.1405e+04
-4.6957e+06 3.6310e+01 3.7757e+03 -7.4822e+03 -4.0498e+00 1.1424e+04
-4.4980e+06 3.6306e+01 3.8040e+03 -7.4526e+03 4.6139e+00 1.1459e+04
-4.6836e+06 3.6308e+01 2.6989e+03 -8.4351e+03 2.1835e+00 9.9067e+03
-4.6379e+06 3.6309e+01 2.7379e+03 -8.4028e+03 1.4807e+00 9.9875e+03
-4.6958e+06 3.6309e+01 2.7765e+03 -8.3704e+03 -9.4626e-01 1.0039e+04
-4.6264e+06 3.6307e+01 2.8148e+03 -8.3380e+03 7.2437e-01 1.0106e+04
-4.6858e+06 3.6306e+01 2.8527e+03 -8.3056e+03 1.5125e+00 1.0170e+04
-4.6262e+06 3.6314e+01 2.8902e+03 -8.2732e+03 4.8649e-02 1.0233e+04
-4.7049e+06 3.6348e+01 2.9274e+03 -8.2408e+03 -7.9118e-01 1.0295e+04
-4.6253e+06 3.6379e+01 2.9642e+03 -8.2084e+03 -2.3785e-01 1.0356e+04
-4.7073e+06 3.6362e+01 3.0006e+03 -8.1760e+03 -2.6462e-01 1.0416e+04
-4.6240e+06 3.6330e+01 3.0367e+03 -8.1437e+03 -3.5937e-01 1.0476e+04
-4.7157e+06 3.6317e+01 3.0724e+03 -8.1114e+03 -4.6376e-01 1.0534e+04
-4.6193e+06 3.6312e+01 3.1078e+03 -8.0791e+03 -2.4579e-01 1.0592e+04
-4.7134e+06 3.6309e+01 3.1428e+03 -8.0469e+03 -2.5996e-01 1.0648e+04
-4.6103e+06 3.6308e+01 3.1774e+03 -8.0147e+03 -1.6415e-01 1.0704e+04
-4.7155e+06 3.6308e+01 3.2117e+03 -7.9827e+03 -2.7240e-01 1.0759e+04
-4.6012e+06 3.6308e+01 3.2457e+03 -7.9507e+03 4.7761e-01 1.0813e+04
-4.7018e+06 3.6307e+01 3.2793e+03 -7.9188e+03 -4.3465e-01 1.0866e+04
-4.6412e+06 3.6307e+01 3.3126e+03 -7.8870e+03 -1.2183e+00 1.0918e+04
-4.6805e+06 3.6307e+01 3.3455e+03 -7.8552e+03 7.6662e-01 1.0969e+04
-4.5409e+06 3.6307e+01 3.3781e+03 -7.8236e+03 3.2837e+00 1.1019e+04
-4.6629e+06 3.6307e+01 3.4103e+03 -7.7922e+03 1.9169e+00 1.1069e+04
-4.5934e+06 3.6307e+01 3.4423e+03 -7.7608e+03 -4.6944e-02 1.1117e+04
-4.7527e+06 3.6307e+01 3.4738e+03 -7.7296e+03 -3.3019e+00 1.1165e+04
-4.6809e+06 3.6307e+01 3.5051e+03 -7.6985e+03 -4.6572e+00 1.1212e+04
-4.8047e+06 3.6307e+01 3.5360e+03 -7.6675e+03 -5.1097e+00 1.1258e+04
-4.5950e+06 3.6308e+01 3.5666e+03 -7.6367e+03 -1.7985e-01 1.1303e+04
-4.6902e+06 3.6308e+01 3.5969e+03 -7.6060e+03 4.5865e-02 1.1347e+04
-4.6027e+06 3.6308e+01 3.6269e+03 -7.5755e+03 1.0281e+00 1.1390e+04
-4.7009e+06 3.6308e+01 3.6566e+03 -7.5452e+03 3.1412e-03 1.1434e+04
-4.5498e+06 3.6308e+01 3.6859e+03 -7.5150e+03 4.0363e+00 1.1475e+04
-4.7570e+06 3.6310e+01 3.7150e+03 -7.4850e+03 -6.8882e+00 1.1514e+04
-4.5503e+06 3.6310e+01 3.7437e+03 -7.4551e+03 -1.8747e+00 1.1553e+04
-4.7682e+06 3.6306e+01 3.7721e+03 -7.4255e+03 -1.5074e+00 1.1612e+04
-4.6470e+06 3.6308e+01 2.6646e+03 -8.4094e+03 1.7713e+00 1.0030e+04
-4.6968e+06 3.6309e+01 2.7036e+03 -8.3770e+03 1.3050e+00 1.0111e+04
-4.6478e+06 3.6309e+01 2.7423e+03 -8.3446e+03 -7.3807e-01 1.0162e+04
-4.6867e+06 3.6307e+01 2.7806e+03 -8.3122e+03 5.9894e-01 1.0228e+04
-4.6304e+06 3.6307e+01 2.8185e+03 -8.2797e+03 7.1769e-01 1.0292e+04
-4.7001e+06 3.6339e+01 2.8561e+03 -8.2472e+03 -6.6497e-01 1.0354e+04
-4.6351e+06 3.6432e+01 2.8933e+03 -8.2147e+03 -7.3053e-01 1.0416e+04
-4.7000e+06 3.6497e+01 2.9301e+03 -8.1823e+03 2.2757e-01 1.0477e+04
-4.6251e+06 3.6460e+01 2.9666e+03 -8.1498e+03 7.7936e-02 1.0537e+04
-4.7032e+06 3.6398e+01 3.0027e+03 -8.1174e+03 -2.0137e-01 1.0596e+04
-4.6230e+06 3.6367e+01 3.0385e+03 -8.0851e+03 -3.6088e-01 1.0654e+04
-4.7093e+06 3.6345e+01 3.0739e+03 -8.0528e+03 -3.6481e-01 1.0711e+04
-4.6242e+06 3.6328e+01 3.1090e+03 -8.0205e+03 -5.2113e-01 1.0767e+04
-4.7127e+06 3.6320e+01 3.1437e+03 -7.9883e+03 -4.4123e-01 1.0822e+04
-4.6163e+06 3.6315e+01 3.1781e+03 -7.9562e+03 -3.9790e-01 1.0877e+04
-4.7110e+06 3.6309e+01 3.2121e+03 -7.9241e+03 -6.5577e-01 1.0930e+04
-4.6205e+06 3.6307e+01 3.2458e+03 -7.8922e+03 3.4067e-02 1.0983e+04
-4.6706e+06 3.6307e+01 3.2792e+03 -7.8603e+03 1.1251e+00 1.1034e+04
-4.6320e+06 3.6307e+01 3.3122e+03 -7.8285e+03 -9.6248e-01 1.1085e+04
-4.7432e+06 3.6307e+01 3.3448e+03 -7.7969e+03 -2.5490e+00 1.1135e+04
-4.6425e+06 3.6307e+01 3.3772e+03 -7.7654e+03 -2.3099e+00 1.1184e+04
-4.6907e+06 3.6307e+01 3.4092e+03 -7.7340e+03 4.0661e-02 1.1232e+04
-4.5656e+06 3.6307e+01 3.4409e+03 -7.7027e+03 2.0038e+00 1.1279e+04
-4.6104e+06 3.6307e+01 3.4723e+03 -7.6715e+03 5.2423e+00 1.1326e+04
-4.5471e+06 3.6308e+01 3.5033e+03 -7.6405e+03 2.2674e+00 1.1371e+04
-4.7146e+06 3.6310e+01 3.5340e+03 -7.6097e+03 -3.2439e+00 1.1416e+04
-4.6706e+06 3.6310e+01 3.5644e+03 -7.5790e+03 -5.0116e+00 1.1460e+04
-4.6563e+06 3.6309e+01 3.5945e+03 -7.5484e+03 1.5367e+00 1.1503e+04
-4.6330e+06 3.6308e+01 3.6243e+03 -7.5180e+03 -2.0988e-01 1.1546e+04
-4.6705e+06 3.6308e+01 3.6537e+03 -7.4878e+03 3.1204e+00 1.1586e+04
-4.6410e+06 3.6310e+01 3.6829e+03 -7.4577e+03 -5.6654e+00 1.1629e+04
-4.6297e+06 3.6311e+01 3.7118e+03 -7.4279e+03 -8.0433e-01 1.1648e+04
-4.6190e+06 3.6307e+01 3.7403e+03 -7.3982e+03 -1.0695e+00 1.1685e+04
-4.6919e+06 3.6308e+01 2.6306e+03 -8.3834e+03 1.4981e+00 1.0153e+04
-4.6497e+06 3.6308e+01 2.6696e+03 -8.3509e+03 1.7046e+00 1.0233e+04
-4.6961e+06 3.6308e+01 2.7083e+03 -8.3184e+03 4.8803e-02 1.0284e+04
-4.6407e+06 3.6307e+01 2.7466e+03 -8.2859e+03 6.4383e-01 1.0349e+04
-4.6990e+06 3.6315e+01 2.7845e+03 -8.2534e+03 2.0162e-01 1.0412e+04
-4.6422e+06 3.6392e+01 2.8221e+03 -8.2209e+03 -7.9390e-01 1.0475e+04
-4.7005e+06 3.6540e+01 2.8594e+03 -8.1884e+03 -5.3711e-01 1.0536e+04
-4.6272e+06 3.6617e+01 2.8962e+03 -8.1558e+03 2.3816e-01 1.0596e+04
-4.6983e+06 3.6573e+01 2.9328e+03 -8.1234e+03 -3.7113e-02 1.0656e+04
-4.6270e+06 3.6515e+01 2.9689e+03 -8.0909e+03 -2.5532e-01 1.0714e+04
-4.7063e+06 3.6478e+01 3.0048e+03 -8.0585e+03 -3.4319e-01 1.0772e+04
-4.6241e+06 3.6439e+01 3.0402e+03 -8.0261e+03 -4.1278e-01 1.0829e+04
-4.7052e+06 3.6402e+01 3.0754e+03 -7.9938e+03 -5.2887e-01 1.0884e+04
-4.6175e+06 3.6379e+01 3.1102e+03 -7.9615e+03 -5.2954e-01 1.0939e+04
-4.7068e+06 3.6361e+01 3.1446e+03 -7.9294e+03 -4.8983e-01 1.0993e+04
-4.6130e+06 3.6336e+01 3.1787e+03 -7.8973e+03 1.8111e-02 1.1046e+04
-4.6994e+06 3.6316e+01 3.2125e+03 -7.8653e+03 -3.6277e-01 1.1098e+04
-4.6436e+06 3.6308e+01 3.2459e+03 -7.8334e+03 -1.3040e+00 1.1150e+04
-4.6880e+06 3.6307e+01 3.2790e+03 -7.8016e+03 2.7820e-01 1.1200e+04
-4.5752e+06 3.6308e+01 3.3118e+03 -7.7699e+03 1.8734e+00 1.1250e+04
-4.6697e+06 3.6308e+01 3.3442e+03 -7.7383e+03 1.0889e+00 1.1298e+04
-4.6076e+06 3.6308e+01 3.3763e+03 -7.7068e+03 -3.9964e-01 1.1346e+04
-4.7251e+06 3.6307e+01 3.4081e+03 -7.6755e+03 -1.8707e+00 1.1393e+04
-4.6721e+06 3.6307e+01 3.4395e+03 -7.6443e+03 -3.4577e+00 1.1439e+04
-4.7692e+06 3.6308e+01 3.4707e+03 -7.6133e+03 -4.3833e+00 1.1484e+04
-4.6480e+06 3.6310e+01 3.5015e+03 -7.5824e+03 -5.1015e+00 1.1528e+04
-4.6992e+06 3.6310e+01 3.5320e+03 -7.5516e+03 -2.8812e+00 1.1571e+04
-4.6378e+06 3.6309e+01 3.5622e+03 -7.5210e+03 -8.2074e-01 1.1614e+04
-4.6700e+06 3.6309e+01 3.5921e+03 -7.4906e+03 1.9585e+00 1.1657e+04
-4.6076e+06 3.6308e+01 3.6217e+03 -7.4604e+03 1.9979e+00 1.1697e+04
-4.6918e+06 3.6309e+01 3.6510e+03 -7.4303e+03 -3.4287e+00 1.1736e+04
-4.6265e+06 3.6310e+01 3.6799e+03 -7.4004e+03 -5.4421e+00 1.1772e+04
-4.6761e+06 3.6308e+01 3.7086e+03 -7.3706e+03 3.0301e+00 1.1828e+04
-4.6501e+06 3.6308e+01 2.5969e+03 -8.3570e+03 1.8752e+00 1.0274e+04
-4.7039e+06 3.6308e+01 2.6359e+03 -8.3245e+03 1.5468e+00 1.0353e+04
-4.6559e+06 3.6308e+01 2.6746e+03 -8.2920e+03 -2.5639e-02 1.0404e+04
-4.6993e+06 3.6305e+01 2.7129e+03 -8.2594e+03 1.1327e-01 1.0469e+04
-4.6458e+06 3.6345e+01 2.7508e+03 -8.2268e+03 -5.3443e-01 1.0532e+04
-4.7026e+06 3.6500e+01 2.7884e+03 -8.1942e+03 -1.0269e+00 1.0594e+04
-4.6317e+06 3.6692e+01 2.8257e+03 -8.1617e+03 -3.8583e-01 1.0654e+04
-4.6921e+06 3.6755e+01 2.8626e+03 -8.1291e+03 2.6372e-01 1.0714e+04
-4.6208e+06 3.6710e+01 2.8992e+03 -8.0966e+03 1.1779e-01 1.0773e+04
-4.6942e+06 3.6661e+01 2.9354e+03 -8.0641e+03 -3.2816e-02 1.0832e+04
-4.6170e+06 3.6623e+01 2.9713e+03 -8.0316e+03 -1.2286e-01 1.0889e+04
-4.6985e+06 3.6577e+01 3.0068e+03 -7.9992e+03 -3.0362e-01 1.0945e+04
-4.6159e+06 3.6528e+01 3.0420e+03 -7.9668e+03 -2.4098e-01 1.1000e+04
-4.7015e+06 3.6495e+01 3.0768e+03 -7.9345e+03 -3.9116e-01 1.1055e+04
-4.6110e+06 3.6466e+01 3.1113e+03 -7.9023e+03 -6.1050e-01 1.1109e+04
-4.7040e+06 3.6418e+01 3.1455e+03 -7.8702e+03 -1.0267e+00 1.1161e+04
-4.6210e+06 3.6364e+01 3.1793e+03 -7.8381e+03 -7.3399e-01 1.1213e+04
-4.6995e+06 3.6330e+01 3.2128e+03 -7.8062e+03 -1.6490e+00 1.1264e+04
-4.6372e+06 3.6316e+01 3.2460e+03 -7.7743e+03 -2.0581e+00 1.1314e+04
-4.7323e+06 3.6310e+01 3.2788e+03 -7.7426e+03 -2.0641e+00 1.1363e+04
-4.6248e+06 3.6308e+01 3.3114e+03 -7.7110e+03 -1.2238e+00 1.1411e+04
-4.6953e+06 3.6307e+01 3.3436e+03 -7.6795e+03 2.5043e-01 1.1458e+04
-4.5690e+06 3.6307e+01 3.3754e+03 -7.6481e+03 2.8787e+00 1.1505e+04
-4.6477e+06 3.6308e+01 3.4070e+03 -7.6169e+03 3.2788e+00 1.1550e+04
-4.5516e+06 3.6308e+01 3.4382e+03 -7.5858e+03 3.7611e+00 1.1595e+04
-4.7098e+06 3.6308e+01 3.4691e+03 -7.5549e+03 -8.8040e-02 1.1639e+04
-4.6172e+06 3.6308e+01 3.4998e+03 -7.5241e+03 6.4109e-01 1.1682e+04
-4.6895e+06 3.6309e+01 3.5301e+03 -7.4935e+03 -3.1022e-01 1.1724e+04
-4.5910e+06 3.6309e+01 3.5601e+03 -7.4630e+03 2.4252e+00 1.1766e+04
-4.7167e+06 3.6308e+01 3.5897e+03 -7.4327e+03 7.4486e-02 1.1806e+04
-4.5763e+06 3.6309e+01 3.6191e+03 -7.4026e+03 -1.0093e+00 1.1847e+04
-4.7152e+06 3.6310e+01 3.6482e+03 -7.3726e+03 -6.7525e+00 1.1868e+04
-4.5240e+06 3.6309e+01 3.6770e+03 -7.3429e+03 5.6102e+00 1.1905e+04
-4.6910e+06 3.6307e+01 2.5634e+03 -8.3303e+03 2.4387e+00 1.0393e+04
-4.6654e+06 3.6308e+01 2.6024e+03 -8.2978e+03 1.1405e+00 1.0473e+04
-4.7126e+06 3.6307e+01 2.6411e+03 -8.2652e+03 -1.2802e+00 1.0523e+04
-4.6586e+06 3.6325e+01 2.6794e+03 -8.2326e+03 -9.7940e-01 1.0587e+04
-4.6995e+06 3.6459e+01 2.7174e+03 -8.1999e+03 -4.6756e-01 1.0650e+04
-4.6373e+06 3.6721e+01 2.7550e+03 -8.1673e+03 -2.7828e-01 1.0711e+04
-4.6849e+06 3.6915e+01 2.7923e+03 -8.1347e+03 2.0017e-01 1.0772e+04
-4.6198e+06 3.6932e+01 2.8292e+03 -8.1021e+03 4.2522e-01 1.0831e+04
-4.6845e+06 3.6866e+01 2.8658e+03 -8.0695e+03 8.6190e-02 1.0890e+04
-4.6200e+06 3.6811e+01 2.9020e+03 -8.0369e+03 -2.5698e-02 1.0948e+04
-4.6904e+06 3.6771e+01 2.9380e+03 -8.0044e+03 -2.3861e-01 1.1004e+04
-4.6142e+06 3.6724e+01 2.9735e+03 -7.9720e+03 -2.2255e-02 1.1060e+04
-4.6833e+06 3.6674e+01 3.0088e+03 -7.9396e+03 6.1629e-01 1.1115e+04
-4.6049e+06 3.6637e+01 3.0437e+03 -7.9072e+03 4.1260e-01 1.1169e+04
-4.6871e+06 3.6604e+01 3.0782e+03 -7.8750e+03 -2.4107e-01 1.1222e+04
-4.6040e+06 3.6547e+01 3.1125e+03 -7.8428e+03 3.1294e-01 1.1275e+04
-4.6872e+06 3.6471e+01 3.1464e+03 -7.8107e+03 -1.9642e-01 1.1326e+04
-4.6403e+06 3.6407e+01 3.1799e+03 -7.7787e+03 -2.2669e+00 1.1377e+04
-4.6885e+06 3.6366e+01 3.2132e+03 -7.7468e+03 -2.1016e-01 1.1426e+04
-4.5826e+06 3.6342e+01 3.2461e+03 -7.7151e+03 2.1710e+00 1.1475e+04
-4.6685e+06 3.6328e+01 3.2787e+03 -7.6834e+03 1.2795e+00 1.1523e+04
-4.6084e+06 3.6319e+01 3.3110e+03 -7.6519e+03 1.5125e-01 1.1569e+04
-4.7073e+06 3.6312e+01 3.3429e+03 -7.6205e+03 -5.1137e-01 1.1615e+04
-4.6554e+06 3.6309e+01 3.3746e+03 -7.5892e+03 -2.5616e+00 1.1661e+04
-4.7273e+06 3.6308e+01 3.4059e+03 -7.5581e+03 -1.6345e+00 1.1705e+04
-4.6153e+06 3.6308e+01 3.4369e+03 -7.5271e+03 3.5375e-01 1.1749e+04
-4.6628e+06 3.6308e+01 3.4676e+03 -7.4963e+03 1.4806e+00 1.1791e+04
-4.6281e+06 3.6308e+01 3.4980e+03 -7.4656e+03 -8.7572e-01 1.1833e+04
-4.6600e+06 3.6308e+01 3.5281e+03 -7.4351e+03 1.6809e+00 1.1875e+04
-4.6174e+06 3.6307e+01 3.5579e+03 -7.4048e+03 1.4663e+00 1.1914e+04
-4.6690e+06 3.6309e+01 3.5874e+03 -7.3747e+03 -2.7191e+00 1.1953e+04
-4.6369e+06 3.6310e+01 3.6166e+03 -7.3447e+03 -6.0943e+00 1.1987e+04
-4.6522e+06 3.6310e+01 3.6455e+03 -7.3149e+03 3.5799e+00 1.2041e+04
-4.6658e+06 3.6307e+01 2.5301e+03 -8.3034e+03 2.0144e+00 1.0511e+04
-4.7144e+06 3.6310e+01 2.5691e+03 -8.2708e+03 5.0632e-01 1.0590e+04
-4.6808e+06 3.6344e+01 2.6078e+03 -8.2381e+03 -2.4903e+00 1.0640e+04
-4.7027e+06 3.6483e+01 2.6461e+03 -8.2055e+03 -1.4546e+00 1.0704e+04
-4.6390e+06 3.6764e+01 2.6841e+03 -8.1728e+03 1.4063e-01 1.0766e+04
-4.6751e+06 3.7049e+01 2.7218e+03 -8.1401e+03 6.1882e-01 1.0827e+04
-4.6195e+06 3.7154e+01 2.7591e+03 -8.1074e+03 5.5368e-01 1.0887e+04
-4.6727e+06 3.7096e+01 2.7960e+03 -8.0748e+03 4.2352e-01 1.0946e+04
-4.6169e+06 3.7005e+01 2.8326e+03 -8.0422e+03 5.8852e-02 1.1005e+04
-4.6763e+06 3.6946e+01 2.8689e+03 -8.0096e+03 -2.2888e-02 1.1062e+04
-4.6125e+06 3.6908e+01 2.9049e+03 -7.9770e+03 -1.6717e-01 1.1119e+04
-4.6762e+06 3.6867e+01 2.9405e+03 -7.9445e+03 1.8833e-01 1.1174e+04
-4.6063e+06 3.6821e+01 2.9758e+03 -7.9121e+03 8.1716e-01 1.1229e+04
-4.6752e+06 3.6786e+01 3.0107e+03 -7.8797e+03 5.5872e-01 1.1282e+04
-4.5996e+06 3.6754e+01 3.0453e+03 -7.8474e+03 4.8217e-01 1.1335e+04
-4.6665e+06 3.6700e+01 3.0796e+03 -7.8152e+03 1.6928e+00 1.1387e+04
-4.5988e+06 3.6620e+01 3.1136e+03 -7.7831e+03 1.9870e+00 1.1438e+04
-4.6654e+06 3.6539e+01 3.1472e+03 -7.7510e+03 1.0396e+00 1.1488e+04
-4.6140e+06 3.6474e+01 3.1805e+03 -7.7191e+03 4.7086e-01 1.1537e+04
-4.6952e+06 3.6431e+01 3.2135e+03 -7.6873e+03 6.8955e-02 1.1585e+04
-4.6244e+06 3.6402e+01 3.2462e+03 -7.6556e+03 -9.9907e-01 1.1633e+04
-4.6847e+06 3.6378e+01 3.2785e+03 -7.6240e+03 -3.8865e-01 1.1679e+04
-4.5984e+06 3.6356e+01 3.3106e+03 -7.5926e+03 5.0816e-01 1.1725e+04
-4.6548e+06 3.6340e+01 3.3423e+03 -7.5613e+03 1.0185e+00 1.1770e+04
-4.5887e+06 3.6330e+01 3.3737e+03 -7.5302e+03 5.4652e-01 1.1814e+04
-4.6753e+06 3.6320e+01 3.4048e+03 -7.4992e+03 2.7840e-01 1.1857e+04
-4.6267e+06 3.6311e+01 3.4356e+03 -7.4683e+03 -8.9063e-01 1.1899e+04
-4.6560e+06 3.6308e+01 3.4661e+03 -7.4376e+03 -1.3221e-02 1.1941e+04
-4.6229e+06 3.6308e+01 3.4963e+03 -7.4071e+03 1.0101e-01 1.1982e+04
-4.6607e+06 3.6307e+01 3.5262e+03 -7.3767e+03 2.5031e+00 1.2021e+04
-4.6318e+06 3.6309e+01 3.5558e+03 -7.3465e+03 -4.3137e+00 1.2061e+04
-4.6352e+06 3.6310e+01 3.5851e+03 -7.3165e+03 -2.6168e+00 1.2082e+04
-4.6084e+06 3.6309e+01 3.6142e+03 -7.2867e+03 1.0661e+00 1.2121e+04
-4.7100e+06 3.6308e+01 2.4972e+03 -8.2761e+03 1.1311e+00 1.0628e+04
-4.6768e+06 3.6345e+01 2.5362e+03 -8.2435e+03 -7.2720e-02 1.0707e+04
-4.7143e+06 3.6521e+01 2.5748e+03 -8.2108e+03 -3.0214e+00 1.0756e+04
-4.6525e+06 3.6861e+01 2.6131e+03 -8.1781e+03 -1.6392e+00 1.0820e+04
-4.6760e+06 3.7198e+01 2.6511e+03 -8.1454e+03 4.3309e-01 1.0881e+04
-4.6158e+06 3.7361e+01 2.6888e+03 -8.1126e+03 8.5148e-01 1.0942e+04
-4.6649e+06 3.7343e+01 2.7261e+03 -8.0799e+03 4.3086e-01 1.1002e+04
-4.6105e+06 3.7240e+01 2.7631e+03 -8.0472e+03 2.1114e-01 1.1061e+04
-4.6706e+06 3.7140e+01 2.7997e+03 -8.0146e+03 -7.4112e-02 1.1118e+04
-4.6113e+06 3.7074e+01 2.8360e+03 -7.9819e+03 -1.0086e-01 1.1175e+04
-4.6747e+06 3.7038e+01 2.8720e+03 -7.9493e+03 -1.0111e-01 1.1231e+04
-4.6055e+06 3.7006e+01 2.9076e+03 -7.9168e+03 1.8705e-01 1.1287e+04
-4.6732e+06 3.6965e+01 2.9429e+03 -7.8843e+03 6.3742e-03 1.1341e+04
-4.6010e+06 3.6928e+01 2.9779e+03 -7.8519e+03 -2.8272e-01 1.1394e+04
-4.6692e+06 3.6899e+01 3.0126e+03 -7.8196e+03 4.4472e-01 1.1446e+04
-4.5847e+06 3.6855e+01 3.0469e+03 -7.7873e+03 2.3709e+00 1.1498e+04
-4.6602e+06 3.6784e+01 3.0810e+03 -7.7552e+03 1.7951e+00 1.1548e+04
-4.6056e+06 3.6701e+01 3.1147e+03 -7.7231e+03 5.7568e-02 1.1598e+04
-4.6711e+06 3.6622e+01 3.1480e+03 -7.6912e+03 2.2403e-01 1.1647e+04
-4.5861e+06 3.6563e+01 3.1811e+03 -7.6593e+03 1.1768e+00 1.1695e+04
-4.6746e+06 3.6525e+01 3.2138e+03 -7.6276e+03 -1.2732e-04 1.1742e+04
-4.6059e+06 3.6493e+01 3.2463e+03 -7.5960e+03 -4.7702e-01 1.1788e+04
-4.7042e+06 3.6460e+01 3.2784e+03 -7.5645e+03 -1.7245e+00 1.1833e+04
-4.6367e+06 3.6431e+01 3.3102e+03 -7.5332e+03 -2.3184e+00 1.1878e+04
-4.7188e+06 3.6406e+01 3.3417e+03 -7.5020e+03 -2.7805e+00 1.1921e+04
-4.5996e+06 3.6374e+01 3.3729e+03 -7.4710e+03 2.8607e-01 1.1964e+04
-4.6743e+06 3.6339e+01 3.4038e+03 -7.4401e+03 -6.9044e-01 1.2006e+04
-4.6004e+06 3.6316e+01 3.4344e+03 -7.4094e+03 4.7365e-02 1.2047e+04
-4.6795e+06 3.6309e+01 3.4647e+03 -7.3788e+03 -5.8289e-01 1.2088e+04
-4.5832e+06 3.6308e+01 3.4947e+03 -7.3484e+03 3.4974e+00 1.2127e+04
-4.6988e+06 3.6309e+01 3.5244e+03 -7.3182e+03 -5.8433e+00 1.2165e+04
-4.5733e+06 3.6310e+01 3.5538e+03 -7.2882e+03 -1.6966e+00 1.2197e+04
-4.6932e+06 3.6307e+01 3.5829e+03 -7.2583e+03 -4.0491e-01 1.2250e+04
-4.6822e+06 3.6328e+01 2.4644e+03 -8.2486e+03 7.9745e-01 1.0744e+04
-4.7042e+06 3.6431e+01 2.5034e+03 -8.2159e+03 5.9166e-01 1.0822e+04
-4.6609e+06 3.6788e+01 2.5421e+03 -8.1832e+03 -1.4488e+00 1.0871e+04
-4.6676e+06 3.7252e+01 2.5804e+03 -8.1504e+03 4.3275e-02 1.0934e+04
-4.6141e+06 3.7520e+01 2.6184e+03 -8.1177e+03 1.1576e+00 1.0995e+04
-4.6502e+06 3.7550e+01 2.6560e+03 -8.0849e+03 4.3156e-01 1.1055e+04
-4.6113e+06 3.7482e+01 2.6933e+03 -8.0522e+03 -1.8675e-01 1.1115e+04
-4.6572e+06 3.7389e+01 2.7303e+03 -8.0194e+03 1.4662e-01 1.1173e+04
-4.6099e+06 3.7293e+01 2.7670e+03 -7.9867e+03 -3.7516e-02 1.1231e+04
-4.6593e+06 3.7223e+01 2.8033e+03 -7.9541e+03 -9.4357e-02 1.1287e+04
-4.6047e+06 3.7189e+01 2.8393e+03 -7.9214e+03 7.0761e-03 1.1343e+04
-4.6621e+06 3.7162e+01 2.8750e+03 -7.8889e+03 3.6291e-03 1.1398e+04
-4.6137e+06 3.7115e+01 2.9103e+03 -7.8563e+03 -1.3200e+00 1.1451e+04
-4.6734e+06 3.7063e+01 2.9454e+03 -7.8239e+03 -1.6513e+00 1.1504e+04
-4.6023e+06 3.7025e+01 2.9801e+03 -7.7915e+03 -4.2995e-01 1.1556e+04
-4.6576e+06 3.6990e+01 3.0145e+03 -7.7592e+03 3.5562e-01 1.1608e+04
-4.6006e+06 3.6939e+01 3.0485e+03 -7.7271e+03 1.6702e-01 1.1658e+04
-4.6587e+06 3.6867e+01 3.0823e+03 -7.6950e+03 -1.6813e-01 1.1707e+04
-4.6152e+06 3.6785e+01 3.1157e+03 -7.6630e+03 -1.0476e+00 1.1755e+04
-4.6852e+06 3.6714e+01 3.1489e+03 -7.6311e+03 -1.2238e+00 1.1803e+04
-4.6220e+06 3.6666e+01 3.1817e+03 -7.5994e+03 -1.3153e+00 1.1850e+04
-4.6709e+06 3.6634e+01 3.2142e+03 -7.5677e+03 -1.3216e-01 1.1895e+04
-4.5992e+06 3.6602e+01 3.2464e+03 -7.5362e+03 1.5612e-01 1.1940e+04
-4.6414e+06 3.6569e+01 3.2783e+03 -7.5049e+03 1.4307e+00 1.1984e+04
-4.5910e+06 3.6534e+01 3.3098e+03 -7.4737e+03 6.8990e-01 1.2028e+04
-4.6596e+06 3.6486e+01 3.3411e+03 -7.4426e+03 5.2234e-01 1.2070e+04
-4.6284e+06 3.6422e+01 3.3721e+03 -7.4117e+03 -1.3960e+00 1.2111e+04
-4.6412e+06 3.6364e+01 3.4028e+03 -7.3810e+03 5.6536e-01 1.2152e+04
-4.6268e+06 3.6330e+01 3.4332e+03 -7.3504e+03 -8.4628e-01 1.2193e+04
-4.6374e+06 3.6316e+01 3.4632e+03 -7.3200e+03 2.8438e+00 1.2231e+04
-4.6461e+06 3.6312e+01 3.4930e+03 -7.2897e+03 -6.1059e+00 1.2271e+04
-4.6031e+06 3.6311e+01 3.5225e+03 -7.2597e+03 -1.6032e+00 1.2292e+04
-4.6245e+06 3.6307e+01 3.5518e+03 -7.2298e+03 -7.8118e-01 1.2331e+04
-4.7031e+06 3.6391e+01 2.4320e+03 -8.2209e+03 1.6610e+00 1.0858e+04
-4.6509e+06 3.6527e+01 2.4709e+03 -8.1881e+03 3.0892e+00 1.0936e+04
-4.6637e+06 3.6968e+01 2.5096e+03 -8.1554e+03 1.5558e+00 1.0984e+04
-4.6090e+06 3.7452e+01 2.5479e+03 -8.1226e+03 2.4740e+00 1.1047e+04
-4.6372e+06 3.7659e+01 2.5858e+03 -8.0898e+03 2.5417e+00 1.1108e+04
-4.6036e+06 3.7652e+01 2.6235e+03 -8.0570e+03 4.8337e-01 1.1168e+04
-4.6500e+06 3.7605e+01 2.6608e+03 -8.0242e+03 -4.6273e-01 1.1227e+04
-4.6040e+06 3.7544e+01 2.6978e+03 -7.9914e+03 1.2449e-01 1.1285e+04
-4.6517e+06 3.7463e+01 2.7345e+03 -7.9587e+03 -1.8046e-02 1.1342e+04
-4.6022e+06 3.7398e+01 2.7708e+03 -7.9260e+03 -2.2456e-01 1.1398e+04
-4.6541e+06 3.7371e+01 2.8068e+03 -7.8933e+03 -1.5894e-02 1.1453e+04
-4.5986e+06 3.7347e+01 2.8426e+03 -7.8607e+03 1.3270e-01 1.1507e+04
-4.6624e+06 3.7288e+01 2.8779e+03 -7.8282e+03 -9.8211e-01 1.1561e+04
-4.6033e+06 3.7210e+01 2.9130e+03 -7.7957e+03 -1.2149e+00 1.1613e+04
-4.6610e+06 3.7149e+01 2.9478e+03 -7.7633e+03 -3.3545e-01 1.1665e+04
-4.5953e+06 3.7111e+01 2.9822e+03 -7.7310e+03 -8.0674e-02 1.1716e+04
-4.6607e+06 3.7076e+01 3.0163e+03 -7.6987e+03 -5.3307e-01 1.1766e+04
-4.6047e+06 3.7022e+01 3.0501e+03 -7.6666e+03 -4.9291e-01 1.1815e+04
-4.6645e+06 3.6945e+01 3.0836e+03 -7.6346e+03 -2.7310e-01 1.1863e+04
-4.5924e+06 3.6864e+01 3.1168e+03 -7.6027e+03 1.0994e-01 1.1910e+04
-4.6645e+06 3.6811e+01 3.1497e+03 -7.5709e+03 -4.3438e-01 1.1956e+04
-4.5972e+06 3.6787e+01 3.1822e+03 -7.5393e+03 -4.5157e-01 1.2001e+04
-4.6749e+06 3.6766e+01 3.2145e+03 -7.5078e+03 -1.3180e+00 1.2046e+04
-4.6068e+06 3.6736e+01 3.2465e+03 -7.4764e+03 -8.0114e-01 1.2090e+04
-4.6833e+06 3.6698e+01 3.2781e+03 -7.4452e+03 -1.5808e+00 1.2133e+04
-4.6084e+06 3.6641e+01 3.3095e+03 -7.4141e+03 -1.7984e+00 1.2175e+04
-4.6775e+06 3.6562e+01 3.3405e+03 -7.3831e+03 -2.7842e+00 1.2216e+04
-4.5953e+06 3.6477e+01 3.3713e+03 -7.3524e+03 -5.6553e-04 1.2256e+04
-4.6614e+06 3.6410e+01 3.4018e+03 -7.3218e+03 -3.3101e-01 1.2297e+04
-4.5827e+06 3.6365e+01 3.4319e+03 -7.2913e+03 2.6377e+00 1.2335e+04
-4.6787e+06 3.6341e+01 3.4618e+03 -7.2611e+03 -6.3200e+00 1.2372e+04
-4.5729e+06 3.6335e+01 3.4914e+03 -7.2310e+03 -3.0835e+00 1.2403e+04
-4.6638e+06 3.6331e+01 3.5207e+03 -7.2011e+03 -9.6294e-01 1.2454e+04
-4.6693e+06 3.6542e+01 2.3998e+03 -8.1929e+03 2.2240e+00 1.0970e+04
-4.6692e+06 3.6690e+01 2.4387e+03 -8.1601e+03 3.9463e+00 1.1048e+04
-4.6218e+06 3.7150e+01 2.4773e+03 -8.1273e+03 1.9682e+00 1.1096e+04
-4.6273e+06 3.7620e+01 2.5156e+03 -8.0945e+03 2.4524e+00 1.1159e+04
-4.5898e+06 3.7793e+01 2.5536e+03 -8.0616e+03 2.2175e+00 1.1219e+04
-4.6333e+06 3.7773e+01 2.5912e+03 -8.0288e+03 -9.1427e-02 1.1278e+04
-4.6049e+06 3.7738e+01 2.6285e+03 -7.9960e+03 -7.7542e-01 1.1337e+04
-4.6404e+06 3.7695e+01 2.6655e+03 -7.9632e+03 2.6408e-02 1.1395e+04
-4.5979e+06 3.7629e+01 2.7022e+03 -7.9304e+03 1.6222e-02 1.1451e+04
-4.6381e+06 3.7574e+01 2.7386e+03 -7.8977e+03 -9.4928e-03 1.1507e+04
-4.5910e+06 3.7553e+01 2.7746e+03 -7.8650e+03 1.1816e-01 1.1562e+04
-4.6400e+06 3.7532e+01 2.8103e+03 -7.8323e+03 3.1556e-01 1.1616e+04
-4.5948e+06 3.7470e+01 2.8457e+03 -7.7998e+03 1.4340e-01 1.1669e+04
-4.6478e+06 3.7377e+01 2.8808e+03 -7.7673e+03 2.5681e-01 1.1721e+04
-4.5920e+06 3.7293e+01 2.9156e+03 -7.7348e+03 3.7911e-01 1.1772e+04
-4.6484e+06 3.7238e+01 2.9501e+03 -7.7025e+03 6.8087e-02 1.1823e+04
-4.5983e+06 3.7203e+01 2.9843e+03 -7.6702e+03 -2.2160e-01 1.1872e+04
-4.6514e+06 3.7158e+01 3.0181e+03 -7.6381e+03 1.4175e-01 1.1921e+04
-4.6053e+06 3.7079e+01 3.0517e+03 -7.6061e+03 -6.3649e-01 1.1969e+04
-4.6683e+06 3.6994e+01 3.0849e+03 -7.5741e+03 -1.3412e+00 1.2015e+04
-4.6069e+06 3.6963e+01 3.1178e+03 -7.5423e+03 -1.6805e+00 1.2061e+04
-4.6509e+06 3.6978e+01 3.1505e+03 -7.5107e+03 -6.8457e-01 1.2106e+04
-4.5809e+06 3.6976e+01 3.1828e+03 -7.4791e+03 -4.4148e-01 1.2151e+04
-4.6219e+06 3.6939e+01 3.2148e+03 -7.4477e+03 7.5550e-01 1.2194e+04
-4.5766e+06 3.6881e+01 3.2465e+03 -7.4165e+03 1.7898e-01 1.2236e+04
-4.6549e+06 3.6810e+01 3.2780e+03 -7.3853e+03 -1.8253e+00 1.2278e+04
-4.6198e+06 3.6725e+01 3.3091e+03 -7.3544e+03 -2.8340e+00 1.2319e+04
-4.6314e+06 3.6629e+01 3.3400e+03 -7.3236e+03 2.3939e-02 1.2359e+04
-4.6032e+06 3.6534e+01 3.3705e+03 -7.2930e+03 -3.5503e-01 1.2399e+04
-4.6272e+06 3.6458e+01 3.4008e+03 -7.2625e+03 1.7455e+00 1.2436e+04
-4.6227e+06 3.6429e+01 3.4307e+03 -7.2322e+03 -6.6030e+00 1.2475e+04
-4.5965e+06 3.6445e+01 3.4604e+03 -7.2021e+03 -4.0532e+00 1.2496e+04
-4.5927e+06 3.6462e+01 3.4898e+03 -7.1722e+03 -9.7518e-01 1.2537e+04
-4.6881e+06 3.6787e+01 2.3678e+03 -8.1647e+03 2.0986e+00 1.1082e+04
-4.6441e+06 3.6989e+01 2.4067e+03 -8.1319e+03 1.9402e+00 1.1159e+04
-4.6476e+06 3.7479e+01 2.4453e+03 -8.0990e+03 -4.3718e-01 1.1206e+04
-4.5897e+06 3.7920e+01 2.4836e+03 -8.0662e+03 1.2531e+00 1.1269e+04
-4.6098e+06 3.8032e+01 2.5215e+03 -8.0333e+03 1.6368e+00 1.1329e+04
-4.5938e+06 3.7962e+01 2.5591e+03 -8.0004e+03 -9.1897e-01 1.1388e+04
-4.6327e+06 3.7901e+01 2.5965e+03 -7.9676e+03 -1.6438e+00 1.1446e+04
-4.5918e+06 3.7853e+01 2.6335e+03 -7.9347e+03 -5.5758e-01 1.1503e+04
-4.6265e+06 3.7790e+01 2.6701e+03 -7.9019e+03 -5.1035e-02 1.1560e+04
-4.5858e+06 3.7731e+01 2.7065e+03 -7.8692e+03 5.2658e-01 1.1615e+04
-4.6285e+06 3.7700e+01 2.7426e+03 -7.8364e+03 4.3735e-01 1.1670e+04
-4.5852e+06 3.7680e+01 2.7783e+03 -7.8038e+03 -1.6863e-02 1.1723e+04
-4.6324e+06 3.7632e+01 2.8137e+03 -7.7712e+03 -5.0002e-02 1.1776e+04
-4.5839e+06 3.7550e+01 2.8489e+03 -7.7386e+03 2.6123e-01 1.1828e+04
-4.6373e+06 3.7458e+01 2.8837e+03 -7.7062e+03 2.5979e-01 1.1879e+04
-4.5884e+06 3.7386e+01 2.9182e+03 -7.6738e+03 1.0424e-01 1.1929e+04
-4.6445e+06 3.7339e+01 2.9524e+03 -7.6416e+03 -3.7482e-01 1.1978e+04
-4.5964e+06 3.7287e+01 2.9863e+03 -7.6094e+03 -7.1513e-01 1.2026e+04
-4.6482e+06 3.7206e+01 3.0199e+03 -7.5773e+03 -8.3704e-01 1.2073e+04
-4.5860e+06 3.7151e+01 3.0532e+03 -7.5454e+03 -1.0250e+00 1.2120e+04
-4.6387e+06 3.7204e+01 3.0862e+03 -7.5136e+03 -1.0072e+00 1.2165e+04
-4.5717e+06 3.7302e+01 3.1188e+03 -7.4819e+03 -6.3630e-01 1.2210e+04
-4.6305e+06 3.7310e+01 3.1512e+03 -7.4503e+03 -1.0861e+00 1.2254e+04
-4.5731e+06 3.7206e+01 3.1833e+03 -7.4189e+03 -1.2267e+00 1.2297e+04
-4.6372e+06 3.7071e+01 3.2151e+03 -7.3876e+03 -1.6585e+00 1.2339e+04
-4.5711e+06 3.6963e+01 3.2466e+03 -7.3565e+03 -8.5601e-01 1.2380e+04
-4.6299e+06 3.6880e+01 3.2778e+03 -7.3255e+03 -1.3457e+00 1.2421e+04
-4.5741e+06 3.6771e+01 3.3087e+03 -7.2947e+03 -1.0995e+00 1.2461e+04
-4.6314e+06 3.6637e+01 3.3394e+03 -7.2640e+03 -1.5806e+00 1.2500e+04
-4.5729e+06 3.6566e+01 3.3697e+03 -7.2336e+03 -7.5219e-01 1.2537e+04
-4.6340e+06 3.6619e+01 3.3998e+03 -7.2033e+03 -7.5578e+00 1.2575e+04
-4.5520e+06 3.6741e+01 3.4296e+03 -7.1731e+03 -5.8078e+00 1.2604e+04
-4.5965e+06 3.6823e+01 3.4591e+03 -7.1432e+03 -8.1957e-01 1.2653e+04
-4.6675e+06 3.6995e+01 2.3361e+03 -8.1363e+03 1.3342e+00 1.1191e+04
-4.6758e+06 3.7254e+01 2.3750e+03 -8.1034e+03 5.7459e-01 1.1268e+04
-4.6326e+06 3.7772e+01 2.4135e+03 -8.0705e+03 -1.8174e+00 1.1315e+04
-4.6150e+06 3.8196e+01 2.4518e+03 -8.0376e+03 5.0283e-01 1.1377e+04
-4.5751e+06 3.8279e+01 2.4897e+03 -8.0047e+03 1.2809e+00 1.1437e+04
-4.6116e+06 3.8185e+01 2.5273e+03 -7.9719e+03 -6.9981e-01 1.1495e+04
-4.5872e+06 3.8102e+01 2.5646e+03 -7.9390e+03 -1.1724e+00 1.1553e+04
-4.6167e+06 3.8039e+01 2.6016e+03 -7.9061e+03 -7.6182e-01 1.1610e+04
-4.5847e+06 3.7967e+01 2.6383e+03 -7.8733e+03 -6.8226e-01 1.1666e+04
-4.6182e+06 3.7890e+01 2.6747e+03 -7.8405e+03 1.1591e-01 1.1721e+04
-4.5816e+06 3.7830e+01 2.7107e+03 -7.8077e+03 1.0039e-01 1.1775e+04
-4.6231e+06 3.7798e+01 2.7465e+03 -7.7750e+03 -5.0703e-01 1.1829e+04
-4.5861e+06 3.7771e+01 2.7820e+03 -7.7424e+03 -5.3739e-01 1.1881e+04
-4.6293e+06 3.7716e+01 2.8171e+03 -7.7099e+03 -3.5671e-01 1.1932e+04
-4.5866e+06 3.7634e+01 2.8519e+03 -7.6774e+03 -3.2780e-01 1.1983e+04
-4.6340e+06 3.7555e+01 2.8865e+03 -7.6450e+03 -5.7530e-01 1.2033e+04
-4.5923e+06 3.7501e+01 2.9207e+03 -7.6127e+03 -6.5443e-01 1.2081e+04
-4.6373e+06 3.7448e+01 2.9547e+03 -7.5805e+03 -7.1815e-01 1.2129e+04
-4.5933e+06 3.7387e+01 2.9883e+03 -7.5484e+03 -1.3304e+00 1.2176e+04
-4.6395e+06 3.7416e+01 3.0216e+03 -7.5165e+03 -1.7368e+00 1.2222e+04
-4.5722e+06 3.7624e+01 3.0547e+03 -7.4846e+03 -8.9379e-01 1.2268e+04
-4.6006e+06 3.7865e+01 3.0874e+03 -7.4529e+03 2.8162e-01 1.2312e+04
-4.5315e+06 3.7883e+01 3.1198e+03 -7.4213e+03 1.2927e-01 1.2355e+04
-4.5806e+06 3.7642e+01 3.1520e+03 -7.3899e+03 -8.0157e-01 1.2398e+04
-4.5360e+06 3.7331e+01 3.1838e+03 -7.3586e+03 -1.9797e+00 1.2440e+04
-4.6048e+06 3.7132e+01 3.2154e+03 -7.3274e+03 -2.4038e+00 1.2481e+04
-4.5617e+06 3.7034e+01 3.2467e+03 -7.2964e+03 -2.5479e+00 1.2521e+04
-4.6066e+06 3.6899e+01 3.2777e+03 -7.2656e+03 -3.2279e+00 1.2561e+04
-4.5669e+06 3.6753e+01 3.3084e+03 -7.2350e+03 -4.3173e+00 1.2600e+04
-4.6008e+06 3.6802e+01 3.3388e+03 -7.2045e+03 -3.7437e+00 1.2637e+04
-4.5549e+06 3.7090e+01 3.3690e+03 -7.1741e+03 -8.7883e+00 1.2675e+04
-4.5430e+06 3.7409e+01 3.3988e+03 -7.1440e+03 -7.4329e+00 1.2696e+04
-4.4906e+06 3.7569e+01 3.4284e+03 -7.1140e+03 -5.0185e-01 1.2736e+04
-4.6798e+06 3.7093e+01 2.3047e+03 -8.1077e+03 3.1098e+00 1.1301e+04
-4.6518e+06 3.7378e+01 2.3435e+03 -8.0748e+03 3.4661e+00 1.1376e+04
-4.6483e+06 3.7906e+01 2.3820e+03 -8.0419e+03 1.1318e+00 1.1422e+04
-4.5960e+06 3.8341e+01 2.4202e+03 -8.0090e+03 2.5328e+00 1.1484e+04
-4.5994e+06 3.8465e+01 2.4581e+03 -7.9760e+03 3.5643e+00 1.1543e+04
-4.5697e+06 3.8416e+01 2.4957e+03 -7.9431e+03 3.9151e+00 1.1602e+04
-4.5904e+06 3.8343e+01 2.5330e+03 -7.9102e+03 4.7170e+00 1.1659e+04
-4.5701e+06 3.8271e+01 2.5700e+03 -7.8773e+03 3.3439e+00 1.1716e+04
-4.6088e+06 3.8192e+01 2.6067e+03 -7.8444e+03 1.6199e+00 1.1771e+04
-4.5830e+06 3.8099e+01 2.6431e+03 -7.8116e+03 1.8633e+00 1.1826e+04
-4.6144e+06 3.8003e+01 2.6791e+03 -7.7788e+03 2.2031e+00 1.1880e+04
-4.5805e+06 3.7942e+01 2.7149e+03 -7.7461e+03 2.3062e+00 1.1933e+04
-4.6143e+06 3.7917e+01 2.7504e+03 -7.7135e+03 2.4260e+00 1.1985e+04
-4.5817e+06 3.7883e+01 2.7855e+03 -7.6809e+03 2.3605e+00 1.2036e+04
-4.6227e+06 3.7813e+01 2.8204e+03 -7.6484e+03 2.2204e+00 1.2086e+04
-4.5877e+06 3.7734e+01 2.8550e+03 -7.6160e+03 2.2163e+00 1.2135e+04
-4.6259e+06 3.7680e+01 2.8892e+03 -7.5837e+03 1.9584e+00 1.2184e+04
-4.5886e+06 3.7635e+01 2.9232e+03 -7.5515e+03 1.7286e+00 1.2231e+04
-4.6226e+06 3.7599e+01 2.9569e+03 -7.5194e+03 1.4233e+00 1.2278e+04
-4.5690e+06 3.7713e+01 2.9902e+03 -7.4874e+03 1.5251e+00 1.2324e+04
-4.5870e+06 3.8110e+01 3.0233e+03 -7.4555e+03 2.5570e+00 1.2369e+04
-4.5162e+06 3.8586e+01 3.0561e+03 -7.4238e+03 3.6259e+00 1.2413e+04
-4.5441e+06 3.8734e+01 3.0886e+03 -7.3922e+03 3.5262e+00 1.2456e+04
-4.5030e+06 3.8410e+01 3.1208e+03 -7.3607e+03 1.3065e+00 1.2498e+04
-4.5619e+06 3.7885e+01 3.1527e+03 -7.3294e+03 -5.0739e-01 1.2540e+04
-4.5243e+06 3.7513e+01 3.1844e+03 -7.2983e+03 -1.7816e+00 1.2580e+04
-4.5699e+06 3.7338e+01 3.2157e+03 -7.2673e+03 -1.3450e+00 1.2620e+04
-4.5386e+06 3.7198e+01 3.2468e+03 -7.2364e+03 -3.2501e+00 1.2659e+04
-4.5608e+06 3.7181e+01 3.2776e+03 -7.2057e+03 -2.6614e+00 1.2698e+04
-4.5115e+06 3.7560e+01 3.3081e+03 -7.1752e+03 -2.1222e+00 1.2735e+04
-4.4963e+06 3.8245e+01 3.3383e+03 -7.1449e+03 -4.9577e+00 1.2772e+04
-4.4420e+06 3.8786e+01 3.3682e+03 -7.1147e+03 -6.0664e+00 1.2801e+04
-4.4219e+06 3.8964e+01 3.3979e+03 -7.0848e+03 2.8315e+00 1.2849e+04
-4.6579e+06 3.7219e+01 2.2735e+03 -8.0789e+03 3.1703e+00 1.1408e+04
-4.6614e+06 3.7544e+01 2.3123e+03 -8.0460e+03 3.9022e+00 1.1484e+04
-4.6192e+06 3.8074e+01 2.3507e+03 -8.0130e+03 2.4444e+00 1.1530e+04
-4.6046e+06 3.8505e+01 2.3889e+03 -7.9801e+03 3.7935e+00 1.1592e+04
-4.5646e+06 3.8671e+01 2.4268e+03 -7.9471e+03 4.5035e+00 1.1651e+04
-4.5784e+06 3.8675e+01 2.4644e+03 -7.9142e+03 4.8762e+00 1.1709e+04
-4.5522e+06 3.8625e+01 2.5016e+03 -7.8812e+03 5.6170e+00 1.1766e+04
-4.5850e+06 3.8553e+01 2.5386e+03 -7.8483e+03 4.3643e+00 1.1822e+04
-4.5704e+06 3.8475e+01 2.5753e+03 -7.8154e+03 2.6102e+00 1.1877e+04
-4.6010e+06 3.8377e+01 2.6117e+03 -7.7826e+03 2.6687e+00 1.1932e+04
-4.5724e+06 3.8255e+01 2.6477e+03 -7.7498e+03 2.9369e+00 1.1985e+04
-4.6031e+06 3.8159e+01 2.6835e+03 -7.7171e+03 3.1854e+00 1.2038e+04
-4.5746e+06 3.8116e+01 2.7190e+03 -7.6844e+03 3.2374e+00 1.2089e+04
-4.6107e+06 3.8080e+01 2.7542e+03 -7.6518e+03 2.9688e+00 1.2140e+04
-4.5796e+06 3.8008e+01 2.7890e+03 -7.6193e+03 2.8340e+00 1.2190e+04
-4.6149e+06 3.7919e+01 2.8236e+03 -7.5869e+03 2.6685e+00 1.2239e+04
-4.5822e+06 3.7855e+01 2.8579e+03 -7.5545e+03 2.5533e+00 1.2287e+04
-4.6140e+06 3.7797e+01 2.8919e+03 -7.5223e+03 2.1163e+00 1.2334e+04
-4.5787e+06 3.7742e+01 2.9256e+03 -7.4902e+03 1.1919e+00 1.2380e+04
-4.6020e+06 3.7887e+01 2.9590e+03 -7.4582e+03 6.2640e-01 1.2426e+04
-4.5318e+06 3.8458e+01 2.9922e+03 -7.4263e+03 2.2292e+00 1.2470e+04
-4.5200e+06 3.9268e+01 3.0250e+03 -7.3946e+03 4.3840e+00 1.2514e+04
-4.4410e+06 3.9757e+01 3.0576e+03 -7.3629e+03 6.3290e+00 1.2557e+04
-4.4677e+06 3.9574e+01 3.0898e+03 -7.3315e+03 5.3153e+00 1.2599e+04
-4.4410e+06 3.8941e+01 3.1218e+03 -7.3001e+03 2.8008e+00 1.2640e+04
-4.5110e+06 3.8361e+01 3.1535e+03 -7.2690e+03 -1.4030e-01 1.2680e+04
-4.4816e+06 3.8061e+01 3.1849e+03 -7.2379e+03 -7.4442e-01 1.2720e+04
-4.5188e+06 3.7996e+01 3.2160e+03 -7.2071e+03 -2.9986e+00 1.2759e+04
-4.4545e+06 3.8312e+01 3.2469e+03 -7.1764e+03 -7.9404e-01 1.2797e+04
-4.4482e+06 3.9229e+01 3.2774e+03 -7.1459e+03 6.9047e-01 1.2833e+04
-4.3475e+06 4.0400e+01 3.3077e+03 -7.1155e+03 4.9605e-01 1.2871e+04
-4.3441e+06 4.1109e+01 3.3377e+03 -7.0854e+03 -2.6286e+00 1.2894e+04
-4.2521e+06 4.1223e+01 3.3675e+03 -7.0554e+03 7.9273e+00 1.2933e+04
-4.6601e+06 3.7460e+01 2.2425e+03 -8.0499e+03 -2.4277e+00 1.1514e+04
-4.6381e+06 3.7845e+01 2.2813e+03 -8.0170e+03 -4.4661e+00 1.1591e+04
-4.6292e+06 3.8368e+01 2.3197e+03 -7.9840e+03 -7.8056e+00 1.1635e+04
-4.5818e+06 3.8768e+01 2.3578e+03 -7.9510e+03 -5.9824e+00 1.1696e+04
-4.5816e+06 3.8937e+01 2.3957e+03 -7.9181e+03 -5.7042e+00 1.1754e+04
-4.5642e+06 3.8963e+01 2.4332e+03 -7.8851e+03 -7.4572e+00 1.1812e+04
-4.5819e+06 3.8927e+01 2.4705e+03 -7.8521e+03 -7.9266e+00 1.1869e+04
-4.5667e+06 3.8861e+01 2.5074e+03 -7.8192e+03 -7.9003e+00 1.1925e+04
-4.5906e+06 3.8789e+01 2.5441e+03 -7.7863e+03 -8.0580e+00 1.1980e+04
-4.5743e+06 3.8692e+01 2.5805e+03 -7.7534e+03 -7.8058e+00 1.2034e+04
-4.5980e+06 3.8560e+01 2.6165e+03 -7.7206e+03 -7.7329e+00 1.2087e+04
-4.5776e+06 3.8445e+01 2.6523e+03 -7.6879e+03 -7.8672e+00 1.2139e+04
-4.6010e+06 3.8385e+01 2.6878e+03 -7.6552e+03 -7.9339e+00 1.2190e+04
-4.5803e+06 3.8338e+01 2.7230e+03 -7.6226e+03 -8.2028e+00 1.2240e+04
-4.6065e+06 3.8255e+01 2.7579e+03 -7.5900e+03 -8.2389e+00 1.2290e+04
-4.5855e+06 3.8149e+01 2.7925e+03 -7.5576e+03 -8.4307e+00 1.2339e+04
-4.6076e+06 3.8057e+01 2.8268e+03 -7.5252e+03 -8.6997e+00 1.2387e+04
-4.5859e+06 3.7960e+01 2.8608e+03 -7.4930e+03 -9.5135e+00 1.2433e+04
-4.6001e+06 3.7875e+01 2.8946e+03 -7.4609e+03 -1.0106e+01 1.2480e+04
-4.5609e+06 3.8051e+01 2.9280e+03 -7.4289e+03 -1.0309e+01 1.2524e+04
-4.5383e+06 3.8775e+01 2.9612e+03 -7.3970e+03 -8.8425e+00 1.2569e+04
-4.4626e+06 3.9893e+01 2.9941e+03 -7.3652e+03 -5.8647e+00 1.2612e+04
-4.4286e+06 4.0774e+01 3.0267e+03 -7.3336e+03 -2.9443e+00 1.2655e+04
-4.3896e+06 4.0905e+01 3.0590e+03 -7.3021e+03 -2.7209e+00 1.2696e+04
-4.4136e+06 4.0369e+01 3.0910e+03 -7.2707e+03 -4.6786e+00 1.2737e+04
-4.4150e+06 3.9694e+01 3.1227e+03 -7.2395e+03 -7.9552e+00 1.2777e+04
-4.4347e+06 3.9315e+01 3.1542e+03 -7.2085e+03 -9.0058e+00 1.2817e+04
-4.4244e+06 3.9406e+01 3.1854e+03 -7.1776e+03 -1.1643e+01 1.2855e+04
-4.3789e+06 4.0150e+01 3.2163e+03 -7.1469e+03 -8.1703e+00 1.2893e+04
-4.3205e+06 4.1602e+01 3.2469e+03 -7.1164e+03 -6.1592e+00 1.2928e+04
-4.2296e+06 4.3158e+01 3.2773e+03 -7.0861e+03 -4.1937e+00 1.2966e+04
-4.1955e+06 4.3973e+01 3.3074e+03 -7.0559e+03 -2.9873e+00 1.2994e+04
-4.1189e+06 4.4047e+01 3.3372e+03 -7.0259e+03 9.1539e+00 1.3041e+04
-4.6516e+06 3.7722e+01 2.2119e+03 -8.0208e+03 -8.9819e-01 1.1618e+04
-4.6378e+06 3.8125e+01 2.2505e+03 -7.9879e+03 -3.8395e+00 1.1692e+04
-4.5942e+06 3.8609e+01 2.2889e+03 -7.9549e+03 -8.1208e+00 1.1746e+04
-4.5798e+06 3.8997e+01 2.3270e+03 -7.9219e+03 -6.2154e+00 1.1805e+04
-4.5450e+06 3.9191e+01 2.3648e+03 -7.8889e+03 -5.9127e+00 1.1863e+04
-4.5617e+06 3.9234e+01 2.4023e+03 -7.8559e+03 -7.6977e+00 1.1920e+04
-4.5436e+06 3.9204e+01 2.4396e+03 -7.8229e+03 -8.1703e+00 1.1976e+04
-4.5630e+06 3.9148e+01 2.4765e+03 -7.7899e+03 -7.7024e+00 1.2032e+04
-4.5455e+06 3.9078e+01 2.5132e+03 -7.7570e+03 -7.5862e+00 1.2086e+04
-4.5690e+06 3.8981e+01 2.5495e+03 -7.7241e+03 -7.4006e+00 1.2141e+04
-4.5497e+06 3.8858e+01 2.5856e+03 -7.6913e+03 -7.7860e+00 1.2192e+04
-4.5758e+06 3.8759e+01 2.6213e+03 -7.6585e+03 -8.4926e+00 1.2245e+04
-4.5544e+06 3.8710e+01 2.6568e+03 -7.6258e+03 -8.9371e+00 1.2295e+04
-4.5780e+06 3.8665e+01 2.6920e+03 -7.5932e+03 -8.7200e+00 1.2347e+04
-4.5523e+06 3.8582e+01 2.7269e+03 -7.5606e+03 -8.4690e+00 1.2394e+04
-4.5774e+06 3.8467e+01 2.7616e+03 -7.5282e+03 -8.6492e+00 1.2444e+04
-4.5565e+06 3.8351e+01 2.7959e+03 -7.4958e+03 -9.2905e+00 1.2490e+04
-4.5774e+06 3.8242e+01 2.8299e+03 -7.4636e+03 -9.8893e+00 1.2538e+04
-4.5479e+06 3.8215e+01 2.8637e+03 -7.4314e+03 -1.0651e+01 1.2582e+04
-4.5461e+06 3.8518e+01 2.8972e+03 -7.3994e+03 -1.0804e+01 1.2629e+04
-4.4773e+06 3.9371e+01 2.9304e+03 -7.3675e+03 -9.1998e+00 1.2670e+04
-4.4310e+06 4.0583e+01 2.9633e+03 -7.3357e+03 -6.3163e+00 1.2716e+04
-4.3489e+06 4.1599e+01 2.9959e+03 -7.3041e+03 -2.8396e+00 1.2755e+04
-4.3333e+06 4.1973e+01 3.0283e+03 -7.2726e+03 -1.8228e+00 1.2799e+04
-4.3084e+06 4.1705e+01 3.0603e+03 -7.2412e+03 -2.9758e+00 1.2837e+04
-4.3432e+06 4.1185e+01 3.0921e+03 -7.2100e+03 -5.8000e+00 1.2879e+04
-4.3297e+06 4.0890e+01 3.1237e+03 -7.1790e+03 -7.4927e+00 1.2915e+04
-4.3270e+06 4.1159e+01 3.1549e+03 -7.1481e+03 -9.6729e+00 1.2957e+04
-4.2620e+06 4.2185e+01 3.1859e+03 -7.1174e+03 -6.6905e+00 1.2991e+04
-4.2026e+06 4.3868e+01 3.2166e+03 -7.0868e+03 -5.7218e+00 1.3030e+04
-4.1022e+06 4.5547e+01 3.2470e+03 -7.0565e+03 -9.4761e-01 1.3063e+04
-4.0481e+06 4.6454e+01 3.2772e+03 -7.0263e+03 1.6964e+00 1.3092e+04
-3.9885e+06 4.6612e+01 3.3070e+03 -6.9963e+03 1.1250e+01 1.3121e+04
-4.6283e+06 3.7935e+01 2.1814e+03 -7.9916e+03 1.7734e+00 1.1722e+04
-4.5897e+06 3.8291e+01 2.2200e+03 -7.9586e+03 2.9170e+00 1.1782e+04
-4.5850e+06 3.8689e+01 2.2584e+03 -7.9256e+03 3.9194e+00 1.1843e+04
-4.5421e+06 3.9092e+01 2.2964e+03 -7.8926e+03 4.9136e+00 1.1901e+04
-4.5322e+06 3.9372e+01 2.3342e+03 -7.8595e+03 5.9651e+00 1.1958e+04
-4.5082e+06 3.9458e+01 2.3717e+03 -7.8265e+03 5.7159e+00 1.2016e+04
-4.5190e+06 3.9440e+01 2.4089e+03 -7.7935e+03 5.3802e+00 1.2071e+04
-4.5059e+06 3.9400e+01 2.4458e+03 -7.7605e+03 5.7986e+00 1.2128e+04
-4.5265e+06 3.9333e+01 2.4824e+03 -7.7276e+03 5.7223e+00 1.2180e+04
-4.5215e+06 3.9236e+01 2.5188e+03 -7.6947e+03 4.5419e+00 1.2236e+04
-4.5366e+06 3.9151e+01 2.5548e+03 -7.6618e+03 4.1255e+00 1.2286e+04
-4.5093e+06 3.9109e+01 2.5906e+03 -7.6291e+03 5.0178e+00 1.2340e+04
-4.5212e+06 3.9096e+01 2.6261e+03 -7.5963e+03 4.7132e+00 1.2388e+04
-4.5063e+06 3.9069e+01 2.6613e+03 -7.5637e+03 4.3221e+00 1.2441e+04
-4.5215e+06 3.9001e+01 2.6962e+03 -7.5311e+03 5.1818e+00 1.2486e+04
-4.5061e+06 3.8896e+01 2.7308e+03 -7.4987e+03 5.0614e+00 1.2539e+04
-4.5245e+06 3.8782e+01 2.7652e+03 -7.4663e+03 3.8103e+00 1.2581e+04
-4.5093e+06 3.8720e+01 2.7992e+03 -7.4340e+03 3.0045e+00 1.2633e+04
-4.5062e+06 3.8839e+01 2.8330e+03 -7.4019e+03 2.9247e+00 1.2672e+04
-4.4608e+06 3.9324e+01 2.8665e+03 -7.3698e+03 3.2619e+00 1.2723e+04
-4.4232e+06 4.0224e+01 2.8997e+03 -7.3379e+03 4.2998e+00 1.2760e+04
-4.3538e+06 4.1280e+01 2.9327e+03 -7.3061e+03 5.9285e+00 1.2810e+04
-4.3113e+06 4.2118e+01 2.9654e+03 -7.2745e+03 7.5374e+00 1.2845e+04
-4.2690e+06 4.2548e+01 2.9978e+03 -7.2430e+03 7.7293e+00 1.2893e+04
-4.2606e+06 4.2594e+01 3.0299e+03 -7.2116e+03 7.8438e+00 1.2926e+04
-4.2462e+06 4.2436e+01 3.0617e+03 -7.1804e+03 6.5360e+00 1.2973e+04
-4.2372e+06 4.2397e+01 3.0933e+03 -7.1493e+03 5.7558e+00 1.3004e+04
-4.2156e+06 4.2824e+01 3.1246e+03 -7.1185e+03 3.9950e+00 1.3050e+04
-4.1524e+06 4.3901e+01 3.1556e+03 -7.0877e+03 5.6519e+00 1.3078e+04
-4.0964e+06 4.5508e+01 3.1864e+03 -7.0572e+03 6.7992e+00 1.3123e+04
-3.9985e+06 4.7126e+01 3.2168e+03 -7.0268e+03 8.2831e+00 1.3147e+04
-3.9587e+06 4.8134e+01 3.2471e+03 -6.9966e+03 7.2026e+00 1.3195e+04
-3.8967e+06 4.8447e+01 3.2770e+03 -6.9666e+03 1.0889e+01 1.3222e+04
