  1    1089
-9.3183e+06 3.2684e+01 2.7503e+03 2.4918e+03 -2.4114e+03 6.4295e+03
-9.0384e+06 3.2653e+01 2.7347e+03 2.5204e+03 -2.3279e+03 6.1204e+03
-8.6769e+06 3.2551e+01 2.7193e+03 2.5486e+03 -1.9218e+03 5.9971e+03
-8.3793e+06 3.3393e+01 2.7058e+03 2.5761e+03 -8.9971e+02 6.2657e+03
-7.6669e+06 3.5314e+01 2.7058e+03 2.6008e+03 -1.1999e+02 6.5543e+03
-6.3719e+06 3.6251e+01 2.7058e+03 2.6253e+03 6.5642e+01 6.5623e+03
-5.6124e+06 3.6174e+01 2.7057e+03 2.6495e+03 6.9975e+01 6.5322e+03
-4.8117e+06 3.6115e+01 2.7057e+03 2.6734e+03 1.0406e+02 6.4963e+03
-4.0393e+06 3.6092e+01 2.7057e+03 2.6971e+03 1.8184e+02 6.4546e+03
-3.8881e+06 3.6126e+01 2.7057e+03 2.7206e+03 1.6295e+02 6.4128e+03
-4.2233e+06 3.6160e+01 2.7057e+03 2.7438e+03 1.1682e+02 6.3694e+03
-4.5154e+06 3.6156e+01 2.7057e+03 2.7667e+03 4.4451e+02 6.2022e+03
-4.7869e+06 3.6120e+01 2.7087e+03 2.7893e+03 1.4333e+03 5.6971e+03
-5.2838e+06 3.6134e+01 2.7256e+03 2.8108e+03 1.8000e+03 5.0265e+03
-5.8839e+06 3.6269e+01 2.7397e+03 2.8322e+03 2.8117e+02 4.4286e+03
-6.3594e+06 3.6415e+01 2.7346e+03 2.8545e+03 -1.2257e+03 4.1821e+03
-6.5601e+06 3.6464e+01 2.7251e+03 2.8767e+03 -1.3654e+03 4.2865e+03
-6.2780e+06 3.6449e+01 2.7156e+03 2.8986e+03 -1.1152e+03 4.5891e+03
-6.0272e+06 3.6403e+01 2.7063e+03 2.9201e+03 -7.0424e+02 5.1670e+03
-5.7198e+06 3.6342e+01 2.7055e+03 2.9410e+03 -2.1292e+02 5.7301e+03
-5.5211e+06 3.6307e+01 2.7055e+03 2.9616e+03 -1.3231e+01 5.9543e+03
-5.5253e+06 3.6306e+01 2.7055e+03 2.9820e+03 -1.9611e+00 5.9275e+03
-5.5667e+06 3.6319e+01 2.7055e+03 3.0021e+03 -1.1475e+01 5.8900e+03
-5.5802e+06 3.6328e+01 2.7055e+03 3.0219e+03 -1.5417e+01 5.8502e+03
-5.4665e+06 3.6325e+01 2.7055e+03 3.0415e+03 -1.4611e+01 5.8081e+03
-5.2778e+06 3.6309e+01 2.7054e+03 3.0609e+03 -4.1570e+00 5.7672e+03
-5.0394e+06 3.6294e+01 2.7054e+03 3.0800e+03 5.1252e+00 5.7266e+03
-4.8953e+06 3.6292e+01 2.7054e+03 3.0988e+03 8.0050e+00 5.6894e+03
-4.7836e+06 3.6294e+01 2.7054e+03 3.1174e+03 2.9792e+00 5.6461e+03
-4.6934e+06 3.6282e+01 2.7054e+03 3.1358e+03 3.6526e+00 5.6093e+03
-4.5774e+06 3.6260e+01 2.7054e+03 3.1539e+03 3.5531e+00 5.5648e+03
-4.5503e+06 3.6249e+01 2.7054e+03 3.1717e+03 5.2356e+00 5.5288e+03
-4.5263e+06 3.6258e+01 2.7054e+03 3.1893e+03 1.0614e+01 5.5005e+03
-9.3248e+06 3.2659e+01 2.7494e+03 2.4808e+03 -2.3233e+03 5.9838e+03
-9.1758e+06 3.2648e+01 2.7339e+03 2.5098e+03 -2.2634e+03 5.8418e+03
-8.8391e+06 3.2645e+01 2.7185e+03 2.5384e+03 -2.1322e+03 5.7609e+03
-8.6002e+06 3.3599e+01 2.7040e+03 2.5666e+03 -1.2961e+03 6.0216e+03
-8.0238e+06 3.5464e+01 2.7021e+03 2.5920e+03 -3.0296e+02 6.4472e+03
-6.8802e+06 3.6317e+01 2.7021e+03 2.6168e+03 2.7205e+01 6.5852e+03
-6.1229e+06 3.6225e+01 2.7021e+03 2.6414e+03 3.0879e+01 6.5506e+03
-5.3354e+06 3.6143e+01 2.7022e+03 2.6657e+03 5.8642e+01 6.5106e+03
-4.3495e+06 3.6088e+01 2.7022e+03 2.6897e+03 1.5436e+02 6.4748e+03
-4.0385e+06 3.6090e+01 2.7022e+03 2.7135e+03 1.7498e+02 6.4334e+03
-3.8684e+06 3.6083e+01 2.7022e+03 2.7370e+03 2.7925e+02 6.3380e+03
-4.1385e+06 3.6051e+01 2.7022e+03 2.7602e+03 9.4592e+02 6.1650e+03
-4.2346e+06 3.6022e+01 2.7143e+03 2.7825e+03 1.9866e+03 5.9266e+03
-4.7863e+06 3.6060e+01 2.7316e+03 2.8042e+03 2.2202e+03 5.6742e+03
-5.3120e+06 3.6212e+01 2.7489e+03 2.8256e+03 5.1381e+02 4.9069e+03
-5.8208e+06 3.6389e+01 2.7394e+03 2.8487e+03 -1.2664e+03 4.2485e+03
-6.5759e+06 3.6477e+01 2.7298e+03 2.8712e+03 -1.5197e+03 4.2298e+03
-6.3457e+06 3.6483e+01 2.7203e+03 2.8934e+03 -1.4080e+03 4.2007e+03
-6.1895e+06 3.6449e+01 2.7110e+03 2.9152e+03 -1.1583e+03 4.4177e+03
-5.8168e+06 3.6389e+01 2.7024e+03 2.9366e+03 -6.1708e+02 5.0942e+03
-5.7709e+06 3.6336e+01 2.7024e+03 2.9574e+03 -1.6719e+02 5.7390e+03
-5.5574e+06 3.6316e+01 2.7024e+03 2.9780e+03 -9.4083e+00 5.9277e+03
-5.6595e+06 3.6322e+01 2.7024e+03 2.9984e+03 -6.9173e+00 5.9016e+03
-5.5537e+06 3.6325e+01 2.7024e+03 3.0184e+03 -5.1565e+00 5.8600e+03
-5.4965e+06 3.6315e+01 2.7025e+03 3.0383e+03 -1.7344e+00 5.8183e+03
-5.2762e+06 3.6303e+01 2.7025e+03 3.0578e+03 8.0011e+00 5.7793e+03
-5.2001e+06 3.6298e+01 2.7025e+03 3.0771e+03 6.6494e+00 5.7404e+03
-5.0797e+06 3.6302e+01 2.7025e+03 3.0961e+03 2.8165e+00 5.7004e+03
-5.0481e+06 3.6304e+01 2.7025e+03 3.1149e+03 1.8001e-01 5.6575e+03
-4.8880e+06 3.6288e+01 2.7025e+03 3.1334e+03 1.0023e+01 5.6153e+03
-4.7821e+06 3.6264e+01 2.7025e+03 3.1517e+03 1.9579e+01 5.5768e+03
-4.6643e+06 3.6254e+01 2.7026e+03 3.1697e+03 2.5775e+01 5.5279e+03
-4.7159e+06 3.6269e+01 2.7026e+03 3.1875e+03 2.6581e+01 5.5087e+03
-9.4252e+06 3.2650e+01 2.7482e+03 2.4700e+03 -2.2559e+03 5.9289e+03
-9.1515e+06 3.2640e+01 2.7328e+03 2.4995e+03 -2.1967e+03 5.7946e+03
-8.9737e+06 3.2755e+01 2.7185e+03 2.5284e+03 -2.1278e+03 5.6689e+03
-8.7018e+06 3.3851e+01 2.7044e+03 2.5569e+03 -1.5500e+03 5.8790e+03
-8.3431e+06 3.5641e+01 2.6982e+03 2.5835e+03 -5.7567e+02 6.3750e+03
-7.6046e+06 3.6386e+01 2.6982e+03 2.6087e+03 -5.6546e+01 6.6111e+03
-6.8813e+06 3.6290e+01 2.6983e+03 2.6335e+03 -2.4493e+01 6.5796e+03
-6.1874e+06 3.6220e+01 2.6984e+03 2.6581e+03 -2.6853e+01 6.5378e+03
-5.4082e+06 3.6172e+01 2.6984e+03 2.6825e+03 1.1176e+01 6.5012e+03
-5.0230e+06 3.6139e+01 2.6985e+03 2.7066e+03 5.4445e+01 6.4568e+03
-4.2904e+06 3.6057e+01 2.6986e+03 2.7304e+03 5.1805e+02 6.3070e+03
-4.2709e+06 3.5973e+01 2.7023e+03 2.7537e+03 1.5416e+03 6.1168e+03
-4.2288e+06 3.5961e+01 2.7196e+03 2.7758e+03 2.3452e+03 5.9732e+03
-4.6318e+06 3.6024e+01 2.7369e+03 2.7977e+03 2.2571e+03 5.8846e+03
-4.7377e+06 3.6158e+01 2.7537e+03 2.8198e+03 5.4003e+02 5.1545e+03
-5.0996e+06 3.6333e+01 2.7440e+03 2.8431e+03 -1.2320e+03 4.3650e+03
-6.2574e+06 3.6460e+01 2.7343e+03 2.8660e+03 -1.5159e+03 4.2726e+03
-6.2992e+06 3.6498e+01 2.7248e+03 2.8885e+03 -1.4539e+03 4.2187e+03
-6.3394e+06 3.6481e+01 2.7154e+03 2.9106e+03 -1.3567e+03 4.2001e+03
-5.9069e+06 3.6431e+01 2.7062e+03 2.9322e+03 -1.0313e+03 4.4881e+03
-5.8594e+06 3.6374e+01 2.6991e+03 2.9535e+03 -5.3420e+02 5.1878e+03
-5.7129e+06 3.6340e+01 2.6992e+03 2.9743e+03 -1.3972e+02 5.7689e+03
-5.6705e+06 3.6331e+01 2.6992e+03 2.9948e+03 -1.8325e+01 5.9158e+03
-5.5501e+06 3.6319e+01 2.6993e+03 3.0151e+03 3.2531e+00 5.8821e+03
-5.4225e+06 3.6302e+01 2.6993e+03 3.0352e+03 7.1043e+00 5.8411e+03
-5.3324e+06 3.6300e+01 2.6993e+03 3.0549e+03 8.0166e+00 5.8029e+03
-5.3098e+06 3.6308e+01 2.6994e+03 3.0744e+03 -2.5681e+00 5.7622e+03
-5.2835e+06 3.6313e+01 2.6994e+03 3.0936e+03 -7.9818e+00 5.7203e+03
-5.1978e+06 3.6312e+01 2.6995e+03 3.1126e+03 -5.9729e+00 5.6800e+03
-5.1053e+06 3.6302e+01 2.6995e+03 3.1313e+03 4.9366e+00 5.6357e+03
-4.9766e+06 3.6289e+01 2.6996e+03 3.1497e+03 1.0510e+01 5.5981e+03
-4.9476e+06 3.6286e+01 2.6996e+03 3.1679e+03 1.4191e+01 5.5335e+03
-4.9571e+06 3.6297e+01 2.6996e+03 3.1859e+03 1.6316e+01 5.5098e+03
-9.4840e+06 3.2643e+01 2.7472e+03 2.4594e+03 -2.1934e+03 5.8934e+03
-9.1715e+06 3.2634e+01 2.7328e+03 2.4892e+03 -2.1424e+03 5.7558e+03
-9.1155e+06 3.2705e+01 2.7186e+03 2.5185e+03 -2.1161e+03 5.6532e+03
-8.7917e+06 3.3506e+01 2.7046e+03 2.5474e+03 -1.7717e+03 5.7784e+03
-8.6672e+06 3.5114e+01 2.6940e+03 2.5753e+03 -8.7940e+02 6.2116e+03
-8.2327e+06 3.6201e+01 2.6941e+03 2.6007e+03 -1.7189e+02 6.5496e+03
-7.5183e+06 3.6366e+01 2.6943e+03 2.6259e+03 -4.9673e+01 6.5880e+03
-6.8482e+06 3.6302e+01 2.6944e+03 2.6509e+03 -3.5525e+01 6.5547e+03
-6.2409e+06 3.6272e+01 2.6945e+03 2.6755e+03 -3.6956e+01 6.5180e+03
-5.8775e+06 3.6218e+01 2.6946e+03 2.6999e+03 3.6858e+01 6.4400e+03
-5.2277e+06 3.6074e+01 2.6947e+03 2.7240e+03 8.6180e+02 6.3297e+03
-4.9143e+06 3.5942e+01 2.7070e+03 2.7470e+03 1.9887e+03 6.1626e+03
-4.4534e+06 3.5930e+01 2.7244e+03 2.7693e+03 2.4581e+03 6.0325e+03
-4.8069e+06 3.6002e+01 2.7418e+03 2.7913e+03 2.2083e+03 6.0133e+03
-4.4061e+06 3.6109e+01 2.7578e+03 2.8140e+03 5.5334e+02 5.2632e+03
-4.4183e+06 3.6257e+01 2.7482e+03 2.8378e+03 -1.1162e+03 4.4309e+03
-5.5039e+06 3.6405e+01 2.7387e+03 2.8611e+03 -1.4157e+03 4.3145e+03
-6.0096e+06 3.6485e+01 2.7291e+03 2.8838e+03 -1.4493e+03 4.2467e+03
-6.3530e+06 3.6495e+01 2.7197e+03 2.9062e+03 -1.4172e+03 4.1904e+03
-6.0651e+06 3.6459e+01 2.7104e+03 2.9281e+03 -1.2657e+03 4.2139e+03
-5.9043e+06 3.6406e+01 2.7013e+03 2.9496e+03 -9.7764e+02 4.6059e+03
-5.7732e+06 3.6366e+01 2.6957e+03 2.9708e+03 -4.6024e+02 5.3755e+03
-5.7563e+06 3.6341e+01 2.6958e+03 2.9915e+03 -8.1065e+01 5.8561e+03
-5.5287e+06 3.6316e+01 2.6959e+03 3.0120e+03 7.9443e+00 5.8932e+03
-5.4844e+06 3.6298e+01 2.6960e+03 3.0323e+03 8.5094e+00 5.8565e+03
-5.4217e+06 3.6303e+01 2.6961e+03 3.0522e+03 3.2061e+00 5.8171e+03
-5.4853e+06 3.6315e+01 2.6962e+03 3.0719e+03 -1.1036e+01 5.7739e+03
-5.4040e+06 3.6316e+01 2.6962e+03 3.0913e+03 -9.5342e+00 5.7314e+03
-5.3603e+06 3.6314e+01 2.6963e+03 3.1105e+03 -5.2995e+00 5.6911e+03
-5.2843e+06 3.6313e+01 2.6964e+03 3.1293e+03 -1.6530e+00 5.6479e+03
-5.2551e+06 3.6311e+01 2.6965e+03 3.1480e+03 -5.7461e+00 5.6069e+03
-5.2568e+06 3.6315e+01 2.6965e+03 3.1663e+03 -6.1596e+00 5.5457e+03
-5.2978e+06 3.6318e+01 2.6966e+03 3.1844e+03 -3.4786e+00 5.5227e+03
-9.5120e+06 3.2635e+01 2.7467e+03 2.4488e+03 -2.1280e+03 5.8953e+03
-9.2620e+06 3.2628e+01 2.7325e+03 2.4792e+03 -2.1074e+03 5.7790e+03
-9.1287e+06 3.2614e+01 2.7184e+03 2.5089e+03 -2.0556e+03 5.6462e+03
-8.9053e+06 3.2826e+01 2.7044e+03 2.5382e+03 -1.8132e+03 5.5242e+03
-8.7967e+06 3.4038e+01 2.6924e+03 2.5668e+03 -1.1522e+03 5.6559e+03
-8.5319e+06 3.5758e+01 2.6898e+03 2.5931e+03 -4.8023e+02 6.1058e+03
-7.9919e+06 3.6431e+01 2.6900e+03 2.6186e+03 -1.6920e+02 6.4670e+03
-7.4627e+06 3.6367e+01 2.6902e+03 2.6439e+03 -5.1921e+01 6.5631e+03
-6.9484e+06 3.6346e+01 2.6903e+03 2.6688e+03 -3.4383e+01 6.5310e+03
-6.5607e+06 3.6267e+01 2.6905e+03 2.6935e+03 2.5101e+02 6.3943e+03
-6.0595e+06 3.6097e+01 2.6932e+03 2.7177e+03 1.3046e+03 6.2792e+03
-5.6887e+06 3.5950e+01 2.7106e+03 2.7405e+03 2.2255e+03 6.2040e+03
-4.9880e+06 3.5925e+01 2.7280e+03 2.7629e+03 2.4281e+03 6.1359e+03
-5.2420e+06 3.5992e+01 2.7453e+03 2.7853e+03 2.1504e+03 6.1338e+03
-4.5610e+06 3.6092e+01 2.7615e+03 2.8084e+03 5.2715e+02 5.3629e+03
-4.0296e+06 3.6211e+01 2.7522e+03 2.8327e+03 -1.0358e+03 4.5062e+03
-4.5853e+06 3.6340e+01 2.7427e+03 2.8563e+03 -1.2571e+03 4.3725e+03
-5.3422e+06 3.6442e+01 2.7332e+03 2.8794e+03 -1.3596e+03 4.2860e+03
-6.1288e+06 3.6487e+01 2.7238e+03 2.9020e+03 -1.4285e+03 4.2170e+03
-6.1778e+06 3.6476e+01 2.7145e+03 2.9243e+03 -1.3958e+03 4.1963e+03
-5.9698e+06 3.6437e+01 2.7053e+03 2.9460e+03 -1.3438e+03 4.3611e+03
-5.8231e+06 3.6395e+01 2.6941e+03 2.9674e+03 -8.6447e+02 5.0029e+03
-5.8767e+06 3.6358e+01 2.6923e+03 2.9884e+03 -2.4144e+02 5.7008e+03
-5.6317e+06 3.6326e+01 2.6924e+03 3.0091e+03 -7.0856e+00 5.9017e+03
-5.6359e+06 3.6313e+01 2.6925e+03 3.0296e+03 3.7076e+00 5.8693e+03
-5.5932e+06 3.6317e+01 2.6927e+03 3.0497e+03 -8.4584e-01 5.8271e+03
-5.6150e+06 3.6321e+01 2.6928e+03 3.0696e+03 -8.4858e+00 5.7840e+03
-5.5363e+06 3.6318e+01 2.6929e+03 3.0892e+03 -2.0646e+00 5.7425e+03
-5.4980e+06 3.6318e+01 2.6930e+03 3.1085e+03 1.8084e-01 5.7022e+03
-5.4807e+06 3.6321e+01 2.6931e+03 3.1276e+03 -1.9285e+00 5.6579e+03
-5.4881e+06 3.6326e+01 2.6932e+03 3.1464e+03 -1.1533e+01 5.6177e+03
-5.4901e+06 3.6330e+01 2.6933e+03 3.1649e+03 -1.2664e+01 5.5520e+03
-5.4594e+06 3.6326e+01 2.6934e+03 3.1831e+03 -2.0940e+00 5.5254e+03
-9.4851e+06 3.2624e+01 2.7459e+03 2.4385e+03 -2.0676e+03 5.9468e+03
-9.3917e+06 3.2622e+01 2.7319e+03 2.4694e+03 -2.0544e+03 5.7855e+03
-9.1242e+06 3.2596e+01 2.7179e+03 2.4996e+03 -1.8803e+03 5.5148e+03
-9.0440e+06 3.2778e+01 2.7059e+03 2.5290e+03 -1.6327e+03 5.1897e+03
-8.8001e+06 3.3970e+01 2.6980e+03 2.5571e+03 -1.3019e+03 5.0580e+03
-8.5707e+06 3.5723e+01 2.6902e+03 2.5848e+03 -9.4218e+02 5.3552e+03
-8.2827e+06 3.6442e+01 2.6855e+03 2.6116e+03 -5.5245e+02 5.9242e+03
-8.1308e+06 3.6397e+01 2.6857e+03 2.6371e+03 -2.4345e+02 6.3916e+03
-7.6785e+06 3.6369e+01 2.6860e+03 2.6624e+03 -3.8907e+01 6.5250e+03
-7.2839e+06 3.6275e+01 2.6862e+03 2.6874e+03 6.5131e+02 6.4418e+03
-6.7576e+06 3.6125e+01 2.6966e+03 2.7112e+03 1.7646e+03 6.2870e+03
-6.2874e+06 3.6011e+01 2.7140e+03 2.7341e+03 2.2873e+03 6.1754e+03
-5.6970e+06 3.5978e+01 2.7313e+03 2.7568e+03 2.3533e+03 6.1877e+03
-5.6333e+06 3.6024e+01 2.7486e+03 2.7796e+03 2.0738e+03 6.2509e+03
-5.0673e+06 3.6132e+01 2.7650e+03 2.8031e+03 4.6372e+02 5.5835e+03
-4.3439e+06 3.6232e+01 2.7557e+03 2.8277e+03 -1.0386e+03 4.6913e+03
-4.2560e+06 3.6299e+01 2.7464e+03 2.8518e+03 -1.1776e+03 4.4483e+03
-4.5446e+06 3.6378e+01 2.7371e+03 2.8752e+03 -1.2251e+03 4.3479e+03
-5.7313e+06 3.6461e+01 2.7277e+03 2.8982e+03 -1.4254e+03 4.3079e+03
-6.1176e+06 3.6492e+01 2.7183e+03 2.9206e+03 -1.5435e+03 4.3403e+03
-6.1411e+06 3.6473e+01 2.7065e+03 2.9427e+03 -1.5749e+03 4.4069e+03
-5.9353e+06 3.6429e+01 2.6947e+03 2.9643e+03 -1.2045e+03 4.7935e+03
-5.9583e+06 3.6379e+01 2.6886e+03 2.9855e+03 -4.8283e+02 5.5247e+03
-5.8257e+06 3.6343e+01 2.6888e+03 3.0064e+03 -4.2296e+01 5.9035e+03
-5.7777e+06 3.6330e+01 2.6889e+03 3.0271e+03 -2.0978e+00 5.8785e+03
-5.7654e+06 3.6330e+01 2.6891e+03 3.0474e+03 -9.7277e+00 5.8354e+03
-5.7350e+06 3.6328e+01 2.6892e+03 3.0675e+03 -7.1000e+00 5.7940e+03
-5.6745e+06 3.6325e+01 2.6894e+03 3.0872e+03 -3.8924e+00 5.7528e+03
-5.6494e+06 3.6325e+01 2.6895e+03 3.1068e+03 -2.0389e+00 5.7120e+03
-5.6516e+06 3.6329e+01 2.6897e+03 3.1260e+03 -5.3460e+00 5.6675e+03
-5.6592e+06 3.6334e+01 2.6898e+03 3.1449e+03 -1.5138e+01 5.6265e+03
-5.6439e+06 3.6334e+01 2.6900e+03 3.1636e+03 -1.4832e+01 5.5624e+03
-5.5900e+06 3.6325e+01 2.6901e+03 3.1820e+03 -2.2021e+00 5.5374e+03
-9.4978e+06 3.2603e+01 2.7447e+03 2.4285e+03 -1.9026e+03 6.0420e+03
-9.4992e+06 3.2608e+01 2.7310e+03 2.4600e+03 -1.8860e+03 5.6636e+03
-9.1958e+06 3.2557e+01 2.7194e+03 2.4902e+03 -1.6237e+03 5.2704e+03
-9.1447e+06 3.3196e+01 2.7114e+03 2.5192e+03 -1.4331e+03 4.9984e+03
-8.7671e+06 3.4878e+01 2.7035e+03 2.5478e+03 -1.3224e+03 4.8860e+03
-8.6553e+06 3.6162e+01 2.6957e+03 2.5760e+03 -1.2426e+03 4.9273e+03
-8.3332e+06 3.6427e+01 2.6880e+03 2.6036e+03 -1.0438e+03 5.2539e+03
-8.4046e+06 3.6397e+01 2.6811e+03 2.6307e+03 -6.4552e+02 5.8726e+03
-8.0735e+06 3.6348e+01 2.6814e+03 2.6563e+03 -5.5786e+00 6.2868e+03
-7.8484e+06 3.6257e+01 2.6824e+03 2.6815e+03 1.1146e+03 6.3650e+03
-7.4606e+06 3.6156e+01 2.6998e+03 2.7049e+03 2.0763e+03 6.2984e+03
-6.9176e+06 3.6096e+01 2.7171e+03 2.7279e+03 2.2623e+03 6.2064e+03
-6.5326e+06 3.6081e+01 2.7344e+03 2.7509e+03 2.2531e+03 6.2475e+03
-6.0006e+06 3.6121e+01 2.7515e+03 2.7742e+03 1.8334e+03 6.3589e+03
-5.5109e+06 3.6222e+01 2.7642e+03 2.7982e+03 3.9522e+02 5.9705e+03
-4.9695e+06 3.6291e+01 2.7589e+03 2.8229e+03 -8.9160e+02 5.1284e+03
-4.4607e+06 3.6290e+01 2.7498e+03 2.8474e+03 -1.1318e+03 4.6189e+03
-4.2772e+06 3.6325e+01 2.7406e+03 2.8713e+03 -1.1786e+03 4.4864e+03
-5.3356e+06 3.6429e+01 2.7309e+03 2.8946e+03 -1.4513e+03 4.4909e+03
-6.0791e+06 3.6501e+01 2.7188e+03 2.9173e+03 -1.6488e+03 4.5001e+03
-6.3378e+06 3.6500e+01 2.7069e+03 2.9396e+03 -1.6578e+03 4.4790e+03
-6.0543e+06 3.6455e+01 2.6951e+03 2.9614e+03 -1.4275e+03 4.6236e+03
-6.0370e+06 3.6397e+01 2.6848e+03 2.9829e+03 -7.4084e+02 5.2561e+03
-6.0184e+06 3.6354e+01 2.6850e+03 3.0040e+03 -1.2240e+02 5.8163e+03
-5.8701e+06 3.6336e+01 2.6852e+03 3.0248e+03 -8.2686e+00 5.8861e+03
-5.8883e+06 3.6332e+01 2.6854e+03 3.0453e+03 -1.1763e+01 5.8464e+03
-5.7966e+06 3.6327e+01 2.6856e+03 3.0656e+03 -5.9253e+00 5.8038e+03
-5.7897e+06 3.6324e+01 2.6857e+03 3.0855e+03 -8.5865e+00 5.7620e+03
-5.7471e+06 3.6327e+01 2.6859e+03 3.1052e+03 -5.5798e+00 5.7211e+03
-5.7653e+06 3.6331e+01 2.6861e+03 3.1246e+03 -6.9228e+00 5.6766e+03
-5.7516e+06 3.6333e+01 2.6863e+03 3.1437e+03 -1.4496e+01 5.6354e+03
-5.7188e+06 3.6331e+01 2.6865e+03 3.1625e+03 -1.4593e+01 5.5712e+03
-5.6681e+06 3.6322e+01 2.6867e+03 3.1811e+03 -2.8094e+00 5.5459e+03
-9.5535e+06 3.2570e+01 2.7432e+03 2.4188e+03 -1.5060e+03 6.0441e+03
-9.5361e+06 3.2585e+01 2.7323e+03 2.4501e+03 -1.6105e+03 5.4570e+03
-9.3580e+06 3.2611e+01 2.7245e+03 2.4802e+03 -1.4361e+03 5.1320e+03
-9.1688e+06 3.3616e+01 2.7166e+03 2.5098e+03 -1.3549e+03 4.9905e+03
-8.9074e+06 3.5527e+01 2.7087e+03 2.5388e+03 -1.3243e+03 4.9288e+03
-8.6588e+06 3.6453e+01 2.7009e+03 2.5674e+03 -1.3411e+03 4.9152e+03
-8.5052e+06 3.6432e+01 2.6921e+03 2.5956e+03 -1.3540e+03 4.9854e+03
-8.3301e+06 3.6396e+01 2.6828e+03 2.6235e+03 -1.0690e+03 5.3099e+03
-8.2216e+06 3.6322e+01 2.6766e+03 2.6504e+03 1.2014e+01 5.8450e+03
-8.1407e+06 3.6227e+01 2.6853e+03 2.6751e+03 1.4772e+03 6.1837e+03
-7.8337e+06 3.6160e+01 2.7026e+03 2.6987e+03 2.1899e+03 6.2394e+03
-7.5227e+06 3.6142e+01 2.7199e+03 2.7219e+03 2.2252e+03 6.2507e+03
-7.2944e+06 3.6164e+01 2.7371e+03 2.7453e+03 2.0951e+03 6.3525e+03
-6.4883e+06 3.6219e+01 2.7542e+03 2.7692e+03 1.3812e+03 6.4302e+03
-5.7256e+06 3.6300e+01 2.7590e+03 2.7939e+03 2.7549e+02 6.3191e+03
-5.4964e+06 3.6347e+01 2.7594e+03 2.8185e+03 -5.2787e+02 5.7812e+03
-4.9837e+06 3.6331e+01 2.7528e+03 2.8432e+03 -1.0248e+03 5.0321e+03
-4.8152e+06 3.6341e+01 2.7428e+03 2.8676e+03 -1.3168e+03 4.7007e+03
-5.4974e+06 3.6428e+01 2.7309e+03 2.8913e+03 -1.5285e+03 4.6522e+03
-6.2409e+06 3.6503e+01 2.7189e+03 2.9142e+03 -1.6585e+03 4.5716e+03
-6.4294e+06 3.6506e+01 2.7070e+03 2.9367e+03 -1.6521e+03 4.4976e+03
-6.1982e+06 3.6463e+01 2.6953e+03 2.9588e+03 -1.5237e+03 4.4899e+03
-6.0675e+06 3.6406e+01 2.6838e+03 2.9804e+03 -9.5299e+02 4.9289e+03
-6.0923e+06 3.6360e+01 2.6810e+03 3.0017e+03 -2.7145e+02 5.5790e+03
-5.9485e+06 3.6338e+01 2.6812e+03 3.0227e+03 -3.5448e+01 5.8336e+03
-5.9392e+06 3.6327e+01 2.6815e+03 3.0434e+03 -1.5483e+01 5.8410e+03
-5.8481e+06 3.6319e+01 2.6817e+03 3.0639e+03 -1.1033e+01 5.8086e+03
-5.8307e+06 3.6318e+01 2.6820e+03 3.0840e+03 -9.3602e+00 5.7715e+03
-5.8015e+06 3.6323e+01 2.6822e+03 3.1038e+03 -3.6488e+00 5.7304e+03
-5.8153e+06 3.6327e+01 2.6824e+03 3.1234e+03 -2.4873e+00 5.6855e+03
-5.7745e+06 3.6327e+01 2.6826e+03 3.1427e+03 -9.1371e+00 5.6445e+03
-5.7524e+06 3.6322e+01 2.6829e+03 3.1617e+03 -1.1277e+01 5.5785e+03
-5.6943e+06 3.6316e+01 2.6831e+03 3.1804e+03 -2.3895e+00 5.5526e+03
-9.6092e+06 3.2523e+01 2.7442e+03 2.4086e+03 -8.6850e+02 6.2521e+03
-9.4882e+06 3.2550e+01 2.7367e+03 2.4398e+03 -1.2287e+03 5.5386e+03
-9.4436e+06 3.2714e+01 2.7291e+03 2.4705e+03 -1.3445e+03 5.1844e+03
-9.2791e+06 3.3769e+01 2.7214e+03 2.5006e+03 -1.3509e+03 5.0829e+03
-9.0768e+06 3.5500e+01 2.7136e+03 2.5301e+03 -1.3669e+03 5.0266e+03
-8.7412e+06 3.6395e+01 2.7050e+03 2.5592e+03 -1.3996e+03 5.0079e+03
-8.6622e+06 3.6446e+01 2.6956e+03 2.5880e+03 -1.4414e+03 4.9896e+03
-8.3535e+06 3.6399e+01 2.6862e+03 2.6162e+03 -1.2428e+03 4.9935e+03
-8.2635e+06 3.6312e+01 2.6770e+03 2.6440e+03 -2.1808e+01 5.4189e+03
-8.2785e+06 3.6206e+01 2.6879e+03 2.6690e+03 1.5768e+03 6.0440e+03
-7.9114e+06 3.6142e+01 2.7052e+03 2.6927e+03 2.2140e+03 6.2692e+03
-7.7987e+06 3.6143e+01 2.7224e+03 2.7162e+03 2.2147e+03 6.3152e+03
-7.6122e+06 3.6196e+01 2.7395e+03 2.7401e+03 1.8316e+03 6.4616e+03
-6.8794e+06 3.6269e+01 2.7532e+03 2.7647e+03 8.6318e+02 6.5381e+03
-5.9262e+06 3.6331e+01 2.7536e+03 2.7899e+03 1.1464e+02 6.5243e+03
-5.8889e+06 3.6375e+01 2.7540e+03 2.8147e+03 -2.1027e+02 6.3251e+03
-5.7558e+06 3.6395e+01 2.7541e+03 2.8393e+03 -8.5515e+02 5.6318e+03
-5.7679e+06 3.6411e+01 2.7424e+03 2.8641e+03 -1.4423e+03 4.9783e+03
-6.1452e+06 3.6459e+01 2.7307e+03 2.8881e+03 -1.5973e+03 4.7317e+03
-6.4498e+06 3.6501e+01 2.7188e+03 2.9115e+03 -1.6345e+03 4.6059e+03
-6.4935e+06 3.6495e+01 2.7070e+03 2.9341e+03 -1.6126e+03 4.5156e+03
-6.2663e+06 3.6455e+01 2.6953e+03 2.9564e+03 -1.4330e+03 4.4110e+03
-6.1487e+06 3.6404e+01 2.6839e+03 2.9782e+03 -9.3751e+02 4.4420e+03
-6.1140e+06 3.6364e+01 2.6781e+03 2.9997e+03 -3.7515e+02 4.7422e+03
-6.0372e+06 3.6341e+01 2.6772e+03 3.0209e+03 -1.3250e+02 5.1064e+03
-5.9381e+06 3.6327e+01 2.6775e+03 3.0418e+03 -1.0645e+02 5.4099e+03
-5.8628e+06 3.6316e+01 2.6778e+03 3.0624e+03 -6.8283e+01 5.6566e+03
-5.8537e+06 3.6316e+01 2.6780e+03 3.0827e+03 -1.6746e+01 5.7555e+03
-5.8335e+06 3.6323e+01 2.6783e+03 3.1027e+03 -5.5328e+00 5.7308e+03
-5.8224e+06 3.6324e+01 2.6786e+03 3.1224e+03 -6.7026e-01 5.6924e+03
-5.7830e+06 3.6320e+01 2.6789e+03 3.1418e+03 -3.4921e+00 5.6532e+03
-5.7403e+06 3.6314e+01 2.6791e+03 3.1610e+03 -6.7638e+00 5.5892e+03
-5.7248e+06 3.6309e+01 2.6794e+03 3.1798e+03 -3.7571e-01 5.5643e+03
-9.6283e+06 3.2475e+01 2.7400e+03 2.4000e+03 -2.7334e+02 6.8473e+03
-9.5318e+06 3.2505e+01 2.7405e+03 2.4298e+03 -6.8273e+02 6.2462e+03
-9.4464e+06 3.2620e+01 2.7331e+03 2.4610e+03 -1.0933e+03 5.5987e+03
-9.4351e+06 3.3257e+01 2.7257e+03 2.4916e+03 -1.3157e+03 5.2691e+03
-9.2179e+06 3.4719e+01 2.7175e+03 2.5218e+03 -1.4260e+03 5.1660e+03
-8.9657e+06 3.6081e+01 2.7081e+03 2.5516e+03 -1.4437e+03 5.1060e+03
-8.7338e+06 3.6475e+01 2.6987e+03 2.5807e+03 -1.3933e+03 5.0031e+03
-8.5403e+06 3.6398e+01 2.6894e+03 2.6093e+03 -1.1519e+03 4.8511e+03
-8.2998e+06 3.6310e+01 2.6834e+03 2.6370e+03 -1.1184e+02 5.1453e+03
-8.2947e+06 3.6202e+01 2.6902e+03 2.6630e+03 1.4118e+03 5.9034e+03
-7.9650e+06 3.6133e+01 2.7074e+03 2.6869e+03 2.2005e+03 6.3147e+03
-7.8648e+06 3.6138e+01 2.7246e+03 2.7108e+03 2.1552e+03 6.4144e+03
-7.6241e+06 3.6207e+01 2.7417e+03 2.7353e+03 1.4242e+03 6.5049e+03
-6.9318e+06 3.6281e+01 2.7475e+03 2.7607e+03 4.2583e+02 6.5724e+03
-6.1532e+06 3.6319e+01 2.7480e+03 2.7861e+03 5.0504e+01 6.6015e+03
-5.9723e+06 3.6357e+01 2.7485e+03 2.8112e+03 -3.7985e+01 6.5350e+03
-6.3594e+06 3.6412e+01 2.7490e+03 2.8360e+03 -5.9868e+02 6.0499e+03
-6.4623e+06 3.6452e+01 2.7418e+03 2.8609e+03 -1.3083e+03 5.2420e+03
-6.5953e+06 3.6478e+01 2.7302e+03 2.8853e+03 -1.5961e+03 4.7876e+03
-6.5990e+06 3.6488e+01 2.7185e+03 2.9089e+03 -1.6013e+03 4.6418e+03
-6.4891e+06 3.6468e+01 2.7068e+03 2.9318e+03 -1.4606e+03 4.4877e+03
-6.3366e+06 3.6429e+01 2.6952e+03 2.9543e+03 -1.0980e+03 4.2551e+03
-6.2849e+06 3.6390e+01 2.6891e+03 2.9765e+03 -6.7001e+02 4.0034e+03
-6.1357e+06 3.6363e+01 2.6852e+03 2.9982e+03 -3.8363e+02 3.9396e+03
-6.0631e+06 3.6347e+01 2.6813e+03 3.0196e+03 -2.7426e+02 4.1109e+03
-5.9207e+06 3.6333e+01 2.6775e+03 3.0405e+03 -2.5624e+02 4.3766e+03
-5.8980e+06 3.6325e+01 2.6737e+03 3.0611e+03 -2.2012e+02 4.7623e+03
-5.9040e+06 3.6328e+01 2.6740e+03 3.0815e+03 -1.6137e+02 5.2423e+03
-5.8734e+06 3.6331e+01 2.6743e+03 3.1017e+03 -8.2863e+01 5.5946e+03
-5.8427e+06 3.6324e+01 2.6746e+03 3.1216e+03 -9.8110e+00 5.6963e+03
-5.7766e+06 3.6315e+01 2.6749e+03 3.1412e+03 -5.2765e-01 5.6623e+03
-5.7475e+06 3.6310e+01 2.6752e+03 3.1605e+03 -4.3969e+00 5.5951e+03
-5.7107e+06 3.6305e+01 2.6755e+03 3.1795e+03 8.3076e-01 5.5701e+03
-9.6240e+06 3.2533e+01 2.7330e+03 2.3924e+03 -2.4160e+01 7.2015e+03
-9.6153e+06 3.2570e+01 2.7337e+03 2.4225e+03 -1.9674e+02 6.9805e+03
-9.5431e+06 3.2494e+01 2.7345e+03 2.4522e+03 -5.8107e+02 6.3942e+03
-9.4430e+06 3.2642e+01 2.7290e+03 2.4830e+03 -1.0692e+03 5.7517e+03
-9.3375e+06 3.3722e+01 2.7200e+03 2.5139e+03 -1.3921e+03 5.3656e+03
-9.1569e+06 3.5520e+01 2.7108e+03 2.5442e+03 -1.4217e+03 5.1757e+03
-8.8685e+06 3.6401e+01 2.7016e+03 2.5738e+03 -1.2498e+03 4.9837e+03
-8.7575e+06 3.6395e+01 2.6947e+03 2.6024e+03 -9.8783e+02 4.7939e+03
-8.3919e+06 3.6315e+01 2.6897e+03 2.6304e+03 -2.8921e+02 5.0293e+03
-8.3643e+06 3.6215e+01 2.6921e+03 2.6572e+03 1.1370e+03 5.8269e+03
-8.1171e+06 3.6141e+01 2.7093e+03 2.6813e+03 2.1429e+03 6.3674e+03
-7.8789e+06 3.6149e+01 2.7264e+03 2.7058e+03 1.9278e+03 6.5336e+03
-7.6312e+06 3.6223e+01 2.7411e+03 2.7309e+03 9.3506e+02 6.6077e+03
-6.9197e+06 3.6280e+01 2.7417e+03 2.7570e+03 1.4675e+02 6.6065e+03
-6.3716e+06 3.6290e+01 2.7423e+03 2.7827e+03 6.1953e+01 6.6227e+03
-6.0838e+06 3.6315e+01 2.7428e+03 2.8080e+03 4.4317e+01 6.5723e+03
-6.7152e+06 3.6380e+01 2.7434e+03 2.8331e+03 -3.1623e+02 6.2563e+03
-6.7832e+06 3.6436e+01 2.7409e+03 2.8579e+03 -1.0183e+03 5.4927e+03
-6.7381e+06 3.6461e+01 2.7295e+03 2.8826e+03 -1.5180e+03 4.8815e+03
-6.6378e+06 3.6457e+01 2.7180e+03 2.9066e+03 -1.4580e+03 4.6297e+03
-6.4889e+06 3.6428e+01 2.7063e+03 2.9298e+03 -1.1033e+03 4.3496e+03
-6.4212e+06 3.6395e+01 2.7002e+03 2.9526e+03 -6.8952e+02 4.0722e+03
-6.2818e+06 3.6373e+01 2.6962e+03 2.9751e+03 -4.4801e+02 3.9013e+03
-6.1808e+06 3.6361e+01 2.6923e+03 2.9971e+03 -3.7248e+02 3.8273e+03
-6.0725e+06 3.6352e+01 2.6883e+03 3.0187e+03 -3.4464e+02 3.7856e+03
-6.0037e+06 3.6346e+01 2.6844e+03 3.0399e+03 -3.7910e+02 3.7707e+03
-5.9412e+06 3.6347e+01 2.6806e+03 3.0607e+03 -5.2360e+02 3.9428e+03
-5.8694e+06 3.6353e+01 2.6739e+03 3.0809e+03 -5.7545e+02 4.5290e+03
-5.9166e+06 3.6346e+01 2.6701e+03 3.1010e+03 -3.0187e+02 5.3213e+03
-5.8653e+06 3.6327e+01 2.6705e+03 3.1210e+03 -3.1892e+01 5.6912e+03
-5.7935e+06 3.6315e+01 2.6709e+03 3.1407e+03 -4.1374e-01 5.6688e+03
-5.7613e+06 3.6312e+01 2.6712e+03 3.1602e+03 -5.2944e+00 5.6053e+03
-5.7659e+06 3.6309e+01 2.6716e+03 3.1793e+03 3.7366e+00 5.5844e+03
-9.7259e+06 3.1238e+01 2.7257e+03 2.3852e+03 -8.8855e+00 7.2380e+03
-9.6810e+06 3.1868e+01 2.7266e+03 2.4156e+03 -1.8382e+01 7.2065e+03
-9.6313e+06 3.2256e+01 2.7274e+03 2.4457e+03 -1.5303e+02 6.9943e+03
-9.5666e+06 3.2455e+01 2.7283e+03 2.4754e+03 -5.8784e+02 6.4418e+03
-9.3816e+06 3.3051e+01 2.7220e+03 2.5063e+03 -1.1020e+03 5.7334e+03
-9.2838e+06 3.4539e+01 2.7131e+03 2.5370e+03 -1.2539e+03 5.2509e+03
-9.0503e+06 3.5827e+01 2.7057e+03 2.5668e+03 -1.0596e+03 4.9752e+03
-8.9354e+06 3.6298e+01 2.7008e+03 2.5957e+03 -8.8554e+02 4.7986e+03
-8.5394e+06 3.6336e+01 2.6959e+03 2.6240e+03 -4.6135e+02 4.8852e+03
-8.4260e+06 3.6242e+01 2.6938e+03 2.6516e+03 8.8015e+02 5.5403e+03
-8.3610e+06 3.6172e+01 2.7109e+03 2.6762e+03 1.9459e+03 6.2402e+03
-7.9275e+06 3.6185e+01 2.7280e+03 2.7012e+03 1.4718e+03 6.5155e+03
-7.6751e+06 3.6252e+01 2.7350e+03 2.7273e+03 4.5965e+02 6.6480e+03
-7.1807e+06 3.6287e+01 2.7357e+03 2.7535e+03 2.1113e+01 6.6806e+03
-6.7427e+06 3.6283e+01 2.7363e+03 2.7795e+03 3.8412e+01 6.6411e+03
-6.5411e+06 3.6298e+01 2.7370e+03 2.8051e+03 4.2486e+01 6.5927e+03
-6.9346e+06 3.6348e+01 2.7376e+03 2.8303e+03 -1.2309e+02 6.4479e+03
-6.9050e+06 3.6396e+01 2.7382e+03 2.8553e+03 -7.0407e+02 5.8331e+03
-6.6902e+06 3.6419e+01 2.7285e+03 2.8802e+03 -1.2433e+03 5.0103e+03
-6.6320e+06 3.6411e+01 2.7172e+03 2.9045e+03 -1.1023e+03 4.5074e+03
-6.5384e+06 3.6385e+01 2.7112e+03 2.9280e+03 -6.9492e+02 4.2030e+03
-6.4021e+06 3.6366e+01 2.7072e+03 2.9512e+03 -4.5655e+02 4.0171e+03
-6.3090e+06 3.6359e+01 2.7032e+03 2.9739e+03 -3.8435e+02 3.9247e+03
-6.2102e+06 3.6359e+01 2.6992e+03 2.9962e+03 -3.6036e+02 3.8620e+03
-6.1485e+06 3.6361e+01 2.6952e+03 3.0181e+03 -3.9317e+02 3.8250e+03
-6.0534e+06 3.6369e+01 2.6913e+03 3.0396e+03 -5.8434e+02 3.8482e+03
-5.9868e+06 3.6381e+01 2.6848e+03 3.0604e+03 -8.9433e+02 3.9282e+03
-5.8803e+06 3.6385e+01 2.6751e+03 3.0806e+03 -9.9245e+02 4.1715e+03
-5.9378e+06 3.6368e+01 2.6658e+03 3.1004e+03 -5.8314e+02 4.8661e+03
-5.9524e+06 3.6340e+01 2.6662e+03 3.1206e+03 -1.2263e+02 5.5243e+03
-5.8087e+06 3.6324e+01 2.6667e+03 3.1405e+03 -1.1305e+01 5.6708e+03
-5.8243e+06 3.6320e+01 2.6671e+03 3.1600e+03 -7.3193e+00 5.6090e+03
-5.7466e+06 3.6314e+01 2.6674e+03 3.1793e+03 2.8919e+00 5.5843e+03
-9.8858e+06 2.8245e+01 2.7182e+03 2.3784e+03 -2.2953e+01 7.2592e+03
-9.8748e+06 2.9412e+01 2.7192e+03 2.4091e+03 -2.2767e+01 7.2341e+03
-9.7370e+06 3.0445e+01 2.7202e+03 2.4395e+03 -2.1324e+01 7.1666e+03
-9.7310e+06 3.1289e+01 2.7211e+03 2.4695e+03 -1.8453e+02 6.9506e+03
-9.5349e+06 3.2292e+01 2.7220e+03 2.4992e+03 -5.8895e+02 6.3576e+03
-9.3483e+06 3.3611e+01 2.7156e+03 2.5299e+03 -8.3073e+02 5.6282e+03
-9.2056e+06 3.5234e+01 2.7110e+03 2.5598e+03 -8.1539e+02 5.1239e+03
-8.9840e+06 3.6237e+01 2.7063e+03 2.5891e+03 -8.1035e+02 4.8847e+03
-8.7600e+06 3.6361e+01 2.7016e+03 2.6179e+03 -4.4247e+02 4.8139e+03
-8.5765e+06 3.6278e+01 2.7008e+03 2.6456e+03 7.0992e+02 5.1652e+03
-8.5377e+06 3.6224e+01 2.7138e+03 2.6712e+03 1.4308e+03 5.9166e+03
-8.0141e+06 3.6241e+01 2.7279e+03 2.6970e+03 8.2505e+02 6.4611e+03
-7.7848e+06 3.6285e+01 2.7287e+03 2.7239e+03 1.2202e+02 6.6680e+03
-7.4739e+06 3.6300e+01 2.7294e+03 2.7504e+03 -1.4837e+01 6.6988e+03
-7.1403e+06 3.6295e+01 2.7302e+03 2.7766e+03 1.4095e-01 6.6546e+03
-6.9804e+06 3.6303e+01 2.7309e+03 2.8024e+03 7.8159e+00 6.6080e+03
-7.0143e+06 3.6330e+01 2.7316e+03 2.8279e+03 -4.3189e+01 6.5497e+03
-6.9424e+06 3.6359e+01 2.7323e+03 2.8531e+03 -3.6727e+02 6.1204e+03
-6.7141e+06 3.6370e+01 2.7277e+03 2.8780e+03 -7.0101e+02 5.2418e+03
-6.6506e+06 3.6364e+01 2.7214e+03 2.9025e+03 -6.3677e+02 4.5188e+03
-6.5069e+06 3.6352e+01 2.7175e+03 2.9264e+03 -4.5287e+02 4.2127e+03
-6.4071e+06 3.6348e+01 2.7137e+03 2.9499e+03 -3.8390e+02 4.0992e+03
-6.3269e+06 3.6351e+01 2.7098e+03 2.9730e+03 -3.6509e+02 4.0131e+03
-6.2700e+06 3.6360e+01 2.7059e+03 2.9956e+03 -3.9793e+02 3.9558e+03
-6.2102e+06 3.6377e+01 2.7020e+03 3.0178e+03 -5.8232e+02 3.9575e+03
-6.1007e+06 3.6397e+01 2.6956e+03 3.0394e+03 -8.9073e+02 4.0041e+03
-6.0634e+06 3.6412e+01 2.6858e+03 3.0602e+03 -1.1203e+03 4.0322e+03
-6.0302e+06 3.6413e+01 2.6761e+03 3.0806e+03 -1.1467e+03 4.0305e+03
-5.9487e+06 3.6393e+01 2.6666e+03 3.1005e+03 -8.4613e+02 4.4104e+03
-5.9591e+06 3.6362e+01 2.6618e+03 3.1204e+03 -3.3809e+02 5.1999e+03
-5.9109e+06 3.6339e+01 2.6623e+03 3.1404e+03 -4.8399e+01 5.6363e+03
-5.8293e+06 3.6327e+01 2.6628e+03 3.1601e+03 -8.1475e+00 5.6199e+03
-5.8332e+06 3.6318e+01 2.6632e+03 3.1795e+03 -9.5055e-01 5.5988e+03
-9.9345e+06 2.6455e+01 2.7104e+03 2.3720e+03 -1.8004e+01 7.2826e+03
-9.9701e+06 2.6990e+01 2.7116e+03 2.4030e+03 -2.6605e+01 7.2555e+03
-9.8801e+06 2.7529e+01 2.7126e+03 2.4337e+03 -2.1096e+01 7.1937e+03
-9.8657e+06 2.8600e+01 2.7137e+03 2.4640e+03 -4.4578e+01 7.1418e+03
-9.7023e+06 3.0772e+01 2.7147e+03 2.4940e+03 -1.7458e+02 6.9210e+03
-9.5385e+06 3.3346e+01 2.7157e+03 2.5236e+03 -3.1429e+02 6.4730e+03
-9.2425e+06 3.5475e+01 2.7157e+03 2.5531e+03 -4.5401e+02 5.9424e+03
-9.0490e+06 3.6361e+01 2.7113e+03 2.5829e+03 -5.6335e+02 5.4414e+03
-8.8719e+06 3.6368e+01 2.7071e+03 2.6121e+03 -2.4400e+02 5.1664e+03
-8.8021e+06 3.6311e+01 2.7100e+03 2.6397e+03 4.8810e+02 5.4796e+03
-8.5032e+06 3.6279e+01 2.7205e+03 2.6663e+03 6.9118e+02 6.1756e+03
-8.0739e+06 3.6288e+01 2.7213e+03 2.6937e+03 2.4906e+02 6.6411e+03
-7.9164e+06 3.6303e+01 2.7222e+03 2.7209e+03 -1.5284e+00 6.7546e+03
-7.5670e+06 3.6305e+01 2.7230e+03 2.7476e+03 -7.8366e+00 6.7143e+03
-7.3591e+06 3.6301e+01 2.7239e+03 2.7740e+03 -5.5976e+00 6.6673e+03
-7.1427e+06 3.6306e+01 2.7247e+03 2.8001e+03 -1.2765e+00 6.6219e+03
-7.0804e+06 3.6320e+01 2.7255e+03 2.8258e+03 -1.7658e+01 6.5718e+03
-6.9246e+06 3.6331e+01 2.7262e+03 2.8511e+03 -1.0372e+02 6.3704e+03
-6.8167e+06 3.6333e+01 2.7270e+03 2.8761e+03 -2.0765e+02 5.9136e+03
-6.6361e+06 3.6329e+01 2.7271e+03 2.9008e+03 -2.7233e+02 5.3460e+03
-6.5098e+06 3.6330e+01 2.7234e+03 2.9251e+03 -2.9060e+02 4.8614e+03
-6.4517e+06 3.6336e+01 2.7197e+03 2.9490e+03 -2.8754e+02 4.4820e+03
-6.3621e+06 3.6347e+01 2.7160e+03 2.9724e+03 -3.5871e+02 4.2178e+03
-6.3226e+06 3.6368e+01 2.7122e+03 2.9953e+03 -5.6752e+02 4.1399e+03
-6.1982e+06 3.6396e+01 2.7062e+03 3.0178e+03 -8.7929e+02 4.1544e+03
-6.1726e+06 3.6419e+01 2.6964e+03 3.0394e+03 -1.1137e+03 4.1387e+03
-6.1155e+06 3.6430e+01 2.6866e+03 3.0603e+03 -1.1713e+03 4.0830e+03
-6.1060e+06 3.6430e+01 2.6769e+03 3.0808e+03 -1.1536e+03 4.0266e+03
-5.9671e+06 3.6415e+01 2.6675e+03 3.1009e+03 -1.0349e+03 4.1334e+03
-5.9812e+06 3.6386e+01 2.6582e+03 3.1205e+03 -6.1066e+02 4.7514e+03
-5.9880e+06 3.6355e+01 2.6578e+03 3.1406e+03 -1.6215e+02 5.4508e+03
-5.8518e+06 3.6333e+01 2.6583e+03 3.1604e+03 -1.7619e+01 5.6178e+03
-5.8044e+06 3.6320e+01 2.6588e+03 3.1800e+03 -1.6011e+00 5.5963e+03
-9.9394e+06 2.6299e+01 2.7024e+03 2.3659e+03 -5.1785e+00 7.3022e+03
-9.9369e+06 2.6264e+01 2.7037e+03 2.3973e+03 -9.3452e+00 7.2768e+03
-9.8956e+06 2.6242e+01 2.7049e+03 2.4283e+03 -1.0372e+01 7.2162e+03
-9.8687e+06 2.6660e+01 2.7061e+03 2.4589e+03 -2.1388e+01 7.1719e+03
-9.8162e+06 2.8657e+01 2.7072e+03 2.4892e+03 -3.7491e+01 7.1209e+03
-9.6623e+06 3.2334e+01 2.7083e+03 2.5191e+03 -6.0378e+01 7.0394e+03
-9.3804e+06 3.5369e+01 2.7094e+03 2.5486e+03 -1.3278e+02 6.8227e+03
-9.1692e+06 3.6342e+01 2.7105e+03 2.5778e+03 -1.9206e+02 6.4536e+03
-8.9887e+06 3.6364e+01 2.7115e+03 2.6066e+03 -6.3992e+01 6.2139e+03
-8.7944e+06 3.6336e+01 2.7126e+03 2.6350e+03 1.6581e+02 6.4103e+03
-8.4873e+06 3.6315e+01 2.7136e+03 2.6631e+03 1.5385e+02 6.7364e+03
-8.1748e+06 3.6309e+01 2.7145e+03 2.6908e+03 1.2391e+01 6.8146e+03
-7.9161e+06 3.6307e+01 2.7155e+03 2.7181e+03 -6.3091e+00 6.7744e+03
-7.6138e+06 3.6304e+01 2.7164e+03 2.7451e+03 2.9436e+00 6.7284e+03
-7.4037e+06 3.6302e+01 2.7173e+03 2.7717e+03 2.4348e+00 6.6824e+03
-7.2248e+06 3.6305e+01 2.7182e+03 2.7980e+03 1.9916e+00 6.6373e+03
-7.1143e+06 3.6315e+01 2.7191e+03 2.8239e+03 -4.7041e+00 6.5911e+03
-6.9770e+06 3.6319e+01 2.7200e+03 2.8495e+03 -5.6698e+00 6.5384e+03
-6.8343e+06 3.6316e+01 2.7208e+03 2.8747e+03 -2.1139e+01 6.4597e+03
-6.6833e+06 3.6314e+01 2.7216e+03 2.8995e+03 -7.4041e+01 6.2580e+03
-6.5854e+06 3.6318e+01 2.7224e+03 2.9241e+03 -1.0506e+02 5.9170e+03
-6.5028e+06 3.6327e+01 2.7232e+03 2.9482e+03 -1.4182e+02 5.4919e+03
-6.4027e+06 3.6346e+01 2.7216e+03 2.9720e+03 -3.4381e+02 5.0059e+03
-6.2743e+06 3.6377e+01 2.7160e+03 2.9952e+03 -7.4761e+02 4.5634e+03
-6.2016e+06 3.6410e+01 2.7065e+03 3.0177e+03 -1.0828e+03 4.3229e+03
-6.2301e+06 3.6431e+01 2.6969e+03 3.0395e+03 -1.1686e+03 4.2155e+03
-6.1682e+06 3.6440e+01 2.6872e+03 3.0607e+03 -1.1532e+03 4.1131e+03
-6.1556e+06 3.6444e+01 2.6776e+03 3.0814e+03 -1.1673e+03 4.0483e+03
-6.0834e+06 3.6436e+01 2.6681e+03 3.1015e+03 -1.1967e+03 4.0607e+03
-5.9818e+06 3.6407e+01 2.6588e+03 3.1213e+03 -9.2008e+02 4.5221e+03
-5.9899e+06 3.6368e+01 2.6532e+03 3.1409e+03 -3.5558e+02 5.3039e+03
-5.8885e+06 3.6338e+01 2.6538e+03 3.1609e+03 -3.2431e+01 5.6282e+03
-5.8452e+06 3.6323e+01 2.6543e+03 3.1806e+03 2.6730e+00 5.6154e+03
-9.9224e+06 2.6320e+01 2.6942e+03 2.3603e+03 -2.3736e+00 7.3208e+03
-9.8983e+06 2.6303e+01 2.6956e+03 2.3920e+03 -3.7686e-01 7.2954e+03
-9.8385e+06 2.6286e+01 2.6969e+03 2.4233e+03 5.2669e+00 7.2353e+03
-9.8282e+06 2.6269e+01 2.6982e+03 2.4542e+03 -1.5478e+00 7.1922e+03
-9.8405e+06 2.7078e+01 2.6995e+03 2.4847e+03 -2.6131e+01 7.1470e+03
-9.7530e+06 3.0016e+01 2.7007e+03 2.5149e+03 -4.1458e+01 7.0988e+03
-9.4860e+06 3.3852e+01 2.7019e+03 2.5447e+03 -3.0303e+01 7.0480e+03
-9.2054e+06 3.5978e+01 2.7031e+03 2.5741e+03 -1.3547e+01 6.9975e+03
-8.9885e+06 3.6373e+01 2.7042e+03 2.6032e+03 -7.0668e+00 6.9528e+03
-8.7594e+06 3.6348e+01 2.7054e+03 2.6319e+03 -5.8159e+00 6.9158e+03
-8.4831e+06 3.6329e+01 2.7065e+03 2.6602e+03 -7.2397e+00 6.8782e+03
-8.1817e+06 3.6315e+01 2.7076e+03 2.6881e+03 -5.1228e+00 6.8344e+03
-7.8909e+06 3.6309e+01 2.7086e+03 2.7157e+03 -6.8073e-01 6.7888e+03
-7.6523e+06 3.6307e+01 2.7096e+03 2.7429e+03 3.5933e+00 6.7433e+03
-7.4500e+06 3.6307e+01 2.7106e+03 2.7697e+03 4.7643e+00 6.6979e+03
-7.2981e+06 3.6310e+01 2.7116e+03 2.7962e+03 1.9519e+00 6.6527e+03
-7.1808e+06 3.6316e+01 2.7126e+03 2.8224e+03 -1.0755e+00 6.6071e+03
-7.0380e+06 3.6318e+01 2.7135e+03 2.8481e+03 -1.0435e-01 6.5601e+03
-6.9017e+06 3.6314e+01 2.7145e+03 2.8735e+03 -8.9493e-01 6.5119e+03
-6.7622e+06 3.6311e+01 2.7154e+03 2.8986e+03 -2.8781e+00 6.4606e+03
-6.6585e+06 3.6314e+01 2.7163e+03 2.9233e+03 -7.0190e+00 6.4036e+03
-6.5322e+06 3.6323e+01 2.7171e+03 2.9476e+03 -4.1276e+01 6.2751e+03
-6.4808e+06 3.6344e+01 2.7180e+03 2.9716e+03 -2.2865e+02 5.8890e+03
-6.3207e+06 3.6378e+01 2.7159e+03 2.9951e+03 -6.9439e+02 5.1332e+03
-6.2251e+06 3.6416e+01 2.7066e+03 3.0179e+03 -1.0819e+03 4.5035e+03
-6.3096e+06 3.6443e+01 2.6972e+03 3.0400e+03 -1.1650e+03 4.2815e+03
-6.2151e+06 3.6457e+01 2.6876e+03 3.0614e+03 -1.2245e+03 4.1999e+03
-6.2251e+06 3.6466e+01 2.6781e+03 3.0822e+03 -1.3531e+03 4.2639e+03
-6.0852e+06 3.6458e+01 2.6679e+03 3.1023e+03 -1.4762e+03 4.4072e+03
-5.9639e+06 3.6422e+01 2.6551e+03 3.1218e+03 -1.1849e+03 4.7909e+03
-5.9969e+06 3.6375e+01 2.6485e+03 3.1415e+03 -4.6386e+02 5.3967e+03
-5.9090e+06 3.6342e+01 2.6491e+03 3.1616e+03 -3.6935e+01 5.6346e+03
-5.7794e+06 3.6330e+01 2.6497e+03 3.1814e+03 9.4106e-01 5.6120e+03
-9.9168e+06 2.6326e+01 2.6857e+03 2.3551e+03 -5.6441e+00 7.3399e+03
-9.8765e+06 2.6322e+01 2.6872e+03 2.3871e+03 -3.2330e+00 7.3137e+03
-9.8186e+06 2.6304e+01 2.6887e+03 2.4186e+03 4.7880e+00 7.2530e+03
-9.7787e+06 2.6320e+01 2.6901e+03 2.4498e+03 4.4712e+00 7.2100e+03
-9.7797e+06 2.6937e+01 2.6915e+03 2.4807e+03 -1.7147e+01 7.1666e+03
-9.7056e+06 2.9332e+01 2.6929e+03 2.5111e+03 -3.6617e+01 7.1222e+03
-9.4255e+06 3.3087e+01 2.6942e+03 2.5412e+03 -2.4838e+01 7.0761e+03
-9.1085e+06 3.5720e+01 2.6955e+03 2.5708e+03 -3.4805e+00 7.0304e+03
-8.8837e+06 3.6378e+01 2.6967e+03 2.6001e+03 -5.7674e+00 6.9859e+03
-8.6981e+06 3.6347e+01 2.6980e+03 2.6291e+03 -1.3293e+01 6.9402e+03
-8.4141e+06 3.6331e+01 2.6992e+03 2.6576e+03 -9.6407e+00 6.8942e+03
-8.1405e+06 3.6317e+01 2.7004e+03 2.6858e+03 -3.3850e+00 6.8488e+03
-7.8912e+06 3.6313e+01 2.7015e+03 2.7136e+03 -1.3658e+00 6.8035e+03
-7.6893e+06 3.6315e+01 2.7027e+03 2.7410e+03 1.3758e+00 6.7578e+03
-7.5133e+06 3.6317e+01 2.7038e+03 2.7681e+03 2.7485e+00 6.7120e+03
-7.3840e+06 3.6320e+01 2.7048e+03 2.7948e+03 4.4294e-01 6.6662e+03
-7.2514e+06 3.6322e+01 2.7059e+03 2.8211e+03 -1.4917e+00 6.6200e+03
-7.1281e+06 3.6321e+01 2.7069e+03 2.8470e+03 -2.2413e+00 6.5727e+03
-6.9773e+06 3.6316e+01 2.7079e+03 2.8726e+03 -9.9387e-01 6.5252e+03
-6.8412e+06 3.6313e+01 2.7089e+03 2.8979e+03 3.0405e-01 6.4784e+03
-6.7132e+06 3.6315e+01 2.7099e+03 2.9227e+03 -1.6806e-01 6.4317e+03
-6.6009e+06 3.6321e+01 2.7109e+03 2.9472e+03 -4.9574e+00 6.3807e+03
-6.5291e+06 3.6338e+01 2.7118e+03 2.9714e+03 -7.7415e+01 6.2308e+03
-6.4598e+06 3.6373e+01 2.7127e+03 2.9952e+03 -4.4515e+02 5.6349e+03
-6.3191e+06 3.6420e+01 2.7064e+03 3.0183e+03 -9.9093e+02 4.8273e+03
-6.3739e+06 3.6461e+01 2.6971e+03 3.0406e+03 -1.3219e+03 4.5445e+03
-6.2770e+06 3.6485e+01 2.6875e+03 3.0623e+03 -1.4962e+03 4.5897e+03
-6.2244e+06 3.6493e+01 2.6741e+03 3.0827e+03 -1.6693e+03 4.6567e+03
-6.1060e+06 3.6478e+01 2.6609e+03 3.1027e+03 -1.7208e+03 4.7450e+03
-5.9998e+06 3.6430e+01 2.6479e+03 3.1222e+03 -1.2204e+03 5.0721e+03
-6.0505e+06 3.6376e+01 2.6436e+03 3.1423e+03 -3.9942e+02 5.5395e+03
-5.8492e+06 3.6346e+01 2.6443e+03 3.1625e+03 -2.5409e+01 5.6500e+03
-5.8579e+06 3.6342e+01 2.6450e+03 3.1824e+03 -5.0980e+00 5.6270e+03
-9.8706e+06 2.6315e+01 2.6770e+03 2.3503e+03 -6.3080e+00 7.3588e+03
-9.8530e+06 2.6318e+01 2.6786e+03 2.3825e+03 -6.7304e+00 7.3322e+03
-9.8108e+06 2.6466e+01 2.6802e+03 2.4144e+03 -5.0107e+00 7.2711e+03
-9.7613e+06 2.7064e+01 2.6818e+03 2.4459e+03 -4.1791e+00 7.2283e+03
-9.6714e+06 2.8516e+01 2.6833e+03 2.4770e+03 -1.1043e+01 7.1852e+03
-9.4849e+06 3.1223e+01 2.6848e+03 2.5077e+03 -1.5578e+01 7.1414e+03
-9.1924e+06 3.4272e+01 2.6862e+03 2.5380e+03 -4.8449e+00 7.0963e+03
-8.9187e+06 3.5991e+01 2.6877e+03 2.5679e+03 4.9320e+00 7.0491e+03
-8.7406e+06 3.6352e+01 2.6890e+03 2.5975e+03 -9.9678e-01 7.0016e+03
-8.5461e+06 3.6338e+01 2.6904e+03 2.6266e+03 -6.6694e+00 6.9558e+03
-8.3176e+06 3.6327e+01 2.6917e+03 2.6554e+03 -4.7117e+00 6.9102e+03
-8.0833e+06 3.6318e+01 2.6930e+03 2.6838e+03 -2.1845e+00 6.8640e+03
-7.8850e+06 3.6318e+01 2.6943e+03 2.7118e+03 -1.7224e+00 6.8179e+03
-7.7226e+06 3.6322e+01 2.6955e+03 2.7394e+03 -1.0715e+00 6.7718e+03
-7.5798e+06 3.6326e+01 2.6967e+03 2.7667e+03 -6.9385e-01 6.7256e+03
-7.4570e+06 3.6328e+01 2.6979e+03 2.7936e+03 -2.0762e+00 6.6789e+03
-7.3221e+06 3.6327e+01 2.6990e+03 2.8201e+03 -2.4185e+00 6.6321e+03
-7.1972e+06 3.6322e+01 2.7002e+03 2.8463e+03 -4.1809e+00 6.5851e+03
-7.0427e+06 3.6317e+01 2.7013e+03 2.8720e+03 -3.4763e+00 6.5381e+03
-6.9341e+06 3.6315e+01 2.7023e+03 2.8974e+03 -5.1703e+00 6.4909e+03
-6.7654e+06 3.6316e+01 2.7034e+03 2.9225e+03 -1.6299e+00 6.4434e+03
-6.6742e+06 3.6321e+01 2.7044e+03 2.9472e+03 -2.8098e+00 6.3956e+03
-6.5023e+06 3.6334e+01 2.7055e+03 2.9715e+03 -1.2965e+01 6.3382e+03
-6.5667e+06 3.6370e+01 2.7065e+03 2.9954e+03 -2.7567e+02 6.0548e+03
-6.3909e+06 3.6428e+01 2.7058e+03 3.0190e+03 -1.0096e+03 5.3623e+03
-6.3308e+06 3.6480e+01 2.6928e+03 3.0413e+03 -1.6161e+03 4.9508e+03
-6.3304e+06 3.6508e+01 2.6796e+03 3.0627e+03 -1.7579e+03 4.9397e+03
-6.2921e+06 3.6511e+01 2.6664e+03 3.0832e+03 -1.8265e+03 4.8562e+03
-6.1362e+06 3.6488e+01 2.6534e+03 3.1032e+03 -1.7662e+03 4.8011e+03
-6.0456e+06 3.6432e+01 2.6405e+03 3.1229e+03 -1.0907e+03 5.1919e+03
-6.0574e+06 3.6376e+01 2.6386e+03 3.1433e+03 -2.6612e+02 5.6557e+03
-5.8378e+06 3.6352e+01 2.6393e+03 3.1636e+03 -1.3928e+01 5.6557e+03
-5.7872e+06 3.6359e+01 2.6401e+03 3.1836e+03 -1.5817e+01 5.6250e+03
-9.8159e+06 2.6295e+01 2.6680e+03 2.3459e+03 -4.9044e+00 7.3774e+03
-9.8126e+06 2.6351e+01 2.6698e+03 2.3785e+03 -9.8139e+00 7.3507e+03
-9.7786e+06 2.7103e+01 2.6716e+03 2.4106e+03 -1.1963e+01 7.2890e+03
-9.6575e+06 2.8938e+01 2.6733e+03 2.4423e+03 -7.9937e+00 7.2460e+03
-9.4819e+06 3.1000e+01 2.6749e+03 2.4737e+03 -6.8396e+00 7.2025e+03
-9.2521e+06 3.3245e+01 2.6765e+03 2.5046e+03 -4.8367e+00 7.1564e+03
-8.9679e+06 3.5435e+01 2.6781e+03 2.5352e+03 4.9829e+00 7.1105e+03
-8.7407e+06 3.6317e+01 2.6796e+03 2.5654e+03 8.0216e+00 7.0651e+03
-8.5751e+06 3.6327e+01 2.6811e+03 2.5951e+03 7.5982e-01 7.0189e+03
-8.4024e+06 3.6325e+01 2.6826e+03 2.6245e+03 -2.7160e+00 6.9727e+03
-8.2019e+06 3.6319e+01 2.6840e+03 2.6535e+03 -1.2746e+00 6.9258e+03
-8.0223e+06 3.6317e+01 2.6854e+03 2.6821e+03 -2.0207e-01 6.8788e+03
-7.8691e+06 3.6321e+01 2.6868e+03 2.7104e+03 -1.1405e+00 6.8321e+03
-7.7435e+06 3.6326e+01 2.6881e+03 2.7382e+03 -2.0421e+00 6.7857e+03
-7.6192e+06 3.6331e+01 2.6895e+03 2.7657e+03 -2.4356e+00 6.7390e+03
-7.5097e+06 3.6332e+01 2.6907e+03 2.7927e+03 -3.3181e+00 6.6920e+03
-7.3717e+06 3.6328e+01 2.6920e+03 2.8194e+03 -3.0734e+00 6.6449e+03
-7.2554e+06 3.6322e+01 2.6932e+03 2.8458e+03 -5.2000e+00 6.5978e+03
-7.0969e+06 3.6316e+01 2.6944e+03 2.8717e+03 -4.7227e+00 6.5506e+03
-6.9843e+06 3.6315e+01 2.6956e+03 2.8973e+03 -6.6281e+00 6.5032e+03
-6.8184e+06 3.6317e+01 2.6967e+03 2.9225e+03 -3.1548e+00 6.4559e+03
-6.7174e+06 3.6322e+01 2.6979e+03 2.9473e+03 -3.4322e+00 6.4077e+03
-6.5433e+06 3.6334e+01 2.6990e+03 2.9718e+03 -6.4324e+00 6.3575e+03
-6.5858e+06 3.6373e+01 2.7000e+03 2.9959e+03 -2.9766e+02 6.2052e+03
-6.4010e+06 3.6436e+01 2.6975e+03 3.0195e+03 -1.1275e+03 5.6538e+03
-6.3770e+06 3.6489e+01 2.6846e+03 3.0419e+03 -1.7690e+03 5.1322e+03
-6.4093e+06 3.6514e+01 2.6717e+03 3.0633e+03 -1.8212e+03 4.9703e+03
-6.3416e+06 3.6515e+01 2.6586e+03 3.0839e+03 -1.8159e+03 4.8615e+03
-6.1385e+06 3.6487e+01 2.6458e+03 3.1040e+03 -1.6979e+03 4.7988e+03
-6.0608e+06 3.6429e+01 2.6331e+03 3.1238e+03 -9.3319e+02 5.2451e+03
-6.0863e+06 3.6376e+01 2.6334e+03 3.1445e+03 -1.5033e+02 5.7171e+03
-5.7680e+06 3.6361e+01 2.6342e+03 3.1650e+03 -4.2281e+00 5.6659e+03
-5.8271e+06 3.6380e+01 2.6350e+03 3.1851e+03 -2.3056e+01 5.6377e+03
-9.7234e+06 2.6280e+01 2.6589e+03 2.3420e+03 -3.7029e+00 7.3959e+03
-9.7373e+06 2.6407e+01 2.6608e+03 2.3748e+03 -1.1358e+01 7.3691e+03
-9.6919e+06 2.7834e+01 2.6627e+03 2.4072e+03 -1.4326e+01 7.3059e+03
-9.5133e+06 3.0543e+01 2.6645e+03 2.4392e+03 -5.6601e+00 7.2615e+03
-9.2783e+06 3.2739e+01 2.6663e+03 2.4708e+03 -4.3178e-01 7.2176e+03
-9.0183e+06 3.4535e+01 2.6680e+03 2.5020e+03 1.7115e+00 7.1722e+03
-8.7802e+06 3.5952e+01 2.6697e+03 2.5328e+03 5.9835e+00 7.1261e+03
-8.5786e+06 3.6340e+01 2.6714e+03 2.5632e+03 4.6336e+00 7.0795e+03
-8.4233e+06 3.6315e+01 2.6730e+03 2.5932e+03 3.9675e-01 7.0334e+03
-8.2496e+06 3.6313e+01 2.6746e+03 2.6228e+03 -7.8344e-02 6.9873e+03
-8.1024e+06 3.6312e+01 2.6762e+03 2.6520e+03 4.8749e-01 6.9404e+03
-7.9595e+06 3.6315e+01 2.6777e+03 2.6808e+03 5.6638e-01 6.8932e+03
-7.8498e+06 3.6322e+01 2.6792e+03 2.7092e+03 -2.7615e-01 6.8461e+03
-7.7433e+06 3.6328e+01 2.6806e+03 2.7373e+03 -1.4927e+00 6.7992e+03
-7.6468e+06 3.6333e+01 2.6820e+03 2.7649e+03 -2.4134e+00 6.7521e+03
-7.5328e+06 3.6333e+01 2.6834e+03 2.7922e+03 -2.9618e+00 6.7049e+03
-7.4145e+06 3.6329e+01 2.6848e+03 2.8191e+03 -2.9093e+00 6.6575e+03
-7.2792e+06 3.6323e+01 2.6861e+03 2.8456e+03 -3.5985e+00 6.6100e+03
-7.1436e+06 3.6317e+01 2.6874e+03 2.8717e+03 -3.5982e+00 6.5627e+03
-7.0173e+06 3.6316e+01 2.6887e+03 2.8974e+03 -4.9393e+00 6.5152e+03
-6.8697e+06 3.6319e+01 2.6899e+03 2.9228e+03 -4.6141e+00 6.4675e+03
-6.7234e+06 3.6323e+01 2.6911e+03 2.9478e+03 8.3704e-01 6.4193e+03
-6.5868e+06 3.6337e+01 2.6923e+03 2.9724e+03 -1.4706e+01 6.3674e+03
-6.5805e+06 3.6378e+01 2.6935e+03 2.9967e+03 -4.0261e+02 6.1366e+03
-6.4197e+06 3.6439e+01 2.6891e+03 3.0203e+03 -1.2328e+03 5.5770e+03
-6.4318e+06 3.6488e+01 2.6764e+03 3.0427e+03 -1.7661e+03 5.1252e+03
-6.3900e+06 3.6510e+01 2.6636e+03 3.0641e+03 -1.7964e+03 4.9672e+03
-6.3646e+06 3.6510e+01 2.6508e+03 3.0848e+03 -1.7857e+03 4.8651e+03
-6.1441e+06 3.6480e+01 2.6381e+03 3.1050e+03 -1.5836e+03 4.8348e+03
-6.1106e+06 3.6421e+01 2.6273e+03 3.1251e+03 -7.7868e+02 5.2840e+03
-6.0405e+06 3.6376e+01 2.6281e+03 3.1459e+03 -8.4279e+01 5.7265e+03
-5.7917e+06 3.6372e+01 2.6290e+03 3.1665e+03 -6.1750e+00 5.6701e+03
-5.7104e+06 3.6404e+01 2.6299e+03 3.1867e+03 -2.9605e+01 5.6393e+03
-9.6161e+06 2.6273e+01 2.6495e+03 2.3385e+03 -2.2418e+00 7.4140e+03
-9.6322e+06 2.6365e+01 2.6515e+03 2.3716e+03 -1.1987e+01 7.3872e+03
-9.5601e+06 2.7971e+01 2.6536e+03 2.4042e+03 -1.5734e+01 7.3230e+03
-9.3387e+06 3.0917e+01 2.6555e+03 2.4364e+03 -4.1250e+00 7.2773e+03
-9.0829e+06 3.3060e+01 2.6575e+03 2.4683e+03 3.3083e+00 7.2324e+03
-8.8423e+06 3.4792e+01 2.6593e+03 2.4997e+03 4.5524e+00 7.1857e+03
-8.6106e+06 3.6085e+01 2.6612e+03 2.5307e+03 6.1575e+00 7.1406e+03
-8.4266e+06 3.6331e+01 2.6630e+03 2.5614e+03 4.1026e+00 7.0950e+03
-8.2744e+06 3.6305e+01 2.6647e+03 2.5916e+03 1.0727e+00 7.0481e+03
-8.1442e+06 3.6305e+01 2.6664e+03 2.6214e+03 -4.1562e-02 7.0012e+03
-8.0207e+06 3.6309e+01 2.6681e+03 2.6508e+03 3.5671e-01 6.9542e+03
-7.9179e+06 3.6315e+01 2.6697e+03 2.6798e+03 5.7989e-01 6.9069e+03
-7.8290e+06 3.6322e+01 2.6713e+03 2.7085e+03 -6.1844e-01 6.8597e+03
-7.7426e+06 3.6329e+01 2.6729e+03 2.7367e+03 -1.1637e+00 6.8123e+03
-7.6521e+06 3.6333e+01 2.6744e+03 2.7645e+03 -1.9931e+00 6.7648e+03
-7.5505e+06 3.6334e+01 2.6759e+03 2.7920e+03 -1.9412e+00 6.7172e+03
-7.4370e+06 3.6330e+01 2.6774e+03 2.8190e+03 -2.3186e+00 6.6694e+03
-7.3095e+06 3.6324e+01 2.6788e+03 2.8457e+03 -1.8430e+00 6.6216e+03
-7.1785e+06 3.6319e+01 2.6802e+03 2.8720e+03 -2.5177e+00 6.5739e+03
-7.0374e+06 3.6318e+01 2.6816e+03 2.8979e+03 -2.3520e+00 6.5262e+03
-6.9001e+06 3.6320e+01 2.6829e+03 2.9234e+03 -4.8619e+00 6.4780e+03
-6.7297e+06 3.6323e+01 2.6842e+03 2.9486e+03 5.7869e+00 6.4299e+03
-6.6278e+06 3.6339e+01 2.6855e+03 2.9733e+03 -2.5414e+01 6.3747e+03
-6.5744e+06 3.6382e+01 2.6868e+03 2.9977e+03 -5.0468e+02 6.0589e+03
-6.4196e+06 3.6442e+01 2.6806e+03 3.0214e+03 -1.3240e+03 5.4893e+03
-6.4535e+06 3.6487e+01 2.6681e+03 3.0438e+03 -1.7504e+03 5.1148e+03
-6.4336e+06 3.6505e+01 2.6554e+03 3.0652e+03 -1.7712e+03 4.9660e+03
-6.3418e+06 3.6501e+01 2.6428e+03 3.0859e+03 -1.7449e+03 4.8699e+03
-6.1543e+06 3.6467e+01 2.6303e+03 3.1063e+03 -1.4355e+03 4.9241e+03
-6.1098e+06 3.6412e+01 2.6218e+03 3.1266e+03 -6.3754e+02 5.3729e+03
-6.0260e+06 3.6378e+01 2.6227e+03 3.1476e+03 -6.2053e+01 5.7295e+03
-5.7571e+06 3.6386e+01 2.6237e+03 3.1682e+03 -1.2008e+01 5.6745e+03
-5.7196e+06 3.6431e+01 2.6246e+03 3.1886e+03 -3.7581e+01 5.6462e+03
-9.4732e+06 2.6266e+01 2.6398e+03 2.3354e+03 -6.6086e-01 7.4316e+03
-9.4820e+06 2.6279e+01 2.6421e+03 2.3688e+03 -1.1269e+01 7.4051e+03
-9.4057e+06 2.7812e+01 2.6442e+03 2.4016e+03 -1.5269e+01 7.3405e+03
-9.1641e+06 3.0856e+01 2.6464e+03 2.4341e+03 -1.2329e+00 7.2946e+03
-8.9144e+06 3.2629e+01 2.6484e+03 2.4662e+03 3.6112e+00 7.2504e+03
-8.6992e+06 3.3944e+01 2.6505e+03 2.4979e+03 -1.2274e+00 7.2012e+03
-8.4862e+06 3.5735e+01 2.6524e+03 2.5291e+03 2.2617e+00 7.1546e+03
-8.2904e+06 3.6381e+01 2.6544e+03 2.5599e+03 4.5026e+00 7.1100e+03
-8.1651e+06 3.6300e+01 2.6562e+03 2.5904e+03 1.9018e+00 7.0624e+03
-8.0499e+06 3.6304e+01 2.6581e+03 2.6204e+03 1.7569e-01 7.0150e+03
-7.9684e+06 3.6309e+01 2.6599e+03 2.6500e+03 -5.8577e-02 6.9677e+03
-7.8757e+06 3.6315e+01 2.6616e+03 2.6792e+03 2.2033e-01 6.9204e+03
-7.8142e+06 3.6322e+01 2.6633e+03 2.7080e+03 -1.2414e+00 6.8728e+03
-7.7283e+06 3.6329e+01 2.6650e+03 2.7364e+03 -1.1867e+00 6.8251e+03
-7.6609e+06 3.6333e+01 2.6667e+03 2.7645e+03 -1.7942e+00 6.7771e+03
-7.5523e+06 3.6334e+01 2.6683e+03 2.7921e+03 -1.3837e+00 6.7291e+03
-7.4620e+06 3.6331e+01 2.6698e+03 2.8193e+03 -2.6508e+00 6.6809e+03
-7.3218e+06 3.6326e+01 2.6714e+03 2.8461e+03 -2.3122e+00 6.6327e+03
-7.2163e+06 3.6321e+01 2.6729e+03 2.8726e+03 -4.1177e+00 6.5846e+03
-7.0494e+06 3.6318e+01 2.6743e+03 2.8986e+03 -2.0191e+00 6.5365e+03
-6.9312e+06 3.6318e+01 2.6758e+03 2.9243e+03 -5.9127e+00 6.4877e+03
-6.7157e+06 3.6320e+01 2.6772e+03 2.9496e+03 9.9503e+00 6.4397e+03
-6.6664e+06 3.6339e+01 2.6786e+03 2.9745e+03 -3.6639e+01 6.3812e+03
-6.5789e+06 3.6387e+01 2.6799e+03 2.9990e+03 -6.0531e+02 5.9811e+03
-6.4412e+06 3.6447e+01 2.6720e+03 3.0226e+03 -1.4130e+03 5.4021e+03
-6.4851e+06 3.6486e+01 2.6596e+03 3.0451e+03 -1.7259e+03 5.1019e+03
-6.3787e+06 3.6494e+01 2.6471e+03 3.0665e+03 -1.6819e+03 4.9477e+03
-6.3188e+06 3.6482e+01 2.6347e+03 3.0873e+03 -1.5595e+03 4.7686e+03
-6.1406e+06 3.6448e+01 2.6224e+03 3.1077e+03 -1.2023e+03 4.7515e+03
-6.1366e+06 3.6406e+01 2.6161e+03 3.1284e+03 -5.3510e+02 5.2301e+03
-5.9946e+06 3.6385e+01 2.6172e+03 3.1495e+03 -7.8750e+01 5.6699e+03
-5.8032e+06 3.6402e+01 2.6182e+03 3.1702e+03 -2.7406e+01 5.6785e+03
-5.6256e+06 3.6456e+01 2.6192e+03 3.1906e+03 -4.5349e+01 5.6525e+03
-9.3404e+06 2.6260e+01 2.6300e+03 2.3328e+03 -5.3247e-01 7.4486e+03
-9.3352e+06 2.6226e+01 2.6324e+03 2.3664e+03 -1.0604e+01 7.4219e+03
-9.2173e+06 2.7741e+01 2.6347e+03 2.3995e+03 -1.2325e+01 7.3566e+03
-8.9529e+06 3.0870e+01 2.6370e+03 2.4322e+03 4.2533e+00 7.3108e+03
-8.7256e+06 3.2449e+01 2.6392e+03 2.4645e+03 4.7971e+00 7.2681e+03
-8.5727e+06 3.3506e+01 2.6414e+03 2.4964e+03 -6.3034e+00 7.2185e+03
-8.3531e+06 3.5511e+01 2.6435e+03 2.5279e+03 -4.2861e-01 7.1699e+03
-8.1769e+06 3.6381e+01 2.6455e+03 2.5589e+03 5.7407e+00 7.1243e+03
-8.0637e+06 3.6302e+01 2.6475e+03 2.5895e+03 3.0772e+00 7.0765e+03
-7.9940e+06 3.6306e+01 2.6495e+03 2.6197e+03 -1.5247e-01 7.0289e+03
-7.9171e+06 3.6311e+01 2.6514e+03 2.6496e+03 -1.3028e+00 6.9813e+03
-7.8562e+06 3.6316e+01 2.6533e+03 2.6790e+03 -1.2513e+00 6.9335e+03
-7.7930e+06 3.6322e+01 2.6552e+03 2.7079e+03 -2.4704e+00 6.8856e+03
-7.7255e+06 3.6328e+01 2.6570e+03 2.7365e+03 -1.5665e+00 6.8375e+03
-7.6492e+06 3.6332e+01 2.6587e+03 2.7647e+03 -1.5851e+00 6.7891e+03
-7.5598e+06 3.6333e+01 2.6604e+03 2.7925e+03 -9.9261e-01 6.7407e+03
-7.4697e+06 3.6331e+01 2.6621e+03 2.8199e+03 -3.7172e+00 6.6922e+03
-7.3465e+06 3.6326e+01 2.6637e+03 2.8469e+03 -3.7611e+00 6.6438e+03
-7.2329e+06 3.6320e+01 2.6653e+03 2.8734e+03 -7.0094e+00 6.5952e+03
-7.0612e+06 3.6316e+01 2.6669e+03 2.8996e+03 -3.4245e+00 6.5467e+03
-6.9363e+06 3.6314e+01 2.6685e+03 2.9255e+03 -8.6351e+00 6.4974e+03
-6.7184e+06 3.6315e+01 2.6700e+03 2.9509e+03 1.1132e+01 6.4494e+03
-6.7030e+06 3.6337e+01 2.6714e+03 2.9759e+03 -5.0061e+01 6.3875e+03
-6.5895e+06 3.6389e+01 2.6729e+03 3.0006e+03 -6.9353e+02 5.8995e+03
-6.4205e+06 3.6446e+01 2.6632e+03 3.0241e+03 -1.4380e+03 5.2870e+03
-6.4918e+06 3.6472e+01 2.6510e+03 3.0466e+03 -1.5548e+03 4.9687e+03
-6.3471e+06 3.6468e+01 2.6387e+03 3.0680e+03 -1.3850e+03 4.6815e+03
-6.3384e+06 3.6453e+01 2.6285e+03 3.0893e+03 -1.1902e+03 4.4288e+03
-6.1616e+06 3.6428e+01 2.6203e+03 3.1102e+03 -9.5122e+02 4.3252e+03
-6.0858e+06 3.6404e+01 2.6123e+03 3.1306e+03 -5.6237e+02 4.7624e+03
-5.9866e+06 3.6396e+01 2.6115e+03 3.1515e+03 -1.7963e+02 5.4448e+03
-5.7460e+06 3.6417e+01 2.6126e+03 3.1724e+03 -4.1392e+01 5.6697e+03
-5.5478e+06 3.6477e+01 2.6137e+03 3.1929e+03 -4.6154e+01 5.6518e+03
-9.1948e+06 2.6255e+01 2.6199e+03 2.3307e+03 -4.5164e-01 7.4655e+03
-9.1675e+06 2.6222e+01 2.6225e+03 2.3645e+03 -1.0316e+01 7.4379e+03
-9.0463e+06 2.7764e+01 2.6249e+03 2.3978e+03 -1.1891e+01 7.3719e+03
-8.7788e+06 3.0898e+01 2.6274e+03 2.4308e+03 3.7848e+00 7.3263e+03
-8.5609e+06 3.2769e+01 2.6297e+03 2.4633e+03 4.8252e+00 7.2825e+03
-8.3892e+06 3.4108e+01 2.6321e+03 2.4953e+03 -2.5132e+00 7.2338e+03
-8.2178e+06 3.5741e+01 2.6343e+03 2.5270e+03 2.7314e+00 7.1858e+03
-8.0720e+06 3.6327e+01 2.6365e+03 2.5582e+03 5.6710e+00 7.1385e+03
-7.9983e+06 3.6305e+01 2.6387e+03 2.5891e+03 2.5219e+00 7.0905e+03
-7.9132e+06 3.6308e+01 2.6408e+03 2.6195e+03 4.4298e-01 7.0426e+03
-7.8703e+06 3.6311e+01 2.6428e+03 2.6495e+03 -1.3883e+00 6.9946e+03
-7.8111e+06 3.6315e+01 2.6448e+03 2.6790e+03 -2.5948e+00 6.9463e+03
-7.7789e+06 3.6320e+01 2.6468e+03 2.7082e+03 -2.9560e+00 6.8980e+03
-7.6990e+06 3.6326e+01 2.6487e+03 2.7369e+03 -1.3549e+00 6.8495e+03
-7.6539e+06 3.6331e+01 2.6506e+03 2.7653e+03 -1.3381e+00 6.8008e+03
-7.5474e+06 3.6332e+01 2.6524e+03 2.7932e+03 -5.2975e-01 6.7522e+03
-7.4856e+06 3.6330e+01 2.6542e+03 2.8208e+03 -3.8237e+00 6.7034e+03
-7.3372e+06 3.6325e+01 2.6560e+03 2.8479e+03 -4.1241e+00 6.6547e+03
-7.2491e+06 3.6319e+01 2.6577e+03 2.8746e+03 -7.9742e+00 6.6057e+03
-7.0324e+06 3.6312e+01 2.6594e+03 2.9010e+03 -2.5918e+00 6.5567e+03
-6.9370e+06 3.6308e+01 2.6610e+03 2.9269e+03 -9.2658e+00 6.5066e+03
-6.6946e+06 3.6309e+01 2.6626e+03 2.9525e+03 9.6616e+00 6.4588e+03
-6.7401e+06 3.6332e+01 2.6642e+03 2.9776e+03 -5.5509e+01 6.3931e+03
-6.5671e+06 3.6380e+01 2.6657e+03 3.0024e+03 -6.6098e+02 5.7900e+03
-6.4291e+06 3.6426e+01 2.6546e+03 3.0259e+03 -1.2437e+03 5.0126e+03
-6.5084e+06 3.6442e+01 2.6447e+03 3.0485e+03 -1.1956e+03 4.6379e+03
-6.3583e+06 3.6435e+01 2.6364e+03 3.0706e+03 -1.0213e+03 4.3556e+03
-6.2762e+06 3.6423e+01 2.6281e+03 3.0921e+03 -9.1123e+02 4.1859e+03
-6.1337e+06 3.6409e+01 2.6200e+03 3.1131e+03 -8.3710e+02 4.1164e+03
-5.9991e+06 3.6402e+01 2.6120e+03 3.1336e+03 -6.8781e+02 4.3266e+03
-5.9572e+06 3.6409e+01 2.6057e+03 3.1538e+03 -3.6373e+02 5.0068e+03
-5.7847e+06 3.6436e+01 2.6069e+03 3.1748e+03 -9.7818e+01 5.5449e+03
-5.5229e+06 3.6498e+01 2.6080e+03 3.1953e+03 -5.5581e+01 5.6594e+03
-9.0778e+06 2.6242e+01 2.6096e+03 2.3290e+03 -3.2834e+00 7.4824e+03
-9.0332e+06 2.6607e+01 2.6123e+03 2.3630e+03 -1.4201e+01 7.4536e+03
-8.8565e+06 2.8573e+01 2.6150e+03 2.3966e+03 -1.2221e+01 7.3880e+03
-8.5878e+06 3.1357e+01 2.6176e+03 2.4297e+03 1.4918e+00 7.3423e+03
-8.3901e+06 3.3328e+01 2.6201e+03 2.4624e+03 3.0369e+00 7.2959e+03
-8.2331e+06 3.5053e+01 2.6226e+03 2.4947e+03 2.5424e+00 7.2480e+03
-8.0768e+06 3.6150e+01 2.6250e+03 2.5265e+03 6.2926e+00 7.2009e+03
-7.9905e+06 3.6302e+01 2.6273e+03 2.5580e+03 4.5105e+00 7.1526e+03
-7.9136e+06 3.6306e+01 2.6296e+03 2.5890e+03 2.2370e+00 7.1043e+03
-7.8276e+06 3.6307e+01 2.6318e+03 2.6196e+03 4.9586e+00 7.0560e+03
-7.7777e+06 3.6310e+01 2.6340e+03 2.6497e+03 3.4801e+00 7.0074e+03
-7.7836e+06 3.6314e+01 2.6362e+03 2.6795e+03 -1.9963e+00 6.9588e+03
-7.7532e+06 3.6319e+01 2.6383e+03 2.7088e+03 -3.3083e+00 6.9101e+03
-7.7002e+06 3.6325e+01 2.6403e+03 2.7377e+03 -1.7807e+00 6.8613e+03
-7.6341e+06 3.6330e+01 2.6423e+03 2.7662e+03 -1.0817e+00 6.8123e+03
-7.5567e+06 3.6332e+01 2.6442e+03 2.7943e+03 -3.1755e-01 6.7633e+03
-7.4723e+06 3.6331e+01 2.6461e+03 2.8220e+03 -2.5038e+00 6.7142e+03
-7.3551e+06 3.6326e+01 2.6480e+03 2.8492e+03 -3.4165e+00 6.6651e+03
-7.2170e+06 3.6319e+01 2.6498e+03 2.8761e+03 -4.3196e+00 6.6158e+03
-6.9982e+06 3.6310e+01 2.6516e+03 2.9026e+03 3.3536e+00 6.5663e+03
-6.8648e+06 3.6303e+01 2.6534e+03 2.9287e+03 -7.9866e-01 6.5159e+03
-6.7123e+06 3.6304e+01 2.6551e+03 2.9543e+03 6.7864e+00 6.4680e+03
-6.7053e+06 3.6322e+01 2.6568e+03 2.9796e+03 -3.9117e+01 6.4017e+03
-6.5821e+06 3.6358e+01 2.6584e+03 3.0045e+03 -4.4212e+02 5.8119e+03
-6.4783e+06 3.6393e+01 2.6517e+03 3.0284e+03 -8.7468e+02 4.9053e+03
-6.4781e+06 3.6411e+01 2.6438e+03 3.0514e+03 -9.1796e+02 4.4566e+03
-6.3364e+06 3.6412e+01 2.6357e+03 3.0737e+03 -8.5673e+02 4.3026e+03
-6.1836e+06 3.6402e+01 2.6275e+03 3.0953e+03 -8.3088e+02 4.1950e+03
-6.0930e+06 3.6392e+01 2.6194e+03 3.1164e+03 -8.1096e+02 4.1204e+03
-5.9612e+06 3.6399e+01 2.6115e+03 3.1369e+03 -7.6765e+02 4.1194e+03
-5.9417e+06 3.6424e+01 2.6037e+03 3.1570e+03 -5.6678e+02 4.5333e+03
-5.7270e+06 3.6460e+01 2.6010e+03 3.1774e+03 -2.4463e+02 5.2477e+03
-5.5155e+06 3.6524e+01 2.6022e+03 3.1980e+03 -7.2851e+01 5.6337e+03
-8.9331e+06 2.6661e+01 2.5991e+03 2.3278e+03 -8.1532e+00 7.4987e+03
-8.8214e+06 2.8145e+01 2.6020e+03 2.3620e+03 -1.2283e+01 7.4687e+03
-8.6200e+06 3.0450e+01 2.6048e+03 2.3958e+03 -5.6710e+00 7.4042e+03
-8.4127e+06 3.2387e+01 2.6076e+03 2.4291e+03 1.2481e+00 7.3582e+03
-8.2306e+06 3.4152e+01 2.6103e+03 2.4620e+03 3.0283e+00 7.3101e+03
-8.0712e+06 3.5744e+01 2.6129e+03 2.4945e+03 5.6392e+00 7.2623e+03
-7.9751e+06 3.6317e+01 2.6154e+03 2.5265e+03 5.8595e+00 7.2148e+03
-7.9240e+06 3.6301e+01 2.6179e+03 2.5581e+03 1.5438e+00 7.1661e+03
-7.8668e+06 3.6304e+01 2.6204e+03 2.5893e+03 1.5106e-01 7.1176e+03
-7.7799e+06 3.6306e+01 2.6227e+03 2.6200e+03 3.8706e+00 7.0689e+03
-7.7451e+06 3.6308e+01 2.6251e+03 2.6504e+03 4.1609e+00 7.0200e+03
-7.7521e+06 3.6312e+01 2.6273e+03 2.6803e+03 -1.6110e+00 6.9710e+03
-7.7280e+06 3.6318e+01 2.6295e+03 2.7097e+03 -2.0955e+00 6.9220e+03
-7.6856e+06 3.6324e+01 2.6317e+03 2.7388e+03 -2.2721e+00 6.8727e+03
-7.6249e+06 3.6329e+01 2.6338e+03 2.7675e+03 -2.4097e-01 6.8234e+03
-7.5633e+06 3.6332e+01 2.6359e+03 2.7957e+03 -1.4928e+00 6.7740e+03
-7.4604e+06 3.6332e+01 2.6379e+03 2.8235e+03 -4.2131e-01 6.7247e+03
-7.3680e+06 3.6328e+01 2.6399e+03 2.8509e+03 -3.8281e+00 6.6750e+03
-7.1873e+06 3.6320e+01 2.6419e+03 2.8779e+03 5.5995e-01 6.6255e+03
-7.0297e+06 3.6309e+01 2.6437e+03 2.9045e+03 2.4067e+00 6.5756e+03
-6.8200e+06 3.6301e+01 2.6456e+03 2.9307e+03 7.6606e+00 6.5259e+03
-6.7888e+06 3.6300e+01 2.6474e+03 2.9565e+03 -5.3450e-01 6.4765e+03
-6.6046e+06 3.6311e+01 2.6492e+03 2.9819e+03 -7.5658e+00 6.4163e+03
-6.6787e+06 3.6334e+01 2.6509e+03 3.0069e+03 -1.9191e+02 6.0566e+03
-6.4146e+06 3.6364e+01 2.6502e+03 3.0313e+03 -5.3653e+02 5.2588e+03
-6.5083e+06 3.6390e+01 2.6425e+03 3.0545e+03 -8.0236e+02 4.6064e+03
-6.2156e+06 3.6403e+01 2.6347e+03 3.0771e+03 -8.1160e+02 4.3606e+03
-6.3681e+06 3.6395e+01 2.6268e+03 3.0988e+03 -8.2127e+02 4.2321e+03
-5.8441e+06 3.6390e+01 2.6187e+03 3.1200e+03 -7.6276e+02 4.1408e+03
-6.2827e+06 3.6406e+01 2.6108e+03 3.1406e+03 -7.9875e+02 4.0729e+03
-5.5889e+06 3.6447e+01 2.6031e+03 3.1607e+03 -6.8043e+02 4.1843e+03
-6.2347e+06 3.6486e+01 2.5954e+03 3.1803e+03 -4.8888e+02 4.7942e+03
-4.9614e+06 3.6557e+01 2.5963e+03 3.2009e+03 -7.3687e+01 5.4750e+03
-8.7489e+06 2.8293e+01 2.5884e+03 2.3270e+03 -7.1614e+00 7.5137e+03
-8.5724e+06 3.0494e+01 2.5915e+03 2.3614e+03 -1.9063e+00 7.4835e+03
-8.3609e+06 3.2069e+01 2.5945e+03 2.3954e+03 3.9526e+00 7.4196e+03
-8.2142e+06 3.3411e+01 2.5974e+03 2.4289e+03 4.5913e+00 7.3727e+03
-8.0683e+06 3.5144e+01 2.6002e+03 2.4620e+03 5.7221e+00 7.3245e+03
-7.9779e+06 3.6164e+01 2.6030e+03 2.4946e+03 5.6977e+00 7.2767e+03
-7.8908e+06 3.6296e+01 2.6057e+03 2.5269e+03 3.5360e+00 7.2280e+03
-7.8727e+06 3.6300e+01 2.6084e+03 2.5586e+03 2.5943e-01 7.1791e+03
-7.8099e+06 3.6303e+01 2.6109e+03 2.5900e+03 -6.4056e-01 7.1304e+03
-7.8008e+06 3.6305e+01 2.6135e+03 2.6209e+03 -8.2524e-01 7.0813e+03
-7.7385e+06 3.6308e+01 2.6159e+03 2.6514e+03 6.2418e-02 7.0321e+03
-7.7665e+06 3.6311e+01 2.6183e+03 2.6814e+03 -2.8061e+00 6.9827e+03
-7.6924e+06 3.6316e+01 2.6207e+03 2.7111e+03 -1.6034e+00 6.9334e+03
-7.7107e+06 3.6323e+01 2.6230e+03 2.7403e+03 -3.6247e+00 6.8837e+03
-7.5875e+06 3.6329e+01 2.6252e+03 2.7690e+03 -3.6713e-02 6.8342e+03
-7.6018e+06 3.6333e+01 2.6274e+03 2.7974e+03 -3.1104e+00 6.7842e+03
-7.4211e+06 3.6334e+01 2.6296e+03 2.8254e+03 6.8207e-01 6.7346e+03
-7.4293e+06 3.6330e+01 2.6317e+03 2.8529e+03 -4.9836e+00 6.6844e+03
-7.1406e+06 3.6322e+01 2.6337e+03 2.8800e+03 3.2120e+00 6.6348e+03
-7.1596e+06 3.6310e+01 2.6357e+03 2.9067e+03 -4.4345e+00 6.5844e+03
-6.7890e+06 3.6301e+01 2.6377e+03 2.9330e+03 8.0696e+00 6.5349e+03
-6.9457e+06 3.6299e+01 2.6396e+03 2.9589e+03 -7.8635e+00 6.4839e+03
-6.4837e+06 3.6305e+01 2.6415e+03 2.9844e+03 1.1784e+01 6.4310e+03
-6.8515e+06 3.6319e+01 2.6433e+03 3.0095e+03 -5.8658e+01 6.2921e+03
-6.2487e+06 3.6347e+01 2.6452e+03 3.0343e+03 -2.6246e+02 5.7451e+03
-6.8277e+06 3.6378e+01 2.6410e+03 3.0580e+03 -6.4846e+02 4.9098e+03
-5.8814e+06 3.6400e+01 2.6334e+03 3.0807e+03 -7.5708e+02 4.4331e+03
-6.8559e+06 3.6402e+01 2.6257e+03 3.1026e+03 -8.2160e+02 4.2804e+03
-5.3672e+06 3.6410e+01 2.6178e+03 3.1239e+03 -7.1608e+02 4.1725e+03
-7.1198e+06 3.6431e+01 2.6100e+03 3.1445e+03 -8.6845e+02 4.0876e+03
-4.7665e+06 3.6477e+01 2.6023e+03 3.1647e+03 -7.9478e+02 4.1048e+03
-7.4356e+06 3.6513e+01 2.5945e+03 3.1843e+03 -8.0974e+02 4.5108e+03
-3.4414e+06 3.6591e+01 2.5903e+03 3.2040e+03 -2.0061e+02 5.2300e+03
-8.4789e+06 3.0646e+01 2.5775e+03 2.3267e+03 2.5658e+00 7.5284e+03
-8.3070e+06 3.2044e+01 2.5808e+03 2.3613e+03 9.1705e+00 7.4985e+03
-8.2101e+06 3.2684e+01 2.5839e+03 2.3955e+03 6.4302e+00 7.4338e+03
-8.1155e+06 3.4029e+01 2.5870e+03 2.4292e+03 4.5687e+00 7.3865e+03
-7.9708e+06 3.5700e+01 2.5900e+03 2.4624e+03 8.8105e+00 7.3383e+03
-7.8741e+06 3.6326e+01 2.5930e+03 2.4952e+03 8.5113e+00 7.2899e+03
-7.8406e+06 3.6297e+01 2.5958e+03 2.5276e+03 4.2602e+00 7.2408e+03
-7.8262e+06 3.6300e+01 2.5986e+03 2.5596e+03 3.4749e-01 7.1917e+03
-7.7983e+06 3.6303e+01 2.6013e+03 2.5911e+03 3.5872e-01 7.1426e+03
-7.7778e+06 3.6305e+01 2.6040e+03 2.6221e+03 -8.2881e-01 7.0931e+03
-7.7443e+06 3.6308e+01 2.6066e+03 2.6527e+03 3.5837e-01 7.0436e+03
-7.7317e+06 3.6311e+01 2.6091e+03 2.6829e+03 -1.9355e+00 6.9939e+03
-7.6876e+06 3.6316e+01 2.6116e+03 2.7127e+03 -2.2923e-01 6.9442e+03
-7.6816e+06 3.6322e+01 2.6140e+03 2.7421e+03 -3.4856e+00 6.8941e+03
-7.6071e+06 3.6329e+01 2.6164e+03 2.7710e+03 2.7252e-01 6.8442e+03
-7.5896e+06 3.6333e+01 2.6187e+03 2.7995e+03 -3.9551e+00 6.7939e+03
-7.4485e+06 3.6335e+01 2.6210e+03 2.8275e+03 1.7670e+00 6.7440e+03
-7.4187e+06 3.6331e+01 2.6232e+03 2.8552e+03 -5.4635e+00 6.6934e+03
-7.1934e+06 3.6322e+01 2.6254e+03 2.8824e+03 4.1910e+00 6.6434e+03
-7.1838e+06 3.6310e+01 2.6275e+03 2.9092e+03 -8.1576e+00 6.5925e+03
-6.8820e+06 3.6302e+01 2.6296e+03 2.9357e+03 6.7970e+00 6.5427e+03
-6.9676e+06 3.6300e+01 2.6316e+03 2.9617e+03 -1.1824e+01 6.4913e+03
-6.5800e+06 3.6305e+01 2.6336e+03 2.9873e+03 1.4286e+01 6.4410e+03
-6.8361e+06 3.6314e+01 2.6356e+03 3.0125e+03 -2.2513e+01 6.3813e+03
-6.3312e+06 3.6337e+01 2.6375e+03 3.0373e+03 -6.9067e+01 6.1384e+03
-6.8484e+06 3.6366e+01 2.6391e+03 3.0617e+03 -4.4001e+02 5.4076e+03
-5.8988e+06 3.6397e+01 2.6318e+03 3.0845e+03 -6.6436e+02 4.6579e+03
-6.9636e+06 3.6413e+01 2.6244e+03 3.1067e+03 -8.5027e+02 4.3520e+03
-5.4828e+06 3.6435e+01 2.6168e+03 3.1281e+03 -7.9192e+02 4.2744e+03
-7.2147e+06 3.6459e+01 2.6090e+03 3.1488e+03 -1.0768e+03 4.2519e+03
-4.8181e+06 3.6503e+01 2.5996e+03 3.1686e+03 -1.0157e+03 4.2830e+03
-7.4349e+06 3.6532e+01 2.5893e+03 3.1877e+03 -1.0821e+03 4.6191e+03
-3.5689e+06 3.6613e+01 2.5841e+03 3.2074e+03 -2.9534e+02 5.2844e+03
-8.2757e+06 3.2138e+01 2.5665e+03 2.3269e+03 1.0208e+01 7.5444e+03
-8.2180e+06 3.2393e+01 2.5699e+03 2.3617e+03 7.7119e+00 7.5138e+03
-8.1272e+06 3.2659e+01 2.5732e+03 2.3960e+03 3.0854e+00 7.4472e+03
-8.0367e+06 3.3770e+01 2.5765e+03 2.4299e+03 3.3999e+00 7.3998e+03
-7.9174e+06 3.5292e+01 2.5796e+03 2.4633e+03 7.5403e+00 7.3514e+03
-7.8686e+06 3.6143e+01 2.5827e+03 2.4963e+03 7.2156e+00 7.3026e+03
-7.7917e+06 3.6299e+01 2.5857e+03 2.5288e+03 5.1915e+00 7.2535e+03
-7.7989e+06 3.6302e+01 2.5887e+03 2.5609e+03 2.3578e+00 7.2039e+03
-7.7421e+06 3.6304e+01 2.5916e+03 2.5925e+03 3.0463e+00 7.1544e+03
-7.7705e+06 3.6306e+01 2.5944e+03 2.6237e+03 1.5054e+00 7.1046e+03
-7.6980e+06 3.6308e+01 2.5971e+03 2.6545e+03 3.1924e+00 7.0548e+03
-7.7480e+06 3.6311e+01 2.5998e+03 2.6848e+03 -2.6764e-01 7.0047e+03
-7.6594e+06 3.6315e+01 2.6024e+03 2.7147e+03 1.1375e+00 6.9547e+03
-7.7198e+06 3.6321e+01 2.6050e+03 2.7442e+03 -3.1217e+00 6.9042e+03
-7.5679e+06 3.6328e+01 2.6075e+03 2.7732e+03 1.9720e+00 6.8540e+03
-7.6359e+06 3.6333e+01 2.6099e+03 2.8018e+03 -3.2736e+00 6.8032e+03
-7.4085e+06 3.6334e+01 2.6123e+03 2.8300e+03 4.7249e+00 6.7530e+03
-7.4976e+06 3.6329e+01 2.6147e+03 2.8578e+03 -5.3535e+00 6.7020e+03
-7.1535e+06 3.6320e+01 2.6170e+03 2.8851e+03 5.6811e+00 6.6518e+03
-7.3092e+06 3.6309e+01 2.6192e+03 2.9121e+03 -1.0940e+01 6.6005e+03
-6.8349e+06 3.6303e+01 2.6214e+03 2.9386e+03 8.9365e+00 6.5506e+03
-7.1499e+06 3.6302e+01 2.6235e+03 2.9647e+03 -1.5082e+01 6.4989e+03
-6.4930e+06 3.6308e+01 2.6256e+03 2.9904e+03 1.8166e+01 6.4487e+03
-7.0689e+06 3.6315e+01 2.6277e+03 3.0157e+03 -2.2528e+01 6.3953e+03
-6.1173e+06 3.6330e+01 2.6297e+03 3.0406e+03 1.3910e+01 6.3233e+03
-7.1431e+06 3.6352e+01 2.6317e+03 3.0651e+03 -2.4100e+02 5.8939e+03
-5.6449e+06 3.6389e+01 2.6300e+03 3.0887e+03 -5.4535e+02 5.0783e+03
-7.3525e+06 3.6421e+01 2.6228e+03 3.1110e+03 -9.9864e+02 4.5721e+03
-5.0828e+06 3.6455e+01 2.6139e+03 3.1324e+03 -1.0142e+03 4.4952e+03
-7.8372e+06 3.6472e+01 2.6035e+03 3.1525e+03 -1.3141e+03 4.4494e+03
-4.0516e+06 3.6507e+01 2.5933e+03 3.1721e+03 -1.0692e+03 4.4199e+03
-8.3872e+06 3.6524e+01 2.5832e+03 3.1913e+03 -1.0637e+03 4.5146e+03
-2.1947e+06 3.6613e+01 2.5778e+03 3.2109e+03 -2.0114e+02 5.0021e+03
-8.1553e+06 3.2426e+01 2.5552e+03 2.3276e+03 9.0942e+00 7.5597e+03
-8.1178e+06 3.2377e+01 2.5588e+03 2.3625e+03 4.5772e+00 7.5283e+03
-8.1011e+06 3.2445e+01 2.5623e+03 2.3970e+03 -9.8843e-01 7.4622e+03
-8.0468e+06 3.3185e+01 2.5657e+03 2.4310e+03 -2.4765e+00 7.4144e+03
-7.9097e+06 3.4778e+01 2.5690e+03 2.4646e+03 3.2633e+00 7.3654e+03
-7.8029e+06 3.5997e+01 2.5723e+03 2.4977e+03 6.8297e+00 7.3162e+03
-7.7692e+06 3.6300e+01 2.5755e+03 2.5304e+03 5.7970e+00 7.2667e+03
-7.7632e+06 3.6302e+01 2.5786e+03 2.5626e+03 3.0802e+00 7.2169e+03
-7.7452e+06 3.6304e+01 2.5816e+03 2.5944e+03 3.1398e+00 7.1670e+03
-7.7328e+06 3.6305e+01 2.5846e+03 2.6257e+03 2.1395e+00 7.1169e+03
-7.7049e+06 3.6307e+01 2.5874e+03 2.6566e+03 3.5203e+00 7.0667e+03
-7.6986e+06 3.6309e+01 2.5903e+03 2.6871e+03 1.8726e+00 7.0162e+03
-7.6617e+06 3.6314e+01 2.5930e+03 2.7171e+03 2.7941e+00 6.9658e+03
-7.6668e+06 3.6319e+01 2.5957e+03 2.7467e+03 -3.5857e-01 6.9151e+03
-7.5963e+06 3.6325e+01 2.5984e+03 2.7758e+03 2.8717e+00 6.8645e+03
-7.5974e+06 3.6330e+01 2.6009e+03 2.8046e+03 -6.8849e-01 6.8135e+03
-7.4510e+06 3.6331e+01 2.6035e+03 2.8329e+03 5.5099e+00 6.7628e+03
-7.4614e+06 3.6327e+01 2.6059e+03 2.8607e+03 -2.7589e+00 6.7115e+03
-7.2390e+06 3.6319e+01 2.6084e+03 2.8882e+03 3.6753e+00 6.6609e+03
-7.2879e+06 3.6310e+01 2.6107e+03 2.9152e+03 -8.6389e+00 6.6096e+03
-6.9600e+06 3.6306e+01 2.6130e+03 2.9418e+03 7.1721e+00 6.5591e+03
-7.1147e+06 3.6306e+01 2.6153e+03 2.9680e+03 -1.0582e+01 6.5073e+03
-6.6485e+06 3.6310e+01 2.6175e+03 2.9938e+03 1.5113e+01 6.4566e+03
-6.9927e+06 3.6314e+01 2.6197e+03 3.0192e+03 -1.9517e+01 6.4038e+03
-6.2724e+06 3.6323e+01 2.6218e+03 3.0441e+03 2.7509e+01 6.3496e+03
-6.9586e+06 3.6339e+01 2.6239e+03 3.0687e+03 -9.4806e+01 6.1714e+03
-5.9390e+06 3.6381e+01 2.6259e+03 3.0929e+03 -5.2362e+02 5.4853e+03
-6.9927e+06 3.6423e+01 2.6170e+03 3.1151e+03 -1.1553e+03 4.8263e+03
-5.5298e+06 3.6454e+01 2.6071e+03 3.1362e+03 -1.1809e+03 4.6398e+03
-7.2647e+06 3.6458e+01 2.5969e+03 3.1564e+03 -1.2025e+03 4.4884e+03
-4.7124e+06 3.6476e+01 2.5868e+03 3.1759e+03 -7.7959e+02 4.3030e+03
-7.5179e+06 3.6500e+01 2.5797e+03 3.1958e+03 -5.9984e+02 4.1757e+03
-3.4159e+06 3.6596e+01 2.5754e+03 3.2156e+03 -1.7035e+02 4.5045e+03
-8.1340e+06 3.2376e+01 2.5437e+03 2.3287e+03 -3.6308e-01 7.5736e+03
-8.1381e+06 3.2382e+01 2.5475e+03 2.3638e+03 -6.0916e+00 7.5435e+03
-8.0716e+06 3.2516e+01 2.5512e+03 2.3984e+03 -1.0761e+01 7.4745e+03
-7.9718e+06 3.3518e+01 2.5548e+03 2.4326e+03 -9.5131e+00 7.4271e+03
-7.8697e+06 3.5242e+01 2.5583e+03 2.4663e+03 -4.4680e+00 7.3778e+03
-7.8171e+06 3.6198e+01 2.5617e+03 2.4996e+03 -3.3475e+00 7.3281e+03
-7.7619e+06 3.6304e+01 2.5650e+03 2.5324e+03 -4.6943e+00 7.2781e+03
-7.7489e+06 3.6306e+01 2.5683e+03 2.5647e+03 -5.4925e+00 7.2280e+03
-7.7254e+06 3.6307e+01 2.5715e+03 2.5966e+03 -5.8704e+00 7.1778e+03
-7.7327e+06 3.6308e+01 2.5746e+03 2.6281e+03 -6.6610e+00 7.1273e+03
-7.7102e+06 3.6309e+01 2.5776e+03 2.6591e+03 -7.1353e+00 7.0767e+03
-7.7218e+06 3.6311e+01 2.5806e+03 2.6897e+03 -8.2327e+00 7.0260e+03
-7.6944e+06 3.6315e+01 2.5835e+03 2.7198e+03 -8.6245e+00 6.9752e+03
-7.6901e+06 3.6320e+01 2.5863e+03 2.7495e+03 -9.7117e+00 6.9242e+03
-7.6253e+06 3.6326e+01 2.5891e+03 2.7788e+03 -7.6684e+00 6.8732e+03
-7.5980e+06 3.6331e+01 2.5918e+03 2.8076e+03 -8.4894e+00 6.8221e+03
-7.5137e+06 3.6332e+01 2.5945e+03 2.8360e+03 -6.1217e+00 6.7709e+03
-7.4617e+06 3.6329e+01 2.5971e+03 2.8640e+03 -9.7878e+00 6.7196e+03
-7.3421e+06 3.6324e+01 2.5996e+03 2.8915e+03 -8.2066e+00 6.6683e+03
-7.2691e+06 3.6318e+01 2.6021e+03 2.9186e+03 -1.2682e+01 6.6170e+03
-7.1176e+06 3.6314e+01 2.6045e+03 2.9453e+03 -5.8280e+00 6.5658e+03
-7.0447e+06 3.6312e+01 2.6069e+03 2.9716e+03 -1.2551e+01 6.5141e+03
-6.8746e+06 3.6313e+01 2.6092e+03 2.9975e+03 -2.7668e+00 6.4628e+03
-6.8161e+06 3.6315e+01 2.6115e+03 3.0229e+03 -1.9015e+01 6.4103e+03
-6.5890e+06 3.6318e+01 2.6138e+03 3.0480e+03 1.0432e+01 6.3595e+03
-6.6107e+06 3.6334e+01 2.6159e+03 3.0726e+03 -5.4714e+01 6.2881e+03
-6.4355e+06 3.6373e+01 2.6181e+03 3.0969e+03 -5.4457e+02 5.6725e+03
-6.3705e+06 3.6413e+01 2.6099e+03 3.1191e+03 -1.0882e+03 4.8961e+03
-6.3260e+06 3.6428e+01 2.6001e+03 3.1402e+03 -9.9980e+02 4.5315e+03
-6.2216e+06 3.6423e+01 2.5904e+03 3.1605e+03 -7.0858e+02 4.2888e+03
-6.0622e+06 3.6436e+01 2.5861e+03 3.1814e+03 -3.5092e+02 4.0855e+03
-5.8412e+06 3.6478e+01 2.5817e+03 3.2018e+03 -2.1811e+02 3.9347e+03
-5.4406e+06 3.6584e+01 2.5775e+03 3.2216e+03 -1.3325e+02 4.0751e+03
-8.0974e+06 3.2382e+01 2.5321e+03 2.3303e+03 4.9594e-02 7.5853e+03
-8.0473e+06 3.2365e+01 2.5360e+03 2.3656e+03 -5.0478e+00 7.5508e+03
-8.0264e+06 3.2897e+01 2.5399e+03 2.4003e+03 -1.3573e+01 7.4920e+03
-7.9485e+06 3.4478e+01 2.5437e+03 2.4346e+03 -1.0250e+01 7.4428e+03
-7.8057e+06 3.5939e+01 2.5473e+03 2.4685e+03 -3.7255e+00 7.3930e+03
-7.7298e+06 3.6338e+01 2.5509e+03 2.5018e+03 -4.2541e+00 7.3425e+03
-7.7320e+06 3.6309e+01 2.5544e+03 2.5348e+03 -7.1370e+00 7.2923e+03
-7.7350e+06 3.6310e+01 2.5579e+03 2.5673e+03 -9.2205e+00 7.2420e+03
-7.7284e+06 3.6311e+01 2.5612e+03 2.5993e+03 -9.3791e+00 7.1913e+03
-7.7168e+06 3.6312e+01 2.5645e+03 2.6309e+03 -9.9706e+00 7.1405e+03
-7.7043e+06 3.6313e+01 2.5676e+03 2.6620e+03 -9.8503e+00 7.0896e+03
-7.6935e+06 3.6315e+01 2.5708e+03 2.6927e+03 -1.0710e+01 7.0384e+03
-7.6664e+06 3.6318e+01 2.5738e+03 2.7229e+03 -1.0004e+01 6.9873e+03
-7.6633e+06 3.6322e+01 2.5768e+03 2.7527e+03 -1.1546e+01 6.9359e+03
-7.6183e+06 3.6328e+01 2.5797e+03 2.7821e+03 -9.7950e+00 6.8846e+03
-7.6096e+06 3.6333e+01 2.5825e+03 2.8110e+03 -1.1432e+01 6.8331e+03
-7.5027e+06 3.6335e+01 2.5853e+03 2.8395e+03 -8.3030e+00 6.7816e+03
-7.4957e+06 3.6335e+01 2.5880e+03 2.8675e+03 -1.2186e+01 6.7300e+03
-7.3350e+06 3.6331e+01 2.5907e+03 2.8952e+03 -8.7250e+00 6.6785e+03
-7.3377e+06 3.6326e+01 2.5933e+03 2.9224e+03 -1.4316e+01 6.6265e+03
-7.0960e+06 3.6321e+01 2.5959e+03 2.9491e+03 -7.1870e+00 6.5751e+03
-7.1460e+06 3.6317e+01 2.5984e+03 2.9755e+03 -1.6477e+01 6.5230e+03
-6.8060e+06 3.6314e+01 2.6008e+03 3.0014e+03 -4.8254e+00 6.4718e+03
-6.9516e+06 3.6314e+01 2.6032e+03 3.0270e+03 -2.1787e+01 6.4188e+03
-6.4571e+06 3.6316e+01 2.6056e+03 3.0521e+03 6.8698e+00 6.3691e+03
-6.8137e+06 3.6328e+01 2.6079e+03 3.0768e+03 -5.3656e+01 6.3000e+03
-6.1970e+06 3.6358e+01 2.6101e+03 3.1011e+03 -3.8941e+02 5.7047e+03
-6.6811e+06 3.6381e+01 2.6029e+03 3.1235e+03 -7.1630e+02 4.8346e+03
-5.8858e+06 3.6388e+01 2.5963e+03 3.1451e+03 -4.9930e+02 4.3613e+03
-6.7425e+06 3.6387e+01 2.5922e+03 3.1666e+03 -2.8381e+02 4.1314e+03
-5.3319e+06 3.6413e+01 2.5879e+03 3.1876e+03 -9.3587e+01 4.0295e+03
-6.6333e+06 3.6464e+01 2.5836e+03 3.2081e+03 -1.3977e+02 3.9157e+03
-4.2771e+06 3.6580e+01 2.5794e+03 3.2280e+03 1.8364e+01 3.8394e+03
-8.0767e+06 3.2384e+01 2.5203e+03 2.3324e+03 2.1244e+00 7.6008e+03
-8.0737e+06 3.2479e+01 2.5244e+03 2.3678e+03 -1.7531e+00 7.5535e+03
-7.9451e+06 3.3478e+01 2.5284e+03 2.4027e+03 6.3220e-01 7.5038e+03
-7.7954e+06 3.5267e+01 2.5324e+03 2.4371e+03 9.6474e+00 7.4524e+03
-7.7258e+06 3.6225e+01 2.5362e+03 2.4711e+03 1.0815e+01 7.4027e+03
-7.7417e+06 3.6301e+01 2.5400e+03 2.5046e+03 5.6828e+00 7.3518e+03
-7.6910e+06 3.6305e+01 2.5437e+03 2.5376e+03 4.9133e+00 7.3012e+03
-7.6868e+06 3.6306e+01 2.5473e+03 2.5702e+03 5.3527e+00 7.2505e+03
-7.6581e+06 3.6307e+01 2.5508e+03 2.6023e+03 5.8007e+00 7.1996e+03
-7.6839e+06 3.6308e+01 2.5542e+03 2.6340e+03 4.6982e+00 7.1484e+03
-7.6581e+06 3.6308e+01 2.5575e+03 2.6653e+03 4.3292e+00 7.0972e+03
-7.6936e+06 3.6310e+01 2.5608e+03 2.6960e+03 2.1980e+00 7.0458e+03
-7.6587e+06 3.6312e+01 2.5640e+03 2.7264e+03 2.0799e+00 6.9943e+03
-7.6783e+06 3.6316e+01 2.5671e+03 2.7563e+03 4.7892e-01 6.9426e+03
-7.5969e+06 3.6322e+01 2.5701e+03 2.7857e+03 3.0066e+00 6.8910e+03
-7.6028e+06 3.6327e+01 2.5731e+03 2.8147e+03 1.4860e+00 6.8391e+03
-7.5043e+06 3.6331e+01 2.5760e+03 2.8433e+03 4.4859e+00 6.7874e+03
-7.4977e+06 3.6332e+01 2.5789e+03 2.8714e+03 1.1424e+00 6.7354e+03
-7.3416e+06 3.6330e+01 2.5817e+03 2.8991e+03 5.4377e+00 6.6836e+03
-7.3363e+06 3.6325e+01 2.5844e+03 2.9264e+03 -1.1795e+00 6.6313e+03
-7.1176e+06 3.6318e+01 2.5871e+03 2.9532e+03 5.4352e+00 6.5795e+03
-7.1283e+06 3.6311e+01 2.5897e+03 2.9797e+03 -4.2889e+00 6.5272e+03
-6.8309e+06 3.6306e+01 2.5923e+03 3.0057e+03 8.2914e+00 6.4757e+03
-6.9065e+06 3.6304e+01 2.5948e+03 3.0313e+03 -8.4680e+00 6.4225e+03
-6.5091e+06 3.6306e+01 2.5972e+03 3.0564e+03 1.6223e+01 6.3715e+03
-6.7356e+06 3.6313e+01 2.5996e+03 3.0812e+03 -2.5143e+01 6.3069e+03
-6.2335e+06 3.6330e+01 2.6020e+03 3.1056e+03 -1.3661e+02 5.8889e+03
-6.6631e+06 3.6341e+01 2.6012e+03 3.1290e+03 -2.5248e+02 5.1174e+03
-5.8979e+06 3.6349e+01 2.5974e+03 3.1513e+03 -1.1550e+02 4.5065e+03
-6.5977e+06 3.6360e+01 2.5935e+03 3.1730e+03 -1.2289e+02 4.2143e+03
-5.3505e+06 3.6396e+01 2.5895e+03 3.1942e+03 -1.7934e+01 4.0889e+03
-6.5847e+06 3.6453e+01 2.5854e+03 3.2148e+03 -2.6376e+01 3.9983e+03
-4.5040e+06 3.6571e+01 2.5823e+03 3.2351e+03 1.1685e+02 3.8997e+03
