  1    1089
-3.2336e+06 1.3006e+02 -4.6237e+03 1.5975e+04 -3.9257e+02 5.1338e+03
-3.1833e+06 1.3598e+02 -4.6122e+03 1.5987e+04 -7.7401e+02 5.0956e+03
-3.1607e+06 1.4322e+02 -4.6005e+03 1.5998e+04 -1.5326e+03 5.0650e+03
-3.1069e+06 1.5096e+02 -4.5887e+03 1.6010e+04 -2.7282e+03 5.3521e+03
-3.1521e+06 1.5913e+02 -4.5767e+03 1.6021e+04 -4.5509e+03 6.5776e+03
-3.2020e+06 1.6832e+02 -4.5645e+03 1.6032e+04 -1.0052e+04 1.0163e+04
-2.9154e+06 1.8154e+02 -4.5522e+03 1.6043e+04 -1.6941e+04 1.4998e+04
-2.8648e+06 2.0331e+02 -4.5396e+03 1.6054e+04 -1.6315e+04 1.4654e+04
-2.6620e+06 2.2952e+02 -4.5052e+03 1.6032e+04 -6.2776e+03 7.8319e+03
-3.1712e+06 2.4399e+02 -4.4524e+03 1.5984e+04 -2.1704e+02 3.3158e+03
-1.8610e+06 2.4347e+02 -4.3991e+03 1.5936e+04 1.4293e+04 3.0222e+03
-4.5986e+06 2.3124e+02 -4.3453e+03 1.5887e+04 1.2057e+04 6.4731e+03
3.8921e+06 1.8934e+02 -4.2910e+03 1.5838e+04 1.9662e+04 1.7341e+04
2.1471e+06 1.1406e+02 -4.2289e+03 1.5810e+04 2.6576e+05 3.2499e+04
-1.2759e+07 3.4145e+01 -1.4862e+03 1.3994e+04 6.6293e+05 2.1457e+04
-7.9361e+06 -5.6041e+00 3.0670e+03 1.0936e+04 8.4225e+05 -2.5238e+03
-2.5869e+06 1.2195e+01 7.6413e+03 7.8478e+03 8.5122e+05 -9.7904e+03
-1.0589e+07 5.7491e+01 1.2250e+04 4.7508e+03 8.3425e+05 -8.1054e+03
-1.1402e+07 1.0003e+02 1.6907e+04 1.6667e+03 5.8681e+05 -1.2259e+03
4.5774e+06 1.3261e+02 1.9206e+04 1.8870e+02 1.6015e+05 1.2446e+04
1.0597e+06 1.5427e+02 1.9244e+04 2.1757e+02 -5.3924e+04 2.4954e+04
-4.8949e+06 1.5932e+02 1.9282e+04 2.4554e+02 -4.7580e+04 1.7868e+04
-3.6004e+06 1.5149e+02 1.9320e+04 2.7258e+02 -1.8441e+04 1.1978e+04
-4.6143e+06 1.4044e+02 1.9358e+04 2.9869e+02 -3.7224e+03 1.4364e+04
-2.6031e+06 1.3148e+02 1.9395e+04 3.2383e+02 -6.0174e+02 1.3723e+04
-3.4912e+06 1.2521e+02 1.9432e+04 3.4798e+02 -5.2820e+02 1.3737e+04
-3.1249e+06 1.1970e+02 1.9468e+04 3.7111e+02 -8.2024e+01 1.3586e+04
-3.3187e+06 1.1447e+02 1.9505e+04 3.9322e+02 -1.7997e+02 1.3460e+04
-3.2702e+06 1.0944e+02 1.9540e+04 4.1426e+02 -2.6464e+01 1.3244e+04
-3.3246e+06 1.0480e+02 1.9576e+04 4.3423e+02 -3.9693e+01 1.3065e+04
-3.3604e+06 1.0069e+02 1.9611e+04 4.5309e+02 5.0894e+00 1.2846e+04
-3.3573e+06 9.7173e+01 1.9646e+04 4.7083e+02 -1.0757e+01 1.2632e+04
-3.4279e+06 9.4253e+01 1.9680e+04 4.8743e+02 -7.4463e+00 1.2403e+04
-3.2315e+06 1.3045e+02 -4.6350e+03 1.5987e+04 -3.2504e+02 5.0073e+03
-3.1776e+06 1.3619e+02 -4.6236e+03 1.5998e+04 -6.0427e+02 5.0228e+03
-3.1643e+06 1.4319e+02 -4.6120e+03 1.6009e+04 -1.2829e+03 4.9232e+03
-3.0863e+06 1.5118e+02 -4.6003e+03 1.6020e+04 -3.0131e+03 5.4313e+03
-3.1542e+06 1.6054e+02 -4.5884e+03 1.6031e+04 -5.5285e+03 6.7336e+03
-3.2587e+06 1.7068e+02 -4.5763e+03 1.6042e+04 -1.1880e+04 9.5811e+03
-2.8706e+06 1.8444e+02 -4.5641e+03 1.6053e+04 -1.7724e+04 1.2366e+04
-2.8509e+06 2.0575e+02 -4.5516e+03 1.6063e+04 -1.6406e+04 1.0932e+04
-2.5779e+06 2.3075e+02 -4.5200e+03 1.6046e+04 -6.3065e+03 6.4053e+03
-3.3382e+06 2.4580e+02 -4.4674e+03 1.5997e+04 -5.1642e+02 4.3122e+03
-1.4742e+06 2.5067e+02 -4.4142e+03 1.5948e+04 1.6578e+04 5.2704e+03
-5.4101e+06 2.4191e+02 -4.3604e+03 1.5899e+04 5.4530e+03 8.9315e+03
7.7840e+06 1.9465e+02 -4.3062e+03 1.5849e+04 3.0667e+04 1.0536e+04
-1.2568e+06 1.1664e+02 -4.2117e+03 1.5815e+04 3.5022e+05 3.1758e+04
-1.4494e+07 4.2530e+01 -3.9335e+02 1.3269e+04 7.4317e+05 2.5850e+04
-5.9193e+06 6.1325e+00 4.1676e+03 1.0204e+04 8.4550e+05 -5.8042e+03
-2.4206e+06 1.6732e+01 8.7509e+03 7.1103e+03 8.5234e+05 -7.6143e+03
-1.3966e+07 4.9480e+01 1.3375e+04 4.0173e+03 8.2141e+05 -1.4677e+03
-7.3383e+06 8.3784e+01 1.8040e+04 9.3796e+02 4.8257e+05 -1.2586e+04
7.6851e+06 1.2070e+02 1.9172e+04 2.3418e+02 6.6299e+04 -3.3120e+03
-3.7311e+06 1.4959e+02 1.9211e+04 2.6317e+02 -5.5272e+04 2.1632e+04
-3.9393e+06 1.5378e+02 1.9250e+04 2.9125e+02 -2.4624e+04 1.8283e+04
-3.9516e+06 1.4492e+02 1.9288e+04 3.1840e+02 -7.4929e+03 1.4316e+04
-2.7085e+06 1.3625e+02 1.9326e+04 3.4460e+02 -8.2001e+02 1.4077e+04
-3.3402e+06 1.2940e+02 1.9364e+04 3.6983e+02 -6.1491e+02 1.4019e+04
-3.1536e+06 1.2391e+02 1.9401e+04 3.9406e+02 -1.8098e+02 1.3931e+04
-3.2397e+06 1.1894e+02 1.9438e+04 4.1727e+02 -1.0218e+02 1.3756e+04
-3.2356e+06 1.1401e+02 1.9475e+04 4.3943e+02 -2.3858e+01 1.3596e+04
-3.2570e+06 1.0906e+02 1.9511e+04 4.6053e+02 -2.6089e+01 1.3400e+04
-3.3057e+06 1.0457e+02 1.9548e+04 4.8053e+02 1.2151e+01 1.3220e+04
-3.3088e+06 1.0071e+02 1.9583e+04 4.9942e+02 1.3621e+01 1.3015e+04
-3.3901e+06 9.7277e+01 1.9619e+04 5.1718e+02 3.0281e+00 1.2789e+04
-3.3640e+06 9.4242e+01 1.9653e+04 5.3378e+02 -3.6890e+00 1.2577e+04
-3.2158e+06 1.3220e+02 -4.6463e+03 1.5998e+04 -3.6421e+02 4.9505e+03
-3.1718e+06 1.3800e+02 -4.6350e+03 1.6009e+04 -6.6603e+02 5.1665e+03
-3.1684e+06 1.4486e+02 -4.6236e+03 1.6019e+04 -1.4344e+03 5.2246e+03
-3.0738e+06 1.5313e+02 -4.6119e+03 1.6030e+04 -3.5744e+03 6.0905e+03
-3.1028e+06 1.6322e+02 -4.6001e+03 1.6041e+04 -6.5171e+03 7.6034e+03
-3.2695e+06 1.7369e+02 -4.5881e+03 1.6051e+04 -1.2617e+04 9.4075e+03
-2.9795e+06 1.8666e+02 -4.5759e+03 1.6062e+04 -1.7606e+04 1.0005e+04
-2.8929e+06 2.0616e+02 -4.5636e+03 1.6072e+04 -1.5896e+04 8.1854e+03
-2.6787e+06 2.3142e+02 -4.5350e+03 1.6059e+04 -4.8499e+03 5.1429e+03
-3.3580e+06 2.5099e+02 -4.4825e+03 1.6010e+04 1.4314e+03 3.7141e+03
-1.8608e+06 2.6232e+02 -4.4293e+03 1.5960e+04 1.2753e+04 4.0516e+03
-4.4929e+06 2.5565e+02 -4.3756e+03 1.5911e+04 2.0576e+03 2.8624e+03
8.5352e+06 2.0645e+02 -4.3214e+03 1.5861e+04 7.8145e+04 -1.9275e+04
-5.3031e+06 1.3263e+02 -3.8417e+03 1.5581e+04 4.4994e+05 -1.2370e+04
-1.4759e+07 6.9786e+01 7.0452e+02 1.2540e+04 8.0444e+05 1.7761e+03
-3.6048e+06 3.8602e+01 5.2731e+03 9.4692e+03 8.4805e+05 -1.2143e+04
-2.2557e+06 3.7270e+01 9.8669e+03 6.3730e+03 8.4836e+05 -8.2233e+03
-1.7965e+07 4.7312e+01 1.4507e+04 3.2845e+03 7.6913e+05 2.0532e+04
-1.2445e+06 7.4685e+01 1.9098e+04 2.5082e+02 3.5801e+05 1.5413e+04
9.3860e+06 1.2189e+02 1.9138e+04 2.8082e+02 -5.1488e+03 2.4239e+03
-8.4264e+06 1.5001e+02 1.9177e+04 3.0993e+02 -4.0481e+04 1.6950e+04
-1.1734e+06 1.4736e+02 1.9216e+04 3.3813e+02 -5.5354e+03 1.5274e+04
-4.4158e+06 1.3916e+02 1.9255e+04 3.6539e+02 -3.0023e+03 1.4701e+04
-2.5337e+06 1.3271e+02 1.9294e+04 3.9170e+02 -4.8790e+02 1.4517e+04
-3.5716e+06 1.2685e+02 1.9332e+04 4.1702e+02 -7.6666e+02 1.4324e+04
-2.9680e+06 1.2187e+02 1.9370e+04 4.4133e+02 -6.4664e+01 1.4205e+04
-3.3490e+06 1.1746e+02 1.9407e+04 4.6461e+02 -2.1901e+02 1.4001e+04
-3.1427e+06 1.1288e+02 1.9445e+04 4.8684e+02 -4.2651e+01 1.3788e+04
-3.3238e+06 1.0808e+02 1.9482e+04 5.0799e+02 -7.2547e+01 1.3591e+04
-3.2470e+06 1.0388e+02 1.9518e+04 5.2804e+02 -4.1442e+00 1.3392e+04
-3.3868e+06 1.0044e+02 1.9555e+04 5.4697e+02 -1.2231e+01 1.3187e+04
-3.3183e+06 9.7262e+01 1.9591e+04 5.6475e+02 2.9319e+00 1.2946e+04
-3.4086e+06 9.4204e+01 1.9626e+04 5.8135e+02 4.9501e+00 1.2736e+04
-3.1858e+06 1.3532e+02 -4.6576e+03 1.6008e+04 -4.8447e+02 4.8694e+03
-3.1635e+06 1.4148e+02 -4.6464e+03 1.6019e+04 -8.5762e+02 5.1725e+03
-3.1317e+06 1.4848e+02 -4.6350e+03 1.6029e+04 -1.9191e+03 5.5030e+03
-3.0333e+06 1.5713e+02 -4.6235e+03 1.6040e+04 -4.2726e+03 6.4922e+03
-3.0032e+06 1.6742e+02 -4.6118e+03 1.6050e+04 -7.6101e+03 7.9745e+03
-3.1829e+06 1.7776e+02 -4.5999e+03 1.6060e+04 -1.2678e+04 9.6373e+03
-3.0878e+06 1.8929e+02 -4.5878e+03 1.6070e+04 -1.7007e+04 1.0159e+04
-2.8302e+06 2.0682e+02 -4.5756e+03 1.6081e+04 -1.4606e+04 8.6679e+03
-2.7948e+06 2.3238e+02 -4.5501e+03 1.6071e+04 -2.5809e+03 5.3083e+03
-2.7971e+06 2.5689e+02 -4.4976e+03 1.6022e+04 6.2883e+03 3.4472e+03
-2.4704e+06 2.7280e+02 -4.4445e+03 1.5972e+04 7.0031e+03 3.5014e+03
-1.4786e+06 2.6424e+02 -4.3908e+03 1.5922e+04 7.6978e+03 3.1214e+03
5.7355e+06 2.1410e+02 -4.2355e+03 1.5818e+04 1.6172e+05 -1.9096e+04
-8.4066e+06 1.4649e+02 -2.7461e+03 1.4855e+04 5.5192e+05 -2.7152e+04
-1.1982e+07 9.4285e+01 1.8072e+03 1.1809e+04 8.3162e+05 -1.3266e+04
-3.1377e+06 6.5545e+01 6.3833e+03 8.7317e+03 8.4668e+05 -1.2044e+04
-4.3838e+06 4.6428e+01 1.0989e+04 5.6362e+03 8.3516e+05 -5.6211e+03
-1.5770e+07 3.9272e+01 1.5619e+04 2.5546e+03 6.7664e+05 3.2301e+04
3.2488e+06 7.5237e+01 1.9063e+04 2.9848e+02 2.4795e+05 3.7793e+04
6.0875e+06 1.3019e+02 1.9103e+04 3.2862e+02 -2.6593e+04 1.4766e+04
-8.8022e+06 1.4928e+02 1.9143e+04 3.5787e+02 -2.1188e+04 1.6374e+04
-2.5704e+04 1.4224e+02 1.9182e+04 3.8619e+02 -5.8366e+02 1.4756e+04
-4.6977e+06 1.3537e+02 1.9222e+04 4.1357e+02 -2.4755e+03 1.4899e+04
-2.2878e+06 1.2951e+02 1.9261e+04 4.3998e+02 -9.4669e+01 1.4690e+04
-3.6499e+06 1.2406e+02 1.9299e+04 4.6540e+02 -6.6769e+02 1.4562e+04
-2.9637e+06 1.1941e+02 1.9338e+04 4.8981e+02 -3.2222e+01 1.4378e+04
-3.3573e+06 1.1532e+02 1.9376e+04 5.1317e+02 -2.0917e+02 1.4182e+04
-3.1831e+06 1.1097e+02 1.9414e+04 5.3547e+02 -4.2488e+01 1.3964e+04
-3.3135e+06 1.0648e+02 1.9451e+04 5.5668e+02 -6.4215e+01 1.3766e+04
-3.3000e+06 1.0278e+02 1.9489e+04 5.7678e+02 2.7524e+00 1.3556e+04
-3.3229e+06 9.9943e+01 1.9525e+04 5.9574e+02 -6.3590e+00 1.3348e+04
-3.3504e+06 9.7182e+01 1.9562e+04 6.1354e+02 6.6838e+00 1.3111e+04
-3.3566e+06 9.4249e+01 1.9598e+04 6.3016e+02 7.9026e+00 1.2900e+04
-3.1497e+06 1.3875e+02 -4.6689e+03 1.6018e+04 -6.4026e+02 4.6924e+03
-3.1781e+06 1.4523e+02 -4.6578e+03 1.6028e+04 -1.1352e+03 4.9878e+03
-3.0297e+06 1.5241e+02 -4.6465e+03 1.6039e+04 -2.6019e+03 5.2620e+03
-2.9651e+06 1.6116e+02 -4.6351e+03 1.6049e+04 -4.8712e+03 5.7223e+03
-3.0475e+06 1.7103e+02 -4.6235e+03 1.6059e+04 -8.6167e+03 6.3602e+03
-3.0470e+06 1.8091e+02 -4.6117e+03 1.6069e+04 -1.3024e+04 7.5919e+03
-3.1644e+06 1.9138e+02 -4.5997e+03 1.6079e+04 -1.7282e+04 9.1420e+03
-2.6909e+06 2.0871e+02 -4.5875e+03 1.6088e+04 -1.2585e+04 8.7014e+03
-3.1574e+06 2.3520e+02 -4.5651e+03 1.6083e+04 1.6044e+03 3.3974e+03
-2.4013e+06 2.6297e+02 -4.5126e+03 1.6033e+04 1.6903e+04 -1.9084e+03
-4.3234e+06 2.7995e+02 -4.4596e+03 1.5983e+04 8.9703e+03 -7.8015e+03
2.2973e+06 2.6262e+02 -4.4060e+03 1.5933e+04 1.9226e+04 -6.3485e+03
2.2510e+06 2.0493e+02 -4.2180e+03 1.5822e+04 2.5390e+05 2.8196e+03
-1.0877e+07 1.3849e+02 -1.6456e+03 1.4126e+04 6.4906e+05 -3.7567e+03
-9.0124e+06 9.3332e+01 2.9146e+03 1.1074e+04 8.4114e+05 -1.3730e+04
-1.6861e+06 6.2039e+01 7.4979e+03 7.9919e+03 8.4646e+05 -1.0944e+04
-8.7000e+06 2.8251e+01 1.2107e+04 4.9010e+03 8.2002e+05 -3.8273e+03
-1.1532e+07 2.8815e+01 1.6731e+04 1.8266e+03 5.6892e+05 1.0646e+04
5.2544e+06 8.6286e+01 1.9026e+04 3.4733e+02 1.5973e+05 1.5904e+04
-2.1249e+05 1.3842e+02 1.9067e+04 3.7761e+02 -2.2373e+04 1.4347e+04
-5.9654e+06 1.4688e+02 1.9107e+04 4.0699e+02 -9.3033e+03 1.5947e+04
-1.6703e+06 1.3908e+02 1.9147e+04 4.3545e+02 -1.1079e+03 1.4812e+04
-3.9700e+06 1.3253e+02 1.9187e+04 4.6295e+02 -1.4597e+03 1.5143e+04
-2.7460e+06 1.2662e+02 1.9227e+04 4.8948e+02 -2.2835e+02 1.4866e+04
-3.4314e+06 1.2147e+02 1.9266e+04 5.1500e+02 -3.8248e+02 1.4766e+04
-3.0641e+06 1.1711e+02 1.9305e+04 5.3950e+02 -3.0200e+01 1.4543e+04
-3.3054e+06 1.1319e+02 1.9344e+04 5.6295e+02 -1.2619e+02 1.4352e+04
-3.1820e+06 1.0906e+02 1.9382e+04 5.8532e+02 -2.9651e+01 1.4129e+04
-3.2969e+06 1.0500e+02 1.9420e+04 6.0660e+02 -2.6672e+01 1.3936e+04
-3.2520e+06 1.0187e+02 1.9458e+04 6.2675e+02 6.6123e+00 1.3723e+04
-3.3374e+06 9.9498e+01 1.9496e+04 6.4576e+02 -3.2382e+00 1.3512e+04
-3.3064e+06 9.7043e+01 1.9533e+04 6.6359e+02 6.0463e+00 1.3274e+04
-3.3454e+06 9.4275e+01 1.9569e+04 6.8023e+02 6.9233e+00 1.3063e+04
-3.1227e+06 1.4109e+02 -4.6801e+03 1.6028e+04 -7.3582e+02 4.3537e+03
-3.2065e+06 1.4762e+02 -4.6691e+03 1.6038e+04 -1.3126e+03 4.5042e+03
-2.9406e+06 1.5480e+02 -4.6580e+03 1.6048e+04 -2.9981e+03 4.4491e+03
-2.9271e+06 1.6322e+02 -4.6466e+03 1.6057e+04 -4.6757e+03 4.0228e+03
-3.0443e+06 1.7214e+02 -4.6351e+03 1.6067e+04 -8.5638e+03 3.8244e+03
-2.9925e+06 1.8156e+02 -4.6234e+03 1.6077e+04 -1.3393e+04 5.4022e+03
-3.1545e+06 1.9219e+02 -4.6115e+03 1.6086e+04 -1.8261e+04 8.9434e+03
-2.5906e+06 2.1185e+02 -4.5995e+03 1.6096e+04 -9.7928e+03 9.7006e+03
-3.6089e+06 2.4031e+02 -4.5410e+03 1.6073e+04 5.7261e+03 3.5638e+03
-1.7618e+06 2.6855e+02 -4.4389e+03 1.6020e+04 2.3999e+04 -2.3016e+03
-5.9201e+06 2.8167e+02 -4.3359e+03 1.5967e+04 9.0382e+03 -1.0576e+04
6.9602e+06 2.5037e+02 -4.2412e+03 1.5819e+04 3.2546e+04 -1.3477e+04
-6.6980e+05 1.8045e+02 -4.2004e+03 1.5826e+04 3.4486e+05 1.4777e+04
-1.4011e+07 1.1260e+02 -5.4048e+02 1.3395e+04 7.4228e+05 1.2873e+04
-6.7254e+06 7.3351e+01 4.0264e+03 1.0338e+04 8.4768e+05 -1.3828e+04
2.8103e+05 3.8215e+01 8.6175e+03 7.2512e+03 8.4534e+05 -1.0712e+04
-1.6617e+07 4.0751e+00 1.3210e+04 4.1687e+03 8.0256e+05 -5.4561e+03
-7.5244e+06 3.2174e+01 1.7849e+04 1.1002e+03 4.6159e+05 -1.7521e+04
7.4055e+06 1.0464e+02 1.8989e+04 3.9736e+02 8.1056e+04 -7.5396e+03
-6.6762e+06 1.4366e+02 1.9030e+04 4.2780e+02 -1.6576e+04 1.6144e+04
-1.6423e+06 1.4429e+02 1.9071e+04 4.5732e+02 -2.8680e+03 1.5571e+04
-3.8621e+06 1.3705e+02 1.9112e+04 4.8592e+02 -2.0737e+03 1.5046e+04
-2.7588e+06 1.3054e+02 1.9152e+04 5.1355e+02 -3.8464e+02 1.5302e+04
-3.3828e+06 1.2459e+02 1.9193e+04 5.4019e+02 -4.7214e+02 1.5045e+04
-3.0789e+06 1.1967e+02 1.9232e+04 5.6583e+02 -5.9231e+01 1.4932e+04
-3.2688e+06 1.1564e+02 1.9272e+04 5.9043e+02 -1.2096e+02 1.4695e+04
-3.1788e+06 1.1189e+02 1.9311e+04 6.1397e+02 -3.6383e+01 1.4506e+04
-3.2559e+06 1.0800e+02 1.9350e+04 6.3642e+02 -4.9716e+01 1.4288e+04
-3.2251e+06 1.0438e+02 1.9389e+04 6.5777e+02 -5.1651e+00 1.4104e+04
-3.3058e+06 1.0159e+02 1.9427e+04 6.7798e+02 -8.2046e+00 1.3888e+04
-3.2646e+06 9.9303e+01 1.9465e+04 6.9703e+02 2.0504e+00 1.3678e+04
-3.3079e+06 9.6852e+01 1.9503e+04 7.1490e+02 1.6460e+00 1.3439e+04
-3.3092e+06 9.4140e+01 1.9540e+04 7.3157e+02 3.6075e+00 1.3227e+04
-3.1177e+06 1.4175e+02 -4.6913e+03 1.6037e+04 -7.0615e+02 3.9919e+03
-3.2182e+06 1.4824e+02 -4.6804e+03 1.6046e+04 -1.2895e+03 4.0466e+03
-2.9166e+06 1.5548e+02 -4.6694e+03 1.6056e+04 -2.8327e+03 3.7938e+03
-2.8784e+06 1.6349e+02 -4.6581e+03 1.6065e+04 -3.7741e+03 3.1395e+03
-3.0179e+06 1.7178e+02 -4.6467e+03 1.6075e+04 -7.6044e+03 3.5516e+03
-2.9448e+06 1.8157e+02 -4.6351e+03 1.6084e+04 -1.3710e+04 7.1900e+03
-3.0796e+06 1.9437e+02 -4.6233e+03 1.6093e+04 -1.8468e+04 1.2033e+04
-2.5749e+06 2.1767e+02 -4.6114e+03 1.6102e+04 -6.8081e+03 1.1471e+04
-3.6388e+06 2.4759e+02 -4.5271e+03 1.6061e+04 8.4877e+03 5.3867e+03
-1.4104e+06 2.7353e+02 -4.4249e+03 1.6008e+04 2.1707e+04 2.3408e+03
-5.1811e+06 2.7953e+02 -4.3218e+03 1.5954e+04 6.1425e+03 -2.6271e+03
9.1961e+06 2.3755e+02 -4.2408e+03 1.5824e+04 7.3799e+04 -2.3103e+04
-4.7062e+06 1.6229e+02 -3.9800e+03 1.5692e+04 4.4640e+05 -1.0528e+04
-1.5226e+07 9.7554e+01 5.6908e+02 1.2660e+04 8.1243e+05 1.8183e+03
-4.7424e+06 6.4704e+01 5.1425e+03 9.5988e+03 8.5005e+05 -1.3917e+04
2.0798e+05 3.0626e+01 9.7160e+03 6.5137e+03 8.4023e+05 -1.2875e+04
-2.1128e+07 4.1363e+00 1.4318e+04 3.4378e+03 7.5800e+05 5.9675e+03
-1.8062e+06 4.9846e+01 1.8910e+04 4.1711e+02 3.5352e+05 -4.6613e+03
9.8455e+06 1.2125e+02 1.8952e+04 4.4860e+02 1.9733e+04 -8.1904e+03
-1.0757e+07 1.4638e+02 1.8993e+04 4.7919e+02 -1.2908e+04 1.5576e+04
1.0018e+06 1.4269e+02 1.9035e+04 5.0887e+02 -3.6153e+01 1.5227e+04
-5.3600e+06 1.3623e+02 1.9076e+04 5.3761e+02 -2.5053e+03 1.5179e+04
-1.9721e+06 1.2986e+02 1.9117e+04 5.6537e+02 2.7876e+02 1.5268e+04
-3.8850e+06 1.2379e+02 1.9157e+04 5.9214e+02 -5.7259e+02 1.5209e+04
-2.8050e+06 1.1892e+02 1.9198e+04 6.1790e+02 1.4497e+02 1.5074e+04
-3.4160e+06 1.1504e+02 1.9238e+04 6.4260e+02 -1.7767e+02 1.4863e+04
-3.0688e+06 1.1136e+02 1.9278e+04 6.6624e+02 1.3974e+01 1.4667e+04
-3.2831e+06 1.0764e+02 1.9317e+04 6.8879e+02 -6.3216e+01 1.4461e+04
-3.1851e+06 1.0432e+02 1.9356e+04 7.1021e+02 7.7242e+00 1.4268e+04
-3.2523e+06 1.0162e+02 1.9395e+04 7.3048e+02 -7.2212e+00 1.4055e+04
-3.2406e+06 9.9173e+01 1.9434e+04 7.4959e+02 5.6042e+00 1.3843e+04
-3.2846e+06 9.6564e+01 1.9472e+04 7.6750e+02 -1.7595e+00 1.3604e+04
-3.2693e+06 9.3790e+01 1.9510e+04 7.8419e+02 6.1030e+00 1.3391e+04
-3.1089e+06 1.4148e+02 -4.7025e+03 1.6045e+04 -6.4150e+02 3.7897e+03
-3.2341e+06 1.4825e+02 -4.6917e+03 1.6055e+04 -1.2675e+03 3.9209e+03
-2.9060e+06 1.5589e+02 -4.6808e+03 1.6064e+04 -2.5112e+03 3.7395e+03
-2.9263e+06 1.6398e+02 -4.6696e+03 1.6073e+04 -3.3817e+03 3.7064e+03
-2.9691e+06 1.7281e+02 -4.6583e+03 1.6082e+04 -7.3996e+03 5.9042e+03
-2.9284e+06 1.8441e+02 -4.6468e+03 1.6091e+04 -1.4519e+04 1.1559e+04
-2.8393e+06 2.0146e+02 -4.6352e+03 1.6100e+04 -1.6369e+04 1.4571e+04
-2.8658e+06 2.2754e+02 -4.6143e+03 1.6102e+04 -3.0916e+03 9.7211e+03
-3.1092e+06 2.5596e+02 -4.5131e+03 1.6049e+04 1.1655e+04 3.6261e+03
-2.6928e+06 2.7736e+02 -4.4108e+03 1.5996e+04 1.5464e+04 1.8920e+03
-2.0293e+06 2.7521e+02 -4.3076e+03 1.5942e+04 1.0332e+04 -2.3317e+03
6.4530e+06 2.2949e+02 -4.2230e+03 1.5827e+04 1.5338e+05 -2.5752e+04
-8.2448e+06 1.6022e+02 -2.8721e+03 1.4960e+04 5.4982e+05 -2.9862e+04
-1.2794e+07 1.0411e+02 1.6829e+03 1.1924e+04 8.4093e+05 -1.4705e+04
-3.1834e+06 7.7312e+01 6.2503e+03 8.8592e+03 8.4767e+05 -1.3967e+04
-3.4155e+06 4.7694e+01 1.0815e+04 5.7778e+03 8.2812e+05 -1.3317e+04
-1.6975e+07 2.4576e+01 1.5432e+04 2.7089e+03 6.7107e+05 9.2081e+03
2.1852e+06 6.9830e+01 1.8871e+04 4.6939e+02 2.5205e+05 1.2625e+04
6.3083e+06 1.3235e+02 1.8913e+04 5.0105e+02 -9.8225e+03 5.3481e+03
-9.0532e+06 1.4777e+02 1.8955e+04 5.3181e+02 -1.0107e+04 1.5692e+04
1.5035e+05 1.4192e+02 1.8997e+04 5.6165e+02 2.6132e+02 1.5180e+04
-4.7914e+06 1.3599e+02 1.9039e+04 5.9053e+02 -2.1613e+03 1.5449e+04
-2.2478e+06 1.2968e+02 1.9080e+04 6.1844e+02 2.8098e+02 1.5290e+04
-3.6533e+06 1.2351e+02 1.9122e+04 6.4534e+02 -4.2722e+02 1.5358e+04
-2.9086e+06 1.1857e+02 1.9163e+04 6.7122e+02 1.5296e+02 1.5217e+04
-3.3432e+06 1.1463e+02 1.9203e+04 6.9604e+02 -1.7272e+02 1.5037e+04
-3.1011e+06 1.1086e+02 1.9244e+04 7.1979e+02 -1.4349e+00 1.4835e+04
-3.2413e+06 1.0723e+02 1.9284e+04 7.4242e+02 -5.6136e+01 1.4638e+04
-3.1490e+06 1.0412e+02 1.9323e+04 7.6393e+02 8.1306e+00 1.4437e+04
-3.2223e+06 1.0148e+02 1.9363e+04 7.8427e+02 -8.9875e+00 1.4222e+04
-3.2149e+06 9.8914e+01 1.9402e+04 8.0344e+02 1.2040e+00 1.4009e+04
-3.2389e+06 9.6153e+01 1.9441e+04 8.2140e+02 1.0840e+00 1.3769e+04
-3.2498e+06 9.3256e+01 1.9479e+04 8.3812e+02 6.0750e+00 1.3555e+04
-3.1431e+06 1.4191e+02 -4.7136e+03 1.6053e+04 -6.4867e+02 3.8324e+03
-3.1692e+06 1.4937e+02 -4.7030e+03 1.6062e+04 -1.4122e+03 4.1852e+03
-3.0170e+06 1.5779e+02 -4.6921e+03 1.6071e+04 -2.4353e+03 4.2793e+03
-2.9286e+06 1.6663e+02 -4.6811e+03 1.6080e+04 -4.0648e+03 5.2115e+03
-2.9615e+06 1.7731e+02 -4.6699e+03 1.6089e+04 -8.5015e+03 8.6977e+03
-2.8908e+06 1.9196e+02 -4.6585e+03 1.6097e+04 -1.5109e+04 1.3867e+04
-2.6841e+06 2.1351e+02 -4.6469e+03 1.6106e+04 -1.1777e+04 1.3201e+04
-3.1264e+06 2.3919e+02 -4.6002e+03 1.6090e+04 4.1660e+02 6.1928e+03
-2.4043e+06 2.6190e+02 -4.4989e+03 1.6037e+04 1.2004e+04 2.0728e+03
-4.0266e+06 2.7741e+02 -4.3966e+03 1.5983e+04 5.0749e+03 1.4292e+03
1.9860e+06 2.6699e+02 -4.2933e+03 1.5928e+04 1.6396e+04 -1.4197e+03
2.7912e+06 2.1939e+02 -4.2018e+03 1.5828e+04 2.4377e+05 -2.6617e+03
-1.0707e+07 1.5808e+02 -1.7600e+03 1.4225e+04 6.4227e+05 -8.2180e+03
-9.2534e+06 1.1031e+02 2.8007e+03 1.1186e+04 8.4366e+05 -1.5101e+04
-1.9095e+06 8.5597e+01 7.3426e+03 8.1196e+03 8.4523e+05 -1.3097e+04
-8.4909e+06 5.7033e+01 1.1920e+04 5.0436e+03 8.1515e+05 -9.9328e+03
-1.1048e+07 4.0687e+01 1.6550e+04 1.9822e+03 5.6413e+05 -8.2574e+03
4.6931e+06 8.7484e+01 1.8831e+04 5.2290e+02 1.5888e+05 -3.3749e+03
1.2127e+04 1.3991e+02 1.8874e+04 5.5474e+02 -1.7834e+04 9.3264e+03
-5.9063e+06 1.4738e+02 1.8917e+04 5.8567e+02 -6.4162e+03 1.6393e+04
-1.5059e+06 1.4057e+02 1.8959e+04 6.1567e+02 -9.0710e+02 1.5592e+04
-3.9086e+06 1.3461e+02 1.9001e+04 6.4471e+02 -1.4573e+03 1.5870e+04
-2.6503e+06 1.2832e+02 1.9043e+04 6.7276e+02 -1.4328e+02 1.5569e+04
-3.3898e+06 1.2233e+02 1.9085e+04 6.9981e+02 -2.6184e+02 1.5566e+04
-2.9997e+06 1.1752e+02 1.9127e+04 7.2581e+02 2.4750e+01 1.5389e+04
-3.2499e+06 1.1359e+02 1.9168e+04 7.5076e+02 -1.1825e+02 1.5214e+04
-3.1089e+06 1.0990e+02 1.9209e+04 7.7461e+02 -2.9103e+01 1.5004e+04
-3.1756e+06 1.0653e+02 1.9249e+04 7.9735e+02 -3.3824e+01 1.4811e+04
-3.1374e+06 1.0372e+02 1.9290e+04 8.1894e+02 -4.7123e-01 1.4607e+04
-3.1781e+06 1.0120e+02 1.9330e+04 8.3937e+02 -8.3853e+00 1.4389e+04
-3.1756e+06 9.8545e+01 1.9369e+04 8.5860e+02 8.9289e-01 1.4175e+04
-3.2122e+06 9.5616e+01 1.9409e+04 8.7661e+02 1.9774e+00 1.3936e+04
-3.2171e+06 9.2584e+01 1.9448e+04 8.9337e+02 4.8752e+00 1.3722e+04
-3.1192e+06 1.4422e+02 -4.7248e+03 1.6061e+04 -8.3476e+02 4.0827e+03
-3.1454e+06 1.5244e+02 -4.7142e+03 1.6069e+04 -1.9672e+03 4.7279e+03
-3.0281e+06 1.6161e+02 -4.7035e+03 1.6078e+04 -3.0085e+03 5.2105e+03
-2.9371e+06 1.7155e+02 -4.6925e+03 1.6087e+04 -5.4310e+03 6.6364e+03
-2.9457e+06 1.8487e+02 -4.6814e+03 1.6095e+04 -9.5383e+03 9.7109e+03
-2.8492e+06 2.0283e+02 -4.6702e+03 1.6103e+04 -1.3915e+04 1.2111e+04
-2.5373e+06 2.2674e+02 -4.6587e+03 1.6111e+04 -6.0477e+03 9.2089e+03
-3.4404e+06 2.4874e+02 -4.5860e+03 1.6077e+04 1.3267e+03 3.7802e+03
-1.6564e+06 2.6393e+02 -4.4847e+03 1.6023e+04 6.5288e+03 1.5797e+03
-5.3563e+06 2.7310e+02 -4.3823e+03 1.5969e+04 -9.0590e+03 1.2812e+03
6.6626e+06 2.5427e+02 -4.2789e+03 1.5914e+04 2.5377e+04 -1.3113e+03
-6.3886e+05 2.0431e+02 -4.1654e+03 1.5829e+04 3.3690e+05 1.7060e+04
-1.3525e+07 1.4767e+02 -6.4006e+02 1.3488e+04 7.3193e+05 1.1314e+04
-6.7521e+06 1.0395e+02 3.8929e+03 1.0448e+04 8.4420e+05 -1.5269e+04
-2.5004e+05 7.2757e+01 8.4389e+03 7.3796e+03 8.4249e+05 -1.1795e+04
-1.5415e+07 4.1064e+01 1.3029e+04 4.3115e+03 7.9745e+05 -5.4111e+03
-5.8560e+06 4.5817e+01 1.7673e+04 1.2582e+03 4.5412e+05 -2.2363e+04
7.7912e+06 1.0422e+02 1.8791e+04 5.7763e+02 7.2907e+04 -1.5677e+04
-6.0082e+06 1.4496e+02 1.8834e+04 6.0966e+02 -1.9150e+04 1.4033e+04
-1.6766e+06 1.4510e+02 1.8877e+04 6.4077e+02 -2.3970e+03 1.6689e+04
-3.7467e+06 1.3788e+02 1.8920e+04 6.7094e+02 -2.2642e+03 1.5977e+04
-2.6721e+06 1.3150e+02 1.8963e+04 7.0014e+02 -5.9930e+02 1.6206e+04
-3.2853e+06 1.2539e+02 1.9006e+04 7.2836e+02 -5.6084e+02 1.5881e+04
-2.9812e+06 1.1995e+02 1.9048e+04 7.5555e+02 -8.9157e+01 1.5789e+04
-3.1800e+06 1.1552e+02 1.9090e+04 7.8169e+02 -1.3437e+02 1.5577e+04
-3.0792e+06 1.1186e+02 1.9132e+04 8.0676e+02 -5.3511e+01 1.5399e+04
-3.1461e+06 1.0861e+02 1.9173e+04 8.3073e+02 -5.6471e+01 1.5181e+04
-3.1035e+06 1.0578e+02 1.9214e+04 8.5358e+02 -1.3331e+01 1.4984e+04
-3.1304e+06 1.0331e+02 1.9255e+04 8.7527e+02 -9.7833e+00 1.4776e+04
-3.1206e+06 1.0084e+02 1.9296e+04 8.9578e+02 -5.5344e+00 1.4556e+04
-3.1570e+06 9.8024e+01 1.9336e+04 9.1508e+02 -5.0327e+00 1.4342e+04
-3.1673e+06 9.4915e+01 1.9376e+04 9.3315e+02 1.9485e-01 1.4102e+04
-3.2020e+06 9.1806e+01 1.9415e+04 9.4996e+02 -2.6069e+00 1.3887e+04
-3.1131e+06 1.4814e+02 -4.7358e+03 1.6068e+04 -1.3374e+03 4.3614e+03
-3.0827e+06 1.5668e+02 -4.7254e+03 1.6076e+04 -2.9560e+03 5.0397e+03
-3.0272e+06 1.6609e+02 -4.7148e+03 1.6084e+04 -4.2545e+03 5.3509e+03
-2.9589e+06 1.7713e+02 -4.7040e+03 1.6092e+04 -6.6940e+03 6.3352e+03
-2.9468e+06 1.9273e+02 -4.6930e+03 1.6100e+04 -9.2998e+03 8.0568e+03
-2.7862e+06 2.1271e+02 -4.6818e+03 1.6108e+04 -1.0205e+04 7.7746e+03
-2.5763e+06 2.3615e+02 -4.6704e+03 1.6116e+04 -1.4803e+03 4.6993e+03
-3.4816e+06 2.5447e+02 -4.5717e+03 1.6064e+04 -9.0750e+01 2.1719e+03
-1.5140e+06 2.6546e+02 -4.4703e+03 1.6009e+04 -1.1070e+03 1.3606e+03
-5.1093e+06 2.6745e+02 -4.3679e+03 1.5955e+04 -1.6973e+04 1.0866e+03
9.1796e+06 2.3784e+02 -4.2644e+03 1.5900e+04 6.1188e+04 -1.9039e+04
-4.6467e+06 1.8433e+02 -4.0605e+03 1.5778e+04 4.3751e+05 -1.0156e+04
-1.4973e+07 1.3179e+02 4.6087e+02 1.2751e+04 8.0246e+05 1.4248e+03
-4.5709e+06 8.9679e+01 4.9863e+03 9.7093e+03 8.4370e+05 -1.5189e+04
-8.1118e+04 4.7923e+01 9.5401e+03 6.6414e+03 8.3310e+05 -1.0316e+04
-1.9893e+07 1.9073e+01 1.4144e+04 3.5819e+03 7.4749e+05 1.5030e+04
-4.5258e+04 5.2828e+01 1.8706e+04 6.0050e+02 3.4230e+05 2.6563e+03
9.2447e+06 1.1962e+02 1.8750e+04 6.3361e+02 9.7355e+03 -6.7054e+03
-1.0921e+07 1.4689e+02 1.8794e+04 6.6583e+02 -1.6899e+04 1.6481e+04
1.1492e+06 1.4193e+02 1.8837e+04 6.9713e+02 -2.2532e+02 1.6391e+04
-5.2566e+06 1.3457e+02 1.8881e+04 7.2748e+02 -2.8828e+03 1.6314e+04
-1.8463e+06 1.2793e+02 1.8924e+04 7.5685e+02 4.2253e+01 1.6325e+04
-3.7367e+06 1.2228e+02 1.8967e+04 7.8523e+02 -7.3105e+02 1.6125e+04
-2.7166e+06 1.1752e+02 1.9010e+04 8.1258e+02 5.9120e+01 1.5956e+04
-3.3066e+06 1.1347e+02 1.9052e+04 8.3886e+02 -2.1991e+02 1.5762e+04
-2.9683e+06 1.1014e+02 1.9095e+04 8.6407e+02 -4.8987e+00 1.5571e+04
-3.1668e+06 1.0745e+02 1.9137e+04 8.8817e+02 -7.0654e+01 1.5362e+04
-3.0355e+06 1.0516e+02 1.9178e+04 9.1112e+02 3.0103e+00 1.5155e+04
-3.1124e+06 1.0288e+02 1.9220e+04 9.3292e+02 -1.6080e+01 1.4945e+04
-3.0865e+06 1.0027e+02 1.9261e+04 9.5352e+02 -4.6380e+00 1.4723e+04
-3.1326e+06 9.7261e+01 1.9302e+04 9.7290e+02 -1.1038e+01 1.4510e+04
-3.1463e+06 9.4060e+01 1.9342e+04 9.9103e+02 -6.4260e+00 1.4270e+04
-3.1791e+06 9.0971e+01 1.9383e+04 1.0079e+03 -1.1122e+01 1.4054e+04
-3.1002e+06 1.5207e+02 -4.7469e+03 1.6074e+04 -1.9309e+03 4.2070e+03
-3.0398e+06 1.6046e+02 -4.7365e+03 1.6082e+04 -3.4067e+03 4.4609e+03
-2.9577e+06 1.6956e+02 -4.7260e+03 1.6090e+04 -4.7361e+03 4.1447e+03
-3.0146e+06 1.8142e+02 -4.7153e+03 1.6098e+04 -6.7489e+03 4.8238e+03
-2.9606e+06 1.9793e+02 -4.7045e+03 1.6105e+04 -7.9099e+03 5.8483e+03
-2.7535e+06 2.1804e+02 -4.6934e+03 1.6113e+04 -4.8223e+03 4.7711e+03
-2.8583e+06 2.3957e+02 -4.6578e+03 1.6104e+04 1.6322e+03 2.2244e+03
-2.9403e+06 2.5644e+02 -4.5573e+03 1.6049e+04 -9.8218e+02 1.0994e+03
-2.5914e+06 2.6694e+02 -4.4558e+03 1.5995e+04 -9.3387e+03 9.2282e+02
-2.0149e+06 2.6103e+02 -4.3534e+03 1.5940e+04 -1.4930e+04 8.5779e+02
6.7213e+06 2.2079e+02 -4.2498e+03 1.5885e+04 1.3280e+05 -2.4745e+04
-8.1502e+06 1.6391e+02 -2.9514e+03 1.5028e+04 5.3334e+05 -3.3725e+04
-1.2780e+07 1.1663e+02 1.5527e+03 1.2014e+04 8.2858e+05 -1.6641e+04
-2.8332e+06 7.8048e+01 6.0829e+03 8.9694e+03 8.3999e+05 -1.4286e+04
-3.7164e+06 3.1470e+01 1.0646e+04 5.9056e+03 8.1954e+05 -1.0612e+04
-1.6866e+07 1.3351e+01 1.5263e+04 2.8553e+03 6.5756e+05 1.9888e+04
2.3188e+06 6.7832e+01 1.8664e+04 6.5753e+02 2.4104e+05 2.6290e+04
5.9183e+06 1.3081e+02 1.8708e+04 6.9085e+02 -1.4012e+04 1.2638e+04
-8.9072e+06 1.4574e+02 1.8752e+04 7.2327e+02 -1.1581e+04 1.8115e+04
2.4258e+05 1.3890e+02 1.8797e+04 7.5476e+02 -3.4033e+02 1.6286e+04
-4.7528e+06 1.3179e+02 1.8840e+04 7.8530e+02 -2.2892e+03 1.6637e+04
-2.0948e+06 1.2538e+02 1.8884e+04 8.1485e+02 1.0515e+02 1.6414e+04
-3.5863e+06 1.2031e+02 1.8928e+04 8.4340e+02 -5.6984e+02 1.6340e+04
-2.7691e+06 1.1606e+02 1.8971e+04 8.7090e+02 4.7087e+01 1.6111e+04
-3.2540e+06 1.1223e+02 1.9014e+04 8.9735e+02 -1.8500e+02 1.5939e+04
-2.9687e+06 1.0907e+02 1.9057e+04 9.2270e+02 -2.0080e+00 1.5733e+04
-3.1294e+06 1.0672e+02 1.9100e+04 9.4692e+02 -5.3838e+01 1.5536e+04
-3.0291e+06 1.0468e+02 1.9142e+04 9.7000e+02 7.9105e-01 1.5325e+04
-3.0883e+06 1.0235e+02 1.9184e+04 9.9190e+02 -1.4114e+01 1.5115e+04
-3.0627e+06 9.9532e+01 1.9226e+04 1.0126e+03 -4.7775e+00 1.4891e+04
-3.1175e+06 9.6372e+01 1.9267e+04 1.0321e+03 -1.3971e+01 1.4678e+04
-3.1282e+06 9.3170e+01 1.9308e+04 1.0503e+03 -9.1666e+00 1.4437e+04
-3.1733e+06 9.0157e+01 1.9349e+04 1.0672e+03 -9.6595e+00 1.4220e+04
-3.1382e+06 1.5436e+02 -4.7579e+03 1.6080e+04 -2.2392e+03 3.5870e+03
-2.9779e+06 1.6241e+02 -4.7477e+03 1.6087e+04 -2.9400e+03 3.4880e+03
-2.8872e+06 1.7126e+02 -4.7372e+03 1.6095e+04 -4.1761e+03 3.2721e+03
-3.0667e+06 1.8378e+02 -4.7267e+03 1.6102e+04 -5.9884e+03 4.6901e+03
-2.9504e+06 2.0039e+02 -4.7159e+03 1.6110e+04 -5.9943e+03 5.8564e+03
-2.7085e+06 2.2016e+02 -4.7050e+03 1.6117e+04 1.5917e+03 4.8758e+03
-3.2120e+06 2.4050e+02 -4.6432e+03 1.6089e+04 6.7306e+03 2.2047e+03
-2.2258e+06 2.5787e+02 -4.5427e+03 1.6035e+04 3.4843e+03 6.7205e+02
-4.0912e+06 2.6831e+02 -4.4412e+03 1.5980e+04 -1.5598e+04 3.5502e+02
2.0304e+06 2.5407e+02 -4.3387e+03 1.5924e+04 -9.4205e+03 5.8698e+02
2.7476e+06 2.0724e+02 -4.2351e+03 1.5869e+04 2.1795e+05 -2.2909e+03
-1.0127e+07 1.5073e+02 -1.8606e+03 1.4292e+04 6.2066e+05 -1.1276e+04
-9.8691e+06 1.0877e+02 2.6476e+03 1.1275e+04 8.2773e+05 -1.6504e+04
-6.7468e+05 7.3070e+01 7.1824e+03 8.2289e+03 8.3552e+05 -1.3711e+04
-1.0184e+07 2.6778e+01 1.1756e+04 5.1725e+03 8.0642e+05 -1.2091e+04
-1.0201e+07 2.2604e+01 1.6386e+04 2.1320e+03 5.5041e+05 -6.8948e+03
4.0585e+06 8.6201e+01 1.8621e+04 7.1581e+02 1.5431e+05 6.4581e+03
-2.4579e+06 1.3713e+02 1.8665e+04 7.4934e+02 -1.2851e+04 1.6854e+04
-4.4220e+06 1.4315e+02 1.8710e+04 7.8197e+02 -5.8094e+03 1.7906e+04
-2.2667e+06 1.3667e+02 1.8755e+04 8.1367e+02 -1.4423e+03 1.6542e+04
-3.3900e+06 1.3001e+02 1.8799e+04 8.4440e+02 -1.0573e+03 1.6854e+04
-2.8335e+06 1.2409e+02 1.8844e+04 8.7414e+02 -1.9010e+02 1.6604e+04
-3.1582e+06 1.1945e+02 1.8888e+04 9.0287e+02 -2.5368e+02 1.6529e+04
-2.9980e+06 1.1547e+02 1.8932e+04 9.3055e+02 -6.4861e+01 1.6291e+04
-3.0889e+06 1.1171e+02 1.8975e+04 9.5715e+02 -9.5441e+01 1.6116e+04
-3.0419e+06 1.0860e+02 1.9019e+04 9.8265e+02 -3.2920e+01 1.5905e+04
-3.0573e+06 1.0638e+02 1.9062e+04 1.0070e+03 -3.1988e+01 1.5708e+04
-3.0415e+06 1.0442e+02 1.9105e+04 1.0302e+03 -9.1194e+00 1.5496e+04
-3.0499e+06 1.0198e+02 1.9147e+04 1.0522e+03 -9.1971e+00 1.5284e+04
-3.0693e+06 9.8889e+01 1.9190e+04 1.0730e+03 -8.4007e+00 1.5060e+04
-3.1025e+06 9.5546e+01 1.9232e+04 1.0926e+03 -1.1715e+01 1.4846e+04
-3.1361e+06 9.2339e+01 1.9273e+04 1.1109e+03 -5.3337e+00 1.4605e+04
-3.1641e+06 8.9456e+01 1.9315e+04 1.1279e+03 -5.7000e-01 1.4388e+04
-3.0370e+06 1.5505e+02 -4.7688e+03 1.6085e+04 -2.3140e+03 3.3119e+03
-3.0165e+06 1.6310e+02 -4.7587e+03 1.6092e+04 -2.5437e+03 3.6471e+03
-2.9314e+06 1.7242e+02 -4.7484e+03 1.6100e+04 -4.1263e+03 4.8362e+03
-2.9423e+06 1.8610e+02 -4.7380e+03 1.6107e+04 -5.2663e+03 7.4908e+03
-2.8504e+06 2.0336e+02 -4.7273e+03 1.6114e+04 -3.3976e+03 8.2798e+03
-2.6378e+06 2.2386e+02 -4.7165e+03 1.6120e+04 8.5136e+03 6.0605e+03
-3.5291e+06 2.4438e+02 -4.6286e+03 1.6074e+04 1.3678e+04 2.3017e+03
-1.6091e+06 2.6283e+02 -4.5281e+03 1.6019e+04 1.2478e+04 3.4296e+02
-5.3944e+06 2.7195e+02 -4.4266e+03 1.5964e+04 -1.5835e+04 1.2085e+02
6.6533e+06 2.4825e+02 -4.3240e+03 1.5908e+04 2.8354e+03 -5.1713e+02
-3.2777e+05 1.9643e+02 -4.2203e+03 1.5853e+04 3.0680e+05 1.7143e+04
-1.3128e+07 1.4152e+02 -7.6673e+02 1.3554e+04 7.0687e+05 9.2126e+03
-7.4674e+06 1.0249e+02 3.7454e+03 1.0536e+04 8.2660e+05 -1.6719e+04
1.5302e+06 6.4971e+01 8.2849e+03 7.4888e+03 8.3142e+05 -1.3842e+04
-1.7510e+07 2.1158e+01 1.2871e+04 4.4427e+03 7.8660e+05 -1.0867e+04
-5.1123e+06 3.5756e+01 1.7513e+04 1.4126e+03 4.4106e+05 -2.8552e+04
8.0883e+06 1.0411e+02 1.8577e+04 7.7536e+02 7.5468e+04 -1.4687e+04
-7.8895e+06 1.4133e+02 1.8622e+04 8.0912e+02 -9.7053e+03 1.7130e+04
-1.6631e+05 1.4125e+02 1.8667e+04 8.4196e+02 -1.7188e+03 1.7164e+04
-4.3646e+06 1.3512e+02 1.8712e+04 8.7387e+02 -2.5562e+03 1.6826e+04
-2.2642e+06 1.2868e+02 1.8757e+04 9.0481e+02 -1.1160e+02 1.7040e+04
-3.4221e+06 1.2311e+02 1.8802e+04 9.3474e+02 -4.3275e+02 1.6846e+04
-2.8284e+06 1.1862e+02 1.8847e+04 9.6366e+02 1.1631e+01 1.6725e+04
-3.1592e+06 1.1469e+02 1.8891e+04 9.9151e+02 -1.6480e+02 1.6494e+04
-2.9700e+06 1.1110e+02 1.8935e+04 1.0183e+03 -2.5906e+01 1.6300e+04
-3.0810e+06 1.0825e+02 1.8979e+04 1.0439e+03 -6.3180e+01 1.6086e+04
-3.0243e+06 1.0630e+02 1.9023e+04 1.0685e+03 -1.5457e+01 1.5881e+04
-3.0431e+06 1.0453e+02 1.9066e+04 1.0918e+03 -1.8839e+01 1.5667e+04
-3.0327e+06 1.0197e+02 1.9110e+04 1.1139e+03 -5.9435e+00 1.5453e+04
-3.0623e+06 9.8496e+01 1.9153e+04 1.1349e+03 -1.2292e+01 1.5229e+04
-3.0975e+06 9.4837e+01 1.9195e+04 1.1545e+03 -1.0660e+01 1.5014e+04
-3.1402e+06 9.1599e+01 1.9237e+04 1.1729e+03 -6.5753e+00 1.4773e+04
-3.1691e+06 8.8930e+01 1.9279e+04 1.1900e+03 9.7828e-02 1.4555e+04
-3.0456e+06 1.5600e+02 -4.7797e+03 1.6090e+04 -2.4229e+03 3.9737e+03
-2.9955e+06 1.6492e+02 -4.7698e+03 1.6097e+04 -2.8688e+03 5.7486e+03
-2.9876e+06 1.7584e+02 -4.7596e+03 1.6103e+04 -4.7859e+03 8.9880e+03
-2.7888e+06 1.9139e+02 -4.7492e+03 1.6110e+04 -4.1691e+03 1.2296e+04
-2.7806e+06 2.1074e+02 -4.7387e+03 1.6117e+04 1.4545e+03 1.1180e+04
-2.6071e+06 2.3349e+02 -4.7134e+03 1.6113e+04 1.5735e+04 5.9637e+03
-3.5699e+06 2.5464e+02 -4.6139e+03 1.6058e+04 1.9966e+04 1.3838e+03
-1.4563e+06 2.7186e+02 -4.5134e+03 1.6003e+04 1.7849e+04 8.8460e+01
-5.2923e+06 2.7567e+02 -4.4118e+03 1.5948e+04 -1.0859e+04 -1.1502e+02
9.4538e+06 2.4253e+02 -4.3092e+03 1.5892e+04 4.5023e+04 -1.9451e+04
-4.4371e+06 1.8618e+02 -4.1611e+03 1.5806e+04 4.0918e+05 -1.0405e+04
-1.4659e+07 1.3197e+02 3.3002e+02 1.2815e+04 7.7825e+05 6.4060e+01
-5.0095e+06 9.4488e+01 4.8458e+03 9.7962e+03 8.2786e+05 -1.7144e+04
7.3818e+05 5.5039e+01 9.3916e+03 6.7516e+03 8.2737e+05 -1.4607e+04
-2.0375e+07 1.8897e+01 1.3989e+04 3.7164e+03 7.4296e+05 2.2133e+03
-8.1411e+05 5.2581e+01 1.8486e+04 8.0129e+02 3.3633e+05 -1.0420e+04
1.0416e+07 1.2019e+02 1.8532e+04 8.3618e+02 1.5057e+04 -9.4451e+03
-1.1662e+07 1.4421e+02 1.8578e+04 8.7017e+02 -1.0698e+04 1.7738e+04
8.7644e+05 1.3989e+02 1.8624e+04 9.0325e+02 -7.1578e+02 1.7511e+04
-5.1857e+06 1.3338e+02 1.8669e+04 9.3537e+02 -3.0202e+03 1.7367e+04
-1.7840e+06 1.2688e+02 1.8715e+04 9.6652e+02 3.2603e+02 1.7246e+04
-3.7115e+06 1.2141e+02 1.8760e+04 9.9666e+02 -5.6591e+02 1.7082e+04
-2.6523e+06 1.1684e+02 1.8805e+04 1.0258e+03 1.2806e+02 1.6915e+04
-3.2668e+06 1.1298e+02 1.8850e+04 1.0538e+03 -2.0996e+02 1.6701e+04
-2.8888e+06 1.0988e+02 1.8895e+04 1.0808e+03 1.6224e+00 1.6485e+04
-3.1340e+06 1.0766e+02 1.8939e+04 1.1066e+03 -6.8671e+01 1.6269e+04
-2.9772e+06 1.0618e+02 1.8984e+04 1.1313e+03 2.4387e+00 1.6054e+04
-3.0650e+06 1.0465e+02 1.9028e+04 1.1548e+03 -1.7286e+01 1.5838e+04
-2.9905e+06 1.0198e+02 1.9071e+04 1.1770e+03 2.8061e+00 1.5622e+04
-3.0485e+06 9.8153e+01 1.9115e+04 1.1981e+03 -7.3886e+00 1.5399e+04
-3.0938e+06 9.4236e+01 1.9158e+04 1.2178e+03 -9.0545e+00 1.5183e+04
-3.1523e+06 9.1005e+01 1.9201e+04 1.2363e+03 -1.1118e+01 1.4942e+04
-3.1743e+06 8.8548e+01 1.9244e+04 1.2535e+03 -6.3976e+00 1.4723e+04
-2.9346e+06 1.5867e+02 -4.7906e+03 1.6094e+04 -3.1392e+03 5.7260e+03
-3.0403e+06 1.6917e+02 -4.7807e+03 1.6100e+04 -4.1685e+03 9.2588e+03
-3.0364e+06 1.8240e+02 -4.7707e+03 1.6107e+04 -5.8566e+03 1.3139e+04
-2.7071e+06 2.0006e+02 -4.7605e+03 1.6113e+04 -3.3154e+03 1.5379e+04
-2.6720e+06 2.2203e+02 -4.7500e+03 1.6119e+04 6.7595e+03 1.1718e+04
-2.8123e+06 2.4634e+02 -4.6986e+03 1.6097e+04 1.9037e+04 4.4050e+03
-2.9236e+06 2.6753e+02 -4.5991e+03 1.6042e+04 2.2146e+04 2.9898e+02
-2.5907e+06 2.8139e+02 -4.4985e+03 1.5987e+04 1.5397e+04 -2.2569e+02
-2.2245e+06 2.7542e+02 -4.3970e+03 1.5931e+04 -1.8806e+03 -4.9852e+02
6.8271e+06 2.3453e+02 -4.2943e+03 1.5875e+04 1.2593e+05 -2.6775e+04
-7.7576e+06 1.7586e+02 -3.0618e+03 1.5066e+04 5.1496e+05 -3.5801e+04
-1.3187e+07 1.2311e+02 1.4294e+03 1.2076e+04 8.1145e+05 -1.8465e+04
-2.6648e+06 9.2364e+01 5.9485e+03 9.0563e+03 8.3163e+05 -1.8248e+04
-3.9656e+06 6.4445e+01 1.0502e+04 6.0179e+03 8.2145e+05 -1.7389e+04
-1.7985e+07 4.2050e+01 1.5112e+04 2.9943e+03 6.5666e+05 -4.4613e+03
1.6989e+06 7.8477e+01 1.8440e+04 8.6315e+02 2.3516e+05 -2.6226e+03
5.9076e+06 1.3158e+02 1.8486e+04 8.9828e+02 -1.2619e+04 4.7405e+03
-7.6680e+06 1.4246e+02 1.8533e+04 9.3252e+02 -7.3809e+03 1.9518e+04
9.1674e+05 1.3573e+02 1.8579e+04 9.6583e+02 4.2419e+02 1.7903e+04
-4.9509e+06 1.2996e+02 1.8625e+04 9.9818e+02 -2.4671e+03 1.7868e+04
-2.1291e+06 1.2411e+02 1.8671e+04 1.0296e+03 8.1030e+01 1.7456e+04
-3.5765e+06 1.1897e+02 1.8717e+04 1.0599e+03 -5.0028e+02 1.7328e+04
-2.7726e+06 1.1444e+02 1.8763e+04 1.0892e+03 6.5591e+01 1.7067e+04
-3.2146e+06 1.1083e+02 1.8808e+04 1.1175e+03 -1.7297e+02 1.6887e+04
-2.9493e+06 1.0844e+02 1.8853e+04 1.1446e+03 6.1842e+00 1.6657e+04
-3.1023e+06 1.0692e+02 1.8898e+04 1.1706e+03 -4.8482e+01 1.6446e+04
-3.0159e+06 1.0579e+02 1.8943e+04 1.1954e+03 1.2153e+01 1.6226e+04
-3.0505e+06 1.0431e+02 1.8988e+04 1.2191e+03 -3.8596e+00 1.6009e+04
-3.0111e+06 1.0155e+02 1.9032e+04 1.2415e+03 9.5335e+00 1.5792e+04
-3.0359e+06 9.7633e+01 1.9076e+04 1.2627e+03 -6.4438e-01 1.5568e+04
-3.0881e+06 9.3716e+01 1.9120e+04 1.2826e+03 -5.6213e+00 1.5351e+04
-3.1547e+06 9.0560e+01 1.9164e+04 1.3011e+03 -9.2900e+00 1.5111e+04
-3.1847e+06 8.8209e+01 1.9207e+04 1.3184e+03 -5.4769e+00 1.4891e+04
-3.0819e+06 1.6305e+02 -4.8014e+03 1.6097e+04 -5.1523e+03 8.3554e+03
-2.8549e+06 1.7492e+02 -4.7917e+03 1.6103e+04 -6.0032e+03 1.2265e+04
-2.9751e+06 1.8968e+02 -4.7817e+03 1.6109e+04 -7.0383e+03 1.4555e+04
-2.7047e+06 2.0841e+02 -4.7716e+03 1.6115e+04 -3.7031e+03 1.4609e+04
-2.6819e+06 2.3144e+02 -4.7613e+03 1.6121e+04 8.6455e+03 9.2510e+03
-3.1247e+06 2.5460e+02 -4.6836e+03 1.6081e+04 1.5554e+04 2.4333e+03
-2.2038e+06 2.7477e+02 -4.5841e+03 1.6025e+04 1.8775e+04 -3.0916e+02
-3.9789e+06 2.8626e+02 -4.4836e+03 1.5969e+04 8.3435e+03 -8.2314e+02
1.8137e+06 2.7051e+02 -4.3820e+03 1.5913e+04 9.5172e+03 -1.1735e+03
3.3635e+06 2.2382e+02 -4.2793e+03 1.5857e+04 2.2368e+05 -5.8869e+03
-1.0496e+07 1.6546e+02 -1.9628e+03 1.4326e+04 6.1547e+05 -1.5756e+04
-8.0114e+06 1.1929e+02 2.5310e+03 1.1336e+04 8.2769e+05 -2.1721e+04
-6.0563e+06 1.0821e+02 7.0532e+03 8.3167e+03 8.2799e+05 -2.2887e+04
-1.2574e+07 1.0977e+02 1.1617e+04 5.2881e+03 7.4495e+05 1.9858e+04
-1.2293e+07 1.0195e+02 1.6238e+04 2.2767e+03 4.7459e+05 1.0449e+05
3.9175e+06 1.1659e+02 1.8393e+04 9.2629e+02 1.1925e+05 1.4623e+05
3.0668e+06 1.3890e+02 1.8440e+04 9.6168e+02 -1.4158e+04 1.3885e+05
-7.2600e+06 1.3459e+02 1.8487e+04 9.9617e+02 1.4413e+04 9.8090e+04
-2.2154e+06 1.2380e+02 1.8534e+04 1.0297e+03 1.3505e+04 4.3520e+04
-3.4332e+06 1.2102e+02 1.8580e+04 1.0623e+03 -5.0919e+02 1.9941e+04
-3.2195e+06 1.1984e+02 1.8627e+04 1.0939e+03 -7.5107e+02 1.7754e+04
-3.1549e+06 1.1683e+02 1.8673e+04 1.1245e+03 -1.8842e+02 1.7476e+04
-3.0594e+06 1.1272e+02 1.8719e+04 1.1540e+03 -1.3217e+02 1.7204e+04
-3.1195e+06 1.0941e+02 1.8765e+04 1.1825e+03 -4.0396e+01 1.7053e+04
-3.0426e+06 1.0753e+02 1.8811e+04 1.2098e+03 -3.2618e+01 1.6820e+04
-3.0713e+06 1.0639e+02 1.8857e+04 1.2360e+03 -9.9236e+00 1.6617e+04
-3.0265e+06 1.0537e+02 1.8902e+04 1.2610e+03 -2.5226e+00 1.6395e+04
-3.0438e+06 1.0384e+02 1.8947e+04 1.2848e+03 8.9579e+00 1.6180e+04
-3.0350e+06 1.0099e+02 1.8992e+04 1.3074e+03 5.6423e+00 1.5962e+04
-3.0373e+06 9.7074e+01 1.9037e+04 1.3287e+03 -3.1059e-01 1.5739e+04
-3.0865e+06 9.3235e+01 1.9081e+04 1.3487e+03 -7.1640e+00 1.5520e+04
-3.1526e+06 9.0174e+01 1.9125e+04 1.3674e+03 -3.5388e+00 1.5280e+04
-3.1941e+06 8.7881e+01 1.9169e+04 1.3847e+03 9.3614e-01 1.5060e+04
-3.0031e+06 1.6826e+02 -4.8122e+03 1.6100e+04 -7.1879e+03 1.0231e+04
-2.6952e+06 1.8043e+02 -4.8025e+03 1.6106e+04 -7.8766e+03 1.2971e+04
-2.7051e+06 1.9534e+02 -4.7927e+03 1.6111e+04 -8.1771e+03 1.3859e+04
-2.6921e+06 2.1306e+02 -4.7828e+03 1.6117e+04 -3.8526e+03 1.1924e+04
-2.5917e+06 2.3564e+02 -4.7670e+03 1.6119e+04 1.0233e+04 5.7338e+03
-3.3892e+06 2.5847e+02 -4.6686e+03 1.6063e+04 1.4712e+04 5.5179e+02
-1.5924e+06 2.7782e+02 -4.5691e+03 1.6008e+04 1.9820e+04 -7.9257e+02
-5.4500e+06 2.8712e+02 -4.4686e+03 1.5951e+04 2.8714e+03 -1.6650e+03
5.6756e+06 2.6433e+02 -4.3670e+03 1.5895e+04 2.1292e+04 -1.7100e+03
-2.8250e+05 2.1546e+02 -4.2642e+03 1.5839e+04 3.2154e+05 1.6496e+04
-1.4954e+07 1.6256e+02 -8.6151e+02 1.3586e+04 7.1387e+05 5.3647e+03
-9.9777e+06 1.3341e+02 3.6347e+03 1.0597e+04 8.1690e+05 -1.5337e+04
-1.3099e+07 1.4761e+02 8.1602e+03 7.5786e+03 6.9849e+05 7.1114e+04
-7.8006e+06 1.7502e+02 1.2734e+04 4.5627e+03 4.7835e+05 2.9196e+05
1.3794e+06 1.8097e+02 1.5014e+04 3.1296e+03 2.0705e+05 4.9787e+05
4.1313e+05 1.6782e+02 1.5865e+04 2.6275e+03 1.0726e+04 5.4557e+05
2.7221e+06 1.4754e+02 1.6724e+04 2.1236e+03 -2.1369e+04 5.1804e+05
-7.9684e+05 1.1995e+02 1.7591e+04 1.6178e+03 6.4930e+04 4.4742e+05
-1.5670e+06 9.9544e+01 1.8488e+04 1.0949e+03 1.0837e+05 2.7225e+05
2.8781e+06 1.0203e+02 1.8535e+04 1.1278e+03 5.0486e+04 8.8735e+04
-3.3586e+06 1.1317e+02 1.8582e+04 1.1596e+03 1.0689e+03 1.8762e+04
-3.5356e+06 1.1587e+02 1.8629e+04 1.1904e+03 -1.0822e+03 1.7289e+04
-3.0300e+06 1.1225e+02 1.8675e+04 1.2202e+03 2.9778e+02 1.7571e+04
-3.1051e+06 1.0907e+02 1.8722e+04 1.2488e+03 -2.0164e+02 1.7137e+04
-3.0818e+06 1.0733e+02 1.8768e+04 1.2764e+03 6.8384e+01 1.7021e+04
-3.0381e+06 1.0621e+02 1.8814e+04 1.3027e+03 -5.0327e+01 1.6768e+04
-3.0416e+06 1.0520e+02 1.8860e+04 1.3279e+03 1.4392e+01 1.6574e+04
-3.0250e+06 1.0363e+02 1.8906e+04 1.3519e+03 -5.0337e+00 1.6347e+04
-3.0369e+06 1.0067e+02 1.8951e+04 1.3747e+03 1.1623e+01 1.6135e+04
-3.0549e+06 9.6651e+01 1.8997e+04 1.3961e+03 -3.2863e+00 1.5908e+04
-3.0915e+06 9.2801e+01 1.9042e+04 1.4163e+03 -2.1950e+00 1.5691e+04
-3.1598e+06 8.9807e+01 1.9086e+04 1.4351e+03 -1.2208e+00 1.5449e+04
-3.1958e+06 8.7598e+01 1.9131e+04 1.4525e+03 4.2486e+00 1.5228e+04
-2.8348e+06 1.7215e+02 -4.8229e+03 1.6102e+04 -9.4987e+03 1.0145e+04
-2.6836e+06 1.8379e+02 -4.8134e+03 1.6107e+04 -1.0216e+04 1.1570e+04
-2.1760e+06 1.9918e+02 -4.8037e+03 1.6113e+04 -1.0410e+04 1.2164e+04
-2.9880e+06 2.1544e+02 -4.7938e+03 1.6118e+04 -4.1740e+03 9.4255e+03
-2.6850e+06 2.3685e+02 -4.7518e+03 1.6101e+04 1.1960e+04 3.4266e+03
-3.7096e+06 2.6169e+02 -4.6535e+03 1.6045e+04 1.7396e+04 -7.3321e+02
-1.1079e+06 2.8180e+02 -4.5540e+03 1.5989e+04 2.3664e+04 -7.8936e+02
-6.7661e+06 2.8857e+02 -4.4535e+03 1.5933e+04 -1.9011e+03 8.2484e+02
8.6819e+06 2.6247e+02 -4.3519e+03 1.5876e+04 2.5532e+04 4.2570e+03
-6.0602e+06 2.1809e+02 -4.2969e+03 1.5852e+04 3.7454e+05 7.1088e+04
-2.1623e+07 1.7877e+02 1.9917e+02 1.2875e+04 7.2447e+05 1.4395e+05
-9.7431e+06 1.6960e+02 4.7073e+03 9.8800e+03 6.5645e+05 2.3661e+05
-2.3118e+06 1.9905e+02 8.7163e+03 7.2259e+03 3.8124e+05 4.4741e+05
6.8088e+06 2.3321e+02 9.5445e+03 6.7225e+03 1.4500e+05 6.7234e+05
2.0343e+06 2.4537e+02 1.0375e+04 6.2209e+03 1.4410e+04 7.8683e+05
-2.4536e+06 2.1676e+02 1.1206e+04 5.7233e+03 -3.7101e+04 7.9353e+05
2.0733e+06 1.5336e+02 1.2044e+04 5.2238e+03 2.0614e+03 7.6672e+05
5.1929e+06 8.9923e+01 1.2940e+04 4.6866e+03 2.0257e+05 6.7810e+05
-2.1917e+07 6.1844e+01 1.5744e+04 2.9069e+03 3.4100e+05 4.4690e+05
1.0731e+06 7.7032e+01 1.8488e+04 1.1946e+03 1.8487e+05 1.5610e+05
4.7926e+06 1.0537e+02 1.8536e+04 1.2267e+03 9.1774e+03 2.0036e+04
-9.1031e+06 1.1547e+02 1.8583e+04 1.2577e+03 -4.3812e+03 1.6989e+04
1.7161e+05 1.1191e+02 1.8630e+04 1.2877e+03 1.8395e+03 1.7856e+04
-4.9648e+06 1.0917e+02 1.8677e+04 1.3166e+03 -9.7772e+02 1.7288e+04
-2.0313e+06 1.0756e+02 1.8724e+04 1.3443e+03 5.2336e+02 1.7204e+04
-3.6455e+06 1.0627e+02 1.8771e+04 1.3709e+03 -2.9397e+02 1.6909e+04
-2.7108e+06 1.0495e+02 1.8817e+04 1.3963e+03 1.4485e+02 1.6757e+04
-3.2097e+06 1.0313e+02 1.8864e+04 1.4205e+03 -8.2329e+01 1.6513e+04
-2.9324e+06 1.0013e+02 1.8910e+04 1.4434e+03 5.4338e+01 1.6307e+04
-3.1255e+06 9.6190e+01 1.8956e+04 1.4650e+03 -2.3680e+01 1.6076e+04
-3.0903e+06 9.2426e+01 1.9001e+04 1.4853e+03 1.8462e+01 1.5862e+04
-3.1757e+06 8.9492e+01 1.9047e+04 1.5042e+03 -7.2802e+00 1.5618e+04
-3.1909e+06 8.7365e+01 1.9092e+04 1.5218e+03 6.4609e+00 1.5398e+04
-2.5190e+06 1.7080e+02 -4.8335e+03 1.6103e+04 -1.3398e+04 1.6943e+03
-2.9922e+06 1.8162e+02 -4.8241e+03 1.6108e+04 -1.5599e+04 2.9732e+03
-2.0114e+06 1.9716e+02 -4.8146e+03 1.6113e+04 -1.4435e+04 3.5134e+03
-2.4084e+06 2.1212e+02 -4.8049e+03 1.6118e+04 -5.4326e+03 1.2153e+03
-2.3956e+06 2.3131e+02 -4.7366e+03 1.6083e+04 9.4163e+03 -6.4641e+02
-3.3124e+06 2.5896e+02 -4.6382e+03 1.6027e+04 1.3052e+04 2.6000e+02
-1.5986e+06 2.8358e+02 -4.5388e+03 1.5970e+04 1.6011e+04 4.2150e+03
-5.4974e+06 2.9140e+02 -4.4675e+03 1.5934e+04 -7.6270e+03 8.4819e+03
6.5895e+06 2.6871e+02 -4.4470e+03 1.5932e+04 1.5416e+04 1.1260e+04
-5.6702e+06 2.3452e+02 -4.4262e+03 1.5930e+04 3.0057e+05 1.5128e+05
-2.0207e+07 2.1276e+02 -2.9451e+02 1.3198e+04 5.3296e+05 4.1273e+05
3.7595e+05 2.1695e+02 3.0678e+03 1.0967e+04 3.5738e+05 6.2923e+05
5.3800e+06 2.4705e+02 4.0256e+03 1.0355e+04 9.3181e+04 7.7254e+05
9.3714e+05 2.6970e+02 4.8456e+03 9.8461e+03 -1.0977e+04 8.1886e+05
1.5504e+05 2.6456e+02 5.7179e+03 9.3068e+03 -2.0277e+04 8.1088e+05
6.1479e+06 2.2831e+02 6.5554e+03 8.7943e+03 4.1289e+04 7.6161e+05
1.2681e+06 1.4841e+02 7.3725e+03 8.2988e+03 2.0661e+05 5.9754e+05
-5.2029e+06 5.5599e+01 9.3288e+03 7.0559e+03 4.7230e+05 3.8988e+05
-4.3442e+07 2.4724e+01 1.4079e+04 4.0086e+03 5.6820e+05 2.3877e+05
-3.5203e+06 5.9883e+01 1.8441e+04 1.2627e+03 2.8331e+05 9.8989e+04
1.0820e+07 1.0158e+02 1.8489e+04 1.2950e+03 1.6132e+04 1.9905e+04
-1.3140e+07 1.1415e+02 1.8537e+04 1.3264e+03 -6.2279e+03 1.7594e+04
2.6895e+06 1.1084e+02 1.8584e+04 1.3566e+03 2.5423e+03 1.7696e+04
-6.4457e+06 1.0960e+02 1.8632e+04 1.3857e+03 -1.3431e+03 1.7593e+04
-1.1354e+06 1.0854e+02 1.8679e+04 1.4137e+03 7.8505e+02 1.7311e+04
-4.2132e+06 1.0680e+02 1.8727e+04 1.4405e+03 -4.4528e+02 1.7098e+04
-2.3490e+06 1.0452e+02 1.8774e+04 1.4661e+03 2.2291e+02 1.6911e+04
-3.4533e+06 1.0203e+02 1.8821e+04 1.4904e+03 -1.2849e+02 1.6692e+04
-2.7821e+06 9.9029e+01 1.8867e+04 1.5135e+03 7.7468e+01 1.6473e+04
-3.2020e+06 9.5483e+01 1.8914e+04 1.5353e+03 -3.8704e+01 1.6248e+04
-3.0179e+06 9.2024e+01 1.8960e+04 1.5557e+03 2.9274e+01 1.6030e+04
-3.2041e+06 8.9229e+01 1.9006e+04 1.5748e+03 -1.2815e+01 1.5788e+04
-3.1535e+06 8.7203e+01 1.9052e+04 1.5925e+03 6.6135e+00 1.5566e+04
-3.1823e+06 1.5969e+02 -4.8441e+03 1.6104e+04 -1.1891e+04 -5.7124e+03
-3.2517e+06 1.6983e+02 -4.8349e+03 1.6109e+04 -1.8021e+04 -8.3303e+03
-2.6603e+06 1.8373e+02 -4.8254e+03 1.6113e+04 -1.7284e+04 -1.1950e+04
-2.4361e+06 1.9571e+02 -4.8158e+03 1.6118e+04 -8.4547e+03 -1.1636e+04
-3.0376e+06 2.0984e+02 -4.7396e+03 1.6076e+04 2.5172e+03 -4.3183e+03
-2.5726e+06 2.3804e+02 -4.6454e+03 1.6023e+04 3.5086e+03 4.5978e+03
-1.8190e+06 2.7173e+02 -4.5945e+03 1.5999e+04 1.0196e+03 1.1411e+04
-3.5768e+06 2.8897e+02 -4.5749e+03 1.5997e+04 -1.0223e+04 1.4179e+04
1.4218e+06 2.7848e+02 -4.5549e+03 1.5995e+04 7.7908e+02 1.2213e+04
-6.8707e+05 2.5718e+02 -4.5347e+03 1.5993e+04 1.3518e+05 1.3027e+05
-7.5328e+06 2.4877e+02 -3.3220e+03 1.5199e+04 2.3658e+05 4.1095e+05
1.4222e+06 2.5895e+02 -1.4809e+03 1.3985e+04 1.1833e+05 6.3791e+05
2.6536e+06 2.7691e+02 -6.9772e+02 1.3486e+04 -1.1681e+04 7.3473e+05
-4.0490e+05 2.7447e+02 1.4988e+02 1.2948e+04 2.6254e+03 7.7282e+05
6.1145e+06 2.4109e+02 1.0348e+03 1.2390e+04 1.2112e+05 7.0131e+05
-2.0598e+06 1.9558e+02 1.8856e+03 1.1858e+04 3.2313e+05 4.8413e+05
-6.6194e+06 1.3218e+02 5.4144e+03 9.6029e+03 5.5193e+05 2.2693e+05
-9.2844e+06 4.9968e+01 1.0152e+04 6.5327e+03 7.1885e+05 7.2326e+04
-1.9582e+07 1.8931e+01 1.4947e+04 3.4766e+03 6.1775e+05 3.7251e+04
4.4288e+06 6.2908e+01 1.8393e+04 1.3322e+03 2.5037e+05 2.5139e+04
2.6258e+06 1.0574e+02 1.8441e+04 1.3648e+03 1.3567e+04 1.6271e+04
-7.5225e+06 1.1275e+02 1.8489e+04 1.3964e+03 -3.9671e+03 1.8626e+04
-7.2855e+05 1.1074e+02 1.8538e+04 1.4268e+03 1.3672e+03 1.7688e+04
-4.3722e+06 1.1149e+02 1.8586e+04 1.4562e+03 -6.4747e+02 1.7757e+04
-2.3541e+06 1.1088e+02 1.8634e+04 1.4844e+03 4.0404e+02 1.7413e+04
-3.4192e+06 1.0812e+02 1.8682e+04 1.5114e+03 -2.4923e+02 1.7291e+04
-2.8163e+06 1.0444e+02 1.8729e+04 1.5373e+03 1.0225e+02 1.7057e+04
-3.1543e+06 1.0101e+02 1.8777e+04 1.5618e+03 -6.6061e+01 1.6872e+04
-2.9526e+06 9.7885e+01 1.8824e+04 1.5851e+03 3.0638e+01 1.6640e+04
-3.0616e+06 9.4689e+01 1.8871e+04 1.6071e+03 -2.1120e+01 1.6421e+04
-3.0533e+06 9.1579e+01 1.8918e+04 1.6277e+03 1.5346e+01 1.6198e+04
-3.1461e+06 8.9024e+01 1.8964e+04 1.6469e+03 -6.3786e+00 1.5958e+04
-3.1611e+06 8.7149e+01 1.9011e+04 1.6647e+03 2.1231e+00 1.5735e+04
-3.5772e+06 1.4134e+02 -4.8546e+03 1.6104e+04 -4.3155e+03 -2.5606e+03
-3.2117e+06 1.5070e+02 -4.8455e+03 1.6109e+04 -1.0012e+04 -6.2288e+03
-4.0666e+06 1.6294e+02 -4.8362e+03 1.6113e+04 -1.2627e+04 -1.2019e+04
-3.3363e+06 1.7236e+02 -4.8267e+03 1.6117e+04 -1.0386e+04 -1.3092e+04
-2.3493e+06 1.8112e+02 -4.7924e+03 1.6104e+04 -6.8182e+03 -5.2666e+03
-2.4161e+06 2.0318e+02 -4.7282e+03 1.6070e+04 -7.0575e+03 6.3983e+03
-1.7860e+06 2.4031e+02 -4.7015e+03 1.6062e+04 -8.9542e+03 1.3638e+04
-2.5541e+06 2.7048e+02 -4.6824e+03 1.6060e+04 -9.6700e+03 1.5007e+04
-1.6722e+06 2.7671e+02 -4.6630e+03 1.6057e+04 -5.6920e+03 1.3040e+04
-4.2332e+05 2.6897e+02 -4.6434e+03 1.6054e+04 2.2521e+04 4.0318e+04
-1.0686e+06 2.6833e+02 -4.6234e+03 1.6051e+04 4.9622e+04 1.3326e+05
-1.7174e+06 2.7918e+02 -4.5985e+03 1.6045e+04 2.1181e+04 2.4181e+05
9.6127e+05 2.8221e+02 -4.4930e+03 1.5985e+04 -1.0903e+04 3.1576e+05
4.0955e+06 2.5512e+02 -4.3863e+03 1.5925e+04 1.0458e+05 3.5182e+05
-7.2377e+06 2.0296e+02 -2.9040e+03 1.4976e+04 4.0053e+05 2.8607e+05
-1.6500e+07 1.4788e+02 1.8077e+03 1.1936e+04 6.5251e+05 1.2464e+05
-5.1932e+06 1.0705e+02 6.5139e+03 8.8901e+03 7.6999e+05 1.6545e+04
-1.1801e+07 6.4782e+01 1.1260e+04 5.8319e+03 7.9152e+05 9.8143e+03
-3.9165e+06 4.3706e+01 1.6065e+04 2.7913e+03 5.3837e+05 7.0283e+03
4.7057e+06 8.2916e+01 1.8343e+04 1.4030e+03 1.5976e+05 -2.2921e+03
-4.5680e+06 1.1635e+02 1.8392e+04 1.4359e+03 4.1866e+03 1.1794e+04
-2.5110e+06 1.1530e+02 1.8441e+04 1.4678e+03 -9.2159e+02 1.8844e+04
-3.5532e+06 1.1467e+02 1.8490e+04 1.4985e+03 1.0527e+02 1.7822e+04
-2.7629e+06 1.1581e+02 1.8539e+04 1.5281e+03 1.2153e+02 1.7802e+04
-3.1505e+06 1.1414e+02 1.8587e+04 1.5566e+03 -1.1596e+02 1.7533e+04
-2.9106e+06 1.0970e+02 1.8636e+04 1.5838e+03 -2.2589e+01 1.7439e+04
-3.0669e+06 1.0475e+02 1.8684e+04 1.6099e+03 -4.3402e+01 1.7226e+04
-2.9952e+06 1.0059e+02 1.8732e+04 1.6346e+03 -1.5712e-01 1.7040e+04
-3.0388e+06 9.7245e+01 1.8780e+04 1.6581e+03 -1.9912e+01 1.6813e+04
-3.0220e+06 9.4201e+01 1.8827e+04 1.6803e+03 -5.9059e+00 1.6591e+04
-3.0568e+06 9.1341e+01 1.8875e+04 1.7011e+03 -3.8044e+00 1.6369e+04
-3.1160e+06 8.8969e+01 1.8922e+04 1.7205e+03 -1.6609e+00 1.6128e+04
-3.1436e+06 8.7147e+01 1.8969e+04 1.7384e+03 -2.2711e+00 1.5905e+04
-3.0139e+06 1.2746e+02 -4.8651e+03 1.6104e+04 -4.3598e+02 3.8564e+02
-3.2777e+06 1.3561e+02 -4.8561e+03 1.6108e+04 -2.1059e+03 2.3433e+02
-3.4770e+06 1.4637e+02 -4.8469e+03 1.6111e+04 -4.0897e+03 -1.5988e+03
-3.5489e+06 1.5496e+02 -4.8376e+03 1.6115e+04 -5.5422e+03 -3.9039e+03
-3.2996e+06 1.6270e+02 -4.8281e+03 1.6118e+04 -9.5510e+03 -2.5541e+03
-3.2424e+06 1.7728e+02 -4.8184e+03 1.6122e+04 -1.4124e+04 1.7156e+03
-2.2868e+06 2.0587e+02 -4.8085e+03 1.6125e+04 -1.2292e+04 4.5917e+03
-2.2855e+06 2.3798e+02 -4.7902e+03 1.6122e+04 -8.7771e+03 5.9029e+03
-2.3443e+06 2.5526e+02 -4.7714e+03 1.6119e+04 -4.1032e+03 6.6663e+03
-2.6595e+06 2.5952e+02 -4.7522e+03 1.6115e+04 1.8753e+03 3.8500e+03
-1.7027e+06 2.6734e+02 -4.6883e+03 1.6082e+04 1.3067e+04 -2.9775e+03
-4.1887e+06 2.7963e+02 -4.5839e+03 1.6022e+04 4.2849e+03 -9.7586e+03
1.7588e+06 2.7191e+02 -4.4784e+03 1.5962e+04 9.3442e+03 -1.2738e+04
8.9755e+05 2.2791e+02 -4.3718e+03 1.5902e+04 2.2750e+05 -7.2900e+03
-1.3259e+07 1.6540e+02 -1.7793e+03 1.4239e+04 6.0887e+05 -2.3830e+03
-1.2390e+07 1.1183e+02 2.9063e+03 1.1221e+04 7.8805e+05 -3.2520e+02
1.9416e+06 8.4225e+01 7.6145e+03 8.1796e+03 8.0875e+05 6.9823e+03
-1.7063e+07 6.3142e+01 1.2370e+04 5.1369e+03 7.7259e+05 2.2954e+04
-3.3151e+06 6.1140e+01 1.7185e+04 2.1128e+03 4.3826e+05 -3.6295e+03
6.7870e+06 1.0453e+02 1.8293e+04 1.4752e+03 7.4959e+04 -1.7268e+04
-8.1777e+06 1.2970e+02 1.8343e+04 1.5084e+03 -6.0434e+03 1.2610e+04
-2.6708e+05 1.2395e+02 1.8392e+04 1.5405e+03 1.1313e+03 1.8066e+04
-4.5149e+06 1.2275e+02 1.8442e+04 1.5715e+03 -7.7917e+02 1.7672e+04
-2.1723e+06 1.2144e+02 1.8491e+04 1.6014e+03 4.7301e+02 1.7873e+04
-3.3831e+06 1.1704e+02 1.8540e+04 1.6301e+03 -4.9436e+02 1.7671e+04
-2.7309e+06 1.1082e+02 1.8589e+04 1.6577e+03 7.6514e+01 1.7608e+04
-3.1501e+06 1.0497e+02 1.8637e+04 1.6839e+03 -1.1465e+02 1.7402e+04
-2.9170e+06 1.0038e+02 1.8686e+04 1.7089e+03 2.7883e+01 1.7209e+04
-3.0856e+06 9.6967e+01 1.8734e+04 1.7326e+03 -3.9713e+01 1.6984e+04
-3.0038e+06 9.4140e+01 1.8783e+04 1.7550e+03 -2.0234e+00 1.6761e+04
-3.0855e+06 9.1497e+01 1.8831e+04 1.7759e+03 -1.7912e+01 1.6540e+04
-3.0866e+06 8.9132e+01 1.8878e+04 1.7955e+03 -4.8332e+00 1.6297e+04
-3.1346e+06 8.7147e+01 1.8926e+04 1.8136e+03 -7.8083e+00 1.6074e+04
-3.2647e+06 1.2447e+02 -4.8755e+03 1.6103e+04 -2.5838e+02 7.0150e+02
-3.0722e+06 1.3179e+02 -4.8666e+03 1.6106e+04 -6.9757e+02 9.4797e+02
-2.9185e+06 1.4075e+02 -4.8576e+03 1.6109e+04 -9.7492e+02 8.9049e+02
-3.1537e+06 1.4828e+02 -4.8484e+03 1.6112e+04 -1.0912e+03 8.5998e+02
-3.9534e+06 1.5619e+02 -4.8390e+03 1.6115e+04 -4.2547e+03 9.6746e+02
-3.8705e+06 1.6742e+02 -4.8294e+03 1.6118e+04 -1.0995e+04 -2.5440e+02
-2.8177e+06 1.8652e+02 -4.8197e+03 1.6121e+04 -1.1073e+04 -1.8865e+03
-2.6968e+06 2.1038e+02 -4.8097e+03 1.6123e+04 -8.2139e+03 -1.9744e+03
-2.2413e+06 2.2957e+02 -4.7996e+03 1.6125e+04 -2.5362e+02 -1.2657e+03
-3.3985e+06 2.4334e+02 -4.7769e+03 1.6119e+04 1.1009e+04 -2.0694e+03
-1.8088e+06 2.6094e+02 -4.6736e+03 1.6059e+04 2.7251e+04 -3.7964e+03
-5.9336e+06 2.7550e+02 -4.5693e+03 1.5999e+04 6.3423e+03 -5.5706e+03
7.6699e+06 2.5788e+02 -4.4638e+03 1.5939e+04 2.2660e+04 -7.3812e+03
-1.5144e+05 2.0324e+02 -4.3571e+03 1.5878e+04 3.1858e+05 1.9255e+04
-1.2220e+07 1.3761e+02 -6.7329e+02 1.3516e+04 6.9533e+05 2.5367e+04
-6.4898e+06 9.1418e+01 4.0062e+03 1.0508e+04 7.9267e+05 6.2521e+03
1.6192e+06 6.2109e+01 8.7174e+03 7.4743e+03 8.0061e+05 1.3946e+04
-2.0713e+07 4.0112e+01 1.3482e+04 4.4484e+03 7.2759e+05 4.8036e+04
1.7702e+06 6.4710e+01 1.8192e+04 1.5142e+03 3.3376e+05 2.5003e+04
1.1671e+07 1.2140e+02 1.8242e+04 1.5488e+03 1.2576e+04 -4.6784e+03
-1.1284e+07 1.4105e+02 1.8292e+04 1.5823e+03 -1.0086e+04 1.6543e+04
1.6299e+06 1.3404e+02 1.8342e+04 1.6147e+03 1.7076e+03 1.7372e+04
-5.3938e+06 1.3001e+02 1.8392e+04 1.6460e+03 -1.6876e+03 1.7804e+04
-1.5725e+06 1.2514e+02 1.8442e+04 1.6762e+03 5.1377e+02 1.8078e+04
-3.6861e+06 1.1858e+02 1.8491e+04 1.7051e+03 -7.1688e+02 1.7926e+04
-2.5063e+06 1.1137e+02 1.8541e+04 1.7329e+03 1.2701e+02 1.7780e+04
-3.2921e+06 1.0490e+02 1.8590e+04 1.7594e+03 -1.4828e+02 1.7584e+04
-2.8371e+06 9.9965e+01 1.8639e+04 1.7847e+03 4.8608e+01 1.7378e+04
-3.1312e+06 9.6657e+01 1.8688e+04 1.8086e+03 -4.5870e+01 1.7156e+04
-2.9838e+06 9.4190e+01 1.8737e+04 1.8311e+03 2.8780e+00 1.6931e+04
-3.0890e+06 9.1804e+01 1.8786e+04 1.8523e+03 -2.5083e+01 1.6710e+04
-3.0626e+06 8.9397e+01 1.8834e+04 1.8721e+03 -7.5816e+00 1.6467e+04
-3.1281e+06 8.7171e+01 1.8882e+04 1.8904e+03 -1.4689e+01 1.6243e+04
-3.0888e+06 1.2761e+02 -4.8858e+03 1.6101e+04 -2.8261e+02 6.6044e+02
-3.1525e+06 1.3436e+02 -4.8771e+03 1.6104e+04 -7.5113e+02 8.6352e+02
-3.1990e+06 1.4156e+02 -4.8682e+03 1.6107e+04 -1.0980e+03 5.9135e+02
-3.0161e+06 1.4793e+02 -4.8591e+03 1.6109e+04 -1.3571e+03 6.1450e+02
-2.6474e+06 1.5523e+02 -4.8498e+03 1.6112e+04 -1.7217e+03 1.1144e+03
-3.2901e+06 1.6557e+02 -4.8404e+03 1.6114e+04 -5.0621e+03 2.0057e+03
-3.2109e+06 1.8151e+02 -4.8308e+03 1.6116e+04 -6.9793e+03 3.5103e+03
-2.9111e+06 2.0051e+02 -4.8210e+03 1.6118e+04 -5.9272e+03 4.1980e+03
-2.3229e+06 2.2018e+02 -4.8110e+03 1.6120e+04 3.5240e+03 2.3297e+03
-3.4253e+06 2.4001e+02 -4.7620e+03 1.6095e+04 1.5071e+04 -1.0972e+03
-1.5849e+06 2.6117e+02 -4.6588e+03 1.6035e+04 2.7155e+04 -2.7389e+03
-5.3308e+06 2.7143e+02 -4.5545e+03 1.5975e+04 1.9988e+03 -3.1326e+03
9.4463e+06 2.4298e+02 -4.4491e+03 1.5914e+04 5.2996e+04 -2.1176e+04
-4.2797e+06 1.8297e+02 -4.2705e+03 1.5807e+04 4.0947e+05 -1.1863e+03
-1.6760e+07 1.2014e+02 4.2658e+02 1.2801e+04 7.5738e+05 2.1551e+04
-2.4062e+06 7.3611e+01 5.1070e+03 9.7983e+03 7.9930e+05 8.8865e+03
-3.8731e+06 3.4523e+01 9.8227e+03 6.7751e+03 7.8756e+05 1.8217e+04
-1.7517e+07 2.1557e+01 1.4597e+04 3.7668e+03 6.4165e+05 5.1814e+04
7.1613e+05 7.4192e+01 1.8140e+04 1.5888e+03 2.3824e+05 4.2553e+04
5.1521e+06 1.3385e+02 1.8190e+04 1.6237e+03 -9.0909e+03 1.4157e+04
-8.6150e+06 1.4609e+02 1.8241e+04 1.6575e+03 -8.1102e+03 1.8804e+04
2.3440e+05 1.3862e+02 1.8291e+04 1.6902e+03 5.8857e+02 1.8058e+04
-4.5748e+06 1.3171e+02 1.8342e+04 1.7218e+03 -1.8002e+03 1.8531e+04
-2.0104e+06 1.2512e+02 1.8392e+04 1.7523e+03 2.4997e+02 1.8390e+04
-3.4472e+06 1.1848e+02 1.8442e+04 1.7815e+03 -5.6982e+02 1.8221e+04
-2.6648e+06 1.1147e+02 1.8492e+04 1.8096e+03 6.7682e+01 1.7943e+04
-3.1989e+06 1.0479e+02 1.8542e+04 1.8364e+03 -1.1819e+02 1.7771e+04
-2.9068e+06 9.9622e+01 1.8592e+04 1.8618e+03 4.0008e+01 1.7546e+04
-3.1095e+06 9.6346e+01 1.8641e+04 1.8860e+03 -3.4033e+01 1.7329e+04
-3.0069e+06 9.4090e+01 1.8691e+04 1.9088e+03 5.8775e-01 1.7100e+04
-3.0850e+06 9.1898e+01 1.8740e+04 1.9302e+03 -2.2388e+01 1.6881e+04
-3.0662e+06 8.9517e+01 1.8789e+04 1.9501e+03 -9.5363e+00 1.6637e+04
-3.1213e+06 8.7114e+01 1.8838e+04 1.9686e+03 -1.5322e+01 1.6413e+04
-3.1133e+06 1.3057e+02 -4.8961e+03 1.6098e+04 -4.6121e+02 3.5617e+02
-3.1010e+06 1.3656e+02 -4.8875e+03 1.6101e+04 -7.3570e+02 4.1375e+02
-2.9720e+06 1.4240e+02 -4.8787e+03 1.6103e+04 -9.6518e+02 1.4980e+02
-3.1592e+06 1.4846e+02 -4.8698e+03 1.6105e+04 -1.7102e+03 5.4359e+02
-3.1552e+06 1.5635e+02 -4.8606e+03 1.6107e+04 -2.4014e+03 1.4733e+03
-2.9033e+06 1.6778e+02 -4.8513e+03 1.6109e+04 -3.3014e+03 3.7133e+03
-3.1777e+06 1.8415e+02 -4.8419e+03 1.6111e+04 -4.0794e+03 7.9749e+03
-2.7529e+06 2.0426e+02 -4.8322e+03 1.6112e+04 -2.5352e+03 1.0379e+04
-2.6435e+06 2.2759e+02 -4.8223e+03 1.6113e+04 5.9444e+03 6.3897e+03
-2.9561e+06 2.5097e+02 -4.7471e+03 1.6071e+04 1.4898e+04 3.8413e+02
-2.6635e+06 2.6945e+02 -4.6440e+03 1.6011e+04 1.4998e+04 -2.3661e+03
-2.1916e+06 2.6900e+02 -4.5397e+03 1.5950e+04 3.0613e+01 -2.8479e+03
7.0674e+06 2.2978e+02 -4.4343e+03 1.5889e+04 1.2109e+05 -2.4938e+04
-7.3494e+06 1.6764e+02 -3.1422e+03 1.5070e+04 5.0451e+05 -2.1380e+04
-1.4226e+07 1.1049e+02 1.5274e+03 1.2088e+04 7.8927e+05 5.8615e+03
8.7004e+05 6.0771e+01 6.2084e+03 9.0915e+03 8.0707e+05 1.0950e+04
-1.0512e+07 1.6891e+01 1.0930e+04 6.0826e+03 7.7108e+05 1.9266e+04
-1.0255e+07 2.2746e+01 1.5713e+04 3.0927e+03 5.3817e+05 2.2834e+04
3.3618e+06 9.0316e+01 1.8087e+04 1.6648e+03 1.5816e+05 1.7911e+04
-1.2316e+06 1.4042e+02 1.8138e+04 1.7000e+03 -8.8126e+03 1.7979e+04
-4.2098e+06 1.4499e+02 1.8189e+04 1.7341e+03 -4.8540e+03 1.9849e+04
-2.1406e+06 1.3686e+02 1.8239e+04 1.7672e+03 -7.5548e+02 1.8935e+04
-3.3176e+06 1.2909e+02 1.8290e+04 1.7991e+03 -9.4799e+02 1.9032e+04
-2.7244e+06 1.2296e+02 1.8341e+04 1.8298e+03 -4.8028e+01 1.8594e+04
-3.0792e+06 1.1738e+02 1.8392e+04 1.8594e+03 -2.1445e+02 1.8408e+04
-2.9124e+06 1.1110e+02 1.8442e+04 1.8877e+03 -5.0069e+01 1.8127e+04
-3.0580e+06 1.0462e+02 1.8493e+04 1.9148e+03 -5.0577e+01 1.7946e+04
-3.0165e+06 9.9445e+01 1.8543e+04 1.9405e+03 1.2686e+01 1.7717e+04
-3.0733e+06 9.6125e+01 1.8593e+04 1.9649e+03 -1.3138e+01 1.7500e+04
-3.0544e+06 9.3865e+01 1.8643e+04 1.9879e+03 -5.0680e+00 1.7271e+04
-3.0797e+06 9.1714e+01 1.8693e+04 2.0095e+03 -1.3380e+01 1.7051e+04
-3.0898e+06 8.9334e+01 1.8743e+04 2.0297e+03 -8.7880e+00 1.6807e+04
-3.1241e+06 8.6791e+01 1.8792e+04 2.0484e+03 -1.0364e+01 1.6583e+04
-3.0971e+06 1.3163e+02 -4.9062e+03 1.6095e+04 -4.9646e+02 7.9705e+00
-3.0583e+06 1.3712e+02 -4.8978e+03 1.6097e+04 -6.8004e+02 7.9469e+01
-3.1472e+06 1.4270e+02 -4.8891e+03 1.6099e+04 -1.1877e+03 1.4068e+01
-2.9663e+06 1.4966e+02 -4.8803e+03 1.6101e+04 -2.1260e+03 8.6454e+02
-2.9752e+06 1.5929e+02 -4.8714e+03 1.6102e+04 -3.0800e+03 2.5445e+03
-2.9034e+06 1.7298e+02 -4.8622e+03 1.6103e+04 -2.6445e+03 5.6869e+03
-2.9807e+06 1.9024e+02 -4.8529e+03 1.6105e+04 -3.1506e+03 9.5643e+03
-2.4909e+06 2.1226e+02 -4.8433e+03 1.6106e+04 -6.7448e+02 1.0105e+04
-2.9036e+06 2.3885e+02 -4.8336e+03 1.6106e+04 5.6939e+03 4.0946e+03
-2.2989e+06 2.6433e+02 -4.7320e+03 1.6046e+04 1.4425e+04 -1.0574e+03
-4.0750e+06 2.8002e+02 -4.6290e+03 1.5986e+04 4.7348e+03 -2.5409e+03
1.9721e+06 2.6860e+02 -4.5248e+03 1.5925e+04 6.3925e+03 -2.6735e+03
2.8316e+06 2.2072e+02 -4.4195e+03 1.5864e+04 2.0924e+05 -9.6816e+02
-9.4850e+06 1.5851e+02 -2.0205e+03 1.4340e+04 5.9275e+05 2.9178e+03
-1.1398e+07 1.0747e+02 2.6288e+03 1.1378e+04 7.8946e+05 7.1814e+03
2.7854e+06 5.6813e+01 7.3099e+03 8.3883e+03 8.0254e+05 1.3378e+04
-1.7167e+07 1.3178e+01 1.2039e+04 5.3972e+03 7.5496e+05 2.3019e+04
-6.1170e+06 3.5798e+01 1.6830e+04 2.4266e+03 4.3553e+05 1.3259e+03
8.0945e+06 1.0693e+02 1.8032e+04 1.7421e+03 7.8597e+04 -2.9306e+03
-7.0384e+06 1.4304e+02 1.8084e+04 1.7777e+03 -9.7704e+03 2.0095e+04
-7.7452e+05 1.4105e+02 1.8135e+04 1.8121e+03 -1.4005e+03 2.0157e+04
-4.0232e+06 1.3303e+02 1.8187e+04 1.8455e+03 -1.6512e+03 1.9157e+04
-2.3534e+06 1.2617e+02 1.8238e+04 1.8777e+03 -1.0359e+01 1.9078e+04
-3.2912e+06 1.2119e+02 1.8289e+04 1.9088e+03 -3.4063e+02 1.8727e+04
-2.8070e+06 1.1627e+02 1.8340e+04 1.9387e+03 3.0683e+01 1.8551e+04
-3.1048e+06 1.1027e+02 1.8392e+04 1.9673e+03 -1.5068e+02 1.8304e+04
-2.9690e+06 1.0397e+02 1.8442e+04 1.9946e+03 7.4422e+00 1.8116e+04
-3.1073e+06 9.9018e+01 1.8493e+04 2.0206e+03 -1.4529e+01 1.7888e+04
-3.0607e+06 9.5866e+01 1.8544e+04 2.0453e+03 3.1304e+00 1.7670e+04
-3.1088e+06 9.3647e+01 1.8595e+04 2.0686e+03 -1.0664e+01 1.7441e+04
-3.1087e+06 9.1443e+01 1.8645e+04 2.0904e+03 -5.6393e+00 1.7220e+04
-3.1289e+06 8.8961e+01 1.8695e+04 2.1108e+03 -7.7206e+00 1.6976e+04
-3.1413e+06 8.6262e+01 1.8745e+04 2.1297e+03 -4.1775e+00 1.6752e+04
-3.0861e+06 1.3207e+02 -4.9163e+03 1.6091e+04 -4.9859e+02 -1.8373e+02
-3.0769e+06 1.3783e+02 -4.9080e+03 1.6092e+04 -6.6364e+02 2.5523e+01
-3.0327e+06 1.4441e+02 -4.8995e+03 1.6094e+04 -1.4553e+03 1.8197e+02
-3.0405e+06 1.5314e+02 -4.8908e+03 1.6095e+04 -2.6564e+03 1.4453e+03
-3.0985e+06 1.6433e+02 -4.8820e+03 1.6096e+04 -3.9182e+03 3.6014e+03
-2.8317e+06 1.7899e+02 -4.8730e+03 1.6097e+04 -2.6614e+03 6.2863e+03
-2.9997e+06 1.9584e+02 -4.8638e+03 1.6098e+04 -3.8000e+03 9.0602e+03
-2.3863e+06 2.1806e+02 -4.8544e+03 1.6098e+04 -3.5343e+02 7.7961e+03
-3.3075e+06 2.4417e+02 -4.8187e+03 1.6081e+04 3.2745e+03 1.1796e+03
-1.5754e+06 2.6849e+02 -4.7169e+03 1.6021e+04 1.0891e+04 -2.2724e+03
-5.4361e+06 2.8148e+02 -4.6140e+03 1.5960e+04 -6.9059e+03 -2.6773e+03
6.6089e+06 2.6004e+02 -4.5099e+03 1.5899e+04 1.1455e+04 -2.7586e+03
-7.2711e+04 2.0595e+02 -4.4046e+03 1.5837e+04 2.9672e+05 2.2263e+04
-1.2857e+07 1.4631e+02 -9.1831e+02 1.3626e+04 6.7698e+05 2.7055e+04
-7.6680e+06 9.9197e+01 3.7305e+03 1.0671e+04 7.8688e+05 8.6066e+03
2.6207e+06 4.7835e+01 8.4126e+03 7.6910e+03 7.9151e+05 1.6800e+04
-2.0875e+07 1.1832e+01 1.3149e+04 4.7196e+03 7.1701e+05 4.7084e+04
-6.2770e+05 5.2605e+01 1.7925e+04 1.7839e+03 3.3478e+05 2.7091e+04
1.0913e+07 1.2177e+02 1.7977e+04 1.8208e+03 1.7984e+04 3.4416e+03
-1.0568e+07 1.4383e+02 1.8029e+04 1.8567e+03 -9.7534e+03 2.0845e+04
1.2901e+06 1.3765e+02 1.8081e+04 1.8915e+03 7.4335e+02 1.9644e+04
-5.2398e+06 1.3039e+02 1.8133e+04 1.9252e+03 -1.9401e+03 1.9324e+04
-1.6875e+06 1.2470e+02 1.8185e+04 1.9578e+03 4.1508e+02 1.9121e+04
-3.6913e+06 1.2026e+02 1.8237e+04 1.9892e+03 -5.5048e+02 1.8912e+04
-2.5888e+06 1.1518e+02 1.8288e+04 2.0194e+03 1.1548e+02 1.8720e+04
-3.2710e+06 1.0904e+02 1.8340e+04 2.0483e+03 -1.9027e+02 1.8498e+04
-2.8995e+06 1.0303e+02 1.8391e+04 2.0759e+03 4.3808e+01 1.8281e+04
-3.1896e+06 9.8574e+01 1.8443e+04 2.1022e+03 -2.7303e+01 1.8060e+04
-3.0468e+06 9.5756e+01 1.8494e+04 2.1272e+03 1.7378e+01 1.7839e+04
-3.1772e+06 9.3552e+01 1.8545e+04 2.1507e+03 -8.6835e+00 1.7611e+04
-3.1332e+06 9.1208e+01 1.8596e+04 2.1728e+03 4.2827e+00 1.7389e+04
-3.1695e+06 8.8590e+01 1.8647e+04 2.1934e+03 -5.9534e+00 1.7146e+04
-3.1727e+06 8.5756e+01 1.8698e+04 2.2125e+03 3.1220e-01 1.6921e+04
-3.0818e+06 1.3318e+02 -4.9263e+03 1.6086e+04 -5.9467e+02 -2.5660e+02
-3.0494e+06 1.4001e+02 -4.9182e+03 1.6087e+04 -8.7794e+02 2.1740e+02
-3.0849e+06 1.4841e+02 -4.9098e+03 1.6088e+04 -1.3632e+03 5.8125e+02
-3.0122e+06 1.5869e+02 -4.9013e+03 1.6089e+04 -2.2449e+03 1.4793e+03
-3.0076e+06 1.6947e+02 -4.8926e+03 1.6090e+04 -4.5765e+03 2.5435e+03
-2.9387e+06 1.8249e+02 -4.8837e+03 1.6090e+04 -5.2758e+03 4.2435e+03
-2.9309e+06 1.9843e+02 -4.8746e+03 1.6090e+04 -6.7999e+03 6.9938e+03
-2.4439e+06 2.2022e+02 -4.8654e+03 1.6090e+04 -1.3986e+03 5.8078e+03
-3.4477e+06 2.4394e+02 -4.8034e+03 1.6055e+04 2.8673e+02 1.9576e+02
-1.3439e+06 2.6488e+02 -4.7018e+03 1.5994e+04 2.6110e+03 -2.4105e+03
-5.4510e+06 2.7257e+02 -4.5989e+03 1.5933e+04 -1.7888e+04 -2.7376e+03
9.4612e+06 2.3964e+02 -4.4949e+03 1.5872e+04 3.5585e+04 -1.9028e+04
-3.5231e+06 1.7797e+02 -4.3897e+03 1.5810e+04 3.8809e+05 1.8882e+03
-1.6335e+07 1.2246e+02 1.8423e+02 1.2915e+04 7.4221e+05 2.3239e+04
-2.1360e+06 7.9603e+01 4.8321e+03 9.9682e+03 7.8977e+05 9.6164e+03
-3.9020e+06 3.1385e+01 9.5166e+03 7.0012e+03 7.7903e+05 2.0001e+04
-1.6619e+07 1.4280e+01 1.4261e+04 4.0502e+03 6.4068e+05 5.3433e+04
2.3457e+05 7.1614e+01 1.7869e+04 1.8636e+03 2.4474e+05 4.5398e+04
5.1872e+06 1.3215e+02 1.7921e+04 1.9009e+03 -3.7222e+03 1.7816e+04
-7.7704e+06 1.4356e+02 1.7973e+04 1.9371e+03 -7.2837e+03 2.0383e+04
-2.6399e+05 1.3607e+02 1.8026e+04 1.9723e+03 5.8155e+02 1.9345e+04
-4.4217e+06 1.2910e+02 1.8078e+04 2.0064e+03 -1.5001e+03 1.9560e+04
-2.1933e+06 1.2373e+02 1.8130e+04 2.0393e+03 2.5765e+02 1.9278e+04
-3.4691e+06 1.1885e+02 1.8183e+04 2.0710e+03 -4.3334e+02 1.9145e+04
-2.7889e+06 1.1335e+02 1.8235e+04 2.1015e+03 6.8784e+01 1.8900e+04
-3.2252e+06 1.0758e+02 1.8287e+04 2.1308e+03 -1.3208e+02 1.8692e+04
-2.9901e+06 1.0249e+02 1.8339e+04 2.1587e+03 3.0711e+01 1.8447e+04
-3.1725e+06 9.8702e+01 1.8391e+04 2.1853e+03 -1.9996e+01 1.8232e+04
-3.0969e+06 9.5929e+01 1.8443e+04 2.2105e+03 1.1529e+01 1.8008e+04
-3.1941e+06 9.3397e+01 1.8495e+04 2.2343e+03 -7.2120e+00 1.7781e+04
-3.1758e+06 9.0799e+01 1.8546e+04 2.2567e+03 1.0149e+00 1.7558e+04
-3.2078e+06 8.8101e+01 1.8598e+04 2.2776e+03 -6.2819e+00 1.7315e+04
-3.2064e+06 8.5218e+01 1.8649e+04 2.2969e+03 -1.3376e-01 1.7090e+04
-3.0705e+06 1.3514e+02 -4.9363e+03 1.6080e+04 -9.3073e+02 -3.7916e+02
-3.0245e+06 1.4300e+02 -4.9282e+03 1.6081e+04 -1.7766e+03 2.3132e+02
-3.0464e+06 1.5254e+02 -4.9200e+03 1.6082e+04 -2.4003e+03 7.5677e+02
-2.9816e+06 1.6294e+02 -4.9116e+03 1.6082e+04 -2.7471e+03 9.3989e+02
-2.8752e+06 1.7219e+02 -4.9031e+03 1.6082e+04 -5.2034e+03 8.1605e+02
-3.0160e+06 1.8330e+02 -4.8943e+03 1.6082e+04 -8.2847e+03 2.2432e+03
-2.7373e+06 1.9998e+02 -4.8854e+03 1.6082e+04 -8.3596e+03 4.9331e+03
-2.7732e+06 2.2264e+02 -4.8763e+03 1.6081e+04 -1.5843e+03 3.6344e+03
-3.0090e+06 2.4557e+02 -4.7881e+03 1.6028e+04 2.6347e+02 -6.3836e+02
-2.3940e+06 2.6398e+02 -4.6865e+03 1.5967e+04 -4.8681e+03 -2.6260e+03
-2.4587e+06 2.6371e+02 -4.5838e+03 1.5906e+04 -1.6246e+04 -2.9143e+03
7.0880e+06 2.1916e+02 -4.4798e+03 1.5844e+04 1.0325e+05 -2.5344e+04
-6.8530e+06 1.5021e+02 -3.3311e+03 1.5123e+04 4.8409e+05 -2.0482e+04
-1.5120e+07 1.0009e+02 1.2867e+03 1.2208e+04 7.7163e+05 7.3793e+03
1.1952e+06 6.4780e+01 5.9333e+03 9.2697e+03 7.9385e+05 1.0704e+04
-1.0990e+07 2.4957e+01 1.0622e+04 6.3193e+03 7.6839e+05 2.0097e+04
-1.0307e+07 2.7591e+01 1.5373e+04 3.3896e+03 5.4396e+05 2.4629e+04
2.4292e+06 9.1042e+01 1.7811e+04 1.9446e+03 1.6435e+05 1.8542e+04
-2.5496e+06 1.3815e+02 1.7864e+04 1.9823e+03 -5.5170e+03 1.8403e+04
-3.7540e+06 1.4223e+02 1.7917e+04 2.0189e+03 -4.3367e+03 2.0549e+04
-2.5059e+06 1.3455e+02 1.7970e+04 2.0545e+03 -5.8523e+02 1.9686e+04
-3.1994e+06 1.2755e+02 1.8022e+04 2.0889e+03 -7.2215e+02 1.9798e+04
-2.9040e+06 1.2191e+02 1.8075e+04 2.1222e+03 -8.0966e+01 1.9471e+04
-3.1220e+06 1.1637e+02 1.8128e+04 2.1543e+03 -1.4239e+02 1.9329e+04
-3.0471e+06 1.1090e+02 1.8181e+04 2.1851e+03 -1.7013e+01 1.9065e+04
-3.1038e+06 1.0622e+02 1.8233e+04 2.2147e+03 -4.3921e+01 1.8855e+04
-3.0890e+06 1.0237e+02 1.8286e+04 2.2429e+03 4.8696e+00 1.8620e+04
-3.1206e+06 9.9030e+01 1.8339e+04 2.2699e+03 -4.4136e+00 1.8401e+04
-3.1309e+06 9.5896e+01 1.8391e+04 2.2954e+03 1.2597e+00 1.8177e+04
-3.1664e+06 9.2834e+01 1.8443e+04 2.3195e+03 -5.5829e+00 1.7951e+04
-3.1923e+06 8.9957e+01 1.8495e+04 2.3421e+03 -5.4963e+00 1.7727e+04
-3.2141e+06 8.7215e+01 1.8548e+04 2.3632e+03 -5.0678e+00 1.7486e+04
-3.2627e+06 8.4429e+01 1.8599e+04 2.3828e+03 -3.2165e+00 1.7260e+04
-3.0590e+06 1.3744e+02 -4.9461e+03 1.6074e+04 -1.0649e+03 -6.8313e+02
-3.0349e+06 1.4566e+02 -4.9382e+03 1.6074e+04 -2.6692e+03 -3.3881e+02
-3.0372e+06 1.5519e+02 -4.9301e+03 1.6074e+04 -3.6296e+03 -2.6951e+02
-2.9340e+06 1.6433e+02 -4.9219e+03 1.6074e+04 -4.2247e+03 -2.9133e+01
-2.7823e+06 1.7244e+02 -4.9135e+03 1.6074e+04 -6.5811e+03 8.7501e+02
-2.9407e+06 1.8469e+02 -4.9049e+03 1.6073e+04 -8.9060e+03 3.3500e+03
-2.5827e+06 2.0655e+02 -4.8961e+03 1.6072e+04 -2.2959e+03 4.8988e+03
-3.0836e+06 2.3230e+02 -4.8730e+03 1.6062e+04 5.9724e+03 1.6418e+03
-2.3559e+06 2.5407e+02 -4.7727e+03 1.6001e+04 7.0412e+03 -1.9473e+03
-3.8486e+06 2.6917e+02 -4.6712e+03 1.5940e+04 -7.9215e+03 -3.1845e+03
1.4412e+06 2.6037e+02 -4.5686e+03 1.5878e+04 -4.9631e+03 -3.1737e+03
3.1952e+06 2.1030e+02 -4.4647e+03 1.5816e+04 1.9374e+05 -3.8406e+03
-9.0668e+06 1.4351e+02 -2.2225e+03 1.4408e+04 5.7654e+05 3.2158e+02
-1.1936e+07 9.9843e+01 2.3888e+03 1.1505e+04 7.7734e+05 7.1727e+03
2.9658e+06 6.8447e+01 7.0335e+03 8.5759e+03 7.9345e+05 1.2260e+04
-1.7410e+07 3.3130e+01 1.1727e+04 5.6459e+03 7.5522e+05 2.0494e+04
-6.0406e+06 4.5874e+01 1.6485e+04 2.7383e+03 4.4235e+05 -1.7359e+03
8.3449e+06 1.0752e+02 1.7753e+04 2.0270e+03 8.3334e+04 -4.4834e+03
-7.0397e+06 1.4110e+02 1.7806e+04 2.0650e+03 -8.4258e+03 2.0539e+04
-8.2898e+05 1.3889e+02 1.7859e+04 2.1021e+03 -1.2859e+03 2.1007e+04
-4.0603e+06 1.3158e+02 1.7912e+04 2.1380e+03 -1.4842e+03 2.0100e+04
-2.4514e+06 1.2513e+02 1.7966e+04 2.1728e+03 -1.2088e+01 1.9963e+04
-3.3657e+06 1.1962e+02 1.8019e+04 2.2065e+03 -3.7999e+02 1.9626e+04
-2.9510e+06 1.1403e+02 1.8072e+04 2.2389e+03 7.5917e+01 1.9462e+04
-3.2130e+06 1.0910e+02 1.8125e+04 2.2701e+03 -9.3783e+01 1.9213e+04
-3.0556e+06 1.0540e+02 1.8179e+04 2.3001e+03 1.7183e+01 1.9015e+04
-3.1477e+06 1.0221e+02 1.8232e+04 2.3287e+03 -1.4926e+01 1.8789e+04
-3.1145e+06 9.8828e+01 1.8285e+04 2.3559e+03 1.1496e+01 1.8570e+04
-3.1602e+06 9.5292e+01 1.8338e+04 2.3817e+03 -3.5088e+00 1.8346e+04
-3.1843e+06 9.1901e+01 1.8391e+04 2.4061e+03 1.0138e+00 1.8119e+04
-3.2252e+06 8.8857e+01 1.8444e+04 2.4290e+03 -4.7544e+00 1.7896e+04
-3.2540e+06 8.6125e+01 1.8496e+04 2.4504e+03 3.4591e-01 1.7652e+04
-3.2847e+06 8.3617e+01 1.8549e+04 2.4703e+03 -6.6436e-01 1.7427e+04
-3.0777e+06 1.3948e+02 -4.9559e+03 1.6067e+04 -7.0037e+02 -9.2454e+02
-3.0297e+06 1.4772e+02 -4.9481e+03 1.6067e+04 -2.1972e+03 -9.2685e+02
-3.0413e+06 1.5759e+02 -4.9402e+03 1.6066e+04 -1.7114e+03 -1.1133e+03
-2.9976e+06 1.6645e+02 -4.9321e+03 1.6066e+04 -2.5060e+03 -3.7180e+02
-2.7749e+06 1.7543e+02 -4.9238e+03 1.6065e+04 -5.1302e+03 1.7670e+03
-2.8337e+06 1.9163e+02 -4.9154e+03 1.6064e+04 -4.7887e+03 5.7883e+03
-2.4002e+06 2.1998e+02 -4.9068e+03 1.6062e+04 9.7478e+03 6.0170e+03
-3.3922e+06 2.4760e+02 -4.8573e+03 1.6034e+04 1.8480e+04 -1.7242e+02
-1.6049e+06 2.6486e+02 -4.7572e+03 1.5973e+04 1.6011e+04 -4.1426e+03
-5.3199e+06 2.7359e+02 -4.6558e+03 1.5911e+04 -1.0582e+04 -5.3443e+03
6.0409e+06 2.5636e+02 -4.5533e+03 1.5849e+04 6.0815e+03 -5.9730e+03
7.0335e+04 2.0692e+02 -4.4496e+03 1.5787e+04 2.8439e+05 1.5922e+04
-1.2259e+07 1.4793e+02 -1.1187e+03 1.3700e+04 6.6391e+05 2.0690e+04
-8.5442e+06 1.0534e+02 3.4901e+03 1.0806e+04 7.7997e+05 6.0490e+03
2.9796e+06 6.7083e+01 8.1337e+03 7.8890e+03 7.8560e+05 1.4677e+04
-2.0725e+07 3.3450e+01 1.2833e+04 4.9815e+03 7.1537e+05 4.3177e+04
-9.8098e+04 6.0018e+01 1.7597e+04 2.0969e+03 3.3702e+05 2.2286e+04
1.1285e+07 1.2057e+02 1.7693e+04 2.1107e+03 1.9025e+04 1.3900e+03
-1.0952e+07 1.4140e+02 1.7747e+04 2.1492e+03 -9.7737e+03 2.1647e+04
1.3658e+06 1.3476e+02 1.7800e+04 2.1866e+03 6.5601e+02 2.0780e+04
-5.4296e+06 1.2837e+02 1.7854e+04 2.2230e+03 -1.8628e+03 2.0357e+04
-1.6997e+06 1.2300e+02 1.7908e+04 2.2582e+03 3.6877e+02 2.0059e+04
-3.8559e+06 1.1804e+02 1.7962e+04 2.2922e+03 -6.0314e+02 1.9813e+04
-2.6690e+06 1.1284e+02 1.8015e+04 2.3250e+03 1.3818e+02 1.9608e+04
-3.4218e+06 1.0840e+02 1.8069e+04 2.3566e+03 -1.6587e+02 1.9389e+04
-2.9565e+06 1.0500e+02 1.8123e+04 2.3869e+03 2.4285e+01 1.9179e+04
-3.2447e+06 1.0172e+02 1.8177e+04 2.4158e+03 -4.5498e+01 1.8961e+04
-3.0848e+06 9.8049e+01 1.8230e+04 2.4434e+03 5.3530e+00 1.8738e+04
-3.2265e+06 9.4340e+01 1.8284e+04 2.4696e+03 -2.6039e+01 1.8516e+04
-3.1919e+06 9.0915e+01 1.8337e+04 2.4943e+03 -8.5261e+00 1.8288e+04
-3.2754e+06 8.7892e+01 1.8391e+04 2.5175e+03 -1.9934e+01 1.8063e+04
-3.2733e+06 8.5346e+01 1.8444e+04 2.5392e+03 -4.1981e+00 1.7826e+04
-3.3238e+06 8.3242e+01 1.8497e+04 2.5593e+03 5.7717e+00 1.7595e+04
-3.0908e+06 1.4060e+02 -4.9655e+03 1.6059e+04 -8.3972e+02 -8.8159e+02
-3.0055e+06 1.4899e+02 -4.9579e+03 1.6058e+04 -1.9555e+03 -6.8044e+02
-3.1541e+06 1.5960e+02 -4.9501e+03 1.6057e+04 -6.3926e+02 3.5651e+02
-3.0801e+06 1.7083e+02 -4.9422e+03 1.6056e+04 2.5724e+02 2.5254e+03
-2.7590e+06 1.8477e+02 -4.9341e+03 1.6055e+04 1.2523e+03 5.7956e+03
-2.7265e+06 2.0458e+02 -4.9258e+03 1.6053e+04 2.6697e+03 9.6856e+03
-2.3772e+06 2.3242e+02 -4.9173e+03 1.6051e+04 1.5157e+04 6.8796e+03
-3.4837e+06 2.5706e+02 -4.8416e+03 1.6005e+04 2.0703e+04 -3.2061e+02
-1.3713e+06 2.6962e+02 -4.7416e+03 1.5944e+04 1.5178e+04 -2.7938e+03
-5.4522e+06 2.7065e+02 -4.6404e+03 1.5882e+04 -1.4508e+04 -3.0564e+03
8.9972e+06 2.4362e+02 -4.5380e+03 1.5820e+04 3.3857e+04 -1.7506e+04
-3.1733e+06 1.9302e+02 -4.4344e+03 1.5758e+04 3.7796e+05 3.4521e+03
-1.5812e+07 1.3969e+02 -1.5708e+01 1.2995e+04 7.3232e+05 2.2715e+04
-2.8100e+06 9.3477e+01 4.5903e+03 1.0113e+04 7.8686e+05 9.4648e+03
-3.0408e+06 4.4763e+01 9.2341e+03 7.2108e+03 7.7359e+05 2.2441e+04
-1.6397e+07 2.3012e+01 1.3939e+04 4.3266e+03 6.3446e+05 5.6907e+04
7.3768e+05 7.2643e+01 1.7578e+04 2.1558e+03 2.4224e+05 4.7406e+04
5.8082e+06 1.3022e+02 1.7632e+04 2.1957e+03 -4.8699e+03 1.8951e+04
-8.0847e+06 1.4035e+02 1.7687e+04 2.2346e+03 -7.3792e+03 2.1400e+04
-1.6665e+05 1.3238e+02 1.7741e+04 2.2725e+03 8.4154e+02 2.0359e+04
-4.5635e+06 1.2651e+02 1.7795e+04 2.3093e+03 -1.3088e+03 2.0511e+04
-2.2036e+06 1.2171e+02 1.7849e+04 2.3449e+03 3.5931e+02 2.0181e+04
-3.5377e+06 1.1686e+02 1.7903e+04 2.3793e+03 -4.1189e+02 2.0023e+04
-2.8515e+06 1.1194e+02 1.7958e+04 2.4125e+03 1.0598e+02 1.9779e+04
-3.2699e+06 1.0786e+02 1.8012e+04 2.4445e+03 -1.1336e+02 1.9582e+04
-3.0154e+06 1.0449e+02 1.8066e+04 2.4751e+03 2.5802e+01 1.9346e+04
-3.1842e+06 1.0094e+02 1.8120e+04 2.5045e+03 -2.7716e+01 1.9134e+04
-3.1087e+06 9.7071e+01 1.8174e+04 2.5324e+03 1.0871e+01 1.8906e+04
-3.2054e+06 9.3359e+01 1.8228e+04 2.5589e+03 -1.3100e+01 1.8687e+04
-3.2105e+06 9.0046e+01 1.8283e+04 2.5839e+03 -1.5486e-01 1.8458e+04
-3.2692e+06 8.7221e+01 1.8336e+04 2.6075e+03 -7.5690e+00 1.8229e+04
-3.2927e+06 8.5002e+01 1.8390e+04 2.6295e+03 3.3006e-01 1.8002e+04
-3.3252e+06 8.3266e+01 1.8444e+04 2.6499e+03 3.0260e+00 1.7763e+04
