  1    1089
-4.4276e+06 3.6308e+01 1.4856e+04 -1.2198e+04 8.2146e+00 -1.5050e+04
-4.7586e+06 3.6309e+01 1.4762e+04 -1.2341e+04 -6.3421e+00 -1.4954e+04
-4.4069e+06 3.6314e+01 1.4664e+04 -1.2485e+04 7.3703e+00 -1.4857e+04
-4.7906e+06 3.6319e+01 1.4563e+04 -1.2631e+04 -1.2248e+01 -1.4761e+04
-4.3529e+06 3.6331e+01 1.4459e+04 -1.2778e+04 4.9931e+00 -1.4662e+04
-4.7088e+06 3.6350e+01 1.4352e+04 -1.2927e+04 -2.3244e+01 -1.4563e+04
-4.1230e+06 3.6386e+01 1.4241e+04 -1.3077e+04 -8.1540e+00 -1.4462e+04
-4.5355e+06 3.6450e+01 1.4126e+04 -1.3229e+04 -6.1515e+01 -1.4361e+04
-3.3613e+06 3.6569e+01 1.4007e+04 -1.3382e+04 -6.0385e+01 -1.4258e+04
-3.6967e+06 3.6773e+01 1.3884e+04 -1.3537e+04 -1.5629e+02 -1.4155e+04
-1.2343e+06 3.7104e+01 1.3757e+04 -1.3693e+04 -2.5764e+02 -1.4053e+04
-2.9329e+05 3.6895e+01 1.3625e+04 -1.3851e+04 -7.2128e+02 -1.3960e+04
7.8612e+06 3.4447e+01 1.3489e+04 -1.4010e+04 -1.9579e+02 -1.3836e+04
1.4955e+07 3.0823e+01 1.3347e+04 -1.4171e+04 4.2628e+02 -1.3790e+04
2.3060e+07 2.9852e+01 1.3201e+04 -1.4333e+04 1.3651e+03 -1.3655e+04
4.6987e+06 3.3422e+01 1.3049e+04 -1.4497e+04 -1.0655e+04 -1.6687e+04
-1.7901e+07 4.1058e+01 1.2892e+04 -1.4662e+04 -1.1796e+05 -4.6749e+04
-4.2348e+06 4.8167e+01 1.1877e+04 -1.3700e+04 -3.1119e+05 -1.0406e+05
-1.5649e+07 4.6954e+01 9.8471e+03 -1.1287e+04 -4.2278e+05 -1.5415e+05
-3.4641e+07 3.8369e+01 7.8980e+03 -8.8283e+03 -4.2108e+05 -2.0278e+05
-2.8325e+07 3.2563e+01 6.5278e+03 -7.0796e+03 -3.9517e+05 -2.4880e+05
-2.1926e+07 3.2509e+01 5.2170e+03 -5.3363e+03 -3.4324e+05 -2.7862e+05
-2.5502e+07 3.3771e+01 4.1904e+03 -3.9450e+03 -2.6209e+05 -2.8833e+05
-2.5108e+07 3.4465e+01 3.5786e+03 -3.1214e+03 -2.0087e+05 -2.6475e+05
-2.2745e+07 3.4620e+01 3.0742e+03 -2.4235e+03 -1.6238e+05 -2.3083e+05
-2.8277e+07 3.4418e+01 2.7744e+03 -2.0218e+03 -1.2626e+05 -2.0701e+05
-2.9391e+07 3.4247e+01 2.7261e+03 -2.0284e+03 -1.0112e+05 -1.8303e+05
-2.8795e+07 3.4238e+01 2.6961e+03 -2.0683e+03 -8.7626e+04 -1.5655e+05
-3.0352e+07 3.4275e+01 2.6646e+03 -2.1089e+03 -7.6148e+04 -1.3182e+05
-3.0827e+07 3.4441e+01 2.6316e+03 -2.1501e+03 -6.5727e+04 -1.0857e+05
-3.2961e+07 3.4562e+01 2.5970e+03 -2.1920e+03 -5.6491e+04 -8.5594e+04
-3.4537e+07 3.4397e+01 2.5608e+03 -2.2344e+03 -4.8725e+04 -5.8863e+04
-2.7509e+07 3.4610e+01 2.5228e+03 -2.2774e+03 -3.6288e+04 -2.8995e+04
-4.9149e+06 3.6308e+01 1.5037e+04 -1.2076e+04 -7.4824e+00 -1.4720e+04
-4.2500e+06 3.6308e+01 1.4945e+04 -1.2218e+04 1.2281e+01 -1.4627e+04
-5.0160e+06 3.6311e+01 1.4851e+04 -1.2360e+04 -8.5564e+00 -1.4544e+04
-4.1295e+06 3.6316e+01 1.4753e+04 -1.2505e+04 1.1209e+01 -1.4444e+04
-5.1053e+06 3.6322e+01 1.4653e+04 -1.2650e+04 -1.6627e+01 -1.4346e+04
-3.9452e+06 3.6338e+01 1.4549e+04 -1.2798e+04 9.1734e+00 -1.4246e+04
-5.1982e+06 3.6362e+01 1.4441e+04 -1.2947e+04 -3.6386e+01 -1.4147e+04
-3.4249e+06 3.6410e+01 1.4330e+04 -1.3097e+04 -4.5795e+00 -1.4044e+04
-5.1708e+06 3.6493e+01 1.4215e+04 -1.3249e+04 -8.9911e+01 -1.3943e+04
-2.2044e+06 3.6642e+01 1.4095e+04 -1.3403e+04 -6.0179e+01 -1.3837e+04
-4.4730e+06 3.6895e+01 1.3972e+04 -1.3558e+04 -2.2025e+02 -1.3734e+04
1.9171e+05 3.7189e+01 1.3844e+04 -1.3715e+04 -4.1518e+02 -1.3639e+04
-1.0937e+06 3.6299e+01 1.3711e+04 -1.3873e+04 -7.5699e+02 -1.3524e+04
1.0862e+07 3.3025e+01 1.3574e+04 -1.4033e+04 4.0455e+01 -1.3442e+04
1.1722e+07 2.9984e+01 1.3432e+04 -1.4195e+04 5.9747e+02 -1.3335e+04
2.1294e+07 3.0818e+01 1.3284e+04 -1.4358e+04 -3.3633e+01 -1.3446e+04
-7.8163e+06 3.6239e+01 1.3131e+04 -1.4523e+04 -3.7253e+04 -2.8720e+04
-1.0432e+07 4.3603e+01 1.2967e+04 -1.4684e+04 -1.8136e+05 -8.3375e+04
8.6573e+06 4.7252e+01 1.1264e+04 -1.2817e+04 -3.3793e+05 -1.7616e+05
-2.8832e+07 4.4050e+01 9.7559e+03 -1.1101e+04 -3.8875e+05 -2.4971e+05
-2.0044e+07 3.6837e+01 8.3501e+03 -9.4275e+03 -3.8196e+05 -2.8122e+05
-3.2875e+07 3.0889e+01 6.9964e+03 -7.7292e+03 -3.4336e+05 -3.2072e+05
-2.5970e+07 2.8834e+01 6.2927e+03 -6.9217e+03 -2.9962e+05 -3.6132e+05
-1.4488e+07 2.8932e+01 5.6340e+03 -6.1356e+03 -2.7255e+05 -3.8280e+05
-1.4161e+07 2.9076e+01 5.1750e+03 -5.6232e+03 -2.4806e+05 -3.9873e+05
-9.0169e+06 2.9285e+01 4.8244e+03 -5.2530e+03 -2.2982e+05 -4.0075e+05
-1.3708e+07 2.9727e+01 4.4836e+03 -4.8765e+03 -2.1537e+05 -3.8283e+05
-1.3938e+07 3.0367e+01 4.1534e+03 -4.4939e+03 -2.0169e+05 -3.5742e+05
-2.1251e+07 3.1264e+01 3.8613e+03 -4.1545e+03 -1.8925e+05 -3.3382e+05
-2.1091e+07 3.2354e+01 3.5956e+03 -3.8393e+03 -1.7859e+05 -3.1092e+05
-2.9598e+07 3.3335e+01 3.3395e+03 -3.5195e+03 -1.7093e+05 -2.8764e+05
-2.6796e+07 3.4584e+01 3.0938e+03 -3.1951e+03 -1.7079e+05 -2.5361e+05
-2.8246e+07 3.8784e+01 2.7704e+03 -2.6791e+03 -1.6636e+05 -1.9810e+05
-4.5140e+06 3.6308e+01 1.5216e+04 -1.1949e+04 5.6957e-01 -1.4394e+04
-4.7569e+06 3.6307e+01 1.5128e+04 -1.2089e+04 8.7219e+00 -1.4287e+04
-4.5017e+06 3.6312e+01 1.5037e+04 -1.2230e+04 -3.2652e+00 -1.4199e+04
-4.7906e+06 3.6315e+01 1.4943e+04 -1.2373e+04 -2.8319e+00 -1.4101e+04
-4.4721e+06 3.6319e+01 1.4846e+04 -1.2517e+04 -6.1958e+00 -1.4002e+04
-4.7367e+06 3.6330e+01 1.4745e+04 -1.2662e+04 -3.8732e+00 -1.3903e+04
-4.3503e+06 3.6349e+01 1.4641e+04 -1.2810e+04 -1.7770e+01 -1.3802e+04
-4.6623e+06 3.6381e+01 1.4534e+04 -1.2959e+04 -1.7693e+01 -1.3701e+04
-3.9451e+06 3.6440e+01 1.4422e+04 -1.3109e+04 -4.8091e+01 -1.3598e+04
-4.3156e+06 3.6546e+01 1.4307e+04 -1.3262e+04 -7.0241e+01 -1.3495e+04
-2.7901e+06 3.6725e+01 1.4187e+04 -1.3416e+04 -1.2272e+02 -1.3391e+04
-2.6582e+06 3.7026e+01 1.4063e+04 -1.3572e+04 -2.1818e+02 -1.3286e+04
4.4473e+05 3.7104e+01 1.3935e+04 -1.3729e+04 -5.9381e+02 -1.3193e+04
4.2596e+06 3.5339e+01 1.3801e+04 -1.3888e+04 -3.4879e+02 -1.3076e+04
1.3084e+07 3.1925e+01 1.3663e+04 -1.4049e+04 1.8031e+02 -1.3023e+04
1.5667e+07 3.0502e+01 1.3520e+04 -1.4212e+04 9.1910e+02 -1.2888e+04
9.7511e+06 3.2949e+01 1.3371e+04 -1.4377e+04 -3.9086e+03 -1.3634e+04
-1.2227e+07 3.7807e+01 1.3216e+04 -1.4543e+04 -5.9825e+04 -4.1220e+04
-1.0849e+07 4.2678e+01 1.3051e+04 -1.4705e+04 -1.8210e+05 -1.2129e+05
-1.1686e+06 4.4848e+01 1.1727e+04 -1.3352e+04 -2.9544e+05 -2.1683e+05
-7.8741e+06 4.2326e+01 1.0256e+04 -1.1719e+04 -3.3502e+05 -2.9345e+05
-1.7528e+07 3.7150e+01 9.1957e+03 -1.0563e+04 -3.1495e+05 -3.5158e+05
-2.4225e+07 3.2895e+01 8.4689e+03 -9.8267e+03 -2.9172e+05 -3.7969e+05
-2.4272e+07 2.9927e+01 7.7641e+03 -9.0803e+03 -2.7089e+05 -3.9478e+05
-3.7708e+07 2.7757e+01 7.3543e+03 -8.7445e+03 -2.5116e+05 -4.0867e+05
-2.4553e+07 2.6440e+01 6.9561e+03 -8.4086e+03 -2.4813e+05 -4.1154e+05
-3.2126e+07 2.5707e+01 6.5658e+03 -8.0663e+03 -2.4844e+05 -4.1099e+05
-1.7710e+07 2.5624e+01 6.1841e+03 -7.7179e+03 -2.4397e+05 -4.1203e+05
-2.7598e+07 2.6207e+01 5.8500e+03 -7.4313e+03 -2.4052e+05 -4.1359e+05
-1.0955e+07 2.7097e+01 5.5286e+03 -7.1488e+03 -2.3856e+05 -4.1350e+05
-2.8580e+07 2.8208e+01 5.2147e+03 -6.8613e+03 -2.4146e+05 -4.1240e+05
-1.7090e+07 3.0048e+01 4.9088e+03 -6.5689e+03 -2.6533e+05 -3.9384e+05
-3.7290e+07 3.7737e+01 4.3919e+03 -5.8201e+03 -3.0732e+05 -3.2650e+05
-4.7227e+06 3.6307e+01 1.5395e+04 -1.1817e+04 1.0900e+00 -1.4064e+04
-4.5421e+06 3.6306e+01 1.5311e+04 -1.1954e+04 6.7714e+00 -1.3960e+04
-4.7470e+06 3.6311e+01 1.5223e+04 -1.2094e+04 -1.8517e+00 -1.3873e+04
-4.5460e+06 3.6313e+01 1.5132e+04 -1.2234e+04 -4.0693e+00 -1.3774e+04
-4.7238e+06 3.6315e+01 1.5038e+04 -1.2377e+04 -1.7381e+00 -1.3676e+04
-4.5190e+06 3.6323e+01 1.4941e+04 -1.2521e+04 -5.8382e+00 -1.3577e+04
-4.6955e+06 3.6337e+01 1.4841e+04 -1.2667e+04 -1.0462e+01 -1.3476e+04
-4.3542e+06 3.6360e+01 1.4737e+04 -1.2814e+04 -1.7029e+01 -1.3374e+04
-4.5744e+06 3.6401e+01 1.4629e+04 -1.2963e+04 -2.9068e+01 -1.3272e+04
-3.9075e+06 3.6475e+01 1.4518e+04 -1.3114e+04 -5.4348e+01 -1.3169e+04
-4.1105e+06 3.6601e+01 1.4402e+04 -1.3267e+04 -9.4256e+01 -1.3064e+04
-2.9511e+06 3.6815e+01 1.4282e+04 -1.3421e+04 -1.5783e+02 -1.2958e+04
-2.7815e+06 3.7133e+01 1.4158e+04 -1.3577e+04 -3.7067e+02 -1.2858e+04
-1.1629e+05 3.6779e+01 1.4029e+04 -1.3735e+04 -6.0747e+02 -1.2751e+04
4.0758e+06 3.4559e+01 1.3895e+04 -1.3895e+04 -2.8029e+02 -1.2668e+04
1.1951e+07 3.1623e+01 1.3756e+04 -1.4057e+04 3.8101e+02 -1.2615e+04
1.5431e+07 3.0640e+01 1.3612e+04 -1.4221e+04 5.7495e+02 -1.2541e+04
7.5086e+06 3.2344e+01 1.3461e+04 -1.4387e+04 -4.4003e+03 -1.3483e+04
-1.4941e+07 3.5915e+01 1.3305e+04 -1.4555e+04 -4.7711e+04 -3.5016e+04
-9.3084e+06 3.9626e+01 1.3143e+04 -1.4724e+04 -1.3731e+05 -1.0346e+05
-4.1391e+06 4.1247e+01 1.2353e+04 -1.4083e+04 -2.0534e+05 -2.0437e+05
-8.2641e+06 4.0618e+01 1.1533e+04 -1.3366e+04 -2.2872e+05 -2.9561e+05
-1.1045e+05 3.8878e+01 1.0752e+04 -1.2665e+04 -2.4345e+05 -3.5872e+05
-9.7260e+05 3.6739e+01 1.0088e+04 -1.2089e+04 -2.4612e+05 -3.9765e+05
-4.1066e+06 3.5293e+01 9.6329e+03 -1.1792e+04 -2.4060e+05 -4.1204e+05
-3.2753e+06 3.4575e+01 9.1840e+03 -1.1488e+04 -2.4198e+05 -4.1224e+05
-1.0392e+07 3.3283e+01 8.7419e+03 -1.1179e+04 -2.4402e+05 -4.1284e+05
-1.0993e+07 3.1694e+01 8.3135e+03 -1.0874e+04 -2.4189e+05 -4.1535e+05
-2.0315e+07 3.0759e+01 7.9316e+03 -1.0629e+04 -2.4111e+05 -4.1743e+05
-1.8587e+07 3.0415e+01 7.5551e+03 -1.0379e+04 -2.4228e+05 -4.1771e+05
-3.6266e+07 3.1056e+01 7.1844e+03 -1.0125e+04 -2.5049e+05 -4.1198e+05
-3.7626e+07 3.2076e+01 6.8176e+03 -9.8610e+03 -2.9849e+05 -3.6171e+05
-4.5642e+07 3.5635e+01 6.1026e+03 -8.8943e+03 -3.8105e+05 -2.4629e+05
-4.6247e+06 3.6307e+01 1.5573e+04 -1.1679e+04 9.7278e-01 -1.3738e+04
-4.6524e+06 3.6305e+01 1.5492e+04 -1.1815e+04 7.9586e+00 -1.3633e+04
-4.6688e+06 3.6310e+01 1.5408e+04 -1.1952e+04 -3.2433e+00 -1.3546e+04
-4.6464e+06 3.6311e+01 1.5320e+04 -1.2090e+04 -1.4434e+00 -1.3447e+04
-4.6977e+06 3.6313e+01 1.5230e+04 -1.2231e+04 -3.8196e+00 -1.3349e+04
-4.5536e+06 3.6318e+01 1.5137e+04 -1.2373e+04 1.3764e+00 -1.3249e+04
-4.7030e+06 3.6328e+01 1.5040e+04 -1.2517e+04 -1.1776e+01 -1.3149e+04
-4.4698e+06 3.6345e+01 1.4940e+04 -1.2662e+04 -6.4977e+00 -1.3047e+04
-4.5875e+06 3.6374e+01 1.4836e+04 -1.2810e+04 -2.7049e+01 -1.2945e+04
-4.2232e+06 3.6424e+01 1.4729e+04 -1.2959e+04 -2.8871e+01 -1.2841e+04
-4.1635e+06 3.6511e+01 1.4617e+04 -1.3110e+04 -7.0829e+01 -1.2738e+04
-3.2134e+06 3.6657e+01 1.4502e+04 -1.3263e+04 -8.1240e+01 -1.2632e+04
-2.7694e+06 3.6907e+01 1.4381e+04 -1.3418e+04 -1.8923e+02 -1.2527e+04
-4.3423e+05 3.7141e+01 1.4257e+04 -1.3575e+04 -3.4911e+02 -1.2426e+04
1.5058e+06 3.6266e+01 1.4127e+04 -1.3734e+04 -4.4721e+02 -1.2319e+04
7.0133e+06 3.3289e+01 1.3993e+04 -1.3894e+04 -4.1505e+01 -1.2233e+04
9.2721e+06 3.0073e+01 1.3853e+04 -1.4057e+04 3.8007e+02 -1.2179e+04
1.4044e+07 2.9245e+01 1.3707e+04 -1.4222e+04 8.6870e+02 -1.2075e+04
8.6905e+06 3.1010e+01 1.3556e+04 -1.4390e+04 -2.7101e+03 -1.2583e+04
-4.9777e+06 3.3784e+01 1.3399e+04 -1.4559e+04 -2.6434e+04 -2.4625e+04
-7.3768e+06 3.5750e+01 1.3235e+04 -1.4730e+04 -6.0384e+04 -6.4982e+04
-1.0519e+07 3.6610e+01 1.3064e+04 -1.4903e+04 -8.6400e+04 -1.2370e+05
-7.7118e+06 3.7134e+01 1.2886e+04 -1.5079e+04 -1.1355e+05 -1.7874e+05
-6.5932e+06 3.7596e+01 1.2539e+04 -1.5035e+04 -1.3969e+05 -2.2285e+05
-6.3683e+06 3.9064e+01 1.2036e+04 -1.4770e+04 -1.5689e+05 -2.5635e+05
-7.9482e+06 4.1371e+01 1.1537e+04 -1.4500e+04 -1.6999e+05 -2.8544e+05
-3.7029e+06 4.1501e+01 1.1044e+04 -1.4223e+04 -1.8149e+05 -3.1459e+05
-1.5217e+06 3.9351e+01 1.0575e+04 -1.3970e+04 -1.9021e+05 -3.4309e+05
3.3554e+06 3.7729e+01 1.0138e+04 -1.3758e+04 -1.9887e+05 -3.6917e+05
2.5374e+06 3.7960e+01 9.7056e+03 -1.3540e+04 -2.1111e+05 -3.9273e+05
-7.8442e+06 4.0638e+01 9.2764e+03 -1.3318e+04 -2.5162e+05 -3.7553e+05
-2.2806e+07 4.3370e+01 8.7294e+03 -1.2877e+04 -3.4397e+05 -2.6728e+05
-2.1640e+07 4.0798e+01 7.2947e+03 -1.0739e+04 -4.3305e+05 -1.3046e+05
-4.6482e+06 3.6306e+01 1.5750e+04 -1.1536e+04 2.7584e+00 -1.3411e+04
-4.6326e+06 3.6304e+01 1.5672e+04 -1.1669e+04 7.2256e+00 -1.3306e+04
-4.6680e+06 3.6309e+01 1.5591e+04 -1.1804e+04 -1.0037e+00 -1.3219e+04
-4.6851e+06 3.6311e+01 1.5508e+04 -1.1941e+04 -3.6613e+00 -1.3121e+04
-4.6313e+06 3.6312e+01 1.5421e+04 -1.2079e+04 -6.5334e-01 -1.3022e+04
-4.7024e+06 3.6316e+01 1.5331e+04 -1.2219e+04 -2.1889e+00 -1.2923e+04
-4.5721e+06 3.6323e+01 1.5238e+04 -1.2361e+04 -3.6077e+00 -1.2822e+04
-4.6759e+06 3.6335e+01 1.5142e+04 -1.2504e+04 -9.2786e+00 -1.2721e+04
-4.4868e+06 3.6355e+01 1.5042e+04 -1.2650e+04 -1.3748e+01 -1.2618e+04
-4.5225e+06 3.6389e+01 1.4939e+04 -1.2797e+04 -2.5690e+01 -1.2515e+04
-4.2247e+06 3.6447e+01 1.4832e+04 -1.2946e+04 -4.5450e+01 -1.2411e+04
-4.2555e+06 3.6545e+01 1.4720e+04 -1.3098e+04 -8.1544e+01 -1.2306e+04
-3.5599e+06 3.6706e+01 1.4605e+04 -1.3251e+04 -1.3285e+02 -1.2200e+04
-3.5757e+06 3.6953e+01 1.4484e+04 -1.3406e+04 -2.4998e+02 -1.2095e+04
-1.6005e+06 3.6859e+01 1.4360e+04 -1.3564e+04 -4.2837e+02 -1.1993e+04
9.3268e+05 3.5272e+01 1.4230e+04 -1.3723e+04 -3.5258e+02 -1.1893e+04
7.4039e+06 3.2152e+01 1.4095e+04 -1.3885e+04 9.9683e+01 -1.1806e+04
9.3789e+06 2.9615e+01 1.3954e+04 -1.4049e+04 4.2638e+02 -1.1735e+04
1.0223e+07 2.9628e+01 1.3808e+04 -1.4215e+04 5.0538e+02 -1.1665e+04
1.1962e+07 3.1452e+01 1.3655e+04 -1.4384e+04 -1.8283e+02 -1.1773e+04
7.8859e+06 3.2222e+01 1.3496e+04 -1.4555e+04 -1.8303e+03 -1.2452e+04
1.0118e+06 3.1611e+01 1.3331e+04 -1.4728e+04 -4.2861e+03 -1.3662e+04
-5.5149e+06 3.1786e+01 1.3158e+04 -1.4903e+04 -1.1874e+04 -1.7641e+04
-8.0612e+06 3.2797e+01 1.2978e+04 -1.5081e+04 -2.6429e+04 -3.1258e+04
-6.7359e+06 3.4764e+01 1.2790e+04 -1.5261e+04 -4.1250e+04 -5.6400e+04
-6.8237e+06 3.7730e+01 1.2594e+04 -1.5443e+04 -5.4069e+04 -8.6077e+04
-4.5261e+06 3.8901e+01 1.2388e+04 -1.5627e+04 -6.5911e+04 -1.1541e+05
-4.1139e+06 3.7649e+01 1.2174e+04 -1.5814e+04 -7.6726e+04 -1.4324e+05
1.3776e+06 3.6683e+01 1.1950e+04 -1.6002e+04 -8.6193e+04 -1.6898e+05
-5.8547e+06 3.8527e+01 1.1716e+04 -1.6193e+04 -1.0039e+05 -1.9312e+05
-1.6690e+07 4.4254e+01 1.1470e+04 -1.6384e+04 -1.8535e+05 -1.8797e+05
-5.1736e+06 5.0416e+01 1.0127e+04 -1.4727e+04 -3.5178e+05 -1.3214e+05
-2.5889e+07 4.7977e+01 8.1864e+03 -1.1862e+04 -4.5832e+05 -9.2065e+04
-4.6289e+06 3.6304e+01 1.5926e+04 -1.1387e+04 4.9951e+00 -1.3086e+04
-4.6369e+06 3.6303e+01 1.5851e+04 -1.1518e+04 9.4845e+00 -1.2981e+04
-4.6903e+06 3.6309e+01 1.5774e+04 -1.1650e+04 -1.3359e+00 -1.2894e+04
-4.6594e+06 3.6311e+01 1.5694e+04 -1.1785e+04 -3.2674e+00 -1.2795e+04
-4.7328e+06 3.6311e+01 1.5611e+04 -1.1921e+04 -2.9179e+00 -1.2697e+04
-4.5910e+06 3.6314e+01 1.5525e+04 -1.2059e+04 -3.0903e-02 -1.2597e+04
-4.7444e+06 3.6319e+01 1.5436e+04 -1.2198e+04 -4.9054e+00 -1.2497e+04
-4.5409e+06 3.6327e+01 1.5343e+04 -1.2340e+04 -4.1614e+00 -1.2395e+04
-4.7172e+06 3.6341e+01 1.5248e+04 -1.2483e+04 -1.3206e+01 -1.2293e+04
-4.4197e+06 3.6364e+01 1.5149e+04 -1.2628e+04 -1.4694e+01 -1.2190e+04
-4.5491e+06 3.6403e+01 1.5045e+04 -1.2775e+04 -3.0765e+01 -1.2087e+04
-3.9021e+06 3.6466e+01 1.4938e+04 -1.2925e+04 -3.9612e+01 -1.1982e+04
-3.9408e+06 3.6568e+01 1.4827e+04 -1.3076e+04 -7.0859e+01 -1.1876e+04
-2.5299e+06 3.6727e+01 1.4712e+04 -1.3230e+04 -1.0120e+02 -1.1771e+04
-2.5858e+06 3.6891e+01 1.4592e+04 -1.3386e+04 -2.2170e+02 -1.1666e+04
-9.1570e+05 3.6646e+01 1.4466e+04 -1.3544e+04 -4.0201e+02 -1.1561e+04
-7.5116e+05 3.5242e+01 1.4336e+04 -1.3704e+04 -4.1483e+02 -1.1473e+04
4.3917e+06 3.2877e+01 1.4201e+04 -1.3867e+04 -2.7493e+01 -1.1399e+04
7.4422e+06 3.1720e+01 1.4060e+04 -1.4032e+04 2.1392e+02 -1.1301e+04
7.8627e+06 3.2840e+01 1.3912e+04 -1.4199e+04 4.2242e+02 -1.1180e+04
1.0537e+07 3.3019e+01 1.3759e+04 -1.4369e+04 1.0087e+03 -1.1029e+04
1.5440e+07 3.0873e+01 1.3599e+04 -1.4542e+04 1.6839e+03 -1.0809e+04
1.5745e+07 2.9451e+01 1.3432e+04 -1.4717e+04 1.5629e+03 -1.0657e+04
1.4465e+07 2.9616e+01 1.3257e+04 -1.4894e+04 7.1568e+02 -1.0789e+04
8.6178e+06 3.0408e+01 1.3075e+04 -1.5074e+04 -5.2547e+02 -1.1261e+04
7.1700e+06 3.1409e+01 1.2884e+04 -1.5257e+04 -1.6911e+03 -1.1882e+04
2.6147e+06 3.1926e+01 1.2685e+04 -1.5442e+04 -2.9969e+03 -1.2484e+04
5.5329e+06 3.1785e+01 1.2476e+04 -1.5629e+04 -3.9414e+03 -1.3075e+04
3.7848e+06 3.1795e+01 1.2258e+04 -1.5819e+04 -4.3595e+03 -1.3523e+04
4.6765e+06 3.4173e+01 1.2030e+04 -1.6012e+04 -7.4340e+03 -1.4108e+04
-1.8849e+07 4.0789e+01 1.1791e+04 -1.6206e+04 -7.9323e+04 -2.8307e+04
1.3270e+06 4.8770e+01 1.1147e+04 -1.5762e+04 -2.6791e+05 -6.7181e+04
9.5236e+04 5.0774e+01 9.3004e+03 -1.3237e+04 -4.2171e+05 -1.2819e+05
-4.6655e+06 3.6305e+01 1.6100e+04 -1.1233e+04 4.4579e+00 -1.2762e+04
-4.6294e+06 3.6303e+01 1.6029e+04 -1.1361e+04 1.0190e+01 -1.2657e+04
-4.6969e+06 3.6308e+01 1.5955e+04 -1.1491e+04 -1.6238e-01 -1.2570e+04
-4.6758e+06 3.6310e+01 1.5878e+04 -1.1623e+04 -1.0096e+00 -1.2471e+04
-4.6891e+06 3.6310e+01 1.5799e+04 -1.1757e+04 -1.3917e+00 -1.2372e+04
-4.6838e+06 3.6312e+01 1.5717e+04 -1.1892e+04 -5.2829e-01 -1.2273e+04
-4.6627e+06 3.6316e+01 1.5632e+04 -1.2029e+04 -4.0382e+00 -1.2172e+04
-4.6575e+06 3.6321e+01 1.5544e+04 -1.2168e+04 -2.6288e+00 -1.2071e+04
-4.6415e+06 3.6331e+01 1.5452e+04 -1.2309e+04 -9.7487e+00 -1.1969e+04
-4.5779e+06 3.6346e+01 1.5357e+04 -1.2452e+04 -9.9070e+00 -1.1866e+04
-4.5553e+06 3.6371e+01 1.5258e+04 -1.2597e+04 -2.5563e+01 -1.1762e+04
-4.4900e+06 3.6410e+01 1.5156e+04 -1.2745e+04 -3.2983e+01 -1.1658e+04
-4.3787e+06 3.6472e+01 1.5049e+04 -1.2894e+04 -6.8262e+01 -1.1553e+04
-4.3668e+06 3.6566e+01 1.4938e+04 -1.3046e+04 -9.2143e+01 -1.1447e+04
-3.8794e+06 3.6698e+01 1.4823e+04 -1.3199e+04 -1.5059e+02 -1.1340e+04
-3.0161e+06 3.6850e+01 1.4703e+04 -1.3356e+04 -2.1397e+02 -1.1234e+04
-1.4030e+06 3.6751e+01 1.4578e+04 -1.3514e+04 -3.4826e+02 -1.1128e+04
-7.0980e+05 3.5988e+01 1.4448e+04 -1.3675e+04 -4.2853e+02 -1.1036e+04
-3.3456e+05 3.5189e+01 1.4312e+04 -1.3839e+04 -3.6240e+02 -1.0956e+04
4.2581e+06 3.5573e+01 1.4170e+04 -1.4005e+04 -1.5818e+02 -1.0858e+04
3.6790e+06 3.5711e+01 1.4022e+04 -1.4174e+04 -1.6895e+02 -1.0773e+04
4.0683e+06 3.3979e+01 1.3868e+04 -1.4346e+04 -2.1876e+02 -1.0718e+04
2.0223e+06 3.1938e+01 1.3706e+04 -1.4520e+04 -2.7768e+02 -1.0644e+04
5.3252e+06 3.1242e+01 1.3538e+04 -1.4697e+04 1.4202e+01 -1.0509e+04
6.5968e+06 3.1455e+01 1.3361e+04 -1.4877e+04 3.7243e+02 -1.0341e+04
1.2106e+07 3.1321e+01 1.3177e+04 -1.5059e+04 9.0161e+02 -1.0158e+04
1.1691e+07 3.1031e+01 1.2984e+04 -1.5245e+04 9.6074e+02 -9.9607e+03
1.9023e+07 3.1104e+01 1.2781e+04 -1.5433e+04 1.4641e+03 -9.7375e+03
2.0142e+07 3.1461e+01 1.2569e+04 -1.5624e+04 1.9130e+03 -9.5287e+03
3.0163e+07 3.3324e+01 1.2347e+04 -1.5817e+04 2.1635e+03 -9.3583e+03
1.1348e+07 3.8020e+01 1.2114e+04 -1.6013e+04 -2.1704e+04 -1.7179e+04
-9.3248e+05 4.4469e+01 1.1870e+04 -1.6212e+04 -1.3777e+05 -5.7091e+04
7.9629e+06 4.9768e+01 1.0874e+04 -1.5211e+04 -3.0931e+05 -1.3123e+05
-4.6635e+06 3.6307e+01 1.6273e+04 -1.1073e+04 2.8452e+00 -1.2439e+04
-4.6871e+06 3.6305e+01 1.6205e+04 -1.1199e+04 7.4724e+00 -1.2334e+04
-4.6885e+06 3.6309e+01 1.6134e+04 -1.1327e+04 2.0344e-01 -1.2246e+04
-4.6938e+06 3.6309e+01 1.6062e+04 -1.1456e+04 -1.4084e+00 -1.2147e+04
-4.7033e+06 3.6309e+01 1.5986e+04 -1.1587e+04 7.7893e-01 -1.2049e+04
-4.6561e+06 3.6310e+01 1.5908e+04 -1.1720e+04 1.9205e-01 -1.1949e+04
-4.7007e+06 3.6312e+01 1.5827e+04 -1.1854e+04 -5.9492e-01 -1.1849e+04
-4.6311e+06 3.6315e+01 1.5742e+04 -1.1991e+04 -1.5063e+00 -1.1748e+04
-4.6771e+06 3.6322e+01 1.5655e+04 -1.2129e+04 -4.9552e+00 -1.1646e+04
-4.5902e+06 3.6332e+01 1.5564e+04 -1.2270e+04 -8.1613e+00 -1.1543e+04
-4.5765e+06 3.6348e+01 1.5470e+04 -1.2412e+04 -1.0353e+01 -1.1440e+04
-4.3353e+06 3.6372e+01 1.5372e+04 -1.2557e+04 -1.4625e+01 -1.1336e+04
-4.2694e+06 3.6409e+01 1.5270e+04 -1.2704e+04 -2.0515e+01 -1.1231e+04
-3.7242e+06 3.6463e+01 1.5164e+04 -1.2853e+04 -3.1370e+01 -1.1125e+04
-3.6736e+06 3.6538e+01 1.5054e+04 -1.3005e+04 -5.0557e+01 -1.1020e+04
-3.4395e+06 3.6635e+01 1.4939e+04 -1.3159e+04 -9.4966e+01 -1.0913e+04
-3.9153e+06 3.6758e+01 1.4819e+04 -1.3316e+04 -1.7208e+02 -1.0806e+04
-2.7609e+06 3.6824e+01 1.4694e+04 -1.3475e+04 -2.3293e+02 -1.0698e+04
-1.3907e+06 3.6781e+01 1.4564e+04 -1.3637e+04 -3.4051e+02 -1.0592e+04
-2.8017e+06 3.6900e+01 1.4428e+04 -1.3802e+04 -4.8454e+02 -1.0496e+04
-8.1660e+05 3.7039e+01 1.4285e+04 -1.3969e+04 -4.7001e+02 -1.0401e+04
1.2980e+06 3.6620e+01 1.4137e+04 -1.4140e+04 -2.7503e+02 -1.0308e+04
4.0469e+06 3.5769e+01 1.3982e+04 -1.4313e+04 -9.3366e+01 -1.0207e+04
3.4949e+06 3.5316e+01 1.3819e+04 -1.4489e+04 -9.1041e+01 -1.0102e+04
2.9899e+06 3.5495e+01 1.3649e+04 -1.4668e+04 -2.4487e+02 -1.0014e+04
1.4845e+06 3.5594e+01 1.3471e+04 -1.4850e+04 -3.6460e+02 -9.9362e+03
2.7912e+06 3.5536e+01 1.3284e+04 -1.5036e+04 -5.9306e+02 -9.8533e+03
3.5563e+06 3.5582e+01 1.3089e+04 -1.5224e+04 -7.2599e+02 -9.7484e+03
9.2463e+06 3.5857e+01 1.2884e+04 -1.5415e+04 -5.1718e+02 -9.6670e+03
1.1868e+07 3.7045e+01 1.2668e+04 -1.5610e+04 -4.3445e+02 -9.5771e+03
1.6296e+07 3.8867e+01 1.2442e+04 -1.5807e+04 -2.4722e+03 -9.8050e+03
8.6748e+06 4.1418e+01 1.2204e+04 -1.6007e+04 -3.7449e+04 -2.4513e+04
3.3027e+06 4.6591e+01 1.1955e+04 -1.6210e+04 -1.5607e+05 -7.6335e+04
-4.6984e+06 3.6308e+01 1.6444e+04 -1.0909e+04 1.6003e+00 -1.2117e+04
-4.6935e+06 3.6306e+01 1.6379e+04 -1.1032e+04 6.8400e+00 -1.2012e+04
-4.7018e+06 3.6310e+01 1.6312e+04 -1.1156e+04 1.7424e-01 -1.1924e+04
-4.7212e+06 3.6310e+01 1.6243e+04 -1.1283e+04 -1.6766e+00 -1.1825e+04
-4.6801e+06 3.6308e+01 1.6171e+04 -1.1411e+04 1.4536e+00 -1.1727e+04
-4.7223e+06 3.6308e+01 1.6097e+04 -1.1541e+04 2.6857e-01 -1.1627e+04
-4.6369e+06 3.6309e+01 1.6020e+04 -1.1673e+04 1.8700e+00 -1.1527e+04
-4.7061e+06 3.6311e+01 1.5940e+04 -1.1806e+04 -1.7043e-01 -1.1426e+04
-4.6065e+06 3.6315e+01 1.5857e+04 -1.1942e+04 -5.0338e-01 -1.1324e+04
-4.6649e+06 3.6321e+01 1.5770e+04 -1.2080e+04 -3.2496e+00 -1.1221e+04
-4.5358e+06 3.6331e+01 1.5680e+04 -1.2220e+04 -5.6149e+00 -1.1118e+04
-4.6867e+06 3.6346e+01 1.5587e+04 -1.2362e+04 -1.5918e+01 -1.1014e+04
-4.5081e+06 3.6368e+01 1.5490e+04 -1.2506e+04 -2.5498e+01 -1.0909e+04
-4.8098e+06 3.6398e+01 1.5389e+04 -1.2653e+04 -4.5260e+01 -1.0804e+04
-4.3951e+06 3.6438e+01 1.5283e+04 -1.2803e+04 -5.3779e+01 -1.0697e+04
-4.2433e+06 3.6491e+01 1.5174e+04 -1.2954e+04 -6.1812e+01 -1.0592e+04
-3.1547e+06 3.6556e+01 1.5059e+04 -1.3109e+04 -4.7578e+01 -1.0486e+04
-3.6629e+06 3.6628e+01 1.4940e+04 -1.3266e+04 -1.0166e+02 -1.0379e+04
-3.9314e+06 3.6704e+01 1.4815e+04 -1.3426e+04 -1.2825e+02 -1.0272e+04
-2.3813e+06 3.6784e+01 1.4685e+04 -1.3588e+04 -1.6015e+02 -1.0164e+04
-2.9448e+06 3.6877e+01 1.4549e+04 -1.3754e+04 -2.5108e+02 -1.0054e+04
-4.1262e+06 3.6974e+01 1.4406e+04 -1.3923e+04 -4.4504e+02 -9.9447e+03
-4.8297e+06 3.7034e+01 1.4257e+04 -1.4095e+04 -5.3558e+02 -9.8404e+03
-4.0164e+06 3.7064e+01 1.4101e+04 -1.4269e+04 -5.7742e+02 -9.7412e+03
-2.0719e+06 3.7178e+01 1.3938e+04 -1.4448e+04 -5.0207e+02 -9.6371e+03
-3.8067e+05 3.7393e+01 1.3766e+04 -1.4629e+04 -4.9558e+02 -9.5305e+03
1.3459e+06 3.7645e+01 1.3587e+04 -1.4814e+04 -4.7481e+02 -9.4243e+03
3.3970e+06 3.7752e+01 1.3398e+04 -1.5002e+04 -6.5293e+02 -9.3282e+03
7.7639e+06 3.7810e+01 1.3200e+04 -1.5193e+04 -4.3125e+02 -9.2119e+03
1.3568e+07 3.8084e+01 1.2992e+04 -1.5388e+04 -3.7133e+02 -9.1502e+03
1.9915e+07 3.7983e+01 1.2773e+04 -1.5587e+04 -1.2306e+02 -9.1014e+03
1.8525e+07 3.8499e+01 1.2543e+04 -1.5788e+04 -2.9085e+03 -9.6587e+03
4.2333e+06 4.2615e+01 1.2300e+04 -1.5993e+04 -4.3404e+04 -2.6359e+04
-4.6945e+06 3.6308e+01 1.6613e+04 -1.0739e+04 2.8381e+00 -1.1796e+04
-4.7180e+06 3.6306e+01 1.6552e+04 -1.0859e+04 7.1218e+00 -1.1691e+04
-4.7123e+06 3.6310e+01 1.6488e+04 -1.0981e+04 -1.8754e-01 -1.1604e+04
-4.7336e+06 3.6310e+01 1.6423e+04 -1.1104e+04 -3.2255e+00 -1.1505e+04
-4.7221e+06 3.6309e+01 1.6355e+04 -1.1229e+04 1.3187e-01 -1.1406e+04
-4.7066e+06 3.6309e+01 1.6284e+04 -1.1356e+04 -9.1480e-01 -1.1306e+04
-4.7101e+06 3.6309e+01 1.6211e+04 -1.1485e+04 2.8749e-02 -1.1206e+04
-4.6925e+06 3.6311e+01 1.6135e+04 -1.1616e+04 -1.5844e+00 -1.1105e+04
-4.6653e+06 3.6313e+01 1.6056e+04 -1.1749e+04 5.3497e-01 -1.1003e+04
-4.6489e+06 3.6315e+01 1.5974e+04 -1.1883e+04 -1.1811e+00 -1.0901e+04
-4.5815e+06 3.6321e+01 1.5889e+04 -1.2020e+04 1.2184e+00 -1.0798e+04
-4.5433e+06 3.6331e+01 1.5800e+04 -1.2160e+04 -6.0301e+00 -1.0694e+04
-4.4303e+06 3.6345e+01 1.5708e+04 -1.2301e+04 -3.0941e+00 -1.0589e+04
-4.2461e+06 3.6361e+01 1.5612e+04 -1.2445e+04 -7.3591e+00 -1.0485e+04
-4.0991e+06 3.6381e+01 1.5512e+04 -1.2592e+04 -5.9754e+00 -1.0379e+04
-4.3019e+06 3.6408e+01 1.5407e+04 -1.2741e+04 -3.6904e+01 -1.0272e+04
-4.4705e+06 3.6439e+01 1.5298e+04 -1.2893e+04 -5.4347e+01 -1.0165e+04
-4.1956e+06 3.6473e+01 1.5184e+04 -1.3047e+04 -5.2951e+01 -1.0059e+04
-3.0339e+06 3.6510e+01 1.5066e+04 -1.3205e+04 -3.2461e+01 -9.9523e+03
-4.7431e+06 3.6549e+01 1.4941e+04 -1.3365e+04 -7.9796e+01 -9.8447e+03
-3.1658e+06 3.6592e+01 1.4811e+04 -1.3529e+04 -3.4378e+01 -9.7366e+03
-2.9423e+06 3.6639e+01 1.4675e+04 -1.3696e+04 -3.2361e+00 -9.6290e+03
-7.3915e+05 3.6691e+01 1.4533e+04 -1.3866e+04 4.6672e+01 -9.5193e+03
-2.4582e+06 3.6750e+01 1.4384e+04 -1.4039e+04 -4.8410e+01 -9.4099e+03
-1.7206e+06 3.6838e+01 1.4227e+04 -1.4216e+04 -1.1058e+02 -9.2995e+03
-4.5089e+06 3.6975e+01 1.4063e+04 -1.4396e+04 -2.9512e+02 -9.1892e+03
-1.9531e+06 3.7201e+01 1.3890e+04 -1.4580e+04 -3.8352e+02 -9.0782e+03
-4.0685e+06 3.7401e+01 1.3709e+04 -1.4767e+04 -6.7465e+02 -8.9769e+03
1.7082e+06 3.7387e+01 1.3518e+04 -1.4958e+04 -8.5679e+02 -8.8577e+03
2.6857e+06 3.6450e+01 1.3318e+04 -1.5153e+04 -9.4693e+02 -8.7272e+03
1.6488e+07 3.4380e+01 1.3107e+04 -1.5352e+04 -3.1964e+02 -8.6146e+03
2.0061e+07 3.3995e+01 1.2884e+04 -1.5554e+04 1.2402e+02 -8.5716e+03
2.2731e+07 3.7563e+01 1.2650e+04 -1.5760e+04 -4.2450e+03 -8.6842e+03
-4.7153e+06 3.6307e+01 1.6780e+04 -1.0564e+04 2.6842e+00 -1.1477e+04
-4.7082e+06 3.6305e+01 1.6722e+04 -1.0681e+04 8.1493e+00 -1.1371e+04
-4.7411e+06 3.6310e+01 1.6663e+04 -1.0800e+04 -9.9972e-01 -1.1284e+04
-4.7436e+06 3.6310e+01 1.6601e+04 -1.0920e+04 -2.2075e+00 -1.1185e+04
-4.7354e+06 3.6309e+01 1.6536e+04 -1.1042e+04 -1.0668e+00 -1.1086e+04
-4.7420e+06 3.6310e+01 1.6470e+04 -1.1166e+04 -7.7035e-01 -1.0987e+04
-4.7251e+06 3.6311e+01 1.6401e+04 -1.1291e+04 -3.5283e+00 -1.0887e+04
-4.7331e+06 3.6313e+01 1.6329e+04 -1.1419e+04 -1.8962e+00 -1.0786e+04
-4.7049e+06 3.6314e+01 1.6254e+04 -1.1548e+04 -3.7703e+00 -1.0684e+04
-4.6713e+06 3.6314e+01 1.6177e+04 -1.1680e+04 4.6172e-01 -1.0582e+04
-4.6555e+06 3.6316e+01 1.6096e+04 -1.1814e+04 -3.6385e+00 -1.0479e+04
-4.6776e+06 3.6323e+01 1.6012e+04 -1.1950e+04 -3.7959e+00 -1.0375e+04
-4.6949e+06 3.6331e+01 1.5925e+04 -1.2089e+04 -1.5540e+01 -1.0271e+04
-4.7747e+06 3.6339e+01 1.5833e+04 -1.2230e+04 -1.6020e+01 -1.0166e+04
-4.6957e+06 3.6347e+01 1.5738e+04 -1.2373e+04 -2.4103e+01 -1.0060e+04
-4.4247e+06 3.6361e+01 1.5639e+04 -1.2519e+04 -1.0809e+01 -9.9543e+03
-4.0284e+06 3.6376e+01 1.5536e+04 -1.2668e+04 -9.8866e+00 -9.8489e+03
-4.1388e+06 3.6392e+01 1.5428e+04 -1.2820e+04 -2.3100e+01 -9.7411e+03
-4.7995e+06 3.6410e+01 1.5315e+04 -1.2975e+04 -5.0103e+01 -9.6336e+03
-3.3655e+06 3.6436e+01 1.5197e+04 -1.3133e+04 -2.3343e+01 -9.5257e+03
-4.3712e+06 3.6462e+01 1.5073e+04 -1.3294e+04 -6.9031e+01 -9.4183e+03
-4.5672e+06 3.6487e+01 1.4944e+04 -1.3458e+04 -1.0537e+02 -9.3086e+03
-5.9443e+06 3.6514e+01 1.4808e+04 -1.3626e+04 -1.6633e+02 -9.2011e+03
-4.4538e+06 3.6556e+01 1.4666e+04 -1.3797e+04 -1.1179e+02 -9.0911e+03
-4.3136e+06 3.6622e+01 1.4516e+04 -1.3972e+04 -1.0837e+02 -8.9841e+03
-1.7625e+06 3.6737e+01 1.4359e+04 -1.4150e+04 -3.3177e+01 -8.8741e+03
-2.3131e+06 3.6933e+01 1.4194e+04 -1.4332e+04 -1.2861e+02 -8.7655e+03
9.6641e+05 3.7243e+01 1.4021e+04 -1.4519e+04 -8.5208e+01 -8.6578e+03
7.1165e+05 3.7570e+01 1.3838e+04 -1.4709e+04 -5.8263e+02 -8.5423e+03
8.4646e+06 3.6707e+01 1.3646e+04 -1.4903e+04 -5.2957e+02 -8.4218e+03
1.4904e+07 3.3605e+01 1.3443e+04 -1.5102e+04 -3.5467e+01 -8.2255e+03
2.7400e+07 3.1313e+01 1.3229e+04 -1.5305e+04 1.8234e+03 -8.2815e+03
1.6740e+07 3.3848e+01 1.3003e+04 -1.5512e+04 -2.8186e+03 -7.0550e+03
-4.7437e+06 3.6307e+01 1.6945e+04 -1.0385e+04 2.2033e+00 -1.1159e+04
-4.6963e+06 3.6305e+01 1.6891e+04 -1.0498e+04 9.1261e+00 -1.1053e+04
-4.7836e+06 3.6310e+01 1.6834e+04 -1.0614e+04 -1.8183e+00 -1.0966e+04
-4.7010e+06 3.6310e+01 1.6776e+04 -1.0730e+04 -8.9305e-01 -1.0866e+04
-4.8071e+06 3.6309e+01 1.6716e+04 -1.0849e+04 -1.8923e+00 -1.0768e+04
-4.6634e+06 3.6310e+01 1.6653e+04 -1.0969e+04 2.2435e+00 -1.0668e+04
-4.8450e+06 3.6312e+01 1.6588e+04 -1.1092e+04 -5.2927e+00 -1.0568e+04
-4.6405e+06 3.6314e+01 1.6520e+04 -1.1216e+04 9.3718e-01 -1.0467e+04
-4.8608e+06 3.6315e+01 1.6450e+04 -1.1342e+04 -7.5046e+00 -1.0366e+04
-4.5684e+06 3.6316e+01 1.6377e+04 -1.1470e+04 2.9670e+00 -1.0264e+04
-4.8472e+06 3.6316e+01 1.6301e+04 -1.1601e+04 -6.6441e+00 -1.0161e+04
-4.4190e+06 3.6320e+01 1.6222e+04 -1.1733e+04 7.1798e+00 -1.0057e+04
-4.8208e+06 3.6324e+01 1.6139e+04 -1.1869e+04 -9.2566e+00 -9.9537e+03
-4.1278e+06 3.6328e+01 1.6053e+04 -1.2006e+04 1.5031e+01 -9.8487e+03
-4.7173e+06 3.6330e+01 1.5963e+04 -1.2146e+04 -9.1797e+00 -9.7443e+03
-4.0619e+06 3.6336e+01 1.5870e+04 -1.2289e+04 9.4040e+00 -9.6377e+03
-5.1943e+06 3.6341e+01 1.5772e+04 -1.2435e+04 -4.0698e+01 -9.5323e+03
-3.8676e+06 3.6350e+01 1.5670e+04 -1.2584e+04 1.7676e+01 -9.4249e+03
-4.5782e+06 3.6358e+01 1.5563e+04 -1.2735e+04 -3.2261e+01 -9.3194e+03
-4.0867e+06 3.6373e+01 1.5451e+04 -1.2890e+04 6.8882e+00 -9.2100e+03
-5.2356e+06 3.6389e+01 1.5334e+04 -1.3048e+04 -7.1590e+01 -9.1044e+03
-2.5597e+06 3.6411e+01 1.5211e+04 -1.3210e+04 6.3725e+01 -8.9947e+03
-4.2062e+06 3.6431e+01 1.5082e+04 -1.3375e+04 -4.1042e+01 -8.8895e+03
-1.5783e+06 3.6470e+01 1.4947e+04 -1.3543e+04 8.1650e+01 -8.7773e+03
-5.6129e+06 3.6520e+01 1.4805e+04 -1.3716e+04 -1.6342e+02 -8.6715e+03
-1.7905e+06 3.6628e+01 1.4656e+04 -1.3892e+04 -4.2239e+00 -8.5569e+03
-6.6068e+06 3.6806e+01 1.4498e+04 -1.4072e+04 -3.6911e+02 -8.4525e+03
5.2213e+05 3.7144e+01 1.4333e+04 -1.4257e+04 -6.3658e+01 -8.3374e+03
-5.9914e+06 3.7740e+01 1.4159e+04 -1.4446e+04 -1.0629e+03 -8.2113e+03
8.3135e+06 3.7638e+01 1.3975e+04 -1.4639e+04 -5.4077e+02 -8.1194e+03
5.8738e+06 3.5049e+01 1.3781e+04 -1.4837e+04 -9.4086e+02 -7.9633e+03
3.4702e+07 3.1945e+01 1.3576e+04 -1.5039e+04 3.2380e+03 -8.0750e+03
3.9664e+06 3.4122e+01 1.3359e+04 -1.5246e+04 -7.5858e+03 -5.5104e+03
-4.7489e+06 3.6308e+01 1.7108e+04 -1.0200e+04 1.4489e+00 -1.0842e+04
-4.7068e+06 3.6306e+01 1.7057e+04 -1.0310e+04 9.2980e+00 -1.0736e+04
-4.7812e+06 3.6310e+01 1.7004e+04 -1.0422e+04 -1.9069e+00 -1.0649e+04
-4.7274e+06 3.6311e+01 1.6949e+04 -1.0535e+04 -4.1886e-01 -1.0550e+04
-4.7861e+06 3.6310e+01 1.6893e+04 -1.0650e+04 -1.7595e+00 -1.0451e+04
-4.7040e+06 3.6311e+01 1.6834e+04 -1.0767e+04 3.4486e+00 -1.0352e+04
-4.8024e+06 3.6312e+01 1.6773e+04 -1.0886e+04 -4.0415e+00 -1.0252e+04
-4.6868e+06 3.6314e+01 1.6709e+04 -1.1006e+04 2.8987e+00 -1.0151e+04
-4.8336e+06 3.6316e+01 1.6643e+04 -1.1129e+04 -6.9764e+00 -1.0050e+04
-4.6222e+06 3.6317e+01 1.6575e+04 -1.1254e+04 4.4162e+00 -9.9473e+03
-4.8505e+06 3.6317e+01 1.6503e+04 -1.1381e+04 -9.7742e+00 -9.8449e+03
-4.5672e+06 3.6318e+01 1.6429e+04 -1.1510e+04 4.8695e+00 -9.7412e+03
-4.9368e+06 3.6320e+01 1.6351e+04 -1.1641e+04 -1.9044e+01 -9.6378e+03
-4.5534e+06 3.6321e+01 1.6270e+04 -1.1775e+04 1.6595e+00 -9.5329e+03
-5.0487e+06 3.6321e+01 1.6186e+04 -1.1912e+04 -2.7495e+01 -9.4286e+03
-4.2113e+06 3.6324e+01 1.6098e+04 -1.2051e+04 1.5572e+01 -9.3227e+03
-4.7655e+06 3.6326e+01 1.6006e+04 -1.2193e+04 -1.9812e+01 -9.2182e+03
-3.8870e+06 3.6330e+01 1.5909e+04 -1.2338e+04 2.1197e+01 -9.1107e+03
-5.5471e+06 3.6333e+01 1.5809e+04 -1.2486e+04 -4.9061e+01 -9.0050e+03
-3.1775e+06 3.6344e+01 1.5703e+04 -1.2638e+04 4.3008e+01 -8.8969e+03
-5.6150e+06 3.6354e+01 1.5593e+04 -1.2792e+04 -6.8498e+01 -8.7914e+03
-3.7026e+06 3.6370e+01 1.5477e+04 -1.2951e+04 1.0371e+01 -8.6812e+03
-7.1616e+06 3.6384e+01 1.5355e+04 -1.3112e+04 -1.5784e+02 -8.5752e+03
-3.1378e+06 3.6420e+01 1.5227e+04 -1.3278e+04 2.1640e+01 -8.4642e+03
-6.7156e+06 3.6467e+01 1.5093e+04 -1.3448e+04 -1.7526e+02 -8.3598e+03
-4.0669e+05 3.6576e+01 1.4951e+04 -1.3621e+04 8.8905e+01 -8.2467e+03
-5.9813e+06 3.6751e+01 1.4802e+04 -1.3799e+04 -2.6310e+02 -8.1464e+03
3.1970e+06 3.7112e+01 1.4645e+04 -1.3981e+04 7.6157e+01 -8.0219e+03
-4.5403e+06 3.7600e+01 1.4480e+04 -1.4168e+04 -9.5495e+02 -7.9027e+03
1.3533e+07 3.7057e+01 1.4305e+04 -1.4360e+04 9.2867e+01 -7.7876e+03
7.2197e+06 3.4561e+01 1.4120e+04 -1.4556e+04 -8.5246e+02 -7.6955e+03
3.2112e+07 3.2600e+01 1.3924e+04 -1.4758e+04 2.7844e+03 -7.4444e+03
-1.3115e+07 3.6141e+01 1.3717e+04 -1.4964e+04 -1.9952e+04 1.0452e+04
-4.7524e+06 3.6309e+01 1.7268e+04 -1.0011e+04 2.3862e+00 -1.0527e+04
-4.7230e+06 3.6307e+01 1.7220e+04 -1.0118e+04 8.3808e+00 -1.0421e+04
-4.7777e+06 3.6311e+01 1.7171e+04 -1.0226e+04 -7.1684e-01 -1.0333e+04
-4.7319e+06 3.6311e+01 1.7120e+04 -1.0335e+04 -1.9206e+00 -1.0234e+04
-4.7910e+06 3.6311e+01 1.7067e+04 -1.0447e+04 -5.9723e-01 -1.0136e+04
-4.7059e+06 3.6312e+01 1.7012e+04 -1.0560e+04 1.4009e+00 -1.0036e+04
-4.8093e+06 3.6313e+01 1.6955e+04 -1.0674e+04 -1.6797e+00 -9.9362e+03
-4.6952e+06 3.6314e+01 1.6896e+04 -1.0791e+04 8.4567e-01 -9.8355e+03
-4.8182e+06 3.6315e+01 1.6834e+04 -1.0910e+04 -2.7337e+00 -9.7342e+03
-4.6619e+06 3.6316e+01 1.6770e+04 -1.1031e+04 1.2360e+00 -9.6323e+03
-4.8119e+06 3.6316e+01 1.6703e+04 -1.1154e+04 -3.2325e+00 -9.5301e+03
-4.5696e+06 3.6316e+01 1.6633e+04 -1.1279e+04 3.0488e+00 -9.4270e+03
-4.7702e+06 3.6316e+01 1.6561e+04 -1.1407e+04 -3.3192e+00 -9.3234e+03
-4.3838e+06 3.6316e+01 1.6485e+04 -1.1537e+04 8.0962e+00 -9.2193e+03
-4.7056e+06 3.6316e+01 1.6406e+04 -1.1669e+04 -4.1163e+00 -9.1149e+03
-4.3840e+06 3.6317e+01 1.6323e+04 -1.1805e+04 3.4022e+00 -9.0098e+03
-5.0363e+06 3.6318e+01 1.6237e+04 -1.1943e+04 -2.3069e+01 -8.9042e+03
-4.3238e+06 3.6321e+01 1.6147e+04 -1.2084e+04 7.9565e+00 -8.7983e+03
-4.6182e+06 3.6323e+01 1.6052e+04 -1.2228e+04 -1.4674e+01 -8.6926e+03
-4.5420e+06 3.6330e+01 1.5953e+04 -1.2376e+04 1.1750e+00 -8.5855e+03
-5.0177e+06 3.6338e+01 1.5849e+04 -1.2527e+04 -3.2090e+01 -8.4787e+03
-3.5745e+06 3.6352e+01 1.5740e+04 -1.2681e+04 3.8991e+01 -8.3720e+03
-4.2469e+06 3.6369e+01 1.5626e+04 -1.2840e+04 -4.0191e+00 -8.2650e+03
-2.9614e+06 3.6400e+01 1.5506e+04 -1.3002e+04 5.0101e+01 -8.1573e+03
-5.0390e+06 3.6451e+01 1.5379e+04 -1.3168e+04 -8.6785e+01 -8.0484e+03
-3.0863e+06 3.6559e+01 1.5245e+04 -1.3338e+04 -4.4307e+01 -7.9393e+03
-5.1732e+06 3.6750e+01 1.5105e+04 -1.3513e+04 -2.2061e+02 -7.8342e+03
-1.1297e+06 3.7114e+01 1.4957e+04 -1.3692e+04 -2.7336e+02 -7.7060e+03
-2.4097e+06 3.7051e+01 1.4800e+04 -1.3876e+04 -8.1934e+02 -7.6093e+03
9.3766e+06 3.5099e+01 1.4634e+04 -1.4066e+04 -3.3610e+01 -7.4527e+03
1.1737e+07 3.2382e+01 1.4459e+04 -1.4260e+04 1.4351e+02 -7.4438e+03
2.1381e+07 3.2661e+01 1.4274e+04 -1.4459e+04 1.3435e+02 -6.4781e+03
-1.2518e+07 3.8276e+01 1.4077e+04 -1.4664e+04 -5.2208e+04 3.7495e+04
-4.7144e+06 3.6309e+01 1.7426e+04 -9.8171e+03 3.4773e+00 -1.0213e+04
-4.7694e+06 3.6307e+01 1.7382e+04 -9.9199e+03 7.3457e+00 -1.0107e+04
-4.7252e+06 3.6312e+01 1.7336e+04 -1.0024e+04 1.1681e+00 -1.0019e+04
-4.8089e+06 3.6312e+01 1.7288e+04 -1.0130e+04 -3.4255e+00 -9.9203e+03
-4.7040e+06 3.6311e+01 1.7239e+04 -1.0237e+04 2.3721e+00 -9.8217e+03
-4.8136e+06 3.6312e+01 1.7188e+04 -1.0347e+04 -1.4886e+00 -9.7225e+03
-4.6786e+06 3.6313e+01 1.7135e+04 -1.0457e+04 1.4128e+00 -9.6224e+03
-4.8371e+06 3.6313e+01 1.7079e+04 -1.0570e+04 -3.5013e+00 -9.5220e+03
-4.6482e+06 3.6314e+01 1.7022e+04 -1.0685e+04 2.6958e+00 -9.4205e+03
-4.8441e+06 3.6313e+01 1.6962e+04 -1.0802e+04 -4.2774e+00 -9.3189e+03
-4.5876e+06 3.6313e+01 1.6900e+04 -1.0920e+04 3.6171e+00 -9.2166e+03
-4.8782e+06 3.6312e+01 1.6835e+04 -1.1041e+04 -7.4907e+00 -9.1142e+03
-4.5414e+06 3.6312e+01 1.6767e+04 -1.1165e+04 3.0926e+00 -9.0103e+03
-4.9876e+06 3.6311e+01 1.6697e+04 -1.1291e+04 -1.4138e+01 -8.9069e+03
-4.4941e+06 3.6311e+01 1.6623e+04 -1.1419e+04 3.0202e+00 -8.8020e+03
-4.9530e+06 3.6311e+01 1.6546e+04 -1.1550e+04 -1.3506e+01 -8.6981e+03
-4.1222e+06 3.6313e+01 1.6466e+04 -1.1684e+04 1.7638e+01 -8.5924e+03
-5.0233e+06 3.6314e+01 1.6381e+04 -1.1821e+04 -2.2265e+01 -8.4877e+03
-4.3778e+06 3.6319e+01 1.6293e+04 -1.1961e+04 1.1466e+01 -8.3806e+03
-4.9412e+06 3.6323e+01 1.6201e+04 -1.2104e+04 -2.4176e+01 -8.2761e+03
-3.9404e+06 3.6331e+01 1.6104e+04 -1.2251e+04 2.5876e+01 -8.1678e+03
-5.8390e+06 3.6339e+01 1.6002e+04 -1.2402e+04 -7.0113e+01 -8.0629e+03
-4.2877e+06 3.6359e+01 1.5894e+04 -1.2556e+04 -4.5717e+00 -7.9529e+03
-6.2377e+06 3.6386e+01 1.5782e+04 -1.2714e+04 -1.0588e+02 -7.8490e+03
-2.8986e+06 3.6451e+01 1.5663e+04 -1.2876e+04 1.4458e+01 -7.7378e+03
-5.3776e+06 3.6562e+01 1.5538e+04 -1.3042e+04 -1.4651e+02 -7.6353e+03
-4.2860e+05 3.6789e+01 1.5406e+04 -1.3213e+04 1.6282e+01 -7.5242e+03
-3.9807e+06 3.7091e+01 1.5267e+04 -1.3389e+04 -5.4727e+02 -7.3999e+03
5.9994e+06 3.6115e+01 1.5119e+04 -1.3570e+04 -2.5269e+02 -7.3077e+03
6.2736e+06 3.2935e+01 1.4963e+04 -1.3756e+04 -3.3341e+02 -7.1170e+03
2.3431e+07 3.0690e+01 1.4798e+04 -1.3947e+04 1.7842e+03 -7.1923e+03
3.4979e+06 3.3351e+01 1.4623e+04 -1.4144e+04 -4.6953e+03 -5.5477e+03
-9.3866e+06 4.0789e+01 1.4437e+04 -1.4347e+04 -1.0490e+05 5.9256e+04
-4.7204e+06 3.6309e+01 1.7581e+04 -9.6188e+03 4.4058e+00 -9.9005e+03
-4.7709e+06 3.6307e+01 1.7540e+04 -9.7177e+03 6.4795e+00 -9.7947e+03
-4.7241e+06 3.6312e+01 1.7497e+04 -9.8180e+03 2.2996e+00 -9.7070e+03
-4.7974e+06 3.6312e+01 1.7453e+04 -9.9198e+03 -4.7006e+00 -9.6080e+03
-4.7020e+06 3.6311e+01 1.7408e+04 -1.0023e+04 4.5000e+00 -9.5093e+03
-4.7965e+06 3.6311e+01 1.7360e+04 -1.0128e+04 -2.4741e+00 -9.4102e+03
-4.6780e+06 3.6312e+01 1.7311e+04 -1.0235e+04 4.3472e+00 -9.3101e+03
-4.8319e+06 3.6312e+01 1.7260e+04 -1.0343e+04 -6.1346e+00 -9.2101e+03
-4.6279e+06 3.6312e+01 1.7207e+04 -1.0454e+04 6.2475e+00 -9.1087e+03
-4.8620e+06 3.6311e+01 1.7152e+04 -1.0566e+04 -8.4799e+00 -9.0073e+03
-4.5389e+06 3.6310e+01 1.7094e+04 -1.0681e+04 9.9540e+00 -8.9047e+03
-4.8795e+06 3.6308e+01 1.7034e+04 -1.0797e+04 -1.1130e+01 -8.8028e+03
-4.3887e+06 3.6308e+01 1.6971e+04 -1.0916e+04 1.6735e+01 -8.6990e+03
-4.8870e+06 3.6307e+01 1.6906e+04 -1.1038e+04 -1.3477e+01 -8.5962e+03
-4.1895e+06 3.6308e+01 1.6837e+04 -1.1161e+04 2.5133e+01 -8.4914e+03
-5.1065e+06 3.6307e+01 1.6766e+04 -1.1288e+04 -2.6539e+01 -8.3881e+03
-4.1966e+06 3.6310e+01 1.6691e+04 -1.1417e+04 2.5106e+01 -8.2817e+03
-5.3880e+06 3.6310e+01 1.6613e+04 -1.1550e+04 -3.8486e+01 -8.1783e+03
-3.5808e+06 3.6316e+01 1.6531e+04 -1.1685e+04 4.8592e+01 -8.0712e+03
-5.9768e+06 3.6318e+01 1.6445e+04 -1.1824e+04 -6.5922e+01 -7.9674e+03
-3.3229e+06 3.6329e+01 1.6355e+04 -1.1966e+04 6.5041e+01 -7.8586e+03
-5.9327e+06 3.6335e+01 1.6260e+04 -1.2111e+04 -7.3001e+01 -7.7559e+03
-1.9989e+06 3.6358e+01 1.6160e+04 -1.2261e+04 1.2168e+02 -7.6461e+03
-6.3917e+06 3.6384e+01 1.6055e+04 -1.2414e+04 -1.2238e+02 -7.5436e+03
-1.2742e+06 3.6461e+01 1.5944e+04 -1.2572e+04 1.0411e+02 -7.4311e+03
-7.5084e+06 3.6578e+01 1.5828e+04 -1.2734e+04 -2.7424e+02 -7.3307e+03
9.3267e+05 3.6848e+01 1.5705e+04 -1.2901e+04 7.2648e+01 -7.2144e+03
-7.1691e+06 3.7009e+01 1.5574e+04 -1.3072e+04 -9.0167e+02 -7.0981e+03
9.5036e+06 3.5183e+01 1.5437e+04 -1.3249e+04 1.2597e+02 -6.9913e+03
2.7832e+06 3.1526e+01 1.5291e+04 -1.3431e+04 -7.7951e+02 -6.7954e+03
2.8123e+07 3.0095e+01 1.5136e+04 -1.3619e+04 3.0056e+03 -6.8499e+03
-9.2473e+06 3.4307e+01 1.4972e+04 -1.3812e+04 -1.0646e+04 -3.0145e+03
-4.7134e+06 4.2866e+01 1.4792e+04 -1.4007e+04 -1.6169e+05 8.0722e+04
-4.6965e+06 3.6309e+01 1.7733e+04 -9.4161e+03 4.5322e+00 -9.5898e+03
-4.7858e+06 3.6306e+01 1.7695e+04 -9.5109e+03 6.9055e+00 -9.4840e+03
-4.6964e+06 3.6310e+01 1.7656e+04 -9.6071e+03 2.3415e+00 -9.3962e+03
-4.8284e+06 3.6311e+01 1.7616e+04 -9.7047e+03 -4.5121e+00 -9.2971e+03
-4.6611e+06 3.6309e+01 1.7574e+04 -9.8039e+03 3.9946e+00 -9.1985e+03
-4.8322e+06 3.6309e+01 1.7530e+04 -9.9046e+03 -2.2707e+00 -9.0995e+03
-4.6124e+06 3.6310e+01 1.7485e+04 -1.0007e+04 4.7247e+00 -8.9994e+03
-4.8735e+06 3.6309e+01 1.7438e+04 -1.0111e+04 -5.5580e+00 -8.8993e+03
-4.5603e+06 3.6310e+01 1.7389e+04 -1.0217e+04 6.0890e+00 -8.7982e+03
-4.9075e+06 3.6308e+01 1.7338e+04 -1.0325e+04 -7.8687e+00 -8.6971e+03
-4.4605e+06 3.6308e+01 1.7284e+04 -1.0435e+04 9.3841e+00 -8.5947e+03
-4.9748e+06 3.6306e+01 1.7229e+04 -1.0547e+04 -1.1814e+01 -8.4928e+03
-4.3518e+06 3.6305e+01 1.7171e+04 -1.0661e+04 1.2947e+01 -8.3894e+03
-5.1338e+06 3.6304e+01 1.7111e+04 -1.0777e+04 -2.0118e+01 -8.2867e+03
-4.2302e+06 3.6306e+01 1.7048e+04 -1.0896e+04 1.8240e+01 -8.1823e+03
-5.2499e+06 3.6305e+01 1.6982e+04 -1.1018e+04 -2.5432e+01 -8.0793e+03
-3.8497e+06 3.6309e+01 1.6913e+04 -1.1142e+04 3.6088e+01 -7.9739e+03
-5.4939e+06 3.6309e+01 1.6841e+04 -1.1270e+04 -3.9891e+01 -7.8702e+03
-3.8270e+06 3.6315e+01 1.6765e+04 -1.1400e+04 4.2341e+01 -7.7636e+03
-5.7095e+06 3.6317e+01 1.6686e+04 -1.1534e+04 -5.3953e+01 -7.6602e+03
-3.2099e+06 3.6327e+01 1.6602e+04 -1.1671e+04 6.6345e+01 -7.5526e+03
-6.6816e+06 3.6332e+01 1.6514e+04 -1.1811e+04 -1.0670e+02 -7.4487e+03
-2.9280e+06 3.6356e+01 1.6422e+04 -1.1955e+04 6.4963e+01 -7.3399e+03
-7.4509e+06 3.6386e+01 1.6325e+04 -1.2104e+04 -1.7110e+02 -7.2367e+03
-1.1021e+06 3.6472e+01 1.6223e+04 -1.2256e+04 9.0843e+01 -7.1264e+03
-7.3233e+06 3.6609e+01 1.6114e+04 -1.2413e+04 -2.5192e+02 -7.0268e+03
2.2842e+06 3.6920e+01 1.6000e+04 -1.2575e+04 5.5697e+01 -6.9066e+03
-6.2273e+06 3.6883e+01 1.5879e+04 -1.2742e+04 -9.2041e+02 -6.8031e+03
1.3067e+07 3.4502e+01 1.5751e+04 -1.2913e+04 3.4773e+02 -6.6705e+03
4.8986e+06 3.0874e+01 1.5616e+04 -1.3091e+04 -5.2316e+02 -6.5804e+03
3.0178e+07 3.0345e+01 1.5472e+04 -1.3274e+04 2.7680e+03 -6.1884e+03
-1.9585e+07 3.5764e+01 1.5318e+04 -1.3463e+04 -2.5021e+04 1.6947e+04
-1.0496e+07 4.5146e+01 1.5104e+04 -1.3606e+04 -2.1029e+05 1.2756e+05
-4.7413e+06 3.6308e+01 1.7882e+04 -9.2092e+03 4.2065e+00 -9.2807e+03
-4.7356e+06 3.6305e+01 1.7847e+04 -9.2999e+03 8.5865e+00 -9.1748e+03
-4.7464e+06 3.6309e+01 1.7812e+04 -9.3918e+03 1.6286e+00 -9.0871e+03
-4.7448e+06 3.6309e+01 1.7775e+04 -9.4851e+03 -2.6301e+00 -8.9880e+03
-4.7375e+06 3.6307e+01 1.7736e+04 -9.5798e+03 1.6050e+00 -8.8895e+03
-4.7296e+06 3.6308e+01 1.7696e+04 -9.6760e+03 -5.7176e-01 -8.7905e+03
-4.7266e+06 3.6308e+01 1.7655e+04 -9.7738e+03 1.4466e+00 -8.6907e+03
-4.7323e+06 3.6308e+01 1.7612e+04 -9.8733e+03 -1.9046e+00 -8.5905e+03
-4.7005e+06 3.6308e+01 1.7567e+04 -9.9745e+03 2.1505e+00 -8.4897e+03
-4.7261e+06 3.6307e+01 1.7520e+04 -1.0078e+04 -2.4846e+00 -8.3885e+03
-4.6548e+06 3.6306e+01 1.7471e+04 -1.0183e+04 4.2006e+00 -8.2867e+03
-4.7028e+06 3.6304e+01 1.7421e+04 -1.0290e+04 -2.6331e+00 -8.1846e+03
-4.5777e+06 3.6304e+01 1.7368e+04 -1.0399e+04 7.9529e+00 -8.0819e+03
-4.6719e+06 3.6303e+01 1.7312e+04 -1.0510e+04 -2.9217e+00 -7.9790e+03
-4.5013e+06 3.6305e+01 1.7255e+04 -1.0624e+04 1.1670e+01 -7.8756e+03
-4.7798e+06 3.6305e+01 1.7194e+04 -1.0741e+04 -9.8069e+00 -7.7719e+03
-4.5978e+06 3.6308e+01 1.7131e+04 -1.0860e+04 8.3296e+00 -7.6676e+03
-4.8981e+06 3.6310e+01 1.7065e+04 -1.0982e+04 -1.4232e+01 -7.5634e+03
-4.3038e+06 3.6315e+01 1.6995e+04 -1.1106e+04 1.9427e+01 -7.4587e+03
-5.1608e+06 3.6318e+01 1.6922e+04 -1.1235e+04 -2.7058e+01 -7.3537e+03
-4.2859e+06 3.6325e+01 1.6846e+04 -1.1366e+04 2.1339e+01 -7.2484e+03
-4.9165e+06 3.6334e+01 1.6765e+04 -1.1501e+04 -2.6448e+01 -7.1432e+03
-3.5649e+06 3.6356e+01 1.6680e+04 -1.1640e+04 4.7650e+01 -7.0379e+03
-4.8520e+06 3.6396e+01 1.6591e+04 -1.1782e+04 -6.0682e+01 -6.9320e+03
-3.1722e+06 3.6487e+01 1.6497e+04 -1.1929e+04 7.4023e-01 -6.8257e+03
-4.7416e+06 3.6650e+01 1.6397e+04 -1.2080e+04 -1.5198e+02 -6.7217e+03
-1.5090e+06 3.6999e+01 1.6292e+04 -1.2236e+04 -2.1614e+02 -6.6033e+03
-1.9151e+06 3.6725e+01 1.6181e+04 -1.2397e+04 -7.4568e+02 -6.5054e+03
8.6636e+06 3.3963e+01 1.6063e+04 -1.2563e+04 6.0749e+01 -6.3434e+03
1.2486e+07 3.0529e+01 1.5937e+04 -1.2735e+04 3.4971e+02 -6.3307e+03
1.8117e+07 3.1072e+01 1.5804e+04 -1.2913e+04 1.5886e+02 -5.4836e+03
-1.4550e+07 3.7852e+01 1.5663e+04 -1.3097e+04 -5.8192e+04 3.3859e+04
-1.1176e+07 4.7511e+01 1.4751e+04 -1.2547e+04 -2.6010e+05 1.4674e+05
-4.7425e+06 3.6309e+01 1.8028e+04 -8.9983e+03 2.0585e+00 -8.9734e+03
-4.7390e+06 3.6305e+01 1.7997e+04 -9.0846e+03 8.6774e+00 -8.8673e+03
-4.7499e+06 3.6307e+01 1.7964e+04 -9.1721e+03 2.4092e-01 -8.7796e+03
-4.7389e+06 3.6307e+01 1.7930e+04 -9.2609e+03 -2.4712e-01 -8.6805e+03
-4.7402e+06 3.6306e+01 1.7895e+04 -9.3511e+03 -2.3329e-01 -8.5821e+03
-4.7163e+06 3.6307e+01 1.7859e+04 -9.4427e+03 1.4747e+00 -8.4830e+03
-4.7348e+06 3.6307e+01 1.7821e+04 -9.5357e+03 -2.0135e+00 -8.3834e+03
-4.6966e+06 3.6307e+01 1.7782e+04 -9.6304e+03 1.9787e+00 -8.2834e+03
-4.7310e+06 3.6307e+01 1.7741e+04 -9.7267e+03 -2.0249e+00 -8.1829e+03
-4.6561e+06 3.6306e+01 1.7699e+04 -9.8247e+03 3.3039e+00 -8.0817e+03
-4.7198e+06 3.6305e+01 1.7655e+04 -9.9246e+03 -2.7189e+00 -7.9803e+03
-4.6190e+06 3.6304e+01 1.7608e+04 -1.0026e+04 4.1776e+00 -7.8781e+03
-4.7440e+06 3.6303e+01 1.7560e+04 -1.0130e+04 -4.4380e+00 -7.7759e+03
-4.6170e+06 3.6303e+01 1.7510e+04 -1.0237e+04 3.9149e+00 -7.6727e+03
-4.8172e+06 3.6304e+01 1.7457e+04 -1.0345e+04 -7.6996e+00 -7.5701e+03
-4.5315e+06 3.6306e+01 1.7402e+04 -1.0456e+04 8.4321e+00 -7.4661e+03
-4.7905e+06 3.6308e+01 1.7345e+04 -1.0569e+04 -6.1719e+00 -7.3631e+03
-4.4464e+06 3.6312e+01 1.7284e+04 -1.0685e+04 1.0894e+01 -7.2584e+03
-5.1069e+06 3.6314e+01 1.7221e+04 -1.0804e+04 -1.8433e+01 -7.1549e+03
-4.1996e+06 3.6318e+01 1.7155e+04 -1.0927e+04 2.0600e+01 -7.0493e+03
-5.1419e+06 3.6322e+01 1.7085e+04 -1.1052e+04 -2.5960e+01 -6.9459e+03
-4.2596e+06 3.6334e+01 1.7011e+04 -1.1181e+04 8.4238e+00 -6.8391e+03
-5.5681e+06 3.6355e+01 1.6934e+04 -1.1313e+04 -6.3155e+01 -6.7358e+03
-3.8343e+06 3.6407e+01 1.6853e+04 -1.1450e+04 -9.8558e+00 -6.6279e+03
-5.0939e+06 3.6505e+01 1.6767e+04 -1.1590e+04 -1.1625e+02 -6.5259e+03
-2.0086e+06 3.6701e+01 1.6676e+04 -1.1735e+04 -1.1003e+01 -6.4179e+03
-3.6045e+06 3.7078e+01 1.6580e+04 -1.1885e+04 -4.4961e+02 -6.3050e+03
3.1233e+06 3.6501e+01 1.6478e+04 -1.2039e+04 -4.2919e+02 -6.2052e+03
6.6226e+06 3.3390e+01 1.6370e+04 -1.2199e+04 -2.1498e+02 -6.0394e+03
2.0497e+07 3.0273e+01 1.6255e+04 -1.2365e+04 1.4776e+03 -6.0195e+03
8.8723e+06 3.1915e+01 1.6133e+04 -1.2536e+04 -3.0502e+03 -5.0090e+03
-9.9270e+06 3.9783e+01 1.6003e+04 -1.2713e+04 -9.4266e+04 3.6337e+04
-8.5184e+06 4.8651e+01 1.4756e+04 -1.1872e+04 -3.0436e+05 1.3322e+05
-4.7907e+06 3.6310e+01 1.8171e+04 -8.7835e+03 -1.1192e+00 -8.6678e+03
-4.7207e+06 3.6307e+01 1.8142e+04 -8.8653e+03 6.5278e+00 -8.5616e+03
-4.7887e+06 3.6307e+01 1.8113e+04 -8.9483e+03 -1.6461e+00 -8.4738e+03
-4.6808e+06 3.6306e+01 1.8083e+04 -9.0325e+03 7.8056e-01 -8.3748e+03
-4.7867e+06 3.6305e+01 1.8051e+04 -9.1179e+03 -1.2826e+00 -8.2766e+03
-4.6492e+06 3.6307e+01 1.8018e+04 -9.2047e+03 3.2437e+00 -8.1774e+03
-4.8067e+06 3.6307e+01 1.7984e+04 -9.2928e+03 -3.6852e+00 -8.0780e+03
-4.6099e+06 3.6308e+01 1.7949e+04 -9.3825e+03 4.5643e+00 -7.9778e+03
-4.8139e+06 3.6307e+01 1.7912e+04 -9.4736e+03 -4.4050e+00 -7.8776e+03
-4.5502e+06 3.6306e+01 1.7874e+04 -9.5665e+03 6.8360e+00 -7.7764e+03
-4.8358e+06 3.6304e+01 1.7834e+04 -9.6611e+03 -6.0332e+00 -7.6755e+03
-4.4668e+06 3.6304e+01 1.7792e+04 -9.7575e+03 1.0030e+01 -7.5734e+03
-4.8725e+06 3.6303e+01 1.7748e+04 -9.8559e+03 -8.1913e+00 -7.4717e+03
-4.3518e+06 3.6304e+01 1.7703e+04 -9.9564e+03 1.5155e+01 -7.3687e+03
-4.9535e+06 3.6304e+01 1.7656e+04 -1.0059e+04 -1.2104e+01 -7.2665e+03
-4.2772e+06 3.6306e+01 1.7606e+04 -1.0164e+04 1.9698e+01 -7.1624e+03
-5.2160e+06 3.6308e+01 1.7554e+04 -1.0271e+04 -2.4477e+01 -7.0600e+03
-4.1423e+06 3.6313e+01 1.7499e+04 -1.0382e+04 2.8865e+01 -6.9552e+03
-5.3041e+06 3.6313e+01 1.7442e+04 -1.0494e+04 -3.3734e+01 -6.8528e+03
-3.9664e+06 3.6317e+01 1.7382e+04 -1.0610e+04 3.9298e+01 -6.7468e+03
-5.6788e+06 3.6320e+01 1.7319e+04 -1.0729e+04 -5.6018e+01 -6.6444e+03
-3.2783e+06 3.6337e+01 1.7253e+04 -1.0851e+04 6.3109e+01 -6.5377e+03
-5.7295e+06 3.6359e+01 1.7183e+04 -1.0977e+04 -7.5792e+01 -6.4363e+03
-2.3860e+06 3.6421e+01 1.7109e+04 -1.1107e+04 6.2823e+01 -6.3276e+03
-6.0685e+06 3.6528e+01 1.7031e+04 -1.1241e+04 -1.7727e+02 -6.2273e+03
-7.0116e+05 3.6758e+01 1.6949e+04 -1.1378e+04 3.8398e+01 -6.1171e+03
-5.4078e+06 3.7116e+01 1.6862e+04 -1.1521e+04 -6.5630e+02 -6.0060e+03
5.7331e+06 3.6145e+01 1.6769e+04 -1.1668e+04 -2.5038e+02 -5.9056e+03
4.8941e+06 3.2732e+01 1.6671e+04 -1.1821e+04 -4.4655e+02 -5.7467e+03
2.4283e+07 3.0093e+01 1.6567e+04 -1.1979e+04 2.1771e+03 -5.7404e+03
1.4901e+06 3.2840e+01 1.6457e+04 -1.2143e+04 -5.7464e+03 -4.5292e+03
-9.9885e+06 4.1376e+01 1.6338e+04 -1.2313e+04 -1.2054e+05 4.3979e+04
-1.2099e+07 4.9089e+01 1.4751e+04 -1.1206e+04 -3.3200e+05 1.4002e+05
-4.7660e+06 3.6309e+01 1.8310e+04 -8.5650e+03 -1.6618e+00 -8.3638e+03
-4.7229e+06 3.6306e+01 1.8285e+04 -8.6422e+03 6.9394e+00 -8.2576e+03
-4.7728e+06 3.6307e+01 1.8259e+04 -8.7205e+03 -2.3097e+00 -8.1699e+03
-4.6974e+06 3.6307e+01 1.8231e+04 -8.7999e+03 1.3065e+00 -8.0709e+03
-4.7732e+06 3.6307e+01 1.8203e+04 -8.8805e+03 -2.1222e+00 -7.9727e+03
-4.6600e+06 3.6308e+01 1.8174e+04 -8.9622e+03 4.3554e+00 -7.8736e+03
-4.7853e+06 3.6308e+01 1.8143e+04 -9.0453e+03 -4.6115e+00 -7.7743e+03
-4.6132e+06 3.6308e+01 1.8112e+04 -9.1298e+03 6.3239e+00 -7.6742e+03
-4.8040e+06 3.6307e+01 1.8079e+04 -9.2156e+03 -5.9620e+00 -7.5743e+03
-4.5390e+06 3.6306e+01 1.8044e+04 -9.3031e+03 9.1803e+00 -7.4730e+03
-4.8374e+06 3.6304e+01 1.8008e+04 -9.3921e+03 -8.9279e+00 -7.3723e+03
-4.4607e+06 3.6303e+01 1.7971e+04 -9.4829e+03 1.2550e+01 -7.2702e+03
-4.9327e+06 3.6303e+01 1.7932e+04 -9.5755e+03 -1.4334e+01 -7.1690e+03
-4.3905e+06 3.6305e+01 1.7892e+04 -9.6701e+03 1.6343e+01 -7.0663e+03
-5.0954e+06 3.6305e+01 1.7849e+04 -9.7667e+03 -2.1969e+01 -6.9647e+03
-4.2146e+06 3.6308e+01 1.7805e+04 -9.8655e+03 2.7156e+01 -6.8607e+03
-5.2345e+06 3.6309e+01 1.7758e+04 -9.9666e+03 -2.8605e+01 -6.7589e+03
-3.9817e+06 3.6314e+01 1.7709e+04 -1.0070e+04 3.8490e+01 -6.6540e+03
-5.6723e+06 3.6313e+01 1.7658e+04 -1.0176e+04 -5.0216e+01 -6.5523e+03
-3.5308e+06 3.6317e+01 1.7604e+04 -1.0286e+04 6.0297e+01 -6.4463e+03
-6.0028e+06 3.6319e+01 1.7548e+04 -1.0398e+04 -7.4786e+01 -6.3450e+03
-3.1367e+06 3.6339e+01 1.7488e+04 -1.0513e+04 6.9971e+01 -6.2378e+03
-6.7095e+06 3.6363e+01 1.7426e+04 -1.0631e+04 -1.3306e+02 -6.1372e+03
-2.1267e+06 3.6437e+01 1.7360e+04 -1.0754e+04 7.0152e+01 -6.0283e+03
-6.8117e+06 3.6555e+01 1.7290e+04 -1.0880e+04 -2.2717e+02 -5.9296e+03
5.3241e+05 3.6819e+01 1.7216e+04 -1.1010e+04 7.7512e+01 -5.8189e+03
-5.9087e+06 3.7131e+01 1.7138e+04 -1.1145e+04 -7.8732e+02 -5.7098e+03
8.6280e+06 3.5782e+01 1.7055e+04 -1.1284e+04 -3.7054e+01 -5.6046e+03
4.9251e+06 3.2194e+01 1.6967e+04 -1.1429e+04 -5.6139e+02 -5.4443e+03
2.8037e+07 3.0127e+01 1.6874e+04 -1.1579e+04 2.7772e+03 -5.4663e+03
-3.5562e+06 3.3947e+01 1.6774e+04 -1.1734e+04 -8.1765e+03 -3.9268e+03
-8.4869e+06 4.2996e+01 1.6668e+04 -1.1896e+04 -1.4533e+05 5.2191e+04
-5.3127e+06 4.9709e+01 1.4727e+04 -1.0543e+04 -3.5646e+05 1.4832e+05
-4.7673e+06 3.6305e+01 1.8446e+04 -8.3429e+03 9.3201e-01 -8.0617e+03
-4.6722e+06 3.6303e+01 1.8424e+04 -8.4154e+03 1.0112e+01 -7.9554e+03
-4.7884e+06 3.6307e+01 1.8400e+04 -8.4889e+03 -1.8987e+00 -7.8676e+03
-4.6560e+06 3.6309e+01 1.8376e+04 -8.5634e+03 1.3853e+00 -7.7687e+03
-4.8091e+06 3.6309e+01 1.8351e+04 -8.6389e+03 -2.8645e+00 -7.6705e+03
-4.6149e+06 3.6310e+01 1.8325e+04 -8.7156e+03 5.3422e+00 -7.5714e+03
-4.8357e+06 3.6310e+01 1.8298e+04 -8.7934e+03 -5.2441e+00 -7.4725e+03
-4.5556e+06 3.6309e+01 1.8270e+04 -8.8725e+03 7.5609e+00 -7.3725e+03
-4.8589e+06 3.6306e+01 1.8241e+04 -8.9529e+03 -7.2851e+00 -7.2728e+03
-4.4735e+06 3.6305e+01 1.8210e+04 -9.0347e+03 1.0893e+01 -7.1716e+03
-4.9167e+06 3.6303e+01 1.8179e+04 -9.1180e+03 -1.0738e+01 -7.0711e+03
-4.3715e+06 3.6304e+01 1.8146e+04 -9.2029e+03 1.5773e+01 -6.9692e+03
-5.0163e+06 3.6304e+01 1.8111e+04 -9.2895e+03 -1.6278e+01 -6.8682e+03
-4.2313e+06 3.6307e+01 1.8075e+04 -9.3779e+03 2.3004e+01 -6.7655e+03
-5.1780e+06 3.6308e+01 1.8038e+04 -9.4682e+03 -2.4478e+01 -6.6643e+03
-4.0808e+06 3.6311e+01 1.7998e+04 -9.5605e+03 3.2432e+01 -6.5607e+03
-5.4999e+06 3.6311e+01 1.7957e+04 -9.6550e+03 -4.0184e+01 -6.4594e+03
-3.8241e+06 3.6315e+01 1.7914e+04 -9.7518e+03 4.7885e+01 -6.3547e+03
-5.7581e+06 3.6313e+01 1.7869e+04 -9.8511e+03 -5.7937e+01 -6.2537e+03
-3.4453e+06 3.6319e+01 1.7821e+04 -9.9530e+03 6.7501e+01 -6.1477e+03
-6.2972e+06 3.6321e+01 1.7771e+04 -1.0058e+04 -9.2144e+01 -6.0472e+03
-2.5737e+06 3.6344e+01 1.7718e+04 -1.0165e+04 1.0082e+02 -5.9400e+03
-6.7144e+06 3.6372e+01 1.7663e+04 -1.0276e+04 -1.3691e+02 -5.8407e+03
-1.2800e+06 3.6456e+01 1.7604e+04 -1.0391e+04 1.0988e+02 -5.7318e+03
-7.2759e+06 3.6585e+01 1.7542e+04 -1.0509e+04 -2.5976e+02 -5.6342e+03
1.2496e+06 3.6885e+01 1.7477e+04 -1.0631e+04 8.4361e+01 -5.5220e+03
-6.7201e+06 3.7153e+01 1.7408e+04 -1.0757e+04 -9.3573e+02 -5.4149e+03
1.0492e+07 3.5481e+01 1.7334e+04 -1.0888e+04 1.3850e+02 -5.3048e+03
4.4668e+06 3.1772e+01 1.7256e+04 -1.1023e+04 -6.8320e+02 -5.1374e+03
3.0118e+07 3.0209e+01 1.7173e+04 -1.1164e+04 3.3159e+03 -5.1801e+03
-9.2341e+06 3.4844e+01 1.7085e+04 -1.1311e+04 -1.0818e+04 -3.2154e+03
-9.2711e+06 4.4382e+01 1.6986e+04 -1.1460e+04 -1.7055e+05 6.0460e+04
-2.9819e+06 5.0379e+01 1.4683e+04 -9.8832e+03 -3.8129e+05 1.5651e+05
-4.7307e+06 3.6304e+01 1.8578e+04 -8.1174e+03 1.8261e+00 -7.7615e+03
-4.6685e+06 3.6303e+01 1.8559e+04 -8.1852e+03 1.1615e+01 -7.6551e+03
-4.7722e+06 3.6309e+01 1.8538e+04 -8.2537e+03 -2.0584e+00 -7.5672e+03
-4.6777e+06 3.6312e+01 1.8517e+04 -8.3232e+03 1.6275e+00 -7.4683e+03
-4.7958e+06 3.6311e+01 1.8495e+04 -8.3936e+03 -3.2299e+00 -7.3703e+03
-4.6276e+06 3.6312e+01 1.8472e+04 -8.4649e+03 6.2290e+00 -7.2713e+03
-4.8126e+06 3.6310e+01 1.8449e+04 -8.5374e+03 -5.9832e+00 -7.1724e+03
-4.5624e+06 3.6308e+01 1.8424e+04 -8.6109e+03 8.3550e+00 -7.0723e+03
-4.8474e+06 3.6305e+01 1.8399e+04 -8.6856e+03 -8.6174e+00 -6.9729e+03
-4.4720e+06 3.6304e+01 1.8372e+04 -8.7617e+03 1.2283e+01 -6.8720e+03
-4.9165e+06 3.6303e+01 1.8344e+04 -8.8390e+03 -1.3255e+01 -6.7718e+03
-4.3739e+06 3.6305e+01 1.8315e+04 -8.9178e+03 1.7420e+01 -6.6701e+03
-5.0626e+06 3.6306e+01 1.8285e+04 -8.9981e+03 -2.0754e+01 -6.5695e+03
-4.2615e+06 3.6309e+01 1.8254e+04 -9.0801e+03 2.4437e+01 -6.4667e+03
-5.2861e+06 3.6310e+01 1.8221e+04 -9.1638e+03 -3.1760e+01 -6.3659e+03
-4.0369e+06 3.6314e+01 1.8186e+04 -9.2494e+03 3.8083e+01 -6.2624e+03
-5.5281e+06 3.6312e+01 1.8150e+04 -9.3369e+03 -4.4336e+01 -6.1618e+03
-3.7003e+06 3.6315e+01 1.8113e+04 -9.4266e+03 5.5473e+01 -6.0573e+03
-6.0240e+06 3.6312e+01 1.8073e+04 -9.5185e+03 -7.0739e+01 -5.9569e+03
-3.1366e+06 3.6320e+01 1.8031e+04 -9.6129e+03 8.2375e+01 -5.8512e+03
-6.5477e+06 3.6323e+01 1.7988e+04 -9.7099e+03 -1.0730e+02 -5.7515e+03
-2.4449e+06 3.6349e+01 1.7942e+04 -9.8097e+03 1.0754e+02 -5.6442e+03
-7.4168e+06 3.6381e+01 1.7893e+04 -9.9125e+03 -1.8104e+02 -5.5455e+03
-1.0321e+06 3.6475e+01 1.7842e+04 -1.0018e+04 1.1866e+02 -5.4365e+03
-7.8315e+06 3.6617e+01 1.7788e+04 -1.0128e+04 -3.0142e+02 -5.3403e+03
2.2216e+06 3.6951e+01 1.7731e+04 -1.0241e+04 1.0062e+02 -5.2265e+03
-7.0159e+06 3.7075e+01 1.7670e+04 -1.0358e+04 -1.0384e+03 -5.1227e+03
1.2990e+07 3.4941e+01 1.7606e+04 -1.0479e+04 3.5518e+02 -5.0162e+03
4.5134e+06 3.1160e+01 1.7538e+04 -1.0605e+04 -7.8963e+02 -4.8512e+03
3.2802e+07 3.0096e+01 1.7465e+04 -1.0736e+04 3.8066e+03 -4.8885e+03
-1.4029e+07 3.5254e+01 1.7387e+04 -1.0873e+04 -1.3628e+04 -2.4365e+03
-8.1551e+06 4.5055e+01 1.7293e+04 -1.1006e+04 -1.9549e+05 6.8714e+04
3.3066e+06 5.0173e+01 1.4618e+04 -9.2283e+03 -4.0546e+05 1.6464e+05
-4.7525e+06 3.6306e+01 1.8707e+04 -7.8888e+03 1.2837e+00 -7.4629e+03
-4.6470e+06 3.6306e+01 1.8690e+04 -7.9516e+03 1.1376e+01 -7.3568e+03
-4.7927e+06 3.6312e+01 1.8672e+04 -8.0151e+03 -2.2950e+00 -7.2689e+03
-4.6433e+06 3.6314e+01 1.8654e+04 -8.0794e+03 2.0133e+00 -7.1699e+03
-4.8199e+06 3.6313e+01 1.8635e+04 -8.1445e+03 -3.1058e+00 -7.0719e+03
-4.5900e+06 3.6312e+01 1.8615e+04 -8.2105e+03 6.8512e+00 -6.9729e+03
-4.8485e+06 3.6309e+01 1.8595e+04 -8.2774e+03 -6.2950e+00 -6.8742e+03
-4.5182e+06 3.6307e+01 1.8574e+04 -8.3452e+03 8.5411e+00 -6.7744e+03
-4.8887e+06 3.6304e+01 1.8552e+04 -8.4141e+03 -9.5049e+00 -6.6750e+03
-4.4280e+06 3.6304e+01 1.8529e+04 -8.4842e+03 1.2630e+01 -6.5742e+03
-4.9807e+06 3.6304e+01 1.8505e+04 -8.5554e+03 -1.4231e+01 -6.4744e+03
-4.3163e+06 3.6307e+01 1.8480e+04 -8.6279e+03 1.8945e+01 -6.3729e+03
-5.1267e+06 3.6308e+01 1.8454e+04 -8.7017e+03 -2.1352e+01 -6.2727e+03
-4.1507e+06 3.6312e+01 1.8427e+04 -8.7770e+03 2.8702e+01 -6.1702e+03
-5.3421e+06 3.6312e+01 1.8398e+04 -8.8539e+03 -3.1810e+01 -6.0698e+03
-3.9393e+06 3.6315e+01 1.8369e+04 -8.9324e+03 4.1495e+01 -5.9665e+03
-5.7017e+06 3.6312e+01 1.8338e+04 -9.0127e+03 -5.0589e+01 -5.8660e+03
-3.5912e+06 3.6315e+01 1.8305e+04 -9.0950e+03 6.0754e+01 -5.7617e+03
-6.0774e+06 3.6311e+01 1.8271e+04 -9.1793e+03 -7.4142e+01 -5.6619e+03
-3.0769e+06 3.6321e+01 1.8235e+04 -9.2658e+03 8.5581e+01 -5.5564e+03
-6.7385e+06 3.6325e+01 1.8198e+04 -9.3546e+03 -1.1639e+02 -5.4572e+03
-2.0702e+06 3.6356e+01 1.8158e+04 -9.4460e+03 1.2622e+02 -5.3507e+03
-7.4200e+06 3.6392e+01 1.8116e+04 -9.5401e+03 -1.8263e+02 -5.2525e+03
-4.4578e+05 3.6496e+01 1.8072e+04 -9.6372e+03 1.4336e+02 -5.1438e+03
-8.1259e+06 3.6651e+01 1.8026e+04 -9.7374e+03 -3.2343e+02 -5.0482e+03
2.7796e+06 3.7005e+01 1.7976e+04 -9.8410e+03 8.1125e+01 -4.9329e+03
-7.3437e+06 3.6858e+01 1.7924e+04 -9.9482e+03 -1.1027e+03 -4.8345e+03
1.4568e+07 3.4264e+01 1.7869e+04 -1.0059e+04 4.7655e+02 -4.7208e+03
4.1505e+06 3.0666e+01 1.7810e+04 -1.0175e+04 -9.0481e+02 -4.5836e+03
3.3775e+07 3.0188e+01 1.7748e+04 -1.0295e+04 3.8560e+03 -4.5099e+03
-1.9204e+07 3.5875e+01 1.7681e+04 -1.0420e+04 -1.8126e+04 2.5592e+03
-8.4608e+06 4.5810e+01 1.7590e+04 -1.0537e+04 -2.1817e+05 8.3434e+04
6.1796e+06 4.9693e+01 1.4533e+04 -8.5798e+03 -4.2557e+05 1.7520e+05
-4.7250e+06 3.6309e+01 1.8832e+04 -7.6572e+03 1.3101e+00 -7.1661e+03
-4.6692e+06 3.6309e+01 1.8817e+04 -7.7150e+03 1.0875e+01 -7.0601e+03
-4.7664e+06 3.6315e+01 1.8802e+04 -7.7734e+03 -1.5685e+00 -6.9722e+03
-4.6769e+06 3.6316e+01 1.8787e+04 -7.8324e+03 2.2960e+00 -6.8732e+03
-4.7831e+06 3.6313e+01 1.8771e+04 -7.8921e+03 -1.4248e+00 -6.7752e+03
-4.6226e+06 3.6310e+01 1.8754e+04 -7.9525e+03 6.9732e+00 -6.6764e+03
-4.7941e+06 3.6307e+01 1.8737e+04 -8.0137e+03 -4.8815e+00 -6.5778e+03
-4.5601e+06 3.6305e+01 1.8719e+04 -8.0757e+03 7.3552e+00 -6.4782e+03
-4.8336e+06 3.6304e+01 1.8700e+04 -8.1386e+03 -8.3925e+00 -6.3788e+03
-4.4846e+06 3.6305e+01 1.8681e+04 -8.2025e+03 1.0927e+01 -6.2783e+03
-4.9132e+06 3.6306e+01 1.8660e+04 -8.2674e+03 -1.2248e+01 -6.1787e+03
-4.3990e+06 3.6310e+01 1.8639e+04 -8.3334e+03 1.6675e+01 -6.0775e+03
-5.0595e+06 3.6311e+01 1.8617e+04 -8.4006e+03 -1.9035e+01 -5.9774e+03
-4.2870e+06 3.6314e+01 1.8594e+04 -8.4690e+03 2.4306e+01 -5.8754e+03
-5.2696e+06 3.6313e+01 1.8570e+04 -8.5388e+03 -2.9230e+01 -5.7749e+03
-4.0725e+06 3.6315e+01 1.8545e+04 -8.6101e+03 3.6553e+01 -5.6722e+03
-5.5076e+06 3.6311e+01 1.8519e+04 -8.6829e+03 -4.2768e+01 -5.5719e+03
-3.7493e+06 3.6313e+01 1.8491e+04 -8.7574e+03 5.2634e+01 -5.4683e+03
-5.9502e+06 3.6311e+01 1.8463e+04 -8.8337e+03 -6.6685e+01 -5.3681e+03
-3.2286e+06 3.6321e+01 1.8432e+04 -8.9119e+03 7.6904e+01 -5.2639e+03
-6.4648e+06 3.6329e+01 1.8400e+04 -8.9922e+03 -1.0280e+02 -5.1643e+03
-2.5126e+06 3.6361e+01 1.8367e+04 -9.0748e+03 1.0162e+02 -5.0589e+03
-7.2359e+06 3.6404e+01 1.8332e+04 -9.1599e+03 -1.7910e+02 -4.9601e+03
-1.0495e+06 3.6515e+01 1.8295e+04 -9.2475e+03 1.0460e+02 -4.8534e+03
-7.5094e+06 3.6688e+01 1.8255e+04 -9.3380e+03 -3.0213e+02 -4.7565e+03
2.2960e+06 3.7037e+01 1.8214e+04 -9.4315e+03 9.2529e-01 -4.6430e+03
-5.9219e+06 3.6619e+01 1.8170e+04 -9.5284e+03 -1.0648e+03 -4.5481e+03
1.4574e+07 3.3810e+01 1.8123e+04 -9.6288e+03 4.1994e+02 -4.3959e+03
6.8123e+06 3.0685e+01 1.8073e+04 -9.7331e+03 -6.2223e+02 -4.2893e+03
3.2176e+07 3.0977e+01 1.8021e+04 -9.8416e+03 3.1510e+03 -3.9721e+03
-1.9294e+07 3.7198e+01 1.7964e+04 -9.9546e+03 -2.9265e+04 1.3481e+04
-8.9761e+06 4.6878e+01 1.7698e+04 -9.9388e+03 -2.3856e+05 1.0457e+05
6.8686e+06 4.9369e+01 1.4428e+04 -7.9394e+03 -4.3637e+05 1.8636e+05
-4.7274e+06 3.6312e+01 1.8953e+04 -7.4228e+03 2.4300e+00 -6.8718e+03
-4.6689e+06 3.6311e+01 1.8941e+04 -7.4754e+03 1.0238e+01 -6.7658e+03
-4.7532e+06 3.6315e+01 1.8928e+04 -7.5286e+03 -1.7488e-01 -6.6777e+03
-4.6748e+06 3.6315e+01 1.8915e+04 -7.5822e+03 9.2965e-01 -6.5789e+03
-4.7742e+06 3.6312e+01 1.8902e+04 -7.6364e+03 -1.5364e+00 -6.4809e+03
-4.6440e+06 3.6309e+01 1.8888e+04 -7.6912e+03 3.6261e+00 -6.3824e+03
-4.7717e+06 3.6306e+01 1.8874e+04 -7.7466e+03 -2.6635e+00 -6.2836e+03
-4.5854e+06 3.6304e+01 1.8859e+04 -7.8026e+03 5.0147e+00 -6.1841e+03
-4.7877e+06 3.6305e+01 1.8843e+04 -7.8594e+03 -4.8202e+00 -6.0848e+03
-4.5452e+06 3.6307e+01 1.8827e+04 -7.9170e+03 7.7287e+00 -5.9848e+03
-4.8510e+06 3.6309e+01 1.8811e+04 -7.9754e+03 -6.4640e+00 -5.8851e+03
-4.4936e+06 3.6312e+01 1.8793e+04 -8.0347e+03 1.2019e+01 -5.7844e+03
-4.9354e+06 3.6313e+01 1.8775e+04 -8.0950e+03 -1.0558e+01 -5.6842e+03
-4.4060e+06 3.6314e+01 1.8756e+04 -8.1564e+03 1.7067e+01 -5.5829e+03
-5.0538e+06 3.6313e+01 1.8736e+04 -8.2189e+03 -1.7665e+01 -5.4821e+03
-4.2981e+06 3.6313e+01 1.8715e+04 -8.2826e+03 2.3186e+01 -5.3804e+03
-5.2507e+06 3.6310e+01 1.8694e+04 -8.3477e+03 -2.8807e+01 -5.2797e+03
-4.1162e+06 3.6312e+01 1.8671e+04 -8.4141e+03 3.3484e+01 -5.1774e+03
-5.4395e+06 3.6312e+01 1.8647e+04 -8.4822e+03 -4.1526e+01 -5.0768e+03
-3.8443e+06 3.6322e+01 1.8622e+04 -8.5518e+03 4.5517e+01 -4.9740e+03
-5.7838e+06 3.6334e+01 1.8596e+04 -8.6233e+03 -6.8290e+01 -4.8734e+03
-3.2442e+06 3.6367e+01 1.8568e+04 -8.6967e+03 6.2354e+01 -4.7701e+03
-6.0290e+06 3.6419e+01 1.8539e+04 -8.7723e+03 -1.1989e+02 -4.6699e+03
-2.1147e+06 3.6535e+01 1.8508e+04 -8.8501e+03 3.9914e+01 -4.5660e+03
-5.8617e+06 3.6731e+01 1.8476e+04 -8.9303e+03 -2.2514e+02 -4.4667e+03
5.1793e+05 3.7061e+01 1.8442e+04 -9.0132e+03 -1.6484e+02 -4.3538e+03
-3.2383e+06 3.6454e+01 1.8406e+04 -9.0991e+03 -9.4108e+02 -4.2571e+03
1.2403e+07 3.3626e+01 1.8367e+04 -9.1880e+03 2.1370e+02 -4.0889e+03
1.1698e+07 3.1121e+01 1.8326e+04 -9.2804e+03 1.2010e+02 -4.0192e+03
2.6610e+07 3.2437e+01 1.8283e+04 -9.3765e+03 1.5048e+03 -3.4259e+03
-1.5726e+07 3.9065e+01 1.8237e+04 -9.4766e+03 -4.9512e+04 2.3869e+04
-9.2354e+06 4.7635e+01 1.7610e+04 -9.2276e+03 -2.6120e+05 1.1935e+05
1.5495e+06 4.8172e+01 1.4301e+04 -7.3087e+03 -4.4047e+05 1.9149e+05
-4.6864e+06 3.6313e+01 1.9070e+04 -7.1857e+03 3.3770e+00 -6.5795e+03
-4.6947e+06 3.6311e+01 1.9060e+04 -7.2332e+03 9.3136e+00 -6.4741e+03
-4.7084e+06 3.6314e+01 1.9050e+04 -7.2810e+03 1.0470e+00 -6.3859e+03
-4.7254e+06 3.6314e+01 1.9040e+04 -7.3292e+03 -1.9635e+00 -6.2874e+03
-4.7379e+06 3.6312e+01 1.9029e+04 -7.3778e+03 -5.0353e+00 -6.1894e+03
-4.7178e+06 3.6309e+01 1.9018e+04 -7.4268e+03 -3.6577e+00 -6.0910e+03
-4.6948e+06 3.6305e+01 1.9006e+04 -7.4763e+03 -3.4488e-01 -5.9922e+03
-4.6587e+06 3.6304e+01 1.8994e+04 -7.5262e+03 4.5425e+00 -5.8932e+03
-4.6917e+06 3.6306e+01 1.8982e+04 -7.5768e+03 1.6770e+00 -5.7941e+03
-4.6613e+06 3.6309e+01 1.8969e+04 -7.6279e+03 3.9941e+00 -5.6943e+03
-4.7275e+06 3.6312e+01 1.8955e+04 -7.6797e+03 -1.5859e+00 -5.5943e+03
-4.6569e+06 3.6313e+01 1.8941e+04 -7.7322e+03 4.2318e+00 -5.4941e+03
-4.7593e+06 3.6313e+01 1.8927e+04 -7.7855e+03 -2.6670e+00 -5.3937e+03
-4.6452e+06 3.6312e+01 1.8911e+04 -7.8396e+03 5.4403e+00 -5.2932e+03
-4.8095e+06 3.6311e+01 1.8896e+04 -7.8946e+03 -6.3991e+00 -5.1924e+03
-4.6064e+06 3.6310e+01 1.8879e+04 -7.9505e+03 7.2018e+00 -5.0916e+03
-4.8350e+06 3.6309e+01 1.8862e+04 -8.0076e+03 -8.2648e+00 -4.9905e+03
-4.5510e+06 3.6310e+01 1.8843e+04 -8.0658e+03 9.6144e+00 -4.8894e+03
-4.9394e+06 3.6313e+01 1.8824e+04 -8.1252e+03 -1.3939e+01 -4.7879e+03
-4.4440e+06 3.6323e+01 1.8804e+04 -8.1861e+03 1.1799e+01 -4.6867e+03
-4.9926e+06 3.6340e+01 1.8783e+04 -8.2484e+03 -2.6696e+01 -4.5851e+03
-4.2788e+06 3.6373e+01 1.8761e+04 -8.3122e+03 2.9666e+00 -4.4842e+03
-4.9876e+06 3.6435e+01 1.8738e+04 -8.3779e+03 -7.1023e+01 -4.3817e+03
-3.6025e+06 3.6558e+01 1.8714e+04 -8.4454e+03 -4.8347e+01 -4.2812e+03
-4.0604e+06 3.6783e+01 1.8688e+04 -8.5150e+03 -1.4284e+02 -4.1785e+03
-1.4075e+06 3.7088e+01 1.8660e+04 -8.5868e+03 -3.5303e+02 -4.0635e+03
1.7094e+05 3.6240e+01 1.8632e+04 -8.6611e+03 -7.0213e+02 -3.9714e+03
1.0169e+07 3.3312e+01 1.8601e+04 -8.7380e+03 -1.8334e+01 -3.8415e+03
1.6736e+07 3.1218e+01 1.8568e+04 -8.8178e+03 8.4671e+02 -3.8256e+03
1.8786e+07 3.3355e+01 1.8534e+04 -8.9007e+03 -9.6658e+02 -2.9652e+03
-1.2087e+07 4.0459e+01 1.8497e+04 -8.9872e+03 -7.4194e+04 3.1828e+04
-8.1821e+06 4.7915e+01 1.7498e+04 -8.5259e+03 -2.8623e+05 1.2752e+05
-2.4213e+06 4.6159e+01 1.4153e+04 -6.6891e+03 -4.4288e+05 1.9221e+05
-4.6782e+06 3.6312e+01 1.9183e+04 -6.9463e+03 5.3132e+00 -6.2883e+03
-4.6928e+06 3.6309e+01 1.9175e+04 -6.9885e+03 9.4109e+00 -6.1833e+03
-4.6847e+06 3.6312e+01 1.9167e+04 -7.0309e+03 3.1773e+00 -6.0955e+03
-4.7206e+06 3.6311e+01 1.9159e+04 -7.0736e+03 -2.2844e+00 -5.9970e+03
-4.7067e+06 3.6309e+01 1.9151e+04 -7.1165e+03 -2.2089e+00 -5.8991e+03
-4.7293e+06 3.6307e+01 1.9143e+04 -7.1596e+03 -4.1600e+00 -5.8010e+03
-4.6657e+06 3.6305e+01 1.9134e+04 -7.2030e+03 4.5359e+00 -5.7022e+03
-4.7214e+06 3.6306e+01 1.9124e+04 -7.2468e+03 1.7284e+00 -5.6034e+03
-4.6689e+06 3.6309e+01 1.9115e+04 -7.2910e+03 5.7982e+00 -5.5041e+03
-4.7533e+06 3.6313e+01 1.9105e+04 -7.3356e+03 -2.8901e-01 -5.4047e+03
-4.6648e+06 3.6315e+01 1.9094e+04 -7.3806e+03 3.7169e+00 -5.3047e+03
-4.7739e+06 3.6314e+01 1.9084e+04 -7.4261e+03 -3.0540e+00 -5.2051e+03
-4.6155e+06 3.6311e+01 1.9072e+04 -7.4722e+03 7.5629e+00 -5.1046e+03
-4.7877e+06 3.6309e+01 1.9061e+04 -7.5188e+03 -3.1455e+00 -5.0049e+03
-4.5660e+06 3.6308e+01 1.9049e+04 -7.5662e+03 9.2045e+00 -4.9040e+03
-4.8576e+06 3.6307e+01 1.9036e+04 -7.6142e+03 -7.5164e+00 -4.8040e+03
-4.5199e+06 3.6308e+01 1.9022e+04 -7.6630e+03 1.2073e+01 -4.7025e+03
-4.9592e+06 3.6309e+01 1.9009e+04 -7.7127e+03 -1.3041e+01 -4.6024e+03
-4.3915e+06 3.6315e+01 1.8994e+04 -7.7634e+03 1.7976e+01 -4.5005e+03
-5.1043e+06 3.6325e+01 1.8979e+04 -7.8151e+03 -2.5315e+01 -4.4009e+03
-4.2295e+06 3.6346e+01 1.8963e+04 -7.8679e+03 1.6081e+01 -4.2981e+03
-5.1344e+06 3.6382e+01 1.8946e+04 -7.9219e+03 -4.7170e+01 -4.1994e+03
-3.7247e+06 3.6457e+01 1.8928e+04 -7.9773e+03 -9.7593e+00 -4.0949e+03
-4.8199e+06 3.6590e+01 1.8909e+04 -8.0342e+03 -1.2333e+02 -3.9980e+03
-2.3024e+06 3.6855e+01 1.8890e+04 -8.0927e+03 -9.1191e+01 -3.8908e+03
-3.2444e+06 3.7097e+01 1.8869e+04 -8.1530e+03 -5.7481e+02 -3.7778e+03
3.5666e+06 3.5815e+01 1.8847e+04 -8.2152e+03 -4.6638e+02 -3.6877e+03
8.0818e+06 3.2541e+01 1.8824e+04 -8.2795e+03 -2.8229e+02 -3.5704e+03
2.0373e+07 3.0567e+01 1.8799e+04 -8.3461e+03 1.3790e+03 -3.5723e+03
9.2760e+06 3.3223e+01 1.8773e+04 -8.4153e+03 -3.8014e+03 -2.4775e+03
-1.0851e+07 4.1020e+01 1.8745e+04 -8.4872e+03 -9.9274e+04 3.9695e+04
-8.5565e+06 4.8124e+01 1.7364e+04 -7.8352e+03 -3.1140e+05 1.3549e+05
-7.0269e+06 4.4751e+01 1.3984e+04 -6.0824e+03 -4.4518e+05 1.9277e+05
-4.6368e+06 3.6310e+01 1.9291e+04 -6.7047e+03 6.0361e+00 -5.9983e+03
-4.7114e+06 3.6306e+01 1.9286e+04 -6.7416e+03 8.6474e+00 -5.8924e+03
-4.6387e+06 3.6309e+01 1.9280e+04 -6.7785e+03 4.8644e+00 -5.8043e+03
-4.7473e+06 3.6307e+01 1.9275e+04 -6.8155e+03 -1.8658e+00 -5.7060e+03
-4.6234e+06 3.6305e+01 1.9269e+04 -6.8526e+03 5.2030e+00 -5.6079e+03
-4.7529e+06 3.6305e+01 1.9262e+04 -6.8898e+03 8.1917e-02 -5.5099e+03
-4.5985e+06 3.6307e+01 1.9256e+04 -6.9272e+03 7.4663e+00 -5.4112e+03
-4.8640e+06 3.6310e+01 1.9249e+04 -6.9647e+03 -1.0820e+01 -5.3127e+03
-4.6392e+06 3.6313e+01 1.9242e+04 -7.0024e+03 3.0840e-01 -5.2133e+03
-4.8805e+06 3.6314e+01 1.9235e+04 -7.0402e+03 -6.7504e+00 -5.1144e+03
-4.5258e+06 3.6315e+01 1.9228e+04 -7.0784e+03 1.0470e+01 -5.0144e+03
-4.9335e+06 3.6312e+01 1.9220e+04 -7.1168e+03 -1.0157e+01 -4.9153e+03
-4.4301e+06 3.6309e+01 1.9212e+04 -7.1555e+03 1.5972e+01 -4.8150e+03
-5.0293e+06 3.6306e+01 1.9204e+04 -7.1946e+03 -1.4242e+01 -4.7158e+03
-4.2973e+06 3.6306e+01 1.9195e+04 -7.2341e+03 2.2635e+01 -4.6146e+03
-5.1787e+06 3.6305e+01 1.9186e+04 -7.2740e+03 -2.2588e+01 -4.5154e+03
-4.0892e+06 3.6308e+01 1.9176e+04 -7.3145e+03 3.3589e+01 -4.4137e+03
-5.4308e+06 3.6309e+01 1.9166e+04 -7.3555e+03 -3.6834e+01 -4.3149e+03
-3.8341e+06 3.6318e+01 1.9156e+04 -7.3971e+03 4.6711e+01 -4.2123e+03
-5.7807e+06 3.6327e+01 1.9145e+04 -7.4394e+03 -6.0471e+01 -4.1144e+03
-3.3616e+06 3.6355e+01 1.9133e+04 -7.4825e+03 5.8046e+01 -4.0109e+03
-6.2257e+06 3.6394e+01 1.9121e+04 -7.5264e+03 -1.0605e+02 -3.9137e+03
-2.5145e+06 3.6488e+01 1.9109e+04 -7.5713e+03 3.2326e+01 -3.8073e+03
-6.3398e+06 3.6638e+01 1.9095e+04 -7.6172e+03 -2.0727e+02 -3.7101e+03
-3.0037e+05 3.6945e+01 1.9081e+04 -7.6642e+03 -3.6375e+01 -3.5976e+03
-5.1019e+06 3.7061e+01 1.9067e+04 -7.7126e+03 -7.4951e+02 -3.4835e+03
7.6310e+06 3.5276e+01 1.9051e+04 -7.7622e+03 -1.5975e+02 -3.3659e+03
6.3426e+06 3.1699e+01 1.9034e+04 -7.8135e+03 -3.0122e+02 -3.2114e+03
2.5030e+07 2.9975e+01 1.9017e+04 -7.8664e+03 2.2075e+03 -3.2319e+03
-4.0659e+05 3.3356e+01 1.8998e+04 -7.9212e+03 -6.3916e+03 -1.9638e+03
-9.0995e+06 4.1989e+01 1.8979e+04 -7.9780e+03 -1.2411e+05 4.7579e+04
-7.4756e+06 4.9207e+01 1.7207e+04 -7.1573e+03 -3.3623e+05 1.4349e+05
-1.0178e+07 4.4961e+01 1.3794e+04 -5.4901e+03 -4.4725e+05 1.9335e+05
-4.6275e+06 3.6308e+01 1.9396e+04 -6.4611e+03 3.2510e+00 -5.7104e+03
-4.7053e+06 3.6305e+01 1.9392e+04 -6.4926e+03 3.4133e+00 -5.6050e+03
-4.6193e+06 3.6308e+01 1.9389e+04 -6.5240e+03 8.9389e-01 -5.5182e+03
-4.7328e+06 3.6307e+01 1.9385e+04 -6.5553e+03 -7.9291e+00 -5.4201e+03
-4.5889e+06 3.6306e+01 1.9381e+04 -6.5866e+03 3.1261e+00 -5.3217e+03
-4.7507e+06 3.6306e+01 1.9377e+04 -6.6178e+03 -4.6118e+00 -5.2243e+03
-4.5760e+06 3.6309e+01 1.9373e+04 -6.6489e+03 5.2137e+00 -5.1253e+03
-4.8932e+06 3.6313e+01 1.9369e+04 -6.6801e+03 -1.8385e+01 -5.0276e+03
-4.5946e+06 3.6314e+01 1.9365e+04 -6.7112e+03 -1.6152e+00 -4.9280e+03
-4.9147e+06 3.6312e+01 1.9360e+04 -6.7423e+03 -1.3535e+01 -4.8300e+03
-4.4488e+06 3.6312e+01 1.9355e+04 -6.7734e+03 1.2963e+01 -4.7296e+03
-5.0122e+06 3.6310e+01 1.9350e+04 -6.8046e+03 -2.0488e+01 -4.6309e+03
-4.3337e+06 3.6310e+01 1.9345e+04 -6.8359e+03 1.6536e+01 -4.5302e+03
-5.1441e+06 3.6306e+01 1.9340e+04 -6.8673e+03 -2.7772e+01 -4.4317e+03
-4.1157e+06 3.6306e+01 1.9334e+04 -6.8988e+03 2.9651e+01 -4.3303e+03
-5.3646e+06 3.6305e+01 1.9329e+04 -6.9305e+03 -3.9528e+01 -4.2322e+03
-3.8558e+06 3.6310e+01 1.9323e+04 -6.9624e+03 4.3936e+01 -4.1301e+03
-5.7390e+06 3.6312e+01 1.9316e+04 -6.9945e+03 -6.0824e+01 -4.0325e+03
-3.4379e+06 3.6324e+01 1.9310e+04 -7.0269e+03 6.4343e+01 -3.9294e+03
-6.2640e+06 3.6333e+01 1.9303e+04 -7.0597e+03 -9.4839e+01 -3.8327e+03
-2.7878e+06 3.6366e+01 1.9295e+04 -7.0928e+03 8.4751e+01 -3.7286e+03
-6.8547e+06 3.6414e+01 1.9288e+04 -7.1264e+03 -1.5557e+02 -3.6327e+03
-1.5239e+06 3.6529e+01 1.9280e+04 -7.1604e+03 7.0393e+01 -3.5245e+03
-7.1033e+06 3.6691e+01 1.9272e+04 -7.1951e+03 -2.4839e+02 -3.4303e+03
1.3093e+06 3.7022e+01 1.9263e+04 -7.2303e+03 6.3732e+01 -3.3228e+03
-6.1234e+06 3.7128e+01 1.9253e+04 -7.2663e+03 -8.6365e+02 -3.2174e+03
1.0990e+07 3.5232e+01 1.9244e+04 -7.3031e+03 1.9323e+02 -3.0972e+03
6.2157e+06 3.1657e+01 1.9233e+04 -7.3409e+03 -1.0233e+02 -2.9221e+03
2.8895e+07 3.0322e+01 1.9222e+04 -7.3796e+03 3.2824e+03 -3.0065e+03
-1.0306e+07 3.4555e+01 1.9211e+04 -7.4195e+03 -9.0145e+03 -1.4020e+03
-1.3268e+07 4.3723e+01 1.9198e+04 -7.4607e+03 -1.4953e+05 5.5637e+04
-1.0009e+07 5.0870e+01 1.7028e+04 -6.4939e+03 -3.6143e+05 1.5157e+05
-1.6470e+07 4.6545e+01 1.3584e+04 -4.9137e+03 -4.4970e+05 1.9402e+05
-4.5923e+06 3.6307e+01 1.9496e+04 -6.2157e+03 3.9901e+00 -5.4257e+03
-4.6973e+06 3.6304e+01 1.9495e+04 -6.2418e+03 1.7463e+00 -5.3171e+03
-4.5742e+06 3.6308e+01 1.9493e+04 -6.2676e+03 9.3086e-01 -5.2235e+03
-4.7366e+06 3.6308e+01 1.9491e+04 -6.2932e+03 -9.1640e+00 -5.1238e+03
-4.5382e+06 3.6308e+01 1.9489e+04 -6.3186e+03 3.0912e+00 -5.0283e+03
-4.7631e+06 3.6309e+01 1.9487e+04 -6.3437e+03 -8.0443e+00 -4.9281e+03
-4.4967e+06 3.6310e+01 1.9485e+04 -6.3686e+03 8.1706e+00 -4.8313e+03
-4.8542e+06 3.6311e+01 1.9483e+04 -6.3933e+03 -1.0856e+01 -4.7314e+03
-4.4497e+06 3.6311e+01 1.9481e+04 -6.4177e+03 1.0971e+01 -4.6344e+03
-4.9257e+06 3.6308e+01 1.9479e+04 -6.4420e+03 -1.2789e+01 -4.5338e+03
-4.3369e+06 3.6309e+01 1.9477e+04 -6.4661e+03 1.8903e+01 -4.4358e+03
-5.0925e+06 3.6309e+01 1.9475e+04 -6.4900e+03 -2.4596e+01 -4.3354e+03
-4.2175e+06 3.6310e+01 1.9472e+04 -6.5137e+03 2.2146e+01 -4.2374e+03
-5.2733e+06 3.6305e+01 1.9470e+04 -6.5373e+03 -3.3559e+01 -4.1378e+03
-3.9366e+06 3.6306e+01 1.9467e+04 -6.5607e+03 3.9986e+01 -4.0385e+03
-5.5367e+06 3.6305e+01 1.9464e+04 -6.5840e+03 -4.9135e+01 -3.9387e+03
-3.5858e+06 3.6313e+01 1.9461e+04 -6.6072e+03 5.6141e+01 -3.8379e+03
-6.0012e+06 3.6315e+01 1.9458e+04 -6.6303e+03 -7.5897e+01 -3.7397e+03
-3.1007e+06 3.6328e+01 1.9455e+04 -6.6534e+03 7.8402e+01 -3.6378e+03
-6.6201e+06 3.6337e+01 1.9452e+04 -6.6764e+03 -1.1102e+02 -3.5416e+03
-2.2685e+06 3.6377e+01 1.9449e+04 -6.6994e+03 1.0233e+02 -3.4381e+03
-7.4220e+06 3.6436e+01 1.9445e+04 -6.7224e+03 -1.8803e+02 -3.3421e+03
-7.1952e+05 3.6564e+01 1.9441e+04 -6.7454e+03 1.0165e+02 -3.2350e+03
-7.6392e+06 3.6755e+01 1.9437e+04 -6.7685e+03 -2.2831e+02 -3.1572e+03
2.5912e+06 3.7291e+01 1.9433e+04 -6.7918e+03 1.1006e+02 -3.0796e+03
-7.0958e+06 3.7726e+01 1.9429e+04 -6.8152e+03 -1.0636e+03 -3.0274e+03
1.3597e+07 3.5988e+01 1.9424e+04 -6.8388e+03 3.0001e+02 -2.9445e+03
5.9122e+06 3.2460e+01 1.9419e+04 -6.8627e+03 -1.6149e+02 -2.8370e+03
2.9947e+07 3.1455e+01 1.9414e+04 -6.8869e+03 3.7392e+03 -2.8618e+03
-2.3492e+07 3.6647e+01 1.9409e+04 -6.9115e+03 -1.2610e+04 -8.2361e+02
-2.1507e+07 4.5697e+01 1.9396e+04 -6.9335e+03 -1.7562e+05 6.3915e+04
-1.2216e+07 5.0500e+01 1.6827e+04 -5.8465e+03 -3.8650e+05 1.5985e+05
-2.7384e+07 4.6516e+01 1.3355e+04 -4.3547e+03 -4.5269e+05 1.9459e+05
-4.5668e+06 3.6304e+01 1.9592e+04 -5.9688e+03 8.3733e+00 -5.1555e+03
-4.6608e+06 3.6303e+01 1.9592e+04 -5.9894e+03 5.2001e+00 -5.0529e+03
-4.5446e+06 3.6305e+01 1.9592e+04 -6.0096e+03 6.4715e+00 -4.9617e+03
-4.7099e+06 3.6306e+01 1.9592e+04 -6.0294e+03 -3.2260e+00 -4.8576e+03
-4.5051e+06 3.6306e+01 1.9592e+04 -6.0488e+03 9.9628e+00 -4.7663e+03
-4.7476e+06 3.6307e+01 1.9592e+04 -6.0678e+03 -3.2984e+00 -4.6629e+03
-4.4509e+06 3.6308e+01 1.9592e+04 -6.0864e+03 1.3607e+01 -4.5712e+03
-4.8163e+06 3.6307e+01 1.9592e+04 -6.1046e+03 -5.0423e+00 -4.4661e+03
-4.3665e+06 3.6306e+01 1.9592e+04 -6.1224e+03 2.0222e+01 -4.3740e+03
-4.9271e+06 3.6304e+01 1.9592e+04 -6.1397e+03 -8.1361e+00 -4.2685e+03
-4.2885e+06 3.6305e+01 1.9592e+04 -6.1567e+03 2.4701e+01 -4.1771e+03
-5.1421e+06 3.6306e+01 1.9592e+04 -6.1732e+03 -2.2191e+01 -4.0702e+03
-4.1401e+06 3.6308e+01 1.9592e+04 -6.1893e+03 3.0952e+01 -3.9779e+03
-5.3415e+06 3.6304e+01 1.9592e+04 -6.2050e+03 -3.1537e+01 -3.8700e+03
-3.8065e+06 3.6305e+01 1.9592e+04 -6.2202e+03 4.9818e+01 -3.7794e+03
-5.6370e+06 3.6303e+01 1.9592e+04 -6.2350e+03 -4.6997e+01 -3.6711e+03
-3.4072e+06 3.6311e+01 1.9592e+04 -6.2494e+03 6.7283e+01 -3.5812e+03
-6.1658e+06 3.6312e+01 1.9592e+04 -6.2634e+03 -7.4358e+01 -3.4718e+03
-2.8248e+06 3.6327e+01 1.9592e+04 -6.2770e+03 9.1241e+01 -3.3824e+03
-6.8679e+06 3.6335e+01 1.9592e+04 -6.2901e+03 -1.0762e+02 -3.2716e+03
-1.9106e+06 3.6379e+01 1.9592e+04 -6.3028e+03 1.1164e+02 -3.1837e+03
-7.7039e+06 3.6446e+01 1.9592e+04 -6.3151e+03 -1.8538e+02 -3.0726e+03
-1.1800e+05 3.6577e+01 1.9592e+04 -6.3270e+03 1.2405e+02 -2.9853e+03
-7.8580e+06 3.6798e+01 1.9592e+04 -6.3384e+03 -1.8679e+02 -2.8737e+03
2.9800e+06 3.7560e+01 1.9592e+04 -6.3494e+03 4.6346e+01 -2.7959e+03
-8.0597e+06 3.8151e+01 1.9592e+04 -6.3600e+03 -1.2688e+03 -2.6693e+03
1.4341e+07 3.6112e+01 1.9592e+04 -6.3702e+03 1.8716e+02 -2.5768e+03
5.9048e+06 3.2388e+01 1.9592e+04 -6.3800e+03 -3.0524e+02 -2.4434e+03
2.9292e+07 3.1771e+01 1.9592e+04 -6.3893e+03 3.6391e+03 -2.6186e+03
-3.0928e+07 3.7940e+01 1.9592e+04 -6.3983e+03 -1.5056e+04 -1.2569e+02
-2.8481e+07 4.7453e+01 1.9577e+04 -6.4007e+03 -1.8923e+05 7.5625e+04
-1.5598e+07 5.0810e+01 1.6605e+04 -5.2167e+03 -3.9927e+05 1.7148e+05
-3.8200e+07 4.7246e+01 1.3107e+04 -3.8145e+03 -4.5485e+05 1.9493e+05
