  1    1089
-3.6223e+06 6.2156e+01 -5.0986e+03 -8.3224e+03 2.2596e+00 5.5525e+03
-3.6233e+06 6.1144e+01 -5.0665e+03 -8.3212e+03 1.5764e-01 5.6815e+03
-3.6463e+06 6.0087e+01 -5.0339e+03 -8.3195e+03 8.8795e-01 5.8098e+03
-3.6532e+06 5.9180e+01 -5.0010e+03 -8.3172e+03 -4.9515e-02 5.9325e+03
-3.6756e+06 5.8349e+01 -4.9678e+03 -8.3145e+03 5.5540e-01 6.0590e+03
-3.6915e+06 5.7521e+01 -4.9341e+03 -8.3113e+03 -1.6645e-01 6.1851e+03
-3.7143e+06 5.6761e+01 -4.9002e+03 -8.3075e+03 -1.6105e+00 6.3123e+03
-3.7147e+06 5.6189e+01 -4.8658e+03 -8.3031e+03 -1.4433e+00 6.4402e+03
-3.7158e+06 5.5876e+01 -4.8311e+03 -8.2982e+03 -2.4774e+00 6.5686e+03
-3.6992e+06 5.5816e+01 -4.7960e+03 -8.2928e+03 -3.6087e+00 6.6977e+03
-3.6738e+06 5.5928e+01 -4.7606e+03 -8.2867e+03 -2.1065e+00 6.8275e+03
-3.6296e+06 5.6125e+01 -4.7248e+03 -8.2801e+03 -4.2401e-01 6.9579e+03
-3.5939e+06 5.6378e+01 -4.6886e+03 -8.2729e+03 2.5403e-01 7.0889e+03
-3.5445e+06 5.6621e+01 -4.6521e+03 -8.2651e+03 7.1422e-01 7.2203e+03
-3.5031e+06 5.6752e+01 -4.6152e+03 -8.2567e+03 7.5833e-01 7.3524e+03
-3.4555e+06 5.6834e+01 -4.5780e+03 -8.2476e+03 1.6572e+00 7.4851e+03
-3.4439e+06 5.6999e+01 -4.5403e+03 -8.2379e+03 1.6067e-01 7.6182e+03
-3.4506e+06 5.7217e+01 -4.5024e+03 -8.2276e+03 -7.2097e+00 7.7516e+03
-3.3971e+06 5.7446e+01 -4.4640e+03 -8.2167e+03 -3.4036e+00 7.8859e+03
-3.3129e+06 5.7717e+01 -4.4254e+03 -8.2051e+03 2.9541e+00 8.0200e+03
-3.3340e+06 5.7960e+01 -4.3863e+03 -8.1928e+03 -4.9489e+00 8.1546e+03
-3.3582e+06 5.8129e+01 -4.3469e+03 -8.1799e+03 -4.3695e+00 8.2899e+03
-3.3864e+06 5.8331e+01 -4.3072e+03 -8.1663e+03 2.2424e-01 8.4252e+03
-3.4192e+06 5.8580e+01 -4.2671e+03 -8.1521e+03 -1.2998e+00 8.5611e+03
-3.4550e+06 5.8829e+01 -4.2266e+03 -8.1371e+03 2.8915e-03 8.6973e+03
-3.4812e+06 5.9120e+01 -4.1858e+03 -8.1215e+03 -2.6442e-01 8.8334e+03
-3.5183e+06 5.9418e+01 -4.1447e+03 -8.1051e+03 -8.7063e-01 8.9703e+03
-3.5400e+06 5.9659e+01 -4.1032e+03 -8.0881e+03 -9.4550e-01 9.1072e+03
-3.5701e+06 5.9861e+01 -4.0614e+03 -8.0703e+03 1.2391e+00 9.2438e+03
-3.5953e+06 6.0037e+01 -4.0192e+03 -8.0519e+03 2.3535e+00 9.3809e+03
-3.6188e+06 6.0250e+01 -3.9768e+03 -8.0327e+03 -1.1408e+00 9.5154e+03
-3.6321e+06 6.0583e+01 -3.9339e+03 -8.0129e+03 3.0817e-01 9.6554e+03
-3.6417e+06 6.0962e+01 -3.8908e+03 -7.9923e+03 -8.7813e-01 9.7910e+03
-3.6172e+06 6.3111e+01 -5.1327e+03 -8.2968e+03 -8.9424e-01 5.5818e+03
-3.6299e+06 6.2235e+01 -5.1008e+03 -8.2953e+03 -1.2387e+00 5.7097e+03
-3.6405e+06 6.1230e+01 -5.0686e+03 -8.2934e+03 3.8924e+00 5.8307e+03
-3.6465e+06 6.0254e+01 -5.0360e+03 -8.2910e+03 4.0527e+00 5.9554e+03
-3.6697e+06 5.9300e+01 -5.0031e+03 -8.2880e+03 3.5715e+00 6.0818e+03
-3.6901e+06 5.8338e+01 -4.9698e+03 -8.2845e+03 3.1720e+00 6.2085e+03
-3.7141e+06 5.7439e+01 -4.9361e+03 -8.2805e+03 2.6565e+00 6.3361e+03
-3.7227e+06 5.6760e+01 -4.9021e+03 -8.2759e+03 2.9946e+00 6.4642e+03
-3.7201e+06 5.6413e+01 -4.8677e+03 -8.2708e+03 3.0193e+00 6.5928e+03
-3.7020e+06 5.6385e+01 -4.8329e+03 -8.2651e+03 3.1217e+00 6.7223e+03
-3.6801e+06 5.6547e+01 -4.7978e+03 -8.2588e+03 2.9142e+00 6.8526e+03
-3.6447e+06 5.6765e+01 -4.7623e+03 -8.2520e+03 3.2758e+00 6.9834e+03
-3.6008e+06 5.7007e+01 -4.7265e+03 -8.2445e+03 3.9067e+00 7.1148e+03
-3.5600e+06 5.7248e+01 -4.6902e+03 -8.2365e+03 3.6486e+00 7.2466e+03
-3.5229e+06 5.7394e+01 -4.6537e+03 -8.2278e+03 3.6172e+00 7.3790e+03
-3.4863e+06 5.7486e+01 -4.6167e+03 -8.2185e+03 4.0097e+00 7.5121e+03
-3.4568e+06 5.7670e+01 -4.5794e+03 -8.2086e+03 3.7058e+00 7.6455e+03
-3.4283e+06 5.7923e+01 -4.5418e+03 -8.1981e+03 3.5194e+00 7.7793e+03
-3.3761e+06 5.8183e+01 -4.5038e+03 -8.1869e+03 6.1761e+00 7.9138e+03
-3.3325e+06 5.8480e+01 -4.4654e+03 -8.1750e+03 7.1872e+00 8.0484e+03
-3.3279e+06 5.8760e+01 -4.4266e+03 -8.1625e+03 5.2229e+00 8.1836e+03
-3.3580e+06 5.8961e+01 -4.3875e+03 -8.1494e+03 4.8677e+00 8.3194e+03
-3.4082e+06 5.9173e+01 -4.3481e+03 -8.1355e+03 2.5671e+00 8.4549e+03
-3.4578e+06 5.9427e+01 -4.3083e+03 -8.1210e+03 1.1464e+00 8.5911e+03
-3.4823e+06 5.9690e+01 -4.2682e+03 -8.1058e+03 2.8205e+00 8.7276e+03
-3.5197e+06 5.9996e+01 -4.2277e+03 -8.0899e+03 2.5608e+00 8.8642e+03
-3.5510e+06 6.0305e+01 -4.1868e+03 -8.0733e+03 2.1301e+00 9.0012e+03
-3.5839e+06 6.0538e+01 -4.1456e+03 -8.0560e+03 1.9735e+00 9.1388e+03
-3.6115e+06 6.0727e+01 -4.1041e+03 -8.0380e+03 3.5133e+00 9.2765e+03
-3.6418e+06 6.0908e+01 -4.0623e+03 -8.0193e+03 4.5537e+00 9.4133e+03
-3.6579e+06 6.1125e+01 -4.0201e+03 -7.9999e+03 1.2692e+00 9.5481e+03
-3.6591e+06 6.1452e+01 -3.9775e+03 -7.9798e+03 -3.8475e-01 9.6850e+03
-3.6494e+06 6.1837e+01 -3.9347e+03 -7.9590e+03 -2.9398e+00 9.8288e+03
-3.6256e+06 6.3935e+01 -5.1664e+03 -8.2712e+03 1.1231e-01 5.6081e+03
-3.6280e+06 6.3172e+01 -5.1348e+03 -8.2695e+03 1.3346e+00 5.7435e+03
-3.6237e+06 6.2279e+01 -5.1029e+03 -8.2674e+03 4.3146e+00 5.8639e+03
-3.6369e+06 6.1319e+01 -5.0707e+03 -8.2647e+03 3.6243e+00 5.9884e+03
-3.6596e+06 6.0300e+01 -5.0380e+03 -8.2615e+03 2.1912e+00 6.1154e+03
-3.6809e+06 5.9238e+01 -5.0051e+03 -8.2578e+03 1.8247e+00 6.2423e+03
-3.7111e+06 5.8214e+01 -4.9717e+03 -8.2535e+03 1.7417e+00 6.3703e+03
-3.7380e+06 5.7412e+01 -4.9380e+03 -8.2487e+03 -4.0551e-01 6.4988e+03
-3.7362e+06 5.6998e+01 -4.9039e+03 -8.2434e+03 1.0619e-01 6.6277e+03
-3.7075e+06 5.6979e+01 -4.8695e+03 -8.2374e+03 2.4273e+00 6.7576e+03
-3.6973e+06 5.7194e+01 -4.8347e+03 -8.2309e+03 -6.1533e-01 6.8880e+03
-3.6643e+06 5.7451e+01 -4.7995e+03 -8.2238e+03 -1.4297e+00 7.0191e+03
-3.6159e+06 5.7703e+01 -4.7640e+03 -8.2161e+03 1.9936e+00 7.1507e+03
-3.5708e+06 5.7957e+01 -4.7281e+03 -8.2079e+03 2.3599e+00 7.2827e+03
-3.5381e+06 5.8134e+01 -4.6918e+03 -8.1990e+03 2.2413e+00 7.4154e+03
-3.5016e+06 5.8247e+01 -4.6552e+03 -8.1894e+03 2.9537e+00 7.5486e+03
-3.4726e+06 5.8430e+01 -4.6182e+03 -8.1793e+03 3.2537e+00 7.6823e+03
-3.4317e+06 5.8683e+01 -4.5808e+03 -8.1685e+03 4.2201e+00 7.8165e+03
-3.4020e+06 5.8931e+01 -4.5431e+03 -8.1570e+03 5.2647e+00 7.9510e+03
-3.3770e+06 5.9201e+01 -4.5051e+03 -8.1450e+03 5.0535e+00 8.0860e+03
-3.3779e+06 5.9486e+01 -4.4666e+03 -8.1322e+03 4.2752e+00 8.2216e+03
-3.3931e+06 5.9735e+01 -4.4279e+03 -8.1188e+03 3.9504e+00 8.3575e+03
-3.4360e+06 5.9983e+01 -4.3887e+03 -8.1047e+03 4.2090e+00 8.4936e+03
-3.4707e+06 6.0252e+01 -4.3492e+03 -8.0899e+03 3.8535e+00 8.6300e+03
-3.5113e+06 6.0524e+01 -4.3094e+03 -8.0745e+03 2.7729e+00 8.7667e+03
-3.5452e+06 6.0823e+01 -4.2692e+03 -8.0583e+03 1.8584e+00 8.9037e+03
-3.5811e+06 6.1133e+01 -4.2287e+03 -8.0415e+03 1.8601e+00 9.0408e+03
-3.6057e+06 6.1394e+01 -4.1878e+03 -8.0240e+03 1.5558e+00 9.1786e+03
-3.6352e+06 6.1620e+01 -4.1466e+03 -8.0057e+03 2.6887e+00 9.3172e+03
-3.6558e+06 6.1853e+01 -4.1050e+03 -7.9868e+03 3.7599e+00 9.4548e+03
-3.6729e+06 6.2117e+01 -4.0631e+03 -7.9671e+03 -1.1945e+00 9.5915e+03
-3.6630e+06 6.2443e+01 -4.0208e+03 -7.9467e+03 -2.3295e+00 9.7206e+03
-3.6865e+06 6.2799e+01 -3.9783e+03 -7.9256e+03 1.0253e+00 9.8646e+03
-3.6163e+06 6.4704e+01 -5.1998e+03 -8.2456e+03 -4.9830e-01 5.6369e+03
-3.6245e+06 6.3983e+01 -5.1685e+03 -8.2438e+03 8.1713e-01 5.7706e+03
-3.6264e+06 6.3171e+01 -5.1369e+03 -8.2414e+03 3.0173e+00 5.8923e+03
-3.6379e+06 6.2292e+01 -5.1050e+03 -8.2385e+03 8.4723e-01 6.0167e+03
-3.6647e+06 6.1297e+01 -5.0727e+03 -8.2350e+03 -1.0572e+00 6.1438e+03
-3.6871e+06 6.0168e+01 -5.0400e+03 -8.2311e+03 -3.6146e-01 6.2712e+03
-3.7285e+06 5.9000e+01 -5.0070e+03 -8.2266e+03 -2.0768e+00 6.3990e+03
-3.7868e+06 5.8051e+01 -4.9736e+03 -8.2215e+03 -1.0550e+01 6.5276e+03
-3.7832e+06 5.7569e+01 -4.9398e+03 -8.2160e+03 -1.0422e+01 6.6575e+03
-3.7259e+06 5.7565e+01 -4.9057e+03 -8.2098e+03 -1.5242e+00 6.7876e+03
-3.6979e+06 5.7835e+01 -4.8712e+03 -8.2030e+03 -1.8100e+00 6.9182e+03
-3.6698e+06 5.8139e+01 -4.8363e+03 -8.1957e+03 -2.8860e+00 7.0495e+03
-3.6170e+06 5.8402e+01 -4.8011e+03 -8.1878e+03 2.5851e-01 7.1813e+03
-3.5819e+06 5.8666e+01 -4.7655e+03 -8.1792e+03 -1.7296e-01 7.3137e+03
-3.5545e+06 5.8893e+01 -4.7296e+03 -8.1701e+03 -6.4886e-01 7.4468e+03
-3.5272e+06 5.9060e+01 -4.6933e+03 -8.1603e+03 2.8757e-01 7.5803e+03
-3.4978e+06 5.9258e+01 -4.6566e+03 -8.1499e+03 7.2667e-01 7.7144e+03
-3.4766e+06 5.9504e+01 -4.6196e+03 -8.1389e+03 1.3198e+00 7.8489e+03
-3.4550e+06 5.9736e+01 -4.5822e+03 -8.1272e+03 1.9270e+00 7.9838e+03
-3.4448e+06 5.9970e+01 -4.5444e+03 -8.1149e+03 2.2698e+00 8.1192e+03
-3.4422e+06 6.0234e+01 -4.5063e+03 -8.1019e+03 1.7742e+00 8.2549e+03
-3.4644e+06 6.0506e+01 -4.4679e+03 -8.0882e+03 1.8509e+00 8.3908e+03
-3.4888e+06 6.0780e+01 -4.4290e+03 -8.0739e+03 3.4076e+00 8.5275e+03
-3.5230e+06 6.1056e+01 -4.3898e+03 -8.0589e+03 2.4383e+00 8.6643e+03
-3.5496e+06 6.1313e+01 -4.3503e+03 -8.0432e+03 -4.8641e-01 8.8014e+03
-3.5848e+06 6.1568e+01 -4.3104e+03 -8.0268e+03 -2.0219e+00 8.9387e+03
-3.6056e+06 6.1855e+01 -4.2702e+03 -8.0097e+03 -1.5558e+00 9.0762e+03
-3.6341e+06 6.2163e+01 -4.2296e+03 -7.9919e+03 -1.4024e+00 9.2142e+03
-3.6512e+06 6.2458e+01 -4.1887e+03 -7.9734e+03 9.6447e-02 9.3528e+03
-3.6784e+06 6.2758e+01 -4.1474e+03 -7.9542e+03 4.7402e-01 9.4911e+03
-3.6827e+06 6.3097e+01 -4.1058e+03 -7.9342e+03 -4.5524e+00 9.6272e+03
-3.6835e+06 6.3458e+01 -4.0638e+03 -7.9136e+03 -4.1136e+00 9.7580e+03
-3.6842e+06 6.3803e+01 -4.0216e+03 -7.8923e+03 -1.0647e+00 9.9027e+03
-3.6208e+06 6.5487e+01 -5.2328e+03 -8.2201e+03 4.1632e-02 5.6629e+03
-3.6307e+06 6.4752e+01 -5.2019e+03 -8.2180e+03 6.5622e-01 5.7970e+03
-3.6334e+06 6.3974e+01 -5.1706e+03 -8.2154e+03 2.7573e+00 5.9191e+03
-3.6505e+06 6.3173e+01 -5.1390e+03 -8.2123e+03 6.5813e-01 6.0436e+03
-3.6810e+06 6.2275e+01 -5.1070e+03 -8.2086e+03 -8.6327e-01 6.1709e+03
-3.6974e+06 6.1167e+01 -5.0746e+03 -8.2044e+03 5.9094e-01 6.2993e+03
-3.7259e+06 5.9881e+01 -5.0419e+03 -8.1997e+03 -1.3632e-01 6.4276e+03
-3.7778e+06 5.8760e+01 -5.0088e+03 -8.1944e+03 -6.6182e+00 6.5563e+03
-3.7802e+06 5.8193e+01 -4.9754e+03 -8.1886e+03 -7.2306e+00 6.6865e+03
-3.7165e+06 5.8220e+01 -4.9416e+03 -8.1822e+03 -4.6069e-01 6.8164e+03
-3.6739e+06 5.8555e+01 -4.9074e+03 -8.1752e+03 1.3703e+00 6.9472e+03
-3.6452e+06 5.8885e+01 -4.8729e+03 -8.1676e+03 1.0755e+00 7.0791e+03
-3.6228e+06 5.9121e+01 -4.8380e+03 -8.1594e+03 1.5888e+00 7.2112e+03
-3.5975e+06 5.9345e+01 -4.8027e+03 -8.1507e+03 9.8765e-04 7.3439e+03
-3.5750e+06 5.9585e+01 -4.7671e+03 -8.1413e+03 -6.3854e-01 7.4773e+03
-3.5470e+06 5.9807e+01 -4.7311e+03 -8.1313e+03 5.4632e-02 7.6111e+03
-3.5290e+06 6.0040e+01 -4.6947e+03 -8.1206e+03 5.9227e-01 7.7455e+03
-3.5110e+06 6.0297e+01 -4.6580e+03 -8.1093e+03 6.7974e-01 7.8802e+03
-3.5099e+06 6.0539e+01 -4.6209e+03 -8.0974e+03 8.3136e-02 8.0153e+03
-3.5027e+06 6.0766e+01 -4.5835e+03 -8.0848e+03 2.6043e-01 8.1512e+03
-3.5063e+06 6.1017e+01 -4.5457e+03 -8.0716e+03 4.5969e-01 8.2873e+03
-3.5163e+06 6.1305e+01 -4.5075e+03 -8.0576e+03 7.3049e-01 8.4235e+03
-3.5437e+06 6.1604e+01 -4.4690e+03 -8.0431e+03 2.1746e+00 8.5604e+03
-3.5636e+06 6.1893e+01 -4.4301e+03 -8.0278e+03 1.4188e+00 8.6974e+03
-3.5908e+06 6.2152e+01 -4.3909e+03 -8.0118e+03 -1.0300e+00 8.8346e+03
-3.6119e+06 6.2383e+01 -4.3513e+03 -7.9952e+03 -2.1666e+00 8.9722e+03
-3.6364e+06 6.2650e+01 -4.3114e+03 -7.9778e+03 -1.3531e+00 9.1101e+03
-3.6520e+06 6.2988e+01 -4.2711e+03 -7.9598e+03 -8.1613e-01 9.2485e+03
-3.6735e+06 6.3330e+01 -4.2305e+03 -7.9410e+03 4.5301e-01 9.3875e+03
-3.6879e+06 6.3669e+01 -4.1895e+03 -7.9216e+03 5.2671e-01 9.5259e+03
-3.6976e+06 6.4069e+01 -4.1482e+03 -7.9014e+03 -4.2252e+00 9.6624e+03
-3.6821e+06 6.4479e+01 -4.1066e+03 -7.8805e+03 -3.5726e+00 9.7933e+03
-3.7012e+06 6.4819e+01 -4.0646e+03 -7.8589e+03 -1.5662e+00 9.9380e+03
-3.6183e+06 6.6426e+01 -5.2655e+03 -8.1947e+03 -3.6700e-01 5.6904e+03
-3.6354e+06 6.5543e+01 -5.2349e+03 -8.1923e+03 3.4416e-02 5.8239e+03
-3.6415e+06 6.4732e+01 -5.2039e+03 -8.1895e+03 8.3935e-01 5.9460e+03
-3.6561e+06 6.3977e+01 -5.1726e+03 -8.1861e+03 -3.5757e-01 6.0709e+03
-3.6802e+06 6.3183e+01 -5.1409e+03 -8.1822e+03 -2.1659e-01 6.1984e+03
-3.6966e+06 6.2218e+01 -5.1089e+03 -8.1778e+03 1.0592e+00 6.3270e+03
-3.7056e+06 6.1003e+01 -5.0765e+03 -8.1728e+03 2.3282e+00 6.4553e+03
-3.7223e+06 5.9804e+01 -5.0437e+03 -8.1673e+03 2.1805e+00 6.5843e+03
-3.7203e+06 5.9091e+01 -5.0106e+03 -8.1612e+03 5.4375e-01 6.7148e+03
-3.6954e+06 5.9028e+01 -4.9771e+03 -8.1546e+03 -3.6464e-01 6.8453e+03
-3.6632e+06 5.9341e+01 -4.9432e+03 -8.1474e+03 1.8032e-01 6.9764e+03
-3.6401e+06 5.9669e+01 -4.9090e+03 -8.1395e+03 1.4568e+00 7.1086e+03
-3.6160e+06 5.9882e+01 -4.8744e+03 -8.1311e+03 1.6401e+00 7.2409e+03
-3.6024e+06 6.0066e+01 -4.8395e+03 -8.1221e+03 3.7244e-01 7.3739e+03
-3.5831e+06 6.0293e+01 -4.8042e+03 -8.1125e+03 -2.2139e-01 7.5076e+03
-3.5649e+06 6.0548e+01 -4.7685e+03 -8.1022e+03 1.3486e-01 7.6416e+03
-3.5447e+06 6.0809e+01 -4.7325e+03 -8.0913e+03 4.1117e-01 7.7762e+03
-3.5405e+06 6.1073e+01 -4.6961e+03 -8.0798e+03 1.6771e-01 7.9113e+03
-3.5374e+06 6.1321e+01 -4.6593e+03 -8.0676e+03 -4.1377e-01 8.0467e+03
-3.5437e+06 6.1541e+01 -4.6222e+03 -8.0548e+03 -6.6837e-01 8.1828e+03
-3.5445e+06 6.1783e+01 -4.5847e+03 -8.0413e+03 -1.5372e+00 8.3190e+03
-3.5592e+06 6.2091e+01 -4.5469e+03 -8.0271e+03 -1.7691e+00 8.4556e+03
-3.5689e+06 6.2431e+01 -4.5087e+03 -8.0122e+03 -6.9616e-01 8.5927e+03
-3.5946e+06 6.2753e+01 -4.4701e+03 -7.9967e+03 -1.1655e+00 8.7301e+03
-3.6086e+06 6.3054e+01 -4.4312e+03 -7.9805e+03 -1.5288e+00 8.8677e+03
-3.6311e+06 6.3332e+01 -4.3919e+03 -7.9636e+03 -1.2574e+00 9.0055e+03
-3.6421e+06 6.3633e+01 -4.3523e+03 -7.9460e+03 -7.0671e-01 9.1436e+03
-3.6648e+06 6.4002e+01 -4.3123e+03 -7.9277e+03 -7.1844e-01 9.2823e+03
-3.6737e+06 6.4372e+01 -4.2720e+03 -7.9087e+03 3.3550e-01 9.4214e+03
-3.6935e+06 6.4735e+01 -4.2313e+03 -7.8890e+03 4.8382e-01 9.5602e+03
-3.6897e+06 6.5174e+01 -4.1903e+03 -7.8685e+03 -3.7664e+00 9.6970e+03
-3.6857e+06 6.5603e+01 -4.1489e+03 -7.8474e+03 -2.7892e+00 9.8284e+03
-3.6865e+06 6.5894e+01 -4.1073e+03 -7.8255e+03 -1.2585e+00 9.9732e+03
-3.6140e+06 6.7954e+01 -5.2979e+03 -8.1693e+03 -3.0302e+00 5.7156e+03
-3.6397e+06 6.6607e+01 -5.2676e+03 -8.1667e+03 -2.5297e+00 5.8483e+03
-3.6515e+06 6.5528e+01 -5.2369e+03 -8.1636e+03 -1.1994e+00 5.9724e+03
-3.6646e+06 6.4730e+01 -5.2059e+03 -8.1600e+03 -1.0323e+00 6.0978e+03
-3.6793e+06 6.3986e+01 -5.1745e+03 -8.1559e+03 1.8401e-02 6.2255e+03
-3.6881e+06 6.3163e+01 -5.1428e+03 -8.1512e+03 7.5787e-01 6.3539e+03
-3.6984e+06 6.2155e+01 -5.1107e+03 -8.1460e+03 1.3733e+00 6.4825e+03
-3.7009e+06 6.1062e+01 -5.0783e+03 -8.1402e+03 1.6056e+00 6.6120e+03
-3.6986e+06 6.0253e+01 -5.0455e+03 -8.1339e+03 -7.6454e-01 6.7426e+03
-3.6839e+06 5.9981e+01 -5.0123e+03 -8.1270e+03 -2.5338e+00 6.8736e+03
-3.6663e+06 6.0129e+01 -4.9788e+03 -8.1196e+03 -8.9096e-01 7.0051e+03
-3.6440e+06 6.0404e+01 -4.9449e+03 -8.1115e+03 1.0628e+00 7.1372e+03
-3.6310e+06 6.0623e+01 -4.9106e+03 -8.1028e+03 1.0788e+00 7.2699e+03
-3.6124e+06 6.0808e+01 -4.8760e+03 -8.0936e+03 1.0231e-01 7.4032e+03
-3.5949e+06 6.1045e+01 -4.8410e+03 -8.0837e+03 -2.7647e-01 7.5371e+03
-3.5744e+06 6.1339e+01 -4.8056e+03 -8.0732e+03 1.3113e-03 7.6714e+03
-3.5637e+06 6.1633e+01 -4.7699e+03 -8.0620e+03 1.8674e-01 7.8063e+03
-3.5527e+06 6.1903e+01 -4.7338e+03 -8.0502e+03 1.7268e-01 7.9416e+03
-3.5556e+06 6.2148e+01 -4.6974e+03 -8.0378e+03 2.0493e-01 8.0774e+03
-3.5599e+06 6.2359e+01 -4.6606e+03 -8.0247e+03 -2.5616e-01 8.2135e+03
-3.5774e+06 6.2592e+01 -4.6234e+03 -8.0110e+03 -1.5650e+00 8.3500e+03
-3.5825e+06 6.2920e+01 -4.5859e+03 -7.9966e+03 -1.8122e+00 8.4871e+03
-3.5942e+06 6.3298e+01 -4.5480e+03 -7.9815e+03 -1.4281e+00 8.6243e+03
-3.6086e+06 6.3649e+01 -4.5097e+03 -7.9657e+03 -2.2632e+00 8.7620e+03
-3.6287e+06 6.3990e+01 -4.4711e+03 -7.9492e+03 -1.7632e+00 8.8999e+03
-3.6384e+06 6.4337e+01 -4.4322e+03 -7.9320e+03 -1.1122e+00 9.0379e+03
-3.6557e+06 6.4702e+01 -4.3929e+03 -7.9142e+03 -1.2915e+00 9.1763e+03
-3.6694e+06 6.5104e+01 -4.3532e+03 -7.8956e+03 -1.6370e+00 9.3152e+03
-3.6818e+06 6.5501e+01 -4.3132e+03 -7.8764e+03 -4.3340e-01 9.4547e+03
-3.6864e+06 6.5895e+01 -4.2728e+03 -7.8564e+03 -1.7643e-02 9.5938e+03
-3.6878e+06 6.6356e+01 -4.2321e+03 -7.8357e+03 -3.3000e+00 9.7310e+03
-3.6728e+06 6.6786e+01 -4.1910e+03 -7.8143e+03 -2.0874e+00 9.8626e+03
-3.6893e+06 6.7043e+01 -4.1496e+03 -7.7922e+03 -1.4346e+00 1.0007e+04
-3.5878e+06 7.0426e+01 -5.3299e+03 -8.1440e+03 -5.1952e+00 5.7456e+03
-3.6278e+06 6.8358e+01 -5.2999e+03 -8.1411e+03 -6.3000e+00 5.8752e+03
-3.6581e+06 6.6635e+01 -5.2696e+03 -8.1378e+03 -2.9616e+00 5.9989e+03
-3.6736e+06 6.5536e+01 -5.2389e+03 -8.1340e+03 -9.7529e-01 6.1242e+03
-3.6826e+06 6.4730e+01 -5.2078e+03 -8.1296e+03 3.6142e-03 6.2522e+03
-3.6946e+06 6.3955e+01 -5.1764e+03 -8.1247e+03 2.2879e-01 6.3806e+03
-3.7003e+06 6.3087e+01 -5.1446e+03 -8.1192e+03 1.9530e-01 6.5096e+03
-3.7049e+06 6.2161e+01 -5.1125e+03 -8.1132e+03 -4.1444e-01 6.6395e+03
-3.6935e+06 6.1394e+01 -5.0800e+03 -8.1067e+03 -2.0243e+00 6.7700e+03
-3.6872e+06 6.0996e+01 -5.0471e+03 -8.0995e+03 -1.6982e+00 6.9012e+03
-3.6690e+06 6.0971e+01 -5.0139e+03 -8.0918e+03 5.4104e-01 7.0331e+03
-3.6557e+06 6.1151e+01 -4.9803e+03 -8.0835e+03 1.5188e+00 7.1654e+03
-3.6327e+06 6.1356e+01 -4.9464e+03 -8.0746e+03 7.9058e-01 7.2983e+03
-3.6220e+06 6.1540e+01 -4.9121e+03 -8.0651e+03 -1.9973e-01 7.4319e+03
-3.6031e+06 6.1784e+01 -4.8774e+03 -8.0550e+03 -5.1591e-01 7.5660e+03
-3.5899e+06 6.2126e+01 -4.8424e+03 -8.0442e+03 -1.1192e-01 7.7006e+03
-3.5705e+06 6.2480e+01 -4.8070e+03 -8.0328e+03 1.8999e-01 7.8357e+03
-3.5687e+06 6.2781e+01 -4.7712e+03 -8.0208e+03 2.7160e-01 7.9713e+03
-3.5624e+06 6.3040e+01 -4.7351e+03 -8.0081e+03 2.5514e-01 8.1074e+03
-3.5766e+06 6.3267e+01 -4.6986e+03 -7.9947e+03 -1.8212e-01 8.2437e+03
-3.5883e+06 6.3512e+01 -4.6618e+03 -7.9807e+03 -8.8309e-01 8.3805e+03
-3.6029e+06 6.3865e+01 -4.6245e+03 -7.9661e+03 -7.9946e-01 8.5180e+03
-3.6001e+06 6.4275e+01 -4.5870e+03 -7.9507e+03 -3.6184e-01 8.6555e+03
-3.6220e+06 6.4640e+01 -4.5490e+03 -7.9347e+03 -9.0560e-01 8.7932e+03
-3.6307e+06 6.4987e+01 -4.5107e+03 -7.9179e+03 -8.1867e-01 8.9314e+03
-3.6471e+06 6.5365e+01 -4.4721e+03 -7.9005e+03 -1.1555e+00 9.0697e+03
-3.6502e+06 6.5764e+01 -4.4331e+03 -7.8824e+03 -1.5087e+00 9.2083e+03
-3.6693e+06 6.6177e+01 -4.3937e+03 -7.8636e+03 -1.3374e+00 9.3475e+03
-3.6711e+06 6.6583e+01 -4.3540e+03 -7.8441e+03 5.8403e-03 9.4870e+03
-3.6827e+06 6.6983e+01 -4.3140e+03 -7.8238e+03 5.8277e-01 9.6262e+03
-3.6769e+06 6.7423e+01 -4.2736e+03 -7.8029e+03 -3.2476e+00 9.7639e+03
-3.6701e+06 6.7863e+01 -4.2328e+03 -7.7812e+03 -2.0734e+00 9.8962e+03
-3.6644e+06 6.8198e+01 -4.1917e+03 -7.7588e+03 -4.7878e-01 1.0039e+04
-3.5729e+06 7.3352e+01 -5.3616e+03 -8.1187e+03 -6.1811e+00 5.7703e+03
-3.6090e+06 7.0852e+01 -5.3319e+03 -8.1156e+03 -8.6737e+00 5.9018e+03
-3.6494e+06 6.8415e+01 -5.3019e+03 -8.1121e+03 -5.9746e+00 6.0270e+03
-3.6787e+06 6.6672e+01 -5.2715e+03 -8.1080e+03 -2.6864e+00 6.1509e+03
-3.6961e+06 6.5540e+01 -5.2407e+03 -8.1034e+03 -9.5156e-01 6.2783e+03
-3.7000e+06 6.4700e+01 -5.2096e+03 -8.0982e+03 -5.4869e-01 6.4069e+03
-3.7072e+06 6.3889e+01 -5.1782e+03 -8.0925e+03 -1.2288e-01 6.5362e+03
-3.7041e+06 6.3067e+01 -5.1464e+03 -8.0863e+03 -3.4968e-01 6.6663e+03
-3.7046e+06 6.2379e+01 -5.1142e+03 -8.0795e+03 -7.9553e-01 6.7971e+03
-3.6908e+06 6.1972e+01 -5.0817e+03 -8.0721e+03 3.2684e-01 6.9285e+03
-3.6822e+06 6.1869e+01 -5.0488e+03 -8.0641e+03 1.4555e+00 7.0606e+03
-3.6630e+06 6.1979e+01 -5.0155e+03 -8.0556e+03 9.4466e-01 7.1932e+03
-3.6548e+06 6.2158e+01 -4.9819e+03 -8.0464e+03 1.0612e-01 7.3264e+03
-3.6358e+06 6.2331e+01 -4.9479e+03 -8.0367e+03 -5.1704e-01 7.4601e+03
-3.6205e+06 6.2572e+01 -4.9135e+03 -8.0263e+03 -5.7754e-01 7.5945e+03
-3.5952e+06 6.2951e+01 -4.8788e+03 -8.0153e+03 -3.5574e-02 7.7293e+03
-3.5851e+06 6.3365e+01 -4.8437e+03 -8.0036e+03 3.9545e-01 7.8647e+03
-3.5716e+06 6.3696e+01 -4.8083e+03 -7.9913e+03 4.9813e-01 8.0004e+03
-3.5769e+06 6.3965e+01 -4.7725e+03 -7.9784e+03 2.3781e-01 8.1369e+03
-3.5799e+06 6.4205e+01 -4.7363e+03 -7.9648e+03 -3.6317e-01 8.2734e+03
-3.6019e+06 6.4465e+01 -4.6998e+03 -7.9505e+03 -9.4640e-01 8.4104e+03
-3.6045e+06 6.4843e+01 -4.6629e+03 -7.9356e+03 -1.1336e+00 8.5481e+03
-3.6124e+06 6.5300e+01 -4.6256e+03 -7.9200e+03 -9.1442e-01 8.6857e+03
-3.6182e+06 6.5705e+01 -4.5880e+03 -7.9037e+03 -9.0670e-01 8.8236e+03
-3.6394e+06 6.6063e+01 -4.5500e+03 -7.8867e+03 -8.5652e-01 8.9622e+03
-3.6469e+06 6.6449e+01 -4.5117e+03 -7.8690e+03 -1.4883e+00 9.1008e+03
-3.6587e+06 6.6866e+01 -4.4730e+03 -7.8507e+03 -1.7014e+00 9.2395e+03
-3.6612e+06 6.7280e+01 -4.4340e+03 -7.8316e+03 -1.5460e+00 9.3787e+03
-3.6692e+06 6.7678e+01 -4.3946e+03 -7.8118e+03 -7.4755e-01 9.5183e+03
-3.6707e+06 6.8054e+01 -4.3548e+03 -7.7913e+03 -5.8918e-01 9.6579e+03
-3.6757e+06 6.8432e+01 -4.3147e+03 -7.7701e+03 -4.9120e+00 9.7955e+03
-3.6589e+06 6.8866e+01 -4.2743e+03 -7.7482e+03 -3.9168e+00 9.9302e+03
-3.6592e+06 6.9339e+01 -4.2335e+03 -7.7255e+03 -1.7098e+00 1.0071e+04
-3.5661e+06 7.5848e+01 -5.3929e+03 -8.0935e+03 -4.9764e+00 5.7961e+03
-3.5909e+06 7.3615e+01 -5.3635e+03 -8.0902e+03 -4.6438e+00 5.9284e+03
-3.6269e+06 7.0969e+01 -5.3338e+03 -8.0864e+03 -6.3974e+00 6.0523e+03
-3.6657e+06 6.8539e+01 -5.3037e+03 -8.0821e+03 -5.5771e+00 6.1786e+03
-3.6938e+06 6.6717e+01 -5.2733e+03 -8.0772e+03 -3.3080e+00 6.3044e+03
-3.7128e+06 6.5515e+01 -5.2425e+03 -8.0718e+03 -2.0721e+00 6.4329e+03
-3.7158e+06 6.4647e+01 -5.2114e+03 -8.0659e+03 -8.2600e-01 6.5625e+03
-3.7179e+06 6.3886e+01 -5.1799e+03 -8.0594e+03 -6.2565e-01 6.6927e+03
-3.7090e+06 6.3248e+01 -5.1480e+03 -8.0524e+03 -4.5786e-01 6.8236e+03
-3.7070e+06 6.2845e+01 -5.1158e+03 -8.0447e+03 2.8835e-01 6.9552e+03
-3.6927e+06 6.2721e+01 -5.0832e+03 -8.0365e+03 5.2266e-01 7.0874e+03
-3.6797e+06 6.2817e+01 -5.0503e+03 -8.0277e+03 -1.3412e-01 7.2203e+03
-3.6552e+06 6.3018e+01 -5.0170e+03 -8.0183e+03 -3.0968e-01 7.3537e+03
-3.6429e+06 6.3232e+01 -4.9833e+03 -8.0083e+03 -1.4116e-01 7.4877e+03
-3.6236e+06 6.3508e+01 -4.9493e+03 -7.9976e+03 1.5241e-01 7.6223e+03
-3.6063e+06 6.3923e+01 -4.9149e+03 -7.9864e+03 6.8791e-01 7.7575e+03
-3.5847e+06 6.4367e+01 -4.8801e+03 -7.9745e+03 7.8298e-01 7.8929e+03
-3.5803e+06 6.4694e+01 -4.8450e+03 -7.9619e+03 3.1661e-01 8.0289e+03
-3.5739e+06 6.4945e+01 -4.8095e+03 -7.9487e+03 -1.5708e-01 8.1656e+03
-3.5833e+06 6.5184e+01 -4.7737e+03 -7.9349e+03 -4.4381e-01 8.3024e+03
-3.5885e+06 6.5450e+01 -4.7375e+03 -7.9204e+03 -6.8657e-01 8.4397e+03
-3.6047e+06 6.5828e+01 -4.7009e+03 -7.9052e+03 -9.5530e-01 8.5775e+03
-3.6098e+06 6.6313e+01 -4.6639e+03 -7.8893e+03 -6.3955e-01 8.7154e+03
-3.6299e+06 6.6765e+01 -4.6266e+03 -7.8728e+03 -1.3264e-01 8.8535e+03
-3.6407e+06 6.7146e+01 -4.5890e+03 -7.8555e+03 -1.7871e-01 8.9921e+03
-3.6567e+06 6.7549e+01 -4.5510e+03 -7.8376e+03 -1.4787e+00 9.1306e+03
-3.6544e+06 6.8012e+01 -4.5126e+03 -7.8190e+03 -2.6109e+00 9.2693e+03
-3.6579e+06 6.8467e+01 -4.4738e+03 -7.7996e+03 -2.7163e+00 9.4089e+03
-3.6532e+06 6.8877e+01 -4.4348e+03 -7.7796e+03 -1.8020e+00 9.5489e+03
-3.6604e+06 6.9255e+01 -4.3953e+03 -7.7588e+03 -1.6563e+00 9.6884e+03
-3.6639e+06 6.9617e+01 -4.3555e+03 -7.7374e+03 -4.9636e+00 9.8265e+03
-3.6577e+06 7.0054e+01 -4.3154e+03 -7.7152e+03 -4.6822e+00 9.9636e+03
-3.6455e+06 7.0611e+01 -4.2749e+03 -7.6923e+03 -2.7326e+00 1.0103e+04
-3.5575e+06 7.7753e+01 -5.4239e+03 -8.0684e+03 5.4666e-01 5.8157e+03
-3.5726e+06 7.6131e+01 -5.3948e+03 -8.0649e+03 2.5532e+00 5.9515e+03
-3.6035e+06 7.3908e+01 -5.3654e+03 -8.0608e+03 -3.5190e+00 6.0743e+03
-3.6406e+06 7.1264e+01 -5.3357e+03 -8.0562e+03 -6.4628e+00 6.2046e+03
-3.6792e+06 6.8684e+01 -5.3056e+03 -8.0512e+03 -7.2488e+00 6.3314e+03
-3.7087e+06 6.6700e+01 -5.2751e+03 -8.0455e+03 -5.3099e+00 6.4590e+03
-3.7248e+06 6.5429e+01 -5.2443e+03 -8.0393e+03 -2.2333e+00 6.5881e+03
-3.7241e+06 6.4615e+01 -5.2131e+03 -8.0326e+03 -1.0360e+00 6.7186e+03
-3.7272e+06 6.4006e+01 -5.1815e+03 -8.0253e+03 -1.0062e+00 6.8497e+03
-3.7147e+06 6.3588e+01 -5.1496e+03 -8.0174e+03 -1.4552e+00 6.9814e+03
-3.7061e+06 6.3460e+01 -5.1174e+03 -8.0090e+03 -1.2234e+00 7.1138e+03
-3.6843e+06 6.3605e+01 -5.0848e+03 -7.9999e+03 -6.0011e-01 7.2470e+03
-3.6736e+06 6.3886e+01 -5.0518e+03 -7.9903e+03 -1.7538e-01 7.3807e+03
-3.6494e+06 6.4183e+01 -5.0184e+03 -7.9800e+03 -2.7236e-01 7.5148e+03
-3.6328e+06 6.4514e+01 -4.9847e+03 -7.9691e+03 -3.8430e-01 7.6496e+03
-3.6071e+06 6.4954e+01 -4.9506e+03 -7.9576e+03 -1.9677e-01 7.7850e+03
-3.5929e+06 6.5409e+01 -4.9162e+03 -7.9454e+03 1.0522e-01 7.9206e+03
-3.5708e+06 6.5737e+01 -4.8814e+03 -7.9326e+03 4.1538e-01 8.0568e+03
-3.5737e+06 6.5993e+01 -4.8462e+03 -7.9192e+03 2.3469e-01 8.1938e+03
-3.5748e+06 6.6280e+01 -4.8107e+03 -7.9051e+03 -8.9637e-02 8.3308e+03
-3.5903e+06 6.6604e+01 -4.7748e+03 -7.8903e+03 -2.8549e-01 8.4682e+03
-3.5939e+06 6.6981e+01 -4.7385e+03 -7.8749e+03 -4.0967e-01 8.6061e+03
-3.6162e+06 6.7422e+01 -4.7019e+03 -7.8587e+03 -1.2943e-01 8.7444e+03
-3.6357e+06 6.7850e+01 -4.6649e+03 -7.8419e+03 -1.0253e+00 8.8828e+03
-3.6591e+06 6.8212e+01 -4.6276e+03 -7.8244e+03 -1.6687e+00 9.0209e+03
-3.6583e+06 6.8608e+01 -4.5899e+03 -7.8062e+03 -2.0558e+00 9.1594e+03
-3.6630e+06 6.9124e+01 -4.5518e+03 -7.7873e+03 -3.1034e+00 9.2982e+03
-3.6591e+06 6.9667e+01 -4.5134e+03 -7.7678e+03 -3.1762e+00 9.4382e+03
-3.6650e+06 7.0147e+01 -4.4746e+03 -7.7475e+03 -2.9972e+00 9.5788e+03
-3.6613e+06 7.0594e+01 -4.4355e+03 -7.7264e+03 -2.4788e+00 9.7179e+03
-3.6582e+06 7.1037e+01 -4.3960e+03 -7.7047e+03 -3.1981e+00 9.8571e+03
-3.6460e+06 7.1526e+01 -4.3562e+03 -7.6823e+03 -3.5466e+00 9.9952e+03
-3.6387e+06 7.2103e+01 -4.3160e+03 -7.6591e+03 -2.6508e+00 1.0135e+04
-3.5468e+06 7.9440e+01 -5.4546e+03 -8.0434e+03 3.7379e+00 5.8402e+03
-3.5588e+06 7.8189e+01 -5.4258e+03 -8.0396e+03 4.8919e+00 5.9755e+03
-3.5841e+06 7.6567e+01 -5.3967e+03 -8.0353e+03 -1.8482e+00 6.0960e+03
-3.6122e+06 7.4349e+01 -5.3673e+03 -8.0305e+03 -4.3761e+00 6.2281e+03
-3.6415e+06 7.1549e+01 -5.3375e+03 -8.0252e+03 -7.9868e+00 6.3574e+03
-3.6889e+06 6.8766e+01 -5.3073e+03 -8.0193e+03 -8.7147e+00 6.4860e+03
-3.7186e+06 6.6712e+01 -5.2768e+03 -8.0129e+03 -5.0589e+00 6.6141e+03
-3.7348e+06 6.5527e+01 -5.2459e+03 -8.0059e+03 -2.3272e+00 6.7441e+03
-3.7281e+06 6.4812e+01 -5.2147e+03 -7.9983e+03 -1.3460e+00 6.8753e+03
-3.7306e+06 6.4310e+01 -5.1831e+03 -7.9902e+03 -2.2172e+00 7.0072e+03
-3.7139e+06 6.4153e+01 -5.1512e+03 -7.9815e+03 -1.6845e+00 7.1398e+03
-3.6997e+06 6.4391e+01 -5.1189e+03 -7.9722e+03 1.0109e-03 7.2731e+03
-3.6700e+06 6.4804e+01 -5.0862e+03 -7.9623e+03 3.1601e-01 7.4069e+03
-3.6554e+06 6.5181e+01 -5.0532e+03 -7.9518e+03 -5.0710e-01 7.5414e+03
-3.6355e+06 6.5519e+01 -5.0198e+03 -7.9406e+03 -9.2520e-01 7.6763e+03
-3.6208e+06 6.5922e+01 -4.9860e+03 -7.9288e+03 -1.0216e+00 7.8118e+03
-3.5919e+06 6.6363e+01 -4.9519e+03 -7.9164e+03 -5.8552e-01 7.9478e+03
-3.5776e+06 6.6726e+01 -4.9174e+03 -7.9034e+03 8.9278e-01 8.0842e+03
-3.5647e+06 6.7047e+01 -4.8826e+03 -7.8897e+03 1.0824e+00 8.2211e+03
-3.5750e+06 6.7438e+01 -4.8474e+03 -7.8753e+03 -2.0526e-01 8.3582e+03
-3.5754e+06 6.7891e+01 -4.8118e+03 -7.8603e+03 -1.5607e+00 8.4956e+03
-3.5898e+06 6.8314e+01 -4.7758e+03 -7.8446e+03 -1.5672e+00 8.6338e+03
-3.6117e+06 6.8692e+01 -4.7395e+03 -7.8282e+03 -2.3024e+00 8.7730e+03
-3.6711e+06 6.9050e+01 -4.7029e+03 -7.8111e+03 -7.4026e+00 8.9118e+03
-3.6821e+06 6.9377e+01 -4.6659e+03 -7.7934e+03 -7.7521e+00 9.0494e+03
-3.6659e+06 6.9747e+01 -4.6285e+03 -7.7749e+03 -2.9527e+00 9.1881e+03
-3.6535e+06 7.0273e+01 -4.5907e+03 -7.7558e+03 -1.7675e+00 9.3273e+03
-3.6648e+06 7.0885e+01 -4.5526e+03 -7.7359e+03 -2.6322e+00 9.4675e+03
-3.6842e+06 7.1469e+01 -4.5142e+03 -7.7154e+03 -5.3008e+00 9.6082e+03
-3.6828e+06 7.2034e+01 -4.4753e+03 -7.6941e+03 -5.2372e+00 9.7467e+03
-3.6565e+06 7.2583e+01 -4.4362e+03 -7.6721e+03 -2.8499e+00 9.8869e+03
-3.6400e+06 7.3103e+01 -4.3967e+03 -7.6494e+03 -4.3675e+00 1.0025e+04
-3.6255e+06 7.3632e+01 -4.3568e+03 -7.6260e+03 -4.5131e+00 1.0165e+04
-3.5508e+06 8.1158e+01 -5.4849e+03 -8.0185e+03 -2.0184e-01 5.8621e+03
-3.5632e+06 7.9937e+01 -5.4564e+03 -8.0144e+03 4.3185e+00 5.9990e+03
-3.5727e+06 7.8616e+01 -5.4276e+03 -8.0099e+03 -1.1108e+00 6.1189e+03
-3.5877e+06 7.7029e+01 -5.3985e+03 -8.0049e+03 -1.1941e+00 6.2511e+03
-3.6134e+06 7.4749e+01 -5.3690e+03 -7.9993e+03 -4.3201e+00 6.3807e+03
-3.6478e+06 7.1846e+01 -5.3392e+03 -7.9932e+03 -8.7308e+00 6.5117e+03
-3.6891e+06 6.9120e+01 -5.3090e+03 -7.9865e+03 -7.9200e+00 6.6405e+03
-3.7142e+06 6.7251e+01 -5.2784e+03 -7.9793e+03 -4.7330e+00 6.7697e+03
-3.7340e+06 6.6104e+01 -5.2475e+03 -7.9715e+03 -1.7848e+00 6.9006e+03
-3.7288e+06 6.5337e+01 -5.2162e+03 -7.9631e+03 -1.5141e+00 7.0325e+03
-3.7252e+06 6.5053e+01 -5.1846e+03 -7.9541e+03 -1.0192e+00 7.1652e+03
-3.7016e+06 6.5326e+01 -5.1526e+03 -7.9446e+03 4.0269e-01 7.2986e+03
-3.6892e+06 6.5840e+01 -5.1203e+03 -7.9344e+03 1.1338e-01 7.4327e+03
-3.6629e+06 6.6272e+01 -5.0876e+03 -7.9236e+03 -1.1841e-01 7.5673e+03
-3.6486e+06 6.6591e+01 -5.0545e+03 -7.9122e+03 1.0983e+00 7.7024e+03
-3.6231e+06 6.6926e+01 -5.0211e+03 -7.9002e+03 1.2958e+00 7.8380e+03
-3.6064e+06 6.7325e+01 -4.9873e+03 -7.8875e+03 1.2282e-01 7.9739e+03
-3.5799e+06 6.7720e+01 -4.9531e+03 -7.8742e+03 -4.5773e-01 8.1103e+03
-3.5759e+06 6.8102e+01 -4.9186e+03 -7.8603e+03 -1.0559e+00 8.2471e+03
-3.5681e+06 6.8560e+01 -4.8837e+03 -7.8456e+03 -2.3667e+00 8.3842e+03
-3.5764e+06 6.9106e+01 -4.8484e+03 -7.8304e+03 -3.4968e+00 8.5220e+03
-3.5747e+06 6.9605e+01 -4.8128e+03 -7.8144e+03 -3.0921e+00 8.6609e+03
-3.6050e+06 6.9991e+01 -4.7768e+03 -7.7978e+03 -3.4133e+00 8.8008e+03
-3.6469e+06 7.0349e+01 -4.7405e+03 -7.7804e+03 -7.8812e+00 8.9400e+03
-3.6692e+06 7.0720e+01 -4.7038e+03 -7.7624e+03 -7.6660e+00 9.0778e+03
-3.6459e+06 7.1124e+01 -4.6667e+03 -7.7437e+03 -2.8901e+00 9.2165e+03
-3.6460e+06 7.1635e+01 -4.6293e+03 -7.7243e+03 -2.2040e+00 9.3561e+03
-3.6515e+06 7.2249e+01 -4.5915e+03 -7.7042e+03 -2.5052e+00 9.4963e+03
-3.6768e+06 7.2907e+01 -4.5534e+03 -7.6834e+03 -4.3537e+00 9.6369e+03
-3.6717e+06 7.3582e+01 -4.5149e+03 -7.6619e+03 -4.2208e+00 9.7754e+03
-3.6467e+06 7.4190e+01 -4.4760e+03 -7.6396e+03 -1.9637e+00 9.9165e+03
-3.6328e+06 7.4652e+01 -4.4368e+03 -7.6167e+03 -4.6286e+00 1.0053e+04
-3.6181e+06 7.5060e+01 -4.3972e+03 -7.5930e+03 -4.6683e+00 1.0194e+04
-3.5704e+06 8.2992e+01 -5.5148e+03 -7.9936e+03 -2.9601e+00 5.8864e+03
-3.5854e+06 8.1673e+01 -5.4867e+03 -7.9894e+03 6.2402e+00 6.0246e+03
-3.5708e+06 8.0303e+01 -5.4582e+03 -7.9846e+03 -1.0957e+00 6.1414e+03
-3.5757e+06 7.9015e+01 -5.4294e+03 -7.9793e+03 1.2009e+00 6.2740e+03
-3.5846e+06 7.7437e+01 -5.4002e+03 -7.9735e+03 1.2441e+00 6.4031e+03
-3.6189e+06 7.5169e+01 -5.3707e+03 -7.9671e+03 -3.5768e+00 6.5344e+03
-3.6480e+06 7.2455e+01 -5.3408e+03 -7.9602e+03 -6.4251e+00 6.6651e+03
-3.6870e+06 6.9989e+01 -5.3106e+03 -7.9527e+03 -7.1479e+00 6.7957e+03
-3.7059e+06 6.8088e+01 -5.2800e+03 -7.9447e+03 -4.4636e+00 6.9267e+03
-3.7371e+06 6.6763e+01 -5.2490e+03 -7.9360e+03 -3.2183e+00 7.0577e+03
-3.7310e+06 6.6211e+01 -5.2177e+03 -7.9268e+03 -1.8643e+00 7.1902e+03
-3.7182e+06 6.6420e+01 -5.1860e+03 -7.9170e+03 -7.3886e-02 7.3238e+03
-3.6849e+06 6.6925e+01 -5.1540e+03 -7.9066e+03 -1.7393e-01 7.4579e+03
-3.6746e+06 6.7356e+01 -5.1216e+03 -7.8956e+03 -2.5367e-01 7.5924e+03
-3.6565e+06 6.7686e+01 -5.0889e+03 -7.8839e+03 9.4875e-01 7.7273e+03
-3.6424e+06 6.8010e+01 -5.0558e+03 -7.8716e+03 2.4278e-01 7.8625e+03
-3.6100e+06 6.8391e+01 -5.0223e+03 -7.8587e+03 -2.4471e+00 7.9982e+03
-3.5939e+06 6.8816e+01 -4.9884e+03 -7.8452e+03 -3.4610e+00 8.1347e+03
-3.5690e+06 6.9237e+01 -4.9542e+03 -7.8309e+03 -3.1262e+00 8.2722e+03
-3.5668e+06 6.9688e+01 -4.9197e+03 -7.8161e+03 -3.1558e+00 8.4101e+03
-3.5578e+06 7.0217e+01 -4.8847e+03 -7.8005e+03 -3.0827e+00 8.5482e+03
-3.5684e+06 7.0754e+01 -4.8494e+03 -7.7843e+03 -2.2814e+00 8.6872e+03
-3.5748e+06 7.1225e+01 -4.8138e+03 -7.7674e+03 -1.7172e+00 8.8268e+03
-3.6079e+06 7.1682e+01 -4.7778e+03 -7.7498e+03 -2.8785e+00 8.9661e+03
-3.6146e+06 7.2170e+01 -4.7414e+03 -7.7316e+03 -3.0628e+00 9.1051e+03
-3.6208e+06 7.2661e+01 -4.7046e+03 -7.7126e+03 -2.1599e+00 9.2443e+03
-3.6183e+06 7.3165e+01 -4.6675e+03 -7.6929e+03 -2.4402e+00 9.3840e+03
-3.6280e+06 7.3742e+01 -4.6300e+03 -7.6726e+03 -8.3814e-01 9.5238e+03
-3.6379e+06 7.4421e+01 -4.5922e+03 -7.6515e+03 -5.7623e-01 9.6646e+03
-3.6412e+06 7.5146e+01 -4.5540e+03 -7.6297e+03 -1.1846e+00 9.8037e+03
-3.6403e+06 7.5769e+01 -4.5155e+03 -7.6072e+03 -9.4125e-01 9.9457e+03
-3.6323e+06 7.6182e+01 -4.4766e+03 -7.5840e+03 -4.3044e+00 1.0081e+04
-3.6110e+06 7.6506e+01 -4.4373e+03 -7.5601e+03 -1.9377e+00 1.0222e+04
-3.5487e+06 8.4898e+01 -5.5445e+03 -7.9689e+03 6.5060e-01 5.9062e+03
-3.5692e+06 8.3523e+01 -5.5166e+03 -7.9644e+03 1.2253e+01 6.0463e+03
-3.5580e+06 8.2010e+01 -5.4885e+03 -7.9594e+03 -1.9457e+00 6.1640e+03
-3.5587e+06 8.0644e+01 -5.4600e+03 -7.9539e+03 1.8762e+00 6.2965e+03
-3.5720e+06 7.9351e+01 -5.4311e+03 -7.9478e+03 5.5218e+00 6.4255e+03
-3.5902e+06 7.7776e+01 -5.4019e+03 -7.9412e+03 2.0269e+00 6.5564e+03
-3.6185e+06 7.5663e+01 -5.3723e+03 -7.9340e+03 -4.1061e-01 6.6879e+03
-3.6502e+06 7.3134e+01 -5.3424e+03 -7.9263e+03 -5.8350e+00 6.8200e+03
-3.6994e+06 7.0533e+01 -5.3121e+03 -7.9180e+03 -9.2512e+00 6.9532e+03
-3.7290e+06 6.8406e+01 -5.2815e+03 -7.9091e+03 -8.8211e+00 7.0844e+03
-3.7468e+06 6.7381e+01 -5.2505e+03 -7.8996e+03 -5.0405e+00 7.2148e+03
-3.7267e+06 6.7446e+01 -5.2191e+03 -7.8896e+03 -1.6666e+00 7.3478e+03
-3.7171e+06 6.7913e+01 -5.1874e+03 -7.8789e+03 -2.4939e+00 7.4815e+03
-3.6985e+06 6.8325e+01 -5.1553e+03 -7.8676e+03 -4.3438e+00 7.6160e+03
-3.6843e+06 6.8688e+01 -5.1229e+03 -7.8557e+03 -4.7232e+00 7.7508e+03
-3.6530e+06 6.9056e+01 -5.0901e+03 -7.8432e+03 -5.4339e+00 7.8860e+03
-3.6313e+06 6.9468e+01 -5.0569e+03 -7.8300e+03 -6.4291e+00 8.0219e+03
-3.5983e+06 6.9966e+01 -5.0234e+03 -7.8162e+03 -5.4439e+00 8.1587e+03
-3.5765e+06 7.0480e+01 -4.9895e+03 -7.8017e+03 -3.9970e+00 8.2970e+03
-3.5538e+06 7.0948e+01 -4.9553e+03 -7.7866e+03 -3.1745e+00 8.4356e+03
-3.5554e+06 7.1426e+01 -4.9207e+03 -7.7708e+03 -2.1932e+00 8.5742e+03
-3.5534e+06 7.1971e+01 -4.8857e+03 -7.7543e+03 -2.1705e+00 8.7131e+03
-3.5685e+06 7.2553e+01 -4.8504e+03 -7.7372e+03 -2.1076e+00 8.8522e+03
-3.5779e+06 7.3132e+01 -4.8147e+03 -7.7193e+03 -2.8649e+00 8.9917e+03
-3.5971e+06 7.3701e+01 -4.7786e+03 -7.7008e+03 -3.2995e+00 9.1314e+03
-3.5923e+06 7.4226e+01 -4.7422e+03 -7.6816e+03 -2.3184e+00 9.2710e+03
-3.6038e+06 7.4690e+01 -4.7054e+03 -7.6617e+03 -2.5400e+00 9.4108e+03
-3.6113e+06 7.5213e+01 -4.6682e+03 -7.6410e+03 -1.3653e+00 9.5507e+03
-3.6374e+06 7.5883e+01 -4.6307e+03 -7.6197e+03 -2.5248e+00 9.6917e+03
-3.6381e+06 7.6592e+01 -4.5929e+03 -7.5977e+03 -2.7072e+00 9.8308e+03
-3.6267e+06 7.7203e+01 -4.5546e+03 -7.5749e+03 -2.9463e-01 9.9737e+03
-3.6223e+06 7.7668e+01 -4.5161e+03 -7.5515e+03 -3.5390e+00 1.0108e+04
-3.5946e+06 7.8057e+01 -4.4771e+03 -7.5273e+03 -6.0885e-01 1.0250e+04
-3.4950e+06 8.6818e+01 -5.5738e+03 -7.9443e+03 5.3467e+00 5.9301e+03
-3.5240e+06 8.5442e+01 -5.5462e+03 -7.9396e+03 1.5989e+01 6.0695e+03
-3.5298e+06 8.3872e+01 -5.5184e+03 -7.9343e+03 -5.2458e+00 6.1861e+03
-3.5503e+06 8.2347e+01 -5.4902e+03 -7.9285e+03 -3.6182e+00 6.3193e+03
-3.5561e+06 8.0955e+01 -5.4616e+03 -7.9222e+03 4.8102e+00 6.4479e+03
-3.5802e+06 7.9616e+01 -5.4327e+03 -7.9154e+03 4.4012e+00 6.5786e+03
-3.5948e+06 7.8079e+01 -5.4034e+03 -7.9079e+03 2.4458e+00 6.7099e+03
-3.6304e+06 7.6017e+01 -5.3738e+03 -7.9000e+03 -2.8532e+00 6.8427e+03
-3.6598e+06 7.3325e+01 -5.3439e+03 -7.8914e+03 -8.0481e+00 6.9775e+03
-3.7254e+06 7.0603e+01 -5.3135e+03 -7.8823e+03 -1.0919e+01 7.1108e+03
-3.7456e+06 6.8924e+01 -5.2829e+03 -7.8726e+03 -8.9594e+00 7.2403e+03
-3.7502e+06 6.8607e+01 -5.2518e+03 -7.8623e+03 -5.2742e+00 7.3703e+03
-3.7221e+06 6.8946e+01 -5.2204e+03 -7.8513e+03 -6.0343e+00 7.5039e+03
-3.7247e+06 6.9323e+01 -5.1887e+03 -7.8398e+03 -9.1663e+00 7.6391e+03
-3.7105e+06 6.9690e+01 -5.1566e+03 -7.8276e+03 -8.6585e+00 7.7744e+03
-3.6956e+06 7.0090e+01 -5.1241e+03 -7.8148e+03 -5.0779e+00 7.9098e+03
-3.6603e+06 7.0549e+01 -5.0913e+03 -7.8014e+03 -3.0240e+00 8.0456e+03
-3.6294e+06 7.1145e+01 -5.0581e+03 -7.7873e+03 -3.9608e+00 8.1824e+03
-3.5726e+06 7.1809e+01 -5.0245e+03 -7.7726e+03 -5.3615e+00 8.3208e+03
-3.5484e+06 7.2385e+01 -4.9906e+03 -7.7572e+03 -3.7080e+00 8.4602e+03
-3.5336e+06 7.2894e+01 -4.9563e+03 -7.7412e+03 -2.8394e+00 8.5992e+03
-3.5670e+06 7.3493e+01 -4.9216e+03 -7.7244e+03 -6.7006e+00 8.7382e+03
-3.5628e+06 7.4193e+01 -4.8866e+03 -7.7070e+03 -7.5513e+00 8.8773e+03
-3.5711e+06 7.4849e+01 -4.8512e+03 -7.6889e+03 -5.8770e+00 9.0172e+03
-3.5702e+06 7.5411e+01 -4.8155e+03 -7.6702e+03 -5.3350e+00 9.1571e+03
-3.5783e+06 7.5901e+01 -4.7794e+03 -7.6507e+03 -2.9450e+00 9.2968e+03
-3.5692e+06 7.6301e+01 -4.7429e+03 -7.6305e+03 -1.6735e+00 9.4369e+03
-3.5880e+06 7.6762e+01 -4.7061e+03 -7.6096e+03 -3.3293e-03 9.5770e+03
-3.6101e+06 7.7416e+01 -4.6689e+03 -7.5880e+03 -1.3241e+00 9.7183e+03
-3.6183e+06 7.8078e+01 -4.6314e+03 -7.5658e+03 -1.8235e+00 9.8570e+03
-3.6106e+06 7.8635e+01 -4.5934e+03 -7.5427e+03 -5.1138e-02 1.0001e+04
-3.6027e+06 7.9162e+01 -4.5552e+03 -7.5190e+03 -6.7997e+00 1.0133e+04
-3.5887e+06 7.9674e+01 -4.5166e+03 -7.4946e+03 -2.3917e+00 1.0277e+04
-3.4559e+06 8.9044e+01 -5.6027e+03 -7.9199e+03 -5.3698e+00 5.9518e+03
-3.4770e+06 8.7430e+01 -5.5755e+03 -7.9149e+03 6.3267e+00 6.0928e+03
-3.5029e+06 8.5830e+01 -5.5479e+03 -7.9094e+03 -1.0674e+01 6.2072e+03
-3.5305e+06 8.4245e+01 -5.5200e+03 -7.9033e+03 -6.4685e+00 6.3417e+03
-3.5517e+06 8.2698e+01 -5.4918e+03 -7.8968e+03 1.0204e+00 6.4702e+03
-3.5646e+06 8.1259e+01 -5.4632e+03 -7.8896e+03 1.8844e+00 6.6009e+03
-3.5867e+06 7.9905e+01 -5.4342e+03 -7.8820e+03 2.3079e+00 6.7320e+03
-3.6110e+06 7.8365e+01 -5.4049e+03 -7.8738e+03 -2.6786e+00 6.8645e+03
-3.6578e+06 7.6223e+01 -5.3753e+03 -7.8650e+03 -7.3103e+00 6.9990e+03
-3.6840e+06 7.3612e+01 -5.3453e+03 -7.8556e+03 -7.6677e+00 7.1337e+03
-3.7256e+06 7.1482e+01 -5.3149e+03 -7.8456e+03 -5.9783e+00 7.2647e+03
-3.7368e+06 7.0525e+01 -5.2842e+03 -7.8350e+03 -5.8657e+00 7.3943e+03
-3.7480e+06 7.0436e+01 -5.2531e+03 -7.8239e+03 -7.5574e+00 7.5275e+03
-3.7425e+06 7.0636e+01 -5.2217e+03 -7.8121e+03 -8.4916e+00 7.6634e+03
-3.7421e+06 7.0943e+01 -5.1899e+03 -7.7997e+03 -4.2297e+00 7.7992e+03
-3.7223e+06 7.1352e+01 -5.1577e+03 -7.7866e+03 3.7062e+00 7.9340e+03
-3.6982e+06 7.1875e+01 -5.1252e+03 -7.7729e+03 5.7750e+00 8.0685e+03
-3.6386e+06 7.2553e+01 -5.0924e+03 -7.7586e+03 -1.6430e+00 8.2050e+03
-3.5843e+06 7.3309e+01 -5.0591e+03 -7.7436e+03 -7.7787e+00 8.3441e+03
-3.5327e+06 7.3975e+01 -5.0255e+03 -7.7280e+03 -5.0585e+00 8.4841e+03
-3.5268e+06 7.4561e+01 -4.9915e+03 -7.7117e+03 -2.7746e+00 8.6236e+03
-3.5330e+06 7.5251e+01 -4.9572e+03 -7.6947e+03 -7.2519e+00 8.7624e+03
-3.5392e+06 7.6049e+01 -4.9225e+03 -7.6770e+03 -8.3503e+00 8.9017e+03
-3.5107e+06 7.6734e+01 -4.8875e+03 -7.6587e+03 -4.9152e+00 9.0418e+03
-3.5315e+06 7.7263e+01 -4.8520e+03 -7.6396e+03 -3.8258e+00 9.1820e+03
-3.5368e+06 7.7751e+01 -4.8163e+03 -7.6199e+03 -2.9859e+00 9.3218e+03
-3.5566e+06 7.8175e+01 -4.7801e+03 -7.5995e+03 -3.2513e+00 9.4619e+03
-3.5607e+06 7.8644e+01 -4.7436e+03 -7.5783e+03 -1.6916e+00 9.6022e+03
-3.5806e+06 7.9314e+01 -4.7067e+03 -7.5565e+03 -9.8711e-01 9.7439e+03
-3.5803e+06 7.9954e+01 -4.6695e+03 -7.5340e+03 2.5414e-01 9.8825e+03
-3.5815e+06 8.0431e+01 -4.6319e+03 -7.5107e+03 1.8095e+00 1.0027e+04
-3.5873e+06 8.0935e+01 -4.5940e+03 -7.4867e+03 -5.9013e+00 1.0158e+04
-3.5612e+06 8.1500e+01 -4.5557e+03 -7.4620e+03 -1.5882e+00 1.0302e+04
-3.3871e+06 9.2415e+01 -5.6313e+03 -7.8955e+03 -9.8161e+00 5.9715e+03
-3.4343e+06 8.9835e+01 -5.6044e+03 -7.8903e+03 -7.4235e+00 6.1143e+03
-3.4611e+06 8.7885e+01 -5.5772e+03 -7.8845e+03 -1.1727e+01 6.2288e+03
-3.5050e+06 8.6249e+01 -5.5496e+03 -7.8782e+03 -2.9852e+00 6.3633e+03
-3.5212e+06 8.4635e+01 -5.5216e+03 -7.8714e+03 8.9963e-01 6.4919e+03
-3.5467e+06 8.3053e+01 -5.4933e+03 -7.8641e+03 6.8805e-01 6.6226e+03
-3.5667e+06 8.1596e+01 -5.4647e+03 -7.8561e+03 2.6679e+00 6.7538e+03
-3.6011e+06 8.0226e+01 -5.4357e+03 -7.8477e+03 1.2973e+00 6.8863e+03
-3.6186e+06 7.8638e+01 -5.4064e+03 -7.8386e+03 -1.5654e+00 7.0198e+03
-3.6777e+06 7.6618e+01 -5.3767e+03 -7.8290e+03 -2.2363e+00 7.1541e+03
-3.6918e+06 7.4557e+01 -5.3466e+03 -7.8188e+03 9.7343e-01 7.2868e+03
-3.7202e+06 7.3107e+01 -5.3162e+03 -7.8080e+03 -2.3722e-01 7.4184e+03
-3.7247e+06 7.2449e+01 -5.2855e+03 -7.7965e+03 -5.4314e+00 7.5520e+03
-3.7435e+06 7.2343e+01 -5.2543e+03 -7.7845e+03 -4.7459e+00 7.6875e+03
-3.7429e+06 7.2562e+01 -5.2229e+03 -7.7718e+03 2.5923e+00 7.8233e+03
-3.7396e+06 7.3015e+01 -5.1910e+03 -7.7585e+03 1.1777e+01 7.9576e+03
-3.6962e+06 7.3647e+01 -5.1588e+03 -7.7446e+03 1.1063e+01 8.0916e+03
-3.6426e+06 7.4369e+01 -5.1263e+03 -7.7300e+03 -1.8187e+00 8.2286e+03
-3.5640e+06 7.5072e+01 -5.0934e+03 -7.7148e+03 -9.2310e+00 8.3681e+03
-3.5260e+06 7.5686e+01 -5.0601e+03 -7.6989e+03 -4.6250e+00 8.5080e+03
-3.4907e+06 7.6281e+01 -5.0264e+03 -7.6823e+03 -1.0602e+00 8.6473e+03
-3.5001e+06 7.7005e+01 -4.9924e+03 -7.6651e+03 -3.3565e+00 8.7862e+03
-3.4849e+06 7.7822e+01 -4.9581e+03 -7.6471e+03 -5.6795e+00 8.9256e+03
-3.4988e+06 7.8498e+01 -4.9233e+03 -7.6285e+03 -5.8492e+00 9.0657e+03
-3.4961e+06 7.9015e+01 -4.8882e+03 -7.6092e+03 -5.5149e+00 9.2058e+03
-3.5190e+06 7.9558e+01 -4.8528e+03 -7.5893e+03 -4.3496e+00 9.3460e+03
-3.5155e+06 8.0107e+01 -4.8169e+03 -7.5686e+03 -4.1051e+00 9.4862e+03
-3.5325e+06 8.0688e+01 -4.7808e+03 -7.5472e+03 -1.4729e+00 9.6265e+03
-3.5384e+06 8.1435e+01 -4.7442e+03 -7.5251e+03 3.1044e-01 9.7686e+03
-3.5521e+06 8.2124e+01 -4.7073e+03 -7.5023e+03 2.7113e+00 9.9070e+03
-3.5741e+06 8.2590e+01 -4.6700e+03 -7.4788e+03 2.6964e+00 1.0052e+04
-3.5948e+06 8.3063e+01 -4.6324e+03 -7.4546e+03 -1.0885e+01 1.0181e+04
-3.5880e+06 8.3639e+01 -4.5944e+03 -7.4296e+03 -3.3142e+00 1.0328e+04
-3.3485e+06 9.7705e+01 -5.6596e+03 -7.8713e+03 -2.3208e+01 5.9973e+03
-3.3635e+06 9.3399e+01 -5.6330e+03 -7.8658e+03 -1.8544e+00 6.1348e+03
-3.4199e+06 9.0372e+01 -5.6060e+03 -7.8598e+03 -8.7804e+00 6.2484e+03
-3.4678e+06 8.8343e+01 -5.5787e+03 -7.8533e+03 -5.4427e+00 6.3842e+03
-3.4980e+06 8.6657e+01 -5.5511e+03 -7.8462e+03 -5.9580e+00 6.5125e+03
-3.5309e+06 8.5023e+01 -5.5231e+03 -7.8386e+03 -5.2795e+00 6.6443e+03
-3.5525e+06 8.3437e+01 -5.4948e+03 -7.8304e+03 2.4333e+00 6.7758e+03
-3.5823e+06 8.1962e+01 -5.4661e+03 -7.8217e+03 4.6274e+00 6.9076e+03
-3.6225e+06 8.0515e+01 -5.4371e+03 -7.8124e+03 4.3218e+00 7.0404e+03
-3.6300e+06 7.8903e+01 -5.4077e+03 -7.8025e+03 7.6225e+00 7.1740e+03
-3.6767e+06 7.7145e+01 -5.3780e+03 -7.7921e+03 8.2919e+00 7.3076e+03
-3.6917e+06 7.5586e+01 -5.3479e+03 -7.7810e+03 1.9857e+00 7.4408e+03
-3.7116e+06 7.4593e+01 -5.3174e+03 -7.7693e+03 -4.3666e+00 7.5746e+03
-3.7252e+06 7.4249e+01 -5.2866e+03 -7.7570e+03 -6.9925e+00 7.7101e+03
-3.7240e+06 7.4410e+01 -5.2555e+03 -7.7441e+03 2.2692e-01 7.8461e+03
-3.7090e+06 7.4943e+01 -5.2240e+03 -7.7305e+03 1.2904e+01 7.9812e+03
-3.6780e+06 7.5692e+01 -5.1921e+03 -7.7164e+03 1.1345e+01 8.1161e+03
-3.6132e+06 7.6424e+01 -5.1599e+03 -7.7015e+03 -4.8145e+00 8.2532e+03
-3.5611e+06 7.6996e+01 -5.1273e+03 -7.6860e+03 -1.1152e+01 8.3923e+03
-3.5133e+06 7.7465e+01 -5.0943e+03 -7.6699e+03 -6.2295e+00 8.5315e+03
-3.4975e+06 7.7996e+01 -5.0610e+03 -7.6531e+03 -4.1656e+00 8.6705e+03
-3.4702e+06 7.8701e+01 -5.0273e+03 -7.6356e+03 -4.0657e+00 8.8096e+03
-3.4702e+06 7.9499e+01 -4.9933e+03 -7.6174e+03 -3.2507e+00 8.9491e+03
-3.4548e+06 8.0171e+01 -4.9588e+03 -7.5985e+03 -2.4892e+00 9.0890e+03
-3.4803e+06 8.0691e+01 -4.9241e+03 -7.5790e+03 -3.5183e+00 9.2291e+03
-3.4870e+06 8.1246e+01 -4.8889e+03 -7.5587e+03 -4.8046e+00 9.3692e+03
-3.5218e+06 8.1877e+01 -4.8534e+03 -7.5378e+03 -5.8953e+00 9.5094e+03
-3.5223e+06 8.2583e+01 -4.8176e+03 -7.5162e+03 -4.3009e+00 9.6497e+03
-3.5409e+06 8.3431e+01 -4.7813e+03 -7.4938e+03 -2.4576e+00 9.7921e+03
-3.5342e+06 8.4216e+01 -4.7447e+03 -7.4708e+03 3.1508e+00 9.9306e+03
-3.5473e+06 8.4748e+01 -4.7078e+03 -7.4470e+03 6.6402e+00 1.0076e+04
-3.5665e+06 8.5217e+01 -4.6705e+03 -7.4225e+03 -3.7630e+00 1.0204e+04
-3.5432e+06 8.5840e+01 -4.6328e+03 -7.3974e+03 -3.4742e-01 1.0353e+04
-3.2392e+06 1.0474e+02 -5.6876e+03 -7.8472e+03 -5.5913e+01 6.0404e+03
-3.3241e+06 9.8845e+01 -5.6612e+03 -7.8415e+03 -5.5371e+00 6.1787e+03
-3.3853e+06 9.4092e+01 -5.6346e+03 -7.8352e+03 -1.3001e+01 6.2639e+03
-3.4304e+06 9.0902e+01 -5.6076e+03 -7.8284e+03 -1.3420e+01 6.4062e+03
-3.4536e+06 8.8763e+01 -5.5803e+03 -7.8211e+03 -8.4229e+00 6.5332e+03
-3.4941e+06 8.7053e+01 -5.5526e+03 -7.8133e+03 -5.9897e+00 6.6638e+03
-3.5461e+06 8.5437e+01 -5.5246e+03 -7.8049e+03 -2.9768e+00 6.7955e+03
-3.5901e+06 8.3852e+01 -5.4962e+03 -7.7959e+03 -1.2827e-01 6.9289e+03
-3.6009e+06 8.2307e+01 -5.4675e+03 -7.7864e+03 3.6949e+00 7.0617e+03
-3.6526e+06 8.0746e+01 -5.4384e+03 -7.7762e+03 6.4998e+00 7.1947e+03
-3.6391e+06 7.9125e+01 -5.4090e+03 -7.7655e+03 8.6150e+00 7.3280e+03
-3.6795e+06 7.7613e+01 -5.3792e+03 -7.7542e+03 2.1119e+00 7.4620e+03
-3.6804e+06 7.6548e+01 -5.3491e+03 -7.7422e+03 -7.1233e+00 7.5965e+03
-3.6841e+06 7.6120e+01 -5.3186e+03 -7.7297e+03 -1.0720e+01 7.7315e+03
-3.6828e+06 7.6255e+01 -5.2878e+03 -7.7165e+03 -9.3836e+00 7.8677e+03
-3.6766e+06 7.6814e+01 -5.2566e+03 -7.7027e+03 3.9061e-02 8.0039e+03
-3.6365e+06 7.7614e+01 -5.2250e+03 -7.6883e+03 -2.1044e+00 8.1401e+03
-3.6037e+06 7.8381e+01 -5.1931e+03 -7.6732e+03 -1.8020e+01 8.2773e+03
-3.5549e+06 7.8922e+01 -5.1608e+03 -7.6574e+03 -2.1246e+01 8.4156e+03
-3.5338e+06 7.9299e+01 -5.1282e+03 -7.6410e+03 -1.2962e+01 8.5542e+03
-3.4882e+06 7.9751e+01 -5.0952e+03 -7.6240e+03 -8.3861e+00 8.6929e+03
-3.4871e+06 8.0432e+01 -5.0618e+03 -7.6062e+03 -5.1302e+00 8.8320e+03
-3.4602e+06 8.1260e+01 -5.0281e+03 -7.5878e+03 -3.9954e+00 8.9715e+03
-3.4775e+06 8.2022e+01 -4.9940e+03 -7.5687e+03 -6.3938e+00 9.1115e+03
-3.4628e+06 8.2610e+01 -4.9595e+03 -7.5489e+03 -7.3254e+00 9.2519e+03
-3.4883e+06 8.3124e+01 -4.9247e+03 -7.5284e+03 -1.5797e+00 9.3921e+03
-3.4781e+06 8.3709e+01 -4.8896e+03 -7.5072e+03 6.5274e+00 9.5323e+03
-3.5003e+06 8.4466e+01 -4.8540e+03 -7.4853e+03 1.0774e+01 9.6723e+03
-3.5033e+06 8.5414e+01 -4.8181e+03 -7.4627e+03 5.5180e+00 9.8143e+03
-3.5309e+06 8.6292e+01 -4.7818e+03 -7.4394e+03 1.8035e+00 9.9525e+03
-3.5480e+06 8.6850e+01 -4.7452e+03 -7.4154e+03 -5.2839e-01 1.0098e+04
-3.5649e+06 8.7331e+01 -4.7082e+03 -7.3907e+03 -1.2830e+01 1.0227e+04
-3.5555e+06 8.8237e+01 -4.6709e+03 -7.3653e+03 -3.1047e+00 1.0375e+04
-3.2073e+06 1.1268e+02 -5.7152e+03 -7.8232e+03 -2.0285e+02 6.0665e+03
-3.2264e+06 1.0638e+02 -5.6892e+03 -7.8173e+03 -5.7325e+01 6.2483e+03
-3.3037e+06 1.0003e+02 -5.6628e+03 -7.8108e+03 -1.4721e+01 6.2884e+03
-3.3962e+06 9.4859e+01 -5.6361e+03 -7.8038e+03 -1.0915e+01 6.4261e+03
-3.4553e+06 9.1328e+01 -5.6091e+03 -7.7962e+03 -1.8504e+01 6.5517e+03
-3.4996e+06 8.9093e+01 -5.5817e+03 -7.7881e+03 -1.4822e+01 6.6854e+03
-3.4831e+06 8.7451e+01 -5.5540e+03 -7.7794e+03 3.7470e+00 6.8167e+03
-3.5177e+06 8.5846e+01 -5.5259e+03 -7.7702e+03 8.6858e+00 6.9481e+03
-3.5885e+06 8.4167e+01 -5.4975e+03 -7.7604e+03 5.8053e+00 7.0815e+03
-3.6036e+06 8.2527e+01 -5.4687e+03 -7.7500e+03 4.3479e+00 7.2155e+03
-3.6669e+06 8.0924e+01 -5.4396e+03 -7.7391e+03 2.4384e+00 7.3492e+03
-3.6415e+06 7.9427e+01 -5.4102e+03 -7.7275e+03 6.1981e-01 7.4832e+03
-3.6695e+06 7.8339e+01 -5.3804e+03 -7.7153e+03 -4.1267e+00 7.6176e+03
-3.6783e+06 7.7883e+01 -5.3502e+03 -7.7025e+03 -1.0832e+01 7.7528e+03
-3.6503e+06 7.8002e+01 -5.3197e+03 -7.6891e+03 -8.3834e+00 7.8886e+03
-3.6261e+06 7.8522e+01 -5.2888e+03 -7.6750e+03 -6.9133e+00 8.0249e+03
-3.6129e+06 7.9281e+01 -5.2576e+03 -7.6603e+03 -1.6502e+01 8.1622e+03
-3.5914e+06 8.0097e+01 -5.2260e+03 -7.6450e+03 -2.4125e+01 8.2997e+03
-3.5982e+06 8.0745e+01 -5.1940e+03 -7.6290e+03 -1.0769e+01 8.4373e+03
-3.5749e+06 8.1139e+01 -5.1617e+03 -7.6123e+03 -3.5429e+00 8.5760e+03
-3.5522e+06 8.1525e+01 -5.1290e+03 -7.5950e+03 -1.1932e+01 8.7149e+03
-3.4909e+06 8.2185e+01 -5.0960e+03 -7.5770e+03 -5.5316e+00 8.8539e+03
-3.4687e+06 8.3084e+01 -5.0626e+03 -7.5583e+03 4.8859e+00 8.9936e+03
-3.4245e+06 8.4014e+01 -5.0288e+03 -7.5390e+03 2.9588e+00 9.1337e+03
-3.4515e+06 8.4769e+01 -4.9947e+03 -7.5189e+03 1.4783e-01 9.2738e+03
-3.4562e+06 8.5264e+01 -4.9602e+03 -7.4982e+03 8.7446e-01 9.4134e+03
-3.5145e+06 8.5722e+01 -4.9253e+03 -7.4768e+03 1.2924e+00 9.5535e+03
-3.5138e+06 8.6491e+01 -4.8901e+03 -7.4546e+03 -3.0111e-01 9.6939e+03
-3.5383e+06 8.7590e+01 -4.8545e+03 -7.4318e+03 -4.5227e+00 9.8367e+03
-3.5035e+06 8.8585e+01 -4.8186e+03 -7.4082e+03 -2.0754e+00 9.9752e+03
-3.5045e+06 8.9210e+01 -4.7823e+03 -7.3840e+03 5.8274e+00 1.0121e+04
-3.4903e+06 9.0026e+01 -4.7456e+03 -7.3590e+03 9.1619e-01 1.0248e+04
-3.4675e+06 9.1881e+01 -4.7086e+03 -7.3333e+03 1.3635e+00 1.0398e+04
-3.0884e+06 1.2070e+02 -5.7425e+03 -7.7994e+03 -3.7898e+02 6.1238e+03
-3.1570e+06 1.1517e+02 -5.7167e+03 -7.7932e+03 -1.9473e+02 6.3615e+03
-3.2685e+06 1.0828e+02 -5.6907e+03 -7.7865e+03 -9.6752e+01 6.3408e+03
-3.3391e+06 1.0117e+02 -5.6643e+03 -7.7792e+03 -2.4560e+01 6.4616e+03
-3.3791e+06 9.5405e+01 -5.6375e+03 -7.7714e+03 2.5558e+00 6.5733e+03
-3.4187e+06 9.1867e+01 -5.6105e+03 -7.7631e+03 -6.0995e+00 6.7027e+03
-3.5359e+06 8.9948e+01 -5.5831e+03 -7.7542e+03 -2.0611e+01 6.8347e+03
-3.5602e+06 8.8256e+01 -5.5553e+03 -7.7447e+03 -1.5751e+01 6.9697e+03
-3.5417e+06 8.6246e+01 -5.5272e+03 -7.7347e+03 6.7617e-01 7.1023e+03
-3.5976e+06 8.4335e+01 -5.4988e+03 -7.7240e+03 6.7802e+00 7.2349e+03
-3.5923e+06 8.2697e+01 -5.4700e+03 -7.7128e+03 5.7651e+00 7.3691e+03
-3.6781e+06 8.1210e+01 -5.4408e+03 -7.7010e+03 -2.5463e+00 7.5041e+03
-3.6450e+06 8.0085e+01 -5.4113e+03 -7.6885e+03 -2.9024e+00 7.6391e+03
-3.6412e+06 7.9620e+01 -5.3815e+03 -7.6755e+03 3.1883e+00 7.7735e+03
-3.6494e+06 7.9776e+01 -5.3513e+03 -7.6618e+03 2.4467e-01 7.9090e+03
-3.6179e+06 8.0284e+01 -5.3207e+03 -7.6475e+03 -3.3259e+00 8.0456e+03
-3.5999e+06 8.0946e+01 -5.2898e+03 -7.6326e+03 -1.7856e+01 8.1836e+03
-3.6086e+06 8.1714e+01 -5.2585e+03 -7.6170e+03 -9.1969e+00 8.3214e+03
-3.6238e+06 8.2427e+01 -5.2269e+03 -7.6007e+03 3.9903e+01 8.4586e+03
-3.6278e+06 8.2871e+01 -5.1949e+03 -7.5838e+03 4.8247e+01 8.5978e+03
-3.5651e+06 8.3264e+01 -5.1625e+03 -7.5662e+03 4.6502e+00 8.7358e+03
-3.5361e+06 8.3964e+01 -5.1298e+03 -7.5480e+03 -1.2521e+01 8.8742e+03
-3.4778e+06 8.4925e+01 -5.0967e+03 -7.5291e+03 -6.3529e+00 9.0147e+03
-3.4788e+06 8.5954e+01 -5.0633e+03 -7.5095e+03 -6.7322e+00 9.1551e+03
-3.4508e+06 8.6814e+01 -5.0295e+03 -7.4892e+03 -5.8334e+00 9.2951e+03
-3.4721e+06 8.7290e+01 -4.9953e+03 -7.4682e+03 -4.4989e-02 9.4351e+03
-3.4390e+06 8.7737e+01 -4.9608e+03 -7.4465e+03 5.7069e+00 9.5758e+03
-3.4580e+06 8.8756e+01 -4.9259e+03 -7.4241e+03 1.0421e+01 9.7157e+03
-3.4395e+06 9.0230e+01 -4.8906e+03 -7.4010e+03 4.6680e+00 9.8583e+03
-3.4886e+06 9.1491e+01 -4.8550e+03 -7.3772e+03 -4.1189e+00 9.9951e+03
-3.5045e+06 9.2496e+01 -4.8190e+03 -7.3527e+03 -8.1416e+00 1.0143e+04
-3.5298e+06 9.4298e+01 -4.7827e+03 -7.3275e+03 -2.2673e+01 1.0266e+04
-3.4733e+06 9.7783e+01 -4.7460e+03 -7.3016e+03 -9.2304e+00 1.0421e+04
-3.1586e+06 1.2816e+02 -5.7694e+03 -7.7758e+03 -8.0731e+02 6.1733e+03
-3.1308e+06 1.2356e+02 -5.7440e+03 -7.7693e+03 -4.0893e+02 6.4388e+03
-3.1408e+06 1.1740e+02 -5.7182e+03 -7.7623e+03 -2.2075e+02 6.3913e+03
-3.2283e+06 1.0980e+02 -5.6921e+03 -7.7548e+03 -1.0562e+02 6.4991e+03
-3.3515e+06 1.0237e+02 -5.6657e+03 -7.7468e+03 -4.3777e+01 6.5971e+03
-3.4483e+06 9.7334e+01 -5.6389e+03 -7.7382e+03 -2.1512e+01 6.7293e+03
-3.3486e+06 9.4830e+01 -5.6118e+03 -7.7290e+03 6.4223e+00 6.8582e+03
-3.4244e+06 9.2684e+01 -5.5843e+03 -7.7193e+03 2.3371e+00 6.9859e+03
-3.5622e+06 8.9672e+01 -5.5565e+03 -7.7090e+03 -1.2490e+01 7.1203e+03
-3.5714e+06 8.6743e+01 -5.5284e+03 -7.6982e+03 -5.8644e+00 7.2565e+03
-3.6236e+06 8.4624e+01 -5.4999e+03 -7.6867e+03 4.4952e+00 7.3896e+03
-3.5726e+06 8.3014e+01 -5.4711e+03 -7.6746e+03 7.2239e+00 7.5233e+03
-3.6789e+06 8.1847e+01 -5.4419e+03 -7.6619e+03 1.4233e+00 7.6589e+03
-3.6644e+06 8.1408e+01 -5.4124e+03 -7.6486e+03 4.9600e+00 7.7945e+03
-3.6134e+06 8.1675e+01 -5.3825e+03 -7.6347e+03 1.3354e+01 7.9299e+03
-3.5946e+06 8.2250e+01 -5.3522e+03 -7.6202e+03 4.7366e+00 8.0662e+03
-3.5767e+06 8.2820e+01 -5.3216e+03 -7.6050e+03 -1.0760e+01 8.2039e+03
-3.5936e+06 8.3438e+01 -5.2907e+03 -7.5891e+03 -6.1315e+00 8.3416e+03
-3.6484e+06 8.4102e+01 -5.2593e+03 -7.5726e+03 3.2822e+01 8.4794e+03
-3.6549e+06 8.4620e+01 -5.2277e+03 -7.5555e+03 4.1695e+01 8.6186e+03
-3.6266e+06 8.5163e+01 -5.1956e+03 -7.5376e+03 1.2122e+01 8.7565e+03
-3.5256e+06 8.6005e+01 -5.1632e+03 -7.5191e+03 7.6118e-01 8.8954e+03
-3.4714e+06 8.6999e+01 -5.1305e+03 -7.5000e+03 3.2597e+00 9.0362e+03
-3.4042e+06 8.7958e+01 -5.0974e+03 -7.4801e+03 5.7789e+00 9.1759e+03
-3.4312e+06 8.8748e+01 -5.0639e+03 -7.4596e+03 5.5886e+00 9.3150e+03
-3.4314e+06 8.9302e+01 -5.0300e+03 -7.4383e+03 -5.0881e+00 9.4538e+03
-3.5169e+06 9.0230e+01 -4.9958e+03 -7.4164e+03 -1.8715e+01 9.5947e+03
-3.4904e+06 9.2122e+01 -4.9612e+03 -7.3938e+03 -2.3750e+01 9.7365e+03
-3.5181e+06 9.4322e+01 -4.9263e+03 -7.3704e+03 -2.0805e+01 9.8808e+03
-3.4235e+06 9.5968e+01 -4.8910e+03 -7.3464e+03 -5.4001e+00 1.0016e+04
-3.3980e+06 9.7623e+01 -4.8554e+03 -7.3216e+03 1.8343e+01 1.0168e+04
-3.3316e+06 1.0068e+02 -4.8193e+03 -7.2962e+03 -1.1857e+01 1.0279e+04
-3.2953e+06 1.0546e+02 -4.7830e+03 -7.2700e+03 -5.8221e+01 1.0425e+04
-2.9624e+06 1.3527e+02 -5.7960e+03 -7.7522e+03 -1.1373e+03 6.4219e+03
-3.0951e+06 1.3077e+02 -5.7709e+03 -7.7456e+03 -6.2936e+02 6.5240e+03
-3.1726e+06 1.2557e+02 -5.7454e+03 -7.7383e+03 -5.2717e+02 6.3879e+03
-3.2050e+06 1.1909e+02 -5.7196e+03 -7.7306e+03 -3.6755e+02 6.5522e+03
-3.1922e+06 1.1185e+02 -5.6935e+03 -7.7223e+03 -1.3843e+02 6.6444e+03
-3.1880e+06 1.0627e+02 -5.6670e+03 -7.7135e+03 -5.1413e+01 6.7295e+03
-3.4221e+06 1.0327e+02 -5.6402e+03 -7.7041e+03 -6.2434e+01 6.8645e+03
-3.3906e+06 1.0039e+02 -5.6130e+03 -7.6941e+03 -3.3409e+01 7.0156e+03
-3.3501e+06 9.5798e+01 -5.5855e+03 -7.6836e+03 4.4770e+00 7.1412e+03
-3.5078e+06 9.0921e+01 -5.5577e+03 -7.6724e+03 6.3917e+00 7.2719e+03
-3.5606e+06 8.7411e+01 -5.5295e+03 -7.6607e+03 -3.3057e+00 7.4089e+03
-3.6663e+06 8.5160e+01 -5.5010e+03 -7.6484e+03 -6.6509e+00 7.5439e+03
-3.5603e+06 8.3764e+01 -5.4721e+03 -7.6355e+03 1.1516e+01 7.6787e+03
-3.6283e+06 8.3266e+01 -5.4429e+03 -7.6219e+03 1.4280e+01 7.8134e+03
-3.6286e+06 8.3575e+01 -5.4133e+03 -7.6078e+03 1.4116e+00 7.9490e+03
-3.5906e+06 8.4198e+01 -5.3834e+03 -7.5930e+03 -3.7257e+00 8.0857e+03
-3.5706e+06 8.4721e+01 -5.3531e+03 -7.5775e+03 -1.1226e+01 8.2235e+03
-3.5533e+06 8.5247e+01 -5.3225e+03 -7.5614e+03 -1.1131e+01 8.3617e+03
-3.5617e+06 8.5929e+01 -5.2915e+03 -7.5447e+03 -3.9350e+00 8.4998e+03
-3.5833e+06 8.6632e+01 -5.2601e+03 -7.5273e+03 9.4429e+00 8.6381e+03
-3.5573e+06 8.7419e+01 -5.2284e+03 -7.5092e+03 1.9506e+01 8.7762e+03
-3.5638e+06 8.8419e+01 -5.1963e+03 -7.4905e+03 8.5841e+00 8.9152e+03
-3.5213e+06 8.9415e+01 -5.1639e+03 -7.4710e+03 -1.7779e+01 9.0546e+03
-3.5358e+06 9.0272e+01 -5.1311e+03 -7.4509e+03 -3.0479e+01 9.1941e+03
-3.4777e+06 9.1135e+01 -5.0979e+03 -7.4301e+03 -2.5835e+01 9.3349e+03
-3.4523e+06 9.2302e+01 -5.0644e+03 -7.4087e+03 -4.9227e+00 9.4765e+03
-3.3184e+06 9.4496e+01 -5.0305e+03 -7.3865e+03 1.8878e+01 9.6186e+03
-3.3075e+06 9.7831e+01 -4.9963e+03 -7.3636e+03 3.2569e+01 9.7565e+03
-3.2626e+06 1.0081e+02 -4.9617e+03 -7.3400e+03 1.2070e+01 9.8968e+03
-3.3621e+06 1.0257e+02 -4.9267e+03 -7.3157e+03 -1.6448e+01 1.0031e+04
-3.4180e+06 1.0458e+02 -4.8914e+03 -7.2908e+03 -6.4401e+01 1.0180e+04
-3.4706e+06 1.0829e+02 -4.8557e+03 -7.2651e+03 -1.7353e+02 1.0246e+04
-3.3196e+06 1.1312e+02 -4.8196e+03 -7.2387e+03 -1.5883e+02 1.0442e+04
-3.3048e+06 1.4263e+02 -5.8223e+03 -7.7289e+03 -2.5533e+03 7.1119e+03
-3.1036e+06 1.3766e+02 -5.7974e+03 -7.7220e+03 -1.1159e+03 6.6645e+03
-3.0437e+06 1.3244e+02 -5.7723e+03 -7.7145e+03 -7.8115e+02 6.3946e+03
-3.0815e+06 1.2700e+02 -5.7468e+03 -7.7065e+03 -6.2990e+02 6.6110e+03
-3.2352e+06 1.2099e+02 -5.7209e+03 -7.6980e+03 -4.4410e+02 6.6924e+03
-3.3326e+06 1.1580e+02 -5.6947e+03 -7.6889e+03 -2.5454e+02 6.7820e+03
-3.0959e+06 1.1251e+02 -5.6682e+03 -7.6793e+03 -8.0868e+01 6.8964e+03
-3.2510e+06 1.0917e+02 -5.6414e+03 -7.6691e+03 -4.1697e+01 7.0295e+03
-3.4319e+06 1.0371e+02 -5.6142e+03 -7.6583e+03 -5.2566e+01 7.1726e+03
-3.4132e+06 9.7214e+01 -5.5867e+03 -7.6469e+03 -1.7212e+01 7.2982e+03
-3.4876e+06 9.1786e+01 -5.5588e+03 -7.6349e+03 1.1817e+01 7.4263e+03
-3.5081e+06 8.8099e+01 -5.5306e+03 -7.6224e+03 6.8822e+00 7.5615e+03
-3.6824e+06 8.5995e+01 -5.5020e+03 -7.6092e+03 -7.8284e+00 7.6964e+03
-3.5941e+06 8.5252e+01 -5.4731e+03 -7.5954e+03 1.6758e+00 7.8327e+03
-3.5938e+06 8.5470e+01 -5.4439e+03 -7.5810e+03 6.6349e+00 7.9686e+03
-3.5475e+06 8.6046e+01 -5.4142e+03 -7.5659e+03 6.0955e+00 8.1050e+03
-3.5047e+06 8.6551e+01 -5.3843e+03 -7.5502e+03 1.0516e+01 8.2415e+03
-3.5442e+06 8.7108e+01 -5.3539e+03 -7.5339e+03 -7.3641e+00 8.3786e+03
-3.5977e+06 8.7934e+01 -5.3233e+03 -7.5169e+03 -2.8356e+01 8.5169e+03
-3.6247e+06 8.8880e+01 -5.2922e+03 -7.4993e+03 -2.0264e+01 8.6562e+03
-3.6155e+06 8.9844e+01 -5.2608e+03 -7.4809e+03 1.8936e+00 8.7969e+03
-3.5209e+06 9.0887e+01 -5.2291e+03 -7.4620e+03 4.2439e+00 8.9367e+03
-3.4774e+06 9.1916e+01 -5.1970e+03 -7.4423e+03 8.0957e+00 9.0754e+03
-3.3803e+06 9.2967e+01 -5.1645e+03 -7.4219e+03 2.5217e+01 9.2136e+03
-3.3787e+06 9.4476e+01 -5.1316e+03 -7.4009e+03 2.5511e+01 9.3521e+03
-3.3624e+06 9.6951e+01 -5.0984e+03 -7.3792e+03 -5.5012e+00 9.4901e+03
-3.5103e+06 1.0075e+02 -5.0649e+03 -7.3568e+03 -5.5009e+01 9.6187e+03
-3.4523e+06 1.0526e+02 -5.0310e+03 -7.3337e+03 -1.1265e+02 9.7491e+03
-3.4582e+06 1.0856e+02 -4.9967e+03 -7.3098e+03 -1.3820e+02 9.9179e+03
-3.2939e+06 1.1014e+02 -4.9620e+03 -7.2853e+03 -9.7977e+01 1.0068e+04
-3.2081e+06 1.1202e+02 -4.9270e+03 -7.2601e+03 -3.7664e+01 1.0219e+04
-3.0436e+06 1.1554e+02 -4.8916e+03 -7.2342e+03 -9.4620e+01 1.0202e+04
-3.1626e+06 1.1967e+02 -4.8559e+03 -7.2075e+03 -2.0622e+02 1.0408e+04
-2.7892e+06 1.5148e+02 -5.8482e+03 -7.7057e+03 -3.4557e+03 8.1085e+03
-3.1799e+06 1.4517e+02 -5.8237e+03 -7.6985e+03 -2.5089e+03 6.5626e+03
-3.2386e+06 1.3906e+02 -5.7988e+03 -7.6908e+03 -1.8537e+03 6.2958e+03
-3.1694e+06 1.3361e+02 -5.7736e+03 -7.6826e+03 -1.1034e+03 6.7435e+03
-2.9702e+06 1.2812e+02 -5.7480e+03 -7.6738e+03 -5.5669e+02 6.7943e+03
-2.9436e+06 1.2307e+02 -5.7222e+03 -7.6645e+03 -3.2689e+02 6.8292e+03
-3.3962e+06 1.1922e+02 -5.6960e+03 -7.6546e+03 -3.0410e+02 6.9350e+03
-3.2762e+06 1.1569e+02 -5.6694e+03 -7.6442e+03 -1.8487e+02 7.0895e+03
-3.1711e+06 1.1082e+02 -5.6425e+03 -7.6331e+03 -3.4687e+01 7.2184e+03
-3.3626e+06 1.0452e+02 -5.6153e+03 -7.6215e+03 -1.1292e+01 7.3241e+03
-3.4685e+06 9.7939e+01 -5.5877e+03 -7.6093e+03 -1.8141e+01 7.4467e+03
-3.5608e+06 9.2412e+01 -5.5598e+03 -7.5965e+03 5.9315e-01 7.5801e+03
-3.4793e+06 8.8955e+01 -5.5316e+03 -7.5831e+03 1.3684e+01 7.7157e+03
-3.5978e+06 8.7671e+01 -5.5030e+03 -7.5691e+03 7.1423e+00 7.8494e+03
-3.5642e+06 8.7747e+01 -5.4740e+03 -7.5544e+03 1.5076e+00 7.9851e+03
-3.6002e+06 8.8248e+01 -5.4447e+03 -7.5391e+03 -1.1025e+01 8.1223e+03
-3.5926e+06 8.8726e+01 -5.4151e+03 -7.5232e+03 -1.2273e+01 8.2608e+03
-3.5527e+06 8.9340e+01 -5.3851e+03 -7.5066e+03 3.2970e-01 8.3986e+03
-3.5362e+06 9.0326e+01 -5.3547e+03 -7.4893e+03 1.2593e+01 8.5358e+03
-3.5080e+06 9.1481e+01 -5.3240e+03 -7.4714e+03 3.1854e+01 8.6746e+03
-3.5093e+06 9.2493e+01 -5.2929e+03 -7.4529e+03 1.9720e+01 8.8125e+03
-3.6023e+06 9.3412e+01 -5.2615e+03 -7.4337e+03 -2.5978e+01 8.9494e+03
-3.6892e+06 9.4555e+01 -5.2297e+03 -7.4137e+03 -4.8195e+01 9.0882e+03
-3.7648e+06 9.6283e+01 -5.1975e+03 -7.3932e+03 -3.3804e+01 9.2319e+03
-3.6089e+06 9.8981e+01 -5.1650e+03 -7.3719e+03 -3.1344e+01 9.3722e+03
-3.4170e+06 1.0283e+02 -5.1321e+03 -7.3499e+03 -1.0652e+01 9.5120e+03
-3.0967e+06 1.0749e+02 -5.0989e+03 -7.3273e+03 2.9981e+01 9.6341e+03
-3.0305e+06 1.1199e+02 -5.0653e+03 -7.3039e+03 4.0014e+01 9.7492e+03
-3.0320e+06 1.1506e+02 -5.0313e+03 -7.2799e+03 -1.7932e+01 9.9112e+03
-3.2485e+06 1.1673e+02 -4.9970e+03 -7.2551e+03 -1.3805e+02 1.0047e+04
-3.4057e+06 1.1871e+02 -4.9623e+03 -7.2296e+03 -3.1700e+02 1.0208e+04
-3.6806e+06 1.2202e+02 -4.9273e+03 -7.2035e+03 -4.8390e+02 1.0165e+04
-3.3686e+06 1.2578e+02 -4.8919e+03 -7.1766e+03 -4.1815e+02 1.0378e+04
-3.6979e+06 1.6158e+02 -5.8739e+03 -7.6827e+03 -6.1597e+03 7.4151e+03
-3.1198e+06 1.5296e+02 -5.8496e+03 -7.6753e+03 -6.4046e+03 5.5642e+03
-2.8531e+06 1.4609e+02 -5.8250e+03 -7.6673e+03 -4.4153e+03 6.4182e+03
-2.9761e+06 1.4042e+02 -5.8001e+03 -7.6589e+03 -2.1698e+03 7.0722e+03
-3.4126e+06 1.3468e+02 -5.7748e+03 -7.6499e+03 -1.3070e+03 6.9224e+03
-3.4538e+06 1.2915e+02 -5.7492e+03 -7.6403e+03 -7.6279e+02 6.9512e+03
-2.7563e+06 1.2434e+02 -5.7233e+03 -7.6302e+03 -2.4458e+02 7.0087e+03
-2.9852e+06 1.2028e+02 -5.6971e+03 -7.6195e+03 -1.3053e+02 7.0919e+03
-3.3339e+06 1.1629e+02 -5.6705e+03 -7.6082e+03 -1.8180e+02 7.2320e+03
-3.2595e+06 1.1146e+02 -5.6436e+03 -7.5963e+03 -8.7220e+01 7.3756e+03
-3.3171e+06 1.0525e+02 -5.6163e+03 -7.5839e+03 7.7729e+00 7.4840e+03
-3.3795e+06 9.8514e+01 -5.5887e+03 -7.5708e+03 9.3091e+00 7.5949e+03
-3.5831e+06 9.3396e+01 -5.5608e+03 -7.5572e+03 -9.4600e+00 7.7299e+03
-3.5533e+06 9.1094e+01 -5.5325e+03 -7.5429e+03 -7.2051e+00 7.8692e+03
-3.5631e+06 9.0826e+01 -5.5038e+03 -7.5280e+03 7.2690e+00 8.0061e+03
-3.4807e+06 9.1207e+01 -5.4749e+03 -7.5124e+03 2.1032e+01 8.1410e+03
-3.5294e+06 9.1600e+01 -5.4455e+03 -7.4963e+03 9.7080e+00 8.2764e+03
-3.6198e+06 9.2250e+01 -5.4158e+03 -7.4794e+03 -6.0074e+00 8.4129e+03
-3.6972e+06 9.3505e+01 -5.3858e+03 -7.4620e+03 -2.3412e+01 8.5511e+03
-3.7059e+06 9.5088e+01 -5.3554e+03 -7.4438e+03 -4.1176e+01 8.6922e+03
-3.6449e+06 9.6308e+01 -5.3246e+03 -7.4250e+03 -3.2373e+01 8.8348e+03
-3.5050e+06 9.7050e+01 -5.2935e+03 -7.4056e+03 -2.0307e+00 8.9757e+03
-3.4474e+06 9.8252e+01 -5.2620e+03 -7.3854e+03 5.2377e+01 9.1135e+03
-3.3510e+06 1.0081e+02 -5.2302e+03 -7.3646e+03 9.6340e+01 9.2522e+03
-3.3529e+06 1.0465e+02 -5.1980e+03 -7.3431e+03 5.9134e+01 9.3607e+03
-3.3353e+06 1.0913e+02 -5.1654e+03 -7.3209e+03 -1.0591e+02 9.4534e+03
-3.5967e+06 1.1353e+02 -5.1325e+03 -7.2980e+03 -3.0698e+02 9.5965e+03
-3.6622e+06 1.1724e+02 -5.0992e+03 -7.2744e+03 -3.9554e+02 9.7582e+03
-3.6311e+06 1.1997e+02 -5.0656e+03 -7.2501e+03 -3.6613e+02 9.9210e+03
-3.2356e+06 1.2212e+02 -5.0316e+03 -7.2251e+03 -2.6493e+02 1.0059e+04
-3.0036e+06 1.2459e+02 -4.9972e+03 -7.1994e+03 -7.5819e+01 1.0284e+04
-2.5937e+06 1.2811e+02 -4.9625e+03 -7.1730e+03 -4.8277e+01 1.0147e+04
-3.0859e+06 1.3215e+02 -4.9274e+03 -7.1459e+03 -4.7611e+02 1.0119e+04
-1.9787e+06 1.6988e+02 -5.8992e+03 -7.6598e+03 -1.2741e+04 8.7483e+03
-2.8895e+06 1.6070e+02 -5.8752e+03 -7.6522e+03 -1.2479e+04 7.5395e+03
-3.5104e+06 1.5420e+02 -5.8509e+03 -7.6440e+03 -8.6605e+03 8.3496e+03
-3.3584e+06 1.4856e+02 -5.8262e+03 -7.6353e+03 -4.1053e+03 8.3089e+03
-2.5795e+06 1.4222e+02 -5.8013e+03 -7.6261e+03 -1.7980e+03 7.0295e+03
-2.5723e+06 1.3581e+02 -5.7760e+03 -7.6163e+03 -1.3618e+03 6.8345e+03
-3.7959e+06 1.3013e+02 -5.7504e+03 -7.6059e+03 -1.2369e+03 7.1064e+03
-3.4927e+06 1.2532e+02 -5.7244e+03 -7.5950e+03 -6.6727e+02 7.1968e+03
-2.9216e+06 1.2126e+02 -5.6982e+03 -7.5834e+03 -1.9925e+02 7.2786e+03
-3.1779e+06 1.1731e+02 -5.6715e+03 -7.5713e+03 -1.1471e+02 7.3818e+03
-3.3178e+06 1.1202e+02 -5.6446e+03 -7.5586e+03 -1.0998e+02 7.5213e+03
-3.4540e+06 1.0515e+02 -5.6173e+03 -7.5454e+03 -5.0831e+01 7.6463e+03
-3.3507e+06 9.8956e+01 -5.5896e+03 -7.5314e+03 5.2711e+00 7.7575e+03
-3.4521e+06 9.5639e+01 -5.5617e+03 -7.5169e+03 7.5268e+00 7.8825e+03
-3.5918e+06 9.4901e+01 -5.5333e+03 -7.5018e+03 -2.1471e+01 8.0188e+03
-3.7169e+06 9.5109e+01 -5.5046e+03 -7.4860e+03 -3.1288e+01 8.1588e+03
-3.6998e+06 9.5363e+01 -5.4756e+03 -7.4696e+03 -2.1380e+01 8.2983e+03
-3.6682e+06 9.6026e+01 -5.4462e+03 -7.4525e+03 1.6040e+01 8.4364e+03
-3.5693e+06 9.7720e+01 -5.4165e+03 -7.4348e+03 5.3809e+01 8.5780e+03
-3.4253e+06 1.0016e+02 -5.3864e+03 -7.4164e+03 5.3508e+01 8.7138e+03
-3.4572e+06 1.0212e+02 -5.3560e+03 -7.3974e+03 2.4075e+01 8.8440e+03
-3.7167e+06 1.0302e+02 -5.3252e+03 -7.3777e+03 -4.0238e+01 8.9798e+03
-3.9194e+06 1.0418e+02 -5.2940e+03 -7.3573e+03 -1.4361e+02 9.0986e+03
-4.1336e+06 1.0709e+02 -5.2625e+03 -7.3362e+03 -2.2413e+02 9.2185e+03
-3.9053e+06 1.1125e+02 -5.2306e+03 -7.3145e+03 -2.2667e+02 9.3184e+03
-3.4099e+06 1.1541e+02 -5.1984e+03 -7.2920e+03 -1.5953e+02 9.4388e+03
-2.7389e+06 1.1904e+02 -5.1658e+03 -7.2689e+03 2.5190e+01 9.6236e+03
-2.4888e+06 1.2212e+02 -5.1328e+03 -7.2451e+03 1.6079e+02 9.7727e+03
-2.5701e+06 1.2490e+02 -5.0995e+03 -7.2205e+03 -2.2375e+01 9.8720e+03
-3.2212e+06 1.2763e+02 -5.0659e+03 -7.1953e+03 -4.6954e+02 9.9631e+03
-3.7443e+06 1.3063e+02 -5.0318e+03 -7.1694e+03 -1.0164e+03 1.0182e+04
-4.5443e+06 1.3449e+02 -4.9974e+03 -7.1428e+03 -1.4298e+03 1.0129e+04
-3.5399e+06 1.3906e+02 -4.9627e+03 -7.1155e+03 -1.3355e+03 1.0080e+04
-4.8644e+06 1.7637e+02 -5.9241e+03 -7.6372e+03 -3.7418e+04 1.4370e+04
-3.3820e+06 1.7061e+02 -5.9004e+03 -7.6293e+03 -2.2920e+04 1.2966e+04
-2.2910e+06 1.6491e+02 -5.8764e+03 -7.6209e+03 -1.0556e+04 1.0105e+04
-2.7552e+06 1.5779e+02 -5.8521e+03 -7.6119e+03 -6.9834e+03 8.0678e+03
-4.2615e+06 1.5064e+02 -5.8274e+03 -7.6024e+03 -5.6295e+03 6.9169e+03
-4.0419e+06 1.4376e+02 -5.8024e+03 -7.5924e+03 -3.3940e+03 7.2321e+03
-1.9450e+06 1.3711e+02 -5.7771e+03 -7.5818e+03 -1.6963e+03 7.3235e+03
-2.4894e+06 1.3143e+02 -5.7514e+03 -7.5706e+03 -1.0530e+03 7.2245e+03
-3.5590e+06 1.2676e+02 -5.7255e+03 -7.5589e+03 -8.2606e+02 7.3188e+03
-3.2038e+06 1.2249e+02 -5.6991e+03 -7.5465e+03 -4.4765e+02 7.4693e+03
-3.1077e+06 1.1731e+02 -5.6725e+03 -7.5336e+03 -1.1035e+02 7.5954e+03
-3.1324e+06 1.1063e+02 -5.6455e+03 -7.5201e+03 -6.3365e+00 7.6759e+03
-3.5021e+06 1.0439e+02 -5.6182e+03 -7.5059e+03 -4.8489e+01 7.7788e+03
-3.5554e+06 1.0091e+02 -5.5905e+03 -7.4911e+03 -5.0118e+01 7.9114e+03
-3.4133e+06 1.0011e+02 -5.5624e+03 -7.4758e+03 3.0758e+01 8.0446e+03
-3.3795e+06 1.0034e+02 -5.5341e+03 -7.4597e+03 9.9131e+01 8.1778e+03
-3.4538e+06 1.0057e+02 -5.5054e+03 -7.4431e+03 7.2942e+01 8.3087e+03
-3.6664e+06 1.0123e+02 -5.4763e+03 -7.4258e+03 5.0692e+00 8.4410e+03
-3.9101e+06 1.0321e+02 -5.4469e+03 -7.4078e+03 -6.5976e+01 8.5752e+03
-3.9654e+06 1.0633e+02 -5.4171e+03 -7.3892e+03 -1.4545e+02 8.7179e+03
-3.9066e+06 1.0920e+02 -5.3870e+03 -7.3699e+03 -1.2324e+02 8.9009e+03
-3.6555e+06 1.1076e+02 -5.3565e+03 -7.3500e+03 3.2215e+01 9.0516e+03
-3.3466e+06 1.1206e+02 -5.3257e+03 -7.3294e+03 1.8034e+02 9.1389e+03
-2.9985e+06 1.1470e+02 -5.2945e+03 -7.3080e+03 2.8836e+02 9.2097e+03
-3.0333e+06 1.1837e+02 -5.2629e+03 -7.2861e+03 2.8286e+02 9.2368e+03
-3.4185e+06 1.2185e+02 -5.2310e+03 -7.2634e+03 -2.0354e+02 9.2799e+03
-4.1961e+06 1.2482e+02 -5.1987e+03 -7.2400e+03 -9.7556e+02 9.4679e+03
-4.5883e+06 1.2764e+02 -5.1661e+03 -7.2160e+03 -1.3311e+03 9.7374e+03
-4.3454e+06 1.3066e+02 -5.1331e+03 -7.1912e+03 -1.1531e+03 9.9021e+03
-3.2763e+06 1.3399e+02 -5.0997e+03 -7.1658e+03 -8.4572e+02 9.9858e+03
-2.1785e+06 1.3753e+02 -5.0660e+03 -7.1396e+03 -4.0617e+02 1.0145e+04
-1.1470e+06 1.4160e+02 -5.0320e+03 -7.1128e+03 -1.2353e+03 9.6873e+03
-2.5044e+06 1.4656e+02 -4.9975e+03 -7.0852e+03 -3.0789e+03 9.4158e+03
3.3446e+06 1.7472e+02 -5.9488e+03 -7.6147e+03 -2.2090e+04 1.3190e+04
-1.7915e+06 1.7279e+02 -5.9254e+03 -7.6066e+03 -3.5010e+04 1.0865e+04
-4.1354e+06 1.7073e+02 -5.9016e+03 -7.5979e+03 -2.9484e+04 7.7506e+03
-3.6920e+06 1.6521e+02 -5.8776e+03 -7.5887e+03 -1.9949e+04 8.3003e+03
-1.2019e+06 1.5857e+02 -5.8532e+03 -7.5790e+03 -9.8449e+03 7.1171e+03
-1.6053e+06 1.5193e+02 -5.8285e+03 -7.5687e+03 -5.5223e+03 7.0728e+03
-5.1709e+06 1.4494e+02 -5.8035e+03 -7.5579e+03 -5.1898e+03 8.1031e+03
-4.2179e+06 1.3874e+02 -5.7781e+03 -7.5465e+03 -3.1312e+03 7.5990e+03
-2.3729e+06 1.3330e+02 -5.7524e+03 -7.5345e+03 -1.1613e+03 7.4948e+03
-3.0238e+06 1.2821e+02 -5.7264e+03 -7.5219e+03 -6.8612e+02 7.4885e+03
-3.3238e+06 1.2267e+02 -5.7000e+03 -7.5087e+03 -5.5641e+02 7.6257e+03
-3.4458e+06 1.1618e+02 -5.6734e+03 -7.4950e+03 -2.7621e+02 7.7934e+03
-3.0979e+06 1.1037e+02 -5.6463e+03 -7.4806e+03 7.4663e+00 7.8637e+03
-3.1663e+06 1.0729e+02 -5.6189e+03 -7.4656e+03 2.6479e+01 7.9270e+03
-3.6014e+06 1.0680e+02 -5.5912e+03 -7.4499e+03 -6.6694e+01 8.0633e+03
-3.7808e+06 1.0727e+02 -5.5632e+03 -7.4337e+03 -9.1825e+01 8.2152e+03
-3.7150e+06 1.0770e+02 -5.5348e+03 -7.4168e+03 -7.3940e+01 8.3538e+03
-3.4487e+06 1.0842e+02 -5.5060e+03 -7.3992e+03 -2.2638e+01 8.5101e+03
-3.1656e+06 1.1026e+02 -5.4769e+03 -7.3811e+03 1.0918e+02 8.6479e+03
-2.9782e+06 1.1326e+02 -5.4474e+03 -7.3622e+03 1.4187e+02 8.7649e+03
-3.1982e+06 1.1645e+02 -5.4176e+03 -7.3427e+03 4.0190e+01 8.9527e+03
-3.9283e+06 1.1889e+02 -5.3875e+03 -7.3225e+03 -1.5178e+01 9.1011e+03
-4.5236e+06 1.2083e+02 -5.3569e+03 -7.3017e+03 -2.3012e+02 9.0880e+03
-4.8833e+06 1.2329e+02 -5.3261e+03 -7.2801e+03 -5.8584e+02 9.1481e+03
-4.5565e+06 1.2624e+02 -5.2948e+03 -7.2579e+03 -5.9915e+02 9.3327e+03
-3.3881e+06 1.2891e+02 -5.2632e+03 -7.2350e+03 -4.9132e+02 9.4020e+03
-1.6211e+06 1.3123e+02 -5.2313e+03 -7.2114e+03 -2.2372e+02 9.5294e+03
-8.1283e+05 1.3354e+02 -5.1990e+03 -7.1871e+03 -1.2964e+01 9.6950e+03
-1.1935e+06 1.3644e+02 -5.1663e+03 -7.1622e+03 -6.8226e+02 9.5745e+03
-3.1790e+06 1.4039e+02 -5.1333e+03 -7.1365e+03 -2.5221e+03 9.4304e+03
-4.9126e+06 1.4470e+02 -5.0999e+03 -7.1101e+03 -4.7772e+03 9.3756e+03
-7.2030e+06 1.4839e+02 -5.0661e+03 -7.0830e+03 -7.4098e+03 8.5552e+03
-3.6936e+06 1.5110e+02 -5.0320e+03 -7.0553e+03 -8.7113e+03 8.2090e+03
3.7921e+05 1.5942e+02 -5.9711e+03 -7.5676e+03 2.0577e+05 8.2533e+04
3.4598e+06 1.5654e+02 -5.9500e+03 -7.5840e+03 8.2017e+04 2.5167e+04
3.8241e+06 1.5825e+02 -5.9265e+03 -7.5751e+03 -6.5478e+03 3.2401e+03
-9.8492e+05 1.6058e+02 -5.9028e+03 -7.5657e+03 -3.8827e+04 9.3371e+03
-4.0540e+06 1.6066e+02 -5.8787e+03 -7.5558e+03 -2.3210e+04 1.8018e+04
-1.8522e+06 1.5796e+02 -5.8542e+03 -7.5452e+03 1.3227e+03 1.2941e+04
1.8108e+06 1.5270e+02 -5.8295e+03 -7.5342e+03 3.8619e+03 4.9148e+03
-1.2188e+06 1.4673e+02 -5.8044e+03 -7.5225e+03 -2.4199e+03 7.7001e+03
-4.3084e+06 1.4074e+02 -5.7791e+03 -7.5103e+03 -2.6368e+03 7.1849e+03
-3.3057e+06 1.3507e+02 -5.7533e+03 -7.4975e+03 -1.7246e+03 7.5771e+03
-2.7720e+06 1.2958e+02 -5.7273e+03 -7.4841e+03 -7.9872e+02 7.7126e+03
-2.7583e+06 1.2366e+02 -5.7009e+03 -7.4701e+03 -3.2375e+02 7.7996e+03
-3.5124e+06 1.1841e+02 -5.6741e+03 -7.4554e+03 -4.2252e+02 7.8511e+03
-3.5894e+06 1.1560e+02 -5.6471e+03 -7.4402e+03 -2.9670e+02 8.0144e+03
-3.0433e+06 1.1529e+02 -5.6197e+03 -7.4243e+03 3.7795e+01 8.1646e+03
-2.9004e+06 1.1604e+02 -5.5919e+03 -7.4078e+03 2.3374e+02 8.2553e+03
-2.9664e+06 1.1683e+02 -5.5638e+03 -7.3907e+03 1.2046e+02 8.3438e+03
-3.3875e+06 1.1778e+02 -5.5354e+03 -7.3729e+03 -2.0132e+02 8.4250e+03
-3.8795e+06 1.1945e+02 -5.5066e+03 -7.3545e+03 -6.2676e+02 8.5540e+03
-4.1955e+06 1.2198e+02 -5.4774e+03 -7.3354e+03 -1.0011e+03 8.7666e+03
-3.9346e+06 1.2491e+02 -5.4479e+03 -7.3157e+03 -9.7469e+02 9.1250e+03
-3.1180e+06 1.2770e+02 -5.4181e+03 -7.2953e+03 -3.1449e+02 9.4480e+03
-2.1814e+06 1.3019e+02 -5.3879e+03 -7.2742e+03 4.5616e+02 9.5301e+03
-1.4110e+06 1.3273e+02 -5.3573e+03 -7.2524e+03 6.4166e+02 9.2871e+03
-1.6468e+06 1.3533e+02 -5.3264e+03 -7.2300e+03 -4.4630e+02 9.0698e+03
-3.4819e+06 1.3796e+02 -5.2951e+03 -7.2069e+03 -2.4103e+03 9.2652e+03
-6.1926e+06 1.4059e+02 -5.2635e+03 -7.1830e+03 -3.5877e+03 9.5909e+03
-7.6717e+06 1.4189e+02 -5.2315e+03 -7.1585e+03 -4.3849e+03 9.6613e+03
-6.6720e+06 1.4172e+02 -5.1992e+03 -7.1333e+03 -4.6462e+03 9.7287e+03
-3.7641e+06 1.4223e+02 -5.1665e+03 -7.1074e+03 -4.1624e+03 9.1062e+03
2.8007e+05 1.4282e+02 -5.1334e+03 -7.0809e+03 -4.5827e+03 8.3151e+03
4.1614e+06 1.4144e+02 -5.1000e+03 -7.0536e+03 4.5073e+03 1.4386e+04
1.7562e+06 1.3635e+02 -5.0662e+03 -7.0256e+03 3.3671e+04 2.1736e+04
-1.2290e+07 1.4454e+02 -5.7405e+03 -4.2160e+03 5.3661e+05 1.7547e+05
-8.0458e+06 1.3887e+02 -5.8874e+03 -6.4040e+03 3.9442e+05 1.2200e+05
3.2054e+05 1.3389e+02 -5.9511e+03 -7.5525e+03 2.2466e+05 8.0685e+04
3.9230e+06 1.3557e+02 -5.9276e+03 -7.5429e+03 7.8307e+04 3.3978e+04
4.2402e+06 1.4531e+02 -5.9038e+03 -7.5327e+03 -3.8815e+03 2.7139e+04
-9.9561e+05 1.5604e+02 -5.8797e+03 -7.5219e+03 -1.3774e+04 1.8299e+04
-5.9215e+06 1.5822e+02 -5.8552e+03 -7.5106e+03 -2.3167e+03 -3.8287e+03
-3.7797e+06 1.5371e+02 -5.8305e+03 -7.4988e+03 -4.2359e+03 5.7002e+03
-1.7454e+06 1.4816e+02 -5.8054e+03 -7.4863e+03 -4.3518e+03 7.7051e+03
-2.1971e+06 1.4258e+02 -5.7799e+03 -7.4732e+03 -2.6211e+03 7.3214e+03
-3.9349e+06 1.3748e+02 -5.7542e+03 -7.4596e+03 -2.7645e+03 7.7462e+03
-3.6861e+06 1.3253e+02 -5.7281e+03 -7.4454e+03 -1.7219e+03 8.2347e+03
-2.8080e+06 1.2814e+02 -5.7016e+03 -7.4305e+03 -3.7812e+02 8.2217e+03
-2.7635e+06 1.2571e+02 -5.6749e+03 -7.4150e+03 -6.5178e+01 7.9917e+03
-3.8332e+06 1.2578e+02 -5.6478e+03 -7.3989e+03 -5.6952e+02 8.1052e+03
-4.1008e+06 1.2723e+02 -5.6203e+03 -7.3822e+03 -9.8328e+02 8.3295e+03
-3.9025e+06 1.2858e+02 -5.5925e+03 -7.3649e+03 -1.0704e+03 8.6921e+03
-3.0896e+06 1.2971e+02 -5.5644e+03 -7.3469e+03 -5.9029e+02 9.0807e+03
-2.1852e+06 1.3120e+02 -5.5359e+03 -7.3282e+03 1.3679e+00 9.1695e+03
-1.5954e+06 1.3357e+02 -5.5071e+03 -7.3089e+03 -2.4303e+01 9.1720e+03
-2.1606e+06 1.3659e+02 -5.4779e+03 -7.2889e+03 -1.1519e+03 9.1579e+03
-3.8897e+06 1.3962e+02 -5.4483e+03 -7.2683e+03 -3.2937e+03 9.2014e+03
-5.7390e+06 1.4230e+02 -5.4185e+03 -7.2470e+03 -6.8622e+03 8.7001e+03
-6.9786e+06 1.4430e+02 -5.3882e+03 -7.2250e+03 -1.1419e+04 8.4872e+03
-6.3175e+06 1.4467e+02 -5.3576e+03 -7.2023e+03 -1.4654e+04 9.7662e+03
-3.3861e+06 1.4405e+02 -5.3267e+03 -7.1789e+03 -1.4706e+04 1.0937e+04
6.7737e+05 1.4293e+02 -5.2953e+03 -7.1549e+03 -1.2093e+04 1.1696e+04
3.8545e+06 1.3914e+02 -5.2637e+03 -7.1302e+03 -2.1429e+03 1.6692e+04
4.1653e+06 1.3173e+02 -5.2317e+03 -7.1048e+03 2.4190e+04 2.4650e+04
1.2605e+06 1.2414e+02 -5.1993e+03 -7.0787e+03 6.6162e+04 2.2881e+04
-7.8187e+05 1.1623e+02 -5.1665e+03 -7.0518e+03 1.0925e+05 1.3788e+04
-1.2357e+06 1.1030e+02 -5.1334e+03 -7.0243e+03 1.6774e+05 2.7110e+04
-4.7270e+06 1.0563e+02 -4.5571e+03 -6.6411e+03 2.2661e+05 4.6707e+04
-6.8371e+06 1.3841e+02 -5.3953e+03 3.3990e+02 6.7389e+05 1.8990e+05
-1.1231e+07 1.3258e+02 -5.5539e+03 -1.8253e+03 6.3719e+05 1.9423e+05
-1.1808e+07 1.1739e+02 -5.7071e+03 -4.0111e+03 5.4357e+05 1.7640e+05
-8.7753e+06 1.0559e+02 -5.8548e+03 -6.2148e+03 3.9258e+05 1.2782e+05
-7.4154e+05 1.1151e+02 -5.9286e+03 -7.5098e+03 2.1297e+05 9.4882e+04
2.7185e+06 1.3010e+02 -5.9048e+03 -7.4989e+03 7.1410e+04 3.6191e+04
1.4579e+06 1.4333e+02 -5.8806e+03 -7.4873e+03 -1.4580e+03 -1.3147e+04
-4.7861e+05 1.4874e+02 -5.8561e+03 -7.4752e+03 -2.3926e+04 5.1478e+02
-5.5217e+06 1.5116e+02 -5.8313e+03 -7.4625e+03 -1.8238e+04 9.4523e+03
-4.4548e+06 1.4987e+02 -5.8062e+03 -7.4492e+03 -8.7388e+03 7.8698e+03
-1.5624e+06 1.4636e+02 -5.7807e+03 -7.4354e+03 -4.0468e+03 7.8018e+03
-2.0436e+06 1.4220e+02 -5.7549e+03 -7.4209e+03 -2.6644e+03 7.7928e+03
-3.9097e+06 1.3851e+02 -5.7288e+03 -7.4058e+03 -2.8067e+03 7.6147e+03
-4.0678e+06 1.3685e+02 -5.7023e+03 -7.3901e+03 -1.7686e+03 8.0575e+03
-2.3427e+06 1.3799e+02 -5.6755e+03 -7.3738e+03 -9.9012e+01 8.3355e+03
-1.7030e+06 1.4095e+02 -5.6484e+03 -7.3568e+03 5.6738e+02 8.5142e+03
-1.9014e+06 1.4396e+02 -5.6209e+03 -7.3392e+03 1.5050e+02 9.3139e+03
-3.4056e+06 1.4644e+02 -5.5930e+03 -7.3210e+03 -9.5986e+02 9.2956e+03
-4.9983e+06 1.4796e+02 -5.5649e+03 -7.3021e+03 -4.8528e+03 9.0001e+03
-6.3271e+06 1.4918e+02 -5.5363e+03 -7.2826e+03 -1.0623e+04 8.8440e+03
-6.0584e+06 1.5024e+02 -5.5075e+03 -7.2624e+03 -1.5383e+04 1.0280e+04
-3.2229e+06 1.4999e+02 -5.4782e+03 -7.2415e+03 -1.7102e+04 1.2341e+04
-9.0331e+04 1.4813e+02 -5.4487e+03 -7.2200e+03 -1.7717e+04 1.1881e+04
2.7785e+06 1.4469e+02 -5.4187e+03 -7.1978e+03 -1.4675e+04 1.4743e+04
3.4508e+06 1.3825e+02 -5.3885e+03 -7.1749e+03 4.0604e+03 2.6095e+04
1.5101e+06 1.2976e+02 -5.3578e+03 -7.1513e+03 4.2409e+04 2.9593e+04
2.1868e+05 1.2122e+02 -5.3268e+03 -7.1270e+03 8.9284e+04 2.4446e+04
-8.5183e+05 1.1257e+02 -5.2955e+03 -7.1021e+03 1.4347e+05 3.0580e+04
-4.1962e+06 1.0181e+02 -4.9332e+03 -6.8605e+03 2.0214e+05 4.6526e+04
-6.7018e+06 9.2046e+01 -4.2059e+03 -6.3817e+03 2.6218e+05 4.6618e+04
-1.1085e+07 8.5978e+01 -3.4743e+03 -5.9021e+03 3.1282e+05 3.4409e+04
-1.1692e+07 8.8716e+01 -2.7213e+03 -5.4112e+03 3.6439e+05 4.1615e+04
-1.8548e+07 9.3303e+01 -1.9424e+03 -4.9062e+03 3.7964e+05 5.4931e+04
