  1    1089
-2.7509e+07 3.4610e+01 2.5228e+03 -2.2774e+03 -3.6288e+04 -2.8995e+04
-1.0703e+07 3.5618e+01 2.4831e+03 -2.3210e+03 -1.5987e+04 -8.8182e+03
1.0797e+07 3.7046e+01 2.4414e+03 -2.3651e+03 -1.4777e+03 -2.7288e+03
1.9569e+07 3.8233e+01 2.3978e+03 -2.4096e+03 1.4282e+03 -1.9196e+03
9.5355e+06 3.8520e+01 2.3521e+03 -2.4545e+03 4.8516e+02 -1.7232e+03
5.1104e+06 3.8226e+01 2.3042e+03 -2.4998e+03 -3.9206e+02 -1.7329e+03
-3.3540e+05 3.7985e+01 2.2541e+03 -2.5454e+03 -4.6412e+02 -1.7111e+03
-1.0871e+06 3.7594e+01 2.2017e+03 -2.5912e+03 -2.1126e+02 -1.6988e+03
-1.2004e+06 3.7131e+01 2.1470e+03 -2.6371e+03 -3.3706e+00 -1.7150e+03
-2.1405e+06 3.6915e+01 2.0897e+03 -2.6830e+03 5.3394e+01 -1.7235e+03
-3.3771e+06 3.6811e+01 2.0299e+03 -2.7289e+03 -8.9411e+01 -1.7174e+03
-4.3217e+06 3.6674e+01 1.9676e+03 -2.7746e+03 -1.3257e+02 -1.7107e+03
-4.7014e+06 3.6532e+01 1.9025e+03 -2.8200e+03 -9.4627e+01 -1.7073e+03
-4.8612e+06 3.6440e+01 1.8348e+03 -2.8649e+03 -3.4501e+01 -1.7016e+03
-4.9405e+06 3.6387e+01 1.7643e+03 -2.9092e+03 -2.7806e+01 -1.6996e+03
-4.9377e+06 3.6356e+01 1.6911e+03 -2.9528e+03 -1.1409e+01 -1.6963e+03
-4.9104e+06 3.6338e+01 1.6150e+03 -2.9955e+03 -1.5050e+01 -1.6937e+03
-4.8392e+06 3.6331e+01 1.5362e+03 -3.0371e+03 -2.1857e+01 -1.6908e+03
-4.6649e+06 3.6327e+01 1.4546e+03 -3.0774e+03 -3.3723e+01 -1.6878e+03
-4.3477e+06 3.6409e+01 1.3704e+03 -3.1162e+03 -3.0840e+01 -1.6844e+03
-3.9525e+06 3.4561e+01 1.2834e+03 -3.1534e+03 -3.6382e+01 -1.6826e+03
-3.3245e+06 3.2700e+01 1.1940e+03 -3.1888e+03 2.3742e+01 -1.6804e+03
-2.6892e+06 3.4710e+01 1.1020e+03 -3.2222e+03 1.1692e+02 -1.6764e+03
-3.0674e+06 3.6472e+01 1.0078e+03 -3.2533e+03 5.1219e+01 -1.6718e+03
-4.0230e+06 3.6309e+01 9.1134e+02 -3.2821e+03 -6.8217e+01 -1.6686e+03
-4.4404e+06 3.6313e+01 8.1293e+02 -3.3083e+03 -5.1249e+01 -1.6657e+03
-4.5383e+06 3.5896e+01 7.1274e+02 -3.3317e+03 -1.3979e+00 -1.6618e+03
-4.6743e+06 3.4260e+01 6.1098e+02 -3.3523e+03 6.8136e+00 -1.6589e+03
-4.9085e+06 3.1746e+01 5.0789e+02 -3.3699e+03 -2.9388e+00 -1.6558e+03
-5.0786e+06 2.9470e+01 4.0374e+02 -3.3844e+03 -7.5310e+00 -1.6520e+03
-5.2197e+06 2.7659e+01 2.9878e+02 -3.3958e+03 -1.2612e+01 -1.6477e+03
-5.2607e+06 2.6555e+01 1.9331e+02 -3.4039e+03 -1.5548e+01 -1.6448e+03
-5.2624e+06 2.6254e+01 8.7610e+01 -3.4087e+03 -1.6074e+01 -1.6438e+03
-2.8246e+07 3.8784e+01 2.7704e+03 -2.6791e+03 -1.6636e+05 -1.9810e+05
-2.1320e+07 4.3406e+01 2.5234e+03 -2.2875e+03 -1.3420e+05 -1.0932e+05
-9.2081e+06 4.2468e+01 2.4824e+03 -2.3322e+03 -6.0956e+04 -2.8664e+04
3.1921e+06 3.8709e+01 2.4394e+03 -2.3774e+03 -4.0557e+03 -2.4824e+03
1.7318e+07 3.6913e+01 2.3942e+03 -2.4231e+03 2.1600e+03 -1.4828e+03
7.6167e+06 3.6740e+01 2.3469e+03 -2.4693e+03 3.7534e+02 -1.5899e+03
6.6323e+06 3.7302e+01 2.2973e+03 -2.5159e+03 1.5006e+02 -1.6420e+03
8.6933e+05 3.7951e+01 2.2452e+03 -2.5627e+03 -3.9280e+02 -1.6880e+03
7.2518e+05 3.7729e+01 2.1907e+03 -2.6098e+03 -3.7734e+01 -1.6736e+03
-1.1058e+06 3.7154e+01 2.1337e+03 -2.6570e+03 2.4173e+01 -1.6771e+03
-1.3941e+06 3.6921e+01 2.0740e+03 -2.7042e+03 1.0105e+02 -1.6684e+03
-3.8710e+06 3.6808e+01 2.0115e+03 -2.7513e+03 -1.3197e+02 -1.6670e+03
-4.0424e+06 3.6655e+01 1.9463e+03 -2.7981e+03 -1.0609e+02 -1.6678e+03
-5.0809e+06 3.6512e+01 1.8782e+03 -2.8446e+03 -1.0439e+02 -1.6630e+03
-4.6156e+06 3.6426e+01 1.8073e+03 -2.8906e+03 -9.7172e+00 -1.6594e+03
-5.1110e+06 3.6373e+01 1.7333e+03 -2.9359e+03 -4.2586e+01 -1.6561e+03
-4.6325e+06 3.6345e+01 1.6565e+03 -2.9803e+03 3.0959e+00 -1.6541e+03
-4.8272e+06 3.6332e+01 1.5766e+03 -3.0237e+03 -4.8167e+01 -1.6518e+03
-4.0969e+06 3.6269e+01 1.4938e+03 -3.0659e+03 -6.6911e+00 -1.6486e+03
-3.5766e+06 3.5636e+01 1.4081e+03 -3.1066e+03 1.6343e+01 -1.6467e+03
-2.9350e+06 3.2625e+01 1.3195e+03 -3.1456e+03 2.1750e+01 -1.6443e+03
-2.9127e+06 3.0193e+01 1.2281e+03 -3.1828e+03 -1.9082e+01 -1.6397e+03
-2.1647e+06 3.2687e+01 1.1341e+03 -3.2179e+03 1.0408e+02 -1.6366e+03
-2.2672e+06 3.5718e+01 1.0375e+03 -3.2507e+03 1.0262e+02 -1.6338e+03
-3.2602e+06 3.6297e+01 9.3860e+02 -3.2810e+03 -3.9007e+01 -1.6280e+03
-4.2817e+06 3.6326e+01 8.3749e+02 -3.3087e+03 -9.0157e+01 -1.6248e+03
-4.5582e+06 3.5670e+01 7.3441e+02 -3.3335e+03 -2.6688e+01 -1.6227e+03
-4.8723e+06 3.3131e+01 6.2959e+02 -3.3553e+03 -6.3999e+00 -1.6198e+03
-5.0755e+06 2.9599e+01 5.2331e+02 -3.3739e+03 -9.7892e+00 -1.6162e+03
-5.3085e+06 2.7325e+01 4.1584e+02 -3.3892e+03 -1.7515e+01 -1.6119e+03
-5.3286e+06 2.6478e+01 3.0748e+02 -3.4012e+03 -1.5031e+01 -1.6086e+03
-5.3667e+06 2.6268e+01 1.9853e+02 -3.4097e+03 -1.5935e+01 -1.6024e+03
-5.2810e+06 2.6396e+01 8.9310e+01 -3.4148e+03 -1.1708e+01 -1.5941e+03
-3.7290e+07 3.7737e+01 4.3919e+03 -5.8201e+03 -3.0732e+05 -3.2650e+05
-5.4145e+06 4.8431e+01 3.6998e+03 -4.6399e+03 -3.1870e+05 -1.8879e+05
-1.2671e+07 4.8663e+01 2.5241e+03 -2.2970e+03 -1.9618e+05 -6.4796e+04
-2.3055e+07 4.0338e+01 2.4817e+03 -2.3429e+03 -4.0389e+04 -1.5587e+04
1.8792e+07 3.4880e+01 2.4372e+03 -2.3894e+03 1.2298e+03 -1.6972e+03
4.0645e+06 3.3448e+01 2.3905e+03 -2.4365e+03 7.6742e+02 -1.4693e+03
1.4843e+07 3.3926e+01 2.3414e+03 -2.4840e+03 1.0490e+03 -1.5674e+03
-1.7601e+06 3.6368e+01 2.2898e+03 -2.5319e+03 -2.1492e+02 -1.6227e+03
6.3889e+06 3.8112e+01 2.2357e+03 -2.5801e+03 -8.9370e+01 -1.6296e+03
-3.7972e+06 3.7757e+01 2.1789e+03 -2.6285e+03 -2.1586e+02 -1.6148e+03
2.7988e+06 3.7111e+01 2.1194e+03 -2.6771e+03 1.7100e+02 -1.5981e+03
-5.0292e+06 3.6891e+01 2.0570e+03 -2.7256e+03 -3.8694e+01 -1.5961e+03
-1.3318e+06 3.6770e+01 1.9916e+03 -2.7741e+03 -4.6137e+01 -1.5937e+03
-6.5695e+06 3.6609e+01 1.9233e+03 -2.8222e+03 -1.8856e+02 -1.5969e+03
-3.1644e+06 3.6480e+01 1.8519e+03 -2.8699e+03 -1.0586e+01 -1.5898e+03
-6.1872e+06 3.6397e+01 1.7774e+03 -2.9170e+03 -7.8428e+01 -1.5880e+03
-3.5977e+06 3.6357e+01 1.6997e+03 -2.9632e+03 1.6447e+01 -1.5845e+03
-5.3535e+06 3.6330e+01 1.6189e+03 -3.0085e+03 -7.4746e+01 -1.5833e+03
-2.9335e+06 3.5963e+01 1.5348e+03 -3.0526e+03 1.7861e+01 -1.5790e+03
-3.1749e+06 3.3979e+01 1.4477e+03 -3.0952e+03 4.9495e+01 -1.5777e+03
-1.5909e+06 3.0219e+01 1.3574e+03 -3.1362e+03 7.7580e+01 -1.5748e+03
-3.0118e+06 2.7836e+01 1.2641e+03 -3.1753e+03 -9.1018e+01 -1.5698e+03
-1.9634e+06 3.0055e+01 1.1680e+03 -3.2123e+03 -2.4537e+00 -1.5673e+03
-1.8052e+06 3.4356e+01 1.0690e+03 -3.2470e+03 1.3202e+02 -1.5671e+03
-1.8128e+06 3.6249e+01 9.6749e+02 -3.2790e+03 8.4757e+01 -1.5614e+03
-3.7730e+06 3.6314e+01 8.6354e+02 -3.3083e+03 -6.7509e+01 -1.5592e+03
-4.4231e+06 3.4938e+01 7.5743e+02 -3.3346e+03 -6.0648e+01 -1.5584e+03
-5.1671e+06 3.1139e+01 6.4940e+02 -3.3577e+03 -3.6941e+01 -1.5547e+03
-5.1647e+06 2.7623e+01 5.3973e+02 -3.3774e+03 -1.6970e+01 -1.5490e+03
-5.4673e+06 2.6395e+01 4.2874e+02 -3.3937e+03 -1.9800e+01 -1.5453e+03
-5.3390e+06 2.6283e+01 3.1675e+02 -3.4063e+03 -1.3206e+01 -1.5430e+03
-5.4325e+06 2.6348e+01 2.0409e+02 -3.4153e+03 -2.4190e+01 -1.5435e+03
-5.2472e+06 2.7030e+01 9.1122e+01 -3.4206e+03 -1.6609e+01 -1.5391e+03
-4.5642e+07 3.5635e+01 6.1026e+03 -8.8943e+03 -3.8105e+05 -2.4629e+05
-3.0091e+07 4.3736e+01 4.7707e+03 -6.5827e+03 -4.3209e+05 -1.2237e+05
-2.0142e+07 4.7773e+01 3.1798e+03 -3.5467e+03 -3.2728e+05 -5.0489e+04
-5.1126e+07 4.2353e+01 2.5247e+03 -2.3060e+03 -1.1551e+05 -1.7683e+04
-1.7044e+07 3.5154e+01 2.4810e+03 -2.3533e+03 -7.7182e+03 -2.5588e+03
-1.6460e+06 3.1598e+01 2.4349e+03 -2.4012e+03 5.5444e+02 -1.5723e+03
7.5274e+06 3.0934e+01 2.3865e+03 -2.4496e+03 7.7322e+02 -1.5685e+03
7.8379e+06 3.3166e+01 2.3354e+03 -2.4985e+03 8.6165e+02 -1.5440e+03
4.5288e+06 3.6626e+01 2.2818e+03 -2.5479e+03 1.3332e+02 -1.5821e+03
1.0309e+06 3.8151e+01 2.2254e+03 -2.5976e+03 -2.4488e+02 -1.5710e+03
1.9492e+05 3.7659e+01 2.1661e+03 -2.6475e+03 -1.0886e+02 -1.5541e+03
-1.3302e+06 3.7019e+01 2.1039e+03 -2.6976e+03 7.3317e+01 -1.5416e+03
-2.4311e+06 3.6827e+01 2.0385e+03 -2.7476e+03 2.8895e+01 -1.5309e+03
-4.3489e+06 3.6697e+01 1.9700e+03 -2.7974e+03 -1.3467e+02 -1.5410e+03
-4.5086e+06 3.6544e+01 1.8983e+03 -2.8469e+03 -9.5018e+01 -1.5395e+03
-4.9778e+06 3.6432e+01 1.8233e+03 -2.8958e+03 -6.2250e+01 -1.5359e+03
-4.4572e+06 3.6369e+01 1.7449e+03 -2.9440e+03 -2.4072e+01 -1.5318e+03
-4.2788e+06 3.6322e+01 1.6631e+03 -2.9913e+03 -4.7251e+01 -1.5309e+03
-3.0238e+06 3.5497e+01 1.5779e+03 -3.0374e+03 5.8050e+00 -1.5267e+03
-2.0144e+06 3.3096e+01 1.4893e+03 -3.0822e+03 7.1096e+01 -1.5243e+03
-1.4322e+06 2.9806e+01 1.3974e+03 -3.1252e+03 7.4292e+01 -1.5221e+03
-2.3639e+06 2.7187e+01 1.3022e+03 -3.1664e+03 -9.7891e+01 -1.5179e+03
-2.1586e+06 2.8818e+01 1.2038e+03 -3.2055e+03 -6.8228e+01 -1.5152e+03
-9.4813e+05 3.3869e+01 1.1024e+03 -3.2421e+03 1.7818e+02 -1.5153e+03
-8.1958e+05 3.6303e+01 9.9814e+02 -3.2760e+03 2.0872e+02 -1.5108e+03
-2.8589e+06 3.6291e+01 8.9123e+02 -3.3070e+03 -1.0159e+01 -1.5078e+03
-4.4641e+06 3.4149e+01 7.8193e+02 -3.3349e+03 -9.5843e+01 -1.5072e+03
-5.1977e+06 2.9428e+01 6.7049e+02 -3.3594e+03 -5.8519e+01 -1.5037e+03
-5.2962e+06 2.6588e+01 5.5724e+02 -3.3804e+03 -2.4231e+01 -1.4983e+03
-5.4297e+06 2.6281e+01 4.4251e+02 -3.3977e+03 -1.5527e+01 -1.4956e+03
-5.3869e+06 2.6266e+01 3.2665e+02 -3.4111e+03 -2.0086e+01 -1.4933e+03
-5.3933e+06 2.6758e+01 2.1004e+02 -3.4207e+03 -2.9395e+01 -1.4929e+03
-5.1990e+06 2.8550e+01 9.3060e+01 -3.4262e+03 -1.6767e+01 -1.4871e+03
-2.1640e+07 4.0798e+01 7.2947e+03 -1.0739e+04 -4.3305e+05 -1.3046e+05
-4.5353e+07 3.7898e+01 5.5418e+03 -7.7779e+03 -4.6380e+05 -7.2245e+04
-2.8286e+07 4.1697e+01 3.8809e+03 -4.7775e+03 -4.0994e+05 -7.8587e+04
-4.1493e+07 4.3449e+01 2.5684e+03 -2.2667e+03 -2.3992e+05 -6.8218e+04
-5.0891e+07 3.8382e+01 2.5255e+03 -2.3146e+03 -6.7083e+04 -2.7062e+04
-1.3605e+07 3.3480e+01 2.4802e+03 -2.3633e+03 -5.5006e+03 -2.6043e+03
-7.5568e+06 3.1659e+01 2.4325e+03 -2.4126e+03 -1.7159e+02 -1.5196e+03
6.0834e+06 3.1869e+01 2.3821e+03 -2.4626e+03 8.2991e+02 -1.5050e+03
5.5077e+06 3.3923e+01 2.3290e+03 -2.5131e+03 7.5988e+02 -1.4981e+03
5.3207e+06 3.6860e+01 2.2731e+03 -2.5640e+03 1.4928e+02 -1.5274e+03
-5.9912e+05 3.8112e+01 2.2142e+03 -2.6153e+03 -3.2380e+02 -1.5048e+03
2.7600e+05 3.7489e+01 2.1522e+03 -2.6669e+03 -7.7785e+01 -1.4889e+03
-2.6379e+06 3.6889e+01 2.0870e+03 -2.7185e+03 8.9814e+01 -1.4755e+03
-2.6431e+06 3.6736e+01 2.0185e+03 -2.7700e+03 4.5115e+00 -1.4757e+03
-5.1471e+06 3.6607e+01 1.9465e+03 -2.8213e+03 -1.3246e+02 -1.4850e+03
-4.2607e+06 3.6474e+01 1.8711e+03 -2.8722e+03 -7.0321e+01 -1.4816e+03
-4.9886e+06 3.6384e+01 1.7920e+03 -2.9225e+03 -5.2162e+01 -1.4780e+03
-3.3956e+06 3.6317e+01 1.7094e+03 -2.9719e+03 -5.9951e+00 -1.4770e+03
-2.8969e+06 3.5259e+01 1.6230e+03 -3.0202e+03 2.8308e+01 -1.4742e+03
-1.1704e+06 3.3149e+01 1.5331e+03 -3.0671e+03 9.5147e+01 -1.4713e+03
-1.4084e+06 3.0971e+01 1.4395e+03 -3.1125e+03 7.6295e+01 -1.4696e+03
-1.6371e+06 2.8428e+01 1.3423e+03 -3.1559e+03 -4.1312e+01 -1.4665e+03
-2.0993e+06 2.8618e+01 1.2417e+03 -3.1971e+03 -5.3850e+01 -1.4637e+03
-5.0489e+05 3.2761e+01 1.1378e+03 -3.2359e+03 1.9451e+02 -1.4626e+03
-5.8617e+05 3.5738e+01 1.0307e+03 -3.2719e+03 2.4495e+02 -1.4591e+03
-2.3682e+06 3.6282e+01 9.2071e+02 -3.3048e+03 8.1646e+00 -1.4546e+03
-4.5172e+06 3.4349e+01 8.0805e+02 -3.3345e+03 -1.1886e+02 -1.4536e+03
-5.0285e+06 3.0066e+01 6.9302e+02 -3.3606e+03 -5.8499e+01 -1.4511e+03
-5.3245e+06 2.7276e+01 5.7596e+02 -3.3829e+03 -2.1102e+01 -1.4469e+03
-5.2893e+06 2.6512e+01 4.5724e+02 -3.4013e+03 -1.8872e+01 -1.4447e+03
-5.4213e+06 2.6618e+01 3.3725e+02 -3.4157e+03 -3.4171e+01 -1.4423e+03
-5.2254e+06 2.8183e+01 2.1641e+02 -3.4258e+03 -3.1803e+01 -1.4421e+03
-5.0848e+06 3.0520e+01 9.5136e+01 -3.4316e+03 -1.0463e+01 -1.4388e+03
-2.5889e+07 4.7977e+01 8.1864e+03 -1.1862e+04 -4.5832e+05 -9.2065e+04
-4.2574e+07 3.8855e+01 6.3769e+03 -8.9796e+03 -4.6288e+05 -1.1800e+05
-4.2312e+07 3.7076e+01 5.0075e+03 -6.7243e+03 -4.4444e+05 -1.6091e+05
-2.1229e+07 4.1044e+01 3.7114e+03 -4.4350e+03 -3.7385e+05 -1.5758e+05
-4.3321e+07 4.0814e+01 2.5706e+03 -2.2733e+03 -2.1315e+05 -9.3733e+04
-5.1369e+07 3.7367e+01 2.5262e+03 -2.3227e+03 -6.3152e+04 -2.6157e+04
-1.7325e+07 3.4636e+01 2.4793e+03 -2.3729e+03 -5.8077e+03 -2.3359e+03
-4.5787e+06 3.3416e+01 2.4298e+03 -2.4239e+03 2.5001e+02 -1.4147e+03
6.9876e+06 3.2539e+01 2.3774e+03 -2.4755e+03 1.0444e+03 -1.4447e+03
6.4080e+06 3.3479e+01 2.3221e+03 -2.5276e+03 8.2911e+02 -1.4437e+03
3.4257e+06 3.6715e+01 2.2637e+03 -2.5803e+03 -1.0133e+02 -1.4347e+03
-1.3854e+06 3.8050e+01 2.2021e+03 -2.6333e+03 -3.4936e+02 -1.4429e+03
-1.0962e+06 3.7232e+01 2.1372e+03 -2.6866e+03 -1.6858e+01 -1.4354e+03
-3.3153e+06 3.6763e+01 2.0687e+03 -2.7399e+03 8.6620e+01 -1.4126e+03
-3.8442e+06 3.6643e+01 1.9966e+03 -2.7931e+03 -6.5766e+01 -1.4205e+03
-5.1301e+06 3.6511e+01 1.9209e+03 -2.8460e+03 -1.0672e+02 -1.4277e+03
-4.2648e+06 3.6403e+01 1.8413e+03 -2.8984e+03 -5.1106e+01 -1.4249e+03
-3.7992e+06 3.6323e+01 1.7578e+03 -2.9500e+03 6.4400e+00 -1.4222e+03
-2.1036e+06 3.5484e+01 1.6705e+03 -3.0007e+03 6.8160e+01 -1.4209e+03
-1.5294e+06 3.3686e+01 1.5791e+03 -3.0500e+03 1.0066e+02 -1.4186e+03
-9.7963e+05 3.2182e+01 1.4839e+03 -3.0977e+03 1.0169e+02 -1.4170e+03
-1.7388e+06 3.0765e+01 1.3848e+03 -3.1435e+03 2.1705e+01 -1.4145e+03
-1.8134e+06 2.9964e+01 1.2819e+03 -3.1872e+03 -1.7638e+01 -1.4099e+03
-1.1702e+06 3.1938e+01 1.1754e+03 -3.2283e+03 1.5806e+02 -1.4074e+03
-7.0798e+05 3.5007e+01 1.0654e+03 -3.2665e+03 2.3545e+02 -1.4068e+03
-2.5478e+06 3.6277e+01 9.5214e+02 -3.3016e+03 2.7904e+01 -1.4032e+03
-4.2421e+06 3.5322e+01 8.3595e+02 -3.3332e+03 -1.0508e+02 -1.4008e+03
-4.9781e+06 3.2702e+01 7.1712e+02 -3.3610e+03 -4.8065e+01 -1.3986e+03
-5.0167e+06 3.0140e+01 5.9601e+02 -3.3849e+03 -8.4995e+00 -1.3944e+03
-5.2113e+06 2.8823e+01 4.7304e+02 -3.4046e+03 -1.8561e+01 -1.3911e+03
-5.1435e+06 2.9381e+01 3.4863e+02 -3.4198e+03 -3.0851e+01 -1.3891e+03
-5.0600e+06 3.1463e+01 2.2324e+02 -3.4306e+03 -2.2003e+01 -1.3884e+03
-4.8065e+06 3.2944e+01 9.7365e+01 -3.4368e+03 -1.6991e-02 -1.3841e+03
9.5236e+04 5.0774e+01 9.3004e+03 -1.3237e+04 -4.2171e+05 -1.2819e+05
-3.6939e+07 4.4197e+01 7.7717e+03 -1.1064e+04 -4.5020e+05 -1.7759e+05
-3.6399e+07 3.6727e+01 6.3264e+03 -8.8533e+03 -4.4586e+05 -1.9095e+05
-4.1955e+07 3.5404e+01 4.9552e+03 -6.6072e+03 -4.3681e+05 -1.8810e+05
-1.1993e+07 3.8298e+01 3.6597e+03 -4.3264e+03 -3.6421e+05 -1.5974e+05
-3.9998e+07 3.9775e+01 2.5730e+03 -2.2793e+03 -2.0590e+05 -9.0376e+04
-4.8722e+07 3.7994e+01 2.5271e+03 -2.3303e+03 -6.0620e+04 -2.4918e+04
-1.9954e+07 3.5568e+01 2.4784e+03 -2.3822e+03 -5.9907e+03 -2.2893e+03
-1.6299e+06 3.2382e+01 2.4269e+03 -2.4349e+03 3.1783e+02 -1.3604e+03
8.6314e+06 3.0333e+01 2.3723e+03 -2.4883e+03 1.1899e+03 -1.3499e+03
5.4725e+06 3.3761e+01 2.3146e+03 -2.5423e+03 5.5342e+02 -1.3342e+03
4.2151e+05 3.7729e+01 2.2535e+03 -2.5968e+03 -3.7581e+02 -1.3817e+03
-2.4097e+06 3.7755e+01 2.1889e+03 -2.6517e+03 -2.3913e+02 -1.4043e+03
-2.8168e+06 3.6881e+01 2.1207e+03 -2.7068e+03 1.0764e+01 -1.3748e+03
-4.2469e+06 3.6652e+01 2.0487e+03 -2.7620e+03 3.9741e+00 -1.3581e+03
-4.6899e+06 3.6529e+01 1.9727e+03 -2.8170e+03 -1.0853e+02 -1.3714e+03
-4.7963e+06 3.6419e+01 1.8927e+03 -2.8716e+03 -5.9267e+01 -1.3720e+03
-3.7734e+06 3.6344e+01 1.8086e+03 -2.9256e+03 -2.0414e+01 -1.3684e+03
-2.8142e+06 3.6024e+01 1.7202e+03 -2.9786e+03 5.1790e+01 -1.3668e+03
-1.8317e+06 3.4998e+01 1.6277e+03 -3.0304e+03 8.3076e+01 -1.3644e+03
-1.7673e+06 3.3914e+01 1.5308e+03 -3.0808e+03 1.0051e+02 -1.3628e+03
-2.1590e+06 3.3719e+01 1.4298e+03 -3.1292e+03 1.6953e+01 -1.3616e+03
-2.7267e+06 3.3897e+01 1.3246e+03 -3.1754e+03 -3.6112e+01 -1.3570e+03
-2.1601e+06 3.4469e+01 1.2154e+03 -3.2190e+03 6.4612e+01 -1.3533e+03
-1.7911e+06 3.5622e+01 1.1023e+03 -3.2597e+03 1.7870e+02 -1.3537e+03
-2.6883e+06 3.6275e+01 9.8573e+02 -3.2971e+03 6.2006e+01 -1.3514e+03
-4.1731e+06 3.6082e+01 8.6582e+02 -3.3309e+03 -5.7427e+01 -1.3482e+03
-4.7016e+06 3.5066e+01 7.4296e+02 -3.3607e+03 -3.5449e+01 -1.3465e+03
-4.8634e+06 3.3701e+01 6.1754e+02 -3.3863e+03 2.8507e+00 -1.3431e+03
-4.8555e+06 3.3186e+01 4.9002e+02 -3.4073e+03 8.8280e-02 -1.3400e+03
-4.8620e+06 3.3910e+01 3.6087e+02 -3.4237e+03 -4.2089e+00 -1.3379e+03
-4.7044e+06 3.5019e+01 2.3061e+02 -3.4352e+03 -1.7253e+00 -1.3393e+03
-4.6189e+06 3.5434e+01 9.9766e+01 -3.4418e+03 1.1036e+01 -1.3367e+03
7.9629e+06 4.9768e+01 1.0874e+04 -1.5211e+04 -3.0931e+05 -1.3123e+05
-1.2852e+07 4.9727e+01 9.2593e+03 -1.3087e+04 -4.1518e+05 -1.8372e+05
-2.8190e+07 4.2668e+01 7.7266e+03 -1.0925e+04 -4.4398e+05 -1.9305e+05
-3.5595e+07 3.4862e+01 6.2777e+03 -8.7253e+03 -4.4666e+05 -1.9154e+05
-4.2557e+07 3.3916e+01 4.9043e+03 -6.4894e+03 -4.3638e+05 -1.8657e+05
-2.0265e+07 3.7982e+01 3.6091e+03 -4.2180e+03 -3.6120e+05 -1.4917e+05
-3.6692e+07 3.9850e+01 2.5756e+03 -2.2847e+03 -1.9426e+05 -7.6093e+04
-4.1410e+07 3.7479e+01 2.5279e+03 -2.3375e+03 -4.8776e+04 -1.8859e+04
-7.5977e+06 3.3217e+01 2.4774e+03 -2.3912e+03 -2.4401e+03 -1.4201e+03
1.6716e+06 3.0460e+01 2.4238e+03 -2.4457e+03 1.0074e+03 -1.2469e+03
1.0119e+07 3.2491e+01 2.3668e+03 -2.5011e+03 9.9403e+02 -1.2999e+03
-6.7648e+04 3.6595e+01 2.3064e+03 -2.5571e+03 -6.9173e+01 -1.2845e+03
-7.6740e+05 3.7760e+01 2.2424e+03 -2.6136e+03 -3.1899e+02 -1.3506e+03
-4.9285e+06 3.7026e+01 2.1745e+03 -2.6706e+03 -1.3731e+02 -1.3450e+03
-3.1548e+06 3.6659e+01 2.1027e+03 -2.7277e+03 5.7937e+00 -1.3136e+03
-5.8002e+06 3.6526e+01 2.0267e+03 -2.7848e+03 -9.3195e+01 -1.3152e+03
-4.1140e+06 3.6423e+01 1.9464e+03 -2.8418e+03 -5.5189e+01 -1.3177e+03
-5.1619e+06 3.6365e+01 1.8617e+03 -2.8982e+03 -6.5652e+01 -1.3164e+03
-3.2019e+06 3.6329e+01 1.7725e+03 -2.9538e+03 -7.7178e+00 -1.3138e+03
-3.5320e+06 3.6106e+01 1.6788e+03 -3.0083e+03 1.8778e+01 -1.3115e+03
-2.6077e+06 3.5720e+01 1.5804e+03 -3.0614e+03 3.9731e+01 -1.3088e+03
-3.8307e+06 3.5782e+01 1.4774e+03 -3.1126e+03 -5.2974e+01 -1.3085e+03
-3.6212e+06 3.6250e+01 1.3699e+03 -3.1616e+03 -8.8507e+01 -1.3059e+03
-3.8297e+06 3.6411e+01 1.2580e+03 -3.2080e+03 -4.6412e+01 -1.3032e+03
-2.9433e+06 3.6311e+01 1.1418e+03 -3.2514e+03 6.2394e+01 -1.3024e+03
-3.5299e+06 3.6293e+01 1.0217e+03 -3.2914e+03 3.9291e+01 -1.2999e+03
-4.0662e+06 3.6303e+01 8.9786e+02 -3.3275e+03 -2.4217e+01 -1.2961e+03
-4.7265e+06 3.6094e+01 7.7073e+02 -3.3595e+03 -2.7788e+01 -1.2948e+03
-4.5967e+06 3.5806e+01 6.4072e+02 -3.3870e+03 5.3954e+00 -1.2932e+03
-4.7247e+06 3.5881e+01 5.0832e+02 -3.4096e+03 1.0223e+01 -1.2909e+03
-4.5504e+06 3.6170e+01 3.7408e+02 -3.4272e+03 9.3946e+00 -1.2886e+03
-4.5957e+06 3.6335e+01 2.3855e+02 -3.4395e+03 1.4926e+00 -1.2881e+03
-4.4491e+06 3.6377e+01 1.0236e+02 -3.4465e+03 9.0595e+00 -1.2834e+03
3.3027e+06 4.6591e+01 1.1955e+04 -1.6210e+04 -1.5607e+05 -7.6335e+04
1.2613e+07 5.1640e+01 1.0841e+04 -1.5044e+04 -3.1953e+05 -1.4549e+05
-1.4939e+07 5.0135e+01 9.2215e+03 -1.2933e+04 -4.2044e+05 -1.8449e+05
-2.5914e+07 4.1915e+01 7.6839e+03 -1.0783e+04 -4.4452e+05 -1.8929e+05
-2.8459e+07 3.4741e+01 6.2309e+03 -8.5955e+03 -4.5413e+05 -1.6334e+05
-2.4110e+07 3.5958e+01 4.8548e+03 -6.3708e+03 -4.4070e+05 -9.8983e+04
-1.3612e+07 4.1081e+01 3.4182e+03 -3.8243e+03 -3.1007e+05 -3.3415e+04
-3.8287e+07 4.0811e+01 2.5783e+03 -2.2895e+03 -1.0822e+05 -4.8603e+03
-2.0671e+07 3.6392e+01 2.5289e+03 -2.3441e+03 -6.1794e+03 -1.0995e+03
3.7782e+06 3.3595e+01 2.4763e+03 -2.3998e+03 9.8868e+02 -1.3705e+03
5.0170e+06 3.4004e+01 2.4204e+03 -2.4564e+03 3.8165e+02 -1.4062e+03
3.6423e+06 3.6134e+01 2.3608e+03 -2.5139e+03 2.9300e+02 -1.2456e+03
-3.0582e+06 3.7292e+01 2.2975e+03 -2.5721e+03 -3.5007e+02 -1.2595e+03
-3.2576e+06 3.7007e+01 2.2302e+03 -2.6308e+03 -1.1917e+02 -1.2757e+03
-5.0905e+06 3.6654e+01 2.1587e+03 -2.6900e+03 -9.1964e+01 -1.2678e+03
-4.4855e+06 3.6510e+01 2.0829e+03 -2.7493e+03 -3.6302e+01 -1.2633e+03
-5.3621e+06 3.6412e+01 2.0025e+03 -2.8086e+03 -7.2172e+01 -1.2641e+03
-4.6362e+06 3.6367e+01 1.9174e+03 -2.8676e+03 -3.9513e+01 -1.2634e+03
-4.8582e+06 3.6344e+01 1.8275e+03 -2.9259e+03 -6.4527e+01 -1.2610e+03
-4.0700e+06 3.6360e+01 1.7326e+03 -2.9833e+03 -2.0472e+01 -1.2598e+03
-4.4010e+06 3.6389e+01 1.6328e+03 -3.0393e+03 -3.7917e+01 -1.2579e+03
-4.3510e+06 3.6368e+01 1.5279e+03 -3.0935e+03 -5.8438e+01 -1.2563e+03
-4.7273e+06 3.6343e+01 1.4181e+03 -3.1456e+03 -8.4980e+01 -1.2537e+03
-4.3705e+06 3.6334e+01 1.3034e+03 -3.1950e+03 -6.0762e+01 -1.2518e+03
-4.2814e+06 3.6318e+01 1.1841e+03 -3.2414e+03 -2.6582e+01 -1.2507e+03
-4.1164e+06 3.6315e+01 1.0602e+03 -3.2842e+03 -6.6694e+00 -1.2489e+03
-4.4917e+06 3.6318e+01 9.3231e+02 -3.3230e+03 -2.5840e+01 -1.2455e+03
-4.5570e+06 3.6314e+01 8.0065e+02 -3.3574e+03 -1.6534e+01 -1.2434e+03
-4.6502e+06 3.6306e+01 6.6573e+02 -3.3869e+03 -1.6439e+00 -1.2414e+03
-4.5478e+06 3.6300e+01 5.2811e+02 -3.4113e+03 7.9082e+00 -1.2391e+03
-4.5715e+06 3.6297e+01 3.8837e+02 -3.4303e+03 1.0158e+00 -1.2364e+03
-4.4857e+06 3.6297e+01 2.4716e+02 -3.4435e+03 -4.9499e+00 -1.2375e+03
-4.4790e+06 3.6294e+01 1.0517e+02 -3.4510e+03 -5.4790e-01 -1.2351e+03
4.2333e+06 4.2615e+01 1.2300e+04 -1.5993e+04 -4.3404e+04 -2.6359e+04
-1.2565e+07 4.9161e+01 1.2045e+04 -1.6201e+04 -1.7676e+05 -7.1547e+04
7.5700e+06 5.2563e+01 1.0813e+04 -1.4870e+04 -3.4689e+05 -9.1116e+04
-2.3457e+07 4.8183e+01 9.1871e+03 -1.2774e+04 -4.1890e+05 -4.6272e+04
-3.6721e+07 3.8859e+01 7.6400e+03 -1.0632e+04 -4.2949e+05 3.5149e+04
-2.7298e+07 3.6972e+01 5.6150e+03 -7.4155e+03 -4.3129e+05 1.1184e+05
-2.3497e+07 4.3362e+01 3.6992e+03 -4.1334e+03 -3.1696e+05 1.1448e+05
-2.9164e+07 4.4460e+01 2.6295e+03 -2.2381e+03 -1.1464e+05 4.3739e+04
-1.5904e+07 3.9608e+01 2.5813e+03 -2.2936e+03 -5.5065e+03 -5.4942e+02
8.5821e+06 3.6700e+01 2.5300e+03 -2.3503e+03 1.2957e+03 -1.7680e+03
8.8486e+05 3.6403e+01 2.4751e+03 -2.4082e+03 -4.8330e+02 -1.4785e+03
3.7943e+06 3.6811e+01 2.4166e+03 -2.4670e+03 4.4566e+01 -1.2522e+03
-4.6089e+06 3.7058e+01 2.3542e+03 -2.5268e+03 -3.7337e+02 -1.1787e+03
-2.1506e+06 3.6873e+01 2.2877e+03 -2.5874e+03 -5.0489e+01 -1.2015e+03
-6.1402e+06 3.6622e+01 2.2168e+03 -2.6486e+03 -1.5881e+02 -1.2103e+03
-3.7119e+06 3.6485e+01 2.1413e+03 -2.7102e+03 4.6052e+00 -1.2107e+03
-5.9978e+06 3.6396e+01 2.0610e+03 -2.7719e+03 -8.3089e+01 -1.2120e+03
-4.2042e+06 3.6357e+01 1.9757e+03 -2.8335e+03 8.9215e+00 -1.2100e+03
-5.6111e+06 3.6336e+01 1.8852e+03 -2.8947e+03 -6.8157e+01 -1.2085e+03
-4.2952e+06 3.6327e+01 1.7894e+03 -2.9550e+03 -2.0451e+00 -1.2065e+03
-5.2204e+06 3.6322e+01 1.6882e+03 -3.0142e+03 -5.0506e+01 -1.2060e+03
-4.4300e+06 3.6324e+01 1.5816e+03 -3.0717e+03 -8.0693e+00 -1.2036e+03
-5.0540e+06 3.6325e+01 1.4695e+03 -3.1270e+03 -4.1744e+01 -1.2017e+03
-4.4828e+06 3.6326e+01 1.3520e+03 -3.1798e+03 -1.4282e+01 -1.1993e+03
-4.8299e+06 3.6322e+01 1.2293e+03 -3.2294e+03 -3.5918e+01 -1.1980e+03
-4.4589e+06 3.6318e+01 1.1017e+03 -3.2753e+03 -1.2509e+01 -1.1967e+03
-4.7245e+06 3.6313e+01 9.6944e+02 -3.3171e+03 -2.3268e+01 -1.1946e+03
-4.5122e+06 3.6309e+01 8.3297e+02 -3.3541e+03 -3.7349e+00 -1.1922e+03
-4.6545e+06 3.6304e+01 6.9281e+02 -3.3861e+03 -5.9265e+00 -1.1900e+03
-4.5077e+06 3.6302e+01 5.4955e+02 -3.4124e+03 5.9666e+00 -1.1877e+03
-4.5823e+06 3.6301e+01 4.0388e+02 -3.4329e+03 -6.5505e+00 -1.1858e+03
-4.4824e+06 3.6304e+01 2.5651e+02 -3.4473e+03 -7.7176e+00 -1.1857e+03
-4.4887e+06 3.6300e+01 1.0822e+02 -3.4553e+03 -4.3940e+00 -1.1817e+03
2.2731e+07 3.7563e+01 1.2650e+04 -1.5760e+04 -4.2450e+03 -8.6842e+03
-1.8370e+07 4.4330e+01 1.2403e+04 -1.5970e+04 -8.1911e+04 7.4761e+03
-1.2046e+07 5.0429e+01 1.1871e+04 -1.5771e+04 -2.7476e+05 8.1194e+04
-6.8313e+06 4.8326e+01 9.5551e+03 -1.2721e+04 -3.9627e+05 1.7516e+05
-5.9277e+07 3.9199e+01 7.3562e+03 -9.5991e+03 -4.0504e+05 2.3613e+05
-2.2637e+07 3.7147e+01 5.2760e+03 -6.4180e+03 -4.0005e+05 2.5939e+05
-3.0902e+07 4.3003e+01 3.3162e+03 -3.1947e+03 -2.6429e+05 1.8209e+05
-2.5223e+07 4.3151e+01 2.6812e+03 -2.1832e+03 -7.0980e+04 5.3637e+04
7.9844e+06 3.8858e+01 2.6346e+03 -2.2394e+03 6.4668e+00 -1.7122e+02
1.1459e+07 3.7657e+01 2.5846e+03 -2.2971e+03 1.4138e+03 -1.3758e+03
4.6159e+06 3.7856e+01 2.5311e+03 -2.3560e+03 -2.5805e+02 -1.2222e+03
-4.1214e+05 3.7550e+01 2.4739e+03 -2.4162e+03 -6.7213e+02 -1.2111e+03
-2.8299e+06 3.7118e+01 2.4126e+03 -2.4776e+03 -2.8638e+02 -1.1448e+03
-3.8208e+06 3.6797e+01 2.3470e+03 -2.5399e+03 -1.4503e+02 -1.1548e+03
-4.6961e+06 3.6588e+01 2.2769e+03 -2.6031e+03 -8.2502e+01 -1.1576e+03
-4.7656e+06 3.6458e+01 2.2020e+03 -2.6670e+03 -5.5622e+01 -1.1582e+03
-5.0283e+06 3.6384e+01 2.1220e+03 -2.7312e+03 -2.1550e+01 -1.1593e+03
-4.9001e+06 3.6345e+01 2.0367e+03 -2.7955e+03 -2.1271e+01 -1.1574e+03
-5.0544e+06 3.6327e+01 1.9459e+03 -2.8597e+03 -1.4396e+01 -1.1564e+03
-4.8620e+06 3.6317e+01 1.8493e+03 -2.9232e+03 -1.3038e+01 -1.1542e+03
-4.9242e+06 3.6313e+01 1.7469e+03 -2.9857e+03 -7.8351e+00 -1.1530e+03
-4.7650e+06 3.6312e+01 1.6386e+03 -3.0467e+03 -7.1163e+00 -1.1509e+03
-4.8257e+06 3.6312e+01 1.5243e+03 -3.1056e+03 -5.1924e+00 -1.1496e+03
-4.7069e+06 3.6313e+01 1.4040e+03 -3.1620e+03 -6.5550e+00 -1.1476e+03
-4.7473e+06 3.6313e+01 1.2780e+03 -3.2152e+03 -7.4328e+00 -1.1461e+03
-4.6590e+06 3.6311e+01 1.1464e+03 -3.2646e+03 -8.3417e+00 -1.1444e+03
-4.6699e+06 3.6308e+01 1.0096e+03 -3.3096e+03 -6.4900e+00 -1.1429e+03
-4.5852e+06 3.6305e+01 8.6798e+02 -3.3497e+03 -5.4023e+00 -1.1411e+03
-4.5762e+06 3.6303e+01 7.2220e+02 -3.3843e+03 1.1649e-01 -1.1392e+03
-4.5263e+06 3.6301e+01 5.7288e+02 -3.4129e+03 2.1597e+00 -1.1371e+03
-4.5517e+06 3.6303e+01 4.2077e+02 -3.4352e+03 -5.3061e+00 -1.1353e+03
-4.5137e+06 3.6308e+01 2.6670e+02 -3.4507e+03 -1.1312e+01 -1.1368e+03
-4.4835e+06 3.6304e+01 1.1155e+02 -3.4594e+03 -3.0988e+00 -1.1349e+03
1.6740e+07 3.3848e+01 1.3003e+04 -1.5512e+04 -2.8186e+03 -7.0550e+03
-7.6943e+06 4.1232e+01 1.2764e+04 -1.5723e+04 -8.8286e+04 5.1485e+04
-9.1659e+06 4.8238e+01 1.1642e+04 -1.4670e+04 -2.7961e+05 1.8138e+05
-9.7012e+05 4.6384e+01 9.2815e+03 -1.1659e+04 -3.9950e+05 2.5905e+05
-4.7219e+07 3.8679e+01 7.0347e+03 -8.5758e+03 -4.1074e+05 2.6461e+05
-8.3829e+06 3.7756e+01 4.9009e+03 -5.4391e+03 -3.8757e+05 2.4831e+05
-3.3340e+07 4.0691e+01 2.8965e+03 -2.2758e+03 -2.1623e+05 1.4366e+05
-3.2873e+07 3.8017e+01 2.7336e+03 -2.1245e+03 -3.0974e+04 2.7872e+04
2.4192e+07 3.4865e+01 2.6885e+03 -2.1814e+03 3.6964e+03 -4.0186e+02
9.0243e+06 3.5981e+01 2.6401e+03 -2.2398e+03 1.0486e+03 -7.1861e+02
1.3625e+07 3.7630e+01 2.5882e+03 -2.2998e+03 7.5662e+02 -8.8701e+02
-4.4586e+06 3.7775e+01 2.5324e+03 -2.3612e+03 -9.0421e+02 -1.1137e+03
1.1745e+06 3.7205e+01 2.4724e+03 -2.4241e+03 -1.4885e+02 -1.1313e+03
-6.9503e+06 3.6792e+01 2.4081e+03 -2.4881e+03 -3.1970e+02 -1.1165e+03
-1.9293e+06 3.6573e+01 2.3390e+03 -2.5533e+03 4.1982e+01 -1.1079e+03
-6.8625e+06 3.6440e+01 2.2649e+03 -2.6194e+03 -1.5065e+02 -1.1083e+03
-3.1794e+06 3.6378e+01 2.1855e+03 -2.6862e+03 6.2735e+01 -1.1059e+03
-6.3427e+06 3.6337e+01 2.1005e+03 -2.7533e+03 -8.6823e+01 -1.1056e+03
-3.8144e+06 3.6324e+01 2.0096e+03 -2.8205e+03 4.4311e+01 -1.1033e+03
-5.8294e+06 3.6311e+01 1.9125e+03 -2.8873e+03 -5.5927e+01 -1.1024e+03
-4.0747e+06 3.6309e+01 1.8091e+03 -2.9534e+03 3.6212e+01 -1.1003e+03
-5.4430e+06 3.6306e+01 1.6992e+03 -3.0181e+03 -3.8756e+01 -1.0992e+03
-4.2805e+06 3.6309e+01 1.5828e+03 -3.0809e+03 2.1594e+01 -1.0974e+03
-5.1730e+06 3.6308e+01 1.4598e+03 -3.1412e+03 -2.6356e+01 -1.0962e+03
-4.3826e+06 3.6308e+01 1.3303e+03 -3.1984e+03 1.5090e+01 -1.0945e+03
-4.9630e+06 3.6306e+01 1.1946e+03 -3.2516e+03 -1.8298e+01 -1.0931e+03
-4.4317e+06 3.6306e+01 1.0530e+03 -3.3004e+03 7.3233e+00 -1.0916e+03
-4.7813e+06 3.6303e+01 9.0602e+02 -3.3439e+03 -1.3724e+01 -1.0903e+03
-4.3736e+06 3.6302e+01 7.5422e+02 -3.3815e+03 1.2180e+01 -1.0884e+03
-4.6186e+06 3.6300e+01 5.9835e+02 -3.4127e+03 5.8521e-01 -1.0866e+03
-4.4375e+06 3.6304e+01 4.3925e+02 -3.4369e+03 1.0289e-01 -1.0851e+03
-4.6132e+06 3.6309e+01 2.7786e+02 -3.4539e+03 -1.6280e+01 -1.0854e+03
-4.4309e+06 3.6306e+01 1.1520e+02 -3.4633e+03 -2.6179e-01 -1.0814e+03
3.9664e+06 3.4122e+01 1.3359e+04 -1.5246e+04 -7.5858e+03 -5.5104e+03
9.6035e+05 4.2221e+01 1.3129e+04 -1.5457e+04 -1.4362e+05 7.2485e+04
2.9361e+06 4.8200e+01 1.1381e+04 -1.3580e+04 -3.3481e+05 2.0332e+05
-2.4856e+07 4.4513e+01 8.9743e+03 -1.0610e+04 -4.0646e+05 2.6224e+05
-4.3870e+07 3.8354e+01 6.6772e+03 -7.5708e+03 -4.0953e+05 2.6468e+05
-2.1927e+07 3.9258e+01 4.4888e+03 -4.4810e+03 -3.5884e+05 2.2182e+05
-3.3657e+07 3.9771e+01 2.8265e+03 -2.0064e+03 -1.7124e+05 9.6665e+04
-3.3896e+07 3.4665e+01 2.7862e+03 -2.0620e+03 -1.3950e+04 5.8577e+03
2.0613e+07 3.1344e+01 2.7430e+03 -2.1193e+03 3.2931e+03 -1.1462e+03
6.4935e+06 3.3341e+01 2.6964e+03 -2.1784e+03 3.5786e+02 -8.4302e+02
1.6431e+07 3.6708e+01 2.6462e+03 -2.2393e+03 1.1731e+03 -8.7547e+02
-3.4428e+06 3.7783e+01 2.5920e+03 -2.3018e+03 -5.3590e+02 -9.7663e+02
2.5799e+06 3.7240e+01 2.5337e+03 -2.3660e+03 -2.0123e+01 -1.0676e+03
-7.3933e+06 3.6821e+01 2.4709e+03 -2.4317e+03 -3.9151e+02 -1.0754e+03
-1.3730e+06 3.6578e+01 2.4031e+03 -2.4987e+03 6.4810e+01 -1.0580e+03
-7.2251e+06 3.6435e+01 2.3302e+03 -2.5670e+03 -1.8044e+02 -1.0568e+03
-2.8505e+06 3.6375e+01 2.2516e+03 -2.6363e+03 8.4498e+01 -1.0531e+03
-6.6006e+06 3.6334e+01 2.1672e+03 -2.7063e+03 -1.1095e+02 -1.0537e+03
-3.5707e+06 3.6322e+01 2.0764e+03 -2.7767e+03 6.2714e+01 -1.0505e+03
-5.9456e+06 3.6309e+01 1.9791e+03 -2.8470e+03 -6.9853e+01 -1.0505e+03
-3.8934e+06 3.6308e+01 1.8749e+03 -2.9168e+03 5.1832e+01 -1.0480e+03
-5.5431e+06 3.6304e+01 1.7637e+03 -2.9855e+03 -4.9688e+01 -1.0476e+03
-4.2070e+06 3.6307e+01 1.6453e+03 -3.0525e+03 3.0095e+01 -1.0454e+03
-5.2502e+06 3.6305e+01 1.5196e+03 -3.1171e+03 -3.4995e+01 -1.0446e+03
-4.3402e+06 3.6307e+01 1.3867e+03 -3.1786e+03 1.9941e+01 -1.0429e+03
-5.0107e+06 3.6305e+01 1.2468e+03 -3.2362e+03 -2.4127e+01 -1.0420e+03
-4.4114e+06 3.6305e+01 1.1002e+03 -3.2890e+03 1.0756e+01 -1.0406e+03
-4.8105e+06 3.6303e+01 9.4748e+02 -3.3364e+03 -1.7489e+01 -1.0396e+03
-4.3746e+06 3.6303e+01 7.8922e+02 -3.3775e+03 1.3888e+01 -1.0377e+03
-4.6379e+06 3.6301e+01 6.2625e+02 -3.4116e+03 -1.9162e+00 -1.0363e+03
-4.4459e+06 3.6305e+01 4.5953e+02 -3.4382e+03 1.1452e+00 -1.0347e+03
-4.6261e+06 3.6310e+01 2.9013e+02 -3.4567e+03 -1.7911e+01 -1.0369e+03
-4.4461e+06 3.6306e+01 1.1921e+02 -3.4670e+03 1.2981e+00 -1.0348e+03
-1.3115e+07 3.6141e+01 1.3717e+04 -1.4964e+04 -1.9952e+04 1.0452e+04
-6.5413e+06 4.4567e+01 1.3484e+04 -1.5158e+04 -1.9442e+05 1.1428e+05
7.8726e+06 4.7872e+01 1.1086e+04 -1.2503e+04 -3.7770e+05 2.3101e+05
-4.1185e+07 4.0523e+01 8.6324e+03 -9.5776e+03 -4.1175e+05 2.6370e+05
-2.0602e+07 3.5240e+01 6.2830e+03 -6.5864e+03 -4.0384e+05 2.6440e+05
-2.8001e+07 3.8624e+01 4.0388e+03 -3.5463e+03 -3.0843e+05 2.0053e+05
-3.8324e+07 3.8734e+01 2.8774e+03 -1.9397e+03 -1.1773e+05 7.0463e+04
-2.5860e+07 3.3246e+01 2.8392e+03 -1.9954e+03 -7.2202e+03 4.6630e+02
1.1857e+07 3.0065e+01 2.7978e+03 -2.0530e+03 1.7345e+03 -1.2862e+03
5.8001e+06 3.2411e+01 2.7532e+03 -2.1126e+03 1.6573e+02 -1.0211e+03
1.1951e+07 3.6704e+01 2.7050e+03 -2.1741e+03 6.0818e+02 -1.0068e+03
-8.9215e+05 3.7930e+01 2.6528e+03 -2.2376e+03 -2.1339e+02 -9.2268e+02
1.5793e+06 3.7234e+01 2.5963e+03 -2.3030e+03 1.6921e+01 -9.7219e+02
-5.7828e+06 3.6853e+01 2.5352e+03 -2.3702e+03 -2.8595e+02 -1.0167e+03
-2.4158e+06 3.6592e+01 2.4691e+03 -2.4391e+03 -2.3759e+01 -1.0084e+03
-6.3253e+06 3.6437e+01 2.3976e+03 -2.5095e+03 -1.2671e+02 -1.0046e+03
-3.5448e+06 3.6372e+01 2.3203e+03 -2.5813e+03 4.1564e+01 -1.0006e+03
-6.0033e+06 3.6334e+01 2.2367e+03 -2.6542e+03 -7.4541e+01 -1.0017e+03
-3.9674e+06 3.6319e+01 2.1465e+03 -2.7277e+03 4.1306e+01 -9.9843e+02
-5.5241e+06 3.6308e+01 2.0493e+03 -2.8016e+03 -4.1140e+01 -9.9859e+02
-4.1896e+06 3.6307e+01 1.9447e+03 -2.8754e+03 3.1499e+01 -9.9606e+02
-5.3117e+06 3.6305e+01 1.8324e+03 -2.9483e+03 -3.4994e+01 -9.9569e+02
-4.4111e+06 3.6306e+01 1.7121e+03 -3.0198e+03 1.6145e+01 -9.9377e+02
-5.1013e+06 3.6304e+01 1.5839e+03 -3.0892e+03 -2.4118e+01 -9.9328e+02
-4.4758e+06 3.6305e+01 1.4476e+03 -3.1554e+03 1.0249e+01 -9.9170e+02
-4.9203e+06 3.6304e+01 1.3034e+03 -3.2178e+03 -1.7681e+01 -9.9095e+02
-4.5048e+06 3.6305e+01 1.1517e+03 -3.2753e+03 4.0562e+00 -9.8971e+02
-4.7807e+06 3.6305e+01 9.9283e+02 -3.3270e+03 -1.4771e+01 -9.8894e+02
-4.4867e+06 3.6305e+01 8.2763e+02 -3.3720e+03 3.7393e+00 -9.8724e+02
-4.6627e+06 3.6303e+01 6.5696e+02 -3.4095e+03 -4.2256e+00 -9.8614e+02
-4.5017e+06 3.6306e+01 4.8189e+02 -3.4388e+03 -2.6835e+00 -9.8506e+02
-4.6218e+06 3.6311e+01 3.0367e+02 -3.4592e+03 -1.5525e+01 -9.8581e+02
-4.4801e+06 3.6307e+01 1.2364e+02 -3.4704e+03 6.5359e-01 -9.8190e+02
-1.2518e+07 3.8276e+01 1.4077e+04 -1.4664e+04 -5.2208e+04 3.7495e+04
-8.5858e+06 4.5940e+01 1.3355e+04 -1.4249e+04 -2.4186e+05 1.6282e+05
4.0869e+06 4.5856e+01 1.0757e+04 -1.1442e+04 -3.9637e+05 2.5465e+05
-5.1807e+07 3.7143e+01 8.2548e+03 -8.5633e+03 -4.1464e+05 2.6498e+05
-1.5339e+07 3.4385e+01 5.8513e+03 -5.6251e+03 -3.9943e+05 2.6321e+05
-3.8548e+07 3.8602e+01 3.5538e+03 -2.6424e+03 -2.5413e+05 1.8057e+05
-4.5229e+07 3.7245e+01 2.9283e+03 -1.8690e+03 -6.2815e+04 5.0992e+04
-9.0287e+06 3.2078e+01 2.8921e+03 -1.9246e+03 -1.6750e+03 -1.8357e+01
3.3230e+06 3.0168e+01 2.8529e+03 -1.9823e+03 5.4613e+02 -1.1168e+03
1.0022e+07 3.3143e+01 2.8104e+03 -2.0422e+03 6.7942e+02 -9.5699e+02
3.8411e+06 3.7388e+01 2.7644e+03 -2.1042e+03 -1.7928e+02 -1.0156e+03
2.1744e+06 3.8112e+01 2.7144e+03 -2.1684e+03 -3.9537e+01 -9.3295e+02
-1.8322e+06 3.7225e+01 2.6600e+03 -2.2348e+03 -9.8005e+01 -9.2803e+02
-2.7427e+06 3.6867e+01 2.6010e+03 -2.3033e+03 -9.4536e+01 -9.5612e+02
-4.7077e+06 3.6602e+01 2.5369e+03 -2.3739e+03 -1.4873e+02 -9.5531e+02
-4.3518e+06 3.6441e+01 2.4672e+03 -2.4463e+03 -2.4044e+01 -9.5233e+02
-5.0803e+06 3.6369e+01 2.3915e+03 -2.5205e+03 -3.2197e+01 -9.4885e+02
-4.6798e+06 3.6336e+01 2.3092e+03 -2.5962e+03 -3.3309e+00 -9.4939e+02
-5.0405e+06 3.6318e+01 2.2199e+03 -2.6730e+03 -1.6108e+01 -9.4689e+02
-4.6654e+06 3.6311e+01 2.1232e+03 -2.7506e+03 8.3868e+00 -9.4624e+02
-4.9418e+06 3.6307e+01 2.0185e+03 -2.8285e+03 -1.2326e+01 -9.4446e+02
-4.7395e+06 3.6306e+01 1.9054e+03 -2.9059e+03 -8.1708e-01 -9.4372e+02
-4.9037e+06 3.6304e+01 1.7837e+03 -2.9823e+03 -1.2688e+01 -9.4261e+02
-4.7117e+06 3.6302e+01 1.6531e+03 -3.0567e+03 -9.4705e-01 -9.4194e+02
-4.8019e+06 3.6302e+01 1.5135e+03 -3.1283e+03 -1.0171e+01 -9.4075e+02
-4.6732e+06 3.6303e+01 1.3650e+03 -3.1960e+03 -3.2733e+00 -9.3986e+02
-4.7278e+06 3.6304e+01 1.2079e+03 -3.2587e+03 -9.0341e+00 -9.3897e+02
-4.6317e+06 3.6306e+01 1.0426e+03 -3.3154e+03 -4.8277e+00 -9.3835e+02
-4.6604e+06 3.6306e+01 8.6995e+02 -3.3649e+03 -6.0558e+00 -9.3707e+02
-4.5873e+06 3.6306e+01 6.9090e+02 -3.4063e+03 8.9671e-01 -9.3619e+02
-4.6176e+06 3.6308e+01 5.0667e+02 -3.4387e+03 -8.4101e+00 -9.3514e+02
-4.5670e+06 3.6312e+01 3.1870e+02 -3.4613e+03 -1.1159e+01 -9.3771e+02
-4.5542e+06 3.6308e+01 1.2857e+02 -3.4736e+03 -2.4267e+00 -9.3618e+02
-9.3866e+06 4.0789e+01 1.4437e+04 -1.4347e+04 -1.0490e+05 5.9256e+04
-9.4138e+06 4.7126e+01 1.3035e+04 -1.3155e+04 -2.9738e+05 1.8996e+05
-8.5125e+06 4.4452e+01 1.0392e+04 -1.0398e+04 -4.0415e+05 2.6156e+05
-4.7812e+07 3.6843e+01 7.8402e+03 -7.5709e+03 -4.1400e+05 2.6530e+05
-6.1582e+06 3.6680e+01 5.3816e+03 -4.6893e+03 -3.8762e+05 2.4451e+05
-3.4668e+07 3.9741e+01 3.0383e+03 -1.7785e+03 -2.0836e+05 1.3478e+05
-5.1667e+07 3.6080e+01 2.9788e+03 -1.7942e+03 -2.5672e+04 2.2636e+04
6.1974e+06 3.1029e+01 2.9448e+03 -1.8495e+03 1.9426e+03 -6.1094e+02
-3.1158e+06 3.0531e+01 2.9079e+03 -1.9071e+03 -1.6596e+02 -9.2302e+02
1.5180e+07 3.4175e+01 2.8678e+03 -1.9669e+03 1.1037e+03 -8.8574e+02
-2.9912e+06 3.7873e+01 2.8242e+03 -2.0292e+03 -5.9101e+02 -9.2026e+02
5.5195e+06 3.8058e+01 2.7766e+03 -2.0939e+03 1.4190e+02 -8.9998e+02
-5.6543e+06 3.7185e+01 2.7247e+03 -2.1611e+03 -2.1436e+02 -9.0115e+02
9.4035e+04 3.6866e+01 2.6681e+03 -2.2307e+03 1.7516e+01 -9.0456e+02
-7.2373e+06 3.6601e+01 2.6063e+03 -2.3027e+03 -2.4792e+02 -9.0113e+02
-2.3504e+06 3.6444e+01 2.5388e+03 -2.3770e+03 5.6701e+01 -8.9897e+02
-6.7745e+06 3.6366e+01 2.4650e+03 -2.4535e+03 -1.0090e+02 -8.9828e+02
-3.3584e+06 3.6339e+01 2.3845e+03 -2.5319e+03 5.3423e+01 -8.9636e+02
-6.2522e+06 3.6317e+01 2.2966e+03 -2.6119e+03 -7.5674e+01 -8.9578e+02
-3.8170e+06 3.6314e+01 2.2008e+03 -2.6933e+03 4.7447e+01 -8.9395e+02
-5.7382e+06 3.6308e+01 2.0965e+03 -2.7753e+03 -5.1251e+01 -8.9334e+02
-4.1454e+06 3.6308e+01 1.9832e+03 -2.8575e+03 3.1329e+01 -8.9190e+02
-5.4095e+06 3.6302e+01 1.8604e+03 -2.9390e+03 -3.8306e+01 -8.9145e+02
-4.3192e+06 3.6300e+01 1.7277e+03 -3.0190e+03 1.9040e+01 -8.9027e+02
-5.1388e+06 3.6299e+01 1.5850e+03 -3.0964e+03 -2.8985e+01 -8.8947e+02
-4.4259e+06 3.6303e+01 1.4322e+03 -3.1701e+03 9.2846e+00 -8.8856e+02
-4.9514e+06 3.6304e+01 1.2695e+03 -3.2387e+03 -2.1225e+01 -8.8827e+02
-4.4822e+06 3.6306e+01 1.0975e+03 -3.3011e+03 3.6566e+00 -8.8782e+02
-4.8082e+06 3.6306e+01 9.1679e+02 -3.3559e+03 -1.3682e+01 -8.8701e+02
-4.5008e+06 3.6306e+01 7.2860e+02 -3.4018e+03 6.5245e+00 -8.8623e+02
-4.7186e+06 3.6309e+01 5.3428e+02 -3.4378e+03 -1.3706e+01 -8.8597e+02
-4.5220e+06 3.6313e+01 3.3549e+02 -3.4629e+03 -7.6594e+00 -8.8705e+02
-4.6245e+06 3.6308e+01 1.3407e+02 -3.4766e+03 -5.5935e+00 -8.8381e+02
-4.7134e+06 4.2866e+01 1.4792e+04 -1.4007e+04 -1.6169e+05 8.0722e+04
1.5825e+06 4.7728e+01 1.2681e+04 -1.2080e+04 -3.5300e+05 2.1043e+05
-2.7460e+07 4.5025e+01 9.9909e+03 -9.3749e+03 -4.1016e+05 2.6330e+05
-3.2983e+07 4.1854e+01 7.3878e+03 -6.6038e+03 -4.0995e+05 2.6517e+05
-1.7345e+07 4.1904e+01 4.8733e+03 -3.7818e+03 -3.5305e+05 2.1674e+05
-3.3744e+07 4.0429e+01 3.0578e+03 -1.6629e+03 -1.6287e+05 8.7884e+04
-4.0318e+07 3.5012e+01 3.0287e+03 -1.7153e+03 -1.1988e+04 2.4061e+03
9.5645e+06 3.0463e+01 2.9971e+03 -1.7700e+03 2.6275e+03 -9.9045e+02
-1.1756e+06 3.0950e+01 2.9627e+03 -1.8271e+03 -1.1662e+02 -7.8111e+02
1.3694e+07 3.5118e+01 2.9251e+03 -1.8867e+03 9.2727e+02 -8.5211e+02
-3.3328e+06 3.8127e+01 2.8841e+03 -1.9490e+03 -5.5532e+02 -8.3342e+02
4.8682e+06 3.7874e+01 2.8392e+03 -2.0139e+03 2.1177e+02 -8.3769e+02
-5.7380e+06 3.7125e+01 2.7900e+03 -2.0815e+03 -2.0438e+02 -8.4916e+02
-2.6632e+05 3.6846e+01 2.7361e+03 -2.1519e+03 8.5264e+00 -8.4876e+02
-7.2086e+06 3.6584e+01 2.6770e+03 -2.2251e+03 -2.4457e+02 -8.4892e+02
-2.5498e+06 3.6440e+01 2.6121e+03 -2.3010e+03 6.4518e+01 -8.4608e+02
-6.7959e+06 3.6364e+01 2.5409e+03 -2.3796e+03 -1.1684e+02 -8.4789e+02
-3.4855e+06 3.6339e+01 2.4626e+03 -2.4606e+03 6.0900e+01 -8.4375e+02
-6.2294e+06 3.6317e+01 2.3766e+03 -2.5437e+03 -8.0613e+01 -8.4473e+02
-3.9098e+06 3.6315e+01 2.2823e+03 -2.6288e+03 5.2817e+01 -8.4204e+02
-5.7532e+06 3.6309e+01 2.1790e+03 -2.7151e+03 -5.7735e+01 -8.4218e+02
-4.2098e+06 3.6309e+01 2.0659e+03 -2.8022e+03 3.4008e+01 -8.4017e+02
-5.4053e+06 3.6302e+01 1.9424e+03 -2.8893e+03 -4.2285e+01 -8.3986e+02
-4.3604e+06 3.6301e+01 1.8081e+03 -2.9752e+03 1.9439e+01 -8.3838e+02
-5.1393e+06 3.6300e+01 1.6625e+03 -3.0590e+03 -3.2724e+01 -8.3802e+02
-4.4601e+06 3.6303e+01 1.5056e+03 -3.1393e+03 8.9092e+00 -8.3733e+02
-4.9583e+06 3.6304e+01 1.3373e+03 -3.2147e+03 -2.4226e+01 -8.3757e+02
-4.5106e+06 3.6307e+01 1.1581e+03 -3.2836e+03 2.5569e+00 -8.3730e+02
-4.8200e+06 3.6306e+01 9.6888e+02 -3.3444e+03 -1.5881e+01 -8.3693e+02
-4.5232e+06 3.6306e+01 7.7072e+02 -3.3956e+03 5.9278e+00 -8.3652e+02
-4.7324e+06 3.6308e+01 5.6523e+02 -3.4359e+03 -1.5094e+01 -8.3643e+02
-4.5400e+06 3.6312e+01 3.5435e+02 -3.4641e+03 -8.1204e+00 -8.3948e+02
-4.6393e+06 3.6307e+01 1.4026e+02 -3.4794e+03 -6.4902e+00 -8.3869e+02
-1.0496e+07 4.5146e+01 1.5104e+04 -1.3606e+04 -2.1029e+05 1.2756e+05
4.5988e+06 4.8255e+01 1.2290e+04 -1.1024e+04 -3.9149e+05 2.3885e+05
-4.8551e+07 4.4731e+01 9.5528e+03 -8.3747e+03 -4.1649e+05 2.6388e+05
-1.6571e+07 4.5328e+01 6.8972e+03 -5.6645e+03 -4.0585e+05 2.6391e+05
-2.8523e+07 4.5619e+01 4.3262e+03 -2.9053e+03 -3.0088e+05 1.9682e+05
-3.7992e+07 4.0130e+01 3.1046e+03 -1.5807e+03 -1.0867e+05 6.7028e+04
-2.6831e+07 3.3827e+01 3.0779e+03 -1.6321e+03 -6.3891e+03 5.9407e+02
7.1097e+06 3.0237e+01 3.0487e+03 -1.6860e+03 1.6981e+03 -9.6719e+02
3.6663e+06 3.1607e+01 3.0169e+03 -1.7423e+03 4.3443e+02 -7.2850e+02
9.6459e+06 3.6047e+01 2.9820e+03 -1.8014e+03 4.0661e+02 -8.0997e+02
-1.2995e+06 3.8219e+01 2.9438e+03 -1.8633e+03 -3.0796e+02 -7.8627e+02
2.4409e+06 3.7670e+01 2.9018e+03 -1.9280e+03 1.0900e+02 -7.9444e+02
-4.6009e+06 3.7091e+01 2.8557e+03 -1.9958e+03 -1.4736e+02 -8.0038e+02
-1.9597e+06 3.6810e+01 2.8049e+03 -2.0667e+03 -8.4058e+01 -7.9324e+02
-6.1564e+06 3.6557e+01 2.7488e+03 -2.1407e+03 -1.5819e+02 -7.9737e+02
-3.5763e+06 3.6427e+01 2.6870e+03 -2.2179e+03 2.0880e+01 -7.9438e+02
-6.1040e+06 3.6362e+01 2.6187e+03 -2.2982e+03 -7.6729e+01 -7.9657e+02
-4.1661e+06 3.6335e+01 2.5432e+03 -2.3815e+03 2.5065e+01 -7.9245e+02
-5.7429e+06 3.6317e+01 2.4598e+03 -2.4676e+03 -4.7260e+01 -7.9324e+02
-4.3853e+06 3.6314e+01 2.3676e+03 -2.5563e+03 2.3163e+01 -7.9060e+02
-5.4492e+06 3.6310e+01 2.2659e+03 -2.6470e+03 -3.6138e+01 -7.9045e+02
-4.5310e+06 3.6309e+01 2.1537e+03 -2.7391e+03 1.2116e+01 -7.8864e+02
-5.2011e+06 3.6304e+01 2.0302e+03 -2.8319e+03 -2.7601e+01 -7.8816e+02
-4.5769e+06 3.6302e+01 1.8948e+03 -2.9243e+03 4.0069e+00 -7.8689e+02
-5.0119e+06 3.6302e+01 1.7469e+03 -3.0151e+03 -2.3440e+01 -7.8663e+02
-4.6054e+06 3.6304e+01 1.5860e+03 -3.1028e+03 -2.1817e+00 -7.8627e+02
-4.8812e+06 3.6305e+01 1.4121e+03 -3.1857e+03 -1.9804e+01 -7.8671e+02
-4.6150e+06 3.6307e+01 1.2256e+03 -3.2621e+03 -6.6927e+00 -7.8681e+02
-4.7755e+06 3.6306e+01 1.0271e+03 -3.3300e+03 -1.4339e+01 -7.8688e+02
-4.5965e+06 3.6305e+01 8.1805e+02 -3.3875e+03 -6.4340e-01 -7.8691e+02
-4.7062e+06 3.6306e+01 6.0015e+02 -3.4329e+03 -1.3654e+01 -7.8755e+02
-4.5931e+06 3.6310e+01 3.7568e+02 -3.4647e+03 -1.1789e+01 -7.8916e+02
-4.6302e+06 3.6305e+01 1.4728e+02 -3.4820e+03 -5.0385e+00 -7.8619e+02
-1.1176e+07 4.7511e+01 1.4751e+04 -1.2547e+04 -2.6010e+05 1.4674e+05
-5.8998e+04 4.8679e+01 1.1864e+04 -9.9925e+03 -4.1855e+05 2.2675e+05
-5.3799e+07 4.2077e+01 9.0774e+03 -7.4005e+03 -4.3307e+05 2.3461e+05
-1.1962e+07 4.1230e+01 6.3684e+03 -4.7559e+03 -4.1465e+05 2.3643e+05
-3.5639e+07 4.2514e+01 3.7469e+03 -2.0701e+03 -2.6021e+05 1.6140e+05
-4.5919e+07 3.8027e+01 3.1501e+03 -1.4946e+03 -6.1909e+04 4.4119e+04
-8.1228e+06 3.2354e+01 3.1259e+03 -1.5447e+03 -1.4947e+03 1.2758e+02
1.8024e+06 3.0005e+01 3.0993e+03 -1.5973e+03 5.8877e+02 -8.5995e+02
1.0948e+07 3.2469e+01 3.0702e+03 -1.6527e+03 9.9141e+02 -7.0494e+02
3.3225e+06 3.6864e+01 3.0382e+03 -1.7108e+03 -9.7723e+01 -7.6068e+02
2.8093e+06 3.8202e+01 3.0030e+03 -1.7719e+03 -4.6712e+01 -7.2968e+02
-1.9145e+06 3.7489e+01 2.9642e+03 -1.8361e+03 -7.3429e+01 -7.3615e+02
-2.1239e+06 3.7061e+01 2.9213e+03 -1.9037e+03 -8.1270e+01 -7.4594e+02
-5.0622e+06 3.6769e+01 2.8739e+03 -1.9746e+03 -2.1374e+02 -7.4323e+02
-4.1908e+06 3.6534e+01 2.8213e+03 -2.0490e+03 -6.2663e+01 -7.4636e+02
-5.4679e+06 3.6413e+01 2.7630e+03 -2.1271e+03 -5.1190e+01 -7.4388e+02
-4.6513e+06 3.6359e+01 2.6982e+03 -2.2087e+03 -9.7230e+00 -7.4450e+02
-5.4163e+06 3.6330e+01 2.6261e+03 -2.2940e+03 -3.0906e+01 -7.4181e+02
-4.7862e+06 3.6319e+01 2.5459e+03 -2.3828e+03 -1.6183e+00 -7.4146e+02
-5.2594e+06 3.6312e+01 2.4566e+03 -2.4748e+03 -2.2358e+01 -7.3965e+02
-4.8073e+06 3.6310e+01 2.3572e+03 -2.5697e+03 -2.4975e+00 -7.3871e+02
-5.1055e+06 3.6307e+01 2.2468e+03 -2.6669e+03 -1.8811e+01 -7.3736e+02
-4.7854e+06 3.6305e+01 2.1241e+03 -2.7656e+03 -6.0322e+00 -7.3652e+02
-4.9653e+06 3.6304e+01 1.9884e+03 -2.8648e+03 -1.8220e+01 -7.3563e+02
-4.7460e+06 3.6304e+01 1.8386e+03 -2.9632e+03 -1.0319e+01 -7.3518e+02
-4.8621e+06 3.6305e+01 1.6742e+03 -3.0592e+03 -1.8702e+01 -7.3503e+02
-4.7115e+06 3.6307e+01 1.4949e+03 -3.1507e+03 -1.3148e+01 -7.3542e+02
-4.7801e+06 3.6307e+01 1.3008e+03 -3.2358e+03 -1.9066e+01 -7.3605e+02
-4.6733e+06 3.6306e+01 1.0926e+03 -3.3119e+03 -1.2145e+01 -7.3669e+02
-4.7128e+06 3.6304e+01 8.7158e+02 -3.3769e+03 -1.0971e+01 -7.3741e+02
-4.6518e+06 3.6305e+01 6.3984e+02 -3.4284e+03 -1.2431e+01 -7.3821e+02
-4.6702e+06 3.6309e+01 4.0002e+02 -3.4646e+03 -1.6737e+01 -7.4240e+02
-4.5997e+06 3.6304e+01 1.5530e+02 -3.4843e+03 -1.9585e+00 -7.4199e+02
-8.5184e+06 4.8651e+01 1.4756e+04 -1.1872e+04 -3.0436e+05 1.3322e+05
-3.1219e+06 4.7954e+01 1.1806e+04 -9.3731e+03 -4.3830e+05 1.9392e+05
-5.3478e+07 4.0771e+01 8.9268e+03 -6.8114e+03 -4.5127e+05 2.0007e+05
-4.8365e+06 3.9421e+01 6.1190e+03 -4.1978e+03 -4.2826e+05 1.9908e+05
-3.5065e+07 4.0326e+01 3.4028e+03 -1.5516e+03 -2.3762e+05 1.1971e+05
-5.1185e+07 3.6201e+01 3.1943e+03 -1.4045e+03 -3.2475e+04 2.1665e+04
3.9223e+06 3.1139e+01 3.1725e+03 -1.4530e+03 1.8266e+03 -3.5562e+02
-2.1424e+06 3.0009e+01 3.1486e+03 -1.5041e+03 -1.5463e+02 -7.3363e+02
1.5635e+07 3.3347e+01 3.1223e+03 -1.5580e+03 1.3434e+03 -6.7812e+02
-1.2964e+06 3.7458e+01 3.0933e+03 -1.6148e+03 -5.0861e+02 -7.0125e+02
5.2622e+06 3.8190e+01 3.0613e+03 -1.6748e+03 1.2053e+02 -6.7246e+02
-4.9560e+06 3.7387e+01 3.0258e+03 -1.7380e+03 -2.1153e+02 -6.8011e+02
-3.6320e+05 3.7014e+01 2.9865e+03 -1.8048e+03 2.8403e+00 -6.9190e+02
-7.1210e+06 3.6726e+01 2.9428e+03 -1.8753e+03 -2.9088e+02 -6.9529e+02
-2.8930e+06 3.6514e+01 2.8941e+03 -1.9496e+03 1.4296e+01 -6.9470e+02
-6.7431e+06 3.6399e+01 2.8397e+03 -2.0280e+03 -1.1116e+02 -6.9418e+02
-3.6658e+06 3.6355e+01 2.7789e+03 -2.1106e+03 4.9052e+01 -6.9247e+02
-6.2252e+06 3.6325e+01 2.7109e+03 -2.1973e+03 -7.4986e+01 -6.9156e+02
-4.1243e+06 3.6319e+01 2.6346e+03 -2.2883e+03 4.1887e+01 -6.8976e+02
-5.8008e+06 3.6310e+01 2.5490e+03 -2.3833e+03 -5.4220e+01 -6.8874e+02
-4.3851e+06 3.6310e+01 2.4529e+03 -2.4822e+03 2.6094e+01 -6.8703e+02
-5.4834e+06 3.6306e+01 2.3451e+03 -2.5843e+03 -4.4539e+01 -6.8606e+02
-4.5173e+06 3.6307e+01 2.2243e+03 -2.6891e+03 1.0365e+01 -6.8469e+02
-5.2157e+06 3.6305e+01 2.0891e+03 -2.7954e+03 -3.8159e+01 -6.8402e+02
-4.5741e+06 3.6306e+01 1.9384e+03 -2.9020e+03 -2.6414e+00 -6.8327e+02
-5.0164e+06 3.6305e+01 1.7712e+03 -3.0070e+03 -3.3478e+01 -6.8339e+02
-4.5863e+06 3.6306e+01 1.5869e+03 -3.1083e+03 -7.9197e+00 -6.8380e+02
-4.8725e+06 3.6305e+01 1.3851e+03 -3.2033e+03 -2.8757e+01 -6.8492e+02
-4.5922e+06 3.6305e+01 1.1666e+03 -3.2892e+03 -9.1273e+00 -6.8601e+02
-4.7834e+06 3.6303e+01 9.3257e+02 -3.3631e+03 -1.8395e+01 -6.8750e+02
-4.6210e+06 3.6305e+01 6.8534e+02 -3.4221e+03 -1.2544e+01 -6.8950e+02
-4.7357e+06 3.6309e+01 4.2803e+02 -3.4638e+03 -2.2226e+01 -6.9253e+02
-4.5934e+06 3.6305e+01 1.6454e+02 -3.4863e+03 -4.4088e-01 -6.8969e+02
-1.2099e+07 4.9089e+01 1.4751e+04 -1.1206e+04 -3.3200e+05 1.4002e+05
-1.2666e+07 4.6927e+01 1.1751e+04 -8.7779e+03 -4.4463e+05 1.9169e+05
-5.4168e+07 4.0181e+01 8.8174e+03 -6.2897e+03 -4.5582e+05 1.9467e+05
-8.4550e+06 4.0003e+01 5.9498e+03 -3.7529e+03 -4.2676e+05 1.8165e+05
-3.6559e+07 4.0796e+01 3.2542e+03 -1.2662e+03 -2.2119e+05 9.1850e+04
-5.1201e+07 3.5704e+01 3.2366e+03 -1.3104e+03 -1.9169e+04 7.0990e+03
1.1396e+07 3.0594e+01 3.2174e+03 -1.3571e+03 3.3547e+03 -6.4486e+02
-2.8117e+06 3.0307e+01 3.1961e+03 -1.4063e+03 -3.8093e+02 -6.1767e+02
1.7353e+07 3.4103e+01 3.1727e+03 -1.4584e+03 1.3890e+03 -6.3907e+02
-3.6949e+06 3.7844e+01 3.1468e+03 -1.5135e+03 -7.0457e+02 -6.3918e+02
6.2829e+06 3.8136e+01 3.1181e+03 -1.5718e+03 1.9271e+02 -6.3550e+02
-6.3651e+06 3.7301e+01 3.0862e+03 -1.6336e+03 -2.5823e+02 -6.4588e+02
3.9129e+05 3.6969e+01 3.0507e+03 -1.6991e+03 4.4999e+01 -6.4554e+02
-8.0233e+06 3.6690e+01 3.0109e+03 -1.7685e+03 -3.1014e+02 -6.4553e+02
-2.2894e+06 3.6496e+01 2.9665e+03 -1.8422e+03 5.7243e+01 -6.4269e+02
-7.3028e+06 3.6389e+01 2.9165e+03 -1.9203e+03 -1.3040e+02 -6.4438e+02
-3.2132e+06 3.6351e+01 2.8603e+03 -2.0031e+03 7.6405e+01 -6.4099e+02
-6.6159e+06 3.6322e+01 2.7970e+03 -2.0907e+03 -9.4982e+01 -6.4127e+02
-3.8218e+06 3.6318e+01 2.7254e+03 -2.1832e+03 5.9260e+01 -6.3852e+02
-6.0537e+06 3.6309e+01 2.6444e+03 -2.2807e+03 -6.7478e+01 -6.3784e+02
-4.1929e+06 3.6311e+01 2.5526e+03 -2.3830e+03 3.6314e+01 -6.3555e+02
-5.6701e+06 3.6306e+01 2.4486e+03 -2.4898e+03 -5.8038e+01 -6.3460e+02
-4.3847e+06 3.6307e+01 2.3308e+03 -2.6005e+03 1.4571e+01 -6.3269e+02
-5.2969e+06 3.6304e+01 2.1974e+03 -2.7141e+03 -4.5334e+01 -6.3185e+02
-4.4521e+06 3.6306e+01 2.0470e+03 -2.8293e+03 1.7794e+00 -6.3075e+02
-5.0526e+06 3.6303e+01 1.8780e+03 -2.9443e+03 -3.8484e+01 -6.3100e+02
-4.4975e+06 3.6302e+01 1.6892e+03 -3.0565e+03 -5.4065e+00 -6.3163e+02
-4.9073e+06 3.6302e+01 1.4801e+03 -3.1631e+03 -3.5087e+01 -6.3312e+02
-4.5612e+06 3.6303e+01 1.2508e+03 -3.2606e+03 -1.1090e+01 -6.3474e+02
-4.8165e+06 3.6303e+01 1.0026e+03 -3.3453e+03 -2.3154e+01 -6.3727e+02
-4.6150e+06 3.6306e+01 7.3799e+02 -3.4135e+03 -1.4909e+01 -6.4004e+02
-4.7773e+06 3.6310e+01 4.6061e+02 -3.4619e+03 -2.7509e+01 -6.4640e+02
-4.6122e+06 3.6306e+01 1.7533e+02 -3.4881e+03 -2.6582e+00 -6.4688e+02
-5.3127e+06 4.9709e+01 1.4727e+04 -1.0543e+04 -3.5646e+05 1.4832e+05
-1.9665e+07 4.6246e+01 1.1678e+04 -8.1875e+03 -4.4755e+05 1.9241e+05
-4.5862e+07 3.9006e+01 8.6905e+03 -5.7759e+03 -4.5417e+05 1.9457e+05
-1.1605e+07 3.9275e+01 5.7638e+03 -3.3190e+03 -4.1090e+05 1.7147e+05
-3.4981e+07 4.0632e+01 3.2922e+03 -1.1706e+03 -2.0222e+05 7.6281e+04
-4.6808e+07 3.5476e+01 3.2770e+03 -1.2126e+03 -1.5091e+04 1.3028e+03
1.1483e+07 3.0571e+01 3.2602e+03 -1.2570e+03 3.4534e+03 -7.2183e+02
-1.7494e+06 3.0803e+01 3.2417e+03 -1.3040e+03 -2.6175e+02 -5.2587e+02
1.6352e+07 3.4665e+01 3.2212e+03 -1.3538e+03 1.2494e+03 -5.8716e+02
-3.7325e+06 3.8006e+01 3.1984e+03 -1.4067e+03 -7.0018e+02 -5.8271e+02
5.8022e+06 3.8031e+01 3.1731e+03 -1.4629e+03 2.2165e+02 -5.8575e+02
-6.2911e+06 3.7221e+01 3.1449e+03 -1.5227e+03 -2.3515e+02 -5.9371e+02
8.7692e+03 3.6939e+01 3.1133e+03 -1.5863e+03 3.1059e+01 -5.9377e+02
-7.9274e+06 3.6663e+01 3.0778e+03 -1.6541e+03 -3.0257e+02 -5.9581e+02
-2.4982e+06 3.6482e+01 3.0379e+03 -1.7264e+03 6.4840e+01 -5.9251e+02
-7.2138e+06 3.6383e+01 2.9928e+03 -1.8035e+03 -1.3081e+02 -5.9426e+02
-3.3791e+06 3.6348e+01 2.9417e+03 -1.8857e+03 7.4630e+01 -5.9047e+02
-6.5362e+06 3.6320e+01 2.8836e+03 -1.9734e+03 -9.4982e+01 -5.9078e+02
-3.9152e+06 3.6316e+01 2.8175e+03 -2.0667e+03 5.8214e+01 -5.8785e+02
-5.9988e+06 3.6309e+01 2.7421e+03 -2.1658e+03 -6.9594e+01 -5.8712e+02
-4.2543e+06 3.6311e+01 2.6557e+03 -2.2709e+03 3.3139e+01 -5.8436e+02
-5.6069e+06 3.6306e+01 2.5568e+03 -2.3818e+03 -5.8758e+01 -5.8299e+02
-4.3871e+06 3.6306e+01 2.4434e+03 -2.4980e+03 1.4571e+01 -5.8054e+02
-5.2116e+06 3.6304e+01 2.3135e+03 -2.6188e+03 -4.2047e+01 -5.7922e+02
-4.4311e+06 3.6305e+01 2.1649e+03 -2.7429e+03 4.2733e+00 -5.7757e+02
-5.0262e+06 3.6301e+01 1.9955e+03 -2.8685e+03 -4.1044e+01 -5.7738e+02
-4.5171e+06 3.6298e+01 1.8035e+03 -2.9930e+03 -1.0756e+01 -5.7798e+02
-4.9055e+06 3.6299e+01 1.5876e+03 -3.1130e+03 -4.1641e+01 -5.7978e+02
-4.5937e+06 3.6303e+01 1.3473e+03 -3.2243e+03 -1.9698e+01 -5.8228e+02
-4.8306e+06 3.6304e+01 1.0838e+03 -3.3222e+03 -3.0662e+01 -5.8623e+02
-4.6389e+06 3.6307e+01 7.9956e+02 -3.4018e+03 -2.1278e+01 -5.9092e+02
-4.7955e+06 3.6310e+01 4.9897e+02 -3.4587e+03 -3.2477e+01 -5.9639e+02
-4.6374e+06 3.6307e+01 1.8807e+02 -3.4895e+03 -4.7729e+00 -5.9481e+02
-2.9819e+06 5.0379e+01 1.4683e+04 -9.8832e+03 -3.8129e+05 1.5651e+05
-3.0177e+07 4.5680e+01 1.1586e+04 -7.6031e+03 -4.5102e+05 1.9300e+05
-3.8945e+07 3.8376e+01 8.5457e+03 -5.2711e+03 -4.5203e+05 1.9453e+05
-1.9564e+07 3.9003e+01 5.5610e+03 -2.8974e+03 -3.8989e+05 1.6427e+05
-3.7862e+07 4.0203e+01 3.3279e+03 -1.0717e+03 -1.8035e+05 6.8919e+04
-4.2800e+07 3.5287e+01 3.3149e+03 -1.1111e+03 -1.3122e+04 1.0408e+03
1.0926e+07 3.0770e+01 3.3006e+03 -1.1529e+03 2.9981e+03 -6.6781e+02
-4.0912e+05 3.1141e+01 3.2848e+03 -1.1973e+03 -8.3226e+01 -4.6893e+02
1.5136e+07 3.5030e+01 3.2672e+03 -1.2445e+03 1.0620e+03 -5.3146e+02
-3.3662e+06 3.8119e+01 3.2476e+03 -1.2947e+03 -6.1762e+02 -5.3153e+02
5.1644e+06 3.7980e+01 3.2258e+03 -1.3482e+03 2.0521e+02 -5.3485e+02
-6.0740e+06 3.7184e+01 3.2013e+03 -1.4054e+03 -2.0855e+02 -5.4203e+02
-4.5433e+05 3.6914e+01 3.1738e+03 -1.4665e+03 3.9263e+00 -5.4322e+02
-7.7260e+06 3.6643e+01 3.1427e+03 -1.5319e+03 -2.7774e+02 -5.4657e+02
-2.7467e+06 3.6472e+01 3.1076e+03 -1.6021e+03 5.8081e+01 -5.4341e+02
-7.1173e+06 3.6380e+01 3.0676e+03 -1.6773e+03 -1.2422e+02 -5.4467e+02
-3.5470e+06 3.6346e+01 3.0221e+03 -1.7580e+03 6.5731e+01 -5.4089e+02
-6.4246e+06 3.6319e+01 2.9700e+03 -1.8447e+03 -8.3388e+01 -5.4065e+02
-3.9965e+06 3.6315e+01 2.9101e+03 -1.9377e+03 5.4055e+01 -5.3754e+02
-5.9209e+06 3.6308e+01 2.8412e+03 -2.0375e+03 -6.2346e+01 -5.3650e+02
-4.2826e+06 3.6309e+01 2.7615e+03 -2.1444e+03 3.2204e+01 -5.3333e+02
-5.4807e+06 3.6305e+01 2.6691e+03 -2.2583e+03 -4.4625e+01 -5.3124e+02
-4.3629e+06 3.6305e+01 2.5618e+03 -2.3793e+03 1.9122e+01 -5.2814e+02
-5.2013e+06 3.6304e+01 2.4372e+03 -2.5069e+03 -4.2821e+01 -5.2602e+02
-4.5102e+06 3.6306e+01 2.2924e+03 -2.6399e+03 -5.5050e+00 -5.2359e+02
-5.0679e+06 3.6303e+01 2.1247e+03 -2.7767e+03 -4.8805e+01 -5.2243e+02
-4.5910e+06 3.6299e+01 1.9311e+03 -2.9147e+03 -2.3108e+01 -5.2248e+02
-4.9237e+06 3.6299e+01 1.7096e+03 -3.0499e+03 -5.0158e+01 -5.2434e+02
-4.6346e+06 3.6304e+01 1.4587e+03 -3.1776e+03 -3.1698e+01 -5.2767e+02
-4.8510e+06 3.6305e+01 1.1788e+03 -3.2917e+03 -4.2020e+01 -5.3348e+02
-4.6732e+06 3.6307e+01 8.7246e+02 -3.3859e+03 -3.2530e+01 -5.4014e+02
-4.8052e+06 3.6310e+01 5.4478e+02 -3.4538e+03 -3.8626e+01 -5.5038e+02
-4.6518e+06 3.6306e+01 2.0334e+02 -3.4906e+03 -6.3695e+00 -5.5334e+02
3.3066e+06 5.0173e+01 1.4618e+04 -9.2283e+03 -4.0546e+05 1.6464e+05
-3.8290e+07 4.3772e+01 1.1476e+04 -7.0261e+03 -4.5415e+05 1.9358e+05
-3.0141e+07 3.6460e+01 8.3829e+03 -4.7769e+03 -4.4963e+05 1.9449e+05
-2.3370e+07 3.8180e+01 5.3415e+03 -2.4894e+03 -3.6844e+05 1.5719e+05
-3.7090e+07 3.9824e+01 3.3611e+03 -9.6951e+02 -1.5813e+05 6.1774e+04
-3.8421e+07 3.5380e+01 3.3503e+03 -1.0061e+03 -1.1103e+04 9.0858e+02
8.8602e+06 3.0835e+01 3.3384e+03 -1.0450e+03 2.4855e+03 -6.2283e+02
4.5954e+05 3.1022e+01 3.3251e+03 -1.0863e+03 8.2112e+01 -4.4837e+02
1.3615e+07 3.5179e+01 3.3104e+03 -1.1304e+03 8.8457e+02 -4.9293e+02
-2.8733e+06 3.8207e+01 3.2939e+03 -1.1775e+03 -5.4411e+02 -4.8509e+02
4.3009e+06 3.7939e+01 3.2755e+03 -1.2278e+03 1.6409e+02 -4.8662e+02
-5.7494e+06 3.7160e+01 3.2548e+03 -1.2817e+03 -1.8842e+02 -4.9339e+02
-9.9439e+05 3.6893e+01 3.2314e+03 -1.3397e+03 -1.8150e+01 -4.9411e+02
-7.4154e+06 3.6626e+01 3.2049e+03 -1.4019e+03 -2.5133e+02 -4.9715e+02
-3.0738e+06 3.6463e+01 3.1747e+03 -1.4690e+03 5.0888e+01 -4.9409e+02
-6.8967e+06 3.6378e+01 3.1402e+03 -1.5414e+03 -1.1272e+02 -4.9511e+02
-3.7833e+06 3.6346e+01 3.1006e+03 -1.6196e+03 5.6606e+01 -4.9155e+02
-6.2723e+06 3.6320e+01 3.0549e+03 -1.7041e+03 -7.6473e+01 -4.9106e+02
-4.1779e+06 3.6315e+01 3.0020e+03 -1.7957e+03 4.3941e+01 -4.8772e+02
-5.8340e+06 3.6308e+01 2.9405e+03 -1.8947e+03 -6.0171e+01 -4.8624e+02
-4.4004e+06 3.6310e+01 2.8686e+03 -2.0019e+03 2.5399e+01 -4.8258e+02
-5.4204e+06 3.6306e+01 2.7843e+03 -2.1176e+03 -4.2441e+01 -4.7950e+02
-4.4815e+06 3.6307e+01 2.6851e+03 -2.2422e+03 1.1341e+01 -4.7559e+02
-5.2511e+06 3.6307e+01 2.5679e+03 -2.3754e+03 -5.0609e+01 -4.7215e+02
-4.6596e+06 3.6309e+01 2.4295e+03 -2.5168e+03 -1.9457e+01 -4.6848e+02
-5.0995e+06 3.6306e+01 2.2661e+03 -2.6650e+03 -5.6121e+01 -4.6585e+02
-4.6751e+06 3.6304e+01 2.0736e+03 -2.8173e+03 -3.6205e+01 -4.6452e+02
-4.9466e+06 3.6303e+01 1.8485e+03 -2.9699e+03 -6.3420e+01 -4.6579e+02
-4.6842e+06 3.6305e+01 1.5880e+03 -3.1170e+03 -4.9572e+01 -4.6965e+02
-4.8654e+06 3.6304e+01 1.2911e+03 -3.2512e+03 -5.9732e+01 -4.7736e+02
-4.7091e+06 3.6307e+01 9.6000e+02 -3.3639e+03 -5.0108e+01 -4.8795e+02
-4.8193e+06 3.6310e+01 6.0039e+02 -3.4463e+03 -4.9569e+01 -4.9951e+02
-4.6788e+06 3.6306e+01 2.2200e+02 -3.4912e+03 -1.1985e+01 -5.0140e+02
6.1796e+06 4.9693e+01 1.4533e+04 -8.5798e+03 -4.2557e+05 1.7520e+05
-4.7705e+07 4.1845e+01 1.1345e+04 -6.4581e+03 -4.5691e+05 1.9418e+05
-2.3538e+07 3.5272e+01 8.2022e+03 -4.2944e+03 -4.4744e+05 1.9443e+05
-2.9925e+07 3.8343e+01 5.1056e+03 -2.0962e+03 -3.4706e+05 1.5013e+05
-3.9155e+07 3.9840e+01 3.3914e+03 -8.6435e+02 -1.3607e+05 5.4623e+04
-3.3626e+07 3.5121e+01 3.3827e+03 -8.9778e+02 -8.9829e+03 7.6779e+02
8.3275e+06 3.0609e+01 3.3730e+03 -9.3337e+02 2.0587e+03 -5.6819e+02
1.9520e+06 3.0964e+01 3.3623e+03 -9.7132e+02 2.8817e+02 -4.2099e+02
1.2088e+07 3.5409e+01 3.3503e+03 -1.0119e+03 6.8281e+02 -4.5366e+02
-2.4097e+06 3.8305e+01 3.3369e+03 -1.0553e+03 -4.7430e+02 -4.3823e+02
3.4748e+06 3.7888e+01 3.3218e+03 -1.1019e+03 1.2847e+02 -4.3851e+02
-5.3923e+06 3.7135e+01 3.3047e+03 -1.1520e+03 -1.5549e+02 -4.4561e+02
-1.5403e+06 3.6876e+01 3.2854e+03 -1.2059e+03 -4.6268e+01 -4.4547e+02
-7.1238e+06 3.6614e+01 3.2634e+03 -1.2642e+03 -2.2466e+02 -4.4771e+02
-3.3780e+06 3.6456e+01 3.2383e+03 -1.3273e+03 3.9285e+01 -4.4396e+02
-6.7003e+06 3.6376e+01 3.2093e+03 -1.3958e+03 -9.8183e+01 -4.4509e+02
-3.9725e+06 3.6344e+01 3.1759e+03 -1.4702e+03 4.5505e+01 -4.4189e+02
-6.1212e+06 3.6320e+01 3.1371e+03 -1.5513e+03 -6.2268e+01 -4.4173e+02
-4.3200e+06 3.6315e+01 3.0918e+03 -1.6398e+03 3.3758e+01 -4.3826e+02
-5.7997e+06 3.6310e+01 3.0386e+03 -1.7365e+03 -5.8727e+01 -4.3624e+02
-4.5129e+06 3.6311e+01 2.9756e+03 -1.8422e+03 1.5482e+01 -4.3207e+02
-5.4416e+06 3.6309e+01 2.9009e+03 -1.9578e+03 -4.7019e+01 -4.2823e+02
-4.6605e+06 3.6311e+01 2.8116e+03 -2.0840e+03 -6.7428e+00 -4.2337e+02
-5.2918e+06 3.6309e+01 2.7045e+03 -2.2213e+03 -5.2583e+01 -4.1809e+02
-4.7478e+06 3.6310e+01 2.5755e+03 -2.3697e+03 -2.6072e+01 -4.1193e+02
-5.1112e+06 3.6308e+01 2.4198e+03 -2.5284e+03 -6.0744e+01 -4.0669e+02
-4.7412e+06 3.6306e+01 2.2322e+03 -2.6955e+03 -5.1686e+01 -4.0261e+02
-4.9647e+06 3.6304e+01 2.0069e+03 -2.8672e+03 -8.1491e+01 -4.0197e+02
-4.7300e+06 3.6304e+01 1.7390e+03 -3.0372e+03 -7.5719e+01 -4.0562e+02
-4.8757e+06 3.6303e+01 1.4254e+03 -3.1964e+03 -8.7139e+01 -4.1550e+02
-4.7465e+06 3.6306e+01 1.0668e+03 -3.3333e+03 -7.9205e+01 -4.3064e+02
-4.8340e+06 3.6311e+01 6.6928e+02 -3.4352e+03 -6.9586e+01 -4.5136e+02
-4.7174e+06 3.6308e+01 2.4531e+02 -3.4912e+03 -2.2473e+01 -4.6126e+02
6.8686e+06 4.9369e+01 1.4428e+04 -7.9394e+03 -4.3637e+05 1.8636e+05
-5.1629e+07 4.0948e+01 1.1196e+04 -5.9005e+03 -4.5846e+05 1.9475e+05
-1.7831e+07 3.5551e+01 8.0036e+03 -3.8250e+03 -4.4548e+05 1.9433e+05
-3.1263e+07 3.9053e+01 4.8535e+03 -1.7191e+03 -3.2535e+05 1.4308e+05
-4.0060e+07 3.9360e+01 3.4186e+03 -7.5645e+02 -1.1405e+05 4.7488e+04
-2.6802e+07 3.4016e+01 3.4118e+03 -7.8644e+02 -6.7349e+03 6.4135e+02
6.2204e+06 3.0151e+01 3.4043e+03 -8.1842e+02 1.6248e+03 -4.8811e+02
4.3849e+06 3.1170e+01 3.3959e+03 -8.5259e+02 5.5095e+02 -3.6291e+02
9.5970e+06 3.5691e+01 3.3865e+03 -8.8919e+02 4.4652e+02 -3.9792e+02
-1.2745e+06 3.8314e+01 3.3759e+03 -9.2847e+02 -3.8290e+02 -3.8706e+02
2.0558e+06 3.7801e+01 3.3640e+03 -9.7074e+02 9.7090e+01 -3.9300e+02
-4.4742e+06 3.7107e+01 3.3505e+03 -1.0163e+03 -9.9137e+01 -4.0050e+02
-2.5486e+06 3.6860e+01 3.3351e+03 -1.0656e+03 -9.0707e+01 -3.9776e+02
-6.4458e+06 3.6604e+01 3.3176e+03 -1.1191e+03 -1.9034e+02 -3.9903e+02
-4.0380e+06 3.6451e+01 3.2974e+03 -1.1773e+03 1.6374e+01 -3.9504e+02
-6.2013e+06 3.6375e+01 3.2740e+03 -1.2407e+03 -7.2199e+01 -3.9620e+02
-4.3802e+06 3.6341e+01 3.2469e+03 -1.3101e+03 3.3274e+01 -3.9305e+02
-5.7365e+06 3.6319e+01 3.2151e+03 -1.3861e+03 -3.3768e+01 -3.9263e+02
-4.6276e+06 3.6315e+01 3.1777e+03 -1.4699e+03 2.2717e+01 -3.8932e+02
-5.5685e+06 3.6311e+01 3.1334e+03 -1.5622e+03 -4.0857e+01 -3.8670e+02
-4.6249e+06 3.6309e+01 3.0804e+03 -1.6643e+03 2.1358e+01 -3.8230e+02
-5.2273e+06 3.6308e+01 3.0166e+03 -1.7773e+03 -2.4462e+01 -3.7761e+02
-4.8200e+06 3.6311e+01 2.9393e+03 -1.9025e+03 -1.2925e+01 -3.7130e+02
-5.2299e+06 3.6311e+01 2.8448e+03 -2.0410e+03 -4.6400e+01 -3.6372e+02
-4.8546e+06 3.6310e+01 2.7286e+03 -2.1939e+03 -3.2320e+01 -3.5448e+02
-5.0772e+06 3.6309e+01 2.5851e+03 -2.3613e+03 -6.4395e+01 -3.4483e+02
-4.8242e+06 3.6308e+01 2.4072e+03 -2.5424e+03 -6.9343e+01 -3.3575e+02
-4.9499e+06 3.6304e+01 2.1870e+03 -2.7342e+03 -1.0164e+02 -3.3001e+02
-4.7780e+06 3.6302e+01 1.9162e+03 -2.9304e+03 -1.1049e+02 -3.3053e+02
-4.8689e+06 3.6301e+01 1.5879e+03 -3.1205e+03 -1.2866e+02 -3.4122e+02
-4.7901e+06 3.6306e+01 1.1996e+03 -3.2894e+03 -1.2786e+02 -3.6427e+02
-4.8461e+06 3.6312e+01 7.5672e+02 -3.4185e+03 -1.0684e+02 -3.9386e+02
-4.7559e+06 3.6309e+01 2.7522e+02 -3.4904e+03 -3.8121e+01 -4.0893e+02
1.5495e+06 4.8172e+01 1.4301e+04 -7.3087e+03 -4.4047e+05 1.9149e+05
-5.3902e+07 3.9403e+01 1.1026e+04 -5.3548e+03 -4.5918e+05 1.9512e+05
-1.6285e+07 3.5412e+01 7.7874e+03 -3.3702e+03 -4.4387e+05 1.9408e+05
-3.3536e+07 3.9212e+01 4.5857e+03 -1.3593e+03 -3.0366e+05 1.3579e+05
-4.4254e+07 3.8620e+01 3.4425e+03 -6.4610e+02 -9.2396e+04 4.0283e+04
-1.9051e+07 3.3341e+01 3.4375e+03 -6.7237e+02 -4.4672e+03 5.1011e+02
3.8888e+06 3.0280e+01 3.4318e+03 -7.0044e+02 1.0924e+03 -4.1450e+02
7.6905e+06 3.1492e+01 3.4256e+03 -7.3048e+02 8.0496e+02 -3.1121e+02
6.6560e+06 3.5662e+01 3.4185e+03 -7.6273e+02 1.8495e+02 -3.5005e+02
4.1163e+05 3.8065e+01 3.4106e+03 -7.9741e+02 -2.8090e+02 -3.3875e+02
1.5121e+05 3.7656e+01 3.4016e+03 -8.3483e+02 2.9271e+01 -3.3812e+02
-3.2139e+06 3.7072e+01 3.3914e+03 -8.7530e+02 -3.1896e+01 -3.4434e+02
-3.8297e+06 3.6840e+01 3.3798e+03 -9.1922e+02 -1.3869e+02 -3.4796e+02
-5.5282e+06 3.6593e+01 3.3664e+03 -9.6702e+02 -1.4398e+02 -3.5161e+02
-4.8558e+06 3.6443e+01 3.3510e+03 -1.0192e+03 -1.7000e+01 -3.4858e+02
-5.5800e+06 3.6373e+01 3.3330e+03 -1.0764e+03 -3.6256e+01 -3.4947e+02
-4.9437e+06 3.6338e+01 3.3120e+03 -1.1394e+03 5.9477e+00 -3.4639e+02
-5.3915e+06 3.6320e+01 3.2873e+03 -1.2089e+03 -1.2016e+01 -3.4508e+02
-5.0463e+06 3.6315e+01 3.2579e+03 -1.2859e+03 -8.7683e-01 -3.4184e+02
-5.3115e+06 3.6312e+01 3.2228e+03 -1.3716e+03 -1.8819e+01 -3.3870e+02
-4.8699e+06 3.6308e+01 3.1803e+03 -1.4674e+03 1.1593e+01 -3.3394e+02
-5.0521e+06 3.6308e+01 3.1285e+03 -1.5747e+03 -7.1794e+00 -3.2823e+02
-4.9859e+06 3.6311e+01 3.0648e+03 -1.6955e+03 -1.9129e+01 -3.2009e+02
-5.1229e+06 3.6311e+01 2.9855e+03 -1.8316e+03 -3.6865e+01 -3.1011e+02
-4.9752e+06 3.6311e+01 2.8858e+03 -1.9849e+03 -4.0597e+01 -2.9724e+02
-5.0181e+06 3.6311e+01 2.7593e+03 -2.1572e+03 -6.4826e+01 -2.8146e+02
-4.9122e+06 3.6309e+01 2.5977e+03 -2.3494e+03 -8.6413e+01 -2.6372e+02
-4.9145e+06 3.6305e+01 2.3901e+03 -2.5603e+03 -1.2311e+02 -2.4726e+02
-4.8389e+06 3.6302e+01 2.1239e+03 -2.7850e+03 -1.5771e+02 -2.3725e+02
-4.8532e+06 3.6302e+01 1.7863e+03 -3.0128e+03 -1.9402e+02 -2.4390e+02
-4.8409e+06 3.6308e+01 1.3680e+03 -3.2243e+03 -2.1324e+02 -2.7535e+02
-4.8440e+06 3.6313e+01 8.7111e+02 -3.3925e+03 -1.7894e+02 -3.2941e+02
-4.7919e+06 3.6309e+01 3.1503e+02 -3.4883e+03 -6.6262e+01 -3.6755e+02
-2.4213e+06 4.6159e+01 1.4153e+04 -6.6891e+03 -4.4288e+05 1.9221e+05
-5.4068e+07 3.6963e+01 1.0838e+04 -4.8225e+03 -4.5948e+05 1.9535e+05
-1.4460e+07 3.4968e+01 7.5539e+03 -2.9312e+03 -4.4221e+05 1.9376e+05
-3.3294e+07 3.9886e+01 4.3096e+03 -1.0222e+03 -2.8195e+05 1.2850e+05
-4.6847e+07 3.8941e+01 3.4629e+03 -5.3360e+02 -7.0958e+04 3.3159e+04
-1.0269e+07 3.3638e+01 3.4594e+03 -5.5593e+02 -2.0954e+03 3.5862e+02
1.3602e+06 3.0797e+01 3.4554e+03 -5.7980e+02 6.2107e+02 -3.7152e+02
1.1250e+07 3.1926e+01 3.4510e+03 -6.0540e+02 1.1000e+03 -2.8266e+02
3.5127e+06 3.5822e+01 3.4461e+03 -6.3292e+02 -6.7414e+01 -3.1253e+02
2.0053e+06 3.7988e+01 3.4405e+03 -6.6258e+02 -1.9058e+02 -2.9763e+02
-2.0121e+06 3.7584e+01 3.4341e+03 -6.9465e+02 -7.3332e+01 -2.9099e+02
-1.9098e+06 3.7043e+01 3.4269e+03 -7.2942e+02 2.8898e+01 -2.9261e+02
-5.1581e+06 3.6814e+01 3.4186e+03 -7.6726e+02 -1.7963e+02 -2.9997e+02
-4.5086e+06 3.6580e+01 3.4091e+03 -8.0857e+02 -9.0560e+01 -3.0418e+02
-5.7539e+06 3.6432e+01 3.3980e+03 -8.5387e+02 -5.4096e+01 -3.0227e+02
-4.8885e+06 3.6369e+01 3.3851e+03 -9.0372e+02 7.4408e-01 -3.0267e+02
-5.6452e+06 3.6334e+01 3.3699e+03 -9.5883e+02 -3.2140e+01 -3.0040e+02
-5.0261e+06 3.6321e+01 3.3519e+03 -1.0200e+03 2.9498e+00 -2.9878e+02
-5.5319e+06 3.6316e+01 3.3303e+03 -1.0884e+03 -3.0060e+01 -2.9584e+02
-5.0604e+06 3.6313e+01 3.3043e+03 -1.1651e+03 -3.1108e+00 -2.9226e+02
-5.2876e+06 3.6310e+01 3.2725e+03 -1.2516e+03 -1.8441e+01 -2.8747e+02
-4.9805e+06 3.6310e+01 3.2332e+03 -1.3498e+03 -6.2574e+00 -2.8117e+02
-5.1844e+06 3.6310e+01 3.1841e+03 -1.4618e+03 -2.7537e+01 -2.7194e+02
-4.9862e+06 3.6311e+01 3.1219e+03 -1.5903e+03 -2.3611e+01 -2.5935e+02
-5.0898e+06 3.6311e+01 3.0420e+03 -1.7383e+03 -4.5683e+01 -2.4226e+02
-4.9471e+06 3.6311e+01 2.9377e+03 -1.9093e+03 -6.0178e+01 -2.1868e+02
-4.9919e+06 3.6310e+01 2.7997e+03 -2.1064e+03 -9.8931e+01 -1.8842e+02
-4.8808e+06 3.6307e+01 2.6150e+03 -2.3318e+03 -1.4454e+02 -1.5235e+02
-4.9030e+06 3.6306e+01 2.3656e+03 -2.5844e+03 -2.1786e+02 -1.1734e+02
-4.8487e+06 3.6306e+01 2.0299e+03 -2.8556e+03 -2.9831e+02 -1.0208e+02
-4.8900e+06 3.6311e+01 1.5866e+03 -3.1238e+03 -3.7094e+02 -1.3556e+02
-4.8452e+06 3.6315e+01 1.0265e+03 -3.3499e+03 -3.3546e+02 -2.2439e+02
-4.8197e+06 3.6310e+01 3.7056e+02 -3.4840e+03 -1.3114e+02 -3.0241e+02
-7.0269e+06 4.4751e+01 1.3984e+04 -6.0824e+03 -4.4518e+05 1.9277e+05
-5.4830e+07 3.5690e+01 1.0630e+04 -4.3052e+03 -4.5970e+05 1.9554e+05
-1.3706e+07 3.6410e+01 7.3036e+03 -2.5093e+03 -4.4048e+05 1.9347e+05
-3.5542e+07 4.2509e+01 4.0193e+03 -7.0414e+02 -2.6038e+05 1.2138e+05
-5.0297e+07 4.0134e+01 3.4795e+03 -4.1933e+02 -4.9749e+04 2.6161e+04
-1.2343e+06 3.3496e+01 3.4773e+03 -4.3749e+02 2.5714e+02 2.0922e+02
-4.4746e+05 3.0397e+01 3.4748e+03 -4.5694e+02 1.7650e+02 -3.1523e+02
1.4509e+07 3.2015e+01 3.4720e+03 -4.7781e+02 1.3887e+03 -2.4717e+02
4.1913e+05 3.6253e+01 3.4688e+03 -5.0028e+02 -3.0775e+02 -2.6042e+02
3.6357e+06 3.8168e+01 3.4652e+03 -5.2453e+02 -7.3533e+01 -2.4378e+02
-4.1068e+06 3.7567e+01 3.4611e+03 -5.5080e+02 -1.5158e+02 -2.5062e+02
-6.6784e+05 3.7015e+01 3.4564e+03 -5.7935e+02 9.8105e+01 -2.5333e+02
-6.4457e+06 3.6789e+01 3.4511e+03 -6.1048e+02 -2.2414e+02 -2.5563e+02
-3.5706e+06 3.6567e+01 3.4449e+03 -6.4457e+02 -3.7160e+01 -2.5586e+02
-6.5661e+06 3.6422e+01 3.4376e+03 -6.8205e+02 -9.0078e+01 -2.5466e+02
-4.2589e+06 3.6365e+01 3.4291e+03 -7.2346e+02 4.1837e+01 -2.5463e+02
-6.2057e+06 3.6329e+01 3.4191e+03 -7.6945e+02 -6.1487e+01 -2.5356e+02
-4.6323e+06 3.6320e+01 3.4071e+03 -8.2078e+02 3.2109e+01 -2.5231e+02
-5.8809e+06 3.6313e+01 3.3927e+03 -8.7843e+02 -4.7799e+01 -2.5010e+02
-4.7839e+06 3.6312e+01 3.3752e+03 -9.4360e+02 2.1857e+01 -2.4673e+02
-5.5865e+06 3.6309e+01 3.3536e+03 -1.0178e+03 -3.5103e+01 -2.4235e+02
-4.8445e+06 3.6310e+01 3.3265e+03 -1.1029e+03 8.9248e+00 -2.3574e+02
-5.3369e+06 3.6308e+01 3.2923e+03 -1.2013e+03 -2.8508e+01 -2.2612e+02
-4.8456e+06 3.6309e+01 3.2481e+03 -1.3161e+03 -4.9549e+00 -2.1189e+02
-5.1933e+06 3.6309e+01 3.1900e+03 -1.4512e+03 -4.4187e+01 -1.9113e+02
-4.8663e+06 3.6309e+01 3.1121e+03 -1.6115e+03 -4.6325e+01 -1.6006e+02
-5.0634e+06 3.6307e+01 3.0052e+03 -1.8030e+03 -9.9733e+01 -1.1396e+02
-4.8365e+06 3.6307e+01 2.8551e+03 -2.0323e+03 -1.5419e+02 -4.7569e+01
-4.9700e+06 3.6307e+01 2.6401e+03 -2.3048e+03 -2.7782e+02 3.9922e+01
-4.8393e+06 3.6309e+01 2.3277e+03 -2.6199e+03 -4.4664e+02 1.2529e+02
-4.9429e+06 3.6314e+01 1.8758e+03 -2.9603e+03 -6.7070e+02 1.3886e+02
-4.8409e+06 3.6318e+01 1.2478e+03 -3.2749e+03 -7.1368e+02 -9.3737e+00
-4.8556e+06 3.6311e+01 4.5336e+02 -3.4751e+03 -3.1357e+02 -2.0965e+02
-1.0178e+07 4.4961e+01 1.3794e+04 -5.4901e+03 -4.4725e+05 1.9335e+05
-5.2502e+07 3.5906e+01 1.0404e+04 -3.8042e+03 -4.5944e+05 1.9566e+05
-1.0838e+07 3.8423e+01 7.0372e+03 -2.1057e+03 -4.3770e+05 1.9074e+05
-3.4467e+07 4.4808e+01 3.7158e+03 -4.0629e+02 -2.4029e+05 1.1054e+05
-5.2455e+07 4.0465e+01 3.4923e+03 -3.0365e+02 -3.1154e+04 1.7773e+04
8.1727e+06 3.2620e+01 3.4911e+03 -3.1748e+02 2.0948e+03 6.7887e+01
-2.6195e+06 2.9744e+01 3.4897e+03 -3.3229e+02 -4.5016e+02 -1.8078e+02
1.7425e+07 3.1929e+01 3.4881e+03 -3.4821e+02 1.3705e+03 -1.5943e+02
-3.3915e+06 3.6381e+01 3.4864e+03 -3.6536e+02 -7.0147e+02 -1.8100e+02
4.9753e+06 3.8173e+01 3.4844e+03 -3.8389e+02 -3.9737e+01 -1.7196e+02
-6.1648e+06 3.7507e+01 3.4821e+03 -4.0399e+02 -2.1587e+02 -1.8702e+02
6.4280e+05 3.6976e+01 3.4795e+03 -4.2586e+02 1.6829e+02 -1.9883e+02
-7.7950e+06 3.6765e+01 3.4765e+03 -4.4976e+02 -2.6653e+02 -2.0739e+02
-2.5683e+06 3.6554e+01 3.4730e+03 -4.7598e+02 1.0737e+01 -2.0716e+02
-7.4698e+06 3.6413e+01 3.4689e+03 -5.0488e+02 -1.2372e+02 -2.0766e+02
-3.5327e+06 3.6362e+01 3.4641e+03 -5.3690e+02 7.9559e+01 -2.0656e+02
-6.8029e+06 3.6324e+01 3.4583e+03 -5.7257e+02 -8.5217e+01 -2.0594e+02
-4.0991e+06 3.6317e+01 3.4515e+03 -6.1256e+02 6.8145e+01 -2.0447e+02
-6.2019e+06 3.6307e+01 3.4432e+03 -6.5770e+02 -5.4034e+01 -2.0287e+02
-4.3918e+06 3.6308e+01 3.4329e+03 -7.0902e+02 5.3150e+01 -1.9997e+02
-5.8182e+06 3.6305e+01 3.4203e+03 -7.6788e+02 -4.1803e+01 -1.9630e+02
-4.6268e+06 3.6307e+01 3.4042e+03 -8.3602e+02 2.8611e+01 -1.9012e+02
-5.5023e+06 3.6306e+01 3.3837e+03 -9.1574e+02 -3.1196e+01 -1.8120e+02
-4.7268e+06 3.6308e+01 3.3567e+03 -1.0101e+03 1.1784e+01 -1.6713e+02
-5.3010e+06 3.6306e+01 3.3205e+03 -1.1233e+03 -3.8097e+01 -1.4518e+02
-4.7900e+06 3.6305e+01 3.2707e+03 -1.2611e+03 -2.4552e+01 -1.0952e+02
-5.1298e+06 3.6304e+01 3.1998e+03 -1.4314e+03 -8.5093e+01 -4.9894e+01
-4.8041e+06 3.6305e+01 3.0954e+03 -1.6450e+03 -1.3799e+02 5.1924e+01
-5.0264e+06 3.6307e+01 2.9353e+03 -1.9161e+03 -3.0406e+02 2.2327e+02
-4.8330e+06 3.6310e+01 2.6800e+03 -2.2594e+03 -6.0541e+02 4.8507e+02
-4.9857e+06 3.6315e+01 2.2611e+03 -2.6786e+03 -1.2088e+03 7.5378e+02
-4.8474e+06 3.6320e+01 1.5818e+03 -3.1282e+03 -1.7673e+03 6.5269e+02
-4.8933e+06 3.6313e+01 5.8970e+02 -3.4554e+03 -9.4016e+02 1.3793e+02
-1.6470e+07 4.6545e+01 1.3584e+04 -4.9137e+03 -4.4970e+05 1.9402e+05
-4.7873e+07 3.7440e+01 1.0160e+04 -3.3209e+03 -4.5820e+05 1.9570e+05
-9.1939e+06 3.8849e+01 6.7554e+03 -1.7215e+03 -4.2994e+05 1.8189e+05
-3.2418e+07 4.3475e+01 3.5016e+03 -1.7821e+02 -2.2270e+05 9.1904e+04
-4.9993e+07 3.8839e+01 3.5011e+03 -1.8697e+02 -2.0045e+04 7.5255e+03
1.5293e+07 3.1823e+01 3.5006e+03 -1.9634e+02 3.1636e+03 -1.7794e+02
-2.6827e+06 2.9769e+01 3.5000e+03 -2.0637e+02 -7.9891e+02 -1.4194e+02
1.8433e+07 3.2311e+01 3.4994e+03 -2.1716e+02 1.1276e+03 -1.5677e+02
-5.5834e+06 3.6531e+01 3.4986e+03 -2.2878e+02 -1.0366e+03 -1.4262e+02
5.6501e+06 3.8100e+01 3.4978e+03 -2.4135e+02 -5.8884e+01 -1.3616e+02
-7.4721e+06 3.7454e+01 3.4968e+03 -2.5499e+02 -2.7621e+02 -1.4194e+02
1.1605e+06 3.6954e+01 3.4957e+03 -2.6984e+02 1.7143e+02 -1.5000e+02
-8.5573e+06 3.6741e+01 3.4944e+03 -2.8608e+02 -2.9169e+02 -1.6044e+02
-2.0819e+06 3.6538e+01 3.4929e+03 -3.0393e+02 4.0084e+01 -1.6012e+02
-7.9090e+06 3.6406e+01 3.4911e+03 -3.2362e+02 -1.4713e+02 -1.6422e+02
-3.2233e+06 3.6362e+01 3.4890e+03 -3.4549e+02 9.2840e+01 -1.6084e+02
-7.0872e+06 3.6324e+01 3.4865e+03 -3.6990e+02 -1.0566e+02 -1.6177e+02
-3.8817e+06 3.6318e+01 3.4835e+03 -3.9735e+02 7.9801e+01 -1.5923e+02
-6.3782e+06 3.6307e+01 3.4798e+03 -4.2843e+02 -6.7090e+01 -1.5949e+02
-4.2196e+06 3.6308e+01 3.4752e+03 -4.6393e+02 6.3220e+01 -1.5666e+02
-5.8981e+06 3.6304e+01 3.4695e+03 -5.0486e+02 -4.5536e+01 -1.5481e+02
-4.4855e+06 3.6306e+01 3.4622e+03 -5.5256e+02 4.0033e+01 -1.4937e+02
-5.6033e+06 3.6305e+01 3.4527e+03 -6.0886e+02 -3.6068e+01 -1.4326e+02
-4.6821e+06 3.6308e+01 3.4402e+03 -6.7628e+02 1.8697e+01 -1.3111e+02
-5.3767e+06 3.6306e+01 3.4230e+03 -7.5840e+02 -3.1911e+01 -1.1280e+02
-4.7501e+06 3.6305e+01 3.3988e+03 -8.6043e+02 -4.2917e+00 -7.9015e+01
-5.1865e+06 3.6304e+01 3.3632e+03 -9.9028e+02 -5.8016e+01 -1.9102e+01
-4.7870e+06 3.6306e+01 3.3085e+03 -1.1602e+03 -8.9835e+01 9.9349e+01
-5.0730e+06 3.6307e+01 3.2187e+03 -1.3900e+03 -2.4814e+02 3.4509e+02
-4.8255e+06 3.6309e+01 3.0599e+03 -1.7114e+03 -6.2326e+02 8.8778e+02
-5.0267e+06 3.6314e+01 2.7531e+03 -2.1708e+03 -1.8454e+03 2.0634e+03
-4.8496e+06 3.6320e+01 2.1144e+03 -2.7966e+03 -5.1426e+03 3.4265e+03
-4.9292e+06 3.6312e+01 8.5413e+02 -3.4003e+03 -3.5557e+03 2.5373e+03
-2.7384e+07 4.6516e+01 1.3355e+04 -4.3547e+03 -4.5269e+05 1.9459e+05
-3.8246e+07 4.2150e+01 9.8988e+03 -2.8566e+03 -4.5600e+05 1.9565e+05
-9.6156e+06 4.4098e+01 6.4592e+03 -1.3578e+03 -4.1343e+05 1.7230e+05
-2.6044e+07 4.3921e+01 3.5060e+03 -6.5195e+01 -2.0324e+05 7.6894e+04
-3.9496e+07 3.7257e+01 3.5059e+03 -6.9710e+01 -1.5300e+04 1.8177e+03
2.2739e+07 3.1369e+01 3.5058e+03 -7.4530e+01 4.0069e+03 -3.3203e+02
2.5110e+06 3.0318e+01 3.5057e+03 -7.9689e+01 -1.4345e+02 -2.7007e+02
1.9272e+07 3.3127e+01 3.5055e+03 -8.5228e+01 1.1715e+03 -2.8710e+02
-5.4801e+06 3.6851e+01 3.5054e+03 -9.1191e+01 -9.8607e+02 -2.1704e+02
5.2861e+06 3.7983e+01 3.5052e+03 -9.7634e+01 -9.6191e-01 -1.6734e+02
-7.5052e+06 3.7394e+01 3.5050e+03 -1.0462e+02 -2.8045e+02 -1.3352e+02
6.8382e+05 3.6963e+01 3.5047e+03 -1.1222e+02 1.2026e+02 -1.0767e+02
-8.5479e+06 3.6723e+01 3.5045e+03 -1.2053e+02 -3.0713e+02 -1.0371e+02
-2.1972e+06 3.6526e+01 3.5041e+03 -1.2966e+02 6.1257e+01 -1.0220e+02
-7.8525e+06 3.6402e+01 3.5037e+03 -1.3974e+02 -1.5166e+02 -1.0563e+02
-3.2972e+06 3.6362e+01 3.5033e+03 -1.5092e+02 9.2406e+01 -1.0505e+02
-7.0615e+06 3.6327e+01 3.5027e+03 -1.6341e+02 -1.0641e+02 -1.0479e+02
-3.9405e+06 3.6320e+01 3.5020e+03 -1.7747e+02 7.4323e+01 -1.0630e+02
-6.3976e+06 3.6309e+01 3.5012e+03 -1.9341e+02 -7.5375e+01 -1.0396e+02
-4.3028e+06 3.6310e+01 3.5001e+03 -2.1165e+02 5.2564e+01 -1.0577e+02
-5.8597e+06 3.6304e+01 3.4988e+03 -2.3273e+02 -4.3766e+01 -1.0161e+02
-4.5063e+06 3.6306e+01 3.4970e+03 -2.5739e+02 4.3148e+01 -1.0223e+02
-5.5746e+06 3.6304e+01 3.4948e+03 -2.8664e+02 -3.0121e+01 -9.5352e+01
-4.7143e+06 3.6307e+01 3.4917e+03 -3.2189e+02 2.4979e+01 -9.2412e+01
-5.3524e+06 3.6306e+01 3.4874e+03 -3.6524e+02 -1.9554e+01 -7.7870e+01
-4.7814e+06 3.6306e+01 3.4813e+03 -4.1982e+02 1.4644e+01 -6.0581e+01
-5.1725e+06 3.6305e+01 3.4720e+03 -4.9064e+02 -2.1353e+01 -1.7319e+01
-4.8091e+06 3.6305e+01 3.4571e+03 -5.8614e+02 -1.9329e+01 6.3992e+01
-5.0560e+06 3.6305e+01 3.4314e+03 -7.2164e+02 -1.0513e+02 2.7242e+02
-4.8379e+06 3.6307e+01 3.3815e+03 -9.2771e+02 -3.3538e+02 8.5236e+02
-5.0164e+06 3.6312e+01 3.2671e+03 -1.2732e+03 -1.5102e+03 2.9699e+03
-4.8653e+06 3.6316e+01 2.9271e+03 -1.9306e+03 -1.0366e+04 1.6666e+04
-4.9395e+06 3.6309e+01 1.5523e+03 -3.1442e+03 -9.1615e+03 3.3059e+04
-3.8200e+07 4.7246e+01 1.3107e+04 -3.8145e+03 -4.5485e+05 1.9493e+05
-3.3108e+07 4.6595e+01 9.6211e+03 -2.4123e+03 -4.5468e+05 1.9557e+05
-1.4243e+07 4.8824e+01 6.1496e+03 -1.0155e+03 -3.9886e+05 1.7325e+05
-2.5752e+07 4.5141e+01 3.5066e+03 4.7949e+01 -1.8794e+05 7.7678e+04
-3.0680e+07 3.6811e+01 3.5066e+03 4.7710e+01 -1.3113e+04 1.8009e+03
2.7995e+07 3.1589e+01 3.5066e+03 4.7470e+01 4.6381e+03 -2.2628e+02
7.4892e+06 3.1421e+01 3.5066e+03 4.7228e+01 7.6950e+02 -9.6831e+00
1.9745e+07 3.4300e+01 3.5066e+03 4.6985e+01 1.3639e+03 -6.5512e+01
-4.1889e+06 3.7340e+01 3.5066e+03 4.6740e+01 -8.0831e+02 -3.1199e+01
5.4163e+06 3.7930e+01 3.5066e+03 4.6494e+01 8.1336e+01 -6.2832e+01
-7.1345e+06 3.7329e+01 3.5066e+03 4.6246e+01 -2.4180e+02 -5.9306e+01
1.1206e+05 3.6973e+01 3.5066e+03 4.5998e+01 8.2410e+01 -7.4583e+01
-8.2540e+06 3.6717e+01 3.5066e+03 4.5748e+01 -3.1363e+02 -6.4092e+01
-2.5764e+06 3.6522e+01 3.5066e+03 4.5497e+01 6.9540e+01 -7.4729e+01
-7.5291e+06 3.6402e+01 3.5066e+03 4.5246e+01 -1.4130e+02 -6.5247e+01
-3.5996e+06 3.6359e+01 3.5066e+03 4.4993e+01 9.0875e+01 -7.6905e+01
-6.8091e+06 3.6326e+01 3.5066e+03 4.4739e+01 -9.3749e+01 -6.7517e+01
-4.1464e+06 3.6318e+01 3.5066e+03 4.4485e+01 7.0508e+01 -7.8460e+01
-6.1840e+06 3.6306e+01 3.5066e+03 4.4230e+01 -6.1623e+01 -6.9150e+01
-4.3968e+06 3.6306e+01 3.5066e+03 4.3974e+01 5.3404e+01 -7.9154e+01
-5.7863e+06 3.6302e+01 3.5066e+03 4.3717e+01 -3.9929e+01 -7.0674e+01
-4.6263e+06 3.6304e+01 3.5066e+03 4.3460e+01 4.0091e+01 -8.0366e+01
-5.5214e+06 3.6301e+01 3.5066e+03 4.3202e+01 -1.9338e+01 -7.1877e+01
-4.7450e+06 3.6302e+01 3.5066e+03 4.2944e+01 3.2423e+01 -8.1606e+01
-5.3152e+06 3.6302e+01 3.5066e+03 4.2686e+01 -6.7524e+00 -7.3178e+01
-4.8052e+06 3.6304e+01 3.5066e+03 4.2427e+01 2.6404e+01 -8.2656e+01
-5.1636e+06 3.6303e+01 3.5066e+03 4.2168e+01 2.0756e+00 -7.4226e+01
-4.8247e+06 3.6303e+01 3.5066e+03 4.1908e+01 2.0746e+01 -8.3604e+01
-5.0524e+06 3.6302e+01 3.5066e+03 4.1649e+01 -1.1615e+01 -7.5378e+01
-4.8449e+06 3.6304e+01 3.5066e+03 4.1389e+01 -9.4144e+01 -8.6064e+01
-5.0074e+06 3.6307e+01 3.5066e+03 4.1129e+01 -8.3507e+02 -8.5612e+01
-4.8809e+06 3.6310e+01 3.5066e+03 4.0869e+01 -1.2681e+04 -2.3545e+02
-4.9439e+06 3.6306e+01 3.5066e+03 4.0609e+01 -1.1939e+04 -2.1915e+02
