  1    1089
-3.6958e+06 3.6281e+01 -3.5066e+03 4.0729e+01 4.2782e+01 -8.0886e+01
-3.6490e+06 3.6280e+01 -3.5068e+03 4.0717e+01 4.3878e+01 -3.0573e+01
-3.6528e+06 3.6284e+01 -3.5068e+03 4.1004e+01 4.1556e+01 1.7934e+01
-3.6865e+06 3.6293e+01 -3.5066e+03 4.1590e+01 2.7404e+01 6.9391e+01
-3.7229e+06 3.6294e+01 -3.5063e+03 4.2476e+01 2.2578e+01 1.1970e+02
-3.6711e+06 3.6288e+01 -3.5057e+03 4.3659e+01 3.6440e+01 1.7013e+02
-3.8316e+06 3.6287e+01 -3.5050e+03 4.5139e+01 3.1766e+01 2.2017e+02
-4.0289e+06 3.6292e+01 -3.5041e+03 4.6915e+01 1.8224e+01 2.7003e+02
-4.2080e+06 3.6296e+01 -3.5030e+03 4.8985e+01 1.4728e+01 3.1986e+02
-4.3628e+06 3.6296e+01 -3.5017e+03 5.1347e+01 6.7500e+00 3.6962e+02
-4.5492e+06 3.6381e+01 -3.5003e+03 5.4000e+01 4.0302e+00 4.1904e+02
-4.6771e+06 3.6953e+01 -3.4987e+03 5.6941e+01 1.4943e+01 4.6876e+02
-4.8913e+06 3.7044e+01 -3.4969e+03 6.0167e+01 2.5536e+01 5.2060e+02
-5.2256e+06 3.5197e+01 -3.4949e+03 6.3677e+01 3.0161e+01 5.7206e+02
-5.7388e+06 3.1614e+01 -3.4927e+03 6.7466e+01 2.6896e+01 6.1963e+02
-6.4275e+06 2.5565e+01 -3.4904e+03 7.1533e+01 -1.9373e+00 6.6636e+02
-7.0715e+06 1.9208e+01 -3.4878e+03 7.5873e+01 -3.5058e+01 7.1514e+02
-7.3515e+06 1.6761e+01 -3.4851e+03 8.0483e+01 -3.8950e+01 7.6432e+02
-7.4318e+06 1.6756e+01 -3.4823e+03 8.5360e+01 -3.1650e+01 8.1297e+02
-7.4694e+06 1.6753e+01 -3.4792e+03 9.0499e+01 -2.8455e+01 8.6154e+02
-7.4407e+06 1.6752e+01 -3.4760e+03 9.5897e+01 -3.0224e+01 9.1031e+02
-7.1925e+06 1.8880e+01 -3.4727e+03 1.0155e+02 -2.0921e+01 9.5875e+02
-6.6282e+06 2.5060e+01 -3.4691e+03 1.0745e+02 1.6669e+01 1.0067e+03
-5.9619e+06 3.1675e+01 -3.4654e+03 1.1360e+02 5.9968e+01 1.0544e+03
-5.5676e+06 3.3803e+01 -3.4615e+03 1.1999e+02 7.3611e+01 1.1020e+03
-5.5145e+06 3.2487e+01 -3.4575e+03 1.2661e+02 4.7571e+01 1.1500e+03
-5.4475e+06 3.2914e+01 -3.4533e+03 1.3346e+02 2.2364e+01 1.1963e+03
-5.1390e+06 3.5284e+01 -3.4489e+03 1.4054e+02 2.3707e+01 1.2394e+03
-4.8529e+06 3.6311e+01 -3.4444e+03 1.4785e+02 2.0291e+01 1.2834e+03
-4.7067e+06 3.6286e+01 -3.4398e+03 1.5536e+02 2.5954e+00 1.3306e+03
-4.6413e+06 3.6299e+01 -3.4349e+03 1.6309e+02 -1.4621e+00 1.3766e+03
-4.5562e+06 3.6303e+01 -3.4300e+03 1.7102e+02 -2.9851e-01 1.4199e+03
-4.5470e+06 3.6309e+01 -3.4248e+03 1.7915e+02 -3.5940e+00 1.4667e+03
-4.0746e+06 3.6298e+01 -3.5062e+03 4.0260e+01 5.1271e+00 -1.3252e+02
-4.1490e+06 3.6302e+01 -3.5066e+03 4.0246e+01 -5.9712e+00 -7.8627e+01
-4.1619e+06 3.6305e+01 -3.5068e+03 4.0531e+01 -9.3429e+00 -1.8322e+01
-4.2705e+06 3.6311e+01 -3.5068e+03 4.1117e+01 -1.9486e+01 2.9961e+01
-4.2546e+06 3.6309e+01 -3.5066e+03 4.2001e+01 -2.1310e+01 8.0532e+01
-4.1573e+06 3.6300e+01 -3.5063e+03 4.3183e+01 -8.4389e-01 1.3078e+02
-4.0447e+06 3.6355e+01 -3.5057e+03 4.4662e+01 1.6625e+01 1.8137e+02
-4.0839e+06 3.6530e+01 -3.5050e+03 4.6438e+01 2.3292e+01 2.3179e+02
-4.1334e+06 3.6581e+01 -3.5041e+03 4.8507e+01 2.5588e+01 2.8144e+02
-4.2767e+06 3.6458e+01 -3.5030e+03 5.0870e+01 2.4160e+01 3.3091e+02
-4.4343e+06 3.5998e+01 -3.5017e+03 5.3523e+01 2.4966e+01 3.8118e+02
-4.7153e+06 3.4773e+01 -3.5003e+03 5.6464e+01 2.4597e+01 4.3126e+02
-5.1592e+06 3.1571e+01 -3.4987e+03 5.9692e+01 9.2017e+00 4.8147e+02
-5.7562e+06 2.6451e+01 -3.4969e+03 6.3202e+01 -1.7585e+01 5.3179e+02
-6.2466e+06 2.2920e+01 -3.4949e+03 6.6994e+01 -3.0576e+01 5.8163e+02
-6.6170e+06 2.0770e+01 -3.4927e+03 7.1063e+01 -3.4374e+01 6.3083e+02
-6.8666e+06 1.8081e+01 -3.4904e+03 7.5406e+01 -4.1321e+01 6.7924e+02
-6.9598e+06 1.6754e+01 -3.4878e+03 8.0019e+01 -3.7949e+01 7.2748e+02
-6.9605e+06 1.6748e+01 -3.4852e+03 8.4900e+01 -2.6907e+01 7.7551e+02
-7.0318e+06 1.6747e+01 -3.4823e+03 9.0043e+01 -2.1787e+01 8.2390e+02
-7.1789e+06 1.6750e+01 -3.4793e+03 9.5446e+01 -3.0088e+01 8.7213e+02
-7.0750e+06 2.0055e+01 -3.4761e+03 1.0110e+02 -1.6745e+01 9.2042e+02
-6.5600e+06 2.7120e+01 -3.4727e+03 1.0701e+02 3.1169e+01 9.6714e+02
-6.0425e+06 3.1797e+01 -3.4691e+03 1.1317e+02 5.9547e+01 1.0127e+03
-5.7401e+06 3.2734e+01 -3.4654e+03 1.1956e+02 5.9131e+01 1.0593e+03
-5.5766e+06 3.2713e+01 -3.4616e+03 1.2619e+02 5.5169e+01 1.1067e+03
-5.4923e+06 3.2667e+01 -3.4575e+03 1.3306e+02 3.9476e+01 1.1535e+03
-5.3175e+06 3.4124e+01 -3.4533e+03 1.4014e+02 2.2588e+01 1.2022e+03
-4.9704e+06 3.6692e+01 -3.4490e+03 1.4746e+02 2.5352e+01 1.2491e+03
-4.7158e+06 3.7041e+01 -3.4445e+03 1.5498e+02 1.6690e+01 1.2937e+03
-4.5984e+06 3.6287e+01 -3.4398e+03 1.6272e+02 4.8968e+00 1.3408e+03
-4.5373e+06 3.6299e+01 -3.4350e+03 1.7066e+02 2.5983e+00 1.3841e+03
-4.5063e+06 3.6307e+01 -3.4300e+03 1.7881e+02 -2.8475e+00 1.4173e+03
-4.4797e+06 3.5885e+01 -3.5056e+03 3.9488e+01 -1.0902e+01 -1.8100e+02
-4.5597e+06 3.5356e+01 -3.5062e+03 3.9472e+01 -2.4113e+01 -1.4044e+02
-4.5851e+06 3.5775e+01 -3.5066e+03 3.9757e+01 -9.2480e+00 -8.4261e+01
-4.5560e+06 3.6414e+01 -3.5068e+03 4.0340e+01 -3.2072e+00 -3.4320e+01
-4.5773e+06 3.6515e+01 -3.5068e+03 4.1223e+01 -6.6404e+00 1.5949e+01
-4.5186e+06 3.6451e+01 -3.5066e+03 4.2404e+01 -1.4991e+00 6.5914e+01
-4.5051e+06 3.6008e+01 -3.5063e+03 4.3883e+01 2.9782e+00 1.1610e+02
-4.5115e+06 3.5148e+01 -3.5057e+03 4.5658e+01 1.7939e+00 1.6627e+02
-4.5542e+06 3.4593e+01 -3.5050e+03 4.7727e+01 4.9916e+00 2.1604e+02
-4.5532e+06 3.4441e+01 -3.5041e+03 5.0089e+01 1.6247e+01 2.6649e+02
-4.6686e+06 3.3222e+01 -3.5030e+03 5.2743e+01 2.1338e+01 3.1755e+02
-4.9703e+06 3.0349e+01 -3.5017e+03 5.5685e+01 1.2904e+01 3.6690e+02
-5.4943e+06 2.6106e+01 -3.5003e+03 5.8913e+01 -6.0287e+00 4.1498e+02
-6.1195e+06 2.0812e+01 -3.4987e+03 6.2425e+01 -3.4910e+01 4.6387e+02
-6.5343e+06 1.7508e+01 -3.4969e+03 6.6219e+01 -4.1683e+01 5.1365e+02
-6.5791e+06 1.6931e+01 -3.4949e+03 7.0290e+01 -1.3283e+01 5.6383e+02
-6.4532e+06 1.6827e+01 -3.4927e+03 7.4635e+01 1.6551e+01 6.1356e+02
-6.2359e+06 1.6735e+01 -3.4904e+03 7.9252e+01 4.1888e+01 6.6271e+02
-6.0299e+06 1.6727e+01 -3.4879e+03 8.4136e+01 7.1558e+01 7.1109e+02
-6.1390e+06 1.6728e+01 -3.4852e+03 8.9284e+01 7.2271e+01 7.5926e+02
-6.6374e+06 1.6740e+01 -3.4823e+03 9.4692e+01 2.3909e+01 8.0702e+02
-7.0521e+06 1.8241e+01 -3.4793e+03 1.0035e+02 -1.3959e+01 8.5489e+02
-7.0312e+06 2.0974e+01 -3.4761e+03 1.0627e+02 -1.0444e+01 9.0172e+02
-6.8210e+06 2.2225e+01 -3.4727e+03 1.1243e+02 -7.0461e+00 9.4889e+02
-6.6474e+06 2.2513e+01 -3.4692e+03 1.1883e+02 -1.4234e+01 9.9710e+02
-6.4633e+06 2.3491e+01 -3.4655e+03 1.2547e+02 -8.4935e+00 1.0439e+03
-6.3301e+06 2.4144e+01 -3.4616e+03 1.3234e+02 -1.2728e+01 1.0882e+03
-6.1276e+06 2.7080e+01 -3.4576e+03 1.3944e+02 -2.5822e+01 1.1365e+03
-5.5233e+06 3.4325e+01 -3.4534e+03 1.4676e+02 6.3470e+00 1.1842e+03
-4.8570e+06 3.8269e+01 -3.4490e+03 1.5430e+02 3.8229e+01 1.2305e+03
-4.5653e+06 3.7112e+01 -3.4445e+03 1.6205e+02 3.3061e+01 1.2757e+03
-4.4885e+06 3.6286e+01 -3.4399e+03 1.7001e+02 1.6113e+01 1.3298e+03
-4.4469e+06 3.6305e+01 -3.4351e+03 1.7816e+02 -2.8011e+00 1.3696e+03
-4.6397e+06 3.4788e+01 -3.5048e+03 3.8414e+01 -4.8569e+00 -2.3478e+02
-4.8698e+06 3.2450e+01 -3.5056e+03 3.8397e+01 -2.4158e+01 -1.9065e+02
-4.8492e+06 3.2681e+01 -3.5062e+03 3.8680e+01 -3.9847e+00 -1.3375e+02
-4.7948e+06 3.3968e+01 -3.5066e+03 3.9262e+01 1.2936e+01 -8.3960e+01
-4.7640e+06 3.4215e+01 -3.5068e+03 4.0144e+01 9.4438e+00 -3.3479e+01
-4.7776e+06 3.4227e+01 -3.5068e+03 4.1324e+01 1.0289e+01 1.6718e+01
-4.8163e+06 3.3223e+01 -3.5066e+03 4.2802e+01 4.6031e+00 6.6990e+01
-4.9708e+06 3.0868e+01 -3.5063e+03 4.4576e+01 -1.3877e+01 1.1724e+02
-5.0187e+06 2.9522e+01 -3.5057e+03 4.6645e+01 -2.0512e+01 1.6726e+02
-5.0150e+06 2.9588e+01 -3.5050e+03 4.9007e+01 -1.2077e+01 2.1752e+02
-5.0652e+06 2.8877e+01 -3.5041e+03 5.1660e+01 -8.5487e+00 2.6749e+02
-5.2751e+06 2.7230e+01 -3.5030e+03 5.4603e+01 -8.7502e+00 3.1645e+02
-5.6346e+06 2.5284e+01 -3.5017e+03 5.7832e+01 -8.8110e+00 3.6542e+02
-6.1826e+06 2.1953e+01 -3.5003e+03 6.1346e+01 -2.3228e+01 4.1530e+02
-6.6003e+06 1.8415e+01 -3.4987e+03 6.5141e+01 -2.8788e+01 4.6506e+02
-6.6579e+06 1.6924e+01 -3.4969e+03 6.9214e+01 -1.1029e+00 5.1440e+02
-6.4974e+06 1.6745e+01 -3.4949e+03 7.3562e+01 2.7094e+01 5.6374e+02
-6.2690e+06 1.6735e+01 -3.4927e+03 7.8182e+01 4.7560e+01 6.1290e+02
-6.0280e+06 1.6727e+01 -3.4904e+03 8.3070e+01 7.4393e+01 6.6192e+02
-6.1083e+06 1.6728e+01 -3.4879e+03 8.8223e+01 7.1997e+01 7.1066e+02
-6.6268e+06 1.6740e+01 -3.4852e+03 9.3635e+01 2.3788e+01 7.5913e+02
-7.1515e+06 1.6748e+01 -3.4823e+03 9.9303e+01 -1.8350e+01 8.0760e+02
-7.3407e+06 1.6749e+01 -3.4793e+03 1.0522e+02 -2.7893e+01 8.5536e+02
-7.3203e+06 1.6751e+01 -3.4761e+03 1.1139e+02 -2.9256e+01 9.0291e+02
-7.2474e+06 1.6904e+01 -3.4727e+03 1.1780e+02 -3.4428e+01 9.5086e+02
-7.1360e+06 1.7552e+01 -3.4692e+03 1.2445e+02 -3.3139e+01 9.9808e+02
-7.0212e+06 1.8027e+01 -3.4655e+03 1.3133e+02 -3.5452e+01 1.0430e+03
-6.8978e+06 1.9498e+01 -3.4616e+03 1.3844e+02 -5.6343e+01 1.0888e+03
-6.4060e+06 2.6222e+01 -3.4576e+03 1.4577e+02 -4.5472e+01 1.1352e+03
-5.4962e+06 3.4596e+01 -3.4534e+03 1.5332e+02 8.5648e+00 1.1802e+03
-4.7659e+06 3.7263e+01 -3.4491e+03 1.6108e+02 4.2583e+01 1.2258e+03
-4.4995e+06 3.6538e+01 -3.4446e+03 1.6905e+02 2.9372e+01 1.2804e+03
-4.4097e+06 3.6305e+01 -3.4400e+03 1.7722e+02 -2.4243e+00 1.3190e+03
-4.6822e+06 3.4265e+01 -3.5039e+03 3.7039e+01 1.1238e+00 -2.8523e+02
-4.9791e+06 3.0296e+01 -3.5048e+03 3.7021e+01 -2.6866e+01 -2.4191e+02
-5.1325e+06 2.8516e+01 -3.5056e+03 3.7302e+01 -2.3008e+01 -1.8537e+02
-5.1220e+06 2.8815e+01 -3.5062e+03 3.7883e+01 -1.3758e+01 -1.3590e+02
-5.1334e+06 2.9004e+01 -3.5066e+03 3.8763e+01 -1.6386e+01 -8.5321e+01
-5.1042e+06 2.9208e+01 -3.5068e+03 3.9942e+01 -1.2894e+01 -3.4769e+01
-5.1292e+06 2.8765e+01 -3.5068e+03 4.1419e+01 -1.2152e+01 1.5622e+01
-5.1934e+06 2.7330e+01 -3.5066e+03 4.3192e+01 -2.1458e+01 6.6180e+01
-5.2477e+06 2.6501e+01 -3.5063e+03 4.5260e+01 -2.4866e+01 1.1662e+02
-5.2204e+06 2.6590e+01 -3.5057e+03 4.7622e+01 -2.0049e+01 1.6643e+02
-5.2354e+06 2.6546e+01 -3.5050e+03 5.0276e+01 -1.5249e+01 2.1603e+02
-5.3021e+06 2.6342e+01 -3.5041e+03 5.3219e+01 -6.4699e+00 2.6558e+02
-5.5192e+06 2.6039e+01 -3.5030e+03 5.6449e+01 6.2079e+00 3.1520e+02
-5.9851e+06 2.3942e+01 -3.5018e+03 5.9964e+01 -1.0266e+00 3.6542e+02
-6.5886e+06 1.9909e+01 -3.5003e+03 6.3760e+01 -2.6619e+01 4.1499e+02
-6.9376e+06 1.7257e+01 -3.4987e+03 6.7836e+01 -3.4224e+01 4.6372e+02
-7.0265e+06 1.6759e+01 -3.4969e+03 7.2187e+01 -2.9143e+01 5.1288e+02
-6.9807e+06 1.6753e+01 -3.4949e+03 7.6810e+01 -2.6992e+01 5.6208e+02
-6.9174e+06 1.6749e+01 -3.4927e+03 8.1701e+01 -2.1997e+01 6.1104e+02
-6.9571e+06 1.6748e+01 -3.4904e+03 8.6858e+01 -2.1369e+01 6.5948e+02
-7.1390e+06 1.6749e+01 -3.4879e+03 9.2275e+01 -2.6466e+01 7.0788e+02
-7.3157e+06 1.6751e+01 -3.4852e+03 9.7949e+01 -2.4200e+01 7.5626e+02
-7.3983e+06 1.6752e+01 -3.4824e+03 1.0388e+02 -1.6126e+01 8.0427e+02
-7.3992e+06 1.6754e+01 -3.4793e+03 1.1005e+02 -1.3717e+01 8.5184e+02
-7.3791e+06 1.6757e+01 -3.4761e+03 1.1647e+02 -1.6459e+01 8.9921e+02
-7.3368e+06 1.6761e+01 -3.4728e+03 1.2312e+02 -1.9616e+01 9.4651e+02
-7.2819e+06 1.6764e+01 -3.4692e+03 1.3001e+02 -2.3032e+01 9.9328e+02
-7.2043e+06 1.6771e+01 -3.4655e+03 1.3713e+02 -4.0359e+01 1.0403e+03
-6.9689e+06 1.8845e+01 -3.4617e+03 1.4447e+02 -6.3969e+01 1.0879e+03
-6.2898e+06 2.5094e+01 -3.4577e+03 1.5203e+02 -5.0632e+01 1.1322e+03
-5.3008e+06 3.2141e+01 -3.4535e+03 1.5980e+02 2.0575e+00 1.1735e+03
-4.5979e+06 3.5715e+01 -3.4492e+03 1.6778e+02 2.1256e+01 1.2286e+03
-4.3192e+06 3.6372e+01 -3.4447e+03 1.7597e+02 -1.3830e+01 1.2703e+03
-4.6351e+06 3.4520e+01 -3.5028e+03 3.5365e+01 7.6991e+00 -3.3636e+02
-4.9528e+06 3.0281e+01 -3.5039e+03 3.5344e+01 -1.5043e+01 -2.9244e+02
-5.1800e+06 2.7018e+01 -3.5048e+03 3.5624e+01 -2.1170e+01 -2.3566e+02
-5.2734e+06 2.6240e+01 -3.5056e+03 3.6203e+01 -1.9467e+01 -1.8653e+02
-5.2679e+06 2.6281e+01 -3.5062e+03 3.7082e+01 -2.1498e+01 -1.3615e+02
-5.2615e+06 2.6413e+01 -3.5066e+03 3.8259e+01 -1.9790e+01 -8.5759e+01
-5.2231e+06 2.6472e+01 -3.5068e+03 3.9735e+01 -1.7841e+01 -3.5835e+01
-5.2185e+06 2.6359e+01 -3.5068e+03 4.1507e+01 -1.6817e+01 1.4226e+01
-5.1747e+06 2.6269e+01 -3.5066e+03 4.3575e+01 -1.3479e+01 6.4710e+01
-5.1457e+06 2.6261e+01 -3.5063e+03 4.5936e+01 -9.2425e+00 1.1491e+02
-5.1126e+06 2.6253e+01 -3.5057e+03 4.8590e+01 -4.8578e+00 1.6488e+02
-5.1468e+06 2.6244e+01 -3.5050e+03 5.1533e+01 2.3773e+00 2.1455e+02
-5.2837e+06 2.6241e+01 -3.5041e+03 5.4764e+01 1.4679e+01 2.6436e+02
-5.7222e+06 2.4423e+01 -3.5030e+03 5.8280e+01 8.8821e+00 3.1476e+02
-6.4013e+06 2.0230e+01 -3.5018e+03 6.2078e+01 -2.3430e+01 3.6435e+02
-6.9499e+06 1.7311e+01 -3.5003e+03 6.6155e+01 -4.0937e+01 4.1325e+02
-7.1888e+06 1.6765e+01 -3.4987e+03 7.0509e+01 -3.6991e+01 4.6242e+02
-7.2851e+06 1.6762e+01 -3.4969e+03 7.5135e+01 -3.3610e+01 5.1145e+02
-7.3151e+06 1.6758e+01 -3.4949e+03 8.0030e+01 -3.2342e+01 5.6023e+02
-7.3357e+06 1.6756e+01 -3.4927e+03 8.5191e+01 -2.9348e+01 6.0861e+02
-7.3501e+06 1.6753e+01 -3.4904e+03 9.0613e+01 -2.2545e+01 6.5693e+02
-7.3561e+06 1.6751e+01 -3.4879e+03 9.6292e+01 -1.3823e+01 7.0528e+02
-7.3439e+06 1.6750e+01 -3.4852e+03 1.0222e+02 -7.6960e+00 7.5339e+02
-7.3366e+06 1.6750e+01 -3.4824e+03 1.0840e+02 -6.1151e+00 8.0119e+02
-7.3190e+06 1.6752e+01 -3.4794e+03 1.1483e+02 -7.6122e+00 8.4867e+02
-7.3005e+06 1.6755e+01 -3.4762e+03 1.2149e+02 -9.9720e+00 8.9591e+02
-7.2730e+06 1.6759e+01 -3.4728e+03 1.2839e+02 -1.3796e+01 9.4292e+02
-7.2212e+06 1.6766e+01 -3.4693e+03 1.3552e+02 -2.3890e+01 9.8945e+02
-7.0784e+06 1.6774e+01 -3.4656e+03 1.4287e+02 -5.0320e+01 1.0369e+03
-6.6713e+06 1.8260e+01 -3.4617e+03 1.5044e+02 -7.8564e+01 1.0850e+03
-5.7972e+06 2.3714e+01 -3.4577e+03 1.5823e+02 -5.9547e+01 1.1277e+03
-4.7543e+06 3.1129e+01 -3.4536e+03 1.6622e+02 -2.7477e+01 1.1785e+03
-3.9865e+06 3.5483e+01 -3.4492e+03 1.7441e+02 -3.6928e+01 1.2188e+03
-4.6204e+06 3.4448e+01 -3.5015e+03 3.3391e+01 3.8723e+00 -3.8762e+02
-4.8892e+06 3.0119e+01 -3.5028e+03 3.3369e+01 -1.6932e+01 -3.4396e+02
-5.1188e+06 2.6953e+01 -3.5039e+03 3.3646e+01 -1.9488e+01 -2.8704e+02
-5.1861e+06 2.6276e+01 -3.5048e+03 3.4224e+01 -1.2330e+01 -2.3763e+02
-5.1968e+06 2.6270e+01 -3.5056e+03 3.5101e+01 -1.0819e+01 -1.8726e+02
-5.1532e+06 2.6268e+01 -3.5062e+03 3.6277e+01 -9.0260e+00 -1.3688e+02
-5.1065e+06 2.6265e+01 -3.5066e+03 3.7751e+01 -7.5450e+00 -8.6709e+01
-5.0362e+06 2.6262e+01 -3.5068e+03 3.9522e+01 -6.0288e+00 -3.6629e+01
-4.9851e+06 2.6258e+01 -3.5068e+03 4.1589e+01 -3.0884e+00 1.3515e+01
-4.9217e+06 2.6253e+01 -3.5066e+03 4.3950e+01 -1.0672e-01 6.3640e+01
-4.8949e+06 2.6247e+01 -3.5063e+03 4.6603e+01 2.8984e+00 1.1377e+02
-4.8982e+06 2.6239e+01 -3.5057e+03 4.9547e+01 6.7044e+00 1.6363e+02
-5.0176e+06 2.6226e+01 -3.5050e+03 5.2778e+01 1.3888e+01 2.1341e+02
-5.3821e+06 2.4694e+01 -3.5041e+03 5.6295e+01 7.7997e+00 2.6309e+02
-6.0425e+06 2.0858e+01 -3.5030e+03 6.0095e+01 -2.1346e+01 3.1248e+02
-6.6349e+06 1.7702e+01 -3.5018e+03 6.4174e+01 -3.9671e+01 3.6178e+02
-6.9904e+06 1.6810e+01 -3.5003e+03 6.8530e+01 -3.3937e+01 4.1130e+02
-7.1488e+06 1.6760e+01 -3.4987e+03 7.3159e+01 -2.3362e+01 4.6054e+02
-7.2370e+06 1.6758e+01 -3.4969e+03 7.8057e+01 -1.5840e+01 5.0931e+02
-7.2776e+06 1.6755e+01 -3.4949e+03 8.3222e+01 -1.1708e+01 5.5807e+02
-7.3003e+06 1.6754e+01 -3.4928e+03 8.8649e+01 -9.5393e+00 6.0661e+02
-7.2903e+06 1.6752e+01 -3.4904e+03 9.4333e+01 -7.4875e+00 6.5486e+02
-7.2775e+06 1.6750e+01 -3.4879e+03 1.0027e+02 -5.6356e+00 7.0289e+02
-7.2399e+06 1.6750e+01 -3.4852e+03 1.0646e+02 -5.5972e+00 7.5075e+02
-7.2148e+06 1.6751e+01 -3.4824e+03 1.1289e+02 -8.7194e+00 7.9830e+02
-7.1749e+06 1.6754e+01 -3.4794e+03 1.1956e+02 -1.3494e+01 8.4530e+02
-7.1559e+06 1.6757e+01 -3.4762e+03 1.2647e+02 -1.9046e+01 8.9241e+02
-7.1083e+06 1.6764e+01 -3.4728e+03 1.3361e+02 -2.8976e+01 9.3919e+02
-6.9597e+06 1.6773e+01 -3.4693e+03 1.4097e+02 -4.9718e+01 9.8536e+02
-6.5028e+06 1.6775e+01 -3.4656e+03 1.4855e+02 -7.5677e+01 1.0332e+03
-5.6134e+06 1.8429e+01 -3.4618e+03 1.5635e+02 -7.2135e+01 1.0794e+03
-4.3958e+06 2.4068e+01 -3.4578e+03 1.6435e+02 -4.8705e+01 1.1316e+03
-3.0954e+06 3.1301e+01 -3.4536e+03 1.7256e+02 -2.2016e+01 1.1693e+03
-4.5311e+06 3.4839e+01 -3.5000e+03 3.1120e+01 -1.5706e+00 -4.3842e+02
-4.7556e+06 3.1083e+01 -3.5015e+03 3.1096e+01 -2.0833e+01 -3.9525e+02
-4.9515e+06 2.7734e+01 -3.5028e+03 3.1371e+01 -2.3024e+01 -3.3832e+02
-5.0356e+06 2.6479e+01 -3.5039e+03 3.1947e+01 -1.5165e+01 -2.8899e+02
-5.0304e+06 2.6270e+01 -3.5048e+03 3.2822e+01 -1.1268e+01 -2.3849e+02
-4.9849e+06 2.6264e+01 -3.5056e+03 3.3996e+01 -6.7071e+00 -1.8805e+02
-4.8925e+06 2.6259e+01 -3.5062e+03 3.5469e+01 -2.4319e+00 -1.3776e+02
-4.8178e+06 2.6254e+01 -3.5066e+03 3.7239e+01 4.9530e-02 -8.7571e+01
-4.7386e+06 2.6250e+01 -3.5068e+03 3.9304e+01 2.3282e+00 -3.7456e+01
-4.6894e+06 2.6246e+01 -3.5068e+03 4.1665e+01 4.2160e+00 1.2565e+01
-4.6521e+06 2.6242e+01 -3.5066e+03 4.4318e+01 6.1480e+00 6.2662e+01
-4.6526e+06 2.6235e+01 -3.5063e+03 4.7261e+01 1.0213e+01 1.1277e+02
-4.7094e+06 2.6226e+01 -3.5057e+03 5.0493e+01 1.8364e+01 1.6264e+02
-4.9445e+06 2.5650e+01 -3.5050e+03 5.4010e+01 2.1107e+01 2.1210e+02
-5.4244e+06 2.3413e+01 -3.5041e+03 5.7811e+01 3.6155e+00 2.6165e+02
-5.9999e+06 2.0866e+01 -3.5030e+03 6.1892e+01 -1.7302e+01 3.1068e+02
-6.4460e+06 1.9479e+01 -3.5018e+03 6.6250e+01 -2.3713e+01 3.6003e+02
-6.7807e+06 1.8056e+01 -3.5003e+03 7.0882e+01 -2.7598e+01 4.0946e+02
-6.9900e+06 1.6945e+01 -3.4987e+03 7.5784e+01 -2.7522e+01 4.5817e+02
-7.0966e+06 1.6754e+01 -3.4969e+03 8.0952e+01 -2.1548e+01 5.0716e+02
-7.1583e+06 1.6755e+01 -3.4949e+03 8.6383e+01 -1.6897e+01 5.5586e+02
-7.1788e+06 1.6755e+01 -3.4928e+03 9.2073e+01 -1.3183e+01 6.0418e+02
-7.1634e+06 1.6753e+01 -3.4904e+03 9.8017e+01 -1.0959e+01 6.5235e+02
-7.1252e+06 1.6752e+01 -3.4879e+03 1.0421e+02 -1.2100e+01 7.0033e+02
-7.0542e+06 1.6753e+01 -3.4853e+03 1.1065e+02 -1.8094e+01 7.4799e+02
-6.9217e+06 1.7431e+01 -3.4824e+03 1.1733e+02 -1.8559e+01 7.9491e+02
-6.7936e+06 1.8487e+01 -3.4794e+03 1.2424e+02 -1.4826e+01 8.4219e+02
-6.7583e+06 1.8345e+01 -3.4762e+03 1.3139e+02 -2.6753e+01 8.8905e+02
-6.6625e+06 1.7453e+01 -3.4729e+03 1.3876e+02 -5.7453e+01 9.3482e+02
-6.0956e+06 1.6920e+01 -3.4694e+03 1.4635e+02 -7.2035e+01 9.8195e+02
-4.8413e+06 1.6937e+01 -3.4657e+03 1.5416e+02 -2.9544e+01 1.0280e+03
-3.2623e+06 1.9514e+01 -3.4619e+03 1.6218e+02 1.7865e+01 1.0818e+03
-1.6790e+06 2.6009e+01 -3.4579e+03 1.7040e+02 4.6130e+01 1.1205e+03
-4.3848e+06 3.5855e+01 -3.4983e+03 2.8554e+01 -3.9867e+00 -4.8959e+02
-4.4175e+06 3.3917e+01 -3.5000e+03 2.8527e+01 -5.1927e+00 -4.4601e+02
-4.5701e+06 3.0498e+01 -3.5015e+03 2.8800e+01 -3.6198e+00 -3.8858e+02
-4.7304e+06 2.7535e+01 -3.5028e+03 2.9373e+01 -9.9310e+00 -3.4002e+02
-4.8067e+06 2.6386e+01 -3.5039e+03 3.0246e+01 -1.3835e+01 -2.8987e+02
-4.7601e+06 2.6262e+01 -3.5048e+03 3.1419e+01 -9.3320e+00 -2.3915e+02
-4.6726e+06 2.6257e+01 -3.5056e+03 3.2890e+01 -3.9700e+00 -1.8886e+02
-4.5836e+06 2.6252e+01 -3.5062e+03 3.4658e+01 -1.7362e+00 -1.3865e+02
-4.5348e+06 2.6250e+01 -3.5066e+03 3.6723e+01 -7.8865e-01 -8.8491e+01
-4.4888e+06 2.6247e+01 -3.5068e+03 3.9082e+01 -2.9145e-01 -3.8455e+01
-4.4768e+06 2.6244e+01 -3.5068e+03 4.1734e+01 5.6981e-01 1.1510e+01
-4.4666e+06 2.6239e+01 -3.5066e+03 4.4677e+01 4.1574e+00 6.1585e+01
-4.5021e+06 2.6230e+01 -3.5063e+03 4.7909e+01 1.2330e+01 1.1156e+02
-4.6127e+06 2.6208e+01 -3.5057e+03 5.1427e+01 2.2333e+01 1.6128e+02
-4.8882e+06 2.5666e+01 -3.5050e+03 5.5229e+01 2.4276e+01 2.1082e+02
-5.2472e+06 2.5213e+01 -3.5041e+03 5.9311e+01 2.2218e+01 2.5986e+02
-5.6615e+06 2.4419e+01 -3.5030e+03 6.3671e+01 1.5681e+01 3.0988e+02
-6.0978e+06 2.1797e+01 -3.5018e+03 6.8305e+01 -5.5780e+00 3.5924e+02
-6.4406e+06 1.9591e+01 -3.5003e+03 7.3210e+01 -1.8674e+01 4.0716e+02
-6.6524e+06 1.8570e+01 -3.4987e+03 7.8383e+01 -2.0099e+01 4.5608e+02
-6.8351e+06 1.7470e+01 -3.4969e+03 8.3818e+01 -2.4477e+01 5.0485e+02
-6.9402e+06 1.6850e+01 -3.4949e+03 8.9512e+01 -2.5324e+01 5.5327e+02
-6.9854e+06 1.6757e+01 -3.4928e+03 9.5462e+01 -2.4012e+01 6.0178e+02
-6.9425e+06 1.6760e+01 -3.4905e+03 1.0166e+02 -2.6443e+01 6.4984e+02
-6.8177e+06 1.7232e+01 -3.4880e+03 1.0811e+02 -2.9642e+01 6.9738e+02
-6.5025e+06 1.9646e+01 -3.4853e+03 1.1479e+02 -1.2092e+01 7.4441e+02
-6.1838e+06 2.2463e+01 -3.4825e+03 1.2172e+02 1.2843e+01 7.9222e+02
-6.1056e+06 2.2291e+01 -3.4794e+03 1.2887e+02 1.3976e+00 8.3954e+02
-6.1169e+06 2.0546e+01 -3.4763e+03 1.3626e+02 -4.4706e+01 8.8457e+02
-5.5965e+06 1.9596e+01 -3.4729e+03 1.4386e+02 -6.8834e+01 9.3116e+02
-4.1304e+06 1.8951e+01 -3.4694e+03 1.5168e+02 -6.0804e+00 9.7715e+02
-2.0887e+06 1.9992e+01 -3.4657e+03 1.5971e+02 8.2080e+01 1.0307e+03
-3.1566e+05 2.4142e+01 -3.4619e+03 1.6794e+02 1.0590e+02 1.0707e+03
-4.2161e+06 3.6310e+01 -3.4965e+03 2.5694e+01 -4.6835e+00 -5.4063e+02
-4.0782e+06 3.5874e+01 -3.4983e+03 2.5665e+01 1.0574e+01 -4.9714e+02
-4.1099e+06 3.3260e+01 -3.5000e+03 2.5935e+01 2.0923e+01 -4.3930e+02
-4.3564e+06 2.8996e+01 -3.5015e+03 2.6506e+01 -2.9181e+00 -3.9078e+02
-4.5071e+06 2.6589e+01 -3.5028e+03 2.7377e+01 -2.2831e+01 -3.4113e+02
-4.4820e+06 2.6264e+01 -3.5039e+03 2.8547e+01 -2.2964e+01 -2.9024e+02
-4.3872e+06 2.6261e+01 -3.5048e+03 3.0016e+01 -2.1246e+01 -2.3980e+02
-4.3312e+06 2.6259e+01 -3.5056e+03 3.1782e+01 -2.1753e+01 -1.8966e+02
-4.2922e+06 2.6259e+01 -3.5062e+03 3.3845e+01 -2.1966e+01 -1.3951e+02
-4.2789e+06 2.6257e+01 -3.5066e+03 3.6203e+01 -2.0956e+01 -8.9383e+01
-4.2650e+06 2.6254e+01 -3.5068e+03 3.8854e+01 -1.7945e+01 -3.9401e+01
-4.2855e+06 2.6249e+01 -3.5068e+03 4.1797e+01 -1.3420e+01 1.0546e+01
-4.3405e+06 2.6243e+01 -3.5066e+03 4.5029e+01 -7.4948e+00 6.0363e+01
-4.4674e+06 2.6237e+01 -3.5063e+03 4.8547e+01 1.3427e+00 1.1013e+02
-4.6557e+06 2.6241e+01 -3.5057e+03 5.2349e+01 1.1903e+01 1.5955e+02
-4.9022e+06 2.6571e+01 -3.5050e+03 5.6433e+01 2.4118e+01 2.0907e+02
-5.1662e+06 2.6486e+01 -3.5041e+03 6.0795e+01 2.9470e+01 2.5932e+02
-5.4662e+06 2.5314e+01 -3.5030e+03 6.5431e+01 2.2330e+01 3.0827e+02
-5.7029e+06 2.4228e+01 -3.5018e+03 7.0339e+01 1.6803e+01 3.5661e+02
-5.9427e+06 2.2755e+01 -3.5003e+03 7.5514e+01 6.8896e+00 4.0604e+02
-6.2076e+06 2.0657e+01 -3.4987e+03 8.0954e+01 -1.0799e+01 4.5434e+02
-6.4183e+06 1.9326e+01 -3.4969e+03 8.6653e+01 -2.0448e+01 5.0240e+02
-6.5477e+06 1.8420e+01 -3.4950e+03 9.2608e+01 -2.8080e+01 5.5121e+02
-6.5718e+06 1.8083e+01 -3.4928e+03 9.8814e+01 -3.4644e+01 5.9909e+02
-6.3778e+06 1.9630e+01 -3.4905e+03 1.0527e+02 -2.6274e+01 6.4633e+02
-5.9811e+06 2.2861e+01 -3.4880e+03 1.1196e+02 3.8262e+00 6.9369e+02
-5.6016e+06 2.5344e+01 -3.4853e+03 1.1889e+02 3.1323e+01 7.4164e+02
-5.4805e+06 2.5440e+01 -3.4825e+03 1.2606e+02 2.4601e+01 7.8926e+02
-5.4743e+06 2.4646e+01 -3.4795e+03 1.3345e+02 -1.6832e+01 8.3475e+02
-5.1014e+06 2.4346e+01 -3.4763e+03 1.4106e+02 -6.0655e+01 8.8157e+02
-3.8257e+06 2.3549e+01 -3.4730e+03 1.4889e+02 -3.6904e+01 9.2756e+02
-1.7364e+06 2.3189e+01 -3.4695e+03 1.5694e+02 5.0114e+01 9.8084e+02
2.5886e+05 2.4838e+01 -3.4658e+03 1.6518e+02 9.8668e+01 1.0210e+03
-4.0839e+06 3.6318e+01 -3.4944e+03 2.2543e+01 -4.1645e+00 -5.9122e+02
-3.8416e+06 3.6315e+01 -3.4965e+03 2.2511e+01 1.3304e+01 -5.4786e+02
-3.7863e+06 3.4091e+01 -3.4983e+03 2.2778e+01 2.4921e+01 -4.9045e+02
-4.0394e+06 2.9359e+01 -3.5000e+03 2.3346e+01 -1.4776e+01 -4.4167e+02
-4.1494e+06 2.6557e+01 -3.5015e+03 2.4214e+01 -4.6137e+01 -3.9190e+02
-3.9575e+06 2.6262e+01 -3.5028e+03 2.5382e+01 -3.9514e+01 -3.4112e+02
-3.7769e+06 2.6259e+01 -3.5039e+03 2.6848e+01 -3.7039e+01 -2.9042e+02
-3.7272e+06 2.6261e+01 -3.5048e+03 2.8613e+01 -4.4254e+01 -2.4039e+02
-3.7421e+06 2.6264e+01 -3.5056e+03 3.0674e+01 -4.6594e+01 -1.9043e+02
-3.7556e+06 2.6262e+01 -3.5062e+03 3.3031e+01 -4.4868e+01 -1.4030e+02
-3.7812e+06 2.6258e+01 -3.5066e+03 3.5681e+01 -3.9803e+01 -9.0267e+01
-3.8432e+06 2.6254e+01 -3.5068e+03 3.8622e+01 -3.6759e+01 -4.0199e+01
-3.9694e+06 2.6251e+01 -3.5068e+03 4.1854e+01 -3.3231e+01 9.4978e+00
-4.1720e+06 2.6249e+01 -3.5066e+03 4.5372e+01 -2.3971e+01 5.9099e+01
-4.5050e+06 2.6178e+01 -3.5063e+03 4.9175e+01 -1.4741e+01 1.0874e+02
-4.8954e+06 2.5650e+01 -3.5057e+03 5.3259e+01 -9.4777e+00 1.5852e+02
-5.2132e+06 2.4901e+01 -3.5050e+03 5.7622e+01 -3.9683e+00 2.0802e+02
-5.3098e+06 2.5235e+01 -3.5041e+03 6.2261e+01 1.2664e+01 2.5708e+02
-5.2936e+06 2.6181e+01 -3.5030e+03 6.7171e+01 3.2287e+01 3.0649e+02
-5.3435e+06 2.5831e+01 -3.5018e+03 7.2350e+01 3.2323e+01 3.5568e+02
-5.4807e+06 2.4810e+01 -3.5003e+03 7.7793e+01 2.1273e+01 4.0354e+02
-5.6329e+06 2.3979e+01 -3.4987e+03 8.3496e+01 1.2623e+01 4.5215e+02
-5.8330e+06 2.2446e+01 -3.4969e+03 8.9456e+01 -5.1945e+00 5.0131e+02
-5.9183e+06 2.1763e+01 -3.4950e+03 9.5668e+01 -1.7694e+01 5.4859e+02
-5.7714e+06 2.3444e+01 -3.4928e+03 1.0213e+02 -5.6702e+00 5.9574e+02
-5.4918e+06 2.5375e+01 -3.4905e+03 1.0883e+02 1.4009e+01 6.4385e+02
-5.2708e+06 2.6110e+01 -3.4880e+03 1.1577e+02 2.3057e+01 6.9147e+02
-5.1532e+06 2.6233e+01 -3.4853e+03 1.2294e+02 1.6948e+01 7.3833e+02
-5.0713e+06 2.6293e+01 -3.4825e+03 1.3034e+02 -1.0481e+01 7.8467e+02
-4.6991e+06 2.6414e+01 -3.4795e+03 1.3797e+02 -5.1429e+01 8.3245e+02
-3.5679e+06 2.6088e+01 -3.4764e+03 1.4581e+02 -4.4817e+01 8.7826e+02
-1.6496e+06 2.5565e+01 -3.4730e+03 1.5386e+02 2.5037e+01 9.3122e+02
2.5987e+05 2.5773e+01 -3.4695e+03 1.6212e+02 7.2262e+01 9.7068e+02
-4.0292e+06 3.6324e+01 -3.4922e+03 1.9103e+01 -1.0323e+01 -6.4168e+02
-3.7280e+06 3.6309e+01 -3.4944e+03 1.9068e+01 6.1143e+00 -5.9789e+02
-3.5492e+06 3.4268e+01 -3.4965e+03 1.9332e+01 2.3881e+01 -5.4063e+02
-3.7220e+06 2.9747e+01 -3.4983e+03 1.9897e+01 -2.7018e+01 -4.9173e+02
-3.5973e+06 2.6756e+01 -3.5000e+03 2.0762e+01 -6.2504e+01 -4.4210e+02
-2.9119e+06 2.6248e+01 -3.5015e+03 2.1926e+01 -1.7709e+01 -3.9193e+02
-2.3996e+06 2.6236e+01 -3.5028e+03 2.3390e+01 6.2624e+00 -3.4116e+02
-2.3614e+06 2.6244e+01 -3.5039e+03 2.5152e+01 -1.6113e+01 -2.9103e+02
-2.4440e+06 2.6251e+01 -3.5048e+03 2.7211e+01 -2.7746e+01 -2.4127e+02
-2.5192e+06 2.6250e+01 -3.5056e+03 2.9566e+01 -2.6463e+01 -1.9113e+02
-2.5851e+06 2.6246e+01 -3.5062e+03 3.2215e+01 -2.3618e+01 -1.4104e+02
-2.7477e+06 2.6243e+01 -3.5066e+03 3.5155e+01 -3.0395e+01 -9.0946e+01
-2.9410e+06 2.6240e+01 -3.5068e+03 3.8386e+01 -3.0690e+01 -4.1154e+01
-3.2439e+06 2.6241e+01 -3.5068e+03 4.1904e+01 -1.5655e+01 8.2982e+00
-3.8698e+06 2.5722e+01 -3.5066e+03 4.5706e+01 -1.8644e+01 5.8112e+01
-4.7438e+06 2.3690e+01 -3.5063e+03 4.9791e+01 -4.8929e+01 1.0773e+02
-5.4002e+06 2.1403e+01 -3.5057e+03 5.4156e+01 -6.9663e+01 1.5674e+02
-5.5675e+06 2.1724e+01 -3.5050e+03 5.8796e+01 -5.0576e+01 2.0618e+02
-5.4072e+06 2.3599e+01 -3.5041e+03 6.3708e+01 -1.6351e+01 2.5570e+02
-5.2487e+06 2.4452e+01 -3.5030e+03 6.8890e+01 5.9919e-01 3.0476e+02
-5.1152e+06 2.5198e+01 -3.5018e+03 7.4336e+01 1.1019e+01 3.5318e+02
-5.0455e+06 2.5998e+01 -3.5003e+03 8.0044e+01 1.9004e+01 4.0189e+02
-5.1101e+06 2.5562e+01 -3.4987e+03 8.6008e+01 9.2509e+00 4.5074e+02
-5.2096e+06 2.5179e+01 -3.4969e+03 9.2226e+01 -2.0450e+00 4.9836e+02
-5.1838e+06 2.5788e+01 -3.4950e+03 9.8691e+01 1.8999e+00 5.4586e+02
-5.1217e+06 2.6230e+01 -3.4928e+03 1.0540e+02 6.8637e+00 5.9411e+02
-5.0757e+06 2.6248e+01 -3.4905e+03 1.1235e+02 4.8650e+00 6.4169e+02
-5.0379e+06 2.6252e+01 -3.4880e+03 1.1953e+02 -1.5073e+00 6.8825e+02
-4.9292e+06 2.6260e+01 -3.4854e+03 1.2694e+02 -2.0892e+01 7.3444e+02
-4.4953e+06 2.6263e+01 -3.4826e+03 1.3457e+02 -4.6477e+01 7.8202e+02
-3.2771e+06 2.6246e+01 -3.4796e+03 1.4243e+02 -1.9450e+01 8.2776e+02
-1.3984e+06 2.6220e+01 -3.4764e+03 1.5049e+02 4.9789e+01 8.8121e+02
2.4070e+05 2.6216e+01 -3.4731e+03 1.5877e+02 6.3520e+01 9.2109e+02
-4.0093e+06 3.6332e+01 -3.4898e+03 1.5377e+01 -1.6555e+01 -6.9209e+02
-3.6820e+06 3.6309e+01 -3.4922e+03 1.5338e+01 -1.7691e+00 -6.4833e+02
-3.3533e+06 3.4635e+01 -3.4944e+03 1.5599e+01 2.7430e+01 -5.9114e+02
-3.3546e+06 3.0507e+01 -3.4965e+03 1.6160e+01 -2.7564e+01 -5.4233e+02
-2.8599e+06 2.7140e+01 -3.4983e+03 1.7022e+01 -6.0636e+01 -4.9255e+02
-1.4507e+06 2.6232e+01 -3.5000e+03 1.8183e+01 3.4321e+01 -4.4250e+02
-4.3432e+05 2.6209e+01 -3.5015e+03 1.9644e+01 9.2246e+01 -3.9208e+02
-3.7952e+05 2.6221e+01 -3.5028e+03 2.1403e+01 4.9370e+01 -3.4149e+02
-6.0633e+05 2.6235e+01 -3.5039e+03 2.3460e+01 1.8071e+01 -2.9179e+02
-7.1054e+05 2.6234e+01 -3.5048e+03 2.5812e+01 2.2273e+01 -2.4173e+02
-7.6676e+05 2.6229e+01 -3.5056e+03 2.8459e+01 2.9979e+01 -1.9150e+02
-9.3628e+05 2.6226e+01 -3.5062e+03 3.1398e+01 2.1196e+01 -1.4157e+02
-1.1561e+06 2.6220e+01 -3.5066e+03 3.4627e+01 2.1282e+01 -9.1630e+01
-1.4878e+06 2.6246e+01 -3.5068e+03 3.8144e+01 4.4428e+01 -4.2194e+01
-2.4525e+06 2.4865e+01 -3.5068e+03 4.1947e+01 2.3398e+01 7.6631e+00
-3.9045e+06 2.1192e+01 -3.5066e+03 4.6032e+01 -5.9319e+01 5.7030e+01
-5.0020e+06 1.8227e+01 -3.5063e+03 5.0397e+01 -1.1324e+02 1.0579e+02
-5.3604e+06 1.8070e+01 -3.5057e+03 5.5039e+01 -1.0532e+02 1.5535e+02
-5.3461e+06 1.9005e+01 -3.5050e+03 5.9953e+01 -8.3868e+01 2.0471e+02
-5.2210e+06 1.9835e+01 -3.5041e+03 6.5137e+01 -7.0367e+01 2.5402e+02
-5.0050e+06 2.1576e+01 -3.5030e+03 7.0587e+01 -5.2193e+01 3.0314e+02
-4.7067e+06 2.4108e+01 -3.5018e+03 7.6298e+01 -2.5317e+01 3.5132e+02
-4.5431e+06 2.5787e+01 -3.5004e+03 8.2267e+01 -1.0642e+01 3.9966e+02
-4.5623e+06 2.6236e+01 -3.4987e+03 8.8489e+01 -1.6236e+01 4.4811e+02
-4.6545e+06 2.6245e+01 -3.4970e+03 9.4961e+01 -2.0926e+01 4.9579e+02
-4.7357e+06 2.6253e+01 -3.4950e+03 1.0168e+02 -1.8488e+01 5.4356e+02
-4.8512e+06 2.6262e+01 -3.4929e+03 1.0863e+02 -1.9367e+01 5.9136e+02
-4.9212e+06 2.6270e+01 -3.4905e+03 1.1582e+02 -2.3382e+01 6.3833e+02
-4.8708e+06 2.6278e+01 -3.4881e+03 1.2324e+02 -3.7429e+01 6.8430e+02
-4.4686e+06 2.6279e+01 -3.4854e+03 1.3089e+02 -6.1671e+01 7.3167e+02
-3.2964e+06 2.6259e+01 -3.4826e+03 1.3875e+02 -3.7001e+01 7.7776e+02
-1.4108e+06 2.6230e+01 -3.4796e+03 1.4683e+02 3.5993e+01 8.3144e+02
1.4531e+05 2.6225e+01 -3.4764e+03 1.5511e+02 4.7439e+01 8.7155e+02
-3.9740e+06 3.6337e+01 -3.4873e+03 1.1368e+01 -1.7525e+01 -7.4239e+02
-3.6449e+06 3.6316e+01 -3.4898e+03 1.1324e+01 -6.7434e+00 -6.9885e+02
-3.2523e+06 3.4704e+01 -3.4922e+03 1.1581e+01 2.0246e+01 -6.4162e+02
-3.0832e+06 3.0636e+01 -3.4944e+03 1.2139e+01 -3.6449e+01 -5.9328e+02
-2.2075e+06 2.7205e+01 -3.4965e+03 1.2997e+01 -6.3153e+01 -5.4318e+02
-2.7584e+05 2.6233e+01 -3.4983e+03 1.4155e+01 5.1106e+01 -4.9264e+02
1.1496e+06 2.6201e+01 -3.5000e+03 1.5612e+01 1.2772e+02 -4.4277e+02
1.2920e+06 2.6212e+01 -3.5015e+03 1.7369e+01 7.7391e+01 -3.9207e+02
9.8435e+05 2.6231e+01 -3.5028e+03 1.9422e+01 2.9447e+01 -3.4213e+02
8.4665e+05 2.6232e+01 -3.5039e+03 2.1772e+01 3.6358e+01 -2.9238e+02
8.1367e+05 2.6226e+01 -3.5048e+03 2.4416e+01 4.9523e+01 -2.4221e+02
6.8169e+05 2.6222e+01 -3.5056e+03 2.7353e+01 4.4735e+01 -1.9234e+02
5.2829e+05 2.6213e+01 -3.5062e+03 3.0581e+01 4.9273e+01 -1.4224e+02
2.6631e+05 2.6302e+01 -3.5066e+03 3.4097e+01 8.0979e+01 -9.2436e+01
-7.0727e+05 2.4273e+01 -3.5068e+03 3.7899e+01 6.3454e+01 -4.2669e+01
-2.3466e+06 1.9687e+01 -3.5068e+03 4.1984e+01 -2.8393e+01 6.7209e+00
-3.5328e+06 1.6994e+01 -3.5066e+03 4.6349e+01 -7.6920e+01 5.5939e+01
-3.9497e+06 1.6760e+01 -3.5063e+03 5.0992e+01 -6.2267e+01 1.0557e+02
-4.0663e+06 1.6754e+01 -3.5057e+03 5.5908e+01 -5.2157e+01 1.5457e+02
-4.1774e+06 1.7024e+01 -3.5050e+03 6.1094e+01 -5.9476e+01 2.0324e+02
-4.2184e+06 1.8062e+01 -3.5041e+03 6.6546e+01 -7.1206e+01 2.5222e+02
-3.9829e+06 2.0737e+01 -3.5030e+03 7.2261e+01 -5.2738e+01 3.0081e+02
-3.6383e+06 2.4253e+01 -3.5018e+03 7.8234e+01 -1.6528e+01 3.4910e+02
-3.6028e+06 2.6048e+01 -3.5004e+03 8.4461e+01 -1.9190e+01 3.9762e+02
-3.7478e+06 2.6241e+01 -3.4988e+03 9.0938e+01 -3.4691e+01 4.4549e+02
-3.9192e+06 2.6249e+01 -3.4970e+03 9.7660e+01 -2.8461e+01 4.9287e+02
-4.2384e+06 2.6263e+01 -3.4950e+03 1.0462e+02 -3.1409e+01 5.4064e+02
-4.6001e+06 2.6281e+01 -3.4929e+03 1.1182e+02 -4.7791e+01 5.8811e+02
-4.7184e+06 2.6294e+01 -3.4906e+03 1.1925e+02 -6.5329e+01 6.3448e+02
-4.3969e+06 2.6293e+01 -3.4881e+03 1.2690e+02 -8.9825e+01 6.8184e+02
-3.3382e+06 2.6271e+01 -3.4854e+03 1.3478e+02 -7.2556e+01 7.2803e+02
-1.5430e+06 2.6238e+01 -3.4826e+03 1.4287e+02 3.9279e+00 7.8168e+02
5.7912e+04 2.6228e+01 -3.4796e+03 1.5116e+02 3.7726e+01 8.2157e+02
-3.9223e+06 3.6335e+01 -3.4845e+03 7.0785e+00 -1.6141e+01 -7.9268e+02
-3.6034e+06 3.6320e+01 -3.4873e+03 7.0306e+00 -9.9817e+00 -7.4908e+02
-3.1996e+06 3.5278e+01 -3.4898e+03 7.2832e+00 7.9389e+00 -6.9161e+02
-2.8615e+06 3.2178e+01 -3.4922e+03 7.8365e+00 -3.8456e+01 -6.4297e+02
-1.7761e+06 2.8595e+01 -3.4945e+03 8.6903e+00 -5.9035e+01 -5.9294e+02
2.5438e+05 2.6650e+01 -3.4965e+03 9.8444e+00 3.2607e+01 -5.4281e+02
1.8428e+06 2.6204e+01 -3.4983e+03 1.1298e+01 1.0443e+02 -4.9326e+02
2.1772e+06 2.6211e+01 -3.5000e+03 1.3051e+01 6.7457e+01 -4.4277e+02
1.8865e+06 2.6233e+01 -3.5015e+03 1.5101e+01 1.5080e+01 -3.9236e+02
1.6937e+06 2.6238e+01 -3.5028e+03 1.7448e+01 1.4842e+01 -3.4274e+02
1.6031e+06 2.6233e+01 -3.5039e+03 2.0089e+01 2.5295e+01 -2.9271e+02
1.4909e+06 2.6228e+01 -3.5048e+03 2.3024e+01 2.0383e+01 -2.4277e+02
1.3919e+06 2.6220e+01 -3.5056e+03 2.6250e+01 2.4735e+01 -1.9288e+02
1.2558e+06 2.6306e+01 -3.5062e+03 2.9764e+01 5.6474e+01 -1.4288e+02
5.8865e+05 2.4049e+01 -3.5066e+03 3.3565e+01 5.9903e+01 -9.3400e+01
-6.1075e+05 1.9232e+01 -3.5068e+03 3.7650e+01 1.0046e+01 -4.4024e+01
-1.4936e+06 1.6750e+01 -3.5068e+03 4.2015e+01 -2.7913e+00 5.5638e+00
-1.7622e+06 1.6735e+01 -3.5066e+03 4.6657e+01 2.6547e+01 5.5023e+01
-1.8855e+06 1.6732e+01 -3.5063e+03 5.1574e+01 3.9801e+01 1.0426e+02
-2.0981e+06 1.6734e+01 -3.5057e+03 5.6762e+01 2.9635e+01 1.5320e+02
-2.3918e+06 1.6803e+01 -3.5050e+03 6.2217e+01 -7.3108e-01 2.0190e+02
-2.4096e+06 1.8280e+01 -3.5041e+03 6.7935e+01 -6.8149e+00 2.5059e+02
-2.1260e+06 2.1899e+01 -3.5031e+03 7.3911e+01 2.3730e+01 2.9890e+02
-2.0143e+06 2.5070e+01 -3.5018e+03 8.0143e+01 2.5484e+01 3.4714e+02
-2.1347e+06 2.6127e+01 -3.5004e+03 8.6625e+01 1.0479e+01 3.9552e+02
-2.3011e+06 2.6227e+01 -3.4988e+03 9.3353e+01 2.1013e+01 4.4299e+02
-2.8683e+06 2.6246e+01 -3.4970e+03 1.0032e+02 4.9507e+00 4.9027e+02
-3.7325e+06 2.6277e+01 -3.4950e+03 1.0753e+02 -5.4760e+01 5.3772e+02
-4.2251e+06 2.6299e+01 -3.4929e+03 1.1496e+02 -1.0047e+02 5.8439e+02
-3.9132e+06 2.6292e+01 -3.4906e+03 1.2263e+02 -1.0492e+02 6.3187e+02
-2.7793e+06 2.6262e+01 -3.4881e+03 1.3051e+02 -5.4868e+01 6.7818e+02
-1.1421e+06 2.6233e+01 -3.4855e+03 1.3861e+02 1.9395e+01 7.3189e+02
2.2394e+05 2.6226e+01 -3.4827e+03 1.4692e+02 4.3404e+01 7.7148e+02
-3.8704e+06 3.6332e+01 -3.4816e+03 2.5121e+00 -1.2752e+01 -8.4242e+02
-3.5712e+06 3.6326e+01 -3.4845e+03 2.4595e+00 -1.3647e+01 -7.9869e+02
-3.1634e+06 3.6075e+01 -3.4873e+03 2.7073e+00 -1.6123e+00 -7.4235e+02
-2.6622e+06 3.4783e+01 -3.4899e+03 3.2559e+00 -2.6303e+01 -6.9340e+02
-1.5385e+06 3.1668e+01 -3.4922e+03 4.1052e+00 -4.1338e+01 -6.4255e+02
3.6794e+05 2.8134e+01 -3.4945e+03 5.2549e+00 1.5862e+01 -5.9292e+02
2.0220e+06 2.6432e+01 -3.4965e+03 6.7044e+00 7.6116e+01 -5.4348e+02
2.5645e+06 2.6212e+01 -3.4983e+03 8.4529e+00 6.0566e+01 -4.9317e+02
2.3609e+06 2.6233e+01 -3.5000e+03 1.0499e+01 1.1782e+01 -4.4248e+02
2.0963e+06 2.6243e+01 -3.5015e+03 1.2843e+01 -6.1675e-01 -3.9277e+02
1.9630e+06 2.6239e+01 -3.5028e+03 1.5481e+01 7.8228e+00 -3.4300e+02
1.8484e+06 2.6234e+01 -3.5039e+03 1.8413e+01 6.3747e+00 -2.9294e+02
1.7766e+06 2.6226e+01 -3.5048e+03 2.1636e+01 9.1620e+00 -2.4319e+02
1.6858e+06 2.6192e+01 -3.5056e+03 2.5149e+01 3.0138e+01 -1.9330e+02
1.3139e+06 2.3795e+01 -3.5062e+03 2.8948e+01 3.8281e+01 -1.4392e+02
6.0481e+05 1.9075e+01 -3.5066e+03 3.3032e+01 1.8377e+01 -9.4555e+01
7.5182e+04 1.6728e+01 -3.5068e+03 3.7396e+01 2.1060e+01 -4.4866e+01
-1.3676e+05 1.6729e+01 -3.5068e+03 4.2039e+01 4.3459e+01 4.5352e+00
-2.4356e+05 1.6726e+01 -3.5066e+03 4.6956e+01 5.3656e+01 5.3728e+01
-3.8323e+05 1.6726e+01 -3.5063e+03 5.2145e+01 5.7142e+01 1.0274e+02
-6.0124e+05 1.6730e+01 -3.5057e+03 5.7602e+01 4.7442e+01 1.5151e+02
-7.6449e+05 1.7147e+01 -3.5050e+03 6.3322e+01 3.4875e+01 2.0048e+02
-6.9169e+05 1.9148e+01 -3.5041e+03 6.9302e+01 3.8613e+01 2.4899e+02
-5.4940e+05 2.2690e+01 -3.5031e+03 7.5538e+01 4.5333e+01 2.9679e+02
-4.5972e+05 2.5428e+01 -3.5018e+03 8.2025e+01 5.2813e+01 3.4532e+02
-4.9596e+05 2.6212e+01 -3.5004e+03 8.8758e+01 7.1248e+01 3.9352e+02
-1.0475e+06 2.6226e+01 -3.4988e+03 9.5734e+01 5.5322e+01 4.4079e+02
-2.1879e+06 2.6258e+01 -3.4970e+03 1.0295e+02 -2.6689e+01 4.8808e+02
-3.0270e+06 2.6281e+01 -3.4950e+03 1.1039e+02 -9.9386e+01 5.3455e+02
-2.7811e+06 2.6273e+01 -3.4929e+03 1.1806e+02 -8.4138e+01 5.8179e+02
-1.5823e+06 2.6243e+01 -3.4906e+03 1.2596e+02 5.9398e-01 6.2811e+02
-2.5751e+05 2.6225e+01 -3.4882e+03 1.3407e+02 5.5931e+01 6.8212e+02
5.8857e+05 2.6228e+01 -3.4855e+03 1.4239e+02 4.3507e+01 7.2199e+02
-3.8274e+06 3.6333e+01 -3.4785e+03 -2.3275e+00 -1.1909e+01 -8.9190e+02
-3.5480e+06 3.6333e+01 -3.4816e+03 -2.3854e+00 -1.8402e+01 -8.4833e+02
-3.1152e+06 3.6309e+01 -3.4845e+03 -2.1427e+00 -6.6707e+00 -7.9252e+02
-2.5603e+06 3.6112e+01 -3.4873e+03 -1.5993e+00 -1.6015e+01 -7.4334e+02
-1.5296e+06 3.3977e+01 -3.4899e+03 -7.5499e-01 -3.5245e+01 -6.9215e+02
2.7559e+05 2.9677e+01 -3.4923e+03 3.8980e-01 1.8905e+00 -6.4277e+02
2.0654e+06 2.6768e+01 -3.4945e+03 1.8346e+00 6.4478e+01 -5.9321e+02
2.8272e+06 2.6210e+01 -3.4965e+03 3.5786e+00 6.7359e+01 -5.4318e+02
2.6987e+06 2.6229e+01 -3.4983e+03 5.6209e+00 2.2196e+01 -4.9269e+02
2.3724e+06 2.6244e+01 -3.5000e+03 7.9602e+00 -3.2505e+00 -4.4277e+02
2.1820e+06 2.6243e+01 -3.5015e+03 1.0595e+01 1.3272e+00 -3.9325e+02
2.0767e+06 2.6237e+01 -3.5028e+03 1.3524e+01 4.2432e+00 -3.4314e+02
2.0101e+06 2.6229e+01 -3.5039e+03 1.6744e+01 6.8993e+00 -2.9322e+02
1.9509e+06 2.6303e+01 -3.5048e+03 2.0254e+01 2.0602e+01 -2.4343e+02
1.6865e+06 2.4011e+01 -3.5056e+03 2.4051e+01 2.2791e+01 -1.9393e+02
1.2027e+06 1.9183e+01 -3.5062e+03 2.8133e+01 5.0563e+00 -1.4450e+02
7.9135e+05 1.6731e+01 -3.5066e+03 3.2497e+01 2.6265e+00 -9.4940e+01
5.6941e+05 1.6735e+01 -3.5068e+03 3.7139e+01 1.0361e+01 -4.5641e+01
4.2875e+05 1.6733e+01 -3.5068e+03 4.2057e+01 1.2908e+01 3.5160e+00
3.6493e+05 1.6732e+01 -3.5066e+03 4.7246e+01 2.2874e+01 5.2584e+01
2.8028e+05 1.6733e+01 -3.5063e+03 5.2704e+01 3.1877e+01 1.0138e+02
1.4635e+05 1.6739e+01 -3.5057e+03 5.8427e+01 2.5770e+01 1.5026e+02
4.0952e+04 1.7262e+01 -3.5050e+03 6.4409e+01 7.6163e+00 1.9889e+02
1.5076e+05 2.0145e+01 -3.5041e+03 7.0649e+01 6.9281e+00 2.4674e+02
4.1337e+05 2.4364e+01 -3.5031e+03 7.7140e+01 3.0643e+01 2.9492e+02
5.6982e+05 2.6218e+01 -3.5018e+03 8.3878e+01 5.3687e+01 3.4340e+02
3.3665e+05 2.6221e+01 -3.5004e+03 9.0860e+01 5.7778e+01 3.9105e+02
-3.7674e+05 2.6236e+01 -3.4988e+03 9.8079e+01 2.1868e+01 4.3832e+02
-1.0819e+06 2.6249e+01 -3.4970e+03 1.0553e+02 -2.3290e+01 4.8491e+02
-1.0159e+06 2.6244e+01 -3.4951e+03 1.1321e+02 -1.1228e+01 5.3216e+02
-2.1684e+05 2.6230e+01 -3.4929e+03 1.2112e+02 4.3860e+01 5.7819e+02
5.4063e+05 2.6226e+01 -3.4906e+03 1.2924e+02 5.7358e+01 6.3229e+02
8.9877e+05 2.6234e+01 -3.4882e+03 1.3757e+02 2.7117e+01 6.7267e+02
-3.7762e+06 3.6336e+01 -3.4752e+03 -7.4368e+00 -1.2750e+01 -9.4151e+02
-3.4920e+06 3.6339e+01 -3.4785e+03 -7.5003e+00 -2.5025e+01 -8.9821e+02
-3.0461e+06 3.6352e+01 -3.4816e+03 -7.2633e+00 -9.1138e+00 -8.4169e+02
-2.5170e+06 3.5956e+01 -3.4846e+03 -6.7254e+00 -1.2209e+01 -7.9206e+02
-1.6967e+06 3.3434e+01 -3.4873e+03 -5.8867e+00 -4.9943e+01 -7.4190e+02
4.2395e+04 2.9216e+01 -3.4899e+03 -4.7472e+00 -1.9519e+01 -6.9293e+02
2.0441e+06 2.6655e+01 -3.4923e+03 -3.3076e+00 6.0899e+01 -6.4277e+02
3.0353e+06 2.6206e+01 -3.4945e+03 -1.5686e+00 7.9113e+01 -5.9283e+02
2.9801e+06 2.6222e+01 -3.4965e+03 4.6897e-01 3.5683e+01 -5.4267e+02
2.5729e+06 2.6245e+01 -3.4984e+03 2.8038e+00 -5.3893e+00 -4.9268e+02
2.3280e+06 2.6247e+01 -3.5000e+03 5.4344e+00 -7.7440e+00 -4.4318e+02
2.2261e+06 2.6240e+01 -3.5015e+03 8.3591e+00 6.7178e-01 -3.9310e+02
2.1653e+06 2.6233e+01 -3.5028e+03 1.1576e+01 2.4467e+00 -3.4319e+02
2.1232e+06 2.6526e+01 -3.5039e+03 1.5083e+01 1.3147e+01 -2.9350e+02
1.9501e+06 2.4700e+01 -3.5049e+03 1.8878e+01 1.6762e+01 -2.4400e+02
1.5442e+06 1.9898e+01 -3.5056e+03 2.2958e+01 1.4861e+00 -1.9440e+02
1.1598e+06 1.6978e+01 -3.5062e+03 2.7320e+01 -5.6565e+00 -1.4482e+02
8.8962e+05 1.6737e+01 -3.5066e+03 3.1961e+01 -4.9437e+00 -9.5692e+01
7.2914e+05 1.6738e+01 -3.5068e+03 3.6878e+01 -3.4358e+00 -4.6495e+01
6.6007e+05 1.6737e+01 -3.5068e+03 4.2068e+01 4.5471e+00 2.6038e+00
6.1021e+05 1.6740e+01 -3.5066e+03 4.7527e+01 1.0457e+01 5.1349e+01
5.0619e+05 1.6745e+01 -3.5063e+03 5.3251e+01 3.3571e+00 1.0012e+02
3.8725e+05 1.6902e+01 -3.5057e+03 5.9236e+01 -1.8789e+01 1.4894e+02
4.6182e+05 1.9424e+01 -3.5050e+03 6.5478e+01 -2.2406e+01 1.9727e+02
7.6346e+05 2.4012e+01 -3.5041e+03 7.1973e+01 1.9476e+00 2.4510e+02
9.9220e+05 2.6229e+01 -3.5031e+03 7.8716e+01 1.9477e+01 2.9311e+02
1.0233e+06 2.6227e+01 -3.5018e+03 8.5703e+01 3.0979e+01 3.4086e+02
8.6303e+05 2.6229e+01 -3.5004e+03 9.2928e+01 3.9649e+01 3.8800e+02
6.0595e+05 2.6230e+01 -3.4988e+03 1.0039e+02 3.7310e+01 4.3498e+02
5.6817e+05 2.6230e+01 -3.4970e+03 1.0808e+02 4.0479e+01 4.8288e+02
8.0303e+05 2.6229e+01 -3.4951e+03 1.1599e+02 4.8524e+01 5.2890e+02
1.0019e+06 2.6233e+01 -3.4930e+03 1.2412e+02 3.2684e+01 5.8279e+02
1.0917e+06 2.6240e+01 -3.4907e+03 1.3246e+02 9.0899e+00 6.2312e+02
-3.6825e+06 3.6339e+01 -3.4718e+03 -1.2812e+01 -1.4458e+01 -9.9053e+02
-3.3836e+06 3.6342e+01 -3.4753e+03 -1.2881e+01 -3.0106e+01 -9.4726e+02
-2.8932e+06 3.6385e+01 -3.4785e+03 -1.2651e+01 -5.4804e+00 -8.9085e+02
-2.4290e+06 3.4834e+01 -3.4816e+03 -1.2119e+01 -7.1190e+00 -8.4144e+02
-1.8478e+06 3.0774e+01 -3.4846e+03 -1.1286e+01 -6.9423e+01 -7.9173e+02
-1.8899e+05 2.7388e+01 -3.4873e+03 -1.0152e+01 -4.4167e+01 -7.4279e+02
1.9879e+06 2.6334e+01 -3.4899e+03 -8.7185e+00 5.4259e+01 -6.9247e+02
3.1654e+06 2.6203e+01 -3.4923e+03 -6.9850e+00 8.5097e+01 -6.4240e+02
3.1642e+06 2.6218e+01 -3.4945e+03 -4.9527e+00 4.3095e+01 -5.9234e+02
2.7067e+06 2.6245e+01 -3.4965e+03 -2.6229e+00 -9.0729e+00 -5.4240e+02
2.4289e+06 2.6250e+01 -3.4984e+03 2.9970e-03 -1.2698e+01 -4.9282e+02
2.3528e+06 2.6242e+01 -3.5000e+03 2.9234e+00 2.5068e+00 -4.4296e+02
2.2772e+06 2.6236e+01 -3.5015e+03 6.1364e+00 4.1879e-01 -3.9315e+02
2.2404e+06 2.6396e+01 -3.5028e+03 9.6398e+00 4.1207e+00 -3.4334e+02
2.1507e+06 2.5313e+01 -3.5039e+03 1.3431e+01 1.5207e+01 -2.9393e+02
1.8685e+06 2.1542e+01 -3.5049e+03 1.7508e+01 1.1499e+01 -2.4423e+02
1.4567e+06 1.7892e+01 -3.5056e+03 2.1868e+01 -2.4149e+00 -1.9468e+02
1.1558e+06 1.6753e+01 -3.5062e+03 2.6508e+01 -6.7504e+00 -1.4567e+02
9.7342e+05 1.6740e+01 -3.5066e+03 3.1424e+01 -1.4938e+00 -9.6374e+01
8.6224e+05 1.6741e+01 -3.5068e+03 3.6614e+01 -1.4368e+00 -4.7208e+01
7.8429e+05 1.7149e+01 -3.5068e+03 4.2073e+01 -7.4997e+00 1.6939e+00
7.6686e+05 1.8381e+01 -3.5066e+03 4.7798e+01 -1.1331e+01 5.0390e+01
7.6313e+05 1.9715e+01 -3.5063e+03 5.3785e+01 -1.7469e+01 9.8933e+01
8.7287e+05 2.1764e+01 -3.5057e+03 6.0029e+01 -1.4102e+01 1.4732e+02
1.0932e+06 2.4770e+01 -3.5050e+03 6.6527e+01 2.5300e+00 1.9526e+02
1.2744e+06 2.6233e+01 -3.5041e+03 7.3275e+01 1.0252e+01 2.4319e+02
1.3426e+06 2.6233e+01 -3.5031e+03 8.0266e+01 1.2450e+01 2.9111e+02
1.3509e+06 2.6234e+01 -3.5018e+03 8.7498e+01 1.7484e+01 3.3836e+02
1.3056e+06 2.6234e+01 -3.5004e+03 9.4964e+01 1.9111e+01 3.8522e+02
1.2959e+06 2.6234e+01 -3.4988e+03 1.0266e+02 2.1620e+01 4.3311e+02
1.3118e+06 2.6235e+01 -3.4971e+03 1.1058e+02 2.5895e+01 4.7932e+02
1.2866e+06 2.6237e+01 -3.4951e+03 1.1872e+02 1.6562e+01 5.3343e+02
1.2739e+06 2.6243e+01 -3.4930e+03 1.2708e+02 4.3495e+00 5.7376e+02
-3.5330e+06 3.6339e+01 -3.4682e+03 -1.8448e+01 -1.6710e+01 -1.0392e+03
-3.1613e+06 3.6334e+01 -3.4718e+03 -1.8525e+01 -2.3597e+01 -9.9593e+02
-2.6254e+06 3.6338e+01 -3.4753e+03 -1.8300e+01 1.1621e+01 -9.4004e+02
-2.2008e+06 3.4267e+01 -3.4785e+03 -1.7775e+01 1.0108e+01 -8.9114e+02
-1.7811e+06 2.9657e+01 -3.4817e+03 -1.6949e+01 -6.8952e+01 -8.4125e+02
-2.3138e+05 2.6696e+01 -3.4846e+03 -1.5822e+01 -5.6140e+01 -7.9209e+02
1.9895e+06 2.6233e+01 -3.4873e+03 -1.4394e+01 4.7302e+01 -7.4199e+02
3.2443e+06 2.6202e+01 -3.4899e+03 -1.2667e+01 8.5841e+01 -6.9171e+02
3.2676e+06 2.6217e+01 -3.4923e+03 -1.0640e+01 4.2413e+01 -6.4191e+02
2.7847e+06 2.6245e+01 -3.4945e+03 -8.3160e+00 -1.3288e+01 -5.9213e+02
2.5121e+06 2.6250e+01 -3.4965e+03 -5.6954e+00 -1.3940e+01 -5.4225e+02
2.4376e+06 2.6243e+01 -3.4984e+03 -2.7799e+00 3.8807e+00 -4.9252e+02
2.3727e+06 2.6239e+01 -3.5000e+03 4.2851e-01 -3.8206e-01 -4.4282e+02
2.3308e+06 2.6234e+01 -3.5015e+03 3.9278e+00 -1.4853e+00 -3.9300e+02
2.3295e+06 2.6002e+01 -3.5028e+03 7.7157e+00 1.5837e+01 -3.4362e+02
2.1384e+06 2.3438e+01 -3.5039e+03 1.1790e+01 2.2044e+01 -2.9399e+02
1.7254e+06 1.8952e+01 -3.5049e+03 1.6147e+01 9.0432e-01 -2.4447e+02
1.3641e+06 1.6772e+01 -3.5056e+03 2.0784e+01 -9.2417e+00 -1.9538e+02
1.1669e+06 1.6741e+01 -3.5062e+03 2.5699e+01 -3.5949e+00 -1.4605e+02
1.0206e+06 1.6743e+01 -3.5066e+03 3.0888e+01 -9.3158e+00 -9.6783e+01
9.8886e+05 1.8181e+01 -3.5068e+03 3.6346e+01 -1.5693e+01 -4.8028e+01
1.1181e+06 2.1862e+01 -3.5068e+03 4.2072e+01 -2.7955e+00 5.1067e-01
1.2719e+06 2.4705e+01 -3.5066e+03 4.8060e+01 9.6188e+00 4.9074e+01
1.3592e+06 2.5425e+01 -3.5063e+03 5.4306e+01 1.0584e+01 9.7562e+01
1.4641e+06 2.5889e+01 -3.5057e+03 6.0807e+01 1.2124e+01 1.4573e+02
1.5524e+06 2.6232e+01 -3.5050e+03 6.7557e+01 1.3173e+01 1.9367e+02
1.5883e+06 2.6235e+01 -3.5041e+03 7.4553e+01 1.1006e+01 2.4166e+02
1.5719e+06 2.6239e+01 -3.5031e+03 8.1790e+01 6.4546e+00 2.8908e+02
1.5365e+06 2.6241e+01 -3.5018e+03 8.9262e+01 -1.3155e-01 3.3577e+02
1.5221e+06 2.6241e+01 -3.5004e+03 9.6965e+01 -6.7382e-01 3.8339e+02
1.5298e+06 2.6239e+01 -3.4988e+03 1.0489e+02 1.0246e+01 4.2957e+02
1.4955e+06 2.6238e+01 -3.4971e+03 1.1304e+02 1.3990e+01 4.8389e+02
1.4562e+06 2.6242e+01 -3.4951e+03 1.2141e+02 6.6896e+00 5.2443e+02
-3.2557e+06 3.6326e+01 -3.4644e+03 -2.4342e+01 -1.0007e+01 -1.0881e+03
-2.8491e+06 3.6309e+01 -3.4682e+03 -2.4426e+01 -4.6520e+00 -1.0453e+03
-2.3743e+06 3.6280e+01 -3.4718e+03 -2.4209e+01 2.6794e+01 -9.8923e+02
-2.0235e+06 3.4599e+01 -3.4753e+03 -2.3691e+01 1.5427e+01 -9.4023e+02
-1.5718e+06 3.0445e+01 -3.4786e+03 -2.2871e+01 -6.4883e+01 -8.9053e+02
-9.5525e+03 2.7105e+01 -3.4817e+03 -2.1751e+01 -5.2382e+01 -8.4117e+02
2.1665e+06 2.6228e+01 -3.4846e+03 -2.0330e+01 5.2122e+01 -7.9094e+02
3.3508e+06 2.6200e+01 -3.4873e+03 -1.8610e+01 8.9238e+01 -7.4073e+02
3.3153e+06 2.6219e+01 -3.4899e+03 -1.6589e+01 3.9517e+01 -6.9128e+02
2.8264e+06 2.6247e+01 -3.4923e+03 -1.4271e+01 -1.6722e+01 -6.4167e+02
2.5389e+06 2.6253e+01 -3.4945e+03 -1.1657e+01 -1.8824e+01 -5.9160e+02
2.4646e+06 2.6248e+01 -3.4965e+03 -8.7467e+00 -3.1764e+00 -5.4186e+02
2.4293e+06 2.6244e+01 -3.4984e+03 -5.5435e+00 -1.3835e+00 -4.9221e+02
2.4299e+06 2.6239e+01 -3.5000e+03 -2.0489e+00 1.3931e+00 -4.4252e+02
2.4483e+06 2.6372e+01 -3.5015e+03 1.7346e+00 1.7032e+01 -3.9301e+02
2.3087e+06 2.4156e+01 -3.5028e+03 5.8047e+00 2.2942e+01 -3.4362e+02
1.9114e+06 1.9287e+01 -3.5039e+03 1.0159e+01 2.0167e+00 -2.9406e+02
1.5609e+06 1.6757e+01 -3.5049e+03 1.4793e+01 -7.6451e+00 -2.4472e+02
1.3384e+06 1.6743e+01 -3.5056e+03 1.9706e+01 -3.8372e+00 -1.9568e+02
1.1811e+06 1.6743e+01 -3.5062e+03 2.4893e+01 -1.3456e+01 -1.4658e+02
1.1945e+06 1.9060e+01 -3.5066e+03 3.0351e+01 -1.5996e+01 -9.7873e+01
1.4299e+06 2.3984e+01 -3.5068e+03 3.6076e+01 6.2667e+00 -4.9227e+01
1.6303e+06 2.6716e+01 -3.5068e+03 4.2064e+01 2.0189e+01 -4.5147e-01
1.7020e+06 2.6604e+01 -3.5066e+03 4.8312e+01 1.5587e+01 4.8141e+01
1.7254e+06 2.6302e+01 -3.5063e+03 5.4815e+01 1.0487e+01 9.6397e+01
1.7588e+06 2.6235e+01 -3.5057e+03 6.1568e+01 1.0624e+01 1.4426e+02
1.7753e+06 2.6238e+01 -3.5050e+03 6.8568e+01 1.1394e+01 1.9219e+02
1.7592e+06 2.6240e+01 -3.5042e+03 7.5809e+01 9.0270e+00 2.3969e+02
1.7208e+06 2.6242e+01 -3.5031e+03 8.3287e+01 4.8681e+00 2.8636e+02
1.6863e+06 2.6242e+01 -3.5019e+03 9.0996e+01 1.0152e+00 3.3412e+02
1.6751e+06 2.6241e+01 -3.5004e+03 9.8932e+01 8.0305e+00 3.8033e+02
1.6513e+06 2.6238e+01 -3.4989e+03 1.0709e+02 1.6253e+01 4.3469e+02
1.6041e+06 2.6241e+01 -3.4971e+03 1.1546e+02 9.4724e+00 4.7525e+02
-2.8159e+06 3.6295e+01 -3.4605e+03 -3.0489e+01 1.8694e+01 -1.1373e+03
-2.5630e+06 3.6287e+01 -3.4644e+03 -3.0580e+01 9.8795e+00 -1.0948e+03
-2.3566e+06 3.6280e+01 -3.4682e+03 -3.0371e+01 1.1372e+01 -1.0381e+03
-2.0980e+06 3.4635e+01 -3.4719e+03 -2.9861e+01 -2.3152e+01 -9.8858e+02
-1.3982e+06 3.0499e+01 -3.4753e+03 -2.9049e+01 -8.4420e+01 -9.3939e+02
4.2716e+05 2.7122e+01 -3.4786e+03 -2.7936e+01 -3.6836e+01 -8.9001e+02
2.5207e+06 2.6219e+01 -3.4817e+03 -2.6523e+01 7.2375e+01 -8.3965e+02
3.4636e+06 2.6201e+01 -3.4846e+03 -2.4809e+01 9.2092e+01 -7.8977e+02
3.3135e+06 2.6226e+01 -3.4874e+03 -2.2796e+01 3.2740e+01 -7.4039e+02
2.8485e+06 2.6252e+01 -3.4899e+03 -2.0485e+01 -1.5769e+01 -6.9066e+02
2.5859e+06 2.6256e+01 -3.4923e+03 -1.7877e+01 -1.6747e+01 -6.4071e+02
2.4855e+06 2.6252e+01 -3.4945e+03 -1.4973e+01 -7.8804e+00 -5.9114e+02
2.4661e+06 2.6249e+01 -3.4965e+03 -1.1775e+01 -4.1594e+00 -5.4154e+02
2.4872e+06 2.6242e+01 -3.4984e+03 -8.2863e+00 2.6857e+00 -4.9183e+02
2.5184e+06 2.6307e+01 -3.5000e+03 -4.5077e+00 1.3938e+01 -4.4209e+02
2.4000e+06 2.4491e+01 -3.5015e+03 -4.4212e-01 1.6917e+01 -3.9297e+02
2.0715e+06 2.0160e+01 -3.5028e+03 3.9078e+00 -8.3742e-01 -3.4371e+02
1.7226e+06 1.7229e+01 -3.5039e+03 8.5391e+00 -1.2981e+01 -2.9422e+02
1.4946e+06 1.6744e+01 -3.5049e+03 1.3449e+01 -1.3079e+01 -2.4506e+02
1.3332e+06 1.6801e+01 -3.5056e+03 1.8633e+01 -2.3613e+01 -1.9594e+02
1.3749e+06 1.9399e+01 -3.5062e+03 2.4090e+01 -2.3066e+01 -1.4701e+02
1.6386e+06 2.4256e+01 -3.5066e+03 2.9814e+01 3.6596e+00 -9.8279e+01
1.8395e+06 2.6402e+01 -3.5068e+03 3.5802e+01 1.6362e+01 -4.9789e+01
1.8871e+06 2.6232e+01 -3.5068e+03 4.2051e+01 1.0706e+01 -1.3912e+00
1.8895e+06 2.6238e+01 -3.5066e+03 4.8555e+01 5.3406e+00 4.6888e+01
1.8895e+06 2.6240e+01 -3.5063e+03 5.5310e+01 4.6538e+00 9.4907e+01
1.8917e+06 2.6242e+01 -3.5057e+03 6.2313e+01 5.5999e+00 1.4270e+02
1.8715e+06 2.6243e+01 -3.5050e+03 6.9558e+01 2.6781e+00 1.9022e+02
1.8492e+06 2.6243e+01 -3.5042e+03 7.7040e+01 1.2440e+00 2.3705e+02
1.8159e+06 2.6243e+01 -3.5031e+03 8.4756e+01 -6.5395e-01 2.8487e+02
1.7809e+06 2.6242e+01 -3.5019e+03 9.2699e+01 4.8148e+00 3.3115e+02
1.7428e+06 2.6239e+01 -3.5005e+03 1.0086e+02 1.3867e+01 3.8564e+02
1.6838e+06 2.6242e+01 -3.4989e+03 1.0925e+02 6.2346e+00 4.2612e+02
-2.3406e+06 3.6267e+01 -3.4563e+03 -3.6884e+01 5.1173e+01 -1.1849e+03
-2.4303e+06 3.6288e+01 -3.4605e+03 -3.6984e+01 4.4990e+00 -1.1431e+03
-2.5316e+06 3.6310e+01 -3.4645e+03 -3.6783e+01 -3.2275e+01 -1.0861e+03
-2.2591e+06 3.4945e+01 -3.4683e+03 -3.6281e+01 -7.8558e+01 -1.0363e+03
-1.0689e+06 3.1056e+01 -3.4719e+03 -3.5477e+01 -9.0605e+01 -9.8720e+02
1.0612e+06 2.7370e+01 -3.4753e+03 -3.4373e+01 4.7868e-01 -9.3813e+02
2.9058e+06 2.6200e+01 -3.4786e+03 -3.2967e+01 9.1369e+01 -8.8830e+02
3.5001e+06 2.6207e+01 -3.4817e+03 -3.1261e+01 8.1116e+01 -8.3872e+02
3.2245e+06 2.6238e+01 -3.4846e+03 -2.9256e+01 1.6940e+01 -7.8934e+02
2.8372e+06 2.6258e+01 -3.4874e+03 -2.6952e+01 -1.5826e+01 -7.3948e+02
2.6494e+06 2.6257e+01 -3.4899e+03 -2.4351e+01 -8.3889e+00 -6.8964e+02
2.5584e+06 2.6253e+01 -3.4923e+03 -2.1454e+01 -4.6960e+00 -6.4009e+02
2.5113e+06 2.6249e+01 -3.4945e+03 -1.8263e+01 -6.6676e+00 -5.9053e+02
2.5234e+06 2.6244e+01 -3.4965e+03 -1.4780e+01 -2.0962e+00 -5.4098e+02
2.5317e+06 2.6251e+01 -3.4984e+03 -1.1007e+01 4.3508e+00 -4.9124e+02
2.4675e+06 2.5456e+01 -3.5000e+03 -6.9465e+00 7.1262e+00 -4.4191e+02
2.2516e+06 2.2929e+01 -3.5015e+03 -2.6013e+00 -1.4403e+00 -3.9267e+02
1.9759e+06 2.0218e+01 -3.5028e+03 2.0259e+00 -1.3120e+01 -3.4332e+02
1.7483e+06 1.8959e+01 -3.5039e+03 6.9320e+00 -1.7661e+01 -2.9420e+02
1.6015e+06 1.8751e+01 -3.5049e+03 1.2114e+01 -2.4495e+01 -2.4536e+02
1.6176e+06 2.0866e+01 -3.5056e+03 1.7568e+01 -2.0316e+01 -1.9637e+02
1.8228e+06 2.4653e+01 -3.5062e+03 2.3290e+01 2.1349e+00 -1.4761e+02
1.9836e+06 2.6311e+01 -3.5066e+03 2.9278e+01 1.3160e+01 -9.9179e+01
2.0304e+06 2.6236e+01 -3.5068e+03 3.5526e+01 1.0173e+01 -5.0589e+01
2.0073e+06 2.6241e+01 -3.5068e+03 4.2031e+01 5.1311e+00 -2.3798e+00
1.9847e+06 2.6244e+01 -3.5066e+03 4.8788e+01 2.0600e+00 4.5732e+01
1.9723e+06 2.6245e+01 -3.5063e+03 5.5793e+01 9.3139e-01 9.3623e+01
1.9696e+06 2.6245e+01 -3.5057e+03 6.3041e+01 -6.9731e-01 1.4114e+02
1.9602e+06 2.6243e+01 -3.5050e+03 7.0528e+01 2.4153e-01 1.8797e+02
1.9357e+06 2.6243e+01 -3.5042e+03 7.8248e+01 -1.5503e-01 2.3562e+02
1.8832e+06 2.6242e+01 -3.5031e+03 8.6197e+01 5.3479e+00 2.8200e+02
1.8058e+06 2.6241e+01 -3.5019e+03 9.4369e+01 9.9282e+00 3.3661e+02
1.7144e+06 2.6246e+01 -3.5005e+03 1.0276e+02 -2.8348e+00 3.7700e+02
-2.0266e+06 3.6260e+01 -3.4521e+03 -4.3523e+01 5.7978e+01 -1.2320e+03
-2.3644e+06 3.6302e+01 -3.4564e+03 -4.3631e+01 -1.1467e+01 -1.1908e+03
-2.6436e+06 3.6347e+01 -3.4605e+03 -4.3439e+01 -7.1648e+01 -1.1341e+03
-2.1450e+06 3.5578e+01 -3.4645e+03 -4.2946e+01 -1.0670e+02 -1.0850e+03
-3.7301e+05 3.2231e+01 -3.4683e+03 -4.2151e+01 -5.1729e+01 -1.0356e+03
1.8718e+06 2.7909e+01 -3.4719e+03 -4.1056e+01 6.0193e+01 -9.8605e+02
3.2090e+06 2.6176e+01 -3.4754e+03 -3.9659e+01 9.8232e+01 -9.3672e+02
3.4146e+06 2.6219e+01 -3.4786e+03 -3.7961e+01 5.4968e+01 -8.8756e+02
3.0908e+06 2.6248e+01 -3.4817e+03 -3.5964e+01 -8.7956e-01 -8.3795e+02
2.7998e+06 2.6260e+01 -3.4846e+03 -3.3668e+01 -1.7771e+01 -7.8801e+02
2.6982e+06 2.6255e+01 -3.4874e+03 -3.1075e+01 -5.1729e+00 -7.3833e+02
2.6420e+06 2.6249e+01 -3.4900e+03 -2.8186e+01 -9.1086e-01 -6.8880e+02
2.6085e+06 2.6245e+01 -3.4923e+03 -2.5002e+01 -2.3238e+00 -6.3924e+02
2.6007e+06 2.6240e+01 -3.4945e+03 -2.1525e+01 5.6535e-01 -5.8976e+02
2.5861e+06 2.6235e+01 -3.4966e+03 -1.7759e+01 9.1861e-01 -5.4026e+02
2.5370e+06 2.6125e+01 -3.4984e+03 -1.3704e+01 1.5536e+00 -4.9088e+02
2.4625e+06 2.5571e+01 -3.5001e+03 -9.3643e+00 6.1413e+00 -4.4156e+02
2.3318e+06 2.4606e+01 -3.5015e+03 -4.7420e+00 9.3571e+00 -3.9225e+02
2.1699e+06 2.3547e+01 -3.5028e+03 1.5991e-01 6.7912e+00 -3.4312e+02
2.0254e+06 2.2959e+01 -3.5039e+03 5.3381e+00 4.4295e-01 -2.9443e+02
1.9838e+06 2.3904e+01 -3.5049e+03 1.0789e+01 3.5611e-01 -2.4550e+02
2.0320e+06 2.5574e+01 -3.5056e+03 1.6509e+01 3.3058e+00 -1.9669e+02
2.0983e+06 2.6242e+01 -3.5062e+03 2.2495e+01 4.7527e+00 -1.4827e+02
2.1309e+06 2.6237e+01 -3.5066e+03 2.8743e+01 6.4480e+00 -9.9666e+01
2.1042e+06 2.6242e+01 -3.5068e+03 3.5247e+01 2.8740e+00 -5.1383e+01
2.0603e+06 2.6246e+01 -3.5068e+03 4.2005e+01 -2.9371e+00 -3.3404e+00
2.0459e+06 2.6247e+01 -3.5066e+03 4.9012e+01 -2.9481e+00 4.4577e+01
2.0720e+06 2.6245e+01 -3.5063e+03 5.6262e+01 2.8128e+00 9.2159e+01
2.0838e+06 2.6243e+01 -3.5057e+03 6.3753e+01 7.0562e+00 1.3908e+02
2.0565e+06 2.6242e+01 -3.5050e+03 7.1477e+01 5.5712e+00 1.8668e+02
1.9853e+06 2.6242e+01 -3.5042e+03 7.9431e+01 9.0723e+00 2.3311e+02
1.8773e+06 2.6243e+01 -3.5031e+03 8.7610e+01 8.5220e+00 2.8783e+02
1.7629e+06 2.6247e+01 -3.5019e+03 9.6008e+01 -6.5652e+00 3.2816e+02
-1.8246e+06 3.6259e+01 -3.4476e+03 -5.0400e+01 5.5881e+01 -1.2801e+03
-2.2813e+06 3.6311e+01 -3.4521e+03 -5.0518e+01 -2.2860e+01 -1.2388e+03
-2.5278e+06 3.6085e+01 -3.4564e+03 -5.0335e+01 -9.3856e+01 -1.1825e+03
-1.6854e+06 3.4498e+01 -3.4606e+03 -4.9852e+01 -1.0461e+02 -1.1344e+03
4.9685e+05 3.0873e+01 -3.4645e+03 -4.9067e+01 2.8024e+00 -1.0845e+03
2.5927e+06 2.7357e+01 -3.4683e+03 -4.7980e+01 1.0833e+02 -1.0343e+03
3.3543e+06 2.6180e+01 -3.4719e+03 -4.6593e+01 8.7761e+01 -9.8495e+02
3.2385e+06 2.6235e+01 -3.4754e+03 -4.4905e+01 2.1946e+01 -9.3581e+02
2.9537e+06 2.6255e+01 -3.4787e+03 -4.2916e+01 -1.3038e+01 -8.8616e+02
2.7844e+06 2.6257e+01 -3.4818e+03 -4.0629e+01 -1.4138e+01 -8.3632e+02
2.7233e+06 2.6251e+01 -3.4847e+03 -3.8044e+01 -4.3525e+00 -7.8679e+02
2.6975e+06 2.6245e+01 -3.4874e+03 -3.5163e+01 -2.1453e+00 -7.3741e+02
2.6960e+06 2.6240e+01 -3.4900e+03 -3.1987e+01 1.0213e+00 -6.8786e+02
2.7090e+06 2.6234e+01 -3.4923e+03 -2.8518e+01 6.2466e+00 -6.3828e+02
2.6750e+06 2.6231e+01 -3.4945e+03 -2.4758e+01 4.5763e+00 -5.8886e+02
2.6267e+06 2.6228e+01 -3.4966e+03 -2.0711e+01 3.6011e+00 -5.3963e+02
2.5796e+06 2.6293e+01 -3.4984e+03 -1.6377e+01 1.1411e+01 -4.9034e+02
2.5371e+06 2.6345e+01 -3.5001e+03 -1.1760e+01 2.0855e+01 -4.4108e+02
2.4476e+06 2.6065e+01 -3.5015e+03 -6.8631e+00 2.1907e+01 -3.9204e+02
2.3473e+06 2.5749e+01 -3.5028e+03 -1.6893e+00 1.7475e+01 -3.4300e+02
2.2699e+06 2.5896e+01 -3.5039e+03 3.7580e+00 1.3945e+01 -2.9406e+02
2.2279e+06 2.6166e+01 -3.5049e+03 9.4752e+00 6.9563e+00 -2.4536e+02
2.2250e+06 2.6236e+01 -3.5056e+03 1.5459e+01 4.9646e+00 -1.9688e+02
2.2418e+06 2.6237e+01 -3.5062e+03 2.1704e+01 8.5264e+00 -1.4853e+02
2.1923e+06 2.6241e+01 -3.5066e+03 2.8208e+01 2.8546e+00 -1.0020e+02
2.1412e+06 2.6245e+01 -3.5068e+03 3.4966e+01 -3.8176e+00 -5.2164e+01
2.1337e+06 2.6246e+01 -3.5068e+03 4.1974e+01 -8.2608e-01 -4.3089e+00
2.1595e+06 2.6245e+01 -3.5066e+03 4.9226e+01 5.1530e+00 4.3184e+01
2.1525e+06 2.6243e+01 -3.5063e+03 5.6719e+01 5.2536e+00 9.0182e+01
2.1234e+06 2.6244e+01 -3.5057e+03 6.4447e+01 1.5348e+00 1.3795e+02
2.0628e+06 2.6243e+01 -3.5051e+03 7.2406e+01 6.4174e+00 1.8436e+02
1.9575e+06 2.6243e+01 -3.5042e+03 8.0590e+01 6.1914e+00 2.3912e+02
1.8486e+06 2.6246e+01 -3.5031e+03 8.8994e+01 -6.2204e+00 2.7943e+02
-1.7368e+06 3.6265e+01 -3.4430e+03 -5.7511e+01 4.5424e+01 -1.3277e+03
-2.2192e+06 3.6322e+01 -3.4477e+03 -5.7639e+01 -4.6955e+01 -1.2862e+03
-2.2335e+06 3.5440e+01 -3.4522e+03 -5.7467e+01 -1.1544e+02 -1.2303e+03
-9.1416e+05 3.2240e+01 -3.4565e+03 -5.6993e+01 -8.0726e+01 -1.1821e+03
1.3796e+06 2.8326e+01 -3.4606e+03 -5.6218e+01 5.1092e+01 -1.1315e+03
3.0062e+06 2.6441e+01 -3.4646e+03 -5.5142e+01 1.1390e+02 -1.0823e+03
3.2905e+06 2.6214e+01 -3.4684e+03 -5.3764e+01 5.4446e+01 -1.0332e+03
3.0431e+06 2.6250e+01 -3.4720e+03 -5.2086e+01 -5.9516e+00 -9.8362e+02
2.8680e+06 2.6257e+01 -3.4754e+03 -5.0107e+01 -1.6927e+01 -9.3421e+02
2.8054e+06 2.6251e+01 -3.4787e+03 -4.7830e+01 -7.0255e+00 -8.8459e+02
2.7676e+06 2.6245e+01 -3.4818e+03 -4.5254e+01 -3.6038e+00 -8.3506e+02
2.7334e+06 2.6241e+01 -3.4847e+03 -4.2381e+01 -6.2912e+00 -7.8567e+02
2.7616e+06 2.6236e+01 -3.4874e+03 -3.9214e+01 3.0550e-01 -7.3616e+02
2.7894e+06 2.6229e+01 -3.4900e+03 -3.5753e+01 9.5840e+00 -6.8667e+02
2.7662e+06 2.6258e+01 -3.4924e+03 -3.2001e+01 1.1312e+01 -6.3722e+02
2.7004e+06 2.6391e+01 -3.4946e+03 -2.7961e+01 1.4660e+01 -5.8807e+02
2.6039e+06 2.5949e+01 -3.4966e+03 -2.3634e+01 1.7464e+01 -5.3890e+02
2.4703e+06 2.4847e+01 -3.4984e+03 -1.9023e+01 1.0683e+01 -4.8968e+02
2.4077e+06 2.4805e+01 -3.5001e+03 -1.4132e+01 7.6385e+00 -4.4087e+02
2.4008e+06 2.5774e+01 -3.5015e+03 -8.9638e+00 1.1024e+01 -3.9175e+02
2.3787e+06 2.6231e+01 -3.5028e+03 -3.5210e+00 1.0503e+01 -3.4274e+02
2.3423e+06 2.6235e+01 -3.5039e+03 2.1924e+00 7.1920e+00 -2.9412e+02
2.3286e+06 2.6238e+01 -3.5049e+03 8.1727e+00 8.2993e+00 -2.4550e+02
2.3191e+06 2.6238e+01 -3.5056e+03 1.4416e+01 1.0078e+01 -1.9722e+02
2.2681e+06 2.6241e+01 -3.5062e+03 2.0918e+01 2.7185e+00 -1.4904e+02
2.2241e+06 2.6243e+01 -3.5066e+03 2.7675e+01 -1.8535e+00 -1.0088e+02
2.2207e+06 2.6244e+01 -3.5068e+03 3.4683e+01 3.5058e+00 -5.2847e+01
2.2266e+06 2.6243e+01 -3.5068e+03 4.1936e+01 7.2211e+00 -5.3694e+00
2.1960e+06 2.6244e+01 -3.5066e+03 4.9431e+01 2.0462e+00 4.1494e+01
2.1618e+06 2.6244e+01 -3.5063e+03 5.7162e+01 -3.6112e+00 8.9248e+01
2.1377e+06 2.6242e+01 -3.5058e+03 6.5124e+01 7.2177e+00 1.3566e+02
2.0635e+06 2.6240e+01 -3.5051e+03 7.3313e+01 1.0584e+01 1.9051e+02
1.9630e+06 2.6243e+01 -3.5042e+03 8.1724e+01 -1.1395e+00 2.3079e+02
-1.7788e+06 3.6284e+01 -3.4383e+03 -6.4851e+01 1.3539e+01 -1.3743e+03
-2.1738e+06 3.6335e+01 -3.4431e+03 -6.4990e+01 -8.7532e+01 -1.3331e+03
-1.7085e+06 3.5339e+01 -3.4477e+03 -6.4828e+01 -1.2053e+02 -1.2769e+03
1.5151e+05 3.1744e+01 -3.4522e+03 -6.4365e+01 -1.7830e+01 -1.2280e+03
2.2495e+06 2.7650e+01 -3.4565e+03 -6.3601e+01 9.7519e+01 -1.1780e+03
3.1568e+06 2.6179e+01 -3.4606e+03 -6.2535e+01 8.5056e+01 -1.1298e+03
3.1151e+06 2.6242e+01 -3.4646e+03 -6.1168e+01 1.3855e+01 -1.0808e+03
2.9100e+06 2.6257e+01 -3.4684e+03 -5.9500e+01 -1.8521e+01 -1.0310e+03
2.8433e+06 2.6254e+01 -3.4720e+03 -5.7532e+01 -1.3096e+01 -9.8162e+02
2.8501e+06 2.6245e+01 -3.4754e+03 -5.5265e+01 -2.2674e+00 -9.3216e+02
2.8259e+06 2.6238e+01 -3.4787e+03 -5.2699e+01 -1.9616e+00 -8.8277e+02
2.8042e+06 2.6257e+01 -3.4818e+03 -4.9836e+01 -6.3229e-01 -8.3316e+02
2.8236e+06 2.6305e+01 -3.4847e+03 -4.6678e+01 1.1313e+01 -7.8374e+02
2.8331e+06 2.6161e+01 -3.4875e+03 -4.3226e+01 2.1846e+01 -7.3467e+02
2.7636e+06 2.5477e+01 -3.4900e+03 -3.9483e+01 2.1816e+01 -6.8539e+02
2.6517e+06 2.4736e+01 -3.4924e+03 -3.5450e+01 2.1315e+01 -6.3614e+02
2.4692e+06 2.3400e+01 -3.4946e+03 -3.1131e+01 1.5097e+01 -5.8693e+02
2.2322e+06 2.1155e+01 -3.4966e+03 -2.6528e+01 -7.8994e+00 -5.3754e+02
2.1598e+06 2.1461e+01 -3.4984e+03 -2.1643e+01 -1.4288e+01 -4.8851e+02
2.2850e+06 2.4400e+01 -3.5001e+03 -1.6481e+01 2.7173e+00 -4.3981e+02
2.3667e+06 2.6067e+01 -3.5015e+03 -1.1043e+01 9.7565e+00 -3.9098e+02
2.3678e+06 2.6236e+01 -3.5028e+03 -5.3344e+00 5.9105e+00 -3.4234e+02
2.3466e+06 2.6241e+01 -3.5039e+03 6.4193e-01 2.9081e+00 -2.9375e+02
2.3347e+06 2.6242e+01 -3.5049e+03 6.8821e+00 1.5556e+00 -2.4533e+02
2.3070e+06 2.6242e+01 -3.5056e+03 1.3382e+01 -4.9837e-01 -1.9717e+02
2.2840e+06 2.6243e+01 -3.5062e+03 2.0137e+01 -8.7840e-01 -1.4906e+02
2.2661e+06 2.6243e+01 -3.5066e+03 2.7144e+01 6.2884e-01 -1.0118e+02
2.2550e+06 2.6244e+01 -3.5068e+03 3.4398e+01 1.5796e+00 -5.3652e+01
2.2210e+06 2.6244e+01 -3.5068e+03 4.1893e+01 -1.5914e+00 -6.6495e+00
2.1986e+06 2.6244e+01 -3.5066e+03 4.9626e+01 -4.2544e+00 4.1193e+01
2.2016e+06 2.6240e+01 -3.5063e+03 5.7592e+01 1.0423e+01 8.7591e+01
2.1525e+06 2.6238e+01 -3.5058e+03 6.5785e+01 1.5667e+01 1.4226e+02
2.0635e+06 2.6241e+01 -3.5051e+03 7.4200e+01 4.0615e+00 1.8284e+02
-1.8153e+06 3.6300e+01 -3.4334e+03 -7.2414e+01 -1.3418e+01 -1.4208e+03
-1.9645e+06 3.6338e+01 -3.4383e+03 -7.2564e+01 -1.0785e+02 -1.3797e+03
-8.7820e+05 3.5873e+01 -3.4431e+03 -7.2414e+01 -7.4230e+01 -1.3231e+03
1.3412e+06 3.2803e+01 -3.4478e+03 -7.1963e+01 7.4212e+01 -1.2739e+03
2.9336e+06 2.8138e+01 -3.4522e+03 -7.1210e+01 1.2448e+02 -1.2250e+03
3.1835e+06 2.6159e+01 -3.4565e+03 -7.0155e+01 4.6759e+01 -1.1766e+03
2.9806e+06 2.6253e+01 -3.4607e+03 -6.8800e+01 -1.1322e+01 -1.1273e+03
2.8672e+06 2.6257e+01 -3.4646e+03 -6.7143e+01 -1.6705e+01 -1.0777e+03
2.8834e+06 2.6249e+01 -3.4684e+03 -6.5186e+01 -5.1716e+00 -1.0284e+03
2.9173e+06 2.6240e+01 -3.4720e+03 -6.2929e+01 3.9529e-01 -9.7908e+02
2.9231e+06 2.6326e+01 -3.4755e+03 -6.0374e+01 2.8604e+00 -9.3001e+02
2.8807e+06 2.5904e+01 -3.4787e+03 -5.7521e+01 9.3721e+00 -8.8036e+02
2.7948e+06 2.4759e+01 -3.4818e+03 -5.4373e+01 1.2984e+01 -8.3095e+02
2.6940e+06 2.3761e+01 -3.4847e+03 -5.0931e+01 1.4683e+01 -7.8194e+02
2.5628e+06 2.2265e+01 -3.4875e+03 -4.7197e+01 1.0255e+01 -7.3248e+02
2.3962e+06 2.0372e+01 -3.4900e+03 -4.3174e+01 3.3125e+00 -6.8313e+02
2.2212e+06 1.9000e+01 -3.4924e+03 -3.8863e+01 -1.4834e+00 -6.3408e+02
2.0035e+06 1.7797e+01 -3.4946e+03 -3.4268e+01 -1.7399e+01 -5.8507e+02
1.9171e+06 1.8561e+01 -3.4966e+03 -2.9390e+01 -2.5157e+01 -5.3588e+02
2.0853e+06 2.2168e+01 -3.4984e+03 -2.4235e+01 -6.1002e+00 -4.8727e+02
2.2907e+06 2.5344e+01 -3.5001e+03 -1.8803e+01 1.0382e+01 -4.3856e+02
2.3578e+06 2.6255e+01 -3.5016e+03 -1.3100e+01 6.2956e+00 -3.8968e+02
2.3474e+06 2.6242e+01 -3.5028e+03 -7.1287e+00 -2.5701e+00 -3.4120e+02
2.3458e+06 2.6245e+01 -3.5039e+03 -8.9270e-01 -4.2429e+00 -2.9291e+02
2.3546e+06 2.6244e+01 -3.5049e+03 5.6039e+00 -4.6199e-01 -2.4469e+02
2.3489e+06 2.6243e+01 -3.5056e+03 1.2357e+01 1.1706e+00 -1.9654e+02
2.3144e+06 2.6244e+01 -3.5062e+03 1.9362e+01 -2.2473e+00 -1.4865e+02
2.2919e+06 2.6245e+01 -3.5066e+03 2.6615e+01 -3.9355e+00 -1.0116e+02
2.2661e+06 2.6244e+01 -3.5068e+03 3.4110e+01 -4.0624e+00 -5.4321e+01
2.2383e+06 2.6244e+01 -3.5068e+03 4.1845e+01 -5.6366e+00 -6.4896e+00
2.2216e+06 2.6242e+01 -3.5066e+03 4.9812e+01 4.4222e+00 3.9818e+01
2.1825e+06 2.6239e+01 -3.5063e+03 5.8008e+01 1.0083e+01 9.4201e+01
2.1138e+06 2.6241e+01 -3.5058e+03 6.6428e+01 8.7680e-01 1.3494e+02
-1.8177e+06 3.6300e+01 -3.4283e+03 -8.0195e+01 -2.8693e+01 -1.4687e+03
-1.6462e+06 3.6388e+01 -3.4334e+03 -8.0357e+01 -1.0018e+02 -1.4275e+03
-8.1909e+04 3.5602e+01 -3.4384e+03 -8.0219e+01 -1.6934e+01 -1.3699e+03
2.1148e+06 3.2093e+01 -3.4432e+03 -7.9780e+01 1.1941e+02 -1.3208e+03
3.2048e+06 2.7754e+01 -3.4478e+03 -7.9039e+01 1.0510e+02 -1.2722e+03
3.1452e+06 2.6165e+01 -3.4523e+03 -7.7997e+01 1.4900e+01 -1.2233e+03
2.9362e+06 2.6255e+01 -3.4566e+03 -7.6653e+01 -1.7688e+01 -1.1740e+03
2.8839e+06 2.6253e+01 -3.4607e+03 -7.5008e+01 -1.1260e+01 -1.1249e+03
2.9249e+06 2.6245e+01 -3.4647e+03 -7.3063e+01 -2.3263e+00 -1.0755e+03
2.9825e+06 2.6237e+01 -3.4685e+03 -7.0818e+01 1.1726e+00 -1.0263e+03
3.0293e+06 2.6678e+01 -3.4721e+03 -6.8274e+01 1.3575e+01 -9.7714e+02
2.9372e+06 2.5435e+01 -3.4755e+03 -6.5433e+01 1.8951e+01 -9.2774e+02
2.6428e+06 2.1543e+01 -3.4788e+03 -6.2295e+01 -1.6695e+00 -8.7844e+02
2.4023e+06 1.9110e+01 -3.4819e+03 -5.8864e+01 -1.2185e+01 -8.2937e+02
2.2464e+06 1.8299e+01 -3.4848e+03 -5.5140e+01 -1.2126e+01 -7.8001e+02
2.1213e+06 1.7284e+01 -3.4875e+03 -5.1126e+01 -1.3351e+01 -7.3074e+02
2.0235e+06 1.6814e+01 -3.4900e+03 -4.6825e+01 -6.9030e+00 -6.8179e+02
1.9002e+06 1.6761e+01 -3.4924e+03 -4.2238e+01 -8.8424e+00 -6.3302e+02
1.7793e+06 1.7174e+01 -3.4946e+03 -3.7369e+01 -2.3325e+01 -5.8384e+02
1.8587e+06 1.9668e+01 -3.4966e+03 -3.2221e+01 -2.2703e+01 -5.3495e+02
2.1199e+06 2.3683e+01 -3.4984e+03 -2.6797e+01 -3.1621e+00 -4.8640e+02
2.3078e+06 2.5934e+01 -3.5001e+03 -2.1100e+01 3.9939e+00 -4.3753e+02
2.3682e+06 2.6241e+01 -3.5016e+03 -1.5134e+01 -1.0978e+00 -3.8896e+02
2.4050e+06 2.6243e+01 -3.5028e+03 -8.9034e+00 7.2411e-02 -3.4077e+02
2.4152e+06 2.6243e+01 -3.5039e+03 -2.4110e+00 1.8435e+00 -2.9260e+02
2.3939e+06 2.6245e+01 -3.5049e+03 4.3386e+00 -2.4198e+00 -2.4460e+02
2.3721e+06 2.6245e+01 -3.5056e+03 1.1341e+01 -4.3862e+00 -1.9654e+02
2.3750e+06 2.6244e+01 -3.5062e+03 1.8592e+01 8.8719e-01 -1.4887e+02
2.3577e+06 2.6243e+01 -3.5066e+03 2.6087e+01 3.7017e+00 -1.0221e+02
2.2962e+06 2.6244e+01 -3.5068e+03 3.3822e+01 -3.9605e+00 -5.4601e+01
2.2410e+06 2.6244e+01 -3.5068e+03 4.1790e+01 -2.7486e+00 -8.2876e+00
2.2054e+06 2.6241e+01 -3.5066e+03 4.9989e+01 5.4441e+00 4.6298e+01
2.1622e+06 2.6242e+01 -3.5063e+03 5.8411e+01 3.3109e-01 8.6232e+01
-1.8880e+06 3.6427e+01 -3.4231e+03 -8.8189e+01 -4.3359e+01 -1.5159e+03
-1.4113e+06 3.6034e+01 -3.4284e+03 -8.8364e+01 -8.8297e+01 -1.4754e+03
3.6763e+05 3.3316e+01 -3.4335e+03 -8.8238e+01 4.5776e+00 -1.4186e+03
2.3916e+06 2.9105e+01 -3.4385e+03 -8.7812e+01 1.0605e+02 -1.3699e+03
3.1824e+06 2.6637e+01 -3.4433e+03 -8.7084e+01 6.4875e+01 -1.3214e+03
3.0829e+06 2.6222e+01 -3.4479e+03 -8.6054e+01 -3.8435e+00 -1.2725e+03
2.9381e+06 2.6254e+01 -3.4524e+03 -8.4723e+01 -1.5122e+01 -1.2233e+03
2.9158e+06 2.6251e+01 -3.4566e+03 -8.3091e+01 -8.6451e+00 -1.1742e+03
2.9547e+06 2.6244e+01 -3.4608e+03 -8.1158e+01 -3.9776e+00 -1.1250e+03
3.0258e+06 2.6234e+01 -3.4647e+03 -7.8926e+01 4.1775e+00 -1.0759e+03
3.0848e+06 2.6630e+01 -3.4685e+03 -7.6394e+01 2.4438e+01 -1.0266e+03
2.9356e+06 2.4696e+01 -3.4721e+03 -7.3565e+01 2.6425e+01 -9.7740e+02
2.5346e+06 1.9580e+01 -3.4756e+03 -7.0439e+01 -3.8375e+00 -9.2818e+02
2.2144e+06 1.6769e+01 -3.4788e+03 -6.7019e+01 -1.8374e+01 -8.7902e+02
2.0516e+06 1.6740e+01 -3.4819e+03 -6.3306e+01 -1.6530e+01 -8.3015e+02
1.9499e+06 1.6741e+01 -3.4848e+03 -5.9303e+01 -1.6290e+01 -7.8093e+02
1.9009e+06 1.6742e+01 -3.4875e+03 -5.5011e+01 -8.9835e+00 -7.3175e+02
1.8383e+06 1.6743e+01 -3.4901e+03 -5.0434e+01 -4.1901e+00 -6.8281e+02
1.7368e+06 1.6746e+01 -3.4924e+03 -4.5575e+01 -1.5137e+01 -6.3387e+02
1.7355e+06 1.7864e+01 -3.4946e+03 -4.0435e+01 -2.6366e+01 -5.8494e+02
1.9645e+06 2.1281e+01 -3.4966e+03 -3.5019e+01 -1.3176e+01 -5.3655e+02
2.2518e+06 2.4838e+01 -3.4985e+03 -2.9329e+01 4.2933e+00 -4.8800e+02
2.3994e+06 2.6167e+01 -3.5001e+03 -2.3370e+01 5.9980e+00 -4.3927e+02
2.4623e+06 2.6240e+01 -3.5016e+03 -1.7145e+01 6.4009e+00 -3.9099e+02
2.4743e+06 2.6243e+01 -3.5028e+03 -1.0658e+01 3.8843e+00 -3.4281e+02
2.4558e+06 2.6245e+01 -3.5040e+03 -3.9123e+00 -2.2947e+00 -2.9487e+02
2.4427e+06 2.6245e+01 -3.5049e+03 3.0868e+00 -1.4710e+00 -2.4702e+02
2.4451e+06 2.6243e+01 -3.5056e+03 1.0335e+01 3.1759e+00 -1.9945e+02
2.4208e+06 2.6243e+01 -3.5062e+03 1.7829e+01 3.8606e+00 -1.5244e+02
2.3619e+06 2.6245e+01 -3.5066e+03 2.5562e+01 -3.2415e+00 -1.0442e+02
2.3045e+06 2.6244e+01 -3.5068e+03 3.3531e+01 2.1204e-01 -5.7903e+01
2.2777e+06 2.6240e+01 -3.5068e+03 4.1731e+01 1.0514e+01 -3.0142e+00
2.2279e+06 2.6241e+01 -3.5066e+03 5.0156e+01 4.9999e+00 3.7135e+01
-2.0783e+06 3.6190e+01 -3.4177e+03 -9.6390e+01 -5.9255e+01 -1.5625e+03
-1.3730e+06 3.4175e+01 -3.4232e+03 -9.6578e+01 -8.2613e+01 -1.5206e+03
6.0464e+05 2.9840e+01 -3.4284e+03 -9.6466e+01 2.2389e+01 -1.4615e+03
2.5361e+06 2.6757e+01 -3.4336e+03 -9.6053e+01 1.0734e+02 -1.4145e+03
3.1261e+06 2.6184e+01 -3.4385e+03 -9.5338e+01 4.7779e+01 -1.3658e+03
3.0278e+06 2.6251e+01 -3.4433e+03 -9.4322e+01 -7.9245e+00 -1.3170e+03
2.9722e+06 2.6251e+01 -3.4480e+03 -9.3005e+01 -5.7117e+00 -1.2679e+03
2.9717e+06 2.6247e+01 -3.4524e+03 -9.1386e+01 4.4069e-01 -1.2189e+03
2.9996e+06 2.6241e+01 -3.4567e+03 -8.9466e+01 4.0433e+00 -1.1699e+03
3.0390e+06 2.6232e+01 -3.4608e+03 -8.7247e+01 1.3082e+01 -1.1210e+03
3.0157e+06 2.5615e+01 -3.4648e+03 -8.4728e+01 2.4505e+01 -1.0717e+03
2.7944e+06 2.2638e+01 -3.4686e+03 -8.1911e+01 1.7967e+01 -1.0227e+03
2.4259e+06 1.8508e+01 -3.4722e+03 -7.8798e+01 -2.9209e+00 -9.7354e+02
2.1315e+06 1.6745e+01 -3.4756e+03 -7.5390e+01 -1.2645e+01 -9.2415e+02
1.9749e+06 1.6745e+01 -3.4788e+03 -7.1689e+01 -1.1062e+01 -8.7529e+02
1.8883e+06 1.6743e+01 -3.4819e+03 -6.7698e+01 -9.4978e+00 -8.2624e+02
1.8323e+06 1.6742e+01 -3.4848e+03 -6.3417e+01 -6.6034e+00 -7.7724e+02
1.7929e+06 1.6744e+01 -3.4875e+03 -5.8851e+01 -9.3697e-01 -7.2845e+02
1.7372e+06 1.6746e+01 -3.4901e+03 -5.4001e+01 -1.5269e+00 -6.7965e+02
1.7190e+06 1.6997e+01 -3.4925e+03 -4.8871e+01 -1.2067e+01 -6.3069e+02
1.8893e+06 1.9459e+01 -3.4946e+03 -4.3464e+01 -9.0907e+00 -5.8224e+02
2.2023e+06 2.3794e+01 -3.4966e+03 -3.7782e+01 8.3413e+00 -5.3387e+02
2.4073e+06 2.6078e+01 -3.4985e+03 -3.1831e+01 1.2738e+01 -4.8515e+02
2.4819e+06 2.6239e+01 -3.5001e+03 -2.5612e+01 9.0478e+00 -4.3679e+02
2.5017e+06 2.6242e+01 -3.5016e+03 -1.9131e+01 7.0449e+00 -3.8877e+02
2.5133e+06 2.6243e+01 -3.5029e+03 -1.2391e+01 8.8190e+00 -3.4068e+02
2.5151e+06 2.6242e+01 -3.5040e+03 -5.3962e+00 1.1416e+01 -2.9282e+02
2.4932e+06 2.6243e+01 -3.5049e+03 1.8488e+00 8.2281e+00 -2.4543e+02
2.4496e+06 2.6244e+01 -3.5056e+03 9.3396e+00 3.8711e+00 -1.9812e+02
2.4172e+06 2.6244e+01 -3.5062e+03 1.7071e+01 1.9757e+00 -1.5010e+02
2.4092e+06 2.6241e+01 -3.5066e+03 2.5040e+01 1.3000e+01 -1.0329e+02
2.3576e+06 2.6237e+01 -3.5068e+03 3.3240e+01 1.9428e+01 -4.8141e+01
2.2567e+06 2.6241e+01 -3.5068e+03 4.1666e+01 5.9964e+00 -1.1719e+01
-2.2530e+06 3.5776e+01 -3.4122e+03 -1.0479e+02 -7.0522e+01 -1.6049e+03
-1.5282e+06 3.2649e+01 -3.4178e+03 -1.0499e+02 -8.5185e+01 -1.5673e+03
6.0259e+05 2.8107e+01 -3.4232e+03 -1.0490e+02 3.4821e+01 -1.5198e+03
2.5957e+06 2.6172e+01 -3.4285e+03 -1.0450e+02 1.2117e+02 -1.4712e+03
3.0997e+06 2.6227e+01 -3.4336e+03 -1.0380e+02 4.7803e+01 -1.4224e+03
3.0111e+06 2.6248e+01 -3.4386e+03 -1.0280e+02 -9.0071e+00 -1.3732e+03
3.0072e+06 2.6248e+01 -3.4434e+03 -1.0149e+02 -9.6266e-01 -1.3244e+03
3.0329e+06 2.6243e+01 -3.4480e+03 -9.9887e+01 6.6090e+00 -1.2755e+03
3.0352e+06 2.6239e+01 -3.4525e+03 -9.7982e+01 7.9130e+00 -1.2265e+03
3.0120e+06 2.6233e+01 -3.4568e+03 -9.5776e+01 1.1305e+01 -1.1775e+03
2.8945e+06 2.4806e+01 -3.4609e+03 -9.3271e+01 1.1754e+01 -1.1284e+03
2.6128e+06 2.1013e+01 -3.4648e+03 -9.0468e+01 -1.6397e+00 -1.0794e+03
2.3043e+06 1.7696e+01 -3.4686e+03 -8.7368e+01 -1.4268e+01 -1.0305e+03
2.0894e+06 1.6749e+01 -3.4722e+03 -8.3973e+01 -1.7022e+01 -9.8152e+02
1.9786e+06 1.6748e+01 -3.4756e+03 -8.0285e+01 -1.1880e+01 -9.3238e+02
1.9132e+06 1.6744e+01 -3.4789e+03 -7.6305e+01 -4.7055e+00 -8.8333e+02
1.8437e+06 1.6743e+01 -3.4820e+03 -7.2037e+01 -2.2008e+00 -8.3441e+02
1.7749e+06 1.6745e+01 -3.4849e+03 -6.7482e+01 -2.7191e-02 -7.8567e+02
1.7151e+06 1.6747e+01 -3.4876e+03 -6.2643e+01 1.5562e-01 -7.3701e+02
1.6868e+06 1.6744e+01 -3.4901e+03 -5.7523e+01 -1.2802e+01 -6.8816e+02
1.8439e+06 1.9008e+01 -3.4925e+03 -5.2126e+01 -1.4546e+01 -6.3961e+02
2.1861e+06 2.3652e+01 -3.4947e+03 -4.6454e+01 6.3988e+00 -5.9119e+02
2.4127e+06 2.6132e+01 -3.4967e+03 -4.0511e+01 1.3206e+01 -5.4267e+02
2.4829e+06 2.6238e+01 -3.4985e+03 -3.4300e+01 6.6422e+00 -4.9448e+02
2.5075e+06 2.6242e+01 -3.5001e+03 -2.7826e+01 6.4727e+00 -4.4658e+02
2.5206e+06 2.6243e+01 -3.5016e+03 -2.1092e+01 8.8392e+00 -3.9852e+02
2.5062e+06 2.6243e+01 -3.5029e+03 -1.4103e+01 7.0415e+00 -3.5067e+02
2.5000e+06 2.6243e+01 -3.5040e+03 -6.8621e+00 7.2088e+00 -3.0304e+02
2.4842e+06 2.6242e+01 -3.5049e+03 6.2501e-01 7.6398e+00 -2.5564e+02
2.4633e+06 2.6241e+01 -3.5056e+03 8.3543e+00 5.7466e+00 -2.0793e+02
2.4495e+06 2.6239e+01 -3.5062e+03 1.6321e+01 1.4685e+01 -1.6317e+02
2.3873e+06 2.6238e+01 -3.5066e+03 2.4520e+01 1.4771e+01 -1.0598e+02
2.2762e+06 2.6241e+01 -3.5068e+03 3.2947e+01 1.0159e+00 -5.6416e+01
-2.2106e+06 3.6187e+01 -3.4065e+03 -1.1339e+02 -4.9669e+01 -1.6523e+03
-1.7327e+06 3.3526e+01 -3.4123e+03 -1.1361e+02 -8.0052e+01 -1.6022e+03
2.2970e+05 2.8600e+01 -3.4179e+03 -1.1352e+02 1.2514e+01 -1.5545e+03
2.3199e+06 2.6203e+01 -3.4233e+03 -1.1314e+02 1.1175e+02 -1.5077e+03
3.0631e+06 2.6219e+01 -3.4286e+03 -1.1245e+02 6.0680e+01 -1.4590e+03
3.0746e+06 2.6239e+01 -3.4337e+03 -1.1147e+02 1.7367e-01 -1.4096e+03
3.0911e+06 2.6245e+01 -3.4387e+03 -1.1018e+02 -2.6601e+00 -1.3610e+03
3.1021e+06 2.6243e+01 -3.4435e+03 -1.0859e+02 8.1106e-01 -1.3121e+03
3.0728e+06 2.6241e+01 -3.4481e+03 -1.0670e+02 4.2921e-01 -1.2631e+03
3.0038e+06 2.6238e+01 -3.4525e+03 -1.0451e+02 1.2536e+00 -1.2141e+03
2.8611e+06 2.5227e+01 -3.4568e+03 -1.0202e+02 1.2488e+00 -1.1654e+03
2.5825e+06 2.1862e+01 -3.4609e+03 -9.9229e+01 -1.2713e+01 -1.1165e+03
2.3004e+06 1.8325e+01 -3.4649e+03 -9.6143e+01 -2.6806e+01 -1.0674e+03
2.1774e+06 1.7940e+01 -3.4687e+03 -9.2762e+01 -2.1518e+01 -1.0186e+03
2.1349e+06 1.8878e+01 -3.4723e+03 -8.9087e+01 -9.8340e+00 -9.6959e+02
2.0463e+06 1.8213e+01 -3.4757e+03 -8.5121e+01 -8.5162e+00 -9.2078e+02
1.9246e+06 1.7081e+01 -3.4789e+03 -8.0865e+01 -1.0050e+01 -8.7190e+02
1.8150e+06 1.6753e+01 -3.4820e+03 -7.6323e+01 -8.1768e+00 -8.2288e+02
1.7163e+06 1.6750e+01 -3.4849e+03 -7.1496e+01 -1.1358e+01 -7.7428e+02
1.6644e+06 1.6765e+01 -3.4876e+03 -6.6387e+01 -2.9024e+01 -7.2580e+02
1.8417e+06 1.9132e+01 -3.4901e+03 -6.1000e+01 -2.7164e+01 -6.7711e+02
2.2304e+06 2.3845e+01 -3.4925e+03 -5.5338e+01 4.2811e+00 -6.2862e+02
2.4769e+06 2.6220e+01 -3.4947e+03 -4.9405e+01 1.4012e+01 -5.8037e+02
2.5331e+06 2.6238e+01 -3.4967e+03 -4.3203e+01 4.3850e+00 -5.3219e+02
2.5399e+06 2.6244e+01 -3.4985e+03 -3.6737e+01 2.3506e+00 -4.8409e+02
2.5216e+06 2.6246e+01 -3.5001e+03 -3.0010e+01 -1.2618e+00 -4.3613e+02
2.4885e+06 2.6248e+01 -3.5016e+03 -2.3027e+01 -8.1218e+00 -3.8852e+02
2.4955e+06 2.6246e+01 -3.5029e+03 -1.5792e+01 -4.0732e+00 -3.4086e+02
2.5038e+06 2.6244e+01 -3.5040e+03 -8.3097e+00 1.3562e-01 -2.9306e+02
2.5008e+06 2.6243e+01 -3.5049e+03 -5.8415e-01 -3.4163e-01 -2.4544e+02
2.4713e+06 2.6241e+01 -3.5056e+03 7.3798e+00 7.4394e+00 -1.9813e+02
2.4058e+06 2.6240e+01 -3.5062e+03 1.5577e+01 5.3837e+00 -1.5208e+02
2.2726e+06 2.6242e+01 -3.5066e+03 2.4003e+01 -1.8485e+00 -1.0398e+02
