  1    1089
7.5076e+05 3.6287e+01 -4.6347e+03 2.6469e+03 9.9144e+00 -3.3392e+03
8.7186e+05 3.6286e+01 -4.6347e+03 2.6341e+03 5.5955e+00 -3.3780e+03
9.7370e+05 3.6294e+01 -4.6347e+03 2.6212e+03 1.0240e+01 -3.4195e+03
9.9155e+05 3.6058e+01 -4.6347e+03 2.6080e+03 3.2790e+00 -3.4596e+03
9.7940e+05 3.5645e+01 -4.6347e+03 2.5947e+03 1.1057e+00 -3.4993e+03
9.5523e+05 3.4732e+01 -4.6347e+03 2.5811e+03 3.0583e+00 -3.5395e+03
8.5024e+05 3.2761e+01 -4.6347e+03 2.5674e+03 4.2368e+00 -3.5795e+03
7.0090e+05 3.0016e+01 -4.6347e+03 2.5534e+03 3.4189e+00 -3.6195e+03
4.9347e+05 2.7376e+01 -4.6347e+03 2.5392e+03 -6.5634e+00 -3.6590e+03
3.8400e+05 2.6256e+01 -4.6347e+03 2.5249e+03 -1.2476e+01 -3.6982e+03
3.3341e+05 2.6256e+01 -4.6347e+03 2.5103e+03 -1.2309e+01 -3.7378e+03
3.4228e+05 2.6253e+01 -4.6347e+03 2.4956e+03 -1.5114e+01 -3.7767e+03
3.7728e+05 2.6249e+01 -4.6347e+03 2.4807e+03 -5.8396e+00 -3.8160e+03
4.2491e+05 2.6246e+01 -4.6347e+03 2.4655e+03 -2.9603e-01 -3.8552e+03
4.2690e+05 2.6245e+01 -4.6347e+03 2.4502e+03 -3.0274e+00 -3.8940e+03
4.8952e+05 2.6239e+01 -4.6347e+03 2.4347e+03 5.8886e+00 -3.9329e+03
4.8290e+05 2.6235e+01 -4.6347e+03 2.4190e+03 1.3741e+01 -3.9715e+03
3.5754e+05 2.6233e+01 -4.6347e+03 2.4031e+03 9.2135e+00 -4.0104e+03
8.9989e+04 2.6210e+01 -4.6347e+03 2.3871e+03 1.5332e+01 -4.0484e+03
-3.7126e+05 2.6223e+01 -4.6347e+03 2.3708e+03 3.4324e+01 -4.0861e+03
-1.3364e+06 2.6439e+01 -4.6347e+03 2.3544e+03 3.0871e+01 -4.1246e+03
-2.8290e+06 2.7045e+01 -4.6347e+03 2.3378e+03 -2.3710e+01 -4.1636e+03
-4.3215e+06 2.8808e+01 -4.6347e+03 2.3210e+03 -8.5894e+01 -4.2000e+03
-5.0922e+06 3.1229e+01 -4.6347e+03 2.3041e+03 -7.8364e+01 -4.2363e+03
-5.2662e+06 3.2346e+01 -4.6347e+03 2.2870e+03 -2.5805e+01 -4.2725e+03
-5.3564e+06 3.2400e+01 -4.6347e+03 2.2697e+03 6.2476e+00 -4.3105e+03
-5.6108e+06 3.1635e+01 -4.6347e+03 2.2522e+03 6.4931e+00 -4.3468e+03
-5.9867e+06 2.9397e+01 -4.6347e+03 2.2346e+03 -1.4156e+01 -4.3839e+03
-6.2931e+06 2.7181e+01 -4.6347e+03 2.2168e+03 -3.4429e+01 -4.4205e+03
-6.3233e+06 2.8578e+01 -4.6347e+03 2.1989e+03 -2.6347e+01 -4.4573e+03
-6.1176e+06 3.2621e+01 -4.6347e+03 2.1809e+03 5.8201e+00 -4.4902e+03
-5.9366e+06 3.4774e+01 -4.6347e+03 2.1626e+03 1.7775e+01 -4.5268e+03
-5.8301e+06 3.5683e+01 -4.6347e+03 2.1443e+03 1.1880e+01 -4.5598e+03
9.1366e+05 3.6289e+01 -4.5445e+03 2.7790e+03 2.9036e+00 -3.4015e+03
1.1029e+06 3.6309e+01 -4.5474e+03 2.7619e+03 1.1922e+01 -3.4368e+03
1.1281e+06 3.6302e+01 -4.5500e+03 2.7448e+03 1.7972e+01 -3.4747e+03
1.1710e+06 3.5509e+01 -4.5526e+03 2.7277e+03 1.7770e+01 -3.5153e+03
1.0831e+06 3.4064e+01 -4.5549e+03 2.7106e+03 1.2039e+01 -3.5556e+03
1.0179e+06 3.2995e+01 -4.5572e+03 2.6936e+03 1.0725e+01 -3.5957e+03
8.5171e+05 3.1171e+01 -4.5593e+03 2.6764e+03 3.7185e+00 -3.6354e+03
6.7875e+05 2.8362e+01 -4.5614e+03 2.6593e+03 -7.2507e+00 -3.6752e+03
5.1625e+05 2.6621e+01 -4.5633e+03 2.6421e+03 -1.6422e+01 -3.7155e+03
4.8747e+05 2.6254e+01 -4.5651e+03 2.6248e+03 -9.8960e+00 -3.7550e+03
4.9009e+05 2.6248e+01 -4.5669e+03 2.6075e+03 -2.1281e+00 -3.7946e+03
4.7694e+05 2.6246e+01 -4.5685e+03 2.5901e+03 -7.0909e+00 -3.8340e+03
4.6220e+05 2.6244e+01 -4.5701e+03 2.5725e+03 -5.5583e+00 -3.8733e+03
4.6422e+05 2.6243e+01 -4.5716e+03 2.5550e+03 -1.6917e+00 -3.9125e+03
4.4361e+05 2.6243e+01 -4.5731e+03 2.5373e+03 -6.5632e+00 -3.9516e+03
4.7772e+05 2.6239e+01 -4.5744e+03 2.5195e+03 1.4697e+00 -3.9901e+03
4.9203e+05 2.6233e+01 -4.5758e+03 2.5016e+03 1.2275e+01 -4.0284e+03
4.0180e+05 2.6231e+01 -4.5770e+03 2.4836e+03 1.0388e+01 -4.0669e+03
2.0560e+05 2.6230e+01 -4.5783e+03 2.4655e+03 1.2104e+01 -4.1052e+03
-1.1678e+05 2.6229e+01 -4.5794e+03 2.4472e+03 2.2196e+01 -4.1430e+03
-6.7253e+05 2.6230e+01 -4.5806e+03 2.4289e+03 3.9834e+01 -4.1808e+03
-1.6864e+06 2.6254e+01 -4.5817e+03 2.4104e+03 3.1108e+01 -4.2197e+03
-3.2394e+06 2.7747e+01 -4.5827e+03 2.3919e+03 -4.4077e+01 -4.2577e+03
-4.5283e+06 3.0738e+01 -4.5837e+03 2.3732e+03 -9.3836e+01 -4.2932e+03
-5.0681e+06 3.2325e+01 -4.5847e+03 2.3544e+03 -5.6353e+01 -4.3297e+03
-5.2697e+06 3.2384e+01 -4.5856e+03 2.3355e+03 -6.6333e+00 -4.3675e+03
-5.5050e+06 3.2165e+01 -4.5865e+03 2.3164e+03 1.0587e+01 -4.4038e+03
-5.8523e+06 3.0593e+01 -4.5874e+03 2.2973e+03 -1.4228e+00 -4.4398e+03
-6.2285e+06 2.8023e+01 -4.5882e+03 2.2780e+03 -2.4419e+01 -4.4761e+03
-6.4039e+06 2.7384e+01 -4.5890e+03 2.2586e+03 -3.0496e+01 -4.5129e+03
-6.3819e+06 2.8408e+01 -4.5898e+03 2.2391e+03 -2.1380e+01 -4.5479e+03
-6.2314e+06 3.0743e+01 -4.5906e+03 2.2195e+03 -8.7440e+00 -4.5866e+03
-5.9631e+06 3.4568e+01 -4.5913e+03 2.1998e+03 8.3141e+00 -4.6259e+03
1.0043e+06 3.6047e+01 -4.4502e+03 2.9081e+03 8.4935e+00 -3.4708e+03
1.1030e+06 3.5586e+01 -4.4562e+03 2.8868e+03 9.8855e+00 -3.5094e+03
1.0929e+06 3.5305e+01 -4.4617e+03 2.8657e+03 1.4780e+01 -3.5517e+03
1.1207e+06 3.4441e+01 -4.4670e+03 2.8449e+03 2.2107e+01 -3.5919e+03
1.0266e+06 3.2969e+01 -4.4719e+03 2.8243e+03 1.7538e+01 -3.6322e+03
9.2601e+05 3.1513e+01 -4.4766e+03 2.8038e+03 9.2471e+00 -3.6724e+03
7.3157e+05 2.9222e+01 -4.4811e+03 2.7834e+03 -4.1677e+00 -3.7126e+03
6.0714e+05 2.6955e+01 -4.4852e+03 2.7632e+03 -1.6396e+01 -3.7528e+03
5.4969e+05 2.6230e+01 -4.4892e+03 2.7430e+03 -1.8937e+01 -3.7929e+03
6.4593e+05 2.6249e+01 -4.4930e+03 2.7229e+03 -5.0684e+00 -3.8325e+03
7.1503e+05 2.6240e+01 -4.4966e+03 2.7029e+03 9.3448e+00 -3.8722e+03
7.4522e+05 2.6237e+01 -4.5000e+03 2.6828e+03 1.0327e+01 -3.9119e+03
6.8037e+05 2.6237e+01 -4.5033e+03 2.6628e+03 6.5716e+00 -3.9510e+03
6.0577e+05 2.6239e+01 -4.5064e+03 2.6428e+03 7.5058e-01 -3.9903e+03
5.1588e+05 2.6241e+01 -4.5094e+03 2.6228e+03 -4.0102e+00 -4.0295e+03
5.1781e+05 2.6237e+01 -4.5123e+03 2.6028e+03 3.2788e+00 -4.0684e+03
4.8436e+05 2.6233e+01 -4.5150e+03 2.5828e+03 7.9902e+00 -4.1074e+03
4.1644e+05 2.6231e+01 -4.5176e+03 2.5627e+03 7.3979e+00 -4.1460e+03
2.8452e+05 2.6229e+01 -4.5201e+03 2.5426e+03 1.3909e+01 -4.1844e+03
7.6994e+04 2.6228e+01 -4.5225e+03 2.5224e+03 1.7885e+01 -4.2229e+03
-2.6026e+05 2.6223e+01 -4.5249e+03 2.5022e+03 2.8454e+01 -4.2601e+03
-7.6030e+05 2.6483e+01 -4.5271e+03 2.4820e+03 6.8145e+01 -4.2980e+03
-1.9141e+06 2.8284e+01 -4.5292e+03 2.4616e+03 6.2916e+01 -4.3364e+03
-3.5125e+06 3.1096e+01 -4.5313e+03 2.4412e+03 -1.9780e+01 -4.3724e+03
-4.6911e+06 3.2387e+01 -4.5333e+03 2.4208e+03 -5.9442e+01 -4.4103e+03
-5.1713e+06 3.2387e+01 -4.5352e+03 2.4003e+03 -2.2262e+01 -4.4479e+03
-5.4247e+06 3.2103e+01 -4.5371e+03 2.3797e+03 6.9262e+00 -4.4831e+03
-5.7388e+06 3.0714e+01 -4.5388e+03 2.3590e+03 7.5557e-01 -4.5192e+03
-6.1136e+06 2.8540e+01 -4.5406e+03 2.3383e+03 -1.7372e+01 -4.5559e+03
-6.3777e+06 2.7074e+01 -4.5422e+03 2.3174e+03 -2.8314e+01 -4.5918e+03
-6.4818e+06 2.6375e+01 -4.5439e+03 2.2965e+03 -2.7154e+01 -4.6275e+03
-6.3856e+06 2.8385e+01 -4.5454e+03 2.2756e+03 -1.4967e+01 -4.6614e+03
-6.1037e+06 3.3252e+01 -4.5469e+03 2.2545e+03 5.3357e+00 -4.6962e+03
1.1137e+06 3.5580e+01 -4.3522e+03 3.0337e+03 1.5507e+01 -3.5366e+03
1.1133e+06 3.4057e+01 -4.3614e+03 3.0085e+03 5.9436e+00 -3.5755e+03
1.0750e+06 3.3304e+01 -4.3700e+03 2.9837e+03 5.9987e+00 -3.6180e+03
1.0593e+06 3.2721e+01 -4.3782e+03 2.9593e+03 1.4814e+01 -3.6585e+03
1.0026e+06 3.1498e+01 -4.3859e+03 2.9352e+03 1.5436e+01 -3.6990e+03
8.8486e+05 2.9781e+01 -4.3931e+03 2.9115e+03 4.7458e+00 -3.7393e+03
7.6343e+05 2.7637e+01 -4.4000e+03 2.8880e+03 -8.9359e+00 -3.7797e+03
7.1716e+05 2.6401e+01 -4.4065e+03 2.8648e+03 -1.1003e+01 -3.8199e+03
7.7106e+05 2.6243e+01 -4.4126e+03 2.8418e+03 -3.0098e+00 -3.8600e+03
8.5122e+05 2.6240e+01 -4.4185e+03 2.8190e+03 6.5391e+00 -3.8998e+03
9.1273e+05 2.6234e+01 -4.4241e+03 2.7963e+03 1.2714e+01 -3.9397e+03
8.9946e+05 2.6230e+01 -4.4294e+03 2.7738e+03 1.7000e+01 -3.9795e+03
8.1149e+05 2.6230e+01 -4.4344e+03 2.7514e+03 1.4565e+01 -4.0188e+03
6.5350e+05 2.6234e+01 -4.4392e+03 2.7291e+03 2.9938e+00 -4.0584e+03
5.4773e+05 2.6236e+01 -4.4438e+03 2.7068e+03 -3.2121e-01 -4.0977e+03
5.0791e+05 2.6234e+01 -4.4482e+03 2.6847e+03 5.8471e+00 -4.1365e+03
4.9796e+05 2.6232e+01 -4.4524e+03 2.6625e+03 8.3974e+00 -4.1757e+03
4.7182e+05 2.6230e+01 -4.4565e+03 2.6404e+03 9.7906e+00 -4.2144e+03
4.1963e+05 2.6228e+01 -4.4603e+03 2.6184e+03 1.5725e+01 -4.2529e+03
2.8595e+05 2.6228e+01 -4.4641e+03 2.5963e+03 1.8854e+01 -4.2914e+03
9.5478e+04 2.6219e+01 -4.4676e+03 2.5743e+03 1.7118e+01 -4.3289e+03
-7.4400e+04 2.6732e+01 -4.4710e+03 2.5523e+03 7.5749e+01 -4.3671e+03
-7.3876e+05 2.8637e+01 -4.4743e+03 2.5302e+03 1.4437e+02 -4.4056e+03
-2.5112e+06 3.1045e+01 -4.4775e+03 2.5082e+03 5.2976e+01 -4.4416e+03
-4.3298e+06 3.2239e+01 -4.4806e+03 2.4861e+03 -6.7108e+01 -4.4786e+03
-5.1075e+06 3.2392e+01 -4.4835e+03 2.4640e+03 -4.5410e+01 -4.5161e+03
-5.3656e+06 3.1888e+01 -4.4864e+03 2.4419e+03 -2.6178e+00 -4.5525e+03
-5.6342e+06 3.0893e+01 -4.4891e+03 2.4197e+03 -8.8142e-01 -4.5896e+03
-5.9798e+06 2.9409e+01 -4.4918e+03 2.3975e+03 -1.2029e+01 -4.6257e+03
-6.3140e+06 2.7421e+01 -4.4943e+03 2.3753e+03 -2.9307e+01 -4.6609e+03
-6.4940e+06 2.6302e+01 -4.4968e+03 2.3531e+03 -2.7732e+01 -4.6966e+03
-6.4857e+06 2.7402e+01 -4.4992e+03 2.3308e+03 -1.8426e+01 -4.7316e+03
-6.3214e+06 3.0536e+01 -4.5015e+03 2.3084e+03 -1.4552e+01 -4.7670e+03
1.0621e+06 3.4651e+01 -4.2505e+03 3.1557e+03 9.0375e+00 -3.6031e+03
9.6692e+05 3.2758e+01 -4.2632e+03 3.1267e+03 1.3473e+00 -3.6424e+03
9.1416e+05 3.1246e+01 -4.2751e+03 3.0984e+03 -3.8334e+00 -3.6852e+03
7.9820e+05 3.0250e+01 -4.2864e+03 3.0706e+03 -8.7113e+00 -3.7259e+03
7.8133e+05 2.8831e+01 -4.2969e+03 3.0433e+03 -9.8740e+00 -3.7664e+03
7.3057e+05 2.7482e+01 -4.3069e+03 3.0165e+03 -1.0768e+01 -3.8069e+03
7.5858e+05 2.6586e+01 -4.3163e+03 2.9901e+03 -1.1373e+01 -3.8475e+03
8.0072e+05 2.6243e+01 -4.3252e+03 2.9641e+03 -7.4038e+00 -3.8879e+03
9.3655e+05 2.6240e+01 -4.3337e+03 2.9383e+03 3.8168e+00 -3.9282e+03
1.0276e+06 2.6234e+01 -4.3417e+03 2.9129e+03 1.1642e+01 -3.9682e+03
1.0767e+06 2.6230e+01 -4.3493e+03 2.8878e+03 1.2497e+01 -4.0082e+03
1.0370e+06 2.6227e+01 -4.3566e+03 2.8628e+03 1.7689e+01 -4.0480e+03
9.2798e+05 2.6226e+01 -4.3635e+03 2.8381e+03 1.9027e+01 -4.0878e+03
7.0566e+05 2.6229e+01 -4.3701e+03 2.8135e+03 7.9915e+00 -4.1272e+03
5.3820e+05 2.6304e+01 -4.3764e+03 2.7891e+03 4.1484e+00 -4.1663e+03
4.4671e+05 2.6376e+01 -4.3824e+03 2.7649e+03 7.3458e+00 -4.2058e+03
4.5711e+05 2.6303e+01 -4.3882e+03 2.7407e+03 1.2734e+01 -4.2452e+03
4.7671e+05 2.6228e+01 -4.3937e+03 2.7167e+03 1.5264e+01 -4.2838e+03
4.8073e+05 2.6228e+01 -4.3990e+03 2.6927e+03 1.4411e+01 -4.3222e+03
4.3014e+05 2.6227e+01 -4.4040e+03 2.6689e+03 1.9882e+01 -4.3608e+03
3.2349e+05 2.6223e+01 -4.4089e+03 2.6451e+03 1.3799e+01 -4.3992e+03
2.3425e+05 2.6466e+01 -4.4136e+03 2.6213e+03 4.8596e+01 -4.4368e+03
-2.1799e+05 2.7520e+01 -4.4181e+03 2.5976e+03 1.1791e+02 -4.4747e+03
-1.9443e+06 2.9568e+01 -4.4224e+03 2.5739e+03 3.9920e+01 -4.5123e+03
-4.0161e+06 3.1552e+01 -4.4266e+03 2.5503e+03 -9.3799e+01 -4.5484e+03
-5.0103e+06 3.2344e+01 -4.4306e+03 2.5266e+03 -7.6887e+01 -4.5858e+03
-5.2785e+06 3.2154e+01 -4.4345e+03 2.5030e+03 -1.3819e+01 -4.6235e+03
-5.4640e+06 3.1783e+01 -4.4382e+03 2.4794e+03 5.7837e+00 -4.6597e+03
-5.7480e+06 3.0707e+01 -4.4418e+03 2.4558e+03 1.6574e-01 -4.6955e+03
-6.1330e+06 2.8519e+01 -4.4453e+03 2.4322e+03 -2.1665e+01 -4.7313e+03
-6.4015e+06 2.6922e+01 -4.4487e+03 2.4086e+03 -2.5405e+01 -4.7671e+03
-6.5206e+06 2.6684e+01 -4.4520e+03 2.3850e+03 -2.5924e+01 -4.8021e+03
-6.4774e+06 2.7909e+01 -4.4551e+03 2.3614e+03 -3.8036e+01 -4.8367e+03
9.8166e+05 3.2774e+01 -4.1457e+03 3.2736e+03 4.8416e+00 -3.6706e+03
9.0226e+05 3.0830e+01 -4.1620e+03 3.2412e+03 2.6146e+00 -3.7099e+03
8.2483e+05 2.8673e+01 -4.1773e+03 3.2095e+03 -4.7386e+00 -3.7526e+03
6.8548e+05 2.7526e+01 -4.1917e+03 3.1786e+03 -2.0468e+01 -3.7934e+03
7.1253e+05 2.6801e+01 -4.2053e+03 3.1483e+03 -2.3961e+01 -3.8343e+03
7.7231e+05 2.6331e+01 -4.2181e+03 3.1186e+03 -1.3417e+01 -3.8751e+03
9.2195e+05 2.6242e+01 -4.2302e+03 3.0894e+03 -1.6618e+00 -3.9157e+03
9.9787e+05 2.6239e+01 -4.2416e+03 3.0607e+03 1.1943e+00 -3.9562e+03
1.1190e+06 2.6234e+01 -4.2524e+03 3.0324e+03 6.3091e+00 -3.9965e+03
1.1789e+06 2.6229e+01 -4.2627e+03 3.0045e+03 1.4502e+01 -4.0369e+03
1.1958e+06 2.6225e+01 -4.2725e+03 2.9769e+03 1.6676e+01 -4.0770e+03
1.0729e+06 2.6224e+01 -4.2818e+03 2.9497e+03 1.4741e+01 -4.1168e+03
8.9586e+05 2.6279e+01 -4.2907e+03 2.9227e+03 1.5635e+01 -4.1568e+03
6.1953e+05 2.5841e+01 -4.2991e+03 2.8960e+03 1.1271e+01 -4.1965e+03
3.6221e+05 2.4842e+01 -4.3072e+03 2.8696e+03 1.9411e-01 -4.2359e+03
2.2029e+05 2.4597e+01 -4.3149e+03 2.8433e+03 -4.3570e+00 -4.2753e+03
3.1069e+05 2.5308e+01 -4.3222e+03 2.8172e+03 1.0298e+01 -4.3143e+03
4.5677e+05 2.5992e+01 -4.3293e+03 2.7913e+03 2.2624e+01 -4.3533e+03
5.4274e+05 2.6226e+01 -4.3361e+03 2.7655e+03 2.0546e+01 -4.3921e+03
5.4487e+05 2.6226e+01 -4.3425e+03 2.7399e+03 2.2305e+01 -4.4305e+03
4.7580e+05 2.6226e+01 -4.3488e+03 2.7144e+03 1.7338e+01 -4.4690e+03
3.5656e+05 2.6217e+01 -4.3547e+03 2.6890e+03 2.6813e+01 -4.5060e+03
9.8412e+03 2.6417e+01 -4.3605e+03 2.6636e+03 7.7825e+01 -4.5439e+03
-1.2879e+06 2.7675e+01 -4.3660e+03 2.6384e+03 5.1390e+01 -4.5833e+03
-3.3233e+06 2.9873e+01 -4.3714e+03 2.6132e+03 -7.0206e+01 -4.6193e+03
-4.7567e+06 3.1527e+01 -4.3765e+03 2.5881e+03 -1.0585e+02 -4.6558e+03
-5.1880e+06 3.2208e+01 -4.3814e+03 2.5630e+03 -4.0755e+01 -4.6932e+03
-5.2776e+06 3.2324e+01 -4.3862e+03 2.5380e+03 9.7769e+00 -4.7290e+03
-5.4806e+06 3.1881e+01 -4.3908e+03 2.5130e+03 1.8070e+01 -4.7655e+03
-5.8493e+06 3.0700e+01 -4.3953e+03 2.4881e+03 2.8515e-02 -4.8019e+03
-6.2095e+06 2.9146e+01 -4.3996e+03 2.4631e+03 -1.0470e+01 -4.8375e+03
-6.4389e+06 2.7837e+01 -4.4037e+03 2.4383e+03 -2.0302e+01 -4.8730e+03
-6.4525e+06 2.8411e+01 -4.4077e+03 2.4134e+03 -3.7288e+01 -4.9074e+03
8.3908e+05 3.0342e+01 -4.0379e+03 3.3872e+03 2.5550e+00 -3.7381e+03
7.1715e+05 2.8161e+01 -4.0580e+03 3.3516e+03 -4.8905e+00 -3.7773e+03
6.9187e+05 2.6685e+01 -4.0768e+03 3.3169e+03 -8.2889e+00 -3.8202e+03
6.2602e+05 2.6278e+01 -4.0945e+03 3.2830e+03 -1.3549e+01 -3.8613e+03
7.5230e+05 2.6250e+01 -4.1112e+03 3.2499e+03 -1.1576e+01 -3.9025e+03
8.7337e+05 2.6241e+01 -4.1269e+03 3.2175e+03 -1.8448e-01 -3.9435e+03
1.0494e+06 2.6236e+01 -4.1418e+03 3.1857e+03 7.1002e+00 -3.9843e+03
1.1099e+06 2.6233e+01 -4.1558e+03 3.1545e+03 4.5699e+00 -4.0249e+03
1.2209e+06 2.6230e+01 -4.1691e+03 3.1238e+03 5.2035e+00 -4.0653e+03
1.2787e+06 2.6225e+01 -4.1818e+03 3.0936e+03 1.5437e+01 -4.1058e+03
1.2946e+06 2.6220e+01 -4.1938e+03 3.0637e+03 2.3585e+01 -4.1461e+03
1.1024e+06 2.6260e+01 -4.2052e+03 3.0343e+03 1.8953e+01 -4.1861e+03
8.3002e+05 2.5846e+01 -4.2161e+03 3.0053e+03 1.5257e+01 -4.2262e+03
4.3031e+05 2.3772e+01 -4.2264e+03 2.9765e+03 7.9622e+00 -4.2663e+03
5.2057e+04 2.0902e+01 -4.2363e+03 2.9481e+03 -1.6140e+01 -4.3057e+03
-1.4656e+05 2.0172e+01 -4.2457e+03 2.9199e+03 -3.0610e+01 -4.3450e+03
2.0359e+04 2.2272e+01 -4.2548e+03 2.8919e+03 -9.1083e+00 -4.3841e+03
2.9616e+05 2.4911e+01 -4.2634e+03 2.8642e+03 1.8270e+01 -4.4233e+03
5.1219e+05 2.6097e+01 -4.2717e+03 2.8367e+03 2.4080e+01 -4.4622e+03
5.5942e+05 2.6225e+01 -4.2797e+03 2.8094e+03 1.9362e+01 -4.5006e+03
5.1599e+05 2.6228e+01 -4.2873e+03 2.7822e+03 1.1561e+01 -4.5392e+03
3.8627e+05 2.6224e+01 -4.2946e+03 2.7552e+03 1.3124e+01 -4.5768e+03
2.0280e+05 2.6212e+01 -4.3016e+03 2.7283e+03 5.8883e+01 -4.6144e+03
-5.3832e+05 2.6534e+01 -4.3084e+03 2.7015e+03 8.8694e+01 -4.6536e+03
-2.2573e+06 2.7655e+01 -4.3149e+03 2.6748e+03 -2.6225e+00 -4.6902e+03
-4.1240e+06 2.9268e+01 -4.3212e+03 2.6483e+03 -1.0373e+02 -4.7253e+03
-4.9777e+06 3.0848e+01 -4.3273e+03 2.6218e+03 -7.1890e+01 -4.7621e+03
-5.1295e+06 3.1992e+01 -4.3331e+03 2.5954e+03 4.9291e+00 -4.7990e+03
-5.2842e+06 3.2370e+01 -4.3387e+03 2.5691e+03 3.0698e+01 -4.8359e+03
-5.6488e+06 3.2134e+01 -4.3442e+03 2.5428e+03 1.8995e+01 -4.8718e+03
-6.0001e+06 3.1534e+01 -4.3494e+03 2.5166e+03 1.1774e+01 -4.9068e+03
-6.2448e+06 3.0448e+01 -4.3545e+03 2.4905e+03 1.4462e+00 -4.9431e+03
-6.2718e+06 3.0981e+01 -4.3594e+03 2.4644e+03 -1.5716e+01 -4.9781e+03
6.6478e+05 2.7984e+01 -3.9276e+03 3.4962e+03 -2.6598e+00 -3.8056e+03
6.5215e+05 2.6579e+01 -3.9515e+03 3.4577e+03 -1.3508e+01 -3.8452e+03
6.2037e+05 2.6234e+01 -3.9740e+03 3.4203e+03 -1.2651e+01 -3.8885e+03
7.3519e+05 2.6248e+01 -3.9950e+03 3.3838e+03 -3.3375e+00 -3.9298e+03
8.8218e+05 2.6241e+01 -4.0149e+03 3.3481e+03 6.5194e+00 -3.9708e+03
1.0857e+06 2.6232e+01 -4.0336e+03 3.3132e+03 1.6467e+01 -4.0120e+03
1.1982e+06 2.6229e+01 -4.0513e+03 3.2790e+03 1.5670e+01 -4.0530e+03
1.2779e+06 2.6228e+01 -4.0680e+03 3.2454e+03 8.9510e+00 -4.0939e+03
1.3137e+06 2.6226e+01 -4.0839e+03 3.2124e+03 7.7857e+00 -4.1345e+03
1.3692e+06 2.6220e+01 -4.0989e+03 3.1800e+03 1.7393e+01 -4.1751e+03
1.3082e+06 2.6214e+01 -4.1132e+03 3.1481e+03 3.0457e+01 -4.2156e+03
1.0605e+06 2.5775e+01 -4.1268e+03 3.1166e+03 2.7340e+01 -4.2558e+03
5.8588e+05 2.3675e+01 -4.1398e+03 3.0855e+03 7.2930e+00 -4.2958e+03
9.1700e+04 2.0182e+01 -4.1521e+03 3.0548e+03 -1.1054e+01 -4.3358e+03
-3.0592e+05 1.7653e+01 -4.1639e+03 3.0245e+03 -2.7734e+01 -4.3756e+03
-4.4150e+05 1.7214e+01 -4.1751e+03 2.9945e+03 -3.8842e+01 -4.4153e+03
-2.8636e+05 1.8998e+01 -4.1859e+03 2.9648e+03 -2.7515e+01 -4.4546e+03
9.7129e+04 2.2525e+01 -4.1961e+03 2.9353e+03 -1.2229e+00 -4.4938e+03
4.2225e+05 2.5372e+01 -4.2060e+03 2.9061e+03 1.7630e+01 -4.5325e+03
5.7399e+05 2.6220e+01 -4.2154e+03 2.8772e+03 1.7200e+01 -4.5708e+03
5.2836e+05 2.6228e+01 -4.2245e+03 2.8484e+03 6.6894e+00 -4.6096e+03
4.4419e+05 2.6228e+01 -4.2332e+03 2.8198e+03 6.4883e+00 -4.6480e+03
3.0781e+05 2.6217e+01 -4.2416e+03 2.7914e+03 3.1582e+01 -4.6852e+03
-4.8232e+04 2.6207e+01 -4.2496e+03 2.7632e+03 7.8462e+01 -4.7237e+03
-1.1920e+06 2.6413e+01 -4.2574e+03 2.7351e+03 6.4865e+01 -4.7618e+03
-3.0829e+06 2.6985e+01 -4.2648e+03 2.7071e+03 -3.9567e+01 -4.7969e+03
-4.5543e+06 2.8320e+01 -4.2720e+03 2.6793e+03 -7.8603e+01 -4.8332e+03
-5.0504e+06 3.0084e+01 -4.2789e+03 2.6516e+03 -1.3586e+01 -4.8704e+03
-5.3314e+06 3.0959e+01 -4.2856e+03 2.6239e+03 2.2878e+01 -4.9068e+03
-5.6762e+06 3.1431e+01 -4.2921e+03 2.5964e+03 1.5263e+01 -4.9423e+03
-5.9559e+06 3.2105e+01 -4.2983e+03 2.5690e+03 1.9023e+01 -4.9773e+03
-6.1180e+06 3.2063e+01 -4.3044e+03 2.5416e+03 1.6857e+01 -5.0138e+03
-6.1395e+06 3.2612e+01 -4.3102e+03 2.5143e+03 3.5949e-01 -5.0489e+03
5.1336e+05 2.6568e+01 -3.8152e+03 3.6005e+03 -1.0872e+01 -3.8736e+03
5.5941e+05 2.6253e+01 -3.8429e+03 3.5594e+03 -1.7391e+01 -3.9134e+03
5.6273e+05 2.6251e+01 -3.8690e+03 3.5195e+03 -1.3315e+01 -3.9569e+03
7.4950e+05 2.6244e+01 -3.8935e+03 3.4806e+03 1.1304e+00 -3.9985e+03
9.0815e+05 2.6237e+01 -3.9166e+03 3.4425e+03 1.0300e+01 -4.0398e+03
1.1279e+06 2.6229e+01 -3.9384e+03 3.4053e+03 1.8847e+01 -4.0810e+03
1.2319e+06 2.6225e+01 -3.9590e+03 3.3689e+03 1.9583e+01 -4.1222e+03
1.3285e+06 2.6223e+01 -3.9785e+03 3.3332e+03 1.6156e+01 -4.1630e+03
1.3512e+06 2.6221e+01 -3.9969e+03 3.2981e+03 1.5272e+01 -4.2040e+03
1.3883e+06 2.6212e+01 -4.0144e+03 3.2637e+03 2.4631e+01 -4.2448e+03
1.2638e+06 2.5831e+01 -4.0311e+03 3.2297e+03 3.6976e+01 -4.2853e+03
9.0822e+05 2.3875e+01 -4.0469e+03 3.1963e+03 2.8375e+01 -4.3256e+03
3.0106e+05 2.0329e+01 -4.0619e+03 3.1634e+03 -5.0431e+00 -4.3659e+03
-2.2042e+05 1.7585e+01 -4.0763e+03 3.1309e+03 -2.5270e+01 -4.4060e+03
-5.4522e+05 1.6781e+01 -4.0900e+03 3.0988e+03 -2.9412e+01 -4.4460e+03
-6.1996e+05 1.6756e+01 -4.1030e+03 3.0671e+03 -3.2310e+01 -4.4856e+03
-4.7033e+05 1.7250e+01 -4.1156e+03 3.0357e+03 -3.2511e+01 -4.5249e+03
-8.3581e+04 2.0197e+01 -4.1275e+03 3.0046e+03 -1.6524e+01 -4.5642e+03
3.5307e+05 2.4521e+01 -4.1390e+03 2.9738e+03 1.1349e+01 -4.6032e+03
5.6874e+05 2.6307e+01 -4.1500e+03 2.9433e+03 1.6269e+01 -4.6418e+03
5.5731e+05 2.6226e+01 -4.1605e+03 2.9130e+03 5.5008e+00 -4.6805e+03
5.0514e+05 2.6228e+01 -4.1706e+03 2.8829e+03 9.5238e+00 -4.7188e+03
3.8087e+05 2.6224e+01 -4.1804e+03 2.8531e+03 1.2498e+01 -4.7562e+03
2.0214e+05 2.6209e+01 -4.1897e+03 2.8234e+03 4.9108e+01 -4.7945e+03
-3.3757e+05 2.6195e+01 -4.1987e+03 2.7939e+03 1.0877e+02 -4.8331e+03
-1.9232e+06 2.6194e+01 -4.2074e+03 2.7646e+03 4.7961e+01 -4.8695e+03
-3.9313e+06 2.6603e+01 -4.2157e+03 2.7355e+03 -6.0551e+01 -4.9057e+03
-5.0909e+06 2.7410e+01 -4.2238e+03 2.7064e+03 -4.9447e+01 -4.9434e+03
-5.6043e+06 2.8009e+01 -4.2316e+03 2.6775e+03 -8.3730e+00 -4.9802e+03
-5.9487e+06 2.8977e+01 -4.2391e+03 2.6488e+03 -5.5037e+00 -5.0151e+03
-6.1100e+06 3.0343e+01 -4.2463e+03 2.6201e+03 6.8355e+00 -5.0496e+03
-6.1570e+06 3.1294e+01 -4.2533e+03 2.5916e+03 1.5349e+01 -5.0853e+03
-6.1339e+06 3.2353e+01 -4.2601e+03 2.5631e+03 4.5112e+00 -5.1198e+03
4.3278e+05 2.6252e+01 -3.7009e+03 3.6998e+03 -8.8884e+00 -3.9421e+03
6.1589e+05 2.6254e+01 -3.7326e+03 3.6565e+03 -1.2440e+01 -3.9821e+03
5.4743e+05 2.6249e+01 -3.7623e+03 3.6144e+03 -6.8632e+00 -4.0257e+03
8.0351e+05 2.6243e+01 -3.7903e+03 3.5733e+03 4.3415e+00 -4.0673e+03
8.5024e+05 2.6239e+01 -3.8166e+03 3.5332e+03 5.9351e+00 -4.1088e+03
1.1253e+06 2.6232e+01 -3.8415e+03 3.4939e+03 1.1920e+01 -4.1502e+03
1.1944e+06 2.6226e+01 -3.8650e+03 3.4555e+03 1.9394e+01 -4.1916e+03
1.3662e+06 2.6221e+01 -3.8873e+03 3.4178e+03 2.1634e+01 -4.2327e+03
1.3052e+06 2.6216e+01 -3.9084e+03 3.3808e+03 2.0515e+01 -4.2737e+03
1.3368e+06 2.6047e+01 -3.9284e+03 3.3444e+03 3.1146e+01 -4.3147e+03
1.0553e+06 2.4547e+01 -3.9474e+03 3.3087e+03 3.5118e+01 -4.3553e+03
6.2573e+05 2.1084e+01 -3.9654e+03 3.2735e+03 1.4106e+01 -4.3960e+03
-3.1017e+04 1.7925e+01 -3.9827e+03 3.2388e+03 -1.6257e+01 -4.4364e+03
-4.4427e+05 1.6823e+01 -3.9991e+03 3.2046e+03 -3.0453e+01 -4.4763e+03
-7.4257e+05 1.6754e+01 -4.0147e+03 3.1708e+03 -3.3798e+01 -4.5165e+03
-7.1293e+05 1.6754e+01 -4.0297e+03 3.1375e+03 -3.1639e+01 -4.5560e+03
-5.2877e+05 1.7536e+01 -4.0440e+03 3.1045e+03 -2.4087e+01 -4.5956e+03
-4.1503e+04 2.0870e+01 -4.0577e+03 3.0718e+03 -1.1337e+00 -4.6350e+03
3.8319e+05 2.4997e+01 -4.0708e+03 3.0395e+03 2.4541e+01 -4.6742e+03
6.1681e+05 2.6399e+01 -4.0833e+03 3.0075e+03 1.9946e+01 -4.7132e+03
5.8922e+05 2.6224e+01 -4.0954e+03 2.9758e+03 5.5943e+00 -4.7518e+03
5.9172e+05 2.6228e+01 -4.1069e+03 2.9443e+03 1.0672e+01 -4.7898e+03
4.5192e+05 2.6228e+01 -4.1181e+03 2.9131e+03 4.0308e+00 -4.8280e+03
3.8568e+05 2.6212e+01 -4.1288e+03 2.8821e+03 2.3491e+01 -4.8658e+03
1.6208e+05 2.6181e+01 -4.1390e+03 2.8513e+03 1.0490e+02 -4.9036e+03
-1.0159e+06 2.6188e+01 -4.1489e+03 2.8207e+03 9.8246e+01 -4.9410e+03
-3.3383e+06 2.6241e+01 -4.1585e+03 2.7902e+03 -3.5011e+01 -4.9769e+03
-5.2009e+06 2.6283e+01 -4.1677e+03 2.7600e+03 -9.2547e+01 -5.0147e+03
-6.0188e+06 2.6394e+01 -4.1766e+03 2.7299e+03 -5.1844e+01 -5.0524e+03
-6.2825e+06 2.6877e+01 -4.1851e+03 2.6999e+03 -2.7414e+01 -5.0874e+03
-6.3556e+06 2.7835e+01 -4.1934e+03 2.6701e+03 -9.9682e+00 -5.1217e+03
-6.2936e+06 2.9284e+01 -4.2014e+03 2.6404e+03 6.6862e+00 -5.1566e+03
-6.2643e+06 3.0654e+01 -4.2092e+03 2.6108e+03 -9.8306e-01 -5.1915e+03
4.9407e+05 2.6251e+01 -3.5851e+03 3.7941e+03 7.6680e-01 -4.0108e+03
5.5727e+05 2.6251e+01 -3.6207e+03 3.7489e+03 -5.6607e+00 -4.0509e+03
5.5858e+05 2.6248e+01 -3.6541e+03 3.7049e+03 -6.7886e+00 -4.0949e+03
6.6686e+05 2.6246e+01 -3.6855e+03 3.6619e+03 -3.7953e+00 -4.1365e+03
7.6600e+05 2.6243e+01 -3.7152e+03 3.6199e+03 -4.2186e+00 -4.1782e+03
9.4414e+05 2.6237e+01 -3.7432e+03 3.5788e+03 2.7540e+00 -4.2198e+03
1.0822e+06 2.6229e+01 -3.7696e+03 3.5385e+03 1.3503e+01 -4.2613e+03
1.1793e+06 2.6229e+01 -3.7947e+03 3.4990e+03 1.7480e+01 -4.3026e+03
1.1615e+06 2.6215e+01 -3.8184e+03 3.4603e+03 1.8340e+01 -4.3438e+03
1.0778e+06 2.5280e+01 -3.8409e+03 3.4222e+03 2.7530e+01 -4.3846e+03
7.6744e+05 2.2230e+01 -3.8624e+03 3.3848e+03 2.3660e+01 -4.4255e+03
2.8938e+05 1.8640e+01 -3.8827e+03 3.3480e+03 3.5498e+00 -4.4665e+03
-2.1051e+05 1.6965e+01 -3.9021e+03 3.3117e+03 -1.4257e+01 -4.5069e+03
-5.8686e+05 1.6751e+01 -3.9206e+03 3.2759e+03 -2.5529e+01 -4.5472e+03
-7.8950e+05 1.6754e+01 -3.9382e+03 3.2405e+03 -3.0165e+01 -4.5875e+03
-7.6612e+05 1.6752e+01 -3.9551e+03 3.2056e+03 -2.7987e+01 -4.6272e+03
-5.1336e+05 1.8236e+01 -3.9712e+03 3.1712e+03 -1.5550e+01 -4.6669e+03
-4.5162e+04 2.2259e+01 -3.9866e+03 3.1371e+03 1.3549e+01 -4.7061e+03
3.8785e+05 2.5678e+01 -4.0014e+03 3.1033e+03 3.3609e+01 -4.7454e+03
5.9955e+05 2.6389e+01 -4.0156e+03 3.0699e+03 2.5709e+01 -4.7846e+03
6.5301e+05 2.6223e+01 -4.0292e+03 3.0368e+03 1.3945e+01 -4.8231e+03
6.4309e+05 2.6228e+01 -4.0422e+03 3.0040e+03 1.3174e+01 -4.8612e+03
5.6144e+05 2.6229e+01 -4.0547e+03 2.9714e+03 4.5101e+00 -4.8999e+03
5.1402e+05 2.6214e+01 -4.0668e+03 2.9391e+03 1.3827e+01 -4.9373e+03
4.3123e+05 2.6182e+01 -4.0784e+03 2.9071e+03 8.3138e+01 -4.9747e+03
-4.8523e+05 2.6186e+01 -4.0896e+03 2.8752e+03 1.1659e+02 -5.0124e+03
-2.8048e+06 2.6249e+01 -4.1003e+03 2.8436e+03 -9.5578e-01 -5.0481e+03
-5.2034e+06 2.6305e+01 -4.1107e+03 2.8121e+03 -1.1111e+02 -5.0851e+03
-6.3151e+06 2.6309e+01 -4.1207e+03 2.7808e+03 -8.0899e+01 -5.1226e+03
-6.5382e+06 2.6304e+01 -4.1304e+03 2.7497e+03 -3.2240e+01 -5.1582e+03
-6.4898e+06 2.7096e+01 -4.1397e+03 2.7188e+03 -6.4391e+00 -5.1933e+03
-6.4005e+06 2.8480e+01 -4.1487e+03 2.6880e+03 1.0488e+01 -5.2288e+03
-6.4099e+06 2.8626e+01 -4.1574e+03 2.6573e+03 -8.8380e+00 -5.2643e+03
5.0820e+05 2.6249e+01 -3.4683e+03 3.8832e+03 5.6795e+00 -4.0798e+03
5.7135e+05 2.6250e+01 -3.5077e+03 3.8364e+03 -2.9082e+00 -4.1198e+03
5.4822e+05 2.6248e+01 -3.5447e+03 3.7908e+03 -7.1505e+00 -4.1641e+03
6.2105e+05 2.6247e+01 -3.5796e+03 3.7462e+03 -7.5536e+00 -4.2060e+03
6.8381e+05 2.6246e+01 -3.6125e+03 3.7025e+03 -7.7867e+00 -4.2479e+03
8.2812e+05 2.6241e+01 -3.6436e+03 3.6598e+03 -1.6875e+00 -4.2897e+03
9.2938e+05 2.6235e+01 -3.6730e+03 3.6180e+03 7.0557e+00 -4.3313e+03
9.8928e+05 2.6243e+01 -3.7009e+03 3.5769e+03 7.6513e+00 -4.3729e+03
9.1320e+05 2.5628e+01 -3.7273e+03 3.5366e+03 7.7956e+00 -4.4143e+03
7.3029e+05 2.3053e+01 -3.7523e+03 3.4970e+03 6.4755e+00 -4.4551e+03
3.6363e+05 1.9356e+01 -3.7761e+03 3.4580e+03 -1.2483e+00 -4.4961e+03
-1.0291e+04 1.7179e+01 -3.7988e+03 3.4196e+03 -4.8179e+00 -4.5371e+03
-3.8561e+05 1.6750e+01 -3.8204e+03 3.3818e+03 -8.8934e+00 -4.5778e+03
-6.5509e+05 1.6753e+01 -3.8410e+03 3.3446e+03 -1.9114e+01 -4.6183e+03
-7.9293e+05 1.6754e+01 -3.8607e+03 3.3078e+03 -2.1511e+01 -4.6585e+03
-7.4328e+05 1.6752e+01 -3.8794e+03 3.2715e+03 -2.0758e+01 -4.6985e+03
-5.6870e+05 1.7480e+01 -3.8974e+03 3.2357e+03 -2.1577e+01 -4.7383e+03
-1.9987e+05 2.0213e+01 -3.9146e+03 3.2002e+03 -1.1457e+01 -4.7777e+03
2.1589e+05 2.3854e+01 -3.9310e+03 3.1651e+03 7.1921e+00 -4.8171e+03
5.4169e+05 2.5856e+01 -3.9468e+03 3.1304e+03 1.6945e+01 -4.8560e+03
6.6819e+05 2.6223e+01 -3.9620e+03 3.0960e+03 1.6621e+01 -4.8946e+03
6.9056e+05 2.6228e+01 -3.9765e+03 3.0619e+03 1.1815e+01 -4.9331e+03
6.4810e+05 2.6229e+01 -3.9905e+03 3.0281e+03 6.7233e+00 -4.9717e+03
6.6288e+05 2.6214e+01 -4.0039e+03 2.9945e+03 1.7327e+01 -5.0091e+03
5.7987e+05 2.6185e+01 -4.0168e+03 2.9613e+03 7.3664e+01 -5.0465e+03
-2.1855e+05 2.6185e+01 -4.0293e+03 2.9282e+03 1.2596e+02 -5.0843e+03
-2.4562e+06 2.6246e+01 -4.0413e+03 2.8954e+03 3.2123e+01 -5.1205e+03
-5.0806e+06 2.6309e+01 -4.0528e+03 2.8628e+03 -1.0030e+02 -5.1572e+03
-6.4415e+06 2.6313e+01 -4.0640e+03 2.8304e+03 -8.5976e+01 -5.1943e+03
-6.6625e+06 2.6364e+01 -4.0748e+03 2.7982e+03 -3.0023e+01 -5.2305e+03
-6.5759e+06 2.7279e+01 -4.0852e+03 2.7662e+03 1.8059e-01 -5.2655e+03
-6.4856e+06 2.8174e+01 -4.0952e+03 2.7343e+03 1.3355e+01 -5.3009e+03
-6.5150e+06 2.7706e+01 -4.1049e+03 2.7026e+03 -1.1989e+01 -5.3360e+03
5.3504e+05 2.6250e+01 -3.3507e+03 3.9672e+03 3.0293e+00 -4.1490e+03
4.6394e+05 2.6250e+01 -3.3939e+03 3.9191e+03 -5.5822e+00 -4.1891e+03
5.7308e+05 2.6247e+01 -3.4345e+03 3.8721e+03 -5.8047e+00 -4.2337e+03
5.3146e+05 2.6246e+01 -3.4728e+03 3.8261e+03 -3.0621e+00 -4.2758e+03
6.6192e+05 2.6246e+01 -3.5089e+03 3.7811e+03 -5.8285e+00 -4.3178e+03
6.5334e+05 2.6244e+01 -3.5431e+03 3.7370e+03 -4.9270e+00 -4.3598e+03
7.7934e+05 2.6241e+01 -3.5754e+03 3.6937e+03 -3.9772e-01 -4.4015e+03
7.2190e+05 2.6248e+01 -3.6060e+03 3.6513e+03 -2.9177e+00 -4.4433e+03
7.0154e+05 2.5042e+01 -3.6351e+03 3.6096e+03 -2.0780e+00 -4.4846e+03
4.1149e+05 2.1448e+01 -3.6627e+03 3.5686e+03 -9.8479e+00 -4.5259e+03
9.6056e+04 1.7909e+01 -3.6889e+03 3.5282e+03 -2.5034e+01 -4.5672e+03
-2.8242e+05 1.6754e+01 -3.7139e+03 3.4885e+03 -2.8775e+01 -4.6081e+03
-4.9674e+05 1.6756e+01 -3.7377e+03 3.4493e+03 -2.7101e+01 -4.6490e+03
-6.9446e+05 1.6756e+01 -3.7604e+03 3.4107e+03 -2.7598e+01 -4.6895e+03
-7.0185e+05 1.6755e+01 -3.7821e+03 3.3726e+03 -2.1767e+01 -4.7296e+03
-7.0657e+05 1.6754e+01 -3.8028e+03 3.3350e+03 -2.0299e+01 -4.7699e+03
-5.9242e+05 1.6756e+01 -3.8226e+03 3.2979e+03 -3.2550e+01 -4.8096e+03
-3.7277e+05 1.8143e+01 -3.8415e+03 3.2611e+03 -3.7906e+01 -4.8494e+03
9.7148e+04 2.1887e+01 -3.8597e+03 3.2248e+03 -1.6178e+01 -4.8889e+03
4.7186e+05 2.5234e+01 -3.8771e+03 3.1888e+03 5.7447e+00 -4.9279e+03
6.6302e+05 2.6224e+01 -3.8938e+03 3.1532e+03 7.2005e+00 -4.9667e+03
6.6786e+05 2.6230e+01 -3.9099e+03 3.1179e+03 8.6604e-01 -5.0053e+03
7.1667e+05 2.6227e+01 -3.9253e+03 3.0829e+03 4.9313e+00 -5.0437e+03
7.4831e+05 2.6211e+01 -3.9401e+03 3.0482e+03 2.5814e+01 -5.0812e+03
6.7379e+05 2.6184e+01 -3.9544e+03 3.0138e+03 8.5461e+01 -5.1186e+03
-1.6848e+05 2.6181e+01 -3.9682e+03 2.9796e+03 1.4573e+02 -5.1566e+03
-2.4304e+06 2.6237e+01 -3.9814e+03 2.9457e+03 5.5528e+01 -5.1939e+03
-5.1313e+06 2.6299e+01 -3.9942e+03 2.9120e+03 -8.3604e+01 -5.2303e+03
-6.4905e+06 2.6305e+01 -4.0065e+03 2.8785e+03 -7.7413e+01 -5.2665e+03
-6.7405e+06 2.6700e+01 -4.0184e+03 2.8453e+03 -2.9354e+01 -5.3026e+03
-6.6479e+06 2.7421e+01 -4.0299e+03 2.8122e+03 -3.6066e+00 -5.3377e+03
-6.6007e+06 2.7295e+01 -4.0410e+03 2.7793e+03 2.6892e+00 -5.3735e+03
-6.5468e+06 2.7975e+01 -4.0517e+03 2.7466e+03 -1.5344e+01 -5.4086e+03
4.4972e+05 2.6250e+01 -3.2327e+03 4.0460e+03 1.8250e+00 -4.2184e+03
5.0933e+05 2.6250e+01 -3.2796e+03 3.9969e+03 -3.5781e+00 -4.2588e+03
5.3658e+05 2.6246e+01 -3.3237e+03 3.9488e+03 -5.8831e-01 -4.3035e+03
5.8750e+05 2.6244e+01 -3.3653e+03 3.9017e+03 5.0860e+00 -4.3458e+03
6.1149e+05 2.6244e+01 -3.4046e+03 3.8555e+03 1.3898e+00 -4.3881e+03
6.2575e+05 2.6244e+01 -3.4418e+03 3.8102e+03 -3.6626e+00 -4.4301e+03
6.3637e+05 2.6244e+01 -3.4770e+03 3.7658e+03 -5.1486e+00 -4.4720e+03
6.3686e+05 2.6244e+01 -3.5104e+03 3.7221e+03 -4.3874e+00 -4.5139e+03
5.9425e+05 2.5631e+01 -3.5421e+03 3.6792e+03 5.0744e+00 -4.5554e+03
4.0444e+05 2.3237e+01 -3.5722e+03 3.6369e+03 3.0069e+00 -4.5971e+03
4.2666e+04 1.9792e+01 -3.6008e+03 3.5954e+03 -1.8348e+01 -4.6384e+03
-3.1596e+05 1.7539e+01 -3.6281e+03 3.5544e+03 -4.1974e+01 -4.6792e+03
-5.1091e+05 1.7334e+01 -3.6541e+03 3.5140e+03 -4.3955e+01 -4.7204e+03
-5.2354e+05 1.8039e+01 -3.6789e+03 3.4742e+03 -2.8551e+01 -4.7611e+03
-5.2380e+05 1.7877e+01 -3.7026e+03 3.4349e+03 -2.1179e+01 -4.8014e+03
-5.5211e+05 1.7075e+01 -3.7252e+03 3.3961e+03 -2.7774e+01 -4.8417e+03
-5.2078e+05 1.6873e+01 -3.7469e+03 3.3578e+03 -3.9868e+01 -4.8815e+03
-2.5245e+05 1.8870e+01 -3.7676e+03 3.3198e+03 -3.4088e+01 -4.9213e+03
2.1833e+05 2.2992e+01 -3.7875e+03 3.2823e+03 -8.2862e-01 -4.9605e+03
5.7693e+05 2.5725e+01 -3.8066e+03 3.2452e+03 1.6977e+01 -4.9999e+03
6.6978e+05 2.6223e+01 -3.8249e+03 3.2084e+03 6.1258e+00 -5.0390e+03
6.8388e+05 2.6230e+01 -3.8424e+03 3.1720e+03 -4.6070e+00 -5.0775e+03
7.6047e+05 2.6222e+01 -3.8593e+03 3.1359e+03 1.1502e+01 -5.1161e+03
8.1166e+05 2.6204e+01 -3.8756e+03 3.1001e+03 4.8293e+01 -5.1540e+03
5.3780e+05 2.6187e+01 -3.8912e+03 3.0646e+03 1.0659e+02 -5.1910e+03
-5.7349e+05 2.6193e+01 -3.9063e+03 3.0294e+03 1.4865e+02 -5.2290e+03
-3.0047e+06 2.6243e+01 -3.9208e+03 2.9944e+03 4.7589e+01 -5.2670e+03
-5.4808e+06 2.6294e+01 -3.9348e+03 2.9597e+03 -7.8033e+01 -5.3027e+03
-6.5553e+06 2.6415e+01 -3.9483e+03 2.9252e+03 -6.1971e+01 -5.3385e+03
-6.6909e+06 2.7449e+01 -3.9613e+03 2.8909e+03 -1.7210e+01 -5.3749e+03
-6.6395e+06 2.8229e+01 -3.9739e+03 2.8568e+03 2.5409e+00 -5.4104e+03
-6.6480e+06 2.7104e+01 -3.9860e+03 2.8230e+03 -5.5831e+00 -5.4470e+03
-6.5618e+06 2.8564e+01 -3.9978e+03 2.7893e+03 -2.3518e+01 -5.4817e+03
4.6946e+05 2.6248e+01 -3.1147e+03 4.1195e+03 3.2814e+00 -4.2881e+03
4.2614e+05 2.6248e+01 -3.1650e+03 4.0697e+03 -3.2865e-01 -4.3287e+03
5.4408e+05 2.6245e+01 -3.2125e+03 4.0208e+03 1.9263e+00 -4.3737e+03
4.9926e+05 2.6244e+01 -3.2574e+03 3.9729e+03 5.2211e+00 -4.4160e+03
6.1070e+05 2.6244e+01 -3.2998e+03 3.9258e+03 4.7257e+00 -4.4585e+03
5.4477e+05 2.6244e+01 -3.3400e+03 3.8795e+03 1.4936e+00 -4.5007e+03
5.8772e+05 2.6244e+01 -3.3780e+03 3.8341e+03 -4.7626e+00 -4.5428e+03
5.3005e+05 2.6243e+01 -3.4141e+03 3.7893e+03 -2.3229e+00 -4.5850e+03
5.9534e+05 2.6230e+01 -3.4484e+03 3.7454e+03 1.1170e+01 -4.6266e+03
4.4991e+05 2.5623e+01 -3.4810e+03 3.7021e+03 1.5611e+01 -4.6683e+03
2.5617e+05 2.3448e+01 -3.5120e+03 3.6594e+03 5.1292e+00 -4.7097e+03
-8.3534e+04 2.0683e+01 -3.5416e+03 3.6174e+03 -2.0654e+01 -4.7508e+03
-1.5633e+05 2.0267e+01 -3.5698e+03 3.5759e+03 -2.2837e+01 -4.7919e+03
-1.1377e+05 2.1680e+01 -3.5967e+03 3.5350e+03 1.7281e+00 -4.8327e+03
-9.2300e+04 2.1422e+01 -3.6224e+03 3.4946e+03 3.2672e+00 -4.8734e+03
-2.4937e+05 1.9330e+01 -3.6470e+03 3.4547e+03 -1.9512e+01 -4.9137e+03
-2.3755e+05 1.8439e+01 -3.6705e+03 3.4153e+03 -3.4684e+01 -4.9540e+03
9.0874e+03 2.1188e+01 -3.6930e+03 3.3763e+03 -1.7436e+01 -4.9937e+03
4.5133e+05 2.5047e+01 -3.7146e+03 3.3377e+03 1.6001e+01 -5.0328e+03
6.5648e+05 2.6339e+01 -3.7353e+03 3.2995e+03 2.3391e+01 -5.0723e+03
7.0502e+05 2.6224e+01 -3.7552e+03 3.2617e+03 9.4208e+00 -5.1113e+03
6.9175e+05 2.6227e+01 -3.7743e+03 3.2242e+03 -5.9286e-01 -5.1501e+03
7.9957e+05 2.6214e+01 -3.7926e+03 3.1871e+03 2.6503e+01 -5.1889e+03
6.8380e+05 2.6198e+01 -3.8103e+03 3.1503e+03 7.1801e+01 -5.2269e+03
-8.4008e+04 2.6205e+01 -3.8273e+03 3.1137e+03 8.6675e+01 -5.2634e+03
-1.7855e+06 2.6233e+01 -3.8437e+03 3.0775e+03 6.5500e+01 -5.3012e+03
-4.1276e+06 2.6270e+01 -3.8594e+03 3.0415e+03 -1.5877e+01 -5.3395e+03
-5.9699e+06 2.6289e+01 -3.8747e+03 3.0058e+03 -7.5327e+01 -5.3752e+03
-6.5595e+06 2.6970e+01 -3.8893e+03 2.9703e+03 -3.9724e+01 -5.4115e+03
-6.6053e+06 2.8507e+01 -3.9035e+03 2.9351e+03 -5.1060e+00 -5.4482e+03
-6.5992e+06 2.8660e+01 -3.9172e+03 2.9001e+03 -1.9054e-01 -5.4836e+03
-6.6338e+06 2.7680e+01 -3.9304e+03 2.8652e+03 -1.4298e+01 -5.5195e+03
-6.4736e+06 3.0010e+01 -3.9432e+03 2.8306e+03 -2.6032e+01 -5.5528e+03
3.7804e+05 2.6243e+01 -2.9968e+03 4.1880e+03 1.0112e+01 -4.3580e+03
4.4032e+05 2.6244e+01 -3.0506e+03 4.1377e+03 3.3909e+00 -4.3989e+03
4.4098e+05 2.6244e+01 -3.1014e+03 4.0882e+03 1.3886e+00 -4.4442e+03
4.9208e+05 2.6245e+01 -3.1494e+03 4.0396e+03 5.7858e-02 -4.4865e+03
5.2980e+05 2.6244e+01 -3.1948e+03 3.9918e+03 2.1013e+00 -4.5292e+03
5.7802e+05 2.6243e+01 -3.2378e+03 3.9448e+03 7.0205e+00 -4.5716e+03
5.4166e+05 2.6244e+01 -3.2786e+03 3.8985e+03 -1.0584e+00 -4.6139e+03
5.3760e+05 2.6243e+01 -3.3174e+03 3.8530e+03 -3.6889e+00 -4.6561e+03
5.4278e+05 2.6241e+01 -3.3542e+03 3.8081e+03 6.0478e+00 -4.6979e+03
5.1866e+05 2.6237e+01 -3.3893e+03 3.7639e+03 1.1864e+01 -4.7398e+03
4.1293e+05 2.5734e+01 -3.4227e+03 3.7203e+03 1.4255e+01 -4.7815e+03
2.9188e+05 2.4633e+01 -3.4545e+03 3.6774e+03 7.2355e+00 -4.8229e+03
2.5282e+05 2.4414e+01 -3.4848e+03 3.6349e+03 9.3960e+00 -4.8637e+03
3.3110e+05 2.5126e+01 -3.5138e+03 3.5931e+03 2.7949e+01 -4.9046e+03
3.1435e+05 2.5090e+01 -3.5415e+03 3.5517e+03 3.0769e+01 -4.9454e+03
1.9710e+05 2.3306e+01 -3.5680e+03 3.5108e+03 8.3084e+00 -4.9859e+03
1.5411e+05 2.2141e+01 -3.5934e+03 3.4704e+03 -9.6240e+00 -5.0263e+03
3.7046e+05 2.4152e+01 -3.6177e+03 3.4304e+03 3.1197e+00 -5.0659e+03
5.9417e+05 2.6135e+01 -3.6410e+03 3.3908e+03 1.7324e+01 -5.1055e+03
6.7403e+05 2.6293e+01 -3.6633e+03 3.3517e+03 1.2129e+01 -5.1451e+03
6.6187e+05 2.6226e+01 -3.6848e+03 3.3129e+03 3.5859e+00 -5.1840e+03
6.9735e+05 2.6222e+01 -3.7054e+03 3.2744e+03 6.2578e+00 -5.2229e+03
7.5681e+05 2.6203e+01 -3.7253e+03 3.2363e+03 5.1339e+01 -5.2614e+03
3.4815e+05 2.6194e+01 -3.7443e+03 3.1985e+03 9.1839e+01 -5.2991e+03
-1.2056e+06 2.6227e+01 -3.7627e+03 3.1611e+03 3.3118e+01 -5.3362e+03
-3.4480e+06 2.6272e+01 -3.7804e+03 3.1239e+03 -5.5694e+01 -5.3742e+03
-5.3194e+06 2.6290e+01 -3.7975e+03 3.0869e+03 -8.0498e+01 -5.4123e+03
-6.2895e+06 2.6267e+01 -3.8139e+03 3.0503e+03 -5.8660e+01 -5.4487e+03
-6.5531e+06 2.7304e+01 -3.8298e+03 3.0139e+03 -2.4061e+01 -5.4849e+03
-6.5602e+06 2.9282e+01 -3.8451e+03 2.9777e+03 -1.1661e+01 -5.5209e+03
-6.5494e+06 2.9650e+01 -3.8599e+03 2.9418e+03 -1.2593e+01 -5.5558e+03
-6.4519e+06 3.0037e+01 -3.8742e+03 2.9061e+03 -9.7874e+00 -5.5916e+03
-6.2429e+06 3.2962e+01 -3.8881e+03 2.8706e+03 -9.4654e+00 -5.6254e+03
2.4385e+05 2.6358e+01 -2.8795e+03 4.2514e+03 1.4969e+01 -4.4285e+03
2.8990e+05 2.6242e+01 -2.9365e+03 4.2008e+03 3.1379e+00 -4.4692e+03
3.5341e+05 2.6240e+01 -2.9904e+03 4.1511e+03 5.3508e+00 -4.5145e+03
4.3413e+05 2.6241e+01 -3.0414e+03 4.1020e+03 5.0742e+00 -4.5573e+03
4.9622e+05 2.6242e+01 -3.0898e+03 4.0537e+03 4.2188e+00 -4.6002e+03
5.4149e+05 2.6242e+01 -3.1356e+03 4.0061e+03 8.5854e+00 -4.6428e+03
5.1325e+05 2.6243e+01 -3.1791e+03 3.9593e+03 1.5858e+00 -4.6852e+03
4.9739e+05 2.6244e+01 -3.2205e+03 3.9130e+03 -1.7105e+00 -4.7274e+03
5.1138e+05 2.6242e+01 -3.2598e+03 3.8674e+03 4.3669e+00 -4.7695e+03
5.1496e+05 2.6241e+01 -3.2972e+03 3.8225e+03 6.3387e+00 -4.8115e+03
5.1510e+05 2.6238e+01 -3.3329e+03 3.7781e+03 1.2902e+01 -4.8533e+03
5.2365e+05 2.6226e+01 -3.3669e+03 3.7343e+03 1.9816e+01 -4.8950e+03
5.1658e+05 2.6217e+01 -3.3994e+03 3.6911e+03 1.9313e+01 -4.9359e+03
5.2042e+05 2.6223e+01 -3.4305e+03 3.6484e+03 2.1013e+01 -4.9770e+03
5.1053e+05 2.6284e+01 -3.4601e+03 3.6061e+03 2.4306e+01 -5.0178e+03
4.7593e+05 2.5788e+01 -3.4885e+03 3.5644e+03 1.8262e+01 -5.0583e+03
4.8822e+05 2.5307e+01 -3.5157e+03 3.5231e+03 1.2585e+01 -5.0986e+03
5.8892e+05 2.5920e+01 -3.5418e+03 3.4822e+03 1.5355e+01 -5.1383e+03
6.4787e+05 2.6342e+01 -3.5668e+03 3.4417e+03 1.2303e+01 -5.1783e+03
6.2968e+05 2.6222e+01 -3.5908e+03 3.4017e+03 4.5644e+00 -5.2178e+03
5.9514e+05 2.6224e+01 -3.6138e+03 3.3620e+03 4.4838e+00 -5.2567e+03
6.1528e+05 2.6212e+01 -3.6360e+03 3.3226e+03 3.1849e+01 -5.2955e+03
5.2740e+05 2.6188e+01 -3.6573e+03 3.2836e+03 1.0026e+02 -5.3340e+03
-3.4562e+05 2.6191e+01 -3.6778e+03 3.2449e+03 1.1996e+02 -5.3721e+03
-2.4377e+06 2.6239e+01 -3.6975e+03 3.2066e+03 1.0466e+01 -5.4104e+03
-4.7153e+06 2.6283e+01 -3.7165e+03 3.1685e+03 -9.2824e+01 -5.4479e+03
-6.0022e+06 2.6292e+01 -3.7349e+03 3.1307e+03 -7.9772e+01 -5.4850e+03
-6.4231e+06 2.6532e+01 -3.7526e+03 3.0932e+03 -3.3994e+01 -5.5218e+03
-6.5204e+06 2.7646e+01 -3.7696e+03 3.0559e+03 -1.7005e+01 -5.5580e+03
-6.4878e+06 3.0129e+01 -3.7861e+03 3.0189e+03 -1.5086e+01 -5.5941e+03
-6.3249e+06 3.2511e+01 -3.8021e+03 2.9821e+03 -1.1069e+00 -5.6293e+03
-6.0968e+06 3.3931e+01 -3.8175e+03 2.9455e+03 1.6865e+01 -5.6652e+03
-5.9571e+06 3.5440e+01 -3.8323e+03 2.9092e+03 8.4768e+00 -5.6998e+03
-5.3834e+04 2.4702e+01 -2.7630e+03 4.3098e+03 2.7491e+00 -4.4986e+03
2.3845e+04 2.5665e+01 -2.8231e+03 4.2593e+03 -7.2506e-01 -4.5396e+03
2.7961e+05 2.6243e+01 -2.8799e+03 4.2094e+03 1.3592e+01 -4.5854e+03
3.6838e+05 2.6236e+01 -2.9338e+03 4.1601e+03 1.5332e+01 -4.6283e+03
4.9544e+05 2.6239e+01 -2.9849e+03 4.1115e+03 9.7831e+00 -4.6712e+03
4.8665e+05 2.6241e+01 -3.0335e+03 4.0635e+03 8.0558e+00 -4.7141e+03
5.1685e+05 2.6244e+01 -3.0796e+03 4.0162e+03 1.3867e+00 -4.7567e+03
4.6640e+05 2.6244e+01 -3.1234e+03 3.9695e+03 -1.9930e-01 -4.7990e+03
5.0202e+05 2.6244e+01 -3.1652e+03 3.9233e+03 2.7218e+00 -4.8413e+03
4.6685e+05 2.6243e+01 -3.2050e+03 3.8778e+03 5.0331e-01 -4.8834e+03
5.3338e+05 2.6241e+01 -3.2429e+03 3.8327e+03 6.5611e+00 -4.9252e+03
5.5055e+05 2.6237e+01 -3.2791e+03 3.7883e+03 1.4724e+01 -4.9670e+03
5.5960e+05 2.6236e+01 -3.3137e+03 3.7443e+03 9.4894e+00 -5.0082e+03
4.9711e+05 2.6237e+01 -3.3467e+03 3.7009e+03 9.0714e-01 -5.0492e+03
5.1614e+05 2.6236e+01 -3.3784e+03 3.6579e+03 2.0994e+00 -5.0902e+03
5.3572e+05 2.6232e+01 -3.4086e+03 3.6153e+03 8.1862e+00 -5.1310e+03
6.2256e+05 2.6226e+01 -3.4376e+03 3.5733e+03 1.4880e+01 -5.1712e+03
6.4904e+05 2.6221e+01 -3.4655e+03 3.5316e+03 1.4938e+01 -5.2113e+03
6.4648e+05 2.6219e+01 -3.4921e+03 3.4903e+03 8.2450e+00 -5.2511e+03
5.8473e+05 2.6219e+01 -3.5178e+03 3.4494e+03 1.0652e+01 -5.2908e+03
4.9285e+05 2.6216e+01 -3.5424e+03 3.4089e+03 2.8298e+01 -5.3300e+03
1.9656e+05 2.6205e+01 -3.5660e+03 3.3688e+03 6.0747e+01 -5.3685e+03
-4.2297e+05 2.6189e+01 -3.5888e+03 3.3289e+03 1.0653e+02 -5.4072e+03
-1.7572e+06 2.6202e+01 -3.6107e+03 3.2894e+03 9.4519e+01 -5.4459e+03
-3.7361e+06 2.6246e+01 -3.6318e+03 3.2502e+03 -4.3480e+00 -5.4843e+03
-5.4404e+06 2.6277e+01 -3.6522e+03 3.2113e+03 -6.4979e+01 -5.5212e+03
-6.2296e+06 2.6272e+01 -3.6718e+03 3.1727e+03 -4.4052e+01 -5.5578e+03
-6.4502e+06 2.6985e+01 -3.6907e+03 3.1344e+03 -1.8091e+01 -5.5949e+03
-6.4360e+06 2.9114e+01 -3.7090e+03 3.0963e+03 -8.1605e+00 -5.6318e+03
-6.3008e+06 3.2282e+01 -3.7266e+03 3.0584e+03 -1.8062e+00 -5.6681e+03
-6.0790e+06 3.5030e+01 -3.7437e+03 3.0209e+03 1.2612e+01 -5.7033e+03
-5.8698e+06 3.6052e+01 -3.7602e+03 2.9835e+03 2.4196e+01 -5.7387e+03
-5.7865e+06 3.6217e+01 -3.7761e+03 2.9464e+03 1.1268e+01 -5.7729e+03
-6.1278e+05 2.0449e+01 -2.6475e+03 4.3634e+03 -2.4576e+01 -4.5692e+03
-2.7360e+05 2.3302e+01 -2.7104e+03 4.3131e+03 -8.5708e+00 -4.6103e+03
3.0516e+04 2.5635e+01 -2.7701e+03 4.2632e+03 1.6622e+01 -4.6564e+03
2.8785e+05 2.6221e+01 -2.8268e+03 4.2139e+03 1.7426e+01 -4.6995e+03
3.7787e+05 2.6237e+01 -2.8805e+03 4.1652e+03 9.1875e+00 -4.7425e+03
4.6903e+05 2.6240e+01 -2.9316e+03 4.1170e+03 8.3437e+00 -4.7855e+03
4.4639e+05 2.6243e+01 -2.9802e+03 4.0694e+03 3.7164e+00 -4.8283e+03
4.5047e+05 2.6245e+01 -3.0265e+03 4.0223e+03 -1.8540e-01 -4.8708e+03
4.2101e+05 2.6246e+01 -3.0706e+03 3.9758e+03 -4.5391e-01 -4.9133e+03
4.4550e+05 2.6245e+01 -3.1127e+03 3.9297e+03 -2.6563e+00 -4.9555e+03
4.6193e+05 2.6244e+01 -3.1528e+03 3.8842e+03 -1.8397e+00 -4.9974e+03
5.3057e+05 2.6241e+01 -3.1911e+03 3.8392e+03 3.8860e+00 -5.0392e+03
5.2004e+05 2.6240e+01 -3.2277e+03 3.7946e+03 2.8698e+00 -5.0806e+03
4.9656e+05 2.6241e+01 -3.2628e+03 3.7506e+03 -4.9188e+00 -5.1218e+03
4.8168e+05 2.6240e+01 -3.2963e+03 3.7069e+03 -4.2826e+00 -5.1631e+03
5.4109e+05 2.6236e+01 -3.3284e+03 3.6637e+03 2.0665e+00 -5.2038e+03
5.7124e+05 2.6231e+01 -3.3592e+03 3.6210e+03 4.5588e+00 -5.2442e+03
6.0444e+05 2.6225e+01 -3.3887e+03 3.5786e+03 7.0995e+00 -5.2844e+03
5.7427e+05 2.6220e+01 -3.4171e+03 3.5366e+03 7.5327e+00 -5.3241e+03
5.1747e+05 2.6215e+01 -3.4443e+03 3.4950e+03 2.4475e+01 -5.3642e+03
1.7623e+05 2.6211e+01 -3.4705e+03 3.4537e+03 5.2965e+01 -5.4038e+03
-8.6627e+05 2.6217e+01 -3.4957e+03 3.4128e+03 3.0919e+01 -5.4418e+03
-2.3498e+06 2.6225e+01 -3.5199e+03 3.3722e+03 -2.4938e+00 -5.4803e+03
-3.7302e+06 2.6236e+01 -3.5432e+03 3.3320e+03 -1.0979e+01 -5.5192e+03
-5.0023e+06 2.6256e+01 -3.5657e+03 3.2920e+03 -3.5868e+01 -5.5574e+03
-5.8855e+06 2.6269e+01 -3.5873e+03 3.2524e+03 -4.1713e+01 -5.5946e+03
-6.3147e+06 2.6251e+01 -3.6082e+03 3.2130e+03 -2.5185e+01 -5.6317e+03
-6.4570e+06 2.6967e+01 -3.6284e+03 3.1739e+03 -2.1868e+01 -5.6689e+03
-6.3757e+06 3.0064e+01 -3.6478e+03 3.1350e+03 -1.2300e+01 -5.7056e+03
-6.1329e+06 3.4191e+01 -3.6666e+03 3.0964e+03 3.8510e+00 -5.7411e+03
-5.9368e+06 3.6114e+01 -3.6848e+03 3.0581e+03 1.2527e+01 -5.7763e+03
-5.7850e+06 3.6277e+01 -3.7024e+03 3.0200e+03 1.7669e+01 -5.8124e+03
-5.6636e+06 3.6289e+01 -3.7194e+03 2.9821e+03 1.7310e+01 -5.8467e+03
-9.8520e+05 1.7368e+01 -2.5332e+03 4.4123e+03 -4.0688e+01 -4.6407e+03
-7.0189e+05 1.9724e+01 -2.5989e+03 4.3623e+03 -2.6906e+01 -4.6814e+03
-2.1839e+05 2.3237e+01 -2.6612e+03 4.3127e+03 3.3081e+00 -4.7276e+03
8.7855e+04 2.5616e+01 -2.7204e+03 4.2636e+03 1.3810e+01 -4.7708e+03
3.2427e+05 2.6235e+01 -2.7767e+03 4.2149e+03 8.7863e+00 -4.8140e+03
3.9271e+05 2.6238e+01 -2.8303e+03 4.1667e+03 9.3908e+00 -4.8572e+03
4.5300e+05 2.6241e+01 -2.8813e+03 4.1189e+03 7.5701e+00 -4.9001e+03
3.9736e+05 2.6245e+01 -2.9299e+03 4.0716e+03 1.2755e+00 -4.9428e+03
4.0891e+05 2.6246e+01 -2.9762e+03 4.0248e+03 -7.6098e-01 -4.9854e+03
3.8561e+05 2.6246e+01 -3.0205e+03 3.9784e+03 -2.5630e+00 -5.0277e+03
4.3669e+05 2.6245e+01 -3.0627e+03 3.9325e+03 -4.3395e+00 -5.0697e+03
4.7765e+05 2.6242e+01 -3.1031e+03 3.8871e+03 3.4901e+00 -5.1116e+03
5.3218e+05 2.6239e+01 -3.1417e+03 3.8420e+03 8.8002e+00 -5.1533e+03
4.8320e+05 2.6241e+01 -3.1787e+03 3.7975e+03 1.6652e+00 -5.1948e+03
4.9144e+05 2.6240e+01 -3.2141e+03 3.7533e+03 -9.1335e-01 -5.2359e+03
4.9872e+05 2.6238e+01 -3.2480e+03 3.7095e+03 1.0406e+00 -5.2767e+03
5.2864e+05 2.6234e+01 -3.2805e+03 3.6662e+03 -2.2848e+00 -5.3173e+03
5.2601e+05 2.6228e+01 -3.3117e+03 3.6232e+03 1.5327e+00 -5.3577e+03
5.0324e+05 2.6220e+01 -3.3417e+03 3.5806e+03 9.8957e+00 -5.3976e+03
3.4470e+05 2.6210e+01 -3.3705e+03 3.5383e+03 4.4498e+01 -5.4373e+03
-3.5320e+05 2.6210e+01 -3.3983e+03 3.4964e+03 7.3836e+01 -5.4763e+03
-2.2152e+06 2.6237e+01 -3.4249e+03 3.4548e+03 -1.0094e+01 -5.5151e+03
-4.1993e+06 2.6268e+01 -3.4506e+03 3.4135e+03 -9.7917e+01 -5.5539e+03
-5.2684e+06 2.6274e+01 -3.4753e+03 3.3726e+03 -7.3162e+01 -5.5929e+03
-5.7851e+06 2.6267e+01 -3.4991e+03 3.3319e+03 -3.4888e+01 -5.6313e+03
-6.1272e+06 2.6261e+01 -3.5221e+03 3.2916e+03 -2.0309e+01 -5.6683e+03
-6.3256e+06 2.6245e+01 -3.5442e+03 3.2515e+03 -1.9281e+01 -5.7042e+03
-6.4138e+06 2.7369e+01 -3.5656e+03 3.2117e+03 -2.8270e+01 -5.7409e+03
-6.2750e+06 3.1099e+01 -3.5863e+03 3.1721e+03 -1.6461e+01 -5.7782e+03
-6.0246e+06 3.5061e+01 -3.6062e+03 3.1328e+03 2.4066e+00 -5.8149e+03
-5.8405e+06 3.6355e+01 -3.6255e+03 3.0937e+03 1.3034e+01 -5.8506e+03
-5.7230e+06 3.6278e+01 -3.6442e+03 3.0549e+03 1.9976e+01 -5.8862e+03
-5.6240e+06 3.6283e+01 -3.6622e+03 3.0163e+03 1.8749e+01 -5.9202e+03
-1.2672e+06 1.6763e+01 -2.4203e+03 4.4566e+03 -3.6034e+01 -4.7115e+03
-9.5456e+05 1.7384e+01 -2.4885e+03 4.4072e+03 -3.8793e+01 -4.7526e+03
-5.5238e+05 2.0393e+01 -2.5533e+03 4.3580e+03 -1.5280e+01 -4.7991e+03
-3.9701e+04 2.4531e+01 -2.6150e+03 4.3092e+03 9.4606e+00 -4.8423e+03
2.1584e+05 2.6257e+01 -2.6736e+03 4.2607e+03 1.3064e+01 -4.8857e+03
3.6165e+05 2.6238e+01 -2.7295e+03 4.2125e+03 9.7675e+00 -4.9290e+03
3.4858e+05 2.6242e+01 -2.7828e+03 4.1648e+03 5.0989e+00 -4.9721e+03
3.5732e+05 2.6245e+01 -2.8336e+03 4.1174e+03 -6.2631e-01 -5.0150e+03
3.3234e+05 2.6246e+01 -2.8822e+03 4.0704e+03 -1.6131e+00 -5.0575e+03
3.7546e+05 2.6246e+01 -2.9285e+03 4.0239e+03 -2.1609e+00 -5.1001e+03
3.9478e+05 2.6244e+01 -2.9728e+03 3.9777e+03 -1.1174e+00 -5.1423e+03
4.8214e+05 2.6241e+01 -3.0152e+03 3.9319e+03 6.2855e+00 -5.1843e+03
4.9190e+05 2.6239e+01 -3.0557e+03 3.8865e+03 9.7587e+00 -5.2262e+03
4.8537e+05 2.6239e+01 -3.0945e+03 3.8416e+03 3.1695e+00 -5.2676e+03
4.5423e+05 2.6239e+01 -3.1318e+03 3.7970e+03 3.1689e-01 -5.3088e+03
4.9594e+05 2.6236e+01 -3.1674e+03 3.7527e+03 3.5436e+00 -5.3497e+03
5.0181e+05 2.6231e+01 -3.2017e+03 3.7089e+03 5.4595e+00 -5.3906e+03
5.1829e+05 2.6222e+01 -3.2346e+03 3.6654e+03 1.5661e+01 -5.4309e+03
3.8846e+05 2.6212e+01 -3.2662e+03 3.6222e+03 3.6293e+01 -5.4710e+03
-2.2109e+04 2.6204e+01 -3.2965e+03 3.5794e+03 7.6569e+01 -5.5103e+03
-1.2436e+06 2.6213e+01 -3.3258e+03 3.5369e+03 8.5346e+01 -5.5496e+03
-3.3779e+06 2.6363e+01 -3.3539e+03 3.4947e+03 -8.9320e+00 -5.5896e+03
-5.2756e+06 2.5921e+01 -3.3810e+03 3.4528e+03 -8.7586e+01 -5.6280e+03
-6.0617e+06 2.4928e+01 -3.4070e+03 3.4112e+03 -6.5398e+01 -5.6665e+03
-6.2468e+06 2.5200e+01 -3.4322e+03 3.3699e+03 -2.6280e+01 -5.7054e+03
-6.2019e+06 2.6791e+01 -3.4565e+03 3.3289e+03 -3.2387e+00 -5.7416e+03
-6.1890e+06 2.8205e+01 -3.4799e+03 3.2882e+03 -1.3262e+00 -5.7776e+03
-6.1904e+06 3.0354e+01 -3.5025e+03 3.2477e+03 -1.0204e+01 -5.8154e+03
-6.0811e+06 3.3889e+01 -3.5243e+03 3.2075e+03 -1.2073e+00 -5.8527e+03
-5.9449e+06 3.6042e+01 -3.5454e+03 3.1675e+03 3.6693e+00 -5.8891e+03
-5.8344e+06 3.6293e+01 -3.5658e+03 3.1278e+03 1.0345e+01 -5.9243e+03
-5.7325e+06 3.6282e+01 -3.5856e+03 3.0883e+03 1.9798e+01 -5.9595e+03
-5.7118e+06 3.6287e+01 -3.6047e+03 3.0490e+03 8.2795e+00 -5.9934e+03
-1.3135e+06 1.6759e+01 -2.3091e+03 4.4965e+03 -2.8156e+01 -4.7823e+03
-1.1136e+06 1.7395e+01 -2.3796e+03 4.4478e+03 -3.5034e+01 -4.8239e+03
-6.0979e+05 2.0448e+01 -2.4467e+03 4.3992e+03 -1.4483e+01 -4.8706e+03
-1.4148e+05 2.4597e+01 -2.5106e+03 4.3508e+03 1.0819e+01 -4.9140e+03
2.0378e+05 2.6281e+01 -2.5715e+03 4.3026e+03 1.4659e+01 -4.9577e+03
2.6587e+05 2.6239e+01 -2.6296e+03 4.2547e+03 6.7910e+00 -5.0010e+03
3.0923e+05 2.6243e+01 -2.6850e+03 4.2070e+03 -1.4403e+00 -5.0442e+03
2.8089e+05 2.6246e+01 -2.7380e+03 4.1597e+03 -3.4088e+00 -5.0872e+03
3.3024e+05 2.6246e+01 -2.7885e+03 4.1127e+03 -1.7366e+00 -5.1300e+03
3.3063e+05 2.6245e+01 -2.8369e+03 4.0661e+03 -7.5084e-01 -5.1727e+03
3.9150e+05 2.6244e+01 -2.8832e+03 4.0198e+03 6.0778e-01 -5.2150e+03
4.0056e+05 2.6241e+01 -2.9274e+03 3.9738e+03 2.8540e+00 -5.2571e+03
4.3383e+05 2.6240e+01 -2.9699e+03 3.9282e+03 3.2693e+00 -5.2990e+03
3.9903e+05 2.6239e+01 -3.0105e+03 3.8829e+03 -6.4369e-01 -5.3407e+03
4.2260e+05 2.6238e+01 -3.0495e+03 3.8379e+03 -9.4411e-01 -5.3821e+03
4.4410e+05 2.6233e+01 -3.0869e+03 3.7933e+03 6.0634e+00 -5.4231e+03
5.0141e+05 2.6223e+01 -3.1228e+03 3.7491e+03 2.1935e+01 -5.4638e+03
4.3775e+05 2.6209e+01 -3.1573e+03 3.7051e+03 5.5436e+01 -5.5041e+03
5.2672e+04 2.6199e+01 -3.1905e+03 3.6615e+03 8.6290e+01 -5.5445e+03
-1.0284e+06 2.6204e+01 -3.2224e+03 3.6182e+03 8.1508e+01 -5.5842e+03
-2.7270e+06 2.6229e+01 -3.2531e+03 3.5752e+03 3.4542e+01 -5.6239e+03
-4.5747e+06 2.6491e+01 -3.2826e+03 3.5324e+03 -2.6483e+01 -5.6633e+03
-5.9007e+06 2.5015e+01 -3.3111e+03 3.4900e+03 -6.1154e+01 -5.7015e+03
-6.5674e+06 2.1995e+01 -3.3386e+03 3.4479e+03 -6.9325e+01 -5.7407e+03
-6.5725e+06 2.3322e+01 -3.3650e+03 3.4060e+03 -4.3950e+01 -5.7793e+03
-6.1939e+06 2.8857e+01 -3.3906e+03 3.3644e+03 9.4374e+00 -5.8150e+03
-5.9448e+06 3.2725e+01 -3.4152e+03 3.3231e+03 2.7446e+01 -5.8527e+03
-5.9542e+06 3.4487e+01 -3.4390e+03 3.2820e+03 1.2376e+01 -5.8913e+03
-5.9645e+06 3.5935e+01 -3.4620e+03 3.2412e+03 5.0783e+00 -5.9272e+03
-5.9739e+06 3.6444e+01 -3.4843e+03 3.2006e+03 -5.2645e+00 -5.9627e+03
-5.9088e+06 3.6303e+01 -3.5058e+03 3.1602e+03 -4.4125e-02 -5.9975e+03
-5.8120e+06 3.6293e+01 -3.5266e+03 3.1201e+03 1.5707e+01 -6.0332e+03
-5.7973e+06 3.6297e+01 -3.5468e+03 3.0802e+03 4.5781e+00 -6.0674e+03
-1.4577e+06 1.6756e+01 -2.1996e+03 4.5321e+03 -2.6538e+01 -4.8538e+03
-1.0601e+06 1.8628e+01 -2.2722e+03 4.4842e+03 -3.1420e+01 -4.8954e+03
-6.4985e+05 2.2882e+01 -2.3414e+03 4.4363e+03 -1.2103e+00 -4.9421e+03
-5.8064e+04 2.5773e+01 -2.4074e+03 4.3885e+03 2.0648e+01 -4.9856e+03
1.0646e+05 2.6257e+01 -2.4704e+03 4.3407e+03 1.6017e+01 -5.0297e+03
2.7530e+05 2.6238e+01 -2.5306e+03 4.2932e+03 7.2602e+00 -5.0733e+03
1.9974e+05 2.6243e+01 -2.5881e+03 4.2458e+03 -3.2662e+00 -5.1167e+03
2.8762e+05 2.6245e+01 -2.6430e+03 4.1987e+03 -4.8750e+00 -5.1597e+03
2.5953e+05 2.6245e+01 -2.6955e+03 4.1518e+03 -2.0558e+00 -5.2027e+03
3.5987e+05 2.6244e+01 -2.7458e+03 4.1052e+03 6.1695e-01 -5.2454e+03
3.1480e+05 2.6243e+01 -2.7939e+03 4.0588e+03 -1.7881e+00 -5.2878e+03
3.7418e+05 2.6242e+01 -2.8400e+03 4.0127e+03 -1.3507e+00 -5.3301e+03
3.2588e+05 2.6240e+01 -2.8843e+03 3.9669e+03 -2.3235e-01 -5.3721e+03
3.6493e+05 2.6239e+01 -2.9267e+03 3.9215e+03 -2.8434e+00 -5.4139e+03
3.4310e+05 2.6236e+01 -2.9673e+03 3.8763e+03 4.3068e-02 -5.4554e+03
4.1026e+05 2.6228e+01 -3.0064e+03 3.8314e+03 1.6143e+01 -5.4965e+03
2.7923e+05 2.6214e+01 -3.0440e+03 3.7868e+03 4.6711e+01 -5.5372e+03
-1.0329e+05 2.6201e+01 -3.0800e+03 3.7425e+03 8.5406e+01 -5.5779e+03
-1.1482e+06 2.6204e+01 -3.1147e+03 3.6984e+03 8.5417e+01 -5.6185e+03
-2.7432e+06 2.6226e+01 -3.1481e+03 3.6547e+03 2.1823e+01 -5.6580e+03
-4.4245e+06 2.6255e+01 -3.1803e+03 3.6113e+03 -4.1228e+01 -5.6973e+03
-5.5347e+06 2.6388e+01 -3.2113e+03 3.5681e+03 -4.5397e+01 -5.7361e+03
-6.3158e+06 2.4530e+01 -3.2411e+03 3.5252e+03 -4.2817e+01 -5.7753e+03
-6.7984e+06 2.1110e+01 -3.2699e+03 3.4825e+03 -6.9305e+01 -5.8163e+03
-6.6924e+06 2.3767e+01 -3.2977e+03 3.4402e+03 -4.7444e+01 -5.8528e+03
-6.0998e+06 3.1652e+01 -3.3245e+03 3.3980e+03 1.8920e+01 -5.8879e+03
-5.8480e+06 3.5822e+01 -3.3503e+03 3.3562e+03 3.1535e+01 -5.9272e+03
-5.8946e+06 3.6253e+01 -3.3753e+03 3.3146e+03 8.8197e+00 -5.9645e+03
-5.9740e+06 3.6306e+01 -3.3995e+03 3.2732e+03 -1.6789e+00 -6.0003e+03
-5.9993e+06 3.6313e+01 -3.4229e+03 3.2320e+03 -1.0444e+01 -6.0366e+03
-5.9613e+06 3.6309e+01 -3.4455e+03 3.1911e+03 -3.7481e+00 -6.0717e+03
-5.8757e+06 3.6302e+01 -3.4674e+03 3.1504e+03 1.1609e+01 -6.1074e+03
-5.8649e+06 3.6306e+01 -3.4886e+03 3.1099e+03 3.3552e+00 -6.1415e+03
-1.5023e+06 1.6808e+01 -2.0920e+03 4.5637e+03 -2.6433e+01 -4.9254e+03
-1.0312e+06 1.9441e+01 -2.1665e+03 4.5167e+03 -2.7782e+01 -4.9668e+03
-6.0178e+05 2.4313e+01 -2.2376e+03 4.4696e+03 1.0830e+01 -5.0139e+03
-3.0163e+04 2.6421e+01 -2.3056e+03 4.4224e+03 3.0081e+01 -5.0575e+03
5.0422e+04 2.6232e+01 -2.3705e+03 4.3753e+03 1.9090e+01 -5.1017e+03
2.5093e+05 2.6236e+01 -2.4326e+03 4.3282e+03 1.3616e+01 -5.1456e+03
1.9881e+05 2.6239e+01 -2.4920e+03 4.2812e+03 5.9100e+00 -5.1890e+03
3.1308e+05 2.6242e+01 -2.5488e+03 4.2343e+03 4.8748e-02 -5.2321e+03
2.6088e+05 2.6242e+01 -2.6032e+03 4.1876e+03 2.2303e-01 -5.2753e+03
3.6985e+05 2.6241e+01 -2.6553e+03 4.1411e+03 4.9060e+00 -5.3181e+03
2.9097e+05 2.6242e+01 -2.7052e+03 4.0948e+03 1.3265e+00 -5.3609e+03
3.2575e+05 2.6242e+01 -2.7531e+03 4.0487e+03 -3.3221e+00 -5.4032e+03
2.4165e+05 2.6242e+01 -2.7990e+03 4.0029e+03 -6.8401e+00 -5.4454e+03
3.0154e+05 2.6239e+01 -2.8431e+03 3.9573e+03 -7.5768e+00 -5.4871e+03
3.0486e+05 2.6230e+01 -2.8854e+03 3.9119e+03 9.3518e+00 -5.5288e+03
2.7972e+05 2.6217e+01 -2.9261e+03 3.8668e+03 4.5933e+01 -5.5702e+03
-3.6088e+05 2.6210e+01 -2.9652e+03 3.8220e+03 6.1557e+01 -5.6109e+03
-1.5551e+06 2.6217e+01 -3.0028e+03 3.7774e+03 3.9835e+01 -5.6516e+03
-3.1299e+06 2.6237e+01 -3.0390e+03 3.7331e+03 -5.2403e+00 -5.6919e+03
-4.5215e+06 2.6260e+01 -3.0739e+03 3.6890e+03 -4.9894e+01 -5.7315e+03
-5.5262e+06 2.6272e+01 -3.1075e+03 3.6452e+03 -5.5944e+01 -5.7709e+03
-6.0084e+06 2.6351e+01 -3.1398e+03 3.6016e+03 -2.0184e+01 -5.8096e+03
-6.4685e+06 2.4695e+01 -3.1710e+03 3.5583e+03 -1.6926e+01 -5.8504e+03
-6.7660e+06 2.3265e+01 -3.2011e+03 3.5152e+03 -4.5895e+01 -5.8913e+03
-6.5277e+06 2.7865e+01 -3.2301e+03 3.4724e+03 -1.8313e+01 -5.9249e+03
-6.0104e+06 3.4269e+01 -3.2582e+03 3.4298e+03 2.5476e+01 -5.9611e+03
-5.8932e+06 3.6323e+01 -3.2853e+03 3.3874e+03 1.5624e+01 -6.0021e+03
-5.9420e+06 3.6293e+01 -3.3115e+03 3.3453e+03 -2.5402e+00 -6.0382e+03
-5.9847e+06 3.6314e+01 -3.3368e+03 3.3034e+03 -3.8211e+00 -6.0744e+03
-5.9707e+06 3.6310e+01 -3.3613e+03 3.2618e+03 -5.4654e+00 -6.1108e+03
-5.9452e+06 3.6306e+01 -3.3849e+03 3.2203e+03 1.3360e+00 -6.1457e+03
-5.9120e+06 3.6303e+01 -3.4079e+03 3.1791e+03 9.5012e+00 -6.1814e+03
-5.9316e+06 3.6309e+01 -3.4301e+03 3.1381e+03 -2.1048e+00 -6.2158e+03
-1.4399e+06 1.6900e+01 -1.9863e+03 4.5914e+03 -2.8052e+01 -4.9969e+03
-1.1014e+06 1.9540e+01 -2.0626e+03 4.5454e+03 -2.2238e+01 -5.0383e+03
-5.3113e+05 2.4237e+01 -2.1355e+03 4.4992e+03 1.9607e+01 -5.0857e+03
-1.9763e+05 2.6139e+01 -2.2052e+03 4.4528e+03 2.6476e+01 -5.1297e+03
-4.5869e+04 2.5830e+01 -2.2720e+03 4.4063e+03 7.0099e+00 -5.1740e+03
7.7278e+04 2.6037e+01 -2.3358e+03 4.3597e+03 7.7182e+00 -5.2178e+03
2.3172e+05 2.6239e+01 -2.3970e+03 4.3132e+03 1.3983e+01 -5.2612e+03
2.7273e+05 2.6238e+01 -2.4555e+03 4.2667e+03 8.0961e+00 -5.3048e+03
3.0061e+05 2.6240e+01 -2.5117e+03 4.2203e+03 2.4034e+00 -5.3481e+03
3.0713e+05 2.6240e+01 -2.5655e+03 4.1740e+03 3.2715e+00 -5.3911e+03
3.2169e+05 2.6240e+01 -2.6171e+03 4.1279e+03 3.3531e+00 -5.4338e+03
2.7539e+05 2.6241e+01 -2.6667e+03 4.0819e+03 -3.8937e+00 -5.4762e+03
2.5695e+05 2.6240e+01 -2.7142e+03 4.0360e+03 -8.9584e+00 -5.5187e+03
2.6872e+05 2.6234e+01 -2.7599e+03 3.9904e+03 -9.3553e-01 -5.5605e+03
2.9030e+05 2.6218e+01 -2.8039e+03 3.9450e+03 4.0036e+01 -5.6023e+03
-1.2874e+05 2.6205e+01 -2.8461e+03 3.8997e+03 8.4589e+01 -5.6436e+03
-1.5283e+06 2.6216e+01 -2.8867e+03 3.8547e+03 4.4401e+01 -5.6844e+03
-3.4545e+06 2.6248e+01 -2.9258e+03 3.8099e+03 -4.5269e+01 -5.7252e+03
-4.8872e+06 2.6273e+01 -2.9634e+03 3.7654e+03 -8.0785e+01 -5.7658e+03
-5.6671e+06 2.6279e+01 -2.9997e+03 3.7210e+03 -6.3285e+01 -5.8058e+03
-6.0291e+06 2.6272e+01 -3.0347e+03 3.6769e+03 -2.6990e+01 -5.8449e+03
-6.2423e+06 2.6357e+01 -3.0684e+03 3.6330e+03 7.0105e+00 -5.8838e+03
-6.5724e+06 2.4536e+01 -3.1009e+03 3.5893e+03 -1.1930e+01 -5.9269e+03
-6.7508e+06 2.5100e+01 -3.1322e+03 3.5459e+03 -3.8533e+01 -5.9659e+03
-6.3378e+06 3.1976e+01 -3.1625e+03 3.5027e+03 3.2891e+00 -5.9983e+03
-5.9546e+06 3.6329e+01 -3.1918e+03 3.4596e+03 2.7589e+01 -6.0368e+03
-5.9315e+06 3.6292e+01 -3.2201e+03 3.4169e+03 6.1556e+00 -6.0764e+03
-5.9714e+06 3.6310e+01 -3.2474e+03 3.3743e+03 -4.1785e+00 -6.1121e+03
-5.9696e+06 3.6311e+01 -3.2738e+03 3.3319e+03 -2.4395e+00 -6.1486e+03
-5.9324e+06 3.6306e+01 -3.2994e+03 3.2898e+03 -1.5420e+00 -6.1849e+03
-5.8985e+06 3.6303e+01 -3.3242e+03 3.2479e+03 6.9313e+00 -6.2199e+03
-5.9253e+06 3.6304e+01 -3.3482e+03 3.2062e+03 8.6578e+00 -6.2556e+03
-5.9704e+06 3.6312e+01 -3.3714e+03 3.1647e+03 -8.9068e+00 -6.2898e+03
-1.3332e+06 1.6883e+01 -1.8828e+03 4.6153e+03 -2.3759e+01 -5.0687e+03
-1.1941e+06 1.9380e+01 -1.9606e+03 4.5704e+03 -1.8380e+01 -5.1106e+03
-5.1789e+05 2.3618e+01 -2.0351e+03 4.5252e+03 1.8382e+01 -5.1578e+03
-4.6991e+05 2.4514e+01 -2.1064e+03 4.4796e+03 7.8720e+00 -5.2022e+03
-2.1995e+05 2.3918e+01 -2.1748e+03 4.4338e+03 -1.8085e+01 -5.2464e+03
-1.3595e+05 2.5304e+01 -2.2403e+03 4.3879e+03 -6.5952e+00 -5.2902e+03
2.3876e+05 2.6270e+01 -2.3031e+03 4.3420e+03 1.0794e+01 -5.3340e+03
2.0064e+05 2.6237e+01 -2.3633e+03 4.2959e+03 5.1124e+00 -5.3778e+03
3.2487e+05 2.6241e+01 -2.4211e+03 4.2499e+03 -3.2233e+00 -5.4210e+03
2.3207e+05 2.6242e+01 -2.4765e+03 4.2039e+03 -6.1185e+00 -5.4642e+03
3.5017e+05 2.6240e+01 -2.5297e+03 4.1580e+03 -2.7406e+00 -5.5070e+03
2.5936e+05 2.6238e+01 -2.5809e+03 4.1122e+03 -2.0702e+00 -5.5498e+03
3.3725e+05 2.6232e+01 -2.6300e+03 4.0664e+03 9.0886e+00 -5.5920e+03
2.1410e+05 2.6219e+01 -2.6772e+03 4.0209e+03 3.8711e+01 -5.6340e+03
-2.1501e+04 2.6201e+01 -2.7227e+03 3.9754e+03 8.7751e+01 -5.6758e+03
-1.1450e+06 2.6199e+01 -2.7664e+03 3.9301e+03 9.5038e+01 -5.7172e+03
-3.0235e+06 2.6231e+01 -2.8085e+03 3.8850e+03 6.9104e+00 -5.7585e+03
-4.9151e+06 2.6272e+01 -2.8490e+03 3.8401e+03 -7.8103e+01 -5.7993e+03
-5.8138e+06 2.6287e+01 -2.8880e+03 3.7954e+03 -7.2993e+01 -5.8398e+03
-6.1857e+06 2.6279e+01 -2.9257e+03 3.7508e+03 -3.4050e+01 -5.8801e+03
-6.2837e+06 2.6284e+01 -2.9620e+03 3.7064e+03 -3.4942e+00 -5.9191e+03
-6.5047e+06 2.5736e+01 -2.9970e+03 3.6623e+03 3.4814e+00 -5.9582e+03
-6.7356e+06 2.4717e+01 -3.0308e+03 3.6183e+03 -2.5897e+01 -6.0005e+03
-6.7091e+06 2.7703e+01 -3.0634e+03 3.5745e+03 -3.1751e+01 -6.0359e+03
-6.2263e+06 3.4093e+01 -3.0949e+03 3.5310e+03 7.7235e+00 -6.0715e+03
-5.9748e+06 3.6667e+01 -3.1254e+03 3.4876e+03 1.7150e+01 -6.1135e+03
-5.9541e+06 3.6304e+01 -3.1548e+03 3.4445e+03 1.7120e+00 -6.1503e+03
-5.9800e+06 3.6311e+01 -3.1833e+03 3.4015e+03 -3.0770e+00 -6.1863e+03
-5.9423e+06 3.6309e+01 -3.2108e+03 3.3587e+03 -2.2423e+00 -6.2230e+03
-5.8956e+06 3.6307e+01 -3.2375e+03 3.3162e+03 -4.9927e-01 -6.2593e+03
-5.8465e+06 3.6306e+01 -3.2633e+03 3.2738e+03 8.7523e+00 -6.2942e+03
-5.9271e+06 3.6308e+01 -3.2883e+03 3.2317e+03 4.6359e+00 -6.3298e+03
-5.9531e+06 3.6315e+01 -3.3125e+03 3.1897e+03 -1.3290e+01 -6.3638e+03
-1.4159e+06 1.7061e+01 -1.7814e+03 4.6357e+03 -1.6609e+01 -5.1399e+03
-1.1320e+06 1.9649e+01 -1.8605e+03 4.5920e+03 -1.1142e+01 -5.1819e+03
-7.0856e+05 2.2668e+01 -1.9364e+03 4.5477e+03 9.8999e+00 -5.2293e+03
-5.9187e+05 2.2231e+01 -2.0093e+03 4.5031e+03 -9.4614e+00 -5.2741e+03
-3.9971e+05 2.2412e+01 -2.0791e+03 4.4581e+03 -2.6315e+01 -5.3180e+03
-1.3265e+05 2.5064e+01 -2.1461e+03 4.4129e+03 -7.5462e+00 -5.3621e+03
1.4327e+05 2.6295e+01 -2.2104e+03 4.3676e+03 3.7394e+00 -5.4063e+03
2.0515e+05 2.6239e+01 -2.2722e+03 4.3221e+03 -2.7927e+00 -5.4500e+03
2.8902e+05 2.6241e+01 -2.3314e+03 4.2765e+03 -6.4820e+00 -5.4934e+03
3.0896e+05 2.6240e+01 -2.3884e+03 4.2309e+03 -5.1250e+00 -5.5367e+03
3.7645e+05 2.6237e+01 -2.4432e+03 4.1853e+03 -1.3835e+00 -5.5798e+03
3.5786e+05 2.6229e+01 -2.4958e+03 4.1397e+03 1.3977e+01 -5.6226e+03
2.6485e+05 2.6215e+01 -2.5464e+03 4.0941e+03 4.9363e+01 -5.6646e+03
-2.3235e+05 2.6202e+01 -2.5951e+03 4.0487e+03 8.1320e+01 -5.7069e+03
-1.2029e+06 2.6198e+01 -2.6420e+03 4.0033e+03 8.9055e+01 -5.7490e+03
-2.7964e+06 2.6215e+01 -2.6871e+03 3.9581e+03 4.3907e+01 -5.7905e+03
-4.5387e+06 2.6252e+01 -2.7306e+03 3.9129e+03 -3.4348e+01 -5.8319e+03
-5.7629e+06 2.6281e+01 -2.7725e+03 3.8679e+03 -6.5352e+01 -5.8724e+03
-6.2398e+06 2.6283e+01 -2.8129e+03 3.8231e+03 -4.0489e+01 -5.9128e+03
-6.4037e+06 2.6271e+01 -2.8518e+03 3.7784e+03 -1.0880e+01 -5.9533e+03
-6.5069e+06 2.6174e+01 -2.8894e+03 3.7338e+03 3.2426e+00 -5.9926e+03
-6.7831e+06 2.4821e+01 -2.9257e+03 3.6895e+03 -2.0094e+01 -6.0331e+03
-6.8934e+06 2.5860e+01 -2.9607e+03 3.6453e+03 -4.0420e+01 -6.0730e+03
-6.5199e+06 3.1925e+01 -2.9946e+03 3.6012e+03 -5.3569e+00 -6.1074e+03
-6.0952e+06 3.5992e+01 -3.0273e+03 3.5574e+03 2.0241e+01 -6.1458e+03
-5.9856e+06 3.6299e+01 -3.0589e+03 3.5137e+03 8.9656e+00 -6.1874e+03
-5.9645e+06 3.6305e+01 -3.0895e+03 3.4702e+03 4.1573e-01 -6.2237e+03
-5.9552e+06 3.6305e+01 -3.1191e+03 3.4269e+03 -5.3627e-01 -6.2601e+03
-5.9246e+06 3.6305e+01 -3.1477e+03 3.3838e+03 -2.3160e+00 -6.2966e+03
-5.8857e+06 3.6309e+01 -3.1754e+03 3.3409e+03 -2.1769e+00 -6.3327e+03
-5.8206e+06 3.6309e+01 -3.2023e+03 3.2981e+03 1.0943e+01 -6.3678e+03
-5.8769e+06 3.6309e+01 -3.2283e+03 3.2555e+03 9.5602e+00 -6.4037e+03
-5.8924e+06 3.6313e+01 -3.2535e+03 3.2132e+03 -8.6468e+00 -6.4378e+03
-1.5246e+06 1.7303e+01 -1.6821e+03 4.6527e+03 -2.2923e+01 -5.2112e+03
-1.1249e+06 1.9467e+01 -1.7625e+03 4.6101e+03 -1.5032e+01 -5.2524e+03
-8.5022e+05 2.1301e+01 -1.8397e+03 4.5670e+03 -5.4940e-01 -5.3003e+03
-5.3902e+05 2.1891e+01 -1.9138e+03 4.5233e+03 -6.6817e+00 -5.3450e+03
-3.3188e+05 2.3869e+01 -1.9850e+03 4.4792e+03 -9.1947e+00 -5.3892e+03
-4.4706e+03 2.5888e+01 -2.0534e+03 4.4348e+03 6.3292e-01 -5.4336e+03
1.3311e+05 2.6265e+01 -2.1191e+03 4.3901e+03 4.1858e-01 -5.4779e+03
2.9717e+05 2.6239e+01 -2.1822e+03 4.3452e+03 -2.7446e+00 -5.5218e+03
3.4694e+05 2.6238e+01 -2.2429e+03 4.3002e+03 -2.4567e+00 -5.5655e+03
4.6692e+05 2.6234e+01 -2.3013e+03 4.2550e+03 3.9344e+00 -5.6087e+03
4.5570e+05 2.6225e+01 -2.3575e+03 4.2098e+03 2.0848e+01 -5.6517e+03
3.4511e+05 2.6210e+01 -2.4115e+03 4.1645e+03 5.8613e+01 -5.6944e+03
-3.1996e+05 2.6199e+01 -2.4635e+03 4.1192e+03 8.5532e+01 -5.7372e+03
-1.5799e+06 2.6206e+01 -2.5136e+03 4.0739e+03 5.8572e+01 -5.7797e+03
-3.1732e+06 2.6226e+01 -2.5618e+03 4.0287e+03 6.6339e+00 -5.8213e+03
-4.5704e+06 2.6250e+01 -2.6083e+03 3.9835e+03 -3.3400e+01 -5.8628e+03
-5.6643e+06 2.6271e+01 -2.6532e+03 3.9384e+03 -5.3599e+01 -5.9043e+03
-6.2233e+06 2.6278e+01 -2.6964e+03 3.8934e+03 -4.2324e+01 -5.9450e+03
-6.4597e+06 2.6271e+01 -2.7381e+03 3.8485e+03 -1.7469e+01 -5.9856e+03
-6.5272e+06 2.6260e+01 -2.7783e+03 3.8037e+03 1.9226e+00 -6.0256e+03
-6.7328e+06 2.5447e+01 -2.8171e+03 3.7591e+03 -5.0824e+00 -6.0665e+03
-6.9743e+06 2.4548e+01 -2.8546e+03 3.7145e+03 -4.1984e+01 -6.1077e+03
-6.8567e+06 2.8150e+01 -2.8909e+03 3.6702e+03 -3.8631e+01 -6.1441e+03
-6.3200e+06 3.4441e+01 -2.9259e+03 3.6259e+03 9.5899e+00 -6.1817e+03
-6.0326e+06 3.6667e+01 -2.9598e+03 3.5818e+03 2.0015e+01 -6.2225e+03
-5.9868e+06 3.6300e+01 -2.9925e+03 3.5379e+03 4.5131e+00 -6.2598e+03
-5.9717e+06 3.6303e+01 -3.0242e+03 3.4941e+03 1.3256e+00 -6.2963e+03
-5.9201e+06 3.6299e+01 -3.0549e+03 3.4505e+03 3.5633e+00 -6.3333e+03
-5.9094e+06 3.6299e+01 -3.0846e+03 3.4071e+03 1.8414e-01 -6.3698e+03
-5.8827e+06 3.6305e+01 -3.1134e+03 3.3638e+03 -9.0118e-01 -6.4060e+03
-5.8123e+06 3.6306e+01 -3.1412e+03 3.3207e+03 1.8356e+01 -6.4416e+03
-5.8191e+06 3.6304e+01 -3.1682e+03 3.2778e+03 2.2644e+01 -6.4778e+03
-5.8768e+06 3.6310e+01 -3.1944e+03 3.2351e+03 -1.5335e+00 -6.5110e+03
-1.5264e+06 1.7040e+01 -1.5852e+03 4.6665e+03 -2.8513e+01 -5.2836e+03
-1.1996e+06 1.8216e+01 -1.6666e+03 4.6251e+03 -3.0730e+01 -5.3248e+03
-8.3341e+05 2.0502e+01 -1.7448e+03 4.5831e+03 -1.0245e+01 -5.3730e+03
-3.8831e+05 2.3472e+01 -1.8201e+03 4.5404e+03 5.0785e+00 -5.4176e+03
-1.1056e+05 2.5731e+01 -1.8925e+03 4.4973e+03 4.9422e+00 -5.4621e+03
1.0696e+05 2.6326e+01 -1.9621e+03 4.4537e+03 1.6749e+00 -5.5067e+03
2.3754e+05 2.6234e+01 -2.0291e+03 4.4097e+03 1.5927e+00 -5.5510e+03
3.9135e+05 2.6232e+01 -2.0935e+03 4.3655e+03 7.1363e+00 -5.5950e+03
5.0532e+05 2.6225e+01 -2.1555e+03 4.3210e+03 1.9272e+01 -5.6384e+03
5.7703e+05 2.6214e+01 -2.2152e+03 4.2764e+03 4.2470e+01 -5.6816e+03
4.2955e+05 2.6197e+01 -2.2727e+03 4.2316e+03 8.2801e+01 -5.7253e+03
-2.2894e+05 2.6186e+01 -2.3281e+03 4.1867e+03 1.0868e+02 -5.7687e+03
-1.6789e+06 2.6201e+01 -2.3814e+03 4.1417e+03 6.8292e+01 -5.8115e+03
-3.5137e+06 2.6237e+01 -2.4328e+03 4.0967e+03 -2.0182e+01 -5.8535e+03
-4.9868e+06 2.6266e+01 -2.4823e+03 4.0516e+03 -7.0411e+01 -5.8951e+03
-5.8238e+06 2.6275e+01 -2.5301e+03 4.0066e+03 -6.0755e+01 -5.9369e+03
-6.2753e+06 2.6274e+01 -2.5762e+03 3.9616e+03 -3.6747e+01 -5.9785e+03
-6.4888e+06 2.6267e+01 -2.6207e+03 3.9166e+03 -1.5701e+01 -6.0192e+03
-6.5734e+06 2.6255e+01 -2.6636e+03 3.8717e+03 3.0317e+00 -6.0595e+03
-6.6604e+06 2.6142e+01 -2.7051e+03 3.8269e+03 1.1249e+01 -6.0993e+03
-6.8700e+06 2.5331e+01 -2.7451e+03 3.7822e+03 -1.2282e+01 -6.1412e+03
-6.9330e+06 2.6734e+01 -2.7838e+03 3.7376e+03 -3.3338e+01 -6.1809e+03
-6.5470e+06 3.2054e+01 -2.8212e+03 3.6931e+03 -5.8279e+00 -6.2164e+03
-6.1388e+06 3.5777e+01 -2.8574e+03 3.6487e+03 1.7901e+01 -6.2565e+03
-6.0239e+06 3.6295e+01 -2.8924e+03 3.6044e+03 7.9536e+00 -6.2973e+03
-6.0076e+06 3.6304e+01 -2.9262e+03 3.5603e+03 -1.0525e+00 -6.3339e+03
-5.9731e+06 3.6304e+01 -2.9590e+03 3.5162e+03 5.9829e-01 -6.3708e+03
-5.9197e+06 3.6299e+01 -2.9907e+03 3.4724e+03 3.7662e+00 -6.4078e+03
-5.9048e+06 3.6298e+01 -3.0215e+03 3.4287e+03 8.7988e-01 -6.4447e+03
-5.9131e+06 3.6305e+01 -3.0513e+03 3.3851e+03 -4.2424e+00 -6.4812e+03
-5.9003e+06 3.6308e+01 -3.0801e+03 3.3417e+03 6.5073e+00 -6.5162e+03
-5.9095e+06 3.6307e+01 -3.1081e+03 3.2985e+03 1.0847e+01 -6.5519e+03
-5.9194e+06 3.6311e+01 -3.1353e+03 3.2554e+03 -5.7320e+00 -6.5852e+03
-1.3135e+06 1.6786e+01 -1.4905e+03 4.6772e+03 -2.1517e+01 -5.3566e+03
-1.2028e+06 1.8166e+01 -1.5727e+03 4.6371e+03 -3.2130e+01 -5.4002e+03
-5.4429e+05 2.1795e+01 -1.6520e+03 4.5962e+03 -4.9008e+00 -5.4490e+03
-2.4012e+05 2.5104e+01 -1.7282e+03 4.5546e+03 1.7144e+01 -5.4936e+03
1.7998e+05 2.6177e+01 -1.8017e+03 4.5124e+03 2.1237e+01 -5.5385e+03
1.8107e+05 2.6223e+01 -1.8724e+03 4.4697e+03 2.1544e+01 -5.5829e+03
3.6637e+05 2.6218e+01 -1.9405e+03 4.4265e+03 3.2848e+01 -5.6268e+03
3.2619e+05 2.6209e+01 -2.0061e+03 4.3830e+03 5.4113e+01 -5.6712e+03
4.8059e+05 2.6193e+01 -2.0693e+03 4.3391e+03 9.0859e+01 -5.7156e+03
2.1782e+05 2.6178e+01 -2.1303e+03 4.2950e+03 1.2120e+02 -5.7596e+03
-3.8044e+05 2.6172e+01 -2.1890e+03 4.2507e+03 1.3108e+02 -5.8032e+03
-1.8270e+06 2.6187e+01 -2.2455e+03 4.2062e+03 8.6574e+01 -5.8462e+03
-3.5816e+06 2.6228e+01 -2.3001e+03 4.1616e+03 -3.7876e+00 -5.8884e+03
-5.2198e+06 2.6269e+01 -2.3527e+03 4.1169e+03 -7.0671e+01 -5.9306e+03
-6.0519e+06 2.6283e+01 -2.4035e+03 4.0721e+03 -6.8231e+01 -5.9726e+03
-6.4622e+06 2.6275e+01 -2.4525e+03 4.0273e+03 -3.3319e+01 -6.0147e+03
-6.5674e+06 2.6263e+01 -2.4998e+03 3.9824e+03 -5.4513e+00 -6.0562e+03
-6.6977e+06 2.6299e+01 -2.5455e+03 3.9376e+03 9.8030e+00 -6.0970e+03
-6.7343e+06 2.6439e+01 -2.5896e+03 3.8927e+03 1.9970e+01 -6.1380e+03
-6.9059e+06 2.5792e+01 -2.6323e+03 3.8480e+03 5.9947e+00 -6.1807e+03
-6.9762e+06 2.6140e+01 -2.6735e+03 3.8032e+03 -2.1126e+01 -6.2218e+03
-6.7024e+06 3.0591e+01 -2.7133e+03 3.7585e+03 -7.5368e+00 -6.2578e+03
-6.2051e+06 3.5261e+01 -2.7518e+03 3.7139e+03 2.4427e+01 -6.2957e+03
-6.0233e+06 3.6432e+01 -2.7891e+03 3.6694e+03 1.9163e+01 -6.3365e+03
-6.0092e+06 3.6298e+01 -2.8252e+03 3.6250e+03 1.7458e+00 -6.3745e+03
-6.0276e+06 3.6306e+01 -2.8601e+03 3.5807e+03 -3.3319e+00 -6.4116e+03
-5.9823e+06 3.6306e+01 -2.8939e+03 3.5365e+03 -7.8868e-01 -6.4489e+03
-5.9435e+06 3.6302e+01 -2.9267e+03 3.4925e+03 6.6114e-01 -6.4860e+03
-5.9051e+06 3.6300e+01 -2.9584e+03 3.4485e+03 -6.8893e-02 -6.5229e+03
-5.9287e+06 3.6306e+01 -2.9892e+03 3.4047e+03 -6.3345e+00 -6.5586e+03
-5.9607e+06 3.6311e+01 -3.0191e+03 3.3610e+03 -4.2955e+00 -6.5929e+03
-5.9829e+06 3.6310e+01 -3.0480e+03 3.3175e+03 -1.4371e+00 -6.6280e+03
-5.9403e+06 3.6313e+01 -3.0761e+03 3.2741e+03 -8.6912e+00 -6.6611e+03
-1.0154e+06 1.7174e+01 -1.3980e+03 4.6851e+03 -1.2035e+01 -5.4314e+03
-1.0554e+06 1.9751e+01 -1.4810e+03 4.6462e+03 -7.7683e+00 -5.4712e+03
-1.8811e+05 2.3838e+01 -1.5610e+03 4.6064e+03 3.5893e+01 -5.5169e+03
-2.3650e+05 2.5989e+01 -1.6382e+03 4.5659e+03 5.8796e+01 -5.5631e+03
2.6893e+05 2.6199e+01 -1.7126e+03 4.5247e+03 7.9897e+01 -5.6085e+03
-4.6200e+04 2.6195e+01 -1.7843e+03 4.4829e+03 9.1313e+01 -5.6535e+03
-3.3837e+04 2.6194e+01 -1.8535e+03 4.4405e+03 8.6922e+01 -5.6975e+03
-6.1702e+05 2.6187e+01 -1.9201e+03 4.3978e+03 8.8188e+01 -5.7424e+03
-5.9990e+05 2.6172e+01 -1.9844e+03 4.3546e+03 1.2415e+02 -5.7868e+03
-1.3872e+06 2.6169e+01 -2.0465e+03 4.3111e+03 1.2379e+02 -5.8305e+03
-2.3758e+06 2.6192e+01 -2.1063e+03 4.2673e+03 6.5508e+01 -5.8730e+03
-4.0928e+06 2.6230e+01 -2.1640e+03 4.2233e+03 -1.4912e+01 -5.9158e+03
-5.2808e+06 2.6266e+01 -2.2197e+03 4.1791e+03 -6.3388e+01 -5.9584e+03
-6.3021e+06 2.6282e+01 -2.2735e+03 4.1347e+03 -6.3593e+01 -6.0010e+03
-6.5599e+06 2.6273e+01 -2.3255e+03 4.0902e+03 -3.0644e+01 -6.0431e+03
-6.8665e+06 2.6253e+01 -2.3756e+03 4.0456e+03 -3.3610e+00 -6.0855e+03
-6.8592e+06 2.6155e+01 -2.4241e+03 4.0010e+03 1.4735e+01 -6.1277e+03
-7.0947e+06 2.5564e+01 -2.4709e+03 3.9563e+03 1.5437e+01 -6.1695e+03
-7.1594e+06 2.4768e+01 -2.5161e+03 3.9116e+03 -1.3199e+00 -6.2109e+03
-7.3317e+06 2.4858e+01 -2.5599e+03 3.8669e+03 -3.0957e+01 -6.2528e+03
-7.0241e+06 2.8078e+01 -2.6022e+03 3.8222e+03 -3.2624e+01 -6.2899e+03
-6.5107e+06 3.3537e+01 -2.6431e+03 3.7775e+03 4.4502e+00 -6.3268e+03
-6.0373e+06 3.6217e+01 -2.6827e+03 3.7329e+03 2.3774e+01 -6.3686e+03
-6.0207e+06 3.6286e+01 -2.7211e+03 3.6883e+03 7.2010e+00 -6.4080e+03
-6.0081e+06 3.6302e+01 -2.7582e+03 3.6438e+03 -3.4144e+00 -6.4450e+03
-6.0457e+06 3.6309e+01 -2.7942e+03 3.5994e+03 -5.3804e+00 -6.4828e+03
-5.9907e+06 3.6310e+01 -2.8290e+03 3.5550e+03 -3.5726e+00 -6.5200e+03
-5.9710e+06 3.6306e+01 -2.8628e+03 3.5108e+03 -3.8949e+00 -6.5570e+03
-5.8962e+06 3.6300e+01 -2.8955e+03 3.4667e+03 -8.0368e-02 -6.5933e+03
-5.8869e+06 3.6301e+01 -2.9273e+03 3.4226e+03 4.6107e-01 -6.6290e+03
-5.8789e+06 3.6305e+01 -2.9581e+03 3.3787e+03 5.2249e+00 -6.6621e+03
-5.9369e+06 3.6308e+01 -2.9879e+03 3.3350e+03 4.9859e+00 -6.7000e+03
-5.9262e+06 3.6313e+01 -3.0169e+03 3.2913e+03 -7.2979e+00 -6.7376e+03
-7.9864e+05 1.8306e+01 -1.3079e+03 4.6901e+03 1.8218e+01 -5.4991e+03
-9.7316e+05 2.2224e+01 -1.3915e+03 4.6525e+03 5.8893e+01 -5.5514e+03
-3.2432e+05 2.5388e+01 -1.4722e+03 4.6139e+03 9.5054e+01 -5.6059e+03
-9.8410e+05 2.6195e+01 -1.5501e+03 4.5745e+03 7.7507e+01 -5.6511e+03
-7.1031e+05 2.6188e+01 -1.6253e+03 4.5343e+03 9.1609e+01 -5.6961e+03
-1.2667e+06 2.6184e+01 -1.6978e+03 4.4934e+03 1.0561e+02 -5.7407e+03
-1.6095e+06 2.6199e+01 -1.7679e+03 4.4519e+03 6.2030e+01 -5.7853e+03
-2.7460e+06 2.6215e+01 -1.8355e+03 4.4099e+03 6.3929e+00 -5.8302e+03
-2.9991e+06 2.6215e+01 -1.9008e+03 4.3675e+03 1.6685e+01 -5.8734e+03
-3.9202e+06 2.6222e+01 -1.9639e+03 4.3246e+03 6.7695e+00 -5.9167e+03
-4.7235e+06 2.6251e+01 -2.0247e+03 4.2814e+03 -4.4128e+01 -5.9599e+03
-5.9062e+06 2.6276e+01 -2.0835e+03 4.2379e+03 -7.6486e+01 -6.0038e+03
-6.3311e+06 2.6282e+01 -2.1403e+03 4.1941e+03 -5.7048e+01 -6.0470e+03
-6.8354e+06 2.6283e+01 -2.1952e+03 4.1502e+03 -2.4914e+01 -6.0899e+03
-6.9435e+06 2.5716e+01 -2.2482e+03 4.1060e+03 -3.5635e+00 -6.1323e+03
-7.3497e+06 2.4560e+01 -2.2994e+03 4.0617e+03 -4.0474e+00 -6.1748e+03
-7.4332e+06 2.3770e+01 -2.3490e+03 4.0173e+03 -2.6101e+00 -6.2161e+03
-7.7297e+06 2.2419e+01 -2.3969e+03 3.9728e+03 -2.0382e+01 -6.2575e+03
-7.7593e+06 2.1356e+01 -2.4432e+03 3.9283e+03 -5.5032e+01 -6.2983e+03
-7.5589e+06 2.5222e+01 -2.4880e+03 3.8837e+03 -5.5800e+01 -6.3371e+03
-6.7863e+06 3.2196e+01 -2.5314e+03 3.8391e+03 -9.0973e+00 -6.3734e+03
-6.2579e+06 3.5829e+01 -2.5734e+03 3.7944e+03 2.0254e+01 -6.4143e+03
-5.9700e+06 3.6277e+01 -2.6140e+03 3.7498e+03 1.6009e+01 -6.4572e+03
-6.0066e+06 3.6292e+01 -2.6534e+03 3.7052e+03 -8.6108e-01 -6.4952e+03
-5.9964e+06 3.6306e+01 -2.6915e+03 3.6607e+03 -6.6685e+00 -6.5326e+03
-6.0357e+06 3.6313e+01 -2.7285e+03 3.6162e+03 -8.6364e+00 -6.5707e+03
-5.9960e+06 3.6316e+01 -2.7643e+03 3.5717e+03 -9.0784e+00 -6.6074e+03
-5.9871e+06 3.6313e+01 -2.7990e+03 3.5274e+03 -9.2117e+00 -6.6442e+03
-5.8891e+06 3.6304e+01 -2.8327e+03 3.4831e+03 -5.8082e-01 -6.6814e+03
-5.8499e+06 3.6299e+01 -2.8654e+03 3.4389e+03 4.7489e+00 -6.7174e+03
-5.8352e+06 3.6303e+01 -2.8971e+03 3.3948e+03 7.1921e+00 -6.7544e+03
-5.9120e+06 3.6311e+01 -2.9279e+03 3.3508e+03 2.1646e-01 -6.7831e+03
-5.9339e+06 3.6316e+01 -2.9578e+03 3.3069e+03 -1.0399e+01 -6.8072e+03
-1.0176e+06 1.9490e+01 -1.2200e+03 4.6926e+03 6.8568e+01 -5.5705e+03
-1.7010e+06 2.4340e+01 -1.3040e+03 4.6563e+03 8.9878e+01 -5.6177e+03
-1.6973e+06 2.6415e+01 -1.3853e+03 4.6188e+03 5.3114e+01 -5.6645e+03
-2.7863e+06 2.6225e+01 -1.4638e+03 4.5805e+03 -1.9838e+01 -5.7104e+03
-2.6471e+06 2.6223e+01 -1.5397e+03 4.5413e+03 -1.2883e+01 -5.7535e+03
-3.2976e+06 2.6223e+01 -1.6130e+03 4.5014e+03 9.1297e+00 -5.7980e+03
-3.7750e+06 2.6249e+01 -1.6839e+03 4.4608e+03 -3.0809e+01 -5.8430e+03
-5.0210e+06 2.6276e+01 -1.7524e+03 4.4196e+03 -9.0466e+01 -5.8878e+03
-5.3173e+06 2.6282e+01 -1.8186e+03 4.3779e+03 -8.5333e+01 -5.9314e+03
-5.9866e+06 2.6281e+01 -1.8825e+03 4.3357e+03 -7.2033e+01 -5.9760e+03
-6.2385e+06 2.6286e+01 -1.9444e+03 4.2931e+03 -6.6487e+01 -6.0198e+03
-6.7977e+06 2.6283e+01 -2.0041e+03 4.2501e+03 -4.8952e+01 -6.0633e+03
-6.8145e+06 2.6377e+01 -2.0619e+03 4.2069e+03 -1.0206e+01 -6.1063e+03
-7.1741e+06 2.6115e+01 -2.1177e+03 4.1633e+03 1.2725e+01 -6.1497e+03
-7.3949e+06 2.3933e+01 -2.1718e+03 4.1196e+03 5.0152e+00 -6.1926e+03
-7.9739e+06 2.0743e+01 -2.2240e+03 4.0756e+03 -2.6332e+01 -6.2343e+03
-8.1316e+06 1.9221e+01 -2.2746e+03 4.0315e+03 -4.2797e+01 -6.2745e+03
-8.2900e+06 1.9114e+01 -2.3235e+03 3.9872e+03 -5.9960e+01 -6.3163e+03
-7.8986e+06 2.1829e+01 -2.3708e+03 3.9429e+03 -5.9572e+01 -6.3566e+03
-7.2291e+06 2.9017e+01 -2.4167e+03 3.8984e+03 -1.7658e+01 -6.3956e+03
-6.4037e+06 3.5235e+01 -2.4611e+03 3.8539e+03 2.6059e+01 -6.4370e+03
-6.1090e+06 3.6605e+01 -2.5040e+03 3.8094e+03 2.6315e+01 -6.4787e+03
-5.9544e+06 3.6282e+01 -2.5457e+03 3.7648e+03 1.2746e+01 -6.5173e+03
-5.9850e+06 3.6294e+01 -2.5860e+03 3.7202e+03 1.5159e+00 -6.5551e+03
-5.9459e+06 3.6304e+01 -2.6252e+03 3.6757e+03 -2.4066e+00 -6.5936e+03
-5.9465e+06 3.6307e+01 -2.6631e+03 3.6311e+03 -4.2572e+00 -6.6318e+03
-5.9151e+06 3.6311e+01 -2.6999e+03 3.5866e+03 -6.5071e+00 -6.6685e+03
-5.9452e+06 3.6315e+01 -2.7355e+03 3.5422e+03 -9.1285e+00 -6.7053e+03
-5.8995e+06 3.6309e+01 -2.7702e+03 3.4978e+03 -2.2545e+00 -6.7418e+03
-5.8690e+06 3.6303e+01 -2.8037e+03 3.4535e+03 3.9804e+00 -6.7773e+03
-5.8641e+06 3.6306e+01 -2.8364e+03 3.4092e+03 7.8096e+00 -6.8137e+03
-5.8887e+06 3.6312e+01 -2.8680e+03 3.3650e+03 -4.9227e-01 -6.8480e+03
-5.9101e+06 3.6318e+01 -2.8988e+03 3.3210e+03 -7.5361e+00 -6.8806e+03
