  1    1089
-4.7698e+06 3.5595e+01 -4.5648e+03 6.8928e+02 6.0172e+03 -3.2997e+03
-5.5028e+06 3.5673e+01 -4.5787e+03 6.2870e+02 5.7007e+03 -4.7270e+03
-5.2951e+06 3.5826e+01 -4.6019e+03 5.6896e+02 3.8995e+03 -6.1772e+03
-5.0456e+06 3.5999e+01 -4.6257e+03 5.3506e+02 1.5914e+03 -7.0335e+03
-5.0379e+06 3.6124e+01 -4.6486e+03 5.0480e+02 4.3592e+02 -7.3957e+03
-5.1518e+06 3.6326e+01 -4.6713e+03 4.7442e+02 8.0941e+01 -7.3885e+03
-5.5446e+06 3.5478e+01 -4.6939e+03 4.4394e+02 -7.0472e+00 -7.3460e+03
-5.6607e+06 3.3809e+01 -4.7162e+03 4.1337e+02 -2.4829e+01 -7.2896e+03
-5.6441e+06 3.3510e+01 -4.7384e+03 3.8271e+02 -2.3389e+01 -7.2331e+03
-5.5424e+06 3.3567e+01 -4.7604e+03 3.5198e+02 -2.8457e+01 -7.1882e+03
-5.2688e+06 3.2026e+01 -4.7821e+03 3.2117e+02 -5.9394e+01 -7.1378e+03
-4.5064e+06 2.9203e+01 -4.8037e+03 2.9031e+02 -8.2604e+01 -7.0833e+03
-3.1383e+06 2.6981e+01 -4.8251e+03 2.5939e+02 -1.3443e+01 -7.0310e+03
-1.5485e+06 2.6274e+01 -4.8463e+03 2.2842e+02 1.1737e+02 -6.9755e+03
-5.1271e+05 2.6190e+01 -4.8672e+03 1.9742e+02 1.7466e+02 -6.9207e+03
1.1401e+04 2.6179e+01 -4.8880e+03 1.6639e+02 1.6758e+02 -6.8639e+03
1.6976e+05 2.6181e+01 -4.9085e+03 1.3535e+02 1.4120e+02 -6.8077e+03
1.0850e+05 2.6193e+01 -4.9288e+03 1.0429e+02 9.3323e+01 -6.7528e+03
1.7314e+05 2.6205e+01 -4.9489e+03 7.3237e+01 6.1134e+01 -6.6950e+03
3.8989e+05 2.6213e+01 -4.9688e+03 4.2190e+01 4.9288e+01 -6.6353e+03
4.6963e+05 2.6221e+01 -4.9884e+03 1.1162e+01 2.4444e+01 -6.5774e+03
4.8564e+05 2.6227e+01 -5.0078e+03 -1.9838e+01 6.1559e+00 -6.5215e+03
6.2799e+05 2.6230e+01 -5.0270e+03 -5.0800e+01 1.0879e+01 -6.4586e+03
7.6513e+05 2.6229e+01 -5.0459e+03 -8.1715e+01 1.6885e+01 -6.3968e+03
7.6251e+05 2.6226e+01 -5.0646e+03 -1.1257e+02 1.0759e+01 -6.3364e+03
7.1807e+05 2.5863e+01 -5.0830e+03 -1.4336e+02 1.3833e+01 -6.2761e+03
6.4864e+05 2.3124e+01 -5.1012e+03 -1.7408e+02 1.6620e+01 -6.2117e+03
4.9690e+05 1.8738e+01 -5.1191e+03 -2.0471e+02 4.6224e+00 -6.1481e+03
3.1945e+05 1.6733e+01 -5.1368e+03 -2.3524e+02 -5.4174e+00 -6.0842e+03
2.0870e+05 1.6736e+01 -5.1542e+03 -2.6566e+02 -1.2564e+01 -6.0215e+03
2.0547e+05 1.6735e+01 -5.1714e+03 -2.9597e+02 -6.1195e+00 -5.9529e+03
2.8980e+05 1.6733e+01 -5.1883e+03 -3.2615e+02 3.3971e+00 -5.8860e+03
3.0405e+05 1.6732e+01 -5.2050e+03 -3.5620e+02 2.2486e+00 -5.8262e+03
-5.0761e+06 3.5575e+01 -4.5671e+03 7.3863e+02 5.9588e+03 -1.6039e+03
-4.9847e+06 3.5617e+01 -4.5690e+03 6.7572e+02 5.9842e+03 -2.5917e+03
-5.1971e+06 3.5707e+01 -4.5803e+03 6.1377e+02 5.3138e+03 -4.1642e+03
-5.1273e+06 3.5839e+01 -4.6016e+03 5.5382e+02 3.7892e+03 -5.2917e+03
-4.8781e+06 3.5965e+01 -4.6258e+03 5.1034e+02 2.2953e+03 -6.0083e+03
-4.7416e+06 3.6160e+01 -4.6488e+03 4.8001e+02 1.2173e+03 -6.8752e+03
-4.9806e+06 3.5391e+01 -4.6716e+03 4.4957e+02 4.4638e+02 -7.3477e+03
-5.5295e+06 3.4097e+01 -4.6941e+03 4.1904e+02 4.6498e+01 -7.3131e+03
-5.8382e+06 3.4498e+01 -4.7165e+03 3.8842e+02 -3.9895e+01 -7.2688e+03
-5.6853e+06 3.5102e+01 -4.7387e+03 3.5771e+02 -3.0174e+01 -7.2145e+03
-5.4938e+06 3.3816e+01 -4.7608e+03 3.2694e+02 -2.9771e+01 -7.1603e+03
-5.2354e+06 3.1221e+01 -4.7826e+03 2.9609e+02 -7.0591e+01 -7.1072e+03
-4.5802e+06 2.8843e+01 -4.8042e+03 2.6520e+02 -8.0307e+01 -7.0583e+03
-3.4986e+06 2.7589e+01 -4.8256e+03 2.3425e+02 -1.3692e+01 -7.0111e+03
-2.5029e+06 2.6858e+01 -4.8468e+03 2.0327e+02 4.7354e+01 -6.9566e+03
-1.8367e+06 2.6349e+01 -4.8678e+03 1.7225e+02 8.0431e+01 -6.8977e+03
-1.5053e+06 2.6201e+01 -4.8886e+03 1.4122e+02 8.4556e+01 -6.8400e+03
-1.3922e+06 2.6206e+01 -4.9091e+03 1.1017e+02 4.7456e+01 -6.7823e+03
-1.0928e+06 2.6211e+01 -4.9295e+03 7.9115e+01 3.1380e+01 -6.7253e+03
-5.8312e+05 2.6211e+01 -4.9496e+03 4.8069e+01 4.3797e+01 -6.6689e+03
-1.1632e+05 2.6214e+01 -4.9695e+03 1.7039e+01 3.8349e+01 -6.6095e+03
2.8213e+05 2.6221e+01 -4.9891e+03 -1.3966e+01 2.8294e+01 -6.5499e+03
4.3140e+05 2.6226e+01 -5.0085e+03 -4.4937e+01 2.1868e+01 -6.4901e+03
4.7332e+05 2.6228e+01 -5.0277e+03 -7.5863e+01 1.1138e+01 -6.4305e+03
5.5017e+05 2.6229e+01 -5.0466e+03 -1.0674e+02 4.7804e+00 -6.3688e+03
6.4569e+05 2.5962e+01 -5.0653e+03 -1.3754e+02 1.7016e+01 -6.3072e+03
5.3992e+05 2.3928e+01 -5.0838e+03 -1.6828e+02 2.5896e+01 -6.2447e+03
3.0386e+05 2.0052e+01 -5.1020e+03 -1.9893e+02 1.2127e+01 -6.1816e+03
1.8701e+05 1.7339e+01 -5.1199e+03 -2.2948e+02 1.1495e+00 -6.1177e+03
2.2330e+05 1.6734e+01 -5.1376e+03 -2.5994e+02 7.8817e-01 -6.0538e+03
2.1840e+05 1.6734e+01 -5.1551e+03 -2.9028e+02 6.1880e+00 -5.9855e+03
1.7938e+05 1.6733e+01 -5.1723e+03 -3.2049e+02 4.9511e-01 -5.9192e+03
2.0349e+05 1.6734e+01 -5.1892e+03 -3.5057e+02 -1.1556e+01 -5.8688e+03
-4.7871e+06 3.5577e+01 -4.5756e+03 7.9014e+02 6.0733e+03 -1.2665e+03
-4.8619e+06 3.5591e+01 -4.5748e+03 7.2682e+02 6.0637e+03 -1.3308e+03
-4.7507e+06 3.5628e+01 -4.5740e+03 6.6248e+02 5.7482e+03 -1.8805e+03
-4.5739e+06 3.5699e+01 -4.5858e+03 6.0069e+02 5.0980e+03 -2.4177e+03
-4.5969e+06 3.5780e+01 -4.6032e+03 5.4909e+02 4.3966e+03 -3.2106e+03
-4.4833e+06 3.5866e+01 -4.6246e+03 4.9888e+02 3.5612e+03 -4.7490e+03
-4.5435e+06 3.5065e+01 -4.6490e+03 4.5482e+02 2.4375e+03 -5.9660e+03
-4.9558e+06 3.3575e+01 -4.6718e+03 4.2433e+02 1.2763e+03 -6.8478e+03
-5.3444e+06 3.3679e+01 -4.6944e+03 3.9374e+02 4.3721e+02 -7.3224e+03
-5.6335e+06 3.5017e+01 -4.7168e+03 3.6307e+02 6.5030e+01 -7.2808e+03
-5.8149e+06 3.4828e+01 -4.7391e+03 3.3233e+02 -1.8900e+01 -7.2377e+03
-5.7362e+06 3.2897e+01 -4.7611e+03 3.0151e+02 -5.2303e+01 -7.1826e+03
-5.5119e+06 3.1321e+01 -4.7830e+03 2.7064e+02 -7.4775e+01 -7.1253e+03
-5.0522e+06 3.0366e+01 -4.8046e+03 2.3971e+02 -7.6206e+01 -7.0716e+03
-4.5637e+06 2.8699e+01 -4.8261e+03 2.0875e+02 -7.5744e+01 -7.0198e+03
-4.0445e+06 2.6865e+01 -4.8473e+03 1.7775e+02 -6.2634e+01 -6.9651e+03
-3.6329e+06 2.6207e+01 -4.8683e+03 1.4672e+02 -5.0929e+01 -6.9096e+03
-3.3561e+06 2.6241e+01 -4.8891e+03 1.1568e+02 -6.5728e+01 -6.8538e+03
-2.8421e+06 2.6236e+01 -4.9097e+03 8.4637e+01 -4.8753e+01 -6.7952e+03
-1.9519e+06 2.6219e+01 -4.9301e+03 5.3594e+01 1.4410e+01 -6.7366e+03
-1.1518e+06 2.6196e+01 -4.9502e+03 2.2563e+01 4.7619e+01 -6.6799e+03
-5.7893e+05 2.6200e+01 -4.9701e+03 -8.4453e+00 4.4949e+01 -6.6218e+03
-6.2684e+04 2.6215e+01 -4.9898e+03 -3.9422e+01 4.0702e+01 -6.5616e+03
2.8132e+05 2.6222e+01 -5.0092e+03 -7.0357e+01 3.4504e+01 -6.5008e+03
3.5107e+05 2.6225e+01 -5.0284e+03 -1.0124e+02 2.0069e+01 -6.4400e+03
3.3876e+05 2.6230e+01 -5.0474e+03 -1.3206e+02 2.3433e+01 -6.3783e+03
3.1666e+05 2.5666e+01 -5.0661e+03 -1.6282e+02 4.9313e+01 -6.3157e+03
8.6820e+04 2.3283e+01 -5.0846e+03 -1.9349e+02 5.0198e+01 -6.2518e+03
-1.7748e+05 1.9664e+01 -5.1028e+03 -2.2407e+02 2.6727e+01 -6.1894e+03
-1.1918e+05 1.7295e+01 -5.1207e+03 -2.5454e+02 1.9417e+01 -6.1257e+03
1.1141e+05 1.6729e+01 -5.1384e+03 -2.8491e+02 2.6070e+01 -6.0614e+03
2.0903e+05 1.6730e+01 -5.1559e+03 -3.1516e+02 1.4799e+01 -5.9852e+03
1.8913e+05 1.6733e+01 -5.1731e+03 -3.4527e+02 -8.8125e+00 -5.9243e+03
-5.3029e+06 3.5686e+01 -4.5712e+03 8.3953e+02 5.9029e+03 -2.9140e+03
-4.8649e+06 3.5653e+01 -4.5808e+03 7.7878e+02 6.0428e+03 -1.9427e+03
-4.5271e+06 3.5624e+01 -4.5824e+03 7.1517e+02 5.6818e+03 -6.3747e+02
-3.9995e+06 3.5640e+01 -4.5857e+03 6.5661e+02 5.1641e+03 -9.3519e+00
-3.6491e+06 3.5663e+01 -4.5951e+03 6.0134e+02 5.1072e+03 -5.0073e+02
-3.6234e+06 3.5679e+01 -4.6086e+03 5.4743e+02 5.1380e+03 -1.7025e+03
-4.0850e+06 3.5124e+01 -4.6260e+03 4.9485e+02 4.7222e+03 -3.1144e+03
-4.7926e+06 3.3740e+01 -4.6475e+03 4.4354e+02 3.7597e+03 -4.6939e+03
-5.2706e+06 3.2876e+01 -4.6720e+03 3.9868e+02 2.4986e+03 -5.9086e+03
-5.3483e+06 3.3608e+01 -4.6947e+03 3.6805e+02 1.3180e+03 -6.7931e+03
-5.4379e+06 3.4105e+01 -4.7171e+03 3.3734e+02 4.7990e+02 -7.2649e+03
-5.6374e+06 3.3062e+01 -4.7394e+03 3.0655e+02 9.4235e+01 -7.2155e+03
-5.8403e+06 3.2296e+01 -4.7615e+03 2.7570e+02 -1.3111e+01 -7.1799e+03
-5.8190e+06 3.2210e+01 -4.7834e+03 2.4480e+02 -6.8430e+01 -7.1306e+03
-5.6414e+06 3.1082e+01 -4.8051e+03 2.1386e+02 -9.8131e+01 -7.0746e+03
-5.4670e+06 2.8567e+01 -4.8266e+03 1.8287e+02 -1.1651e+02 -7.0182e+03
-5.2738e+06 2.6640e+01 -4.8478e+03 1.5186e+02 -1.2405e+02 -6.9578e+03
-4.9412e+06 2.6225e+01 -4.8689e+03 1.2083e+02 -1.1558e+02 -6.8998e+03
-4.4686e+06 2.6359e+01 -4.8897e+03 8.9795e+01 -1.0844e+02 -6.8518e+03
-3.7527e+06 2.6817e+01 -4.9103e+03 5.8756e+01 -7.9366e+01 -6.8004e+03
-2.6977e+06 2.7031e+01 -4.9307e+03 2.7727e+01 -1.0031e+01 -6.7372e+03
-1.6187e+06 2.6509e+01 -4.9509e+03 -3.2824e+00 5.4202e+01 -6.6760e+03
-9.7848e+05 2.6171e+01 -4.9708e+03 -3.4263e+01 6.3511e+01 -6.6184e+03
-5.4084e+05 2.6212e+01 -4.9905e+03 -6.5206e+01 4.6277e+01 -6.5595e+03
-1.1956e+05 2.6218e+01 -5.0099e+03 -9.6100e+01 3.6667e+01 -6.4976e+03
1.6598e+05 2.6217e+01 -5.0291e+03 -1.2694e+02 4.8400e+01 -6.4356e+03
-5.6026e+03 2.6227e+01 -5.0481e+03 -1.5770e+02 6.6895e+01 -6.3740e+03
-7.3218e+05 2.5599e+01 -5.0668e+03 -1.8839e+02 2.3911e+01 -6.3107e+03
-1.2661e+06 2.3091e+01 -5.0853e+03 -2.1899e+02 -4.2549e+01 -6.2468e+03
-9.0704e+05 1.9494e+01 -5.1035e+03 -2.4949e+02 -2.9325e+01 -6.1829e+03
-2.4255e+05 1.7244e+01 -5.1215e+03 -2.7989e+02 2.3881e+01 -6.1185e+03
8.0753e+04 1.6725e+01 -5.1392e+03 -3.1016e+02 3.0541e+01 -6.0444e+03
1.6848e+05 1.6730e+01 -5.1567e+03 -3.4030e+02 5.4413e+00 -5.9848e+03
-5.1077e+06 3.4302e+01 -4.5530e+03 8.8641e+02 3.7959e+03 -4.8775e+03
-5.1152e+06 3.4819e+01 -4.5731e+03 8.2842e+02 4.9484e+03 -3.6962e+03
-4.3845e+06 3.5453e+01 -4.5849e+03 7.6956e+02 5.4202e+03 -1.3467e+03
-3.6290e+06 3.5584e+01 -4.5943e+03 7.1821e+02 5.1687e+03 2.3012e+02
-3.4477e+06 3.5609e+01 -4.6023e+03 6.6273e+02 5.1784e+03 6.0148e+02
-3.4468e+06 3.5625e+01 -4.6083e+03 6.0529e+02 5.3115e+03 3.7771e+02
-3.7821e+06 3.5481e+01 -4.6177e+03 5.4889e+02 5.3941e+03 -4.1993e+02
-4.6199e+06 3.4815e+01 -4.6312e+03 4.9387e+02 5.3091e+03 -1.6252e+03
-5.3315e+06 3.3803e+01 -4.6487e+03 4.4016e+02 4.8132e+03 -3.0339e+03
-5.5980e+06 3.3624e+01 -4.6704e+03 3.8772e+02 3.8560e+03 -4.6169e+03
-5.4880e+06 3.3931e+01 -4.6949e+03 3.4196e+02 2.5722e+03 -5.6757e+03
-5.4236e+06 3.3319e+01 -4.7174e+03 3.1121e+02 1.4774e+03 -6.2285e+03
-5.4444e+06 3.2561e+01 -4.7398e+03 2.8039e+02 8.1307e+02 -6.8606e+03
-5.4089e+06 3.2918e+01 -4.7619e+03 2.4951e+02 3.4824e+02 -7.1220e+03
-5.5038e+06 3.3486e+01 -4.7838e+03 2.1859e+02 1.1345e+02 -7.0482e+03
-5.4614e+06 3.2125e+01 -4.8055e+03 1.8762e+02 9.5149e+01 -6.8979e+03
-5.4154e+06 2.9342e+01 -4.8270e+03 1.5663e+02 1.5276e+02 -6.6273e+03
-5.2863e+06 2.7938e+01 -4.8483e+03 1.2561e+02 3.2178e+02 -6.3333e+03
-4.9249e+06 2.8253e+01 -4.8694e+03 9.4582e+01 4.8950e+02 -6.4810e+03
-4.2668e+06 2.9210e+01 -4.8903e+03 6.3550e+01 3.6724e+02 -6.7827e+03
-3.7329e+06 2.9508e+01 -4.9109e+03 3.2524e+01 1.0570e+02 -6.7881e+03
-3.3044e+06 2.8042e+01 -4.9313e+03 1.5153e+00 -4.3000e+00 -6.7403e+03
-2.4870e+06 2.6533e+01 -4.9515e+03 -2.9468e+01 5.3619e-02 -6.6754e+03
-1.5692e+06 2.6200e+01 -4.9714e+03 -6.0415e+01 4.1433e+01 -6.6134e+03
-9.4461e+05 2.6208e+01 -4.9911e+03 -9.1317e+01 5.2674e+01 -6.5546e+03
-6.0071e+05 2.6183e+01 -5.0106e+03 -1.2216e+02 5.0217e+01 -6.4940e+03
-5.0023e+05 2.6279e+01 -5.0298e+03 -1.5294e+02 5.9533e+01 -6.4315e+03
-1.2535e+06 2.6411e+01 -5.0488e+03 -1.8365e+02 -2.2818e+01 -6.3682e+03
-2.3156e+06 2.5573e+01 -5.0676e+03 -2.1427e+02 -1.6215e+02 -6.3050e+03
-2.1828e+06 2.2821e+01 -5.0860e+03 -2.4479e+02 -1.6000e+02 -6.2411e+03
-9.0745e+05 1.9282e+01 -5.1043e+03 -2.7521e+02 -2.4341e+01 -6.1768e+03
5.1660e+04 1.7182e+01 -5.1223e+03 -3.0551e+02 4.8776e+01 -6.1019e+03
2.1257e+05 1.6725e+01 -5.1400e+03 -3.3568e+02 2.2531e+01 -6.0420e+03
-4.7972e+06 3.0664e+01 -4.5318e+03 8.9424e+02 1.0001e+03 -6.0703e+03
-4.6364e+06 3.2455e+01 -4.5527e+03 8.6686e+02 2.4529e+03 -5.4703e+03
-4.3305e+06 3.4293e+01 -4.5736e+03 8.2114e+02 3.8592e+03 -3.4734e+03
-4.0711e+06 3.4651e+01 -4.5906e+03 7.7319e+02 4.6181e+03 -1.6311e+03
-4.0641e+06 3.4918e+01 -4.6051e+03 7.2220e+02 5.0507e+03 -6.1502e+02
-4.1480e+06 3.5415e+01 -4.6165e+03 6.6849e+02 5.2094e+03 2.2830e+02
-4.4865e+06 3.5648e+01 -4.6248e+03 6.1211e+02 5.3147e+03 6.1684e+02
-4.7455e+06 3.5504e+01 -4.6309e+03 5.5363e+02 5.4236e+03 4.2085e+02
-4.9680e+06 3.5140e+01 -4.6403e+03 4.9609e+02 5.5355e+03 -3.5185e+02
-5.3347e+06 3.4989e+01 -4.6538e+03 4.3993e+02 5.4993e+03 -1.5349e+03
-5.5629e+06 3.5105e+01 -4.6713e+03 3.8508e+02 4.8020e+03 -2.6801e+03
-5.4716e+06 3.4640e+01 -4.6942e+03 3.3576e+02 3.7329e+03 -3.4671e+03
-5.5745e+06 3.3814e+01 -4.7167e+03 2.9440e+02 2.9754e+03 -4.2482e+03
-5.4536e+06 3.4153e+01 -4.7401e+03 2.5383e+02 2.2857e+03 -4.9020e+03
-5.3256e+06 3.5273e+01 -4.7622e+03 2.2293e+02 1.5731e+03 -4.8515e+03
-5.3924e+06 3.5267e+01 -4.7842e+03 1.9199e+02 1.3334e+03 -4.3338e+03
-5.5026e+06 3.3574e+01 -4.8058e+03 1.6344e+02 1.4566e+03 -3.7614e+03
-5.3608e+06 3.2155e+01 -4.8271e+03 1.3642e+02 1.7396e+03 -3.2617e+03
-5.2615e+06 3.2362e+01 -4.8477e+03 1.0949e+02 2.4142e+03 -3.4964e+03
-4.9408e+06 3.2749e+01 -4.8696e+03 6.9011e+01 2.7685e+03 -4.6606e+03
-4.2571e+06 3.2415e+01 -4.8908e+03 3.6947e+01 1.9746e+03 -6.1266e+03
-3.7234e+06 3.0928e+01 -4.9115e+03 5.9406e+00 7.5949e+02 -6.8124e+03
-3.5368e+06 2.8931e+01 -4.9319e+03 -2.5043e+01 1.0358e+02 -6.7275e+03
-3.2599e+06 2.7596e+01 -4.9521e+03 -5.5993e+01 -2.0314e+01 -6.6776e+03
-2.3594e+06 2.6637e+01 -4.9721e+03 -8.6901e+01 7.0684e+00 -6.6122e+03
-1.5123e+06 2.6311e+01 -4.9918e+03 -1.1776e+02 5.3380e+01 -6.5482e+03
-1.1349e+06 2.7083e+01 -5.0113e+03 -1.4855e+02 6.9091e+01 -6.4878e+03
-1.5769e+06 2.7827e+01 -5.0305e+03 -1.7927e+02 -4.3970e+00 -6.4264e+03
-2.3870e+06 2.7348e+01 -5.0495e+03 -2.0990e+02 -1.4705e+02 -6.3628e+03
-2.3193e+06 2.5807e+01 -5.0683e+03 -2.4044e+02 -1.7184e+02 -6.2986e+03
-1.1227e+06 2.2782e+01 -5.0868e+03 -2.7088e+02 -3.0427e+01 -6.2354e+03
-1.4026e+05 1.9131e+01 -5.1050e+03 -3.0121e+02 5.6164e+01 -6.1615e+03
1.4601e+05 1.7130e+01 -5.1230e+03 -3.3141e+02 2.7618e+01 -6.1008e+03
-4.8197e+06 2.7642e+01 -4.5105e+03 9.0066e+02 1.8684e+01 -6.3557e+03
-4.2442e+06 2.9886e+01 -4.5316e+03 8.7333e+02 5.3952e+02 -6.3033e+03
-4.1482e+06 3.2269e+01 -4.5525e+03 8.4590e+02 1.4257e+03 -5.5174e+03
-4.5397e+06 3.2980e+01 -4.5733e+03 8.1827e+02 2.4954e+03 -4.4786e+03
-5.0706e+06 3.3420e+01 -4.5941e+03 7.7399e+02 3.6039e+03 -3.2660e+03
-5.2388e+06 3.4585e+01 -4.6120e+03 7.2491e+02 4.5321e+03 -1.7735e+03
-5.1366e+06 3.5495e+01 -4.6269e+03 6.7306e+02 5.1510e+03 -6.5165e+02
-4.8953e+06 3.5668e+01 -4.6386e+03 6.1848e+02 5.4251e+03 2.0877e+02
-4.9096e+06 3.5638e+01 -4.6473e+03 5.6119e+02 5.5978e+03 6.2838e+02
-5.0146e+06 3.5647e+01 -4.6535e+03 5.0167e+02 5.7055e+03 4.7192e+02
-5.1039e+06 3.5718e+01 -4.6628e+03 4.4298e+02 5.4363e+03 -4.5780e+01
-5.1619e+06 3.5575e+01 -4.6798e+03 3.8898e+02 4.8730e+03 -2.5401e+02
-5.2417e+06 3.5261e+01 -4.6986e+03 3.4515e+02 4.5837e+03 -5.1966e+02
-5.4549e+06 3.5430e+01 -4.7183e+03 3.0173e+02 4.3407e+03 -1.2802e+03
-5.3680e+06 3.5867e+01 -4.7421e+03 2.5664e+02 3.4791e+03 -1.2524e+03
-5.3312e+06 3.6056e+01 -4.7643e+03 2.3110e+02 2.7114e+03 -4.7448e+02
-5.5340e+06 3.5751e+01 -4.7863e+03 2.0599e+02 2.6305e+03 9.3066e+01
-5.3468e+06 3.5290e+01 -4.8080e+03 1.8119e+02 2.8406e+03 5.1911e+02
-5.1456e+06 3.5284e+01 -4.8294e+03 1.5671e+02 3.7593e+03 6.4317e+02
-5.2010e+06 3.5037e+01 -4.8446e+03 1.2536e+02 5.2040e+03 -1.0878e+03
-4.9739e+06 3.4406e+01 -4.8655e+03 6.7749e+01 5.3013e+03 -3.8998e+03
-4.4616e+06 3.3740e+01 -4.8912e+03 1.0384e+01 3.7744e+03 -5.2099e+03
-4.1052e+06 3.2898e+01 -4.9120e+03 -2.0995e+01 2.0399e+03 -6.1077e+03
-3.6332e+06 3.1216e+01 -4.9325e+03 -5.1947e+01 7.4643e+02 -6.7644e+03
-3.4490e+06 2.8594e+01 -4.9527e+03 -8.2858e+01 1.1184e+02 -6.6641e+03
-3.1986e+06 2.7516e+01 -4.9727e+03 -1.1372e+02 -9.7107e+00 -6.6136e+03
-2.3741e+06 2.9063e+01 -4.9924e+03 -1.4452e+02 2.4917e+01 -6.5454e+03
-1.7435e+06 3.0355e+01 -5.0119e+03 -1.7525e+02 6.8697e+01 -6.4812e+03
-1.8521e+06 2.9975e+01 -5.0312e+03 -2.0590e+02 8.1162e+00 -6.4207e+03
-1.7401e+06 2.9461e+01 -5.0502e+03 -2.3646e+02 -2.7825e+01 -6.3572e+03
-7.5238e+05 2.7561e+01 -5.0690e+03 -2.6692e+02 5.3225e+01 -6.2932e+03
6.4799e+04 2.3058e+01 -5.0875e+03 -2.9727e+02 8.9126e+01 -6.2201e+03
1.2399e+05 1.8897e+01 -5.1057e+03 -3.2749e+02 3.5504e+01 -6.1595e+03
-3.9348e+06 2.6506e+01 -4.4889e+03 9.0670e+02 2.9733e+01 -6.3964e+03
-4.0643e+06 2.7865e+01 -4.5102e+03 8.7943e+02 7.6144e+01 -6.3739e+03
-4.5500e+06 2.9822e+01 -4.5314e+03 8.5205e+02 1.1907e+02 -6.3165e+03
-5.1483e+06 3.0675e+01 -4.5524e+03 8.2458e+02 4.5246e+02 -6.2255e+03
-5.4355e+06 3.0803e+01 -4.5732e+03 7.9702e+02 1.2375e+03 -5.5464e+03
-5.4984e+06 3.2124e+01 -4.5939e+03 7.6930e+02 2.3899e+03 -4.5491e+03
-5.4688e+06 3.4356e+01 -4.6149e+03 7.2628e+02 3.6671e+03 -3.3529e+03
-5.3108e+06 3.5579e+01 -4.6333e+03 6.7637e+02 4.7324e+03 -1.8661e+03
-5.1197e+06 3.5697e+01 -4.6485e+03 6.2366e+02 5.4283e+03 -6.8852e+02
-4.9770e+06 3.5655e+01 -4.6607e+03 5.6820e+02 5.7107e+03 1.9525e+02
-5.0573e+06 3.5664e+01 -4.6697e+03 5.1000e+02 5.5699e+03 9.3223e+02
-5.0975e+06 3.5701e+01 -4.6790e+03 4.5486e+02 5.0125e+03 1.6324e+03
-4.8985e+06 3.5752e+01 -4.6940e+03 4.0854e+02 4.6828e+03 1.8335e+03
-5.0582e+06 3.5795e+01 -4.7100e+03 3.6269e+02 4.7537e+03 1.4226e+03
-5.0025e+06 3.5828e+01 -4.7268e+03 3.1724e+02 4.1849e+03 1.4002e+03
-4.9762e+06 3.5887e+01 -4.7513e+03 2.8384e+02 3.1329e+03 2.0632e+03
-5.0675e+06 3.5939e+01 -4.7737e+03 2.6091e+02 2.7465e+03 2.6301e+03
-5.2370e+06 3.5943e+01 -4.7959e+03 2.3829e+02 2.8673e+03 2.9414e+03
-4.7814e+06 3.5864e+01 -4.8178e+03 2.1599e+02 3.5042e+03 3.2708e+03
-4.6878e+06 3.5633e+01 -4.8352e+03 1.9191e+02 5.4585e+03 1.4630e+03
-4.8963e+06 3.5324e+01 -4.8478e+03 1.3042e+02 7.0418e+03 -1.1393e+03
-4.6896e+06 3.5179e+01 -4.8651e+03 6.9430e+01 6.7628e+03 -2.3094e+03
-4.8414e+06 3.5215e+01 -4.8868e+03 9.6273e+00 5.5403e+03 -3.9420e+03
-4.4478e+06 3.4393e+01 -4.9126e+03 -4.8283e+01 3.8434e+03 -5.1698e+03
-4.1157e+06 3.1844e+01 -4.9330e+03 -7.9196e+01 2.0748e+03 -6.0537e+03
-3.6556e+06 3.0075e+01 -4.9533e+03 -1.1006e+02 7.4946e+02 -6.7071e+03
-3.4573e+06 3.1019e+01 -4.9733e+03 -1.4087e+02 1.1753e+02 -6.5996e+03
-3.1602e+06 3.2018e+01 -4.9931e+03 -1.7161e+02 8.6248e+00 -6.5470e+03
-2.3892e+06 3.2183e+01 -5.0126e+03 -2.0227e+02 2.5236e+01 -6.4797e+03
-1.3545e+06 3.3035e+01 -5.0319e+03 -2.3285e+02 9.5296e+01 -6.4125e+03
-5.5891e+05 3.2291e+01 -5.0509e+03 -2.6332e+02 1.3846e+02 -6.3504e+03
-2.1340e+05 2.7925e+01 -5.0697e+03 -2.9369e+02 9.8084e+01 -6.2792e+03
-8.1070e+04 2.2252e+01 -5.0882e+03 -3.2394e+02 3.6092e+01 -6.2180e+03
-3.2552e+06 2.6239e+01 -4.4671e+03 9.1236e+02 3.9911e+01 -6.4647e+03
-3.6429e+06 2.6594e+01 -4.4886e+03 8.8515e+02 4.0647e+01 -6.4361e+03
-4.7957e+06 2.7325e+01 -4.5100e+03 8.5782e+02 -5.8738e+01 -6.3848e+03
-5.7047e+06 2.7644e+01 -4.5312e+03 8.3040e+02 -1.1441e+02 -6.3428e+03
-5.8540e+06 2.7525e+01 -4.5522e+03 8.0289e+02 -7.7036e+00 -6.2845e+03
-5.6326e+06 2.8738e+01 -4.5731e+03 7.7529e+02 4.3075e+02 -6.2028e+03
-5.4150e+06 3.1898e+01 -4.5938e+03 7.4762e+02 1.2676e+03 -5.5932e+03
-5.3121e+06 3.4589e+01 -4.6143e+03 7.1983e+02 2.4258e+03 -4.6109e+03
-5.4098e+06 3.5594e+01 -4.6354e+03 6.7834e+02 3.7235e+03 -3.4438e+03
-5.3435e+06 3.5761e+01 -4.6543e+03 6.2759e+02 4.8534e+03 -1.9579e+03
-5.3594e+06 3.5731e+01 -4.6700e+03 5.7404e+02 5.3807e+03 -3.9165e+02
-5.1115e+06 3.5733e+01 -4.6820e+03 5.2446e+02 5.0273e+03 1.0681e+03
-4.9523e+06 3.5745e+01 -4.6980e+03 4.8023e+02 4.6418e+03 1.8809e+03
-4.9864e+06 3.5749e+01 -4.7134e+03 4.3491e+02 4.7378e+03 2.1371e+03
-4.9487e+06 3.5780e+01 -4.7282e+03 3.8851e+02 4.4344e+03 2.3628e+03
-5.0955e+06 3.5858e+01 -4.7453e+03 3.4928e+02 3.3655e+03 3.1677e+03
-5.1405e+06 3.5928e+01 -4.7681e+03 3.2829e+02 2.7033e+03 3.8013e+03
-5.4993e+06 3.5937e+01 -4.7904e+03 3.0730e+02 2.7572e+03 3.7956e+03
-4.9791e+06 3.5861e+01 -4.8123e+03 2.8625e+02 3.1474e+03 3.8209e+03
-4.9386e+06 3.5704e+01 -4.8337e+03 2.6518e+02 4.9279e+03 2.0254e+03
-4.7969e+06 3.5540e+01 -4.8467e+03 2.0226e+02 6.9002e+03 2.4163e+02
-4.2929e+06 3.5460e+01 -4.8554e+03 1.3763e+02 7.4455e+03 -1.1947e+02
-4.6934e+06 3.5488e+01 -4.8684e+03 7.4318e+01 7.4422e+03 -1.1032e+03
-4.8053e+06 3.5426e+01 -4.8859e+03 1.2251e+01 6.9647e+03 -2.2595e+03
-4.8645e+06 3.4355e+01 -4.9078e+03 -4.8639e+01 5.7105e+03 -3.8907e+03
-4.5206e+06 3.2733e+01 -4.9336e+03 -1.0679e+02 3.9356e+03 -5.1241e+03
-4.1314e+06 3.2382e+01 -4.9539e+03 -1.3760e+02 2.1153e+03 -6.0085e+03
-3.6893e+06 3.2664e+01 -4.9739e+03 -1.6835e+02 7.4385e+02 -6.6444e+03
-3.3771e+06 3.2716e+01 -4.9937e+03 -1.9903e+02 9.9998e+01 -6.5336e+03
-2.7713e+06 3.3545e+01 -5.0132e+03 -2.2961e+02 1.9233e+01 -6.4789e+03
-1.6532e+06 3.3502e+01 -5.0325e+03 -2.6011e+02 6.7613e+01 -6.4082e+03
-7.5447e+05 3.0818e+01 -5.0516e+03 -2.9049e+02 9.2706e+01 -6.3331e+03
-4.1978e+05 2.6873e+01 -5.0703e+03 -3.2076e+02 5.9500e+01 -6.2756e+03
-2.4211e+06 2.6237e+01 -4.4451e+03 9.1763e+02 4.2018e+01 -6.5161e+03
-3.1233e+06 2.6244e+01 -4.4668e+03 8.9047e+02 3.6197e+00 -6.4915e+03
-4.2252e+06 2.6238e+01 -4.4883e+03 8.6320e+02 -7.2298e+01 -6.4435e+03
-5.0490e+06 2.6197e+01 -4.5097e+03 8.3583e+02 -1.0223e+02 -6.3957e+03
-5.5597e+06 2.6145e+01 -4.5310e+03 8.0837e+02 -8.7053e+01 -6.3507e+03
-5.8128e+06 2.6886e+01 -4.5520e+03 7.8082e+02 -5.0852e+01 -6.3068e+03
-5.7634e+06 2.9168e+01 -4.5730e+03 7.5319e+02 3.8235e+01 -6.2499e+03
-5.5043e+06 3.2277e+01 -4.5937e+03 7.2548e+02 4.0452e+02 -6.1774e+03
-5.3801e+06 3.4812e+01 -4.6143e+03 6.9772e+02 1.2013e+03 -5.6441e+03
-5.2759e+06 3.5842e+01 -4.6347e+03 6.6989e+02 2.3767e+03 -4.6719e+03
-5.4952e+06 3.5898e+01 -4.6558e+03 6.3021e+02 3.5115e+03 -3.3374e+03
-5.4124e+06 3.5857e+01 -4.6739e+03 5.8329e+02 3.9945e+03 -1.5105e+03
-5.3536e+06 3.5836e+01 -4.6922e+03 5.4279e+02 4.1945e+03 -1.7179e+02
-5.2107e+06 3.5812e+01 -4.7101e+03 5.0102e+02 4.5723e+03 4.7644e+02
-5.1595e+06 3.5814e+01 -4.7274e+03 4.5813e+02 4.6151e+03 1.0765e+03
-5.0436e+06 3.5871e+01 -4.7430e+03 4.1574e+02 3.7326e+03 2.2372e+03
-4.9806e+06 3.5942e+01 -4.7620e+03 3.9412e+02 2.8168e+03 2.8756e+03
-5.3941e+06 3.5968e+01 -4.7832e+03 3.7238e+02 2.6663e+03 2.5808e+03
-5.1440e+06 3.5920e+01 -4.8041e+03 3.5059e+02 2.9143e+03 2.3520e+03
-5.0016e+06 3.5783e+01 -4.8244e+03 3.2879e+02 4.3256e+03 8.2758e+02
-4.9797e+06 3.5601e+01 -4.8466e+03 2.7542e+02 6.4089e+03 -2.5833e+02
-4.5486e+06 3.5466e+01 -4.8584e+03 2.1318e+02 7.4296e+03 2.5991e+02
-4.3878e+06 3.5411e+01 -4.8668e+03 1.4824e+02 7.6265e+03 3.9407e+02
-4.3929e+06 3.5437e+01 -4.8756e+03 8.2546e+01 7.7235e+03 -7.2156e+01
-4.7029e+06 3.5256e+01 -4.8888e+03 1.8154e+01 7.7232e+03 -1.0525e+03
-4.9003e+06 3.4473e+01 -4.9065e+03 -4.4996e+01 7.2019e+03 -2.2124e+03
-4.8622e+06 3.3856e+01 -4.9286e+03 -1.0698e+02 5.8861e+03 -3.8459e+03
-4.5777e+06 3.3813e+01 -4.9544e+03 -1.6548e+02 4.0221e+03 -5.0665e+03
-4.0297e+06 3.3307e+01 -4.9745e+03 -1.9617e+02 2.1494e+03 -5.9513e+03
-3.3466e+06 3.2787e+01 -4.9943e+03 -2.2676e+02 7.7409e+02 -6.5808e+03
-2.8456e+06 3.2220e+01 -5.0138e+03 -2.5727e+02 1.3625e+02 -6.4633e+03
-2.4335e+06 3.1242e+01 -5.0331e+03 -2.8767e+02 1.5750e+01 -6.3988e+03
-1.4856e+06 3.0973e+01 -5.0522e+03 -3.1795e+02 2.5046e+01 -6.3330e+03
-1.7391e+06 2.6233e+01 -4.4228e+03 9.2251e+02 4.1764e+01 -6.5773e+03
-2.1683e+06 2.6238e+01 -4.4447e+03 8.9540e+02 2.3000e+01 -6.5503e+03
-2.9967e+06 2.6244e+01 -4.4664e+03 8.6819e+02 -6.2026e+00 -6.5016e+03
-3.7788e+06 2.6247e+01 -4.4880e+03 8.4087e+02 -1.5310e+01 -6.4566e+03
-4.3778e+06 2.6247e+01 -4.5095e+03 8.1346e+02 -4.5313e+00 -6.4099e+03
-4.9056e+06 2.6407e+01 -4.5308e+03 7.8596e+02 -8.3062e+00 -6.3619e+03
-5.4912e+06 2.7217e+01 -4.5519e+03 7.5837e+02 -4.7691e+01 -6.3159e+03
-5.8399e+06 2.9920e+01 -4.5728e+03 7.3071e+02 -6.4024e+01 -6.2705e+03
-5.7332e+06 3.3795e+01 -4.5936e+03 7.0298e+02 1.6709e+01 -6.2129e+03
-5.3568e+06 3.5870e+01 -4.6143e+03 6.7519e+02 3.7135e+02 -6.1477e+03
-5.2680e+06 3.6096e+01 -4.6347e+03 6.4735e+02 1.0335e+03 -5.6627e+03
-5.2735e+06 3.6047e+01 -4.6550e+03 6.1946e+02 1.6385e+03 -4.5579e+03
-5.3318e+06 3.6006e+01 -4.6750e+03 5.9130e+02 2.1717e+03 -3.6576e+03
-5.2956e+06 3.5961e+01 -4.6953e+03 5.5597e+02 2.8411e+03 -3.0204e+03
-5.2382e+06 3.5929e+01 -4.7151e+03 5.1676e+02 3.3968e+03 -2.0842e+03
-5.3817e+06 3.5949e+01 -4.7343e+03 4.7641e+02 3.2169e+03 -6.4989e+02
-5.3751e+06 3.6003e+01 -4.7507e+03 4.4902e+02 2.4965e+03 9.8311e+01
-5.5049e+06 3.6038e+01 -4.7709e+03 4.2649e+02 2.0831e+03 -2.5820e+02
-5.4751e+06 3.6021e+01 -4.7906e+03 4.0394e+02 2.0469e+03 -7.1485e+02
-5.2600e+06 3.5927e+01 -4.8099e+03 3.8139e+02 2.8562e+03 -1.7441e+03
-5.2837e+06 3.5762e+01 -4.8319e+03 3.4159e+02 4.8320e+03 -2.1420e+03
-5.1376e+06 3.5591e+01 -4.8507e+03 2.8392e+02 6.6716e+03 -1.2820e+03
-4.7929e+06 3.5472e+01 -4.8661e+03 2.2343e+02 7.4776e+03 -3.7226e+02
-4.4902e+06 3.5401e+01 -4.8782e+03 1.6018e+02 7.7503e+03 2.8710e+02
-4.3882e+06 3.5369e+01 -4.8868e+03 9.4243e+01 7.9257e+03 4.2607e+02
-4.3803e+06 3.5201e+01 -4.8957e+03 2.7471e+01 8.0339e+03 -2.7241e+01
-4.7240e+06 3.5010e+01 -4.9091e+03 -3.8000e+01 8.0106e+03 -9.9501e+02
-4.9041e+06 3.5017e+01 -4.9269e+03 -1.0224e+02 7.4375e+03 -2.1490e+03
-4.7705e+06 3.4526e+01 -4.9492e+03 -1.6529e+02 6.0669e+03 -3.7628e+03
-4.2937e+06 3.3312e+01 -4.9751e+03 -2.2431e+02 4.1739e+03 -4.9562e+03
-3.6666e+06 3.2099e+01 -4.9949e+03 -2.5482e+02 2.2751e+03 -5.8638e+03
-3.0386e+06 3.1649e+01 -5.0145e+03 -2.8524e+02 8.3222e+02 -6.5064e+03
-2.5291e+06 3.2311e+01 -5.0338e+03 -3.1554e+02 1.3093e+02 -6.3880e+03
-1.1654e+06 2.6233e+01 -4.4003e+03 9.2698e+02 3.4685e+01 -6.6343e+03
-1.4109e+06 2.6235e+01 -4.4223e+03 8.9993e+02 3.5749e+01 -6.6078e+03
-1.8246e+06 2.6235e+01 -4.4443e+03 8.7278e+02 4.7498e+01 -6.5599e+03
-2.3597e+06 2.6243e+01 -4.4661e+03 8.4551e+02 5.4966e+01 -6.5141e+03
-3.0116e+06 2.6252e+01 -4.4877e+03 8.1815e+02 5.4508e+01 -6.4686e+03
-3.7635e+06 2.6241e+01 -4.5092e+03 7.9070e+02 4.0943e+01 -6.4228e+03
-4.5516e+06 2.6377e+01 -4.5306e+03 7.6316e+02 7.9189e-01 -6.3754e+03
-5.1850e+06 2.8267e+01 -4.5517e+03 7.3554e+02 -3.8105e+01 -6.3262e+03
-5.4904e+06 3.2385e+01 -4.5727e+03 7.0785e+02 -4.6876e+01 -6.2781e+03
-5.5508e+06 3.5518e+01 -4.5936e+03 6.8010e+02 -2.6448e+01 -6.2318e+03
-5.4323e+06 3.6240e+01 -4.6142e+03 6.5229e+02 2.7068e+01 -6.1750e+03
-5.2903e+06 3.6195e+01 -4.6347e+03 6.2444e+02 1.0804e+02 -6.0978e+03
-5.2115e+06 3.6172e+01 -4.6550e+03 5.9655e+02 3.0216e+02 -6.0127e+03
-5.1674e+06 3.6138e+01 -4.6751e+03 5.6862e+02 6.9686e+02 -5.7134e+03
-5.0904e+06 3.6100e+01 -4.6950e+03 5.4067e+02 1.1844e+03 -5.0697e+03
-5.1249e+06 3.6089e+01 -4.7147e+03 5.1271e+02 1.3954e+03 -4.2255e+03
-5.2096e+06 3.6111e+01 -4.7342e+03 4.8456e+02 1.1725e+03 -3.7682e+03
-5.3366e+06 3.6136e+01 -4.7536e+03 4.5666e+02 8.7785e+02 -3.9289e+03
-5.3275e+06 3.6138e+01 -4.7727e+03 4.2881e+02 7.3531e+02 -4.2546e+03
-5.2269e+06 3.6097e+01 -4.7916e+03 4.0089e+02 9.4515e+02 -4.6253e+03
-5.0858e+06 3.5992e+01 -4.8103e+03 3.7298e+02 1.9259e+03 -4.4943e+03
-5.1407e+06 3.5837e+01 -4.8288e+03 3.4491e+02 3.6454e+03 -3.9642e+03
-5.1722e+06 3.5676e+01 -4.8507e+03 2.9162e+02 5.4699e+03 -2.7942e+03
-5.0072e+06 3.5536e+01 -4.8698e+03 2.3297e+02 6.9114e+03 -1.3040e+03
-4.8128e+06 3.5428e+01 -4.8855e+03 1.7149e+02 7.7349e+03 -3.4901e+02
-4.4415e+06 3.5360e+01 -4.8978e+03 1.0725e+02 8.0605e+03 3.1013e+02
-4.3758e+06 3.5333e+01 -4.9067e+03 4.0325e+01 8.2363e+03 4.6297e+02
-4.3279e+06 3.5352e+01 -4.9157e+03 -2.7517e+01 8.3355e+03 3.2847e+01
-4.6424e+06 3.5216e+01 -4.9292e+03 -9.4009e+01 8.2893e+03 -8.8095e+02
-4.6903e+06 3.4430e+01 -4.9471e+03 -1.5887e+02 7.7094e+03 -1.9903e+03
-4.5294e+06 3.3320e+01 -4.9694e+03 -2.2258e+02 6.3331e+03 -3.6389e+03
-4.1428e+06 3.2849e+01 -4.9955e+03 -2.8320e+02 4.3682e+03 -4.8400e+03
-3.4695e+06 3.2943e+01 -5.0151e+03 -3.1351e+02 2.3491e+03 -5.7641e+03
-9.0312e+05 2.6234e+01 -4.3775e+03 9.3104e+02 1.8007e+01 -6.6928e+03
-1.0070e+06 2.6235e+01 -4.3998e+03 9.0406e+02 2.2738e+01 -6.6666e+03
-1.2968e+06 2.6235e+01 -4.4219e+03 8.7696e+02 3.0034e+01 -6.6179e+03
-1.7153e+06 2.6315e+01 -4.4439e+03 8.4975e+02 3.4090e+01 -6.5731e+03
-2.1658e+06 2.6416e+01 -4.4657e+03 8.2244e+02 4.4745e+01 -6.5274e+03
-2.7255e+06 2.6359e+01 -4.4874e+03 7.9504e+02 5.5710e+01 -6.4808e+03
-3.5205e+06 2.6264e+01 -4.5090e+03 7.6754e+02 3.5037e+01 -6.4342e+03
-4.3646e+06 2.6962e+01 -4.5304e+03 7.3997e+02 1.0391e+00 -6.3878e+03
-4.8548e+06 2.9629e+01 -4.5516e+03 7.1233e+02 -1.5335e+00 -6.3400e+03
-4.9656e+06 3.3398e+01 -4.5726e+03 6.8461e+02 1.9611e+01 -6.2893e+03
-5.0174e+06 3.5764e+01 -4.5935e+03 6.5684e+02 2.7585e+01 -6.2389e+03
-5.2248e+06 3.6284e+01 -4.6142e+03 6.2902e+02 5.4056e+00 -6.1913e+03
-5.4469e+06 3.6253e+01 -4.6347e+03 6.0116e+02 -1.6329e+01 -6.1433e+03
-5.5225e+06 3.6245e+01 -4.6550e+03 5.7326e+02 -2.2484e+00 -6.0868e+03
-5.3796e+06 3.6229e+01 -4.6752e+03 5.4534e+02 5.0947e+01 -6.0188e+03
-5.2681e+06 3.6216e+01 -4.6951e+03 5.1740e+02 9.8174e+01 -5.9439e+03
-5.2807e+06 3.6214e+01 -4.7149e+03 4.8945e+02 9.9850e+01 -5.8693e+03
-5.4139e+06 3.6217e+01 -4.7344e+03 4.6151e+02 6.6883e+01 -5.8126e+03
-5.4604e+06 3.6219e+01 -4.7538e+03 4.3357e+02 4.7147e+01 -5.7740e+03
-5.5401e+06 3.6212e+01 -4.7729e+03 4.0564e+02 4.3230e+01 -5.7339e+03
-5.3120e+06 3.6173e+01 -4.7918e+03 3.7775e+02 1.3469e+02 -5.6841e+03
-5.0331e+06 3.6090e+01 -4.8105e+03 3.4989e+02 7.1434e+02 -5.6628e+03
-4.9817e+06 3.5963e+01 -4.8290e+03 3.2208e+02 1.9559e+03 -4.9443e+03
-5.0467e+06 3.5805e+01 -4.8473e+03 2.9414e+02 3.7021e+03 -3.9776e+03
-5.0938e+06 3.5643e+01 -4.8692e+03 2.4175e+02 5.5752e+03 -2.8055e+03
-4.9681e+06 3.5503e+01 -4.8886e+03 1.8213e+02 7.1029e+03 -1.3200e+03
-4.8412e+06 3.5402e+01 -4.9046e+03 1.1968e+02 7.9903e+03 -3.2587e+02
-4.4366e+06 3.5336e+01 -4.9172e+03 5.4465e+01 8.3518e+03 3.4977e+02
-4.2214e+06 3.5310e+01 -4.9264e+03 -1.3213e+01 8.5334e+03 5.5112e+02
-4.0571e+06 3.5123e+01 -4.9356e+03 -8.1650e+01 8.6428e+03 1.5985e+02
-4.4613e+06 3.4673e+01 -4.9492e+03 -1.4882e+02 8.6176e+03 -7.5500e+02
-4.7145e+06 3.4397e+01 -4.9671e+03 -2.1479e+02 8.0091e+03 -1.8458e+03
-4.5485e+06 3.4498e+01 -4.9894e+03 -2.7961e+02 6.5504e+03 -3.5119e+03
-6.6908e+05 2.6235e+01 -4.3545e+03 9.3469e+02 1.4825e+01 -6.7501e+03
-8.1170e+05 2.6236e+01 -4.3770e+03 9.0777e+02 1.4783e+01 -6.7239e+03
-1.0389e+06 2.6236e+01 -4.3993e+03 8.8073e+02 1.5860e+01 -6.6758e+03
-1.3609e+06 2.6363e+01 -4.4215e+03 8.5358e+02 1.5891e+01 -6.6311e+03
-1.7732e+06 2.6897e+01 -4.4435e+03 8.2632e+02 1.9653e+01 -6.5861e+03
-2.2619e+06 2.7174e+01 -4.4654e+03 7.9897e+02 3.5543e+01 -6.5404e+03
-2.8843e+06 2.6643e+01 -4.4872e+03 7.7152e+02 4.0084e+01 -6.4936e+03
-3.6299e+06 2.6321e+01 -4.5087e+03 7.4400e+02 3.0452e+01 -6.4460e+03
-4.3315e+06 2.7099e+01 -4.5302e+03 7.1639e+02 2.2524e+01 -6.3989e+03
-4.7794e+06 2.9732e+01 -4.5514e+03 6.8872e+02 2.5632e+01 -6.3513e+03
-4.9079e+06 3.3507e+01 -4.5725e+03 6.6099e+02 4.1706e+01 -6.3017e+03
-4.9750e+06 3.5851e+01 -4.5934e+03 6.3321e+02 4.6514e+01 -6.2500e+03
-5.1096e+06 3.6313e+01 -4.6141e+03 6.0538e+02 3.2017e+01 -6.1978e+03
-5.2793e+06 3.6275e+01 -4.6347e+03 5.7751e+02 7.3446e+00 -6.1468e+03
-5.4008e+06 3.6276e+01 -4.6551e+03 5.4961e+02 -1.1687e+01 -6.0968e+03
-5.4388e+06 3.6275e+01 -4.6752e+03 5.2170e+02 -1.8000e+01 -6.0470e+03
-5.4440e+06 3.6270e+01 -4.6952e+03 4.9377e+02 -1.5919e+01 -5.9953e+03
-5.4626e+06 3.6262e+01 -4.7150e+03 4.6584e+02 -1.1412e+01 -5.9402e+03
-5.4506e+06 3.6258e+01 -4.7346e+03 4.3792e+02 -2.0026e+00 -5.8842e+03
-5.4462e+06 3.6258e+01 -4.7539e+03 4.1001e+02 -1.6934e+00 -5.8283e+03
-5.5333e+06 3.6303e+01 -4.7731e+03 3.8213e+02 -1.0044e+01 -5.7735e+03
-5.6766e+06 3.5980e+01 -4.7921e+03 3.5428e+02 -5.4283e+00 -5.7217e+03
-5.3749e+06 3.5507e+01 -4.8108e+03 3.2647e+02 1.0857e+02 -5.6572e+03
-5.0066e+06 3.5683e+01 -4.8293e+03 2.9871e+02 6.9745e+02 -5.6227e+03
-4.9116e+06 3.5910e+01 -4.8476e+03 2.7102e+02 1.9481e+03 -4.9432e+03
-4.9695e+06 3.5781e+01 -4.8657e+03 2.4325e+02 3.7240e+03 -3.9771e+03
-5.0897e+06 3.5632e+01 -4.8874e+03 1.9204e+02 5.6550e+03 -2.8187e+03
-4.9760e+06 3.5494e+01 -4.9072e+03 1.3146e+02 7.2607e+03 -1.3195e+03
-4.7475e+06 3.5376e+01 -4.9235e+03 6.8386e+01 8.2285e+03 -2.5922e+02
-4.1961e+06 3.5300e+01 -4.9365e+03 2.7515e+00 8.6512e+03 4.1287e+02
-3.9870e+06 3.5243e+01 -4.9463e+03 -6.5530e+01 8.8677e+03 6.1102e+02
-4.0795e+06 3.5200e+01 -4.9554e+03 -1.3503e+02 8.9586e+03 2.4787e+02
-4.6121e+06 3.5257e+01 -4.9689e+03 -2.0331e+02 8.8868e+03 -6.3753e+02
-5.3874e+05 2.6236e+01 -4.3313e+03 9.3793e+02 1.2571e+01 -6.8079e+03
-6.6437e+05 2.6239e+01 -4.3539e+03 9.1106e+02 8.5797e+00 -6.7821e+03
-8.9464e+05 2.6240e+01 -4.3765e+03 8.8408e+02 6.2921e+00 -6.7338e+03
-1.1768e+06 2.6284e+01 -4.3988e+03 8.5699e+02 9.6805e+00 -6.6894e+03
-1.4925e+06 2.7111e+01 -4.4211e+03 8.2978e+02 1.3744e+01 -6.6444e+03
-1.9010e+06 2.7869e+01 -4.4432e+03 8.0248e+02 2.5292e+01 -6.5989e+03
-2.5440e+06 2.7076e+01 -4.4651e+03 7.7509e+02 2.8598e+01 -6.5527e+03
-3.4301e+06 2.6286e+01 -4.4869e+03 7.4761e+02 1.5667e+01 -6.5055e+03
-4.3251e+06 2.6297e+01 -4.5085e+03 7.2005e+02 -4.1897e+00 -6.4580e+03
-5.0053e+06 2.7111e+01 -4.5300e+03 6.9242e+02 -2.4544e+01 -6.4097e+03
-5.3593e+06 2.9900e+01 -4.5513e+03 6.6473e+02 -3.2370e+01 -6.3617e+03
-5.4285e+06 3.3625e+01 -4.5724e+03 6.3698e+02 -2.0069e+01 -6.3134e+03
-5.3758e+06 3.5814e+01 -4.5933e+03 6.0919e+02 -2.1546e+00 -6.2620e+03
-5.3336e+06 3.6285e+01 -4.6141e+03 5.8135e+02 5.4287e+00 -6.2097e+03
-5.2526e+06 3.6286e+01 -4.6347e+03 5.5348e+02 1.4215e+01 -6.1580e+03
-5.2563e+06 3.6287e+01 -4.6551e+03 5.2559e+02 1.5778e+01 -6.1055e+03
-5.3273e+06 3.6286e+01 -4.6753e+03 4.9769e+02 7.6777e+00 -6.0528e+03
-5.3832e+06 3.6281e+01 -4.6953e+03 4.6978e+02 4.5799e+00 -5.9994e+03
-5.3990e+06 3.6278e+01 -4.7151e+03 4.4188e+02 4.6536e+00 -5.9456e+03
-5.4374e+06 3.6278e+01 -4.7347e+03 4.1398e+02 6.7375e+00 -5.8915e+03
-5.3716e+06 3.6379e+01 -4.7541e+03 3.8611e+02 2.3552e+01 -5.8360e+03
-5.4009e+06 3.5163e+01 -4.7733e+03 3.5827e+02 2.0524e+01 -5.7792e+03
-5.6601e+06 3.3052e+01 -4.7923e+03 3.3047e+02 -1.6386e+01 -5.7242e+03
-5.7893e+06 3.3555e+01 -4.8111e+03 3.0272e+02 -2.1124e+01 -5.6703e+03
-5.3507e+06 3.5493e+01 -4.8296e+03 2.7503e+02 1.0378e+02 -5.6045e+03
-4.9284e+06 3.6066e+01 -4.8479e+03 2.4741e+02 6.7734e+02 -5.5733e+03
-4.8745e+06 3.5934e+01 -4.8660e+03 2.1987e+02 1.9155e+03 -4.9424e+03
-4.9737e+06 3.5790e+01 -4.8839e+03 1.9229e+02 3.7047e+03 -3.9655e+03
-4.9895e+06 3.5625e+01 -4.9053e+03 1.4288e+02 5.6900e+03 -2.8192e+03
-4.7892e+06 3.5464e+01 -4.9254e+03 8.1898e+01 7.3940e+03 -1.3379e+03
-4.5744e+06 3.5332e+01 -4.9422e+03 1.8136e+01 8.4870e+03 -2.4922e+02
-4.2915e+06 3.5250e+01 -4.9557e+03 -4.8342e+01 8.9615e+03 4.2872e+02
-4.1681e+06 3.5226e+01 -4.9658e+03 -1.1746e+02 9.1395e+03 6.6167e+02
-3.9703e+05 2.6237e+01 -4.3079e+03 9.4073e+02 1.1720e+01 -6.8651e+03
-5.7223e+05 2.6235e+01 -4.3307e+03 9.1393e+02 -2.9342e+00 -6.8398e+03
-7.8520e+05 2.6211e+01 -4.3534e+03 8.8701e+02 -9.0309e+00 -6.7919e+03
-1.0097e+06 2.6184e+01 -4.3759e+03 8.5998e+02 -4.0118e+00 -6.7477e+03
-1.2930e+06 2.6656e+01 -4.3984e+03 8.3283e+02 1.3142e-01 -6.7027e+03
-1.6571e+06 2.7657e+01 -4.4206e+03 8.0558e+02 1.6216e+01 -6.6573e+03
-2.2187e+06 2.7675e+01 -4.4428e+03 7.7824e+02 3.1714e+01 -6.6113e+03
-3.1977e+06 2.6660e+01 -4.4648e+03 7.5081e+02 4.2264e+00 -6.5645e+03
-4.4126e+06 2.6263e+01 -4.4866e+03 7.2329e+02 -5.4213e+01 -6.5174e+03
-5.3849e+06 2.6451e+01 -4.5083e+03 6.9571e+02 -9.8555e+01 -6.4689e+03
-5.8323e+06 2.7273e+01 -4.5298e+03 6.6805e+02 -1.0772e+02 -6.4209e+03
-5.7761e+06 3.0476e+01 -4.5511e+03 6.4034e+02 -7.2228e+01 -6.3731e+03
-5.4894e+06 3.4615e+01 -4.5723e+03 6.1258e+02 -2.1529e+01 -6.3224e+03
-5.3068e+06 3.6297e+01 -4.5933e+03 5.8478e+02 1.2968e+00 -6.2702e+03
-5.2293e+06 3.6296e+01 -4.6141e+03 5.5694e+02 8.6926e+00 -6.2191e+03
-5.2360e+06 3.6295e+01 -4.6347e+03 5.2908e+02 8.0882e+00 -6.1678e+03
-5.2928e+06 3.6292e+01 -4.6551e+03 5.0120e+02 4.8031e+00 -6.1154e+03
-5.3194e+06 3.6289e+01 -4.6754e+03 4.7332e+02 6.2759e+00 -6.0622e+03
-5.3355e+06 3.6289e+01 -4.6954e+03 4.4543e+02 4.5712e+00 -6.0084e+03
-5.3482e+06 3.6289e+01 -4.7153e+03 4.1755e+02 2.5564e+00 -5.9537e+03
-5.3980e+06 3.6339e+01 -4.7349e+03 3.8970e+02 7.3121e+00 -5.8988e+03
-5.5533e+06 3.4778e+01 -4.7543e+03 3.6187e+02 8.9975e+00 -5.8440e+03
-5.6463e+06 3.1172e+01 -4.7735e+03 3.3408e+02 2.4558e+00 -5.7866e+03
-5.6838e+06 3.0176e+01 -4.7925e+03 3.0633e+02 -9.0022e+00 -5.7272e+03
-5.6678e+06 3.3133e+01 -4.8113e+03 2.7865e+02 -1.5103e+01 -5.6705e+03
-5.6085e+06 3.5668e+01 -4.8299e+03 2.5103e+02 -3.6549e+00 -5.6158e+03
-5.2424e+06 3.6178e+01 -4.8482e+03 2.2348e+02 9.9706e+01 -5.5503e+03
-4.9083e+06 3.6067e+01 -4.8663e+03 1.9602e+02 6.3008e+02 -5.5198e+03
-4.8361e+06 3.5948e+01 -4.8842e+03 1.6866e+02 1.8418e+03 -4.9490e+03
-4.8587e+06 3.5787e+01 -4.9018e+03 1.4134e+02 3.6369e+03 -3.9705e+03
-4.8081e+06 3.5605e+01 -4.9228e+03 9.4695e+01 5.7056e+03 -2.8685e+03
-4.8067e+06 3.5438e+01 -4.9434e+03 3.2889e+01 7.5214e+03 -1.3997e+03
-4.8081e+06 3.5318e+01 -4.9606e+03 -3.1698e+01 8.6842e+03 -2.4630e+02
-3.1854e+05 2.6238e+01 -4.2842e+03 9.4312e+02 1.1364e+01 -6.9230e+03
-4.4534e+05 2.6228e+01 -4.3072e+03 9.1638e+02 -2.8749e+00 -6.8975e+03
-6.4509e+05 2.6303e+01 -4.3301e+03 8.8952e+02 -1.0091e+01 -6.8497e+03
-8.4621e+05 2.6837e+01 -4.3528e+03 8.6254e+02 -7.5450e+00 -6.8059e+03
-1.0527e+06 2.7669e+01 -4.3754e+03 8.3545e+02 -1.7776e+00 -6.7613e+03
-1.3219e+06 2.8919e+01 -4.3979e+03 8.0825e+02 1.9221e+01 -6.7159e+03
-1.8410e+06 2.9579e+01 -4.4202e+03 7.8096e+02 3.5826e+01 -6.6697e+03
-2.8307e+06 2.8499e+01 -4.4424e+03 7.5358e+02 1.6012e+00 -6.6231e+03
-4.0421e+06 2.7895e+01 -4.4645e+03 7.2611e+02 -5.6843e+01 -6.5761e+03
-4.9996e+06 2.7801e+01 -4.4863e+03 6.9857e+02 -8.9780e+01 -6.5276e+03
-5.5264e+06 2.7667e+01 -4.5080e+03 6.7096e+02 -9.4068e+01 -6.4791e+03
-5.6421e+06 3.0391e+01 -4.5296e+03 6.4329e+02 -6.8777e+01 -6.4306e+03
-5.4633e+06 3.4599e+01 -4.5510e+03 6.1556e+02 -2.6813e+01 -6.3818e+03
-5.2838e+06 3.6308e+01 -4.5722e+03 5.8779e+02 -2.8833e+00 -6.3315e+03
-5.2079e+06 3.6303e+01 -4.5932e+03 5.5999e+02 1.0575e+00 -6.2802e+03
-5.2207e+06 3.6304e+01 -4.6140e+03 5.3215e+02 -5.4698e-01 -6.2286e+03
-5.2449e+06 3.6300e+01 -4.6347e+03 5.0430e+02 2.3007e+00 -6.1760e+03
-5.2692e+06 3.6296e+01 -4.6552e+03 4.7644e+02 6.4773e+00 -6.1230e+03
-5.3072e+06 3.6296e+01 -4.6754e+03 4.4857e+02 2.2464e+00 -6.0695e+03
-5.3483e+06 3.6296e+01 -4.6955e+03 4.2072e+02 -6.4260e-01 -6.0153e+03
-5.3157e+06 3.6293e+01 -4.7154e+03 3.9288e+02 9.6088e+00 -5.9601e+03
-5.3362e+06 3.5646e+01 -4.7350e+03 3.6506e+02 2.2503e+01 -5.9043e+03
-5.6228e+06 3.2422e+01 -4.7545e+03 3.3728e+02 5.7082e+00 -5.8479e+03
-5.9405e+06 2.8601e+01 -4.7737e+03 3.0954e+02 -2.3770e+01 -5.7923e+03
-5.8032e+06 2.9362e+01 -4.7928e+03 2.8186e+02 -8.1902e+00 -5.7352e+03
-5.4568e+06 3.3201e+01 -4.8116e+03 2.5425e+02 2.1493e+01 -5.6743e+03
-5.3751e+06 3.5593e+01 -4.8302e+03 2.2670e+02 1.0604e+01 -5.6150e+03
-5.4697e+06 3.6169e+01 -4.8485e+03 1.9924e+02 -4.2076e+00 -5.5594e+03
-5.2348e+06 3.6161e+01 -4.8666e+03 1.7187e+02 7.3931e+01 -5.4948e+03
-4.8513e+06 3.6078e+01 -4.8845e+03 1.4461e+02 5.6085e+02 -5.4628e+03
-4.7095e+06 3.5943e+01 -4.9022e+03 1.1746e+02 1.7546e+03 -4.9749e+03
-4.7886e+06 3.5773e+01 -4.9196e+03 9.0436e+01 3.5634e+03 -3.9898e+03
-4.9241e+06 3.5600e+01 -4.9400e+03 4.6969e+01 5.6600e+03 -2.9209e+03
-2.4024e+05 2.6239e+01 -4.2603e+03 9.4506e+02 1.0386e+01 -6.9814e+03
-3.3342e+05 2.6234e+01 -4.2835e+03 9.1839e+02 6.2727e+00 -6.9552e+03
-4.7129e+05 2.6440e+01 -4.3065e+03 8.9159e+02 4.2127e-01 -6.9078e+03
-6.0035e+05 2.7948e+01 -4.3295e+03 8.6467e+02 4.7478e+00 -6.8642e+03
-7.5391e+05 3.0413e+01 -4.3523e+03 8.3764e+02 1.4045e+01 -6.8198e+03
-1.0208e+06 3.2108e+01 -4.3749e+03 8.1050e+02 2.6249e+01 -6.7745e+03
-1.4813e+06 3.2302e+01 -4.3975e+03 7.8326e+02 3.1080e+01 -6.7288e+03
-2.2519e+06 3.1385e+01 -4.4198e+03 7.5592e+02 1.2576e+01 -6.6824e+03
-3.2183e+06 3.1076e+01 -4.4421e+03 7.2850e+02 -1.2139e+01 -6.6351e+03
-4.1130e+06 3.0879e+01 -4.4641e+03 7.0101e+02 -2.6669e+01 -6.5867e+03
-4.7105e+06 3.1116e+01 -4.4861e+03 6.7344e+02 -3.1049e+01 -6.5388e+03
-4.9552e+06 3.3604e+01 -4.5078e+03 6.4581e+02 -2.1623e+01 -6.4905e+03
-4.9634e+06 3.5852e+01 -4.5294e+03 6.1812e+02 -9.5227e-01 -6.4415e+03
-4.9493e+06 3.6312e+01 -4.5508e+03 5.9039e+02 9.5666e+00 -6.3920e+03
-5.0532e+06 3.6306e+01 -4.5721e+03 5.6261e+02 -1.2421e+00 -6.3408e+03
-5.1635e+06 3.6310e+01 -4.5931e+03 5.3481e+02 -1.2671e+01 -6.2892e+03
-5.2262e+06 3.6308e+01 -4.6140e+03 5.0698e+02 -1.1536e+01 -6.2371e+03
-5.2456e+06 3.6306e+01 -4.6347e+03 4.7915e+02 -7.9565e+00 -6.1843e+03
-5.2788e+06 3.6304e+01 -4.6552e+03 4.5130e+02 -8.1555e+00 -6.1308e+03
-5.2724e+06 3.6303e+01 -4.6755e+03 4.2346e+02 -5.4343e+00 -6.0765e+03
-5.3177e+06 3.6300e+01 -4.6956e+03 3.9564e+02 6.5908e-01 -6.0219e+03
-5.3887e+06 3.6356e+01 -4.7155e+03 3.6784e+02 1.5052e+01 -5.9669e+03
-5.5420e+06 3.3785e+01 -4.7352e+03 3.4007e+02 1.4294e+01 -5.9099e+03
-5.7868e+06 2.8589e+01 -4.7547e+03 3.1235e+02 -1.4579e+01 -5.8527e+03
-5.9771e+06 2.6761e+01 -4.7739e+03 2.8467e+02 -2.9592e+01 -5.7967e+03
-5.8375e+06 2.9297e+01 -4.7930e+03 2.5706e+02 -9.8867e+00 -5.7401e+03
-5.4730e+06 3.2948e+01 -4.8118e+03 2.2952e+02 2.4951e+01 -5.6802e+03
-5.1559e+06 3.5511e+01 -4.8304e+03 2.0206e+02 3.7115e+01 -5.6175e+03
-5.2640e+06 3.6222e+01 -4.8488e+03 1.7469e+02 1.3652e+00 -5.5578e+03
-5.3542e+06 3.6211e+01 -4.8669e+03 1.4742e+02 -2.0440e+01 -5.5009e+03
-5.1578e+06 3.6157e+01 -4.8849e+03 1.2026e+02 6.6805e+01 -5.4367e+03
-4.7232e+06 3.6067e+01 -4.9025e+03 9.3229e+01 5.1848e+02 -5.3955e+03
-4.7947e+06 3.5942e+01 -4.9200e+03 6.6325e+01 1.6338e+03 -5.0025e+03
-2.3042e+05 2.6242e+01 -4.2362e+03 9.4658e+02 5.5879e+00 -7.0391e+03
-2.6840e+05 2.6241e+01 -4.2596e+03 9.1997e+02 9.2960e+00 -7.0131e+03
-3.8375e+05 2.6342e+01 -4.2828e+03 8.9323e+02 1.4486e+00 -6.9658e+03
-4.5446e+05 2.8345e+01 -4.3059e+03 8.6637e+02 8.4890e+00 -6.9225e+03
-5.0708e+05 3.2339e+01 -4.3289e+03 8.3939e+02 2.6538e+01 -6.8783e+03
-7.0746e+05 3.4787e+01 -4.3517e+03 8.1230e+02 3.5031e+01 -6.8331e+03
-1.1383e+06 3.4706e+01 -4.3744e+03 7.8512e+02 3.3777e+01 -6.7878e+03
-1.7798e+06 3.3627e+01 -4.3970e+03 7.5783e+02 2.2101e+01 -6.7420e+03
-2.5242e+06 3.3147e+01 -4.4194e+03 7.3046e+02 1.1097e+01 -6.6953e+03
-3.2683e+06 3.3692e+01 -4.4417e+03 7.0301e+02 7.9171e+00 -6.6473e+03
-3.9167e+06 3.4736e+01 -4.4638e+03 6.7549e+02 2.6587e+00 -6.5996e+03
-4.3500e+06 3.5923e+01 -4.4858e+03 6.4790e+02 -1.6335e+00 -6.5515e+03
-4.5272e+06 3.6376e+01 -4.5076e+03 6.2025e+02 7.0212e+00 -6.5020e+03
-4.6340e+06 3.6304e+01 -4.5292e+03 5.9255e+02 1.3550e+01 -6.4520e+03
-4.7868e+06 3.6307e+01 -4.5507e+03 5.6481e+02 2.9481e+00 -6.4012e+03
-4.9112e+06 3.6310e+01 -4.5720e+03 5.3704e+02 -3.1475e+00 -6.3497e+03
-4.9791e+06 3.6310e+01 -4.5931e+03 5.0924e+02 -4.4814e-01 -6.2978e+03
-5.0790e+06 3.6310e+01 -4.6140e+03 4.8143e+02 -5.0234e+00 -6.2453e+03
-5.1449e+06 3.6309e+01 -4.6347e+03 4.5361e+02 -9.1456e+00 -6.1921e+03
-5.1652e+06 3.6307e+01 -4.6552e+03 4.2579e+02 -4.5191e+00 -6.1381e+03
-5.1764e+06 3.6306e+01 -4.6756e+03 3.9799e+02 1.5999e+00 -6.0835e+03
-5.2450e+06 3.6382e+01 -4.6957e+03 3.7020e+02 1.0312e+01 -6.0281e+03
-5.5132e+06 3.3873e+01 -4.7156e+03 3.4245e+02 -1.6282e+00 -5.9718e+03
-5.8959e+06 2.8709e+01 -4.7353e+03 3.1473e+02 -3.6480e+01 -5.9155e+03
-5.9867e+06 2.6194e+01 -4.7549e+03 2.8707e+02 -4.2178e+01 -5.8586e+03
-5.8527e+06 2.6799e+01 -4.7741e+03 2.5946e+02 -2.1732e+01 -5.8007e+03
-5.7179e+06 2.9172e+01 -4.7932e+03 2.3192e+02 -8.5853e+00 -5.7427e+03
-5.5503e+06 3.2963e+01 -4.8121e+03 2.0446e+02 2.8269e+00 -5.6841e+03
-5.2337e+06 3.5590e+01 -4.8307e+03 1.7710e+02 1.9619e+01 -5.6235e+03
-4.9864e+06 3.6248e+01 -4.8491e+03 1.4982e+02 2.6129e+01 -5.5594e+03
-4.9891e+06 3.6225e+01 -4.8673e+03 1.2266e+02 1.7076e+01 -5.4987e+03
-5.1923e+06 3.6194e+01 -4.8852e+03 9.5620e+01 4.3551e+00 -5.4339e+03
-5.1213e+06 3.6150e+01 -4.9029e+03 6.8707e+01 5.1269e+01 -5.3769e+03
-2.0295e+05 2.6246e+01 -4.2119e+03 9.4765e+02 1.7915e+00 -7.0964e+03
-2.8326e+05 2.6245e+01 -4.2354e+03 9.2110e+02 1.6834e+00 -7.0708e+03
-3.7958e+05 2.6251e+01 -4.2588e+03 8.9442e+02 -4.9614e+00 -7.0236e+03
-3.9482e+05 2.8495e+01 -4.2821e+03 8.6762e+02 9.4025e+00 -6.9805e+03
-3.8588e+05 3.3193e+01 -4.3053e+03 8.4070e+02 3.3648e+01 -6.9370e+03
-5.4928e+05 3.5934e+01 -4.3283e+03 8.1367e+02 4.0441e+01 -6.8923e+03
-9.0077e+05 3.5974e+01 -4.3512e+03 7.8654e+02 4.0206e+01 -6.8468e+03
-1.4467e+06 3.4801e+01 -4.3740e+03 7.5931e+02 2.9051e+01 -6.8008e+03
-2.1037e+06 3.4018e+01 -4.3966e+03 7.3199e+02 1.5886e+01 -6.7546e+03
-2.7617e+06 3.5133e+01 -4.4191e+03 7.0458e+02 1.6994e+01 -6.7079e+03
-3.3926e+06 3.6219e+01 -4.4414e+03 6.7710e+02 1.2721e+01 -6.6600e+03
-3.8664e+06 3.6313e+01 -4.4635e+03 6.4955e+02 8.2558e+00 -6.6111e+03
-4.1168e+06 3.6288e+01 -4.4855e+03 6.2194e+02 2.0076e+01 -6.5618e+03
-4.2981e+06 3.6300e+01 -4.5074e+03 5.9428e+02 2.7488e+01 -6.5121e+03
-4.5315e+06 3.6309e+01 -4.5290e+03 5.6658e+02 1.7233e+01 -6.4616e+03
-4.6824e+06 3.6310e+01 -4.5505e+03 5.3884e+02 1.3977e+01 -6.4105e+03
-4.7515e+06 3.6310e+01 -4.5719e+03 5.1107e+02 1.8967e+01 -6.3586e+03
-4.8366e+06 3.6310e+01 -4.5930e+03 4.8328e+02 1.4962e+01 -6.3061e+03
-4.8909e+06 3.6310e+01 -4.6139e+03 4.5549e+02 1.3299e+01 -6.2530e+03
-4.9045e+06 3.6308e+01 -4.6347e+03 4.2769e+02 1.6187e+01 -6.1992e+03
-5.0126e+06 3.6306e+01 -4.6553e+03 3.9991e+02 1.0561e+01 -6.1449e+03
-5.1597e+06 3.6332e+01 -4.6756e+03 3.7214e+02 6.9497e+00 -6.0896e+03
-5.3447e+06 3.4525e+01 -4.6958e+03 3.4440e+02 -3.1333e+00 -6.0332e+03
-5.6045e+06 3.0572e+01 -4.7157e+03 3.1670e+02 -2.9471e+01 -5.9766e+03
-5.8135e+06 2.8251e+01 -4.7355e+03 2.8904e+02 -3.7171e+01 -5.9200e+03
-5.8388e+06 2.7942e+01 -4.7550e+03 2.6145e+02 -1.9869e+01 -5.8626e+03
-5.7772e+06 2.7906e+01 -4.7743e+03 2.3391e+02 -1.5647e+01 -5.8044e+03
-5.6362e+06 2.9530e+01 -4.7934e+03 2.0646e+02 -2.0336e+01 -5.7461e+03
-5.4527e+06 3.3038e+01 -4.8123e+03 1.7909e+02 -1.3764e+01 -5.6877e+03
-5.1793e+06 3.5635e+01 -4.8310e+03 1.5182e+02 8.7115e+00 -5.6262e+03
-4.8802e+06 3.6254e+01 -4.8494e+03 1.2465e+02 4.2492e+01 -5.5641e+03
-4.6964e+06 3.6223e+01 -4.8675e+03 9.7604e+01 5.5843e+01 -5.4934e+03
-4.8787e+06 3.6210e+01 -4.8855e+03 7.0683e+01 1.7449e+01 -5.4361e+03
-1.7847e+05 2.6187e+01 -4.1874e+03 9.4827e+02 -5.1242e-02 -7.1533e+03
-2.9345e+05 2.6242e+01 -4.2111e+03 9.2179e+02 -5.2443e+00 -7.1284e+03
-4.3106e+05 2.6260e+01 -4.2346e+03 8.9517e+02 -1.1090e+01 -7.0817e+03
-4.6255e+05 2.7995e+01 -4.2581e+03 8.6843e+02 7.7648e+00 -7.0384e+03
-4.2982e+05 3.2227e+01 -4.2814e+03 8.4157e+02 4.1166e+01 -6.9951e+03
-5.2615e+05 3.5515e+01 -4.3047e+03 8.1460e+02 6.3136e+01 -6.9506e+03
-8.3940e+05 3.6141e+01 -4.3277e+03 7.8752e+02 6.9643e+01 -6.9053e+03
-1.3515e+06 3.4968e+01 -4.3507e+03 7.6034e+02 5.8016e+01 -6.8601e+03
-1.9232e+06 3.3917e+01 -4.3735e+03 7.3307e+02 4.7983e+01 -6.8139e+03
-2.4702e+06 3.4927e+01 -4.3962e+03 7.0571e+02 5.2698e+01 -6.7673e+03
-3.0842e+06 3.6151e+01 -4.4187e+03 6.7827e+02 4.3836e+01 -6.7199e+03
-3.6585e+06 3.6317e+01 -4.4410e+03 6.5077e+02 2.7169e+01 -6.6710e+03
-4.0364e+06 3.6304e+01 -4.4632e+03 6.2320e+02 2.3540e+01 -6.6218e+03
-4.3259e+06 3.6313e+01 -4.4853e+03 5.9557e+02 1.8014e+01 -6.5725e+03
-4.6046e+06 3.6319e+01 -4.5072e+03 5.6791e+02 3.8050e+00 -6.5222e+03
-4.7751e+06 3.6319e+01 -4.5289e+03 5.4020e+02 -1.2690e-01 -6.4710e+03
-4.8484e+06 3.6319e+01 -4.5504e+03 5.1246e+02 3.5874e+00 -6.4194e+03
-4.8974e+06 3.6318e+01 -4.5718e+03 4.8471e+02 4.2782e+00 -6.3673e+03
-4.9159e+06 3.6316e+01 -4.5929e+03 4.5694e+02 7.0014e+00 -6.3142e+03
-4.9317e+06 3.6314e+01 -4.6139e+03 4.2917e+02 9.1190e+00 -6.2605e+03
-4.9640e+06 3.6311e+01 -4.6347e+03 4.0140e+02 7.9483e+00 -6.2061e+03
-4.9649e+06 3.6311e+01 -4.6553e+03 3.7365e+02 1.6014e+01 -6.1510e+03
-5.0879e+06 3.5741e+01 -4.6757e+03 3.4593e+02 1.8521e+01 -6.0954e+03
-5.2854e+06 3.3859e+01 -4.6959e+03 3.1824e+02 5.9964e+00 -6.0389e+03
-5.3852e+06 3.1908e+01 -4.7159e+03 2.9060e+02 6.6354e+00 -5.9817e+03
-5.3621e+06 3.1110e+01 -4.7356e+03 2.6301e+02 2.2626e+01 -5.9242e+03
-5.5812e+06 2.9925e+01 -4.7552e+03 2.3548e+02 2.6491e+00 -5.8655e+03
-5.7540e+06 2.8568e+01 -4.7745e+03 2.0803e+02 -3.4193e+01 -5.8070e+03
-5.6309e+06 3.0283e+01 -4.7937e+03 1.8067e+02 -3.7776e+01 -5.7493e+03
-5.1401e+06 3.3984e+01 -4.8125e+03 1.5339e+02 6.1832e-01 -5.6888e+03
-4.9286e+06 3.5648e+01 -4.8312e+03 1.2623e+02 3.0159e+01 -5.6273e+03
-4.8199e+06 3.5610e+01 -4.8496e+03 9.9175e+01 4.0995e+01 -5.5596e+03
-4.8395e+06 3.5748e+01 -4.8678e+03 7.2248e+01 3.3173e+01 -5.5022e+03
-9.3780e+04 2.6839e+01 -4.1627e+03 9.4844e+02 2.6463e+00 -7.2114e+03
-2.7527e+05 2.6228e+01 -4.1865e+03 9.2203e+02 -3.4869e+00 -7.1860e+03
-4.5504e+05 2.6251e+01 -4.2102e+03 8.9547e+02 -9.2833e+00 -7.1394e+03
-5.7801e+05 2.6750e+01 -4.2339e+03 8.6879e+02 8.0478e+00 -7.0966e+03
-6.8909e+05 2.9707e+01 -4.2574e+03 8.4199e+02 4.5694e+01 -7.0536e+03
-9.3605e+05 3.4152e+01 -4.2808e+03 8.1508e+02 7.5756e+01 -7.0091e+03
-1.3106e+06 3.6096e+01 -4.3040e+03 7.8805e+02 8.1960e+01 -6.9637e+03
-1.7692e+06 3.5205e+01 -4.3272e+03 7.6092e+02 7.4768e+01 -6.9186e+03
-2.2955e+06 3.3747e+01 -4.3502e+03 7.3370e+02 6.3376e+01 -6.8728e+03
-2.8711e+06 3.3748e+01 -4.3730e+03 7.0639e+02 5.0410e+01 -6.8265e+03
-3.4328e+06 3.5142e+01 -4.3957e+03 6.7900e+02 3.3590e+01 -6.7795e+03
-3.9407e+06 3.6158e+01 -4.4183e+03 6.5154e+02 1.2276e+01 -6.7310e+03
-4.3496e+06 3.6361e+01 -4.4407e+03 6.2401e+02 -5.6019e+00 -6.6814e+03
-4.6781e+06 3.6329e+01 -4.4629e+03 5.9643e+02 -2.1277e+01 -6.6321e+03
-4.9312e+06 3.6334e+01 -4.4850e+03 5.6879e+02 -3.0966e+01 -6.5825e+03
-5.0461e+06 3.6333e+01 -4.5070e+03 5.4112e+02 -2.7726e+01 -6.5317e+03
-5.0915e+06 3.6332e+01 -4.5287e+03 5.1342e+02 -2.2717e+01 -6.4803e+03
-5.1040e+06 3.6330e+01 -4.5503e+03 4.8569e+02 -2.0292e+01 -6.4283e+03
-5.1066e+06 3.6327e+01 -4.5717e+03 4.5795e+02 -1.7181e+01 -6.3755e+03
-5.1015e+06 3.6324e+01 -4.5929e+03 4.3020e+02 -1.5013e+01 -6.3220e+03
-5.1137e+06 3.6319e+01 -4.6139e+03 4.0246e+02 -1.2734e+01 -6.2679e+03
-5.0626e+06 3.6312e+01 -4.6347e+03 3.7473e+02 1.5747e+00 -6.2132e+03
-5.0224e+06 3.6280e+01 -4.6553e+03 3.4702e+02 1.6427e+01 -6.1581e+03
-5.0830e+06 3.5281e+01 -4.6757e+03 3.1935e+02 1.5755e+01 -6.1017e+03
-5.2131e+06 3.3428e+01 -4.6960e+03 2.9172e+02 1.1724e+01 -6.0444e+03
-5.2572e+06 3.2483e+01 -4.7160e+03 2.6414e+02 1.9042e+01 -5.9871e+03
-5.3559e+06 3.1819e+01 -4.7358e+03 2.3662e+02 1.1210e+01 -5.9282e+03
-5.4370e+06 3.0393e+01 -4.7554e+03 2.0918e+02 -7.2766e+00 -5.8681e+03
-5.4719e+06 3.0416e+01 -4.7747e+03 1.8182e+02 -2.0461e+01 -5.8094e+03
-5.2695e+06 3.2629e+01 -4.7939e+03 1.5455e+02 -6.1454e+00 -5.7510e+03
-5.0600e+06 3.4049e+01 -4.8128e+03 1.2738e+02 1.5187e+01 -5.6914e+03
-4.8869e+06 3.4027e+01 -4.8315e+03 1.0033e+02 2.6668e+01 -5.6225e+03
-4.9367e+06 3.4384e+01 -4.8499e+03 7.3394e+01 8.8668e+00 -5.5656e+03
-3.2818e+04 2.8188e+01 -4.1377e+03 9.4816e+02 2.7503e+00 -7.2681e+03
-2.3212e+05 2.6189e+01 -4.1617e+03 9.2181e+02 -2.9037e+00 -7.2432e+03
-4.5228e+05 2.6253e+01 -4.1856e+03 8.9532e+02 -4.0869e+00 -7.1971e+03
-6.9409e+05 2.6169e+01 -4.2094e+03 8.6870e+02 8.3289e+00 -7.1545e+03
-1.0844e+06 2.8445e+01 -4.2331e+03 8.4196e+02 2.9382e+01 -7.1118e+03
-1.7627e+06 3.3382e+01 -4.2567e+03 8.1510e+02 1.7202e+01 -7.0681e+03
-2.5202e+06 3.6119e+01 -4.2801e+03 7.8813e+02 -1.9947e+01 -7.0235e+03
-3.0518e+06 3.5906e+01 -4.3034e+03 7.6106e+02 -2.9112e+01 -6.9777e+03
-3.4647e+06 3.4747e+01 -4.3266e+03 7.3388e+02 -2.2929e+01 -6.9313e+03
-3.9453e+06 3.3186e+01 -4.3497e+03 7.0662e+02 -3.2875e+01 -6.8850e+03
-4.3927e+06 3.2661e+01 -4.3726e+03 6.7928e+02 -4.4658e+01 -6.8390e+03
-4.6824e+06 3.4058e+01 -4.3953e+03 6.5186e+02 -4.4627e+01 -6.7920e+03
-4.8542e+06 3.5772e+01 -4.4179e+03 6.2437e+02 -3.9456e+01 -6.7420e+03
-4.9722e+06 3.6336e+01 -4.4404e+03 5.9683e+02 -3.6967e+01 -6.6915e+03
-5.0437e+06 3.6338e+01 -4.4627e+03 5.6923e+02 -3.2939e+01 -6.6424e+03
-5.0636e+06 3.6339e+01 -4.4848e+03 5.4160e+02 -2.3853e+01 -6.5924e+03
-5.0698e+06 3.6338e+01 -4.5067e+03 5.1392e+02 -1.8114e+01 -6.5411e+03
-5.0689e+06 3.6336e+01 -4.5285e+03 4.8623e+02 -1.4893e+01 -6.4891e+03
-5.0732e+06 3.6329e+01 -4.5501e+03 4.5851e+02 -1.2685e+01 -6.4365e+03
-5.0764e+06 3.6324e+01 -4.5716e+03 4.3079e+02 -1.0719e+01 -6.3832e+03
-5.0906e+06 3.6322e+01 -4.5928e+03 4.0307e+02 -1.0922e+01 -6.3292e+03
-5.0717e+06 3.6319e+01 -4.6138e+03 3.7537e+02 -7.1775e+00 -6.2746e+03
-5.1223e+06 3.6285e+01 -4.6347e+03 3.4768e+02 -4.6552e+00 -6.2196e+03
-5.1989e+06 3.5408e+01 -4.6554e+03 3.2002e+02 -6.5098e+00 -6.1635e+03
-5.3064e+06 3.3620e+01 -4.6758e+03 2.9241e+02 -1.2711e+01 -6.1063e+03
-5.2759e+06 3.2539e+01 -4.6961e+03 2.6484e+02 -6.6044e+00 -6.0493e+03
-5.3468e+06 3.2323e+01 -4.7161e+03 2.3733e+02 -2.2939e+00 -5.9916e+03
-5.3475e+06 3.2013e+01 -4.7359e+03 2.0990e+02 -1.3060e-01 -5.9327e+03
-5.3333e+06 3.1861e+01 -4.7555e+03 1.8254e+02 -4.2617e+00 -5.8731e+03
-5.1068e+06 3.2304e+01 -4.7749e+03 1.5527e+02 4.2787e+00 -5.8131e+03
-5.1930e+06 3.2714e+01 -4.7941e+03 1.2811e+02 9.5604e-01 -5.7534e+03
-5.2071e+06 3.2727e+01 -4.8130e+03 1.0105e+02 -2.6808e+00 -5.6854e+03
-5.3105e+06 3.3006e+01 -4.8317e+03 7.4117e+01 -2.3496e+01 -5.6280e+03
1.9578e+04 2.8788e+01 -4.1126e+03 9.4743e+02 -6.2506e+00 -7.3257e+03
-1.8990e+05 2.6140e+01 -4.1368e+03 9.2114e+02 -1.2977e+01 -7.3012e+03
-4.1471e+05 2.6243e+01 -4.1608e+03 8.9471e+02 -8.9225e+00 -7.2548e+03
-7.2365e+05 2.6187e+01 -4.1848e+03 8.6816e+02 8.1279e-01 -7.2120e+03
-1.2882e+06 2.8074e+01 -4.2086e+03 8.4147e+02 4.7255e+00 -7.1692e+03
-2.2804e+06 3.2626e+01 -4.2324e+03 8.1467e+02 -4.2176e+01 -7.1262e+03
-3.3527e+06 3.5782e+01 -4.2560e+03 7.8775e+02 -1.0921e+02 -7.0823e+03
-4.0685e+06 3.6289e+01 -4.2795e+03 7.6073e+02 -1.2212e+02 -7.0371e+03
-4.4637e+06 3.5849e+01 -4.3028e+03 7.3361e+02 -9.5680e+01 -6.9909e+03
-4.8066e+06 3.3866e+01 -4.3261e+03 7.0640e+02 -8.1201e+01 -6.9441e+03
-5.1235e+06 3.0759e+01 -4.3492e+03 6.7910e+02 -8.4619e+01 -6.8973e+03
-5.2161e+06 3.0339e+01 -4.3721e+03 6.5173e+02 -7.2587e+01 -6.8516e+03
-5.0648e+06 3.3304e+01 -4.3949e+03 6.2429e+02 -3.5343e+01 -6.8039e+03
-4.9090e+06 3.5765e+01 -4.4176e+03 5.9678e+02 -8.4328e+00 -6.7526e+03
-4.8710e+06 3.6335e+01 -4.4401e+03 5.6922e+02 -6.7821e+00 -6.7021e+03
-4.8642e+06 3.6329e+01 -4.4624e+03 5.4162e+02 -8.9777e+00 -6.6527e+03
-4.8669e+06 3.6332e+01 -4.4845e+03 5.1398e+02 -7.5644e+00 -6.6020e+03
-4.8423e+06 3.6328e+01 -4.5065e+03 4.8632e+02 -3.2634e+00 -6.5500e+03
-4.8468e+06 3.6319e+01 -4.5284e+03 4.5863e+02 -5.0733e-01 -6.4975e+03
-4.8547e+06 3.6315e+01 -4.5500e+03 4.3094e+02 1.1476e+00 -6.4447e+03
-4.9498e+06 3.6316e+01 -4.5715e+03 4.0325e+02 -3.0084e+00 -6.3909e+03
-5.0037e+06 3.6318e+01 -4.5927e+03 3.7556e+02 -5.2230e+00 -6.3363e+03
-5.0774e+06 3.6316e+01 -4.6138e+03 3.4789e+02 -5.2226e+00 -6.2811e+03
-5.1088e+06 3.5826e+01 -4.6347e+03 3.2025e+02 -2.0873e+00 -6.2253e+03
-5.2922e+06 3.4367e+01 -4.6554e+03 2.9265e+02 -1.1136e+01 -6.1682e+03
-5.3541e+06 3.2904e+01 -4.6759e+03 2.6510e+02 -1.4603e+01 -6.1113e+03
-5.3869e+06 3.2394e+01 -4.6961e+03 2.3761e+02 -1.3596e+01 -6.0538e+03
-5.2703e+06 3.2443e+01 -4.7162e+03 2.1018e+02 -8.5517e+00 -5.9956e+03
-5.3488e+06 3.2773e+01 -4.7360e+03 1.8283e+02 -1.7252e+01 -5.9364e+03
-5.1884e+06 3.3181e+01 -4.7557e+03 1.5557e+02 -9.0732e+00 -5.8756e+03
-5.2557e+06 3.3068e+01 -4.7751e+03 1.2840e+02 -7.2979e+00 -5.8151e+03
-5.1353e+06 3.2598e+01 -4.7943e+03 1.0135e+02 4.1064e+00 -5.7475e+03
-5.4014e+06 3.2453e+01 -4.8132e+03 7.4411e+01 -2.6953e+01 -5.6899e+03
1.3700e+05 3.0832e+01 -4.0873e+03 9.4623e+02 2.4393e+00 -7.3825e+03
-1.3551e+04 2.9042e+01 -4.1116e+03 9.2001e+02 -3.5004e+00 -7.3580e+03
-2.5622e+05 2.8983e+01 -4.1358e+03 8.9365e+02 1.0016e-01 -7.3124e+03
-6.0976e+05 2.8035e+01 -4.1599e+03 8.6715e+02 -5.8794e-01 -7.2698e+03
-1.1370e+06 2.7815e+01 -4.1840e+03 8.4052e+02 -2.2162e+00 -7.2270e+03
-1.9499e+06 3.1020e+01 -4.2079e+03 8.1378e+02 -1.8735e+01 -7.1841e+03
-2.9592e+06 3.5088e+01 -4.2316e+03 7.8692e+02 -4.8124e+01 -7.1400e+03
-3.8454e+06 3.6421e+01 -4.2553e+03 7.5995e+02 -5.9308e+01 -7.0955e+03
-4.4546e+06 3.6261e+01 -4.2788e+03 7.3288e+02 -5.0388e+01 -7.0504e+03
-4.8442e+06 3.5341e+01 -4.3023e+03 7.0572e+02 -3.8514e+01 -7.0040e+03
-5.1661e+06 3.2025e+01 -4.3255e+03 6.7847e+02 -4.3384e+01 -6.9553e+03
-5.3381e+06 2.8599e+01 -4.3487e+03 6.5114e+02 -5.2558e+01 -6.9082e+03
-5.1738e+06 2.9593e+01 -4.3717e+03 6.2374e+02 -2.8362e+01 -6.8632e+03
-4.8316e+06 3.3284e+01 -4.3945e+03 5.9628e+02 6.4374e+00 -6.8149e+03
-4.6170e+06 3.5618e+01 -4.4172e+03 5.6876e+02 1.4589e+01 -6.7635e+03
-4.5515e+06 3.6262e+01 -4.4397e+03 5.4119e+02 6.4281e+00 -6.7125e+03
-4.5498e+06 3.6315e+01 -4.4621e+03 5.1359e+02 -3.1569e-01 -6.6625e+03
-4.5483e+06 3.6314e+01 -4.4843e+03 4.8596e+02 -1.8644e-01 -6.6113e+03
-4.5794e+06 3.6310e+01 -4.5063e+03 4.5830e+02 -3.4481e-02 -6.5587e+03
-4.6280e+06 3.6309e+01 -4.5282e+03 4.3064e+02 8.0018e-01 -6.5058e+03
-4.7316e+06 3.6315e+01 -4.5499e+03 4.0297e+02 -2.0794e+00 -6.4523e+03
-4.8119e+06 3.6319e+01 -4.5714e+03 3.7530e+02 -3.3795e+00 -6.3979e+03
-4.9263e+06 3.6318e+01 -4.5927e+03 3.4766e+02 -3.6366e+00 -6.3428e+03
-5.0015e+06 3.6059e+01 -4.6138e+03 3.2004e+02 8.5493e-01 -6.2874e+03
-5.1598e+06 3.4825e+01 -4.6347e+03 2.9246e+02 -4.5488e+00 -6.2303e+03
-5.2412e+06 3.3134e+01 -4.6554e+03 2.6492e+02 -1.2151e+01 -6.1731e+03
-5.3666e+06 3.2466e+01 -4.6759e+03 2.3743e+02 -2.1286e+01 -6.1157e+03
-5.2927e+06 3.2940e+01 -4.6962e+03 2.1002e+02 -1.9434e+01 -6.0576e+03
-5.2549e+06 3.4111e+01 -4.7163e+03 1.8267e+02 -1.9256e+01 -5.9985e+03
-5.0323e+06 3.5101e+01 -4.7362e+03 1.5542e+02 -6.4818e+00 -5.9380e+03
-5.1298e+06 3.4726e+01 -4.7558e+03 1.2826e+02 -3.1197e+00 -5.8781e+03
-5.0960e+06 3.3429e+01 -4.7753e+03 1.0121e+02 5.1382e+00 -5.8104e+03
-5.3306e+06 3.2568e+01 -4.7945e+03 7.4271e+01 -2.1433e+01 -5.7533e+03
3.2446e+05 3.4716e+01 -4.0618e+03 9.4457e+02 4.4391e+01 -7.4406e+03
2.3993e+05 3.4468e+01 -4.0862e+03 9.1841e+02 3.7135e+01 -7.4140e+03
1.9622e+04 3.4225e+01 -4.1106e+03 8.9211e+02 3.6482e+01 -7.3696e+03
-3.8323e+05 3.2375e+01 -4.1349e+03 8.6568e+02 1.8521e+01 -7.3273e+03
-8.3166e+05 3.0347e+01 -4.1591e+03 8.3911e+02 1.3371e+01 -7.2850e+03
-1.3618e+06 3.1839e+01 -4.1831e+03 8.1243e+02 3.3033e+01 -7.2426e+03
-2.1783e+06 3.5295e+01 -4.2071e+03 7.8562e+02 3.1374e+01 -7.1986e+03
-3.1568e+06 3.6485e+01 -4.2309e+03 7.5871e+02 7.7061e+00 -7.1538e+03
-3.9946e+06 3.6292e+01 -4.2546e+03 7.3169e+02 -1.2843e+01 -7.1093e+03
-4.5570e+06 3.6376e+01 -4.2782e+03 7.0458e+02 -1.3029e+01 -7.0644e+03
-4.9238e+06 3.3915e+01 -4.3017e+03 6.7737e+02 -1.0987e+01 -7.0152e+03
-5.2096e+06 2.8823e+01 -4.3250e+03 6.5009e+02 -3.5243e+01 -6.9667e+03
-5.2038e+06 2.6965e+01 -4.3482e+03 6.2273e+02 -4.2633e+01 -6.9210e+03
-4.8698e+06 2.9675e+01 -4.3712e+03 5.9531e+02 -1.6025e+01 -6.8748e+03
-4.4804e+06 3.3562e+01 -4.3941e+03 5.6783e+02 1.1090e+01 -6.8256e+03
-4.2594e+06 3.5858e+01 -4.4169e+03 5.4030e+02 1.5518e+01 -6.7728e+03
-4.2102e+06 3.6300e+01 -4.4394e+03 5.1274e+02 5.8064e+00 -6.7225e+03
-4.2150e+06 3.6306e+01 -4.4618e+03 4.8514e+02 -6.7065e-01 -6.6724e+03
-4.2784e+06 3.6309e+01 -4.4841e+03 4.5751e+02 -4.1294e+00 -6.6199e+03
-4.3677e+06 3.6314e+01 -4.5061e+03 4.2988e+02 -5.0329e+00 -6.5665e+03
-4.5171e+06 3.6321e+01 -4.5280e+03 4.0223e+02 -7.5947e+00 -6.5131e+03
-4.6464e+06 3.6324e+01 -4.5498e+03 3.7460e+02 -9.3460e+00 -6.4590e+03
-4.7452e+06 3.6321e+01 -4.5713e+03 3.4697e+02 -7.2702e+00 -6.4041e+03
-4.8243e+06 3.6162e+01 -4.5926e+03 3.1937e+02 -2.1935e+00 -6.3491e+03
-5.0030e+06 3.5036e+01 -4.6138e+03 2.9181e+02 -6.9138e+00 -6.2925e+03
-5.1621e+06 3.3253e+01 -4.6347e+03 2.6428e+02 -1.7619e+01 -6.2355e+03
-5.2125e+06 3.2584e+01 -4.6554e+03 2.3681e+02 -2.3501e+01 -6.1783e+03
-5.0984e+06 3.3601e+01 -4.6760e+03 2.0941e+02 -1.7012e+01 -6.1202e+03
-4.9908e+06 3.5336e+01 -4.6963e+03 1.8208e+02 -9.3116e+00 -6.0614e+03
-4.8644e+06 3.6270e+01 -4.7164e+03 1.5483e+02 -4.7468e+00 -6.0011e+03
-4.8253e+06 3.5938e+01 -4.7363e+03 1.2767e+02 4.1739e+00 -5.9419e+03
-4.8249e+06 3.4797e+01 -4.7560e+03 1.0063e+02 8.6904e+00 -5.8735e+03
-5.0088e+06 3.3441e+01 -4.7754e+03 7.3691e+01 -1.2914e+01 -5.8162e+03
2.2305e+05 3.5698e+01 -4.0360e+03 9.4245e+02 8.6415e+01 -7.4970e+03
2.3804e+05 3.6401e+01 -4.0607e+03 9.1635e+02 5.8810e+01 -7.4697e+03
9.2880e+04 3.6566e+01 -4.0852e+03 8.9012e+02 5.2743e+01 -7.4269e+03
-2.5572e+05 3.5603e+01 -4.1096e+03 8.6374e+02 3.6268e+01 -7.3847e+03
-6.2969e+05 3.4625e+01 -4.1340e+03 8.3724e+02 3.6854e+01 -7.3424e+03
-1.0440e+06 3.5013e+01 -4.1582e+03 8.1061e+02 5.6737e+01 -7.2998e+03
-1.7636e+06 3.6125e+01 -4.1823e+03 7.8386e+02 4.6743e+01 -7.2564e+03
-2.6749e+06 3.6407e+01 -4.2063e+03 7.5700e+02 1.3939e+01 -7.2124e+03
-3.5198e+06 3.6281e+01 -4.2302e+03 7.3003e+02 -1.3147e+01 -7.1678e+03
-4.1432e+06 3.6545e+01 -4.2540e+03 7.0297e+02 -1.5325e+01 -7.1228e+03
-4.5814e+06 3.4258e+01 -4.2776e+03 6.7581e+02 -7.1288e+00 -7.0741e+03
-4.9814e+06 2.8924e+01 -4.3011e+03 6.4858e+02 -3.4940e+01 -7.0271e+03
-5.1574e+06 2.6484e+01 -4.3245e+03 6.2126e+02 -6.1628e+01 -6.9811e+03
-4.9043e+06 2.8745e+01 -4.3477e+03 5.9388e+02 -4.3042e+01 -6.9329e+03
-4.4222e+06 3.2853e+01 -4.3708e+03 5.6645e+02 -2.7830e+00 -6.8845e+03
-4.0673e+06 3.5662e+01 -4.3937e+03 5.3895e+02 1.4556e+01 -6.8331e+03
-3.9081e+06 3.6287e+01 -4.4165e+03 5.1142e+02 9.5288e+00 -6.7825e+03
-3.8645e+06 3.6292e+01 -4.4391e+03 4.8386e+02 6.2827e+00 -6.7324e+03
-3.8726e+06 3.6293e+01 -4.4616e+03 4.5626e+02 8.2623e+00 -6.6806e+03
-3.9848e+06 3.6299e+01 -4.4838e+03 4.2866e+02 7.1529e+00 -6.6278e+03
-4.1433e+06 3.6312e+01 -4.5060e+03 4.0104e+02 1.3308e+00 -6.5745e+03
-4.3429e+06 3.6322e+01 -4.5279e+03 3.7343e+02 -4.3624e+00 -6.5203e+03
-4.4734e+06 3.6323e+01 -4.5496e+03 3.4583e+02 -4.5014e+00 -6.4655e+03
-4.6349e+06 3.6295e+01 -4.5712e+03 3.1825e+02 -3.2475e+00 -6.4105e+03
-4.7912e+06 3.5394e+01 -4.5926e+03 2.9070e+02 -8.2125e+00 -6.3540e+03
-4.9673e+06 3.3577e+01 -4.6137e+03 2.6320e+02 -2.0387e+01 -6.2971e+03
-4.9911e+06 3.2630e+01 -4.6347e+03 2.3574e+02 -2.4322e+01 -6.2406e+03
-4.9171e+06 3.3402e+01 -4.6555e+03 2.0835e+02 -1.6736e+01 -6.1825e+03
-4.6522e+06 3.5059e+01 -4.6760e+03 1.8103e+02 -6.6995e-01 -6.1240e+03
-4.5297e+06 3.6132e+01 -4.6964e+03 1.5379e+02 1.3863e+00 -6.0632e+03
-4.4236e+06 3.6257e+01 -4.7165e+03 1.2664e+02 1.1354e+01 -6.0040e+03
-4.5537e+06 3.5896e+01 -4.7364e+03 9.9599e+01 1.0103e+01 -5.9369e+03
-4.5916e+06 3.4681e+01 -4.7561e+03 7.2668e+01 2.4908e+00 -5.8792e+03
-4.6151e+05 3.2439e+01 -4.0102e+03 9.3986e+02 1.0506e+02 -7.5531e+03
-1.8018e+05 3.4064e+01 -4.0349e+03 9.1382e+02 7.7145e+01 -7.5249e+03
-1.3691e+05 3.5910e+01 -4.0596e+03 8.8765e+02 6.9198e+01 -7.4833e+03
-3.7609e+05 3.6324e+01 -4.0842e+03 8.6134e+02 5.9697e+01 -7.4415e+03
-7.0691e+05 3.6348e+01 -4.1087e+03 8.3489e+02 5.8635e+01 -7.3993e+03
-1.1237e+06 3.6384e+01 -4.1331e+03 8.0832e+02 6.4959e+01 -7.3563e+03
-1.7058e+06 3.6370e+01 -4.1573e+03 7.8162e+02 5.6654e+01 -7.3132e+03
-2.4219e+06 3.6314e+01 -4.1815e+03 7.5482e+02 3.6363e+01 -7.2703e+03
-3.1292e+06 3.6284e+01 -4.2056e+03 7.2790e+02 1.4477e+01 -7.2258e+03
-3.7362e+06 3.6428e+01 -4.2295e+03 7.0089e+02 4.7124e+00 -7.1794e+03
-4.1973e+06 3.4839e+01 -4.2533e+03 6.7378e+02 8.4252e+00 -7.1305e+03
-4.6275e+06 3.0755e+01 -4.2770e+03 6.4659e+02 -1.8560e+01 -7.0841e+03
-4.8776e+06 2.8980e+01 -4.3006e+03 6.1933e+02 -5.1113e+01 -7.0407e+03
-4.7004e+06 3.1636e+01 -4.3240e+03 5.9199e+02 -3.4321e+01 -6.9926e+03
-4.2733e+06 3.4859e+01 -4.3473e+03 5.6459e+02 4.0244e+00 -6.9422e+03
-3.9166e+06 3.6136e+01 -4.3704e+03 5.3714e+02 1.7065e+01 -6.8924e+03
-3.6858e+06 3.6270e+01 -4.3934e+03 5.0964e+02 1.5824e+01 -6.8426e+03
-3.4839e+06 3.6261e+01 -4.4162e+03 4.8211e+02 2.7762e+01 -6.7913e+03
-3.3602e+06 3.6246e+01 -4.4388e+03 4.5455e+02 4.4774e+01 -6.7400e+03
-3.4441e+06 3.6250e+01 -4.4613e+03 4.2697e+02 4.1715e+01 -6.6885e+03
-3.7030e+06 3.6275e+01 -4.4836e+03 3.9939e+02 2.3729e+01 -6.6352e+03
-3.9936e+06 3.6299e+01 -4.5058e+03 3.7180e+02 6.8305e+00 -6.5811e+03
-4.2069e+06 3.6315e+01 -4.5277e+03 3.4423e+02 -9.0090e-01 -6.5269e+03
-4.3881e+06 3.6353e+01 -4.5495e+03 3.1667e+02 -5.1079e+00 -6.4719e+03
-4.5656e+06 3.5623e+01 -4.5711e+03 2.8914e+02 -1.3090e+01 -6.4152e+03
-4.7223e+06 3.3860e+01 -4.5925e+03 2.6165e+02 -2.5554e+01 -6.3581e+03
-4.6816e+06 3.2651e+01 -4.6137e+03 2.3422e+02 -2.4797e+01 -6.3012e+03
-4.5321e+06 3.2695e+01 -4.6347e+03 2.0684e+02 -1.2161e+01 -6.2426e+03
-4.2941e+06 3.3677e+01 -4.6555e+03 1.7953e+02 6.5028e+00 -6.1849e+03
-4.1423e+06 3.5121e+01 -4.6761e+03 1.5230e+02 1.1907e+01 -6.1255e+03
-3.9956e+06 3.6059e+01 -4.6965e+03 1.2516e+02 2.4861e+01 -6.0658e+03
-4.0587e+06 3.6243e+01 -4.7166e+03 9.8122e+01 2.6120e+01 -5.9992e+03
-4.1316e+06 3.5230e+01 -4.7366e+03 7.1196e+01 2.1353e+01 -5.9419e+03
-1.7413e+06 2.8179e+01 -3.9841e+03 9.3679e+02 5.6727e+01 -7.6115e+03
-1.1262e+06 3.0301e+01 -4.0090e+03 9.1083e+02 6.8446e+01 -7.5844e+03
-8.9765e+05 3.4110e+01 -4.0338e+03 8.8471e+02 6.8384e+01 -7.5389e+03
-9.8599e+05 3.6138e+01 -4.0585e+03 8.5846e+02 7.0341e+01 -7.4977e+03
-1.2781e+06 3.6405e+01 -4.0832e+03 8.3207e+02 6.2611e+01 -7.4557e+03
-1.7048e+06 3.6194e+01 -4.1077e+03 8.0556e+02 5.2245e+01 -7.4136e+03
-2.2338e+06 3.5383e+01 -4.1322e+03 7.7892e+02 3.8920e+01 -7.3712e+03
-2.7574e+06 3.5104e+01 -4.1565e+03 7.5217e+02 2.9108e+01 -7.3286e+03
-3.2434e+06 3.5879e+01 -4.1807e+03 7.2530e+02 2.0425e+01 -7.2839e+03
-3.7087e+06 3.6368e+01 -4.2048e+03 6.9834e+02 1.1268e+01 -7.2378e+03
-4.0623e+06 3.5574e+01 -4.2288e+03 6.7128e+02 1.5759e+01 -7.1912e+03
-4.3651e+06 3.2865e+01 -4.2527e+03 6.4414e+02 6.9564e-01 -7.1450e+03
-4.5534e+06 3.1646e+01 -4.2764e+03 6.1692e+02 -2.1100e+01 -7.1018e+03
-4.4130e+06 3.4366e+01 -4.3000e+03 5.8962e+02 -3.6382e+00 -7.0538e+03
-4.0732e+06 3.6522e+01 -4.3235e+03 5.6227e+02 2.3794e+01 -7.0010e+03
-3.7845e+06 3.6482e+01 -4.3468e+03 5.3485e+02 2.7789e+01 -6.9515e+03
-3.5313e+06 3.6289e+01 -4.3700e+03 5.0739e+02 2.6343e+01 -6.9029e+03
-3.2695e+06 3.6245e+01 -4.3930e+03 4.7990e+02 4.4810e+01 -6.8514e+03
-3.0827e+06 3.6218e+01 -4.4158e+03 4.5237e+02 6.3058e+01 -6.7999e+03
-3.1429e+06 3.6221e+01 -4.4385e+03 4.2482e+02 5.3560e+01 -6.7488e+03
-3.3644e+06 3.6246e+01 -4.4611e+03 3.9727e+02 3.1143e+01 -6.6952e+03
-3.6686e+06 3.6277e+01 -4.4834e+03 3.6971e+02 1.1477e+01 -6.6414e+03
-3.9359e+06 3.6305e+01 -4.5056e+03 3.4216e+02 -2.6415e+00 -6.5881e+03
-4.1639e+06 3.6337e+01 -4.5276e+03 3.1462e+02 -1.3607e+01 -6.5334e+03
-4.2878e+06 3.5775e+01 -4.5494e+03 2.8712e+02 -2.2616e+01 -6.4769e+03
-4.3437e+06 3.4201e+01 -4.5710e+03 2.5965e+02 -2.7461e+01 -6.4198e+03
-4.2658e+06 3.2801e+01 -4.5924e+03 2.3223e+02 -1.9075e+01 -6.3626e+03
-4.1270e+06 3.2388e+01 -4.6137e+03 2.0486e+02 -2.7987e+00 -6.3041e+03
-3.9225e+06 3.2631e+01 -4.6347e+03 1.7757e+02 9.1794e+00 -6.2458e+03
-3.7924e+06 3.3621e+01 -4.6555e+03 1.5035e+02 1.4286e+01 -6.1882e+03
-3.6798e+06 3.5084e+01 -4.6761e+03 1.2322e+02 2.8758e+01 -6.1297e+03
-3.7401e+06 3.6018e+01 -4.6965e+03 9.6191e+01 3.3772e+01 -6.0617e+03
-3.8135e+06 3.5295e+01 -4.7167e+03 6.9271e+01 2.3682e+01 -6.0045e+03
-2.8531e+06 2.6251e+01 -3.9578e+03 9.3326e+02 -1.4615e+01 -7.6680e+03
-2.4810e+06 2.7556e+01 -3.9829e+03 9.0735e+02 -1.4308e+01 -7.6484e+03
-2.4103e+06 3.0902e+01 -4.0078e+03 8.8130e+02 -3.5560e+01 -7.6003e+03
-2.4055e+06 3.3738e+01 -4.0327e+03 8.5511e+02 -1.5731e+01 -7.5594e+03
-2.5714e+06 3.4717e+01 -4.0575e+03 8.2878e+02 -7.1516e+00 -7.5166e+03
-2.9452e+06 3.4131e+01 -4.0822e+03 8.0232e+02 -2.0742e+01 -7.4742e+03
-3.3900e+06 3.2172e+01 -4.1068e+03 7.7574e+02 -4.2800e+01 -7.4320e+03
-3.7306e+06 3.1589e+01 -4.1313e+03 7.4904e+02 -4.5100e+01 -7.3896e+03
-3.9284e+06 3.3368e+01 -4.1557e+03 7.2223e+02 -3.0123e+01 -7.3460e+03
-4.1234e+06 3.4835e+01 -4.1800e+03 6.9532e+02 -1.8074e+01 -7.3008e+03
-4.2523e+06 3.4424e+01 -4.2041e+03 6.6831e+02 -4.1396e+00 -7.2539e+03
-4.3771e+06 3.2100e+01 -4.2282e+03 6.4121e+02 -7.2880e+00 -7.2064e+03
-4.4310e+06 3.1342e+01 -4.2521e+03 6.1404e+02 -1.4970e+01 -7.1626e+03
-4.2843e+06 3.3764e+01 -4.2758e+03 5.8678e+02 3.0997e+00 -7.1167e+03
-4.0287e+06 3.5343e+01 -4.2995e+03 5.5947e+02 2.4571e+01 -7.0653e+03
-3.7876e+06 3.5352e+01 -4.3230e+03 5.3210e+02 2.8368e+01 -7.0155e+03
-3.5973e+06 3.5515e+01 -4.3464e+03 5.0467e+02 2.4880e+01 -6.9667e+03
-3.3952e+06 3.5768e+01 -4.3696e+03 4.7721e+02 3.2133e+01 -6.9154e+03
-3.2664e+06 3.5894e+01 -4.3926e+03 4.4972e+02 3.6175e+01 -6.8636e+03
-3.2681e+06 3.6057e+01 -4.4155e+03 4.2220e+02 2.5232e+01 -6.8126e+03
-3.3978e+06 3.6228e+01 -4.4382e+03 3.9468e+02 1.2808e+01 -6.7595e+03
-3.5638e+06 3.6277e+01 -4.4608e+03 3.6715e+02 3.3383e+00 -6.7059e+03
-3.7832e+06 3.6304e+01 -4.4832e+03 3.3962e+02 -8.3005e+00 -6.6527e+03
-3.9253e+06 3.6332e+01 -4.5054e+03 3.1211e+02 -2.3898e+01 -6.5977e+03
-3.9601e+06 3.6152e+01 -4.5274e+03 2.8463e+02 -3.2551e+01 -6.5422e+03
-3.8224e+06 3.4952e+01 -4.5493e+03 2.5718e+02 -2.0443e+01 -6.4850e+03
-3.6728e+06 3.3142e+01 -4.5709e+03 2.2978e+02 -3.2419e-01 -6.4276e+03
-3.5707e+06 3.2347e+01 -4.5924e+03 2.0243e+02 1.2347e+01 -6.3711e+03
-3.6346e+06 3.2361e+01 -4.6136e+03 1.7515e+02 4.3344e+00 -6.3125e+03
-3.6122e+06 3.2626e+01 -4.6347e+03 1.4794e+02 2.0752e-01 -6.2529e+03
-3.5699e+06 3.3623e+01 -4.6555e+03 1.2082e+02 1.6554e+01 -6.1945e+03
-3.5249e+06 3.5106e+01 -4.6762e+03 9.3802e+01 2.8169e+01 -6.1269e+03
-3.6888e+06 3.5432e+01 -4.6966e+03 6.6889e+01 8.0280e+00 -6.0686e+03
-2.7808e+06 2.6905e+01 -3.9314e+03 9.2925e+02 5.2682e+01 -7.7278e+03
-3.0688e+06 2.7935e+01 -3.9566e+03 9.0341e+02 -1.5354e+01 -7.7044e+03
-3.6520e+06 2.9421e+01 -3.9817e+03 8.7742e+02 -1.0510e+02 -7.6553e+03
-3.8176e+06 3.0587e+01 -4.0067e+03 8.5129e+02 -9.6132e+01 -7.6152e+03
-3.8579e+06 3.1050e+01 -4.0316e+03 8.2502e+02 -6.4001e+01 -7.5735e+03
-4.0432e+06 3.0764e+01 -4.0565e+03 7.9861e+02 -6.2145e+01 -7.5310e+03
-4.3326e+06 2.9841e+01 -4.0812e+03 7.7209e+02 -7.8443e+01 -7.4877e+03
-4.4945e+06 2.9589e+01 -4.1059e+03 7.4544e+02 -7.5937e+01 -7.4445e+03
-4.5127e+06 3.0727e+01 -4.1304e+03 7.1868e+02 -5.3784e+01 -7.4019e+03
-4.4877e+06 3.2300e+01 -4.1549e+03 6.9182e+02 -3.2018e+01 -7.3574e+03
-4.4672e+06 3.2718e+01 -4.1792e+03 6.6486e+02 -1.5487e+01 -7.3096e+03
-4.4611e+06 3.1770e+01 -4.2034e+03 6.3781e+02 -1.1366e+01 -7.2613e+03
-4.4386e+06 3.1394e+01 -4.2275e+03 6.1068e+02 -1.1867e+01 -7.2161e+03
-4.3312e+06 3.2090e+01 -4.2515e+03 5.8347e+02 -3.5523e+00 -7.1715e+03
-4.1647e+06 3.2701e+01 -4.2753e+03 5.5620e+02 7.2287e+00 -7.1236e+03
-3.9918e+06 3.3114e+01 -4.2990e+03 5.2886e+02 1.2236e+01 -7.0739e+03
-3.8608e+06 3.3714e+01 -4.3225e+03 5.0148e+02 1.0403e+01 -7.0245e+03
-3.7603e+06 3.4314e+01 -4.3459e+03 4.7405e+02 8.2269e+00 -6.9740e+03
-3.6957e+06 3.4599e+01 -4.3692e+03 4.4659e+02 3.3522e+00 -6.9225e+03
-3.6279e+06 3.5126e+01 -4.3923e+03 4.1911e+02 5.0781e-02 -6.8712e+03
-3.5616e+06 3.5891e+01 -4.4152e+03 3.9161e+02 3.1541e+00 -6.8185e+03
-3.5500e+06 3.6242e+01 -4.4380e+03 3.6411e+02 4.4265e+00 -6.7652e+03
-3.6349e+06 3.6308e+01 -4.4606e+03 3.3661e+02 -8.3340e+00 -6.7120e+03
-3.6967e+06 3.6337e+01 -4.4830e+03 3.0913e+02 -3.4837e+01 -6.6573e+03
-3.5481e+06 3.6421e+01 -4.5052e+03 2.8167e+02 -3.8190e+01 -6.6016e+03
-3.1172e+06 3.5457e+01 -4.5273e+03 2.5424e+02 1.0781e+01 -6.5433e+03
-2.9088e+06 3.3354e+01 -4.5492e+03 2.2686e+02 4.9492e+01 -6.4867e+03
-3.0441e+06 3.2312e+01 -4.5708e+03 1.9953e+02 3.9339e+01 -6.4329e+03
-3.3752e+06 3.2356e+01 -4.5923e+03 1.7226e+02 4.2918e+00 -6.3746e+03
-3.5033e+06 3.2378e+01 -4.6136e+03 1.4507e+02 -5.4835e+00 -6.3126e+03
-3.5168e+06 3.2633e+01 -4.6347e+03 1.1796e+02 1.1142e+01 -6.2520e+03
-3.4926e+06 3.3670e+01 -4.6556e+03 9.0951e+01 2.1364e+01 -6.1874e+03
-3.6745e+06 3.4989e+01 -4.6762e+03 6.4047e+01 -3.1053e+00 -6.1349e+03
-2.0243e+06 2.8409e+01 -3.9048e+03 9.2477e+02 1.6772e+02 -7.7825e+03
-2.8893e+06 3.0381e+01 -3.9301e+03 8.9899e+02 3.6957e+01 -7.7621e+03
-3.8513e+06 3.1292e+01 -3.9554e+03 8.7306e+02 -7.0697e+01 -7.7254e+03
-4.2313e+06 3.0817e+01 -3.9805e+03 8.4698e+02 -6.7062e+01 -7.6828e+03
-4.2969e+06 3.0128e+01 -4.0056e+03 8.2077e+02 -3.7238e+01 -7.6442e+03
-4.3863e+06 3.0411e+01 -4.0306e+03 7.9443e+02 -2.9871e+01 -7.6032e+03
-4.5148e+06 3.1068e+01 -4.0555e+03 7.6795e+02 -3.7083e+01 -7.5598e+03
-4.6024e+06 3.1229e+01 -4.0803e+03 7.4136e+02 -3.6856e+01 -7.5158e+03
-4.6065e+06 3.1319e+01 -4.1050e+03 7.1466e+02 -3.0113e+01 -7.4726e+03
-4.5778e+06 3.1860e+01 -4.1296e+03 6.8784e+02 -2.2562e+01 -7.4286e+03
-4.5267e+06 3.2326e+01 -4.1541e+03 6.6093e+02 -1.4839e+01 -7.3832e+03
-4.4826e+06 3.2421e+01 -4.1785e+03 6.3393e+02 -9.1684e+00 -7.3370e+03
-4.4091e+06 3.2294e+01 -4.2027e+03 6.0684e+02 -5.3825e+00 -7.2902e+03
-4.3317e+06 3.2004e+01 -4.2268e+03 5.7968e+02 -3.5400e+00 -7.2429e+03
-4.2680e+06 3.1951e+01 -4.2509e+03 5.5244e+02 -3.3699e+00 -7.1952e+03
-4.2054e+06 3.2206e+01 -4.2747e+03 5.2515e+02 -4.7794e+00 -7.1463e+03
-4.1565e+06 3.2554e+01 -4.2985e+03 4.9781e+02 -7.4009e+00 -7.0971e+03
-4.1045e+06 3.2866e+01 -4.3220e+03 4.7042e+02 -1.0303e+01 -7.0473e+03
-4.0730e+06 3.3010e+01 -4.3455e+03 4.4299e+02 -1.5426e+01 -6.9965e+03
-3.9981e+06 3.3583e+01 -4.3688e+03 4.1554e+02 -1.7801e+01 -6.9452e+03
-3.8655e+06 3.4829e+01 -4.3919e+03 3.8808e+02 -1.1389e+01 -6.8927e+03
-3.6878e+06 3.5870e+01 -4.4149e+03 3.6060e+02 -7.3097e+00 -6.8389e+03
-3.5892e+06 3.6266e+01 -4.4377e+03 3.3313e+02 -2.2447e+01 -6.7852e+03
-3.4274e+06 3.6333e+01 -4.4603e+03 3.0567e+02 -4.8810e+01 -6.7314e+03
-2.9938e+06 3.6410e+01 -4.4828e+03 2.7824e+02 -2.1460e+01 -6.6759e+03
-2.2995e+06 3.5493e+01 -4.5051e+03 2.5083e+02 7.7680e+01 -6.6168e+03
-2.1056e+06 3.3432e+01 -4.5271e+03 2.2347e+02 1.1712e+02 -6.5610e+03
-2.5858e+06 3.2352e+01 -4.5491e+03 1.9615e+02 5.5232e+01 -6.5074e+03
-3.1843e+06 3.2357e+01 -4.5708e+03 1.6890e+02 -2.1217e+00 -6.4492e+03
-3.3771e+06 3.2367e+01 -4.5923e+03 1.4173e+02 -6.8501e+00 -6.3872e+03
-3.3843e+06 3.2361e+01 -4.6136e+03 1.1463e+02 1.2196e+01 -6.3291e+03
-3.4003e+06 3.2661e+01 -4.6347e+03 8.7635e+01 1.3818e+01 -6.2605e+03
-3.5515e+06 3.3727e+01 -4.6556e+03 6.0740e+01 -5.1903e+00 -6.1945e+03
-1.8399e+06 2.9178e+01 -3.8781e+03 9.1981e+02 1.2908e+02 -7.8248e+03
-2.9885e+06 3.1625e+01 -3.9035e+03 8.9409e+02 -2.3891e+01 -7.8021e+03
-3.7278e+06 3.2547e+01 -3.9289e+03 8.6822e+02 -6.3092e+01 -7.7686e+03
-4.0449e+06 3.2193e+01 -3.9541e+03 8.4221e+02 -3.1764e+01 -7.7260e+03
-4.2028e+06 3.1722e+01 -3.9794e+03 8.1605e+02 -1.6435e+01 -7.6870e+03
-4.3026e+06 3.1943e+01 -4.0045e+03 7.8976e+02 -1.6766e+01 -7.6464e+03
-4.3675e+06 3.2389e+01 -4.0295e+03 7.6334e+02 -1.8085e+01 -7.6041e+03
-4.4009e+06 3.2480e+01 -4.0545e+03 7.3680e+02 -1.6452e+01 -7.5609e+03
-4.3997e+06 3.2425e+01 -4.0794e+03 7.1015e+02 -1.5134e+01 -7.5173e+03
-4.3696e+06 3.2409e+01 -4.1041e+03 6.8339e+02 -1.2852e+01 -7.4735e+03
-4.3445e+06 3.2408e+01 -4.1288e+03 6.5653e+02 -1.1046e+01 -7.4290e+03
-4.3301e+06 3.2404e+01 -4.1533e+03 6.2957e+02 -1.0985e+01 -7.3837e+03
-4.2954e+06 3.2395e+01 -4.1777e+03 6.0253e+02 -8.7984e+00 -7.3373e+03
-4.2469e+06 3.2383e+01 -4.2020e+03 5.7541e+02 -5.8106e+00 -7.2900e+03
-4.2102e+06 3.2380e+01 -4.2262e+03 5.4821e+02 -6.1922e+00 -7.2421e+03
-4.2166e+06 3.2386e+01 -4.2503e+03 5.2096e+02 -1.0563e+01 -7.1936e+03
-4.2252e+06 3.2394e+01 -4.2742e+03 4.9365e+02 -1.5651e+01 -7.1443e+03
-4.2516e+06 3.2400e+01 -4.2980e+03 4.6630e+02 -2.1375e+01 -7.0944e+03
-4.2468e+06 3.2409e+01 -4.3216e+03 4.3891e+02 -2.9894e+01 -7.0440e+03
-4.1988e+06 3.2622e+01 -4.3451e+03 4.1150e+02 -4.0654e+01 -6.9931e+03
-4.0126e+06 3.3459e+01 -4.3684e+03 3.8406e+02 -4.6836e+01 -6.9413e+03
-3.7672e+06 3.4782e+01 -4.3916e+03 3.5662e+02 -4.8022e+01 -6.8879e+03
-3.4184e+06 3.5819e+01 -4.4146e+03 3.2918e+02 -5.0222e+01 -6.8333e+03
-2.9511e+06 3.6224e+01 -4.4374e+03 3.0174e+02 -3.2228e+01 -6.7795e+03
-2.1931e+06 3.6293e+01 -4.4601e+03 2.7433e+02 5.2348e+01 -6.7252e+03
-1.6513e+06 3.5647e+01 -4.4826e+03 2.4695e+02 1.3706e+02 -6.6681e+03
-1.8923e+06 3.4047e+01 -4.5049e+03 2.1960e+02 9.8028e+01 -6.6119e+03
-2.6753e+06 3.2784e+01 -4.5270e+03 1.9231e+02 2.1382e-01 -6.5556e+03
-3.1201e+06 3.2406e+01 -4.5489e+03 1.6508e+02 -2.9770e+01 -6.4967e+03
-3.2681e+06 3.2414e+01 -4.5707e+03 1.3792e+02 -1.4835e+01 -6.4368e+03
-3.2413e+06 3.2709e+01 -4.5922e+03 1.1084e+02 4.2430e+00 -6.3782e+03
-3.3382e+06 3.2889e+01 -4.6136e+03 8.3850e+01 7.0924e-01 -6.3191e+03
-3.3969e+06 3.2853e+01 -4.6347e+03 5.6966e+01 -6.4164e+00 -6.2557e+03
