  1    1089
-4.2410e+06 3.7720e+01 -7.7769e+02 -9.6086e+03 7.0067e+00 6.3322e+03
-4.2915e+06 3.7716e+01 -7.2695e+02 -9.5965e+03 5.2738e+00 6.4231e+03
-4.3966e+06 3.7694e+01 -6.7622e+02 -9.5839e+03 -2.2175e+00 6.5177e+03
-4.4228e+06 3.7665e+01 -6.2552e+02 -9.5707e+03 1.1991e+00 6.6160e+03
-4.3967e+06 3.7642e+01 -5.7485e+02 -9.5571e+03 1.4528e+01 6.7118e+03
-4.4107e+06 3.7611e+01 -5.2423e+02 -9.5429e+03 1.5020e+01 6.8091e+03
-4.4429e+06 3.7573e+01 -4.7365e+02 -9.5282e+03 1.1167e+01 6.9057e+03
-4.4482e+06 3.7544e+01 -4.2312e+02 -9.5130e+03 9.6443e+00 7.0019e+03
-4.4514e+06 3.7523e+01 -3.7266e+02 -9.4972e+03 8.7671e+00 7.0988e+03
-4.4410e+06 3.7502e+01 -3.2227e+02 -9.4810e+03 1.2096e+01 7.1944e+03
-4.4512e+06 3.7490e+01 -2.7195e+02 -9.4642e+03 1.1538e+01 7.2911e+03
-4.4655e+06 3.7527e+01 -2.2172e+02 -9.4469e+03 7.8315e+00 7.3866e+03
-4.4764e+06 3.7686e+01 -1.7157e+02 -9.4291e+03 4.9658e+00 7.4828e+03
-4.4659e+06 3.8029e+01 -1.2152e+02 -9.4109e+03 3.0296e+00 7.5775e+03
-4.4286e+06 3.8513e+01 -7.1576e+01 -9.3921e+03 8.3798e+00 7.6739e+03
-4.4176e+06 3.8959e+01 -2.1738e+01 -9.3728e+03 1.0834e+01 7.7675e+03
-4.4828e+06 3.9199e+01 2.7983e+01 -9.3531e+03 3.7331e-01 7.8632e+03
-4.4891e+06 3.9245e+01 7.7583e+01 -9.3329e+03 7.2470e-01 7.9564e+03
-4.4543e+06 3.9202e+01 1.2705e+02 -9.3122e+03 8.5643e+00 8.0512e+03
-4.4762e+06 3.9075e+01 1.7639e+02 -9.2910e+03 1.7293e+00 8.1440e+03
-4.4996e+06 3.8867e+01 2.2559e+02 -9.2694e+03 -2.8465e+00 8.2395e+03
-4.4675e+06 3.8746e+01 2.7464e+02 -9.2473e+03 4.0331e+00 8.3308e+03
-4.4467e+06 3.8758e+01 3.2354e+02 -9.2248e+03 8.3348e+00 8.4243e+03
-4.4485e+06 3.8749e+01 3.7228e+02 -9.2018e+03 7.1880e+00 8.5145e+03
-4.4656e+06 3.8665e+01 4.2086e+02 -9.1784e+03 6.4803e+00 8.6077e+03
-4.4773e+06 3.8493e+01 4.6927e+02 -9.1546e+03 6.6784e+00 8.6968e+03
-4.4934e+06 3.8270e+01 5.1750e+02 -9.1303e+03 6.4480e+00 8.7895e+03
-4.5015e+06 3.8187e+01 5.6556e+02 -9.1056e+03 5.3931e+00 8.8782e+03
-4.5044e+06 3.8265e+01 6.1343e+02 -9.0806e+03 6.3804e+00 8.9696e+03
-4.5117e+06 3.8322e+01 6.6111e+02 -9.0551e+03 8.0555e+00 9.0569e+03
-4.5356e+06 3.8289e+01 7.0860e+02 -9.0293e+03 4.1285e+00 9.1449e+03
-4.5573e+06 3.8202e+01 7.5589e+02 -9.0030e+03 3.1809e+00 9.2305e+03
-4.5694e+06 3.8109e+01 8.0297e+02 -8.9764e+03 5.0138e+00 9.3256e+03
-4.2200e+06 3.7834e+01 -8.2603e+02 -9.5949e+03 8.3550e+00 6.4006e+03
-4.2840e+06 3.7828e+01 -7.7522e+02 -9.5828e+03 7.0645e+00 6.4997e+03
-4.4107e+06 3.7812e+01 -7.2442e+02 -9.5701e+03 -3.0908e+00 6.5848e+03
-4.4831e+06 3.7789e+01 -6.7365e+02 -9.5570e+03 -6.5107e+00 6.6851e+03
-4.4324e+06 3.7771e+01 -6.2290e+02 -9.5432e+03 7.9829e+00 6.7812e+03
-4.3688e+06 3.7742e+01 -5.7219e+02 -9.5290e+03 2.0069e+01 6.8785e+03
-4.3824e+06 3.7699e+01 -5.2152e+02 -9.5143e+03 1.9366e+01 6.9758e+03
-4.4276e+06 3.7665e+01 -4.7091e+02 -9.4990e+03 1.3510e+01 7.0726e+03
-4.4621e+06 3.7647e+01 -4.2035e+02 -9.4832e+03 8.6767e+00 7.1696e+03
-4.4683e+06 3.7628e+01 -3.6985e+02 -9.4668e+03 1.0915e+01 7.2657e+03
-4.4751e+06 3.7610e+01 -3.1942e+02 -9.4500e+03 1.1472e+01 7.3627e+03
-4.5113e+06 3.7636e+01 -2.6908e+02 -9.4327e+03 3.9539e+00 7.4585e+03
-4.5263e+06 3.7773e+01 -2.1881e+02 -9.4148e+03 -9.1616e-01 7.5549e+03
-4.4838e+06 3.8097e+01 -1.6864e+02 -9.3964e+03 3.2743e+00 7.6515e+03
-4.4129e+06 3.8594e+01 -1.1857e+02 -9.3776e+03 1.1528e+01 7.7477e+03
-4.3886e+06 3.9085e+01 -6.8603e+01 -9.3582e+03 1.4031e+01 7.8419e+03
-4.4263e+06 3.9380e+01 -1.8746e+01 -9.3384e+03 7.9303e+00 7.9378e+03
-4.4417e+06 3.9474e+01 3.0992e+01 -9.3180e+03 7.5776e+00 8.0327e+03
-4.4226e+06 3.9485e+01 8.0607e+01 -9.2972e+03 1.0590e+01 8.1269e+03
-4.4323e+06 3.9456e+01 1.3009e+02 -9.2759e+03 6.1573e+00 8.2200e+03
-4.4410e+06 3.9372e+01 1.7944e+02 -9.2542e+03 3.9636e+00 8.3147e+03
-4.4309e+06 3.9299e+01 2.2865e+02 -9.2320e+03 7.3247e+00 8.4074e+03
-4.4208e+06 3.9255e+01 2.7770e+02 -9.2093e+03 8.6799e+00 8.5013e+03
-4.4321e+06 3.9174e+01 3.2661e+02 -9.1862e+03 6.9414e+00 8.5932e+03
-4.4462e+06 3.9087e+01 3.7535e+02 -9.1626e+03 6.5737e+00 8.6859e+03
-4.4595e+06 3.8981e+01 4.2393e+02 -9.1387e+03 7.6558e+00 8.7770e+03
-4.4673e+06 3.8811e+01 4.7234e+02 -9.1142e+03 7.4745e+00 8.8690e+03
-4.4728e+06 3.8717e+01 5.2057e+02 -9.0894e+03 6.5632e+00 8.9588e+03
-4.4640e+06 3.8754e+01 5.6862e+02 -9.0642e+03 8.4439e+00 9.0500e+03
-4.4748e+06 3.8774e+01 6.1648e+02 -9.0386e+03 1.0990e+01 9.1380e+03
-4.5140e+06 3.8735e+01 6.6416e+02 -9.0126e+03 5.4975e+00 9.2268e+03
-4.5363e+06 3.8663e+01 7.1163e+02 -8.9862e+03 1.3760e+00 9.3084e+03
-4.5297e+06 3.8560e+01 7.5891e+02 -8.9594e+03 3.8969e+00 9.4108e+03
-4.2333e+06 3.7956e+01 -8.7451e+02 -9.5808e+03 5.8904e+00 6.4550e+03
-4.2748e+06 3.7941e+01 -8.2364e+02 -9.5687e+03 9.2431e+00 6.5683e+03
-4.3468e+06 3.7924e+01 -7.7279e+02 -9.5560e+03 9.8715e-02 6.6531e+03
-4.4328e+06 3.7903e+01 -7.2194e+02 -9.5428e+03 -4.0654e+00 6.7519e+03
-4.4434e+06 3.7891e+01 -6.7112e+02 -9.5290e+03 4.0998e+00 6.8500e+03
-4.4257e+06 3.7875e+01 -6.2033e+02 -9.5147e+03 7.6765e+00 6.9480e+03
-4.4488e+06 3.7840e+01 -5.6958e+02 -9.4999e+03 3.3581e+00 7.0456e+03
-4.4791e+06 3.7806e+01 -5.1887e+02 -9.4846e+03 -1.0989e+00 7.1433e+03
-4.5181e+06 3.7792e+01 -4.6822e+02 -9.4687e+03 -6.6860e+00 7.2411e+03
-4.5256e+06 3.7776e+01 -4.1763e+02 -9.4523e+03 -3.3476e+00 7.3386e+03
-4.5290e+06 3.7749e+01 -3.6710e+02 -9.4354e+03 1.2018e+00 7.4359e+03
-4.5578e+06 3.7749e+01 -3.1664e+02 -9.4180e+03 -4.6943e+00 7.5327e+03
-4.5600e+06 3.7834e+01 -2.6626e+02 -9.4000e+03 -7.5885e+00 7.6296e+03
-4.5048e+06 3.8082e+01 -2.1598e+02 -9.3816e+03 -2.1247e+00 7.7264e+03
-4.4330e+06 3.8537e+01 -1.6578e+02 -9.3626e+03 5.3720e+00 7.8226e+03
-4.3873e+06 3.9073e+01 -1.1569e+02 -9.3431e+03 9.2902e+00 7.9186e+03
-4.4056e+06 3.9469e+01 -6.5699e+01 -9.3232e+03 5.5365e+00 8.0142e+03
-4.4376e+06 3.9650e+01 -1.5824e+01 -9.3027e+03 1.1917e+00 8.1100e+03
-4.4375e+06 3.9709e+01 3.3930e+01 -9.2818e+03 8.9248e-01 8.2049e+03
-4.4178e+06 3.9730e+01 8.3559e+01 -9.2604e+03 1.3434e+00 8.2997e+03
-4.4065e+06 3.9720e+01 1.3305e+02 -9.2385e+03 2.2453e+00 8.3943e+03
-4.4054e+06 3.9686e+01 1.8241e+02 -9.2162e+03 2.5087e+00 8.4884e+03
-4.4137e+06 3.9616e+01 2.3163e+02 -9.1934e+03 1.3447e+00 8.5816e+03
-4.4290e+06 3.9493e+01 2.8069e+02 -9.1701e+03 -1.1474e-01 8.6749e+03
-4.4450e+06 3.9397e+01 3.2959e+02 -9.1464e+03 -9.2407e-02 8.7676e+03
-4.4539e+06 3.9348e+01 3.7834e+02 -9.1223e+03 9.6084e-01 8.8598e+03
-4.4644e+06 3.9252e+01 4.2692e+02 -9.0977e+03 1.3244e+00 8.9513e+03
-4.4673e+06 3.9166e+01 4.7532e+02 -9.0728e+03 9.9252e-01 9.0430e+03
-4.4580e+06 3.9169e+01 5.2355e+02 -9.0474e+03 2.2296e+00 9.1347e+03
-4.4641e+06 3.9167e+01 5.7159e+02 -9.0216e+03 5.0513e+00 9.2229e+03
-4.5056e+06 3.9132e+01 6.1945e+02 -8.9954e+03 -1.8386e+00 9.3153e+03
-4.5225e+06 3.9092e+01 6.6711e+02 -8.9688e+03 -6.1751e+00 9.3894e+03
-4.5362e+06 3.9018e+01 7.1457e+02 -8.9419e+03 3.7186e+00 9.4868e+03
-4.2164e+06 3.8101e+01 -9.2315e+02 -9.5663e+03 3.2482e+00 6.5156e+03
-4.2499e+06 3.8077e+01 -8.7222e+02 -9.5541e+03 7.4370e+00 6.6266e+03
-4.3042e+06 3.8053e+01 -8.2131e+02 -9.5414e+03 1.0478e+00 6.7131e+03
-4.3445e+06 3.8026e+01 -7.7040e+02 -9.5282e+03 2.0699e+00 6.8130e+03
-4.3949e+06 3.8011e+01 -7.1951e+02 -9.5144e+03 7.4941e+00 6.9115e+03
-4.4935e+06 3.8005e+01 -6.6865e+02 -9.5000e+03 -2.3784e+00 7.0102e+03
-4.5641e+06 3.7981e+01 -6.1782e+02 -9.4852e+03 -1.2328e+01 7.1089e+03
-4.5346e+06 3.7941e+01 -5.6703e+02 -9.4698e+03 -5.9052e+00 7.2073e+03
-4.5153e+06 3.7923e+01 -5.1628e+02 -9.4538e+03 -1.3323e+00 7.3055e+03
-4.5309e+06 3.7920e+01 -4.6559e+02 -9.4374e+03 -2.2266e+00 7.4033e+03
-4.5667e+06 3.7897e+01 -4.1496e+02 -9.4204e+03 -8.1110e+00 7.5013e+03
-4.5885e+06 3.7872e+01 -3.6440e+02 -9.4028e+03 -1.3114e+01 7.5991e+03
-4.5599e+06 3.7912e+01 -3.1392e+02 -9.3848e+03 -7.9089e+00 7.6970e+03
-4.5130e+06 3.8092e+01 -2.6352e+02 -9.3663e+03 -2.5364e+00 7.7943e+03
-4.4673e+06 3.8469e+01 -2.1320e+02 -9.3472e+03 3.3509e-02 7.8913e+03
-4.4229e+06 3.8991e+01 -1.6298e+02 -9.3276e+03 3.6541e+00 7.9880e+03
-4.4111e+06 3.9472e+01 -1.1287e+02 -9.3076e+03 3.3354e+00 8.0845e+03
-4.4525e+06 3.9774e+01 -6.2863e+01 -9.2870e+03 -4.1049e+00 8.1807e+03
-4.4586e+06 3.9905e+01 -1.2972e+01 -9.2660e+03 -7.0071e+00 8.2764e+03
-4.4040e+06 3.9945e+01 3.6796e+01 -9.2444e+03 -1.2800e+00 8.3719e+03
-4.3744e+06 3.9956e+01 8.6437e+01 -9.2224e+03 1.6208e+00 8.4670e+03
-4.3814e+06 3.9949e+01 1.3594e+02 -9.2000e+03 4.6745e-01 8.5616e+03
-4.3948e+06 3.9893e+01 1.8531e+02 -9.1770e+03 -8.3417e-01 8.6559e+03
-4.4131e+06 3.9771e+01 2.3453e+02 -9.1536e+03 -1.4488e+00 8.7496e+03
-4.4268e+06 3.9665e+01 2.8359e+02 -9.1298e+03 -6.3542e-01 8.8431e+03
-4.4451e+06 3.9627e+01 3.3250e+02 -9.1055e+03 -2.9610e-01 8.9358e+03
-4.4568e+06 3.9571e+01 3.8125e+02 -9.0808e+03 -8.4769e-01 9.0281e+03
-4.4628e+06 3.9498e+01 4.2982e+02 -9.0556e+03 -1.1205e+00 9.1201e+03
-4.4582e+06 3.9486e+01 4.7822e+02 -9.0301e+03 2.7972e-01 9.2122e+03
-4.4676e+06 3.9478e+01 5.2644e+02 -9.0041e+03 3.0087e+00 9.3014e+03
-4.4982e+06 3.9441e+01 5.7448e+02 -8.9778e+03 -4.5587e+00 9.3936e+03
-4.5192e+06 3.9414e+01 6.2232e+02 -8.9510e+03 -9.1311e+00 9.4708e+03
-4.5120e+06 3.9377e+01 6.6997e+02 -8.9239e+03 2.5021e+00 9.5692e+03
-4.1958e+06 3.8285e+01 -9.7192e+02 -9.5514e+03 5.2804e+00 6.5738e+03
-4.2321e+06 3.8257e+01 -9.2095e+02 -9.5392e+03 7.7249e+00 6.6857e+03
-4.2803e+06 3.8223e+01 -8.6998e+02 -9.5265e+03 1.2156e+00 6.7730e+03
-4.3204e+06 3.8185e+01 -8.1902e+02 -9.5132e+03 3.6964e+00 6.8737e+03
-4.3807e+06 3.8160e+01 -7.6806e+02 -9.4993e+03 9.9662e+00 6.9731e+03
-4.5162e+06 3.8159e+01 -7.1713e+02 -9.4849e+03 -1.9355e-01 7.0723e+03
-4.6496e+06 3.8146e+01 -6.6622e+02 -9.4700e+03 -1.5006e+01 7.1715e+03
-4.6136e+06 3.8094e+01 -6.1535e+02 -9.4545e+03 -3.4516e+00 7.2706e+03
-4.5274e+06 3.8052e+01 -5.6452e+02 -9.4385e+03 1.2305e+01 7.3699e+03
-4.5165e+06 3.8050e+01 -5.1374e+02 -9.4220e+03 9.1550e+00 7.4687e+03
-4.5562e+06 3.8034e+01 -4.6302e+02 -9.4049e+03 -2.5377e+00 7.5672e+03
-4.5733e+06 3.7994e+01 -4.1236e+02 -9.3873e+03 -7.5892e+00 7.6657e+03
-4.5438e+06 3.8012e+01 -3.6177e+02 -9.3692e+03 -1.2869e+00 7.7641e+03
-4.5072e+06 3.8161e+01 -3.1126e+02 -9.3505e+03 2.9865e+00 7.8622e+03
-4.5004e+06 3.8474e+01 -2.6083e+02 -9.3314e+03 1.1882e+00 7.9601e+03
-4.4991e+06 3.8930e+01 -2.1049e+02 -9.3117e+03 -1.1532e+00 8.0575e+03
-4.4666e+06 3.9420e+01 -1.6025e+02 -9.2915e+03 -4.6628e-01 8.1546e+03
-4.4419e+06 3.9818e+01 -1.1012e+02 -9.2709e+03 -2.0898e+00 8.2515e+03
-4.4256e+06 4.0059e+01 -6.0097e+01 -9.2497e+03 -2.7150e+00 8.3480e+03
-4.3718e+06 4.0158e+01 -1.0191e+01 -9.2280e+03 2.8439e+00 8.4443e+03
-4.3538e+06 4.0178e+01 3.9590e+01 -9.2059e+03 4.1052e+00 8.5400e+03
-4.3621e+06 4.0174e+01 8.9241e+01 -9.1833e+03 1.5468e+00 8.6351e+03
-4.3788e+06 4.0141e+01 1.3875e+02 -9.1602e+03 5.3070e-02 8.7301e+03
-4.3964e+06 4.0050e+01 1.8813e+02 -9.1367e+03 -1.5080e-01 8.8246e+03
-4.4127e+06 3.9953e+01 2.3735e+02 -9.1127e+03 1.2786e+00 8.9186e+03
-4.4261e+06 3.9913e+01 2.8642e+02 -9.0883e+03 2.1501e+00 9.0121e+03
-4.4443e+06 3.9871e+01 3.3533e+02 -9.0634e+03 1.9978e+00 9.1050e+03
-4.4560e+06 3.9802e+01 3.8407e+02 -9.0381e+03 1.4271e+00 9.1977e+03
-4.4609e+06 3.9779e+01 4.3264e+02 -9.0124e+03 2.1418e+00 9.2904e+03
-4.4630e+06 3.9768e+01 4.8104e+02 -8.9862e+03 4.9171e+00 9.3801e+03
-4.4951e+06 3.9718e+01 5.2925e+02 -8.9597e+03 -2.7390e+00 9.4730e+03
-4.5076e+06 3.9673e+01 5.7728e+02 -8.9327e+03 -7.9166e+00 9.5507e+03
-4.5050e+06 3.9641e+01 6.2511e+02 -8.9054e+03 3.2352e+00 9.6493e+03
-4.1658e+06 3.8546e+01 -1.0208e+03 -9.5362e+03 7.1079e+00 6.6326e+03
-4.2106e+06 3.8505e+01 -9.6982e+02 -9.5239e+03 8.5685e+00 6.7449e+03
-4.2666e+06 3.8455e+01 -9.1880e+02 -9.5111e+03 1.5715e+00 6.8333e+03
-4.3348e+06 3.8400e+01 -8.6778e+02 -9.4978e+03 1.6540e+00 6.9345e+03
-4.4217e+06 3.8361e+01 -8.1677e+02 -9.4839e+03 7.2444e+00 7.0348e+03
-4.5400e+06 3.8367e+01 -7.6577e+02 -9.4694e+03 3.9695e+00 7.1349e+03
-4.7027e+06 3.8376e+01 -7.1480e+02 -9.4544e+03 -1.2126e+01 7.2347e+03
-4.7151e+06 3.8326e+01 -6.6385e+02 -9.4389e+03 -7.8150e+00 7.3345e+03
-4.6411e+06 3.8256e+01 -6.1294e+02 -9.4228e+03 5.2871e-01 7.4345e+03
-4.6119e+06 3.8227e+01 -5.6207e+02 -9.4062e+03 -2.7978e+00 7.5342e+03
-4.5514e+06 3.8198e+01 -5.1126e+02 -9.3890e+03 3.7899e+00 7.6335e+03
-4.5217e+06 3.8144e+01 -4.6050e+02 -9.3713e+03 6.9044e+00 7.7328e+03
-4.5274e+06 3.8151e+01 -4.0981e+02 -9.3531e+03 4.2717e+00 7.8317e+03
-4.5306e+06 3.8284e+01 -3.5920e+02 -9.3344e+03 4.7450e+00 7.9304e+03
-4.5426e+06 3.8544e+01 -3.0866e+02 -9.3151e+03 2.8660e+00 8.0292e+03
-4.5564e+06 3.8914e+01 -2.5821e+02 -9.2953e+03 6.2914e-02 8.1273e+03
-4.4992e+06 3.9347e+01 -2.0785e+02 -9.2751e+03 3.7241e+00 8.2251e+03
-4.4090e+06 3.9773e+01 -1.5759e+02 -9.2543e+03 7.5590e+00 8.3225e+03
-4.3569e+06 4.0125e+01 -1.0744e+02 -9.2330e+03 7.1526e+00 8.4198e+03
-4.3419e+06 4.0348e+01 -5.7400e+01 -9.2112e+03 6.3405e+00 8.5168e+03
-4.3496e+06 4.0427e+01 -7.4818e+00 -9.1889e+03 3.0875e+00 8.6131e+03
-4.3570e+06 4.0418e+01 4.2310e+01 -9.1662e+03 1.1690e+00 8.7090e+03
-4.3585e+06 4.0380e+01 9.1970e+01 -9.1430e+03 1.0361e+00 8.8047e+03
-4.3814e+06 4.0306e+01 1.4149e+02 -9.1193e+03 -7.5636e-02 8.8998e+03
-4.4000e+06 4.0218e+01 1.9087e+02 -9.0951e+03 6.1506e-01 8.9944e+03
-4.4225e+06 4.0178e+01 2.4009e+02 -9.0705e+03 2.2624e+00 9.0885e+03
-4.4426e+06 4.0148e+01 2.8916e+02 -9.0455e+03 2.5942e+00 9.1821e+03
-4.4666e+06 4.0085e+01 3.3807e+02 -9.0200e+03 7.8857e-01 9.2754e+03
-4.4659e+06 4.0056e+01 3.8681e+02 -8.9941e+03 9.6007e-01 9.3687e+03
-4.4640e+06 4.0049e+01 4.3538e+02 -8.9678e+03 4.7980e+00 9.4591e+03
-4.4849e+06 3.9997e+01 4.8377e+02 -8.9411e+03 -2.5093e+00 9.5524e+03
-4.5018e+06 3.9932e+01 5.3197e+02 -8.9140e+03 -7.6192e+00 9.6311e+03
-4.4890e+06 3.9889e+01 5.7998e+02 -8.8865e+03 3.6874e+00 9.7301e+03
-4.1460e+06 3.8880e+01 -1.0699e+03 -9.5205e+03 7.9017e+00 6.6916e+03
-4.2053e+06 3.8820e+01 -1.0188e+03 -9.5082e+03 7.3726e+00 6.8043e+03
-4.2621e+06 3.8756e+01 -9.6776e+02 -9.4953e+03 -4.1606e-01 6.8936e+03
-4.3207e+06 3.8693e+01 -9.1669e+02 -9.4819e+03 5.0182e-01 6.9956e+03
-4.4335e+06 3.8641e+01 -8.6563e+02 -9.4680e+03 2.1476e+00 7.0966e+03
-4.5867e+06 3.8647e+01 -8.1457e+02 -9.4535e+03 -5.9745e+00 7.1975e+03
-4.7469e+06 3.8676e+01 -7.6353e+02 -9.4384e+03 -1.7254e+01 7.2985e+03
-4.7341e+06 3.8647e+01 -7.1251e+02 -9.4228e+03 -5.8564e+00 7.3992e+03
-4.7041e+06 3.8569e+01 -6.6153e+02 -9.4067e+03 -6.2035e+00 7.4993e+03
-4.7306e+06 3.8515e+01 -6.1058e+02 -9.3900e+03 -2.1395e+01 7.5994e+03
-4.6153e+06 3.8467e+01 -5.5968e+02 -9.3727e+03 -4.3805e+00 7.6995e+03
-4.5130e+06 3.8398e+01 -5.0883e+02 -9.3549e+03 8.4732e+00 7.7998e+03
-4.5511e+06 3.8385e+01 -4.5805e+02 -9.3366e+03 -2.4980e+00 7.8994e+03
-4.5914e+06 3.8482e+01 -4.0733e+02 -9.3178e+03 -7.2717e+00 7.9986e+03
-4.6349e+06 3.8663e+01 -3.5668e+02 -9.2984e+03 -9.3475e+00 8.0982e+03
-4.6478e+06 3.8922e+01 -3.0612e+02 -9.2785e+03 -8.9941e+00 8.1972e+03
-4.5935e+06 3.9267e+01 -2.5565e+02 -9.2581e+03 -1.7644e+00 8.2957e+03
-4.4858e+06 3.9670e+01 -2.0527e+02 -9.2372e+03 3.3177e+00 8.3940e+03
-4.3786e+06 4.0086e+01 -1.5499e+02 -9.2158e+03 6.5891e+00 8.4919e+03
-4.3472e+06 4.0447e+01 -1.0483e+02 -9.1939e+03 4.2903e+00 8.5893e+03
-4.3888e+06 4.0660e+01 -5.4774e+01 -9.1715e+03 -3.3379e+00 8.6864e+03
-4.3739e+06 4.0697e+01 -4.8440e+00 -9.1486e+03 -1.8992e+00 8.7830e+03
-4.3413e+06 4.0643e+01 4.4958e+01 -9.1252e+03 2.4480e+00 8.8793e+03
-4.3632e+06 4.0563e+01 9.4625e+01 -9.1014e+03 -4.8273e-02 8.9751e+03
-4.3958e+06 4.0474e+01 1.4415e+02 -9.0771e+03 -1.0401e+00 9.0703e+03
-4.4172e+06 4.0430e+01 1.9353e+02 -9.0524e+03 -3.3427e-01 9.1650e+03
-4.4628e+06 4.0406e+01 2.4276e+02 -9.0272e+03 -3.0584e+00 9.2593e+03
-4.5066e+06 4.0346e+01 2.9183e+02 -9.0015e+03 -8.0536e+00 9.3532e+03
-4.4991e+06 4.0309e+01 3.4073e+02 -8.9755e+03 -5.6984e+00 9.4472e+03
-4.4597e+06 4.0308e+01 3.8947e+02 -8.9490e+03 2.8469e+00 9.5382e+03
-4.4782e+06 4.0272e+01 4.3803e+02 -8.9221e+03 -3.0380e+00 9.6321e+03
-4.4925e+06 4.0211e+01 4.8641e+02 -8.8948e+03 -7.9744e+00 9.7115e+03
-4.4877e+06 4.0170e+01 5.3460e+02 -8.8671e+03 3.2170e+00 9.8110e+03
-4.1249e+06 3.9196e+01 -1.1190e+03 -9.5044e+03 9.0895e+00 6.7507e+03
-4.2062e+06 3.9128e+01 -1.0680e+03 -9.4921e+03 5.0996e+00 6.8640e+03
-4.2667e+06 3.9070e+01 -1.0169e+03 -9.4792e+03 -3.6960e+00 6.9543e+03
-4.2845e+06 3.9032e+01 -9.6575e+02 -9.4657e+03 2.4839e+00 7.0571e+03
-4.3744e+06 3.8994e+01 -9.1463e+02 -9.4517e+03 4.5345e+00 7.1589e+03
-4.5521e+06 3.8990e+01 -8.6352e+02 -9.4371e+03 -8.2996e+00 7.2602e+03
-4.7150e+06 3.9014e+01 -8.1242e+02 -9.4220e+03 -1.7362e+01 7.3617e+03
-4.6851e+06 3.8996e+01 -7.6133e+02 -9.4063e+03 -1.4289e+00 7.4632e+03
-4.6544e+06 3.8930e+01 -7.1028e+02 -9.3901e+03 -6.5698e-01 7.5641e+03
-4.7176e+06 3.8869e+01 -6.5925e+02 -9.3733e+03 -2.0386e+01 7.6653e+03
-4.6266e+06 3.8822e+01 -6.0827e+02 -9.3560e+03 -8.7106e+00 7.7663e+03
-4.5068e+06 3.8763e+01 -5.5734e+02 -9.3381e+03 3.9412e+00 7.8669e+03
-4.5272e+06 3.8731e+01 -5.0646e+02 -9.3197e+03 -5.3355e+00 7.9674e+03
-4.5580e+06 3.8766e+01 -4.5565e+02 -9.3008e+03 -5.0341e+00 8.0674e+03
-4.6099e+06 3.8848e+01 -4.0490e+02 -9.2813e+03 -4.6556e+00 8.1674e+03
-4.6793e+06 3.8978e+01 -3.5423e+02 -9.2613e+03 -1.0215e+01 8.2671e+03
-4.6948e+06 3.9208e+01 -3.0365e+02 -9.2408e+03 -1.1816e+01 8.3662e+03
-4.6149e+06 3.9551e+01 -2.5315e+02 -9.2197e+03 -9.2330e+00 8.4653e+03
-4.4520e+06 3.9969e+01 -2.0276e+02 -9.1982e+03 -1.7242e-01 8.5641e+03
-4.3594e+06 4.0415e+01 -1.5246e+02 -9.1761e+03 3.1467e+00 8.6621e+03
-4.3650e+06 4.0786e+01 -1.0228e+02 -9.1536e+03 -1.4759e+00 8.7599e+03
-4.3445e+06 4.0947e+01 -5.2219e+01 -9.1306e+03 1.3558e+00 8.8571e+03
-4.3167e+06 4.0928e+01 -2.2786e+00 -9.1071e+03 4.2122e+00 8.9540e+03
-4.3465e+06 4.0853e+01 4.7531e+01 -9.0831e+03 2.3837e-01 9.0505e+03
-4.3751e+06 4.0774e+01 9.7204e+01 -9.0586e+03 -7.3208e-01 9.1465e+03
-4.4033e+06 4.0732e+01 1.4674e+02 -9.0337e+03 -1.1380e-01 9.2419e+03
-4.4441e+06 4.0715e+01 1.9612e+02 -9.0084e+03 -2.9869e+00 9.3368e+03
-4.4948e+06 4.0656e+01 2.4534e+02 -8.9826e+03 -7.8412e+00 9.4312e+03
-4.4824e+06 4.0602e+01 2.9441e+02 -8.9563e+03 -4.6911e+00 9.5258e+03
-4.4421e+06 4.0591e+01 3.4331e+02 -8.9297e+03 4.5353e+00 9.6173e+03
-4.4543e+06 4.0559e+01 3.9204e+02 -8.9026e+03 -1.7122e+00 9.7119e+03
-4.4783e+06 4.0503e+01 4.4059e+02 -8.8751e+03 -7.2081e+00 9.7922e+03
-4.4702e+06 4.0469e+01 4.8896e+02 -8.8472e+03 3.7319e+00 9.8920e+03
-4.1081e+06 3.9435e+01 -1.1683e+03 -9.4879e+03 8.0165e+00 6.8098e+03
-4.2163e+06 3.9371e+01 -1.1172e+03 -9.4755e+03 -4.4942e-01 6.9235e+03
-4.2728e+06 3.9333e+01 -1.0661e+03 -9.4626e+03 -9.2649e+00 7.0148e+03
-4.2520e+06 3.9343e+01 -1.0149e+03 -9.4491e+03 2.6713e+00 7.1184e+03
-4.3068e+06 3.9352e+01 -9.6377e+02 -9.4350e+03 9.2128e+00 7.2210e+03
-4.4363e+06 3.9348e+01 -9.1261e+02 -9.4204e+03 2.2814e+00 7.3231e+03
-4.5719e+06 3.9346e+01 -8.6145e+02 -9.4052e+03 -5.0202e+00 7.4253e+03
-4.6131e+06 3.9322e+01 -8.1031e+02 -9.3894e+03 -3.9962e+00 7.5275e+03
-4.6028e+06 3.9263e+01 -7.5919e+02 -9.3731e+03 -4.8542e+00 7.6291e+03
-4.5827e+06 3.9196e+01 -7.0809e+02 -9.3562e+03 -5.0051e+00 7.7312e+03
-4.5179e+06 3.9155e+01 -6.5704e+02 -9.3388e+03 4.5816e+00 7.8330e+03
-4.4720e+06 3.9130e+01 -6.0602e+02 -9.3208e+03 2.6933e+00 7.9338e+03
-4.4690e+06 3.9104e+01 -5.5505e+02 -9.3023e+03 -3.2669e+00 8.0353e+03
-4.4349e+06 3.9086e+01 -5.0415e+02 -9.2833e+03 9.1781e+00 8.1363e+03
-4.4815e+06 3.9087e+01 -4.5330e+02 -9.2637e+03 1.4001e+01 8.2368e+03
-4.6368e+06 3.9118e+01 -4.0253e+02 -9.2436e+03 -3.2321e+00 8.3373e+03
-4.6999e+06 3.9224e+01 -3.5184e+02 -9.2229e+03 -1.2692e+01 8.4372e+03
-4.5962e+06 3.9461e+01 -3.0124e+02 -9.2018e+03 -6.1017e+00 8.5368e+03
-4.4559e+06 3.9834e+01 -2.5072e+02 -9.1801e+03 1.0013e+00 8.6361e+03
-4.3579e+06 4.0319e+01 -2.0031e+02 -9.1579e+03 3.9813e+00 8.7349e+03
-4.3281e+06 4.0824e+01 -1.5000e+02 -9.1353e+03 3.5429e+00 8.8335e+03
-4.3085e+06 4.1139e+01 -9.9809e+01 -9.1121e+03 3.7436e+00 8.9314e+03
-4.3106e+06 4.1199e+01 -4.9734e+01 -9.0884e+03 2.1545e+00 9.0290e+03
-4.3356e+06 4.1153e+01 2.1410e-01 -9.0643e+03 -1.0273e+00 9.1261e+03
-4.3597e+06 4.1096e+01 5.0030e+01 -9.0397e+03 -5.3697e-01 9.2227e+03
-4.3723e+06 4.1063e+01 9.9708e+01 -9.0146e+03 1.1216e+00 9.3187e+03
-4.3938e+06 4.1055e+01 1.4924e+02 -8.9891e+03 2.0066e+00 9.4142e+03
-4.4200e+06 4.1011e+01 1.9862e+02 -8.9631e+03 8.4864e-01 9.5093e+03
-4.4253e+06 4.0949e+01 2.4785e+02 -8.9367e+03 1.7381e+00 9.6045e+03
-4.4068e+06 4.0914e+01 2.9691e+02 -8.9099e+03 6.2445e+00 9.6966e+03
-4.4349e+06 4.0863e+01 3.4581e+02 -8.8826e+03 -1.1353e+00 9.7918e+03
-4.4590e+06 4.0794e+01 3.9453e+02 -8.8549e+03 -6.7408e+00 9.8729e+03
-4.4611e+06 4.0751e+01 4.4307e+02 -8.8269e+03 3.5509e+00 9.9731e+03
-4.0791e+06 3.9657e+01 -1.2177e+03 -9.4710e+03 7.9966e+00 6.8689e+03
-4.1859e+06 3.9595e+01 -1.1666e+03 -9.4586e+03 1.0883e-01 6.9831e+03
-4.2412e+06 3.9571e+01 -1.1154e+03 -9.4456e+03 -7.5193e+00 7.0755e+03
-4.2160e+06 3.9612e+01 -1.0642e+03 -9.4320e+03 5.8601e+00 7.1797e+03
-4.2588e+06 3.9659e+01 -1.0130e+03 -9.4179e+03 1.2318e+01 7.2829e+03
-4.3873e+06 3.9659e+01 -9.6184e+02 -9.4032e+03 4.6755e+00 7.3861e+03
-4.4835e+06 3.9632e+01 -9.1063e+02 -9.3879e+03 8.9265e-01 7.4890e+03
-4.5301e+06 3.9600e+01 -8.5943e+02 -9.3721e+03 -1.5742e+00 7.5920e+03
-4.5259e+06 3.9546e+01 -8.0825e+02 -9.3557e+03 -1.5163e+00 7.6943e+03
-4.4520e+06 3.9467e+01 -7.5709e+02 -9.3387e+03 1.2786e+01 7.7970e+03
-4.4122e+06 3.9413e+01 -7.0596e+02 -9.3212e+03 1.8660e+01 7.8997e+03
-4.4353e+06 3.9407e+01 -6.5487e+02 -9.3031e+03 7.2320e+00 8.0013e+03
-4.4267e+06 3.9402e+01 -6.0382e+02 -9.2845e+03 3.2070e+00 8.1031e+03
-4.3822e+06 3.9365e+01 -5.5283e+02 -9.2654e+03 1.2994e+01 8.2048e+03
-4.4343e+06 3.9330e+01 -5.0189e+02 -9.2457e+03 1.0868e+01 8.3060e+03
-4.6434e+06 3.9322e+01 -4.5102e+02 -9.2254e+03 -1.4533e+01 8.4074e+03
-4.6736e+06 3.9346e+01 -4.0023e+02 -9.2047e+03 -1.7872e+01 8.5082e+03
-4.4994e+06 3.9464e+01 -3.4952e+02 -9.1834e+03 1.8410e+00 8.6085e+03
-4.3936e+06 3.9764e+01 -2.9889e+02 -9.1616e+03 5.4913e+00 8.7084e+03
-4.3560e+06 4.0283e+01 -2.4836e+02 -9.1393e+03 2.5573e+00 8.8079e+03
-4.3417e+06 4.0922e+01 -1.9793e+02 -9.1165e+03 4.3076e-01 8.9071e+03
-4.3294e+06 4.1387e+01 -1.4761e+02 -9.0931e+03 -7.1614e-01 9.0057e+03
-4.3088e+06 4.1517e+01 -9.7406e+01 -9.0693e+03 7.4043e-03 9.1039e+03
-4.3236e+06 4.1481e+01 -4.7322e+01 -9.0450e+03 -9.3900e-01 9.2017e+03
-4.3391e+06 4.1428e+01 2.6335e+00 -9.0203e+03 -6.3438e-01 9.2990e+03
-4.3568e+06 4.1386e+01 5.2455e+01 -8.9950e+03 8.4175e-01 9.3956e+03
-4.3598e+06 4.1371e+01 1.0214e+02 -8.9693e+03 2.7289e+00 9.4916e+03
-4.3730e+06 4.1341e+01 1.5167e+02 -8.9432e+03 2.2799e+00 9.5873e+03
-4.3797e+06 4.1285e+01 2.0105e+02 -8.9166e+03 1.2022e+00 9.6833e+03
-4.3881e+06 4.1234e+01 2.5027e+02 -8.8896e+03 4.1151e+00 9.7762e+03
-4.4164e+06 4.1159e+01 2.9933e+02 -8.8621e+03 -1.8702e+00 9.8717e+03
-4.4453e+06 4.1078e+01 3.4822e+02 -8.8343e+03 -6.8265e+00 9.9536e+03
-4.4426e+06 4.1032e+01 3.9693e+02 -8.8060e+03 2.8799e+00 1.0054e+04
-4.0454e+06 3.9924e+01 -1.2672e+03 -9.4537e+03 8.1590e+00 6.9280e+03
-4.1363e+06 3.9858e+01 -1.2161e+03 -9.4412e+03 4.0741e+00 7.0430e+03
-4.1888e+06 3.9829e+01 -1.1649e+03 -9.4282e+03 -1.0441e+00 7.1366e+03
-4.1786e+06 3.9869e+01 -1.1137e+03 -9.4145e+03 1.2109e+01 7.2414e+03
-4.2456e+06 3.9912e+01 -1.0624e+03 -9.4003e+03 1.5988e+01 7.3451e+03
-4.4378e+06 3.9894e+01 -1.0112e+03 -9.3856e+03 -2.6255e+00 7.4491e+03
-4.5624e+06 3.9845e+01 -9.5995e+02 -9.3702e+03 -1.2247e+01 7.5523e+03
-4.5413e+06 3.9812e+01 -9.0870e+02 -9.3543e+03 -6.1292e+00 7.6558e+03
-4.4895e+06 3.9774e+01 -8.5746e+02 -9.3378e+03 7.4557e-01 7.7595e+03
-4.4359e+06 3.9698e+01 -8.0624e+02 -9.3208e+03 1.0486e+01 7.8627e+03
-4.4594e+06 3.9629e+01 -7.5504e+02 -9.3032e+03 5.8985e+00 7.9659e+03
-4.5045e+06 3.9616e+01 -7.0388e+02 -9.2850e+03 -1.6933e+00 8.0688e+03
-4.4580e+06 3.9620e+01 -6.5275e+02 -9.2663e+03 6.3539e+00 8.1717e+03
-4.3942e+06 3.9585e+01 -6.0168e+02 -9.2470e+03 1.2974e+01 8.2740e+03
-4.4149e+06 3.9544e+01 -5.5065e+02 -9.2272e+03 6.6432e+00 8.3756e+03
-4.5450e+06 3.9540e+01 -4.9969e+02 -9.2068e+03 -1.1263e+01 8.4774e+03
-4.5560e+06 3.9546e+01 -4.4880e+02 -9.1860e+03 -1.0810e+01 8.5791e+03
-4.4299e+06 3.9591e+01 -3.9798e+02 -9.1645e+03 3.6114e+00 8.6799e+03
-4.3695e+06 3.9817e+01 -3.4725e+02 -9.1426e+03 3.2039e+00 8.7805e+03
-4.3519e+06 4.0343e+01 -2.9661e+02 -9.1201e+03 5.4632e-01 8.8810e+03
-4.3470e+06 4.1099e+01 -2.4606e+02 -9.0972e+03 -4.0399e-01 8.9808e+03
-4.3281e+06 4.1723e+01 -1.9562e+02 -9.0737e+03 -6.1786e-01 9.0801e+03
-4.2998e+06 4.1939e+01 -1.4529e+02 -9.0497e+03 1.0095e+00 9.1789e+03
-4.3077e+06 4.1896e+01 -9.5073e+01 -9.0253e+03 -5.3425e-02 9.2774e+03
-4.3271e+06 4.1818e+01 -4.4982e+01 -9.0004e+03 -5.7032e-01 9.3754e+03
-4.3380e+06 4.1751e+01 4.9793e+00 -8.9750e+03 4.1057e-01 9.4726e+03
-4.3434e+06 4.1707e+01 5.4804e+01 -8.9491e+03 1.6660e+00 9.5693e+03
-4.3542e+06 4.1671e+01 1.0449e+02 -8.9228e+03 1.5694e-01 9.6657e+03
-4.3675e+06 4.1622e+01 1.5402e+02 -8.8960e+03 -1.8835e+00 9.7621e+03
-4.3743e+06 4.1568e+01 2.0340e+02 -8.8688e+03 1.3794e+00 9.8557e+03
-4.4066e+06 4.1489e+01 2.5262e+02 -8.8412e+03 -2.7443e+00 9.9517e+03
-4.4298e+06 4.1420e+01 3.0167e+02 -8.8131e+03 -6.5336e+00 1.0034e+04
-4.4307e+06 4.1398e+01 3.5055e+02 -8.7847e+03 2.8865e+00 1.0135e+04
-4.0116e+06 4.0235e+01 -1.3168e+03 -9.4360e+03 6.6423e+00 6.9875e+03
-4.0805e+06 4.0164e+01 -1.2657e+03 -9.4235e+03 7.2610e+00 7.1029e+03
-4.1595e+06 4.0109e+01 -1.2145e+03 -9.4104e+03 2.4289e+00 7.1972e+03
-4.2097e+06 4.0120e+01 -1.1632e+03 -9.3967e+03 1.0208e+01 7.3028e+03
-4.2905e+06 4.0130e+01 -1.1120e+03 -9.3824e+03 1.2880e+01 7.4073e+03
-4.4808e+06 4.0074e+01 -1.0607e+03 -9.3675e+03 -8.2567e+00 7.5122e+03
-4.6157e+06 4.0007e+01 -1.0094e+03 -9.3521e+03 -2.2094e+01 7.6164e+03
-4.5393e+06 3.9979e+01 -9.5810e+02 -9.3361e+03 -8.2088e+00 7.7205e+03
-4.4262e+06 3.9957e+01 -9.0681e+02 -9.3195e+03 3.9849e+00 7.8251e+03
-4.4097e+06 3.9900e+01 -8.5553e+02 -9.3024e+03 4.3275e+00 7.9287e+03
-4.5064e+06 3.9839e+01 -8.0428e+02 -9.2847e+03 -1.2086e+01 8.0321e+03
-4.6195e+06 3.9825e+01 -7.5304e+02 -9.2664e+03 -2.4892e+01 8.1359e+03
-4.5873e+06 3.9837e+01 -7.0185e+02 -9.2476e+03 -1.3112e+01 8.2397e+03
-4.4965e+06 3.9813e+01 -6.5069e+02 -9.2282e+03 -1.3422e+00 8.3430e+03
-4.4213e+06 3.9780e+01 -5.9959e+02 -9.2083e+03 3.4567e+00 8.4454e+03
-4.3962e+06 3.9791e+01 -5.4854e+02 -9.1878e+03 5.1324e+00 8.5478e+03
-4.3887e+06 3.9803e+01 -4.9755e+02 -9.1668e+03 4.7703e+00 8.6502e+03
-4.3737e+06 3.9815e+01 -4.4664e+02 -9.1452e+03 4.0989e+00 8.7516e+03
-4.3572e+06 3.9976e+01 -3.9580e+02 -9.1232e+03 7.1728e-01 8.8530e+03
-4.3429e+06 4.0449e+01 -3.4505e+02 -9.1006e+03 2.2388e-01 8.9541e+03
-4.3182e+06 4.1218e+01 -2.9439e+02 -9.0774e+03 1.2753e+00 9.0545e+03
-4.2983e+06 4.1963e+01 -2.4383e+02 -9.0538e+03 1.6817e+00 9.1547e+03
-4.2775e+06 4.2329e+01 -1.9337e+02 -9.0297e+03 2.1157e+00 9.2541e+03
-4.2900e+06 4.2346e+01 -1.4303e+02 -9.0051e+03 6.6875e-01 9.3532e+03
-4.3087e+06 4.2257e+01 -9.2811e+01 -8.9800e+03 -3.0831e-01 9.4517e+03
-4.3310e+06 4.2170e+01 -4.2714e+01 -8.9544e+03 5.7460e-01 9.5496e+03
-4.3320e+06 4.2105e+01 7.2510e+00 -8.9284e+03 1.9918e+00 9.6471e+03
-4.3448e+06 4.2057e+01 5.7077e+01 -8.9019e+03 6.0494e-01 9.7441e+03
-4.3532e+06 4.2011e+01 1.0676e+02 -8.8749e+03 -1.2997e+00 9.8411e+03
-4.3700e+06 4.1966e+01 1.5629e+02 -8.8476e+03 1.6617e+00 9.9352e+03
-4.3955e+06 4.1904e+01 2.0567e+02 -8.8197e+03 -2.6261e+00 1.0032e+04
-4.4168e+06 4.1866e+01 2.5488e+02 -8.7915e+03 -6.1189e+00 1.0115e+04
-4.4060e+06 4.1891e+01 3.0392e+02 -8.7629e+03 3.4363e+00 1.0217e+04
-3.9740e+06 4.0592e+01 -1.3665e+03 -9.4179e+03 5.7796e+00 7.0468e+03
-4.0152e+06 4.0541e+01 -1.3153e+03 -9.4053e+03 1.1654e+01 7.1627e+03
-4.1314e+06 4.0458e+01 -1.2641e+03 -9.3921e+03 2.6687e+00 7.2578e+03
-4.2854e+06 4.0426e+01 -1.2129e+03 -9.3783e+03 -3.8007e+00 7.3644e+03
-4.4033e+06 4.0395e+01 -1.1616e+03 -9.3640e+03 -5.9241e+00 7.4697e+03
-4.5092e+06 4.0304e+01 -1.1103e+03 -9.3491e+03 -1.8209e+01 7.5750e+03
-4.5517e+06 4.0231e+01 -1.0590e+03 -9.3335e+03 -2.1331e+01 7.6803e+03
-4.4211e+06 4.0215e+01 -1.0076e+03 -9.3175e+03 1.2145e+00 7.7853e+03
-4.2972e+06 4.0191e+01 -9.5630e+02 -9.3008e+03 1.3327e+01 7.8904e+03
-4.3009e+06 4.0138e+01 -9.0497e+02 -9.2836e+03 8.3324e+00 7.9950e+03
-4.4069e+06 4.0080e+01 -8.5365e+02 -9.2657e+03 -5.1551e+00 8.0993e+03
-4.5447e+06 4.0058e+01 -8.0236e+02 -9.2474e+03 -1.8131e+01 8.2036e+03
-4.6102e+06 4.0085e+01 -7.5110e+02 -9.2284e+03 -2.0454e+01 8.3075e+03
-4.5979e+06 4.0094e+01 -6.9987e+02 -9.2089e+03 -2.1769e+01 8.4113e+03
-4.4919e+06 4.0081e+01 -6.4868e+02 -9.1889e+03 -1.1268e+01 8.5150e+03
-4.3583e+06 4.0108e+01 -5.9755e+02 -9.1683e+03 5.9051e+00 8.6182e+03
-4.3248e+06 4.0117e+01 -5.4648e+02 -9.1471e+03 6.9377e+00 8.7211e+03
-4.3412e+06 4.0079e+01 -4.9547e+02 -9.1255e+03 1.7844e+00 8.8234e+03
-4.3482e+06 4.0166e+01 -4.4453e+02 -9.1032e+03 -6.6295e-02 8.9256e+03
-4.3380e+06 4.0560e+01 -3.9368e+02 -9.0805e+03 7.0515e-02 9.0272e+03
-4.3203e+06 4.1263e+01 -3.4291e+02 -9.0572e+03 1.1618e+00 9.1284e+03
-4.2905e+06 4.2040e+01 -2.9224e+02 -9.0335e+03 2.5126e+00 9.2292e+03
-4.2603e+06 4.2552e+01 -2.4166e+02 -9.0092e+03 4.3783e+00 9.3292e+03
-4.2637e+06 4.2698e+01 -1.9120e+02 -8.9844e+03 3.1262e+00 9.4289e+03
-4.2971e+06 4.2651e+01 -1.4085e+02 -8.9591e+03 4.1365e-01 9.5282e+03
-4.3177e+06 4.2574e+01 -9.0620e+01 -8.9334e+03 3.2993e-01 9.6268e+03
-4.3300e+06 4.2515e+01 -4.0519e+01 -8.9072e+03 1.5624e+00 9.7248e+03
-4.3399e+06 4.2468e+01 9.4481e+00 -8.8805e+03 8.8001e-01 9.8224e+03
-4.3517e+06 4.2428e+01 5.9275e+01 -8.8534e+03 2.4984e-01 9.9200e+03
-4.3585e+06 4.2395e+01 1.0896e+02 -8.8258e+03 3.2399e+00 1.0015e+04
-4.3901e+06 4.2349e+01 1.5848e+02 -8.7978e+03 -2.2302e+00 1.0112e+04
-4.4042e+06 4.2326e+01 2.0785e+02 -8.7694e+03 -6.7183e+00 1.0196e+04
-4.3959e+06 4.2379e+01 2.5706e+02 -8.7405e+03 2.9327e+00 1.0298e+04
-3.9272e+06 4.1034e+01 -1.4163e+03 -9.3994e+03 6.5794e+00 7.1061e+03
-3.9566e+06 4.1033e+01 -1.3651e+03 -9.3867e+03 1.2551e+01 7.2227e+03
-4.0703e+06 4.0954e+01 -1.3139e+03 -9.3735e+03 5.1349e+00 7.3188e+03
-4.2711e+06 4.0897e+01 -1.2626e+03 -9.3596e+03 -5.3430e+00 7.4261e+03
-4.4650e+06 4.0839e+01 -1.2113e+03 -9.3452e+03 -1.8841e+01 7.5322e+03
-4.5339e+06 4.0732e+01 -1.1600e+03 -9.3302e+03 -2.6278e+01 7.6377e+03
-4.4662e+06 4.0672e+01 -1.1087e+03 -9.3146e+03 -1.5031e+01 7.7440e+03
-4.3185e+06 4.0684e+01 -1.0573e+03 -9.2984e+03 5.5486e+00 7.8498e+03
-4.2247e+06 4.0647e+01 -1.0059e+03 -9.2816e+03 1.0346e+01 7.9553e+03
-4.2306e+06 4.0562e+01 -9.5454e+02 -9.2643e+03 5.7043e+00 8.0609e+03
-4.2751e+06 4.0477e+01 -9.0317e+02 -9.2464e+03 4.9914e+00 8.1661e+03
-4.3428e+06 4.0402e+01 -8.5182e+02 -9.2279e+03 5.3311e+00 8.2714e+03
-4.4351e+06 4.0393e+01 -8.0050e+02 -9.2088e+03 -1.5061e+00 8.3761e+03
-4.5125e+06 4.0418e+01 -7.4920e+02 -9.1892e+03 -1.3804e+01 8.4804e+03
-4.4635e+06 4.0414e+01 -6.9794e+02 -9.1690e+03 -8.3668e+00 8.5846e+03
-4.3553e+06 4.0439e+01 -6.4673e+02 -9.1483e+03 5.8391e+00 8.6885e+03
-4.3230e+06 4.0430e+01 -5.9557e+02 -9.1270e+03 5.6387e+00 8.7921e+03
-4.3340e+06 4.0331e+01 -5.4447e+02 -9.1052e+03 1.4945e+00 8.8951e+03
-4.3378e+06 4.0346e+01 -4.9344e+02 -9.0829e+03 -1.6539e-01 8.9979e+03
-4.3335e+06 4.0689e+01 -4.4249e+02 -9.0600e+03 6.0682e-02 9.1003e+03
-4.3230e+06 4.1346e+01 -3.9162e+02 -9.0366e+03 1.9609e+00 9.2022e+03
-4.3142e+06 4.2107e+01 -3.4084e+02 -9.0126e+03 2.4605e+00 9.3037e+03
-4.2832e+06 4.2675e+01 -2.9015e+02 -8.9882e+03 4.2273e+00 9.4044e+03
-4.2674e+06 4.2914e+01 -2.3957e+02 -8.9633e+03 4.7215e+00 9.5046e+03
-4.2829e+06 4.2937e+01 -1.8909e+02 -8.9378e+03 1.7202e+00 9.6047e+03
-4.3115e+06 4.2909e+01 -1.3874e+02 -8.9119e+03 -1.8126e-02 9.7039e+03
-4.3251e+06 4.2887e+01 -8.8502e+01 -8.8855e+03 4.2385e-01 9.8025e+03
-4.3379e+06 4.2857e+01 -3.8398e+01 -8.8587e+03 1.8465e-01 9.9007e+03
-4.3432e+06 4.2829e+01 1.1570e+01 -8.8313e+03 3.7158e-01 9.9989e+03
-4.3537e+06 4.2814e+01 6.1396e+01 -8.8036e+03 3.6013e+00 1.0094e+04
-4.3778e+06 4.2780e+01 1.1107e+02 -8.7754e+03 -2.2085e+00 1.0192e+04
-4.3930e+06 4.2739e+01 1.6060e+02 -8.7468e+03 -7.3212e+00 1.0277e+04
-4.3776e+06 4.2763e+01 2.0996e+02 -8.7177e+03 2.1411e+00 1.0379e+04
-3.8816e+06 4.1536e+01 -1.4661e+03 -9.3804e+03 8.2507e+00 7.1656e+03
-3.9178e+06 4.1611e+01 -1.4150e+03 -9.3677e+03 1.1640e+01 7.2827e+03
-3.9876e+06 4.1570e+01 -1.3638e+03 -9.3544e+03 1.0182e+01 7.3797e+03
-4.1536e+06 4.1524e+01 -1.3125e+03 -9.3405e+03 5.8520e+00 7.4876e+03
-4.4083e+06 4.1462e+01 -1.2612e+03 -9.3260e+03 -1.6479e+01 7.5946e+03
-4.4778e+06 4.1357e+01 -1.2098e+03 -9.3109e+03 -2.0403e+01 7.7010e+03
-4.3443e+06 4.1323e+01 -1.1585e+03 -9.2952e+03 1.5254e+00 7.8079e+03
-4.2324e+06 4.1385e+01 -1.1071e+03 -9.2789e+03 1.0237e+01 7.9145e+03
-4.1914e+06 4.1365e+01 -1.0557e+03 -9.2620e+03 4.7390e+00 8.0205e+03
-4.1948e+06 4.1253e+01 -1.0042e+03 -9.2446e+03 1.0019e+00 8.1269e+03
-4.2108e+06 4.1142e+01 -9.5282e+02 -9.2266e+03 2.8074e+00 8.2328e+03
-4.2313e+06 4.1001e+01 -9.0142e+02 -9.2080e+03 6.8385e+00 8.3387e+03
-4.2741e+06 4.0903e+01 -8.5004e+02 -9.1888e+03 6.7209e+00 8.4442e+03
-4.3158e+06 4.0885e+01 -7.9868e+02 -9.1691e+03 4.5949e+00 8.5496e+03
-4.3299e+06 4.0849e+01 -7.4735e+02 -9.1488e+03 6.3776e+00 8.6544e+03
-4.3450e+06 4.0826e+01 -6.9607e+02 -9.1279e+03 3.9806e+00 8.7589e+03
-4.3646e+06 4.0780e+01 -6.4483e+02 -9.1065e+03 -2.2766e+00 8.8632e+03
-4.3497e+06 4.0626e+01 -5.9365e+02 -9.0845e+03 -1.7661e+00 8.9669e+03
-4.3329e+06 4.0598e+01 -5.4253e+02 -9.0620e+03 -3.9178e-01 9.0704e+03
-4.3181e+06 4.0923e+01 -4.9148e+02 -9.0390e+03 4.4982e-01 9.1735e+03
-4.3208e+06 4.1535e+01 -4.4051e+02 -9.0154e+03 2.2388e+00 9.2758e+03
-4.3585e+06 4.2230e+01 -3.8962e+02 -8.9913e+03 -2.7378e+00 9.3781e+03
-4.3752e+06 4.2767e+01 -3.3883e+02 -8.9667e+03 -6.0585e+00 9.4797e+03
-4.3255e+06 4.3033e+01 -2.8813e+02 -8.9416e+03 -3.1555e-01 9.5805e+03
-4.2942e+06 4.3132e+01 -2.3753e+02 -8.9160e+03 2.4259e+00 9.6811e+03
-4.2999e+06 4.3199e+01 -1.8705e+02 -8.8899e+03 -1.9759e-01 9.7810e+03
-4.3184e+06 4.3244e+01 -1.3669e+02 -8.8634e+03 -7.4240e-01 9.8803e+03
-4.3278e+06 4.3237e+01 -8.6455e+01 -8.8363e+03 -5.3930e-01 9.9791e+03
-4.3397e+06 4.3216e+01 -3.6350e+01 -8.8088e+03 -4.6283e-01 1.0078e+04
-4.3405e+06 4.3223e+01 1.3617e+01 -8.7809e+03 2.7672e+00 1.0174e+04
-4.3654e+06 4.3216e+01 6.3440e+01 -8.7525e+03 -2.3964e+00 1.0272e+04
-4.3733e+06 4.3162e+01 1.1311e+02 -8.7236e+03 -6.9378e+00 1.0358e+04
-4.3676e+06 4.3135e+01 1.6263e+02 -8.6944e+03 2.1694e+00 1.0461e+04
-3.8558e+06 4.1908e+01 -1.5161e+03 -9.3611e+03 8.2937e+00 7.2250e+03
-3.8941e+06 4.2106e+01 -1.4649e+03 -9.3483e+03 1.0063e+01 7.3426e+03
-3.9531e+06 4.2153e+01 -1.4137e+03 -9.3349e+03 7.8452e+00 7.4406e+03
-4.0752e+06 4.2153e+01 -1.3624e+03 -9.3209e+03 6.8635e+00 7.5492e+03
-4.2909e+06 4.2110e+01 -1.3111e+03 -9.3063e+03 -8.7186e+00 7.6568e+03
-4.3678e+06 4.2007e+01 -1.2598e+03 -9.2911e+03 -7.0553e+00 7.7643e+03
-4.2608e+06 4.1971e+01 -1.2084e+03 -9.2753e+03 1.3045e+01 7.8718e+03
-4.1781e+06 4.2060e+01 -1.1569e+03 -9.2590e+03 1.3871e+01 7.9791e+03
-4.1584e+06 4.2098e+01 -1.1055e+03 -9.2420e+03 5.1772e+00 8.0861e+03
-4.1639e+06 4.2025e+01 -1.0541e+03 -9.2245e+03 1.4488e+00 8.1930e+03
-4.1752e+06 4.1930e+01 -1.0026e+03 -9.2063e+03 6.2892e-01 8.2997e+03
-4.1865e+06 4.1782e+01 -9.5115e+02 -9.1876e+03 1.4760e+00 8.4062e+03
-4.2011e+06 4.1632e+01 -8.9972e+02 -9.1683e+03 2.5597e+00 8.5123e+03
-4.2118e+06 4.1570e+01 -8.4830e+02 -9.1485e+03 5.3676e+00 8.6184e+03
-4.2339e+06 4.1497e+01 -7.9691e+02 -9.1280e+03 7.0504e+00 8.7241e+03
-4.3084e+06 4.1423e+01 -7.4556e+02 -9.1070e+03 -1.2978e+00 8.8293e+03
-4.3829e+06 4.1346e+01 -6.9425e+02 -9.0855e+03 -1.2685e+01 8.9342e+03
-4.3742e+06 4.1165e+01 -6.4299e+02 -9.0634e+03 -9.8642e+00 9.0386e+03
-4.3227e+06 4.1098e+01 -5.9178e+02 -9.0407e+03 -1.2689e+00 9.1428e+03
-4.2897e+06 4.1378e+01 -5.4064e+02 -9.0175e+03 2.2339e+00 9.2467e+03
-4.2794e+06 4.1861e+01 -4.8958e+02 -8.9938e+03 4.7595e+00 9.3499e+03
-4.3473e+06 4.2375e+01 -4.3859e+02 -8.9695e+03 -1.9035e+00 9.4526e+03
-4.4330e+06 4.2815e+01 -3.8769e+02 -8.9448e+03 -1.3057e+01 9.5547e+03
-4.4056e+06 4.3102e+01 -3.3688e+02 -8.9195e+03 -8.9599e+00 9.6562e+03
-4.3217e+06 4.3297e+01 -2.8617e+02 -8.8937e+03 3.5751e-01 9.7574e+03
-4.3034e+06 4.3484e+01 -2.3557e+02 -8.8675e+03 6.5402e-01 9.8581e+03
-4.3074e+06 4.3615e+01 -1.8509e+02 -8.8407e+03 -2.3551e-01 9.9581e+03
-4.3149e+06 4.3629e+01 -1.3472e+02 -8.8135e+03 -9.9648e-02 1.0057e+04
-4.3207e+06 4.3595e+01 -8.4481e+01 -8.7858e+03 -4.3218e-01 1.0157e+04
-4.3307e+06 4.3602e+01 -3.4376e+01 -8.7576e+03 2.4378e+00 1.0253e+04
-4.3473e+06 4.3617e+01 1.5588e+01 -8.7291e+03 -2.4608e+00 1.0352e+04
-4.3569e+06 4.3579e+01 6.5407e+01 -8.7000e+03 -6.6860e+00 1.0439e+04
-4.3455e+06 4.3533e+01 1.1507e+02 -8.6706e+03 1.9573e+00 1.0542e+04
-3.8530e+06 4.2026e+01 -1.5660e+03 -9.3414e+03 6.7757e+00 7.2843e+03
-3.8996e+06 4.2340e+01 -1.5149e+03 -9.3285e+03 7.2551e+00 7.4026e+03
-3.9518e+06 4.2540e+01 -1.4637e+03 -9.3150e+03 2.4150e+00 7.5015e+03
-4.0248e+06 4.2642e+01 -1.4125e+03 -9.3009e+03 4.9866e+00 7.6107e+03
-4.1691e+06 4.2655e+01 -1.3611e+03 -9.2862e+03 1.6439e+00 7.7189e+03
-4.3027e+06 4.2572e+01 -1.3098e+03 -9.2710e+03 -1.6319e+00 7.8276e+03
-4.3193e+06 4.2496e+01 -1.2584e+03 -9.2551e+03 2.9850e+00 7.9355e+03
-4.2434e+06 4.2533e+01 -1.2069e+03 -9.2386e+03 4.8104e+00 8.0436e+03
-4.1729e+06 4.2600e+01 -1.1555e+03 -9.2215e+03 3.6005e+00 8.1515e+03
-4.1478e+06 4.2599e+01 -1.1040e+03 -9.2039e+03 2.4287e+00 8.2589e+03
-4.1506e+06 4.2549e+01 -1.0525e+03 -9.1856e+03 1.1724e+00 8.3664e+03
-4.1579e+06 4.2442e+01 -1.0010e+03 -9.1668e+03 1.0353e+00 8.4737e+03
-4.1652e+06 4.2313e+01 -9.4953e+02 -9.1474e+03 7.7380e-01 8.5807e+03
-4.1689e+06 4.2251e+01 -8.9806e+02 -9.1274e+03 1.2118e+00 8.6873e+03
-4.1800e+06 4.2189e+01 -8.4661e+02 -9.1068e+03 3.5656e+00 8.7937e+03
-4.2294e+06 4.2121e+01 -7.9519e+02 -9.0857e+03 1.0646e+00 8.8997e+03
-4.3074e+06 4.2067e+01 -7.4381e+02 -9.0640e+03 -7.5541e+00 9.0053e+03
-4.3284e+06 4.1918e+01 -6.9248e+02 -9.0417e+03 -6.8480e+00 9.1104e+03
-4.2977e+06 4.1826e+01 -6.4120e+02 -9.0189e+03 8.6498e-01 9.2151e+03
-4.2737e+06 4.2004e+01 -5.8997e+02 -8.9956e+03 3.3438e+00 9.3195e+03
-4.2614e+06 4.2287e+01 -5.3881e+02 -8.9717e+03 7.4939e+00 9.4237e+03
-4.2976e+06 4.2554e+01 -4.8773e+02 -8.9473e+03 7.8399e+00 9.5271e+03
-4.3936e+06 4.2856e+01 -4.3673e+02 -8.9224e+03 -3.4511e+00 9.6297e+03
-4.4227e+06 4.3166e+01 -3.8582e+02 -8.8969e+03 -9.2199e+00 9.7320e+03
-4.3573e+06 4.3462e+01 -3.3500e+02 -8.8710e+03 -3.0849e+00 9.8337e+03
-4.3000e+06 4.3752e+01 -2.8428e+02 -8.8445e+03 1.4243e+00 9.9350e+03
-4.2917e+06 4.3954e+01 -2.3368e+02 -8.8176e+03 1.4737e+00 1.0036e+04
-4.2966e+06 4.3992e+01 -1.8319e+02 -8.7902e+03 2.7182e-01 1.0136e+04
-4.3051e+06 4.3949e+01 -1.3282e+02 -8.7623e+03 -4.5058e-01 1.0236e+04
-4.3101e+06 4.3934e+01 -8.2580e+01 -8.7339e+03 2.2460e+00 1.0333e+04
-4.3333e+06 4.3928e+01 -3.2477e+01 -8.7051e+03 -2.7131e+00 1.0432e+04
-4.3411e+06 4.3902e+01 1.7484e+01 -8.6759e+03 -7.1276e+00 1.0520e+04
-4.3359e+06 4.3881e+01 6.7296e+01 -8.6463e+03 1.1581e+00 1.0623e+04
-3.8600e+06 4.2025e+01 -1.6161e+03 -9.3212e+03 5.4437e+00 7.3436e+03
-3.9119e+06 4.2354e+01 -1.5650e+03 -9.3082e+03 5.2365e+00 7.4626e+03
-3.9580e+06 4.2695e+01 -1.5138e+03 -9.2947e+03 6.6156e-01 7.5624e+03
-3.9960e+06 4.2953e+01 -1.4626e+03 -9.2805e+03 6.2114e+00 7.6722e+03
-4.1029e+06 4.3077e+01 -1.4112e+03 -9.2657e+03 6.1265e+00 7.7813e+03
-4.2791e+06 4.3053e+01 -1.3599e+03 -9.2504e+03 -5.4723e+00 7.8907e+03
-4.3741e+06 4.2956e+01 -1.3085e+03 -9.2344e+03 -9.3221e+00 7.9992e+03
-4.3308e+06 4.2907e+01 -1.2570e+03 -9.2178e+03 -4.6787e+00 8.1079e+03
-4.2279e+06 4.2933e+01 -1.2055e+03 -9.2006e+03 -1.0733e+00 8.2167e+03
-4.1531e+06 4.2957e+01 -1.1540e+03 -9.1828e+03 1.2234e+00 8.3249e+03
-4.1359e+06 4.2933e+01 -1.1025e+03 -9.1645e+03 7.5751e-01 8.4332e+03
-4.1381e+06 4.2858e+01 -1.0510e+03 -9.1455e+03 3.1949e-01 8.5412e+03
-4.1378e+06 4.2765e+01 -9.9946e+02 -9.1260e+03 4.8774e-01 8.6488e+03
-4.1408e+06 4.2709e+01 -9.4795e+02 -9.1059e+03 7.9323e-01 8.7561e+03
-4.1420e+06 4.2671e+01 -8.9645e+02 -9.0852e+03 2.6483e+00 8.8633e+03
-4.1638e+06 4.2648e+01 -8.4497e+02 -9.0639e+03 3.8652e+00 8.9700e+03
-4.2054e+06 4.2646e+01 -7.9353e+02 -9.0420e+03 2.2684e+00 9.0763e+03
-4.2414e+06 4.2566e+01 -7.4212e+02 -9.0196e+03 2.4112e+00 9.1823e+03
-4.2581e+06 4.2482e+01 -6.9076e+02 -8.9967e+03 2.8021e+00 9.2877e+03
-4.2805e+06 4.2553e+01 -6.3946e+02 -8.9732e+03 9.4798e-01 9.3925e+03
-4.2921e+06 4.2658e+01 -5.8822e+02 -8.9491e+03 3.0131e+00 9.4973e+03
-4.3210e+06 4.2741e+01 -5.3704e+02 -8.9246e+03 4.5444e+00 9.6013e+03
-4.3580e+06 4.2934e+01 -4.8595e+02 -8.8995e+03 1.0969e+00 9.7047e+03
-4.3807e+06 4.3243e+01 -4.3493e+02 -8.8738e+03 -3.1448e+00 9.8080e+03
-4.3499e+06 4.3597e+01 -3.8401e+02 -8.8477e+03 -2.8359e+00 9.9103e+03
-4.3025e+06 4.3960e+01 -3.3318e+02 -8.8211e+03 1.0400e+00 1.0012e+04
-4.2754e+06 4.4225e+01 -2.8246e+02 -8.7939e+03 2.0136e+00 1.0113e+04
-4.2751e+06 4.4309e+01 -2.3185e+02 -8.7663e+03 3.7156e-01 1.0214e+04
-4.2712e+06 4.4308e+01 -1.8136e+02 -8.7383e+03 -3.4467e-01 1.0314e+04
-4.2830e+06 4.4306e+01 -1.3099e+02 -8.7097e+03 1.8601e+00 1.0412e+04
-4.3062e+06 4.4259e+01 -8.0753e+01 -8.6807e+03 -3.3202e+00 1.0512e+04
-4.3228e+06 4.4221e+01 -3.0653e+01 -8.6513e+03 -7.7701e+00 1.0600e+04
-4.3128e+06 4.4246e+01 1.9302e+01 -8.6215e+03 5.6031e-01 1.0704e+04
-3.8669e+06 4.2066e+01 -1.6662e+03 -9.3006e+03 4.5606e+00 7.4027e+03
-3.9307e+06 4.2322e+01 -1.6151e+03 -9.2876e+03 4.0972e+00 7.5225e+03
-3.9714e+06 4.2702e+01 -1.5639e+03 -9.2739e+03 -4.8250e-01 7.6232e+03
-3.9951e+06 4.3099e+01 -1.5127e+03 -9.2597e+03 4.5329e+00 7.7339e+03
-4.0930e+06 4.3375e+01 -1.4614e+03 -9.2448e+03 2.5425e+00 7.8435e+03
-4.2552e+06 4.3452e+01 -1.4101e+03 -9.2293e+03 -1.1340e+01 7.9536e+03
-4.3386e+06 4.3377e+01 -1.3586e+03 -9.2133e+03 -1.3261e+01 8.0631e+03
-4.3152e+06 4.3285e+01 -1.3072e+03 -9.1966e+03 -4.7337e+00 8.1724e+03
-4.2314e+06 4.3257e+01 -1.2557e+03 -9.1793e+03 -1.8149e-01 8.2819e+03
-4.1500e+06 4.3259e+01 -1.2042e+03 -9.1614e+03 2.1336e+00 8.3909e+03
-4.1269e+06 4.3233e+01 -1.1526e+03 -9.1429e+03 1.6597e+00 8.4998e+03
-4.1252e+06 4.3179e+01 -1.1011e+03 -9.1238e+03 8.8296e-01 8.6085e+03
-4.1177e+06 4.3114e+01 -1.0495e+03 -9.1041e+03 8.0477e-01 8.7168e+03
-4.1130e+06 4.3046e+01 -9.9796e+02 -9.0839e+03 9.7035e-01 8.8250e+03
-4.1157e+06 4.2994e+01 -9.4641e+02 -9.0630e+03 1.6918e+00 8.9328e+03
-4.1296e+06 4.3000e+01 -8.9488e+02 -9.0416e+03 2.3527e+00 9.0401e+03
-4.1526e+06 4.3042e+01 -8.4338e+02 -9.0196e+03 2.8027e+00 9.1470e+03
-4.1838e+06 4.3014e+01 -7.9191e+02 -8.9971e+03 2.9399e+00 9.2539e+03
-4.2260e+06 4.2943e+01 -7.4048e+02 -8.9740e+03 1.2520e+00 9.3601e+03
-4.2685e+06 4.2942e+01 -6.8910e+02 -8.9503e+03 4.8700e-02 9.4657e+03
-4.3205e+06 4.2940e+01 -6.3778e+02 -8.9261e+03 -2.0015e+00 9.5709e+03
-4.3902e+06 4.2924e+01 -5.8652e+02 -8.9014e+03 -1.0320e+01 9.6755e+03
-4.3976e+06 4.3047e+01 -5.3533e+02 -8.8761e+03 -9.8939e+00 9.7797e+03
-4.3453e+06 4.3322e+01 -4.8422e+02 -8.8503e+03 -1.2388e+00 9.8836e+03
-4.3162e+06 4.3677e+01 -4.3320e+02 -8.8240e+03 5.0196e-01 9.9867e+03
-4.2879e+06 4.4084e+01 -3.8227e+02 -8.7971e+03 4.5286e-01 1.0089e+04
-4.2659e+06 4.4445e+01 -3.3143e+02 -8.7698e+03 1.5385e+00 1.0191e+04
-4.2469e+06 4.4652e+01 -2.8071e+02 -8.7420e+03 1.9519e+00 1.0292e+04
-4.2373e+06 4.4783e+01 -2.3009e+02 -8.7138e+03 1.7958e+00 1.0393e+04
-4.2381e+06 4.4886e+01 -1.7960e+02 -8.6850e+03 2.9520e+00 1.0492e+04
-4.2672e+06 4.4857e+01 -1.2923e+02 -8.6558e+03 -2.4749e+00 1.0592e+04
-4.2862e+06 4.4812e+01 -7.8999e+01 -8.6262e+03 -6.7706e+00 1.0681e+04
-4.2882e+06 4.4880e+01 -2.8904e+01 -8.5961e+03 1.2477e+00 1.0785e+04
-3.8668e+06 4.2129e+01 -1.7163e+03 -9.2797e+03 4.8264e+00 7.4621e+03
-3.9306e+06 4.2310e+01 -1.6653e+03 -9.2665e+03 4.6643e+00 7.5823e+03
-3.9822e+06 4.2640e+01 -1.6141e+03 -9.2528e+03 -1.1193e+00 7.6838e+03
-4.0092e+06 4.3084e+01 -1.5629e+03 -9.2384e+03 2.1508e+00 7.7953e+03
-4.0879e+06 4.3500e+01 -1.5117e+03 -9.2235e+03 6.8824e-01 7.9055e+03
-4.2226e+06 4.3723e+01 -1.4603e+03 -9.2079e+03 -1.1539e+01 8.0163e+03
-4.2870e+06 4.3734e+01 -1.4089e+03 -9.1917e+03 -1.3062e+01 8.1268e+03
-4.2413e+06 4.3666e+01 -1.3574e+03 -9.1749e+03 -1.4798e+00 8.2368e+03
-4.1701e+06 4.3630e+01 -1.3059e+03 -9.1575e+03 5.1263e+00 8.3469e+03
-4.1385e+06 4.3609e+01 -1.2544e+03 -9.1395e+03 3.9230e+00 8.4568e+03
-4.1363e+06 4.3568e+01 -1.2028e+03 -9.1209e+03 9.6102e-01 8.5663e+03
-4.1245e+06 4.3535e+01 -1.1513e+03 -9.1017e+03 9.8500e-01 8.6757e+03
-4.1005e+06 4.3510e+01 -1.0997e+03 -9.0819e+03 1.9532e+00 8.7849e+03
-4.0892e+06 4.3441e+01 -1.0481e+03 -9.0615e+03 1.8746e+00 8.8937e+03
-4.0916e+06 4.3351e+01 -9.9650e+02 -9.0405e+03 1.6660e+00 9.0021e+03
-4.1095e+06 4.3342e+01 -9.4492e+02 -9.0189e+03 1.2688e+00 9.1102e+03
-4.1292e+06 4.3404e+01 -8.9336e+02 -8.9968e+03 8.5868e-01 9.2178e+03
-4.1589e+06 4.3412e+01 -8.4184e+02 -8.9741e+03 5.1064e-01 9.3252e+03
-4.1950e+06 4.3354e+01 -7.9034e+02 -8.9508e+03 5.2752e-03 9.4321e+03
-4.2332e+06 4.3321e+01 -7.3890e+02 -8.9270e+03 1.4752e+00 9.5386e+03
-4.2836e+06 4.3274e+01 -6.8750e+02 -8.9026e+03 -8.2836e-02 9.6445e+03
-4.3676e+06 4.3193e+01 -6.3616e+02 -8.8777e+03 -9.5902e+00 9.7498e+03
-4.3777e+06 4.3230e+01 -5.8488e+02 -8.8522e+03 -8.9275e+00 9.8546e+03
-4.3151e+06 4.3434e+01 -5.3368e+02 -8.8262e+03 1.5066e+00 9.9588e+03
-4.2788e+06 4.3739e+01 -4.8256e+02 -8.7997e+03 2.8306e+00 1.0063e+04
-4.2782e+06 4.4138e+01 -4.3153e+02 -8.7727e+03 1.5582e-01 1.0166e+04
-4.2627e+06 4.4593e+01 -3.8059e+02 -8.7452e+03 7.2529e-01 1.0268e+04
-4.2485e+06 4.4996e+01 -3.2975e+02 -8.7172e+03 1.6660e+00 1.0370e+04
-4.2296e+06 4.5344e+01 -2.7902e+02 -8.6888e+03 1.8870e+00 1.0472e+04
-4.2200e+06 4.5629e+01 -2.2841e+02 -8.6598e+03 4.0746e+00 1.0571e+04
-4.2276e+06 4.5709e+01 -1.7791e+02 -8.6304e+03 -3.0363e-01 1.0672e+04
-4.2461e+06 4.5707e+01 -1.2755e+02 -8.6006e+03 -4.6391e+00 1.0761e+04
-4.2421e+06 4.5825e+01 -7.7319e+01 -8.5703e+03 2.2141e+00 1.0866e+04
-3.8655e+06 4.2164e+01 -1.7665e+03 -9.2583e+03 5.3302e+00 7.5212e+03
-3.9279e+06 4.2290e+01 -1.7155e+03 -9.2451e+03 5.8018e+00 7.6421e+03
-3.9874e+06 4.2551e+01 -1.6644e+03 -9.2312e+03 -1.6060e+00 7.7445e+03
-4.0195e+06 4.2961e+01 -1.6132e+03 -9.2168e+03 2.0120e-01 7.8568e+03
-4.0656e+06 4.3434e+01 -1.5619e+03 -9.2017e+03 3.2526e+00 7.9677e+03
-4.1538e+06 4.3817e+01 -1.5106e+03 -9.1860e+03 -2.6353e+00 8.0789e+03
-4.2114e+06 4.4003e+01 -1.4592e+03 -9.1697e+03 -6.3839e+00 8.1903e+03
-4.1811e+06 4.4044e+01 -1.4078e+03 -9.1528e+03 -6.3805e-02 8.3011e+03
-4.1330e+06 4.4048e+01 -1.3563e+03 -9.1353e+03 5.1437e+00 8.4118e+03
-4.1423e+06 4.4023e+01 -1.3047e+03 -9.1171e+03 9.4056e-01 8.5225e+03
-4.1763e+06 4.3959e+01 -1.2532e+03 -9.0984e+03 -5.3024e+00 8.6328e+03
-4.1600e+06 4.3922e+01 -1.2016e+03 -9.0791e+03 -3.5090e+00 8.7429e+03
-4.1040e+06 4.3929e+01 -1.1499e+03 -9.0591e+03 1.9435e+00 8.8528e+03
-4.0700e+06 4.3886e+01 -1.0983e+03 -9.0386e+03 3.1941e+00 8.9623e+03
-4.0723e+06 4.3773e+01 -1.0467e+03 -9.0175e+03 1.9221e+00 9.0714e+03
-4.0913e+06 4.3721e+01 -9.9508e+02 -8.9957e+03 1.2581e+00 9.1803e+03
-4.1126e+06 4.3768e+01 -9.4348e+02 -8.9734e+03 1.1309e+00 9.2886e+03
-4.1379e+06 4.3793e+01 -8.9189e+02 -8.9506e+03 6.4124e-01 9.3966e+03
-4.1719e+06 4.3751e+01 -8.4034e+02 -8.9271e+03 3.0419e-02 9.5042e+03
-4.2051e+06 4.3718e+01 -7.8883e+02 -8.9032e+03 1.2112e+00 9.6114e+03
-4.2432e+06 4.3667e+01 -7.3736e+02 -8.8786e+03 2.4583e+00 9.7179e+03
-4.2865e+06 4.3552e+01 -6.8595e+02 -8.8535e+03 8.7170e-01 9.8238e+03
-4.3036e+06 4.3506e+01 -6.3459e+02 -8.8279e+03 1.6460e+00 9.9295e+03
-4.2885e+06 4.3622e+01 -5.8330e+02 -8.8017e+03 3.7652e+00 1.0034e+04
-4.2832e+06 4.3852e+01 -5.3209e+02 -8.7750e+03 1.5911e+00 1.0139e+04
-4.2760e+06 4.4181e+01 -4.8096e+02 -8.7478e+03 -2.5235e-01 1.0242e+04
-4.2656e+06 4.4637e+01 -4.2992e+02 -8.7201e+03 5.0317e-01 1.0345e+04
-4.2606e+06 4.5181e+01 -3.7897e+02 -8.6920e+03 -8.0276e-02 1.0448e+04
-4.2487e+06 4.5746e+01 -3.2813e+02 -8.6633e+03 -1.7779e-01 1.0550e+04
-4.2179e+06 4.6230e+01 -2.7740e+02 -8.6341e+03 3.6344e+00 1.0650e+04
-4.2129e+06 4.6453e+01 -2.2679e+02 -8.6045e+03 4.6952e-01 1.0751e+04
-4.2146e+06 4.6520e+01 -1.7630e+02 -8.5745e+03 -3.8450e+00 1.0841e+04
-4.2101e+06 4.6691e+01 -1.2594e+02 -8.5440e+03 2.2257e+00 1.0947e+04
-3.8715e+06 4.2225e+01 -1.8167e+03 -9.2365e+03 4.7599e+00 7.5801e+03
-3.9346e+06 4.2297e+01 -1.7657e+03 -9.2232e+03 5.0853e+00 7.7017e+03
-4.0127e+06 4.2489e+01 -1.7147e+03 -9.2093e+03 -3.7309e+00 7.8051e+03
-4.0474e+06 4.2831e+01 -1.6635e+03 -9.1947e+03 -3.0571e+00 7.9181e+03
-4.0607e+06 4.3281e+01 -1.6123e+03 -9.1795e+03 3.2117e+00 8.0298e+03
-4.1004e+06 4.3758e+01 -1.5610e+03 -9.1637e+03 2.5725e+00 8.1417e+03
-4.1515e+06 4.4143e+01 -1.5096e+03 -9.1473e+03 -2.0601e+00 8.2538e+03
-4.1472e+06 4.4366e+01 -1.4582e+03 -9.1303e+03 -1.2688e+00 8.3654e+03
-4.1191e+06 4.4457e+01 -1.4067e+03 -9.1126e+03 2.3226e+00 8.4768e+03
-4.1311e+06 4.4441e+01 -1.3551e+03 -9.0944e+03 -2.2755e-03 8.5881e+03
-4.1722e+06 4.4350e+01 -1.3036e+03 -9.0755e+03 -5.2157e+00 8.6992e+03
-4.1781e+06 4.4291e+01 -1.2519e+03 -9.0560e+03 -5.1263e+00 8.8101e+03
-4.1324e+06 4.4306e+01 -1.2003e+03 -9.0359e+03 -8.5932e-01 8.9206e+03
-4.0797e+06 4.4288e+01 -1.1487e+03 -9.0153e+03 1.6807e+00 9.0307e+03
-4.0652e+06 4.4174e+01 -1.0970e+03 -8.9940e+03 9.7146e-01 9.1406e+03
-4.0779e+06 4.4087e+01 -1.0454e+03 -8.9721e+03 1.5317e-01 9.2502e+03
-4.0975e+06 4.4105e+01 -9.9371e+02 -8.9497e+03 4.2269e-01 9.3593e+03
-4.1218e+06 4.4133e+01 -9.4208e+02 -8.9266e+03 4.3702e-01 9.4679e+03
-4.1501e+06 4.4110e+01 -8.9047e+02 -8.9030e+03 2.0353e-01 9.5762e+03
-4.1847e+06 4.4088e+01 -8.3890e+02 -8.8789e+03 6.1792e-01 9.6840e+03
-4.2185e+06 4.4049e+01 -7.8737e+02 -8.8541e+03 1.0393e+00 9.7911e+03
-4.2531e+06 4.3933e+01 -7.3588e+02 -8.8289e+03 5.1645e-01 9.8978e+03
-4.2728e+06 4.3841e+01 -6.8445e+02 -8.8031e+03 6.6859e-01 1.0004e+04
-4.2879e+06 4.3887e+01 -6.3308e+02 -8.7767e+03 3.4285e-01 1.0110e+04
-4.3016e+06 4.4039e+01 -5.8178e+02 -8.7498e+03 -1.8280e+00 1.0214e+04
-4.2980e+06 4.4268e+01 -5.3056e+02 -8.7225e+03 -1.3592e+00 1.0319e+04
-4.2705e+06 4.4628e+01 -4.7942e+02 -8.6946e+03 7.7046e-01 1.0422e+04
-4.2609e+06 4.5169e+01 -4.2837e+02 -8.6662e+03 -4.5761e-01 1.0526e+04
-4.2439e+06 4.5863e+01 -3.7742e+02 -8.6373e+03 -9.9679e-01 1.0629e+04
-4.2208e+06 4.6548e+01 -3.2658e+02 -8.6080e+03 2.7794e+00 1.0729e+04
-4.2037e+06 4.6951e+01 -2.7585e+02 -8.5782e+03 -2.0053e-01 1.0831e+04
-4.1978e+06 4.7077e+01 -2.2524e+02 -8.5479e+03 -4.2809e+00 1.0921e+04
-4.1824e+06 4.7235e+01 -1.7475e+02 -8.5172e+03 1.6785e+00 1.1027e+04
-3.8757e+06 4.2399e+01 -1.8669e+03 -9.2143e+03 3.7318e+00 7.6392e+03
-3.9476e+06 4.2426e+01 -1.8160e+03 -9.2009e+03 3.9595e+00 7.7613e+03
-4.0327e+06 4.2541e+01 -1.7650e+03 -9.1869e+03 -5.0031e+00 7.8653e+03
-4.0722e+06 4.2788e+01 -1.7139e+03 -9.1722e+03 -5.2516e+00 7.9792e+03
-4.0727e+06 4.3170e+01 -1.6627e+03 -9.1569e+03 4.0891e-01 8.0918e+03
-4.0849e+06 4.3656e+01 -1.6114e+03 -9.1410e+03 1.1036e+00 8.2044e+03
-4.1151e+06 4.4158e+01 -1.5601e+03 -9.1245e+03 -1.5608e+00 8.3170e+03
-4.1196e+06 4.4557e+01 -1.5086e+03 -9.1073e+03 -1.2729e+00 8.4295e+03
-4.1031e+06 4.4781e+01 -1.4571e+03 -9.0895e+03 1.4623e+00 8.5416e+03
-4.0989e+06 4.4812e+01 -1.4056e+03 -9.0712e+03 2.3314e+00 8.6535e+03
-4.1146e+06 4.4709e+01 -1.3540e+03 -9.0521e+03 1.8617e+00 8.7654e+03
-4.1401e+06 4.4634e+01 -1.3024e+03 -9.0325e+03 1.0780e-01 8.8771e+03
-4.1431e+06 4.4663e+01 -1.2508e+03 -9.0123e+03 -1.6053e+00 8.9883e+03
-4.0958e+06 4.4676e+01 -1.1991e+03 -8.9915e+03 1.0940e+00 9.0991e+03
-4.0583e+06 4.4570e+01 -1.1474e+03 -8.9700e+03 4.0763e+00 9.2098e+03
-4.0607e+06 4.4446e+01 -1.0957e+03 -8.9480e+03 3.8094e+00 9.3198e+03
-4.0805e+06 4.4429e+01 -1.0441e+03 -8.9254e+03 2.4298e+00 9.4296e+03
-4.1033e+06 4.4468e+01 -9.9238e+02 -8.9022e+03 9.8127e-01 9.5390e+03
-4.1319e+06 4.4477e+01 -9.4073e+02 -8.8785e+03 6.3297e-01 9.6479e+03
-4.1648e+06 4.4481e+01 -8.8910e+02 -8.8541e+03 8.9874e-01 9.7564e+03
-4.2093e+06 4.4471e+01 -8.3751e+02 -8.8292e+03 -4.7500e-01 9.8643e+03
-4.2531e+06 4.4372e+01 -7.8596e+02 -8.8038e+03 -3.1596e+00 9.9716e+03
-4.2798e+06 4.4255e+01 -7.3445e+02 -8.7778e+03 -3.1645e+00 1.0079e+04
-4.2845e+06 4.4245e+01 -6.8301e+02 -8.7512e+03 -1.5525e+00 1.0185e+04
-4.2957e+06 4.4322e+01 -6.3163e+02 -8.7242e+03 -2.1037e+00 1.0290e+04
-4.2909e+06 4.4436e+01 -5.8032e+02 -8.6966e+03 -1.5858e+00 1.0395e+04
-4.2783e+06 4.4661e+01 -5.2909e+02 -8.6685e+03 -2.2238e-01 1.0499e+04
-4.2658e+06 4.5100e+01 -4.7794e+02 -8.6399e+03 -1.6806e+00 1.0603e+04
-4.2486e+06 4.5785e+01 -4.2689e+02 -8.6108e+03 -1.9300e+00 1.0707e+04
-4.2173e+06 4.6632e+01 -3.7594e+02 -8.5813e+03 2.0247e+00 1.0808e+04
-4.1981e+06 4.7315e+01 -3.2510e+02 -8.5513e+03 -4.7096e-01 1.0910e+04
-4.1795e+06 4.7596e+01 -2.7437e+02 -8.5208e+03 -4.2232e+00 1.1001e+04
-4.1698e+06 4.7710e+01 -2.2376e+02 -8.4899e+03 1.4287e+00 1.1108e+04
-3.8736e+06 4.2703e+01 -1.9171e+03 -9.1918e+03 3.7192e+00 7.6981e+03
-3.9398e+06 4.2709e+01 -1.8663e+03 -9.1782e+03 4.5502e+00 7.8208e+03
-4.0274e+06 4.2763e+01 -1.8153e+03 -9.1641e+03 -3.4613e+00 7.9254e+03
-4.0739e+06 4.2897e+01 -1.7643e+03 -9.1493e+03 -4.4473e+00 8.0401e+03
-4.0802e+06 4.3170e+01 -1.7131e+03 -9.1339e+03 -1.0276e+00 8.1534e+03
-4.0792e+06 4.3602e+01 -1.6619e+03 -9.1179e+03 -3.0350e-02 8.2667e+03
-4.0902e+06 4.4126e+01 -1.6105e+03 -9.1012e+03 1.9596e-02 8.3802e+03
-4.0941e+06 4.4632e+01 -1.5591e+03 -9.0839e+03 3.9623e-01 8.4934e+03
-4.0933e+06 4.5008e+01 -1.5077e+03 -9.0660e+03 6.5141e-01 8.6062e+03
-4.0864e+06 4.5161e+01 -1.4561e+03 -9.0475e+03 1.0497e+00 8.7188e+03
-4.0814e+06 4.5103e+01 -1.4046e+03 -9.0284e+03 2.9193e+00 8.8314e+03
-4.0966e+06 4.5017e+01 -1.3530e+03 -9.0086e+03 2.7871e+00 8.9438e+03
-4.1255e+06 4.5048e+01 -1.3013e+03 -8.9882e+03 -1.4586e-01 9.0557e+03
-4.1040e+06 4.5109e+01 -1.2496e+03 -8.9672e+03 3.1767e+00 9.1672e+03
-4.0773e+06 4.5046e+01 -1.1979e+03 -8.9457e+03 6.6315e+00 9.2786e+03
-4.0910e+06 4.4893e+01 -1.1462e+03 -8.9235e+03 3.6893e+00 9.3894e+03
-4.0940e+06 4.4812e+01 -1.0945e+03 -8.9007e+03 2.7999e+00 9.4998e+03
-4.0927e+06 4.4835e+01 -1.0428e+03 -8.8773e+03 2.5252e+00 9.6100e+03
-4.1129e+06 4.4874e+01 -9.9110e+02 -8.8534e+03 8.4357e-01 9.7195e+03
-4.1472e+06 4.4908e+01 -9.3942e+02 -8.8289e+03 4.7680e-01 9.8287e+03
-4.1893e+06 4.4941e+01 -8.8778e+02 -8.8038e+03 -7.2061e-01 9.9372e+03
-4.2393e+06 4.4885e+01 -8.3616e+02 -8.7782e+03 -2.7046e+00 1.0045e+04
-4.2731e+06 4.4767e+01 -7.8460e+02 -8.7520e+03 -2.4525e+00 1.0153e+04
-4.2768e+06 4.4740e+01 -7.3308e+02 -8.7253e+03 -1.0316e+00 1.0260e+04
-4.2644e+06 4.4791e+01 -6.8162e+02 -8.6980e+03 -9.9719e-01 1.0366e+04
-4.2699e+06 4.4807e+01 -6.3023e+02 -8.6702e+03 -1.2984e+00 1.0471e+04
-4.2747e+06 4.4882e+01 -5.7891e+02 -8.6420e+03 -1.3458e+00 1.0576e+04
-4.2734e+06 4.5184e+01 -5.2768e+02 -8.6132e+03 -2.5365e+00 1.0680e+04
-4.2524e+06 4.5737e+01 -4.7653e+02 -8.5839e+03 -2.4647e+00 1.0785e+04
-4.2254e+06 4.6584e+01 -4.2547e+02 -8.5541e+03 1.3560e+00 1.0886e+04
-4.1932e+06 4.7530e+01 -3.7452e+02 -8.5239e+03 -8.0693e-01 1.0989e+04
-4.1677e+06 4.8106e+01 -3.2368e+02 -8.4932e+03 -4.1782e+00 1.1081e+04
-4.1462e+06 4.8281e+01 -2.7295e+02 -8.4621e+03 1.4652e+00 1.1188e+04
-3.8678e+06 4.3085e+01 -1.9673e+03 -9.1688e+03 4.2446e+00 7.7567e+03
-3.9330e+06 4.3103e+01 -1.9166e+03 -9.1552e+03 5.5157e+00 7.8800e+03
-4.0052e+06 4.3125e+01 -1.8657e+03 -9.1409e+03 -1.5567e+00 7.9857e+03
-4.0576e+06 4.3175e+01 -1.8147e+03 -9.1260e+03 -2.8530e+00 8.1010e+03
-4.0752e+06 4.3320e+01 -1.7636e+03 -9.1105e+03 -6.8159e-01 8.2149e+03
-4.0706e+06 4.3631e+01 -1.7124e+03 -9.0943e+03 7.6680e-01 8.3290e+03
-4.0694e+06 4.4103e+01 -1.6611e+03 -9.0775e+03 1.8124e+00 8.4433e+03
-4.0839e+06 4.4650e+01 -1.6097e+03 -9.0601e+03 1.0774e+00 8.5571e+03
-4.0965e+06 4.5150e+01 -1.5583e+03 -9.0421e+03 -9.9803e-01 8.6706e+03
-4.0926e+06 4.5474e+01 -1.5067e+03 -9.0234e+03 -1.8705e+00 8.7841e+03
-4.0735e+06 4.5557e+01 -1.4552e+03 -9.0041e+03 8.1371e-01 8.8973e+03
-4.0839e+06 4.5502e+01 -1.4036e+03 -8.9842e+03 1.3540e+00 9.0102e+03
-4.1313e+06 4.5494e+01 -1.3519e+03 -8.9637e+03 -3.1236e+00 9.1229e+03
-4.1280e+06 4.5565e+01 -1.3002e+03 -8.9426e+03 -3.5491e-01 9.2351e+03
-4.1374e+06 4.5573e+01 -1.2485e+03 -8.9208e+03 -2.3429e+00 9.3471e+03
-4.2010e+06 4.5451e+01 -1.1968e+03 -8.8985e+03 -1.3604e+01 9.4588e+03
-4.1667e+06 4.5324e+01 -1.1450e+03 -8.8755e+03 -8.0281e+00 9.5700e+03
-4.0918e+06 4.5304e+01 -1.0933e+03 -8.8520e+03 2.6374e+00 9.6808e+03
-4.0939e+06 4.5338e+01 -1.0416e+03 -8.8279e+03 1.5109e+00 9.7910e+03
-4.1285e+06 4.5384e+01 -9.8986e+02 -8.8032e+03 -1.7095e-01 9.9007e+03
-4.1678e+06 4.5452e+01 -9.3816e+02 -8.7780e+03 -2.2313e-01 1.0010e+04
-4.2089e+06 4.5447e+01 -8.8650e+02 -8.7521e+03 -6.8290e-01 1.0118e+04
-4.2452e+06 4.5355e+01 -8.3487e+02 -8.7258e+03 -4.5202e-01 1.0227e+04
-4.2546e+06 4.5363e+01 -7.8329e+02 -8.6988e+03 -3.4230e-01 1.0334e+04
-4.2447e+06 4.5479e+01 -7.3176e+02 -8.6714e+03 -5.2077e-01 1.0441e+04
-4.2410e+06 4.5493e+01 -6.8029e+02 -8.6434e+03 -5.9093e-01 1.0547e+04
-4.2538e+06 4.5458e+01 -6.2889e+02 -8.6149e+03 -4.8106e-01 1.0653e+04
-4.2600e+06 4.5626e+01 -5.7757e+02 -8.5859e+03 -1.4161e+00 1.0758e+04
-4.2521e+06 4.6026e+01 -5.2633e+02 -8.5564e+03 -1.8127e+00 1.0862e+04
-4.2220e+06 4.6743e+01 -4.7517e+02 -8.5265e+03 9.8697e-01 1.0965e+04
-4.1909e+06 4.7770e+01 -4.2412e+02 -8.4960e+03 -1.4138e+00 1.1068e+04
-4.1554e+06 4.8574e+01 -3.7317e+02 -8.4651e+03 -4.2298e+00 1.1161e+04
-4.1326e+06 4.8866e+01 -3.2233e+02 -8.4338e+03 1.7136e+00 1.1268e+04
-3.8704e+06 4.3456e+01 -2.0176e+03 -9.1454e+03 3.5924e+00 7.8153e+03
-3.9308e+06 4.3516e+01 -1.9669e+03 -9.1317e+03 5.0846e+00 7.9392e+03
-4.0025e+06 4.3542e+01 -1.9160e+03 -9.1173e+03 -1.3301e+00 8.0459e+03
-4.0538e+06 4.3559e+01 -1.8651e+03 -9.1023e+03 -2.4544e+00 8.1618e+03
-4.0776e+06 4.3617e+01 -1.8140e+03 -9.0866e+03 -1.7476e-01 8.2764e+03
-4.0752e+06 4.3775e+01 -1.7629e+03 -9.0704e+03 1.4492e+00 8.3911e+03
-4.0758e+06 4.4114e+01 -1.7116e+03 -9.0534e+03 2.0394e+00 8.5062e+03
-4.0869e+06 4.4624e+01 -1.6603e+03 -9.0359e+03 8.2878e-01 8.6207e+03
-4.1006e+06 4.5175e+01 -1.6089e+03 -9.0177e+03 -1.5344e+00 8.7349e+03
-4.0988e+06 4.5632e+01 -1.5574e+03 -8.9989e+03 -3.3141e+00 8.8492e+03
-4.0720e+06 4.5915e+01 -1.5059e+03 -8.9795e+03 -6.8014e-01 8.9631e+03
-4.0620e+06 4.6010e+01 -1.4542e+03 -8.9594e+03 1.0211e+00 9.0768e+03
-4.1003e+06 4.6010e+01 -1.4026e+03 -8.9387e+03 -2.6528e+00 9.1902e+03
-4.1049e+06 4.6049e+01 -1.3509e+03 -8.9174e+03 -1.0090e-01 9.3032e+03
-4.1325e+06 4.6095e+01 -1.2992e+03 -8.8955e+03 -4.5200e+00 9.4157e+03
-4.2121e+06 4.6042e+01 -1.2474e+03 -8.8730e+03 -1.8221e+01 9.5280e+03
-4.1706e+06 4.5939e+01 -1.1957e+03 -8.8499e+03 -1.0552e+01 9.6398e+03
-4.0761e+06 4.5899e+01 -1.1439e+03 -8.8262e+03 3.4038e+00 9.7511e+03
-4.0707e+06 4.5910e+01 -1.0922e+03 -8.8019e+03 1.9942e+00 9.8622e+03
-4.1070e+06 4.5951e+01 -1.0404e+03 -8.7771e+03 -5.0435e-01 9.9726e+03
-4.1378e+06 4.6050e+01 -9.8867e+02 -8.7516e+03 4.1295e-01 1.0082e+04
-4.1730e+06 4.6093e+01 -9.3695e+02 -8.7256e+03 7.4640e-01 1.0192e+04
-4.2046e+06 4.6023e+01 -8.8527e+02 -8.6991e+03 3.8115e-01 1.0300e+04
-4.2258e+06 4.6048e+01 -8.3363e+02 -8.6719e+03 -3.9039e-01 1.0409e+04
-4.2255e+06 4.6224e+01 -7.8204e+02 -8.6443e+03 -4.5509e-01 1.0516e+04
-4.2268e+06 4.6302e+01 -7.3050e+02 -8.6161e+03 1.6239e-01 1.0623e+04
-4.2269e+06 4.6247e+01 -6.7902e+02 -8.5874e+03 5.6505e-01 1.0729e+04
-4.2344e+06 4.6328e+01 -6.2761e+02 -8.5582e+03 -3.8037e-01 1.0834e+04
-4.2275e+06 4.6626e+01 -5.7628e+02 -8.5285e+03 -1.0197e+00 1.0940e+04
-4.2093e+06 4.7235e+01 -5.2504e+02 -8.4983e+03 9.9059e-01 1.1043e+04
-4.1766e+06 4.8232e+01 -4.7388e+02 -8.4677e+03 -1.6619e+00 1.1146e+04
-4.1436e+06 4.9103e+01 -4.2283e+02 -8.4365e+03 -4.0414e+00 1.1240e+04
-4.1134e+06 4.9441e+01 -3.7188e+02 -8.4050e+03 1.7565e+00 1.1348e+04
-3.8788e+06 4.3754e+01 -2.0678e+03 -9.1216e+03 2.8549e+00 7.8735e+03
-3.9442e+06 4.3864e+01 -2.0172e+03 -9.1078e+03 4.4665e+00 7.9981e+03
-4.0079e+06 4.3921e+01 -1.9664e+03 -9.0933e+03 -1.3233e+00 8.1056e+03
-4.0602e+06 4.3939e+01 -1.9155e+03 -9.0782e+03 -1.9994e+00 8.2221e+03
-4.0869e+06 4.3965e+01 -1.8645e+03 -9.0624e+03 1.2141e-01 8.3376e+03
-4.0967e+06 4.4018e+01 -1.8134e+03 -9.0460e+03 5.9470e-01 8.4532e+03
-4.0984e+06 4.4192e+01 -1.7622e+03 -9.0289e+03 3.4693e-01 8.5686e+03
-4.1012e+06 4.4565e+01 -1.7109e+03 -9.0113e+03 5.1899e-02 8.6839e+03
-4.0991e+06 4.5064e+01 -1.6595e+03 -8.9929e+03 -6.2623e-01 8.7989e+03
-4.0962e+06 4.5564e+01 -1.6081e+03 -8.9740e+03 -2.3381e+00 8.9139e+03
-4.0717e+06 4.6018e+01 -1.5566e+03 -8.9544e+03 -1.2176e+00 9.0285e+03
-4.0424e+06 4.6347e+01 -1.5050e+03 -8.9342e+03 1.7448e+00 9.1428e+03
-4.0299e+06 4.6488e+01 -1.4533e+03 -8.9133e+03 2.6540e+00 9.2569e+03
-4.0268e+06 4.6548e+01 -1.4017e+03 -8.8919e+03 5.1552e+00 9.3707e+03
-4.0589e+06 4.6607e+01 -1.3499e+03 -8.8698e+03 2.3984e+00 9.4839e+03
-4.0980e+06 4.6600e+01 -1.2982e+03 -8.8471e+03 -3.4220e+00 9.5969e+03
-4.0675e+06 4.6546e+01 -1.2464e+03 -8.8239e+03 1.2694e+00 9.7096e+03
-4.0311e+06 4.6519e+01 -1.1946e+03 -8.8000e+03 6.0266e+00 9.8213e+03
-4.0459e+06 4.6507e+01 -1.1428e+03 -8.7755e+03 2.8422e+00 9.9329e+03
-4.0823e+06 4.6523e+01 -1.0911e+03 -8.7505e+03 4.6727e-01 1.0044e+04
-4.1144e+06 4.6633e+01 -1.0393e+03 -8.7248e+03 9.1783e-01 1.0155e+04
-4.1440e+06 4.6725e+01 -9.8752e+02 -8.6986e+03 1.1191e+00 1.0265e+04
-4.1745e+06 4.6688e+01 -9.3579e+02 -8.6719e+03 4.0732e-02 1.0374e+04
-4.2014e+06 4.6696e+01 -8.8410e+02 -8.6446e+03 -1.3111e+00 1.0483e+04
-4.2195e+06 4.6852e+01 -8.3244e+02 -8.6167e+03 -1.3914e+00 1.0591e+04
-4.2160e+06 4.6952e+01 -7.8083e+02 -8.5883e+03 -4.4806e-01 1.0698e+04
-4.2070e+06 4.6918e+01 -7.2929e+02 -8.5594e+03 3.9869e-01 1.0805e+04
-4.2050e+06 4.6950e+01 -6.7780e+02 -8.5300e+03 -1.7542e-01 1.0911e+04
-4.2039e+06 4.7165e+01 -6.2639e+02 -8.5001e+03 -5.2685e-01 1.1017e+04
-4.1853e+06 4.7703e+01 -5.7506e+02 -8.4697e+03 1.3968e+00 1.1120e+04
-4.1606e+06 4.8676e+01 -5.2381e+02 -8.4388e+03 -1.2787e+00 1.1225e+04
-4.1254e+06 4.9586e+01 -4.7266e+02 -8.4075e+03 -3.6116e+00 1.1319e+04
-4.1008e+06 4.9963e+01 -4.2161e+02 -8.3757e+03 1.7147e+00 1.1427e+04
-3.8976e+06 4.4038e+01 -2.1180e+03 -9.0975e+03 1.1755e+00 7.9314e+03
-3.9615e+06 4.4172e+01 -2.0674e+03 -9.0835e+03 3.8954e+00 8.0565e+03
-4.0317e+06 4.4251e+01 -2.0168e+03 -9.0689e+03 -1.4409e+00 8.1647e+03
-4.0818e+06 4.4263e+01 -1.9659e+03 -9.0537e+03 -2.1350e+00 8.2820e+03
-4.1100e+06 4.4267e+01 -1.9150e+03 -9.0378e+03 -3.9847e-01 8.3984e+03
-4.1245e+06 4.4278e+01 -1.8640e+03 -9.0212e+03 -1.1457e+00 8.5147e+03
-4.1297e+06 4.4346e+01 -1.8128e+03 -9.0040e+03 -1.7206e+00 8.6307e+03
-4.1217e+06 4.4549e+01 -1.7616e+03 -8.9862e+03 -1.0383e+00 8.7466e+03
-4.1112e+06 4.4898e+01 -1.7102e+03 -8.9677e+03 -4.4391e-01 8.8624e+03
-4.1014e+06 4.5366e+01 -1.6588e+03 -8.9486e+03 -1.1119e+00 8.9781e+03
-4.0776e+06 4.5942e+01 -1.6073e+03 -8.9289e+03 -6.8003e-01 9.0934e+03
-4.0416e+06 4.6499e+01 -1.5558e+03 -8.9085e+03 1.3728e+00 9.2084e+03
-4.0121e+06 4.6837e+01 -1.5041e+03 -8.8875e+03 2.7587e+00 9.3231e+03
-3.9993e+06 4.6980e+01 -1.4525e+03 -8.8659e+03 3.4998e+00 9.4375e+03
-4.0118e+06 4.7065e+01 -1.4008e+03 -8.8437e+03 2.1415e+00 9.5514e+03
-4.0144e+06 4.7090e+01 -1.3490e+03 -8.8208e+03 2.3539e+00 9.6652e+03
-3.9963e+06 4.7074e+01 -1.2972e+03 -8.7973e+03 5.4350e+00 9.7786e+03
-4.0064e+06 4.7071e+01 -1.2454e+03 -8.7733e+03 5.3186e+00 9.8911e+03
-4.0416e+06 4.7053e+01 -1.1936e+03 -8.7486e+03 2.2743e+00 1.0003e+04
-4.0774e+06 4.7033e+01 -1.1418e+03 -8.7234e+03 6.6914e-01 1.0115e+04
-4.1011e+06 4.7104e+01 -1.0900e+03 -8.6976e+03 1.0875e+00 1.0226e+04
-4.1296e+06 4.7208e+01 -1.0382e+03 -8.6712e+03 8.8600e-01 1.0337e+04
-4.1586e+06 4.7219e+01 -9.8642e+02 -8.6442e+03 -7.8576e-01 1.0447e+04
-4.1902e+06 4.7238e+01 -9.3468e+02 -8.6167e+03 -2.0725e+00 1.0556e+04
-4.2127e+06 4.7367e+01 -8.8297e+02 -8.5887e+03 -1.8239e+00 1.0665e+04
-4.2185e+06 4.7467e+01 -8.3130e+02 -8.5601e+03 -8.0622e-01 1.0773e+04
-4.1984e+06 4.7445e+01 -7.7969e+02 -8.5310e+03 -8.8677e-02 1.0880e+04
-4.1926e+06 4.7434e+01 -7.2813e+02 -8.5013e+03 -4.5832e-01 1.0987e+04
-4.1860e+06 4.7570e+01 -6.7664e+02 -8.4712e+03 -2.8791e-01 1.1093e+04
-4.1776e+06 4.8055e+01 -6.2522e+02 -8.4406e+03 1.5134e+00 1.1197e+04
-4.1495e+06 4.9044e+01 -5.7389e+02 -8.4095e+03 -1.1990e+00 1.1302e+04
-4.1143e+06 5.0039e+01 -5.2264e+02 -8.3779e+03 -4.1475e+00 1.1397e+04
-4.0864e+06 5.0480e+01 -4.7149e+02 -8.3459e+03 6.3352e-01 1.1506e+04
-3.9069e+06 4.4413e+01 -2.1681e+03 -9.0730e+03 2.8928e+00 7.9901e+03
-3.9835e+06 4.4546e+01 -2.1177e+03 -9.0589e+03 6.0907e+00 8.1154e+03
-4.0462e+06 4.4607e+01 -2.0671e+03 -9.0441e+03 1.6216e-01 8.2235e+03
-4.0979e+06 4.4578e+01 -2.0164e+03 -9.0287e+03 -1.0551e+00 8.3416e+03
-4.1240e+06 4.4539e+01 -1.9655e+03 -9.0127e+03 1.6916e-01 8.4587e+03
-4.1385e+06 4.4535e+01 -1.9145e+03 -8.9960e+03 -8.6142e-01 8.5757e+03
-4.1381e+06 4.4578e+01 -1.8634e+03 -8.9787e+03 -9.8094e-01 8.6925e+03
-4.1319e+06 4.4678e+01 -1.8122e+03 -8.9607e+03 2.1795e-01 8.8092e+03
-4.1203e+06 4.4859e+01 -1.7610e+03 -8.9421e+03 6.1615e-01 8.9257e+03
-4.1108e+06 4.5221e+01 -1.7096e+03 -8.9228e+03 -9.0477e-02 9.0419e+03
-4.0846e+06 4.5856e+01 -1.6581e+03 -8.9029e+03 3.9033e-01 9.1579e+03
-4.0487e+06 4.6615e+01 -1.6066e+03 -8.8824e+03 2.2810e+00 9.2738e+03
-4.0124e+06 4.7150e+01 -1.5550e+03 -8.8612e+03 3.1875e+00 9.3891e+03
-3.9858e+06 4.7381e+01 -1.5033e+03 -8.8395e+03 3.3774e+00 9.5041e+03
-3.9688e+06 4.7489e+01 -1.4516e+03 -8.8171e+03 3.1980e+00 9.6188e+03
-3.9647e+06 4.7536e+01 -1.3999e+03 -8.7940e+03 3.4736e+00 9.7332e+03
-3.9671e+06 4.7545e+01 -1.3481e+03 -8.7704e+03 4.4757e+00 9.8469e+03
-4.0017e+06 4.7568e+01 -1.2963e+03 -8.7461e+03 3.3693e+00 9.9604e+03
-4.0603e+06 4.7574e+01 -1.2445e+03 -8.7213e+03 -4.6274e-02 1.0073e+04
-4.0922e+06 4.7550e+01 -1.1926e+03 -8.6959e+03 -4.2735e-01 1.0186e+04
-4.0995e+06 4.7576e+01 -1.1408e+03 -8.6699e+03 1.8102e+00 1.0298e+04
-4.1207e+06 4.7649e+01 -1.0890e+03 -8.6433e+03 1.7402e+00 1.0409e+04
-4.1470e+06 4.7679e+01 -1.0372e+03 -8.6161e+03 3.7021e-02 1.0519e+04
-4.1740e+06 4.7716e+01 -9.8537e+02 -8.5884e+03 -8.4347e-01 1.0629e+04
-4.2003e+06 4.7843e+01 -9.3361e+02 -8.5602e+03 1.6555e-01 1.0739e+04
-4.2010e+06 4.7960e+01 -8.8189e+02 -8.5314e+03 1.2932e+00 1.0847e+04
-4.1849e+06 4.7963e+01 -8.3021e+02 -8.5020e+03 1.3624e+00 1.0955e+04
-4.1741e+06 4.7926e+01 -7.7859e+02 -8.4722e+03 9.4459e-01 1.1062e+04
-4.1733e+06 4.8000e+01 -7.2703e+02 -8.4418e+03 1.1220e+00 1.1169e+04
-4.1574e+06 4.8445e+01 -6.7554e+02 -8.4110e+03 2.0086e+00 1.1274e+04
-4.1325e+06 4.9480e+01 -6.2412e+02 -8.3797e+03 -1.5370e+00 1.1380e+04
-4.0929e+06 5.0619e+01 -5.7278e+02 -8.3479e+03 -4.1471e+00 1.1475e+04
-4.0692e+06 5.1150e+01 -5.2154e+02 -8.3156e+03 2.0250e+00 1.1585e+04
-3.9241e+06 4.4880e+01 -2.2183e+03 -9.0481e+03 5.2481e+00 8.0488e+03
-3.9865e+06 4.4985e+01 -2.1679e+03 -9.0338e+03 7.8475e+00 8.1753e+03
-4.0534e+06 4.4996e+01 -2.1174e+03 -9.0190e+03 1.6528e+00 8.2844e+03
-4.0991e+06 4.4915e+01 -2.0668e+03 -9.0034e+03 3.1145e-01 8.4030e+03
-4.1228e+06 4.4845e+01 -2.0160e+03 -8.9873e+03 1.7034e+00 8.5208e+03
-4.1311e+06 4.4847e+01 -1.9651e+03 -8.9704e+03 1.4923e+00 8.6385e+03
-4.1290e+06 4.4909e+01 -1.9141e+03 -8.9530e+03 1.8683e+00 8.7560e+03
-4.1186e+06 4.4988e+01 -1.8629e+03 -8.9348e+03 2.4871e+00 8.8734e+03
-4.1133e+06 4.5071e+01 -1.8117e+03 -8.9161e+03 1.5386e+00 8.9907e+03
-4.1054e+06 4.5273e+01 -1.7604e+03 -8.8966e+03 2.9643e-01 9.1075e+03
-4.0810e+06 4.5817e+01 -1.7089e+03 -8.8766e+03 8.7176e-01 9.2242e+03
-4.0414e+06 4.6686e+01 -1.6574e+03 -8.8559e+03 2.7451e+00 9.3407e+03
-4.0049e+06 4.7449e+01 -1.6059e+03 -8.8346e+03 3.6689e+00 9.4567e+03
-3.9707e+06 4.7820e+01 -1.5542e+03 -8.8126e+03 4.2457e+00 9.5724e+03
-3.9411e+06 4.7949e+01 -1.5025e+03 -8.7900e+03 4.7268e+00 9.6879e+03
-3.9301e+06 4.7991e+01 -1.4508e+03 -8.7668e+03 4.4620e+00 9.8029e+03
-3.9399e+06 4.8006e+01 -1.3990e+03 -8.7430e+03 4.2893e+00 9.9174e+03
-3.9772e+06 4.8052e+01 -1.3472e+03 -8.7186e+03 3.0470e+00 1.0031e+04
-4.0330e+06 4.8097e+01 -1.2954e+03 -8.6935e+03 4.3663e-01 1.0145e+04
-4.0662e+06 4.8102e+01 -1.2435e+03 -8.6679e+03 5.0296e-01 1.0258e+04
-4.0806e+06 4.8114e+01 -1.1917e+03 -8.6417e+03 1.6276e+00 1.0370e+04
-4.1029e+06 4.8151e+01 -1.1398e+03 -8.6149e+03 1.5371e+00 1.0482e+04
-4.1190e+06 4.8165e+01 -1.0880e+03 -8.5876e+03 1.2478e+00 1.0594e+04
-4.1421e+06 4.8194e+01 -1.0362e+03 -8.5596e+03 5.5737e-01 1.0704e+04
-4.1615e+06 4.8304e+01 -9.8436e+02 -8.5312e+03 1.4566e+00 1.0814e+04
-4.1685e+06 4.8425e+01 -9.3259e+02 -8.5022e+03 2.5283e+00 1.0923e+04
-4.1522e+06 4.8460e+01 -8.8086e+02 -8.4726e+03 2.1784e+00 1.1032e+04
-4.1468e+06 4.8432e+01 -8.2918e+02 -8.4426e+03 1.3780e+00 1.1139e+04
-4.1413e+06 4.8449e+01 -7.7755e+02 -8.4120e+03 8.2819e-01 1.1247e+04
-4.1318e+06 4.8768e+01 -7.2598e+02 -8.3809e+03 2.2051e+00 1.1352e+04
-4.1074e+06 4.9710e+01 -6.7449e+02 -8.3494e+03 -4.5750e-01 1.1458e+04
-4.0774e+06 5.0979e+01 -6.2307e+02 -8.3174e+03 -2.9624e+00 1.1554e+04
-4.0455e+06 5.1785e+01 -5.7174e+02 -8.2849e+03 3.4238e+00 1.1664e+04
-3.9478e+06 4.5358e+01 -2.2683e+03 -9.0228e+03 3.4240e+00 8.1067e+03
-4.0039e+06 4.5412e+01 -2.2181e+03 -9.0084e+03 4.6438e+00 8.2345e+03
-4.0654e+06 4.5375e+01 -2.1677e+03 -8.9934e+03 -5.0406e+00 8.3415e+03
-4.1078e+06 4.5269e+01 -2.1171e+03 -8.9777e+03 -6.3750e+00 8.4615e+03
-4.1295e+06 4.5206e+01 -2.0664e+03 -8.9614e+03 -4.9849e+00 8.5800e+03
-4.1386e+06 4.5240e+01 -2.0156e+03 -8.9444e+03 -5.1805e+00 8.6984e+03
-4.1289e+06 4.5330e+01 -1.9647e+03 -8.9268e+03 -3.2478e+00 8.8167e+03
-4.1172e+06 4.5419e+01 -1.9136e+03 -8.9085e+03 -1.5631e+00 8.9348e+03
-4.1117e+06 4.5483e+01 -1.8624e+03 -8.8896e+03 -3.7727e+00 9.0525e+03
-4.1046e+06 4.5579e+01 -1.8111e+03 -8.8700e+03 -5.8761e+00 9.1702e+03
-4.0782e+06 4.5947e+01 -1.7598e+03 -8.8498e+03 -5.4455e+00 9.2877e+03
-4.0464e+06 4.6777e+01 -1.7083e+03 -8.8289e+03 -4.3239e+00 9.4048e+03
-4.0106e+06 4.7713e+01 -1.6568e+03 -8.8074e+03 -3.9360e+00 9.5217e+03
-3.9779e+06 4.8259e+01 -1.6052e+03 -8.7853e+03 -3.0751e+00 9.6382e+03
-3.9444e+06 4.8429e+01 -1.5535e+03 -8.7625e+03 -2.0365e+00 9.7542e+03
-3.9286e+06 4.8448e+01 -1.5018e+03 -8.7392e+03 -1.9188e+00 9.8697e+03
-3.9298e+06 4.8451e+01 -1.4500e+03 -8.7152e+03 -2.1746e+00 9.9850e+03
-3.9539e+06 4.8521e+01 -1.3982e+03 -8.6905e+03 -2.6863e+00 1.0100e+04
-3.9844e+06 4.8621e+01 -1.3464e+03 -8.6653e+03 -2.7609e+00 1.0214e+04
-4.0172e+06 4.8668e+01 -1.2945e+03 -8.6395e+03 -2.3804e+00 1.0328e+04
-4.0549e+06 4.8675e+01 -1.2427e+03 -8.6131e+03 -3.1659e+00 1.0441e+04
-4.0867e+06 4.8680e+01 -1.1908e+03 -8.5861e+03 -3.5962e+00 1.0553e+04
-4.0993e+06 4.8672e+01 -1.1389e+03 -8.5585e+03 -3.2270e+00 1.0665e+04
-4.1124e+06 4.8683e+01 -1.0871e+03 -8.5304e+03 -4.1519e+00 1.0776e+04
-4.1237e+06 4.8768e+01 -1.0352e+03 -8.5017e+03 -4.3747e+00 1.0887e+04
-4.1213e+06 4.8881e+01 -9.8340e+02 -8.4725e+03 -3.6227e+00 1.0996e+04
-4.1172e+06 4.8945e+01 -9.3162e+02 -8.4428e+03 -3.6159e+00 1.1105e+04
-4.1216e+06 4.8947e+01 -8.7988e+02 -8.4125e+03 -4.2757e+00 1.1214e+04
-4.1263e+06 4.8928e+01 -8.2819e+02 -8.3817e+03 -4.9558e+00 1.1321e+04
-4.1162e+06 4.9061e+01 -7.7656e+02 -8.3504e+03 -2.5372e+00 1.1427e+04
-4.1172e+06 4.9690e+01 -7.2499e+02 -8.3186e+03 -4.9561e+00 1.1535e+04
-4.0824e+06 5.0864e+01 -6.7350e+02 -8.2864e+03 -7.3712e+00 1.1629e+04
-4.0277e+06 5.2024e+01 -6.2208e+02 -8.2537e+03 5.5626e-01 1.1743e+04
-4.0291e+06 4.5777e+01 -2.3184e+03 -8.9971e+03 2.9645e+00 8.1612e+03
-4.0402e+06 4.5796e+01 -2.2682e+03 -8.9826e+03 4.4867e-01 8.2909e+03
-4.0820e+06 4.5746e+01 -2.2179e+03 -8.9675e+03 -8.5553e+00 8.4080e+03
-4.1121e+06 4.5653e+01 -2.1675e+03 -8.9517e+03 -9.2677e+00 8.5257e+03
-4.1326e+06 4.5614e+01 -2.1169e+03 -8.9352e+03 -9.3817e+00 8.6454e+03
-4.1477e+06 4.5676e+01 -2.0661e+03 -8.9181e+03 -1.0301e+01 8.7642e+03
-4.1465e+06 4.5780e+01 -2.0153e+03 -8.9003e+03 -7.7600e+00 8.8833e+03
-4.1346e+06 4.5871e+01 -1.9643e+03 -8.8818e+03 -6.4639e+00 9.0021e+03
-4.1223e+06 4.5946e+01 -1.9132e+03 -8.8628e+03 -7.8854e+00 9.1203e+03
-4.0952e+06 4.6032e+01 -1.8619e+03 -8.8430e+03 -7.3313e+00 9.2387e+03
-4.0669e+06 4.6315e+01 -1.8106e+03 -8.8226e+03 -7.0973e+00 9.3569e+03
-4.0361e+06 4.7075e+01 -1.7592e+03 -8.8016e+03 -7.1509e+00 9.4746e+03
-4.0046e+06 4.8082e+01 -1.7077e+03 -8.7799e+03 -6.5708e+00 9.5920e+03
-3.9741e+06 4.8732e+01 -1.6561e+03 -8.7576e+03 -5.8608e+00 9.7090e+03
-3.9465e+06 4.8917e+01 -1.6045e+03 -8.7347e+03 -5.2744e+00 9.8256e+03
-3.9285e+06 4.8910e+01 -1.5528e+03 -8.7111e+03 -5.2752e+00 9.9418e+03
-3.9268e+06 4.8895e+01 -1.5011e+03 -8.6869e+03 -5.7093e+00 1.0058e+04
-3.9395e+06 4.8974e+01 -1.4493e+03 -8.6621e+03 -6.1320e+00 1.0173e+04
-3.9572e+06 4.9125e+01 -1.3974e+03 -8.6367e+03 -5.6723e+00 1.0288e+04
-3.9838e+06 4.9226e+01 -1.3456e+03 -8.6107e+03 -4.8991e+00 1.0402e+04
-4.0235e+06 4.9241e+01 -1.2937e+03 -8.5840e+03 -5.0767e+00 1.0516e+04
-4.0729e+06 4.9229e+01 -1.2418e+03 -8.5569e+03 -6.3460e+00 1.0629e+04
-4.0952e+06 4.9213e+01 -1.1899e+03 -8.5291e+03 -6.7337e+00 1.0741e+04
-4.0934e+06 4.9215e+01 -1.1380e+03 -8.5007e+03 -6.0037e+00 1.0853e+04
-4.0820e+06 4.9280e+01 -1.0862e+03 -8.4719e+03 -5.7793e+00 1.0964e+04
-4.0719e+06 4.9391e+01 -1.0343e+03 -8.4424e+03 -5.5724e+00 1.1074e+04
-4.0683e+06 4.9492e+01 -9.8249e+02 -8.4124e+03 -5.2998e+00 1.1184e+04
-4.0902e+06 4.9534e+01 -9.3070e+02 -8.3819e+03 -6.3612e+00 1.1293e+04
-4.1016e+06 4.9508e+01 -8.7896e+02 -8.3509e+03 -7.2447e+00 1.1401e+04
-4.1097e+06 4.9525e+01 -8.2726e+02 -8.3194e+03 -5.9918e+00 1.1508e+04
-4.1053e+06 4.9849e+01 -7.7563e+02 -8.2874e+03 -9.4247e+00 1.1616e+04
-4.0858e+06 5.0727e+01 -7.2406e+02 -8.2549e+03 -8.4029e+00 1.1713e+04
-4.0466e+06 5.2010e+01 -6.7256e+02 -8.2220e+03 1.0763e+00 1.1817e+04
-4.0859e+06 4.6127e+01 -2.3684e+03 -8.9711e+03 -4.4958e+00 8.2196e+03
-4.1111e+06 4.6149e+01 -2.3183e+03 -8.9565e+03 -7.2992e+00 8.3398e+03
-4.0995e+06 4.6121e+01 -2.2681e+03 -8.9412e+03 1.7678e-01 8.4635e+03
-4.0956e+06 4.6058e+01 -2.2178e+03 -8.9252e+03 1.9761e+00 8.5809e+03
-4.1140e+06 4.6035e+01 -2.1673e+03 -8.9086e+03 2.8462e-01 8.7013e+03
-4.1248e+06 4.6105e+01 -2.1166e+03 -8.8913e+03 -1.9302e-03 8.8208e+03
-4.1392e+06 4.6216e+01 -2.0658e+03 -8.8734e+03 -1.0245e+00 8.9405e+03
-4.1641e+06 4.6302e+01 -2.0149e+03 -8.8548e+03 -6.6930e+00 9.0600e+03
-4.1437e+06 4.6365e+01 -1.9639e+03 -8.8355e+03 -6.7840e+00 9.1791e+03
-4.0830e+06 4.6443e+01 -1.9127e+03 -8.8156e+03 9.5931e-01 9.2982e+03
-4.0476e+06 4.6681e+01 -1.8615e+03 -8.7950e+03 2.0446e+00 9.4170e+03
-4.0274e+06 4.7364e+01 -1.8101e+03 -8.7738e+03 4.4575e-01 9.5354e+03
-3.9910e+06 4.8392e+01 -1.7587e+03 -8.7520e+03 1.4676e+00 9.6534e+03
-3.9592e+06 4.9164e+01 -1.7071e+03 -8.7295e+03 2.0047e+00 9.7714e+03
-3.9355e+06 4.9425e+01 -1.6555e+03 -8.7063e+03 1.5084e+00 9.8887e+03
-3.9215e+06 4.9429e+01 -1.6039e+03 -8.6826e+03 8.1933e-01 1.0006e+04
-3.9151e+06 4.9404e+01 -1.5521e+03 -8.6582e+03 4.5409e-01 1.0122e+04
-3.9221e+06 4.9457e+01 -1.5004e+03 -8.6332e+03 4.4028e-01 1.0238e+04
-3.9372e+06 4.9605e+01 -1.4486e+03 -8.6076e+03 5.7336e-01 1.0353e+04
-3.9616e+06 4.9742e+01 -1.3967e+03 -8.5814e+03 7.5038e-01 1.0468e+04
-4.0008e+06 4.9788e+01 -1.3448e+03 -8.5546e+03 6.6331e-01 1.0583e+04
-4.0633e+06 4.9792e+01 -1.2929e+03 -8.5272e+03 -1.9907e+00 1.0696e+04
-4.1109e+06 4.9799e+01 -1.2410e+03 -8.4992e+03 -4.6180e+00 1.0809e+04
-4.1003e+06 4.9814e+01 -1.1891e+03 -8.4706e+03 -2.2009e+00 1.0922e+04
-4.0629e+06 4.9868e+01 -1.1372e+03 -8.4415e+03 1.7893e+00 1.1033e+04
-4.0333e+06 4.9979e+01 -1.0853e+03 -8.4119e+03 3.0604e+00 1.1144e+04
-4.0344e+06 5.0112e+01 -1.0335e+03 -8.3817e+03 2.4599e+00 1.1255e+04
-4.0601e+06 5.0188e+01 -9.8163e+02 -8.3510e+03 5.6812e-01 1.1365e+04
-4.0800e+06 5.0160e+01 -9.2983e+02 -8.3197e+03 -9.4987e-02 1.1473e+04
-4.0878e+06 5.0125e+01 -8.7808e+02 -8.2880e+03 6.1758e-01 1.1580e+04
-4.0838e+06 5.0303e+01 -8.2638e+02 -8.2557e+03 -1.0305e+00 1.1685e+04
-4.0808e+06 5.0963e+01 -7.7475e+02 -8.2230e+03 -1.2317e+00 1.1794e+04
-4.0414e+06 5.2176e+01 -7.2318e+02 -8.1899e+03 -5.5559e-01 1.1897e+04
