  1    1089
-4.4473e+06 3.8510e+01 1.4415e+04 1.2048e+04 3.8837e-01 1.7105e+04
-4.4798e+06 3.8357e+01 1.4514e+04 1.2036e+04 8.1783e-01 1.6801e+04
-4.4526e+06 3.8181e+01 1.4614e+04 1.2020e+04 3.4344e+00 1.6497e+04
-4.4926e+06 3.7998e+01 1.4717e+04 1.2000e+04 5.4452e+00 1.6189e+04
-4.5206e+06 3.7816e+01 1.4821e+04 1.1974e+04 1.4398e-01 1.5882e+04
-4.5613e+06 3.7639e+01 1.4927e+04 1.1944e+04 -1.8599e+00 1.5574e+04
-4.4933e+06 3.7465e+01 1.5035e+04 1.1908e+04 3.5291e+00 1.5264e+04
-4.4834e+06 3.7296e+01 1.5145e+04 1.1867e+04 5.5271e+00 1.4954e+04
-4.4597e+06 3.7134e+01 1.5257e+04 1.1821e+04 3.7907e+00 1.4642e+04
-4.4931e+06 3.6975e+01 1.5371e+04 1.1769e+04 2.8667e+00 1.4331e+04
-4.4820e+06 3.6820e+01 1.5487e+04 1.1711e+04 2.8033e+00 1.4018e+04
-4.5126e+06 3.6667e+01 1.5605e+04 1.1647e+04 2.7631e+00 1.3704e+04
-4.4969e+06 3.6518e+01 1.5725e+04 1.1576e+04 2.6774e+00 1.3390e+04
-4.5244e+06 3.6393e+01 1.5847e+04 1.1500e+04 2.4455e+00 1.3076e+04
-4.5030e+06 3.6324e+01 1.5971e+04 1.1416e+04 2.2335e+00 1.2761e+04
-4.5178e+06 3.6307e+01 1.6097e+04 1.1326e+04 2.7626e+00 1.2446e+04
-4.5074e+06 3.6306e+01 1.6225e+04 1.1228e+04 2.8908e+00 1.2131e+04
-4.5399e+06 3.6307e+01 1.6355e+04 1.1123e+04 -2.4920e-01 1.1816e+04
-4.5423e+06 3.6306e+01 1.6487e+04 1.1010e+04 -4.7406e-01 1.1500e+04
-4.5202e+06 3.6306e+01 1.6621e+04 1.0889e+04 9.5090e-01 1.1185e+04
-4.5212e+06 3.6306e+01 1.6756e+04 1.0760e+04 1.1135e+00 1.0869e+04
-4.4878e+06 3.6306e+01 1.6894e+04 1.0623e+04 1.4129e+00 1.0554e+04
-4.4987e+06 3.6305e+01 1.7033e+04 1.0476e+04 3.8517e+00 1.0239e+04
-4.4875e+06 3.6305e+01 1.7174e+04 1.0321e+04 2.5860e+00 9.9241e+03
-4.6115e+06 3.6307e+01 1.7317e+04 1.0156e+04 -4.7145e+00 9.6099e+03
-4.5188e+06 3.6306e+01 1.7461e+04 9.9810e+03 -3.7579e+00 9.2958e+03
-4.5882e+06 3.6302e+01 1.7606e+04 9.7960e+03 5.6187e+00 8.9827e+03
-4.4304e+06 3.6301e+01 1.7752e+04 9.6006e+03 7.5846e+00 8.6702e+03
-4.6092e+06 3.6304e+01 1.7899e+04 9.3943e+03 4.8268e+00 8.3582e+03
-4.5599e+06 3.6309e+01 1.8047e+04 9.1768e+03 -5.2737e+00 8.0462e+03
-4.6574e+06 3.6311e+01 1.8195e+04 8.9478e+03 -7.2699e+00 7.7325e+03
-4.5261e+06 3.6311e+01 1.8344e+04 8.7069e+03 -1.7763e+00 7.4256e+03
-4.4568e+06 3.6315e+01 1.8492e+04 8.4537e+03 -1.6501e+00 7.1165e+03
-4.4633e+06 3.8426e+01 1.4227e+04 1.2242e+04 -1.2603e+00 1.7182e+04
-4.4670e+06 3.8258e+01 1.4325e+04 1.2233e+04 -7.4896e-01 1.6888e+04
-4.4877e+06 3.8073e+01 1.4425e+04 1.2220e+04 6.9614e+00 1.6577e+04
-4.4674e+06 3.7888e+01 1.4527e+04 1.2203e+04 9.3164e+00 1.6272e+04
-4.5275e+06 3.7710e+01 1.4630e+04 1.2180e+04 4.8471e+00 1.5965e+04
-4.5035e+06 3.7534e+01 1.4736e+04 1.2153e+04 5.3733e+00 1.5657e+04
-4.4943e+06 3.7363e+01 1.4843e+04 1.2120e+04 9.5656e+00 1.5348e+04
-4.4636e+06 3.7198e+01 1.4953e+04 1.2083e+04 9.1087e+00 1.5038e+04
-4.4959e+06 3.7037e+01 1.5064e+04 1.2040e+04 7.4368e+00 1.4727e+04
-4.4779e+06 3.6879e+01 1.5178e+04 1.1991e+04 7.2661e+00 1.4416e+04
-4.5080e+06 3.6725e+01 1.5294e+04 1.1937e+04 7.0737e+00 1.4104e+04
-4.4935e+06 3.6574e+01 1.5412e+04 1.1876e+04 6.9670e+00 1.3791e+04
-4.5267e+06 3.6434e+01 1.5532e+04 1.1809e+04 6.6562e+00 1.3478e+04
-4.5081e+06 3.6342e+01 1.5654e+04 1.1736e+04 6.5201e+00 1.3164e+04
-4.5330e+06 3.6309e+01 1.5779e+04 1.1657e+04 6.3345e+00 1.2850e+04
-4.5103e+06 3.6305e+01 1.5905e+04 1.1570e+04 6.7074e+00 1.2535e+04
-4.5368e+06 3.6304e+01 1.6034e+04 1.1476e+04 5.7261e+00 1.2220e+04
-4.5505e+06 3.6304e+01 1.6165e+04 1.1375e+04 4.2335e+00 1.1905e+04
-4.5404e+06 3.6304e+01 1.6298e+04 1.1266e+04 4.9987e+00 1.1590e+04
-4.5200e+06 3.6303e+01 1.6433e+04 1.1149e+04 5.8422e+00 1.1275e+04
-4.4900e+06 3.6303e+01 1.6570e+04 1.1024e+04 5.1798e+00 1.0960e+04
-4.5036e+06 3.6303e+01 1.6709e+04 1.0890e+04 5.8572e+00 1.0645e+04
-4.4698e+06 3.6302e+01 1.6850e+04 1.0747e+04 7.1545e+00 1.0331e+04
-4.5340e+06 3.6303e+01 1.6993e+04 1.0596e+04 7.4635e+00 1.0017e+04
-4.5345e+06 3.6305e+01 1.7138e+04 1.0434e+04 -2.4954e+00 9.7027e+03
-4.6484e+06 3.6305e+01 1.7284e+04 1.0263e+04 -2.4312e+00 9.3892e+03
-4.4206e+06 3.6302e+01 1.7432e+04 1.0082e+04 6.8098e+00 9.0762e+03
-4.5675e+06 3.6301e+01 1.7581e+04 9.8896e+03 1.0246e+01 8.7642e+03
-4.4387e+06 3.6304e+01 1.7732e+04 9.6865e+03 7.8791e+00 8.4528e+03
-4.6523e+06 3.6310e+01 1.7883e+04 9.4722e+03 4.0632e+00 8.1402e+03
-4.5406e+06 3.6313e+01 1.8036e+04 9.2460e+03 2.3958e+00 7.8307e+03
-4.5457e+06 3.6315e+01 1.8189e+04 9.0078e+03 3.9622e+00 7.5126e+03
-4.5128e+06 3.6323e+01 1.8342e+04 8.7569e+03 -7.0274e+00 7.2092e+03
-4.4756e+06 3.8339e+01 1.4035e+04 1.2436e+04 -4.4020e-02 1.7257e+04
-4.5102e+06 3.8161e+01 1.4132e+04 1.2430e+04 -5.8315e+00 1.6969e+04
-4.4897e+06 3.7972e+01 1.4231e+04 1.2420e+04 -2.9081e+00 1.6649e+04
-4.5097e+06 3.7787e+01 1.4332e+04 1.2405e+04 7.5134e-01 1.6346e+04
-4.4899e+06 3.7610e+01 1.4435e+04 1.2386e+04 -2.3157e-01 1.6040e+04
-4.5137e+06 3.7439e+01 1.4540e+04 1.2362e+04 4.5839e-02 1.5733e+04
-4.4791e+06 3.7271e+01 1.4647e+04 1.2333e+04 3.6351e-01 1.5424e+04
-4.5056e+06 3.7107e+01 1.4756e+04 1.2298e+04 -4.7356e-01 1.5115e+04
-4.4876e+06 3.6948e+01 1.4867e+04 1.2259e+04 -1.2689e+00 1.4805e+04
-4.5238e+06 3.6792e+01 1.4980e+04 1.2214e+04 -1.4308e+00 1.4494e+04
-4.5119e+06 3.6638e+01 1.5096e+04 1.2163e+04 -1.7569e+00 1.4182e+04
-4.5446e+06 3.6490e+01 1.5213e+04 1.2106e+04 -1.9433e+00 1.3870e+04
-4.5267e+06 3.6374e+01 1.5333e+04 1.2043e+04 -2.2106e+00 1.3557e+04
-4.5508e+06 3.6320e+01 1.5456e+04 1.1974e+04 -2.0976e+00 1.3243e+04
-4.5243e+06 3.6310e+01 1.5580e+04 1.1898e+04 -1.8425e+00 1.2930e+04
-4.5391e+06 3.6309e+01 1.5707e+04 1.1815e+04 -1.5080e+00 1.2616e+04
-4.5256e+06 3.6309e+01 1.5836e+04 1.1725e+04 -2.0408e+00 1.2302e+04
-4.5164e+06 3.6308e+01 1.5968e+04 1.1628e+04 -1.4611e+00 1.1987e+04
-4.5201e+06 3.6308e+01 1.6101e+04 1.1523e+04 -9.0970e-01 1.1673e+04
-4.5015e+06 3.6307e+01 1.6237e+04 1.1410e+04 -1.3248e+00 1.1358e+04
-4.5373e+06 3.6307e+01 1.6376e+04 1.1289e+04 -3.1646e+00 1.1044e+04
-4.4863e+06 3.6307e+01 1.6516e+04 1.1159e+04 -3.2893e+00 1.0730e+04
-4.5341e+06 3.6307e+01 1.6659e+04 1.1021e+04 -2.4098e+00 1.0416e+04
-4.4537e+06 3.6307e+01 1.6804e+04 1.0873e+04 -6.2960e-02 1.0102e+04
-4.5835e+06 3.6308e+01 1.6950e+04 1.0716e+04 -1.7951e+00 9.7881e+03
-4.4010e+06 3.6308e+01 1.7099e+04 1.0549e+04 -1.3644e+00 9.4751e+03
-4.6296e+06 3.6307e+01 1.7250e+04 1.0371e+04 -2.3156e+00 9.1627e+03
-4.3623e+06 3.6308e+01 1.7402e+04 1.0183e+04 -4.3875e-01 8.8510e+03
-4.6903e+06 3.6313e+01 1.7555e+04 9.9836e+03 -5.7476e+00 8.5404e+03
-4.4642e+06 3.6322e+01 1.7710e+04 9.7727e+03 -8.8317e+00 8.2276e+03
-4.7602e+06 3.6328e+01 1.7867e+04 9.5499e+03 -1.4261e+01 7.9209e+03
-4.4487e+06 3.6330e+01 1.8024e+04 9.3147e+03 -3.7347e+00 7.5949e+03
-4.5635e+06 3.6339e+01 1.8181e+04 9.0668e+03 -1.5335e+01 7.3009e+03
-4.4985e+06 3.8245e+01 1.3839e+04 1.2628e+04 1.0049e+00 1.7332e+04
-4.4974e+06 3.8060e+01 1.3935e+04 1.2625e+04 -5.1423e+00 1.7043e+04
-4.5223e+06 3.7870e+01 1.4033e+04 1.2618e+04 -4.7201e+00 1.6726e+04
-4.4857e+06 3.7686e+01 1.4133e+04 1.2607e+04 -1.9212e+00 1.6423e+04
-4.5065e+06 3.7511e+01 1.4235e+04 1.2591e+04 -1.2520e+00 1.6118e+04
-4.4860e+06 3.7341e+01 1.4339e+04 1.2570e+04 -1.1409e+00 1.5811e+04
-4.5185e+06 3.7176e+01 1.4445e+04 1.2544e+04 -1.8884e+00 1.5503e+04
-4.4965e+06 3.7014e+01 1.4553e+04 1.2514e+04 -2.3407e+00 1.5194e+04
-4.5284e+06 3.6856e+01 1.4664e+04 1.2478e+04 -2.9983e+00 1.4885e+04
-4.5078e+06 3.6701e+01 1.4776e+04 1.2436e+04 -3.4961e+00 1.4574e+04
-4.5407e+06 3.6548e+01 1.4891e+04 1.2389e+04 -3.6825e+00 1.4263e+04
-4.5227e+06 3.6415e+01 1.5009e+04 1.2336e+04 -4.0894e+00 1.3951e+04
-4.5562e+06 3.6335e+01 1.5129e+04 1.2277e+04 -4.1266e+00 1.3639e+04
-4.5294e+06 3.6312e+01 1.5251e+04 1.2211e+04 -4.1037e+00 1.3326e+04
-4.5561e+06 3.6310e+01 1.5375e+04 1.2140e+04 -3.9918e+00 1.3013e+04
-4.5288e+06 3.6310e+01 1.5502e+04 1.2061e+04 -4.0546e+00 1.2700e+04
-4.5458e+06 3.6309e+01 1.5631e+04 1.1975e+04 -4.5391e+00 1.2386e+04
-4.5390e+06 3.6309e+01 1.5763e+04 1.1882e+04 -4.7945e+00 1.2072e+04
-4.5205e+06 3.6308e+01 1.5898e+04 1.1781e+04 -4.3079e+00 1.1758e+04
-4.5124e+06 3.6308e+01 1.6034e+04 1.1673e+04 -3.9475e+00 1.1444e+04
-4.4700e+06 3.6308e+01 1.6173e+04 1.1556e+04 -3.4385e+00 1.1130e+04
-4.5085e+06 3.6308e+01 1.6315e+04 1.1431e+04 -3.9937e+00 1.0817e+04
-4.4655e+06 3.6308e+01 1.6459e+04 1.1297e+04 -4.6635e+00 1.0503e+04
-4.5369e+06 3.6308e+01 1.6605e+04 1.1154e+04 -3.5994e+00 1.0190e+04
-4.4253e+06 3.6308e+01 1.6754e+04 1.1001e+04 -3.5927e+00 9.8769e+03
-4.6075e+06 3.6308e+01 1.6905e+04 1.0838e+04 -4.8527e+00 9.5643e+03
-4.3479e+06 3.6309e+01 1.7058e+04 1.0664e+04 -3.8595e+00 9.2521e+03
-4.6374e+06 3.6310e+01 1.7213e+04 1.0480e+04 -4.4241e+00 8.9409e+03
-4.3954e+06 3.6317e+01 1.7369e+04 1.0285e+04 -6.0547e+00 8.6308e+03
-4.7697e+06 3.6328e+01 1.7528e+04 1.0078e+04 -1.7892e+01 8.3188e+03
-4.5450e+06 3.6339e+01 1.7688e+04 9.8593e+03 -2.2833e+01 8.0115e+03
-4.6754e+06 3.6345e+01 1.7849e+04 9.6277e+03 -2.2044e+01 7.6879e+03
-4.4178e+06 3.6360e+01 1.8011e+04 9.3831e+03 -1.6662e+01 7.3921e+03
-4.4781e+06 3.8142e+01 1.3639e+04 1.2820e+04 2.1402e+00 1.7405e+04
-4.5217e+06 3.7955e+01 1.3733e+04 1.2820e+04 -3.2793e+00 1.7116e+04
-4.5004e+06 3.7767e+01 1.3830e+04 1.2816e+04 -2.1242e+00 1.6800e+04
-4.5208e+06 3.7585e+01 1.3929e+04 1.2808e+04 1.6072e-01 1.6498e+04
-4.4974e+06 3.7412e+01 1.4030e+04 1.2795e+04 -5.7288e-01 1.6193e+04
-4.5429e+06 3.7244e+01 1.4133e+04 1.2778e+04 -1.8986e+00 1.5886e+04
-4.5078e+06 3.7080e+01 1.4238e+04 1.2755e+04 -1.5978e+00 1.5579e+04
-4.5242e+06 3.6919e+01 1.4345e+04 1.2728e+04 1.0708e-01 1.5271e+04
-4.4912e+06 3.6762e+01 1.4455e+04 1.2696e+04 -1.9593e-02 1.4962e+04
-4.5366e+06 3.6608e+01 1.4567e+04 1.2658e+04 -8.4418e-01 1.4652e+04
-4.5151e+06 3.6462e+01 1.4681e+04 1.2615e+04 -1.1656e+00 1.4342e+04
-4.5564e+06 3.6358e+01 1.4798e+04 1.2566e+04 -1.6670e+00 1.4031e+04
-4.5202e+06 3.6315e+01 1.4917e+04 1.2511e+04 -1.3022e+00 1.3719e+04
-4.5552e+06 3.6309e+01 1.5039e+04 1.2449e+04 -1.2221e+00 1.3407e+04
-4.5084e+06 3.6310e+01 1.5163e+04 1.2382e+04 -6.0593e-01 1.3094e+04
-4.5394e+06 3.6309e+01 1.5290e+04 1.2307e+04 -8.7164e-01 1.2782e+04
-4.4966e+06 3.6308e+01 1.5420e+04 1.2226e+04 -3.3609e-01 1.2468e+04
-4.5020e+06 3.6308e+01 1.5552e+04 1.2137e+04 -7.1967e-01 1.2155e+04
-4.4897e+06 3.6307e+01 1.5686e+04 1.2041e+04 -9.9172e-01 1.1842e+04
-4.4971e+06 3.6307e+01 1.5823e+04 1.1937e+04 -2.2350e+00 1.1528e+04
-4.4987e+06 3.6306e+01 1.5963e+04 1.1825e+04 -2.6675e-01 1.1215e+04
-4.4748e+06 3.6306e+01 1.6106e+04 1.1704e+04 -1.4162e+00 1.0902e+04
-4.5010e+06 3.6307e+01 1.6251e+04 1.1575e+04 -1.6316e+00 1.0589e+04
-4.4640e+06 3.6308e+01 1.6398e+04 1.1436e+04 -4.5002e+00 1.0276e+04
-4.5360e+06 3.6308e+01 1.6549e+04 1.1288e+04 -1.6108e+00 9.9635e+03
-4.3676e+06 3.6308e+01 1.6701e+04 1.1130e+04 -3.6933e+00 9.6513e+03
-4.5961e+06 3.6309e+01 1.6856e+04 1.0961e+04 -2.0849e+00 9.3398e+03
-4.3550e+06 3.6311e+01 1.7014e+04 1.0782e+04 -2.5911e+00 9.0290e+03
-4.6451e+06 3.6318e+01 1.7173e+04 1.0591e+04 -8.2976e-01 8.7195e+03
-4.5119e+06 3.6331e+01 1.7335e+04 1.0389e+04 -1.5404e+01 8.4075e+03
-4.6803e+06 3.6346e+01 1.7498e+04 1.0174e+04 -1.7425e+01 8.1012e+03
-4.4913e+06 3.6363e+01 1.7663e+04 9.9466e+03 -2.3849e+01 7.7775e+03
-4.1950e+06 3.6395e+01 1.7829e+04 9.7058e+03 -2.6312e+01 7.4827e+03
-4.5063e+06 3.8034e+01 1.3434e+04 1.3010e+04 5.2699e-01 1.7476e+04
-4.4985e+06 3.7849e+01 1.3527e+04 1.3014e+04 -4.8905e+00 1.7188e+04
-4.5242e+06 3.7665e+01 1.3623e+04 1.3013e+04 -2.2983e+00 1.6872e+04
-4.4900e+06 3.7487e+01 1.3720e+04 1.3008e+04 3.3721e-01 1.6571e+04
-4.5370e+06 3.7316e+01 1.3820e+04 1.2998e+04 -2.4624e+00 1.6266e+04
-4.5247e+06 3.7148e+01 1.3922e+04 1.2984e+04 -4.1591e+00 1.5961e+04
-4.5461e+06 3.6985e+01 1.4026e+04 1.2966e+04 -2.4876e+00 1.5654e+04
-4.4992e+06 3.6826e+01 1.4132e+04 1.2942e+04 -3.3049e-01 1.5347e+04
-4.5328e+06 3.6671e+01 1.4241e+04 1.2913e+04 -5.9041e-01 1.5038e+04
-4.5044e+06 3.6518e+01 1.4352e+04 1.2880e+04 -1.0496e+00 1.4729e+04
-4.5417e+06 3.6392e+01 1.4465e+04 1.2840e+04 -1.3814e+00 1.4419e+04
-4.5111e+06 3.6325e+01 1.4581e+04 1.2795e+04 -1.5754e+00 1.4109e+04
-4.5491e+06 3.6310e+01 1.4700e+04 1.2744e+04 -1.3773e+00 1.3798e+04
-4.5089e+06 3.6310e+01 1.4821e+04 1.2687e+04 -1.0020e+00 1.3486e+04
-4.5496e+06 3.6310e+01 1.4945e+04 1.2624e+04 -1.2835e+00 1.3174e+04
-4.5139e+06 3.6309e+01 1.5071e+04 1.2554e+04 -1.8123e+00 1.2862e+04
-4.5424e+06 3.6309e+01 1.5200e+04 1.2477e+04 -2.6774e+00 1.2550e+04
-4.5276e+06 3.6308e+01 1.5332e+04 1.2393e+04 -2.5937e+00 1.2237e+04
-4.5117e+06 3.6308e+01 1.5467e+04 1.2301e+04 -3.0116e+00 1.1924e+04
-4.4922e+06 3.6307e+01 1.5604e+04 1.2202e+04 -1.7490e+00 1.1611e+04
-4.4388e+06 3.6307e+01 1.5745e+04 1.2095e+04 -4.7191e-02 1.1298e+04
-4.4849e+06 3.6308e+01 1.5888e+04 1.1979e+04 -2.5423e-01 1.0986e+04
-4.4478e+06 3.6309e+01 1.6034e+04 1.1855e+04 -3.7119e+00 1.0673e+04
-4.5392e+06 3.6309e+01 1.6182e+04 1.1721e+04 -3.1992e+00 1.0361e+04
-4.4006e+06 3.6309e+01 1.6334e+04 1.1578e+04 -5.1300e+00 1.0049e+04
-4.6313e+06 3.6310e+01 1.6488e+04 1.1425e+04 -4.6763e+00 9.7377e+03
-4.2680e+06 3.6312e+01 1.6645e+04 1.1261e+04 -3.2158e+00 9.4264e+03
-4.6547e+06 3.6316e+01 1.6805e+04 1.1087e+04 -6.2766e-01 9.1163e+03
-4.3459e+06 3.6327e+01 1.6967e+04 1.0901e+04 -1.0385e+01 8.8070e+03
-4.8242e+06 3.6345e+01 1.7131e+04 1.0704e+04 -2.2444e+01 8.4956e+03
-4.3595e+06 3.6366e+01 1.7298e+04 1.0494e+04 -2.3766e+01 8.1893e+03
-4.4148e+06 3.6399e+01 1.7466e+04 1.0271e+04 -2.4362e+01 7.8670e+03
-4.0651e+06 3.6458e+01 1.7637e+04 1.0035e+04 -4.7407e+01 7.5719e+03
-4.4783e+06 3.7925e+01 1.3225e+04 1.3199e+04 -1.0854e+00 1.7545e+04
-4.5270e+06 3.7743e+01 1.3317e+04 1.3206e+04 -6.0659e+00 1.7259e+04
-4.5042e+06 3.7564e+01 1.3411e+04 1.3208e+04 -2.2293e+00 1.6943e+04
-4.5336e+06 3.7389e+01 1.3507e+04 1.3206e+04 4.5022e-01 1.6642e+04
-4.5183e+06 3.7219e+01 1.3605e+04 1.3200e+04 -2.8178e+00 1.6338e+04
-4.5527e+06 3.7052e+01 1.3706e+04 1.3190e+04 -3.1938e+00 1.6034e+04
-4.5031e+06 3.6890e+01 1.3809e+04 1.3175e+04 -1.2183e+00 1.5728e+04
-4.5275e+06 3.6733e+01 1.3914e+04 1.3155e+04 -5.4852e-01 1.5421e+04
-4.4987e+06 3.6578e+01 1.4021e+04 1.3130e+04 -1.2775e+00 1.5113e+04
-4.5436e+06 3.6437e+01 1.4131e+04 1.3100e+04 -1.7687e+00 1.4805e+04
-4.5191e+06 3.6344e+01 1.4244e+04 1.3065e+04 -2.2418e+00 1.4496e+04
-4.5540e+06 3.6312e+01 1.4359e+04 1.3024e+04 -2.2552e+00 1.4186e+04
-4.5148e+06 3.6309e+01 1.4476e+04 1.2977e+04 -2.2248e+00 1.3875e+04
-4.5454e+06 3.6310e+01 1.4596e+04 1.2925e+04 -1.7522e+00 1.3564e+04
-4.5046e+06 3.6310e+01 1.4719e+04 1.2866e+04 -1.8110e+00 1.3253e+04
-4.5393e+06 3.6310e+01 1.4845e+04 1.2800e+04 -3.2345e+00 1.2941e+04
-4.5068e+06 3.6309e+01 1.4974e+04 1.2728e+04 -2.9853e+00 1.2629e+04
-4.4762e+06 3.6308e+01 1.5105e+04 1.2649e+04 -1.0804e+00 1.2317e+04
-4.4933e+06 3.6308e+01 1.5240e+04 1.2562e+04 -1.9352e+00 1.2005e+04
-4.4703e+06 3.6308e+01 1.5377e+04 1.2468e+04 -3.3847e+00 1.1693e+04
-4.5384e+06 3.6308e+01 1.5518e+04 1.2366e+04 -4.2513e+00 1.1381e+04
-4.4462e+06 3.6309e+01 1.5661e+04 1.2256e+04 -4.4541e+00 1.1069e+04
-4.5437e+06 3.6310e+01 1.5808e+04 1.2136e+04 -4.5646e+00 1.0757e+04
-4.3880e+06 3.6311e+01 1.5957e+04 1.2008e+04 -4.7949e+00 1.0445e+04
-4.6118e+06 3.6312e+01 1.6110e+04 1.1870e+04 -5.3646e+00 1.0134e+04
-4.2353e+06 3.6314e+01 1.6265e+04 1.1723e+04 -5.3378e+00 9.8226e+03
-4.7377e+06 3.6318e+01 1.6424e+04 1.1565e+04 -7.5127e+00 9.5120e+03
-4.1734e+06 3.6327e+01 1.6585e+04 1.1396e+04 -6.0535e+00 9.2022e+03
-4.8909e+06 3.6346e+01 1.6749e+04 1.1215e+04 -2.3928e+01 8.8937e+03
-4.2638e+06 3.6374e+01 1.6916e+04 1.1023e+04 -4.0686e+01 8.5827e+03
-4.7176e+06 3.6410e+01 1.7086e+04 1.0818e+04 -4.3011e+01 8.2773e+03
-3.7570e+06 3.6465e+01 1.7258e+04 1.0601e+04 -4.0507e+01 7.9546e+03
-3.8983e+06 3.6565e+01 1.7432e+04 1.0370e+04 -8.5074e+01 7.6607e+03
-4.5007e+06 3.7817e+01 1.3012e+04 1.3387e+04 -2.8282e-01 1.7613e+04
-4.4933e+06 3.7639e+01 1.3103e+04 1.3396e+04 -5.3206e+00 1.7327e+04
-4.5250e+06 3.7463e+01 1.3195e+04 1.3402e+04 -1.6262e+00 1.7013e+04
-4.4899e+06 3.7290e+01 1.3290e+04 1.3404e+04 1.1921e+00 1.6712e+04
-4.5238e+06 3.7121e+01 1.3386e+04 1.3401e+04 -7.4682e-01 1.6409e+04
-4.4947e+06 3.6956e+01 1.3485e+04 1.3394e+04 -8.6680e-01 1.6105e+04
-4.5274e+06 3.6796e+01 1.3586e+04 1.3383e+04 -3.7446e-01 1.5800e+04
-4.5019e+06 3.6640e+01 1.3690e+04 1.3367e+04 -8.2521e-01 1.5494e+04
-4.5428e+06 3.6489e+01 1.3796e+04 1.3346e+04 -1.2812e+00 1.5187e+04
-4.5110e+06 3.6372e+01 1.3905e+04 1.3320e+04 -1.6999e+00 1.4879e+04
-4.5420e+06 3.6319e+01 1.4016e+04 1.3289e+04 -1.5610e+00 1.4570e+04
-4.5060e+06 3.6308e+01 1.4129e+04 1.3252e+04 -1.6886e+00 1.4261e+04
-4.5405e+06 3.6308e+01 1.4246e+04 1.3210e+04 -1.4431e+00 1.3951e+04
-4.5010e+06 3.6309e+01 1.4365e+04 1.3161e+04 -1.4753e+00 1.3641e+04
-4.5440e+06 3.6309e+01 1.4487e+04 1.3107e+04 -1.8721e+00 1.3330e+04
-4.5234e+06 3.6309e+01 1.4612e+04 1.3047e+04 -3.9833e+00 1.3019e+04
-4.5424e+06 3.6309e+01 1.4740e+04 1.2979e+04 -4.5176e+00 1.2708e+04
-4.5453e+06 3.6308e+01 1.4871e+04 1.2905e+04 -4.1022e+00 1.2397e+04
-4.4913e+06 3.6308e+01 1.5005e+04 1.2824e+04 -2.9760e+00 1.2085e+04
-4.5111e+06 3.6308e+01 1.5142e+04 1.2735e+04 -3.0049e+00 1.1773e+04
-4.4049e+06 3.6309e+01 1.5282e+04 1.2638e+04 -1.5782e+00 1.1462e+04
-4.5186e+06 3.6310e+01 1.5426e+04 1.2533e+04 -3.2156e+00 1.1150e+04
-4.3820e+06 3.6311e+01 1.5572e+04 1.2419e+04 -3.1518e+00 1.0839e+04
-4.5702e+06 3.6312e+01 1.5722e+04 1.2296e+04 -4.5077e+00 1.0528e+04
-4.2937e+06 3.6315e+01 1.5875e+04 1.2164e+04 -7.3164e+00 1.0217e+04
-4.7495e+06 3.6320e+01 1.6032e+04 1.2022e+04 -1.1380e+01 9.9065e+03
-4.0917e+06 3.6329e+01 1.6192e+04 1.1870e+04 -9.0849e+00 9.5967e+03
-4.8330e+06 3.6344e+01 1.6355e+04 1.1707e+04 -1.5699e+01 9.2874e+03
-4.0433e+06 3.6373e+01 1.6521e+04 1.1533e+04 -2.6697e+01 8.9792e+03
-4.8720e+06 3.6417e+01 1.6690e+04 1.1346e+04 -5.5666e+01 8.6690e+03
-3.6754e+06 3.6481e+01 1.6863e+04 1.1148e+04 -5.9348e+01 8.3635e+03
-4.0825e+06 3.6580e+01 1.7038e+04 1.0936e+04 -8.6569e+01 8.0413e+03
-2.7582e+06 3.6746e+01 1.7216e+04 1.0710e+04 -1.1698e+02 7.7470e+03
-4.4610e+06 3.7711e+01 1.2796e+04 1.3573e+04 6.2146e-01 1.7680e+04
-4.5143e+06 3.7535e+01 1.2884e+04 1.3585e+04 -4.4679e+00 1.7394e+04
-4.4948e+06 3.7361e+01 1.2975e+04 1.3594e+04 -2.0158e+00 1.7080e+04
-4.5268e+06 3.7190e+01 1.3067e+04 1.3599e+04 4.3718e-01 1.6781e+04
-4.4941e+06 3.7023e+01 1.3162e+04 1.3600e+04 -9.8663e-01 1.6478e+04
-4.5309e+06 3.6861e+01 1.3259e+04 1.3597e+04 -7.9876e-01 1.6175e+04
-4.4924e+06 3.6703e+01 1.3359e+04 1.3589e+04 -8.4490e-01 1.5870e+04
-4.5326e+06 3.6547e+01 1.3461e+04 1.3577e+04 -8.4831e-01 1.5565e+04
-4.4989e+06 3.6411e+01 1.3565e+04 1.3560e+04 -1.3668e+00 1.5258e+04
-4.5506e+06 3.6332e+01 1.3672e+04 1.3538e+04 -1.8799e+00 1.4951e+04
-4.5138e+06 3.6309e+01 1.3782e+04 1.3511e+04 -2.0862e+00 1.4643e+04
-4.5504e+06 3.6308e+01 1.3894e+04 1.3479e+04 -1.2502e+00 1.4335e+04
-4.5003e+06 3.6308e+01 1.4009e+04 1.3441e+04 -1.7032e+00 1.4026e+04
-4.5418e+06 3.6308e+01 1.4127e+04 1.3397e+04 -1.1814e+00 1.3716e+04
-4.4790e+06 3.6308e+01 1.4248e+04 1.3348e+04 -8.8257e-01 1.3406e+04
-4.5136e+06 3.6308e+01 1.4372e+04 1.3292e+04 -7.4105e-01 1.3096e+04
-4.4690e+06 3.6308e+01 1.4498e+04 1.3230e+04 -6.5004e-01 1.2785e+04
-4.4461e+06 3.6308e+01 1.4628e+04 1.3161e+04 6.5058e-01 1.2475e+04
-4.4764e+06 3.6308e+01 1.4762e+04 1.3085e+04 -1.2504e+00 1.2164e+04
-4.4546e+06 3.6308e+01 1.4898e+04 1.3001e+04 -2.3764e+00 1.1853e+04
-4.5476e+06 3.6309e+01 1.5038e+04 1.2910e+04 -5.4423e+00 1.1542e+04
-4.4229e+06 3.6311e+01 1.5181e+04 1.2810e+04 -4.1134e+00 1.1231e+04
-4.5286e+06 3.6313e+01 1.5327e+04 1.2703e+04 -4.9885e+00 1.0920e+04
-4.3203e+06 3.6316e+01 1.5477e+04 1.2586e+04 -5.1948e+00 1.0610e+04
-4.5877e+06 3.6322e+01 1.5631e+04 1.2460e+04 -6.6375e+00 1.0299e+04
-4.0524e+06 3.6331e+01 1.5788e+04 1.2324e+04 -6.3964e+00 9.9894e+03
-4.7848e+06 3.6347e+01 1.5949e+04 1.2178e+04 -1.9943e+01 9.6800e+03
-3.9224e+06 3.6373e+01 1.6113e+04 1.2021e+04 -2.3091e+01 9.3714e+03
-4.7472e+06 3.6416e+01 1.6281e+04 1.1853e+04 -4.2037e+01 9.0635e+03
-3.5508e+06 3.6488e+01 1.6452e+04 1.1673e+04 -5.8010e+01 8.7538e+03
-4.1544e+06 3.6598e+01 1.6627e+04 1.1481e+04 -9.7251e+01 8.4491e+03
-2.5639e+06 3.6775e+01 1.6805e+04 1.1275e+04 -1.2344e+02 8.1274e+03
-2.5305e+06 3.6994e+01 1.6986e+04 1.1056e+04 -2.6136e+02 7.8306e+03
-4.4961e+06 3.7608e+01 1.2575e+04 1.3757e+04 9.5384e-01 1.7744e+04
-4.4823e+06 3.7433e+01 1.2661e+04 1.3773e+04 -4.7497e+00 1.7460e+04
-4.5224e+06 3.7260e+01 1.2750e+04 1.3785e+04 -2.0793e+00 1.7146e+04
-4.4779e+06 3.7091e+01 1.2841e+04 1.3793e+04 7.5120e-01 1.6848e+04
-4.5201e+06 3.6927e+01 1.2934e+04 1.3798e+04 -3.4574e-01 1.6546e+04
-4.4845e+06 3.6766e+01 1.3029e+04 1.3798e+04 -4.3916e-01 1.6243e+04
-4.5380e+06 3.6609e+01 1.3127e+04 1.3794e+04 -7.7150e-01 1.5939e+04
-4.5002e+06 3.6460e+01 1.3227e+04 1.3786e+04 -1.2044e+00 1.5634e+04
-4.5559e+06 3.6353e+01 1.3329e+04 1.3773e+04 -1.4462e+00 1.5329e+04
-4.4996e+06 3.6313e+01 1.3434e+04 1.3755e+04 -1.6164e+00 1.5022e+04
-4.5486e+06 3.6308e+01 1.3542e+04 1.3732e+04 -1.0187e+00 1.4715e+04
-4.4881e+06 3.6308e+01 1.3653e+04 1.3704e+04 -1.2267e+00 1.4407e+04
-4.5621e+06 3.6308e+01 1.3766e+04 1.3671e+04 -2.2792e+00 1.4099e+04
-4.4792e+06 3.6308e+01 1.3882e+04 1.3632e+04 -2.3328e+00 1.3790e+04
-4.5553e+06 3.6307e+01 1.4002e+04 1.3588e+04 -2.0589e+00 1.3481e+04
-4.4707e+06 3.6308e+01 1.4124e+04 1.3537e+04 -2.3063e+00 1.3171e+04
-4.5511e+06 3.6308e+01 1.4249e+04 1.3480e+04 -3.7230e+00 1.2861e+04
-4.5251e+06 3.6308e+01 1.4378e+04 1.3416e+04 -5.5595e+00 1.2551e+04
-4.5280e+06 3.6309e+01 1.4510e+04 1.3345e+04 -4.8107e+00 1.2241e+04
-4.4631e+06 3.6309e+01 1.4646e+04 1.3267e+04 -2.9380e+00 1.1931e+04
-4.4181e+06 3.6311e+01 1.4784e+04 1.3182e+04 -2.4681e+00 1.1620e+04
-4.4432e+06 3.6314e+01 1.4927e+04 1.3088e+04 -3.8833e+00 1.1310e+04
-4.4040e+06 3.6317e+01 1.5073e+04 1.2987e+04 -6.3899e+00 1.1000e+04
-4.4607e+06 3.6324e+01 1.5223e+04 1.2876e+04 -6.4425e+00 1.0690e+04
-4.2504e+06 3.6334e+01 1.5376e+04 1.2757e+04 -1.3256e+01 1.0381e+04
-4.6224e+06 3.6350e+01 1.5534e+04 1.2627e+04 -1.7504e+01 1.0071e+04
-3.9034e+06 3.6378e+01 1.5695e+04 1.2488e+04 -2.4077e+01 9.7623e+03
-4.5264e+06 3.6422e+01 1.5860e+04 1.2338e+04 -3.9177e+01 9.4541e+03
-3.5398e+06 3.6495e+01 1.6029e+04 1.2176e+04 -5.9290e+01 9.1469e+03
-3.9588e+06 3.6613e+01 1.6201e+04 1.2003e+04 -9.2516e+01 8.8376e+03
-2.6218e+06 3.6801e+01 1.6378e+04 1.1818e+04 -1.3620e+02 8.5338e+03
-2.3305e+06 3.7039e+01 1.6558e+04 1.1619e+04 -2.8229e+02 8.2088e+03
-5.5221e+05 3.7056e+01 1.6742e+04 1.1407e+04 -5.3584e+02 7.9081e+03
-4.4651e+06 3.7506e+01 1.2350e+04 1.3939e+04 1.3540e+00 1.7807e+04
-4.5281e+06 3.7334e+01 1.2434e+04 1.3958e+04 -5.4366e+00 1.7524e+04
-4.4979e+06 3.7162e+01 1.2521e+04 1.3974e+04 -2.5952e+00 1.7211e+04
-4.5366e+06 3.6993e+01 1.2609e+04 1.3985e+04 4.7710e-01 1.6913e+04
-4.4941e+06 3.6831e+01 1.2700e+04 1.3993e+04 -7.0960e-01 1.6612e+04
-4.5469e+06 3.6672e+01 1.2793e+04 1.3997e+04 -8.3448e-01 1.6310e+04
-4.4919e+06 3.6517e+01 1.2889e+04 1.3997e+04 -9.7756e-01 1.6007e+04
-4.5483e+06 3.6389e+01 1.2987e+04 1.3993e+04 -9.8434e-01 1.5703e+04
-4.4847e+06 3.6322e+01 1.3088e+04 1.3984e+04 -1.0137e+00 1.5398e+04
-4.5562e+06 3.6307e+01 1.3191e+04 1.3970e+04 -9.3750e-01 1.5092e+04
-4.4907e+06 3.6308e+01 1.3296e+04 1.3952e+04 -1.2142e+00 1.4786e+04
-4.5869e+06 3.6308e+01 1.3405e+04 1.3928e+04 -2.9381e+00 1.4479e+04
-4.4955e+06 3.6308e+01 1.3517e+04 1.3900e+04 -4.2182e+00 1.4171e+04
-4.5722e+06 3.6307e+01 1.3631e+04 1.3866e+04 -2.7019e+00 1.3863e+04
-4.4248e+06 3.6307e+01 1.3748e+04 1.3826e+04 -9.2290e-01 1.3554e+04
-4.5250e+06 3.6307e+01 1.3869e+04 1.3780e+04 -8.0395e-01 1.3245e+04
-4.3949e+06 3.6308e+01 1.3993e+04 1.3728e+04 1.3142e-01 1.2936e+04
-4.4605e+06 3.6309e+01 1.4120e+04 1.3670e+04 2.7112e-01 1.2626e+04
-4.4038e+06 3.6310e+01 1.4250e+04 1.3605e+04 -1.4386e+00 1.2317e+04
-4.4999e+06 3.6311e+01 1.4385e+04 1.3533e+04 -4.0117e+00 1.2007e+04
-4.4738e+06 3.6314e+01 1.4522e+04 1.3453e+04 -7.4245e+00 1.1698e+04
-4.4860e+06 3.6318e+01 1.4664e+04 1.3366e+04 -8.2954e+00 1.1388e+04
-4.3899e+06 3.6325e+01 1.4809e+04 1.3271e+04 -7.4608e+00 1.1078e+04
-4.3511e+06 3.6336e+01 1.4958e+04 1.3167e+04 -1.3387e+01 1.0769e+04
-4.3842e+06 3.6354e+01 1.5111e+04 1.3054e+04 -1.4572e+01 1.0460e+04
-3.9204e+06 3.6383e+01 1.5268e+04 1.2931e+04 -2.2524e+01 1.0152e+04
-4.4413e+06 3.6430e+01 1.5429e+04 1.2799e+04 -4.4509e+01 9.8433e+03
-3.5145e+06 3.6507e+01 1.5595e+04 1.2656e+04 -6.4692e+01 9.5357e+03
-3.8405e+06 3.6631e+01 1.5764e+04 1.2502e+04 -1.0164e+02 9.2290e+03
-2.5483e+06 3.6831e+01 1.5938e+04 1.2336e+04 -1.4748e+02 8.9205e+03
-2.2434e+06 3.7065e+01 1.6116e+04 1.2158e+04 -3.1165e+02 8.6128e+03
-2.6898e+05 3.6974e+01 1.6298e+04 1.1967e+04 -5.7199e+02 8.2837e+03
3.4295e+06 3.6020e+01 1.6484e+04 1.1762e+04 -5.9988e+02 7.9908e+03
-4.5204e+06 3.7407e+01 1.2121e+04 1.4119e+04 1.9797e+00 1.7869e+04
-4.5036e+06 3.7238e+01 1.2203e+04 1.4141e+04 -6.0561e+00 1.7586e+04
-4.5493e+06 3.7066e+01 1.2287e+04 1.4160e+04 -3.1205e+00 1.7274e+04
-4.4855e+06 3.6898e+01 1.2374e+04 1.4175e+04 2.7951e-01 1.6977e+04
-4.5397e+06 3.6738e+01 1.2462e+04 1.4187e+04 -3.3069e-01 1.6676e+04
-4.4918e+06 3.6579e+01 1.2553e+04 1.4194e+04 -7.3515e-01 1.6375e+04
-4.5635e+06 3.6434e+01 1.2647e+04 1.4198e+04 -1.1809e+00 1.6073e+04
-4.5000e+06 3.6341e+01 1.2742e+04 1.4197e+04 -1.5764e+00 1.5769e+04
-4.5700e+06 3.6310e+01 1.2840e+04 1.4193e+04 -1.3353e+00 1.5465e+04
-4.4743e+06 3.6307e+01 1.2941e+04 1.4183e+04 -8.4413e-01 1.5160e+04
-4.5548e+06 3.6308e+01 1.3045e+04 1.4169e+04 -9.6220e-02 1.4854e+04
-4.4695e+06 3.6308e+01 1.3151e+04 1.4150e+04 -2.1203e+00 1.4548e+04
-4.5830e+06 3.6308e+01 1.3261e+04 1.4126e+04 -2.4592e+00 1.4241e+04
-4.4309e+06 3.6307e+01 1.3373e+04 1.4097e+04 -1.7965e+00 1.3934e+04
-4.5770e+06 3.6307e+01 1.3488e+04 1.4063e+04 -2.2519e+00 1.3626e+04
-4.4266e+06 3.6307e+01 1.3607e+04 1.4022e+04 -3.5327e+00 1.3318e+04
-4.5879e+06 3.6308e+01 1.3728e+04 1.3976e+04 -4.7007e+00 1.3009e+04
-4.4873e+06 3.6309e+01 1.3854e+04 1.3923e+04 -7.1036e+00 1.2701e+04
-4.5610e+06 3.6311e+01 1.3983e+04 1.3864e+04 -5.0326e+00 1.2392e+04
-4.3807e+06 3.6314e+01 1.4115e+04 1.3798e+04 -3.5319e+00 1.2083e+04
-4.4228e+06 3.6319e+01 1.4251e+04 1.3724e+04 -1.6020e+00 1.1774e+04
-4.3188e+06 3.6326e+01 1.4391e+04 1.3643e+04 -6.3143e+00 1.1465e+04
-4.4163e+06 3.6338e+01 1.4535e+04 1.3554e+04 -1.1449e+01 1.1156e+04
-4.2793e+06 3.6357e+01 1.4683e+04 1.3457e+04 -1.6475e+01 1.0847e+04
-4.1336e+06 3.6388e+01 1.4835e+04 1.3351e+04 -2.9031e+01 1.0539e+04
-4.3613e+06 3.6437e+01 1.4991e+04 1.3236e+04 -4.9520e+01 1.0231e+04
-3.4342e+06 3.6519e+01 1.5152e+04 1.3111e+04 -6.6809e+01 9.9232e+03
-3.7333e+06 3.6650e+01 1.5317e+04 1.2975e+04 -1.0917e+02 9.6159e+03
-2.4066e+06 3.6860e+01 1.5487e+04 1.2829e+04 -1.5820e+02 9.3100e+03
-2.1801e+06 3.7116e+01 1.5661e+04 1.2671e+04 -3.4041e+02 8.9985e+03
2.2789e+03 3.6980e+01 1.5840e+04 1.2501e+04 -5.9763e+02 8.6893e+03
3.7422e+06 3.5685e+01 1.6024e+04 1.2318e+04 -6.0238e+02 8.3649e+03
1.0189e+07 3.3400e+01 1.6212e+04 1.2121e+04 3.7434e+01 8.0581e+03
-4.4777e+06 3.7309e+01 1.1888e+04 1.4297e+04 2.6750e+00 1.7929e+04
-4.5540e+06 3.7141e+01 1.1968e+04 1.4322e+04 -5.2099e+00 1.7647e+04
-4.5140e+06 3.6970e+01 1.2050e+04 1.4344e+04 -3.2834e+00 1.7336e+04
-4.5661e+06 3.6804e+01 1.2134e+04 1.4363e+04 -6.1121e-01 1.7039e+04
-4.5133e+06 3.6645e+01 1.2220e+04 1.4378e+04 -1.5322e+00 1.6739e+04
-4.5877e+06 3.6492e+01 1.2308e+04 1.4389e+04 -1.5024e+00 1.6439e+04
-4.5034e+06 3.6372e+01 1.2399e+04 1.4397e+04 -1.2730e+00 1.6137e+04
-4.5726e+06 3.6317e+01 1.2492e+04 1.4400e+04 -9.7505e-01 1.5835e+04
-4.4677e+06 3.6307e+01 1.2588e+04 1.4399e+04 -8.6583e-01 1.5531e+04
-4.5700e+06 3.6307e+01 1.2686e+04 1.4394e+04 -7.2444e-01 1.5227e+04
-4.4569e+06 3.6307e+01 1.2787e+04 1.4385e+04 -7.2388e-01 1.4922e+04
-4.5843e+06 3.6308e+01 1.2891e+04 1.4370e+04 -9.2887e-01 1.4616e+04
-4.4210e+06 3.6307e+01 1.2998e+04 1.4351e+04 -1.2797e+00 1.4310e+04
-4.5831e+06 3.6307e+01 1.3108e+04 1.4327e+04 -1.1680e+00 1.4004e+04
-4.3532e+06 3.6307e+01 1.3221e+04 1.4297e+04 -5.7922e-01 1.3697e+04
-4.5494e+06 3.6308e+01 1.3337e+04 1.4262e+04 -4.1067e-01 1.3389e+04
-4.2988e+06 3.6309e+01 1.3457e+04 1.4221e+04 1.0689e+00 1.3081e+04
-4.4605e+06 3.6311e+01 1.3580e+04 1.4174e+04 1.9457e+00 1.2773e+04
-4.2871e+06 3.6314e+01 1.3706e+04 1.4121e+04 -9.1897e-01 1.2465e+04
-4.5505e+06 3.6319e+01 1.3837e+04 1.4061e+04 -5.5902e+00 1.2157e+04
-4.3644e+06 3.6327e+01 1.3971e+04 1.3994e+04 -1.1090e+01 1.1849e+04
-4.5682e+06 3.6340e+01 1.4109e+04 1.3919e+04 -1.6797e+01 1.1541e+04
-4.1867e+06 3.6360e+01 1.4251e+04 1.3837e+04 -1.9478e+01 1.1232e+04
-4.3023e+06 3.6392e+01 1.4397e+04 1.3747e+04 -3.0569e+01 1.0925e+04
-3.9747e+06 3.6445e+01 1.4548e+04 1.3648e+04 -4.1729e+01 1.0617e+04
-3.4952e+06 3.6531e+01 1.4703e+04 1.3540e+04 -6.7345e+01 1.0309e+04
-3.5803e+06 3.6667e+01 1.4863e+04 1.3423e+04 -1.1420e+02 1.0002e+04
-2.3888e+06 3.6885e+01 1.5028e+04 1.3295e+04 -1.6682e+02 9.6949e+03
-1.8407e+06 3.7213e+01 1.5197e+04 1.3157e+04 -3.5934e+02 9.3855e+03
2.6898e+05 3.7142e+01 1.5371e+04 1.3008e+04 -6.0949e+02 9.0711e+03
4.4511e+06 3.5705e+01 1.5550e+04 1.2846e+04 -5.6326e+02 8.7694e+03
1.0845e+07 3.3063e+01 1.5734e+04 1.2672e+04 7.4398e+01 8.4356e+03
1.9016e+07 3.0935e+01 1.5924e+04 1.2484e+04 6.0065e+02 8.1287e+03
-4.5360e+06 3.7209e+01 1.1652e+04 1.4472e+04 2.2066e+00 1.7987e+04
-4.5030e+06 3.7042e+01 1.1729e+04 1.4500e+04 -4.3001e+00 1.7706e+04
-4.5607e+06 3.6873e+01 1.1808e+04 1.4526e+04 -1.8943e+00 1.7396e+04
-4.4920e+06 3.6709e+01 1.1889e+04 1.4548e+04 5.4166e-01 1.7100e+04
-4.5876e+06 3.6554e+01 1.1973e+04 1.4566e+04 -1.9345e+00 1.6801e+04
-4.5250e+06 3.6418e+01 1.2059e+04 1.4581e+04 -2.1776e+00 1.6501e+04
-4.6104e+06 3.6335e+01 1.2147e+04 1.4593e+04 -1.5957e+00 1.6200e+04
-4.4995e+06 3.6310e+01 1.2237e+04 1.4600e+04 -1.4648e+00 1.5898e+04
-4.5987e+06 3.6307e+01 1.2330e+04 1.4603e+04 -1.7016e+00 1.5596e+04
-4.4465e+06 3.6307e+01 1.2426e+04 1.4603e+04 -7.7563e-01 1.5292e+04
-4.5702e+06 3.6307e+01 1.2524e+04 1.4597e+04 -4.1997e-01 1.4988e+04
-4.3952e+06 3.6307e+01 1.2625e+04 1.4588e+04 -1.0748e-01 1.4683e+04
-4.5892e+06 3.6308e+01 1.2729e+04 1.4573e+04 -1.0319e+00 1.4378e+04
-4.3541e+06 3.6308e+01 1.2837e+04 1.4554e+04 -1.1264e+00 1.4072e+04
-4.6355e+06 3.6308e+01 1.2947e+04 1.4530e+04 -4.0047e+00 1.3766e+04
-4.3497e+06 3.6308e+01 1.3060e+04 1.4500e+04 -4.1148e+00 1.3459e+04
-4.6719e+06 3.6310e+01 1.3177e+04 1.4464e+04 -8.4244e+00 1.3152e+04
-4.4132e+06 3.6314e+01 1.3298e+04 1.4423e+04 -9.6502e+00 1.2845e+04
-4.6603e+06 3.6319e+01 1.3422e+04 1.4376e+04 -1.0908e+01 1.2537e+04
-4.2296e+06 3.6329e+01 1.3549e+04 1.4322e+04 -8.4166e+00 1.2230e+04
-4.4921e+06 3.6342e+01 1.3681e+04 1.4262e+04 -1.1651e+01 1.1922e+04
-4.0414e+06 3.6363e+01 1.3817e+04 1.4194e+04 -1.4883e+01 1.1615e+04
-4.4428e+06 3.6397e+01 1.3957e+04 1.4119e+04 -3.4282e+01 1.1307e+04
-3.7712e+06 3.6452e+01 1.4101e+04 1.4036e+04 -4.2462e+01 1.1000e+04
-3.8733e+06 3.6542e+01 1.4250e+04 1.3944e+04 -8.2749e+01 1.0693e+04
-3.4040e+06 3.6686e+01 1.4404e+04 1.3844e+04 -1.1714e+02 1.0386e+04
-2.3397e+06 3.6919e+01 1.4562e+04 1.3735e+04 -1.7814e+02 1.0078e+04
-1.4997e+06 3.7184e+01 1.4725e+04 1.3616e+04 -3.7181e+02 9.7684e+03
5.3533e+05 3.7155e+01 1.4894e+04 1.3486e+04 -6.4229e+02 9.4557e+03
5.2609e+06 3.5888e+01 1.5067e+04 1.3345e+04 -5.0466e+02 9.1482e+03
1.1537e+07 3.3179e+01 1.5246e+04 1.3192e+04 1.2459e+02 8.8308e+03
1.9689e+07 3.0928e+01 1.5430e+04 1.3027e+04 7.2353e+02 8.5198e+03
1.7743e+07 3.1059e+01 1.5620e+04 1.2849e+04 -4.7613e+01 8.0838e+03
-4.4776e+06 3.7110e+01 1.1412e+04 1.4644e+04 1.2499e+00 1.8044e+04
-4.5552e+06 3.6943e+01 1.1486e+04 1.4676e+04 -4.0800e+00 1.7764e+04
-4.5063e+06 3.6777e+01 1.1563e+04 1.4705e+04 -1.6356e+00 1.7454e+04
-4.5908e+06 3.6615e+01 1.1641e+04 1.4730e+04 -1.6256e-01 1.7159e+04
-4.5476e+06 3.6467e+01 1.1722e+04 1.4752e+04 -3.3732e+00 1.6861e+04
-4.6454e+06 3.6362e+01 1.1805e+04 1.4771e+04 -3.4907e+00 1.6562e+04
-4.5202e+06 3.6318e+01 1.1890e+04 1.4786e+04 -1.4510e+00 1.6262e+04
-4.5978e+06 3.6310e+01 1.1977e+04 1.4797e+04 -7.1614e-01 1.5961e+04
-4.4527e+06 3.6307e+01 1.2067e+04 1.4805e+04 -8.0590e-01 1.5659e+04
-4.5885e+06 3.6306e+01 1.2160e+04 1.4808e+04 -1.2460e+00 1.5357e+04
-4.4312e+06 3.6307e+01 1.2255e+04 1.4807e+04 -1.6702e+00 1.5053e+04
-4.6033e+06 3.6307e+01 1.2353e+04 1.4802e+04 -1.7299e+00 1.4749e+04
-4.3749e+06 3.6308e+01 1.2454e+04 1.4793e+04 -1.5416e+00 1.4445e+04
-4.6165e+06 3.6309e+01 1.2559e+04 1.4779e+04 -1.9076e+00 1.4139e+04
-4.2822e+06 3.6309e+01 1.2666e+04 1.4759e+04 -1.1820e-01 1.3834e+04
-4.5648e+06 3.6310e+01 1.2776e+04 1.4735e+04 -3.5527e-01 1.3528e+04
-4.1845e+06 3.6313e+01 1.2890e+04 1.4705e+04 2.1030e+00 1.3222e+04
-4.4223e+06 3.6319e+01 1.3008e+04 1.4670e+04 2.8860e+00 1.2915e+04
-4.1431e+06 3.6328e+01 1.3129e+04 1.4629e+04 -3.0404e+00 1.2608e+04
-4.5782e+06 3.6344e+01 1.3254e+04 1.4581e+04 -1.7290e+01 1.2302e+04
-4.2089e+06 3.6366e+01 1.3383e+04 1.4527e+04 -2.6784e+01 1.1995e+04
-4.4724e+06 3.6401e+01 1.3516e+04 1.4466e+04 -3.5461e+01 1.1688e+04
-3.7351e+06 3.6459e+01 1.3653e+04 1.4398e+04 -4.6810e+01 1.1381e+04
-3.9032e+06 3.6553e+01 1.3795e+04 1.4323e+04 -8.2940e+01 1.1074e+04
-3.0516e+06 3.6704e+01 1.3941e+04 1.4239e+04 -1.1451e+02 1.0768e+04
-2.1770e+06 3.6944e+01 1.4092e+04 1.4147e+04 -1.9294e+02 1.0461e+04
-1.6221e+06 3.7244e+01 1.4249e+04 1.4046e+04 -4.0990e+02 1.0150e+04
1.0248e+06 3.7008e+01 1.4410e+04 1.3935e+04 -6.6032e+02 9.8382e+03
5.5881e+06 3.5508e+01 1.4577e+04 1.3814e+04 -4.7826e+02 9.5311e+03
1.2782e+07 3.3043e+01 1.4749e+04 1.3683e+04 1.8204e+02 9.2061e+03
1.9866e+07 3.1083e+01 1.4927e+04 1.3539e+04 8.0547e+02 8.9248e+03
1.7979e+07 3.1432e+01 1.5110e+04 1.3384e+04 -5.7392e+02 8.3659e+03
8.5854e+06 3.5023e+01 1.5300e+04 1.3216e+04 -2.0478e+04 1.9470e+03
-4.5458e+06 3.7010e+01 1.1168e+04 1.4814e+04 4.9996e-02 1.8100e+04
-4.5042e+06 3.6846e+01 1.1239e+04 1.4849e+04 -4.7308e+00 1.7820e+04
-4.5665e+06 3.6682e+01 1.1313e+04 1.4881e+04 -1.5172e+00 1.7511e+04
-4.4987e+06 3.6524e+01 1.1388e+04 1.4910e+04 7.8703e-01 1.7217e+04
-4.6057e+06 3.6396e+01 1.1466e+04 1.4935e+04 -2.2439e+00 1.6920e+04
-4.5362e+06 3.6330e+01 1.1546e+04 1.4957e+04 -2.9307e+00 1.6621e+04
-4.6334e+06 3.6313e+01 1.1628e+04 1.4976e+04 -2.2654e+00 1.6322e+04
-4.5052e+06 3.6310e+01 1.1712e+04 1.4992e+04 -1.8900e+00 1.6022e+04
-4.6140e+06 3.6307e+01 1.1799e+04 1.5003e+04 -2.1065e+00 1.5721e+04
-4.4358e+06 3.6306e+01 1.1889e+04 1.5011e+04 -1.2784e+00 1.5419e+04
-4.5738e+06 3.6307e+01 1.1981e+04 1.5015e+04 -6.1902e-01 1.5116e+04
-4.3711e+06 3.6308e+01 1.2076e+04 1.5014e+04 -3.8415e-01 1.4813e+04
-4.6056e+06 3.6309e+01 1.2173e+04 1.5009e+04 -1.7775e+00 1.4510e+04
-4.3315e+06 3.6310e+01 1.2274e+04 1.5000e+04 -2.7084e+00 1.4205e+04
-4.6652e+06 3.6312e+01 1.2378e+04 1.4986e+04 -6.1013e+00 1.3900e+04
-4.3230e+06 3.6314e+01 1.2485e+04 1.4967e+04 -6.9235e+00 1.3595e+04
-4.6920e+06 3.6318e+01 1.2596e+04 1.4943e+04 -1.3334e+01 1.3290e+04
-4.3992e+06 3.6327e+01 1.2710e+04 1.4914e+04 -1.7595e+01 1.2984e+04
-4.6210e+06 3.6342e+01 1.2828e+04 1.4879e+04 -1.8842e+01 1.2678e+04
-4.0655e+06 3.6367e+01 1.2949e+04 1.4838e+04 -1.8498e+01 1.2372e+04
-4.2402e+06 3.6405e+01 1.3075e+04 1.4790e+04 -2.7902e+01 1.2066e+04
-3.6285e+06 3.6465e+01 1.3205e+04 1.4737e+04 -4.3400e+01 1.1760e+04
-3.8856e+06 3.6563e+01 1.3339e+04 1.4676e+04 -8.4988e+01 1.1454e+04
-2.9057e+06 3.6720e+01 1.3478e+04 1.4608e+04 -1.1755e+02 1.1148e+04
-2.4471e+06 3.6975e+01 1.3621e+04 1.4532e+04 -2.0771e+02 1.0841e+04
-1.5752e+06 3.7228e+01 1.3769e+04 1.4448e+04 -4.2606e+02 1.0529e+04
1.6160e+06 3.7078e+01 1.3923e+04 1.4355e+04 -6.5872e+02 1.0216e+04
5.9255e+06 3.5501e+01 1.4082e+04 1.4253e+04 -4.3971e+02 9.9117e+03
1.3846e+07 3.2689e+01 1.4246e+04 1.4142e+04 2.2148e+02 9.5764e+03
1.9979e+07 3.0914e+01 1.4416e+04 1.4020e+04 8.9008e+02 9.3083e+03
1.8301e+07 3.1697e+01 1.4592e+04 1.3886e+04 -1.0825e+03 8.6808e+03
4.8664e+06 3.5558e+01 1.4774e+04 1.3741e+04 -2.7519e+04 -2.7851e+02
-1.7175e+07 4.2215e+01 1.4963e+04 1.3583e+04 -1.1920e+05 -2.8105e+04
-4.4799e+06 3.6911e+01 1.0921e+04 1.4981e+04 9.3073e-01 1.8154e+04
-4.5583e+06 3.6750e+01 1.0989e+04 1.5019e+04 -4.5411e+00 1.7875e+04
-4.5158e+06 3.6590e+01 1.1060e+04 1.5054e+04 -1.9674e+00 1.7567e+04
-4.6057e+06 3.6444e+01 1.1132e+04 1.5086e+04 -7.2815e-01 1.7273e+04
-4.5542e+06 3.6349e+01 1.1206e+04 1.5115e+04 -3.8220e+00 1.6977e+04
-4.6465e+06 3.6317e+01 1.1283e+04 1.5141e+04 -4.3152e+00 1.6679e+04
-4.5170e+06 3.6312e+01 1.1362e+04 1.5163e+04 -2.3677e+00 1.6381e+04
-4.5944e+06 3.6309e+01 1.1443e+04 1.5183e+04 -9.3969e-01 1.6082e+04
-4.4437e+06 3.6307e+01 1.1526e+04 1.5198e+04 -4.2454e-01 1.5781e+04
-4.5910e+06 3.6307e+01 1.1612e+04 1.5210e+04 -1.6002e+00 1.5480e+04
-4.4285e+06 3.6307e+01 1.1701e+04 1.5218e+04 -2.0748e+00 1.5179e+04
-4.6075e+06 3.6308e+01 1.1792e+04 1.5223e+04 -2.3889e+00 1.4876e+04
-4.3622e+06 3.6310e+01 1.1886e+04 1.5223e+04 -2.2089e+00 1.4573e+04
-4.6219e+06 3.6312e+01 1.1983e+04 1.5218e+04 -3.6226e+00 1.4270e+04
-4.2384e+06 3.6316e+01 1.2084e+04 1.5210e+04 -7.2009e-01 1.3966e+04
-4.5150e+06 3.6320e+01 1.2187e+04 1.5196e+04 -1.4813e+00 1.3661e+04
-4.0825e+06 3.6329e+01 1.2294e+04 1.5178e+04 1.0049e+00 1.3357e+04
-4.2528e+06 3.6343e+01 1.2404e+04 1.5154e+04 -1.1330e+00 1.3051e+04
-3.9621e+06 3.6368e+01 1.2518e+04 1.5125e+04 -1.0999e+01 1.2747e+04
-4.3198e+06 3.6407e+01 1.2636e+04 1.5091e+04 -3.4982e+01 1.2441e+04
-3.9108e+06 3.6471e+01 1.2758e+04 1.5050e+04 -5.8672e+01 1.2136e+04
-3.8987e+06 3.6574e+01 1.2884e+04 1.5004e+04 -9.4086e+01 1.1831e+04
-2.8587e+06 3.6738e+01 1.3015e+04 1.4950e+04 -1.2308e+02 1.1525e+04
-2.3869e+06 3.6999e+01 1.3150e+04 1.4890e+04 -2.1125e+02 1.1219e+04
-1.0758e+06 3.7270e+01 1.3290e+04 1.4822e+04 -4.4050e+02 1.0907e+04
2.1132e+06 3.6931e+01 1.3435e+04 1.4746e+04 -6.8802e+02 1.0591e+04
6.1369e+06 3.5397e+01 1.3585e+04 1.4663e+04 -3.9145e+02 1.0289e+04
1.5011e+07 3.2850e+01 1.3741e+04 1.4570e+04 2.7910e+02 9.9568e+03
1.9791e+07 3.0946e+01 1.3902e+04 1.4468e+04 9.4887e+02 9.6822e+03
1.8705e+07 3.1959e+01 1.4069e+04 1.4356e+04 -1.5969e+03 8.9650e+03
1.1501e+06 3.6264e+01 1.4243e+04 1.4233e+04 -3.4376e+04 -2.3817e+03
-1.5972e+07 4.2762e+01 1.4422e+04 1.4098e+04 -1.3678e+05 -3.5045e+04
-9.9654e+05 4.8946e+01 1.3809e+04 1.3290e+04 -2.9137e+05 -8.3585e+04
-4.5460e+06 3.6814e+01 1.0670e+04 1.5145e+04 1.4208e+00 1.8207e+04
-4.5123e+06 3.6655e+01 1.0735e+04 1.5186e+04 -4.9378e+00 1.7928e+04
-4.5665e+06 3.6501e+01 1.0802e+04 1.5224e+04 -1.3303e+00 1.7621e+04
-4.4973e+06 3.6380e+01 1.0871e+04 1.5259e+04 1.5792e+00 1.7328e+04
-4.5805e+06 3.6323e+01 1.0942e+04 1.5292e+04 -4.2969e-01 1.7033e+04
-4.5146e+06 3.6312e+01 1.1016e+04 1.5321e+04 -1.5651e+00 1.6736e+04
-4.6107e+06 3.6311e+01 1.1091e+04 1.5347e+04 -2.1374e+00 1.6438e+04
-4.5101e+06 3.6309e+01 1.1168e+04 1.5370e+04 -2.4551e+00 1.6140e+04
-4.6100e+06 3.6309e+01 1.1248e+04 1.5390e+04 -2.2952e+00 1.5841e+04
-4.4453e+06 3.6308e+01 1.1330e+04 1.5406e+04 -1.4254e+00 1.5540e+04
-4.5493e+06 3.6308e+01 1.1415e+04 1.5419e+04 -3.0154e-01 1.5239e+04
-4.3682e+06 3.6310e+01 1.1503e+04 1.5427e+04 -4.9369e-01 1.4938e+04
-4.5634e+06 3.6312e+01 1.1593e+04 1.5432e+04 -1.1888e+00 1.4636e+04
-4.3136e+06 3.6316e+01 1.1686e+04 1.5433e+04 -3.3295e+00 1.4333e+04
-4.6234e+06 3.6321e+01 1.1783e+04 1.5429e+04 -8.5798e+00 1.4030e+04
-4.3320e+06 3.6330e+01 1.1882e+04 1.5421e+04 -1.3803e+01 1.3726e+04
-4.6256e+06 3.6345e+01 1.1985e+04 1.5409e+04 -2.4274e+01 1.3423e+04
-4.4279e+06 3.6369e+01 1.2091e+04 1.5391e+04 -3.6218e+01 1.3119e+04
-4.3714e+06 3.6410e+01 1.2201e+04 1.5369e+04 -4.3652e+01 1.2814e+04
-3.7955e+06 3.6477e+01 1.2315e+04 1.5340e+04 -5.3234e+01 1.2509e+04
-3.4381e+06 3.6585e+01 1.2432e+04 1.5307e+04 -8.0186e+01 1.2204e+04
-2.7887e+06 3.6756e+01 1.2554e+04 1.5267e+04 -1.2166e+02 1.1900e+04
-2.1902e+06 3.7032e+01 1.2681e+04 1.5221e+04 -2.1758e+02 1.1593e+04
-9.7530e+05 3.7322e+01 1.2812e+04 1.5169e+04 -4.7891e+02 1.1281e+04
1.9670e+06 3.6937e+01 1.2947e+04 1.5109e+04 -7.5938e+02 1.0969e+04
6.2843e+06 3.5103e+01 1.3088e+04 1.5042e+04 -3.9474e+02 1.0671e+04
1.6505e+07 3.2524e+01 1.3234e+04 1.4967e+04 3.4822e+02 1.0340e+04
1.9549e+07 3.0982e+01 1.3386e+04 1.4884e+04 9.9015e+02 1.0067e+04
1.8724e+07 3.2085e+01 1.3544e+04 1.4791e+04 -2.1888e+03 9.2547e+03
-2.9685e+06 3.6824e+01 1.3707e+04 1.4689e+04 -4.1115e+04 -4.4489e+03
-1.4660e+07 4.4035e+01 1.3877e+04 1.4577e+04 -1.5389e+05 -4.1744e+04
-3.0343e+05 4.9746e+01 1.3048e+04 1.3557e+04 -3.0856e+05 -9.0699e+04
-9.0751e+06 4.9944e+01 1.1233e+04 1.1691e+04 -4.2114e+05 -1.2961e+05
-4.4816e+06 3.6718e+01 1.0416e+04 1.5305e+04 2.7800e+00 1.8257e+04
-4.5531e+06 3.6561e+01 1.0478e+04 1.5349e+04 -4.4473e+00 1.7980e+04
-4.5268e+06 3.6421e+01 1.0542e+04 1.5391e+04 -2.3051e+00 1.7674e+04
-4.5999e+06 3.6337e+01 1.0607e+04 1.5429e+04 -4.7514e-01 1.7382e+04
-4.5459e+06 3.6313e+01 1.0675e+04 1.5465e+04 -1.8625e+00 1.7087e+04
-4.6106e+06 3.6311e+01 1.0744e+04 1.5498e+04 -1.7657e+00 1.6791e+04
-4.5027e+06 3.6311e+01 1.0816e+04 1.5528e+04 -7.9002e-01 1.6494e+04
-4.5662e+06 3.6311e+01 1.0889e+04 1.5554e+04 -2.0843e-01 1.6197e+04
-4.4475e+06 3.6310e+01 1.0965e+04 1.5578e+04 -6.0270e-02 1.5898e+04
-4.5714e+06 3.6310e+01 1.1044e+04 1.5598e+04 -1.8227e+00 1.5599e+04
-4.4505e+06 3.6310e+01 1.1125e+04 1.5615e+04 -3.2183e+00 1.5299e+04
-4.5789e+06 3.6312e+01 1.1208e+04 1.5628e+04 -4.0893e+00 1.4998e+04
-4.3624e+06 3.6316e+01 1.1294e+04 1.5638e+04 -4.4605e+00 1.4697e+04
-4.5541e+06 3.6322e+01 1.1383e+04 1.5644e+04 -5.7391e+00 1.4395e+04
-4.1838e+06 3.6331e+01 1.1475e+04 1.5645e+04 -3.7770e+00 1.4093e+04
-4.3581e+06 3.6347e+01 1.1570e+04 1.5643e+04 -6.8443e+00 1.3790e+04
-3.9341e+06 3.6372e+01 1.1669e+04 1.5636e+04 -6.0267e+00 1.3487e+04
-3.8291e+06 3.6414e+01 1.1770e+04 1.5624e+04 -1.5834e+01 1.3183e+04
-3.6498e+06 3.6483e+01 1.1876e+04 1.5608e+04 -4.4028e+01 1.2880e+04
-3.5811e+06 3.6593e+01 1.1985e+04 1.5586e+04 -9.2635e+01 1.2576e+04
-3.1823e+06 3.6772e+01 1.2098e+04 1.5559e+04 -1.4373e+02 1.2273e+04
-2.2045e+06 3.7062e+01 1.2215e+04 1.5527e+04 -2.4551e+02 1.1965e+04
-8.5275e+05 3.7346e+01 1.2337e+04 1.5488e+04 -5.0590e+02 1.1654e+04
2.2279e+06 3.6925e+01 1.2463e+04 1.5443e+04 -7.5360e+02 1.1348e+04
7.5491e+06 3.5048e+01 1.2594e+04 1.5392e+04 -3.0393e+02 1.1032e+04
1.7611e+07 3.2390e+01 1.2730e+04 1.5334e+04 4.3316e+02 1.0718e+04
1.9500e+07 3.0889e+01 1.2872e+04 1.5268e+04 1.0542e+03 1.0465e+04
1.8696e+07 3.2290e+01 1.3019e+04 1.5194e+04 -2.8384e+03 9.4994e+03
-6.8447e+06 3.7147e+01 1.3172e+04 1.5111e+04 -4.7783e+04 -6.3453e+03
-1.3794e+07 4.4328e+01 1.3331e+04 1.5020e+04 -1.7050e+05 -4.8213e+04
1.0987e+06 5.0343e+01 1.2306e+04 1.3778e+04 -3.2513e+05 -9.7695e+04
-1.3547e+07 5.0295e+01 1.0548e+04 1.1867e+04 -4.2720e+05 -1.3225e+05
-3.0648e+07 4.3733e+01 8.7655e+03 9.9800e+03 -4.5977e+05 -1.4594e+05
-4.5439e+06 3.6622e+01 1.0159e+04 1.5463e+04 1.6717e+00 1.8307e+04
-4.5243e+06 3.6471e+01 1.0218e+04 1.5509e+04 -5.3882e+00 1.8031e+04
-4.5570e+06 3.6360e+01 1.0278e+04 1.5554e+04 -1.9311e+00 1.7725e+04
-4.4920e+06 3.6315e+01 1.0339e+04 1.5595e+04 1.6625e+00 1.7434e+04
-4.5417e+06 3.6311e+01 1.0403e+04 1.5634e+04 9.5042e-01 1.7140e+04
-4.4971e+06 3.6312e+01 1.0469e+04 1.5671e+04 6.8531e-01 1.6845e+04
-4.5801e+06 3.6312e+01 1.0536e+04 1.5704e+04 -7.6368e-01 1.6549e+04
-4.5269e+06 3.6312e+01 1.0606e+04 1.5735e+04 -2.5618e+00 1.6252e+04
-4.5953e+06 3.6312e+01 1.0678e+04 1.5762e+04 -3.3730e+00 1.5955e+04
-4.4610e+06 3.6311e+01 1.0752e+04 1.5786e+04 -2.0787e+00 1.5656e+04
-4.4977e+06 3.6312e+01 1.0829e+04 1.5808e+04 -8.6220e-01 1.5357e+04
-4.3681e+06 3.6315e+01 1.0908e+04 1.5825e+04 -2.2840e+00 1.5057e+04
-4.4915e+06 3.6321e+01 1.0990e+04 1.5840e+04 -4.3801e+00 1.4757e+04
-4.2858e+06 3.6331e+01 1.1074e+04 1.5850e+04 -8.5463e+00 1.4456e+04
-4.5351e+06 3.6347e+01 1.1162e+04 1.5857e+04 -1.8949e+01 1.4154e+04
-4.2902e+06 3.6372e+01 1.1252e+04 1.5860e+04 -2.8359e+01 1.3852e+04
-4.4207e+06 3.6414e+01 1.1346e+04 1.5858e+04 -5.2733e+01 1.3550e+04
-4.3361e+06 3.6485e+01 1.1442e+04 1.5852e+04 -8.0224e+01 1.3248e+04
-3.7015e+06 3.6600e+01 1.1543e+04 1.5842e+04 -1.0878e+02 1.2944e+04
-2.9645e+06 3.6786e+01 1.1647e+04 1.5827e+04 -1.3144e+02 1.2641e+04
-1.5558e+06 3.7086e+01 1.1755e+04 1.5807e+04 -2.4918e+02 1.2334e+04
-5.8858e+05 3.7355e+01 1.1867e+04 1.5782e+04 -5.1692e+02 1.2025e+04
2.7581e+06 3.6884e+01 1.1983e+04 1.5751e+04 -7.1061e+02 1.1721e+04
8.2097e+06 3.4931e+01 1.2104e+04 1.5714e+04 -2.6103e+02 1.1407e+04
1.7570e+07 3.2355e+01 1.2230e+04 1.5671e+04 4.6038e+02 1.1058e+04
2.0009e+07 3.1120e+01 1.2361e+04 1.5621e+04 1.2449e+03 1.0822e+04
1.9403e+07 3.2691e+01 1.2497e+04 1.5564e+04 -3.3101e+03 9.7516e+03
-1.0224e+07 3.7757e+01 1.2638e+04 1.5500e+04 -5.4239e+04 -8.3068e+03
-1.2681e+07 4.4903e+01 1.2782e+04 1.5424e+04 -1.8649e+05 -5.4337e+04
2.4271e+06 5.0007e+01 1.1589e+04 1.3959e+04 -3.4094e+05 -1.0441e+05
-1.7216e+07 4.9861e+01 9.8864e+03 1.2003e+04 -4.3282e+05 -1.3506e+05
-3.0187e+07 4.4153e+01 8.1625e+03 1.0068e+04 -4.5920e+05 -1.4620e+05
-3.5196e+07 3.7425e+01 6.4122e+03 8.1606e+03 -4.6018e+05 -1.4789e+05
-4.4859e+06 3.6527e+01 9.8990e+03 1.5616e+04 2.1021e+00 1.8355e+04
-4.5408e+06 3.6395e+01 9.9538e+03 1.5666e+04 -4.5031e+00 1.8079e+04
-4.5390e+06 3.6324e+01 1.0010e+04 1.5713e+04 -3.2697e+00 1.7775e+04
-4.5934e+06 3.6309e+01 1.0068e+04 1.5758e+04 -2.2979e+00 1.7485e+04
-4.5623e+06 3.6311e+01 1.0128e+04 1.5800e+04 -3.4462e+00 1.7192e+04
-4.5882e+06 3.6312e+01 1.0190e+04 1.5840e+04 -2.1481e+00 1.6898e+04
-4.5057e+06 3.6313e+01 1.0253e+04 1.5877e+04 2.2278e-03 1.6602e+04
-4.5213e+06 3.6313e+01 1.0319e+04 1.5911e+04 3.4411e-01 1.6306e+04
-4.4503e+06 3.6313e+01 1.0386e+04 1.5942e+04 7.6298e-02 1.6010e+04
-4.5252e+06 3.6313e+01 1.0456e+04 1.5970e+04 -2.9309e+00 1.5712e+04
-4.4802e+06 3.6315e+01 1.0528e+04 1.5996e+04 -5.7743e+00 1.5414e+04
-4.5099e+06 3.6319e+01 1.0603e+04 1.6018e+04 -6.8673e+00 1.5115e+04
-4.3382e+06 3.6327e+01 1.0680e+04 1.6037e+04 -7.0105e+00 1.4815e+04
-4.4152e+06 3.6343e+01 1.0759e+04 1.6052e+04 -1.1477e+01 1.4515e+04
-4.0510e+06 3.6370e+01 1.0842e+04 1.6064e+04 -1.2623e+01 1.4214e+04
-4.0150e+06 3.6415e+01 1.0927e+04 1.6072e+04 -2.6167e+01 1.3913e+04
-3.5782e+06 3.6487e+01 1.1016e+04 1.6076e+04 -3.4147e+01 1.3611e+04
-2.8702e+06 3.6605e+01 1.1107e+04 1.6076e+04 -6.5169e+01 1.3309e+04
-2.7365e+06 3.6796e+01 1.1202e+04 1.6072e+04 -1.1676e+02 1.3007e+04
-1.7463e+06 3.7101e+01 1.1301e+04 1.6063e+04 -2.6824e+02 1.2703e+04
-1.1560e+06 3.7353e+01 1.1404e+04 1.6050e+04 -5.6066e+02 1.2393e+04
3.0624e+06 3.6755e+01 1.1510e+04 1.6031e+04 -6.9626e+02 1.2085e+04
8.8278e+06 3.4662e+01 1.1621e+04 1.6008e+04 -1.5535e+02 1.1777e+04
1.8024e+07 3.2138e+01 1.1736e+04 1.5979e+04 5.4506e+02 1.1448e+04
2.0564e+07 3.1161e+01 1.1855e+04 1.5944e+04 1.1967e+03 1.1166e+04
1.8690e+07 3.3104e+01 1.1980e+04 1.5903e+04 -4.1411e+03 1.0001e+04
-1.3940e+07 3.8592e+01 1.2110e+04 1.5855e+04 -6.0652e+04 -1.0152e+04
-1.1392e+07 4.5856e+01 1.2238e+04 1.5793e+04 -2.0192e+05 -6.0320e+04
3.7939e+06 5.0420e+01 1.0896e+04 1.4102e+04 -3.5607e+05 -1.1073e+05
-2.0618e+07 4.9659e+01 9.2516e+03 1.2106e+04 -4.3807e+05 -1.3764e+05
-2.9399e+07 4.5027e+01 7.5860e+03 1.0126e+04 -4.5844e+05 -1.4669e+05
-3.5497e+07 3.9665e+01 5.8952e+03 8.1673e+03 -4.5841e+05 -1.4807e+05
-2.9755e+07 3.7818e+01 4.1733e+03 6.2486e+03 -4.2954e+05 -1.3830e+05
-4.5398e+06 3.6442e+01 9.6360e+03 1.5766e+04 1.3890e-01 1.8402e+04
-4.5391e+06 3.6344e+01 9.6870e+03 1.5819e+04 -5.4626e+00 1.8127e+04
-4.5306e+06 3.6310e+01 9.7395e+03 1.5869e+04 -1.5839e+00 1.7823e+04
-4.4853e+06 3.6308e+01 9.7936e+03 1.5916e+04 2.2409e+00 1.7534e+04
-4.4930e+06 3.6310e+01 9.8493e+03 1.5962e+04 1.4961e+00 1.7242e+04
-4.4963e+06 3.6311e+01 9.9068e+03 1.6004e+04 7.5308e-01 1.6949e+04
-4.5396e+06 3.6312e+01 9.9661e+03 1.6045e+04 -1.3591e+00 1.6654e+04
-4.5579e+06 3.6313e+01 1.0027e+04 1.6083e+04 -4.1434e+00 1.6360e+04
-4.5544e+06 3.6313e+01 1.0090e+04 1.6118e+04 -4.9539e+00 1.6063e+04
-4.4862e+06 3.6315e+01 1.0156e+04 1.6150e+04 -3.7655e+00 1.5767e+04
-4.3919e+06 3.6319e+01 1.0223e+04 1.6179e+04 -1.6699e+00 1.5469e+04
-4.3451e+06 3.6326e+01 1.0293e+04 1.6206e+04 -3.3002e+00 1.5171e+04
-4.3057e+06 3.6337e+01 1.0365e+04 1.6229e+04 -5.3377e+00 1.4872e+04
-4.1826e+06 3.6362e+01 1.0439e+04 1.6249e+04 -1.5956e+01 1.4573e+04
-4.2790e+06 3.6408e+01 1.0517e+04 1.6266e+04 -4.1166e+01 1.4273e+04
-4.1277e+06 3.6482e+01 1.0597e+04 1.6279e+04 -6.7895e+01 1.3973e+04
-3.7805e+06 3.6601e+01 1.0680e+04 1.6289e+04 -1.1833e+02 1.3673e+04
-3.8095e+06 3.6795e+01 1.0766e+04 1.6294e+04 -1.7169e+02 1.3372e+04
-1.9243e+06 3.7112e+01 1.0855e+04 1.6296e+04 -2.9085e+02 1.3067e+04
-8.6759e+05 3.7339e+01 1.0948e+04 1.6294e+04 -5.5996e+02 1.2757e+04
4.2356e+06 3.6688e+01 1.1044e+04 1.6287e+04 -6.5992e+02 1.2449e+04
9.3259e+06 3.4476e+01 1.1144e+04 1.6276e+04 -9.5715e+01 1.2134e+04
1.8783e+07 3.1779e+01 1.1249e+04 1.6260e+04 6.4146e+02 1.1818e+04
1.9818e+07 3.0983e+01 1.1357e+04 1.6238e+04 7.3869e+02 1.1484e+04
1.5381e+07 3.3414e+01 1.1470e+04 1.6212e+04 -7.3667e+03 9.5628e+03
-1.7367e+07 3.9290e+01 1.1588e+04 1.6179e+04 -6.9843e+04 -1.0475e+04
-9.8477e+06 4.6904e+01 1.1701e+04 1.6128e+04 -2.1785e+05 -6.3927e+04
5.2443e+06 5.1478e+01 1.0230e+04 1.4208e+04 -3.7065e+05 -1.1678e+05
-2.4147e+07 4.9105e+01 8.6420e+03 1.2176e+04 -4.4318e+05 -1.3996e+05
-2.9265e+07 4.4076e+01 7.0362e+03 1.0154e+04 -4.5779e+05 -1.4689e+05
-3.6200e+07 4.1416e+01 5.4070e+03 8.1513e+03 -4.5668e+05 -1.4821e+05
-2.6422e+07 4.0218e+01 3.7465e+03 6.1817e+03 -4.2225e+05 -1.3641e+05
-2.4079e+07 4.0730e+01 2.0540e+03 4.2487e+03 -3.1548e+05 -1.0082e+05
-4.4939e+06 3.6375e+01 9.3703e+03 1.5913e+04 1.2987e+00 1.8447e+04
-4.5122e+06 3.6318e+01 9.4174e+03 1.5967e+04 -3.4475e+00 1.8173e+04
-4.5533e+06 3.6308e+01 9.4659e+03 1.6020e+04 -3.1119e+00 1.7871e+04
-4.5725e+06 3.6308e+01 9.5158e+03 1.6071e+04 -2.4179e+00 1.7582e+04
-4.5951e+06 3.6309e+01 9.5673e+03 1.6119e+04 -4.9977e+00 1.7291e+04
-4.5523e+06 3.6310e+01 9.6205e+03 1.6165e+04 -3.1316e+00 1.6998e+04
-4.5233e+06 3.6311e+01 9.6753e+03 1.6209e+04 -1.3164e+00 1.6705e+04
-4.4364e+06 3.6313e+01 9.7319e+03 1.6250e+04 1.4311e+00 1.6411e+04
-4.4605e+06 3.6315e+01 9.7903e+03 1.6289e+04 -6.2710e-01 1.6116e+04
-4.4309e+06 3.6319e+01 9.8507e+03 1.6325e+04 -3.9039e+00 1.5820e+04
-4.5297e+06 3.6326e+01 9.9132e+03 1.6358e+04 -1.1758e+01 1.5523e+04
-4.3665e+06 3.6338e+01 9.9778e+03 1.6389e+04 -1.1595e+01 1.5226e+04
-4.2993e+06 3.6358e+01 1.0045e+04 1.6416e+04 -1.8488e+01 1.4929e+04
-4.1128e+06 3.6400e+01 1.0114e+04 1.6441e+04 -2.7845e+01 1.4630e+04
-3.7789e+06 3.6474e+01 1.0186e+04 1.6462e+04 -4.4506e+01 1.4330e+04
-3.1670e+06 3.6593e+01 1.0260e+04 1.6481e+04 -7.3191e+01 1.4031e+04
-2.6783e+06 3.6788e+01 1.0337e+04 1.6496e+04 -1.0248e+02 1.3730e+04
-6.6375e+05 3.7114e+01 1.0417e+04 1.6507e+04 -2.2248e+02 1.3427e+04
-5.8062e+05 3.7364e+01 1.0500e+04 1.6515e+04 -5.5398e+02 1.3119e+04
4.0523e+06 3.6601e+01 1.0587e+04 1.6518e+04 -6.5502e+02 1.2814e+04
8.5861e+06 3.4296e+01 1.0677e+04 1.6518e+04 -9.5408e+01 1.2498e+04
1.8982e+07 3.1723e+01 1.0770e+04 1.6514e+04 7.0788e+02 1.2188e+04
1.8999e+07 3.1036e+01 1.0868e+04 1.6505e+04 3.1430e+02 1.1777e+04
1.3359e+07 3.3720e+01 1.0969e+04 1.6491e+04 -1.2782e+04 7.9157e+03
-1.7126e+07 3.9854e+01 1.1075e+04 1.6473e+04 -8.3036e+04 -1.1727e+04
-7.5190e+06 4.7636e+01 1.1107e+04 1.6350e+04 -2.3461e+05 -6.4243e+04
6.1398e+06 5.1816e+01 9.5896e+03 1.4281e+04 -3.8389e+05 -1.1967e+05
-2.6983e+07 4.8763e+01 8.0587e+03 1.2215e+04 -4.4792e+05 -1.4216e+05
-2.9846e+07 4.1973e+01 6.5124e+03 1.0155e+04 -4.5720e+05 -1.4701e+05
-3.7715e+07 3.9023e+01 4.9443e+03 8.1119e+03 -4.5510e+05 -1.4809e+05
-2.4200e+07 4.1055e+01 3.3472e+03 6.0973e+03 -4.1537e+05 -1.3437e+05
-2.6088e+07 4.1824e+01 1.7199e+03 4.1140e+03 -2.9953e+05 -9.4912e+04
-4.6579e+07 3.9840e+01 1.0249e+03 3.2656e+03 -1.4581e+05 -4.5587e+04
-4.5396e+06 3.6334e+01 9.1020e+03 1.6055e+04 -9.0709e-01 1.8491e+04
-4.5486e+06 3.6310e+01 9.1450e+03 1.6112e+04 -5.6356e+00 1.8218e+04
-4.5001e+06 3.6308e+01 9.1893e+03 1.6168e+04 -5.5509e-01 1.7916e+04
-4.4595e+06 3.6308e+01 9.2351e+03 1.6221e+04 4.3506e+00 1.7629e+04
-4.4344e+06 3.6309e+01 9.2822e+03 1.6272e+04 3.4591e+00 1.7338e+04
-4.4753e+06 3.6310e+01 9.3308e+03 1.6321e+04 1.6087e+00 1.7047e+04
-4.5016e+06 3.6311e+01 9.3810e+03 1.6368e+04 -2.1646e+00 1.6755e+04
-4.5727e+06 3.6313e+01 9.4329e+03 1.6413e+04 -6.1427e+00 1.6461e+04
-4.5236e+06 3.6318e+01 9.4865e+03 1.6455e+04 -7.8482e+00 1.6167e+04
-4.4680e+06 3.6325e+01 9.5418e+03 1.6495e+04 -6.0585e+00 1.5872e+04
-4.2715e+06 3.6337e+01 9.5991e+03 1.6532e+04 -4.8520e+00 1.5576e+04
-4.2473e+06 3.6358e+01 9.6584e+03 1.6567e+04 -1.1594e+01 1.5280e+04
-4.1227e+06 3.6395e+01 9.7198e+03 1.6598e+04 -2.5440e+01 1.4983e+04
-3.9102e+06 3.6463e+01 9.7834e+03 1.6627e+04 -4.8788e+01 1.4685e+04
-3.7904e+06 3.6577e+01 9.8493e+03 1.6654e+04 -9.7149e+01 1.4388e+04
-3.3666e+06 3.6769e+01 9.9177e+03 1.6677e+04 -1.4340e+02 1.4088e+04
-2.3677e+06 3.7085e+01 9.9887e+03 1.6697e+04 -3.0969e+02 1.3786e+04
-2.0043e+06 3.7342e+01 1.0062e+04 1.6714e+04 -6.3240e+02 1.3482e+04
3.4228e+06 3.6601e+01 1.0139e+04 1.6727e+04 -6.7464e+02 1.3173e+04
9.4655e+06 3.4146e+01 1.0219e+04 1.6737e+04 -2.8045e+01 1.2856e+04
1.9924e+07 3.1482e+01 1.0302e+04 1.6743e+04 7.7426e+02 1.2550e+04
1.9315e+07 3.1102e+01 1.0388e+04 1.6745e+04 1.6293e+02 1.2116e+04
1.1427e+07 3.4278e+01 1.0478e+04 1.6743e+04 -1.6000e+04 7.0323e+03
-1.6247e+07 4.0576e+01 1.0572e+04 1.6737e+04 -9.3413e+04 -1.8449e+04
-5.7408e+06 4.7645e+01 1.0441e+04 1.6420e+04 -2.4801e+05 -6.9402e+04
3.9912e+06 5.1431e+01 8.9771e+03 1.4323e+04 -3.9271e+05 -1.2027e+05
-2.9389e+07 4.7897e+01 7.5023e+03 1.2226e+04 -4.5051e+05 -1.4343e+05
-3.0038e+07 4.0186e+01 6.0150e+03 1.0132e+04 -4.5640e+05 -1.4713e+05
-3.8892e+07 3.6655e+01 4.5075e+03 8.0520e+03 -4.5341e+05 -1.4794e+05
-2.2746e+07 3.9222e+01 2.9732e+03 5.9964e+03 -4.0867e+05 -1.3233e+05
-2.8350e+07 4.2075e+01 1.4125e+03 3.9691e+03 -2.8426e+05 -8.9154e+04
-4.8070e+07 4.0209e+01 9.0159e+02 3.2960e+03 -1.3057e+05 -3.9545e+04
-2.8194e+07 3.5581e+01 9.2995e+02 3.2944e+03 -3.2671e+04 -8.5772e+03
-4.4848e+06 3.6314e+01 8.8312e+03 1.6193e+04 1.8743e+00 1.8534e+04
-4.4899e+06 3.6309e+01 8.8701e+03 1.6253e+04 -2.9374e+00 1.8262e+04
-4.5551e+06 3.6308e+01 8.9101e+03 1.6311e+04 -3.4862e+00 1.7961e+04
-4.5787e+06 3.6308e+01 8.9515e+03 1.6367e+04 -4.1257e+00 1.7674e+04
-4.6152e+06 3.6309e+01 8.9941e+03 1.6421e+04 -6.8668e+00 1.7385e+04
-4.5447e+06 3.6310e+01 9.0381e+03 1.6473e+04 -4.6738e+00 1.7094e+04
-4.4968e+06 3.6312e+01 9.0835e+03 1.6523e+04 -1.0755e+00 1.6803e+04
-4.3682e+06 3.6316e+01 9.1305e+03 1.6571e+04 2.1004e+00 1.6510e+04
-4.3856e+06 3.6322e+01 9.1790e+03 1.6616e+04 2.0370e-02 1.6217e+04
-4.3657e+06 3.6333e+01 9.2292e+03 1.6660e+04 -7.1424e+00 1.5923e+04
-4.4874e+06 3.6353e+01 9.2811e+03 1.6701e+04 -2.0654e+01 1.5628e+04
-4.2782e+06 3.6388e+01 9.3348e+03 1.6739e+04 -2.9673e+01 1.5333e+04
-4.0584e+06 3.6450e+01 9.3905e+03 1.6775e+04 -4.7958e+01 1.5036e+04
-3.6878e+06 3.6558e+01 9.4482e+03 1.6808e+04 -7.6979e+01 1.4739e+04
-2.8098e+06 3.6742e+01 9.5081e+03 1.6839e+04 -1.0894e+02 1.4440e+04
-1.6341e+06 3.7051e+01 9.5703e+03 1.6867e+04 -2.4362e+02 1.4141e+04
-1.8707e+05 3.7260e+01 9.6348e+03 1.6892e+04 -5.0196e+02 1.3839e+04
5.1208e+06 3.6483e+01 9.7019e+03 1.6914e+04 -5.2904e+02 1.3528e+04
1.0007e+07 3.4049e+01 9.7716e+03 1.6933e+04 4.3873e+01 1.3206e+04
1.9112e+07 3.1339e+01 9.8443e+03 1.6948e+04 8.1315e+02 1.2907e+04
1.7795e+07 3.0955e+01 9.9199e+03 1.6961e+04 -1.9062e+01 1.2445e+04
9.6183e+06 3.4264e+01 9.9987e+03 1.6970e+04 -1.8259e+04 6.5804e+03
-1.6242e+07 4.0940e+01 1.0081e+04 1.6975e+04 -9.9439e+04 -2.1655e+04
-5.4029e+06 4.7972e+01 9.8648e+03 1.6547e+04 -2.5417e+05 -7.8647e+04
5.3837e+05 5.0480e+01 8.4065e+03 1.4359e+04 -3.9422e+05 -1.2957e+05
-3.0909e+07 4.6332e+01 6.9731e+03 1.2214e+04 -4.4913e+05 -1.4628e+05
-2.9416e+07 3.9154e+01 5.5440e+03 1.0088e+04 -4.5513e+05 -1.4731e+05
-4.0162e+07 3.5846e+01 4.0963e+03 7.9747e+03 -4.5168e+05 -1.4778e+05
-2.0552e+07 3.8253e+01 2.6241e+03 5.8818e+03 -4.0202e+05 -1.3030e+05
-3.0687e+07 4.1068e+01 1.1310e+03 3.8170e+03 -2.6954e+05 -8.3624e+04
-4.9135e+07 3.9801e+01 7.8248e+02 3.3204e+03 -1.1595e+05 -3.3794e+04
-2.4496e+07 3.5440e+01 8.0700e+02 3.3210e+03 -2.6678e+04 -6.3811e+03
-5.5050e+06 3.1643e+01 8.3292e+02 3.3208e+03 -1.7650e+03 1.2207e+03
-4.5429e+06 3.6308e+01 8.5581e+03 1.6327e+04 -1.1774e+00 1.8576e+04
-4.5582e+06 3.6310e+01 8.5928e+03 1.6390e+04 -6.3559e+00 1.8304e+04
-4.4716e+06 3.6309e+01 8.6284e+03 1.6450e+04 3.2624e-01 1.8004e+04
-4.4171e+06 3.6308e+01 8.6652e+03 1.6509e+04 6.4771e+00 1.7718e+04
-4.3657e+06 3.6310e+01 8.7032e+03 1.6565e+04 6.4380e+00 1.7429e+04
-4.4317e+06 3.6311e+01 8.7424e+03 1.6620e+04 2.7967e+00 1.7140e+04
-4.4680e+06 3.6314e+01 8.7830e+03 1.6673e+04 -3.0609e+00 1.6849e+04
-4.5732e+06 3.6319e+01 8.8248e+03 1.6724e+04 -1.0575e+01 1.6558e+04
-4.4944e+06 3.6329e+01 8.8681e+03 1.6773e+04 -1.2602e+01 1.6266e+04
-4.4036e+06 3.6347e+01 8.9129e+03 1.6819e+04 -1.2903e+01 1.5972e+04
-4.1464e+06 3.6380e+01 8.9592e+03 1.6864e+04 -1.9046e+01 1.5678e+04
-4.0476e+06 3.6435e+01 9.0073e+03 1.6906e+04 -3.9002e+01 1.5384e+04
-3.7163e+06 3.6532e+01 9.0570e+03 1.6946e+04 -6.4289e+01 1.5088e+04
-3.1172e+06 3.6702e+01 9.1086e+03 1.6983e+04 -1.1254e+02 1.4791e+04
-2.6519e+06 3.6986e+01 9.1622e+03 1.7018e+04 -2.5216e+02 1.4495e+04
-1.3799e+06 3.7169e+01 9.2178e+03 1.7051e+04 -5.1905e+02 1.4194e+04
2.3335e+06 3.6322e+01 9.2756e+03 1.7080e+04 -6.2201e+02 1.3881e+04
7.3369e+06 3.3845e+01 9.3357e+03 1.7107e+04 -9.0828e+01 1.3555e+04
1.7698e+07 3.1208e+01 9.3982e+03 1.7132e+04 7.8560e+02 1.3256e+04
1.8036e+07 3.0925e+01 9.4634e+03 1.7153e+04 -1.4652e+02 1.2767e+04
9.4227e+06 3.4274e+01 9.5312e+03 1.7171e+04 -2.0306e+04 6.1905e+03
-1.5973e+07 4.0754e+01 9.6021e+03 1.7186e+04 -1.0470e+05 -2.3557e+04
-5.2673e+06 4.7642e+01 9.3313e+03 1.6680e+04 -2.5878e+05 -8.1610e+04
-1.4554e+06 5.0118e+01 7.9271e+03 1.4468e+04 -3.9365e+05 -1.3516e+05
-3.0753e+07 4.5429e+01 6.5175e+03 1.2250e+04 -4.4502e+05 -1.5544e+05
-2.9902e+07 3.8088e+01 5.1003e+03 1.0028e+04 -4.5156e+05 -1.5398e+05
-4.1276e+07 3.5640e+01 3.7104e+03 7.8827e+03 -4.4915e+05 -1.4918e+05
-1.7960e+07 3.8581e+01 2.2994e+03 5.7561e+03 -3.9543e+05 -1.2841e+05
-3.2529e+07 4.0882e+01 8.7250e+02 3.6580e+03 -2.5532e+05 -7.8296e+04
-4.9571e+07 3.8940e+01 6.6779e+02 3.3394e+03 -1.0192e+05 -2.8289e+04
-2.0668e+07 3.4717e+01 6.8864e+02 3.3418e+03 -2.0938e+04 -4.2866e+03
-4.2608e+06 3.1424e+01 7.1066e+02 3.3435e+03 -1.1848e+03 1.3290e+03
9.2544e+06 3.0694e+01 7.3396e+02 3.3446e+03 8.8801e+02 1.4995e+03
-4.4605e+06 3.6308e+01 8.2830e+03 1.6457e+04 3.1647e+00 1.8615e+04
-4.4640e+06 3.6310e+01 8.3132e+03 1.6522e+04 -1.8198e+00 1.8345e+04
-4.5583e+06 3.6309e+01 8.3444e+03 1.6585e+04 -4.8767e+00 1.8046e+04
-4.6100e+06 3.6309e+01 8.3766e+03 1.6646e+04 -7.3833e+00 1.7761e+04
-4.6482e+06 3.6311e+01 8.4098e+03 1.6705e+04 -1.1159e+01 1.7474e+04
-4.5589e+06 3.6313e+01 8.4441e+03 1.6762e+04 -8.1726e+00 1.7185e+04
-4.4506e+06 3.6318e+01 8.4795e+03 1.6818e+04 -2.9152e+00 1.6895e+04
-4.2809e+06 3.6327e+01 8.5162e+03 1.6872e+04 1.5195e+00 1.6604e+04
-4.2446e+06 3.6342e+01 8.5541e+03 1.6923e+04 -2.4082e+00 1.6313e+04
-4.2606e+06 3.6369e+01 8.5933e+03 1.6973e+04 -1.7690e+01 1.6021e+04
-4.3733e+06 3.6418e+01 8.6339e+03 1.7021e+04 -4.9584e+01 1.5728e+04
-4.0465e+06 3.6504e+01 8.6760e+03 1.7067e+04 -7.3664e+01 1.5434e+04
-3.3708e+06 3.6655e+01 8.7196e+03 1.7110e+04 -1.0551e+02 1.5138e+04
-2.6605e+06 3.6902e+01 8.7649e+03 1.7152e+04 -1.9669e+02 1.4842e+04
-6.4271e+05 3.7015e+01 8.8119e+03 1.7191e+04 -4.2261e+02 1.4542e+04
2.9151e+06 3.6113e+01 8.8607e+03 1.7228e+04 -4.9484e+02 1.4228e+04
9.5991e+06 3.3629e+01 8.9115e+03 1.7262e+04 1.2181e+02 1.3894e+04
1.9416e+07 3.1041e+01 8.9643e+03 1.7294e+04 9.9148e+02 1.3580e+04
1.7932e+07 3.0868e+01 9.0193e+03 1.7323e+04 -2.8784e+02 1.3082e+04
6.5197e+06 3.4344e+01 9.0766e+03 1.7350e+04 -2.2317e+04 5.8661e+03
-1.7964e+07 4.0856e+01 9.1363e+03 1.7374e+04 -1.0961e+05 -2.5289e+04
-5.8101e+06 4.7490e+01 8.8194e+03 1.6792e+04 -2.6333e+05 -8.3562e+04
-2.6844e+06 4.9598e+01 7.4683e+03 1.4560e+04 -3.9447e+05 -1.3586e+05
-3.0363e+07 4.4947e+01 6.1145e+03 1.2319e+04 -4.4300e+05 -1.5679e+05
-3.0860e+07 3.7874e+01 4.7559e+03 1.0071e+04 -4.4795e+05 -1.6035e+05
-4.1366e+07 3.5632e+01 3.3818e+03 7.8304e+03 -4.4430e+05 -1.5828e+05
-1.5654e+07 3.8772e+01 1.9983e+03 5.6220e+03 -3.8722e+05 -1.3169e+05
-3.4449e+07 4.0907e+01 6.3608e+02 3.4942e+03 -2.4126e+05 -7.4156e+04
-4.9927e+07 3.8574e+01 5.5770e+02 3.3535e+03 -8.8456e+04 -2.3055e+04
-1.6815e+07 3.4252e+01 5.7505e+02 3.3573e+03 -1.5382e+04 -2.3036e+03
-2.5276e+06 3.1180e+01 5.9338e+02 3.3606e+03 -5.5719e+02 1.4564e+03
1.0369e+07 3.0862e+01 6.1275e+02 3.3634e+03 9.1550e+02 1.5234e+03
1.0381e+07 3.3276e+01 6.3327e+02 3.3657e+03 8.1984e+02 1.4835e+03
-4.5679e+06 3.6308e+01 8.0059e+03 1.6583e+04 -2.5365e+00 1.8655e+04
-4.5618e+06 3.6311e+01 8.0316e+03 1.6650e+04 -7.2263e+00 1.8385e+04
-4.4604e+06 3.6311e+01 8.0582e+03 1.6714e+04 1.1231e+00 1.8087e+04
-4.3344e+06 3.6311e+01 8.0857e+03 1.6778e+04 9.9546e+00 1.7803e+04
-4.3018e+06 3.6314e+01 8.1140e+03 1.6839e+04 9.6574e+00 1.7516e+04
-4.3372e+06 3.6318e+01 8.1433e+03 1.6899e+04 4.5981e+00 1.7228e+04
-4.4664e+06 3.6324e+01 8.1735e+03 1.6958e+04 -7.0765e+00 1.6940e+04
-4.5296e+06 3.6337e+01 8.2048e+03 1.7014e+04 -1.8692e+01 1.6650e+04
-4.4984e+06 3.6360e+01 8.2372e+03 1.7069e+04 -2.6601e+01 1.6360e+04
-4.1638e+06 3.6402e+01 8.2707e+03 1.7122e+04 -2.7634e+01 1.6068e+04
-3.7837e+06 3.6477e+01 8.3054e+03 1.7173e+04 -4.0497e+01 1.5776e+04
-3.2690e+06 3.6608e+01 8.3413e+03 1.7222e+04 -7.5028e+01 1.5482e+04
-2.8528e+06 3.6828e+01 8.3786e+03 1.7269e+04 -1.4709e+02 1.5187e+04
-1.2983e+06 3.6912e+01 8.4174e+03 1.7314e+04 -3.8701e+02 1.4893e+04
5.6834e+05 3.5958e+01 8.4576e+03 1.7357e+04 -5.4153e+02 1.4578e+04
6.8112e+06 3.3417e+01 8.4994e+03 1.7398e+04 -1.2041e+02 1.4239e+04
1.3730e+07 3.0816e+01 8.5428e+03 1.7437e+04 4.3178e+02 1.3915e+04
1.3064e+07 3.0686e+01 8.5881e+03 1.7473e+04 -9.4283e+02 1.3457e+04
3.7262e+06 3.4244e+01 8.6352e+03 1.7507e+04 -2.4084e+04 5.5971e+03
-1.6790e+07 4.0829e+01 8.6844e+03 1.7539e+04 -1.1381e+05 -2.6929e+04
-4.1569e+06 4.7504e+01 8.3290e+03 1.6886e+04 -2.6734e+05 -8.5368e+04
-3.4914e+06 4.9417e+01 7.0299e+03 1.4636e+04 -3.9517e+05 -1.3647e+05
-3.0711e+07 4.4447e+01 5.7306e+03 1.2374e+04 -4.4174e+05 -1.5671e+05
-3.0802e+07 3.7683e+01 4.4294e+03 1.0103e+04 -4.4631e+05 -1.6033e+05
-4.0191e+07 3.5968e+01 3.1146e+03 7.8377e+03 -4.4070e+05 -1.6027e+05
-1.4663e+07 3.9032e+01 1.7816e+03 5.5843e+03 -3.7948e+05 -1.3904e+05
-3.6530e+07 4.0806e+01 4.4050e+02 3.3603e+03 -2.2842e+05 -7.7637e+04
-5.0558e+07 3.8146e+01 4.5228e+02 3.3631e+03 -7.6014e+04 -1.9350e+04
-1.3678e+07 3.3807e+01 4.6635e+02 3.3681e+03 -1.0141e+04 -4.0922e+02
-1.0968e+06 3.1128e+01 4.8119e+02 3.3727e+03 -4.8105e+00 1.5772e+03
1.1475e+07 3.1229e+01 4.9688e+02 3.3768e+03 9.5958e+02 1.5812e+03
1.0157e+07 3.3823e+01 5.1349e+02 3.3806e+03 7.7813e+02 1.5158e+03
9.0829e+06 3.6937e+01 5.3109e+02 3.3838e+03 1.6798e+02 1.4999e+03
-4.4067e+06 3.6309e+01 7.7270e+03 1.6704e+04 7.1252e+00 1.8693e+04
-4.4568e+06 3.6312e+01 7.7482e+03 1.6773e+04 1.2451e+00 1.8424e+04
-4.5450e+06 3.6312e+01 7.7701e+03 1.6840e+04 -1.9378e+00 1.8126e+04
-4.7013e+06 3.6312e+01 7.7927e+03 1.6905e+04 -1.1278e+01 1.7843e+04
-4.6761e+06 3.6316e+01 7.8161e+03 1.6969e+04 -1.3025e+01 1.7558e+04
-4.6311e+06 3.6322e+01 7.8402e+03 1.7031e+04 -1.3129e+01 1.7271e+04
-4.3296e+06 3.6333e+01 7.8651e+03 1.7092e+04 1.7938e-01 1.6983e+04
-4.1884e+06 3.6352e+01 7.8909e+03 1.7151e+04 1.0907e-01 1.6693e+04
-3.9226e+06 3.6387e+01 7.9176e+03 1.7209e+04 -3.2874e+00 1.6404e+04
-4.0842e+06 3.6450e+01 7.9452e+03 1.7265e+04 -4.3055e+01 1.6114e+04
-3.7907e+06 3.6562e+01 7.9739e+03 1.7319e+04 -8.4054e+01 1.5823e+04
-3.4234e+06 3.6761e+01 8.0036e+03 1.7371e+04 -1.3629e+02 1.5527e+04
-1.8561e+06 3.7043e+01 8.0344e+03 1.7421e+04 -3.1831e+02 1.5239e+04
-2.9904e+05 3.6460e+01 8.0663e+03 1.7470e+04 -5.5122e+02 1.4922e+04
6.7246e+06 3.3865e+01 8.0996e+03 1.7516e+04 -2.2476e+02 1.4602e+04
1.3631e+07 3.0899e+01 8.1341e+03 1.7561e+04 5.3113e+02 1.4304e+04
1.8518e+07 3.0366e+01 8.1701e+03 1.7604e+04 6.5058e+02 1.3923e+04
1.0216e+07 3.3458e+01 8.2075e+03 1.7645e+04 -1.8844e+04 6.8040e+03
-1.2911e+07 3.9993e+01 8.2465e+03 1.7683e+04 -1.0925e+05 -3.1868e+04
-4.1260e+06 4.6969e+01 7.8600e+03 1.6962e+04 -2.6749e+05 -9.2106e+04
-7.2925e+06 4.9099e+01 6.6116e+03 1.4697e+04 -3.9558e+05 -1.3727e+05
-3.1502e+07 4.4157e+01 5.3656e+03 1.2418e+04 -4.4047e+05 -1.5663e+05
-3.1307e+07 3.7181e+01 4.1202e+03 1.0127e+04 -4.4478e+05 -1.6025e+05
-3.9430e+07 3.5836e+01 2.8632e+03 7.8399e+03 -4.3805e+05 -1.5974e+05
-1.5408e+07 3.9434e+01 1.5903e+03 5.5619e+03 -3.7465e+05 -1.3817e+05
-3.6829e+07 4.0897e+01 3.4109e+02 3.3626e+03 -2.2154e+05 -7.9959e+04
-4.9463e+07 3.7849e+01 3.5154e+02 3.3688e+03 -6.8622e+04 -2.0836e+04
-1.1604e+07 3.3403e+01 3.6255e+02 3.3747e+03 -6.0922e+03 9.4531e+02
-6.7640e+04 3.0884e+01 3.7415e+02 3.3803e+03 4.7114e+02 1.7036e+03
1.1680e+07 3.1455e+01 3.8641e+02 3.3855e+03 9.1614e+02 1.6323e+03
1.0047e+07 3.4391e+01 3.9936e+02 3.3904e+03 7.3714e+02 1.5869e+03
8.6829e+06 3.7361e+01 4.1309e+02 3.3949e+03 1.0064e+02 1.5326e+03
4.8744e+06 3.8450e+01 4.2764e+02 3.3990e+03 -3.6645e+01 1.4922e+03
-4.5841e+06 3.6308e+01 7.4465e+03 1.6821e+04 -2.8144e+00 1.8729e+04
-4.6015e+06 3.6311e+01 7.4631e+03 1.6891e+04 -6.3554e+00 1.8460e+04
-4.4020e+06 3.6312e+01 7.4802e+03 1.6960e+04 5.7308e+00 1.8164e+04
-4.2470e+06 3.6314e+01 7.4979e+03 1.7028e+04 2.0223e+01 1.7881e+04
-4.1342e+06 3.6319e+01 7.5162e+03 1.7094e+04 1.9108e+01 1.7596e+04
-4.2460e+06 3.6328e+01 7.5351e+03 1.7158e+04 1.1618e+01 1.7310e+04
-4.3563e+06 3.6342e+01 7.5546e+03 1.7221e+04 -9.8152e+00 1.7024e+04
-4.5270e+06 3.6370e+01 7.5748e+03 1.7283e+04 -2.8861e+01 1.6736e+04
-4.3305e+06 3.6423e+01 7.5957e+03 1.7343e+04 -5.2443e+01 1.6447e+04
-3.8346e+06 3.6520e+01 7.6173e+03 1.7401e+04 -6.0322e+01 1.6158e+04
-2.8811e+06 3.6689e+01 7.6397e+03 1.7458e+04 -8.8245e+01 1.5864e+04
-2.0701e+06 3.6987e+01 7.6630e+03 1.7513e+04 -2.0356e+02 1.5574e+04
-7.8602e+05 3.7045e+01 7.6872e+03 1.7567e+04 -5.5244e+02 1.5273e+04
4.0600e+06 3.5291e+01 7.7122e+03 1.7619e+04 -3.9348e+02 1.4948e+04
9.9483e+06 3.1802e+01 7.7383e+03 1.7669e+04 1.4758e+02 1.4628e+04
1.6134e+07 3.0162e+01 7.7654e+03 1.7717e+04 9.3136e+02 1.4396e+04
8.2919e+06 3.2505e+01 7.7936e+03 1.7764e+04 -4.7168e+03 1.2939e+04
-1.6561e+07 3.8183e+01 7.8230e+03 1.7808e+04 -7.4162e+04 -3.2086e+04
-4.5711e+06 4.5017e+01 7.5144e+03 1.7216e+04 -2.3526e+05 -1.1943e+05
-3.0869e+06 4.7836e+01 6.2128e+03 1.4747e+04 -3.8159e+05 -1.6321e+05
-2.7879e+07 4.3427e+01 5.0187e+03 1.2453e+04 -4.3600e+05 -1.6136e+05
-3.0444e+07 3.6832e+01 3.8277e+03 1.0145e+04 -4.4288e+05 -1.6032e+05
-3.9262e+07 3.5536e+01 2.6270e+03 7.8384e+03 -4.3558e+05 -1.5931e+05
-1.5679e+07 3.9154e+01 1.4125e+03 5.5390e+03 -3.7053e+05 -1.3685e+05
-3.6668e+07 4.0834e+01 2.4769e+02 3.3641e+03 -2.1762e+05 -7.8535e+04
-4.6920e+07 3.7692e+01 2.5545e+02 3.3710e+03 -6.6626e+04 -2.0328e+04
-9.9634e+06 3.3161e+01 2.6362e+02 3.3776e+03 -5.4290e+03 9.9151e+02
5.7844e+05 3.0717e+01 2.7223e+02 3.3839e+03 6.6259e+02 1.7616e+03
1.1651e+07 3.1491e+01 2.8131e+02 3.3900e+03 8.7086e+02 1.6719e+03
9.8739e+06 3.4667e+01 2.9089e+02 3.3957e+03 6.6854e+02 1.6413e+03
8.2772e+06 3.7627e+01 3.0104e+02 3.4011e+03 5.9228e+01 1.5940e+03
4.7896e+06 3.8510e+01 3.1179e+02 3.4063e+03 -3.0967e+01 1.5272e+03
3.4694e+06 3.8036e+01 3.2320e+02 3.4111e+03 7.4461e+01 1.4823e+03
-4.4497e+06 3.6310e+01 7.1646e+03 1.6934e+04 1.1651e+00 1.8761e+04
-4.3033e+06 3.6314e+01 7.1765e+03 1.7005e+04 -1.2551e+00 1.8497e+04
-4.7090e+06 3.6315e+01 7.1888e+03 1.7076e+04 -2.1616e+01 1.8199e+04
-4.6471e+06 3.6318e+01 7.2015e+03 1.7145e+04 -2.6172e+01 1.7920e+04
-4.9810e+06 3.6326e+01 7.2146e+03 1.7213e+04 -4.3204e+01 1.7634e+04
-4.4433e+06 3.6338e+01 7.2281e+03 1.7280e+04 -2.6115e+01 1.7352e+04
-4.5042e+06 3.6361e+01 7.2421e+03 1.7345e+04 -2.8696e+01 1.7063e+04
-3.5727e+06 3.6405e+01 7.2566e+03 1.7409e+04 -7.1165e+00 1.6779e+04
-3.8895e+06 3.6484e+01 7.2716e+03 1.7471e+04 -5.1710e+01 1.6487e+04
-3.0032e+06 3.6626e+01 7.2872e+03 1.7532e+04 -8.5119e+01 1.6202e+04
-3.5438e+06 3.6882e+01 7.3033e+03 1.7592e+04 -2.1499e+02 1.5906e+04
-1.2259e+06 3.7152e+01 7.3200e+03 1.7649e+04 -4.4753e+02 1.5624e+04
1.3265e+06 3.6250e+01 7.3373e+03 1.7706e+04 -5.4833e+02 1.5285e+04
9.3046e+06 3.3170e+01 7.3554e+03 1.7761e+04 8.4452e+01 1.4987e+04
1.6050e+07 3.0298e+01 7.3741e+03 1.7814e+04 7.7613e+02 1.4668e+04
1.6700e+07 3.1086e+01 7.3936e+03 1.7866e+04 -1.4703e+03 1.4092e+04
-5.3860e+06 3.6093e+01 7.4139e+03 1.7916e+04 -4.5875e+04 -3.5626e+03
-8.3897e+06 4.2913e+01 7.4316e+03 1.7957e+04 -1.8158e+05 -1.0316e+05
-2.9325e+06 4.6385e+01 6.1600e+03 1.5436e+04 -3.3426e+05 -2.0956e+05
-2.8565e+07 4.3022e+01 4.7698e+03 1.2639e+04 -4.0726e+05 -2.1625e+05
-3.2385e+07 3.6995e+01 3.5513e+03 1.0157e+04 -4.2931e+05 -1.8358e+05
-3.8406e+07 3.5630e+01 2.4052e+03 7.8344e+03 -4.3084e+05 -1.6257e+05
-1.6208e+07 3.9081e+01 1.2473e+03 5.5167e+03 -3.6677e+05 -1.3584e+05
-3.6601e+07 4.0643e+01 1.5865e+02 3.3628e+03 -2.1430e+05 -7.7246e+04
-4.6218e+07 3.7457e+01 1.6393e+02 3.3701e+03 -6.5287e+04 -1.9771e+04
-9.7948e+06 3.2980e+01 1.6949e+02 3.3773e+03 -5.3454e+03 1.0630e+03
1.0082e+06 3.0671e+01 1.7534e+02 3.3841e+03 6.1419e+02 1.8145e+03
1.2017e+07 3.1574e+01 1.8150e+02 3.3908e+03 8.3122e+02 1.7047e+03
9.5370e+06 3.4760e+01 1.8800e+02 3.3971e+03 6.0759e+02 1.6915e+03
8.0500e+06 3.7668e+01 1.9487e+02 3.4032e+03 2.0452e+01 1.6416e+03
4.6279e+06 3.8481e+01 2.0214e+02 3.4091e+03 -2.4319e+01 1.5913e+03
3.2579e+06 3.7983e+01 2.0985e+02 3.4146e+03 7.2503e+01 1.5172e+03
5.1521e+05 3.7525e+01 2.1804e+02 3.4199e+03 8.7642e+00 1.4872e+03
-4.6270e+06 3.6312e+01 6.8815e+03 1.7041e+04 -1.4556e+01 1.8804e+04
-4.6838e+06 3.6317e+01 6.8887e+03 1.7115e+04 -2.1013e+01 1.8519e+04
-4.3135e+06 3.6323e+01 6.8960e+03 1.7187e+04 -2.3185e+00 1.8241e+04
-4.1253e+06 3.6329e+01 6.9037e+03 1.7258e+04 8.8373e+00 1.7948e+04
-3.8665e+06 3.6339e+01 6.9115e+03 1.7328e+04 1.6821e+01 1.7678e+04
-4.1123e+06 3.6357e+01 6.9197e+03 1.7396e+04 -9.5815e+00 1.7380e+04
-4.1998e+06 3.6390e+01 6.9281e+03 1.7463e+04 -3.9414e+01 1.7109e+04
-4.5383e+06 3.6453e+01 6.9368e+03 1.7529e+04 -9.3024e+01 1.6806e+04
-3.9496e+06 3.6571e+01 6.9458e+03 1.7594e+04 -1.1169e+02 1.6536e+04
-3.1334e+06 3.6783e+01 6.9551e+03 1.7657e+04 -1.4816e+02 1.6225e+04
-1.1886e+06 3.7105e+01 6.9648e+03 1.7718e+04 -2.8994e+02 1.5956e+04
8.7638e+05 3.6790e+01 6.9748e+03 1.7779e+04 -5.5915e+02 1.5624e+04
6.6483e+06 3.4392e+01 6.9853e+03 1.7838e+04 -1.4084e+02 1.5326e+04
1.3998e+07 3.0980e+01 6.9961e+03 1.7895e+04 5.7616e+02 1.5000e+04
1.5562e+07 3.0209e+01 7.0074e+03 1.7952e+04 -2.6574e+01 1.4507e+04
-1.4568e+04 3.3930e+01 7.0191e+03 1.8006e+04 -2.4426e+04 5.6578e+03
-1.3123e+07 4.0692e+01 7.0313e+03 1.8059e+04 -1.3201e+05 -6.3727e+04
1.8931e+06 4.5693e+01 6.2337e+03 1.6417e+04 -2.9088e+05 -1.8313e+05
-2.0214e+07 4.3317e+01 4.9010e+03 1.3616e+04 -3.7871e+05 -2.4788e+05
-3.2083e+07 3.7002e+01 3.5778e+03 1.0787e+04 -3.9619e+05 -2.4680e+05
-3.1974e+07 3.5806e+01 2.2525e+03 7.9513e+03 -4.0394e+05 -2.1684e+05
-1.5860e+07 3.9309e+01 1.0940e+03 5.4960e+03 -3.5608e+05 -1.5449e+05
-3.5501e+07 4.0683e+01 7.3852e+01 3.3588e+03 -2.1129e+05 -7.6624e+04
-4.6250e+07 3.7457e+01 7.6864e+01 3.3666e+03 -6.4172e+04 -1.9243e+04
-8.5603e+06 3.2883e+01 8.0026e+01 3.3741e+03 -5.1488e+03 1.0911e+03
1.5619e+06 3.0716e+01 8.3350e+01 3.3813e+03 6.8876e+02 1.8766e+03
1.2767e+07 3.1865e+01 8.6849e+01 3.3884e+03 8.8796e+02 1.7380e+03
9.0114e+06 3.5058e+01 9.0536e+01 3.3952e+03 5.9318e+02 1.7451e+03
8.4615e+06 3.7715e+01 9.4428e+01 3.4017e+03 4.5804e+01 1.6637e+03
4.3462e+06 3.8371e+01 9.8542e+01 3.4080e+03 -1.5908e+00 1.6467e+03
3.3462e+06 3.7917e+01 1.0290e+02 3.4141e+03 7.0316e+01 1.5603e+03
6.4302e+04 3.7509e+01 1.0752e+02 3.4199e+03 -1.9636e+01 1.5402e+03
-1.9332e+06 3.7256e+01 1.1242e+02 3.4256e+03 -2.2091e+02 1.4666e+03
-4.1375e+06 3.6312e+01 6.5974e+03 1.7144e+04 1.4606e+01 1.8878e+04
-4.4649e+06 3.6315e+01 6.5997e+03 1.7219e+04 1.6456e+00 1.8571e+04
-4.4122e+06 3.6320e+01 6.6021e+03 1.7293e+04 -1.0393e+01 1.8311e+04
-5.1322e+06 3.6327e+01 6.6046e+03 1.7365e+04 -4.4078e+01 1.8000e+04
-4.6761e+06 3.6342e+01 6.6072e+03 1.7437e+04 -3.9773e+01 1.7746e+04
-4.9703e+06 3.6367e+01 6.6098e+03 1.7507e+04 -4.6799e+01 1.7433e+04
-3.6623e+06 3.6417e+01 6.6126e+03 1.7576e+04 -1.7174e+01 1.7185e+04
-3.7998e+06 3.6506e+01 6.6154e+03 1.7643e+04 -3.9777e+01 1.6869e+04
-2.1480e+06 3.6668e+01 6.6184e+03 1.7710e+04 -5.4640e+01 1.6619e+04
-3.0352e+06 3.6964e+01 6.6214e+03 1.7775e+04 -2.1714e+02 1.6284e+04
-6.6925e+05 3.7156e+01 6.6246e+03 1.7839e+04 -5.6579e+02 1.6033e+04
1.9829e+06 3.5671e+01 6.6279e+03 1.7902e+04 -4.3515e+02 1.5647e+04
1.1998e+07 3.2171e+01 6.6313e+03 1.7963e+04 1.4647e+02 1.5407e+04
1.4962e+07 2.9905e+01 6.6348e+03 1.8023e+04 1.1229e+03 1.5056e+04
1.3747e+07 3.1787e+01 6.6385e+03 1.8082e+04 -3.1146e+03 1.3845e+04
-8.1436e+06 3.7889e+01 6.6424e+03 1.8139e+04 -7.2933e+04 -2.5800e+04
-9.2773e+05 4.4667e+01 6.2822e+03 1.7394e+04 -2.3048e+05 -1.4308e+05
-1.5777e+07 4.5299e+01 5.0039e+03 1.4592e+04 -3.5543e+05 -2.3712e+05
-2.4841e+07 3.8035e+01 3.7382e+03 1.1759e+04 -3.8796e+05 -2.5494e+05
-3.5937e+07 3.3160e+01 2.4788e+03 8.9082e+03 -3.8892e+05 -2.5694e+05
-2.8290e+07 3.6932e+01 1.2112e+03 6.0628e+03 -3.5085e+05 -2.3261e+05
-3.8740e+07 4.0429e+01 -6.8322e+00 3.3527e+03 -2.1589e+05 -1.2471e+05
-4.9880e+07 3.7788e+01 -5.8984e+00 3.3606e+03 -6.4506e+04 -1.9558e+04
-8.5682e+06 3.3060e+01 -4.9190e+00 3.3684e+03 -4.8181e+03 1.3110e+03
-1.0008e+05 3.0524e+01 -3.8907e+00 3.3759e+03 5.9353e+02 1.8513e+03
1.3507e+07 3.1782e+01 -2.8097e+00 3.3832e+03 1.0535e+03 1.8535e+03
8.0945e+06 3.5399e+01 -1.6718e+00 3.3903e+03 5.2229e+02 1.7244e+03
9.4383e+06 3.7958e+01 -4.7235e-01 3.3971e+03 1.1613e+02 1.7701e+03
3.9621e+06 3.8330e+01 7.9369e-01 3.4037e+03 5.7527e+01 1.6263e+03
3.9972e+06 3.7860e+01 2.1321e+00 3.4101e+03 1.3090e+02 1.6709e+03
-5.7837e+05 3.7495e+01 3.5492e+00 3.4163e+03 -5.6328e+01 1.5321e+03
-1.6205e+06 3.7242e+01 5.0521e+00 3.4222e+03 -2.1512e+02 1.5761e+03
-4.0005e+06 3.6967e+01 6.6490e+00 3.4279e+03 -2.7485e+02 1.4392e+03
