  1    1089
-4.1670e+06 4.2093e+01 -2.4489e+03 -8.1303e+02 -1.9616e+00 -4.7494e+03
-4.1356e+06 4.1754e+01 -2.4635e+03 -8.2300e+02 2.6064e+00 -4.7122e+03
-4.0937e+06 4.1470e+01 -2.4780e+03 -8.3274e+02 4.8978e+00 -4.6771e+03
-4.1133e+06 4.1209e+01 -2.4927e+03 -8.4224e+02 8.4516e-01 -4.6376e+03
-4.1267e+06 4.0911e+01 -2.5074e+03 -8.5148e+02 1.6991e+00 -4.5993e+03
-4.1593e+06 4.0616e+01 -2.5221e+03 -8.6047e+02 2.9436e+00 -4.5599e+03
-4.2365e+06 4.0354e+01 -2.5368e+03 -8.6919e+02 -1.5333e+00 -4.5204e+03
-4.2662e+06 4.0063e+01 -2.5517e+03 -8.7763e+02 -1.1670e+00 -4.4803e+03
-4.2834e+06 3.9746e+01 -2.5665e+03 -8.8578e+02 -8.6329e-01 -4.4398e+03
-4.2998e+06 3.9442e+01 -2.5814e+03 -8.9364e+02 -2.1024e+00 -4.3988e+03
-4.3039e+06 3.8948e+01 -2.5963e+03 -9.0120e+02 -5.6584e-01 -4.3572e+03
-4.3185e+06 3.8246e+01 -2.6112e+03 -9.0845e+02 -1.2097e+00 -4.3152e+03
-4.3449e+06 3.7880e+01 -2.6262e+03 -9.1538e+02 -3.2886e+00 -4.2730e+03
-4.3534e+06 3.7938e+01 -2.6412e+03 -9.2198e+02 -2.2777e+00 -4.2301e+03
-4.3637e+06 3.7812e+01 -2.6562e+03 -9.2824e+02 -3.2675e-01 -4.1867e+03
-4.3954e+06 3.7254e+01 -2.6712e+03 -9.3416e+02 -2.0710e+00 -4.1429e+03
-4.4352e+06 3.6643e+01 -2.6863e+03 -9.3973e+02 -4.4560e+00 -4.0989e+03
-4.4471e+06 3.6355e+01 -2.7014e+03 -9.4494e+02 -2.9815e+00 -4.0544e+03
-4.4446e+06 3.6310e+01 -2.7164e+03 -9.4978e+02 -1.7601e+00 -4.0093e+03
-4.4417e+06 3.6307e+01 -2.7315e+03 -9.5425e+02 -2.3260e+00 -3.9638e+03
-4.4482e+06 3.6307e+01 -2.7466e+03 -9.5833e+02 -2.0505e+00 -3.9179e+03
-4.4537e+06 3.6307e+01 -2.7616e+03 -9.6202e+02 -9.2886e-01 -3.8717e+03
-4.4513e+06 3.6303e+01 -2.7767e+03 -9.6532e+02 3.7411e-01 -3.8251e+03
-4.4528e+06 3.6300e+01 -2.7917e+03 -9.6820e+02 2.2447e+00 -3.7783e+03
-4.4655e+06 3.6336e+01 -2.8068e+03 -9.7068e+02 5.2520e+00 -3.7312e+03
-4.4769e+06 3.6374e+01 -2.8218e+03 -9.7274e+02 8.1456e+00 -3.6832e+03
-4.4819e+06 3.6342e+01 -2.8368e+03 -9.7437e+02 8.7260e+00 -3.6351e+03
-4.4718e+06 3.6313e+01 -2.8517e+03 -9.7557e+02 7.0510e+00 -3.5867e+03
-4.4502e+06 3.6312e+01 -2.8667e+03 -9.7634e+02 4.4058e+00 -3.5376e+03
-4.4164e+06 3.6300e+01 -2.8816e+03 -9.7666e+02 1.9903e+00 -3.4882e+03
-4.3765e+06 3.6295e+01 -2.8964e+03 -9.7653e+02 2.5461e+00 -3.4376e+03
-4.3262e+06 3.6296e+01 -2.9112e+03 -9.7594e+02 2.6897e+00 -3.3903e+03
-4.3145e+06 3.6298e+01 -2.9260e+03 -9.7490e+02 7.8466e-01 -3.3389e+03
-4.1531e+06 4.2039e+01 -2.4342e+03 -8.3278e+02 1.1429e+00 -4.7666e+03
-4.1168e+06 4.1672e+01 -2.4488e+03 -8.4283e+02 3.9817e+00 -4.7293e+03
-4.0737e+06 4.1388e+01 -2.4635e+03 -8.5265e+02 6.9276e+00 -4.6871e+03
-4.1206e+06 4.1153e+01 -2.4782e+03 -8.6222e+02 6.6852e-01 -4.6496e+03
-4.1840e+06 4.0878e+01 -2.4930e+03 -8.7154e+02 -4.6598e+00 -4.6110e+03
-4.2246e+06 4.0577e+01 -2.5078e+03 -8.8059e+02 -3.6352e+00 -4.5718e+03
-4.2610e+06 4.0289e+01 -2.5227e+03 -8.8937e+02 -3.7450e+00 -4.5320e+03
-4.2886e+06 3.9979e+01 -2.5376e+03 -8.9788e+02 -3.5566e+00 -4.4918e+03
-4.3038e+06 3.9671e+01 -2.5526e+03 -9.0609e+02 -3.6502e+00 -4.4510e+03
-4.3190e+06 3.9406e+01 -2.5675e+03 -9.1401e+02 -3.6723e+00 -4.4097e+03
-4.3305e+06 3.8958e+01 -2.5826e+03 -9.2162e+02 -3.1706e+00 -4.3679e+03
-4.3573e+06 3.8296e+01 -2.5976e+03 -9.2892e+02 -4.9879e+00 -4.3257e+03
-4.3696e+06 3.7950e+01 -2.6127e+03 -9.3589e+02 -5.6817e+00 -4.2831e+03
-4.3652e+06 3.7988e+01 -2.6278e+03 -9.4254e+02 -2.8323e+00 -4.2401e+03
-4.3679e+06 3.7810e+01 -2.6430e+03 -9.4884e+02 -6.8182e-01 -4.1965e+03
-4.4076e+06 3.7197e+01 -2.6581e+03 -9.5480e+02 -3.5470e+00 -4.1524e+03
-4.4510e+06 3.6581e+01 -2.6733e+03 -9.6040e+02 -6.8443e+00 -4.1080e+03
-4.4668e+06 3.6335e+01 -2.6885e+03 -9.6563e+02 -5.6165e+00 -4.0633e+03
-4.4609e+06 3.6314e+01 -2.7037e+03 -9.7050e+02 -4.5093e+00 -4.0181e+03
-4.4557e+06 3.6312e+01 -2.7190e+03 -9.7498e+02 -4.8666e+00 -3.9724e+03
-4.4508e+06 3.6311e+01 -2.7342e+03 -9.7907e+02 -4.3150e+00 -3.9264e+03
-4.4443e+06 3.6309e+01 -2.7494e+03 -9.8277e+02 -2.8166e+00 -3.8800e+03
-4.4352e+06 3.6306e+01 -2.7646e+03 -9.8607e+02 -1.9374e+00 -3.8331e+03
-4.4388e+06 3.6304e+01 -2.7798e+03 -9.8895e+02 -2.6705e+00 -3.7860e+03
-4.4446e+06 3.6304e+01 -2.7950e+03 -9.9142e+02 -2.8315e+00 -3.7385e+03
-4.4447e+06 3.6305e+01 -2.8102e+03 -9.9346e+02 -2.1337e+00 -3.6905e+03
-4.4356e+06 3.6304e+01 -2.8254e+03 -9.9507e+02 -1.9418e+00 -3.6423e+03
-4.4232e+06 3.6303e+01 -2.8405e+03 -9.9624e+02 -2.5429e+00 -3.5940e+03
-4.4066e+06 3.6304e+01 -2.8556e+03 -9.9697e+02 -3.9187e+00 -3.5453e+03
-4.3888e+06 3.6305e+01 -2.8707e+03 -9.9725e+02 -5.5114e+00 -3.4948e+03
-4.3509e+06 3.6304e+01 -2.8857e+03 -9.9707e+02 -3.9196e+00 -3.4448e+03
-4.3211e+06 3.6301e+01 -2.9007e+03 -9.9643e+02 -3.4420e-01 -3.3922e+03
-4.3178e+06 3.6301e+01 -2.9156e+03 -9.9533e+02 1.0790e-01 -3.3509e+03
-4.1574e+06 4.1947e+01 -2.4193e+03 -8.5273e+02 -1.0658e+00 -4.7811e+03
-4.1569e+06 4.1599e+01 -2.4340e+03 -8.6286e+02 -1.0430e+00 -4.7503e+03
-4.1505e+06 4.1342e+01 -2.4488e+03 -8.7276e+02 2.4598e+00 -4.7077e+03
-4.1804e+06 4.1112e+01 -2.4636e+03 -8.8240e+02 -7.2268e-02 -4.6699e+03
-4.2215e+06 4.0819e+01 -2.4784e+03 -8.9179e+02 -2.1547e+00 -4.6310e+03
-4.2499e+06 4.0490e+01 -2.4934e+03 -9.0092e+02 -8.7038e-01 -4.5919e+03
-4.2759e+06 4.0183e+01 -2.5083e+03 -9.0977e+02 -5.1018e-01 -4.5521e+03
-4.2977e+06 3.9869e+01 -2.5233e+03 -9.1834e+02 -8.4809e-01 -4.5119e+03
-4.3144e+06 3.9559e+01 -2.5384e+03 -9.2661e+02 -1.2112e+00 -4.4712e+03
-4.3269e+06 3.9298e+01 -2.5535e+03 -9.3459e+02 -6.2424e-01 -4.4299e+03
-4.3431e+06 3.8854e+01 -2.5686e+03 -9.4226e+02 3.1601e-02 -4.3883e+03
-4.3694e+06 3.8141e+01 -2.5838e+03 -9.4961e+02 -1.2247e+00 -4.3462e+03
-4.3870e+06 3.7682e+01 -2.5990e+03 -9.5663e+02 -1.9651e+00 -4.3035e+03
-4.3824e+06 3.7721e+01 -2.6142e+03 -9.6332e+02 4.3681e-01 -4.2604e+03
-4.3784e+06 3.7725e+01 -2.6295e+03 -9.6967e+02 3.0403e+00 -4.2169e+03
-4.4060e+06 3.7244e+01 -2.6448e+03 -9.7566e+02 9.7606e-01 -4.1729e+03
-4.4467e+06 3.6615e+01 -2.6601e+03 -9.8130e+02 -2.5638e+00 -4.1284e+03
-4.4651e+06 3.6337e+01 -2.6755e+03 -9.8656e+02 -2.7448e+00 -4.0835e+03
-4.4580e+06 3.6312e+01 -2.6908e+03 -9.9145e+02 -1.2293e+00 -4.0382e+03
-4.4386e+06 3.6311e+01 -2.7062e+03 -9.9595e+02 7.8205e-01 -3.9925e+03
-4.4307e+06 3.6310e+01 -2.7215e+03 -1.0001e+03 1.1151e+00 -3.9464e+03
-4.4351e+06 3.6308e+01 -2.7369e+03 -1.0038e+03 3.4118e-01 -3.8998e+03
-4.4312e+06 3.6307e+01 -2.7523e+03 -1.0071e+03 6.9446e-01 -3.8528e+03
-4.4292e+06 3.6306e+01 -2.7677e+03 -1.0099e+03 4.9578e-01 -3.8053e+03
-4.4263e+06 3.6306e+01 -2.7830e+03 -1.0124e+03 2.7171e-01 -3.7577e+03
-4.4169e+06 3.6306e+01 -2.7984e+03 -1.0144e+03 7.1047e-01 -3.7096e+03
-4.4016e+06 3.6304e+01 -2.8137e+03 -1.0160e+03 1.0191e+00 -3.6612e+03
-4.3843e+06 3.6302e+01 -2.8290e+03 -1.0172e+03 1.1361e+00 -3.6127e+03
-4.3746e+06 3.6303e+01 -2.8443e+03 -1.0179e+03 4.9641e-01 -3.5644e+03
-4.3686e+06 3.6306e+01 -2.8595e+03 -1.0181e+03 -1.5546e+00 -3.5131e+03
-4.3475e+06 3.6307e+01 -2.8747e+03 -1.0179e+03 8.9884e-01 -3.4659e+03
-4.3264e+06 3.6305e+01 -2.8899e+03 -1.0172e+03 3.3043e+00 -3.4033e+03
-4.2989e+06 3.6305e+01 -2.9050e+03 -1.0160e+03 -4.7440e-01 -3.3614e+03
-4.1882e+06 4.1850e+01 -2.4042e+03 -8.7287e+02 -3.3596e+00 -4.7984e+03
-4.2020e+06 4.1578e+01 -2.4190e+03 -8.8308e+02 -4.2174e+00 -4.7655e+03
-4.2121e+06 4.1352e+01 -2.4338e+03 -8.9306e+02 -1.6655e+00 -4.7231e+03
-4.2260e+06 4.1087e+01 -2.4487e+03 -9.0278e+02 -7.9457e-01 -4.6852e+03
-4.2473e+06 4.0750e+01 -2.4636e+03 -9.1224e+02 -1.3336e-01 -4.6463e+03
-4.2655e+06 4.0406e+01 -2.4786e+03 -9.2144e+02 6.1873e-01 -4.6070e+03
-4.2879e+06 4.0107e+01 -2.4937e+03 -9.3036e+02 3.4961e-01 -4.5671e+03
-4.3028e+06 3.9806e+01 -2.5088e+03 -9.3900e+02 -1.0452e-01 -4.5268e+03
-4.3197e+06 3.9498e+01 -2.5240e+03 -9.4734e+02 -4.5892e-01 -4.4859e+03
-4.3313e+06 3.9224e+01 -2.5392e+03 -9.5538e+02 -4.8193e-02 -4.4445e+03
-4.3500e+06 3.8723e+01 -2.5544e+03 -9.6311e+02 8.7956e-01 -4.4028e+03
-4.3769e+06 3.7811e+01 -2.5697e+03 -9.7052e+02 1.7375e-01 -4.3605e+03
-4.4139e+06 3.7067e+01 -2.5850e+03 -9.7759e+02 -2.2303e+00 -4.3177e+03
-4.4238e+06 3.7046e+01 -2.6004e+03 -9.8433e+02 -2.0525e+00 -4.2745e+03
-4.4114e+06 3.7373e+01 -2.6158e+03 -9.9072e+02 1.5712e+00 -4.2308e+03
-4.4108e+06 3.7306e+01 -2.6312e+03 -9.9675e+02 2.3716e+00 -4.1866e+03
-4.4383e+06 3.6826e+01 -2.6467e+03 -1.0024e+03 -2.4226e-01 -4.1420e+03
-4.4524e+06 3.6503e+01 -2.6622e+03 -1.0077e+03 -1.7248e+00 -4.0970e+03
-4.4460e+06 3.6424e+01 -2.6776e+03 -1.0126e+03 -9.5817e-01 -4.0516e+03
-4.4222e+06 3.6361e+01 -2.6931e+03 -1.0172e+03 1.1125e+00 -4.0057e+03
-4.4226e+06 3.6315e+01 -2.7087e+03 -1.0213e+03 9.9385e-01 -3.9594e+03
-4.4342e+06 3.6308e+01 -2.7242e+03 -1.0250e+03 -5.3930e-01 -3.9126e+03
-4.4364e+06 3.6309e+01 -2.7397e+03 -1.0283e+03 -1.7847e-01 -3.8655e+03
-4.4269e+06 3.6308e+01 -2.7552e+03 -1.0312e+03 5.3412e-01 -3.8180e+03
-4.4169e+06 3.6307e+01 -2.7708e+03 -1.0336e+03 9.9292e-01 -3.7702e+03
-4.3967e+06 3.6306e+01 -2.7863e+03 -1.0357e+03 1.6085e+00 -3.7219e+03
-4.3780e+06 3.6303e+01 -2.8018e+03 -1.0372e+03 2.0041e+00 -3.6734e+03
-4.3617e+06 3.6302e+01 -2.8173e+03 -1.0384e+03 2.2304e+00 -3.6246e+03
-4.3603e+06 3.6304e+01 -2.8327e+03 -1.0390e+03 1.4762e+00 -3.5759e+03
-4.3603e+06 3.6308e+01 -2.8481e+03 -1.0392e+03 -5.7126e-01 -3.5248e+03
-4.3480e+06 3.6310e+01 -2.8635e+03 -1.0390e+03 1.6901e+00 -3.4765e+03
-4.3275e+06 3.6316e+01 -2.8789e+03 -1.0382e+03 3.4176e+00 -3.4159e+03
-4.3108e+06 3.6354e+01 -2.8942e+03 -1.0370e+03 5.3486e-01 -3.3739e+03
-4.1820e+06 4.1811e+01 -2.3888e+03 -8.9319e+02 -1.5884e+00 -4.8138e+03
-4.2004e+06 4.1591e+01 -2.4037e+03 -9.0349e+02 -2.4623e+00 -4.7812e+03
-4.2222e+06 4.1338e+01 -2.4186e+03 -9.1355e+02 -9.7721e-01 -4.7386e+03
-4.2428e+06 4.1011e+01 -2.4336e+03 -9.2335e+02 -1.0233e+00 -4.7007e+03
-4.2637e+06 4.0659e+01 -2.4486e+03 -9.3289e+02 -1.1593e+00 -4.6617e+03
-4.2780e+06 4.0350e+01 -2.4637e+03 -9.4217e+02 -7.1524e-01 -4.6223e+03
-4.2932e+06 4.0094e+01 -2.4789e+03 -9.5116e+02 -6.0334e-01 -4.5823e+03
-4.3041e+06 3.9829e+01 -2.4941e+03 -9.5987e+02 -7.4561e-01 -4.5418e+03
-4.3175e+06 3.9558e+01 -2.5093e+03 -9.6828e+02 -9.4607e-01 -4.5009e+03
-4.3280e+06 3.9321e+01 -2.5246e+03 -9.7638e+02 -5.0921e-01 -4.4594e+03
-4.3466e+06 3.8824e+01 -2.5400e+03 -9.8417e+02 2.7572e-01 -4.4175e+03
-4.3810e+06 3.7791e+01 -2.5554e+03 -9.9163e+02 -1.1004e+00 -4.3751e+03
-4.4321e+06 3.6795e+01 -2.5708e+03 -9.9876e+02 -4.8072e+00 -4.3322e+03
-4.4553e+06 3.6534e+01 -2.5863e+03 -1.0056e+03 -6.2976e+00 -4.2889e+03
-4.4416e+06 3.6891e+01 -2.6018e+03 -1.0120e+03 -3.1736e+00 -4.2451e+03
-4.4188e+06 3.7211e+01 -2.6174e+03 -1.0181e+03 -1.0551e-01 -4.2009e+03
-4.4223e+06 3.7078e+01 -2.6330e+03 -1.0238e+03 -7.0325e-01 -4.1560e+03
-4.4279e+06 3.6875e+01 -2.6486e+03 -1.0291e+03 -1.8490e+00 -4.1108e+03
-4.4215e+06 3.6849e+01 -2.6642e+03 -1.0340e+03 -1.2898e+00 -4.0653e+03
-4.4115e+06 3.6732e+01 -2.6799e+03 -1.0386e+03 -7.7775e-01 -4.0192e+03
-4.4195e+06 3.6547e+01 -2.6955e+03 -1.0427e+03 -1.4382e+00 -3.9728e+03
-4.4317e+06 3.6423e+01 -2.7112e+03 -1.0465e+03 -1.8446e+00 -3.9259e+03
-4.4328e+06 3.6341e+01 -2.7269e+03 -1.0498e+03 -1.2618e+00 -3.8787e+03
-4.4206e+06 3.6309e+01 -2.7426e+03 -1.0527e+03 -6.8876e-01 -3.8311e+03
-4.4049e+06 3.6308e+01 -2.7583e+03 -1.0551e+03 -2.7318e-01 -3.7830e+03
-4.3846e+06 3.6306e+01 -2.7739e+03 -1.0571e+03 2.8308e-01 -3.7346e+03
-4.3670e+06 3.6304e+01 -2.7896e+03 -1.0587e+03 8.2111e-01 -3.6858e+03
-4.3582e+06 3.6304e+01 -2.8053e+03 -1.0598e+03 8.2140e-01 -3.6369e+03
-4.3626e+06 3.6307e+01 -2.8209e+03 -1.0604e+03 -3.9469e-02 -3.5881e+03
-4.3625e+06 3.6310e+01 -2.8365e+03 -1.0606e+03 -1.9872e+00 -3.5368e+03
-4.3426e+06 3.6311e+01 -2.8521e+03 -1.0603e+03 1.9030e-01 -3.4885e+03
-4.3249e+06 3.6322e+01 -2.8677e+03 -1.0595e+03 3.0525e+00 -3.4276e+03
-4.3181e+06 3.6157e+01 -2.8832e+03 -1.0582e+03 6.2447e-01 -3.3852e+03
-4.1679e+06 4.1821e+01 -2.3732e+03 -9.1370e+02 5.8518e-01 -4.8293e+03
-4.1828e+06 4.1577e+01 -2.3882e+03 -9.2409e+02 5.0237e-01 -4.7965e+03
-4.2057e+06 4.1257e+01 -2.4031e+03 -9.3423e+02 2.0384e+00 -4.7539e+03
-4.2414e+06 4.0898e+01 -2.4182e+03 -9.4411e+02 3.0367e-02 -4.7159e+03
-4.2674e+06 4.0579e+01 -2.4333e+03 -9.5374e+02 -1.8744e+00 -4.6768e+03
-4.2818e+06 4.0337e+01 -2.4485e+03 -9.6309e+02 -1.5237e+00 -4.6373e+03
-4.2888e+06 4.0134e+01 -2.4638e+03 -9.7216e+02 -9.4078e-01 -4.5972e+03
-4.2991e+06 3.9902e+01 -2.4791e+03 -9.8094e+02 -9.6185e-01 -4.5567e+03
-4.3070e+06 3.9671e+01 -2.4944e+03 -9.8942e+02 -1.1169e+00 -4.5156e+03
-4.3166e+06 3.9483e+01 -2.5099e+03 -9.9759e+02 -6.5845e-01 -4.4741e+03
-4.3306e+06 3.9100e+01 -2.5253e+03 -1.0054e+03 -6.8177e-02 -4.4320e+03
-4.3673e+06 3.8270e+01 -2.5408e+03 -1.0130e+03 -1.6017e+00 -4.3894e+03
-4.4117e+06 3.7313e+01 -2.5564e+03 -1.0202e+03 -4.6283e+00 -4.3464e+03
-4.4423e+06 3.6748e+01 -2.5720e+03 -1.0270e+03 -6.6334e+00 -4.3029e+03
-4.4361e+06 3.6818e+01 -2.5876e+03 -1.0335e+03 -5.4103e+00 -4.2591e+03
-4.4121e+06 3.7223e+01 -2.6033e+03 -1.0396e+03 -1.9464e+00 -4.2147e+03
-4.4014e+06 3.7315e+01 -2.6190e+03 -1.0453e+03 -1.2287e+00 -4.1698e+03
-4.4025e+06 3.7266e+01 -2.6348e+03 -1.0507e+03 -1.6471e+00 -4.1245e+03
-4.3884e+06 3.7420e+01 -2.6505e+03 -1.0557e+03 4.6654e-01 -4.0787e+03
-4.3848e+06 3.7372e+01 -2.6663e+03 -1.0603e+03 1.7386e+00 -4.0325e+03
-4.4026e+06 3.7006e+01 -2.6821e+03 -1.0644e+03 5.2989e-01 -3.9859e+03
-4.4243e+06 3.6633e+01 -2.6980e+03 -1.0682e+03 -6.6572e-01 -3.9390e+03
-4.4275e+06 3.6391e+01 -2.7138e+03 -1.0715e+03 -8.5939e-01 -3.8916e+03
-4.4131e+06 3.6308e+01 -2.7297e+03 -1.0744e+03 -3.8804e-01 -3.8438e+03
-4.3953e+06 3.6307e+01 -2.7455e+03 -1.0768e+03 -2.3372e-01 -3.7956e+03
-4.3813e+06 3.6307e+01 -2.7614e+03 -1.0789e+03 -1.7261e-01 -3.7470e+03
-4.3692e+06 3.6306e+01 -2.7772e+03 -1.0804e+03 1.0387e-01 -3.6980e+03
-4.3669e+06 3.6307e+01 -2.7930e+03 -1.0815e+03 -1.3743e-01 -3.6490e+03
-4.3673e+06 3.6309e+01 -2.8088e+03 -1.0821e+03 -6.1693e-01 -3.6000e+03
-4.3570e+06 3.6310e+01 -2.8246e+03 -1.0822e+03 -1.4468e+00 -3.5486e+03
-4.3304e+06 3.6308e+01 -2.8404e+03 -1.0819e+03 1.4883e+00 -3.5001e+03
-4.3139e+06 3.6338e+01 -2.8562e+03 -1.0811e+03 5.2244e+00 -3.4391e+03
-4.3418e+06 3.5674e+01 -2.8719e+03 -1.0797e+03 6.6849e-01 -3.3966e+03
-4.1784e+06 4.1842e+01 -2.3574e+03 -9.3439e+02 -8.1111e-01 -4.8444e+03
-4.1963e+06 4.1560e+01 -2.3724e+03 -9.4486e+02 -1.3815e+00 -4.8116e+03
-4.2090e+06 4.1224e+01 -2.3875e+03 -9.5509e+02 4.6827e-01 -4.7689e+03
-4.2404e+06 4.0902e+01 -2.4026e+03 -9.6506e+02 -9.2095e-01 -4.7307e+03
-4.2592e+06 4.0623e+01 -2.4178e+03 -9.7476e+02 -2.6752e+00 -4.6916e+03
-4.2712e+06 4.0430e+01 -2.4331e+03 -9.8420e+02 -2.2130e+00 -4.6519e+03
-4.2720e+06 4.0276e+01 -2.4484e+03 -9.9334e+02 -1.4469e+00 -4.6118e+03
-4.2823e+06 4.0081e+01 -2.4638e+03 -1.0022e+03 -1.3331e+00 -4.5712e+03
-4.2850e+06 3.9903e+01 -2.4793e+03 -1.0108e+03 -1.1975e+00 -4.5301e+03
-4.2922e+06 3.9769e+01 -2.4948e+03 -1.0190e+03 -5.5626e-01 -4.4884e+03
-4.2985e+06 3.9529e+01 -2.5104e+03 -1.0269e+03 1.7960e-01 -4.4462e+03
-4.3205e+06 3.9112e+01 -2.5260e+03 -1.0345e+03 3.4380e-01 -4.4036e+03
-4.3445e+06 3.8541e+01 -2.5417e+03 -1.0417e+03 -1.5498e-01 -4.3604e+03
-4.3747e+06 3.7906e+01 -2.5574e+03 -1.0486e+03 -2.2363e+00 -4.3168e+03
-4.3798e+06 3.7700e+01 -2.5732e+03 -1.0552e+03 -2.8523e+00 -4.2728e+03
-4.3651e+06 3.7944e+01 -2.5890e+03 -1.0613e+03 -1.9921e-01 -4.2282e+03
-4.3594e+06 3.7912e+01 -2.6048e+03 -1.0671e+03 1.3248e-01 -4.1833e+03
-4.3687e+06 3.7721e+01 -2.6207e+03 -1.0725e+03 -1.0984e+00 -4.1379e+03
-4.3596e+06 3.7811e+01 -2.6366e+03 -1.0776e+03 7.8802e-01 -4.0921e+03
-4.3646e+06 3.7704e+01 -2.6525e+03 -1.0822e+03 2.3025e+00 -4.0457e+03
-4.3935e+06 3.7160e+01 -2.6685e+03 -1.0864e+03 4.0330e-01 -3.9990e+03
-4.4289e+06 3.6637e+01 -2.6845e+03 -1.0901e+03 -2.1908e+00 -3.9518e+03
-4.4278e+06 3.6378e+01 -2.7005e+03 -1.0935e+03 -2.3097e+00 -3.9042e+03
-4.4011e+06 3.6308e+01 -2.7165e+03 -1.0964e+03 -9.8957e-02 -3.8563e+03
-4.3767e+06 3.6307e+01 -2.7325e+03 -1.0988e+03 7.9821e-01 -3.8079e+03
-4.3700e+06 3.6307e+01 -2.7485e+03 -1.1008e+03 3.2729e-01 -3.7592e+03
-4.3651e+06 3.6308e+01 -2.7645e+03 -1.1024e+03 2.8420e-02 -3.7101e+03
-4.3685e+06 3.6309e+01 -2.7805e+03 -1.1034e+03 -4.9528e-01 -3.6609e+03
-4.3648e+06 3.6310e+01 -2.7965e+03 -1.1040e+03 -7.9788e-01 -3.6119e+03
-4.3507e+06 3.6309e+01 -2.8125e+03 -1.1041e+03 -7.0533e-01 -3.5602e+03
-4.3191e+06 3.6305e+01 -2.8285e+03 -1.1037e+03 3.3926e+00 -3.5115e+03
-4.3085e+06 3.6291e+01 -2.8444e+03 -1.1029e+03 8.3317e+00 -3.4501e+03
-4.3562e+06 3.5307e+01 -2.8603e+03 -1.1015e+03 3.6774e+00 -3.4076e+03
-4.1998e+06 4.2008e+01 -2.3413e+03 -9.5525e+02 -2.9527e+00 -4.8591e+03
-4.2142e+06 4.1744e+01 -2.3564e+03 -9.6581e+02 -4.3379e+00 -4.8263e+03
-4.2208e+06 4.1487e+01 -2.3716e+03 -9.7613e+02 -2.3965e+00 -4.7835e+03
-4.2253e+06 4.1253e+01 -2.3868e+03 -9.8619e+02 -1.7789e+00 -4.7453e+03
-4.2277e+06 4.0986e+01 -2.4021e+03 -9.9598e+02 -1.6281e+00 -4.7062e+03
-4.2312e+06 4.0793e+01 -2.4174e+03 -1.0055e+03 -1.2086e+00 -4.6664e+03
-4.2396e+06 4.0663e+01 -2.4329e+03 -1.0147e+03 -1.1124e+00 -4.6262e+03
-4.2493e+06 4.0498e+01 -2.4483e+03 -1.0237e+03 -9.2273e-01 -4.5855e+03
-4.2528e+06 4.0364e+01 -2.4639e+03 -1.0323e+03 -2.8514e-01 -4.5442e+03
-4.2552e+06 4.0246e+01 -2.4795e+03 -1.0406e+03 4.9475e-01 -4.5024e+03
-4.2608e+06 4.0049e+01 -2.4952e+03 -1.0486e+03 9.6307e-01 -4.4602e+03
-4.2693e+06 3.9881e+01 -2.5109e+03 -1.0562e+03 1.9395e+00 -4.4175e+03
-4.2785e+06 3.9698e+01 -2.5267e+03 -1.0635e+03 3.3365e+00 -4.3742e+03
-4.2991e+06 3.9293e+01 -2.5426e+03 -1.0705e+03 2.3351e+00 -4.3305e+03
-4.3114e+06 3.9027e+01 -2.5584e+03 -1.0771e+03 1.1977e+00 -4.2863e+03
-4.3100e+06 3.9021e+01 -2.5744e+03 -1.0833e+03 2.4533e+00 -4.2416e+03
-4.3192e+06 3.8722e+01 -2.5903e+03 -1.0892e+03 1.9879e+00 -4.1965e+03
-4.3355e+06 3.8276e+01 -2.6064e+03 -1.0946e+03 5.3330e-02 -4.1510e+03
-4.3392e+06 3.8093e+01 -2.6224e+03 -1.0996e+03 3.7389e-01 -4.1050e+03
-4.3540e+06 3.7775e+01 -2.6385e+03 -1.1043e+03 9.2978e-01 -4.0585e+03
-4.3938e+06 3.7093e+01 -2.6546e+03 -1.1085e+03 -1.0192e+00 -4.0116e+03
-4.4290e+06 3.6529e+01 -2.6707e+03 -1.1123e+03 -3.8653e+00 -3.9644e+03
-4.4231e+06 3.6333e+01 -2.6869e+03 -1.1157e+03 -3.3039e+00 -3.9166e+03
-4.3838e+06 3.6307e+01 -2.7030e+03 -1.1186e+03 9.1587e-01 -3.8685e+03
-4.3563e+06 3.6305e+01 -2.7192e+03 -1.1210e+03 2.4925e+00 -3.8201e+03
-4.3492e+06 3.6305e+01 -2.7354e+03 -1.1230e+03 8.7946e-01 -3.7712e+03
-4.3520e+06 3.6305e+01 -2.7516e+03 -1.1246e+03 -1.8360e-01 -3.7219e+03
-4.3601e+06 3.6308e+01 -2.7678e+03 -1.1256e+03 -6.1679e-01 -3.6726e+03
-4.3615e+06 3.6309e+01 -2.7839e+03 -1.1262e+03 -6.1764e-01 -3.6234e+03
-4.3500e+06 3.6308e+01 -2.8001e+03 -1.1263e+03 2.3747e-01 -3.5714e+03
-4.3320e+06 3.6145e+01 -2.8162e+03 -1.1259e+03 5.0725e+00 -3.5227e+03
-4.3483e+06 3.5640e+01 -2.8324e+03 -1.1250e+03 7.9045e+00 -3.4610e+03
-4.4180e+06 3.4480e+01 -2.8485e+03 -1.1235e+03 1.9197e+00 -3.4187e+03
-4.1892e+06 4.2496e+01 -2.3251e+03 -9.7628e+02 -2.9071e+00 -4.8737e+03
-4.1972e+06 4.2242e+01 -2.3402e+03 -9.8694e+02 -3.6609e+00 -4.8407e+03
-4.1947e+06 4.2072e+01 -2.3554e+03 -9.9734e+02 -1.2467e+00 -4.7979e+03
-4.1815e+06 4.1927e+01 -2.3707e+03 -1.0075e+03 9.6351e-01 -4.7597e+03
-4.1671e+06 4.1667e+01 -2.3861e+03 -1.0174e+03 2.3705e+00 -4.7205e+03
-4.1729e+06 4.1433e+01 -2.4015e+03 -1.0270e+03 1.9497e+00 -4.6806e+03
-4.1953e+06 4.1268e+01 -2.4170e+03 -1.0363e+03 5.3215e-01 -4.6402e+03
-4.2101e+06 4.1082e+01 -2.4326e+03 -1.0453e+03 2.8073e-01 -4.5994e+03
-4.2152e+06 4.0902e+01 -2.4483e+03 -1.0540e+03 8.6335e-01 -4.5580e+03
-4.2188e+06 4.0694e+01 -2.4640e+03 -1.0624e+03 1.4006e+00 -4.5162e+03
-4.2286e+06 4.0425e+01 -2.4798e+03 -1.0704e+03 1.2985e+00 -4.4739e+03
-4.2408e+06 4.0240e+01 -2.4956e+03 -1.0782e+03 1.0063e+00 -4.4311e+03
-4.2522e+06 4.0139e+01 -2.5115e+03 -1.0855e+03 1.8981e+00 -4.3877e+03
-4.2624e+06 3.9925e+01 -2.5274e+03 -1.0926e+03 2.2338e+00 -4.3439e+03
-4.2745e+06 3.9697e+01 -2.5435e+03 -1.0992e+03 1.5700e+00 -4.2995e+03
-4.2817e+06 3.9505e+01 -2.5595e+03 -1.1055e+03 1.7716e+00 -4.2547e+03
-4.2971e+06 3.9087e+01 -2.5756e+03 -1.1114e+03 1.2799e+00 -4.2095e+03
-4.3130e+06 3.8582e+01 -2.5918e+03 -1.1169e+03 -1.8725e-02 -4.1638e+03
-4.3234e+06 3.8270e+01 -2.6079e+03 -1.1220e+03 2.4480e-01 -4.1176e+03
-4.3423e+06 3.7851e+01 -2.6242e+03 -1.1266e+03 8.6445e-01 -4.0709e+03
-4.3817e+06 3.7119e+01 -2.6404e+03 -1.1309e+03 -5.2260e-01 -4.0240e+03
-4.4125e+06 3.6515e+01 -2.6567e+03 -1.1347e+03 -2.8620e+00 -3.9767e+03
-4.4067e+06 3.6319e+01 -2.6730e+03 -1.1381e+03 -2.2482e+00 -3.9288e+03
-4.3692e+06 3.6306e+01 -2.6893e+03 -1.1410e+03 1.9121e+00 -3.8805e+03
-4.3395e+06 3.6303e+01 -2.7057e+03 -1.1435e+03 3.6442e+00 -3.8320e+03
-4.3266e+06 3.6301e+01 -2.7220e+03 -1.1455e+03 2.1257e+00 -3.7829e+03
-4.3284e+06 3.6301e+01 -2.7384e+03 -1.1470e+03 1.2557e+00 -3.7335e+03
-4.3436e+06 3.6305e+01 -2.7547e+03 -1.1481e+03 9.0931e-01 -3.6840e+03
-4.3583e+06 3.6315e+01 -2.7711e+03 -1.1486e+03 1.4298e+00 -3.6345e+03
-4.3696e+06 3.6105e+01 -2.7874e+03 -1.1487e+03 2.0097e+00 -3.5826e+03
-4.3932e+06 3.5319e+01 -2.8038e+03 -1.1482e+03 3.7689e+00 -3.5338e+03
-4.4485e+06 3.4171e+01 -2.8201e+03 -1.1473e+03 2.1025e+00 -3.4714e+03
-4.5108e+06 3.3174e+01 -2.8364e+03 -1.1458e+03 -4.1142e+00 -3.4291e+03
-4.1505e+06 4.3127e+01 -2.3085e+03 -9.9748e+02 -4.7971e-01 -4.8881e+03
-4.1568e+06 4.2780e+01 -2.3237e+03 -1.0082e+03 -1.6786e+00 -4.8549e+03
-4.1607e+06 4.2603e+01 -2.3390e+03 -1.0187e+03 -4.4502e-01 -4.8122e+03
-4.1457e+06 4.2502e+01 -2.3544e+03 -1.0290e+03 2.0852e+00 -4.7737e+03
-4.1316e+06 4.2281e+01 -2.3698e+03 -1.0389e+03 3.9787e+00 -4.7342e+03
-4.1400e+06 4.2020e+01 -2.3853e+03 -1.0486e+03 3.2462e+00 -4.6943e+03
-4.1662e+06 4.1791e+01 -2.4009e+03 -1.0580e+03 1.3527e+00 -4.6539e+03
-4.1800e+06 4.1540e+01 -2.4166e+03 -1.0671e+03 8.8662e-01 -4.6130e+03
-4.1866e+06 4.1247e+01 -2.4324e+03 -1.0759e+03 1.2022e+00 -4.5716e+03
-4.1943e+06 4.0917e+01 -2.4482e+03 -1.0844e+03 1.8062e+00 -4.5296e+03
-4.2112e+06 4.0591e+01 -2.4640e+03 -1.0925e+03 1.9265e+00 -4.4872e+03
-4.2377e+06 4.0346e+01 -2.4800e+03 -1.1003e+03 6.6310e-01 -4.4442e+03
-4.2522e+06 4.0168e+01 -2.4960e+03 -1.1077e+03 1.1505e+00 -4.4007e+03
-4.2539e+06 3.9964e+01 -2.5121e+03 -1.1148e+03 2.4092e+00 -4.3569e+03
-4.2630e+06 3.9732e+01 -2.5282e+03 -1.1215e+03 1.0591e+00 -4.3124e+03
-4.2731e+06 3.9473e+01 -2.5444e+03 -1.1279e+03 -1.2597e-01 -4.2675e+03
-4.2820e+06 3.9064e+01 -2.5606e+03 -1.1338e+03 -2.3646e-01 -4.2222e+03
-4.2929e+06 3.8585e+01 -2.5769e+03 -1.1394e+03 -8.4280e-01 -4.1763e+03
-4.3019e+06 3.8239e+01 -2.5932e+03 -1.1445e+03 -1.2700e-01 -4.1302e+03
-4.3240e+06 3.7756e+01 -2.6095e+03 -1.1492e+03 4.8104e-01 -4.0834e+03
-4.3683e+06 3.6990e+01 -2.6259e+03 -1.1535e+03 -1.5120e+00 -4.0362e+03
-4.3977e+06 3.6447e+01 -2.6424e+03 -1.1573e+03 -2.9461e+00 -3.9887e+03
-4.3972e+06 3.6312e+01 -2.6588e+03 -1.1607e+03 -1.9694e+00 -3.9407e+03
-4.3767e+06 3.6307e+01 -2.6753e+03 -1.1637e+03 4.2181e-01 -3.8923e+03
-4.3511e+06 3.6305e+01 -2.6918e+03 -1.1662e+03 1.9231e+00 -3.8436e+03
-4.3261e+06 3.6301e+01 -2.7083e+03 -1.1682e+03 2.4024e+00 -3.7943e+03
-4.3171e+06 3.6300e+01 -2.7249e+03 -1.1697e+03 3.2558e+00 -3.7448e+03
-4.3346e+06 3.6319e+01 -2.7414e+03 -1.1708e+03 3.9629e+00 -3.6951e+03
-4.3707e+06 3.6099e+01 -2.7579e+03 -1.1713e+03 4.1147e+00 -3.6456e+03
-4.4298e+06 3.5169e+01 -2.7745e+03 -1.1713e+03 6.6186e-01 -3.5936e+03
-4.4964e+06 3.3826e+01 -2.7910e+03 -1.1709e+03 -1.4355e+00 -3.5445e+03
-4.5447e+06 3.2871e+01 -2.8075e+03 -1.1699e+03 -2.2455e+00 -3.4816e+03
-4.5648e+06 3.2478e+01 -2.8240e+03 -1.1684e+03 -5.1138e+00 -3.4393e+03
-4.1034e+06 4.3554e+01 -2.2917e+03 -1.0188e+03 3.1807e+00 -4.9020e+03
-4.1221e+06 4.3096e+01 -2.3070e+03 -1.0297e+03 1.1029e+00 -4.8687e+03
-4.1332e+06 4.2860e+01 -2.3224e+03 -1.0403e+03 -5.1806e-01 -4.8260e+03
-4.1403e+06 4.2747e+01 -2.3378e+03 -1.0506e+03 4.9623e-01 -4.7874e+03
-4.1301e+06 4.2560e+01 -2.3533e+03 -1.0607e+03 1.8045e+00 -4.7478e+03
-4.1451e+06 4.2295e+01 -2.3689e+03 -1.0705e+03 1.5172e+00 -4.7079e+03
-4.1543e+06 4.2009e+01 -2.3846e+03 -1.0799e+03 8.0434e-01 -4.6674e+03
-4.1677e+06 4.1686e+01 -2.4004e+03 -1.0891e+03 6.9417e-01 -4.6264e+03
-4.1677e+06 4.1313e+01 -2.4162e+03 -1.0980e+03 1.2354e+00 -4.5849e+03
-4.1869e+06 4.0951e+01 -2.4321e+03 -1.1065e+03 1.6618e+00 -4.5428e+03
-4.2113e+06 4.0650e+01 -2.4481e+03 -1.1147e+03 1.5782e+00 -4.5002e+03
-4.2521e+06 4.0402e+01 -2.4641e+03 -1.1226e+03 1.0091e+00 -4.4572e+03
-4.2744e+06 4.0173e+01 -2.4802e+03 -1.1301e+03 5.8716e-01 -4.4136e+03
-4.2747e+06 3.9937e+01 -2.4964e+03 -1.1373e+03 2.1467e+00 -4.3696e+03
-4.2576e+06 3.9698e+01 -2.5127e+03 -1.1441e+03 2.7951e+00 -4.3250e+03
-4.2546e+06 3.9447e+01 -2.5290e+03 -1.1505e+03 1.5297e+00 -4.2799e+03
-4.2435e+06 3.9073e+01 -2.5453e+03 -1.1565e+03 1.6466e+00 -4.2346e+03
-4.2468e+06 3.8613e+01 -2.5617e+03 -1.1620e+03 1.4943e+00 -4.1885e+03
-4.2488e+06 3.8238e+01 -2.5782e+03 -1.1672e+03 2.6790e+00 -4.1423e+03
-4.2773e+06 3.7641e+01 -2.5947e+03 -1.1720e+03 3.3934e+00 -4.0956e+03
-4.3355e+06 3.6799e+01 -2.6112e+03 -1.1763e+03 -6.1509e-01 -4.0482e+03
-4.3847e+06 3.6353e+01 -2.6278e+03 -1.1802e+03 -3.0595e+00 -4.0005e+03
-4.3951e+06 3.6308e+01 -2.6444e+03 -1.1836e+03 -2.3328e+00 -3.9523e+03
-4.3942e+06 3.6309e+01 -2.6610e+03 -1.1866e+03 -1.2718e+00 -3.9037e+03
-4.3744e+06 3.6327e+01 -2.6777e+03 -1.1891e+03 5.5328e-01 -3.8548e+03
-4.3496e+06 3.6339e+01 -2.6944e+03 -1.1911e+03 3.4090e+00 -3.8054e+03
-4.3309e+06 3.6335e+01 -2.7111e+03 -1.1927e+03 6.7101e+00 -3.7559e+03
-4.3576e+06 3.6104e+01 -2.7278e+03 -1.1937e+03 7.5025e+00 -3.7062e+03
-4.4309e+06 3.5111e+01 -2.7445e+03 -1.1942e+03 2.9908e+00 -3.6564e+03
-4.5264e+06 3.3638e+01 -2.7612e+03 -1.1943e+03 -4.3225e+00 -3.6041e+03
-4.5722e+06 3.2690e+01 -2.7779e+03 -1.1938e+03 -4.3351e+00 -3.5548e+03
-4.5827e+06 3.2421e+01 -2.7947e+03 -1.1927e+03 -1.4716e+00 -3.4920e+03
-4.5742e+06 3.2388e+01 -2.8113e+03 -1.1912e+03 -3.0585e+00 -3.4496e+03
-4.0921e+06 4.3701e+01 -2.2747e+03 -1.0403e+03 2.6736e+00 -4.9155e+03
-4.1054e+06 4.3245e+01 -2.2901e+03 -1.0513e+03 1.2232e+00 -4.8822e+03
-4.1206e+06 4.2983e+01 -2.3055e+03 -1.0620e+03 -1.0652e-01 -4.8393e+03
-4.1333e+06 4.2821e+01 -2.3210e+03 -1.0724e+03 1.2125e-01 -4.8007e+03
-4.1361e+06 4.2615e+01 -2.3366e+03 -1.0826e+03 2.6474e-01 -4.7612e+03
-4.1495e+06 4.2326e+01 -2.3522e+03 -1.0925e+03 -7.1352e-02 -4.7213e+03
-4.1543e+06 4.1984e+01 -2.3680e+03 -1.1020e+03 -2.2911e-02 -4.6806e+03
-4.1622e+06 4.1609e+01 -2.3838e+03 -1.1113e+03 2.4740e-01 -4.6395e+03
-4.1592e+06 4.1237e+01 -2.3998e+03 -1.1203e+03 1.8441e+00 -4.5979e+03
-4.1870e+06 4.0925e+01 -2.4158e+03 -1.1289e+03 1.3561e+00 -4.5557e+03
-4.2293e+06 4.0671e+01 -2.4318e+03 -1.1372e+03 -1.0329e+00 -4.5131e+03
-4.2810e+06 4.0425e+01 -2.4480e+03 -1.1451e+03 -2.4616e+00 -4.4700e+03
-4.3346e+06 4.0174e+01 -2.4642e+03 -1.1527e+03 -7.1397e+00 -4.4262e+03
-4.3381e+06 3.9928e+01 -2.4805e+03 -1.1599e+03 -6.0248e+00 -4.3820e+03
-4.2791e+06 3.9700e+01 -2.4968e+03 -1.1668e+03 6.0278e-01 -4.3373e+03
-4.2487e+06 3.9466e+01 -2.5133e+03 -1.1732e+03 2.2815e+00 -4.2922e+03
-4.2160e+06 3.9114e+01 -2.5297e+03 -1.1793e+03 3.6225e+00 -4.2467e+03
-4.2077e+06 3.8676e+01 -2.5463e+03 -1.1849e+03 3.7387e+00 -4.2005e+03
-4.2059e+06 3.8284e+01 -2.5629e+03 -1.1902e+03 5.0243e+00 -4.1540e+03
-4.2309e+06 3.7612e+01 -2.5795e+03 -1.1950e+03 6.7696e+00 -4.1072e+03
-4.3015e+06 3.6733e+01 -2.5962e+03 -1.1993e+03 1.9381e+00 -4.0598e+03
-4.3721e+06 3.6327e+01 -2.6129e+03 -1.2033e+03 -2.3414e+00 -4.0119e+03
-4.3944e+06 3.6311e+01 -2.6297e+03 -1.2067e+03 -2.1801e+00 -3.9636e+03
-4.4042e+06 3.6264e+01 -2.6465e+03 -1.2097e+03 -1.1947e+00 -3.9150e+03
-4.4071e+06 3.6010e+01 -2.6633e+03 -1.2122e+03 -7.3632e-01 -3.8659e+03
-4.4095e+06 3.5620e+01 -2.6801e+03 -1.2143e+03 6.4764e-01 -3.8166e+03
-4.4028e+06 3.5417e+01 -2.6970e+03 -1.2158e+03 4.8013e+00 -3.7669e+03
-4.4429e+06 3.4860e+01 -2.7139e+03 -1.2169e+03 4.7231e+00 -3.7168e+03
-4.5291e+06 3.3566e+01 -2.7308e+03 -1.2174e+03 -2.1938e+00 -3.6668e+03
-4.5913e+06 3.2594e+01 -2.7477e+03 -1.2174e+03 -6.5389e+00 -3.6143e+03
-4.5942e+06 3.2385e+01 -2.7646e+03 -1.2169e+03 -2.6240e+00 -3.5650e+03
-4.5871e+06 3.2388e+01 -2.7815e+03 -1.2159e+03 2.8255e-01 -3.5021e+03
-4.5746e+06 3.2386e+01 -2.7984e+03 -1.2143e+03 -2.4584e+00 -3.4595e+03
-4.0992e+06 4.3706e+01 -2.2575e+03 -1.0620e+03 -7.4067e-01 -4.9288e+03
-4.1104e+06 4.3315e+01 -2.2728e+03 -1.0731e+03 -2.2927e+00 -4.8956e+03
-4.1114e+06 4.3057e+01 -2.2883e+03 -1.0839e+03 -2.2240e+00 -4.8525e+03
-4.1277e+06 4.2852e+01 -2.3039e+03 -1.0944e+03 -1.7173e+00 -4.8137e+03
-4.1316e+06 4.2593e+01 -2.3196e+03 -1.1046e+03 -1.2517e+00 -4.7741e+03
-4.1502e+06 4.2249e+01 -2.3353e+03 -1.1146e+03 -7.8290e-01 -4.7341e+03
-4.1533e+06 4.1860e+01 -2.3511e+03 -1.1243e+03 -4.5975e-01 -4.6933e+03
-4.1607e+06 4.1481e+01 -2.3671e+03 -1.1336e+03 3.2511e-01 -4.6522e+03
-4.1565e+06 4.1158e+01 -2.3831e+03 -1.1427e+03 2.4311e+00 -4.6104e+03
-4.1941e+06 4.0903e+01 -2.3992e+03 -1.1514e+03 8.2666e-01 -4.5682e+03
-4.2370e+06 4.0668e+01 -2.4153e+03 -1.1598e+03 -1.7857e+00 -4.5255e+03
-4.2768e+06 4.0413e+01 -2.4316e+03 -1.1678e+03 -1.7587e+00 -4.4822e+03
-4.3238e+06 4.0158e+01 -2.4479e+03 -1.1755e+03 -6.2783e+00 -4.4385e+03
-4.3370e+06 3.9925e+01 -2.4643e+03 -1.1828e+03 -7.2173e+00 -4.3942e+03
-4.3036e+06 3.9705e+01 -2.4807e+03 -1.1897e+03 -4.1850e+00 -4.3495e+03
-4.2742e+06 3.9459e+01 -2.4973e+03 -1.1962e+03 -2.4811e+00 -4.3042e+03
-4.2202e+06 3.9097e+01 -2.5139e+03 -1.2023e+03 2.0211e+00 -4.2584e+03
-4.2044e+06 3.8662e+01 -2.5305e+03 -1.2080e+03 2.9962e+00 -4.2123e+03
-4.2096e+06 3.8247e+01 -2.5473e+03 -1.2133e+03 3.4126e+00 -4.1656e+03
-4.2390e+06 3.7574e+01 -2.5640e+03 -1.2182e+03 5.0764e+00 -4.1185e+03
-4.3041e+06 3.6743e+01 -2.5808e+03 -1.2226e+03 1.4033e+00 -4.0710e+03
-4.3677e+06 3.6345e+01 -2.5977e+03 -1.2265e+03 -1.5694e+00 -4.0230e+03
-4.3811e+06 3.6309e+01 -2.6146e+03 -1.2300e+03 3.7174e-01 -3.9747e+03
-4.3922e+06 3.6247e+01 -2.6316e+03 -1.2331e+03 2.2686e+00 -3.9260e+03
-4.4361e+06 3.5472e+01 -2.6486e+03 -1.2356e+03 -1.4295e+00 -3.8768e+03
-4.5008e+06 3.4129e+01 -2.6656e+03 -1.2377e+03 -6.3705e+00 -3.8272e+03
-4.5219e+06 3.3455e+01 -2.6826e+03 -1.2392e+03 -4.0326e+00 -3.7772e+03
-4.5517e+06 3.3098e+01 -2.6997e+03 -1.2403e+03 -2.2653e+00 -3.7271e+03
-4.5894e+06 3.2566e+01 -2.7168e+03 -1.2408e+03 -4.3355e+00 -3.6771e+03
-4.6030e+06 3.2368e+01 -2.7339e+03 -1.2408e+03 -4.2748e+00 -3.6245e+03
-4.5875e+06 3.2387e+01 -2.7510e+03 -1.2403e+03 -5.9488e-01 -3.5750e+03
-4.5787e+06 3.2385e+01 -2.7681e+03 -1.2392e+03 7.5907e-01 -3.5119e+03
-4.5668e+06 3.2387e+01 -2.7852e+03 -1.2376e+03 -2.8256e+00 -3.4691e+03
-4.1006e+06 4.3667e+01 -2.2400e+03 -1.0838e+03 -1.6557e+00 -4.9417e+03
-4.0939e+06 4.3331e+01 -2.2554e+03 -1.0950e+03 -3.5442e+00 -4.9084e+03
-4.0783e+06 4.3088e+01 -2.2709e+03 -1.1059e+03 -3.8852e-01 -4.8654e+03
-4.0861e+06 4.2851e+01 -2.2866e+03 -1.1165e+03 -4.9333e-01 -4.8265e+03
-4.1228e+06 4.2534e+01 -2.3023e+03 -1.1269e+03 -2.9444e+00 -4.7869e+03
-4.1448e+06 4.2136e+01 -2.3181e+03 -1.1369e+03 -1.7454e+00 -4.7467e+03
-4.1550e+06 4.1734e+01 -2.3340e+03 -1.1467e+03 -5.5337e-01 -4.7058e+03
-4.1575e+06 4.1389e+01 -2.3500e+03 -1.1561e+03 5.1782e-01 -4.6646e+03
-4.1692e+06 4.1116e+01 -2.3661e+03 -1.1653e+03 1.2194e+00 -4.6227e+03
-4.2111e+06 4.0891e+01 -2.3823e+03 -1.1741e+03 -2.6229e+00 -4.5804e+03
-4.2387e+06 4.0659e+01 -2.3985e+03 -1.1826e+03 -2.7305e+00 -4.5376e+03
-4.2336e+06 4.0401e+01 -2.4149e+03 -1.1907e+03 2.4993e+00 -4.4942e+03
-4.2393e+06 4.0155e+01 -2.4313e+03 -1.1984e+03 3.2614e+00 -4.4504e+03
-4.2560e+06 3.9932e+01 -2.4478e+03 -1.2058e+03 1.3277e+00 -4.4059e+03
-4.2776e+06 3.9706e+01 -2.4644e+03 -1.2128e+03 -2.4365e+00 -4.3611e+03
-4.2699e+06 3.9445e+01 -2.4810e+03 -1.2194e+03 -3.4005e+00 -4.3158e+03
-4.2306e+06 3.9093e+01 -2.4977e+03 -1.2256e+03 7.8450e-01 -4.2700e+03
-4.2202e+06 3.8686e+01 -2.5145e+03 -1.2313e+03 1.8970e+00 -4.2238e+03
-4.2397e+06 3.8236e+01 -2.5314e+03 -1.2367e+03 1.7087e+00 -4.1769e+03
-4.2800e+06 3.7532e+01 -2.5483e+03 -1.2416e+03 1.6235e+00 -4.1297e+03
-4.3361e+06 3.6751e+01 -2.5652e+03 -1.2460e+03 -1.0106e+00 -4.0822e+03
-4.3712e+06 3.6365e+01 -2.5822e+03 -1.2500e+03 -1.4531e+00 -4.0340e+03
-4.3704e+06 3.6307e+01 -2.5993e+03 -1.2536e+03 2.2680e+00 -3.9855e+03
-4.3765e+06 3.6329e+01 -2.6164e+03 -1.2566e+03 6.0963e+00 -3.9366e+03
-4.4454e+06 3.5377e+01 -2.6336e+03 -1.2592e+03 2.1847e+00 -3.8872e+03
-4.5497e+06 3.3421e+01 -2.6507e+03 -1.2613e+03 -6.2494e+00 -3.8374e+03
-4.5913e+06 3.2417e+01 -2.6680e+03 -1.2629e+03 -5.9019e+00 -3.7873e+03
-4.5942e+06 3.2368e+01 -2.6852e+03 -1.2639e+03 -2.6241e+00 -3.7373e+03
-4.5919e+06 3.2364e+01 -2.7025e+03 -1.2645e+03 -1.9807e+00 -3.6872e+03
-4.5848e+06 3.2385e+01 -2.7197e+03 -1.2645e+03 -2.0430e+00 -3.6344e+03
-4.5742e+06 3.2384e+01 -2.7370e+03 -1.2639e+03 -1.6669e-01 -3.5848e+03
-4.5685e+06 3.2385e+01 -2.7543e+03 -1.2628e+03 4.6209e-01 -3.5214e+03
-4.5565e+06 3.2388e+01 -2.7716e+03 -1.2612e+03 -3.6381e+00 -3.4785e+03
-4.0791e+06 4.3644e+01 -2.2222e+03 -1.1058e+03 -2.4460e+00 -4.9545e+03
-4.0651e+06 4.3355e+01 -2.2377e+03 -1.1170e+03 -3.9002e+00 -4.9210e+03
-3.9924e+06 4.3110e+01 -2.2533e+03 -1.1280e+03 7.3597e+00 -4.8777e+03
-4.0083e+06 4.2823e+01 -2.2690e+03 -1.1388e+03 7.9589e+00 -4.8389e+03
-4.0929e+06 4.2454e+01 -2.2847e+03 -1.1492e+03 -1.8907e+00 -4.7993e+03
-4.1378e+06 4.2036e+01 -2.3006e+03 -1.1594e+03 -2.3008e+00 -4.7590e+03
-4.1433e+06 4.1651e+01 -2.3166e+03 -1.1693e+03 -1.9811e-01 -4.7181e+03
-4.1553e+06 4.1347e+01 -2.3327e+03 -1.1788e+03 5.6633e-01 -4.6766e+03
-4.1708e+06 4.1111e+01 -2.3488e+03 -1.1880e+03 5.8060e-01 -4.6347e+03
-4.2108e+06 4.0906e+01 -2.3651e+03 -1.1969e+03 -3.4000e+00 -4.5924e+03
-4.2223e+06 4.0676e+01 -2.3815e+03 -1.2055e+03 -3.0376e+00 -4.5494e+03
-4.2070e+06 4.0417e+01 -2.3979e+03 -1.2137e+03 1.7602e+00 -4.5060e+03
-4.1980e+06 4.0170e+01 -2.4144e+03 -1.2215e+03 3.2203e+00 -4.4620e+03
-4.2101e+06 3.9936e+01 -2.4310e+03 -1.2290e+03 2.6923e+00 -4.4175e+03
-4.2251e+06 3.9690e+01 -2.4477e+03 -1.2360e+03 1.2395e+00 -4.3726e+03
-4.2292e+06 3.9412e+01 -2.4644e+03 -1.2427e+03 6.1115e-01 -4.3271e+03
-4.2257e+06 3.9079e+01 -2.4813e+03 -1.2490e+03 1.0722e+00 -4.2812e+03
-4.2435e+06 3.8694e+01 -2.4982e+03 -1.2548e+03 7.7828e-01 -4.2348e+03
-4.2765e+06 3.8156e+01 -2.5152e+03 -1.2602e+03 4.6261e-01 -4.1879e+03
-4.3267e+06 3.7357e+01 -2.5322e+03 -1.2652e+03 -1.1878e+00 -4.1406e+03
-4.3687e+06 3.6662e+01 -2.5493e+03 -1.2697e+03 -3.2521e+00 -4.0929e+03
-4.3838e+06 3.6404e+01 -2.5665e+03 -1.2737e+03 -2.2472e+00 -4.0446e+03
-4.3782e+06 3.6351e+01 -2.5837e+03 -1.2773e+03 8.2723e-01 -3.9960e+03
-4.3911e+06 3.6235e+01 -2.6009e+03 -1.2804e+03 4.5507e+00 -3.9470e+03
-4.4628e+06 3.5169e+01 -2.6182e+03 -1.2830e+03 2.5730e+00 -3.8976e+03
-4.5721e+06 3.3293e+01 -2.6356e+03 -1.2851e+03 -4.4697e+00 -3.8476e+03
-4.6102e+06 3.2390e+01 -2.6530e+03 -1.2867e+03 -4.0110e+00 -3.7974e+03
-4.5951e+06 3.2385e+01 -2.6704e+03 -1.2878e+03 -3.2953e-01 -3.7472e+03
-4.5719e+06 3.2381e+01 -2.6878e+03 -1.2883e+03 3.2740e-01 -3.6968e+03
-4.5624e+06 3.2380e+01 -2.7053e+03 -1.2883e+03 -9.5178e-01 -3.6439e+03
-4.5553e+06 3.2383e+01 -2.7228e+03 -1.2878e+03 -2.1173e-01 -3.5942e+03
-4.5504e+06 3.2385e+01 -2.7403e+03 -1.2867e+03 -4.3495e-01 -3.5307e+03
-4.5266e+06 3.2388e+01 -2.7577e+03 -1.2850e+03 -4.7969e+00 -3.4877e+03
-4.0680e+06 4.3677e+01 -2.2042e+03 -1.1278e+03 -5.3768e+00 -4.9667e+03
-4.0211e+06 4.3395e+01 -2.2197e+03 -1.1392e+03 -3.0390e+00 -4.9334e+03
-3.9538e+06 4.3096e+01 -2.2353e+03 -1.1503e+03 8.1087e+00 -4.8897e+03
-3.9902e+06 4.2743e+01 -2.2511e+03 -1.1612e+03 5.6591e+00 -4.8510e+03
-4.0857e+06 4.2355e+01 -2.2669e+03 -1.1717e+03 -2.6334e+00 -4.8112e+03
-4.1159e+06 4.1962e+01 -2.2829e+03 -1.1820e+03 -1.2450e+00 -4.7707e+03
-4.1252e+06 4.1614e+01 -2.2989e+03 -1.1920e+03 4.6836e-01 -4.7299e+03
-4.1410e+06 4.1350e+01 -2.3151e+03 -1.2016e+03 3.9944e-01 -4.6884e+03
-4.1572e+06 4.1145e+01 -2.3313e+03 -1.2110e+03 8.7553e-01 -4.6465e+03
-4.1794e+06 4.0945e+01 -2.3477e+03 -1.2199e+03 -2.9422e-01 -4.6040e+03
-4.1926e+06 4.0706e+01 -2.3641e+03 -1.2286e+03 -3.3434e-01 -4.5609e+03
-4.1924e+06 4.0437e+01 -2.3806e+03 -1.2369e+03 6.9001e-01 -4.5174e+03
-4.1915e+06 4.0173e+01 -2.3972e+03 -1.2448e+03 5.9335e-01 -4.4733e+03
-4.1975e+06 3.9914e+01 -2.4139e+03 -1.2523e+03 5.3283e-01 -4.4288e+03
-4.2025e+06 3.9640e+01 -2.4307e+03 -1.2595e+03 9.9647e-01 -4.3837e+03
-4.2039e+06 3.9335e+01 -2.4476e+03 -1.2662e+03 1.7924e+00 -4.3381e+03
-4.2227e+06 3.9006e+01 -2.4645e+03 -1.2726e+03 1.2720e+00 -4.2921e+03
-4.2655e+06 3.8614e+01 -2.4816e+03 -1.2785e+03 -9.9931e-02 -4.2456e+03
-4.3097e+06 3.8015e+01 -2.4987e+03 -1.2839e+03 -7.8002e-01 -4.1986e+03
-4.3539e+06 3.7260e+01 -2.5158e+03 -1.2890e+03 -2.3910e+00 -4.1511e+03
-4.3806e+06 3.6802e+01 -2.5331e+03 -1.2935e+03 -3.1334e+00 -4.1033e+03
-4.3830e+06 3.6714e+01 -2.5504e+03 -1.2976e+03 -1.5187e+00 -4.0549e+03
-4.3878e+06 3.6571e+01 -2.5677e+03 -1.3013e+03 -2.1148e-01 -4.0062e+03
-4.4156e+06 3.6132e+01 -2.5851e+03 -1.3044e+03 2.2054e+00 -3.9569e+03
-4.4887e+06 3.4853e+01 -2.6026e+03 -1.3070e+03 1.3836e+00 -3.9074e+03
-4.5861e+06 3.3135e+01 -2.6201e+03 -1.3092e+03 -4.1695e+00 -3.8575e+03
-4.6194e+06 3.2390e+01 -2.6377e+03 -1.3108e+03 -3.8903e+00 -3.8072e+03
-4.5938e+06 3.2384e+01 -2.6552e+03 -1.3119e+03 -1.8026e-01 -3.7567e+03
-4.5589e+06 3.2379e+01 -2.6729e+03 -1.3124e+03 1.0176e+00 -3.7062e+03
-4.5444e+06 3.2379e+01 -2.6905e+03 -1.3125e+03 -4.8444e-01 -3.6531e+03
-4.5357e+06 3.2382e+01 -2.7082e+03 -1.3119e+03 -4.3048e-01 -3.6033e+03
-4.5197e+06 3.2385e+01 -2.7259e+03 -1.3108e+03 -1.2360e+00 -3.5397e+03
-4.4706e+06 3.2387e+01 -2.7436e+03 -1.3091e+03 -4.3566e+00 -3.4966e+03
-4.0345e+06 4.3701e+01 -2.1859e+03 -1.1501e+03 -3.5741e+00 -4.9785e+03
-3.9548e+06 4.3369e+01 -2.2015e+03 -1.1615e+03 8.8282e+00 -4.9451e+03
-3.9388e+06 4.2995e+01 -2.2172e+03 -1.1728e+03 1.1245e+01 -4.9015e+03
-4.0386e+06 4.2616e+01 -2.2330e+03 -1.1837e+03 -2.6685e+00 -4.8630e+03
-4.0903e+06 4.2257e+01 -2.2489e+03 -1.1944e+03 -4.9114e+00 -4.8230e+03
-4.0961e+06 4.1912e+01 -2.2649e+03 -1.2048e+03 3.0946e-01 -4.7822e+03
-4.1029e+06 4.1614e+01 -2.2810e+03 -1.2148e+03 6.6624e-01 -4.7414e+03
-4.1261e+06 4.1390e+01 -2.2972e+03 -1.2246e+03 1.8545e-01 -4.6998e+03
-4.1424e+06 4.1195e+01 -2.3135e+03 -1.2340e+03 1.7355e-01 -4.6578e+03
-4.1644e+06 4.0972e+01 -2.3299e+03 -1.2431e+03 -1.2199e-01 -4.6152e+03
-4.1791e+06 4.0705e+01 -2.3464e+03 -1.2518e+03 -1.4656e-01 -4.5720e+03
-4.1887e+06 4.0416e+01 -2.3631e+03 -1.2602e+03 8.1455e-02 -4.5284e+03
-4.1898e+06 4.0131e+01 -2.3798e+03 -1.2682e+03 4.1534e-01 -4.4842e+03
-4.1955e+06 3.9851e+01 -2.3966e+03 -1.2759e+03 5.5516e-01 -4.4396e+03
-4.2001e+06 3.9554e+01 -2.4134e+03 -1.2831e+03 5.2849e-01 -4.3944e+03
-4.2046e+06 3.9243e+01 -2.4304e+03 -1.2899e+03 1.3301e+00 -4.3488e+03
-4.2281e+06 3.8952e+01 -2.4475e+03 -1.2963e+03 1.3350e+00 -4.3026e+03
-4.2776e+06 3.8604e+01 -2.4646e+03 -1.3023e+03 1.9285e-01 -4.2560e+03
-4.3231e+06 3.8071e+01 -2.4818e+03 -1.3078e+03 -5.7227e-01 -4.2089e+03
-4.3578e+06 3.7528e+01 -2.4991e+03 -1.3129e+03 -1.2511e+00 -4.1614e+03
-4.3685e+06 3.7321e+01 -2.5165e+03 -1.3176e+03 -5.9253e-01 -4.1134e+03
-4.3665e+06 3.7290e+01 -2.5339e+03 -1.3217e+03 1.3981e+00 -4.0649e+03
-4.3795e+06 3.7003e+01 -2.5514e+03 -1.3254e+03 2.9290e+00 -4.0160e+03
-4.4264e+06 3.6214e+01 -2.5690e+03 -1.3286e+03 4.4994e+00 -3.9667e+03
-4.5101e+06 3.4645e+01 -2.5866e+03 -1.3313e+03 2.3383e+00 -3.9173e+03
-4.5996e+06 3.3006e+01 -2.6043e+03 -1.3335e+03 -3.1127e+00 -3.8671e+03
-4.6228e+06 3.2388e+01 -2.6220e+03 -1.3351e+03 -3.4781e+00 -3.8165e+03
-4.5955e+06 3.2384e+01 -2.6398e+03 -1.3362e+03 -6.7187e-01 -3.7659e+03
-4.5574e+06 3.2380e+01 -2.6576e+03 -1.3368e+03 7.0005e-01 -3.7153e+03
-4.5348e+06 3.2379e+01 -2.6754e+03 -1.3368e+03 -5.5019e-01 -3.6622e+03
-4.5132e+06 3.2382e+01 -2.6933e+03 -1.3363e+03 -9.2866e-01 -3.6122e+03
-4.4701e+06 3.2385e+01 -2.7112e+03 -1.3351e+03 -7.8892e-01 -3.5485e+03
-4.3883e+06 3.2385e+01 -2.7291e+03 -1.3335e+03 -4.9312e-01 -3.5052e+03
-4.0092e+06 4.3633e+01 -2.1674e+03 -1.1724e+03 2.0014e-01 -4.9903e+03
-3.9306e+06 4.3251e+01 -2.1830e+03 -1.1840e+03 1.3255e+01 -4.9566e+03
-3.9639e+06 4.2862e+01 -2.1987e+03 -1.1953e+03 1.2734e+01 -4.9130e+03
-4.0533e+06 4.2523e+01 -2.2146e+03 -1.2064e+03 -2.2946e+00 -4.8740e+03
-4.0831e+06 4.2212e+01 -2.2305e+03 -1.2172e+03 -2.5862e+00 -4.8341e+03
-4.0693e+06 4.1911e+01 -2.2466e+03 -1.2276e+03 1.5283e+00 -4.7937e+03
-4.0903e+06 4.1653e+01 -2.2627e+03 -1.2378e+03 7.8039e-01 -4.7525e+03
-4.1071e+06 4.1442e+01 -2.2790e+03 -1.2477e+03 4.7487e-01 -4.7109e+03
-4.1380e+06 4.1222e+01 -2.2954e+03 -1.2572e+03 -1.0163e-02 -4.6687e+03
-4.1585e+06 4.0958e+01 -2.3119e+03 -1.2664e+03 -7.0900e-01 -4.6260e+03
-4.1821e+06 4.0656e+01 -2.3285e+03 -1.2752e+03 -1.0587e+00 -4.5828e+03
-4.1873e+06 4.0343e+01 -2.3452e+03 -1.2837e+03 -8.6466e-01 -4.5391e+03
-4.1958e+06 4.0045e+01 -2.3620e+03 -1.2918e+03 -1.6251e-01 -4.4948e+03
-4.1991e+06 3.9754e+01 -2.3789e+03 -1.2995e+03 3.9106e-01 -4.4501e+03
-4.2106e+06 3.9453e+01 -2.3959e+03 -1.3069e+03 6.1009e-01 -4.4049e+03
-4.2177e+06 3.9167e+01 -2.4129e+03 -1.3138e+03 8.7369e-01 -4.3591e+03
-4.2458e+06 3.8939e+01 -2.4301e+03 -1.3203e+03 9.6959e-01 -4.3129e+03
-4.2832e+06 3.8653e+01 -2.4474e+03 -1.3263e+03 7.3308e-01 -4.2662e+03
-4.3299e+06 3.8195e+01 -2.4647e+03 -1.3319e+03 -8.4790e-02 -4.2190e+03
-4.3579e+06 3.7800e+01 -2.4821e+03 -1.3371e+03 -6.5715e-01 -4.1714e+03
-4.3677e+06 3.7690e+01 -2.4996e+03 -1.3418e+03 2.3596e-01 -4.1232e+03
-4.3587e+06 3.7645e+01 -2.5172e+03 -1.3460e+03 3.6538e+00 -4.0747e+03
-4.3834e+06 3.7044e+01 -2.5349e+03 -1.3498e+03 6.0146e+00 -4.0257e+03
-4.4681e+06 3.5482e+01 -2.5526e+03 -1.3530e+03 2.1699e+00 -3.9764e+03
-4.5749e+06 3.3663e+01 -2.5703e+03 -1.3557e+03 -3.4813e+00 -3.9267e+03
-4.6219e+06 3.2627e+01 -2.5882e+03 -1.3579e+03 -5.1341e+00 -3.8762e+03
-4.6203e+06 3.2387e+01 -2.6061e+03 -1.3596e+03 -3.4488e+00 -3.8256e+03
-4.5907e+06 3.2384e+01 -2.6240e+03 -1.3607e+03 -1.3717e+00 -3.7749e+03
-4.5575e+06 3.2381e+01 -2.6420e+03 -1.3613e+03 2.0774e-02 -3.7243e+03
-4.5290e+06 3.2381e+01 -2.6600e+03 -1.3614e+03 -1.1829e+00 -3.6710e+03
-4.5000e+06 3.2384e+01 -2.6780e+03 -1.3608e+03 -2.1294e+00 -3.6208e+03
-4.4295e+06 3.2386e+01 -2.6961e+03 -1.3597e+03 -1.8676e-01 -3.5569e+03
-4.3272e+06 3.2386e+01 -2.7142e+03 -1.3580e+03 2.9863e+00 -3.5135e+03
-4.0377e+06 4.3503e+01 -2.1486e+03 -1.1948e+03 -2.3880e+00 -5.0013e+03
-4.0282e+06 4.3126e+01 -2.1642e+03 -1.2065e+03 -6.0619e-01 -4.9675e+03
-4.0485e+06 4.2797e+01 -2.1800e+03 -1.2180e+03 8.6946e-01 -4.9243e+03
-4.0737e+06 4.2518e+01 -2.1959e+03 -1.2292e+03 -1.5577e+00 -4.8850e+03
-4.0640e+06 4.2231e+01 -2.2119e+03 -1.2401e+03 5.5593e-01 -4.8449e+03
-4.0571e+06 4.1944e+01 -2.2280e+03 -1.2507e+03 1.8906e+00 -4.8044e+03
-4.0771e+06 4.1695e+01 -2.2442e+03 -1.2609e+03 9.9193e-01 -4.7633e+03
-4.0967e+06 4.1463e+01 -2.2606e+03 -1.2709e+03 7.7087e-01 -4.7216e+03
-4.1245e+06 4.1202e+01 -2.2770e+03 -1.2805e+03 2.6736e-01 -4.6794e+03
-4.1480e+06 4.0896e+01 -2.2936e+03 -1.2898e+03 -2.5067e-01 -4.6366e+03
-4.1719e+06 4.0564e+01 -2.3103e+03 -1.2988e+03 -6.8220e-01 -4.5934e+03
-4.1821e+06 4.0245e+01 -2.3270e+03 -1.3074e+03 -9.1892e-01 -4.5495e+03
-4.1971e+06 3.9956e+01 -2.3439e+03 -1.3156e+03 -6.9069e-01 -4.5051e+03
-4.2077e+06 3.9670e+01 -2.3609e+03 -1.3234e+03 -1.9558e-01 -4.4603e+03
-4.2201e+06 3.9377e+01 -2.3780e+03 -1.3308e+03 5.0455e-01 -4.4150e+03
-4.2287e+06 3.9117e+01 -2.3952e+03 -1.3378e+03 8.5822e-01 -4.3691e+03
-4.2572e+06 3.8919e+01 -2.4124e+03 -1.3444e+03 9.4619e-01 -4.3228e+03
-4.2926e+06 3.8638e+01 -2.4298e+03 -1.3505e+03 9.3085e-01 -4.2760e+03
-4.3405e+06 3.8168e+01 -2.4473e+03 -1.3562e+03 -1.9216e-01 -4.2287e+03
-4.3705e+06 3.7783e+01 -2.4648e+03 -1.3614e+03 -1.0222e+00 -4.1810e+03
-4.3844e+06 3.7662e+01 -2.4824e+03 -1.3662e+03 -7.1267e-01 -4.1328e+03
-4.3785e+06 3.7590e+01 -2.5001e+03 -1.3705e+03 3.0694e+00 -4.0841e+03
-4.4243e+06 3.6476e+01 -2.5179e+03 -1.3743e+03 3.1271e+00 -4.0349e+03
-4.5379e+06 3.4158e+01 -2.5358e+03 -1.3776e+03 -6.0197e+00 -3.9854e+03
-4.6125e+06 3.2633e+01 -2.5537e+03 -1.3804e+03 -9.2634e+00 -3.9355e+03
-4.6106e+06 3.2381e+01 -2.5717e+03 -1.3826e+03 -5.0228e+00 -3.8851e+03
-4.5969e+06 3.2385e+01 -2.5898e+03 -1.3843e+03 -2.2618e+00 -3.8346e+03
-4.5751e+06 3.2384e+01 -2.6079e+03 -1.3855e+03 -1.1831e+00 -3.7837e+03
-4.5563e+06 3.2383e+01 -2.6260e+03 -1.3861e+03 -8.8621e-01 -3.7328e+03
-4.5309e+06 3.2385e+01 -2.6442e+03 -1.3862e+03 -2.8106e+00 -3.6794e+03
-4.4906e+06 3.2387e+01 -2.6625e+03 -1.3856e+03 -3.4370e+00 -3.6292e+03
-4.3990e+06 3.2388e+01 -2.6807e+03 -1.3845e+03 -1.8357e-01 -3.5651e+03
-4.2951e+06 3.2388e+01 -2.6990e+03 -1.3828e+03 1.7531e+00 -3.5214e+03
-4.0928e+06 4.3390e+01 -2.1295e+03 -1.2174e+03 -4.1840e+00 -5.0121e+03
-4.1011e+06 4.3058e+01 -2.1452e+03 -1.2292e+03 -6.5799e+00 -4.9784e+03
-4.1079e+06 4.2795e+01 -2.1610e+03 -1.2408e+03 -4.1278e+00 -4.9350e+03
-4.0885e+06 4.2541e+01 -2.1769e+03 -1.2521e+03 -1.0998e+00 -4.8958e+03
-4.0720e+06 4.2244e+01 -2.1930e+03 -1.2631e+03 1.0131e+00 -4.8555e+03
-4.0602e+06 4.1947e+01 -2.2092e+03 -1.2738e+03 1.3797e+00 -4.8148e+03
-4.0735e+06 4.1688e+01 -2.2254e+03 -1.2842e+03 1.1978e+00 -4.7736e+03
-4.0820e+06 4.1430e+01 -2.2418e+03 -1.2943e+03 1.3098e+00 -4.7319e+03
-4.1025e+06 4.1130e+01 -2.2584e+03 -1.3040e+03 8.9387e-01 -4.6896e+03
-4.1223e+06 4.0792e+01 -2.2750e+03 -1.3134e+03 3.3653e-01 -4.6468e+03
-4.1448e+06 4.0457e+01 -2.2917e+03 -1.3225e+03 1.6507e-01 -4.6035e+03
-4.1582e+06 4.0167e+01 -2.3086e+03 -1.3311e+03 2.0316e-01 -4.5596e+03
-4.1856e+06 3.9910e+01 -2.3255e+03 -1.3394e+03 -1.7988e-01 -4.5151e+03
-4.2133e+06 3.9632e+01 -2.3426e+03 -1.3473e+03 -5.8571e-01 -4.4702e+03
-4.2326e+06 3.9344e+01 -2.3598e+03 -1.3549e+03 -9.6484e-02 -4.4247e+03
-4.2454e+06 3.9102e+01 -2.3771e+03 -1.3619e+03 4.3017e-01 -4.3787e+03
-4.2724e+06 3.8912e+01 -2.3944e+03 -1.3686e+03 9.0329e-01 -4.3323e+03
-4.3075e+06 3.8589e+01 -2.4119e+03 -1.3748e+03 1.0927e+00 -4.2854e+03
-4.3554e+06 3.8021e+01 -2.4295e+03 -1.3806e+03 -2.7165e-01 -4.2381e+03
-4.3880e+06 3.7565e+01 -2.4472e+03 -1.3859e+03 -1.1119e+00 -4.1903e+03
-4.4020e+06 3.7418e+01 -2.4649e+03 -1.3908e+03 -7.4396e-01 -4.1420e+03
-4.4054e+06 3.7304e+01 -2.4827e+03 -1.3951e+03 1.3243e+00 -4.0930e+03
-4.4488e+06 3.6244e+01 -2.5007e+03 -1.3990e+03 3.7267e-01 -4.0438e+03
-4.5291e+06 3.4128e+01 -2.5187e+03 -1.4023e+03 -5.8998e+00 -3.9943e+03
-4.5696e+06 3.2709e+01 -2.5367e+03 -1.4052e+03 -6.6876e+00 -3.9442e+03
-4.5659e+06 3.2412e+01 -2.5549e+03 -1.4075e+03 -2.9214e+00 -3.8938e+03
-4.5611e+06 3.2384e+01 -2.5731e+03 -1.4092e+03 -7.2978e-01 -3.8430e+03
-4.5562e+06 3.2384e+01 -2.5914e+03 -1.4105e+03 -5.0842e-01 -3.7920e+03
-4.5520e+06 3.2386e+01 -2.6097e+03 -1.4111e+03 -2.0584e+00 -3.7410e+03
-4.5254e+06 3.2388e+01 -2.6281e+03 -1.4112e+03 -4.1580e+00 -3.6876e+03
-4.4661e+06 3.2389e+01 -2.6465e+03 -1.4107e+03 -3.2487e+00 -3.6372e+03
-4.3730e+06 3.2389e+01 -2.6650e+03 -1.4096e+03 -1.1667e+00 -3.5730e+03
-4.2753e+06 3.2391e+01 -2.6835e+03 -1.4079e+03 -4.5146e+00 -3.5292e+03
-4.0977e+06 4.3323e+01 -2.1102e+03 -1.2400e+03 -2.1331e+00 -5.0227e+03
-4.1159e+06 4.3036e+01 -2.1259e+03 -1.2520e+03 -2.8256e+00 -4.9889e+03
-4.1043e+06 4.2794e+01 -2.1418e+03 -1.2637e+03 -1.1107e+00 -4.9452e+03
-4.1027e+06 4.2530e+01 -2.1577e+03 -1.2751e+03 9.9735e-03 -4.9060e+03
-4.0822e+06 4.2213e+01 -2.1738e+03 -1.2862e+03 4.6976e-01 -4.8658e+03
-4.0814e+06 4.1902e+01 -2.1900e+03 -1.2970e+03 7.6336e-01 -4.8251e+03
-4.0721e+06 4.1631e+01 -2.2064e+03 -1.3075e+03 9.9392e-01 -4.7838e+03
-4.0797e+06 4.1349e+01 -2.2228e+03 -1.3177e+03 1.3898e+00 -4.7419e+03
-4.0825e+06 4.1021e+01 -2.2394e+03 -1.3276e+03 1.3334e+00 -4.6995e+03
-4.1027e+06 4.0681e+01 -2.2561e+03 -1.3371e+03 9.4451e-01 -4.6566e+03
-4.1076e+06 4.0381e+01 -2.2729e+03 -1.3463e+03 1.2735e+00 -4.6132e+03
-4.1267e+06 4.0133e+01 -2.2898e+03 -1.3550e+03 2.1267e+00 -4.5692e+03
-4.1628e+06 3.9892e+01 -2.3069e+03 -1.3635e+03 1.3980e+00 -4.5247e+03
-4.2192e+06 3.9615e+01 -2.3240e+03 -1.3715e+03 -4.0166e-01 -4.4797e+03
-4.2471e+06 3.9335e+01 -2.3413e+03 -1.3791e+03 -9.3867e-01 -4.4341e+03
-4.2700e+06 3.9109e+01 -2.3586e+03 -1.3863e+03 -5.1445e-01 -4.3881e+03
-4.2875e+06 3.8905e+01 -2.3761e+03 -1.3930e+03 5.1898e-01 -4.3416e+03
-4.3266e+06 3.8469e+01 -2.3937e+03 -1.3993e+03 7.8158e-01 -4.2946e+03
-4.3746e+06 3.7717e+01 -2.4114e+03 -1.4052e+03 -1.3306e+00 -4.2471e+03
-4.4154e+06 3.7132e+01 -2.4292e+03 -1.4106e+03 -2.3256e+00 -4.1992e+03
-4.4172e+06 3.6968e+01 -2.4470e+03 -1.4155e+03 -5.7834e-01 -4.1508e+03
-4.4215e+06 3.6871e+01 -2.4650e+03 -1.4199e+03 5.8632e-01 -4.1018e+03
-4.4270e+06 3.6416e+01 -2.4831e+03 -1.4239e+03 1.4592e+00 -4.0526e+03
-4.4404e+06 3.5287e+01 -2.5012e+03 -1.4273e+03 2.7278e+00 -4.0029e+03
-4.4665e+06 3.3750e+01 -2.5194e+03 -1.4302e+03 1.1171e+00 -3.9526e+03
-4.5120e+06 3.2679e+01 -2.5377e+03 -1.4325e+03 -2.0611e+00 -3.9021e+03
-4.5343e+06 3.2381e+01 -2.5561e+03 -1.4344e+03 -1.5603e+00 -3.8512e+03
-4.5495e+06 3.2386e+01 -2.5745e+03 -1.4356e+03 -1.3172e+00 -3.8001e+03
-4.5428e+06 3.2388e+01 -2.5931e+03 -1.4363e+03 -3.4875e+00 -3.7490e+03
-4.4930e+06 3.2389e+01 -2.6116e+03 -1.4364e+03 -3.1531e+00 -3.6955e+03
-4.4115e+06 3.2389e+01 -2.6302e+03 -1.4359e+03 -5.2598e-01 -3.6450e+03
-4.3450e+06 3.2391e+01 -2.6489e+03 -1.4348e+03 -3.4192e+00 -3.5806e+03
-4.2383e+06 3.2397e+01 -2.6676e+03 -1.4332e+03 -1.5075e+01 -3.5367e+03
-4.1000e+06 4.3306e+01 -2.0906e+03 -1.2627e+03 -9.5366e-01 -5.0328e+03
-4.1042e+06 4.3039e+01 -2.1064e+03 -1.2748e+03 -1.2429e+00 -4.9989e+03
-4.1056e+06 4.2787e+01 -2.1222e+03 -1.2866e+03 -2.3649e-01 -4.9551e+03
-4.1020e+06 4.2502e+01 -2.1382e+03 -1.2982e+03 -1.8322e-01 -4.9159e+03
-4.0991e+06 4.2165e+01 -2.1543e+03 -1.3094e+03 -2.9642e-01 -4.8756e+03
-4.0926e+06 4.1837e+01 -2.1706e+03 -1.3204e+03 1.1267e-01 -4.8348e+03
-4.0830e+06 4.1542e+01 -2.1870e+03 -1.3310e+03 5.9238e-01 -4.7934e+03
-4.0772e+06 4.1235e+01 -2.2035e+03 -1.3413e+03 9.7725e-01 -4.7516e+03
-4.0813e+06 4.0908e+01 -2.2201e+03 -1.3513e+03 1.1333e+00 -4.7091e+03
-4.0902e+06 4.0607e+01 -2.2369e+03 -1.3609e+03 1.1711e+00 -4.6661e+03
-4.0919e+06 4.0354e+01 -2.2537e+03 -1.3702e+03 1.8713e+00 -4.6226e+03
-4.1105e+06 4.0123e+01 -2.2707e+03 -1.3791e+03 2.6712e+00 -4.5784e+03
-4.1613e+06 3.9876e+01 -2.2878e+03 -1.3876e+03 1.5957e+00 -4.5339e+03
-4.2242e+06 3.9600e+01 -2.3051e+03 -1.3957e+03 -4.3026e-01 -4.4888e+03
-4.2603e+06 3.9336e+01 -2.3224e+03 -1.4034e+03 -1.2139e+00 -4.4432e+03
-4.2822e+06 3.9121e+01 -2.3399e+03 -1.4107e+03 -8.4321e-01 -4.3971e+03
-4.3008e+06 3.8883e+01 -2.3575e+03 -1.4176e+03 3.1181e-01 -4.3505e+03
-4.3378e+06 3.8342e+01 -2.3751e+03 -1.4240e+03 5.1473e-01 -4.3034e+03
-4.3917e+06 3.7426e+01 -2.3929e+03 -1.4299e+03 -2.1614e+00 -4.2558e+03
-4.4365e+06 3.6696e+01 -2.4108e+03 -1.4354e+03 -4.2520e+00 -4.2078e+03
-4.4406e+06 3.6494e+01 -2.4288e+03 -1.4404e+03 -2.6575e+00 -4.1593e+03
-4.4288e+06 3.6469e+01 -2.4469e+03 -1.4449e+03 -1.0459e+00 -4.1103e+03
-4.4012e+06 3.6390e+01 -2.4651e+03 -1.4489e+03 1.4537e+00 -4.0609e+03
-4.3603e+06 3.6114e+01 -2.4834e+03 -1.4524e+03 7.7848e+00 -4.0111e+03
-4.3630e+06 3.5151e+01 -2.5018e+03 -1.4554e+03 9.0343e+00 -3.9607e+03
-4.4431e+06 3.3652e+01 -2.5202e+03 -1.4578e+03 1.5869e+00 -3.9100e+03
-4.5185e+06 3.2637e+01 -2.5387e+03 -1.4597e+03 -3.3418e+00 -3.8591e+03
-4.5494e+06 3.2390e+01 -2.5574e+03 -1.4610e+03 -4.4402e+00 -3.8080e+03
-4.5218e+06 3.2391e+01 -2.5760e+03 -1.4617e+03 -4.8003e+00 -3.7569e+03
-4.4344e+06 3.2390e+01 -2.5948e+03 -1.4618e+03 -1.3079e+00 -3.7030e+03
-4.3593e+06 3.2390e+01 -2.6136e+03 -1.4614e+03 1.1179e+00 -3.6523e+03
-4.3194e+06 3.2397e+01 -2.6324e+03 -1.4603e+03 -7.7788e+00 -3.5877e+03
-4.1407e+06 3.2404e+01 -2.6513e+03 -1.4587e+03 -2.5749e+01 -3.5438e+03
-4.0902e+06 4.3332e+01 -2.0708e+03 -1.2856e+03 -5.4388e-01 -5.0424e+03
-4.0984e+06 4.3045e+01 -2.0865e+03 -1.2978e+03 -7.6269e-01 -5.0086e+03
-4.0961e+06 4.2765e+01 -2.1024e+03 -1.3097e+03 1.1284e-01 -4.9647e+03
-4.1010e+06 4.2447e+01 -2.1184e+03 -1.3214e+03 -3.8230e-01 -4.9254e+03
-4.1016e+06 4.2090e+01 -2.1346e+03 -1.3327e+03 -1.0599e+00 -4.8851e+03
-4.1010e+06 4.1755e+01 -2.1509e+03 -1.3438e+03 -5.4324e-01 -4.8443e+03
-4.0880e+06 4.1449e+01 -2.1673e+03 -1.3546e+03 4.0001e-01 -4.8028e+03
-4.0799e+06 4.1136e+01 -2.1839e+03 -1.3650e+03 8.1853e-01 -4.7608e+03
-4.0818e+06 4.0839e+01 -2.2005e+03 -1.3751e+03 1.0730e+00 -4.7183e+03
-4.0891e+06 4.0588e+01 -2.2173e+03 -1.3848e+03 1.6798e+00 -4.6753e+03
-4.0931e+06 4.0357e+01 -2.2343e+03 -1.3942e+03 2.6814e+00 -4.6316e+03
-4.1196e+06 4.0117e+01 -2.2513e+03 -1.4032e+03 2.5783e+00 -4.5874e+03
-4.1779e+06 3.9866e+01 -2.2685e+03 -1.4118e+03 8.0396e-01 -4.5428e+03
-4.2338e+06 3.9605e+01 -2.2858e+03 -1.4201e+03 -6.6245e-01 -4.4976e+03
-4.2675e+06 3.9359e+01 -2.3033e+03 -1.4279e+03 -1.0759e+00 -4.4519e+03
-4.2869e+06 3.9146e+01 -2.3208e+03 -1.4353e+03 -7.5336e-01 -4.4057e+03
-4.3067e+06 3.8888e+01 -2.3385e+03 -1.4422e+03 3.9405e-01 -4.3590e+03
-4.3389e+06 3.8337e+01 -2.3563e+03 -1.4487e+03 1.2189e+00 -4.3118e+03
-4.3926e+06 3.7392e+01 -2.3742e+03 -1.4548e+03 -1.0980e+00 -4.2642e+03
-4.4394e+06 3.6575e+01 -2.3922e+03 -1.4604e+03 -4.2122e+00 -4.2160e+03
-4.4441e+06 3.6314e+01 -2.4103e+03 -1.4655e+03 -3.3655e+00 -4.1675e+03
-4.4219e+06 3.6316e+01 -2.4285e+03 -1.4701e+03 -2.0823e+00 -4.1184e+03
-4.3916e+06 3.6310e+01 -2.4468e+03 -1.4741e+03 -1.0799e+00 -4.0689e+03
-4.3447e+06 3.6306e+01 -2.4652e+03 -1.4777e+03 3.9585e+00 -4.0190e+03
-4.3294e+06 3.6005e+01 -2.4837e+03 -1.4807e+03 8.4239e+00 -3.9687e+03
-4.3968e+06 3.4725e+01 -2.5023e+03 -1.4832e+03 3.7968e+00 -3.9177e+03
-4.5074e+06 3.3069e+01 -2.5210e+03 -1.4851e+03 -5.4250e+00 -3.8664e+03
-4.5410e+06 3.2393e+01 -2.5398e+03 -1.4865e+03 -7.8880e+00 -3.8154e+03
-4.4785e+06 3.2392e+01 -2.5586e+03 -1.4873e+03 -3.8134e+00 -3.7642e+03
-4.3820e+06 3.2391e+01 -2.5775e+03 -1.4875e+03 -5.1295e-01 -3.7102e+03
-4.3392e+06 3.2396e+01 -2.5965e+03 -1.4871e+03 -4.1591e+00 -3.6596e+03
-4.2883e+06 3.2407e+01 -2.6156e+03 -1.4860e+03 -2.2853e+01 -3.5950e+03
-3.9553e+06 3.2411e+01 -2.6347e+03 -1.4844e+03 -4.6548e+01 -3.5511e+03
-4.0847e+06 4.3330e+01 -2.0506e+03 -1.3085e+03 -4.2739e-01 -5.0518e+03
-4.0787e+06 4.3001e+01 -2.0664e+03 -1.3208e+03 -7.8418e-01 -5.0178e+03
-4.0902e+06 4.2683e+01 -2.0823e+03 -1.3329e+03 1.2969e-01 -4.9739e+03
-4.0881e+06 4.2333e+01 -2.0984e+03 -1.3446e+03 -3.4116e-01 -4.9345e+03
-4.1038e+06 4.1985e+01 -2.1146e+03 -1.3561e+03 -1.0835e+00 -4.8942e+03
-4.0981e+06 4.1686e+01 -2.1309e+03 -1.3673e+03 -6.2789e-01 -4.8533e+03
-4.0988e+06 4.1402e+01 -2.1473e+03 -1.3782e+03 1.8763e-01 -4.8118e+03
-4.0909e+06 4.1105e+01 -2.1639e+03 -1.3888e+03 3.7930e-01 -4.7696e+03
-4.1024e+06 4.0836e+01 -2.1807e+03 -1.3990e+03 6.3982e-01 -4.7270e+03
-4.1045e+06 4.0607e+01 -2.1975e+03 -1.4088e+03 1.4495e+00 -4.6839e+03
-4.1197e+06 4.0371e+01 -2.2145e+03 -1.4183e+03 2.3379e+00 -4.6402e+03
-4.1471e+06 4.0116e+01 -2.2316e+03 -1.4275e+03 1.7690e+00 -4.5960e+03
-4.2019e+06 3.9867e+01 -2.2489e+03 -1.4362e+03 1.1379e-01 -4.5513e+03
-4.2406e+06 3.9625e+01 -2.2663e+03 -1.4446e+03 -5.8368e-01 -4.5060e+03
-4.2708e+06 3.9393e+01 -2.2838e+03 -1.4525e+03 -4.4798e-01 -4.4602e+03
-4.2865e+06 3.9173e+01 -2.3014e+03 -1.4600e+03 -5.2171e-02 -4.4139e+03
-4.3108e+06 3.8875e+01 -2.3191e+03 -1.4670e+03 7.9618e-01 -4.3672e+03
-4.3374e+06 3.8301e+01 -2.3370e+03 -1.4737e+03 1.7168e+00 -4.3199e+03
-4.3915e+06 3.7392e+01 -2.3550e+03 -1.4798e+03 -6.1901e-01 -4.2722e+03
-4.4281e+06 3.6593e+01 -2.3731e+03 -1.4855e+03 -3.0828e+00 -4.2239e+03
-4.4127e+06 3.6315e+01 -2.3914e+03 -1.4907e+03 2.8690e-01 -4.1753e+03
-4.3839e+06 3.6311e+01 -2.4097e+03 -1.4953e+03 1.2903e+00 -4.1262e+03
-4.3782e+06 3.6309e+01 -2.4281e+03 -1.4995e+03 -1.5092e+00 -4.0766e+03
-4.3535e+06 3.6306e+01 -2.4467e+03 -1.5032e+03 -7.7337e-01 -4.0264e+03
-4.3421e+06 3.6183e+01 -2.4653e+03 -1.5063e+03 2.7494e+00 -3.9761e+03
-4.3898e+06 3.5075e+01 -2.4841e+03 -1.5088e+03 2.7197e-01 -3.9252e+03
-4.4933e+06 3.3232e+01 -2.5029e+03 -1.5108e+03 -9.9734e+00 -3.8738e+03
-4.5029e+06 3.2386e+01 -2.5218e+03 -1.5122e+03 -1.0796e+01 -3.8225e+03
-4.4163e+06 3.2392e+01 -2.5409e+03 -1.5131e+03 -1.8009e+00 -3.7711e+03
-4.3442e+06 3.2392e+01 -2.5599e+03 -1.5133e+03 -1.4060e+00 -3.7170e+03
-4.3137e+06 3.2401e+01 -2.5791e+03 -1.5129e+03 -1.4129e+01 -3.6663e+03
-4.1361e+06 3.2410e+01 -2.5983e+03 -1.5119e+03 -3.8294e+01 -3.6021e+03
-3.4839e+06 3.2406e+01 -2.6176e+03 -1.5103e+03 -5.3941e+01 -3.5578e+03
-4.0670e+06 4.3238e+01 -2.0303e+03 -1.3314e+03 -7.8242e-01 -5.0607e+03
-4.0746e+06 4.2894e+01 -2.0460e+03 -1.3439e+03 -1.2475e+00 -5.0268e+03
-4.0740e+06 4.2567e+01 -2.0620e+03 -1.3561e+03 -1.5291e-02 -4.9827e+03
-4.0870e+06 4.2229e+01 -2.0780e+03 -1.3680e+03 1.8806e-01 -4.9433e+03
-4.0935e+06 4.1933e+01 -2.0942e+03 -1.3796e+03 -7.1330e-02 -4.9028e+03
-4.1028e+06 4.1686e+01 -2.1106e+03 -1.3909e+03 6.6684e-02 -4.8618e+03
-4.1047e+06 4.1419e+01 -2.1271e+03 -1.4020e+03 1.2321e-01 -4.8203e+03
-4.1176e+06 4.1127e+01 -2.1437e+03 -1.4126e+03 -8.1241e-02 -4.7781e+03
-4.1290e+06 4.0867e+01 -2.1605e+03 -1.4230e+03 -4.7828e-02 -4.7355e+03
-4.1424e+06 4.0639e+01 -2.1774e+03 -1.4330e+03 2.0757e-01 -4.6923e+03
-4.1581e+06 4.0391e+01 -2.1944e+03 -1.4426e+03 3.5258e-01 -4.6485e+03
-4.1879e+06 4.0119e+01 -2.2116e+03 -1.4518e+03 4.8275e-02 -4.6042e+03
-4.2204e+06 3.9865e+01 -2.2289e+03 -1.4607e+03 -4.2197e-01 -4.5594e+03
-4.2487e+06 3.9636e+01 -2.2463e+03 -1.4691e+03 -3.2088e-01 -4.5141e+03
-4.2690e+06 3.9412e+01 -2.2639e+03 -1.4772e+03 9.3232e-02 -4.4682e+03
-4.2895e+06 3.9170e+01 -2.2816e+03 -1.4848e+03 4.9246e-01 -4.4219e+03
-4.3132e+06 3.8803e+01 -2.2995e+03 -1.4920e+03 8.1617e-01 -4.3750e+03
-4.3459e+06 3.8158e+01 -2.3174e+03 -1.4987e+03 9.5763e-01 -4.3276e+03
-4.3924e+06 3.7266e+01 -2.3355e+03 -1.5049e+03 -1.5790e+00 -4.2799e+03
-4.4246e+06 3.6548e+01 -2.3537e+03 -1.5107e+03 -3.4890e+00 -4.2316e+03
-4.3990e+06 3.6312e+01 -2.3721e+03 -1.5160e+03 7.0758e-01 -4.1827e+03
-4.3673e+06 3.6309e+01 -2.3905e+03 -1.5208e+03 2.8924e+00 -4.1335e+03
-4.3535e+06 3.6307e+01 -2.4091e+03 -1.5250e+03 9.9914e-01 -4.0838e+03
-4.3396e+06 3.6307e+01 -2.4278e+03 -1.5288e+03 2.9461e-01 -4.0337e+03
-4.3270e+06 3.6274e+01 -2.4466e+03 -1.5319e+03 1.3586e+00 -3.9831e+03
-4.3435e+06 3.5522e+01 -2.4654e+03 -1.5346e+03 1.0810e-01 -3.9322e+03
-4.3953e+06 3.3850e+01 -2.4844e+03 -1.5366e+03 -7.7173e+00 -3.8808e+03
-4.3908e+06 3.2739e+01 -2.5035e+03 -1.5381e+03 -9.0264e+00 -3.8295e+03
-4.3310e+06 3.2576e+01 -2.5227e+03 -1.5390e+03 -2.6329e+00 -3.7781e+03
-4.3075e+06 3.2464e+01 -2.5420e+03 -1.5393e+03 -7.3720e+00 -3.7236e+03
-4.2199e+06 3.2382e+01 -2.5613e+03 -1.5390e+03 -2.1251e+01 -3.6726e+03
-3.7213e+06 3.2396e+01 -2.5807e+03 -1.5380e+03 -2.0199e+01 -3.6084e+03
-2.5417e+06 3.2375e+01 -2.6002e+03 -1.5365e+03 1.3333e+01 -3.5639e+03
-4.0635e+06 4.3122e+01 -2.0096e+03 -1.3545e+03 -1.2866e+00 -5.0693e+03
-4.0640e+06 4.2814e+01 -2.0254e+03 -1.3671e+03 -1.5593e+00 -5.0353e+03
-4.0687e+06 4.2516e+01 -2.0413e+03 -1.3794e+03 1.3649e-02 -4.9911e+03
-4.0775e+06 4.2219e+01 -2.0574e+03 -1.3914e+03 8.2362e-01 -4.9517e+03
-4.0886e+06 4.1967e+01 -2.0736e+03 -1.4032e+03 8.2123e-01 -4.9112e+03
-4.0996e+06 4.1733e+01 -2.0900e+03 -1.4146e+03 4.2167e-01 -4.8701e+03
-4.1126e+06 4.1453e+01 -2.1065e+03 -1.4258e+03 -1.0658e-01 -4.8284e+03
-4.1319e+06 4.1152e+01 -2.1232e+03 -1.4366e+03 -4.4289e-01 -4.7863e+03
-4.1490e+06 4.0888e+01 -2.1400e+03 -1.4470e+03 -4.2781e-01 -4.7436e+03
-4.1669e+06 4.0650e+01 -2.1569e+03 -1.4571e+03 -4.0462e-01 -4.7003e+03
-4.1847e+06 4.0379e+01 -2.1740e+03 -1.4669e+03 -6.4440e-01 -4.6565e+03
-4.2084e+06 4.0083e+01 -2.1912e+03 -1.4763e+03 -8.0438e-01 -4.6122e+03
-4.2277e+06 3.9831e+01 -2.2086e+03 -1.4852e+03 -5.8340e-01 -4.5673e+03
-4.2488e+06 3.9620e+01 -2.2261e+03 -1.4938e+03 -6.0215e-02 -4.5218e+03
-4.2669e+06 3.9397e+01 -2.2438e+03 -1.5020e+03 2.8111e-01 -4.4759e+03
-4.2896e+06 3.9129e+01 -2.2615e+03 -1.5097e+03 4.8672e-01 -4.4294e+03
-4.3142e+06 3.8725e+01 -2.2795e+03 -1.5170e+03 6.8458e-01 -4.3825e+03
-4.3470e+06 3.8041e+01 -2.2975e+03 -1.5238e+03 5.0015e-01 -4.3350e+03
-4.3832e+06 3.7153e+01 -2.3157e+03 -1.5302e+03 -1.3780e+00 -4.2872e+03
-4.4159e+06 3.6501e+01 -2.3340e+03 -1.5361e+03 -3.3029e+00 -4.2388e+03
-4.4125e+06 3.6309e+01 -2.3524e+03 -1.5415e+03 -1.5835e+00 -4.1900e+03
-4.3830e+06 3.6310e+01 -2.3710e+03 -1.5463e+03 5.3329e-01 -4.1406e+03
-4.3504e+06 3.6308e+01 -2.3897e+03 -1.5507e+03 6.8849e-01 -4.0908e+03
-4.3189e+06 3.6308e+01 -2.4085e+03 -1.5545e+03 9.2025e-01 -4.0406e+03
-4.2811e+06 3.6330e+01 -2.4274e+03 -1.5578e+03 1.2439e+00 -3.9899e+03
-4.2319e+06 3.6171e+01 -2.4464e+03 -1.5605e+03 3.0641e+00 -3.9390e+03
-4.1898e+06 3.5206e+01 -2.4656e+03 -1.5626e+03 4.0121e+00 -3.8874e+03
-4.1746e+06 3.4083e+01 -2.4848e+03 -1.5642e+03 3.1924e+00 -3.8357e+03
-4.1799e+06 3.3753e+01 -2.5041e+03 -1.5652e+03 2.1466e+00 -3.7843e+03
-4.2168e+06 3.3293e+01 -2.5236e+03 -1.5655e+03 -9.1433e+00 -3.7302e+03
-4.1008e+06 3.2589e+01 -2.5431e+03 -1.5652e+03 -2.3366e+01 -3.6796e+03
-3.4158e+06 3.2354e+01 -2.5627e+03 -1.5643e+03 -7.5551e-01 -3.6154e+03
-2.0946e+06 3.2348e+01 -2.5824e+03 -1.5628e+03 6.2601e+01 -3.5706e+03
-4.0504e+06 4.3086e+01 -1.9886e+03 -1.3776e+03 -1.4799e+00 -5.0773e+03
-4.0582e+06 4.2825e+01 -2.0044e+03 -1.3903e+03 -1.5316e+00 -5.0433e+03
-4.0555e+06 4.2539e+01 -2.0204e+03 -1.4027e+03 -1.3127e-01 -4.9991e+03
-4.0716e+06 4.2254e+01 -2.0365e+03 -1.4149e+03 5.3980e-01 -4.9596e+03
-4.0773e+06 4.2004e+01 -2.0527e+03 -1.4268e+03 3.7610e-01 -4.9191e+03
-4.0968e+06 4.1752e+01 -2.0691e+03 -1.4384e+03 -3.4018e-01 -4.8779e+03
-4.1101e+06 4.1458e+01 -2.0856e+03 -1.4496e+03 -8.4819e-01 -4.8362e+03
-4.1362e+06 4.1150e+01 -2.1023e+03 -1.4606e+03 -8.5266e-01 -4.7940e+03
-4.1532e+06 4.0874e+01 -2.1192e+03 -1.4712e+03 -5.2982e-01 -4.7512e+03
-4.1757e+06 4.0605e+01 -2.1361e+03 -1.4814e+03 -3.4585e-01 -4.7079e+03
-4.1918e+06 4.0301e+01 -2.1533e+03 -1.4913e+03 -7.4159e-01 -4.6640e+03
-4.2135e+06 3.9999e+01 -2.1705e+03 -1.5008e+03 -1.2121e+00 -4.6196e+03
-4.2278e+06 3.9767e+01 -2.1880e+03 -1.5099e+03 -9.7432e-01 -4.5746e+03
-4.2475e+06 3.9569e+01 -2.2055e+03 -1.5186e+03 -2.6770e-01 -4.5291e+03
-4.2659e+06 3.9334e+01 -2.2232e+03 -1.5269e+03 -1.8621e-01 -4.4831e+03
-4.2897e+06 3.9050e+01 -2.2411e+03 -1.5347e+03 -2.2816e-01 -4.4366e+03
-4.3077e+06 3.8662e+01 -2.2591e+03 -1.5421e+03 6.1068e-01 -4.3896e+03
-4.3409e+06 3.8006e+01 -2.2772e+03 -1.5491e+03 3.6913e-01 -4.3421e+03
-4.3834e+06 3.7132e+01 -2.2955e+03 -1.5556e+03 -2.3014e+00 -4.2941e+03
-4.4215e+06 3.6493e+01 -2.3139e+03 -1.5615e+03 -4.0406e+00 -4.2457e+03
-4.4226e+06 3.6310e+01 -2.3324e+03 -1.5670e+03 -2.5215e+00 -4.1967e+03
-4.4027e+06 3.6312e+01 -2.3511e+03 -1.5720e+03 -2.4750e+00 -4.1473e+03
-4.3660e+06 3.6312e+01 -2.3699e+03 -1.5765e+03 -4.3235e+00 -4.0974e+03
-4.2995e+06 3.6310e+01 -2.3888e+03 -1.5804e+03 -2.0676e+00 -4.0470e+03
-4.2068e+06 3.6309e+01 -2.4079e+03 -1.5838e+03 7.3908e-01 -3.9964e+03
-4.1092e+06 3.6342e+01 -2.4270e+03 -1.5866e+03 3.9615e+00 -3.9455e+03
-4.0187e+06 3.6114e+01 -2.4463e+03 -1.5888e+03 1.0353e+01 -3.8938e+03
-4.0047e+06 3.5677e+01 -2.4657e+03 -1.5904e+03 1.1442e+01 -3.8418e+03
-4.0460e+06 3.5540e+01 -2.4852e+03 -1.5915e+03 8.1647e+00 -3.7901e+03
-4.0973e+06 3.4971e+01 -2.5048e+03 -1.5919e+03 -2.3466e+00 -3.7360e+03
-4.0315e+06 3.3840e+01 -2.5245e+03 -1.5917e+03 -2.0333e+01 -3.6851e+03
-3.5977e+06 3.3346e+01 -2.5443e+03 -1.5908e+03 -1.9138e+01 -3.6205e+03
-2.8582e+06 3.3152e+01 -2.5641e+03 -1.5893e+03 1.7396e+00 -3.5756e+03
-4.0419e+06 4.3122e+01 -1.9674e+03 -1.4007e+03 -5.5033e-01 -5.0851e+03
-4.0366e+06 4.2856e+01 -1.9832e+03 -1.4135e+03 -1.0392e+00 -5.0509e+03
-4.0499e+06 4.2538e+01 -1.9992e+03 -1.4261e+03 -3.8316e-01 -5.0066e+03
-4.0540e+06 4.2236e+01 -2.0153e+03 -1.4384e+03 -5.8365e-02 -4.9671e+03
-4.0724e+06 4.1976e+01 -2.0315e+03 -1.4505e+03 -3.3813e-01 -4.9265e+03
-4.0820e+06 4.1710e+01 -2.0479e+03 -1.4622e+03 -9.6937e-01 -4.8853e+03
-4.1073e+06 4.1407e+01 -2.0645e+03 -1.4736e+03 -1.2899e+00 -4.8435e+03
-4.1259e+06 4.1097e+01 -2.0812e+03 -1.4846e+03 -9.3977e-01 -4.8012e+03
-4.1522e+06 4.0804e+01 -2.0980e+03 -1.4954e+03 -4.6239e-01 -4.7583e+03
-4.1693e+06 4.0507e+01 -2.1150e+03 -1.5057e+03 -5.5929e-01 -4.7149e+03
-4.1917e+06 4.0199e+01 -2.1322e+03 -1.5158e+03 -1.1682e+00 -4.6710e+03
-4.2053e+06 3.9924e+01 -2.1495e+03 -1.5254e+03 -1.5905e+00 -4.6265e+03
-4.2228e+06 3.9708e+01 -2.1670e+03 -1.5346e+03 -1.2511e+00 -4.5815e+03
-4.2359e+06 3.9495e+01 -2.1846e+03 -1.5434e+03 -6.2695e-01 -4.5359e+03
-4.2586e+06 3.9240e+01 -2.2024e+03 -1.5519e+03 -8.4006e-01 -4.4898e+03
-4.2775e+06 3.8965e+01 -2.2203e+03 -1.5598e+03 -1.0533e+00 -4.4432e+03
-4.2949e+06 3.8603e+01 -2.2383e+03 -1.5674e+03 4.9969e-01 -4.3962e+03
-4.3234e+06 3.7963e+01 -2.2566e+03 -1.5744e+03 5.0504e-01 -4.3486e+03
-4.3829e+06 3.7103e+01 -2.2749e+03 -1.5810e+03 -3.3373e+00 -4.3006e+03
-4.4192e+06 3.6486e+01 -2.2934e+03 -1.5871e+03 -5.2864e+00 -4.2520e+03
-4.4165e+06 3.6313e+01 -2.3120e+03 -1.5927e+03 -3.6664e+00 -4.2029e+03
-4.3889e+06 3.6314e+01 -2.3308e+03 -1.5978e+03 -4.2832e+00 -4.1534e+03
-4.3353e+06 3.6313e+01 -2.3497e+03 -1.6024e+03 -5.3368e+00 -4.1035e+03
-4.2318e+06 3.6311e+01 -2.3687e+03 -1.6064e+03 -1.6370e+00 -4.0531e+03
-4.1235e+06 3.6308e+01 -2.3879e+03 -1.6099e+03 2.3604e+00 -4.0025e+03
-4.0246e+06 3.6302e+01 -2.4072e+03 -1.6128e+03 5.6891e+00 -3.9512e+03
-3.9728e+06 3.6296e+01 -2.4266e+03 -1.6151e+03 7.8508e+00 -3.8996e+03
-3.9980e+06 3.6296e+01 -2.4462e+03 -1.6168e+03 3.7465e+00 -3.8479e+03
-4.0438e+06 3.6320e+01 -2.4658e+03 -1.6179e+03 7.1668e-01 -3.7959e+03
-4.0498e+06 3.6116e+01 -2.4856e+03 -1.6184e+03 -1.1950e+00 -3.7414e+03
-4.0136e+06 3.5613e+01 -2.5054e+03 -1.6183e+03 -1.0928e+01 -3.6898e+03
-3.8917e+06 3.5348e+01 -2.5254e+03 -1.6175e+03 -2.4151e+01 -3.6253e+03
-3.7396e+06 3.4645e+01 -2.5455e+03 -1.6161e+03 -4.0843e+01 -3.5805e+03
-4.0236e+06 4.3152e+01 -1.9459e+03 -1.4238e+03 -2.9432e-02 -5.0928e+03
-4.0279e+06 4.2841e+01 -1.9617e+03 -1.4368e+03 -3.8116e-01 -5.0584e+03
-4.0358e+06 4.2482e+01 -1.9777e+03 -1.4496e+03 1.3185e-01 -5.0137e+03
-4.0496e+06 4.2157e+01 -1.9938e+03 -1.4620e+03 1.1782e-01 -4.9742e+03
-4.0616e+06 4.1887e+01 -2.0100e+03 -1.4742e+03 -1.2676e-02 -4.9335e+03
-4.0786e+06 4.1612e+01 -2.0264e+03 -1.4860e+03 -3.2837e-01 -4.8922e+03
-4.1002e+06 4.1304e+01 -2.0430e+03 -1.4976e+03 -6.1950e-01 -4.8504e+03
-4.1239e+06 4.1000e+01 -2.0597e+03 -1.5088e+03 -3.5913e-01 -4.8081e+03
-4.1465e+06 4.0708e+01 -2.0766e+03 -1.5196e+03 -6.4004e-02 -4.7652e+03
-4.1637e+06 4.0413e+01 -2.0936e+03 -1.5301e+03 -2.1801e-01 -4.7217e+03
-4.1828e+06 4.0132e+01 -2.1108e+03 -1.5403e+03 -7.7303e-01 -4.6777e+03
-4.1999e+06 3.9888e+01 -2.1282e+03 -1.5500e+03 -1.0388e+00 -4.6331e+03
-4.2152e+06 3.9670e+01 -2.1457e+03 -1.5594e+03 -4.5760e-01 -4.5880e+03
-4.2219e+06 3.9435e+01 -2.1633e+03 -1.5684e+03 4.9584e-01 -4.5424e+03
-4.2363e+06 3.9186e+01 -2.1812e+03 -1.5769e+03 7.6788e-01 -4.4962e+03
-4.2597e+06 3.8938e+01 -2.1991e+03 -1.5850e+03 4.3351e-01 -4.4496e+03
-4.2878e+06 3.8542e+01 -2.2172e+03 -1.5927e+03 1.0897e+00 -4.4025e+03
-4.3203e+06 3.7805e+01 -2.2355e+03 -1.5999e+03 7.1517e-01 -4.3548e+03
-4.3677e+06 3.6943e+01 -2.2540e+03 -1.6066e+03 -1.6014e+00 -4.3067e+03
-4.3869e+06 3.6430e+01 -2.2725e+03 -1.6128e+03 -1.3601e+00 -4.2580e+03
-4.3804e+06 3.6313e+01 -2.2913e+03 -1.6185e+03 -8.1671e-01 -4.2089e+03
-4.3424e+06 3.6313e+01 -2.3101e+03 -1.6237e+03 -8.3860e-01 -4.1594e+03
-4.2588e+06 3.6311e+01 -2.3291e+03 -1.6284e+03 1.6188e+00 -4.1094e+03
-4.1670e+06 3.6310e+01 -2.3483e+03 -1.6325e+03 2.8872e+00 -4.0589e+03
-4.0935e+06 3.6307e+01 -2.3676e+03 -1.6361e+03 4.1870e+00 -4.0081e+03
-4.0291e+06 3.6302e+01 -2.3870e+03 -1.6391e+03 6.8863e+00 -3.9567e+03
-4.0257e+06 3.6302e+01 -2.4065e+03 -1.6415e+03 3.4558e+00 -3.9049e+03
-4.0644e+06 3.6305e+01 -2.4262e+03 -1.6433e+03 -3.7874e+00 -3.8531e+03
-4.0776e+06 3.6309e+01 -2.4460e+03 -1.6446e+03 -5.1904e+00 -3.8012e+03
-4.0549e+06 3.6326e+01 -2.4659e+03 -1.6451e+03 -3.1046e+00 -3.7468e+03
-4.0202e+06 3.6339e+01 -2.4860e+03 -1.6451e+03 -2.6601e+00 -3.6956e+03
-3.9958e+06 3.6310e+01 -2.5061e+03 -1.6444e+03 -5.2835e+00 -3.6317e+03
-4.0229e+06 3.5310e+01 -2.5264e+03 -1.6430e+03 -1.6339e+01 -3.5870e+03
-4.0135e+06 4.3122e+01 -1.9242e+03 -1.4470e+03 -4.6331e-01 -5.0998e+03
-4.0185e+06 4.2781e+01 -1.9399e+03 -1.4602e+03 -3.5196e-01 -5.0657e+03
-4.0348e+06 4.2405e+01 -1.9559e+03 -1.4730e+03 -3.4859e-01 -5.0213e+03
-4.0462e+06 4.2064e+01 -1.9720e+03 -1.4856e+03 -7.3474e-01 -4.9815e+03
-4.0637e+06 4.1782e+01 -1.9882e+03 -1.4979e+03 -7.2985e-01 -4.9408e+03
-4.0790e+06 4.1508e+01 -2.0046e+03 -1.5099e+03 -8.6740e-01 -4.8995e+03
-4.1032e+06 4.1217e+01 -2.0212e+03 -1.5216e+03 -1.0211e+00 -4.8577e+03
-4.1265e+06 4.0938e+01 -2.0379e+03 -1.5329e+03 -1.0601e+00 -4.8153e+03
-4.1468e+06 4.0664e+01 -2.0548e+03 -1.5439e+03 -9.0803e-01 -4.7723e+03
-4.1549e+06 4.0383e+01 -2.0719e+03 -1.5546e+03 -2.7287e-01 -4.7288e+03
-4.1726e+06 4.0124e+01 -2.0891e+03 -1.5649e+03 -4.7315e-01 -4.6847e+03
-4.1996e+06 3.9897e+01 -2.1065e+03 -1.5748e+03 -1.3460e+00 -4.6401e+03
-4.2152e+06 3.9674e+01 -2.1240e+03 -1.5843e+03 -1.0517e+00 -4.5949e+03
-4.2182e+06 3.9431e+01 -2.1417e+03 -1.5934e+03 2.9955e-02 -4.5492e+03
-4.2314e+06 3.9199e+01 -2.1596e+03 -1.6020e+03 3.1469e-01 -4.5031e+03
-4.2644e+06 3.8949e+01 -2.1776e+03 -1.6103e+03 -6.6236e-01 -4.4564e+03
-4.3035e+06 3.8458e+01 -2.1958e+03 -1.6181e+03 -1.3791e+00 -4.4091e+03
-4.3435e+06 3.7595e+01 -2.2141e+03 -1.6254e+03 -2.8844e+00 -4.3614e+03
-4.3736e+06 3.6747e+01 -2.2326e+03 -1.6322e+03 -3.8818e+00 -4.3132e+03
-4.3667e+06 3.6365e+01 -2.2513e+03 -1.6386e+03 -8.8890e-01 -4.2645e+03
-4.3535e+06 3.6314e+01 -2.2701e+03 -1.6444e+03 -8.0396e-01 -4.2154e+03
-4.3246e+06 3.6313e+01 -2.2890e+03 -1.6498e+03 -2.2888e+00 -4.1657e+03
-4.2494e+06 3.6311e+01 -2.3082e+03 -1.6545e+03 7.6950e-01 -4.1156e+03
-4.1838e+06 3.6311e+01 -2.3274e+03 -1.6588e+03 1.0428e+00 -4.0651e+03
-4.1418e+06 3.6311e+01 -2.3468e+03 -1.6625e+03 -3.8013e-01 -4.0142e+03
-4.1066e+06 3.6308e+01 -2.3664e+03 -1.6656e+03 -1.8685e-01 -3.9627e+03
-4.0990e+06 3.6308e+01 -2.3860e+03 -1.6681e+03 -2.4643e+00 -3.9109e+03
-4.0856e+06 3.6308e+01 -2.4059e+03 -1.6700e+03 -3.5375e+00 -3.8589e+03
-4.0557e+06 3.6307e+01 -2.4258e+03 -1.6713e+03 -1.5010e+00 -3.8069e+03
-4.0348e+06 3.6309e+01 -2.4459e+03 -1.6720e+03 -1.4209e+00 -3.7524e+03
-4.0329e+06 3.6312e+01 -2.4661e+03 -1.6720e+03 -2.1137e+00 -3.7012e+03
-4.0321e+06 3.6342e+01 -2.4864e+03 -1.6714e+03 9.7355e-01 -3.6376e+03
-4.0682e+06 3.5382e+01 -2.5068e+03 -1.6701e+03 1.8990e-02 -3.5923e+03
-3.9968e+06 4.3016e+01 -1.9021e+03 -1.4702e+03 -8.1715e-02 -5.1062e+03
-4.0099e+06 4.2677e+01 -1.9179e+03 -1.4835e+03 6.3703e-01 -5.0730e+03
-4.0139e+06 4.2316e+01 -1.9338e+03 -1.4965e+03 1.4083e+00 -5.0268e+03
-4.0382e+06 4.1985e+01 -1.9499e+03 -1.5092e+03 1.0273e+00 -4.9875e+03
-4.0473e+06 4.1712e+01 -1.9661e+03 -1.5217e+03 1.0084e+00 -4.9466e+03
-4.0723e+06 4.1459e+01 -1.9825e+03 -1.5338e+03 1.0222e+00 -4.9053e+03
-4.0891e+06 4.1205e+01 -1.9991e+03 -1.5456e+03 1.1249e+00 -4.8634e+03
-4.1177e+06 4.0953e+01 -2.0158e+03 -1.5571e+03 1.1241e+00 -4.8209e+03
-4.1318e+06 4.0685e+01 -2.0327e+03 -1.5683e+03 1.1487e+00 -4.7779e+03
-4.1438e+06 4.0406e+01 -2.0498e+03 -1.5791e+03 1.9635e+00 -4.7343e+03
-4.1581e+06 4.0158e+01 -2.0670e+03 -1.5895e+03 2.2599e+00 -4.6902e+03
-4.1889e+06 3.9940e+01 -2.0844e+03 -1.5995e+03 1.7225e+00 -4.6455e+03
-4.2039e+06 3.9712e+01 -2.1020e+03 -1.6092e+03 1.7708e+00 -4.6003e+03
-4.2177e+06 3.9457e+01 -2.1197e+03 -1.6184e+03 1.9663e+00 -4.5546e+03
-4.2345e+06 3.9210e+01 -2.1376e+03 -1.6272e+03 1.4836e+00 -4.5083e+03
-4.2660e+06 3.8918e+01 -2.1557e+03 -1.6356e+03 1.0196e+00 -4.4615e+03
-4.2955e+06 3.8370e+01 -2.1740e+03 -1.6435e+03 1.3706e+00 -4.4142e+03
-4.3368e+06 3.7485e+01 -2.1924e+03 -1.6510e+03 3.9926e-01 -4.3664e+03
-4.3609e+06 3.6672e+01 -2.2109e+03 -1.6579e+03 -8.3411e-01 -4.3182e+03
-4.3533e+06 3.6342e+01 -2.2296e+03 -1.6644e+03 1.6281e+00 -4.2695e+03
-4.3299e+06 3.6311e+01 -2.2485e+03 -1.6704e+03 2.1801e+00 -4.2202e+03
-4.3163e+06 3.6310e+01 -2.2676e+03 -1.6759e+03 -7.9208e-01 -4.1705e+03
-4.2734e+06 3.6311e+01 -2.2868e+03 -1.6808e+03 5.5543e-01 -4.1204e+03
-4.2178e+06 3.6312e+01 -2.3061e+03 -1.6851e+03 2.8364e+00 -4.0698e+03
-4.1774e+06 3.6312e+01 -2.3256e+03 -1.6889e+03 6.7250e-01 -4.0188e+03
-4.1469e+06 3.6310e+01 -2.3453e+03 -1.6922e+03 -8.8613e-01 -3.9673e+03
-4.1011e+06 3.6308e+01 -2.3651e+03 -1.6948e+03 7.3896e-01 -3.9155e+03
-4.0494e+06 3.6304e+01 -2.3851e+03 -1.6968e+03 4.1608e+00 -3.8633e+03
-3.9950e+06 3.6299e+01 -2.4051e+03 -1.6982e+03 7.5375e+00 -3.8111e+03
-3.9883e+06 3.6300e+01 -2.4254e+03 -1.6990e+03 6.4941e+00 -3.7566e+03
-4.0158e+06 3.6307e+01 -2.4457e+03 -1.6991e+03 3.1171e+00 -3.7063e+03
-4.0481e+06 3.6372e+01 -2.4662e+03 -1.6985e+03 4.1588e+00 -3.6403e+03
-4.1123e+06 3.5444e+01 -2.4868e+03 -1.6973e+03 3.0452e+00 -3.5962e+03
-3.9710e+06 4.2893e+01 -1.8798e+03 -1.4935e+03 -1.1110e+00 -5.1113e+03
-3.9813e+06 4.2572e+01 -1.8955e+03 -1.5069e+03 1.2024e+00 -5.0771e+03
-4.0000e+06 4.2249e+01 -1.9114e+03 -1.5200e+03 3.8882e+00 -5.0350e+03
-4.0128e+06 4.1953e+01 -1.9275e+03 -1.5329e+03 3.3236e+00 -4.9945e+03
-4.0358e+06 4.1698e+01 -1.9437e+03 -1.5455e+03 3.1747e+00 -4.9538e+03
-4.0536e+06 4.1464e+01 -1.9601e+03 -1.5577e+03 3.3632e+00 -4.9124e+03
-4.0780e+06 4.1236e+01 -1.9767e+03 -1.5697e+03 3.7687e+00 -4.8704e+03
-4.0990e+06 4.0993e+01 -1.9934e+03 -1.5813e+03 4.2125e+00 -4.8279e+03
-4.1204e+06 4.0718e+01 -2.0103e+03 -1.5926e+03 4.3512e+00 -4.7848e+03
-4.1375e+06 4.0435e+01 -2.0274e+03 -1.6036e+03 4.4451e+00 -4.7412e+03
-4.1582e+06 4.0188e+01 -2.0446e+03 -1.6141e+03 4.4879e+00 -4.6971e+03
-4.1772e+06 3.9964e+01 -2.0621e+03 -1.6243e+03 4.5412e+00 -4.6524e+03
-4.1948e+06 3.9719e+01 -2.0796e+03 -1.6341e+03 4.7794e+00 -4.6071e+03
-4.2124e+06 3.9453e+01 -2.0974e+03 -1.6435e+03 4.4017e+00 -4.5613e+03
-4.2308e+06 3.9193e+01 -2.1154e+03 -1.6524e+03 3.8991e+00 -4.5149e+03
-4.2400e+06 3.8876e+01 -2.1335e+03 -1.6609e+03 5.8884e+00 -4.4681e+03
-4.2634e+06 3.8333e+01 -2.1518e+03 -1.6690e+03 7.8809e+00 -4.4209e+03
-4.3118e+06 3.7497e+01 -2.1702e+03 -1.6766e+03 5.6026e+00 -4.3732e+03
-4.3527e+06 3.6708e+01 -2.1888e+03 -1.6837e+03 2.6064e+00 -4.3250e+03
-4.3482e+06 3.6355e+01 -2.2076e+03 -1.6903e+03 4.6457e+00 -4.2763e+03
-4.3175e+06 3.6306e+01 -2.2266e+03 -1.6964e+03 6.9418e+00 -4.2269e+03
-4.3083e+06 3.6307e+01 -2.2457e+03 -1.7020e+03 3.6799e+00 -4.1772e+03
-4.2941e+06 3.6310e+01 -2.2650e+03 -1.7071e+03 2.6488e+00 -4.1270e+03
-4.2379e+06 3.6310e+01 -2.2844e+03 -1.7116e+03 5.8599e+00 -4.0763e+03
-4.1783e+06 3.6308e+01 -2.3041e+03 -1.7155e+03 6.2826e+00 -4.0252e+03
-4.1169e+06 3.6304e+01 -2.3238e+03 -1.7188e+03 6.3735e+00 -3.9738e+03
-4.0630e+06 3.6302e+01 -2.3438e+03 -1.7216e+03 7.3655e+00 -3.9220e+03
-4.0213e+06 3.6300e+01 -2.3638e+03 -1.7237e+03 7.7688e+00 -3.8697e+03
-3.9884e+06 3.6295e+01 -2.3840e+03 -1.7252e+03 9.4587e+00 -3.8171e+03
-3.9884e+06 3.6295e+01 -2.4044e+03 -1.7261e+03 9.4341e+00 -3.7630e+03
-4.0337e+06 3.6302e+01 -2.4249e+03 -1.7263e+03 7.8254e+00 -3.7116e+03
-4.0738e+06 3.6335e+01 -2.4456e+03 -1.7259e+03 6.7948e+00 -3.6499e+03
-4.1337e+06 3.5377e+01 -2.4663e+03 -1.7247e+03 1.6965e+00 -3.5991e+03
-3.9462e+06 4.2851e+01 -1.8572e+03 -1.5167e+03 -9.1420e-01 -5.1182e+03
-3.9647e+06 4.2547e+01 -1.8729e+03 -1.5302e+03 -2.5099e-01 -5.0784e+03
-3.9807e+06 4.2252e+01 -1.8887e+03 -1.5435e+03 -2.3898e-01 -5.0408e+03
-4.0029e+06 4.1974e+01 -1.9048e+03 -1.5565e+03 -6.0342e-01 -4.9990e+03
-4.0278e+06 4.1709e+01 -1.9210e+03 -1.5693e+03 -1.0485e+00 -4.9585e+03
-4.0536e+06 4.1465e+01 -1.9374e+03 -1.5817e+03 -1.3234e+00 -4.9170e+03
-4.0782e+06 4.1235e+01 -1.9539e+03 -1.5938e+03 -3.4738e-01 -4.8749e+03
-4.1005e+06 4.0991e+01 -1.9706e+03 -1.6056e+03 6.9164e-01 -4.8323e+03
-4.1300e+06 4.0718e+01 -1.9876e+03 -1.6170e+03 -3.1407e-02 -4.7892e+03
-4.1536e+06 4.0439e+01 -2.0046e+03 -1.6281e+03 -1.1032e+00 -4.7455e+03
-4.1709e+06 4.0180e+01 -2.0219e+03 -1.6388e+03 -1.0396e+00 -4.7013e+03
-4.1804e+06 3.9925e+01 -2.0393e+03 -1.6491e+03 -9.4695e-01 -4.6565e+03
-4.1966e+06 3.9662e+01 -2.0569e+03 -1.6591e+03 -9.1184e-01 -4.6112e+03
-4.2093e+06 3.9424e+01 -2.0747e+03 -1.6686e+03 -1.0159e+00 -4.5653e+03
-4.2250e+06 3.9200e+01 -2.0927e+03 -1.6777e+03 -1.2711e+00 -4.5188e+03
-4.2304e+06 3.8895e+01 -2.1108e+03 -1.6863e+03 1.0225e+00 -4.4718e+03
-4.2577e+06 3.8371e+01 -2.1292e+03 -1.6946e+03 2.3178e+00 -4.4243e+03
-4.3127e+06 3.7579e+01 -2.1477e+03 -1.7023e+03 -1.5612e+00 -4.3765e+03
-4.3664e+06 3.6794e+01 -2.1663e+03 -1.7095e+03 -5.5842e+00 -4.3282e+03
-4.3699e+06 3.6388e+01 -2.1852e+03 -1.7163e+03 -3.9104e+00 -4.2795e+03
-4.3466e+06 3.6309e+01 -2.2042e+03 -1.7226e+03 -1.5160e+00 -4.2301e+03
-4.3439e+06 3.6342e+01 -2.2234e+03 -1.7283e+03 -4.8461e+00 -4.1803e+03
-4.3331e+06 3.6380e+01 -2.2428e+03 -1.7335e+03 -6.5218e+00 -4.1299e+03
-4.2698e+06 3.6356e+01 -2.2623e+03 -1.7381e+03 -3.1046e+00 -4.0792e+03
-4.1869e+06 3.6317e+01 -2.2820e+03 -1.7422e+03 -1.8826e-01 -4.0281e+03
-4.0971e+06 3.6305e+01 -2.3019e+03 -1.7456e+03 2.2344e+00 -3.9765e+03
-4.0362e+06 3.6300e+01 -2.3220e+03 -1.7485e+03 2.7803e+00 -3.9248e+03
-4.0218e+06 3.6301e+01 -2.3421e+03 -1.7508e+03 -4.1714e-01 -3.8726e+03
-4.0313e+06 3.6301e+01 -2.3625e+03 -1.7524e+03 -2.4831e+00 -3.8197e+03
-4.0467e+06 3.6303e+01 -2.3830e+03 -1.7534e+03 -2.1062e+00 -3.7662e+03
-4.0815e+06 3.6307e+01 -2.4037e+03 -1.7537e+03 -2.1239e+00 -3.7110e+03
-4.1121e+06 3.6314e+01 -2.4245e+03 -1.7533e+03 1.0099e+00 -3.6598e+03
-4.1843e+06 3.5334e+01 -2.4454e+03 -1.7523e+03 5.2169e-01 -3.6041e+03
