  1    1089
-4.3333e+06 4.0555e+01 -5.0501e+03 1.5498e+04 1.1723e+00 8.3512e+03
-4.3025e+06 4.0769e+01 -5.0607e+03 1.5506e+04 3.1427e-01 8.2663e+03
-4.2696e+06 4.0998e+01 -5.0710e+03 1.5514e+04 -7.2353e-01 8.1794e+03
-4.2516e+06 4.1246e+01 -5.0810e+03 1.5522e+04 -4.8974e-01 8.0933e+03
-4.2229e+06 4.1476e+01 -5.0908e+03 1.5530e+04 -6.8094e-01 8.0053e+03
-4.2077e+06 4.1628e+01 -5.1003e+03 1.5538e+04 -6.5218e-01 7.9166e+03
-4.1829e+06 4.1673e+01 -5.1096e+03 1.5547e+04 -1.4240e-01 7.8267e+03
-4.1817e+06 4.1642e+01 -5.1186e+03 1.5555e+04 3.1760e-02 7.7361e+03
-4.1752e+06 4.1579e+01 -5.1274e+03 1.5563e+04 -3.3418e-01 7.6446e+03
-4.1832e+06 4.1509e+01 -5.1359e+03 1.5572e+04 -5.6787e-01 7.5520e+03
-4.1722e+06 4.1440e+01 -5.1441e+03 1.5580e+04 -5.6542e-01 7.4587e+03
-4.1708e+06 4.1401e+01 -5.1520e+03 1.5589e+04 -8.1778e-01 7.3646e+03
-4.1501e+06 4.1534e+01 -5.1597e+03 1.5598e+04 -1.1037e+00 7.2694e+03
-4.1367e+06 4.1901e+01 -5.1672e+03 1.5606e+04 -8.7055e-01 7.1734e+03
-4.1069e+06 4.2312e+01 -5.1743e+03 1.5615e+04 -4.4093e-01 7.0765e+03
-4.0943e+06 4.2617e+01 -5.1812e+03 1.5624e+04 -1.2335e-01 6.9789e+03
-4.0689e+06 4.2865e+01 -5.1879e+03 1.5632e+04 2.3301e-01 6.8806e+03
-4.0563e+06 4.3120e+01 -5.1942e+03 1.5641e+04 1.4675e-01 6.7814e+03
-4.0302e+06 4.3390e+01 -5.2003e+03 1.5650e+04 -1.5608e-01 6.6814e+03
-4.0152e+06 4.3668e+01 -5.2061e+03 1.5659e+04 1.3684e-01 6.5807e+03
-3.9949e+06 4.3952e+01 -5.2117e+03 1.5667e+04 6.4141e-01 6.4792e+03
-3.9903e+06 4.4244e+01 -5.2169e+03 1.5676e+04 6.5832e-01 6.3770e+03
-3.9766e+06 4.4540e+01 -5.2219e+03 1.5685e+04 5.6860e-01 6.2742e+03
-3.9746e+06 4.4835e+01 -5.2266e+03 1.5693e+04 7.7094e-01 6.1707e+03
-3.9660e+06 4.5157e+01 -5.2311e+03 1.5702e+04 6.3864e-01 6.0666e+03
-3.9726e+06 4.5530e+01 -5.2353e+03 1.5711e+04 1.9600e-01 5.9620e+03
-3.9704e+06 4.5927e+01 -5.2392e+03 1.5719e+04 -1.6775e-01 5.8566e+03
-3.9636e+06 4.6308e+01 -5.2428e+03 1.5728e+04 -1.4471e-01 5.7506e+03
-3.9356e+06 4.6669e+01 -5.2462e+03 1.5736e+04 9.7990e-01 5.6442e+03
-3.9226e+06 4.7017e+01 -5.2493e+03 1.5745e+04 1.6806e+00 5.5372e+03
-3.9142e+06 4.7366e+01 -5.2522e+03 1.5753e+04 6.4754e-01 5.4295e+03
-3.9060e+06 4.7727e+01 -5.2547e+03 1.5762e+04 -3.6486e-01 5.3218e+03
-3.8854e+06 4.8101e+01 -5.2570e+03 1.5770e+04 3.7592e-01 5.2134e+03
-4.3334e+06 4.0508e+01 -5.0394e+03 1.5531e+04 2.0390e-01 8.1298e+03
-4.2905e+06 4.0724e+01 -5.0502e+03 1.5538e+04 -6.0348e-01 8.0430e+03
-4.2631e+06 4.0955e+01 -5.0607e+03 1.5546e+04 -1.8076e+00 7.9584e+03
-4.2377e+06 4.1209e+01 -5.0710e+03 1.5554e+04 -1.2358e+00 7.8706e+03
-4.2160e+06 4.1448e+01 -5.0811e+03 1.5562e+04 -1.4706e+00 7.7820e+03
-4.1870e+06 4.1604e+01 -5.0909e+03 1.5570e+04 -9.3737e-01 7.6925e+03
-4.1586e+06 4.1647e+01 -5.1004e+03 1.5578e+04 1.4029e+00 7.6020e+03
-4.1456e+06 4.1605e+01 -5.1097e+03 1.5586e+04 1.9028e+00 7.5107e+03
-4.1594e+06 4.1515e+01 -5.1187e+03 1.5594e+04 -1.1489e-01 7.4184e+03
-4.1631e+06 4.1410e+01 -5.1275e+03 1.5602e+04 -1.1451e+00 7.3252e+03
-4.1656e+06 4.1311e+01 -5.1360e+03 1.5610e+04 -1.1380e+00 7.2312e+03
-4.1580e+06 4.1238e+01 -5.1442e+03 1.5618e+04 -1.4397e+00 7.1363e+03
-4.1486e+06 4.1345e+01 -5.1522e+03 1.5626e+04 -1.6675e+00 7.0405e+03
-4.1211e+06 4.1752e+01 -5.1599e+03 1.5635e+04 -1.1001e+00 6.9438e+03
-4.1016e+06 4.2235e+01 -5.1673e+03 1.5643e+04 -4.5624e-01 6.8463e+03
-4.0798e+06 4.2567e+01 -5.1745e+03 1.5651e+04 -2.7076e-01 6.7482e+03
-4.0665e+06 4.2812e+01 -5.1814e+03 1.5660e+04 -1.8801e-02 6.6493e+03
-4.0446e+06 4.3066e+01 -5.1880e+03 1.5668e+04 -7.0383e-02 6.5495e+03
-4.0269e+06 4.3332e+01 -5.1943e+03 1.5676e+04 -2.0636e-01 6.4489e+03
-4.0027e+06 4.3606e+01 -5.2004e+03 1.5685e+04 4.3331e-01 6.3477e+03
-3.9890e+06 4.3897e+01 -5.2062e+03 1.5693e+04 1.0956e+00 6.2457e+03
-3.9786e+06 4.4205e+01 -5.2118e+03 1.5701e+04 6.6599e-01 6.1430e+03
-3.9765e+06 4.4509e+01 -5.2170e+03 1.5709e+04 -1.6589e-01 6.0396e+03
-3.9685e+06 4.4798e+01 -5.2220e+03 1.5718e+04 -3.4845e-01 5.9356e+03
-3.9656e+06 4.5107e+01 -5.2267e+03 1.5726e+04 -8.3123e-02 5.8310e+03
-3.9589e+06 4.5469e+01 -5.2312e+03 1.5734e+04 3.5451e-01 5.7259e+03
-3.9584e+06 4.5863e+01 -5.2354e+03 1.5742e+04 4.5986e-01 5.6201e+03
-3.9494e+06 4.6247e+01 -5.2393e+03 1.5750e+04 -2.3325e-01 5.5137e+03
-3.9404e+06 4.6613e+01 -5.2429e+03 1.5758e+04 -8.8950e-01 5.4068e+03
-3.9304e+06 4.6963e+01 -5.2463e+03 1.5766e+04 -4.4398e-01 5.2994e+03
-3.9225e+06 4.7310e+01 -5.2494e+03 1.5774e+04 4.7163e-01 5.1916e+03
-3.8999e+06 4.7669e+01 -5.2522e+03 1.5782e+04 1.2193e+00 5.0830e+03
-3.8767e+06 4.8034e+01 -5.2548e+03 1.5790e+04 2.6113e+00 4.9738e+03
-4.3085e+06 4.0469e+01 -5.0284e+03 1.5563e+04 7.6532e-01 7.9072e+03
-4.2803e+06 4.0691e+01 -5.0394e+03 1.5570e+04 -5.1582e-01 7.8172e+03
-4.2483e+06 4.0914e+01 -5.0502e+03 1.5578e+04 1.0969e-01 7.7332e+03
-4.2261e+06 4.1158e+01 -5.0608e+03 1.5585e+04 6.1705e-01 7.6444e+03
-4.1989e+06 4.1403e+01 -5.0711e+03 1.5593e+04 4.2354e-01 7.5551e+03
-4.1810e+06 4.1574e+01 -5.0812e+03 1.5600e+04 7.6179e-01 7.4650e+03
-4.1465e+06 4.1628e+01 -5.0910e+03 1.5608e+04 2.4791e+00 7.3739e+03
-4.1388e+06 4.1581e+01 -5.1005e+03 1.5616e+04 2.5437e+00 7.2818e+03
-4.1390e+06 4.1469e+01 -5.1098e+03 1.5623e+04 7.8405e-01 7.1889e+03
-4.1529e+06 4.1335e+01 -5.1188e+03 1.5631e+04 1.5379e-01 7.0951e+03
-4.1495e+06 4.1202e+01 -5.1276e+03 1.5639e+04 -1.4793e-02 7.0004e+03
-4.1540e+06 4.1072e+01 -5.1361e+03 1.5647e+04 -7.0590e-01 6.9048e+03
-4.1377e+06 4.1108e+01 -5.1443e+03 1.5655e+04 -1.2314e+00 6.8085e+03
-4.1218e+06 4.1515e+01 -5.1523e+03 1.5662e+04 -5.0989e-01 6.7112e+03
-4.0884e+06 4.2086e+01 -5.1600e+03 1.5670e+04 6.4194e-01 6.6132e+03
-4.0759e+06 4.2488e+01 -5.1674e+03 1.5678e+04 9.5756e-01 6.5146e+03
-4.0555e+06 4.2752e+01 -5.1746e+03 1.5686e+04 1.0614e+00 6.4149e+03
-4.0455e+06 4.3007e+01 -5.1815e+03 1.5694e+04 1.0293e+00 6.3145e+03
-4.0224e+06 4.3271e+01 -5.1881e+03 1.5702e+04 6.4214e-01 6.2135e+03
-4.0092e+06 4.3550e+01 -5.1944e+03 1.5710e+04 6.4785e-01 6.1117e+03
-3.9884e+06 4.3859e+01 -5.2005e+03 1.5718e+04 1.3156e+00 6.0092e+03
-3.9813e+06 4.4187e+01 -5.2063e+03 1.5726e+04 9.4107e-01 5.9061e+03
-3.9713e+06 4.4501e+01 -5.2119e+03 1.5733e+04 -1.5405e-01 5.8023e+03
-3.9705e+06 4.4783e+01 -5.2171e+03 1.5741e+04 -2.3429e-01 5.6978e+03
-3.9622e+06 4.5070e+01 -5.2221e+03 1.5749e+04 2.7459e-01 5.5927e+03
-3.9603e+06 4.5404e+01 -5.2268e+03 1.5757e+04 6.3294e-01 5.4870e+03
-3.9524e+06 4.5784e+01 -5.2313e+03 1.5764e+04 2.3126e-01 5.3808e+03
-3.9497e+06 4.6177e+01 -5.2355e+03 1.5772e+04 -5.3940e-01 5.2741e+03
-3.9394e+06 4.6559e+01 -5.2394e+03 1.5780e+04 -7.1575e-01 5.1668e+03
-3.9358e+06 4.6915e+01 -5.2430e+03 1.5787e+04 -2.9894e-01 5.0590e+03
-3.9257e+06 4.7260e+01 -5.2464e+03 1.5795e+04 3.3149e-01 4.9508e+03
-3.9140e+06 4.7619e+01 -5.2494e+03 1.5802e+04 5.7462e-01 4.8420e+03
-3.8945e+06 4.7982e+01 -5.2523e+03 1.5809e+04 1.1960e+00 4.7333e+03
-4.3014e+06 4.0434e+01 -5.0171e+03 1.5595e+04 5.5580e-02 7.6823e+03
-4.2668e+06 4.0671e+01 -5.0284e+03 1.5602e+04 -6.1841e-01 7.5922e+03
-4.2402e+06 4.0894e+01 -5.0395e+03 1.5609e+04 1.0118e+00 7.5069e+03
-4.2117e+06 4.1125e+01 -5.0503e+03 1.5616e+04 1.5084e+00 7.4175e+03
-4.2000e+06 4.1364e+01 -5.0609e+03 1.5623e+04 7.8823e-01 7.3277e+03
-4.1767e+06 4.1550e+01 -5.0712e+03 1.5630e+04 4.0931e-01 7.2368e+03
-4.1657e+06 4.1624e+01 -5.0812e+03 1.5638e+04 2.7625e-01 7.1450e+03
-4.1462e+06 4.1584e+01 -5.0910e+03 1.5645e+04 -1.2080e-01 7.0522e+03
-4.1415e+06 4.1465e+01 -5.1006e+03 1.5652e+04 1.7442e-01 6.9586e+03
-4.1321e+06 4.1318e+01 -5.1099e+03 1.5660e+04 4.9286e-01 6.8642e+03
-4.1447e+06 4.1168e+01 -5.1189e+03 1.5667e+04 1.1700e-01 6.7688e+03
-4.1401e+06 4.1012e+01 -5.1277e+03 1.5675e+04 -5.1671e-01 6.6727e+03
-4.1396e+06 4.0997e+01 -5.1362e+03 1.5682e+04 -1.1793e+00 6.5757e+03
-4.1087e+06 4.1372e+01 -5.1444e+03 1.5690e+04 -5.4186e-01 6.4778e+03
-4.0889e+06 4.1981e+01 -5.1524e+03 1.5697e+04 8.9095e-01 6.3791e+03
-4.0640e+06 4.2435e+01 -5.1601e+03 1.5705e+04 1.2319e+00 6.2798e+03
-4.0608e+06 4.2713e+01 -5.1675e+03 1.5712e+04 1.0974e+00 6.1797e+03
-4.0412e+06 4.2964e+01 -5.1747e+03 1.5720e+04 1.1794e+00 6.0787e+03
-4.0337e+06 4.3221e+01 -5.1816e+03 1.5727e+04 7.9083e-01 5.9772e+03
-4.0150e+06 4.3500e+01 -5.1882e+03 1.5734e+04 4.7789e-01 5.8749e+03
-4.0056e+06 4.3822e+01 -5.1946e+03 1.5742e+04 8.7130e-01 5.7717e+03
-3.9886e+06 4.4165e+01 -5.2006e+03 1.5749e+04 5.5432e-02 5.6681e+03
-3.9858e+06 4.4485e+01 -5.2064e+03 1.5757e+04 -6.9092e-01 5.5639e+03
-3.9685e+06 4.4768e+01 -5.2120e+03 1.5764e+04 3.2470e-01 5.4589e+03
-3.9676e+06 4.5034e+01 -5.2172e+03 1.5771e+04 9.4545e-01 5.3534e+03
-3.9588e+06 4.5319e+01 -5.2222e+03 1.5779e+04 7.6281e-01 5.2472e+03
-3.9582e+06 4.5660e+01 -5.2269e+03 1.5786e+04 1.9547e-01 5.1406e+03
-3.9464e+06 4.6064e+01 -5.2314e+03 1.5793e+04 -1.8300e-01 5.0335e+03
-3.9441e+06 4.6480e+01 -5.2355e+03 1.5800e+04 5.2138e-02 4.9258e+03
-3.9354e+06 4.6857e+01 -5.2394e+03 1.5807e+04 2.0144e-02 4.8177e+03
-3.9339e+06 4.7203e+01 -5.2431e+03 1.5814e+04 -6.1720e-02 4.7091e+03
-3.9200e+06 4.7561e+01 -5.2464e+03 1.5821e+04 -1.7857e-01 4.5998e+03
-3.9110e+06 4.7927e+01 -5.2495e+03 1.5828e+04 2.1743e-01 4.4906e+03
-4.2934e+06 4.0388e+01 -5.0056e+03 1.5626e+04 -4.5013e-01 7.4561e+03
-4.2597e+06 4.0636e+01 -5.0171e+03 1.5633e+04 -7.8715e-01 7.3652e+03
-4.2273e+06 4.0874e+01 -5.0284e+03 1.5639e+04 9.6150e-01 7.2793e+03
-4.2084e+06 4.1104e+01 -5.0395e+03 1.5646e+04 6.9190e-01 7.1893e+03
-4.2017e+06 4.1335e+01 -5.0503e+03 1.5653e+04 -1.5717e+00 7.0987e+03
-4.1850e+06 4.1525e+01 -5.0609e+03 1.5660e+04 -1.3562e+00 7.0070e+03
-4.1575e+06 4.1619e+01 -5.0712e+03 1.5667e+04 -1.2357e-01 6.9144e+03
-4.1476e+06 4.1600e+01 -5.0813e+03 1.5674e+04 -6.7110e-01 6.8210e+03
-4.1332e+06 4.1490e+01 -5.0911e+03 1.5681e+04 -5.2787e-01 6.7267e+03
-4.1328e+06 4.1343e+01 -5.1007e+03 1.5688e+04 -2.7478e-01 6.6316e+03
-4.1337e+06 4.1191e+01 -5.1100e+03 1.5695e+04 -3.2478e-01 6.5356e+03
-4.1374e+06 4.1035e+01 -5.1190e+03 1.5702e+04 -4.3924e-01 6.4389e+03
-4.1278e+06 4.0999e+01 -5.1278e+03 1.5709e+04 -1.0161e+00 6.3412e+03
-4.1110e+06 4.1335e+01 -5.1363e+03 1.5716e+04 -4.6299e-01 6.2427e+03
-4.0782e+06 4.1945e+01 -5.1445e+03 1.5723e+04 9.7440e-01 6.1434e+03
-4.0645e+06 4.2428e+01 -5.1525e+03 1.5730e+04 9.7100e-01 6.0436e+03
-4.0555e+06 4.2710e+01 -5.1602e+03 1.5737e+04 1.2135e-01 5.9429e+03
-4.0508e+06 4.2947e+01 -5.1676e+03 1.5744e+04 7.0401e-02 5.8413e+03
-4.0377e+06 4.3187e+01 -5.1748e+03 1.5751e+04 5.8353e-02 5.7392e+03
-4.0308e+06 4.3448e+01 -5.1817e+03 1.5758e+04 -1.4639e-01 5.6364e+03
-4.0121e+06 4.3760e+01 -5.1883e+03 1.5765e+04 3.8790e-01 5.5327e+03
-3.9978e+06 4.4103e+01 -5.1947e+03 1.5772e+04 8.0525e-02 5.4286e+03
-3.9828e+06 4.4431e+01 -5.2007e+03 1.5779e+04 -1.6753e-01 5.3239e+03
-3.9728e+06 4.4726e+01 -5.2065e+03 1.5786e+04 8.2416e-01 5.2184e+03
-3.9664e+06 4.4987e+01 -5.2121e+03 1.5793e+04 9.3085e-01 5.1125e+03
-3.9672e+06 4.5233e+01 -5.2173e+03 1.5800e+04 3.6742e-01 5.0059e+03
-3.9613e+06 4.5527e+01 -5.2223e+03 1.5807e+04 -2.8752e-01 4.8989e+03
-3.9522e+06 4.5921e+01 -5.2270e+03 1.5813e+04 -4.8603e-01 4.7913e+03
-3.9369e+06 4.6373e+01 -5.2314e+03 1.5820e+04 2.3830e-01 4.6833e+03
-3.9312e+06 4.6794e+01 -5.2356e+03 1.5826e+04 1.7977e-01 4.5748e+03
-3.9285e+06 4.7162e+01 -5.2395e+03 1.5833e+04 -2.6607e-01 4.4657e+03
-3.9244e+06 4.7519e+01 -5.2431e+03 1.5839e+04 -2.0270e-01 4.3562e+03
-3.9154e+06 4.7882e+01 -5.2465e+03 1.5846e+04 9.3147e-02 4.2468e+03
-4.2909e+06 4.0341e+01 -4.9938e+03 1.5656e+04 4.9595e-02 7.2284e+03
-4.2512e+06 4.0583e+01 -5.0056e+03 1.5663e+04 -4.7753e-01 7.1368e+03
-4.2194e+06 4.0830e+01 -5.0172e+03 1.5669e+04 1.1157e+00 7.0502e+03
-4.1961e+06 4.1067e+01 -5.0285e+03 1.5676e+04 5.5470e-01 6.9594e+03
-4.1921e+06 4.1297e+01 -5.0396e+03 1.5682e+04 -1.6021e+00 6.8680e+03
-4.1591e+06 4.1492e+01 -5.0504e+03 1.5689e+04 1.4574e-01 6.7755e+03
-4.1361e+06 4.1604e+01 -5.0610e+03 1.5695e+04 2.0851e+00 6.6822e+03
-4.1289e+06 4.1608e+01 -5.0713e+03 1.5702e+04 4.6105e-01 6.5883e+03
-4.1331e+06 4.1515e+01 -5.0814e+03 1.5709e+04 -5.6519e-01 6.4934e+03
-4.1251e+06 4.1373e+01 -5.0912e+03 1.5715e+04 -4.4971e-01 6.3976e+03
-4.1323e+06 4.1220e+01 -5.1008e+03 1.5722e+04 7.1398e-02 6.3009e+03
-4.1280e+06 4.1054e+01 -5.1101e+03 1.5729e+04 2.8294e-01 6.2035e+03
-4.1304e+06 4.0964e+01 -5.1191e+03 1.5735e+04 -5.8737e-01 6.1053e+03
-4.1056e+06 4.1199e+01 -5.1279e+03 1.5742e+04 -5.6140e-01 6.0061e+03
-4.0836e+06 4.1771e+01 -5.1364e+03 1.5749e+04 7.4002e-01 5.9063e+03
-4.0563e+06 4.2323e+01 -5.1446e+03 1.5755e+04 9.9480e-01 5.8058e+03
-4.0550e+06 4.2673e+01 -5.1526e+03 1.5762e+04 4.2432e-02 5.7045e+03
-4.0438e+06 4.2926e+01 -5.1603e+03 1.5768e+04 -3.5452e-01 5.6024e+03
-4.0503e+06 4.3159e+01 -5.1677e+03 1.5775e+04 -9.6738e-01 5.4998e+03
-4.0541e+06 4.3398e+01 -5.1749e+03 1.5782e+04 -2.4546e+00 5.3965e+03
-4.0412e+06 4.3679e+01 -5.1818e+03 1.5788e+04 -1.7585e+00 5.2922e+03
-4.0000e+06 4.4004e+01 -5.1884e+03 1.5795e+04 3.2258e-01 5.1876e+03
-3.9821e+06 4.4340e+01 -5.1948e+03 1.5801e+04 1.0516e+00 5.0824e+03
-3.9673e+06 4.4654e+01 -5.2008e+03 1.5808e+04 9.9413e-01 4.9765e+03
-3.9682e+06 4.4928e+01 -5.2066e+03 1.5814e+04 4.1072e-01 4.8701e+03
-3.9643e+06 4.5167e+01 -5.2122e+03 1.5820e+04 -3.1038e-02 4.7631e+03
-3.9651e+06 4.5432e+01 -5.2174e+03 1.5827e+04 -4.8861e-01 4.6556e+03
-3.9507e+06 4.5798e+01 -5.2224e+03 1.5833e+04 -4.2862e-01 4.5477e+03
-3.9345e+06 4.6258e+01 -5.2271e+03 1.5839e+04 1.0682e+00 4.4393e+03
-3.9221e+06 4.6727e+01 -5.2315e+03 1.5845e+04 1.3394e+00 4.3303e+03
-3.9270e+06 4.7141e+01 -5.2357e+03 1.5851e+04 4.1866e-01 4.2209e+03
-3.9220e+06 4.7511e+01 -5.2396e+03 1.5857e+04 2.4309e-01 4.1111e+03
-3.9167e+06 4.7872e+01 -5.2432e+03 1.5863e+04 1.6501e-01 4.0014e+03
-4.2902e+06 4.0298e+01 -4.9817e+03 1.5686e+04 -1.9216e-01 6.9992e+03
-4.2485e+06 4.0527e+01 -4.9938e+03 1.5692e+04 1.4044e-01 6.9069e+03
-4.2047e+06 4.0770e+01 -5.0056e+03 1.5698e+04 1.1160e+00 6.8196e+03
-4.1879e+06 4.1009e+01 -5.0172e+03 1.5704e+04 9.6569e-01 6.7280e+03
-4.1572e+06 4.1245e+01 -5.0285e+03 1.5711e+04 1.4783e-01 6.6359e+03
-4.1397e+06 4.1455e+01 -5.0396e+03 1.5717e+04 1.8179e+00 6.5428e+03
-4.1113e+06 4.1590e+01 -5.0504e+03 1.5723e+04 2.5460e+00 6.4488e+03
-4.1246e+06 4.1616e+01 -5.0610e+03 1.5729e+04 7.8707e-01 6.3541e+03
-4.1171e+06 4.1537e+01 -5.0714e+03 1.5736e+04 -1.7312e-01 6.2585e+03
-4.1296e+06 4.1400e+01 -5.0815e+03 1.5742e+04 -2.6376e-02 6.1620e+03
-4.1194e+06 4.1249e+01 -5.0913e+03 1.5748e+04 7.3823e-01 6.0647e+03
-4.1314e+06 4.1083e+01 -5.1008e+03 1.5754e+04 9.9692e-01 5.9667e+03
-4.1206e+06 4.0947e+01 -5.1101e+03 1.5761e+04 -2.4002e-01 5.8678e+03
-4.1213e+06 4.1048e+01 -5.1192e+03 1.5767e+04 -1.0025e+00 5.7681e+03
-4.0831e+06 4.1504e+01 -5.1280e+03 1.5773e+04 -7.3756e-02 5.6676e+03
-4.0659e+06 4.2090e+01 -5.1365e+03 1.5779e+04 8.7375e-01 5.5665e+03
-4.0380e+06 4.2550e+01 -5.1447e+03 1.5786e+04 7.0912e-01 5.4646e+03
-4.0405e+06 4.2863e+01 -5.1527e+03 1.5792e+04 3.6066e-01 5.3622e+03
-4.0357e+06 4.3107e+01 -5.1604e+03 1.5798e+04 -6.8052e-01 5.2589e+03
-4.0610e+06 4.3333e+01 -5.1678e+03 1.5804e+04 -3.0734e+00 5.1549e+03
-4.0400e+06 4.3583e+01 -5.1750e+03 1.5810e+04 -3.0172e+00 5.0503e+03
-4.0083e+06 4.3884e+01 -5.1819e+03 1.5816e+04 -3.6246e-01 4.9451e+03
-3.9726e+06 4.4219e+01 -5.1885e+03 1.5822e+04 8.8927e-01 4.8394e+03
-3.9716e+06 4.4556e+01 -5.1948e+03 1.5828e+04 6.6525e-01 4.7330e+03
-3.9613e+06 4.4860e+01 -5.2009e+03 1.5834e+04 2.0943e-01 4.6262e+03
-3.9707e+06 4.5113e+01 -5.2067e+03 1.5840e+04 9.0001e-02 4.5188e+03
-3.9660e+06 4.5366e+01 -5.2122e+03 1.5846e+04 -4.1309e-01 4.4108e+03
-3.9645e+06 4.5706e+01 -5.2175e+03 1.5852e+04 -4.9346e-01 4.3026e+03
-3.9359e+06 4.6154e+01 -5.2225e+03 1.5857e+04 9.5992e-01 4.1938e+03
-3.9294e+06 4.6649e+01 -5.2272e+03 1.5863e+04 1.3238e+00 4.0844e+03
-3.9230e+06 4.7105e+01 -5.2316e+03 1.5868e+04 7.3232e-01 3.9749e+03
-3.9273e+06 4.7494e+01 -5.2357e+03 1.5874e+04 6.3114e-01 3.8647e+03
-3.9157e+06 4.7860e+01 -5.2396e+03 1.5879e+04 1.2585e-01 3.7545e+03
-4.2897e+06 4.0242e+01 -4.9694e+03 1.5715e+04 3.7700e-01 6.7686e+03
-4.2433e+06 4.0458e+01 -4.9817e+03 1.5721e+04 2.2879e-01 6.6756e+03
-4.2024e+06 4.0692e+01 -4.9938e+03 1.5727e+04 1.0059e+00 6.5875e+03
-4.1755e+06 4.0928e+01 -5.0056e+03 1.5733e+04 9.3288e-01 6.4952e+03
-4.1512e+06 4.1174e+01 -5.0172e+03 1.5738e+04 1.0187e-01 6.4024e+03
-4.1301e+06 4.1413e+01 -5.0285e+03 1.5744e+04 6.4095e-01 6.3086e+03
-4.1167e+06 4.1585e+01 -5.0396e+03 1.5750e+04 1.3481e+00 6.2139e+03
-4.1135e+06 4.1636e+01 -5.0505e+03 1.5756e+04 1.2692e+00 6.1185e+03
-4.1148e+06 4.1566e+01 -5.0611e+03 1.5762e+04 6.9805e-01 6.0222e+03
-4.1170e+06 4.1429e+01 -5.0714e+03 1.5768e+04 8.9289e-02 5.9251e+03
-4.1212e+06 4.1277e+01 -5.0815e+03 1.5774e+04 3.4487e-01 5.8272e+03
-4.1231e+06 4.1121e+01 -5.0914e+03 1.5780e+04 7.7235e-01 5.7284e+03
-4.1248e+06 4.0980e+01 -5.1009e+03 1.5785e+04 -7.4275e-02 5.6288e+03
-4.1156e+06 4.0994e+01 -5.1102e+03 1.5791e+04 -1.0130e+00 5.5285e+03
-4.0963e+06 4.1318e+01 -5.1193e+03 1.5797e+04 -4.1648e-01 5.4275e+03
-4.0659e+06 4.1870e+01 -5.1281e+03 1.5803e+04 8.0909e-01 5.3258e+03
-4.0432e+06 4.2397e+01 -5.1366e+03 1.5809e+04 1.1006e+00 5.2233e+03
-4.0278e+06 4.2768e+01 -5.1448e+03 1.5814e+04 1.1552e+00 5.1203e+03
-4.0264e+06 4.3023e+01 -5.1528e+03 1.5820e+04 1.6245e+00 5.0165e+03
-4.0310e+06 4.3236e+01 -5.1605e+03 1.5826e+04 1.2382e+00 4.9120e+03
-4.0237e+06 4.3463e+01 -5.1679e+03 1.5831e+04 6.6644e-01 4.8068e+03
-3.9995e+06 4.3743e+01 -5.1751e+03 1.5837e+04 6.7817e-01 4.7012e+03
-3.9807e+06 4.4064e+01 -5.1820e+03 1.5843e+04 6.0137e-01 4.5950e+03
-3.9691e+06 4.4414e+01 -5.1886e+03 1.5848e+04 5.3429e-01 4.4883e+03
-3.9640e+06 4.4761e+01 -5.1949e+03 1.5854e+04 6.1242e-01 4.3810e+03
-3.9683e+06 4.5052e+01 -5.2010e+03 1.5859e+04 4.1578e-01 4.2732e+03
-3.9835e+06 4.5306e+01 -5.2068e+03 1.5864e+04 -1.0917e+00 4.1648e+03
-3.9809e+06 4.5617e+01 -5.2123e+03 1.5869e+04 -1.4994e+00 4.0562e+03
-3.9578e+06 4.6047e+01 -5.2176e+03 1.5875e+04 -1.3510e-01 3.9469e+03
-3.9438e+06 4.6556e+01 -5.2225e+03 1.5880e+04 3.2025e-02 3.8372e+03
-3.9353e+06 4.7039e+01 -5.2272e+03 1.5885e+04 2.5929e-01 3.7273e+03
-3.9287e+06 4.7441e+01 -5.2317e+03 1.5890e+04 7.2472e-01 3.6168e+03
-3.9208e+06 4.7807e+01 -5.2358e+03 1.5894e+04 2.4142e-02 3.5064e+03
-4.2857e+06 4.0182e+01 -4.9568e+03 1.5744e+04 7.7578e-01 6.5368e+03
-4.2466e+06 4.0381e+01 -4.9694e+03 1.5749e+04 -4.6982e-01 6.4428e+03
-4.1999e+06 4.0601e+01 -4.9817e+03 1.5755e+04 9.9562e-01 6.3541e+03
-4.1740e+06 4.0829e+01 -4.9938e+03 1.5760e+04 1.0139e+00 6.2610e+03
-4.1427e+06 4.1073e+01 -5.0056e+03 1.5766e+04 2.8339e-02 6.1674e+03
-4.1316e+06 4.1339e+01 -5.0172e+03 1.5771e+04 1.9920e-01 6.0729e+03
-4.1069e+06 4.1564e+01 -5.0286e+03 1.5777e+04 1.4463e+00 5.9775e+03
-4.1084e+06 4.1655e+01 -5.0397e+03 1.5782e+04 2.2601e+00 5.8814e+03
-4.1011e+06 4.1598e+01 -5.0505e+03 1.5788e+04 1.4766e+00 5.7845e+03
-4.1159e+06 4.1458e+01 -5.0612e+03 1.5793e+04 -1.0530e-01 5.6866e+03
-4.1123e+06 4.1302e+01 -5.0715e+03 1.5799e+04 -5.5367e-01 5.5880e+03
-4.1244e+06 4.1146e+01 -5.0816e+03 1.5804e+04 -1.0780e-01 5.4887e+03
-4.1186e+06 4.0995e+01 -5.0914e+03 1.5809e+04 -3.9031e-01 5.3885e+03
-4.1259e+06 4.0936e+01 -5.1010e+03 1.5815e+04 -1.0598e+00 5.2877e+03
-4.1000e+06 4.1136e+01 -5.1103e+03 1.5820e+04 -6.6373e-01 5.1860e+03
-4.0805e+06 4.1643e+01 -5.1194e+03 1.5826e+04 6.3559e-01 5.0837e+03
-4.0435e+06 4.2229e+01 -5.1282e+03 1.5831e+04 1.0628e+00 4.9807e+03
-4.0332e+06 4.2653e+01 -5.1367e+03 1.5836e+04 1.8872e+00 4.8770e+03
-4.0229e+06 4.2923e+01 -5.1449e+03 1.5842e+04 3.5074e+00 4.7726e+03
-4.0452e+06 4.3137e+01 -5.1529e+03 1.5847e+04 2.2185e+00 4.6677e+03
-4.0294e+06 4.3353e+01 -5.1606e+03 1.5852e+04 1.2961e+00 4.5621e+03
-4.0044e+06 4.3612e+01 -5.1680e+03 1.5857e+04 2.0071e+00 4.4561e+03
-3.9778e+06 4.3911e+01 -5.1752e+03 1.5862e+04 9.7989e-01 4.3494e+03
-3.9769e+06 4.4248e+01 -5.1821e+03 1.5867e+04 3.5397e-01 4.2421e+03
-3.9646e+06 4.4618e+01 -5.1887e+03 1.5872e+04 7.3548e-01 4.1344e+03
-3.9742e+06 4.4962e+01 -5.1950e+03 1.5877e+04 5.7395e-01 4.0261e+03
-3.9835e+06 4.5243e+01 -5.2011e+03 1.5882e+04 -8.1424e-01 3.9174e+03
-3.9886e+06 4.5531e+01 -5.2069e+03 1.5887e+04 -1.1490e+00 3.8083e+03
-3.9636e+06 4.5925e+01 -5.2124e+03 1.5891e+04 -2.4117e-01 3.6988e+03
-3.9553e+06 4.6430e+01 -5.2176e+03 1.5896e+04 -3.9711e-01 3.5888e+03
-3.9399e+06 4.6943e+01 -5.2226e+03 1.5900e+04 1.7204e-01 3.4785e+03
-3.9364e+06 4.7376e+01 -5.2273e+03 1.5905e+04 7.8395e-01 3.3677e+03
-3.9252e+06 4.7752e+01 -5.2317e+03 1.5909e+04 -1.2587e-01 3.2570e+03
-4.2992e+06 4.0118e+01 -4.9440e+03 1.5772e+04 -1.7173e+00 6.3035e+03
-4.2556e+06 4.0309e+01 -4.9568e+03 1.5777e+04 -2.1178e+00 6.2088e+03
-4.2092e+06 4.0520e+01 -4.9694e+03 1.5782e+04 1.0228e+00 6.1193e+03
-4.1693e+06 4.0743e+01 -4.9817e+03 1.5787e+04 1.3127e+00 6.0255e+03
-4.1495e+06 4.0967e+01 -4.9938e+03 1.5792e+04 1.3832e-01 5.9311e+03
-4.1206e+06 4.1223e+01 -5.0056e+03 1.5797e+04 2.5851e-01 5.8359e+03
-4.1088e+06 4.1482e+01 -5.0173e+03 1.5802e+04 1.3992e+00 5.7399e+03
-4.0932e+06 4.1635e+01 -5.0286e+03 1.5807e+04 2.1786e+00 5.6431e+03
-4.0995e+06 4.1617e+01 -5.0397e+03 1.5812e+04 1.3923e+00 5.5455e+03
-4.0984e+06 4.1486e+01 -5.0506e+03 1.5818e+04 -1.9262e-01 5.4470e+03
-4.1126e+06 4.1327e+01 -5.0612e+03 1.5823e+04 -6.8681e-01 5.3477e+03
-4.1120e+06 4.1170e+01 -5.0716e+03 1.5828e+04 -2.0203e-01 5.2477e+03
-4.1232e+06 4.1007e+01 -5.0817e+03 1.5833e+04 -1.7887e-01 5.1469e+03
-4.1181e+06 4.0865e+01 -5.0915e+03 1.5838e+04 -9.8692e-01 5.0453e+03
-4.1180e+06 4.0909e+01 -5.1011e+03 1.5843e+04 -1.4106e+00 4.9431e+03
-4.0872e+06 4.1331e+01 -5.1104e+03 1.5848e+04 -4.1415e-01 4.8403e+03
-4.0635e+06 4.1976e+01 -5.1195e+03 1.5853e+04 3.0329e-01 4.7367e+03
-4.0317e+06 4.2484e+01 -5.1282e+03 1.5857e+04 2.2170e+00 4.6324e+03
-4.0507e+06 4.2799e+01 -5.1368e+03 1.5862e+04 1.8654e+00 4.5275e+03
-4.1074e+06 4.3047e+01 -5.1450e+03 1.5867e+04 -6.6763e+00 4.4221e+03
-4.1032e+06 4.3277e+01 -5.1530e+03 1.5872e+04 -7.2472e+00 4.3161e+03
-4.0176e+06 4.3523e+01 -5.1607e+03 1.5876e+04 9.5188e-01 4.2095e+03
-3.9881e+06 4.3804e+01 -5.1681e+03 1.5881e+04 1.5418e+00 4.1023e+03
-3.9776e+06 4.4118e+01 -5.1753e+03 1.5885e+04 -7.8243e-02 3.9946e+03
-3.9758e+06 4.4476e+01 -5.1822e+03 1.5890e+04 2.8817e-01 3.8863e+03
-3.9705e+06 4.4845e+01 -5.1888e+03 1.5894e+04 3.4615e-01 3.7777e+03
-3.9776e+06 4.5165e+01 -5.1951e+03 1.5899e+04 2.2644e-01 3.6686e+03
-3.9743e+06 4.5456e+01 -5.2012e+03 1.5903e+04 3.7659e-02 3.5591e+03
-3.9709e+06 4.5815e+01 -5.2070e+03 1.5907e+04 -1.1066e-01 3.4492e+03
-3.9600e+06 4.6293e+01 -5.2125e+03 1.5911e+04 -5.6207e-01 3.3389e+03
-3.9510e+06 4.6827e+01 -5.2177e+03 1.5915e+04 1.3644e-01 3.2283e+03
-3.9378e+06 4.7316e+01 -5.2227e+03 1.5919e+04 8.1868e-01 3.1173e+03
-3.9320e+06 4.7732e+01 -5.2274e+03 1.5923e+04 -1.5371e-01 3.0063e+03
-4.3165e+06 4.0028e+01 -4.9309e+03 1.5799e+04 -3.6830e+00 6.0688e+03
-4.2683e+06 4.0224e+01 -4.9439e+03 1.5803e+04 -2.5169e+00 5.9734e+03
-4.2142e+06 4.0442e+01 -4.9568e+03 1.5808e+04 1.1893e+00 5.8833e+03
-4.1800e+06 4.0678e+01 -4.9693e+03 1.5813e+04 1.3113e+00 5.7886e+03
-4.1479e+06 4.0895e+01 -4.9817e+03 1.5818e+04 -2.3918e-02 5.6936e+03
-4.1302e+06 4.1116e+01 -4.9938e+03 1.5822e+04 -2.1638e-01 5.5977e+03
-4.1010e+06 4.1363e+01 -5.0057e+03 1.5827e+04 5.4392e-01 5.5010e+03
-4.0937e+06 4.1562e+01 -5.0173e+03 1.5832e+04 1.1575e+00 5.4034e+03
-4.0849e+06 4.1609e+01 -5.0287e+03 1.5837e+04 7.9206e-01 5.3052e+03
-4.0962e+06 4.1511e+01 -5.0398e+03 1.5841e+04 1.5107e-01 5.2060e+03
-4.0981e+06 4.1355e+01 -5.0507e+03 1.5846e+04 1.4503e-01 5.1060e+03
-4.1143e+06 4.1198e+01 -5.0613e+03 1.5851e+04 1.4137e-01 5.0054e+03
-4.1169e+06 4.1036e+01 -5.0716e+03 1.5855e+04 -8.3249e-03 4.9039e+03
-4.1293e+06 4.0861e+01 -5.0817e+03 1.5860e+04 -7.1894e-01 4.8019e+03
-4.1196e+06 4.0800e+01 -5.0916e+03 1.5864e+04 -1.7634e+00 4.6992e+03
-4.1055e+06 4.1114e+01 -5.1012e+03 1.5869e+04 -1.1668e+00 4.5956e+03
-4.0680e+06 4.1758e+01 -5.1105e+03 1.5873e+04 -1.1154e-01 4.4914e+03
-4.0470e+06 4.2324e+01 -5.1195e+03 1.5878e+04 1.8000e+00 4.3868e+03
-4.0497e+06 4.2673e+01 -5.1283e+03 1.5882e+04 8.6728e-01 4.2814e+03
-4.1130e+06 4.2951e+01 -5.1368e+03 1.5886e+04 -7.5350e+00 4.1753e+03
-4.0992e+06 4.3206e+01 -5.1451e+03 1.5891e+04 -7.0918e+00 4.0687e+03
-4.0252e+06 4.3456e+01 -5.1531e+03 1.5895e+04 1.5177e+00 3.9615e+03
-3.9863e+06 4.3733e+01 -5.1608e+03 1.5899e+04 1.6754e+00 3.8539e+03
-3.9877e+06 4.4040e+01 -5.1682e+03 1.5903e+04 -2.8822e-01 3.7458e+03
-3.9789e+06 4.4384e+01 -5.1754e+03 1.5907e+04 6.3095e-03 3.6371e+03
-3.9806e+06 4.4751e+01 -5.1823e+03 1.5911e+04 3.3192e-02 3.5281e+03
-3.9754e+06 4.5090e+01 -5.1889e+03 1.5915e+04 8.1793e-02 3.4186e+03
-3.9775e+06 4.5392e+01 -5.1952e+03 1.5918e+04 -1.8986e-01 3.3088e+03
-3.9703e+06 4.5733e+01 -5.2013e+03 1.5922e+04 -5.0878e-01 3.1986e+03
-3.9667e+06 4.6183e+01 -5.2070e+03 1.5926e+04 -8.0916e-01 3.0879e+03
-3.9529e+06 4.6717e+01 -5.2126e+03 1.5929e+04 2.0252e-02 2.9769e+03
-3.9452e+06 4.7250e+01 -5.2178e+03 1.5932e+04 8.2516e-01 2.8656e+03
-3.9345e+06 4.7719e+01 -5.2227e+03 1.5936e+04 -1.1376e-01 2.7544e+03
-4.3159e+06 3.9942e+01 -4.9176e+03 1.5825e+04 -2.6810e+00 5.8330e+03
-4.2704e+06 4.0137e+01 -4.9308e+03 1.5829e+04 -1.5510e+00 5.7368e+03
-4.2258e+06 4.0355e+01 -4.9439e+03 1.5834e+04 1.2117e+00 5.6458e+03
-4.1864e+06 4.0607e+01 -4.9567e+03 1.5838e+04 9.2588e-01 5.5504e+03
-4.1634e+06 4.0843e+01 -4.9693e+03 1.5843e+04 2.1059e-01 5.4547e+03
-4.1281e+06 4.1052e+01 -4.9817e+03 1.5847e+04 2.3841e-01 5.3582e+03
-4.1115e+06 4.1272e+01 -4.9938e+03 1.5851e+04 2.3986e-01 5.2607e+03
-4.0873e+06 4.1482e+01 -5.0057e+03 1.5856e+04 4.1962e-01 5.1624e+03
-4.0863e+06 4.1582e+01 -5.0173e+03 1.5860e+04 6.3811e-01 5.0635e+03
-4.0807e+06 4.1526e+01 -5.0287e+03 1.5864e+04 7.5521e-01 4.9637e+03
-4.1007e+06 4.1381e+01 -5.0398e+03 1.5868e+04 5.0922e-01 4.8631e+03
-4.1113e+06 4.1224e+01 -5.0507e+03 1.5873e+04 -6.6981e-01 4.7618e+03
-4.1279e+06 4.1067e+01 -5.0613e+03 1.5877e+04 -8.7234e-01 4.6598e+03
-4.1209e+06 4.0906e+01 -5.0717e+03 1.5881e+04 -4.3613e-01 4.5572e+03
-4.1262e+06 4.0836e+01 -5.0818e+03 1.5885e+04 -1.0397e+00 4.4538e+03
-4.1011e+06 4.1100e+01 -5.0917e+03 1.5889e+04 -5.3172e-01 4.3496e+03
-4.0792e+06 4.1708e+01 -5.1012e+03 1.5893e+04 7.0970e-01 4.2449e+03
-4.0474e+06 4.2272e+01 -5.1106e+03 1.5897e+04 1.4155e+00 4.1396e+03
-4.0450e+06 4.2612e+01 -5.1196e+03 1.5901e+04 1.8234e+00 4.0337e+03
-4.0446e+06 4.2880e+01 -5.1284e+03 1.5905e+04 8.6825e-01 3.9271e+03
-4.0411e+06 4.3141e+01 -5.1369e+03 1.5909e+04 1.5410e+00 3.8202e+03
-4.0083e+06 4.3394e+01 -5.1452e+03 1.5912e+04 2.7298e+00 3.7125e+03
-4.0001e+06 4.3670e+01 -5.1532e+03 1.5916e+04 9.4388e-01 3.6043e+03
-3.9888e+06 4.3987e+01 -5.1609e+03 1.5920e+04 -2.4512e-01 3.4958e+03
-3.9886e+06 4.4341e+01 -5.1683e+03 1.5923e+04 -2.3854e-03 3.3867e+03
-3.9803e+06 4.4709e+01 -5.1755e+03 1.5926e+04 1.2117e-01 3.2773e+03
-3.9829e+06 4.5050e+01 -5.1823e+03 1.5930e+04 -4.5835e-02 3.1674e+03
-3.9761e+06 4.5353e+01 -5.1889e+03 1.5933e+04 -4.8105e-01 3.0572e+03
-3.9767e+06 4.5677e+01 -5.1953e+03 1.5936e+04 -7.2188e-01 2.9466e+03
-3.9671e+06 4.6100e+01 -5.2013e+03 1.5939e+04 -8.5582e-01 2.8357e+03
-3.9598e+06 4.6624e+01 -5.2071e+03 1.5942e+04 4.5692e-02 2.7245e+03
-3.9447e+06 4.7176e+01 -5.2126e+03 1.5945e+04 8.9887e-01 2.6128e+03
-3.9389e+06 4.7681e+01 -5.2179e+03 1.5948e+04 -1.2076e-01 2.5014e+03
-4.3019e+06 3.9874e+01 -4.9040e+03 1.5851e+04 -1.1317e+00 5.5960e+03
-4.2669e+06 4.0066e+01 -4.9175e+03 1.5855e+04 -9.0223e-01 5.4990e+03
-4.2298e+06 4.0275e+01 -4.9308e+03 1.5859e+04 5.7591e-01 5.4071e+03
-4.2026e+06 4.0527e+01 -4.9439e+03 1.5863e+04 4.4037e-01 5.3111e+03
-4.1666e+06 4.0780e+01 -4.9567e+03 1.5867e+04 6.5888e-01 5.2146e+03
-4.1454e+06 4.1000e+01 -4.9693e+03 1.5871e+04 9.1683e-01 5.1173e+03
-4.1088e+06 4.1215e+01 -4.9817e+03 1.5875e+04 4.9850e-01 5.0192e+03
-4.0952e+06 4.1435e+01 -4.9938e+03 1.5879e+04 4.7273e-01 4.9202e+03
-4.0770e+06 4.1572e+01 -5.0057e+03 1.5882e+04 9.7201e-01 4.8206e+03
-4.0851e+06 4.1549e+01 -5.0173e+03 1.5886e+04 1.2308e+00 4.7201e+03
-4.0892e+06 4.1411e+01 -5.0287e+03 1.5890e+04 7.1052e-01 4.6190e+03
-4.1158e+06 4.1252e+01 -5.0399e+03 1.5894e+04 -7.3267e-01 4.5171e+03
-4.1221e+06 4.1097e+01 -5.0508e+03 1.5898e+04 -1.0117e+00 4.4144e+03
-4.1330e+06 4.0945e+01 -5.0614e+03 1.5901e+04 -4.2576e-01 4.3110e+03
-4.1234e+06 4.0872e+01 -5.0718e+03 1.5905e+04 -8.3044e-01 4.2070e+03
-4.1140e+06 4.1097e+01 -5.0819e+03 1.5909e+04 -5.6874e-01 4.1025e+03
-4.0789e+06 4.1669e+01 -5.0917e+03 1.5912e+04 6.4145e-01 3.9972e+03
-4.0620e+06 4.2237e+01 -5.1013e+03 1.5916e+04 8.8991e-01 3.8913e+03
-4.0395e+06 4.2582e+01 -5.1106e+03 1.5919e+04 8.8216e-01 3.7849e+03
-4.0310e+06 4.2843e+01 -5.1197e+03 1.5923e+04 1.5194e+00 3.6778e+03
-4.0153e+06 4.3103e+01 -5.1285e+03 1.5926e+04 1.6788e+00 3.5703e+03
-4.0132e+06 4.3352e+01 -5.1370e+03 1.5929e+04 8.8559e-01 3.4623e+03
-4.0014e+06 4.3617e+01 -5.1453e+03 1.5932e+04 7.6069e-02 3.3536e+03
-3.9997e+06 4.3933e+01 -5.1532e+03 1.5935e+04 -1.3153e-01 3.2447e+03
-3.9887e+06 4.4302e+01 -5.1609e+03 1.5938e+04 6.8520e-02 3.1353e+03
-3.9877e+06 4.4679e+01 -5.1684e+03 1.5941e+04 2.4710e-01 3.0253e+03
-3.9800e+06 4.5024e+01 -5.1755e+03 1.5944e+04 8.3308e-02 2.9151e+03
-3.9787e+06 4.5331e+01 -5.1824e+03 1.5947e+04 -3.5369e-01 2.8046e+03
-3.9707e+06 4.5643e+01 -5.1890e+03 1.5949e+04 -6.2574e-01 2.6936e+03
-3.9675e+06 4.6035e+01 -5.1953e+03 1.5952e+04 -8.5711e-01 2.5823e+03
-3.9550e+06 4.6539e+01 -5.2014e+03 1.5954e+04 2.0283e-02 2.4708e+03
-3.9475e+06 4.7090e+01 -5.2072e+03 1.5957e+04 9.4280e-01 2.3588e+03
-3.9369e+06 4.7614e+01 -5.2127e+03 1.5959e+04 -1.4587e-01 2.2471e+03
-4.2927e+06 3.9816e+01 -4.8901e+03 1.5875e+04 -4.4072e-01 5.3578e+03
-4.2638e+06 4.0012e+01 -4.9039e+03 1.5879e+04 -1.3610e+00 5.2600e+03
-4.2347e+06 4.0221e+01 -4.9174e+03 1.5883e+04 -4.0522e-02 5.1674e+03
-4.2003e+06 4.0469e+01 -4.9307e+03 1.5886e+04 2.0249e-01 5.0707e+03
-4.1805e+06 4.0724e+01 -4.9438e+03 1.5890e+04 5.4165e-01 4.9734e+03
-4.1417e+06 4.0948e+01 -4.9567e+03 1.5894e+04 8.2192e-01 4.8755e+03
-4.1241e+06 4.1165e+01 -4.9693e+03 1.5897e+04 3.3097e-01 4.7766e+03
-4.0918e+06 4.1397e+01 -4.9817e+03 1.5901e+04 4.6872e-01 4.6770e+03
-4.0848e+06 4.1569e+01 -4.9938e+03 1.5904e+04 1.2499e+00 4.5766e+03
-4.0749e+06 4.1577e+01 -5.0057e+03 1.5908e+04 1.3167e+00 4.4754e+03
-4.0953e+06 4.1445e+01 -5.0174e+03 1.5911e+04 7.4398e-01 4.3736e+03
-4.1017e+06 4.1279e+01 -5.0288e+03 1.5915e+04 1.8744e-01 4.2711e+03
-4.1216e+06 4.1122e+01 -5.0399e+03 1.5918e+04 9.9198e-02 4.1678e+03
-4.1206e+06 4.0969e+01 -5.0508e+03 1.5921e+04 -1.5283e-01 4.0638e+03
-4.1342e+06 4.0875e+01 -5.0615e+03 1.5924e+04 -1.0297e+00 3.9593e+03
-4.1158e+06 4.1050e+01 -5.0718e+03 1.5927e+04 -1.2099e+00 3.8541e+03
-4.0986e+06 4.1590e+01 -5.0820e+03 1.5931e+04 -1.4879e-01 3.7482e+03
-4.0646e+06 4.2181e+01 -5.0918e+03 1.5934e+04 4.2082e-01 3.6418e+03
-4.0554e+06 4.2556e+01 -5.1014e+03 1.5937e+04 -9.9030e-03 3.5350e+03
-4.0361e+06 4.2822e+01 -5.1107e+03 1.5939e+04 -3.1490e-01 3.4274e+03
-4.0319e+06 4.3084e+01 -5.1198e+03 1.5942e+04 -3.6615e-01 3.3194e+03
-4.0166e+06 4.3331e+01 -5.1286e+03 1.5945e+04 -3.2662e-01 3.2108e+03
-4.0153e+06 4.3581e+01 -5.1371e+03 1.5948e+04 -2.3034e-01 3.1019e+03
-4.0006e+06 4.3876e+01 -5.1453e+03 1.5950e+04 -1.9548e-01 2.9924e+03
-3.9969e+06 4.4235e+01 -5.1533e+03 1.5953e+04 -8.1344e-02 2.8826e+03
-3.9832e+06 4.4616e+01 -5.1610e+03 1.5955e+04 1.0752e-02 2.7723e+03
-3.9816e+06 4.4971e+01 -5.1685e+03 1.5957e+04 -1.1671e-01 2.6617e+03
-3.9705e+06 4.5290e+01 -5.1756e+03 1.5960e+04 -2.8028e-01 2.5509e+03
-3.9696e+06 4.5600e+01 -5.1825e+03 1.5962e+04 -4.1338e-01 2.4396e+03
-3.9607e+06 4.5968e+01 -5.1891e+03 1.5964e+04 -7.7105e-01 2.3280e+03
-3.9546e+06 4.6438e+01 -5.1954e+03 1.5966e+04 1.0370e-01 2.2161e+03
-3.9402e+06 4.6973e+01 -5.2015e+03 1.5967e+04 1.0634e+00 2.1039e+03
-3.9347e+06 4.7509e+01 -5.2072e+03 1.5969e+04 -1.2038e-01 1.9919e+03
-4.2916e+06 3.9780e+01 -4.8760e+03 1.5900e+04 -4.9934e-01 5.1184e+03
-4.2606e+06 3.9981e+01 -4.8900e+03 1.5903e+04 -1.5447e+00 5.0198e+03
-4.2287e+06 4.0195e+01 -4.9038e+03 1.5906e+04 -1.4898e-01 4.9266e+03
-4.2043e+06 4.0440e+01 -4.9174e+03 1.5909e+04 1.6040e-01 4.8291e+03
-4.1703e+06 4.0686e+01 -4.9307e+03 1.5913e+04 6.6810e-03 4.7311e+03
-4.1543e+06 4.0903e+01 -4.9438e+03 1.5916e+04 -9.2228e-02 4.6324e+03
-4.1171e+06 4.1114e+01 -4.9567e+03 1.5919e+04 -6.5649e-02 4.5328e+03
-4.1028e+06 4.1348e+01 -4.9693e+03 1.5922e+04 3.7051e-01 4.4325e+03
-4.0801e+06 4.1545e+01 -4.9817e+03 1.5925e+04 9.6749e-01 4.3315e+03
-4.0865e+06 4.1587e+01 -4.9938e+03 1.5928e+04 9.5030e-01 4.2296e+03
-4.0853e+06 4.1471e+01 -5.0057e+03 1.5931e+04 5.2661e-01 4.1272e+03
-4.1060e+06 4.1306e+01 -5.0174e+03 1.5934e+04 2.6269e-01 4.0240e+03
-4.1132e+06 4.1147e+01 -5.0288e+03 1.5937e+04 4.9423e-02 3.9201e+03
-4.1345e+06 4.0987e+01 -5.0400e+03 1.5940e+04 -4.8260e-01 3.8156e+03
-4.1331e+06 4.0864e+01 -5.0509e+03 1.5943e+04 -1.1352e+00 3.7105e+03
-4.1332e+06 4.0978e+01 -5.0615e+03 1.5945e+04 -1.1512e+00 3.6047e+03
-4.1016e+06 4.1483e+01 -5.0719e+03 1.5948e+04 -4.7246e-02 3.4982e+03
-4.0808e+06 4.2121e+01 -5.0820e+03 1.5951e+04 7.3775e-01 3.3913e+03
-4.0547e+06 4.2556e+01 -5.0919e+03 1.5953e+04 4.3470e-01 3.2839e+03
-4.0471e+06 4.2828e+01 -5.1015e+03 1.5955e+04 1.1447e-01 3.1759e+03
-4.0308e+06 4.3078e+01 -5.1108e+03 1.5958e+04 4.2351e-02 3.0674e+03
-4.0269e+06 4.3324e+01 -5.1199e+03 1.5960e+04 -8.5655e-02 2.9584e+03
-4.0131e+06 4.3567e+01 -5.1287e+03 1.5962e+04 -2.1372e-01 2.8490e+03
-4.0093e+06 4.3838e+01 -5.1372e+03 1.5964e+04 -3.1838e-01 2.7391e+03
-3.9947e+06 4.4168e+01 -5.1454e+03 1.5966e+04 -3.3737e-01 2.6288e+03
-3.9880e+06 4.4539e+01 -5.1534e+03 1.5968e+04 -2.6767e-01 2.5182e+03
-3.9745e+06 4.4901e+01 -5.1611e+03 1.5970e+04 -2.5853e-01 2.4073e+03
-3.9687e+06 4.5228e+01 -5.1685e+03 1.5972e+04 -2.4494e-01 2.2961e+03
-3.9582e+06 4.5535e+01 -5.1757e+03 1.5973e+04 -3.5595e-01 2.1844e+03
-3.9553e+06 4.5878e+01 -5.1826e+03 1.5975e+04 -8.9365e-01 2.0725e+03
-3.9441e+06 4.6312e+01 -5.1892e+03 1.5976e+04 -2.0113e-01 1.9604e+03
-3.9369e+06 4.6823e+01 -5.1955e+03 1.5977e+04 7.5581e-01 1.8480e+03
-3.9254e+06 4.7367e+01 -5.2015e+03 1.5979e+04 -2.6285e-01 1.7358e+03
-4.2912e+06 3.9754e+01 -4.8617e+03 1.5923e+04 -6.4608e-01 4.8780e+03
-4.2616e+06 3.9962e+01 -4.8759e+03 1.5926e+04 -1.8131e+00 4.7786e+03
-4.2277e+06 4.0177e+01 -4.8900e+03 1.5929e+04 1.9724e-01 4.6847e+03
-4.1932e+06 4.0413e+01 -4.9037e+03 1.5932e+04 4.8924e-01 4.5864e+03
-4.1772e+06 4.0647e+01 -4.9173e+03 1.5934e+04 -1.4020e-01 4.4878e+03
-4.1408e+06 4.0857e+01 -4.9307e+03 1.5937e+04 -2.4803e-01 4.3883e+03
-4.1291e+06 4.1065e+01 -4.9438e+03 1.5940e+04 -1.3675e-01 4.2880e+03
-4.0973e+06 4.1304e+01 -4.9567e+03 1.5943e+04 3.8573e-01 4.1871e+03
-4.0903e+06 4.1526e+01 -4.9693e+03 1.5945e+04 9.4829e-01 4.0853e+03
-4.0777e+06 4.1601e+01 -4.9817e+03 1.5948e+04 7.6548e-01 3.9829e+03
-4.0965e+06 4.1501e+01 -4.9939e+03 1.5951e+04 1.9330e-01 3.8797e+03
-4.0989e+06 4.1335e+01 -5.0058e+03 1.5953e+04 -9.9172e-02 3.7759e+03
-4.1186e+06 4.1174e+01 -5.0174e+03 1.5955e+04 -1.3308e-01 3.6714e+03
-4.1217e+06 4.1008e+01 -5.0289e+03 1.5958e+04 -3.8441e-01 3.5663e+03
-4.1426e+06 4.0840e+01 -5.0400e+03 1.5960e+04 -9.7457e-01 3.4606e+03
-4.1358e+06 4.0817e+01 -5.0509e+03 1.5962e+04 -1.2804e+00 3.3543e+03
-4.1266e+06 4.1164e+01 -5.0616e+03 1.5965e+04 -4.5853e-01 3.2474e+03
-4.0891e+06 4.1815e+01 -5.0720e+03 1.5967e+04 6.1637e-01 3.1399e+03
-4.0709e+06 4.2422e+01 -5.0821e+03 1.5969e+04 7.9096e-01 3.0319e+03
-4.0475e+06 4.2808e+01 -5.0919e+03 1.5971e+04 3.8115e-01 2.9234e+03
-4.0415e+06 4.3072e+01 -5.1015e+03 1.5972e+04 5.8142e-02 2.8144e+03
-4.0248e+06 4.3315e+01 -5.1109e+03 1.5974e+04 -9.4183e-02 2.7049e+03
-4.0209e+06 4.3562e+01 -5.1199e+03 1.5976e+04 -2.4940e-01 2.5950e+03
-4.0045e+06 4.3825e+01 -5.1287e+03 1.5977e+04 -3.6876e-01 2.4848e+03
-3.9973e+06 4.4134e+01 -5.1372e+03 1.5979e+04 -3.8763e-01 2.3741e+03
-3.9794e+06 4.4491e+01 -5.1455e+03 1.5980e+04 -2.6946e-01 2.2631e+03
-3.9716e+06 4.4854e+01 -5.1535e+03 1.5981e+04 -1.5544e-01 2.1518e+03
-3.9569e+06 4.5185e+01 -5.1612e+03 1.5983e+04 -1.3410e-01 2.0402e+03
-3.9526e+06 4.5486e+01 -5.1686e+03 1.5984e+04 -2.4703e-01 1.9283e+03
-3.9439e+06 4.5803e+01 -5.1758e+03 1.5985e+04 -6.5377e-01 1.8160e+03
-3.9373e+06 4.6191e+01 -5.1826e+03 1.5986e+04 2.9942e-01 1.7037e+03
-3.9234e+06 4.6666e+01 -5.1892e+03 1.5986e+04 1.3313e+00 1.5911e+03
-3.9163e+06 4.7202e+01 -5.1956e+03 1.5987e+04 -1.5626e-01 1.4786e+03
-4.2949e+06 3.9713e+01 -4.8471e+03 1.5945e+04 -9.2873e-01 4.6365e+03
-4.2608e+06 3.9927e+01 -4.8616e+03 1.5948e+04 -1.6376e+00 4.5364e+03
-4.2241e+06 4.0144e+01 -4.8758e+03 1.5950e+04 4.3593e-01 4.4416e+03
-4.2008e+06 4.0373e+01 -4.8899e+03 1.5953e+04 7.2774e-01 4.3427e+03
-4.1637e+06 4.0603e+01 -4.9037e+03 1.5955e+04 1.3108e-01 4.2434e+03
-4.1546e+06 4.0820e+01 -4.9173e+03 1.5958e+04 -5.7526e-03 4.1431e+03
-4.1161e+06 4.1030e+01 -4.9306e+03 1.5960e+04 1.3993e-01 4.0422e+03
-4.1086e+06 4.1266e+01 -4.9438e+03 1.5962e+04 3.7985e-01 3.9405e+03
-4.0833e+06 4.1504e+01 -4.9566e+03 1.5965e+04 7.5530e-01 3.8381e+03
-4.0898e+06 4.1614e+01 -4.9693e+03 1.5967e+04 7.4029e-01 3.7351e+03
-4.0824e+06 4.1535e+01 -4.9817e+03 1.5969e+04 3.8942e-01 3.6313e+03
-4.1056e+06 4.1366e+01 -4.9939e+03 1.5971e+04 -2.7694e-02 3.5268e+03
-4.1108e+06 4.1202e+01 -5.0058e+03 1.5973e+04 -2.7819e-01 3.4217e+03
-4.1357e+06 4.1040e+01 -5.0175e+03 1.5975e+04 -4.6069e-01 3.3160e+03
-4.1372e+06 4.0851e+01 -5.0289e+03 1.5977e+04 -8.8539e-01 3.2097e+03
-4.1543e+06 4.0677e+01 -5.0401e+03 1.5978e+04 -1.6360e+00 3.1028e+03
-4.1391e+06 4.0732e+01 -5.0510e+03 1.5980e+04 -1.9355e+00 2.9954e+03
-4.1226e+06 4.1233e+01 -5.0616e+03 1.5982e+04 -1.0822e+00 2.8873e+03
-4.0788e+06 4.2013e+01 -5.0720e+03 1.5983e+04 7.7121e-02 2.7788e+03
-4.0593e+06 4.2649e+01 -5.0821e+03 1.5985e+04 3.7926e-01 2.6699e+03
-4.0354e+06 4.3017e+01 -5.0920e+03 1.5986e+04 6.1116e-02 2.5604e+03
-4.0296e+06 4.3283e+01 -5.1016e+03 1.5987e+04 -1.4606e-01 2.4505e+03
-4.0111e+06 4.3543e+01 -5.1109e+03 1.5988e+04 -2.8739e-01 2.3402e+03
-4.0057e+06 4.3811e+01 -5.1200e+03 1.5990e+04 -3.9440e-01 2.2296e+03
-3.9869e+06 4.4118e+01 -5.1288e+03 1.5990e+04 -3.2963e-01 2.1185e+03
-3.9776e+06 4.4475e+01 -5.1373e+03 1.5991e+04 -1.1291e-01 2.0071e+03
-3.9589e+06 4.4842e+01 -5.1456e+03 1.5992e+04 1.4256e-02 1.8954e+03
-3.9510e+06 4.5177e+01 -5.1535e+03 1.5993e+04 -1.0876e-01 1.7835e+03
-3.9371e+06 4.5478e+01 -5.1612e+03 1.5993e+04 -4.8540e-02 1.6713e+03
-3.9361e+06 4.5776e+01 -5.1687e+03 1.5994e+04 9.3402e-02 1.5588e+03
-3.9321e+06 4.6114e+01 -5.1758e+03 1.5994e+04 9.5400e-01 1.4462e+03
-3.9299e+06 4.6532e+01 -5.1827e+03 1.5994e+04 1.7774e+00 1.3333e+03
-3.9092e+06 4.7043e+01 -5.1893e+03 1.5994e+04 1.1574e+00 1.2206e+03
-4.2956e+06 3.9672e+01 -4.8323e+03 1.5967e+04 -7.6907e-01 4.3941e+03
-4.2701e+06 3.9888e+01 -4.8470e+03 1.5969e+04 -1.9648e+00 4.2932e+03
-4.2287e+06 4.0107e+01 -4.8615e+03 1.5971e+04 4.7851e-01 4.1978e+03
-4.1949e+06 4.0330e+01 -4.8758e+03 1.5973e+04 7.9053e-01 4.0981e+03
-4.1768e+06 4.0562e+01 -4.8898e+03 1.5975e+04 1.2430e-01 3.9979e+03
-4.1393e+06 4.0800e+01 -4.9036e+03 1.5977e+04 3.2968e-01 3.8971e+03
-4.1300e+06 4.1026e+01 -4.9172e+03 1.5979e+04 2.4507e-01 3.7954e+03
-4.1012e+06 4.1248e+01 -4.9306e+03 1.5981e+04 1.9480e-01 3.6930e+03
-4.0926e+06 4.1475e+01 -4.9437e+03 1.5983e+04 6.7387e-01 3.5899e+03
-4.0772e+06 4.1608e+01 -4.9566e+03 1.5985e+04 6.6069e-01 3.4862e+03
-4.0925e+06 4.1555e+01 -4.9693e+03 1.5986e+04 2.2186e-01 3.3818e+03
-4.0938e+06 4.1395e+01 -4.9817e+03 1.5988e+04 -1.7451e-02 3.2768e+03
-4.1105e+06 4.1228e+01 -4.9939e+03 1.5990e+04 -2.5960e-02 3.1711e+03
-4.1144e+06 4.1071e+01 -5.0058e+03 1.5991e+04 -1.0853e-01 3.0648e+03
-4.1369e+06 4.0894e+01 -5.0175e+03 1.5992e+04 -4.1719e-01 2.9579e+03
-4.1443e+06 4.0673e+01 -5.0289e+03 1.5994e+04 -1.2887e+00 2.8504e+03
-4.1559e+06 4.0532e+01 -5.0401e+03 1.5995e+04 -2.5288e+00 2.7424e+03
-4.1318e+06 4.0821e+01 -5.0510e+03 1.5996e+04 -2.5278e+00 2.6339e+03
-4.1002e+06 4.1620e+01 -5.0617e+03 1.5997e+04 -9.2566e-01 2.5249e+03
-4.0587e+06 4.2434e+01 -5.0721e+03 1.5998e+04 1.5362e-01 2.4154e+03
-4.0408e+06 4.2916e+01 -5.0822e+03 1.5999e+04 1.6157e-02 2.3055e+03
-4.0204e+06 4.3219e+01 -5.0921e+03 1.6000e+04 -1.7212e-01 2.1952e+03
-4.0113e+06 4.3495e+01 -5.1017e+03 1.6000e+04 -1.9565e-01 2.0844e+03
-3.9935e+06 4.3769e+01 -5.1110e+03 1.6001e+04 -2.6498e-01 1.9734e+03
-3.9823e+06 4.4084e+01 -5.1201e+03 1.6001e+04 -2.0557e-01 1.8620e+03
-3.9630e+06 4.4455e+01 -5.1289e+03 1.6002e+04 9.1063e-02 1.7502e+03
-3.9511e+06 4.4833e+01 -5.1374e+03 1.6002e+04 4.3212e-01 1.6382e+03
-3.9354e+06 4.5175e+01 -5.1456e+03 1.6002e+04 5.2427e-01 1.5260e+03
-3.9273e+06 4.5482e+01 -5.1536e+03 1.6002e+04 6.9783e-01 1.4134e+03
-3.9278e+06 4.5773e+01 -5.1613e+03 1.6002e+04 3.4958e-01 1.3006e+03
-3.9553e+06 4.6077e+01 -5.1687e+03 1.6002e+04 -1.3563e+00 1.1878e+03
-3.9611e+06 4.6444e+01 -5.1759e+03 1.6001e+04 -1.0508e+00 1.0747e+03
-3.9294e+06 4.6925e+01 -5.1828e+03 1.6001e+04 1.3871e+00 9.6178e+02
-4.3065e+06 3.9633e+01 -4.8173e+03 1.5988e+04 -9.6544e-01 4.1508e+03
-4.2685e+06 3.9854e+01 -4.8322e+03 1.5990e+04 -1.8623e+00 4.0492e+03
-4.2332e+06 4.0082e+01 -4.8469e+03 1.5991e+04 2.7363e-01 3.9530e+03
-4.2086e+06 4.0299e+01 -4.8614e+03 1.5993e+04 5.2354e-01 3.8525e+03
-4.1682e+06 4.0522e+01 -4.8757e+03 1.5995e+04 -1.2603e-01 3.7517e+03
-4.1599e+06 4.0773e+01 -4.8897e+03 1.5996e+04 -4.3442e-02 3.6502e+03
-4.1159e+06 4.1026e+01 -4.9036e+03 1.5998e+04 3.7820e-01 3.5478e+03
-4.1100e+06 4.1256e+01 -4.9172e+03 1.5999e+04 4.0467e-01 3.4447e+03
-4.0827e+06 4.1479e+01 -4.9306e+03 1.6001e+04 5.8922e-01 3.3409e+03
-4.0860e+06 4.1622e+01 -4.9437e+03 1.6002e+04 7.7961e-01 3.2365e+03
-4.0719e+06 4.1585e+01 -4.9566e+03 1.6003e+04 5.6508e-01 3.1315e+03
-4.0941e+06 4.1426e+01 -4.9693e+03 1.6004e+04 4.6488e-02 3.0258e+03
-4.0984e+06 4.1255e+01 -4.9817e+03 1.6005e+04 -3.4678e-01 2.9195e+03
-4.1231e+06 4.1096e+01 -4.9939e+03 1.6006e+04 -4.8717e-01 2.8126e+03
-4.1236e+06 4.0930e+01 -5.0059e+03 1.6007e+04 -5.0132e-01 2.7052e+03
-4.1447e+06 4.0727e+01 -5.0175e+03 1.6008e+04 -9.4268e-01 2.5972e+03
-4.1423e+06 4.0556e+01 -5.0290e+03 1.6009e+04 -1.9947e+00 2.4887e+03
-4.1380e+06 4.0744e+01 -5.0402e+03 1.6009e+04 -2.1813e+00 2.3796e+03
-4.0928e+06 4.1476e+01 -5.0511e+03 1.6010e+04 -5.9611e-01 2.2701e+03
-4.0612e+06 4.2303e+01 -5.0617e+03 1.6010e+04 6.0911e-01 2.1602e+03
-4.0289e+06 4.2809e+01 -5.0721e+03 1.6011e+04 3.5672e-01 2.0499e+03
-4.0174e+06 4.3123e+01 -5.0823e+03 1.6011e+04 5.1927e-02 1.9391e+03
-3.9963e+06 4.3406e+01 -5.0921e+03 1.6011e+04 2.0859e-03 1.8279e+03
-3.9884e+06 4.3675e+01 -5.1017e+03 1.6011e+04 -4.6267e-02 1.7164e+03
-3.9688e+06 4.3988e+01 -5.1111e+03 1.6011e+04 -3.2256e-03 1.6047e+03
-3.9566e+06 4.4377e+01 -5.1201e+03 1.6011e+04 5.4046e-01 1.4925e+03
-3.9391e+06 4.4781e+01 -5.1289e+03 1.6011e+04 1.0880e+00 1.3802e+03
-3.9339e+06 4.5146e+01 -5.1375e+03 1.6010e+04 7.0133e-01 1.2676e+03
-3.9193e+06 4.5472e+01 -5.1457e+03 1.6010e+04 6.8024e-01 1.1547e+03
-3.9173e+06 4.5769e+01 -5.1537e+03 1.6009e+04 5.7907e-01 1.0418e+03
-3.9402e+06 4.6056e+01 -5.1614e+03 1.6008e+04 -1.5350e+00 9.2874e+02
-3.9500e+06 4.6391e+01 -5.1688e+03 1.6007e+04 -3.2737e-01 8.1530e+02
-3.9345e+06 4.6846e+01 -5.1759e+03 1.6007e+04 6.1833e-01 7.0211e+02
-4.3084e+06 3.9565e+01 -4.8020e+03 1.6008e+04 -1.0304e+00 3.9066e+03
-4.2837e+06 3.9788e+01 -4.8171e+03 1.6009e+04 -2.4366e+00 3.8042e+03
-4.2405e+06 4.0039e+01 -4.8321e+03 1.6011e+04 2.6928e-01 3.7073e+03
-4.2018e+06 4.0271e+01 -4.8468e+03 1.6012e+04 6.2297e-01 3.6061e+03
-4.1885e+06 4.0483e+01 -4.8613e+03 1.6013e+04 -2.4635e-01 3.5045e+03
-4.1408e+06 4.0725e+01 -4.8756e+03 1.6014e+04 2.9436e-02 3.4022e+03
-4.1348e+06 4.0992e+01 -4.8897e+03 1.6015e+04 2.2671e-01 3.2991e+03
-4.0960e+06 4.1242e+01 -4.9035e+03 1.6016e+04 3.3011e-01 3.1955e+03
-4.0882e+06 4.1473e+01 -4.9172e+03 1.6017e+04 7.6343e-01 3.0911e+03
-4.0635e+06 4.1630e+01 -4.9306e+03 1.6018e+04 9.0349e-01 2.9860e+03
-4.0802e+06 4.1612e+01 -4.9437e+03 1.6019e+04 4.6181e-01 2.8803e+03
-4.0731e+06 4.1458e+01 -4.9566e+03 1.6020e+04 5.4745e-02 2.7740e+03
-4.0912e+06 4.1283e+01 -4.9693e+03 1.6020e+04 8.0865e-02 2.6671e+03
-4.0899e+06 4.1121e+01 -4.9818e+03 1.6021e+04 5.1130e-02 2.5597e+03
-4.1165e+06 4.0956e+01 -4.9939e+03 1.6021e+04 -1.4604e-01 2.4517e+03
-4.1214e+06 4.0758e+01 -5.0059e+03 1.6022e+04 -6.5038e-01 2.3431e+03
-4.1407e+06 4.0573e+01 -5.0176e+03 1.6022e+04 -1.6269e+00 2.2341e+03
-4.1210e+06 4.0697e+01 -5.0290e+03 1.6022e+04 -1.8979e+00 2.1245e+03
-4.0963e+06 4.1354e+01 -5.0402e+03 1.6022e+04 -4.5274e-01 2.0145e+03
-4.0490e+06 4.2151e+01 -5.0511e+03 1.6022e+04 7.2623e-01 1.9042e+03
-4.0292e+06 4.2657e+01 -5.0618e+03 1.6022e+04 4.4888e-01 1.7934e+03
-4.0025e+06 4.2979e+01 -5.0722e+03 1.6021e+04 1.2749e-01 1.6822e+03
-3.9935e+06 4.3269e+01 -5.0823e+03 1.6021e+04 3.3924e-02 1.5706e+03
-3.9730e+06 4.3531e+01 -5.0922e+03 1.6021e+04 -1.7913e-02 1.4588e+03
-3.9650e+06 4.3833e+01 -5.1018e+03 1.6020e+04 4.3888e-03 1.3466e+03
-3.9444e+06 4.4224e+01 -5.1111e+03 1.6019e+04 6.5233e-01 1.2341e+03
-3.9406e+06 4.4659e+01 -5.1202e+03 1.6018e+04 6.9514e-01 1.1215e+03
-3.9403e+06 4.5072e+01 -5.1290e+03 1.6018e+04 -1.5089e+00 1.0085e+03
-3.9316e+06 4.5439e+01 -5.1375e+03 1.6016e+04 -1.6050e+00 8.9543e+02
-3.9029e+06 4.5762e+01 -5.1458e+03 1.6015e+04 4.9400e-01 7.8223e+02
-3.8990e+06 4.6051e+01 -5.1537e+03 1.6014e+04 9.8680e-01 6.6884e+02
-3.8900e+06 4.6361e+01 -5.1614e+03 1.6013e+04 3.0855e+00 5.5536e+02
-3.8994e+06 4.6781e+01 -5.1689e+03 1.6011e+04 1.5500e+00 4.4203e+02
-4.3264e+06 3.9472e+01 -4.7865e+03 1.6027e+04 -1.5566e+00 3.6616e+03
-4.2801e+06 3.9687e+01 -4.8018e+03 1.6028e+04 -2.3033e+00 3.5584e+03
-4.2492e+06 3.9954e+01 -4.8170e+03 1.6029e+04 7.1018e-02 3.4608e+03
-4.2185e+06 4.0215e+01 -4.8320e+03 1.6030e+04 4.9344e-01 3.3588e+03
-4.1755e+06 4.0437e+01 -4.8467e+03 1.6031e+04 -1.8772e-01 3.2565e+03
-4.1665e+06 4.0671e+01 -4.8612e+03 1.6031e+04 -2.9564e-01 3.1535e+03
-4.1145e+06 4.0941e+01 -4.8755e+03 1.6032e+04 1.7179e-01 3.0498e+03
-4.1040e+06 4.1205e+01 -4.8896e+03 1.6033e+04 2.4924e-01 2.9454e+03
-4.0728e+06 4.1440e+01 -4.9035e+03 1.6033e+04 3.0060e-01 2.8403e+03
-4.0704e+06 4.1606e+01 -4.9171e+03 1.6034e+04 6.2887e-01 2.7347e+03
-4.0491e+06 4.1614e+01 -4.9305e+03 1.6034e+04 6.9987e-01 2.6284e+03
-4.0687e+06 4.1480e+01 -4.9437e+03 1.6034e+04 2.3423e-01 2.5215e+03
-4.0735e+06 4.1309e+01 -4.9566e+03 1.6034e+04 -1.5959e-01 2.4140e+03
-4.0975e+06 4.1145e+01 -4.9693e+03 1.6034e+04 -3.0242e-01 2.3059e+03
-4.0982e+06 4.0977e+01 -4.9818e+03 1.6034e+04 -2.6771e-01 2.1974e+03
-4.1189e+06 4.0771e+01 -4.9940e+03 1.6034e+04 -5.2217e-01 2.0883e+03
-4.1206e+06 4.0559e+01 -5.0059e+03 1.6034e+04 -1.3986e+00 1.9788e+03
-4.1213e+06 4.0613e+01 -5.0176e+03 1.6033e+04 -1.8459e+00 1.8687e+03
-4.0824e+06 4.1200e+01 -5.0291e+03 1.6033e+04 -7.2497e-01 1.7582e+03
-4.0487e+06 4.1989e+01 -5.0403e+03 1.6032e+04 4.3683e-01 1.6474e+03
-4.0142e+06 4.2507e+01 -5.0512e+03 1.6032e+04 2.3965e-01 1.5362e+03
-3.9971e+06 4.2828e+01 -5.0619e+03 1.6031e+04 5.3350e-02 1.4245e+03
-3.9753e+06 4.3123e+01 -5.0723e+03 1.6030e+04 5.0844e-02 1.3126e+03
-3.9666e+06 4.3393e+01 -5.0824e+03 1.6029e+04 -2.9334e-02 1.2003e+03
-3.9529e+06 4.3684e+01 -5.0923e+03 1.6028e+04 -1.6756e-01 1.0878e+03
-3.9479e+06 4.4052e+01 -5.1019e+03 1.6027e+04 -1.6795e-01 9.7505e+02
-3.9371e+06 4.4487e+01 -5.1112e+03 1.6025e+04 -1.9621e-01 8.6207e+02
-3.9363e+06 4.4942e+01 -5.1203e+03 1.6024e+04 -1.6480e+00 7.4885e+02
-3.9197e+06 4.5364e+01 -5.1291e+03 1.6022e+04 -1.4290e+00 6.3545e+02
-3.8924e+06 4.5731e+01 -5.1376e+03 1.6021e+04 2.6959e-01 5.2189e+02
-3.8759e+06 4.6048e+01 -5.1458e+03 1.6019e+04 1.0976e+00 4.0824e+02
-3.8684e+06 4.6346e+01 -5.1538e+03 1.6017e+04 2.3632e+00 2.9461e+02
-3.8645e+06 4.6722e+01 -5.1615e+03 1.6015e+04 1.7151e+00 1.8108e+02
-4.3217e+06 3.9395e+01 -4.7707e+03 1.6045e+04 -1.3342e+00 3.4157e+03
-4.3043e+06 3.9600e+01 -4.7863e+03 1.6046e+04 -2.8507e+00 3.3118e+03
-4.2526e+06 3.9858e+01 -4.8017e+03 1.6046e+04 1.1070e-01 3.2135e+03
-4.2116e+06 4.0125e+01 -4.8169e+03 1.6047e+04 6.3071e-01 3.1107e+03
-4.1960e+06 4.0357e+01 -4.8319e+03 1.6047e+04 -2.1135e-02 3.0078e+03
-4.1391e+06 4.0592e+01 -4.8466e+03 1.6048e+04 2.9853e-01 2.9042e+03
-4.1330e+06 4.0875e+01 -4.8612e+03 1.6048e+04 2.1468e-01 2.7997e+03
-4.0850e+06 4.1166e+01 -4.8755e+03 1.6048e+04 2.2715e-01 2.6947e+03
-4.0725e+06 4.1421e+01 -4.8896e+03 1.6048e+04 6.4042e-01 2.5890e+03
-4.0414e+06 4.1597e+01 -4.9035e+03 1.6048e+04 6.9857e-01 2.4827e+03
-4.0568e+06 4.1622e+01 -4.9171e+03 1.6048e+04 4.4407e-01 2.3758e+03
-4.0435e+06 4.1504e+01 -4.9305e+03 1.6048e+04 3.3902e-01 2.2683e+03
-4.0594e+06 4.1336e+01 -4.9437e+03 1.6047e+04 5.2627e-01 2.1602e+03
-4.0571e+06 4.1170e+01 -4.9566e+03 1.6047e+04 4.9623e-01 2.0516e+03
-4.0862e+06 4.1001e+01 -4.9693e+03 1.6046e+04 2.6358e-01 1.9425e+03
-4.0934e+06 4.0793e+01 -4.9818e+03 1.6046e+04 -1.7130e-01 1.8329e+03
-4.1163e+06 4.0556e+01 -4.9940e+03 1.6045e+04 -1.0319e+00 1.7228e+03
-4.1031e+06 4.0544e+01 -5.0060e+03 1.6044e+04 -1.5377e+00 1.6122e+03
-4.0819e+06 4.1086e+01 -5.0177e+03 1.6043e+04 -4.4256e-01 1.5012e+03
-4.0330e+06 4.1907e+01 -5.0291e+03 1.6042e+04 8.5183e-01 1.3900e+03
-4.0079e+06 4.2460e+01 -5.0403e+03 1.6041e+04 7.2098e-01 1.2783e+03
-3.9764e+06 4.2759e+01 -5.0512e+03 1.6040e+04 5.9212e-01 1.1662e+03
-3.9657e+06 4.3031e+01 -5.0619e+03 1.6038e+04 4.9496e-01 1.0539e+03
-3.9503e+06 4.3303e+01 -5.0723e+03 1.6037e+04 1.5985e-01 9.4128e+02
-3.9462e+06 4.3588e+01 -5.0825e+03 1.6035e+04 1.1584e-02 8.2842e+02
-3.9361e+06 4.3921e+01 -5.0923e+03 1.6033e+04 -3.4030e-01 7.1534e+02
-3.9285e+06 4.4315e+01 -5.1019e+03 1.6031e+04 4.7359e-03 6.0205e+02
-3.9088e+06 4.4764e+01 -5.1113e+03 1.6029e+04 6.8977e-01 4.8856e+02
-3.8958e+06 4.5222e+01 -5.1203e+03 1.6027e+04 1.0121e+00 3.7489e+02
-3.8810e+06 4.5635e+01 -5.1291e+03 1.6025e+04 5.3154e-01 2.6110e+02
-3.8716e+06 4.5977e+01 -5.1376e+03 1.6023e+04 9.4944e-01 1.4724e+02
-3.8625e+06 4.6259e+01 -5.1459e+03 1.6020e+04 1.8396e+00 3.3363e+01
-3.8545e+06 4.6591e+01 -5.1539e+03 1.6017e+04 6.4825e-01 -8.0389e+01
-4.3410e+06 3.9343e+01 -4.7548e+03 1.6062e+04 -1.5157e+00 3.1693e+03
-4.2884e+06 3.9535e+01 -4.7706e+03 1.6063e+04 -2.3341e+00 3.0647e+03
-4.2607e+06 3.9772e+01 -4.7862e+03 1.6063e+04 -1.7011e-01 2.9656e+03
-4.2294e+06 4.0020e+01 -4.8016e+03 1.6063e+04 3.0712e-01 2.8621e+03
-4.1772e+06 4.0244e+01 -4.8168e+03 1.6063e+04 -2.7130e-03 2.7584e+03
-4.1749e+06 4.0478e+01 -4.8318e+03 1.6063e+04 -2.8301e-01 2.6540e+03
-4.1066e+06 4.0772e+01 -4.8465e+03 1.6063e+04 2.1754e-01 2.5489e+03
-4.0933e+06 4.1098e+01 -4.8611e+03 1.6062e+04 5.7088e-01 2.4432e+03
-4.0511e+06 4.1391e+01 -4.8754e+03 1.6062e+04 5.0651e-01 2.3369e+03
-4.0488e+06 4.1594e+01 -4.8896e+03 1.6061e+04 7.8253e-01 2.2299e+03
-4.0160e+06 4.1638e+01 -4.9034e+03 1.6061e+04 1.1369e+00 2.1224e+03
-4.0398e+06 4.1532e+01 -4.9171e+03 1.6060e+04 6.9435e-01 2.0143e+03
-4.0423e+06 4.1365e+01 -4.9305e+03 1.6059e+04 8.4407e-02 1.9057e+03
-4.0715e+06 4.1198e+01 -4.9437e+03 1.6058e+04 -1.4017e-01 1.7965e+03
-4.0677e+06 4.1032e+01 -4.9567e+03 1.6057e+04 -1.3981e-03 1.6869e+03
-4.0925e+06 4.0833e+01 -4.9694e+03 1.6056e+04 -1.3435e-01 1.5767e+03
-4.0949e+06 4.0570e+01 -4.9818e+03 1.6055e+04 -1.0283e+00 1.4661e+03
-4.1059e+06 4.0460e+01 -4.9940e+03 1.6054e+04 -1.9353e+00 1.3551e+03
-4.0684e+06 4.0918e+01 -5.0060e+03 1.6052e+04 -1.0692e+00 1.2437e+03
-4.0332e+06 4.1784e+01 -5.0177e+03 1.6051e+04 6.8894e-01 1.1319e+03
-3.9896e+06 4.2430e+01 -5.0292e+03 1.6049e+04 1.0577e+00 1.0199e+03
-3.9709e+06 4.2749e+01 -5.0404e+03 1.6047e+04 9.6891e-01 9.0741e+02
-3.9479e+06 4.3000e+01 -5.0513e+03 1.6045e+04 7.3427e-01 7.9462e+02
-3.9449e+06 4.3263e+01 -5.0620e+03 1.6043e+04 3.0803e-01 6.8160e+02
-3.9305e+06 4.3539e+01 -5.0724e+03 1.6041e+04 3.5045e-01 5.6839e+02
-3.9261e+06 4.3843e+01 -5.0825e+03 1.6039e+04 3.0556e-01 4.5504e+02
-3.9118e+06 4.4184e+01 -5.0924e+03 1.6036e+04 3.9699e-01 3.4143e+02
-3.9001e+06 4.4581e+01 -5.1020e+03 1.6034e+04 9.1473e-01 2.2762e+02
-3.8845e+06 4.5026e+01 -5.1113e+03 1.6031e+04 1.0401e+00 1.1372e+02
-3.8780e+06 4.5445e+01 -5.1204e+03 1.6028e+04 3.0368e-01 -2.6234e-01
-3.8690e+06 4.5761e+01 -5.1292e+03 1.6025e+04 1.2527e+00 -1.1433e+02
-3.8642e+06 4.5987e+01 -5.1377e+03 1.6022e+04 2.4041e+00 -2.2839e+02
-3.8581e+06 4.6260e+01 -5.1459e+03 1.6019e+04 3.7592e-01 -3.4225e+02
-4.3210e+06 3.9291e+01 -4.7386e+03 1.6079e+04 -1.0924e+00 2.9222e+03
-4.3179e+06 3.9478e+01 -4.7546e+03 1.6079e+04 -3.1494e+00 2.8168e+03
-4.2520e+06 3.9697e+01 -4.7704e+03 1.6079e+04 -8.0487e-02 2.7170e+03
-4.2155e+06 3.9927e+01 -4.7860e+03 1.6078e+04 4.8976e-01 2.6128e+03
-4.2003e+06 4.0143e+01 -4.8015e+03 1.6078e+04 -3.4967e-01 2.5084e+03
-4.1453e+06 4.0375e+01 -4.8167e+03 1.6077e+04 -9.5958e-01 2.4033e+03
-4.1390e+06 4.0667e+01 -4.8317e+03 1.6077e+04 -9.8996e-01 2.2975e+03
-4.0753e+06 4.1004e+01 -4.8465e+03 1.6076e+04 3.7234e-01 2.1912e+03
-4.0507e+06 4.1333e+01 -4.8610e+03 1.6075e+04 1.1627e+00 2.0842e+03
-4.0166e+06 4.1578e+01 -4.8754e+03 1.6074e+04 9.9931e-01 1.9766e+03
-4.0315e+06 4.1654e+01 -4.8895e+03 1.6073e+04 7.1420e-01 1.8685e+03
-4.0158e+06 4.1562e+01 -4.9034e+03 1.6072e+04 5.9973e-01 1.7599e+03
-4.0275e+06 4.1396e+01 -4.9171e+03 1.6071e+04 8.3948e-01 1.6506e+03
-4.0263e+06 4.1225e+01 -4.9305e+03 1.6069e+04 8.0501e-01 1.5409e+03
-4.0559e+06 4.1061e+01 -4.9437e+03 1.6068e+04 5.4017e-01 1.4307e+03
-4.0662e+06 4.0880e+01 -4.9567e+03 1.6066e+04 1.5409e-01 1.3200e+03
-4.0904e+06 4.0634e+01 -4.9694e+03 1.6064e+04 -7.0587e-01 1.2089e+03
-4.0879e+06 4.0476e+01 -4.9819e+03 1.6062e+04 -1.8307e+00 1.0974e+03
-4.0720e+06 4.0844e+01 -4.9941e+03 1.6060e+04 -1.3093e+00 9.8552e+02
-4.0234e+06 4.1696e+01 -5.0060e+03 1.6058e+04 5.9880e-01 8.7331e+02
-3.9902e+06 4.2400e+01 -5.0178e+03 1.6056e+04 1.2456e+00 7.6081e+02
-3.9628e+06 4.2746e+01 -5.0292e+03 1.6054e+04 9.5836e-01 6.4802e+02
-3.9503e+06 4.2989e+01 -5.0404e+03 1.6051e+04 7.4219e-01 5.3487e+02
-3.9351e+06 4.3249e+01 -5.0513e+03 1.6049e+04 6.0209e-01 4.2152e+02
-3.9262e+06 4.3523e+01 -5.0620e+03 1.6046e+04 6.8728e-01 3.0794e+02
-3.9152e+06 4.3800e+01 -5.0724e+03 1.6043e+04 7.7999e-01 1.9419e+02
-3.9079e+06 4.4086e+01 -5.0826e+03 1.6040e+04 6.5943e-01 8.0339e+01
-3.8976e+06 4.4418e+01 -5.0925e+03 1.6037e+04 6.7317e-01 -3.3726e+01
-3.8866e+06 4.4802e+01 -5.1021e+03 1.6034e+04 7.1053e-01 -1.4789e+02
-3.8822e+06 4.5158e+01 -5.1114e+03 1.6031e+04 4.4652e-02 -2.6210e+02
-3.8749e+06 4.5400e+01 -5.1205e+03 1.6027e+04 1.0462e+00 -3.7632e+02
-3.8724e+06 4.5561e+01 -5.1292e+03 1.6024e+04 2.2017e+00 -4.9060e+02
-3.8672e+06 4.5783e+01 -5.1378e+03 1.6020e+04 4.8473e-02 -6.0468e+02
-4.3463e+06 3.9240e+01 -4.7222e+03 1.6095e+04 -1.6410e+00 2.6745e+03
-4.2779e+06 3.9446e+01 -4.7384e+03 1.6094e+04 -2.3752e+00 2.5684e+03
-4.2608e+06 3.9656e+01 -4.7544e+03 1.6093e+04 -2.3549e-01 2.4677e+03
-4.2262e+06 3.9873e+01 -4.7703e+03 1.6093e+04 1.9238e-01 2.3629e+03
-4.1715e+06 4.0082e+01 -4.7859e+03 1.6092e+04 -3.5092e-01 2.2579e+03
-4.1822e+06 4.0307e+01 -4.8014e+03 1.6091e+04 -1.4928e+00 2.1521e+03
-4.1028e+06 4.0584e+01 -4.8166e+03 1.6090e+04 -5.9516e-01 2.0457e+03
-4.0854e+06 4.0916e+01 -4.8316e+03 1.6088e+04 7.8808e-01 1.9387e+03
-4.0358e+06 4.1264e+01 -4.8464e+03 1.6087e+04 8.7228e-01 1.8310e+03
-4.0313e+06 4.1548e+01 -4.8610e+03 1.6086e+04 1.1085e+00 1.7228e+03
-3.9885e+06 4.1667e+01 -4.8754e+03 1.6084e+04 1.5838e+00 1.6141e+03
-4.0158e+06 4.1597e+01 -4.8895e+03 1.6083e+04 9.0426e-01 1.5048e+03
-4.0197e+06 4.1431e+01 -4.9034e+03 1.6081e+04 -4.0621e-02 1.3950e+03
-4.0518e+06 4.1253e+01 -4.9171e+03 1.6079e+04 -3.9001e-01 1.2847e+03
-4.0446e+06 4.1084e+01 -4.9305e+03 1.6077e+04 -2.6294e-01 1.1739e+03
-4.0688e+06 4.0914e+01 -4.9437e+03 1.6075e+04 -1.2265e-01 1.0628e+03
-4.0699e+06 4.0697e+01 -4.9567e+03 1.6073e+04 -4.2216e-01 9.5124e+02
-4.0874e+06 4.0529e+01 -4.9694e+03 1.6070e+04 -1.1143e+00 8.3932e+02
-4.0595e+06 4.0799e+01 -4.9819e+03 1.6068e+04 -5.6138e-01 7.2692e+02
-4.0292e+06 4.1581e+01 -4.9941e+03 1.6065e+04 1.2559e+00 6.1426e+02
-3.9841e+06 4.2323e+01 -5.0061e+03 1.6062e+04 1.8513e+00 5.0132e+02
-3.9680e+06 4.2718e+01 -5.0178e+03 1.6059e+04 1.2175e+00 3.8811e+02
-3.9448e+06 4.2972e+01 -5.0293e+03 1.6056e+04 8.6280e-01 2.7463e+02
-3.9371e+06 4.3236e+01 -5.0405e+03 1.6053e+04 9.0275e-01 1.6094e+02
-3.9216e+06 4.3497e+01 -5.0514e+03 1.6050e+04 1.0429e+00 4.7030e+01
-3.9191e+06 4.3723e+01 -5.0621e+03 1.6047e+04 1.0046e+00 -6.7021e+01
-3.9107e+06 4.3941e+01 -5.0725e+03 1.6043e+04 6.6674e-01 -1.8112e+02
-3.9036e+06 4.4207e+01 -5.0826e+03 1.6040e+04 7.7139e-01 -2.9542e+02
-3.8913e+06 4.4510e+01 -5.0925e+03 1.6036e+04 9.6362e-01 -4.0982e+02
-3.8877e+06 4.4780e+01 -5.1021e+03 1.6032e+04 -2.4060e-02 -5.2428e+02
-3.8835e+06 4.4968e+01 -5.1115e+03 1.6028e+04 7.1131e-01 -6.3879e+02
-3.8815e+06 4.5113e+01 -5.1205e+03 1.6024e+04 1.8343e+00 -7.5322e+02
-3.8803e+06 4.5323e+01 -5.1293e+03 1.6020e+04 -6.0669e-01 -8.6733e+02
-4.3088e+06 3.9210e+01 -4.7056e+03 1.6109e+04 -9.3096e-01 2.4262e+03
-4.3141e+06 3.9442e+01 -4.7220e+03 1.6108e+04 -3.0095e+00 2.3193e+03
-4.2377e+06 3.9645e+01 -4.7382e+03 1.6107e+04 3.8576e-01 2.2180e+03
-4.2017e+06 3.9848e+01 -4.7543e+03 1.6106e+04 6.9375e-01 2.1125e+03
-4.1926e+06 4.0050e+01 -4.7702e+03 1.6105e+04 -4.0373e-02 2.0067e+03
-4.1182e+06 4.0260e+01 -4.7858e+03 1.6103e+04 5.8019e-01 1.9002e+03
-4.1287e+06 4.0509e+01 -4.8013e+03 1.6102e+04 2.7082e-01 1.7932e+03
-4.0626e+06 4.0821e+01 -4.8165e+03 1.6100e+04 5.6911e-01 1.6855e+03
-4.0433e+06 4.1168e+01 -4.8315e+03 1.6098e+04 1.2746e+00 1.5772e+03
-4.0004e+06 4.1469e+01 -4.8464e+03 1.6096e+04 1.1273e+00 1.4684e+03
-4.0228e+06 4.1627e+01 -4.8609e+03 1.6094e+04 7.7732e-01 1.3591e+03
-3.9947e+06 4.1606e+01 -4.8753e+03 1.6092e+04 8.9624e-01 1.2492e+03
-4.0063e+06 4.1464e+01 -4.8895e+03 1.6090e+04 1.2685e+00 1.1389e+03
-3.9986e+06 4.1285e+01 -4.9034e+03 1.6088e+04 1.0670e+00 1.0280e+03
-4.0357e+06 4.1112e+01 -4.9171e+03 1.6085e+04 4.1762e-01 9.1675e+02
-4.0426e+06 4.0945e+01 -4.9305e+03 1.6083e+04 2.0831e-02 8.0512e+02
-4.0718e+06 4.0739e+01 -4.9437e+03 1.6080e+04 -2.4052e-01 6.9307e+02
-4.0734e+06 4.0501e+01 -4.9567e+03 1.6077e+04 -9.0090e-01 5.8062e+02
-4.0790e+06 4.0530e+01 -4.9694e+03 1.6074e+04 -9.5208e-01 4.6785e+02
-4.0404e+06 4.1092e+01 -4.9819e+03 1.6071e+04 2.7236e-01 3.5484e+02
-4.0077e+06 4.1909e+01 -4.9942e+03 1.6068e+04 1.3857e+00 2.4148e+02
-3.9695e+06 4.2541e+01 -5.0061e+03 1.6064e+04 1.6292e+00 1.2782e+02
-3.9559e+06 4.2917e+01 -5.0178e+03 1.6061e+04 1.4328e+00 1.3978e+01
-3.9387e+06 4.3167e+01 -5.0293e+03 1.6057e+04 1.2284e+00 -1.0010e+02
-3.9333e+06 4.3357e+01 -5.0405e+03 1.6053e+04 1.2754e+00 -2.1429e+02
-3.9255e+06 4.3502e+01 -5.0515e+03 1.6049e+04 9.3866e-01 -3.2857e+02
-3.9271e+06 4.3661e+01 -5.0621e+03 1.6045e+04 -7.3644e-02 -4.4300e+02
-3.9175e+06 4.3879e+01 -5.0725e+03 1.6041e+04 -1.4617e-01 -5.5759e+02
-3.9046e+06 4.4112e+01 -5.0827e+03 1.6037e+04 4.4625e-01 -6.7224e+02
-3.9001e+06 4.4334e+01 -5.0926e+03 1.6032e+04 -3.9582e-01 -7.8685e+02
-3.8930e+06 4.4547e+01 -5.1022e+03 1.6028e+04 4.4570e-01 -9.0150e+02
-3.8905e+06 4.4739e+01 -5.1115e+03 1.6023e+04 1.7135e+00 -1.0161e+03
-3.8874e+06 4.4962e+01 -5.1206e+03 1.6018e+04 -9.5476e-01 -1.1303e+03
-4.3465e+06 3.9154e+01 -4.6887e+03 1.6123e+04 -1.1554e+00 2.1777e+03
-4.2470e+06 3.9427e+01 -4.7054e+03 1.6122e+04 -1.3901e+00 2.0700e+03
-4.2539e+06 3.9626e+01 -4.7218e+03 1.6120e+04 3.2499e-01 1.9680e+03
-4.2110e+06 3.9818e+01 -4.7381e+03 1.6118e+04 3.9447e-01 1.8618e+03
-4.1559e+06 4.0019e+01 -4.7542e+03 1.6117e+04 -1.2683e-02 1.7553e+03
-4.1668e+06 4.0219e+01 -4.7700e+03 1.6115e+04 -1.6490e-01 1.6481e+03
-4.0823e+06 4.0439e+01 -4.7857e+03 1.6113e+04 5.6054e-01 1.5404e+03
-4.0795e+06 4.0714e+01 -4.8012e+03 1.6111e+04 4.3825e-01 1.4321e+03
-4.0380e+06 4.1038e+01 -4.8164e+03 1.6109e+04 -1.5739e-02 1.3232e+03
-4.0305e+06 4.1338e+01 -4.8315e+03 1.6106e+04 5.5581e-01 1.2138e+03
-3.9775e+06 4.1532e+01 -4.8463e+03 1.6104e+04 1.4559e+00 1.1039e+03
-4.0025e+06 4.1575e+01 -4.8609e+03 1.6101e+04 1.2041e+00 9.9346e+02
-4.0083e+06 4.1481e+01 -4.8753e+03 1.6098e+04 8.4570e-02 8.8255e+02
-4.0396e+06 4.1315e+01 -4.8895e+03 1.6096e+04 -5.9859e-01 7.7120e+02
-4.0303e+06 4.1140e+01 -4.9034e+03 1.6093e+04 -5.5787e-01 6.5941e+02
-4.0506e+06 4.0981e+01 -4.9171e+03 1.6089e+04 -2.2250e-01 5.4730e+02
-4.0534e+06 4.0799e+01 -4.9305e+03 1.6086e+04 -6.0255e-02 4.3480e+02
-4.0800e+06 4.0524e+01 -4.9438e+03 1.6083e+04 -7.0106e-01 3.2186e+02
-4.0818e+06 4.0285e+01 -4.9567e+03 1.6079e+04 -1.7233e+00 2.0865e+02
-4.0763e+06 4.0474e+01 -4.9695e+03 1.6076e+04 -1.8133e+00 9.5194e+01
-4.0321e+06 4.1242e+01 -4.9820e+03 1.6072e+04 -2.2436e-01 -1.8608e+01
-3.9921e+06 4.2154e+01 -4.9942e+03 1.6068e+04 2.2051e+00 -1.3260e+02
-3.9643e+06 4.2683e+01 -5.0062e+03 1.6064e+04 2.8615e+00 -2.4673e+02
-3.9635e+06 4.2825e+01 -5.0179e+03 1.6060e+04 1.6823e+00 -3.6112e+02
-3.9548e+06 4.2904e+01 -5.0294e+03 1.6055e+04 1.2016e+00 -4.7567e+02
-3.9474e+06 4.3059e+01 -5.0406e+03 1.6051e+04 9.9571e-01 -5.9025e+02
-3.9430e+06 4.3265e+01 -5.0515e+03 1.6046e+04 -1.6512e-01 -7.0497e+02
-3.9333e+06 4.3494e+01 -5.0622e+03 1.6041e+04 -5.9785e-01 -8.1978e+02
-3.9212e+06 4.3703e+01 -5.0726e+03 1.6037e+04 -2.1469e-01 -9.3460e+02
-3.9105e+06 4.3930e+01 -5.0827e+03 1.6032e+04 -9.1444e-01 -1.0494e+03
-3.9042e+06 4.4209e+01 -5.0926e+03 1.6026e+04 2.8865e-01 -1.1642e+03
-3.8940e+06 4.4475e+01 -5.1022e+03 1.6021e+04 1.8376e+00 -1.2790e+03
-3.8960e+06 4.4735e+01 -5.1116e+03 1.6016e+04 -1.0683e+00 -1.3933e+03
-4.2853e+06 3.8984e+01 -4.6717e+03 1.6136e+04 -2.4460e-01 1.9287e+03
-4.3147e+06 3.9352e+01 -4.6885e+03 1.6134e+04 -2.7442e+00 1.8204e+03
-4.2121e+06 3.9577e+01 -4.7052e+03 1.6132e+04 1.0470e+00 1.7178e+03
-4.1879e+06 3.9772e+01 -4.7217e+03 1.6130e+04 1.0107e+00 1.6108e+03
-4.1820e+06 3.9983e+01 -4.7379e+03 1.6128e+04 -8.4210e-02 1.5037e+03
-4.0982e+06 4.0185e+01 -4.7540e+03 1.6126e+04 6.1725e-01 1.3959e+03
-4.1262e+06 4.0387e+01 -4.7699e+03 1.6123e+04 -2.1129e-01 1.2874e+03
-4.0619e+06 4.0627e+01 -4.7856e+03 1.6121e+04 -3.5152e-01 1.1785e+03
-4.0441e+06 4.0913e+01 -4.8011e+03 1.6118e+04 5.5866e-01 1.0690e+03
-4.0004e+06 4.1204e+01 -4.8164e+03 1.6115e+04 3.8839e-01 9.5893e+02
-4.0270e+06 4.1439e+01 -4.8314e+03 1.6112e+04 1.3124e-02 8.4843e+02
-3.9853e+06 4.1548e+01 -4.8463e+03 1.6109e+04 7.5967e-01 7.3750e+02
-3.9867e+06 4.1500e+01 -4.8609e+03 1.6106e+04 1.7099e+00 6.2609e+02
-3.9736e+06 4.1345e+01 -4.8753e+03 1.6102e+04 1.4304e+00 5.1421e+02
-4.0148e+06 4.1166e+01 -4.8895e+03 1.6099e+04 5.9881e-01 4.0188e+02
-4.0225e+06 4.1004e+01 -4.9034e+03 1.6095e+04 1.2020e-01 2.8922e+02
-4.0530e+06 4.0843e+01 -4.9171e+03 1.6092e+04 2.3844e-01 1.7622e+02
-4.0613e+06 4.0604e+01 -4.9306e+03 1.6088e+04 -8.9047e-02 6.2899e+01
-4.0913e+06 4.0284e+01 -4.9438e+03 1.6084e+04 -1.3289e+00 -5.0681e+01
-4.0847e+06 4.0222e+01 -4.9568e+03 1.6079e+04 -2.1499e+00 -1.6463e+02
-4.0645e+06 4.0803e+01 -4.9695e+03 1.6075e+04 -5.7440e-01 -2.7887e+02
-4.0179e+06 4.1686e+01 -4.9820e+03 1.6071e+04 2.4465e+00 -3.9317e+02
-4.0099e+06 4.2054e+01 -4.9942e+03 1.6066e+04 2.5421e+00 -5.0756e+02
-4.0118e+06 4.1879e+01 -5.0062e+03 1.6061e+04 8.9503e-02 -6.2228e+02
-4.0068e+06 4.1904e+01 -5.0179e+03 1.6056e+04 -3.3206e-01 -7.3718e+02
-3.9783e+06 4.2353e+01 -5.0294e+03 1.6051e+04 6.6579e-01 -8.5207e+02
-3.9598e+06 4.2840e+01 -5.0406e+03 1.6046e+04 4.6271e-01 -9.6707e+02
-3.9445e+06 4.3176e+01 -5.0516e+03 1.6041e+04 -1.4549e-02 -1.0820e+03
-3.9302e+06 4.3427e+01 -5.0622e+03 1.6036e+04 -8.6047e-02 -1.1970e+03
-3.9232e+06 4.3691e+01 -5.0727e+03 1.6030e+04 -9.8378e-01 -1.3122e+03
-3.9083e+06 4.4009e+01 -5.0828e+03 1.6024e+04 4.1233e-01 -1.4274e+03
-3.9006e+06 4.4319e+01 -5.0927e+03 1.6018e+04 2.2390e+00 -1.5423e+03
-3.8931e+06 4.4620e+01 -5.1023e+03 1.6013e+04 -8.4694e-01 -1.6565e+03
-4.3552e+06 3.8750e+01 -4.6545e+03 1.6148e+04 -1.8595e+00 1.6788e+03
-4.2232e+06 3.9213e+01 -4.6715e+03 1.6146e+04 -1.4826e+00 1.5700e+03
-4.2477e+06 3.9497e+01 -4.6884e+03 1.6143e+04 6.0500e-01 1.4670e+03
-4.2022e+06 3.9716e+01 -4.7050e+03 1.6141e+04 5.5026e-01 1.3592e+03
-4.1384e+06 3.9951e+01 -4.7215e+03 1.6138e+04 -2.5207e-02 1.2514e+03
-4.1716e+06 4.0173e+01 -4.7378e+03 1.6135e+04 -6.4665e-01 1.1429e+03
-4.0678e+06 4.0372e+01 -4.7539e+03 1.6132e+04 3.3707e-01 1.0339e+03
-4.0810e+06 4.0591e+01 -4.7698e+03 1.6129e+04 2.9389e-01 9.2431e+02
-4.0398e+06 4.0845e+01 -4.7855e+03 1.6126e+04 -4.6319e-01 8.1419e+02
-4.0379e+06 4.1115e+01 -4.8010e+03 1.6123e+04 1.8151e-01 7.0359e+02
-3.9645e+06 4.1370e+01 -4.8163e+03 1.6119e+04 1.3978e+00 5.9247e+02
-3.9944e+06 4.1534e+01 -4.8314e+03 1.6116e+04 1.0269e+00 4.8094e+02
-3.9963e+06 4.1527e+01 -4.8462e+03 1.6112e+04 -3.4579e-01 3.6890e+02
-4.0320e+06 4.1380e+01 -4.8609e+03 1.6108e+04 -1.0248e+00 2.5650e+02
-4.0118e+06 4.1195e+01 -4.8753e+03 1.6104e+04 -6.9749e-01 1.4377e+02
-4.0334e+06 4.1024e+01 -4.8895e+03 1.6100e+04 -1.9226e-01 3.0623e+01
-4.0321e+06 4.0863e+01 -4.9034e+03 1.6096e+04 1.7935e-01 -8.2829e+01
-4.0649e+06 4.0654e+01 -4.9171e+03 1.6091e+04 4.9836e-02 -1.9654e+02
-4.0757e+06 4.0357e+01 -4.9306e+03 1.6087e+04 -8.0046e-01 -3.1058e+02
-4.0967e+06 4.0209e+01 -4.9438e+03 1.6082e+04 -1.2985e+00 -4.2497e+02
-4.0768e+06 4.0568e+01 -4.9568e+03 1.6077e+04 6.0186e-02 -5.3950e+02
-4.0662e+06 4.1127e+01 -4.9695e+03 1.6072e+04 1.7249e+00 -6.5409e+02
-4.0661e+06 4.1087e+01 -4.9820e+03 1.6067e+04 2.5873e-02 -7.6888e+02
-4.0872e+06 4.0589e+01 -4.9943e+03 1.6062e+04 -3.2662e+00 -8.8401e+02
-4.0679e+06 4.0702e+01 -5.0063e+03 1.6056e+04 -3.2927e+00 -9.9921e+02
-4.0243e+06 4.1612e+01 -5.0180e+03 1.6051e+04 -7.9174e-01 -1.1143e+03
-3.9826e+06 4.2483e+01 -5.0295e+03 1.6045e+04 3.3200e-01 -1.2295e+03
-3.9563e+06 4.2959e+01 -5.0407e+03 1.6039e+04 2.5039e-01 -1.3448e+03
-3.9408e+06 4.3272e+01 -5.0516e+03 1.6033e+04 1.9026e-01 -1.4602e+03
-3.9260e+06 4.3590e+01 -5.0623e+03 1.6027e+04 -5.7220e-01 -1.5757e+03
-3.9162e+06 4.3925e+01 -5.0727e+03 1.6021e+04 7.8057e-01 -1.6907e+03
-3.9005e+06 4.4240e+01 -5.0829e+03 1.6015e+04 2.5599e+00 -1.8056e+03
-3.9010e+06 4.4548e+01 -5.0927e+03 1.6008e+04 -6.2785e-01 -1.9202e+03
-4.2776e+06 3.8577e+01 -4.6370e+03 1.6159e+04 -1.4857e+00 1.4285e+03
-4.3380e+06 3.9071e+01 -4.6543e+03 1.6156e+04 -4.1296e+00 1.3184e+03
-4.2015e+06 3.9389e+01 -4.6713e+03 1.6153e+04 3.8776e-01 1.2143e+03
-4.1861e+06 3.9628e+01 -4.6882e+03 1.6150e+04 4.3289e-01 1.1060e+03
-4.1863e+06 3.9893e+01 -4.7049e+03 1.6147e+04 -8.2541e-01 9.9755e+02
-4.0847e+06 4.0157e+01 -4.7214e+03 1.6144e+04 2.6871e-01 8.8842e+02
-4.1354e+06 4.0380e+01 -4.7377e+03 1.6141e+04 -8.5555e-01 7.7882e+02
-4.0640e+06 4.0598e+01 -4.7538e+03 1.6137e+04 -8.7918e-01 6.6864e+02
-4.0456e+06 4.0839e+01 -4.7697e+03 1.6134e+04 4.1769e-01 5.5792e+02
-4.0011e+06 4.1089e+01 -4.7855e+03 1.6130e+04 -2.5415e-01 4.4671e+02
-4.0385e+06 4.1331e+01 -4.8010e+03 1.6126e+04 -1.3232e+00 3.3506e+02
-3.9808e+06 4.1513e+01 -4.8163e+03 1.6122e+04 -3.6240e-01 2.2307e+02
-3.9683e+06 4.1539e+01 -4.8314e+03 1.6118e+04 1.3812e+00 1.1053e+02
-3.9471e+06 4.1410e+01 -4.8462e+03 1.6113e+04 1.4881e+00 -2.4014e+00
-3.9929e+06 4.1225e+01 -4.8609e+03 1.6109e+04 6.1654e-01 -1.1565e+02
-4.0026e+06 4.1050e+01 -4.8753e+03 1.6104e+04 5.9817e-02 -2.2924e+02
-4.0358e+06 4.0888e+01 -4.8895e+03 1.6099e+04 6.6972e-02 -3.4315e+02
-4.0461e+06 4.0696e+01 -4.9034e+03 1.6094e+04 -2.2370e-01 -4.5738e+02
-4.0835e+06 4.0407e+01 -4.9171e+03 1.6089e+04 -1.1589e+00 -5.7192e+02
-4.0964e+06 4.0148e+01 -4.9306e+03 1.6084e+04 -1.7678e+00 -6.8665e+02
-4.1091e+06 4.0202e+01 -4.9439e+03 1.6079e+04 -9.0610e-01 -8.0150e+02
-4.1057e+06 4.0394e+01 -4.9568e+03 1.6073e+04 -1.4051e-01 -9.1647e+02
-4.1281e+06 4.0160e+01 -4.9696e+03 1.6067e+04 -2.0015e+00 -1.0317e+03
-4.1381e+06 3.9723e+01 -4.9821e+03 1.6062e+04 -4.6142e+00 -1.1471e+03
-4.1145e+06 4.0079e+01 -4.9943e+03 1.6056e+04 -3.9941e+00 -1.2626e+03
-4.0539e+06 4.1292e+01 -5.0063e+03 1.6049e+04 -1.0571e+00 -1.3780e+03
-4.0022e+06 4.2342e+01 -5.0180e+03 1.6043e+04 1.7958e-01 -1.4933e+03
-3.9734e+06 4.2831e+01 -5.0295e+03 1.6037e+04 -5.5486e-02 -1.6087e+03
-3.9489e+06 4.3147e+01 -5.0407e+03 1.6030e+04 -2.9951e-02 -1.7243e+03
-3.9400e+06 4.3514e+01 -5.0517e+03 1.6024e+04 -7.3830e-01 -1.8395e+03
-3.9174e+06 4.3890e+01 -5.0624e+03 1.6017e+04 6.3348e-01 -1.9545e+03
-3.9089e+06 4.4210e+01 -5.0728e+03 1.6010e+04 2.2882e+00 -2.0694e+03
-3.8993e+06 4.4500e+01 -5.0829e+03 1.6003e+04 -1.0717e+00 -2.1842e+03
-4.3784e+06 3.8419e+01 -4.6194e+03 1.6169e+04 -4.1166e-01 1.1779e+03
-4.2050e+06 3.8920e+01 -4.6368e+03 1.6166e+04 1.2363e-01 1.0675e+03
-4.2646e+06 3.9261e+01 -4.6541e+03 1.6163e+04 1.6325e+00 9.6450e+02
-4.2099e+06 3.9511e+01 -4.6711e+03 1.6159e+04 1.5366e+00 8.5510e+02
-4.1367e+06 3.9789e+01 -4.6880e+03 1.6156e+04 9.8618e-01 7.4593e+02
-4.1926e+06 4.0091e+01 -4.7047e+03 1.6152e+04 1.9458e-01 6.3607e+02
-4.0596e+06 4.0358e+01 -4.7213e+03 1.6148e+04 1.9639e+00 5.2593e+02
-4.0857e+06 4.0598e+01 -4.7376e+03 1.6144e+04 1.7468e+00 4.1509e+02
-4.0454e+06 4.0851e+01 -4.7537e+03 1.6140e+04 5.4722e-01 3.0367e+02
-4.0449e+06 4.1107e+01 -4.7697e+03 1.6136e+04 1.2236e+00 1.9198e+02
-3.9509e+06 4.1339e+01 -4.7854e+03 1.6131e+04 2.5082e+00 7.9887e+01
-3.9894e+06 4.1513e+01 -4.8009e+03 1.6127e+04 1.6202e+00 -3.2784e+01
-3.9927e+06 4.1554e+01 -4.8162e+03 1.6122e+04 -2.0777e-01 -1.4593e+02
-4.0303e+06 4.1440e+01 -4.8313e+03 1.6117e+04 -9.0989e-01 -2.5928e+02
-3.9971e+06 4.1259e+01 -4.8462e+03 1.6112e+04 6.3530e-02 -3.7300e+02
-4.0180e+06 4.1080e+01 -4.8609e+03 1.6107e+04 1.1895e+00 -4.8701e+02
-4.0179e+06 4.0916e+01 -4.8753e+03 1.6102e+04 1.2643e+00 -6.0139e+02
-4.0533e+06 4.0743e+01 -4.8895e+03 1.6096e+04 1.0768e+00 -7.1609e+02
-4.0626e+06 4.0478e+01 -4.9034e+03 1.6091e+04 6.8201e-01 -8.3093e+02
-4.1035e+06 4.0130e+01 -4.9172e+03 1.6085e+04 -3.7357e-01 -9.4599e+02
-4.1181e+06 3.9886e+01 -4.9306e+03 1.6079e+04 -6.3677e-01 -1.0612e+03
-4.1433e+06 3.9776e+01 -4.9439e+03 1.6073e+04 -3.5923e-01 -1.1766e+03
-4.1541e+06 3.9556e+01 -4.9569e+03 1.6067e+04 -1.2692e+00 -1.2922e+03
-4.1669e+06 3.9360e+01 -4.9696e+03 1.6060e+04 -2.5171e+00 -1.4078e+03
-4.1335e+06 3.9870e+01 -4.9821e+03 1.6054e+04 -1.5801e+00 -1.5234e+03
-4.0722e+06 4.1142e+01 -4.9944e+03 1.6047e+04 1.2200e+00 -1.6391e+03
-4.0152e+06 4.2264e+01 -5.0064e+03 1.6040e+04 2.1071e+00 -1.7547e+03
-3.9807e+06 4.2772e+01 -5.0181e+03 1.6033e+04 1.1217e+00 -1.8704e+03
-3.9633e+06 4.3050e+01 -5.0296e+03 1.6026e+04 7.5844e-01 -1.9859e+03
-3.9419e+06 4.3420e+01 -5.0408e+03 1.6019e+04 -2.7358e-01 -2.1014e+03
-3.9251e+06 4.3851e+01 -5.0517e+03 1.6012e+04 9.9425e-01 -2.2161e+03
-3.9046e+06 4.4211e+01 -5.0624e+03 1.6004e+04 3.2175e+00 -2.3323e+03
-3.9055e+06 4.4492e+01 -5.0728e+03 1.5997e+04 -4.7038e-01 -2.4489e+03
-4.2636e+06 3.8214e+01 -4.6015e+03 1.6178e+04 1.1577e+00 9.2928e+02
-4.3741e+06 3.8720e+01 -4.6192e+03 1.6175e+04 -7.4847e-01 8.1586e+02
-4.1948e+06 3.9116e+01 -4.6366e+03 1.6171e+04 4.0912e+00 7.0747e+02
-4.1902e+06 3.9401e+01 -4.6539e+03 1.6167e+04 3.9808e+00 5.9896e+02
-4.2028e+06 3.9682e+01 -4.6710e+03 1.6163e+04 2.4791e+00 4.8903e+02
-4.0716e+06 3.9988e+01 -4.6879e+03 1.6159e+04 3.9508e+00 3.7881e+02
-4.1559e+06 4.0276e+01 -4.7046e+03 1.6155e+04 2.3231e+00 2.6798e+02
-4.0666e+06 4.0542e+01 -4.7212e+03 1.6150e+04 2.2113e+00 1.5662e+02
-4.0453e+06 4.0823e+01 -4.7375e+03 1.6146e+04 3.7568e+00 4.4837e+01
-3.9924e+06 4.1112e+01 -4.7537e+03 1.6141e+04 2.7842e+00 -6.7482e+01
-4.0491e+06 4.1366e+01 -4.7696e+03 1.6136e+04 1.1436e+00 -1.8021e+02
-3.9696e+06 4.1547e+01 -4.7854e+03 1.6131e+04 2.3666e+00 -2.9329e+02
-3.9441e+06 4.1593e+01 -4.8009e+03 1.6126e+04 4.8985e+00 -4.0680e+02
-3.9100e+06 4.1484e+01 -4.8162e+03 1.6120e+04 5.1038e+00 -5.2064e+02
-3.9666e+06 4.1303e+01 -4.8313e+03 1.6115e+04 4.0491e+00 -6.3496e+02
-3.9825e+06 4.1121e+01 -4.8462e+03 1.6109e+04 2.9831e+00 -7.4955e+02
-4.0402e+06 4.0954e+01 -4.8609e+03 1.6103e+04 9.8792e-01 -8.6433e+02
-4.0469e+06 4.0785e+01 -4.8753e+03 1.6097e+04 8.0202e-01 -9.7939e+02
-4.0691e+06 4.0554e+01 -4.8895e+03 1.6091e+04 2.0321e+00 -1.0946e+03
-4.0854e+06 4.0214e+01 -4.9035e+03 1.6085e+04 1.4366e+00 -1.2101e+03
-4.1275e+06 3.9845e+01 -4.9172e+03 1.6078e+04 5.9288e-01 -1.3258e+03
-4.1482e+06 3.9557e+01 -4.9307e+03 1.6072e+04 3.7555e-01 -1.4417e+03
-4.1765e+06 3.9307e+01 -4.9439e+03 1.6065e+04 -2.2709e-01 -1.5577e+03
-4.1820e+06 3.9120e+01 -4.9569e+03 1.6058e+04 -1.2138e+00 -1.6737e+03
-4.1629e+06 3.9418e+01 -4.9697e+03 1.6051e+04 -1.2343e+00 -1.7895e+03
-4.1048e+06 4.0480e+01 -4.9822e+03 1.6044e+04 7.3697e-01 -1.9051e+03
-4.0372e+06 4.1770e+01 -4.9944e+03 1.6036e+04 2.5208e+00 -2.0207e+03
-3.9965e+06 4.2594e+01 -5.0064e+03 1.6029e+04 2.4436e+00 -2.1362e+03
-3.9665e+06 4.2971e+01 -5.0182e+03 1.6021e+04 1.4920e+00 -2.2519e+03
-3.9576e+06 4.3306e+01 -5.0296e+03 1.6013e+04 3.8330e-01 -2.3676e+03
-3.9263e+06 4.3745e+01 -5.0408e+03 1.6005e+04 1.1200e+00 -2.4840e+03
-3.9140e+06 4.4165e+01 -5.0518e+03 1.5997e+04 2.4327e+00 -2.5977e+03
-3.8867e+06 4.4488e+01 -5.0625e+03 1.5989e+04 1.4989e+00 -2.7098e+03
-4.4411e+06 3.8051e+01 -4.5835e+03 1.6186e+04 -2.6456e+00 6.7817e+02
-4.1929e+06 3.8545e+01 -4.6013e+03 1.6182e+04 1.2728e+00 5.6969e+02
-4.3078e+06 3.8995e+01 -4.6190e+03 1.6178e+04 -1.0122e+00 4.5937e+02
-4.2246e+06 3.9320e+01 -4.6364e+03 1.6174e+04 -1.1037e+00 3.5003e+02
-4.1546e+06 3.9594e+01 -4.6537e+03 1.6169e+04 -1.1592e+00 2.3929e+02
-4.2330e+06 3.9880e+01 -4.6708e+03 1.6165e+04 -2.6913e+00 1.2833e+02
-4.0704e+06 4.0161e+01 -4.6878e+03 1.6160e+04 -7.5436e-02 1.6938e+01
-4.1022e+06 4.0439e+01 -4.7045e+03 1.6155e+04 -2.5473e-01 -9.5181e+01
-4.0707e+06 4.0748e+01 -4.7211e+03 1.6150e+04 -2.0330e+00 -2.0764e+02
-4.0584e+06 4.1075e+01 -4.7374e+03 1.6145e+04 -6.4853e-01 -3.2049e+02
-3.9391e+06 4.1365e+01 -4.7536e+03 1.6139e+04 1.7650e+00 -4.3377e+02
-3.9845e+06 4.1567e+01 -4.7696e+03 1.6134e+04 5.8136e-01 -5.4746e+02
-4.0017e+06 4.1624e+01 -4.7853e+03 1.6128e+04 -2.1000e+00 -6.6162e+02
-4.0394e+06 4.1524e+01 -4.8009e+03 1.6122e+04 -2.9441e+00 -7.7595e+02
-3.9944e+06 4.1347e+01 -4.8162e+03 1.6116e+04 -1.4575e+00 -8.9055e+02
-4.0100e+06 4.1169e+01 -4.8313e+03 1.6110e+04 -2.9439e-01 -1.0055e+03
-4.0232e+06 4.1001e+01 -4.8462e+03 1.6104e+04 -1.5539e+00 -1.1207e+03
-4.0555e+06 4.0827e+01 -4.8609e+03 1.6097e+04 -1.3428e+00 -1.2361e+03
-4.0500e+06 4.0604e+01 -4.8753e+03 1.6090e+04 2.4731e-01 -1.3517e+03
-4.0864e+06 4.0292e+01 -4.8895e+03 1.6083e+04 -1.2057e-01 -1.4675e+03
-4.1160e+06 3.9918e+01 -4.9035e+03 1.6076e+04 -8.6084e-01 -1.5835e+03
-4.1541e+06 3.9572e+01 -4.9172e+03 1.6069e+04 -1.0396e+00 -1.6995e+03
-4.1763e+06 3.9252e+01 -4.9307e+03 1.6062e+04 -1.2215e+00 -1.8156e+03
-4.1986e+06 3.8906e+01 -4.9440e+03 1.6054e+04 -2.2617e+00 -1.9317e+03
-4.1962e+06 3.8820e+01 -4.9570e+03 1.6047e+04 -3.7457e+00 -2.0478e+03
-4.1518e+06 3.9520e+01 -4.9697e+03 1.6039e+04 -3.2001e+00 -2.1640e+03
-4.0804e+06 4.0934e+01 -4.9822e+03 1.6031e+04 -6.0484e-01 -2.2802e+03
-4.0107e+06 4.2212e+01 -4.9945e+03 1.6023e+04 1.3774e+00 -2.3961e+03
-3.9855e+06 4.2848e+01 -5.0065e+03 1.6015e+04 5.4420e-01 -2.5120e+03
-3.9571e+06 4.3181e+01 -5.0182e+03 1.6007e+04 -4.7252e-01 -2.6279e+03
-3.9516e+06 4.3574e+01 -5.0297e+03 1.5998e+04 3.0421e-02 -2.7440e+03
-3.9110e+06 4.4023e+01 -5.0409e+03 1.5990e+04 -3.6368e-01 -2.8590e+03
-3.9020e+06 4.4426e+01 -5.0518e+03 1.5981e+04 1.0833e+00 -2.9737e+03
