  1    1089
-9.6446e+06 7.8102e+01 -2.4522e+03 3.5873e+01 -5.8617e+02 -4.6920e+03
-1.3581e+06 7.4095e+01 -2.4622e+03 2.4112e+01 1.5727e+03 -5.1465e+03
-5.0437e+06 7.1009e+01 -2.4735e+03 1.2838e+01 -5.5545e+02 -4.8952e+03
-2.8465e+06 6.9042e+01 -2.4848e+03 1.5962e+00 3.0997e+02 -4.9743e+03
-4.0938e+06 6.7472e+01 -2.4962e+03 -9.6111e+00 -1.3293e+02 -4.9121e+03
-3.3757e+06 6.6057e+01 -2.5076e+03 -2.0780e+01 7.2138e+01 -4.9063e+03
-3.8099e+06 6.4673e+01 -2.5190e+03 -3.1907e+01 -3.4244e+01 -4.8785e+03
-3.5729e+06 6.3301e+01 -2.5305e+03 -4.2989e+01 2.4254e+01 -4.8553e+03
-3.7521e+06 6.1898e+01 -2.5419e+03 -5.4021e+01 -1.2193e+01 -4.8307e+03
-3.6819e+06 6.0516e+01 -2.5534e+03 -6.4999e+01 9.5506e+00 -4.8061e+03
-3.7567e+06 5.9215e+01 -2.5648e+03 -7.5921e+01 -4.0605e+00 -4.7807e+03
-3.7560e+06 5.8019e+01 -2.5763e+03 -8.6781e+01 3.7913e+00 -4.7556e+03
-3.7830e+06 5.6912e+01 -2.5879e+03 -9.7577e+01 -1.0531e+00 -4.7293e+03
-3.8045e+06 5.5880e+01 -2.5994e+03 -1.0830e+02 2.4977e+00 -4.7038e+03
-3.8158e+06 5.4906e+01 -2.6109e+03 -1.1896e+02 1.7183e-01 -4.6764e+03
-3.8468e+06 5.3974e+01 -2.6224e+03 -1.2953e+02 6.5951e-01 -4.6501e+03
-3.8497e+06 5.3080e+01 -2.6340e+03 -1.4002e+02 -3.6424e-01 -4.6219e+03
-3.8778e+06 5.2221e+01 -2.6455e+03 -1.5043e+02 7.8435e-01 -4.5947e+03
-3.8795e+06 5.1381e+01 -2.6571e+03 -1.6075e+02 3.1036e-01 -4.5660e+03
-3.9096e+06 5.0581e+01 -2.6687e+03 -1.7097e+02 3.7208e-01 -4.5379e+03
-3.9128e+06 4.9869e+01 -2.6802e+03 -1.8109e+02 3.8987e-02 -4.5084e+03
-3.9387e+06 4.9209e+01 -2.6918e+03 -1.9110e+02 3.2144e-01 -4.4795e+03
-3.9448e+06 4.8484e+01 -2.7034e+03 -2.0101e+02 7.5350e-02 -4.4493e+03
-3.9730e+06 4.7666e+01 -2.7149e+03 -2.1081e+02 -3.3798e-01 -4.4196e+03
-3.9837e+06 4.6876e+01 -2.7265e+03 -2.2048e+02 -1.1769e+00 -4.3887e+03
-4.0054e+06 4.6251e+01 -2.7380e+03 -2.3004e+02 -1.4557e+00 -4.3581e+03
-4.0066e+06 4.5791e+01 -2.7496e+03 -2.3946e+02 -1.4174e+00 -4.3267e+03
-4.0154e+06 4.5381e+01 -2.7611e+03 -2.4876e+02 -5.2006e-01 -4.2952e+03
-4.0168e+06 4.4952e+01 -2.7726e+03 -2.5791e+02 -1.0800e+00 -4.2630e+03
-4.0301e+06 4.4531e+01 -2.7842e+03 -2.6693e+02 -2.6518e+00 -4.2303e+03
-4.0346e+06 4.4142e+01 -2.7956e+03 -2.7580e+02 -9.6004e-01 -4.1974e+03
-4.0294e+06 4.3763e+01 -2.8071e+03 -2.8451e+02 3.1133e-01 -4.1650e+03
-4.0416e+06 4.3361e+01 -2.8186e+03 -2.9308e+02 2.2967e-01 -4.1294e+03
-4.7877e+06 7.7023e+01 -2.4395e+03 2.4012e+01 1.2572e+03 -4.7934e+03
-3.5829e+06 7.3098e+01 -2.4508e+03 1.2658e+01 3.1135e+02 -5.1439e+03
-3.8857e+06 7.0169e+01 -2.4622e+03 1.3318e+00 -6.0256e+01 -4.9325e+03
-3.5090e+06 6.8271e+01 -2.4736e+03 -9.9634e+00 7.0715e+01 -4.9881e+03
-3.7450e+06 6.6727e+01 -2.4850e+03 -2.1224e+01 -2.7386e+01 -4.9375e+03
-3.6178e+06 6.5356e+01 -2.4965e+03 -3.2446e+01 1.8458e+01 -4.9227e+03
-3.6956e+06 6.4077e+01 -2.5079e+03 -4.3626e+01 -8.8687e+00 -4.8970e+03
-3.6724e+06 6.2818e+01 -2.5194e+03 -5.4761e+01 5.9800e+00 -4.8732e+03
-3.7225e+06 6.1490e+01 -2.5309e+03 -6.5845e+01 -4.1564e+00 -4.8487e+03
-3.7178e+06 6.0140e+01 -2.5425e+03 -7.6877e+01 2.6488e+00 -4.8239e+03
-3.7640e+06 5.8878e+01 -2.5540e+03 -8.7851e+01 -2.8100e+00 -4.7986e+03
-3.7663e+06 5.7734e+01 -2.5656e+03 -9.8764e+01 1.5535e-01 -4.7730e+03
-3.8020e+06 5.6669e+01 -2.5772e+03 -1.0961e+02 -1.6288e+00 -4.7468e+03
-3.8066e+06 5.5657e+01 -2.5887e+03 -1.2039e+02 -4.1160e-01 -4.7205e+03
-3.8389e+06 5.4689e+01 -2.6003e+03 -1.3109e+02 -1.3899e+00 -4.6933e+03
-3.8417e+06 5.3762e+01 -2.6120e+03 -1.4172e+02 -1.6140e+00 -4.6664e+03
-3.8695e+06 5.2879e+01 -2.6236e+03 -1.5226e+02 -1.3125e+00 -4.6388e+03
-3.8722e+06 5.2039e+01 -2.6352e+03 -1.6272e+02 -9.9249e-01 -4.6112e+03
-3.8970e+06 5.1233e+01 -2.6468e+03 -1.7308e+02 -1.0955e+00 -4.5827e+03
-3.9041e+06 5.0461e+01 -2.6585e+03 -1.8335e+02 -1.1159e+00 -4.5543e+03
-3.9271e+06 4.9734e+01 -2.6701e+03 -1.9352e+02 -1.2266e+00 -4.5251e+03
-3.9362e+06 4.9027e+01 -2.6818e+03 -2.0358e+02 -1.0863e+00 -4.4959e+03
-3.9578e+06 4.8284e+01 -2.6934e+03 -2.1353e+02 -1.3664e+00 -4.4660e+03
-3.9715e+06 4.7506e+01 -2.7051e+03 -2.2337e+02 -1.7288e+00 -4.4360e+03
-3.9898e+06 4.6780e+01 -2.7167e+03 -2.3309e+02 -2.1098e+00 -4.4053e+03
-3.9986e+06 4.6196e+01 -2.7284e+03 -2.4268e+02 -1.9602e+00 -4.3744e+03
-4.0056e+06 4.5745e+01 -2.7400e+03 -2.5215e+02 -1.4731e+00 -4.3430e+03
-4.0096e+06 4.5332e+01 -2.7516e+03 -2.6148e+02 -9.4388e-01 -4.3115e+03
-4.0165e+06 4.4900e+01 -2.7632e+03 -2.7068e+02 -1.7409e+00 -4.2796e+03
-4.0289e+06 4.4472e+01 -2.7748e+03 -2.7973e+02 -3.6039e+00 -4.2465e+03
-4.0320e+06 4.4073e+01 -2.7864e+03 -2.8863e+02 -1.5336e+00 -4.2126e+03
-4.0379e+06 4.3699e+01 -2.7980e+03 -2.9738e+02 1.0653e+00 -4.1800e+03
-4.0578e+06 4.3322e+01 -2.8096e+03 -3.0597e+02 -1.3310e-01 -4.1527e+03
-1.3218e+06 7.5726e+01 -2.4279e+03 1.2436e+01 2.4599e+03 -4.9304e+03
-5.1439e+06 7.1917e+01 -2.4393e+03 1.0282e+00 -6.1342e+02 -5.0966e+03
-3.0843e+06 6.9264e+01 -2.4508e+03 -1.0352e+01 3.3013e+02 -4.9775e+03
-3.9636e+06 6.7509e+01 -2.4622e+03 -2.1702e+01 -1.1758e+02 -5.0044e+03
-3.5204e+06 6.6066e+01 -2.4737e+03 -3.3016e+01 6.0044e+01 -4.9668e+03
-3.7789e+06 6.4786e+01 -2.4852e+03 -4.4293e+01 -3.0060e+01 -4.9478e+03
-3.6202e+06 6.3629e+01 -2.4967e+03 -5.5527e+01 1.7972e+01 -4.9228e+03
-3.7505e+06 6.2470e+01 -2.5083e+03 -6.6716e+01 -1.1937e+01 -4.8994e+03
-3.6990e+06 6.1182e+01 -2.5199e+03 -7.7855e+01 4.8116e+00 -4.8748e+03
-3.7607e+06 5.9827e+01 -2.5314e+03 -8.8940e+01 -3.8029e+00 -4.8503e+03
-3.7569e+06 5.8570e+01 -2.5431e+03 -9.9967e+01 -2.5298e-01 -4.8252e+03
-3.8012e+06 5.7448e+01 -2.5547e+03 -1.1093e+02 -2.5122e+00 -4.7997e+03
-3.7950e+06 5.6405e+01 -2.5663e+03 -1.2183e+02 -3.7727e-01 -4.7739e+03
-3.8373e+06 5.5402e+01 -2.5780e+03 -1.3266e+02 -1.5623e+00 -4.7475e+03
-3.8298e+06 5.4440e+01 -2.5896e+03 -1.4342e+02 -7.3426e-01 -4.7210e+03
-3.8676e+06 5.3525e+01 -2.6013e+03 -1.5410e+02 -1.3850e+00 -4.6940e+03
-3.8597e+06 5.2655e+01 -2.6130e+03 -1.6469e+02 -3.7594e-01 -4.6665e+03
-3.8936e+06 5.1824e+01 -2.6247e+03 -1.7519e+02 -7.6922e-01 -4.6386e+03
-3.8910e+06 5.1028e+01 -2.6364e+03 -1.8561e+02 -4.1070e-01 -4.6104e+03
-3.9213e+06 5.0256e+01 -2.6482e+03 -1.9593e+02 -5.9590e-01 -4.5817e+03
-3.9240e+06 4.9496e+01 -2.6599e+03 -2.0614e+02 -5.4897e-01 -4.5527e+03
-3.9508e+06 4.8750e+01 -2.6716e+03 -2.1625e+02 -6.3612e-01 -4.5232e+03
-3.9571e+06 4.8029e+01 -2.6833e+03 -2.2625e+02 -9.5749e-01 -4.4935e+03
-3.9795e+06 4.7336e+01 -2.6951e+03 -2.3613e+02 -1.0174e+00 -4.4632e+03
-3.9836e+06 4.6690e+01 -2.7068e+03 -2.4590e+02 -7.8528e-01 -4.4326e+03
-3.9964e+06 4.6142e+01 -2.7185e+03 -2.5553e+02 -3.3144e-01 -4.4017e+03
-3.9946e+06 4.5691e+01 -2.7303e+03 -2.6504e+02 -7.7273e-02 -4.3705e+03
-4.0060e+06 4.5265e+01 -2.7420e+03 -2.7441e+02 3.2145e-01 -4.3388e+03
-4.0130e+06 4.4826e+01 -2.7537e+03 -2.8365e+02 8.8266e-02 -4.3072e+03
-4.0295e+06 4.4386e+01 -2.7654e+03 -2.9274e+02 -1.8552e+00 -4.2738e+03
-4.0306e+06 4.3963e+01 -2.7771e+03 -3.0167e+02 1.3048e+00 -4.2421e+03
-4.0443e+06 4.3573e+01 -2.7887e+03 -3.1046e+02 4.2107e+00 -4.2025e+03
-4.0550e+06 4.3212e+01 -2.8004e+03 -3.1908e+02 -8.6587e-01 -4.1713e+03
9.0558e+05 7.4003e+01 -2.4163e+03 6.8433e-01 2.8760e+03 -5.1456e+03
-6.3633e+06 7.0732e+01 -2.4277e+03 -1.0779e+01 -1.0655e+03 -5.0386e+03
-2.3405e+06 6.8548e+01 -2.4392e+03 -2.2215e+01 5.3530e+02 -5.0403e+03
-4.4130e+06 6.6932e+01 -2.4507e+03 -3.3619e+01 -2.1906e+02 -5.0129e+03
-3.2624e+06 6.5541e+01 -2.4623e+03 -4.4989e+01 1.1563e+02 -4.9946e+03
-3.9674e+06 6.4317e+01 -2.4738e+03 -5.6321e+01 -6.2709e+01 -4.9704e+03
-3.5241e+06 6.3269e+01 -2.4854e+03 -6.7611e+01 3.9006e+01 -4.9469e+03
-3.8279e+06 6.2190e+01 -2.4970e+03 -7.8855e+01 -2.3383e+01 -4.9228e+03
-3.6699e+06 6.0924e+01 -2.5086e+03 -9.0048e+01 1.4660e+01 -4.8983e+03
-3.7887e+06 5.9554e+01 -2.5203e+03 -1.0119e+02 -7.5770e+00 -4.8735e+03
-3.7598e+06 5.8291e+01 -2.5320e+03 -1.1227e+02 4.1260e+00 -4.8482e+03
-3.8059e+06 5.7179e+01 -2.5436e+03 -1.2329e+02 -3.1961e+00 -4.8226e+03
-3.8097e+06 5.6148e+01 -2.5554e+03 -1.3424e+02 2.1668e+00 -4.7965e+03
-3.8315e+06 5.5155e+01 -2.5671e+03 -1.4513e+02 -9.1198e-01 -4.7701e+03
-3.8485e+06 5.4206e+01 -2.5788e+03 -1.5594e+02 9.0252e-01 -4.7432e+03
-3.8567e+06 5.3308e+01 -2.5906e+03 -1.6667e+02 -6.3511e-01 -4.7160e+03
-3.8784e+06 5.2452e+01 -2.6023e+03 -1.7731e+02 7.9065e-01 -4.6885e+03
-3.8843e+06 5.1628e+01 -2.6141e+03 -1.8787e+02 -1.0000e-02 -4.6606e+03
-3.9073e+06 5.0835e+01 -2.6259e+03 -1.9833e+02 6.6722e-01 -4.6322e+03
-3.9149e+06 5.0057e+01 -2.6377e+03 -2.0870e+02 2.5048e-01 -4.6035e+03
-3.9389e+06 4.9276e+01 -2.6495e+03 -2.1897e+02 4.2234e-01 -4.5744e+03
-3.9483e+06 4.8527e+01 -2.6613e+03 -2.2912e+02 5.8507e-02 -4.5449e+03
-3.9691e+06 4.7859e+01 -2.6731e+03 -2.3917e+02 -2.1674e-01 -4.5150e+03
-3.9747e+06 4.7240e+01 -2.6849e+03 -2.4910e+02 -4.9773e-02 -4.4847e+03
-3.9869e+06 4.6632e+01 -2.6968e+03 -2.5891e+02 6.1041e-01 -4.4540e+03
-3.9854e+06 4.6081e+01 -2.7086e+03 -2.6859e+02 8.5817e-01 -4.4231e+03
-3.9908e+06 4.5616e+01 -2.7204e+03 -2.7814e+02 4.3229e-01 -4.3918e+03
-3.9972e+06 4.5187e+01 -2.7322e+03 -2.8755e+02 5.3963e-01 -4.3600e+03
-4.0152e+06 4.4750e+01 -2.7440e+03 -2.9682e+02 6.2716e-01 -4.3280e+03
-4.0275e+06 4.4304e+01 -2.7558e+03 -3.0595e+02 -9.5281e-01 -4.2947e+03
-4.0363e+06 4.3859e+01 -2.7676e+03 -3.1492e+02 2.2611e+00 -4.2622e+03
-4.0432e+06 4.3447e+01 -2.7793e+03 -3.2374e+02 4.5478e+00 -4.2242e+03
-4.0655e+06 4.3085e+01 -2.7911e+03 -3.3240e+02 -6.7154e-01 -4.1940e+03
2.4883e+05 7.2499e+01 -2.4045e+03 -1.1244e+01 2.1696e+03 -5.2915e+03
-6.0646e+06 6.9930e+01 -2.4160e+03 -2.2764e+01 -8.8754e+02 -5.0016e+03
-2.4397e+06 6.8104e+01 -2.4275e+03 -3.4256e+01 4.5951e+02 -5.0915e+03
-4.3924e+06 6.6504e+01 -2.4391e+03 -4.5717e+01 -1.9782e+02 -5.0300e+03
-3.2874e+06 6.5076e+01 -2.4507e+03 -5.7143e+01 1.0824e+02 -5.0187e+03
-3.9652e+06 6.3853e+01 -2.4623e+03 -6.8532e+01 -5.9629e+01 -4.9920e+03
-3.5410e+06 6.2847e+01 -2.4739e+03 -7.9878e+01 3.7904e+01 -4.9692e+03
-3.8451e+06 6.1811e+01 -2.4856e+03 -9.1178e+01 -2.3670e+01 -4.9448e+03
-3.6690e+06 6.0574e+01 -2.4973e+03 -1.0243e+02 1.5393e+01 -4.9205e+03
-3.8134e+06 5.9231e+01 -2.5090e+03 -1.1362e+02 -8.6459e+00 -4.8955e+03
-3.7548e+06 5.8003e+01 -2.5207e+03 -1.2476e+02 4.5007e+00 -4.8703e+03
-3.8302e+06 5.6923e+01 -2.5325e+03 -1.3584e+02 -3.6494e+00 -4.8446e+03
-3.8029e+06 5.5914e+01 -2.5442e+03 -1.4685e+02 2.0039e+00 -4.8185e+03
-3.8547e+06 5.4942e+01 -2.5560e+03 -1.5778e+02 -1.3864e+00 -4.7920e+03
-3.8391e+06 5.4018e+01 -2.5678e+03 -1.6865e+02 4.0749e-01 -4.7652e+03
-3.8789e+06 5.3137e+01 -2.5797e+03 -1.7943e+02 -9.2251e-01 -4.7380e+03
-3.8702e+06 5.2288e+01 -2.5915e+03 -1.9013e+02 4.1312e-01 -4.7105e+03
-3.9039e+06 5.1467e+01 -2.6034e+03 -2.0074e+02 -3.7050e-01 -4.6825e+03
-3.9030e+06 5.0680e+01 -2.6152e+03 -2.1126e+02 3.0458e-01 -4.6541e+03
-3.9319e+06 4.9908e+01 -2.6271e+03 -2.2167e+02 -2.2933e-02 -4.6253e+03
-3.9370e+06 4.9132e+01 -2.6390e+03 -2.3199e+02 1.7652e-01 -4.5961e+03
-3.9612e+06 4.8413e+01 -2.6509e+03 -2.4220e+02 -1.8155e-01 -4.5666e+03
-3.9668e+06 4.7807e+01 -2.6628e+03 -2.5229e+02 -2.9118e-01 -4.5366e+03
-3.9817e+06 4.7236e+01 -2.6747e+03 -2.6227e+02 4.2871e-02 -4.5062e+03
-3.9846e+06 4.6622e+01 -2.6866e+03 -2.7212e+02 6.8885e-01 -4.4755e+03
-3.9914e+06 4.6037e+01 -2.6985e+03 -2.8185e+02 8.2928e-01 -4.4443e+03
-3.9916e+06 4.5549e+01 -2.7104e+03 -2.9144e+02 2.2261e-01 -4.4125e+03
-4.0042e+06 4.5114e+01 -2.7223e+03 -3.0090e+02 1.0991e-01 -4.3807e+03
-4.0181e+06 4.4680e+01 -2.7342e+03 -3.1021e+02 9.5481e-02 -4.3490e+03
-4.0336e+06 4.4236e+01 -2.7460e+03 -3.1937e+02 -1.4361e+00 -4.3157e+03
-4.0386e+06 4.3785e+01 -2.7579e+03 -3.2839e+02 1.6084e+00 -4.2831e+03
-4.0506e+06 4.3360e+01 -2.7698e+03 -3.3724e+02 3.8756e+00 -4.2447e+03
-4.0685e+06 4.2987e+01 -2.7816e+03 -3.4593e+02 -1.0262e+00 -4.2143e+03
-2.8212e+06 7.1544e+01 -2.3926e+03 -2.3350e+01 6.3048e+02 -5.2975e+03
-4.4378e+06 6.9468e+01 -2.4041e+03 -3.4927e+01 -2.0893e+02 -5.0203e+03
-3.3054e+06 6.7739e+01 -2.4157e+03 -4.6476e+01 1.4383e+02 -5.1195e+03
-3.9242e+06 6.6086e+01 -2.4273e+03 -5.7995e+01 -5.4904e+01 -5.0510e+03
-3.5849e+06 6.4605e+01 -2.4390e+03 -6.9479e+01 3.2918e+01 -5.0410e+03
-3.7884e+06 6.3384e+01 -2.4506e+03 -8.0925e+01 -1.7170e+01 -5.0142e+03
-3.6846e+06 6.2383e+01 -2.4623e+03 -9.2328e+01 1.0850e+01 -4.9914e+03
-3.7719e+06 6.1370e+01 -2.4740e+03 -1.0369e+02 -7.9022e+00 -4.9669e+03
-3.7402e+06 6.0172e+01 -2.4858e+03 -1.1499e+02 5.5137e+00 -4.9427e+03
-3.7828e+06 5.8894e+01 -2.4975e+03 -1.2625e+02 -3.5682e+00 -4.9176e+03
-3.7986e+06 5.7736e+01 -2.5093e+03 -1.3744e+02 9.4548e-01 -4.8924e+03
-3.8081e+06 5.6706e+01 -2.5212e+03 -1.4857e+02 -1.3566e+00 -4.8666e+03
-3.8371e+06 5.5722e+01 -2.5330e+03 -1.5964e+02 5.6534e-01 -4.8405e+03
-3.8363e+06 5.4782e+01 -2.5449e+03 -1.7063e+02 -3.8339e-01 -4.8140e+03
-3.8663e+06 5.3894e+01 -2.5567e+03 -1.8155e+02 -7.3686e-03 -4.7872e+03
-3.8626e+06 5.3024e+01 -2.5686e+03 -1.9239e+02 -2.1365e-01 -4.7599e+03
-3.8937e+06 5.2162e+01 -2.5805e+03 -2.0314e+02 2.0781e-01 -4.7323e+03
-3.8939e+06 5.1333e+01 -2.5925e+03 -2.1381e+02 -1.2211e-01 -4.7043e+03
-3.9236e+06 5.0549e+01 -2.6044e+03 -2.2438e+02 1.4608e-01 -4.6758e+03
-3.9268e+06 4.9779e+01 -2.6163e+03 -2.3485e+02 1.2652e-01 -4.6470e+03
-3.9549e+06 4.9010e+01 -2.6283e+03 -2.4521e+02 1.4912e-01 -4.6178e+03
-3.9599e+06 4.8320e+01 -2.6403e+03 -2.5547e+02 -9.6728e-02 -4.5882e+03
-3.9803e+06 4.7763e+01 -2.6523e+03 -2.6561e+02 -4.4024e-02 -4.5581e+03
-3.9807e+06 4.7222e+01 -2.6642e+03 -2.7564e+02 2.8383e-01 -4.5277e+03
-3.9964e+06 4.6604e+01 -2.6762e+03 -2.8554e+02 5.3969e-01 -4.4969e+03
-3.9963e+06 4.6000e+01 -2.6882e+03 -2.9531e+02 6.8197e-01 -4.4656e+03
-4.0077e+06 4.5495e+01 -2.7002e+03 -3.0495e+02 4.9661e-01 -4.4337e+03
-4.0107e+06 4.5050e+01 -2.7122e+03 -3.1445e+02 5.9354e-01 -4.4018e+03
-4.0269e+06 4.4615e+01 -2.7242e+03 -3.2380e+02 2.4212e-01 -4.3701e+03
-4.0357e+06 4.4176e+01 -2.7362e+03 -3.3301e+02 -1.5561e+00 -4.3366e+03
-4.0451e+06 4.3728e+01 -2.7481e+03 -3.4206e+02 1.6465e+00 -4.3040e+03
-4.0513e+06 4.3301e+01 -2.7601e+03 -3.5095e+02 4.0459e+00 -4.2656e+03
-4.0742e+06 4.2923e+01 -2.7720e+03 -3.5967e+02 -1.0945e+00 -4.2350e+03
-6.2108e+06 7.0954e+01 -2.3806e+03 -3.5633e+01 -8.3239e+02 -5.2286e+03
-2.4838e+06 6.9060e+01 -2.3921e+03 -4.7268e+01 4.9216e+02 -5.0772e+03
-4.4102e+06 6.7316e+01 -2.4038e+03 -5.8876e+01 -1.9580e+02 -5.1219e+03
-3.3028e+06 6.5656e+01 -2.4154e+03 -7.0453e+01 1.0918e+02 -5.0783e+03
-3.9646e+06 6.4156e+01 -2.4271e+03 -8.1996e+01 -5.7080e+01 -5.0617e+03
-3.5696e+06 6.2972e+01 -2.4388e+03 -9.3501e+01 3.5024e+01 -5.0365e+03
-3.8383e+06 6.2010e+01 -2.4506e+03 -1.0496e+02 -2.1873e+01 -5.0133e+03
-3.6971e+06 6.1035e+01 -2.4623e+03 -1.1638e+02 1.2710e+01 -4.9889e+03
-3.7956e+06 5.9867e+01 -2.4741e+03 -1.2775e+02 -7.2064e+00 -4.9647e+03
-3.7714e+06 5.8640e+01 -2.4860e+03 -1.3906e+02 4.1296e+00 -4.9396e+03
-3.8134e+06 5.7534e+01 -2.4978e+03 -1.5031e+02 -3.5877e+00 -4.9144e+03
-3.8183e+06 5.6526e+01 -2.5097e+03 -1.6150e+02 2.0899e+00 -4.8885e+03
-3.8378e+06 5.5544e+01 -2.5216e+03 -1.7262e+02 -1.1732e+00 -4.8625e+03
-3.8532e+06 5.4633e+01 -2.5335e+03 -1.8367e+02 1.1212e+00 -4.8359e+03
-3.8596e+06 5.3789e+01 -2.5455e+03 -1.9465e+02 -4.0401e-01 -4.8090e+03
-3.8794e+06 5.2929e+01 -2.5574e+03 -2.0554e+02 1.0044e+00 -4.7817e+03
-3.8875e+06 5.2042e+01 -2.5694e+03 -2.1635e+02 1.6401e-01 -4.7541e+03
-3.9123e+06 5.1195e+01 -2.5814e+03 -2.2707e+02 4.0017e-01 -4.7260e+03
-3.9224e+06 5.0400e+01 -2.5934e+03 -2.3769e+02 5.0436e-02 -4.6975e+03
-3.9451e+06 4.9613e+01 -2.6055e+03 -2.4822e+02 3.1925e-01 -4.6687e+03
-3.9570e+06 4.8830e+01 -2.6175e+03 -2.5864e+02 -3.5068e-02 -4.6394e+03
-3.9760e+06 4.8144e+01 -2.6295e+03 -2.6894e+02 -1.8689e-01 -4.6097e+03
-3.9836e+06 4.7605e+01 -2.6416e+03 -2.7914e+02 -1.7845e-01 -4.5796e+03
-3.9939e+06 4.7089e+01 -2.6537e+03 -2.8921e+02 1.9812e-01 -4.5491e+03
-4.0025e+06 4.6500e+01 -2.6657e+03 -2.9916e+02 1.3503e-01 -4.5182e+03
-4.0115e+06 4.5920e+01 -2.6778e+03 -3.0898e+02 3.1553e-01 -4.4869e+03
-4.0183e+06 4.5426e+01 -2.6899e+03 -3.1867e+02 3.8069e-01 -4.4552e+03
-4.0233e+06 4.4982e+01 -2.7020e+03 -3.2821e+02 8.1301e-01 -4.4232e+03
-4.0321e+06 4.4549e+01 -2.7140e+03 -3.3761e+02 3.1408e-01 -4.3912e+03
-4.0419e+06 4.4112e+01 -2.7261e+03 -3.4685e+02 -1.5503e+00 -4.3575e+03
-4.0476e+06 4.3667e+01 -2.7382e+03 -3.5594e+02 1.6447e+00 -4.3248e+03
-4.0560e+06 4.3242e+01 -2.7503e+03 -3.6487e+02 4.0478e+00 -4.2863e+03
-4.0768e+06 4.2864e+01 -2.7623e+03 -3.7363e+02 -1.0332e+00 -4.2556e+03
-7.5572e+06 7.0686e+01 -2.3684e+03 -4.8093e+01 -1.4108e+03 -5.1631e+03
-1.6597e+06 6.8775e+01 -2.3800e+03 -5.9788e+01 7.6216e+02 -5.1481e+03
-4.8987e+06 6.7037e+01 -2.3917e+03 -7.1456e+01 -3.3602e+02 -5.1276e+03
-2.9982e+06 6.5370e+01 -2.4034e+03 -8.3093e+01 1.8094e+02 -5.1047e+03
-4.1673e+06 6.3821e+01 -2.4151e+03 -9.4696e+01 -9.8507e+01 -5.0826e+03
-3.4490e+06 6.2630e+01 -2.4269e+03 -1.0626e+02 5.7944e+01 -5.0589e+03
-3.9388e+06 6.1698e+01 -2.4387e+03 -1.1778e+02 -3.6564e+01 -5.0353e+03
-3.6366e+06 6.0761e+01 -2.4505e+03 -1.2926e+02 2.1814e+01 -5.0110e+03
-3.8576e+06 5.9614e+01 -2.4624e+03 -1.4068e+02 -1.2902e+01 -4.9866e+03
-3.7378e+06 5.8405e+01 -2.4743e+03 -1.5206e+02 7.6871e+00 -4.9617e+03
-3.8570e+06 5.7309e+01 -2.4862e+03 -1.6337e+02 -5.6671e+00 -4.9363e+03
-3.7959e+06 5.6280e+01 -2.4981e+03 -1.7462e+02 3.5448e+00 -4.9105e+03
-3.8748e+06 5.5271e+01 -2.5101e+03 -1.8580e+02 -2.4611e+00 -4.8843e+03
-3.8368e+06 5.4382e+01 -2.5221e+03 -1.9691e+02 1.2974e+00 -4.8578e+03
-3.8882e+06 5.3594e+01 -2.5341e+03 -2.0794e+02 -7.5764e-01 -4.8309e+03
-3.8638e+06 5.2762e+01 -2.5461e+03 -2.1889e+02 1.4655e+00 -4.8036e+03
-3.9109e+06 5.1871e+01 -2.5582e+03 -2.2976e+02 -2.0502e-01 -4.7759e+03
-3.9052e+06 5.1016e+01 -2.5702e+03 -2.4053e+02 3.2760e-01 -4.7477e+03
-3.9443e+06 5.0212e+01 -2.5823e+03 -2.5121e+02 -2.8288e-01 -4.7192e+03
-3.9445e+06 4.9408e+01 -2.5944e+03 -2.6179e+02 3.2072e-02 -4.6902e+03
-3.9774e+06 4.8617e+01 -2.6065e+03 -2.7226e+02 -5.2425e-01 -4.6609e+03
-3.9800e+06 4.7933e+01 -2.6187e+03 -2.8262e+02 -6.3955e-01 -4.6311e+03
-4.0016e+06 4.7393e+01 -2.6308e+03 -2.9287e+02 -6.4281e-01 -4.6010e+03
-4.0004e+06 4.6889e+01 -2.6429e+03 -3.0299e+02 -3.0159e-01 -4.5704e+03
-4.0175e+06 4.6343e+01 -2.6551e+03 -3.1299e+02 -4.1796e-01 -4.5395e+03
-4.0181e+06 4.5813e+01 -2.6673e+03 -3.2286e+02 -4.1665e-01 -4.5081e+03
-4.0314e+06 4.5346e+01 -2.6794e+03 -3.3259e+02 -4.7727e-01 -4.4762e+03
-4.0292e+06 4.4913e+01 -2.6916e+03 -3.4218e+02 1.3032e-01 -4.4442e+03
-4.0400e+06 4.4487e+01 -2.7038e+03 -3.5162e+02 -5.5214e-02 -4.4120e+03
-4.0451e+06 4.4057e+01 -2.7159e+03 -3.6091e+02 -1.7399e+00 -4.3783e+03
-4.0536e+06 4.3613e+01 -2.7281e+03 -3.7004e+02 1.4596e+00 -4.3455e+03
-4.0598e+06 4.3185e+01 -2.7403e+03 -3.7901e+02 3.7586e+00 -4.3069e+03
-4.0837e+06 4.2805e+01 -2.7524e+03 -3.8781e+02 -1.5033e+00 -4.2761e+03
-6.4680e+06 7.0859e+01 -2.3561e+03 -6.0731e+01 -1.0999e+03 -5.1392e+03
-2.2454e+06 6.8892e+01 -2.3678e+03 -7.2486e+01 5.9589e+02 -5.2052e+03
-4.5136e+06 6.7152e+01 -2.3795e+03 -8.4215e+01 -2.6486e+02 -5.1437e+03
-3.2297e+06 6.5407e+01 -2.3912e+03 -9.5913e+01 1.4232e+02 -5.1296e+03
-4.0092e+06 6.3724e+01 -2.4030e+03 -1.0758e+02 -7.7683e+01 -5.1038e+03
-3.5639e+06 6.2390e+01 -2.4148e+03 -1.1920e+02 4.5456e+01 -5.0811e+03
-3.8632e+06 6.1374e+01 -2.4267e+03 -1.3079e+02 -2.9577e+01 -5.0571e+03
-3.7078e+06 6.0416e+01 -2.4385e+03 -1.4232e+02 1.6777e+01 -5.0331e+03
-3.8148e+06 5.9282e+01 -2.4505e+03 -1.5381e+02 -1.0387e+01 -5.0085e+03
-3.7905e+06 5.8085e+01 -2.4624e+03 -1.6524e+02 5.2921e+00 -4.9836e+03
-3.8287e+06 5.6979e+01 -2.4744e+03 -1.7661e+02 -4.5793e+00 -4.9582e+03
-3.8406e+06 5.5917e+01 -2.4864e+03 -1.8792e+02 2.1293e+00 -4.9323e+03
-3.8574e+06 5.4889e+01 -2.4984e+03 -1.9917e+02 -2.5873e+00 -4.9061e+03
-3.8744e+06 5.4025e+01 -2.5105e+03 -2.1034e+02 1.8872e-01 -4.8796e+03
-3.8740e+06 5.3295e+01 -2.5225e+03 -2.2143e+02 -7.1550e-01 -4.8526e+03
-3.8904e+06 5.2514e+01 -2.5346e+03 -2.3244e+02 1.0759e+00 -4.8253e+03
-3.9006e+06 5.1648e+01 -2.5468e+03 -2.4336e+02 -4.8504e-01 -4.7975e+03
-3.9300e+06 5.0801e+01 -2.5589e+03 -2.5419e+02 -9.7644e-02 -4.7693e+03
-3.9426e+06 5.0001e+01 -2.5711e+03 -2.6493e+02 -5.6391e-01 -4.7407e+03
-3.9661e+06 4.9215e+01 -2.5832e+03 -2.7556e+02 -2.6603e-01 -4.7117e+03
-3.9781e+06 4.8458e+01 -2.5954e+03 -2.8609e+02 -7.5477e-01 -4.6823e+03
-3.9966e+06 4.7798e+01 -2.6076e+03 -2.9651e+02 -7.0527e-01 -4.6525e+03
-4.0038e+06 4.7254e+01 -2.6198e+03 -3.0680e+02 -6.9510e-01 -4.6223e+03
-4.0152e+06 4.6742e+01 -2.6321e+03 -3.1698e+02 -4.2087e-01 -4.5916e+03
-4.0224e+06 4.6217e+01 -2.6443e+03 -3.2703e+02 -5.0890e-01 -4.5606e+03
-4.0312e+06 4.5722e+01 -2.6566e+03 -3.3695e+02 -5.2458e-01 -4.5291e+03
-4.0366e+06 4.5272e+01 -2.6688e+03 -3.4673e+02 -6.1401e-01 -4.4972e+03
-4.0393e+06 4.4844e+01 -2.6811e+03 -3.5636e+02 2.9095e-02 -4.4650e+03
-4.0442e+06 4.4431e+01 -2.6933e+03 -3.6585e+02 -3.1857e-02 -4.4328e+03
-4.0518e+06 4.4022e+01 -2.7056e+03 -3.7518e+02 -1.6274e+00 -4.3990e+03
-4.0569e+06 4.3593e+01 -2.7179e+03 -3.8435e+02 1.4928e+00 -4.3661e+03
-4.0661e+06 4.3163e+01 -2.7301e+03 -3.9336e+02 3.6811e+00 -4.3274e+03
-4.0884e+06 4.2772e+01 -2.7424e+03 -4.0220e+02 -1.6050e+00 -4.2965e+03
-4.9932e+06 7.1293e+01 -2.3436e+03 -7.3546e+01 -4.6855e+02 -5.1492e+03
-2.9768e+06 6.9281e+01 -2.3554e+03 -8.5364e+01 2.7957e+02 -5.2237e+03
-4.0919e+06 6.7527e+01 -2.3671e+03 -9.7155e+01 -1.2149e+02 -5.1617e+03
-3.4456e+06 6.5737e+01 -2.3789e+03 -1.0892e+02 6.6286e+01 -5.1521e+03
-3.8738e+06 6.3944e+01 -2.3907e+03 -1.2064e+02 -3.4521e+01 -5.1252e+03
-3.6266e+06 6.2406e+01 -2.4026e+03 -1.3233e+02 2.0348e+01 -5.1030e+03
-3.8380e+06 6.1198e+01 -2.4145e+03 -1.4398e+02 -1.5113e+01 -5.0788e+03
-3.7139e+06 6.0137e+01 -2.4264e+03 -1.5557e+02 7.4203e+00 -5.0549e+03
-3.8306e+06 5.8996e+01 -2.4384e+03 -1.6712e+02 -6.0532e+00 -5.0302e+03
-3.7799e+06 5.7806e+01 -2.4504e+03 -1.7862e+02 1.6391e+00 -5.0053e+03
-3.8525e+06 5.6678e+01 -2.4624e+03 -1.9005e+02 -2.9138e+00 -4.9799e+03
-3.8298e+06 5.5604e+01 -2.4745e+03 -2.0142e+02 8.7008e-02 -4.9541e+03
-3.8831e+06 5.4604e+01 -2.4866e+03 -2.1273e+02 -2.2393e+00 -4.9278e+03
-3.8646e+06 5.3779e+01 -2.4987e+03 -2.2396e+02 -1.1443e+00 -4.9012e+03
-3.8965e+06 5.3078e+01 -2.5108e+03 -2.3511e+02 -6.0280e-01 -4.8742e+03
-3.8834e+06 5.2326e+01 -2.5230e+03 -2.4618e+02 3.9761e-01 -4.8468e+03
-3.9197e+06 5.1476e+01 -2.5352e+03 -2.5716e+02 -5.3699e-01 -4.8189e+03
-3.9274e+06 5.0622e+01 -2.5474e+03 -2.6805e+02 -6.5979e-01 -4.7908e+03
-3.9593e+06 4.9832e+01 -2.5596e+03 -2.7885e+02 -9.0540e-01 -4.7622e+03
-3.9658e+06 4.9096e+01 -2.5719e+03 -2.8954e+02 -6.7212e-01 -4.7331e+03
-3.9906e+06 4.8392e+01 -2.5842e+03 -3.0012e+02 -8.7014e-01 -4.7037e+03
-3.9979e+06 4.7753e+01 -2.5964e+03 -3.1059e+02 -7.4476e-01 -4.6738e+03
-4.0145e+06 4.7195e+01 -2.6087e+03 -3.2094e+02 -7.0133e-01 -4.6435e+03
-4.0201e+06 4.6662e+01 -2.6211e+03 -3.3117e+02 -5.0438e-01 -4.6128e+03
-4.0316e+06 4.6132e+01 -2.6334e+03 -3.4128e+02 -5.7036e-01 -4.5817e+03
-4.0364e+06 4.5644e+01 -2.6457e+03 -3.5124e+02 -4.8580e-01 -4.5501e+03
-4.0427e+06 4.5197e+01 -2.6581e+03 -3.6107e+02 -3.8596e-01 -4.5182e+03
-4.0442e+06 4.4769e+01 -2.6704e+03 -3.7076e+02 2.0652e-01 -4.4859e+03
-4.0484e+06 4.4373e+01 -2.6828e+03 -3.8029e+02 8.1754e-02 -4.4536e+03
-4.0568e+06 4.4000e+01 -2.6951e+03 -3.8967e+02 -1.5684e+00 -4.4197e+03
-4.0599e+06 4.3603e+01 -2.7075e+03 -3.9888e+02 1.5497e+00 -4.3867e+03
-4.0709e+06 4.3183e+01 -2.7198e+03 -4.0793e+02 3.7946e+00 -4.3479e+03
-4.0908e+06 4.2784e+01 -2.7322e+03 -4.1681e+02 -1.3398e+00 -4.3169e+03
-3.4849e+06 7.1565e+01 -2.3311e+03 -8.6539e+01 1.3926e+02 -5.1873e+03
-3.7704e+06 6.9523e+01 -2.3428e+03 -9.8420e+01 -3.0522e+01 -5.2446e+03
-3.5944e+06 6.7817e+01 -2.3546e+03 -1.1027e+02 1.9275e+01 -5.1821e+03
-3.7402e+06 6.6133e+01 -2.3665e+03 -1.2210e+02 -5.2511e+00 -5.1738e+03
-3.6488e+06 6.4408e+01 -2.3783e+03 -1.3389e+02 5.5029e+00 -5.1468e+03
-3.7676e+06 6.2785e+01 -2.3903e+03 -1.4564e+02 -2.7338e+00 -5.1247e+03
-3.7182e+06 6.1393e+01 -2.4022e+03 -1.5735e+02 -7.0692e-01 -5.1004e+03
-3.7906e+06 6.0177e+01 -2.4142e+03 -1.6901e+02 -1.0390e+00 -5.0765e+03
-3.7604e+06 5.8985e+01 -2.4262e+03 -1.8062e+02 -1.1198e+00 -5.0517e+03
-3.8281e+06 5.7779e+01 -2.4383e+03 -1.9218e+02 -1.1674e+00 -5.0265e+03
-3.8065e+06 5.6623e+01 -2.4504e+03 -2.0368e+02 -8.8752e-01 -5.0013e+03
-3.8682e+06 5.5564e+01 -2.4625e+03 -2.1511e+02 -1.2723e+00 -4.9757e+03
-3.8493e+06 5.4632e+01 -2.4746e+03 -2.2648e+02 -1.3558e+00 -4.9493e+03
-3.8940e+06 5.3841e+01 -2.4868e+03 -2.3777e+02 -1.4310e+00 -4.9228e+03
-3.8742e+06 5.3121e+01 -2.4990e+03 -2.4898e+02 -3.5028e-01 -4.8957e+03
-3.9100e+06 5.2355e+01 -2.5112e+03 -2.6012e+02 3.3088e-02 -4.8683e+03
-3.9058e+06 5.1493e+01 -2.5235e+03 -2.7116e+02 -2.7689e-01 -4.8404e+03
-3.9471e+06 5.0611e+01 -2.5358e+03 -2.8211e+02 -8.6147e-01 -4.8122e+03
-3.9491e+06 4.9825e+01 -2.5481e+03 -2.9296e+02 -1.0445e+00 -4.7836e+03
-3.9800e+06 4.9132e+01 -2.5604e+03 -3.0371e+02 -8.8599e-01 -4.7545e+03
-3.9819e+06 4.8451e+01 -2.5727e+03 -3.1435e+02 -7.8552e-01 -4.7249e+03
-4.0083e+06 4.7788e+01 -2.5851e+03 -3.2488e+02 -8.3251e-01 -4.6950e+03
-4.0110e+06 4.7190e+01 -2.5975e+03 -3.3529e+02 -8.1866e-01 -4.6647e+03
-4.0308e+06 4.6628e+01 -2.6099e+03 -3.4558e+02 -7.3435e-01 -4.6339e+03
-4.0327e+06 4.6084e+01 -2.6223e+03 -3.5573e+02 -7.8847e-01 -4.6027e+03
-4.0467e+06 4.5589e+01 -2.6347e+03 -3.6575e+02 -6.5201e-01 -4.5711e+03
-4.0445e+06 4.5137e+01 -2.6471e+03 -3.7563e+02 -5.7178e-01 -4.5391e+03
-4.0514e+06 4.4715e+01 -2.6596e+03 -3.8536e+02 -4.2443e-02 -4.5068e+03
-4.0500e+06 4.4340e+01 -2.6720e+03 -3.9494e+02 -1.8181e-01 -4.4743e+03
-4.0628e+06 4.3998e+01 -2.6845e+03 -4.0437e+02 -1.6570e+00 -4.4403e+03
-4.0615e+06 4.3631e+01 -2.6969e+03 -4.1363e+02 1.5448e+00 -4.4072e+03
-4.0752e+06 4.3223e+01 -2.7094e+03 -4.2272e+02 3.8386e+00 -4.3683e+03
-4.0906e+06 4.2824e+01 -2.7218e+03 -4.3163e+02 -1.0892e+00 -4.3372e+03
-2.4773e+06 7.1497e+01 -2.3184e+03 -9.9710e+01 5.3839e+02 -5.2313e+03
-4.2704e+06 6.9487e+01 -2.3302e+03 -1.1166e+02 -2.3816e+02 -5.2455e+03
-3.3238e+06 6.7875e+01 -2.3420e+03 -1.2357e+02 1.1576e+02 -5.2107e+03
-3.8562e+06 6.6377e+01 -2.3539e+03 -1.3546e+02 -5.4192e+01 -5.1936e+03
-3.5837e+06 6.4879e+01 -2.3658e+03 -1.4732e+02 3.2540e+01 -5.1689e+03
-3.7697e+06 6.3358e+01 -2.3778e+03 -1.5913e+02 -1.8051e+01 -5.1461e+03
-3.7079e+06 6.1889e+01 -2.3898e+03 -1.7091e+02 9.7452e+00 -5.1219e+03
-3.7528e+06 6.0521e+01 -2.4018e+03 -1.8264e+02 -5.5092e+00 -5.0981e+03
-3.7621e+06 5.9246e+01 -2.4139e+03 -1.9431e+02 4.1606e+00 -5.0737e+03
-3.7801e+06 5.8015e+01 -2.4260e+03 -2.0593e+02 -2.5521e+00 -5.0485e+03
-3.8218e+06 5.6846e+01 -2.4381e+03 -2.1750e+02 5.5996e-01 -5.0229e+03
-3.8335e+06 5.5816e+01 -2.4503e+03 -2.2899e+02 -1.7140e+00 -4.9971e+03
-3.8623e+06 5.4944e+01 -2.4625e+03 -2.4042e+02 2.6996e-01 -4.9709e+03
-3.8649e+06 5.4156e+01 -2.4747e+03 -2.5178e+02 -1.0814e+00 -4.9442e+03
-3.8863e+06 5.3387e+01 -2.4870e+03 -2.6306e+02 1.0946e-01 -4.9171e+03
-3.8908e+06 5.2599e+01 -2.4993e+03 -2.7425e+02 1.6004e-02 -4.8897e+03
-3.9151e+06 5.1743e+01 -2.5116e+03 -2.8536e+02 1.8596e-01 -4.8619e+03
-3.9291e+06 5.0860e+01 -2.5240e+03 -2.9637e+02 -5.2858e-01 -4.8335e+03
-3.9520e+06 5.0077e+01 -2.5364e+03 -3.0728e+02 -6.3033e-01 -4.8048e+03
-3.9648e+06 4.9393e+01 -2.5488e+03 -3.1809e+02 -5.3343e-01 -4.7756e+03
-3.9825e+06 4.8688e+01 -2.5612e+03 -3.2879e+02 -2.7434e-01 -4.7461e+03
-3.9996e+06 4.7960e+01 -2.5736e+03 -3.3938e+02 -6.1898e-01 -4.7161e+03
-4.0148e+06 4.7289e+01 -2.5861e+03 -3.4984e+02 -7.1962e-01 -4.6857e+03
-4.0289e+06 4.6687e+01 -2.5985e+03 -3.6018e+02 -8.6253e-01 -4.6549e+03
-4.0369e+06 4.6126e+01 -2.6110e+03 -3.7039e+02 -8.5692e-01 -4.6236e+03
-4.0457e+06 4.5613e+01 -2.6235e+03 -3.8047e+02 -7.0311e-01 -4.5919e+03
-4.0464e+06 4.5156e+01 -2.6361e+03 -3.9040e+02 -7.0495e-01 -4.5598e+03
-4.0490e+06 4.4751e+01 -2.6486e+03 -4.0018e+02 -2.8441e-01 -4.5274e+03
-4.0495e+06 4.4392e+01 -2.6611e+03 -4.0981e+02 -4.1917e-01 -4.4949e+03
-4.0629e+06 4.4054e+01 -2.6737e+03 -4.1928e+02 -1.7965e+00 -4.4608e+03
-4.0626e+06 4.3688e+01 -2.6862e+03 -4.2859e+02 1.4247e+00 -4.4276e+03
-4.0764e+06 4.3278e+01 -2.6987e+03 -4.3772e+02 3.6027e+00 -4.3887e+03
-4.0908e+06 4.2877e+01 -2.7113e+03 -4.4668e+02 -1.2170e+00 -4.3574e+03
-2.2926e+06 7.1215e+01 -2.3055e+03 -1.1306e+02 6.1465e+02 -5.2978e+03
-4.3903e+06 6.9290e+01 -2.3174e+03 -1.2507e+02 -2.8104e+02 -5.2565e+03
-3.2183e+06 6.7738e+01 -2.3292e+03 -1.3705e+02 1.3251e+02 -5.2377e+03
-3.9471e+06 6.6369e+01 -2.3412e+03 -1.4901e+02 -6.3443e+01 -5.2134e+03
-3.4974e+06 6.5094e+01 -2.3531e+03 -1.6093e+02 3.7403e+01 -5.1910e+03
-3.8318e+06 6.3769e+01 -2.3651e+03 -1.7281e+02 -2.1039e+01 -5.1674e+03
-3.6294e+06 6.2346e+01 -2.3772e+03 -1.8465e+02 1.2765e+01 -5.1433e+03
-3.7799e+06 6.0908e+01 -2.3893e+03 -1.9645e+02 -3.7212e+00 -5.1195e+03
-3.6703e+06 5.9568e+01 -2.4014e+03 -2.0819e+02 9.1115e+00 -5.0958e+03
-3.7866e+06 5.8327e+01 -2.4135e+03 -2.1988e+02 -1.4026e+00 -5.0705e+03
-3.7706e+06 5.7173e+01 -2.4257e+03 -2.3150e+02 7.8465e-01 -5.0446e+03
-3.8527e+06 5.6167e+01 -2.4380e+03 -2.4307e+02 -1.3529e+00 -5.0186e+03
-3.8262e+06 5.5312e+01 -2.4502e+03 -2.5456e+02 1.2120e+00 -4.9922e+03
-3.8772e+06 5.4497e+01 -2.4625e+03 -2.6598e+02 -3.5120e-01 -4.9656e+03
-3.8612e+06 5.3686e+01 -2.4749e+03 -2.7732e+02 4.5763e-01 -4.9385e+03
-3.8991e+06 5.2901e+01 -2.4872e+03 -2.8858e+02 9.7590e-02 -4.9110e+03
-3.8941e+06 5.2104e+01 -2.4996e+03 -2.9975e+02 6.4377e-01 -4.8831e+03
-3.9282e+06 5.1282e+01 -2.5120e+03 -3.1082e+02 2.2086e-01 -4.8547e+03
-3.9324e+06 5.0510e+01 -2.5245e+03 -3.2180e+02 2.2271e-01 -4.8259e+03
-3.9599e+06 4.9796e+01 -2.5370e+03 -3.3267e+02 2.5532e-01 -4.7967e+03
-3.9673e+06 4.9058e+01 -2.5494e+03 -3.4343e+02 4.3166e-01 -4.7672e+03
-3.9940e+06 4.8276e+01 -2.5620e+03 -3.5408e+02 7.6633e-02 -4.7371e+03
-4.0055e+06 4.7528e+01 -2.5745e+03 -3.6460e+02 -2.6551e-01 -4.7066e+03
-4.0262e+06 4.6874e+01 -2.5871e+03 -3.7500e+02 -6.0878e-01 -4.6757e+03
-4.0332e+06 4.6294e+01 -2.5996e+03 -3.8526e+02 -6.1713e-01 -4.6444e+03
-4.0446e+06 4.5762e+01 -2.6122e+03 -3.9539e+02 -4.4861e-01 -4.6126e+03
-4.0449e+06 4.5303e+01 -2.6248e+03 -4.0538e+02 -4.0686e-01 -4.5804e+03
-4.0462e+06 4.4916e+01 -2.6374e+03 -4.1521e+02 1.6581e-01 -4.5479e+03
-4.0482e+06 4.4555e+01 -2.6500e+03 -4.2489e+02 1.5926e-02 -4.5153e+03
-4.0602e+06 4.4189e+01 -2.6627e+03 -4.3441e+02 -1.5655e+00 -4.4811e+03
-4.0633e+06 4.3800e+01 -2.6753e+03 -4.4376e+02 1.4145e+00 -4.4479e+03
-4.0741e+06 4.3374e+01 -2.6880e+03 -4.5294e+02 3.4071e+00 -4.4089e+03
-4.0915e+06 4.2967e+01 -2.7006e+03 -4.6194e+02 -1.4242e+00 -4.3776e+03
-2.6431e+06 7.0818e+01 -2.2925e+03 -1.2658e+02 4.7618e+02 -5.3092e+03
-4.1492e+06 6.8974e+01 -2.3044e+03 -1.3866e+02 -2.2103e+02 -5.2670e+03
-3.4012e+06 6.7452e+01 -2.3163e+03 -1.5071e+02 1.0600e+02 -5.2628e+03
-3.8078e+06 6.6120e+01 -2.3283e+03 -1.6273e+02 -5.1725e+01 -5.2341e+03
-3.6199e+06 6.4937e+01 -2.3403e+03 -1.7472e+02 3.0985e+01 -5.2124e+03
-3.7387e+06 6.3751e+01 -2.3524e+03 -1.8667e+02 -1.8501e+01 -5.1887e+03
-3.7040e+06 6.2453e+01 -2.3644e+03 -1.9858e+02 1.1543e+01 -5.1650e+03
-3.7019e+06 6.1073e+01 -2.3766e+03 -2.1044e+02 -1.4090e+00 -5.1408e+03
-3.7080e+06 5.9738e+01 -2.3888e+03 -2.2225e+02 1.1183e+01 -5.1159e+03
-3.7218e+06 5.8504e+01 -2.4010e+03 -2.3401e+02 1.7951e-01 -5.0907e+03
-3.8034e+06 5.7377e+01 -2.4132e+03 -2.4570e+02 7.6390e-01 -5.0656e+03
-3.8115e+06 5.6394e+01 -2.4255e+03 -2.5733e+02 -9.9485e-01 -5.0399e+03
-3.8483e+06 5.5534e+01 -2.4378e+03 -2.6889e+02 1.1360e+00 -5.0136e+03
-3.8470e+06 5.4692e+01 -2.4502e+03 -2.8038e+02 -3.4897e-02 -4.9868e+03
-3.8756e+06 5.3850e+01 -2.4626e+03 -2.9179e+02 5.3543e-01 -4.9597e+03
-3.8773e+06 5.3067e+01 -2.4750e+03 -3.0311e+02 1.5079e-01 -4.9322e+03
-3.9008e+06 5.2343e+01 -2.4875e+03 -3.1434e+02 9.6630e-01 -4.9042e+03
-3.9068e+06 5.1614e+01 -2.4999e+03 -3.2548e+02 8.0316e-01 -4.8758e+03
-3.9312e+06 5.0854e+01 -2.5125e+03 -3.3652e+02 9.9362e-01 -4.8470e+03
-3.9424e+06 5.0097e+01 -2.5250e+03 -3.4745e+02 7.6129e-01 -4.8178e+03
-3.9654e+06 4.9360e+01 -2.5376e+03 -3.5827e+02 9.4149e-01 -4.7881e+03
-3.9794e+06 4.8593e+01 -2.5501e+03 -3.6898e+02 8.1439e-01 -4.7580e+03
-4.0027e+06 4.7811e+01 -2.5628e+03 -3.7956e+02 4.0124e-01 -4.7274e+03
-4.0165e+06 4.7116e+01 -2.5754e+03 -3.9002e+02 -5.6570e-02 -4.6965e+03
-4.0310e+06 4.6526e+01 -2.5881e+03 -4.0034e+02 -1.3926e-01 -4.6651e+03
-4.0373e+06 4.5995e+01 -2.6007e+03 -4.1053e+02 -1.0458e-02 -4.6333e+03
-4.0433e+06 4.5540e+01 -2.6134e+03 -4.2057e+02 1.4298e-01 -4.6010e+03
-4.0420e+06 4.5155e+01 -2.6261e+03 -4.3046e+02 9.3837e-01 -4.5683e+03
-4.0466e+06 4.4770e+01 -2.6388e+03 -4.4019e+02 8.0068e-01 -4.5357e+03
-4.0567e+06 4.4367e+01 -2.6515e+03 -4.4976e+02 -1.0891e+00 -4.5014e+03
-4.0613e+06 4.3951e+01 -2.6643e+03 -4.5916e+02 1.6351e+00 -4.4681e+03
-4.0714e+06 4.3511e+01 -2.6770e+03 -4.6838e+02 3.5548e+00 -4.4290e+03
-4.0892e+06 4.3097e+01 -2.6898e+03 -4.7743e+02 -1.1597e+00 -4.3976e+03
-2.8575e+06 7.0306e+01 -2.2794e+03 -1.4028e+02 2.9523e+02 -5.3653e+03
-4.1333e+06 6.8565e+01 -2.2913e+03 -1.5243e+02 -1.3318e+02 -5.2910e+03
-3.3766e+06 6.7091e+01 -2.3033e+03 -1.6455e+02 6.2782e+01 -5.2823e+03
-3.8814e+06 6.5728e+01 -2.3153e+03 -1.7664e+02 -3.0176e+01 -5.2551e+03
-3.5583e+06 6.4489e+01 -2.3273e+03 -1.8870e+02 1.9525e+01 -5.2337e+03
-3.8218e+06 6.3324e+01 -2.3394e+03 -2.0071e+02 -1.2000e+01 -5.2098e+03
-3.6486e+06 6.2149e+01 -2.3516e+03 -2.1269e+02 7.3275e+00 -5.1866e+03
-3.7804e+06 6.0913e+01 -2.3637e+03 -2.2462e+02 -1.7478e+00 -5.1620e+03
-3.6848e+06 5.9658e+01 -2.3760e+03 -2.3650e+02 7.2668e+00 -5.1367e+03
-3.7850e+06 5.8453e+01 -2.3882e+03 -2.4832e+02 2.2600e-01 -5.1118e+03
-3.7760e+06 5.7366e+01 -2.4005e+03 -2.6009e+02 4.4466e-01 -5.0868e+03
-3.8406e+06 5.6431e+01 -2.4129e+03 -2.7179e+02 -8.1694e-01 -5.0610e+03
-3.8264e+06 5.5592e+01 -2.4253e+03 -2.8341e+02 6.2378e-01 -5.0347e+03
-3.8639e+06 5.4732e+01 -2.4377e+03 -2.9497e+02 2.1294e-02 -5.0079e+03
-3.8623e+06 5.3838e+01 -2.4501e+03 -3.0644e+02 1.0688e-01 -4.9808e+03
-3.8891e+06 5.3010e+01 -2.4626e+03 -3.1783e+02 4.1044e-02 -4.9532e+03
-3.8925e+06 5.2307e+01 -2.4751e+03 -3.2913e+02 6.2485e-01 -4.9253e+03
-3.9137e+06 5.1637e+01 -2.4877e+03 -3.4033e+02 8.2279e-01 -4.8968e+03
-3.9248e+06 5.0878e+01 -2.5003e+03 -3.5144e+02 9.6919e-01 -4.8680e+03
-3.9475e+06 5.0092e+01 -2.5129e+03 -3.6244e+02 5.4852e-01 -4.8387e+03
-3.9614e+06 4.9391e+01 -2.5255e+03 -3.7332e+02 7.6825e-01 -4.8090e+03
-3.9791e+06 4.8698e+01 -2.5382e+03 -3.8409e+02 9.2261e-01 -4.7788e+03
-3.9975e+06 4.7950e+01 -2.5509e+03 -3.9473e+02 6.6308e-01 -4.7482e+03
-4.0138e+06 4.7259e+01 -2.5636e+03 -4.0525e+02 2.4754e-01 -4.7171e+03
-4.0285e+06 4.6684e+01 -2.5763e+03 -4.1563e+02 1.7031e-01 -4.6857e+03
-4.0350e+06 4.6179e+01 -2.5891e+03 -4.2587e+02 3.4838e-01 -4.6538e+03
-4.0433e+06 4.5732e+01 -2.6018e+03 -4.3597e+02 3.8965e-01 -4.6214e+03
-4.0415e+06 4.5330e+01 -2.6146e+03 -4.4591e+02 9.8375e-01 -4.5888e+03
-4.0493e+06 4.4919e+01 -2.6274e+03 -4.5570e+02 8.1412e-01 -4.5561e+03
-4.0553e+06 4.4493e+01 -2.6402e+03 -4.6532e+02 -8.8789e-01 -4.5217e+03
-4.0635e+06 4.4057e+01 -2.6531e+03 -4.7477e+02 1.8634e+00 -4.4882e+03
-4.0693e+06 4.3607e+01 -2.6659e+03 -4.8404e+02 3.7884e+00 -4.4490e+03
-4.0905e+06 4.3190e+01 -2.6787e+03 -4.9314e+02 -8.2386e-01 -4.4175e+03
-3.9272e+06 6.9702e+01 -2.2662e+03 -1.5416e+02 -8.1956e+01 -5.3619e+03
-3.4626e+06 6.8148e+01 -2.2781e+03 -1.6638e+02 4.5662e+01 -5.3005e+03
-3.8327e+06 6.6710e+01 -2.2901e+03 -1.7857e+02 -1.5491e+01 -5.3063e+03
-3.5847e+06 6.5270e+01 -2.3021e+03 -1.9073e+02 1.2973e+01 -5.2757e+03
-3.8064e+06 6.3911e+01 -2.3142e+03 -2.0285e+02 -3.5559e+00 -5.2550e+03
-3.6677e+06 6.2713e+01 -2.3264e+03 -2.1494e+02 2.3335e+00 -5.2309e+03
-3.7950e+06 6.1631e+01 -2.3385e+03 -2.2699e+02 -9.3471e-01 -5.2075e+03
-3.7130e+06 6.0546e+01 -2.3508e+03 -2.3899e+02 5.2246e-01 -5.1831e+03
-3.7980e+06 5.9388e+01 -2.3630e+03 -2.5094e+02 5.3034e-01 -5.1585e+03
-3.7595e+06 5.8225e+01 -2.3754e+03 -2.6283e+02 6.1974e-01 -5.1337e+03
-3.8343e+06 5.7187e+01 -2.3877e+03 -2.7466e+02 -9.1979e-01 -5.1081e+03
-3.8123e+06 5.6322e+01 -2.4001e+03 -2.8643e+02 -2.1178e-01 -5.0820e+03
-3.8554e+06 5.5528e+01 -2.4125e+03 -2.9813e+02 3.8180e-01 -5.0557e+03
-3.8434e+06 5.4657e+01 -2.4250e+03 -3.0975e+02 8.5989e-01 -5.0289e+03
-3.8795e+06 5.3696e+01 -2.4375e+03 -3.2129e+02 1.4054e-01 -5.0017e+03
-3.8792e+06 5.2795e+01 -2.4501e+03 -3.3275e+02 1.8531e-02 -4.9741e+03
-3.9089e+06 5.2066e+01 -2.4626e+03 -3.4412e+02 -1.6289e-03 -4.9461e+03
-3.9097e+06 5.1407e+01 -2.4753e+03 -3.5539e+02 4.3924e-01 -4.9177e+03
-3.9378e+06 5.0641e+01 -2.4879e+03 -3.6656e+02 3.8492e-01 -4.8888e+03
-3.9481e+06 4.9839e+01 -2.5006e+03 -3.7762e+02 -2.2330e-02 -4.8594e+03
-3.9729e+06 4.9165e+01 -2.5133e+03 -3.8857e+02 -3.8816e-02 -4.8297e+03
-3.9814e+06 4.8544e+01 -2.5260e+03 -3.9940e+02 2.4244e-01 -4.7995e+03
-4.0044e+06 4.7867e+01 -2.5388e+03 -4.1011e+02 1.5522e-01 -4.7688e+03
-4.0157e+06 4.7214e+01 -2.5516e+03 -4.2069e+02 -2.2460e-02 -4.7377e+03
-4.0326e+06 4.6668e+01 -2.5644e+03 -4.3113e+02 4.9911e-02 -4.7062e+03
-4.0364e+06 4.6198e+01 -2.5772e+03 -4.4143e+02 3.4948e-01 -4.6742e+03
-4.0459e+06 4.5765e+01 -2.5901e+03 -4.5159e+02 1.4332e-01 -4.6418e+03
-4.0450e+06 4.5348e+01 -2.6030e+03 -4.6159e+02 2.6221e-01 -4.6091e+03
-4.0529e+06 4.4928e+01 -2.6159e+03 -4.7142e+02 9.0555e-02 -4.5762e+03
-4.0601e+06 4.4497e+01 -2.6288e+03 -4.8110e+02 -1.1376e+00 -4.5418e+03
-4.0670e+06 4.4049e+01 -2.6417e+03 -4.9060e+02 1.8189e+00 -4.5082e+03
-4.0745e+06 4.3594e+01 -2.6546e+03 -4.9992e+02 3.7043e+00 -4.4689e+03
-4.0936e+06 4.3181e+01 -2.6676e+03 -5.0906e+02 -8.1296e-01 -4.4373e+03
-4.6219e+06 6.9125e+01 -2.2528e+03 -1.6821e+02 -3.0669e+02 -5.3825e+03
-3.2340e+06 6.7724e+01 -2.2647e+03 -1.8050e+02 1.7404e+02 -5.3472e+03
-3.9733e+06 6.6239e+01 -2.2768e+03 -1.9276e+02 -8.5039e+01 -5.3198e+03
-3.5851e+06 6.4708e+01 -2.2888e+03 -2.0499e+02 6.1537e+01 -5.2986e+03
-3.8100e+06 6.3291e+01 -2.3010e+03 -2.1719e+02 -2.7763e+01 -5.2754e+03
-3.7273e+06 6.2130e+01 -2.3132e+03 -2.2935e+02 2.0924e+01 -5.2518e+03
-3.7662e+06 6.1157e+01 -2.3254e+03 -2.4147e+02 -9.4369e+00 -5.2284e+03
-3.7769e+06 6.0187e+01 -2.3376e+03 -2.5354e+02 6.8252e+00 -5.2039e+03
-3.7849e+06 5.9081e+01 -2.3500e+03 -2.6556e+02 -4.4049e+00 -5.1795e+03
-3.8105e+06 5.7921e+01 -2.3623e+03 -2.7752e+02 2.6644e+00 -5.1545e+03
-3.8252e+06 5.6893e+01 -2.3747e+03 -2.8943e+02 -2.9093e+00 -5.1289e+03
-3.8415e+06 5.6064e+01 -2.3872e+03 -3.0126e+02 1.0289e+00 -5.1029e+03
-3.8456e+06 5.5305e+01 -2.3997e+03 -3.1303e+02 2.3971e-01 -5.0766e+03
-3.8579e+06 5.4439e+01 -2.4122e+03 -3.2473e+02 2.2417e+00 -5.0497e+03
-3.8722e+06 5.3463e+01 -2.4248e+03 -3.3634e+02 5.6719e-01 -5.0224e+03
-3.8924e+06 5.2548e+01 -2.4374e+03 -3.4787e+02 4.5116e-01 -4.9948e+03
-3.9076e+06 5.1822e+01 -2.4500e+03 -3.5930e+02 -3.3340e-01 -4.9668e+03
-3.9227e+06 5.1175e+01 -2.4627e+03 -3.7064e+02 2.3927e-01 -4.9383e+03
-3.9405e+06 5.0414e+01 -2.4754e+03 -3.8188e+02 1.6073e-01 -4.9094e+03
-3.9594e+06 4.9600e+01 -2.4882e+03 -3.9301e+02 -1.8522e-01 -4.8800e+03
-3.9785e+06 4.8912e+01 -2.5009e+03 -4.0402e+02 -5.4687e-01 -4.8502e+03
-3.9911e+06 4.8309e+01 -2.5137e+03 -4.1492e+02 -4.1867e-01 -4.8200e+03
-4.0104e+06 4.7676e+01 -2.5266e+03 -4.2569e+02 -4.5931e-01 -4.7893e+03
-4.0231e+06 4.7048e+01 -2.5394e+03 -4.3633e+02 -4.2964e-01 -4.7581e+03
-4.0403e+06 4.6508e+01 -2.5523e+03 -4.4684e+02 -2.8541e-01 -4.7265e+03
-4.0448e+06 4.6057e+01 -2.5653e+03 -4.5720e+02 6.8843e-02 -4.6945e+03
-4.0552e+06 4.5640e+01 -2.5782e+03 -4.6741e+02 -1.4384e-01 -4.6620e+03
-4.0536e+06 4.5228e+01 -2.5912e+03 -4.7747e+02 -7.3516e-02 -4.6291e+03
-4.0633e+06 4.4816e+01 -2.6041e+03 -4.8737e+02 -2.3226e-01 -4.5962e+03
-4.0679e+06 4.4394e+01 -2.6171e+03 -4.9709e+02 -1.3421e+00 -4.5617e+03
-4.0770e+06 4.3950e+01 -2.6301e+03 -5.0665e+02 1.5705e+00 -4.5280e+03
-4.0812e+06 4.3507e+01 -2.6432e+03 -5.1602e+02 3.4825e+00 -4.4887e+03
-4.1020e+06 4.3105e+01 -2.6562e+03 -5.2521e+02 -9.5256e-01 -4.4569e+03
-5.0142e+06 6.8596e+01 -2.2392e+03 -1.8244e+02 -3.6596e+02 -5.3405e+03
-2.9297e+06 6.7183e+01 -2.2512e+03 -1.9480e+02 2.2457e+02 -5.3586e+03
-4.2933e+06 6.5602e+01 -2.2633e+03 -2.0713e+02 -6.0507e+01 -5.3438e+03
-3.4153e+06 6.4035e+01 -2.2754e+03 -2.1943e+02 6.8732e+01 -5.3188e+03
-4.0325e+06 6.2681e+01 -2.2876e+03 -2.3170e+02 -1.8913e+01 -5.2958e+03
-3.6223e+06 6.1655e+01 -2.2998e+03 -2.4394e+02 2.4611e+01 -5.2729e+03
-3.8943e+06 6.0812e+01 -2.3121e+03 -2.5613e+02 -6.7642e+00 -5.2489e+03
-3.7133e+06 5.9905e+01 -2.3244e+03 -2.6827e+02 8.7447e+00 -5.2248e+03
-3.8572e+06 5.8787e+01 -2.3367e+03 -2.8036e+02 -3.3815e+00 -5.2002e+03
-3.7874e+06 5.7584e+01 -2.3491e+03 -2.9240e+02 2.6246e+00 -5.1751e+03
-3.8666e+06 5.6524e+01 -2.3616e+03 -3.0438e+02 -2.3770e+00 -5.1495e+03
-3.8307e+06 5.5687e+01 -2.3741e+03 -3.1629e+02 1.1757e+00 -5.1236e+03
-3.8668e+06 5.4939e+01 -2.3866e+03 -3.2813e+02 3.2018e-01 -5.0973e+03
-3.8479e+06 5.4103e+01 -2.3992e+03 -3.3989e+02 1.5575e+00 -5.0706e+03
-3.8827e+06 5.3176e+01 -2.4118e+03 -3.5158e+02 -6.1646e-03 -5.0433e+03
-3.8881e+06 5.2314e+01 -2.4245e+03 -3.6318e+02 5.0660e-01 -5.0156e+03
-3.9172e+06 5.1631e+01 -2.4372e+03 -3.7468e+02 -3.3527e-01 -4.9875e+03
-3.9236e+06 5.1016e+01 -2.4499e+03 -3.8609e+02 2.8213e-01 -4.9589e+03
-3.9472e+06 5.0283e+01 -2.4627e+03 -3.9740e+02 2.3091e-01 -4.9299e+03
-3.9628e+06 4.9473e+01 -2.4755e+03 -4.0860e+02 7.4934e-02 -4.9005e+03
-3.9844e+06 4.8759e+01 -2.4884e+03 -4.1968e+02 -3.8661e-01 -4.8706e+03
-3.9983e+06 4.8140e+01 -2.5013e+03 -4.3064e+02 -3.6687e-01 -4.8403e+03
-4.0159e+06 4.7518e+01 -2.5142e+03 -4.4148e+02 -3.9887e-01 -4.8096e+03
-4.0316e+06 4.6887e+01 -2.5271e+03 -4.5219e+02 -4.0427e-01 -4.7784e+03
-4.0466e+06 4.6319e+01 -2.5401e+03 -4.6275e+02 -5.0879e-01 -4.7467e+03
-4.0561e+06 4.5852e+01 -2.5531e+03 -4.7318e+02 -3.6112e-01 -4.7146e+03
-4.0629e+06 4.5447e+01 -2.5661e+03 -4.8345e+02 -3.7019e-01 -4.6820e+03
-4.0656e+06 4.5056e+01 -2.5792e+03 -4.9357e+02 8.2892e-02 -4.6491e+03
-4.0702e+06 4.4659e+01 -2.5922e+03 -5.0352e+02 -5.2460e-02 -4.6161e+03
-4.0797e+06 4.4252e+01 -2.6053e+03 -5.1330e+02 -1.4530e+00 -4.5815e+03
-4.0830e+06 4.3832e+01 -2.6184e+03 -5.2291e+02 1.3057e+00 -4.5478e+03
-4.0916e+06 4.3413e+01 -2.6315e+03 -5.3234e+02 3.3230e+00 -4.5083e+03
-4.1072e+06 4.3024e+01 -2.6447e+03 -5.4158e+02 -1.0021e+00 -4.4765e+03
-3.9773e+06 6.7883e+01 -2.2255e+03 -1.9684e+02 9.2577e+01 -5.3993e+03
-4.1084e+06 6.6443e+01 -2.2376e+03 -2.0927e+02 1.3582e+02 -5.4112e+03
-3.8237e+06 6.4872e+01 -2.2497e+03 -2.2168e+02 3.0180e+01 -5.3533e+03
-3.9480e+06 6.3382e+01 -2.2618e+03 -2.3406e+02 8.2891e+01 -5.3398e+03
-3.8194e+06 6.2167e+01 -2.2740e+03 -2.4640e+02 8.7215e+00 -5.3164e+03
-3.8917e+06 6.1263e+01 -2.2863e+03 -2.5871e+02 2.3145e+01 -5.2932e+03
-3.7802e+06 6.0489e+01 -2.2986e+03 -2.7097e+02 1.9182e+00 -5.2697e+03
-3.8341e+06 5.9580e+01 -2.3109e+03 -2.8319e+02 7.0999e+00 -5.2455e+03
-3.7992e+06 5.8427e+01 -2.3233e+03 -2.9535e+02 -4.5239e-02 -5.2209e+03
-3.8542e+06 5.7205e+01 -2.3358e+03 -3.0747e+02 1.1736e+00 -5.1957e+03
-3.8448e+06 5.6153e+01 -2.3483e+03 -3.1952e+02 -1.2296e+00 -5.1701e+03
-3.8653e+06 5.5324e+01 -2.3608e+03 -3.3150e+02 1.2569e+00 -5.1441e+03
-3.8539e+06 5.4583e+01 -2.3734e+03 -3.4342e+02 1.4184e-01 -5.1178e+03
-3.8631e+06 5.3780e+01 -2.3861e+03 -3.5525e+02 -4.2173e-01 -5.0913e+03
-3.8750e+06 5.2902e+01 -2.3987e+03 -3.6701e+02 -8.7444e-01 -5.0639e+03
-3.9006e+06 5.2074e+01 -2.4115e+03 -3.7868e+02 1.6620e-01 -5.0361e+03
-3.9171e+06 5.1399e+01 -2.4242e+03 -3.9026e+02 2.9902e-01 -5.0080e+03
-3.9344e+06 5.0799e+01 -2.4370e+03 -4.0174e+02 3.8108e-01 -4.9794e+03
-3.9516e+06 5.0106e+01 -2.4499e+03 -4.1312e+02 2.5610e-01 -4.9503e+03
-3.9712e+06 4.9332e+01 -2.4628e+03 -4.2438e+02 1.0302e-01 -4.9209e+03
-3.9892e+06 4.8623e+01 -2.4757e+03 -4.3554e+02 -1.8617e-01 -4.8909e+03
-4.0039e+06 4.8007e+01 -2.4886e+03 -4.4657e+02 -4.8194e-02 -4.8606e+03
-4.0199e+06 4.7406e+01 -2.5016e+03 -4.5747e+02 1.0077e-01 -4.8298e+03
-4.0354e+06 4.6779e+01 -2.5146e+03 -4.6824e+02 -8.4209e-04 -4.7985e+03
-4.0530e+06 4.6181e+01 -2.5277e+03 -4.7888e+02 -4.2660e-01 -4.7668e+03
-4.0637e+06 4.5685e+01 -2.5408e+03 -4.8936e+02 -6.4274e-01 -4.7346e+03
-4.0724e+06 4.5288e+01 -2.5539e+03 -4.9970e+02 -6.0312e-01 -4.7019e+03
-4.0733e+06 4.4921e+01 -2.5670e+03 -5.0988e+02 9.1472e-02 -4.6690e+03
-4.0794e+06 4.4536e+01 -2.5802e+03 -5.1989e+02 -6.5017e-04 -4.6359e+03
-4.0863e+06 4.4142e+01 -2.5933e+03 -5.2973e+02 -1.5189e+00 -4.6012e+03
-4.0910e+06 4.3747e+01 -2.6065e+03 -5.3940e+02 1.2229e+00 -4.5674e+03
-4.0970e+06 4.3346e+01 -2.6197e+03 -5.4888e+02 3.3655e+00 -4.5279e+03
-4.1143e+06 4.2965e+01 -2.6330e+03 -5.5817e+02 -8.5411e-01 -4.4959e+03
-5.3003e+06 6.6695e+01 -2.2117e+03 -2.1142e+02 2.8496e+02 -5.4018e+03
-4.0210e+06 6.5378e+01 -2.2238e+03 -2.2392e+02 4.0227e+02 -5.3444e+03
-4.5031e+06 6.4036e+01 -2.2359e+03 -2.3640e+02 2.7756e+02 -5.3758e+03
-3.9334e+06 6.2789e+01 -2.2481e+03 -2.4885e+02 1.1862e+02 -5.3569e+03
-4.0877e+06 6.1742e+01 -2.2603e+03 -2.6127e+02 8.1712e+01 -5.3352e+03
-3.8353e+06 6.0904e+01 -2.2726e+03 -2.7365e+02 2.5339e+01 -5.3146e+03
-3.8895e+06 6.0128e+01 -2.2850e+03 -2.8599e+02 1.7133e+01 -5.2900e+03
-3.8036e+06 5.9194e+01 -2.2974e+03 -2.9829e+02 4.7312e+00 -5.2661e+03
-3.8538e+06 5.8033e+01 -2.3098e+03 -3.1053e+02 3.4511e+00 -5.2413e+03
-3.8451e+06 5.6839e+01 -2.3223e+03 -3.2272e+02 -2.6379e-01 -5.2161e+03
-3.8742e+06 5.5835e+01 -2.3348e+03 -3.3484e+02 -1.3040e-01 -5.1906e+03
-3.8659e+06 5.5039e+01 -2.3474e+03 -3.4690e+02 7.4672e-01 -5.1646e+03
-3.8687e+06 5.4319e+01 -2.3601e+03 -3.5889e+02 6.1863e-01 -5.1382e+03
-3.8692e+06 5.3550e+01 -2.3728e+03 -3.7080e+02 -6.5188e-01 -5.1112e+03
-3.8815e+06 5.2702e+01 -2.3855e+03 -3.8263e+02 -3.5324e-02 -5.0839e+03
-3.9082e+06 5.1862e+01 -2.3983e+03 -3.9438e+02 6.3655e-01 -5.0563e+03
-3.9214e+06 5.1146e+01 -2.4111e+03 -4.0603e+02 1.1089e+00 -5.0282e+03
-3.9432e+06 5.0529e+01 -2.4240e+03 -4.1758e+02 6.6453e-01 -4.9996e+03
-3.9554e+06 4.9868e+01 -2.4369e+03 -4.2903e+02 4.0811e-01 -4.9705e+03
-3.9802e+06 4.9140e+01 -2.4498e+03 -4.4037e+02 1.0544e-01 -4.9410e+03
-3.9924e+06 4.8449e+01 -2.4628e+03 -4.5159e+02 -2.6833e-01 -4.9111e+03
-4.0132e+06 4.7846e+01 -2.4758e+03 -4.6270e+02 -1.4497e-01 -4.8806e+03
-4.0213e+06 4.7279e+01 -2.4889e+03 -4.7367e+02 1.5300e-01 -4.8498e+03
-4.0421e+06 4.6686e+01 -2.5020e+03 -4.8451e+02 2.0330e-01 -4.8184e+03
-4.0521e+06 4.6097e+01 -2.5151e+03 -4.9521e+02 -1.4648e-01 -4.7867e+03
-4.0695e+06 4.5603e+01 -2.5283e+03 -5.0576e+02 -4.7618e-01 -4.7544e+03
-4.0718e+06 4.5222e+01 -2.5415e+03 -5.1616e+02 -5.1816e-01 -4.7217e+03
-4.0794e+06 4.4870e+01 -2.5547e+03 -5.2640e+02 1.3889e-01 -4.6886e+03
-4.0794e+06 4.4485e+01 -2.5679e+03 -5.3647e+02 8.1986e-02 -4.6555e+03
-4.0931e+06 4.4095e+01 -2.5812e+03 -5.4637e+02 -1.3531e+00 -4.6207e+03
-4.0918e+06 4.3709e+01 -2.5945e+03 -5.5609e+02 1.4249e+00 -4.5868e+03
-4.1048e+06 4.3300e+01 -2.6078e+03 -5.6563e+02 3.4769e+00 -4.5472e+03
-4.1177e+06 4.2909e+01 -2.6211e+03 -5.7497e+02 -8.0169e-01 -4.5152e+03
-6.5680e+06 6.3851e+01 -2.1978e+03 -2.2616e+02 1.2829e+03 -3.7433e+03
-6.9748e+06 6.3324e+01 -2.2099e+03 -2.3874e+02 1.0628e+03 -5.0421e+03
-4.9088e+06 6.2748e+01 -2.2220e+03 -2.5130e+02 5.6350e+02 -5.3413e+03
-4.6993e+06 6.2026e+01 -2.2342e+03 -2.6383e+02 4.2974e+02 -5.3483e+03
-4.0451e+06 6.1270e+01 -2.2465e+03 -2.7632e+02 1.1441e+02 -5.3654e+03
-4.0268e+06 6.0535e+01 -2.2588e+03 -2.8878e+02 8.2195e+01 -5.3317e+03
-3.8478e+06 5.9788e+01 -2.2712e+03 -3.0120e+02 1.3597e+01 -5.3115e+03
-3.8695e+06 5.8874e+01 -2.2836e+03 -3.1357e+02 1.6477e+01 -5.2858e+03
-3.8485e+06 5.7730e+01 -2.2961e+03 -3.2589e+02 -6.2558e-01 -5.2618e+03
-3.8717e+06 5.6554e+01 -2.3086e+03 -3.3815e+02 3.6155e+00 -5.2362e+03
-3.8784e+06 5.5566e+01 -2.3212e+03 -3.5035e+02 -1.5189e+00 -5.2110e+03
-3.8886e+06 5.4780e+01 -2.3339e+03 -3.6249e+02 9.5316e-01 -5.1848e+03
-3.8829e+06 5.4080e+01 -2.3466e+03 -3.7455e+02 5.2235e-01 -5.1584e+03
-3.8886e+06 5.3357e+01 -2.3593e+03 -3.8654e+02 1.0077e+00 -5.1314e+03
-3.8983e+06 5.2548e+01 -2.3721e+03 -3.9845e+02 1.5470e+00 -5.1042e+03
-3.9142e+06 5.1702e+01 -2.3849e+03 -4.1027e+02 1.4300e+00 -5.0765e+03
-3.9331e+06 5.0952e+01 -2.3978e+03 -4.2199e+02 2.6470e-01 -5.0484e+03
-3.9453e+06 5.0322e+01 -2.4107e+03 -4.3362e+02 2.0923e-01 -5.0197e+03
-3.9659e+06 4.9693e+01 -2.4237e+03 -4.4514e+02 4.0282e-01 -4.9906e+03
-3.9806e+06 4.8996e+01 -2.4367e+03 -4.5656e+02 6.4220e-01 -4.9611e+03
-4.0021e+06 4.8297e+01 -2.4498e+03 -4.6785e+02 -2.7489e-01 -4.9311e+03
-4.0148e+06 4.7679e+01 -2.4629e+03 -4.7902e+02 -6.0216e-01 -4.9006e+03
-4.0300e+06 4.7128e+01 -2.4760e+03 -4.9007e+02 -4.6760e-01 -4.8697e+03
-4.0411e+06 4.6575e+01 -2.4891e+03 -5.0098e+02 -5.0127e-02 -4.8383e+03
-4.0570e+06 4.6030e+01 -2.5023e+03 -5.1174e+02 2.4302e-02 -4.8064e+03
-4.0672e+06 4.5569e+01 -2.5156e+03 -5.2236e+02 -1.2307e-01 -4.7741e+03
-4.0759e+06 4.5206e+01 -2.5288e+03 -5.3283e+02 -2.4047e-01 -4.7413e+03
-4.0786e+06 4.4849e+01 -2.5421e+03 -5.4313e+02 3.1524e-01 -4.7082e+03
-4.0854e+06 4.4449e+01 -2.5555e+03 -5.5327e+02 2.2623e-01 -4.6750e+03
-4.0941e+06 4.4054e+01 -2.5688e+03 -5.6323e+02 -1.1511e+00 -4.6401e+03
-4.0994e+06 4.3655e+01 -2.5822e+03 -5.7301e+02 1.4662e+00 -4.6061e+03
-4.1091e+06 4.3222e+01 -2.5956e+03 -5.8260e+02 3.2185e+00 -4.5665e+03
-4.1279e+06 4.2820e+01 -2.6090e+03 -5.9200e+02 -1.2071e+00 -4.5343e+03
-8.6465e+06 5.5237e+01 -2.1837e+03 -2.4108e+02 3.7441e+04 5.4402e+04
-1.4581e+06 5.7903e+01 -2.1958e+03 -2.5373e+02 8.3457e+03 1.4804e+03
-1.1163e+07 6.0323e+01 -2.2080e+03 -2.6637e+02 3.6845e+02 -5.0727e+03
-3.2639e+06 6.0884e+01 -2.2202e+03 -2.7897e+02 1.3753e+03 -5.3480e+03
-5.6660e+06 6.0644e+01 -2.2325e+03 -2.9155e+02 -5.7589e+01 -5.3858e+03
-3.3464e+06 6.0114e+01 -2.2448e+03 -3.0408e+02 2.8569e+02 -5.3521e+03
-4.3873e+06 5.9426e+01 -2.2573e+03 -3.1658e+02 -7.6502e+01 -5.3323e+03
-3.5887e+06 5.8567e+01 -2.2697e+03 -3.2902e+02 8.4336e+01 -5.3056e+03
-4.0582e+06 5.7447e+01 -2.2823e+03 -3.4142e+02 -4.0165e+01 -5.2824e+03
-3.7674e+06 5.6290e+01 -2.2948e+03 -3.5376e+02 3.0198e+01 -5.2558e+03
-3.9653e+06 5.5302e+01 -2.3075e+03 -3.6604e+02 -1.6963e+01 -5.2315e+03
-3.8567e+06 5.4510e+01 -2.3201e+03 -3.7826e+02 1.0413e+01 -5.2046e+03
-3.9324e+06 5.3813e+01 -2.3329e+03 -3.9040e+02 -6.8465e+00 -5.1787e+03
-3.8862e+06 5.3119e+01 -2.3457e+03 -4.0247e+02 6.1508e+00 -5.1516e+03
-3.9269e+06 5.2343e+01 -2.3585e+03 -4.1445e+02 -1.6596e+00 -5.1245e+03
-3.9167e+06 5.1508e+01 -2.3714e+03 -4.2635e+02 3.3313e+00 -5.0966e+03
-3.9453e+06 5.0759e+01 -2.3843e+03 -4.3815e+02 -3.2137e+00 -5.0684e+03
-3.9493e+06 5.0157e+01 -2.3973e+03 -4.4986e+02 2.1806e-01 -5.0396e+03
-3.9688e+06 4.9585e+01 -2.4103e+03 -4.6145e+02 -4.1397e-01 -5.0105e+03
-3.9846e+06 4.8925e+01 -2.4234e+03 -4.7294e+02 2.0187e+00 -4.9809e+03
-4.0033e+06 4.8209e+01 -2.4365e+03 -4.8431e+02 -2.6944e-01 -4.9509e+03
-4.0226e+06 4.7557e+01 -2.4497e+03 -4.9555e+02 -4.0098e-01 -4.9203e+03
-4.0316e+06 4.6996e+01 -2.4629e+03 -5.0667e+02 -1.0193e+00 -4.8894e+03
-4.0473e+06 4.6463e+01 -2.4761e+03 -5.1765e+02 -6.3687e-02 -4.8579e+03
-4.0550e+06 4.5952e+01 -2.4894e+03 -5.2849e+02 2.0049e-02 -4.8260e+03
-4.0698e+06 4.5514e+01 -2.5027e+03 -5.3917e+02 1.9557e-01 -4.7936e+03
-4.0739e+06 4.5144e+01 -2.5161e+03 -5.4971e+02 -2.3934e-01 -4.7608e+03
-4.0837e+06 4.4765e+01 -2.5294e+03 -5.6008e+02 1.7369e-01 -4.7276e+03
-4.0870e+06 4.4353e+01 -2.5429e+03 -5.7028e+02 -6.8717e-02 -4.6943e+03
-4.1022e+06 4.3949e+01 -2.5563e+03 -5.8030e+02 -1.3385e+00 -4.6593e+03
-4.1046e+06 4.3533e+01 -2.5698e+03 -5.9014e+02 1.1502e+00 -4.6253e+03
-4.1200e+06 4.3096e+01 -2.5832e+03 -5.9979e+02 2.7406e+00 -4.5855e+03
-4.1353e+06 4.2715e+01 -2.5968e+03 -6.0925e+02 -1.6245e+00 -4.5533e+03
-8.0734e+06 3.6787e+01 -2.3259e+03 -1.4018e+02 1.6173e+05 2.0334e+05
1.1987e+07 4.6623e+01 -2.1815e+03 -2.6890e+02 5.8545e+04 4.7669e+04
-1.4987e+07 5.6150e+01 -2.1938e+03 -2.8161e+02 2.3076e+03 -4.1455e+03
-4.4663e+06 5.9579e+01 -2.2060e+03 -2.9429e+02 1.3049e+03 -5.5414e+03
-6.4089e+06 5.9934e+01 -2.2183e+03 -3.0694e+02 3.6938e+02 -5.3280e+03
-3.1344e+06 5.9630e+01 -2.2307e+03 -3.1956e+02 1.9596e+02 -5.4007e+03
-4.7241e+06 5.8966e+01 -2.2432e+03 -3.3213e+02 -6.5745e+00 -5.3424e+03
-3.4058e+06 5.8117e+01 -2.2557e+03 -3.4466e+02 6.0424e+01 -5.3292e+03
-4.2418e+06 5.7052e+01 -2.2682e+03 -3.5714e+02 -2.0480e+01 -5.3001e+03
-3.6672e+06 5.5971e+01 -2.2809e+03 -3.6956e+02 2.1327e+01 -5.2779e+03
-4.0749e+06 5.5041e+01 -2.2935e+03 -3.8192e+02 -1.0380e+01 -5.2500e+03
-3.7964e+06 5.4264e+01 -2.3063e+03 -3.9422e+02 6.6708e+00 -5.2254e+03
-4.0092e+06 5.3557e+01 -2.3190e+03 -4.0644e+02 -5.6362e+00 -5.1981e+03
-3.8558e+06 5.2859e+01 -2.3319e+03 -4.1858e+02 3.9988e+00 -5.1717e+03
-3.9832e+06 5.2093e+01 -2.3448e+03 -4.3065e+02 -2.0587e+00 -5.1441e+03
-3.9004e+06 5.1270e+01 -2.3577e+03 -4.4262e+02 2.1386e+00 -5.1165e+03
-3.9818e+06 5.0535e+01 -2.3707e+03 -4.5450e+02 -2.9574e+00 -5.0881e+03
-3.9397e+06 4.9965e+01 -2.3837e+03 -4.6628e+02 -9.2773e-02 -5.0594e+03
-3.9935e+06 4.9445e+01 -2.3968e+03 -4.7796e+02 3.4315e-02 -5.0302e+03
-3.9779e+06 4.8823e+01 -2.4100e+03 -4.8952e+02 1.9931e+00 -5.0006e+03
-4.0207e+06 4.8108e+01 -2.4231e+03 -5.0096e+02 1.7921e-01 -4.9705e+03
-4.0175e+06 4.7440e+01 -2.4364e+03 -5.1228e+02 -1.5956e-01 -4.9399e+03
-4.0444e+06 4.6874e+01 -2.4496e+03 -5.2347e+02 -6.5158e-01 -4.9089e+03
-4.0427e+06 4.6350e+01 -2.4629e+03 -5.3453e+02 -1.5021e-02 -4.8774e+03
-4.0645e+06 4.5852e+01 -2.4763e+03 -5.4543e+02 7.4996e-02 -4.8454e+03
-4.0664e+06 4.5413e+01 -2.4897e+03 -5.5619e+02 2.6879e-01 -4.8130e+03
-4.0831e+06 4.5024e+01 -2.5031e+03 -5.6679e+02 -1.9233e-01 -4.7800e+03
-4.0843e+06 4.4631e+01 -2.5166e+03 -5.7723e+02 -2.3742e-02 -4.7468e+03
-4.0989e+06 4.4220e+01 -2.5300e+03 -5.8749e+02 -3.5168e-01 -4.7134e+03
-4.1062e+06 4.3819e+01 -2.5436e+03 -5.9758e+02 -1.5669e+00 -4.6783e+03
-4.1177e+06 4.3407e+01 -2.5571e+03 -6.0749e+02 1.0104e+00 -4.6442e+03
-4.1253e+06 4.3000e+01 -2.5707e+03 -6.1720e+02 2.6947e+00 -4.6044e+03
-4.1460e+06 4.2665e+01 -2.5843e+03 -6.2671e+02 -1.3091e+00 -4.5721e+03
-1.6232e+07 1.3218e+01 -4.1701e+03 1.2206e+03 3.3466e+05 2.0226e+05
7.0860e+06 3.2888e+01 -2.1672e+03 -2.8423e+02 1.4929e+05 6.2874e+04
-2.2006e+06 5.1386e+01 -2.1794e+03 -2.9702e+02 7.7071e+03 -3.8762e+03
-1.5932e+07 5.8539e+01 -2.1917e+03 -3.0978e+02 -7.2996e+02 -5.6521e+03
-9.5481e+05 5.9330e+01 -2.2041e+03 -3.2252e+02 1.7579e+03 -5.3205e+03
-6.7996e+06 5.9174e+01 -2.2165e+03 -3.3521e+02 -4.4078e+02 -5.4305e+03
-2.4922e+06 5.8511e+01 -2.2289e+03 -3.4787e+02 3.7917e+02 -5.3575e+03
-4.9705e+06 5.7624e+01 -2.2415e+03 -3.6048e+02 -1.6279e+02 -5.3523e+03
-3.2876e+06 5.6651e+01 -2.2541e+03 -3.7303e+02 1.1377e+02 -5.3179e+03
-4.4055e+06 5.5675e+01 -2.2667e+03 -3.8554e+02 -6.5335e+01 -5.2981e+03
-3.5987e+06 5.4832e+01 -2.2794e+03 -3.9798e+02 4.5216e+01 -5.2690e+03
-4.1579e+06 5.4067e+01 -2.2922e+03 -4.1035e+02 -2.8558e+01 -5.2456e+03
-3.7652e+06 5.3347e+01 -2.3050e+03 -4.2266e+02 1.8318e+01 -5.2175e+03
-4.0580e+06 5.2641e+01 -2.3179e+03 -4.3488e+02 -1.3078e+01 -5.1916e+03
-3.8557e+06 5.1892e+01 -2.3309e+03 -4.4703e+02 9.4628e+00 -5.1635e+03
-4.0190e+06 5.1088e+01 -2.3439e+03 -4.5908e+02 -5.9716e+00 -5.1361e+03
-3.9129e+06 5.0353e+01 -2.3569e+03 -4.7104e+02 4.9249e+00 -5.1075e+03
-4.0116e+06 4.9764e+01 -2.3700e+03 -4.8290e+02 -3.4465e+00 -5.0791e+03
-3.9564e+06 4.9232e+01 -2.3831e+03 -4.9465e+02 3.1962e+00 -5.0497e+03
-4.0252e+06 4.8618e+01 -2.3963e+03 -5.0629e+02 -1.1137e+00 -5.0201e+03
-4.0010e+06 4.7922e+01 -2.4096e+03 -5.1782e+02 1.7181e+00 -4.9899e+03
-4.0481e+06 4.7273e+01 -2.4229e+03 -5.2921e+02 -1.1164e+00 -4.9593e+03
-4.0324e+06 4.6724e+01 -2.4362e+03 -5.4048e+02 5.8201e-01 -4.9282e+03
-4.0626e+06 4.6216e+01 -2.4496e+03 -5.5160e+02 -5.3404e-01 -4.8967e+03
-4.0557e+06 4.5728e+01 -2.4630e+03 -5.6258e+02 5.0385e-01 -4.8647e+03
-4.0787e+06 4.5288e+01 -2.4764e+03 -5.7341e+02 -4.9250e-02 -4.8322e+03
-4.0770e+06 4.4895e+01 -2.4899e+03 -5.8408e+02 2.4004e-01 -4.7992e+03
-4.0958e+06 4.4508e+01 -2.5035e+03 -5.9459e+02 7.3677e-02 -4.7658e+03
-4.0978e+06 4.4112e+01 -2.5171e+03 -6.0492e+02 1.3417e-01 -4.7323e+03
-4.1185e+06 4.3724e+01 -2.5307e+03 -6.1508e+02 -1.4283e+00 -4.6972e+03
-4.1196e+06 4.3336e+01 -2.5443e+03 -6.2504e+02 1.2405e+00 -4.6630e+03
-4.1357e+06 4.2971e+01 -2.5580e+03 -6.3482e+02 3.0269e+00 -4.6232e+03
-4.1465e+06 4.2662e+01 -2.5717e+03 -6.4439e+02 -4.3010e-01 -4.5907e+03
-1.6342e+07 -2.8709e+00 -4.5064e+03 1.4639e+03 4.2359e+05 1.8888e+04
3.5393e+06 2.5466e+01 -2.1526e+03 -2.9973e+02 1.8650e+05 6.6342e+03
1.8175e+06 4.9032e+01 -2.1649e+03 -3.1260e+02 9.9792e+03 -5.0946e+03
-2.0153e+07 5.7931e+01 -2.1772e+03 -3.2545e+02 -1.4252e+03 -5.4287e+03
9.1903e+05 5.8961e+01 -2.1896e+03 -3.3826e+02 2.2767e+03 -5.4550e+03
-8.0703e+06 5.8867e+01 -2.2020e+03 -3.5104e+02 -6.7903e+02 -5.4081e+03
-1.7781e+06 5.8186e+01 -2.2146e+03 -3.6377e+02 5.2694e+02 -5.3915e+03
-5.5370e+06 5.7284e+01 -2.2271e+03 -3.7647e+02 -2.5577e+02 -5.3652e+03
-3.0544e+06 5.6381e+01 -2.2397e+03 -3.8911e+02 1.5298e+02 -5.3414e+03
-4.6469e+06 5.5480e+01 -2.2524e+03 -4.0169e+02 -9.9310e+01 -5.3149e+03
-3.4642e+06 5.4669e+01 -2.2652e+03 -4.1422e+02 6.7899e+01 -5.2904e+03
-4.2656e+06 5.3882e+01 -2.2780e+03 -4.2667e+02 -4.2822e+01 -5.2639e+03
-3.7090e+06 5.3137e+01 -2.2909e+03 -4.3906e+02 2.8896e+01 -5.2376e+03
-4.1153e+06 5.2434e+01 -2.3038e+03 -4.5137e+02 -1.9937e+01 -5.2106e+03
-3.8382e+06 5.1720e+01 -2.3168e+03 -4.6359e+02 1.4608e+01 -5.1832e+03
-4.0505e+06 5.0952e+01 -2.3298e+03 -4.7573e+02 -9.2604e+00 -5.1554e+03
-3.9116e+06 5.0217e+01 -2.3429e+03 -4.8777e+02 8.4209e+00 -5.1271e+03
-4.0287e+06 4.9584e+01 -2.3561e+03 -4.9971e+02 -5.0791e+00 -5.0984e+03
-3.9655e+06 4.9010e+01 -2.3693e+03 -5.1154e+02 3.9245e+00 -5.0691e+03
-4.0376e+06 4.8390e+01 -2.3825e+03 -5.2326e+02 -2.8740e+00 -5.0394e+03
-4.0132e+06 4.7722e+01 -2.3958e+03 -5.3486e+02 2.2494e+00 -5.0092e+03
-4.0540e+06 4.7104e+01 -2.4092e+03 -5.4634e+02 -1.5706e+00 -4.9785e+03
-4.0431e+06 4.6573e+01 -2.4226e+03 -5.5768e+02 1.0127e+00 -4.9474e+03
-4.0652e+06 4.6078e+01 -2.4360e+03 -5.6888e+02 -7.0675e-01 -4.9157e+03
-4.0647e+06 4.5596e+01 -2.4495e+03 -5.7993e+02 8.1478e-01 -4.8837e+03
-4.0786e+06 4.5156e+01 -2.4630e+03 -5.9084e+02 -1.8646e-01 -4.8512e+03
-4.0847e+06 4.4770e+01 -2.4766e+03 -6.0158e+02 3.0876e-01 -4.8181e+03
-4.0977e+06 4.4400e+01 -2.4902e+03 -6.1216e+02 1.9415e-01 -4.7847e+03
-4.1074e+06 4.4018e+01 -2.5039e+03 -6.2256e+02 6.1702e-01 -4.7511e+03
-4.1220e+06 4.3639e+01 -2.5176e+03 -6.3278e+02 -1.2460e+00 -4.7159e+03
-4.1292e+06 4.3271e+01 -2.5313e+03 -6.4282e+02 1.2257e+00 -4.6816e+03
-4.1381e+06 4.2931e+01 -2.5451e+03 -6.5265e+02 3.0174e+00 -4.6417e+03
-4.1540e+06 4.2612e+01 -2.5588e+03 -6.6229e+02 -2.9727e-01 -4.6092e+03
-7.6002e+06 -4.4100e+00 -3.4548e+03 6.7959e+02 3.8396e+05 -8.2806e+04
9.9323e+06 2.8150e+01 -2.1380e+03 -3.1539e+02 1.3153e+05 -3.3627e+04
-1.3475e+07 5.0314e+01 -2.1503e+03 -3.2835e+02 5.6628e+03 -6.1494e+03
-1.0427e+07 5.7735e+01 -2.1626e+03 -3.4127e+02 8.8991e+02 -5.2612e+03
-4.3374e+06 5.8819e+01 -2.1750e+03 -3.5417e+02 1.0021e+03 -5.5580e+03
-4.8416e+06 5.8691e+01 -2.1875e+03 -3.6703e+02 -2.2370e+01 -5.3954e+03
-3.8209e+06 5.7943e+01 -2.2000e+03 -3.7985e+02 1.4493e+02 -5.4225e+03
-4.2164e+06 5.7055e+01 -2.2126e+03 -3.9263e+02 -2.5114e+01 -5.3780e+03
-3.9223e+06 5.6166e+01 -2.2253e+03 -4.0535e+02 1.6248e+01 -5.3643e+03
-4.0484e+06 5.5318e+01 -2.2380e+03 -4.1802e+02 -7.8695e+00 -5.3327e+03
-3.8721e+06 5.4499e+01 -2.2508e+03 -4.3063e+02 1.1788e+01 -5.3113e+03
-3.9944e+06 5.3679e+01 -2.2636e+03 -4.4317e+02 -5.9338e+00 -5.2823e+03
-3.9159e+06 5.2896e+01 -2.2765e+03 -4.5564e+02 4.0883e+00 -5.2576e+03
-3.9862e+06 5.2184e+01 -2.2895e+03 -4.6803e+02 -2.2516e+00 -5.2296e+03
-3.9501e+06 5.1493e+01 -2.3025e+03 -4.8034e+02 1.4932e+00 -5.2029e+03
-3.9920e+06 5.0770e+01 -2.3156e+03 -4.9256e+02 -5.3927e-01 -5.1745e+03
-3.9749e+06 5.0054e+01 -2.3288e+03 -5.0468e+02 1.2972e+00 -5.1465e+03
-4.0055e+06 4.9406e+01 -2.3420e+03 -5.1671e+02 -4.7541e-01 -5.1174e+03
-4.0016e+06 4.8816e+01 -2.3552e+03 -5.2862e+02 3.9354e-01 -5.0883e+03
-4.0314e+06 4.8212e+01 -2.3685e+03 -5.4042e+02 -3.3538e-01 -5.0584e+03
-4.0344e+06 4.7578e+01 -2.3819e+03 -5.5210e+02 5.0068e-01 -5.0283e+03
-4.0562e+06 4.6981e+01 -2.3953e+03 -5.6365e+02 -2.8292e-01 -4.9975e+03
-4.0580e+06 4.6456e+01 -2.4088e+03 -5.7507e+02 4.9289e-02 -4.9664e+03
-4.0719e+06 4.5967e+01 -2.4223e+03 -5.8635e+02 6.1783e-02 -4.9347e+03
-4.0744e+06 4.5490e+01 -2.4358e+03 -5.9749e+02 4.9422e-01 -4.9026e+03
-4.0837e+06 4.5050e+01 -2.4494e+03 -6.0846e+02 1.9564e-01 -4.8699e+03
-4.0907e+06 4.4666e+01 -2.4631e+03 -6.1928e+02 -1.3649e-01 -4.8368e+03
-4.1025e+06 4.4302e+01 -2.4768e+03 -6.2993e+02 1.6053e-01 -4.8034e+03
-4.1130e+06 4.3920e+01 -2.4905e+03 -6.4040e+02 3.2719e-01 -4.7697e+03
-4.1277e+06 4.3535e+01 -2.5043e+03 -6.5070e+02 -1.2939e+00 -4.7344e+03
-4.1344e+06 4.3175e+01 -2.5181e+03 -6.6080e+02 9.1196e-01 -4.7001e+03
-4.1427e+06 4.2845e+01 -2.5319e+03 -6.7070e+02 2.7828e+00 -4.6600e+03
-4.1594e+06 4.2512e+01 -2.5458e+03 -6.8040e+02 -9.0299e-01 -4.6275e+03
-4.1085e+06 4.6049e+00 -2.3246e+03 -1.6059e+02 2.8785e+05 -6.7083e+04
9.3374e+06 3.6206e+01 -2.1232e+03 -3.3122e+02 5.6459e+04 -2.8216e+04
-2.5758e+07 5.3264e+01 -2.1355e+03 -3.4426e+02 7.5531e+02 -6.1069e+03
-8.5787e+05 5.7905e+01 -2.1478e+03 -3.5727e+02 2.9950e+03 -5.3747e+03
-9.0600e+06 5.8795e+01 -2.1602e+03 -3.7025e+02 -3.2771e+02 -5.5324e+03
-1.7685e+06 5.8513e+01 -2.1727e+03 -3.8320e+02 6.0323e+02 -5.4295e+03
-5.7424e+06 5.7668e+01 -2.1853e+03 -3.9610e+02 -2.2283e+02 -5.4361e+03
-2.8872e+06 5.6773e+01 -2.1979e+03 -4.0896e+02 1.9433e+02 -5.4011e+03
-4.7534e+06 5.5889e+01 -2.2106e+03 -4.2177e+02 -1.0412e+02 -5.3808e+03
-3.4263e+06 5.5104e+01 -2.2234e+03 -4.3453e+02 7.7289e+01 -5.3528e+03
-4.3160e+06 5.4313e+01 -2.2362e+03 -4.4722e+02 -4.2399e+01 -5.3294e+03
-3.6882e+06 5.3497e+01 -2.2491e+03 -4.5985e+02 2.9137e+01 -5.3019e+03
-4.1576e+06 5.2687e+01 -2.2620e+03 -4.7240e+02 -2.0206e+01 -5.2763e+03
-3.8245e+06 5.1946e+01 -2.2750e+03 -4.8488e+02 1.4737e+01 -5.2487e+03
-4.0935e+06 5.1248e+01 -2.2881e+03 -4.9727e+02 -1.1086e+01 -5.2217e+03
-3.9073e+06 5.0549e+01 -2.3012e+03 -5.0958e+02 7.9556e+00 -5.1936e+03
-4.0674e+06 4.9853e+01 -2.3144e+03 -5.2178e+02 -5.6404e+00 -5.1653e+03
-3.9678e+06 4.9208e+01 -2.3277e+03 -5.3389e+02 4.0804e+00 -5.1363e+03
-4.0656e+06 4.8622e+01 -2.3410e+03 -5.4589e+02 -2.9470e+00 -5.1071e+03
-4.0100e+06 4.8043e+01 -2.3543e+03 -5.5777e+02 2.3210e+00 -5.0773e+03
-4.0729e+06 4.7444e+01 -2.3678e+03 -5.6953e+02 -1.4688e+00 -5.0471e+03
-4.0451e+06 4.6867e+01 -2.3812e+03 -5.8117e+02 7.4660e-01 -5.0163e+03
-4.0866e+06 4.6351e+01 -2.3948e+03 -5.9267e+02 -1.0800e+00 -4.9850e+03
-4.0687e+06 4.5878e+01 -2.4083e+03 -6.0403e+02 5.2789e-01 -4.9533e+03
-4.0967e+06 4.5420e+01 -2.4220e+03 -6.1524e+02 -1.6764e-01 -4.9211e+03
-4.0852e+06 4.4988e+01 -2.4356e+03 -6.2629e+02 5.1836e-01 -4.8884e+03
-4.1083e+06 4.4601e+01 -2.4494e+03 -6.3718e+02 -4.7475e-01 -4.8552e+03
-4.1039e+06 4.4230e+01 -2.4631e+03 -6.4791e+02 8.5936e-02 -4.8217e+03
-4.1253e+06 4.3839e+01 -2.4769e+03 -6.5845e+02 -2.3603e-01 -4.7880e+03
-4.1283e+06 4.3446e+01 -2.4908e+03 -6.6882e+02 -1.4649e+00 -4.7526e+03
-4.1423e+06 4.3095e+01 -2.5047e+03 -6.7899e+02 7.3569e-01 -4.7182e+03
-4.1417e+06 4.2777e+01 -2.5186e+03 -6.8896e+02 2.6859e+00 -4.6781e+03
-4.1656e+06 4.2442e+01 -2.5326e+03 -6.9873e+02 -1.3914e+00 -4.6454e+03
3.5741e+06 1.7401e+01 -2.0960e+03 -3.3406e+02 1.8770e+05 -3.8336e+04
-5.5180e+06 4.4082e+01 -2.1082e+03 -3.4721e+02 1.6555e+04 -1.0565e+04
-1.9789e+07 5.5655e+01 -2.1205e+03 -3.6033e+02 2.4458e+02 -5.5784e+03
-1.8720e+06 5.8257e+01 -2.1329e+03 -3.7343e+02 2.4545e+03 -5.5700e+03
-7.4676e+06 5.8755e+01 -2.1453e+03 -3.8650e+02 -3.2698e+02 -5.4745e+03
-2.6238e+06 5.8241e+01 -2.1578e+03 -3.9953e+02 4.8006e+02 -5.4762e+03
-5.1041e+06 5.7330e+01 -2.1704e+03 -4.1252e+02 -1.6150e+02 -5.4438e+03
-3.3572e+06 5.6403e+01 -2.1831e+03 -4.2547e+02 1.3528e+02 -5.4249e+03
-4.4924e+06 5.5552e+01 -2.1958e+03 -4.3836e+02 -7.8302e+01 -5.3962e+03
-3.6552e+06 5.4825e+01 -2.2086e+03 -4.5121e+02 5.3929e+01 -5.3740e+03
-4.1687e+06 5.4104e+01 -2.2214e+03 -4.6399e+02 -3.0175e+01 -5.3461e+03
-3.8096e+06 5.3341e+01 -2.2344e+03 -4.7670e+02 2.0835e+01 -5.3216e+03
-4.0707e+06 5.2547e+01 -2.2473e+03 -4.8934e+02 -1.4095e+01 -5.2943e+03
-3.9030e+06 5.1781e+01 -2.2604e+03 -5.0190e+02 1.0115e+01 -5.2677e+03
-4.0430e+06 5.1056e+01 -2.2735e+03 -5.1438e+02 -7.4798e+00 -5.2400e+03
-3.9616e+06 5.0353e+01 -2.2867e+03 -5.2677e+02 5.6285e+00 -5.2123e+03
-4.0438e+06 4.9663e+01 -2.2999e+03 -5.3907e+02 -3.7974e+00 -5.1837e+03
-4.0183e+06 4.9015e+01 -2.3132e+03 -5.5126e+02 2.0774e+00 -5.1549e+03
-4.0633e+06 4.8428e+01 -2.3266e+03 -5.6334e+02 -3.0298e+00 -5.1255e+03
-4.0407e+06 4.7868e+01 -2.3400e+03 -5.7531e+02 1.6082e+00 -5.0957e+03
-4.0647e+06 4.7298e+01 -2.3535e+03 -5.8715e+02 -1.1235e+00 -5.0654e+03
-4.0666e+06 4.6740e+01 -2.3670e+03 -5.9887e+02 3.6142e-01 -5.0346e+03
-4.0828e+06 4.6234e+01 -2.3806e+03 -6.1045e+02 -9.8631e-01 -5.0033e+03
-4.0865e+06 4.5782e+01 -2.3942e+03 -6.2189e+02 1.5647e-01 -4.9715e+03
-4.0944e+06 4.5353e+01 -2.4079e+03 -6.3318e+02 -2.4627e-01 -4.9393e+03
-4.0991e+06 4.4935e+01 -2.4217e+03 -6.4432e+02 4.5864e-01 -4.9065e+03
-4.1070e+06 4.4541e+01 -2.4354e+03 -6.5529e+02 -1.9118e-01 -4.8733e+03
-4.1138e+06 4.4164e+01 -2.4493e+03 -6.6609e+02 2.1087e-01 -4.8397e+03
-4.1221e+06 4.3781e+01 -2.4632e+03 -6.7671e+02 -1.2993e-01 -4.8059e+03
-4.1331e+06 4.3403e+01 -2.4771e+03 -6.8714e+02 -1.1387e+00 -4.7704e+03
-4.1365e+06 4.3068e+01 -2.4911e+03 -6.9739e+02 1.2816e+00 -4.7360e+03
-4.1443e+06 4.2753e+01 -2.5051e+03 -7.0743e+02 3.3253e+00 -4.6959e+03
-4.1594e+06 4.2405e+01 -2.5192e+03 -7.1726e+02 -8.6752e-01 -4.6632e+03
6.8452e+06 2.9954e+01 -2.0808e+03 -3.5013e+02 9.6693e+04 -3.3745e+04
-2.1511e+07 5.0002e+01 -2.0931e+03 -3.6336e+02 4.2330e+03 -6.4746e+03
-7.0346e+06 5.6995e+01 -2.1054e+03 -3.7657e+02 2.2453e+03 -5.4065e+03
-7.1703e+06 5.8544e+01 -2.1178e+03 -3.8975e+02 6.3933e+02 -5.6264e+03
-3.6152e+06 5.8622e+01 -2.1303e+03 -4.0291e+02 3.5330e+02 -5.4775e+03
-4.8917e+06 5.7912e+01 -2.1428e+03 -4.1603e+02 1.7991e+00 -5.5009e+03
-3.5891e+06 5.6986e+01 -2.1554e+03 -4.2911e+02 9.6054e+01 -5.4600e+03
-4.3583e+06 5.6031e+01 -2.1681e+03 -4.4214e+02 -3.7544e+01 -5.4439e+03
-3.8359e+06 5.5211e+01 -2.1808e+03 -4.5512e+02 2.4364e+01 -5.4144e+03
-4.1148e+06 5.4509e+01 -2.1936e+03 -4.6805e+02 -1.4825e+01 -5.3928e+03
-3.8714e+06 5.3849e+01 -2.2065e+03 -4.8092e+02 1.1445e+01 -5.3648e+03
-4.0304e+06 5.3156e+01 -2.2195e+03 -4.9372e+02 -7.6708e+00 -5.3401e+03
-3.9261e+06 5.2412e+01 -2.2325e+03 -5.0645e+02 5.7927e+00 -5.3126e+03
-4.0179e+06 5.1644e+01 -2.2456e+03 -5.1910e+02 -4.0781e+00 -5.2862e+03
-3.9727e+06 5.0897e+01 -2.2587e+03 -5.3167e+02 3.5730e+00 -5.2584e+03
-4.0260e+06 5.0185e+01 -2.2719e+03 -5.4415e+02 -2.1880e+00 -5.2307e+03
-4.0174e+06 4.9496e+01 -2.2852e+03 -5.5653e+02 1.4084e+00 -5.2020e+03
-4.0578e+06 4.8843e+01 -2.2986e+03 -5.6881e+02 -2.7255e+00 -5.1733e+03
-4.0570e+06 4.8260e+01 -2.3120e+03 -5.8098e+02 -6.3998e-01 -5.1438e+03
-4.0602e+06 4.7722e+01 -2.3254e+03 -5.9303e+02 -9.9085e-01 -5.1141e+03
-4.0655e+06 4.7180e+01 -2.3390e+03 -6.0496e+02 -3.1542e-02 -5.0836e+03
-4.0757e+06 4.6634e+01 -2.3526e+03 -6.1676e+02 -1.0850e+00 -5.0529e+03
-4.0877e+06 4.6128e+01 -2.3662e+03 -6.2843e+02 -6.4712e-01 -5.0215e+03
-4.0917e+06 4.5684e+01 -2.3799e+03 -6.3995e+02 -9.4262e-01 -4.9897e+03
-4.1009e+06 4.5270e+01 -2.3937e+03 -6.5132e+02 -4.5185e-01 -4.9574e+03
-4.1040e+06 4.4851e+01 -2.4075e+03 -6.6254e+02 -5.0790e-01 -4.9246e+03
-4.1156e+06 4.4441e+01 -2.4213e+03 -6.7359e+02 -5.2896e-01 -4.8913e+03
-4.1183e+06 4.4070e+01 -2.4353e+03 -6.8447e+02 -4.0958e-01 -4.8577e+03
-4.1275e+06 4.3719e+01 -2.4492e+03 -6.9516e+02 -3.0203e-01 -4.8238e+03
-4.1343e+06 4.3370e+01 -2.4632e+03 -7.0567e+02 -1.1822e+00 -4.7882e+03
-4.1407e+06 4.3042e+01 -2.4773e+03 -7.1599e+02 1.5863e+00 -4.7538e+03
-4.1453e+06 4.2706e+01 -2.4914e+03 -7.2610e+02 3.3739e+00 -4.7137e+03
-4.1646e+06 4.2333e+01 -2.5055e+03 -7.3600e+02 -9.3947e-01 -4.6813e+03
1.9579e+06 3.9977e+01 -2.0655e+03 -3.6634e+02 3.3344e+04 -1.9153e+04
-2.3586e+07 5.3897e+01 -2.0778e+03 -3.7966e+02 7.6965e+02 -5.9809e+03
-1.6949e+06 5.7743e+01 -2.0901e+03 -3.9296e+02 2.8900e+03 -5.5415e+03
-8.5739e+06 5.8656e+01 -2.1025e+03 -4.0623e+02 -2.3593e+02 -5.5778e+03
-2.3314e+06 5.8398e+01 -2.1150e+03 -4.1948e+02 5.8228e+02 -5.5234e+03
-5.5258e+06 5.7594e+01 -2.1276e+03 -4.3268e+02 -1.8130e+02 -5.5105e+03
-3.1142e+06 5.6658e+01 -2.1402e+03 -4.4585e+02 1.7677e+02 -5.4843e+03
-4.6193e+06 5.5692e+01 -2.1529e+03 -4.5898e+02 -8.7967e+01 -5.4606e+03
-3.5691e+06 5.4882e+01 -2.1657e+03 -4.7205e+02 6.3197e+01 -5.4360e+03
-4.2775e+06 5.4193e+01 -2.1785e+03 -4.8507e+02 -3.6960e+01 -5.4105e+03
-3.7654e+06 5.3566e+01 -2.1914e+03 -4.9803e+02 2.5069e+01 -5.3851e+03
-4.1291e+06 5.2919e+01 -2.2044e+03 -5.1092e+02 -1.6551e+01 -5.3591e+03
-3.8745e+06 5.2218e+01 -2.2175e+03 -5.2374e+02 1.2565e+01 -5.3325e+03
-4.0882e+06 5.1465e+01 -2.2306e+03 -5.3648e+02 -8.9157e+00 -5.3054e+03
-3.9519e+06 5.0718e+01 -2.2438e+03 -5.4913e+02 6.4719e+00 -5.2780e+03
-4.0748e+06 5.0011e+01 -2.2570e+03 -5.6170e+02 -4.5469e+00 -5.2500e+03
-4.0074e+06 4.9324e+01 -2.2704e+03 -5.7417e+02 2.6197e+00 -5.2215e+03
-4.0892e+06 4.8671e+01 -2.2837e+03 -5.8654e+02 -4.2056e+00 -5.1927e+03
-4.0412e+06 4.8102e+01 -2.2972e+03 -5.9879e+02 1.0407e+00 -5.1632e+03
-4.0837e+06 4.7600e+01 -2.3107e+03 -6.1094e+02 -1.7972e+00 -5.1333e+03
-4.0625e+06 4.7095e+01 -2.3243e+03 -6.2295e+02 2.9814e-01 -5.1030e+03
-4.0956e+06 4.6564e+01 -2.3379e+03 -6.3484e+02 -1.4981e+00 -5.0721e+03
-4.0875e+06 4.6055e+01 -2.3516e+03 -6.4659e+02 -4.0424e-01 -5.0407e+03
-4.1077e+06 4.5605e+01 -2.3654e+03 -6.5820e+02 -1.2350e+00 -5.0089e+03
-4.1022e+06 4.5185e+01 -2.3792e+03 -6.6966e+02 -5.8019e-01 -4.9766e+03
-4.1178e+06 4.4753e+01 -2.3931e+03 -6.8095e+02 -1.1004e+00 -4.9437e+03
-4.1211e+06 4.4331e+01 -2.4070e+03 -6.9208e+02 -1.0653e+00 -4.9104e+03
-4.1312e+06 4.3975e+01 -2.4210e+03 -7.0304e+02 -9.7930e-01 -4.8766e+03
-4.1334e+06 4.3658e+01 -2.4351e+03 -7.1382e+02 -5.5898e-01 -4.8426e+03
-4.1461e+06 4.3323e+01 -2.4491e+03 -7.2440e+02 -1.8002e+00 -4.8069e+03
-4.1485e+06 4.2974e+01 -2.4633e+03 -7.3480e+02 3.9041e-01 -4.7724e+03
-4.1555e+06 4.2609e+01 -2.4775e+03 -7.4498e+02 2.2255e+00 -4.7320e+03
-4.1694e+06 4.2226e+01 -2.4917e+03 -7.5496e+02 -1.1545e+00 -4.6992e+03
-1.6434e+07 4.7065e+01 -2.0501e+03 -3.8272e+02 7.2068e+03 -6.8891e+03
-1.2395e+07 5.6020e+01 -2.0624e+03 -3.9612e+02 1.7031e+03 -5.5355e+03
-5.4597e+06 5.8221e+01 -2.0747e+03 -4.0951e+02 1.3635e+03 -5.6932e+03
-5.2065e+06 5.8631e+01 -2.0872e+03 -4.2287e+02 1.8558e+02 -5.5382e+03
-4.1097e+06 5.8138e+01 -2.0996e+03 -4.3620e+02 1.7820e+02 -5.5626e+03
-4.2000e+06 5.7323e+01 -2.1122e+03 -4.4950e+02 2.4728e+01 -5.5215e+03
-3.9447e+06 5.6348e+01 -2.1249e+03 -4.6276e+02 2.7831e+01 -5.5061e+03
-4.0369e+06 5.5379e+01 -2.1376e+03 -4.7598e+02 1.3353e+00 -5.4761e+03
-3.9543e+06 5.4570e+01 -2.1504e+03 -4.8914e+02 7.3425e+00 -5.4556e+03
-4.0126e+06 5.3909e+01 -2.1632e+03 -5.0225e+02 -2.0810e+00 -5.4273e+03
-3.9749e+06 5.3300e+01 -2.1762e+03 -5.1530e+02 3.6340e+00 -5.4035e+03
-3.9943e+06 5.2673e+01 -2.1892e+03 -5.2828e+02 1.4523e+00 -5.3764e+03
-4.0062e+06 5.1994e+01 -2.2023e+03 -5.4119e+02 1.9500e+00 -5.3505e+03
-4.0352e+06 5.1261e+01 -2.2154e+03 -5.5402e+02 -1.8921e+00 -5.3229e+03
-4.0542e+06 5.0535e+01 -2.2287e+03 -5.6677e+02 -1.5138e+00 -5.2957e+03
-4.0385e+06 4.9850e+01 -2.2419e+03 -5.7943e+02 1.4911e+00 -5.2674e+03
-4.0580e+06 4.9173e+01 -2.2553e+03 -5.9199e+02 1.3910e+00 -5.2391e+03
-4.0634e+06 4.8519e+01 -2.2687e+03 -6.0445e+02 1.5161e-01 -5.2101e+03
-4.0739e+06 4.7954e+01 -2.2822e+03 -6.1679e+02 1.4379e+00 -5.1807e+03
-4.0720e+06 4.7469e+01 -2.2958e+03 -6.2902e+02 1.3538e+00 -5.1507e+03
-4.0878e+06 4.6987e+01 -2.3094e+03 -6.4113e+02 1.6238e+00 -5.1202e+03
-4.0892e+06 4.6478e+01 -2.3231e+03 -6.5311e+02 1.5218e+00 -5.0893e+03
-4.1049e+06 4.5978e+01 -2.3369e+03 -6.6494e+02 1.6756e+00 -5.0579e+03
-4.1042e+06 4.5524e+01 -2.3507e+03 -6.7664e+02 1.6475e+00 -5.0259e+03
-4.1159e+06 4.5102e+01 -2.3646e+03 -6.8818e+02 1.7604e+00 -4.9935e+03
-4.1175e+06 4.4677e+01 -2.3785e+03 -6.9956e+02 1.6698e+00 -4.9605e+03
-4.1317e+06 4.4272e+01 -2.3925e+03 -7.1077e+02 1.4172e+00 -4.9271e+03
-4.1313e+06 4.3939e+01 -2.4066e+03 -7.2181e+02 1.7224e+00 -4.8932e+03
-4.1406e+06 4.3630e+01 -2.4207e+03 -7.3267e+02 2.0148e+00 -4.8590e+03
-4.1465e+06 4.3272e+01 -2.4349e+03 -7.4333e+02 4.8880e-01 -4.8232e+03
-4.1512e+06 4.2891e+01 -2.4491e+03 -7.5380e+02 2.2034e+00 -4.7889e+03
-4.1571e+06 4.2517e+01 -2.4633e+03 -7.6406e+02 3.8188e+00 -4.7477e+03
-4.1833e+06 4.2153e+01 -2.4777e+03 -7.7411e+02 -3.7232e-01 -4.7170e+03
-2.8384e+07 5.1942e+01 -2.0345e+03 -3.9924e+02 1.1115e+03 -6.0600e+03
-1.0052e+06 5.7100e+01 -2.0468e+03 -4.1274e+02 3.4455e+03 -5.5060e+03
-1.0027e+07 5.8484e+01 -2.0592e+03 -4.2621e+02 -2.0233e+02 -5.6830e+03
-1.7558e+06 5.8518e+01 -2.0716e+03 -4.3967e+02 7.0746e+02 -5.5705e+03
-6.0511e+06 5.7923e+01 -2.0841e+03 -4.5309e+02 -2.1166e+02 -5.5788e+03
-2.8265e+06 5.7144e+01 -2.0967e+03 -4.6648e+02 2.2187e+02 -5.5450e+03
-4.8362e+06 5.6150e+01 -2.1094e+03 -4.7983e+02 -1.1021e+02 -5.5255e+03
-3.4341e+06 5.5170e+01 -2.1221e+03 -4.9313e+02 8.3300e+01 -5.4987e+03
-4.3832e+06 5.4339e+01 -2.1349e+03 -5.0639e+02 -4.6522e+01 -5.4758e+03
-3.7352e+06 5.3679e+01 -2.1478e+03 -5.1959e+02 3.1447e+01 -5.4493e+03
-4.1865e+06 5.3070e+01 -2.1608e+03 -5.3273e+02 -1.8519e+01 -5.4245e+03
-3.8634e+06 5.2455e+01 -2.1738e+03 -5.4581e+02 1.7549e+01 -5.3978e+03
-4.1165e+06 5.1792e+01 -2.1869e+03 -5.5881e+02 -8.9077e+00 -5.3715e+03
-3.9739e+06 5.1080e+01 -2.2001e+03 -5.7174e+02 7.0520e+00 -5.3442e+03
-4.1134e+06 5.0380e+01 -2.2133e+03 -5.8458e+02 -7.1771e+00 -5.3169e+03
-4.0096e+06 4.9727e+01 -2.2267e+03 -5.9733e+02 6.7917e+00 -5.2887e+03
-4.0828e+06 4.9072e+01 -2.2401e+03 -6.0998e+02 -4.5918e-01 -5.2603e+03
-4.0475e+06 4.8419e+01 -2.2535e+03 -6.2253e+02 3.9936e+00 -5.2312e+03
-4.0919e+06 4.7831e+01 -2.2671e+03 -6.3497e+02 3.8117e-01 -5.2018e+03
-4.0760e+06 4.7310e+01 -2.2807e+03 -6.4729e+02 3.1510e+00 -5.1718e+03
-4.1030e+06 4.6810e+01 -2.2944e+03 -6.5948e+02 1.3103e+00 -5.1413e+03
-4.0991e+06 4.6318e+01 -2.3081e+03 -6.7155e+02 2.7592e+00 -5.1103e+03
-4.1164e+06 4.5844e+01 -2.3219e+03 -6.8348e+02 1.8466e+00 -5.0789e+03
-4.1154e+06 4.5402e+01 -2.3358e+03 -6.9526e+02 2.6639e+00 -5.0469e+03
-4.1260e+06 4.4999e+01 -2.3497e+03 -7.0689e+02 2.2502e+00 -5.0144e+03
-4.1265e+06 4.4613e+01 -2.3638e+03 -7.1835e+02 2.7631e+00 -4.9814e+03
-4.1372e+06 4.4244e+01 -2.3778e+03 -7.2965e+02 2.2741e+00 -4.9479e+03
-4.1364e+06 4.3919e+01 -2.3919e+03 -7.4078e+02 2.9780e+00 -4.9139e+03
-4.1452e+06 4.3584e+01 -2.4061e+03 -7.5171e+02 3.0017e+00 -4.8796e+03
-4.1496e+06 4.3190e+01 -2.4204e+03 -7.6246e+02 2.0121e+00 -4.8441e+03
-4.1586e+06 4.2803e+01 -2.4347e+03 -7.7301e+02 3.4877e+00 -4.8102e+03
-4.1646e+06 4.2458e+01 -2.4490e+03 -7.8335e+02 2.5363e+00 -4.7691e+03
-4.1753e+06 4.2122e+01 -2.4634e+03 -7.9347e+02 -2.5374e+00 -4.7316e+03
-1.9806e+07 5.4928e+01 -2.0188e+03 -4.1591e+02 5.9435e+02 -5.6672e+03
-3.0320e+06 5.7797e+01 -2.0311e+03 -4.2950e+02 2.5514e+03 -5.7368e+03
-7.3292e+06 5.8570e+01 -2.0435e+03 -4.4307e+02 -1.9085e+02 -5.6048e+03
-3.0145e+06 5.8333e+01 -2.0559e+03 -4.5661e+02 4.7810e+02 -5.6174e+03
-5.0210e+06 5.7747e+01 -2.0684e+03 -4.7013e+02 -1.2593e+02 -5.5821e+03
-3.4449e+06 5.7014e+01 -2.0810e+03 -4.8361e+02 1.3505e+02 -5.5642e+03
-4.4019e+06 5.6067e+01 -2.0937e+03 -4.9705e+02 -6.3112e+01 -5.5372e+03
-3.7195e+06 5.5077e+01 -2.1064e+03 -5.1045e+02 5.0414e+01 -5.5160e+03
-4.1988e+06 5.4205e+01 -2.1193e+03 -5.2380e+02 -2.8268e+01 -5.4887e+03
-3.8698e+06 5.3495e+01 -2.1322e+03 -5.3710e+02 1.8077e+01 -5.4652e+03
-4.1083e+06 5.2857e+01 -2.1452e+03 -5.5033e+02 -1.1448e+01 -5.4387e+03
-3.9347e+06 5.2240e+01 -2.1582e+03 -5.6350e+02 9.5898e+00 -5.4130e+03
-4.0781e+06 5.1592e+01 -2.1714e+03 -5.7660e+02 -5.1261e+00 -5.3861e+03
-3.9889e+06 5.0893e+01 -2.1846e+03 -5.8962e+02 5.5461e+00 -5.3593e+03
-4.0834e+06 5.0207e+01 -2.1979e+03 -6.0255e+02 -3.1854e+00 -5.3315e+03
-4.0234e+06 4.9579e+01 -2.2112e+03 -6.1539e+02 3.6337e+00 -5.3036e+03
-4.0848e+06 4.8958e+01 -2.2247e+03 -6.2814e+02 -1.3278e+00 -5.2750e+03
-4.0571e+06 4.8317e+01 -2.2382e+03 -6.4078e+02 1.5063e+00 -5.2460e+03
-4.1029e+06 4.7695e+01 -2.2517e+03 -6.5331e+02 -1.0908e+00 -5.2164e+03
-4.0888e+06 4.7116e+01 -2.2654e+03 -6.6573e+02 3.8384e-01 -5.1865e+03
-4.1205e+06 4.6589e+01 -2.2791e+03 -6.7802e+02 -1.0524e+00 -5.1559e+03
-4.1120e+06 4.6120e+01 -2.2929e+03 -6.9017e+02 -3.1732e-01 -5.1249e+03
-4.1333e+06 4.5682e+01 -2.3068e+03 -7.0219e+02 -9.7125e-01 -5.0934e+03
-4.1279e+06 4.5264e+01 -2.3207e+03 -7.1406e+02 -6.2867e-01 -5.0614e+03
-4.1428e+06 4.4892e+01 -2.3347e+03 -7.2578e+02 -9.5648e-01 -5.0289e+03
-4.1390e+06 4.4547e+01 -2.3488e+03 -7.3733e+02 -5.8091e-01 -4.9958e+03
-4.1516e+06 4.4196e+01 -2.3629e+03 -7.4872e+02 -1.0140e+00 -4.9624e+03
-4.1490e+06 4.3849e+01 -2.3771e+03 -7.5993e+02 -6.0275e-01 -4.9284e+03
-4.1607e+06 4.3479e+01 -2.3913e+03 -7.7095e+02 -1.1172e+00 -4.8937e+03
-4.1620e+06 4.3081e+01 -2.4057e+03 -7.8178e+02 -1.8689e+00 -4.8586e+03
-4.1728e+06 4.2730e+01 -2.4200e+03 -7.9241e+02 -1.1236e+00 -4.8218e+03
-4.1629e+06 4.2424e+01 -2.4344e+03 -8.0283e+02 -1.8001e+00 -4.7876e+03
-4.1670e+06 4.2093e+01 -2.4489e+03 -8.1303e+02 -1.9616e+00 -4.7494e+03
