  1    1089
-3.2681e+06 6.5788e+01 -5.2028e+03 1.5980e+04 8.6242e-01 1.6698e+03
-3.2546e+06 6.6562e+01 -5.1976e+03 1.5984e+04 4.9183e-01 1.5614e+03
-3.2423e+06 6.7381e+01 -5.1923e+03 1.5989e+04 -3.0392e-01 1.4547e+03
-3.2353e+06 6.8387e+01 -5.1867e+03 1.5993e+04 -7.5440e-01 1.3481e+03
-3.2164e+06 6.9666e+01 -5.1810e+03 1.5997e+04 -7.8209e-01 1.2427e+03
-3.1961e+06 7.1122e+01 -5.1751e+03 1.6001e+04 3.0862e-01 1.1354e+03
-3.1625e+06 7.2323e+01 -5.1691e+03 1.6004e+04 2.9191e+00 1.0289e+03
-3.1331e+06 7.2860e+01 -5.1629e+03 1.6008e+04 3.4283e+00 9.2256e+02
-3.1125e+06 7.2811e+01 -5.1565e+03 1.6011e+04 6.5796e-01 8.1707e+02
-3.1145e+06 7.2567e+01 -5.1500e+03 1.6015e+04 -7.4470e-01 7.1275e+02
-3.1291e+06 7.2300e+01 -5.1433e+03 1.6018e+04 2.6451e-01 6.0856e+02
-3.1686e+06 7.1922e+01 -5.1365e+03 1.6021e+04 4.3100e-01 5.0477e+02
-3.2122e+06 7.1666e+01 -5.1296e+03 1.6024e+04 -1.6684e+00 4.0389e+02
-3.2544e+06 7.2127e+01 -5.1225e+03 1.6027e+04 -4.7834e+00 3.0564e+02
-3.2742e+06 7.3656e+01 -5.1152e+03 1.6030e+04 -2.1013e+00 2.0551e+02
-3.2861e+06 7.5930e+01 -5.1079e+03 1.6032e+04 5.9370e+00 1.0266e+02
-3.2868e+06 7.8284e+01 -5.1004e+03 1.6035e+04 6.2570e+00 1.1873e+00
-3.2802e+06 8.0527e+01 -5.0928e+03 1.6037e+04 -1.2960e+00 -9.8992e+01
-3.2642e+06 8.2939e+01 -5.0850e+03 1.6039e+04 -3.7577e+00 -1.9809e+02
-3.2434e+06 8.5540e+01 -5.0772e+03 1.6041e+04 -1.9038e+00 -2.9589e+02
-3.2271e+06 8.7982e+01 -5.0692e+03 1.6043e+04 -2.5619e+00 -3.9422e+02
-3.2140e+06 8.9975e+01 -5.0611e+03 1.6045e+04 -3.3179e+00 -4.8998e+02
-3.2114e+06 9.1665e+01 -5.0529e+03 1.6047e+04 -3.3133e+00 -5.8601e+02
-3.2021e+06 9.3747e+01 -5.0446e+03 1.6049e+04 -2.2065e+00 -6.7818e+02
-3.1811e+06 9.7112e+01 -5.0362e+03 1.6050e+04 7.0846e-01 -7.7848e+02
-3.1473e+06 1.0211e+02 -5.0277e+03 1.6052e+04 -1.1486e+01 -8.6964e+02
-3.0998e+06 1.0819e+02 -5.0191e+03 1.6053e+04 -5.7880e+01 -9.4429e+02
-3.0674e+06 1.1416e+02 -5.0104e+03 1.6054e+04 -1.1687e+02 -1.0211e+03
-3.0612e+06 1.1912e+02 -5.0016e+03 1.6055e+04 -1.5247e+02 -1.0881e+03
-3.0429e+06 1.2322e+02 -4.9927e+03 1.6057e+04 -2.9652e+02 -1.1698e+03
-3.0650e+06 1.2761e+02 -4.9837e+03 1.6057e+04 -4.1507e+02 -1.1632e+03
-3.0480e+06 1.3340e+02 -4.9746e+03 1.6058e+04 -2.5863e+02 -1.0743e+03
-3.0908e+06 1.4060e+02 -4.9655e+03 1.6059e+04 -8.3972e+02 -8.8159e+02
-3.2599e+06 6.5637e+01 -5.2078e+03 1.5984e+04 -1.8862e-01 1.4291e+03
-3.2479e+06 6.6416e+01 -5.2028e+03 1.5988e+04 -6.9967e-01 1.3230e+03
-3.2450e+06 6.7265e+01 -5.1976e+03 1.5992e+04 -2.1039e-01 1.2147e+03
-3.2343e+06 6.8375e+01 -5.1923e+03 1.5996e+04 -3.1652e-01 1.1089e+03
-3.2230e+06 6.9773e+01 -5.1867e+03 1.5999e+04 -5.4413e-01 1.0037e+03
-3.2044e+06 7.1275e+01 -5.1810e+03 1.6002e+04 1.3934e+00 8.9702e+02
-3.1630e+06 7.2438e+01 -5.1751e+03 1.6006e+04 8.7015e+00 7.9133e+02
-3.1005e+06 7.2910e+01 -5.1691e+03 1.6009e+04 1.2173e+01 6.8499e+02
-3.0669e+06 7.2852e+01 -5.1629e+03 1.6012e+04 5.9231e+00 5.7945e+02
-3.0553e+06 7.2736e+01 -5.1565e+03 1.6015e+04 1.5217e+00 4.7595e+02
-3.0661e+06 7.2619e+01 -5.1500e+03 1.6018e+04 1.5747e+00 3.7222e+02
-3.0973e+06 7.2246e+01 -5.1434e+03 1.6020e+04 2.4868e-01 2.6876e+02
-3.1464e+06 7.1979e+01 -5.1366e+03 1.6023e+04 -2.4601e+00 1.6982e+02
-3.1884e+06 7.2527e+01 -5.1296e+03 1.6025e+04 -4.5824e+00 7.3552e+01
-3.2227e+06 7.4004e+01 -5.1226e+03 1.6028e+04 -7.3023e-01 -2.6100e+01
-3.2442e+06 7.6016e+01 -5.1154e+03 1.6030e+04 8.0616e+00 -1.2916e+02
-3.2570e+06 7.8171e+01 -5.1080e+03 1.6032e+04 9.6517e+00 -2.3120e+02
-3.2581e+06 8.0384e+01 -5.1005e+03 1.6034e+04 3.6073e+00 -3.3145e+02
-3.2468e+06 8.2814e+01 -5.0929e+03 1.6036e+04 1.9590e+00 -4.3008e+02
-3.2290e+06 8.5430e+01 -5.0852e+03 1.6037e+04 5.1037e+00 -5.2774e+02
-3.2055e+06 8.7897e+01 -5.0774e+03 1.6039e+04 5.7087e+00 -6.2499e+02
-3.1930e+06 8.9913e+01 -5.0694e+03 1.6040e+04 5.5829e+00 -7.2030e+02
-3.1879e+06 9.1611e+01 -5.0613e+03 1.6042e+04 6.6936e+00 -8.1544e+02
-3.1901e+06 9.3750e+01 -5.0531e+03 1.6043e+04 7.3909e+00 -9.0920e+02
-3.1675e+06 9.7355e+01 -5.0448e+03 1.6044e+04 1.1655e+01 -1.0069e+03
-3.1356e+06 1.0281e+02 -5.0365e+03 1.6045e+04 -4.8905e-01 -1.0937e+03
-3.0725e+06 1.0932e+02 -5.0280e+03 1.6046e+04 -4.2709e+01 -1.1658e+03
-3.0515e+06 1.1539e+02 -5.0194e+03 1.6047e+04 -7.2420e+01 -1.2468e+03
-3.0290e+06 1.2008e+02 -5.0107e+03 1.6048e+04 -5.2147e+01 -1.3318e+03
-3.0441e+06 1.2385e+02 -5.0019e+03 1.6049e+04 -1.4550e+02 -1.4246e+03
-3.0213e+06 1.2813e+02 -4.9931e+03 1.6050e+04 -3.8274e+02 -1.3940e+03
-3.0663e+06 1.3398e+02 -4.9841e+03 1.6050e+04 -7.7979e+02 -1.3111e+03
-2.9770e+06 1.4143e+02 -4.9751e+03 1.6051e+04 -1.6288e+03 -8.1239e+02
-3.2540e+06 6.5524e+01 -5.2126e+03 1.5987e+04 -2.6827e-01 1.1874e+03
-3.2387e+06 6.6338e+01 -5.2078e+03 1.5991e+04 -3.6455e-01 1.0832e+03
-3.2341e+06 6.7266e+01 -5.2028e+03 1.5994e+04 -1.7625e-01 9.7321e+02
-3.2207e+06 6.8480e+01 -5.1976e+03 1.5997e+04 6.2511e-01 8.6818e+02
-3.2021e+06 6.9943e+01 -5.1923e+03 1.6001e+04 2.1206e+00 7.6382e+02
-3.1747e+06 7.1448e+01 -5.1867e+03 1.6004e+04 3.9890e+00 6.5826e+02
-3.1213e+06 7.2563e+01 -5.1810e+03 1.6006e+04 8.9730e+00 5.5269e+02
-3.0498e+06 7.2943e+01 -5.1752e+03 1.6009e+04 9.9455e+00 4.4567e+02
-3.0061e+06 7.2854e+01 -5.1691e+03 1.6012e+04 2.2869e+00 3.4059e+02
-2.9820e+06 7.2921e+01 -5.1629e+03 1.6014e+04 -2.1469e+00 2.3830e+02
-2.9839e+06 7.3067e+01 -5.1566e+03 1.6016e+04 -2.2740e+00 1.3445e+02
-3.0132e+06 7.2749e+01 -5.1501e+03 1.6019e+04 -4.9407e+00 3.0463e+01
-3.0632e+06 7.2515e+01 -5.1435e+03 1.6021e+04 -8.3900e+00 -6.7633e+01
-3.1064e+06 7.3346e+01 -5.1367e+03 1.6023e+04 -9.2850e+00 -1.6309e+02
-3.1532e+06 7.4948e+01 -5.1298e+03 1.6025e+04 -5.5733e+00 -2.6282e+02
-3.1916e+06 7.6589e+01 -5.1227e+03 1.6026e+04 -1.0431e+00 -3.6520e+02
-3.2240e+06 7.8282e+01 -5.1155e+03 1.6028e+04 4.9488e-01 -4.6635e+02
-3.2340e+06 8.0299e+01 -5.1081e+03 1.6030e+04 1.6194e-01 -5.6619e+02
-3.2326e+06 8.2691e+01 -5.1007e+03 1.6031e+04 -1.3480e+00 -6.6464e+02
-3.2119e+06 8.5293e+01 -5.0931e+03 1.6032e+04 -2.6532e+00 -7.6211e+02
-3.2028e+06 8.7769e+01 -5.0854e+03 1.6034e+04 -3.7071e+00 -8.5871e+02
-3.1827e+06 8.9824e+01 -5.0776e+03 1.6035e+04 -3.7401e+00 -9.5411e+02
-3.1888e+06 9.1580e+01 -5.0696e+03 1.6036e+04 -3.8096e+00 -1.0484e+03
-3.1787e+06 9.3820e+01 -5.0616e+03 1.6037e+04 -2.3520e+00 -1.1425e+03
-3.1682e+06 9.7631e+01 -5.0534e+03 1.6038e+04 2.0398e+00 -1.2375e+03
-3.1256e+06 1.0329e+02 -5.0451e+03 1.6038e+04 -1.7026e+01 -1.3222e+03
-3.0815e+06 1.0976e+02 -5.0368e+03 1.6039e+04 -6.7355e+01 -1.3930e+03
-3.0471e+06 1.1556e+02 -5.0283e+03 1.6040e+04 -1.0345e+02 -1.4812e+03
-3.0382e+06 1.2009e+02 -5.0197e+03 1.6040e+04 -9.6475e+01 -1.5693e+03
-3.0422e+06 1.2415e+02 -5.0111e+03 1.6040e+04 -1.8250e+02 -1.6273e+03
-3.0132e+06 1.2909e+02 -5.0023e+03 1.6041e+04 -4.6144e+02 -1.5325e+03
-3.0611e+06 1.3554e+02 -4.9935e+03 1.6041e+04 -1.0865e+03 -1.4837e+03
-2.9055e+06 1.4334e+02 -4.9845e+03 1.6041e+04 -2.0385e+03 -8.4916e+02
-3.2280e+06 6.5528e+01 -5.2173e+03 1.5990e+04 -2.0586e+00 9.4453e+02
-3.2189e+06 6.6355e+01 -5.2126e+03 1.5993e+04 -1.8143e+00 8.4050e+02
-3.2147e+06 6.7333e+01 -5.2078e+03 1.5996e+04 -1.8483e+00 7.3141e+02
-3.1959e+06 6.8616e+01 -5.2028e+03 1.5999e+04 -1.1730e+00 6.2679e+02
-3.1618e+06 7.0137e+01 -5.1976e+03 1.6001e+04 1.1879e+00 5.2323e+02
-3.1017e+06 7.1663e+01 -5.1923e+03 1.6004e+04 2.7469e+00 4.1760e+02
-3.0343e+06 7.2705e+01 -5.1868e+03 1.6006e+04 2.3324e+00 3.1126e+02
-2.9700e+06 7.2878e+01 -5.1811e+03 1.6008e+04 -1.1449e+00 2.0423e+02
-2.9346e+06 7.2547e+01 -5.1752e+03 1.6011e+04 -6.1897e+00 1.0009e+02
-2.9108e+06 7.2513e+01 -5.1692e+03 1.6013e+04 -7.0250e+00 -1.9495e+00
-2.9133e+06 7.2677e+01 -5.1630e+03 1.6014e+04 -5.1527e+00 -1.0674e+02
-2.9437e+06 7.2303e+01 -5.1567e+03 1.6016e+04 -7.0556e+00 -2.1210e+02
-2.9941e+06 7.2086e+01 -5.1502e+03 1.6018e+04 -1.2588e+01 -3.1071e+02
-3.0306e+06 7.3302e+01 -5.1436e+03 1.6020e+04 -1.4286e+01 -4.0545e+02
-3.0821e+06 7.5309e+01 -5.1368e+03 1.6021e+04 -9.1378e+00 -5.0384e+02
-3.1336e+06 7.6901e+01 -5.1299e+03 1.6022e+04 -4.3613e+00 -6.0422e+02
-3.1825e+06 7.8306e+01 -5.1228e+03 1.6024e+04 -2.2196e+00 -7.0328e+02
-3.2041e+06 8.0169e+01 -5.1156e+03 1.6025e+04 -8.3244e-02 -8.0183e+02
-3.2096e+06 8.2544e+01 -5.1083e+03 1.6026e+04 -9.6950e-01 -8.9945e+02
-3.1943e+06 8.5174e+01 -5.1009e+03 1.6027e+04 -3.9279e+00 -9.9599e+02
-3.1825e+06 8.7693e+01 -5.0933e+03 1.6028e+04 -5.2113e+00 -1.0920e+03
-3.1752e+06 8.9756e+01 -5.0856e+03 1.6028e+04 -4.5362e+00 -1.1866e+03
-3.1808e+06 9.1443e+01 -5.0778e+03 1.6029e+04 -5.3704e+00 -1.2800e+03
-3.1757e+06 9.3640e+01 -5.0699e+03 1.6030e+04 -2.8891e+00 -1.3726e+03
-3.1599e+06 9.7594e+01 -5.0618e+03 1.6030e+04 1.2384e+00 -1.4688e+03
-3.1260e+06 1.0348e+02 -5.0537e+03 1.6030e+04 -1.9826e+01 -1.5504e+03
-3.0713e+06 1.0995e+02 -5.0454e+03 1.6031e+04 -7.3778e+01 -1.6119e+03
-3.0546e+06 1.1566e+02 -5.0371e+03 1.6031e+04 -1.1183e+02 -1.6866e+03
-3.0401e+06 1.2052e+02 -5.0286e+03 1.6031e+04 -1.5834e+02 -1.7364e+03
-3.0353e+06 1.2548e+02 -5.0201e+03 1.6031e+04 -2.7821e+02 -1.7169e+03
-3.0152e+06 1.3142e+02 -5.0115e+03 1.6031e+04 -6.2285e+02 -1.5017e+03
-3.0063e+06 1.3846e+02 -5.0027e+03 1.6031e+04 -1.1660e+03 -1.4256e+03
-2.9300e+06 1.4613e+02 -4.9939e+03 1.6031e+04 -2.1626e+03 -9.2004e+02
-3.2095e+06 6.5544e+01 -5.2217e+03 1.5992e+04 -1.1801e+00 7.0083e+02
-3.2088e+06 6.6344e+01 -5.2173e+03 1.5994e+04 -1.6915e+00 5.9705e+02
-3.1937e+06 6.7344e+01 -5.2126e+03 1.5997e+04 -1.8633e+00 4.8811e+02
-3.1600e+06 6.8705e+01 -5.2078e+03 1.5999e+04 -1.7323e+00 3.8371e+02
-3.1088e+06 7.0309e+01 -5.2028e+03 1.6001e+04 -2.7942e-01 2.8068e+02
-3.0375e+06 7.1841e+01 -5.1977e+03 1.6003e+04 -3.3855e-01 1.7517e+02
-2.9648e+06 7.2748e+01 -5.1923e+03 1.6005e+04 -4.5698e+00 6.8234e+01
-2.9148e+06 7.2660e+01 -5.1868e+03 1.6007e+04 -9.2601e+00 -3.7972e+01
-2.8926e+06 7.1990e+01 -5.1811e+03 1.6009e+04 -9.9337e+00 -1.4140e+02
-2.8795e+06 7.1553e+01 -5.1753e+03 1.6010e+04 -7.6618e+00 -2.4396e+02
-2.8847e+06 7.1335e+01 -5.1692e+03 1.6012e+04 -4.2350e+00 -3.4864e+02
-2.9226e+06 7.0757e+01 -5.1631e+03 1.6013e+04 -4.2644e+00 -4.5304e+02
-2.9672e+06 7.0629e+01 -5.1568e+03 1.6014e+04 -1.1374e+01 -5.5026e+02
-2.9941e+06 7.2268e+01 -5.1503e+03 1.6015e+04 -1.5100e+01 -6.4397e+02
-3.0324e+06 7.4811e+01 -5.1437e+03 1.6016e+04 -9.5602e+00 -7.4223e+02
-3.0841e+06 7.6691e+01 -5.1369e+03 1.6017e+04 -2.0717e+00 -8.4233e+02
-3.1355e+06 7.8141e+01 -5.1300e+03 1.6018e+04 2.6930e+00 -9.4079e+02
-3.1646e+06 8.0008e+01 -5.1230e+03 1.6019e+04 1.9197e+00 -1.0384e+03
-3.1758e+06 8.2387e+01 -5.1158e+03 1.6020e+04 -1.9567e+00 -1.1352e+03
-3.1683e+06 8.5029e+01 -5.1085e+03 1.6020e+04 -3.4096e+00 -1.2313e+03
-3.1662e+06 8.7592e+01 -5.1011e+03 1.6021e+04 -3.0950e+00 -1.3266e+03
-3.1594e+06 8.9695e+01 -5.0935e+03 1.6021e+04 -2.5366e+00 -1.4201e+03
-3.1736e+06 9.1381e+01 -5.0858e+03 1.6021e+04 -4.7555e+00 -1.5128e+03
-3.1595e+06 9.3639e+01 -5.0781e+03 1.6022e+04 -2.0505e+00 -1.6062e+03
-3.1480e+06 9.7909e+01 -5.0701e+03 1.6022e+04 6.1811e-01 -1.7016e+03
-3.0903e+06 1.0428e+02 -5.0621e+03 1.6022e+04 -2.6395e+01 -1.7707e+03
-3.0545e+06 1.1106e+02 -5.0540e+03 1.6022e+04 -9.1231e+01 -1.8147e+03
-3.0209e+06 1.1702e+02 -5.0458e+03 1.6022e+04 -1.3386e+02 -1.8657e+03
-3.0307e+06 1.2253e+02 -5.0374e+03 1.6021e+04 -2.4657e+02 -1.8671e+03
-2.9786e+06 1.2840e+02 -5.0290e+03 1.6021e+04 -4.2381e+02 -1.7883e+03
-3.0135e+06 1.3484e+02 -5.0205e+03 1.6021e+04 -8.7797e+02 -1.5742e+03
-2.8880e+06 1.4170e+02 -5.0119e+03 1.6020e+04 -1.2881e+03 -1.6523e+03
-3.0639e+06 1.4856e+02 -5.0032e+03 1.6020e+04 -2.3524e+03 -1.2378e+03
-3.2046e+06 6.5519e+01 -5.2259e+03 1.5992e+04 -1.0047e+00 4.5588e+02
-3.2126e+06 6.6291e+01 -5.2217e+03 1.5995e+04 -1.1887e+00 3.5245e+02
-3.1790e+06 6.7299e+01 -5.2173e+03 1.5996e+04 -4.1769e-01 2.4371e+02
-3.1261e+06 6.8714e+01 -5.2126e+03 1.5998e+04 5.7529e-01 1.3946e+02
-3.0652e+06 7.0370e+01 -5.2078e+03 1.6000e+04 2.4278e+00 3.6488e+01
-2.9968e+06 7.1862e+01 -5.2028e+03 1.6002e+04 8.8371e-01 -6.9061e+01
-2.9289e+06 7.2638e+01 -5.1977e+03 1.6003e+04 -5.8471e+00 -1.7512e+02
-2.8894e+06 7.2429e+01 -5.1923e+03 1.6004e+04 -1.1200e+01 -2.7977e+02
-2.8927e+06 7.1641e+01 -5.1868e+03 1.6006e+04 -9.8640e+00 -3.8257e+02
-2.8934e+06 7.0917e+01 -5.1812e+03 1.6007e+04 -7.7096e+00 -4.8509e+02
-2.8950e+06 7.0326e+01 -5.1753e+03 1.6008e+04 -5.6919e+00 -5.8797e+02
-2.9267e+06 6.9662e+01 -5.1693e+03 1.6009e+04 -4.7021e+00 -6.8922e+02
-2.9579e+06 6.9796e+01 -5.1632e+03 1.6010e+04 -9.4061e+00 -7.8468e+02
-2.9678e+06 7.1809e+01 -5.1569e+03 1.6010e+04 -1.1949e+01 -8.7806e+02
-2.9916e+06 7.4641e+01 -5.1504e+03 1.6011e+04 -8.7939e+00 -9.7734e+02
-3.0385e+06 7.6621e+01 -5.1438e+03 1.6012e+04 -1.4889e+00 -1.0787e+03
-3.0950e+06 7.8056e+01 -5.1371e+03 1.6012e+04 9.3765e+00 -1.1774e+03
-3.1308e+06 7.9902e+01 -5.1302e+03 1.6012e+04 1.0358e+01 -1.2749e+03
-3.1512e+06 8.2264e+01 -5.1231e+03 1.6013e+04 1.3428e+00 -1.3714e+03
-3.1559e+06 8.4888e+01 -5.1160e+03 1.6013e+04 -2.1509e+00 -1.4671e+03
-3.1552e+06 8.7460e+01 -5.1087e+03 1.6013e+04 -2.3656e+00 -1.5621e+03
-3.1578e+06 8.9617e+01 -5.1013e+03 1.6013e+04 -3.7519e+00 -1.6550e+03
-3.1635e+06 9.1414e+01 -5.0938e+03 1.6013e+04 -5.6871e+00 -1.7476e+03
-3.1573e+06 9.3914e+01 -5.0861e+03 1.6013e+04 -2.7014e+00 -1.8411e+03
-3.1298e+06 9.8695e+01 -5.0783e+03 1.6012e+04 -1.3227e+00 -1.9345e+03
-3.0765e+06 1.0571e+02 -5.0704e+03 1.6012e+04 -4.6222e+01 -1.9950e+03
-3.0270e+06 1.1288e+02 -5.0624e+03 1.6012e+04 -1.2570e+02 -2.0376e+03
-3.0100e+06 1.1910e+02 -5.0543e+03 1.6011e+04 -2.0018e+02 -2.0799e+03
-2.9869e+06 1.2524e+02 -5.0461e+03 1.6011e+04 -3.2081e+02 -2.0701e+03
-2.9687e+06 1.3173e+02 -5.0378e+03 1.6010e+04 -5.3431e+02 -2.0158e+03
-2.9503e+06 1.3803e+02 -5.0294e+03 1.6010e+04 -9.2234e+02 -1.9202e+03
-2.9509e+06 1.4403e+02 -5.0209e+03 1.6009e+04 -1.3812e+03 -2.1414e+03
-2.9200e+06 1.5011e+02 -5.0123e+03 1.6008e+04 -2.4294e+03 -1.5855e+03
-3.1787e+06 6.5498e+01 -5.2300e+03 1.5992e+04 -1.4153e+00 2.0973e+02
-3.2090e+06 6.6277e+01 -5.2259e+03 1.5994e+04 -2.1000e+00 1.0671e+02
-3.1801e+06 6.7273e+01 -5.2217e+03 1.5996e+04 -1.7633e+00 -1.5636e+00
-3.1088e+06 6.8679e+01 -5.2173e+03 1.5997e+04 1.7974e+00 -1.0447e+02
-3.0326e+06 7.0350e+01 -5.2127e+03 1.5998e+04 6.5970e+00 -2.0727e+02
-2.9762e+06 7.1851e+01 -5.2079e+03 1.5999e+04 5.9487e+00 -3.1393e+02
-2.9323e+06 7.2610e+01 -5.2029e+03 1.6000e+04 -2.6108e+00 -4.1891e+02
-2.9047e+06 7.2404e+01 -5.1977e+03 1.6001e+04 -9.4203e+00 -5.2206e+02
-2.8962e+06 7.1643e+01 -5.1924e+03 1.6002e+04 -8.9701e+00 -6.2459e+02
-2.8970e+06 7.0844e+01 -5.1869e+03 1.6003e+04 -8.8919e+00 -7.2682e+02
-2.8945e+06 7.0093e+01 -5.1812e+03 1.6003e+04 -8.0057e+00 -8.2873e+02
-2.9167e+06 6.9420e+01 -5.1754e+03 1.6004e+04 -6.0285e+00 -9.2896e+02
-2.9272e+06 6.9737e+01 -5.1694e+03 1.6004e+04 -5.9082e+00 -1.0238e+03
-2.9221e+06 7.1941e+01 -5.1633e+03 1.6005e+04 -4.7855e+00 -1.1163e+03
-2.9273e+06 7.4851e+01 -5.1570e+03 1.6005e+04 -6.4750e+00 -1.2154e+03
-2.9743e+06 7.6778e+01 -5.1505e+03 1.6005e+04 -6.5838e+00 -1.3171e+03
-3.0353e+06 7.8096e+01 -5.1440e+03 1.6005e+04 5.5174e+00 -1.4148e+03
-3.0844e+06 7.9865e+01 -5.1372e+03 1.6005e+04 1.3743e+01 -1.5119e+03
-3.1113e+06 8.2205e+01 -5.1303e+03 1.6005e+04 7.4994e+00 -1.6088e+03
-3.1449e+06 8.4836e+01 -5.1233e+03 1.6005e+04 1.5123e+00 -1.7040e+03
-3.1659e+06 8.7387e+01 -5.1162e+03 1.6004e+04 1.5897e+00 -1.7976e+03
-3.1725e+06 8.9444e+01 -5.1089e+03 1.6004e+04 -7.0043e-01 -1.8907e+03
-3.1677e+06 9.1120e+01 -5.1015e+03 1.6004e+04 -5.4885e+00 -1.9834e+03
-3.1558e+06 9.3627e+01 -5.0940e+03 1.6003e+04 -3.1289e+00 -2.0754e+03
-3.1246e+06 9.8654e+01 -5.0864e+03 1.6002e+04 -6.2207e-01 -2.1679e+03
-3.0685e+06 1.0610e+02 -5.0786e+03 1.6002e+04 -6.0150e+01 -2.2381e+03
-3.0050e+06 1.1363e+02 -5.0708e+03 1.6001e+04 -1.4386e+02 -2.2967e+03
-3.0088e+06 1.2010e+02 -5.0628e+03 1.6000e+04 -2.4524e+02 -2.3564e+03
-2.9429e+06 1.2666e+02 -5.0547e+03 1.5999e+04 -3.0857e+02 -2.3766e+03
-3.0042e+06 1.3350e+02 -5.0465e+03 1.5999e+04 -5.4818e+02 -2.4110e+03
-2.8495e+06 1.3959e+02 -5.0382e+03 1.5998e+04 -7.9658e+02 -2.3918e+03
-3.1137e+06 1.4511e+02 -5.0298e+03 1.5997e+04 -1.5854e+03 -2.4432e+03
-2.6037e+06 1.5151e+02 -5.0214e+03 1.5995e+04 -2.6523e+03 -1.4075e+03
-3.1240e+06 6.5432e+01 -5.2338e+03 1.5992e+04 3.8584e-01 -3.7176e+01
-3.1559e+06 6.6214e+01 -5.2300e+03 1.5993e+04 -2.5300e+00 -1.3977e+02
-3.1373e+06 6.7199e+01 -5.2260e+03 1.5994e+04 -3.6236e+00 -2.4745e+02
-3.0629e+06 6.8599e+01 -5.2217e+03 1.5995e+04 1.0850e+00 -3.4833e+02
-2.9887e+06 7.0305e+01 -5.2173e+03 1.5995e+04 6.7486e+00 -4.4996e+02
-2.9575e+06 7.1865e+01 -5.2127e+03 1.5996e+04 9.2613e+00 -5.5803e+02
-2.9698e+06 7.2674e+01 -5.2079e+03 1.5997e+04 3.3046e+00 -6.6359e+02
-2.9459e+06 7.2494e+01 -5.2029e+03 1.5997e+04 4.8297e-01 -7.6639e+02
-2.8832e+06 7.1741e+01 -5.1978e+03 1.5997e+04 3.3838e+00 -8.6850e+02
-2.8667e+06 7.0924e+01 -5.1925e+03 1.5998e+04 1.2762e+00 -9.7013e+02
-2.8703e+06 7.0095e+01 -5.1870e+03 1.5998e+04 8.1217e-01 -1.0723e+03
-2.8825e+06 6.9307e+01 -5.1813e+03 1.5998e+04 2.0688e+00 -1.1726e+03
-2.8780e+06 6.9502e+01 -5.1755e+03 1.5998e+04 3.9795e+00 -1.2640e+03
-2.8524e+06 7.1602e+01 -5.1695e+03 1.5998e+04 5.4531e+00 -1.3527e+03
-2.8403e+06 7.4533e+01 -5.1634e+03 1.5998e+04 -3.7415e+00 -1.4527e+03
-2.8815e+06 7.6598e+01 -5.1571e+03 1.5997e+04 -1.5987e+01 -1.5559e+03
-2.9551e+06 7.8042e+01 -5.1507e+03 1.5997e+04 -1.1206e+01 -1.6531e+03
-3.0177e+06 7.9877e+01 -5.1441e+03 1.5997e+04 4.0923e+00 -1.7494e+03
-3.0660e+06 8.2230e+01 -5.1374e+03 1.5996e+04 9.1143e+00 -1.8462e+03
-3.1324e+06 8.4818e+01 -5.1305e+03 1.5996e+04 4.3544e+00 -1.9410e+03
-3.1922e+06 8.7240e+01 -5.1236e+03 1.5995e+04 6.9925e+00 -2.0339e+03
-3.2081e+06 8.9074e+01 -5.1164e+03 1.5994e+04 7.9189e+00 -2.1271e+03
-3.1758e+06 9.0638e+01 -5.1092e+03 1.5993e+04 -3.2946e+00 -2.2190e+03
-3.1584e+06 9.3290e+01 -5.1018e+03 1.5992e+04 -4.8068e+00 -2.3108e+03
-3.1210e+06 9.8522e+01 -5.0943e+03 1.5992e+04 -1.7126e+00 -2.4017e+03
-3.0681e+06 1.0610e+02 -5.0867e+03 1.5991e+04 -6.1942e+01 -2.4643e+03
-2.9968e+06 1.1376e+02 -5.0789e+03 1.5989e+04 -1.4497e+02 -2.5146e+03
-3.0020e+06 1.2025e+02 -5.0711e+03 1.5988e+04 -2.4552e+02 -2.5753e+03
-2.9454e+06 1.2675e+02 -5.0631e+03 1.5987e+04 -2.9454e+02 -2.6464e+03
-3.0208e+06 1.3360e+02 -5.0551e+03 1.5986e+04 -5.1915e+02 -2.8132e+03
-2.8881e+06 1.3993e+02 -5.0469e+03 1.5985e+04 -8.5554e+02 -2.7188e+03
-3.0631e+06 1.4609e+02 -5.0387e+03 1.5983e+04 -2.1484e+03 -2.2567e+03
-2.6848e+06 1.5424e+02 -5.0303e+03 1.5982e+04 -3.5488e+03 -2.2635e+02
-3.0898e+06 6.5298e+01 -5.2375e+03 1.5990e+04 1.6277e+00 -2.8479e+02
-3.0850e+06 6.6062e+01 -5.2338e+03 1.5990e+04 -1.7952e+00 -3.8721e+02
-3.0446e+06 6.7024e+01 -5.2300e+03 1.5991e+04 -1.8383e+00 -4.9466e+02
-2.9734e+06 6.8415e+01 -5.2260e+03 1.5991e+04 5.9597e-01 -5.9486e+02
-2.9108e+06 7.0158e+01 -5.2218e+03 1.5992e+04 1.5548e+00 -6.9487e+02
-2.8966e+06 7.1775e+01 -5.2173e+03 1.5992e+04 6.6081e+00 -8.0192e+02
-2.9241e+06 7.2631e+01 -5.2127e+03 1.5992e+04 1.0849e+01 -9.0875e+02
-2.9100e+06 7.2484e+01 -5.2080e+03 1.5992e+04 1.4929e+01 -1.0127e+03
-2.8366e+06 7.1754e+01 -5.2030e+03 1.5992e+04 1.6884e+01 -1.1149e+03
-2.8084e+06 7.0952e+01 -5.1979e+03 1.5992e+04 1.1349e+01 -1.2162e+03
-2.7983e+06 7.0130e+01 -5.1925e+03 1.5992e+04 8.4813e+00 -1.3183e+03
-2.7969e+06 6.9326e+01 -5.1871e+03 1.5991e+04 9.0914e+00 -1.4171e+03
-2.7778e+06 6.9422e+01 -5.1814e+03 1.5991e+04 1.1391e+01 -1.5023e+03
-2.7456e+06 7.1373e+01 -5.1756e+03 1.5990e+04 9.5359e+00 -1.5864e+03
-2.7207e+06 7.4278e+01 -5.1697e+03 1.5990e+04 -7.4706e+00 -1.6882e+03
-2.7627e+06 7.6484e+01 -5.1635e+03 1.5989e+04 -2.7976e+01 -1.7940e+03
-2.8456e+06 7.8104e+01 -5.1573e+03 1.5988e+04 -2.8627e+01 -1.8918e+03
-2.9357e+06 8.0047e+01 -5.1509e+03 1.5987e+04 -9.3154e+00 -1.9879e+03
-3.0020e+06 8.2398e+01 -5.1443e+03 1.5987e+04 6.9076e+00 -2.0838e+03
-3.0929e+06 8.4858e+01 -5.1376e+03 1.5986e+04 6.1879e+00 -2.1783e+03
-3.1708e+06 8.7083e+01 -5.1308e+03 1.5985e+04 6.8497e+00 -2.2726e+03
-3.2038e+06 8.8889e+01 -5.1238e+03 1.5983e+04 7.6804e+00 -2.3651e+03
-3.1643e+06 9.1026e+01 -5.1167e+03 1.5982e+04 -1.3821e+00 -2.4560e+03
-3.1352e+06 9.4853e+01 -5.1094e+03 1.5981e+04 -3.6190e+00 -2.5481e+03
-3.0842e+06 1.0099e+02 -5.1021e+03 1.5980e+04 -1.2798e+01 -2.6221e+03
-3.0228e+06 1.0859e+02 -5.0946e+03 1.5978e+04 -8.2177e+01 -2.6488e+03
-2.9849e+06 1.1587e+02 -5.0870e+03 1.5977e+04 -1.5486e+02 -2.6724e+03
-2.9666e+06 1.2194e+02 -5.0793e+03 1.5976e+04 -2.6112e+02 -2.6886e+03
-2.9766e+06 1.2788e+02 -5.0715e+03 1.5974e+04 -2.8586e+02 -2.7473e+03
-3.0302e+06 1.3450e+02 -5.0635e+03 1.5973e+04 -3.7204e+02 -2.8751e+03
-2.9802e+06 1.4146e+02 -5.0555e+03 1.5971e+04 -9.8918e+02 -2.5482e+03
-2.9953e+06 1.4896e+02 -5.0474e+03 1.5969e+04 -3.1687e+03 -1.3729e+03
-2.8453e+06 1.5904e+02 -5.0391e+03 1.5968e+04 -5.3791e+03 2.1252e+03
-3.0819e+06 6.5138e+01 -5.2409e+03 1.5987e+04 1.7082e+00 -5.3392e+02
-3.0363e+06 6.5923e+01 -5.2375e+03 1.5987e+04 -2.3478e+00 -6.3581e+02
-2.9764e+06 6.6854e+01 -5.2339e+03 1.5987e+04 -1.6018e+00 -7.4302e+02
-2.9070e+06 6.8170e+01 -5.2300e+03 1.5987e+04 -7.2395e-01 -8.4473e+02
-2.8417e+06 6.9881e+01 -5.2260e+03 1.5987e+04 -4.2656e+00 -9.4440e+02
-2.8042e+06 7.1562e+01 -5.2218e+03 1.5987e+04 -1.6867e+00 -1.0481e+03
-2.7887e+06 7.2523e+01 -5.2174e+03 1.5986e+04 6.9928e+00 -1.1543e+03
-2.7682e+06 7.2446e+01 -5.2128e+03 1.5986e+04 1.0318e+01 -1.2594e+03
-2.7291e+06 7.1732e+01 -5.2080e+03 1.5986e+04 6.7372e+00 -1.3618e+03
-2.7016e+06 7.0925e+01 -5.2031e+03 1.5985e+04 1.4944e+00 -1.4626e+03
-2.6748e+06 7.0125e+01 -5.1979e+03 1.5984e+04 -7.3536e-01 -1.5644e+03
-2.6555e+06 6.9368e+01 -5.1926e+03 1.5984e+04 2.8313e-01 -1.6620e+03
-2.6287e+06 6.9457e+01 -5.1872e+03 1.5983e+04 3.1762e+00 -1.7445e+03
-2.5932e+06 7.1357e+01 -5.1815e+03 1.5982e+04 -1.9556e+00 -1.8270e+03
-2.5788e+06 7.4311e+01 -5.1757e+03 1.5981e+04 -2.2979e+01 -1.9296e+03
-2.6314e+06 7.6666e+01 -5.1698e+03 1.5980e+04 -4.4504e+01 -2.0358e+03
-2.7343e+06 7.8393e+01 -5.1637e+03 1.5979e+04 -4.3822e+01 -2.1331e+03
-2.8471e+06 8.0374e+01 -5.1574e+03 1.5977e+04 -2.1970e+01 -2.2283e+03
-2.9453e+06 8.2722e+01 -5.1510e+03 1.5976e+04 3.1478e-01 -2.3232e+03
-3.0352e+06 8.5109e+01 -5.1445e+03 1.5975e+04 7.1220e+00 -2.4174e+03
-3.1084e+06 8.7253e+01 -5.1378e+03 1.5973e+04 5.1945e+00 -2.5107e+03
-3.1439e+06 8.9314e+01 -5.1310e+03 1.5972e+04 3.0026e+00 -2.6019e+03
-3.1256e+06 9.2560e+01 -5.1240e+03 1.5970e+04 2.0310e+00 -2.6939e+03
-3.0925e+06 9.8228e+01 -5.1169e+03 1.5969e+04 -5.2288e+00 -2.7797e+03
-3.0229e+06 1.0560e+02 -5.1097e+03 1.5967e+04 -4.4933e+01 -2.8333e+03
-2.9893e+06 1.1296e+02 -5.1024e+03 1.5966e+04 -1.2957e+02 -2.8621e+03
-2.9399e+06 1.1951e+02 -5.0949e+03 1.5964e+04 -2.1284e+02 -2.8886e+03
-2.9527e+06 1.2529e+02 -5.0873e+03 1.5962e+04 -3.5652e+02 -2.8618e+03
-2.9193e+06 1.3091e+02 -5.0797e+03 1.5960e+04 -4.1248e+02 -2.7746e+03
-3.0509e+06 1.3739e+02 -5.0719e+03 1.5958e+04 -5.2799e+02 -2.5044e+03
-2.9132e+06 1.4517e+02 -5.0639e+03 1.5957e+04 -1.5316e+03 -1.6763e+03
-3.0286e+06 1.5415e+02 -5.0559e+03 1.5955e+04 -4.7771e+03 3.0959e+02
-2.8538e+06 1.6493e+02 -5.0478e+03 1.5953e+04 -7.6733e+03 3.6600e+03
-3.1192e+06 6.4955e+01 -5.2442e+03 1.5983e+04 -8.4989e-01 -7.8362e+02
-3.0616e+06 6.5808e+01 -5.2409e+03 1.5983e+04 -3.5043e+00 -8.8496e+02
-2.9837e+06 6.6779e+01 -5.2375e+03 1.5983e+04 -1.2341e+00 -9.9181e+02
-2.8968e+06 6.8049e+01 -5.2339e+03 1.5982e+04 3.0758e-01 -1.0960e+03
-2.8098e+06 6.9669e+01 -5.2301e+03 1.5982e+04 -3.9528e+00 -1.1973e+03
-2.7400e+06 7.1329e+01 -5.2260e+03 1.5981e+04 -6.3592e+00 -1.2980e+03
-2.6904e+06 7.2377e+01 -5.2218e+03 1.5980e+04 -3.8884e+00 -1.4013e+03
-2.6548e+06 7.2398e+01 -5.2174e+03 1.5979e+04 -5.2671e+00 -1.5054e+03
-2.6224e+06 7.1710e+01 -5.2129e+03 1.5978e+04 -8.9352e+00 -1.6071e+03
-2.5957e+06 7.0882e+01 -5.2081e+03 1.5977e+04 -9.9646e+00 -1.7066e+03
-2.5609e+06 7.0049e+01 -5.2031e+03 1.5976e+04 -9.3393e+00 -1.8066e+03
-2.5214e+06 6.9210e+01 -5.1980e+03 1.5975e+04 -6.7024e+00 -1.9043e+03
-2.4902e+06 6.9109e+01 -5.1927e+03 1.5974e+04 -7.0974e+00 -1.9921e+03
-2.4698e+06 7.0785e+01 -5.1873e+03 1.5972e+04 -2.1637e+01 -2.0796e+03
-2.4766e+06 7.3743e+01 -5.1817e+03 1.5971e+04 -4.7244e+01 -2.1809e+03
-2.5444e+06 7.6401e+01 -5.1759e+03 1.5970e+04 -6.2590e+01 -2.2840e+03
-2.6521e+06 7.8472e+01 -5.1700e+03 1.5968e+04 -5.2726e+01 -2.3790e+03
-2.7800e+06 8.0663e+01 -5.1639e+03 1.5966e+04 -2.6693e+01 -2.4719e+03
-2.8990e+06 8.3094e+01 -5.1576e+03 1.5965e+04 -3.9188e+00 -2.5650e+03
-3.0017e+06 8.5485e+01 -5.1512e+03 1.5963e+04 6.5816e+00 -2.6578e+03
-3.0735e+06 8.7599e+01 -5.1447e+03 1.5961e+04 6.9070e+00 -2.7493e+03
-3.1138e+06 8.9732e+01 -5.1380e+03 1.5959e+04 6.8501e+00 -2.8397e+03
-3.1069e+06 9.3459e+01 -5.1312e+03 1.5958e+04 8.6103e+00 -2.9302e+03
-3.0622e+06 1.0003e+02 -5.1243e+03 1.5956e+04 -4.5645e+00 -3.0181e+03
-3.0043e+06 1.0788e+02 -5.1172e+03 1.5954e+04 -6.6393e+01 -3.0959e+03
-2.9581e+06 1.1471e+02 -5.1100e+03 1.5952e+04 -1.3985e+02 -3.1843e+03
-2.9522e+06 1.2072e+02 -5.1027e+03 1.5950e+04 -2.5890e+02 -3.2663e+03
-2.8943e+06 1.2685e+02 -5.0953e+03 1.5948e+04 -4.1504e+02 -3.3007e+03
-2.9474e+06 1.3300e+02 -5.0877e+03 1.5945e+04 -6.9026e+02 -3.2136e+03
-2.8332e+06 1.3982e+02 -5.0800e+03 1.5943e+04 -1.0591e+03 -2.8481e+03
-3.0608e+06 1.4851e+02 -5.0723e+03 1.5941e+04 -2.7580e+03 -1.8152e+03
-2.9740e+06 1.5896e+02 -5.0644e+03 1.5939e+04 -6.8003e+03 6.2017e+02
-2.8767e+06 1.6960e+02 -5.0564e+03 1.5937e+04 -9.2741e+03 2.3543e+03
-3.1943e+06 6.4770e+01 -5.2472e+03 1.5979e+04 -6.4485e+00 -1.0337e+03
-3.1277e+06 6.5711e+01 -5.2442e+03 1.5978e+04 -3.0778e+00 -1.1349e+03
-3.0313e+06 6.6821e+01 -5.2410e+03 1.5977e+04 3.6192e+00 -1.2415e+03
-2.9299e+06 6.8146e+01 -5.2375e+03 1.5976e+04 6.2092e+00 -1.3466e+03
-2.8260e+06 6.9692e+01 -5.2339e+03 1.5975e+04 3.1894e+00 -1.4493e+03
-2.7238e+06 7.1218e+01 -5.2301e+03 1.5974e+04 -9.5948e-01 -1.5492e+03
-2.6513e+06 7.2211e+01 -5.2261e+03 1.5973e+04 -2.9424e+00 -1.6498e+03
-2.5962e+06 7.2291e+01 -5.2219e+03 1.5971e+04 -4.6207e+00 -1.7514e+03
-2.5679e+06 7.1674e+01 -5.2175e+03 1.5970e+04 -5.7098e+00 -1.8516e+03
-2.5669e+06 7.0873e+01 -5.2129e+03 1.5969e+04 -6.3191e+00 -1.9500e+03
-2.5572e+06 7.0051e+01 -5.2082e+03 1.5967e+04 -4.4988e+00 -2.0467e+03
-2.5140e+06 6.9199e+01 -5.2032e+03 1.5966e+04 -7.4857e-01 -2.1439e+03
-2.4766e+06 6.8938e+01 -5.1981e+03 1.5964e+04 -4.1654e+00 -2.2426e+03
-2.4491e+06 7.0249e+01 -5.1929e+03 1.5962e+04 -2.4760e+01 -2.3403e+03
-2.4830e+06 7.2867e+01 -5.1874e+03 1.5960e+04 -5.4264e+01 -2.4393e+03
-2.5566e+06 7.5545e+01 -5.1818e+03 1.5958e+04 -6.3637e+01 -2.5376e+03
-2.6598e+06 7.8014e+01 -5.1760e+03 1.5957e+04 -4.4357e+01 -2.6299e+03
-2.7775e+06 8.0613e+01 -5.1701e+03 1.5955e+04 -1.7782e+01 -2.7196e+03
-2.9074e+06 8.3163e+01 -5.1640e+03 1.5953e+04 -8.6986e-01 -2.8098e+03
-2.9996e+06 8.5533e+01 -5.1578e+03 1.5950e+04 6.4599e+00 -2.9001e+03
-3.0774e+06 8.7674e+01 -5.1515e+03 1.5948e+04 6.1054e+00 -2.9902e+03
-3.1087e+06 8.9613e+01 -5.1449e+03 1.5946e+04 6.4649e+00 -3.0797e+03
-3.1235e+06 9.2676e+01 -5.1383e+03 1.5944e+04 7.5754e+00 -3.1678e+03
-3.0786e+06 9.8357e+01 -5.1315e+03 1.5942e+04 2.1875e+00 -3.2587e+03
-3.0423e+06 1.0543e+02 -5.1246e+03 1.5939e+04 -4.2475e+01 -3.3649e+03
-2.9814e+06 1.1163e+02 -5.1175e+03 1.5937e+04 -8.9255e+01 -3.4902e+03
-2.9982e+06 1.1730e+02 -5.1103e+03 1.5935e+04 -1.9312e+02 -3.6300e+03
-2.8906e+06 1.2371e+02 -5.1031e+03 1.5932e+04 -3.2193e+02 -3.7745e+03
-2.9945e+06 1.3059e+02 -5.0956e+03 1.5930e+04 -7.1027e+02 -3.9269e+03
-2.7430e+06 1.3808e+02 -5.0881e+03 1.5927e+04 -1.2364e+03 -3.9898e+03
-3.0969e+06 1.4754e+02 -5.0804e+03 1.5925e+04 -3.1648e+03 -3.9109e+03
-3.0437e+06 1.5936e+02 -5.0727e+03 1.5922e+04 -7.8347e+03 -2.6664e+03
-2.8793e+06 1.7048e+02 -5.0648e+03 1.5920e+04 -1.0533e+04 -1.0894e+03
-3.1898e+06 6.4561e+01 -5.2500e+03 1.5973e+04 -6.2784e+00 -1.2852e+03
-3.1328e+06 6.5660e+01 -5.2472e+03 1.5972e+04 -1.0931e+00 -1.3859e+03
-3.0492e+06 6.6974e+01 -5.2442e+03 1.5971e+04 5.5320e+00 -1.4918e+03
-2.9569e+06 6.8368e+01 -5.2410e+03 1.5969e+04 8.2609e+00 -1.5952e+03
-2.8505e+06 6.9892e+01 -5.2376e+03 1.5968e+04 7.0421e+00 -1.6977e+03
-2.7367e+06 7.1356e+01 -5.2340e+03 1.5966e+04 3.3997e+00 -1.7993e+03
-2.6462e+06 7.2273e+01 -5.2302e+03 1.5965e+04 1.0323e+00 -1.8994e+03
-2.5866e+06 7.2356e+01 -5.2261e+03 1.5963e+04 1.5317e+00 -1.9987e+03
-2.5653e+06 7.1775e+01 -5.2220e+03 1.5961e+04 2.3348e+00 -2.0971e+03
-2.5779e+06 7.0957e+01 -5.2176e+03 1.5959e+04 2.2546e+00 -2.1946e+03
-2.6029e+06 7.0136e+01 -5.2130e+03 1.5957e+04 2.8950e+00 -2.2881e+03
-2.6307e+06 6.9356e+01 -5.2083e+03 1.5955e+04 -1.1222e+00 -2.3856e+03
-2.6181e+06 6.9053e+01 -5.2033e+03 1.5953e+04 -4.1458e+00 -2.4929e+03
-2.5689e+06 6.9957e+01 -5.1982e+03 1.5951e+04 -9.3854e+00 -2.5991e+03
-2.5913e+06 7.1877e+01 -5.1930e+03 1.5949e+04 -2.5854e+01 -2.6991e+03
-2.6721e+06 7.4009e+01 -5.1876e+03 1.5946e+04 -3.0466e+01 -2.7963e+03
-2.7589e+06 7.6402e+01 -5.1820e+03 1.5944e+04 -1.5120e+01 -2.8889e+03
-2.8656e+06 7.9176e+01 -5.1762e+03 1.5942e+04 -1.7352e-01 -2.9738e+03
-2.9688e+06 8.1760e+01 -5.1703e+03 1.5939e+04 5.5707e+00 -3.0580e+03
-3.0527e+06 8.4176e+01 -5.1642e+03 1.5937e+04 7.1762e+00 -3.1449e+03
-3.1020e+06 8.6741e+01 -5.1580e+03 1.5935e+04 5.4519e+00 -3.2322e+03
-3.1387e+06 8.9048e+01 -5.1517e+03 1.5932e+04 1.4697e+00 -3.3198e+03
-3.1429e+06 9.1522e+01 -5.1452e+03 1.5929e+04 1.8922e+00 -3.4078e+03
-3.1279e+06 9.5665e+01 -5.1386e+03 1.5927e+04 2.9960e+00 -3.4941e+03
-3.0818e+06 1.0126e+02 -5.1318e+03 1.5924e+04 -7.5724e+00 -3.5889e+03
-3.0627e+06 1.0656e+02 -5.1249e+03 1.5922e+04 -3.7215e+01 -3.7013e+03
-3.0149e+06 1.1143e+02 -5.1178e+03 1.5919e+04 -7.8346e+01 -3.8382e+03
-3.0128e+06 1.1702e+02 -5.1107e+03 1.5916e+04 -1.7305e+02 -3.9996e+03
-2.9454e+06 1.2367e+02 -5.1034e+03 1.5913e+04 -4.0907e+02 -4.2384e+03
-2.9847e+06 1.3138e+02 -5.0960e+03 1.5911e+04 -9.0743e+02 -4.5747e+03
-2.7944e+06 1.4087e+02 -5.0885e+03 1.5908e+04 -2.0614e+03 -5.2299e+03
-3.1735e+06 1.5315e+02 -5.0809e+03 1.5905e+04 -6.2366e+03 -6.1097e+03
-3.4738e+06 1.6571e+02 -5.0731e+03 1.5902e+04 -1.1849e+04 -5.7710e+03
-3.1315e+06 6.3986e+01 -5.2526e+03 1.5967e+04 -4.1207e-01 -1.5369e+03
-3.0802e+06 6.5270e+01 -5.2500e+03 1.5965e+04 1.5064e+00 -1.6372e+03
-3.0231e+06 6.6806e+01 -5.2472e+03 1.5963e+04 3.9270e+00 -1.7424e+03
-2.9493e+06 6.8257e+01 -5.2442e+03 1.5961e+04 4.9353e+00 -1.8438e+03
-2.8554e+06 6.9859e+01 -5.2410e+03 1.5960e+04 4.1868e+00 -1.9453e+03
-2.7511e+06 7.1526e+01 -5.2376e+03 1.5957e+04 1.3162e+00 -2.0482e+03
-2.6703e+06 7.2571e+01 -5.2340e+03 1.5955e+04 -5.6599e-01 -2.1486e+03
-2.6194e+06 7.2686e+01 -5.2302e+03 1.5953e+04 3.1118e-01 -2.2469e+03
-2.6064e+06 7.2113e+01 -5.2262e+03 1.5951e+04 1.8473e+00 -2.3442e+03
-2.6137e+06 7.1230e+01 -5.2220e+03 1.5949e+04 4.1541e+00 -2.4405e+03
-2.6531e+06 7.0316e+01 -5.2177e+03 1.5946e+04 5.4177e+00 -2.5323e+03
-2.7284e+06 6.9456e+01 -5.2131e+03 1.5944e+04 -8.8639e-01 -2.6292e+03
-2.7701e+06 6.8887e+01 -5.2084e+03 1.5941e+04 -1.1290e+00 -2.7360e+03
-2.7500e+06 6.9115e+01 -5.2035e+03 1.5939e+04 5.9826e+00 -2.8440e+03
-2.7863e+06 7.0116e+01 -5.1984e+03 1.5936e+04 7.2776e+00 -2.9477e+03
-2.8722e+06 7.1397e+01 -5.1931e+03 1.5934e+04 1.0072e+01 -3.0486e+03
-2.9790e+06 7.3042e+01 -5.1877e+03 1.5931e+04 1.3903e+01 -3.1484e+03
-3.0590e+06 7.5249e+01 -5.1821e+03 1.5928e+04 1.3556e+01 -3.2380e+03
-3.1162e+06 7.7688e+01 -5.1764e+03 1.5925e+04 9.8713e+00 -3.3175e+03
-3.1493e+06 8.0435e+01 -5.1705e+03 1.5923e+04 6.8671e+00 -3.3948e+03
-3.1734e+06 8.3810e+01 -5.1645e+03 1.5920e+04 5.6178e+00 -3.4759e+03
-3.1754e+06 8.7181e+01 -5.1583e+03 1.5917e+04 6.3374e-01 -3.5607e+03
-3.1832e+06 9.0093e+01 -5.1519e+03 1.5914e+04 -1.3942e+00 -3.6469e+03
-3.1594e+06 9.3488e+01 -5.1454e+03 1.5911e+04 -1.7876e-01 -3.7334e+03
-3.1384e+06 9.7887e+01 -5.1388e+03 1.5908e+04 2.0607e+00 -3.8179e+03
-3.1162e+06 1.0232e+02 -5.1321e+03 1.5905e+04 -1.0423e+01 -3.9098e+03
-3.0828e+06 1.0619e+02 -5.1252e+03 1.5902e+04 -1.9649e+01 -4.0143e+03
-3.0873e+06 1.1033e+02 -5.1182e+03 1.5899e+04 -7.3204e+01 -4.1409e+03
-3.0129e+06 1.1579e+02 -5.1111e+03 1.5896e+04 -1.5513e+02 -4.3006e+03
-3.0644e+06 1.2276e+02 -5.1038e+03 1.5893e+04 -4.3353e+02 -4.5705e+03
-2.8587e+06 1.3112e+02 -5.0964e+03 1.5890e+04 -8.9895e+02 -5.0140e+03
-3.1417e+06 1.4186e+02 -5.0889e+03 1.5887e+04 -2.9621e+03 -6.4017e+03
-3.9990e+06 1.5432e+02 -5.0813e+03 1.5884e+04 -9.0116e+03 -8.3187e+03
-3.1434e+06 6.2702e+01 -5.2550e+03 1.5960e+04 1.7039e+00 -1.7892e+03
-3.0907e+06 6.3920e+01 -5.2526e+03 1.5957e+04 1.4695e+00 -1.8893e+03
-3.0335e+06 6.5503e+01 -5.2501e+03 1.5955e+04 1.7226e+00 -1.9942e+03
-2.9659e+06 6.6975e+01 -5.2473e+03 1.5953e+04 1.9578e+00 -2.0953e+03
-2.8819e+06 6.8701e+01 -5.2443e+03 1.5950e+04 3.0631e+00 -2.1962e+03
-2.7926e+06 7.0839e+01 -5.2411e+03 1.5948e+04 3.5170e+00 -2.2994e+03
-2.7190e+06 7.2457e+01 -5.2377e+03 1.5945e+04 2.3341e+00 -2.3994e+03
-2.6854e+06 7.2876e+01 -5.2341e+03 1.5943e+04 1.1161e+00 -2.4959e+03
-2.6833e+06 7.2428e+01 -5.2303e+03 1.5940e+04 9.4053e-01 -2.5924e+03
-2.7043e+06 7.1643e+01 -5.2263e+03 1.5937e+04 2.0711e+00 -2.6878e+03
-2.7454e+06 7.0698e+01 -5.2221e+03 1.5934e+04 4.1721e+00 -2.7803e+03
-2.8118e+06 6.9625e+01 -5.2177e+03 1.5932e+04 5.1575e+00 -2.8739e+03
-2.8771e+06 6.8585e+01 -5.2132e+03 1.5929e+04 5.4651e+00 -2.9747e+03
-2.9338e+06 6.7997e+01 -5.2085e+03 1.5926e+04 5.9465e+00 -3.0781e+03
-2.9967e+06 6.8099e+01 -5.2036e+03 1.5923e+04 9.0658e+00 -3.1776e+03
-3.0879e+06 6.8541e+01 -5.1985e+03 1.5920e+04 1.2485e+01 -3.2760e+03
-3.1957e+06 6.9028e+01 -5.1933e+03 1.5917e+04 8.9098e+00 -3.3755e+03
-3.2686e+06 6.9977e+01 -5.1879e+03 1.5914e+04 5.1135e+00 -3.4741e+03
-3.2777e+06 7.2041e+01 -5.1823e+03 1.5911e+04 4.3880e+00 -3.5650e+03
-3.2757e+06 7.5359e+01 -5.1766e+03 1.5907e+04 2.9661e+00 -3.6441e+03
-3.2623e+06 7.9500e+01 -5.1707e+03 1.5904e+04 3.4553e+00 -3.7202e+03
-3.2554e+06 8.3654e+01 -5.1647e+03 1.5901e+04 1.1766e+00 -3.8021e+03
-3.2368e+06 8.7189e+01 -5.1585e+03 1.5898e+04 -1.6092e+00 -3.8870e+03
-3.2220e+06 9.0454e+01 -5.1522e+03 1.5894e+04 -7.3377e-01 -3.9718e+03
-3.1941e+06 9.4228e+01 -5.1457e+03 1.5891e+04 1.9902e-01 -4.0561e+03
-3.1720e+06 9.8341e+01 -5.1391e+03 1.5888e+04 9.3959e-01 -4.1394e+03
-3.1501e+06 1.0192e+02 -5.1324e+03 1.5885e+04 -4.1939e+00 -4.2253e+03
-3.1485e+06 1.0515e+02 -5.1255e+03 1.5881e+04 -2.2020e+01 -4.3267e+03
-3.1150e+06 1.0939e+02 -5.1185e+03 1.5878e+04 -5.7234e+01 -4.4439e+03
-3.0828e+06 1.1522e+02 -5.1114e+03 1.5875e+04 -1.3890e+02 -4.5994e+03
-3.0574e+06 1.2197e+02 -5.1042e+03 1.5871e+04 -3.3510e+02 -4.7934e+03
-3.0415e+06 1.2965e+02 -5.0968e+03 1.5868e+04 -7.6527e+02 -5.5241e+03
-3.2574e+06 1.3868e+02 -5.0894e+03 1.5865e+04 -2.8518e+03 -6.7205e+03
-3.2148e+06 6.1172e+01 -5.2571e+03 1.5951e+04 1.3265e+00 -2.0426e+03
-3.1638e+06 6.2008e+01 -5.2550e+03 1.5949e+04 1.0503e+00 -2.1422e+03
-3.1103e+06 6.3270e+01 -5.2527e+03 1.5946e+04 8.5977e-01 -2.2466e+03
-3.0531e+06 6.4544e+01 -5.2501e+03 1.5943e+04 1.3598e+00 -2.3481e+03
-2.9827e+06 6.6101e+01 -5.2473e+03 1.5940e+04 3.3486e+00 -2.4487e+03
-2.9030e+06 6.8446e+01 -5.2443e+03 1.5937e+04 7.2190e+00 -2.5514e+03
-2.8339e+06 7.0810e+01 -5.2411e+03 1.5934e+04 1.0236e+01 -2.6524e+03
-2.8016e+06 7.1889e+01 -5.2377e+03 1.5931e+04 9.7385e+00 -2.7485e+03
-2.8063e+06 7.1799e+01 -5.2341e+03 1.5928e+04 7.5065e+00 -2.8451e+03
-2.8321e+06 7.1467e+01 -5.2303e+03 1.5925e+04 5.4849e+00 -2.9410e+03
-2.8795e+06 7.0890e+01 -5.2264e+03 1.5922e+04 5.6286e+00 -3.0323e+03
-2.9503e+06 6.9745e+01 -5.2222e+03 1.5919e+04 6.5178e+00 -3.1226e+03
-3.0296e+06 6.8371e+01 -5.2178e+03 1.5915e+04 2.6798e+00 -3.2202e+03
-3.1009e+06 6.7363e+01 -5.2133e+03 1.5912e+04 -2.2957e+00 -3.3191e+03
-3.1708e+06 6.7017e+01 -5.2086e+03 1.5909e+04 -1.7799e+00 -3.4123e+03
-3.2454e+06 6.6949e+01 -5.2037e+03 1.5905e+04 -2.1924e+00 -3.5047e+03
-3.3339e+06 6.6560e+01 -5.1987e+03 1.5902e+04 -7.2694e+00 -3.5970e+03
-3.3932e+06 6.6399e+01 -5.1934e+03 1.5898e+04 -8.5033e+00 -3.6908e+03
-3.4027e+06 6.7955e+01 -5.1880e+03 1.5895e+04 -6.9438e+00 -3.7882e+03
-3.3660e+06 7.1562e+01 -5.1825e+03 1.5891e+04 -6.4253e+00 -3.8789e+03
-3.3412e+06 7.6002e+01 -5.1768e+03 1.5888e+04 -2.4244e+00 -3.9599e+03
-3.3198e+06 8.0153e+01 -5.1709e+03 1.5884e+04 1.4813e-01 -4.0423e+03
-3.3101e+06 8.3616e+01 -5.1649e+03 1.5881e+04 -1.4171e+00 -4.1271e+03
-3.2843e+06 8.6508e+01 -5.1588e+03 1.5877e+04 -9.0948e-01 -4.2114e+03
-3.2772e+06 8.9624e+01 -5.1525e+03 1.5873e+04 -1.0776e+00 -4.2947e+03
-3.2363e+06 9.3469e+01 -5.1460e+03 1.5870e+04 1.8698e+00 -4.3772e+03
-3.2245e+06 9.7200e+01 -5.1394e+03 1.5866e+04 -4.9348e-02 -4.4576e+03
-3.2082e+06 1.0033e+02 -5.1327e+03 1.5863e+04 -3.6415e+00 -4.5421e+03
-3.1909e+06 1.0414e+02 -5.1259e+03 1.5859e+04 -2.0433e+01 -4.6348e+03
-3.1387e+06 1.0947e+02 -5.1189e+03 1.5855e+04 -5.8605e+01 -4.7527e+03
-3.1382e+06 1.1524e+02 -5.1118e+03 1.5852e+04 -1.2332e+02 -4.8365e+03
-3.0637e+06 1.2044e+02 -5.1046e+03 1.5848e+04 -1.3742e+02 -5.1937e+03
-3.0171e+06 1.2566e+02 -5.0973e+03 1.5844e+04 -1.9218e+02 -5.2196e+03
-3.2995e+06 6.0173e+01 -5.2591e+03 1.5942e+04 4.4484e-01 -2.2962e+03
-3.2599e+06 6.0643e+01 -5.2572e+03 1.5939e+04 8.0076e-01 -2.3953e+03
-3.2192e+06 6.1397e+01 -5.2550e+03 1.5936e+04 1.1087e+00 -2.4992e+03
-3.1760e+06 6.2222e+01 -5.2527e+03 1.5932e+04 1.3774e+00 -2.6004e+03
-3.1255e+06 6.3209e+01 -5.2501e+03 1.5929e+04 7.2511e-01 -2.7004e+03
-3.0671e+06 6.4999e+01 -5.2473e+03 1.5926e+04 2.4109e+00 -2.8008e+03
-3.0069e+06 6.7393e+01 -5.2444e+03 1.5922e+04 7.0345e+00 -2.9018e+03
-2.9796e+06 6.8927e+01 -5.2412e+03 1.5919e+04 8.4136e+00 -2.9998e+03
-2.9821e+06 6.9317e+01 -5.2378e+03 1.5915e+04 7.0980e+00 -3.0971e+03
-2.9965e+06 6.9735e+01 -5.2342e+03 1.5912e+04 7.3396e+00 -3.1956e+03
-3.0298e+06 7.0046e+01 -5.2304e+03 1.5908e+04 8.3185e+00 -3.2873e+03
-3.0978e+06 6.9371e+01 -5.2265e+03 1.5904e+04 6.3734e+00 -3.3755e+03
-3.1677e+06 6.8181e+01 -5.2223e+03 1.5901e+04 5.8792e-01 -3.4704e+03
-3.2307e+06 6.7430e+01 -5.2180e+03 1.5897e+04 -3.6635e+00 -3.5665e+03
-3.2835e+06 6.7291e+01 -5.2134e+03 1.5893e+04 -3.8148e+00 -3.6578e+03
-3.3463e+06 6.7229e+01 -5.2087e+03 1.5890e+04 -4.9275e+00 -3.7485e+03
-3.4059e+06 6.6719e+01 -5.2039e+03 1.5886e+04 -7.7225e+00 -3.8395e+03
-3.4565e+06 6.6308e+01 -5.1988e+03 1.5882e+04 -9.3554e+00 -3.9283e+03
-3.4545e+06 6.7477e+01 -5.1936e+03 1.5878e+04 -1.1839e+01 -4.0175e+03
-3.4225e+06 7.0666e+01 -5.1882e+03 1.5874e+04 -1.2748e+01 -4.1078e+03
-3.3894e+06 7.4636e+01 -5.1827e+03 1.5870e+04 -7.5392e+00 -4.1952e+03
-3.3744e+06 7.8271e+01 -5.1770e+03 1.5866e+04 -2.4729e+00 -4.2807e+03
-3.3546e+06 8.1279e+01 -5.1712e+03 1.5862e+04 -2.0445e+00 -4.3657e+03
-3.3486e+06 8.3587e+01 -5.1652e+03 1.5859e+04 -2.0036e+00 -4.4503e+03
-3.3311e+06 8.5795e+01 -5.1590e+03 1.5855e+04 -1.6023e+00 -4.5337e+03
-3.3203e+06 8.8782e+01 -5.1528e+03 1.5851e+04 1.1852e-01 -4.6150e+03
-3.2826e+06 9.2216e+01 -5.1463e+03 1.5847e+04 9.3481e-01 -4.6947e+03
-3.2832e+06 9.5627e+01 -5.1398e+03 1.5843e+04 -4.2308e-01 -4.7753e+03
-3.2394e+06 9.9987e+01 -5.1331e+03 1.5839e+04 -1.9164e+00 -4.8567e+03
-3.1973e+06 1.0582e+02 -5.1263e+03 1.5835e+04 -3.1567e+01 -4.9480e+03
-3.1564e+06 1.1165e+02 -5.1193e+03 1.5831e+04 -7.7949e+01 -4.9990e+03
-3.1346e+06 1.1607e+02 -5.1122e+03 1.5827e+04 -4.0499e+01 -5.1956e+03
-3.1641e+06 1.1996e+02 -5.1051e+03 1.5823e+04 -1.5532e+02 -5.1907e+03
-3.3869e+06 5.9774e+01 -5.2608e+03 1.5932e+04 -7.6535e-01 -2.5501e+03
-3.3540e+06 6.0078e+01 -5.2591e+03 1.5928e+04 -8.5818e-01 -2.6487e+03
-3.3285e+06 6.0458e+01 -5.2572e+03 1.5925e+04 -7.2971e-01 -2.7522e+03
-3.2999e+06 6.0871e+01 -5.2551e+03 1.5921e+04 -7.9138e-01 -2.8529e+03
-3.2690e+06 6.1344e+01 -5.2527e+03 1.5917e+04 -2.3273e+00 -2.9523e+03
-3.2296e+06 6.2349e+01 -5.2502e+03 1.5913e+04 -2.6256e+00 -3.0509e+03
-3.1880e+06 6.4039e+01 -5.2474e+03 1.5909e+04 -8.6487e-01 -3.1495e+03
-3.1601e+06 6.5435e+01 -5.2444e+03 1.5905e+04 -1.2880e+00 -3.2472e+03
-3.1596e+06 6.6159e+01 -5.2412e+03 1.5902e+04 -1.5358e+00 -3.3439e+03
-3.1620e+06 6.7181e+01 -5.2379e+03 1.5898e+04 1.7501e+00 -3.4418e+03
-3.1777e+06 6.8346e+01 -5.2343e+03 1.5894e+04 4.0690e+00 -3.5370e+03
-3.2143e+06 6.8572e+01 -5.2305e+03 1.5889e+04 2.4205e+00 -3.6274e+03
-3.2591e+06 6.8170e+01 -5.2266e+03 1.5885e+04 -1.6527e+00 -3.7193e+03
-3.2936e+06 6.8155e+01 -5.2224e+03 1.5881e+04 -5.3282e+00 -3.8115e+03
-3.3315e+06 6.8594e+01 -5.2181e+03 1.5877e+04 -6.2913e+00 -3.9007e+03
-3.3725e+06 6.8860e+01 -5.2136e+03 1.5873e+04 -6.0307e+00 -3.9895e+03
-3.4202e+06 6.8696e+01 -5.2089e+03 1.5869e+04 -6.4213e+00 -4.0788e+03
-3.4486e+06 6.8647e+01 -5.2040e+03 1.5865e+04 -8.0391e+00 -4.1676e+03
-3.4577e+06 6.9638e+01 -5.1990e+03 1.5860e+04 -1.0320e+01 -4.2554e+03
-3.4363e+06 7.1961e+01 -5.1938e+03 1.5856e+04 -1.0678e+01 -4.3444e+03
-3.4161e+06 7.4946e+01 -5.1884e+03 1.5852e+04 -7.8701e+00 -4.4332e+03
-3.3893e+06 7.7940e+01 -5.1829e+03 1.5848e+04 -3.8359e+00 -4.5197e+03
-3.3790e+06 8.0620e+01 -5.1773e+03 1.5844e+04 -2.6383e+00 -4.6046e+03
-3.3668e+06 8.2627e+01 -5.1714e+03 1.5839e+04 -2.5392e+00 -4.6885e+03
-3.3709e+06 8.4192e+01 -5.1655e+03 1.5835e+04 -1.9415e+00 -4.7710e+03
-3.3582e+06 8.6182e+01 -5.1593e+03 1.5831e+04 -8.4039e-01 -4.8518e+03
-3.3448e+06 8.8955e+01 -5.1531e+03 1.5827e+04 5.6519e-01 -4.9312e+03
-3.3092e+06 9.2678e+01 -5.1467e+03 1.5822e+04 1.2169e+00 -5.0133e+03
-3.2745e+06 9.8145e+01 -5.1401e+03 1.5818e+04 2.2890e+00 -5.0918e+03
-3.2011e+06 1.0512e+02 -5.1335e+03 1.5814e+04 -2.9268e+01 -5.1633e+03
-3.1658e+06 1.1152e+02 -5.1267e+03 1.5810e+04 -7.0105e+01 -5.1808e+03
-3.1165e+06 1.1611e+02 -5.1197e+03 1.5806e+04 -6.1718e+01 -5.3715e+03
-3.1112e+06 1.2034e+02 -5.1127e+03 1.5802e+04 -9.6761e+01 -5.3083e+03
-3.4655e+06 5.9655e+01 -5.2623e+03 1.5921e+04 -1.1087e+00 -2.8047e+03
-3.4436e+06 5.9910e+01 -5.2608e+03 1.5917e+04 -1.4853e+00 -2.9028e+03
-3.4295e+06 6.0131e+01 -5.2591e+03 1.5912e+04 -1.8649e+00 -3.0058e+03
-3.4101e+06 6.0368e+01 -5.2572e+03 1.5908e+04 -2.1171e+00 -3.1058e+03
-3.3860e+06 6.0708e+01 -5.2551e+03 1.5904e+04 -2.8576e+00 -3.2047e+03
-3.3581e+06 6.1396e+01 -5.2527e+03 1.5900e+04 -2.2146e+00 -3.3029e+03
-3.3311e+06 6.2535e+01 -5.2502e+03 1.5896e+04 -1.1657e+00 -3.4001e+03
-3.3087e+06 6.3661e+01 -5.2474e+03 1.5891e+04 -2.3865e+00 -3.4968e+03
-3.3000e+06 6.4566e+01 -5.2445e+03 1.5887e+04 -2.7801e+00 -3.5925e+03
-3.2907e+06 6.5777e+01 -5.2413e+03 1.5882e+04 -1.1177e+00 -3.6874e+03
-3.2910e+06 6.7175e+01 -5.2379e+03 1.5878e+04 -8.0132e-01 -3.7824e+03
-3.3041e+06 6.8015e+01 -5.2344e+03 1.5874e+04 -1.9376e+00 -3.8758e+03
-3.3217e+06 6.8434e+01 -5.2306e+03 1.5869e+04 -4.2759e+00 -3.9678e+03
-3.3310e+06 6.9113e+01 -5.2267e+03 1.5865e+04 -7.3836e+00 -4.0584e+03
-3.3482e+06 7.0069e+01 -5.2225e+03 1.5860e+04 -7.3288e+00 -4.1469e+03
-3.3755e+06 7.0752e+01 -5.2182e+03 1.5856e+04 -4.6295e+00 -4.2345e+03
-3.4058e+06 7.0990e+01 -5.2137e+03 1.5851e+04 -3.8809e+00 -4.3222e+03
-3.4280e+06 7.1230e+01 -5.2090e+03 1.5846e+04 -5.2279e+00 -4.4103e+03
-3.4362e+06 7.2008e+01 -5.2042e+03 1.5842e+04 -6.3613e+00 -4.4990e+03
-3.4329e+06 7.3539e+01 -5.1992e+03 1.5837e+04 -6.7413e+00 -4.5877e+03
-3.4192e+06 7.5699e+01 -5.1940e+03 1.5833e+04 -5.8097e+00 -4.6750e+03
-3.4006e+06 7.8220e+01 -5.1887e+03 1.5828e+04 -4.1142e+00 -4.7605e+03
-3.3826e+06 8.0707e+01 -5.1832e+03 1.5824e+04 -3.0027e+00 -4.8445e+03
-3.3780e+06 8.2682e+01 -5.1775e+03 1.5819e+04 -2.8731e+00 -4.9273e+03
-3.3739e+06 8.4125e+01 -5.1717e+03 1.5815e+04 -2.1851e+00 -5.0084e+03
-3.3764e+06 8.5621e+01 -5.1657e+03 1.5810e+04 -1.0578e+00 -5.0884e+03
-3.3617e+06 8.7851e+01 -5.1596e+03 1.5806e+04 -1.2737e+00 -5.1686e+03
-3.3337e+06 9.1636e+01 -5.1534e+03 1.5801e+04 1.2663e+00 -5.2504e+03
-3.2703e+06 9.7921e+01 -5.1470e+03 1.5797e+04 4.6155e-01 -5.3276e+03
-3.1960e+06 1.0603e+02 -5.1405e+03 1.5792e+04 -3.9979e+01 -5.3932e+03
-3.1383e+06 1.1326e+02 -5.1338e+03 1.5788e+04 -9.0354e+01 -5.4027e+03
-3.1106e+06 1.1835e+02 -5.1271e+03 1.5783e+04 -9.1519e+01 -5.5787e+03
-3.0871e+06 1.2308e+02 -5.1202e+03 1.5779e+04 -2.0520e+02 -5.4767e+03
-3.5327e+06 5.9629e+01 -5.2635e+03 1.5908e+04 -1.1550e+00 -3.0595e+03
-3.5140e+06 5.9890e+01 -5.2623e+03 1.5904e+04 -1.3579e+00 -3.1572e+03
-3.5071e+06 6.0077e+01 -5.2608e+03 1.5899e+04 -1.8379e+00 -3.2596e+03
-3.4963e+06 6.0291e+01 -5.2591e+03 1.5895e+04 -1.9882e+00 -3.3591e+03
-3.4807e+06 6.0692e+01 -5.2572e+03 1.5890e+04 -2.2534e+00 -3.4574e+03
-3.4560e+06 6.1430e+01 -5.2551e+03 1.5885e+04 -1.9380e+00 -3.5550e+03
-3.4323e+06 6.2463e+01 -5.2528e+03 1.5881e+04 -1.4493e+00 -3.6518e+03
-3.4085e+06 6.3558e+01 -5.2502e+03 1.5876e+04 -1.5793e+00 -3.7479e+03
-3.3934e+06 6.4613e+01 -5.2475e+03 1.5871e+04 -1.2742e+00 -3.8431e+03
-3.3807e+06 6.5779e+01 -5.2445e+03 1.5866e+04 -9.9189e-01 -3.9374e+03
-3.3747e+06 6.6981e+01 -5.2414e+03 1.5862e+04 -1.7441e+00 -4.0310e+03
-3.3688e+06 6.7951e+01 -5.2380e+03 1.5857e+04 -2.8834e+00 -4.1241e+03
-3.3663e+06 6.8798e+01 -5.2345e+03 1.5852e+04 -4.3687e+00 -4.2165e+03
-3.3581e+06 6.9844e+01 -5.2307e+03 1.5847e+04 -5.9475e+00 -4.3071e+03
-3.3598e+06 7.1087e+01 -5.2268e+03 1.5842e+04 -5.0189e+00 -4.3959e+03
-3.3687e+06 7.2128e+01 -5.2226e+03 1.5837e+04 -1.9441e+00 -4.4835e+03
-3.3913e+06 7.2699e+01 -5.2183e+03 1.5832e+04 -1.0715e+00 -4.5710e+03
-3.4075e+06 7.2999e+01 -5.2139e+03 1.5827e+04 -2.1295e+00 -4.6585e+03
-3.4263e+06 7.3455e+01 -5.2092e+03 1.5822e+04 -3.3201e+00 -4.7457e+03
-3.4243e+06 7.4448e+01 -5.2044e+03 1.5818e+04 -4.4382e+00 -4.8322e+03
-3.4181e+06 7.6174e+01 -5.1994e+03 1.5813e+04 -4.3396e+00 -4.9177e+03
-3.3979e+06 7.8464e+01 -5.1942e+03 1.5808e+04 -3.4859e+00 -5.0020e+03
-3.3874e+06 8.0823e+01 -5.1889e+03 1.5803e+04 -2.7954e+00 -5.0850e+03
-3.3761e+06 8.2784e+01 -5.1834e+03 1.5798e+04 -2.6876e+00 -5.1668e+03
-3.3816e+06 8.4261e+01 -5.1778e+03 1.5793e+04 -2.4089e+00 -5.2470e+03
-3.3741e+06 8.5612e+01 -5.1720e+03 1.5788e+04 -2.2783e+00 -5.3266e+03
-3.3779e+06 8.7561e+01 -5.1660e+03 1.5784e+04 -2.7882e+00 -5.4062e+03
-3.3270e+06 9.1208e+01 -5.1600e+03 1.5779e+04 5.1361e-01 -5.4864e+03
-3.2780e+06 9.7602e+01 -5.1537e+03 1.5774e+04 3.6867e-01 -5.5635e+03
-3.1924e+06 1.0620e+02 -5.1474e+03 1.5769e+04 -4.7062e+01 -5.6319e+03
-3.1151e+06 1.1435e+02 -5.1409e+03 1.5765e+04 -1.0992e+02 -5.6393e+03
-3.0959e+06 1.2039e+02 -5.1342e+03 1.5760e+04 -1.3479e+02 -5.8332e+03
-3.0332e+06 1.2576e+02 -5.1275e+03 1.5755e+04 -2.5919e+02 -5.7056e+03
-3.5812e+06 5.9618e+01 -5.2645e+03 1.5895e+04 -1.0186e+00 -3.3147e+03
-3.5682e+06 5.9910e+01 -5.2635e+03 1.5890e+04 -1.3634e+00 -3.4118e+03
-3.5640e+06 6.0093e+01 -5.2623e+03 1.5885e+04 -2.0838e+00 -3.5137e+03
-3.5569e+06 6.0302e+01 -5.2608e+03 1.5880e+04 -2.3161e+00 -3.6126e+03
-3.5428e+06 6.0748e+01 -5.2592e+03 1.5875e+04 -2.5018e+00 -3.7103e+03
-3.5227e+06 6.1588e+01 -5.2573e+03 1.5870e+04 -2.4569e+00 -3.8074e+03
-3.4993e+06 6.2702e+01 -5.2552e+03 1.5865e+04 -2.1740e+00 -3.9036e+03
-3.4772e+06 6.3861e+01 -5.2528e+03 1.5860e+04 -1.9135e+00 -3.9989e+03
-3.4586e+06 6.4948e+01 -5.2503e+03 1.5855e+04 -1.7089e+00 -4.0935e+03
-3.4419e+06 6.5972e+01 -5.2476e+03 1.5849e+04 -1.8761e+00 -4.1873e+03
-3.4294e+06 6.6977e+01 -5.2446e+03 1.5844e+04 -2.2112e+00 -4.2803e+03
-3.4159e+06 6.8004e+01 -5.2414e+03 1.5839e+04 -2.9666e+00 -4.3729e+03
-3.4013e+06 6.9120e+01 -5.2381e+03 1.5834e+04 -3.6930e+00 -4.4644e+03
-3.3856e+06 7.0396e+01 -5.2346e+03 1.5828e+04 -3.4911e+00 -4.5541e+03
-3.3747e+06 7.1768e+01 -5.2308e+03 1.5823e+04 -2.3019e+00 -4.6429e+03
-3.3747e+06 7.2935e+01 -5.2269e+03 1.5818e+04 -8.3779e-01 -4.7306e+03
-3.3847e+06 7.3636e+01 -5.2228e+03 1.5813e+04 -4.4981e-01 -4.8178e+03
-3.4009e+06 7.3956e+01 -5.2185e+03 1.5807e+04 -1.0389e+00 -4.9044e+03
-3.4155e+06 7.4240e+01 -5.2140e+03 1.5802e+04 -2.1911e+00 -4.9904e+03
-3.4234e+06 7.4945e+01 -5.2094e+03 1.5797e+04 -3.4821e+00 -5.0756e+03
-3.4191e+06 7.6419e+01 -5.2046e+03 1.5792e+04 -2.8888e+00 -5.1601e+03
-3.4056e+06 7.8560e+01 -5.1996e+03 1.5786e+04 -1.0505e+00 -5.2435e+03
-3.3932e+06 8.0841e+01 -5.1944e+03 1.5781e+04 -7.5138e-01 -5.3257e+03
-3.3823e+06 8.2752e+01 -5.1891e+03 1.5776e+04 -1.3008e+00 -5.4065e+03
-3.3844e+06 8.4153e+01 -5.1837e+03 1.5771e+04 -3.6725e+00 -5.4859e+03
-3.3819e+06 8.5453e+01 -5.1780e+03 1.5766e+04 -3.3101e+00 -5.5643e+03
-3.3641e+06 8.7615e+01 -5.1723e+03 1.5761e+04 -2.0927e+00 -5.6426e+03
-3.3388e+06 9.1733e+01 -5.1663e+03 1.5756e+04 -5.5959e-01 -5.7241e+03
-3.2541e+06 9.8396e+01 -5.1603e+03 1.5751e+04 -4.5983e-01 -5.7962e+03
-3.1783e+06 1.0698e+02 -5.1541e+03 1.5746e+04 -4.8298e+01 -5.8470e+03
-3.1092e+06 1.1541e+02 -5.1477e+03 1.5741e+04 -1.2624e+02 -5.8411e+03
-3.0642e+06 1.2218e+02 -5.1413e+03 1.5736e+04 -1.6115e+02 -6.0241e+03
-3.0311e+06 1.2828e+02 -5.1347e+03 1.5731e+04 -3.3922e+02 -5.8307e+03
-3.6124e+06 5.9619e+01 -5.2653e+03 1.5881e+04 -8.3541e-01 -3.5701e+03
-3.5992e+06 5.9931e+01 -5.2645e+03 1.5876e+04 -1.3763e+00 -3.6666e+03
-3.5972e+06 6.0115e+01 -5.2635e+03 1.5870e+04 -2.2058e+00 -3.7679e+03
-3.5932e+06 6.0338e+01 -5.2623e+03 1.5865e+04 -2.4108e+00 -3.8663e+03
-3.5814e+06 6.0832e+01 -5.2609e+03 1.5859e+04 -2.5658e+00 -3.9635e+03
-3.5600e+06 6.1746e+01 -5.2592e+03 1.5854e+04 -2.2421e+00 -4.0600e+03
-3.5354e+06 6.2916e+01 -5.2573e+03 1.5848e+04 -1.6602e+00 -4.1556e+03
-3.5134e+06 6.4044e+01 -5.2552e+03 1.5843e+04 -1.5270e+00 -4.2504e+03
-3.4977e+06 6.5001e+01 -5.2529e+03 1.5837e+04 -1.7514e+00 -4.3443e+03
-3.4842e+06 6.5856e+01 -5.2504e+03 1.5831e+04 -2.1560e+00 -4.4374e+03
-3.4682e+06 6.6807e+01 -5.2476e+03 1.5826e+04 -2.2373e+00 -4.5297e+03
-3.4455e+06 6.8008e+01 -5.2447e+03 1.5820e+04 -2.7327e+00 -4.6212e+03
-3.4215e+06 6.9414e+01 -5.2415e+03 1.5815e+04 -3.0088e+00 -4.7117e+03
-3.3998e+06 7.0885e+01 -5.2382e+03 1.5809e+04 -2.1475e+00 -4.8009e+03
-3.3860e+06 7.2260e+01 -5.2347e+03 1.5803e+04 -9.8391e-01 -4.8894e+03
-3.3810e+06 7.3320e+01 -5.2309e+03 1.5798e+04 -3.5604e-01 -4.9771e+03
-3.3887e+06 7.3955e+01 -5.2270e+03 1.5792e+04 -3.8025e-01 -5.0640e+03
-3.3992e+06 7.4302e+01 -5.2229e+03 1.5786e+04 -6.3465e-01 -5.1499e+03
-3.4150e+06 7.4613e+01 -5.2186e+03 1.5781e+04 -1.8592e+00 -5.2348e+03
-3.4210e+06 7.5239e+01 -5.2142e+03 1.5775e+04 -3.1182e+00 -5.3191e+03
-3.4167e+06 7.6553e+01 -5.2096e+03 1.5770e+04 -9.0607e-01 -5.4026e+03
-3.4045e+06 7.8557e+01 -5.2048e+03 1.5764e+04 3.2571e+00 -5.4850e+03
-3.3952e+06 8.0764e+01 -5.1998e+03 1.5759e+04 4.0642e+00 -5.5663e+03
-3.3877e+06 8.2614e+01 -5.1947e+03 1.5753e+04 7.9997e-01 -5.6462e+03
-3.3901e+06 8.3973e+01 -5.1894e+03 1.5748e+04 -3.1817e+00 -5.7240e+03
-3.3805e+06 8.5497e+01 -5.1839e+03 1.5742e+04 -3.7290e+00 -5.8015e+03
-3.3577e+06 8.8599e+01 -5.1783e+03 1.5737e+04 -1.7088e+00 -5.8808e+03
-3.2898e+06 9.4377e+01 -5.1726e+03 1.5732e+04 5.8038e-01 -5.9613e+03
-3.2243e+06 1.0232e+02 -5.1667e+03 1.5726e+04 -1.8153e+01 -6.0100e+03
-3.1302e+06 1.1078e+02 -5.1606e+03 1.5721e+04 -6.9023e+01 -6.0333e+03
-3.0860e+06 1.1840e+02 -5.1545e+03 1.5716e+04 -1.4606e+02 -6.0073e+03
-3.0202e+06 1.2489e+02 -5.1481e+03 1.5711e+04 -2.0150e+02 -6.1906e+03
-3.0401e+06 1.3120e+02 -5.1417e+03 1.5706e+04 -4.3364e+02 -5.9959e+03
-3.6287e+06 5.9601e+01 -5.2658e+03 1.5866e+04 -5.8932e-01 -3.8255e+03
-3.6178e+06 5.9949e+01 -5.2653e+03 1.5860e+04 -1.0569e+00 -3.9215e+03
-3.6146e+06 6.0174e+01 -5.2645e+03 1.5854e+04 -1.7487e+00 -4.0224e+03
-3.6081e+06 6.0491e+01 -5.2635e+03 1.5848e+04 -1.6623e+00 -4.1202e+03
-3.5936e+06 6.1086e+01 -5.2623e+03 1.5842e+04 -1.5684e+00 -4.2169e+03
-3.5748e+06 6.2016e+01 -5.2609e+03 1.5837e+04 -1.2813e+00 -4.3126e+03
-3.5528e+06 6.3088e+01 -5.2592e+03 1.5831e+04 -9.6924e-01 -4.4076e+03
-3.5359e+06 6.4049e+01 -5.2573e+03 1.5825e+04 -1.1522e+00 -4.5018e+03
-3.5209e+06 6.4869e+01 -5.2552e+03 1.5819e+04 -1.4478e+00 -4.5951e+03
-3.5045e+06 6.5710e+01 -5.2529e+03 1.5813e+04 -1.6494e+00 -4.6875e+03
-3.4841e+06 6.6783e+01 -5.2504e+03 1.5806e+04 -1.6081e+00 -4.7790e+03
-3.4584e+06 6.8173e+01 -5.2477e+03 1.5800e+04 -2.1950e+00 -4.8694e+03
-3.4313e+06 6.9734e+01 -5.2448e+03 1.5794e+04 -2.4803e+00 -4.9591e+03
-3.4104e+06 7.1223e+01 -5.2416e+03 1.5788e+04 -1.8701e+00 -5.0479e+03
-3.3954e+06 7.2472e+01 -5.2383e+03 1.5782e+04 -1.1387e+00 -5.1361e+03
-3.3916e+06 7.3374e+01 -5.2348e+03 1.5777e+04 -6.9653e-01 -5.2234e+03
-3.3942e+06 7.3935e+01 -5.2311e+03 1.5771e+04 -5.7970e-01 -5.3095e+03
-3.4047e+06 7.4305e+01 -5.2272e+03 1.5765e+04 -8.4514e-01 -5.3946e+03
-3.4149e+06 7.4653e+01 -5.2231e+03 1.5759e+04 -1.8450e+00 -5.4789e+03
-3.4231e+06 7.5249e+01 -5.2188e+03 1.5753e+04 -3.0530e+00 -5.5623e+03
-3.4132e+06 7.6488e+01 -5.2144e+03 1.5747e+04 5.3523e-01 -5.6447e+03
-3.4110e+06 7.8454e+01 -5.2098e+03 1.5741e+04 5.7821e+00 -5.7263e+03
-3.4197e+06 8.0677e+01 -5.2050e+03 1.5735e+04 4.5294e+00 -5.8068e+03
-3.4161e+06 8.2544e+01 -5.2000e+03 1.5730e+04 3.5081e-01 -5.8853e+03
-3.3974e+06 8.3938e+01 -5.1949e+03 1.5724e+04 -3.1468e+00 -5.9622e+03
-3.3779e+06 8.5723e+01 -5.1896e+03 1.5718e+04 -4.6736e+00 -6.0405e+03
-3.3386e+06 8.9795e+01 -5.1842e+03 1.5712e+04 -1.3408e+00 -6.1201e+03
-3.2600e+06 9.7502e+01 -5.1786e+03 1.5707e+04 -3.3036e+00 -6.1943e+03
-3.1524e+06 1.0724e+02 -5.1729e+03 1.5701e+04 -4.6654e+01 -6.2300e+03
-3.0962e+06 1.1579e+02 -5.1670e+03 1.5696e+04 -1.2282e+02 -6.2518e+03
-3.0455e+06 1.2224e+02 -5.1610e+03 1.5690e+04 -1.8272e+02 -6.2314e+03
-2.9993e+06 1.2788e+02 -5.1548e+03 1.5685e+04 -2.9274e+02 -6.3974e+03
-2.9888e+06 1.3392e+02 -5.1485e+03 1.5680e+04 -5.4153e+02 -6.2039e+03
-3.6384e+06 5.9545e+01 -5.2661e+03 1.5850e+04 -2.1706e-01 -4.0811e+03
-3.6251e+06 5.9946e+01 -5.2658e+03 1.5844e+04 -7.9796e-01 -4.1766e+03
-3.6206e+06 6.0239e+01 -5.2653e+03 1.5837e+04 -1.2386e+00 -4.2770e+03
-3.6136e+06 6.0674e+01 -5.2645e+03 1.5831e+04 -9.0626e-01 -4.3743e+03
-3.5981e+06 6.1362e+01 -5.2636e+03 1.5825e+04 -6.9972e-01 -4.4702e+03
-3.5806e+06 6.2226e+01 -5.2623e+03 1.5818e+04 -4.3207e-01 -4.5653e+03
-3.5615e+06 6.3102e+01 -5.2609e+03 1.5812e+04 -4.0086e-01 -4.6597e+03
-3.5460e+06 6.3907e+01 -5.2593e+03 1.5805e+04 -9.8334e-01 -4.7532e+03
-3.5294e+06 6.4747e+01 -5.2574e+03 1.5799e+04 -1.0694e+00 -4.8458e+03
-3.5123e+06 6.5792e+01 -5.2553e+03 1.5793e+04 -5.7357e-01 -4.9377e+03
-3.4874e+06 6.7098e+01 -5.2530e+03 1.5786e+04 -5.2729e-01 -5.0284e+03
-3.4607e+06 6.8571e+01 -5.2505e+03 1.5780e+04 -1.6568e+00 -5.1179e+03
-3.4347e+06 7.0052e+01 -5.2478e+03 1.5773e+04 -2.3468e+00 -5.2068e+03
-3.4161e+06 7.1391e+01 -5.2448e+03 1.5767e+04 -2.0480e+00 -5.2953e+03
-3.4030e+06 7.2489e+01 -5.2417e+03 1.5761e+04 -1.5426e+00 -5.3827e+03
-3.3991e+06 7.3296e+01 -5.2384e+03 1.5754e+04 -1.0605e+00 -5.4692e+03
-3.4011e+06 7.3837e+01 -5.2349e+03 1.5748e+04 -8.5035e-01 -5.5546e+03
-3.4094e+06 7.4232e+01 -5.2312e+03 1.5742e+04 -1.1825e+00 -5.6389e+03
-3.4184e+06 7.4616e+01 -5.2273e+03 1.5736e+04 -1.8919e+00 -5.7223e+03
-3.4240e+06 7.5217e+01 -5.2232e+03 1.5729e+04 -3.1229e+00 -5.8046e+03
-3.4116e+06 7.6404e+01 -5.2190e+03 1.5723e+04 -9.8919e-02 -5.8861e+03
-3.4282e+06 7.8331e+01 -5.2146e+03 1.5717e+04 1.5042e+00 -5.9671e+03
-3.4805e+06 8.0607e+01 -5.2100e+03 1.5711e+04 -5.5282e+00 -6.0467e+03
-3.4781e+06 8.2575e+01 -5.2052e+03 1.5705e+04 -7.1435e+00 -6.1243e+03
-3.4098e+06 8.3988e+01 -5.2003e+03 1.5699e+04 -3.9563e+00 -6.2016e+03
-3.3831e+06 8.5699e+01 -5.1952e+03 1.5693e+04 -7.3209e+00 -6.2795e+03
-3.3317e+06 8.9848e+01 -5.1899e+03 1.5687e+04 2.6806e+00 -6.3565e+03
-3.2482e+06 9.8219e+01 -5.1845e+03 1.5681e+04 -4.1528e+00 -6.4315e+03
-3.1330e+06 1.0911e+02 -5.1789e+03 1.5675e+04 -5.7223e+01 -6.4824e+03
-3.0673e+06 1.1830e+02 -5.1732e+03 1.5670e+04 -1.5972e+02 -6.5319e+03
-3.0051e+06 1.2455e+02 -5.1674e+03 1.5664e+04 -2.0438e+02 -6.5138e+03
-3.0274e+06 1.2986e+02 -5.1614e+03 1.5658e+04 -4.1916e+02 -6.6895e+03
-2.9013e+06 1.3565e+02 -5.1552e+03 1.5653e+04 -6.0429e+02 -6.5344e+03
-3.6424e+06 5.9552e+01 -5.2661e+03 1.5833e+04 6.5708e-01 -4.3369e+03
-3.6295e+06 5.9949e+01 -5.2661e+03 1.5826e+04 -1.2012e-01 -4.4317e+03
-3.6239e+06 6.0250e+01 -5.2658e+03 1.5820e+04 -7.3640e-01 -4.5316e+03
-3.6156e+06 6.0708e+01 -5.2653e+03 1.5813e+04 -2.9973e-01 -4.6282e+03
-3.5982e+06 6.1397e+01 -5.2645e+03 1.5806e+04 -2.2247e-01 -4.7234e+03
-3.5851e+06 6.2179e+01 -5.2636e+03 1.5799e+04 -9.9010e-02 -4.8181e+03
-3.5665e+06 6.2952e+01 -5.2624e+03 1.5792e+04 -2.6372e-01 -4.9118e+03
-3.5513e+06 6.3771e+01 -5.2609e+03 1.5786e+04 -1.0127e+00 -5.0046e+03
-3.5292e+06 6.4776e+01 -5.2593e+03 1.5779e+04 -8.3840e-01 -5.0966e+03
-3.5072e+06 6.6056e+01 -5.2574e+03 1.5772e+04 1.3790e-01 -5.1879e+03
-3.4804e+06 6.7505e+01 -5.2553e+03 1.5765e+04 -1.4568e-01 -5.2779e+03
-3.4589e+06 6.8907e+01 -5.2531e+03 1.5758e+04 -1.7607e+00 -5.3666e+03
-3.4371e+06 7.0200e+01 -5.2505e+03 1.5752e+04 -2.3342e+00 -5.4551e+03
-3.4222e+06 7.1410e+01 -5.2478e+03 1.5745e+04 -1.9015e+00 -5.5428e+03
-3.4083e+06 7.2457e+01 -5.2449e+03 1.5738e+04 -1.2185e+00 -5.6294e+03
-3.4061e+06 7.3231e+01 -5.2418e+03 1.5731e+04 -1.0474e+00 -5.7149e+03
-3.4058e+06 7.3753e+01 -5.2385e+03 1.5725e+04 -1.2134e+00 -5.7996e+03
-3.4142e+06 7.4187e+01 -5.2350e+03 1.5718e+04 -1.3158e+00 -5.8831e+03
-3.4171e+06 7.4714e+01 -5.2313e+03 1.5712e+04 -1.5189e+00 -5.9656e+03
-3.4226e+06 7.5483e+01 -5.2275e+03 1.5705e+04 -2.7206e+00 -6.0469e+03
-3.4159e+06 7.6662e+01 -5.2234e+03 1.5699e+04 -1.7875e+00 -6.1274e+03
-3.4354e+06 7.8363e+01 -5.2192e+03 1.5692e+04 -2.6096e+00 -6.2073e+03
-3.4828e+06 8.0410e+01 -5.2148e+03 1.5686e+04 -9.3585e+00 -6.2860e+03
-3.4805e+06 8.2349e+01 -5.2102e+03 1.5679e+04 -9.3738e+00 -6.3634e+03
-3.4056e+06 8.3989e+01 -5.2054e+03 1.5673e+04 -4.5758e+00 -6.4402e+03
-3.3776e+06 8.6062e+01 -5.2005e+03 1.5667e+04 -7.5617e+00 -6.5164e+03
-3.3252e+06 9.0332e+01 -5.1954e+03 1.5661e+04 4.8913e+00 -6.5949e+03
-3.2467e+06 9.8453e+01 -5.1902e+03 1.5655e+04 3.5955e+00 -6.6658e+03
-3.1208e+06 1.0927e+02 -5.1848e+03 1.5649e+04 -3.9811e+01 -6.7085e+03
-3.0830e+06 1.1886e+02 -5.1793e+03 1.5643e+04 -1.5085e+02 -6.7590e+03
-2.9632e+06 1.2552e+02 -5.1736e+03 1.5637e+04 -2.0998e+02 -6.7572e+03
-3.0557e+06 1.3095e+02 -5.1677e+03 1.5631e+04 -4.7801e+02 -6.9400e+03
-2.7931e+06 1.3670e+02 -5.1618e+03 1.5625e+04 -6.4343e+02 -6.7636e+03
-3.6534e+06 5.9629e+01 -5.2659e+03 1.5815e+04 3.2930e-01 -4.5925e+03
-3.6312e+06 5.9964e+01 -5.2661e+03 1.5808e+04 -1.2047e-01 -4.6868e+03
-3.6270e+06 6.0218e+01 -5.2661e+03 1.5801e+04 -9.2166e-01 -4.7861e+03
-3.6214e+06 6.0612e+01 -5.2658e+03 1.5793e+04 -6.2843e-01 -4.8821e+03
-3.6039e+06 6.1229e+01 -5.2653e+03 1.5786e+04 -8.0630e-01 -4.9768e+03
-3.5889e+06 6.1990e+01 -5.2646e+03 1.5779e+04 -6.4533e-01 -5.0708e+03
-3.5667e+06 6.2845e+01 -5.2636e+03 1.5772e+04 -5.9766e-01 -5.1639e+03
-3.5468e+06 6.3836e+01 -5.2624e+03 1.5765e+04 -8.6159e-01 -5.2561e+03
-3.5217e+06 6.4986e+01 -5.2610e+03 1.5757e+04 -6.4554e-01 -5.3475e+03
-3.5028e+06 6.6291e+01 -5.2593e+03 1.5750e+04 -9.7906e-02 -5.4380e+03
-3.4786e+06 6.7644e+01 -5.2575e+03 1.5743e+04 -6.7057e-01 -5.5273e+03
-3.4617e+06 6.8880e+01 -5.2554e+03 1.5736e+04 -2.0357e+00 -5.6156e+03
-3.4431e+06 7.0060e+01 -5.2531e+03 1.5729e+04 -2.1864e+00 -5.7033e+03
-3.4285e+06 7.1297e+01 -5.2506e+03 1.5722e+04 -1.1648e+00 -5.7898e+03
-3.4127e+06 7.2425e+01 -5.2479e+03 1.5715e+04 1.0160e-01 -5.8754e+03
-3.4107e+06 7.3215e+01 -5.2450e+03 1.5708e+04 1.1333e-01 -5.9603e+03
-3.4100e+06 7.3708e+01 -5.2419e+03 1.5701e+04 -7.0825e-01 -6.0444e+03
-3.4170e+06 7.4160e+01 -5.2386e+03 1.5694e+04 -6.4273e-01 -6.1272e+03
-3.4169e+06 7.4844e+01 -5.2351e+03 1.5687e+04 -4.9310e-01 -6.2089e+03
-3.4169e+06 7.5859e+01 -5.2315e+03 1.5680e+04 -1.5515e+00 -6.2897e+03
-3.4103e+06 7.7117e+01 -5.2276e+03 1.5673e+04 -2.1884e+00 -6.3695e+03
-3.4148e+06 7.8542e+01 -5.2236e+03 1.5666e+04 -1.6431e+00 -6.4485e+03
-3.4213e+06 8.0138e+01 -5.2194e+03 1.5660e+04 -2.2855e+00 -6.5262e+03
-3.4182e+06 8.1915e+01 -5.2150e+03 1.5653e+04 -3.2412e+00 -6.6021e+03
-3.3815e+06 8.4187e+01 -5.2104e+03 1.5647e+04 -3.9435e+00 -6.6776e+03
-3.3447e+06 8.7861e+01 -5.2057e+03 1.5640e+04 -4.0055e+00 -6.7548e+03
-3.2762e+06 9.3895e+01 -5.2008e+03 1.5634e+04 5.4414e+00 -6.8303e+03
-3.1942e+06 1.0250e+02 -5.1957e+03 1.5627e+04 -4.1026e+00 -6.8703e+03
-3.0923e+06 1.1237e+02 -5.1905e+03 1.5621e+04 -3.9527e+01 -6.8727e+03
-3.0370e+06 1.2090e+02 -5.1851e+03 1.5615e+04 -1.4209e+02 -6.9158e+03
-2.9787e+06 1.2705e+02 -5.1796e+03 1.5608e+04 -2.4182e+02 -6.9238e+03
-2.9992e+06 1.3228e+02 -5.1739e+03 1.5602e+04 -4.6538e+02 -7.1318e+03
-2.8616e+06 1.3812e+02 -5.1681e+03 1.5596e+04 -7.6064e+02 -6.8723e+03
-3.6578e+06 5.9665e+01 -5.2655e+03 1.5796e+04 1.1833e+00 -4.8478e+03
-3.6312e+06 5.9956e+01 -5.2659e+03 1.5789e+04 7.4749e-01 -4.9416e+03
-3.6291e+06 6.0183e+01 -5.2661e+03 1.5781e+04 -2.2017e-01 -5.0402e+03
-3.6201e+06 6.0520e+01 -5.2661e+03 1.5773e+04 1.1501e-01 -5.1356e+03
-3.6037e+06 6.1088e+01 -5.2658e+03 1.5766e+04 -2.7637e-01 -5.2298e+03
-3.5842e+06 6.1904e+01 -5.2653e+03 1.5758e+04 -5.9749e-01 -5.3232e+03
-3.5601e+06 6.2945e+01 -5.2646e+03 1.5750e+04 -4.6114e-01 -5.4156e+03
-3.5353e+06 6.4132e+01 -5.2636e+03 1.5743e+04 8.4489e-02 -5.5072e+03
-3.5136e+06 6.5306e+01 -5.2624e+03 1.5735e+04 2.9921e-01 -5.5978e+03
-3.4949e+06 6.6426e+01 -5.2610e+03 1.5728e+04 9.8818e-02 -5.6876e+03
-3.4795e+06 6.7543e+01 -5.2594e+03 1.5720e+04 -4.4093e-01 -5.7762e+03
-3.4621e+06 6.8665e+01 -5.2575e+03 1.5712e+04 -1.4790e+00 -5.8636e+03
-3.4447e+06 6.9897e+01 -5.2555e+03 1.5705e+04 -1.5813e+00 -5.9499e+03
-3.4258e+06 7.1287e+01 -5.2532e+03 1.5698e+04 -3.0092e-01 -6.0356e+03
-3.4129e+06 7.2532e+01 -5.2507e+03 1.5690e+04 9.1124e-01 -6.1211e+03
-3.4076e+06 7.3333e+01 -5.2480e+03 1.5683e+04 7.4366e-01 -6.2054e+03
-3.4117e+06 7.3774e+01 -5.2451e+03 1.5676e+04 -3.0751e-01 -6.2886e+03
-3.4160e+06 7.4167e+01 -5.2420e+03 1.5668e+04 -2.7206e-01 -6.3707e+03
-3.4189e+06 7.4850e+01 -5.2388e+03 1.5661e+04 9.1652e-02 -6.4518e+03
-3.4152e+06 7.5978e+01 -5.2353e+03 1.5654e+04 -8.5579e-01 -6.5319e+03
-3.4119e+06 7.7348e+01 -5.2316e+03 1.5647e+04 -1.7210e+00 -6.6111e+03
-3.4074e+06 7.8690e+01 -5.2278e+03 1.5640e+04 -1.1737e+00 -6.6893e+03
-3.4045e+06 8.0021e+01 -5.2238e+03 1.5633e+04 1.2365e+00 -6.7659e+03
-3.3960e+06 8.1650e+01 -5.2196e+03 1.5626e+04 -8.6985e-01 -6.8407e+03
-3.3737e+06 8.4469e+01 -5.2152e+03 1.5619e+04 -3.9914e+00 -6.9159e+03
-3.3040e+06 9.0012e+01 -5.2106e+03 1.5612e+04 7.3614e-01 -6.9943e+03
-3.2157e+06 9.8780e+01 -5.2059e+03 1.5606e+04 -6.9749e+00 -7.0576e+03
-3.1223e+06 1.0883e+02 -5.2010e+03 1.5599e+04 -5.1343e+01 -7.0629e+03
-3.0291e+06 1.1761e+02 -5.1960e+03 1.5592e+04 -1.0068e+02 -7.0643e+03
-3.0226e+06 1.2421e+02 -5.1908e+03 1.5586e+04 -2.0138e+02 -7.1274e+03
-2.9183e+06 1.2927e+02 -5.1854e+03 1.5579e+04 -3.1723e+02 -7.1308e+03
-3.0200e+06 1.3424e+02 -5.1799e+03 1.5573e+04 -4.9723e+02 -7.2660e+03
-2.7696e+06 1.4034e+02 -5.1743e+03 1.5567e+04 -9.7486e+02 -6.9239e+03
-3.6751e+06 5.9673e+01 -5.2647e+03 1.5776e+04 1.6774e+00 -5.1028e+03
-3.6546e+06 5.9944e+01 -5.2654e+03 1.5768e+04 9.4669e-01 -5.1960e+03
-3.6436e+06 6.0159e+01 -5.2659e+03 1.5760e+04 1.7770e+00 -5.2940e+03
-3.6412e+06 6.0492e+01 -5.2661e+03 1.5752e+04 9.2673e-01 -5.3887e+03
-3.6243e+06 6.1096e+01 -5.2661e+03 1.5744e+04 1.8779e-01 -5.4824e+03
-3.5845e+06 6.2008e+01 -5.2658e+03 1.5736e+04 8.1103e-01 -5.5751e+03
-3.5530e+06 6.3174e+01 -5.2653e+03 1.5728e+04 6.0802e-01 -5.6669e+03
-3.5237e+06 6.4432e+01 -5.2646e+03 1.5720e+04 9.6648e-01 -5.7577e+03
-3.5045e+06 6.5546e+01 -5.2636e+03 1.5712e+04 9.2773e-01 -5.8475e+03
-3.4891e+06 6.6494e+01 -5.2625e+03 1.5704e+04 5.1058e-01 -5.9368e+03
-3.4767e+06 6.7492e+01 -5.2610e+03 1.5696e+04 1.9946e-01 -6.0246e+03
-3.4559e+06 6.8691e+01 -5.2594e+03 1.5688e+04 1.0133e-01 -6.1108e+03
-3.4448e+06 7.0126e+01 -5.2576e+03 1.5680e+04 1.9721e-01 -6.1967e+03
-3.4443e+06 7.1662e+01 -5.2555e+03 1.5673e+04 -8.6064e-01 -6.2828e+03
-3.4322e+06 7.2901e+01 -5.2533e+03 1.5665e+04 -2.8983e-01 -6.3677e+03
-3.4087e+06 7.3599e+01 -5.2508e+03 1.5657e+04 1.0298e+00 -6.4504e+03
-3.4079e+06 7.3943e+01 -5.2481e+03 1.5649e+04 5.0710e-01 -6.5325e+03
-3.4128e+06 7.4253e+01 -5.2452e+03 1.5642e+04 5.4534e-01 -6.6141e+03
-3.4193e+06 7.4847e+01 -5.2422e+03 1.5634e+04 7.6235e-01 -6.6943e+03
-3.4168e+06 7.5941e+01 -5.2389e+03 1.5627e+04 -4.5431e-02 -6.7737e+03
-3.4118e+06 7.7363e+01 -5.2354e+03 1.5620e+04 -3.2516e-01 -6.8521e+03
-3.4047e+06 7.8764e+01 -5.2318e+03 1.5612e+04 5.4668e-01 -6.9295e+03
-3.4040e+06 8.0062e+01 -5.2280e+03 1.5605e+04 2.5785e+00 -7.0051e+03
-3.4054e+06 8.1530e+01 -5.2239e+03 1.5598e+04 -6.2006e-01 -7.0804e+03
-3.3745e+06 8.4236e+01 -5.2198e+03 1.5591e+04 -2.2242e+00 -7.1552e+03
-3.2957e+06 9.0311e+01 -5.2154e+03 1.5584e+04 4.6321e+00 -7.2318e+03
-3.1772e+06 1.0058e+02 -5.2109e+03 1.5577e+04 -1.3623e+01 -7.2933e+03
-3.0719e+06 1.1197e+02 -5.2062e+03 1.5570e+04 -9.7598e+01 -7.3181e+03
-2.9880e+06 1.2058e+02 -5.2013e+03 1.5563e+04 -1.6499e+02 -7.3486e+03
-2.9824e+06 1.2626e+02 -5.1963e+03 1.5556e+04 -2.4808e+02 -7.4158e+03
-2.9061e+06 1.3096e+02 -5.1911e+03 1.5550e+04 -3.6884e+02 -7.3813e+03
-2.9865e+06 1.3611e+02 -5.1858e+03 1.5543e+04 -5.9463e+02 -7.4935e+03
-2.7699e+06 1.4255e+02 -5.1803e+03 1.5537e+04 -1.2036e+03 -7.2535e+03
-3.7274e+06 5.9746e+01 -5.2638e+03 1.5756e+04 -3.4302e+00 -5.3580e+03
-3.7229e+06 5.9976e+01 -5.2647e+03 1.5747e+04 -4.5446e+00 -5.4508e+03
-3.6830e+06 6.0183e+01 -5.2654e+03 1.5738e+04 2.7508e-01 -5.5484e+03
-3.6935e+06 6.0556e+01 -5.2659e+03 1.5730e+04 -3.5668e+00 -5.6425e+03
-3.6754e+06 6.1247e+01 -5.2661e+03 1.5721e+04 -4.3678e+00 -5.7355e+03
-3.5905e+06 6.2229e+01 -5.2661e+03 1.5713e+04 9.6780e-01 -5.8275e+03
-3.5458e+06 6.3380e+01 -5.2658e+03 1.5705e+04 1.1383e+00 -5.9186e+03
-3.5093e+06 6.4560e+01 -5.2653e+03 1.5696e+04 1.2772e+00 -6.0089e+03
-3.4902e+06 6.5602e+01 -5.2646e+03 1.5688e+04 1.5665e+00 -6.0982e+03
-3.4730e+06 6.6531e+01 -5.2637e+03 1.5679e+04 5.5388e-01 -6.1869e+03
-3.4630e+06 6.7618e+01 -5.2625e+03 1.5671e+04 -1.7853e-01 -6.2737e+03
-3.4367e+06 6.9029e+01 -5.2611e+03 1.5663e+04 9.6317e-01 -6.3588e+03
-3.4544e+06 7.0661e+01 -5.2595e+03 1.5655e+04 -3.6993e-01 -6.4447e+03
-3.5091e+06 7.2211e+01 -5.2576e+03 1.5647e+04 -7.9220e+00 -6.5302e+03
-3.5041e+06 7.3292e+01 -5.2556e+03 1.5639e+04 -7.0672e+00 -6.6134e+03
-3.4255e+06 7.3818e+01 -5.2533e+03 1.5631e+04 -5.7220e-01 -6.6954e+03
-3.4070e+06 7.4080e+01 -5.2509e+03 1.5623e+04 -5.6908e-02 -6.7772e+03
-3.4089e+06 7.4364e+01 -5.2482e+03 1.5615e+04 -1.1144e-01 -6.8580e+03
-3.4184e+06 7.4918e+01 -5.2453e+03 1.5607e+04 -8.5160e-02 -6.9372e+03
-3.4151e+06 7.5967e+01 -5.2423e+03 1.5599e+04 -8.7847e-01 -7.0157e+03
-3.4154e+06 7.7378e+01 -5.2390e+03 1.5591e+04 -4.3132e-01 -7.0933e+03
-3.4022e+06 7.8792e+01 -5.2356e+03 1.5584e+04 2.4146e-01 -7.1697e+03
-3.4079e+06 8.0115e+01 -5.2320e+03 1.5576e+04 1.5272e-01 -7.2446e+03
-3.3976e+06 8.1619e+01 -5.2281e+03 1.5569e+04 -3.3125e+00 -7.3192e+03
-3.3783e+06 8.4246e+01 -5.2241e+03 1.5561e+04 -4.7283e+00 -7.3917e+03
-3.2971e+06 9.0017e+01 -5.2200e+03 1.5554e+04 3.4893e+00 -7.4678e+03
-3.1818e+06 1.0014e+02 -5.2156e+03 1.5547e+04 -1.2603e+01 -7.5294e+03
-3.0651e+06 1.1191e+02 -5.2111e+03 1.5540e+04 -9.9104e+01 -7.5676e+03
-2.9846e+06 1.2103e+02 -5.2064e+03 1.5533e+04 -1.7166e+02 -7.5998e+03
-2.9672e+06 1.2703e+02 -5.2016e+03 1.5526e+04 -2.5272e+02 -7.6550e+03
-2.8966e+06 1.3202e+02 -5.1966e+03 1.5519e+04 -3.7528e+02 -7.6168e+03
-2.9713e+06 1.3729e+02 -5.1915e+03 1.5512e+04 -6.8144e+02 -7.7585e+03
-2.7367e+06 1.4388e+02 -5.1861e+03 1.5506e+04 -1.3531e+03 -7.5499e+03
-3.7269e+06 5.9820e+01 -5.2626e+03 1.5734e+04 -4.7044e+00 -5.6132e+03
-3.7209e+06 6.0018e+01 -5.2638e+03 1.5725e+04 -5.3986e+00 -5.7056e+03
-3.6737e+06 6.0236e+01 -5.2647e+03 1.5716e+04 4.7155e-02 -5.8028e+03
-3.6831e+06 6.0659e+01 -5.2654e+03 1.5707e+04 -3.6325e+00 -5.8963e+03
-3.6631e+06 6.1413e+01 -5.2659e+03 1.5698e+04 -4.2979e+00 -5.9886e+03
-3.5820e+06 6.2411e+01 -5.2661e+03 1.5689e+04 7.6200e-01 -6.0801e+03
-3.5327e+06 6.3488e+01 -5.2661e+03 1.5680e+04 4.9725e-01 -6.1705e+03
-3.4868e+06 6.4588e+01 -5.2658e+03 1.5671e+04 2.0079e+00 -6.2601e+03
-3.4591e+06 6.5637e+01 -5.2654e+03 1.5663e+04 3.3583e+00 -6.3489e+03
-3.4545e+06 6.6653e+01 -5.2646e+03 1.5654e+04 9.1787e-01 -6.4369e+03
-3.4448e+06 6.7862e+01 -5.2637e+03 1.5645e+04 -1.0067e+00 -6.5229e+03
-3.4216e+06 6.9387e+01 -5.2625e+03 1.5637e+04 1.0870e-01 -6.6070e+03
-3.4365e+06 7.1045e+01 -5.2611e+03 1.5628e+04 -1.2103e+00 -6.6913e+03
-3.4980e+06 7.2482e+01 -5.2595e+03 1.5620e+04 -8.6378e+00 -6.7751e+03
-3.4949e+06 7.3407e+01 -5.2577e+03 1.5611e+04 -7.4078e+00 -6.8575e+03
-3.4220e+06 7.3855e+01 -5.2557e+03 1.5603e+04 -1.2461e+00 -6.9404e+03
-3.3973e+06 7.4112e+01 -5.2534e+03 1.5595e+04 -1.0928e+00 -7.0221e+03
-3.4039e+06 7.4393e+01 -5.2510e+03 1.5587e+04 -1.2395e+00 -7.1019e+03
-3.4094e+06 7.4906e+01 -5.2483e+03 1.5578e+04 -1.2191e+00 -7.1804e+03
-3.4081e+06 7.5898e+01 -5.2455e+03 1.5570e+04 -1.3759e+00 -7.2581e+03
-3.4019e+06 7.7269e+01 -5.2424e+03 1.5562e+04 -7.3329e-01 -7.3349e+03
-3.3981e+06 7.8663e+01 -5.2392e+03 1.5555e+04 -1.1001e+00 -7.4104e+03
-3.3883e+06 8.0116e+01 -5.2357e+03 1.5547e+04 -1.9052e+00 -7.4846e+03
-3.3787e+06 8.2220e+01 -5.2321e+03 1.5539e+04 -6.6473e+00 -7.5571e+03
-3.3297e+06 8.5912e+01 -5.2283e+03 1.5531e+04 -4.2349e+00 -7.6298e+03
-3.2530e+06 9.2451e+01 -5.2244e+03 1.5524e+04 2.8067e+00 -7.7068e+03
-3.1470e+06 1.0238e+02 -5.2202e+03 1.5516e+04 -1.7299e+01 -7.7463e+03
-3.0410e+06 1.1343e+02 -5.2159e+03 1.5509e+04 -8.9568e+01 -7.7564e+03
-2.9634e+06 1.2214e+02 -5.2114e+03 1.5502e+04 -1.5996e+02 -7.7812e+03
-2.9540e+06 1.2815e+02 -5.2067e+03 1.5495e+04 -2.7515e+02 -7.8337e+03
-2.8769e+06 1.3328e+02 -5.2019e+03 1.5488e+04 -3.9663e+02 -7.7674e+03
-2.9529e+06 1.3850e+02 -5.1969e+03 1.5481e+04 -7.8080e+02 -7.9182e+03
-2.7817e+06 1.4508e+02 -5.1918e+03 1.5474e+04 -1.5132e+03 -7.5959e+03
-3.6579e+06 5.9820e+01 -5.2611e+03 1.5711e+04 -1.4302e-02 -5.8699e+03
-3.6489e+06 6.0024e+01 -5.2625e+03 1.5702e+04 -1.0289e+00 -5.9599e+03
-3.6296e+06 6.0257e+01 -5.2638e+03 1.5692e+04 3.8657e-01 -6.0564e+03
-3.6188e+06 6.0696e+01 -5.2647e+03 1.5683e+04 -6.0904e-01 -6.1496e+03
-3.5966e+06 6.1464e+01 -5.2654e+03 1.5674e+04 -1.2345e+00 -6.2410e+03
-3.5603e+06 6.2448e+01 -5.2659e+03 1.5664e+04 -9.5377e-01 -6.3320e+03
-3.5244e+06 6.3488e+01 -5.2661e+03 1.5655e+04 -2.1448e+00 -6.4219e+03
-3.4823e+06 6.4602e+01 -5.2661e+03 1.5646e+04 -5.4707e-01 -6.5108e+03
-3.4512e+06 6.5756e+01 -5.2658e+03 1.5637e+04 5.9786e-01 -6.5989e+03
-3.4436e+06 6.6888e+01 -5.2654e+03 1.5628e+04 -1.5501e+00 -6.6856e+03
-3.4326e+06 6.8125e+01 -5.2647e+03 1.5619e+04 -3.0580e+00 -6.7709e+03
-3.4152e+06 6.9570e+01 -5.2637e+03 1.5610e+04 -2.8553e+00 -6.8549e+03
-3.4072e+06 7.1091e+01 -5.2626e+03 1.5601e+04 -2.1519e+00 -6.9386e+03
-3.4147e+06 7.2421e+01 -5.2612e+03 1.5592e+04 -2.5369e+00 -7.0210e+03
-3.4105e+06 7.3328e+01 -5.2596e+03 1.5583e+04 -1.4551e+00 -7.1023e+03
-3.3928e+06 7.3819e+01 -5.2578e+03 1.5575e+04 -6.9077e-01 -7.1843e+03
-3.3936e+06 7.4114e+01 -5.2557e+03 1.5566e+04 -1.9236e+00 -7.2652e+03
-3.4033e+06 7.4389e+01 -5.2535e+03 1.5558e+04 -2.2914e+00 -7.3439e+03
-3.4072e+06 7.4830e+01 -5.2511e+03 1.5549e+04 -2.0364e+00 -7.4214e+03
-3.4078e+06 7.5709e+01 -5.2484e+03 1.5541e+04 -1.6170e+00 -7.4981e+03
-3.4032e+06 7.7001e+01 -5.2456e+03 1.5533e+04 -1.4631e+00 -7.5737e+03
-3.3986e+06 7.8391e+01 -5.2425e+03 1.5524e+04 -1.7005e+00 -7.6482e+03
-3.3859e+06 7.9996e+01 -5.2393e+03 1.5516e+04 -3.9065e+00 -7.7212e+03
-3.3605e+06 8.2833e+01 -5.2359e+03 1.5508e+04 -7.9107e+00 -7.7929e+03
-3.2833e+06 8.8241e+01 -5.2323e+03 1.5500e+04 -9.7390e-01 -7.8650e+03
-3.1970e+06 9.6665e+01 -5.2285e+03 1.5493e+04 -2.5624e+00 -7.9315e+03
-3.0940e+06 1.0698e+02 -5.2246e+03 1.5485e+04 -4.1129e+01 -7.9467e+03
-3.0019e+06 1.1674e+02 -5.2204e+03 1.5477e+04 -1.3349e+02 -7.9457e+03
-2.9488e+06 1.2408e+02 -5.2161e+03 1.5470e+04 -1.9222e+02 -7.9907e+03
-2.9364e+06 1.2959e+02 -5.2117e+03 1.5463e+04 -3.7510e+02 -8.0215e+03
-2.8624e+06 1.3500e+02 -5.2070e+03 1.5455e+04 -5.3594e+02 -7.8938e+03
-2.9284e+06 1.4067e+02 -5.2022e+03 1.5448e+04 -1.0878e+03 -7.9199e+03
-2.7008e+06 1.4747e+02 -5.1973e+03 1.5441e+04 -1.8493e+03 -7.2488e+03
-3.6486e+06 5.9838e+01 -5.2594e+03 1.5687e+04 3.2376e+00 -6.1224e+03
-3.6348e+06 6.0070e+01 -5.2611e+03 1.5677e+04 1.6420e+00 -6.2158e+03
-3.6106e+06 6.0313e+01 -5.2625e+03 1.5668e+04 4.2607e-01 -6.3123e+03
-3.5972e+06 6.0773e+01 -5.2637e+03 1.5658e+04 5.5074e-01 -6.4046e+03
-3.5670e+06 6.1542e+01 -5.2647e+03 1.5648e+04 1.4059e-01 -6.4958e+03
-3.5468e+06 6.2503e+01 -5.2654e+03 1.5639e+04 -5.3438e-01 -6.5859e+03
-3.5136e+06 6.3537e+01 -5.2659e+03 1.5629e+04 -1.4023e+00 -6.6750e+03
-3.4878e+06 6.4704e+01 -5.2661e+03 1.5619e+04 -1.1808e+00 -6.7631e+03
-3.4542e+06 6.5955e+01 -5.2661e+03 1.5610e+04 -8.1966e-01 -6.8504e+03
-3.4433e+06 6.7150e+01 -5.2659e+03 1.5600e+04 -1.6810e+00 -6.9360e+03
-3.4167e+06 6.8353e+01 -5.2654e+03 1.5591e+04 -2.1577e+00 -7.0195e+03
-3.4079e+06 6.9660e+01 -5.2647e+03 1.5582e+04 -2.5002e+00 -7.1021e+03
-3.3888e+06 7.1008e+01 -5.2637e+03 1.5573e+04 -2.2027e+00 -7.1852e+03
-3.3809e+06 7.2264e+01 -5.2626e+03 1.5563e+04 -1.4037e+00 -7.2675e+03
-3.3654e+06 7.3226e+01 -5.2612e+03 1.5554e+04 -9.0814e-01 -7.3487e+03
-3.3800e+06 7.3793e+01 -5.2596e+03 1.5545e+04 -1.6110e+00 -7.4291e+03
-3.3912e+06 7.4121e+01 -5.2578e+03 1.5536e+04 -3.3342e+00 -7.5088e+03
-3.4105e+06 7.4403e+01 -5.2558e+03 1.5528e+04 -4.0355e+00 -7.5868e+03
-3.4012e+06 7.4803e+01 -5.2536e+03 1.5519e+04 -3.4457e+00 -7.6639e+03
-3.4097e+06 7.5591e+01 -5.2512e+03 1.5510e+04 -4.1802e+00 -7.7401e+03
-3.3976e+06 7.6831e+01 -5.2485e+03 1.5502e+04 -5.3654e+00 -7.8156e+03
-3.4005e+06 7.8216e+01 -5.2457e+03 1.5493e+04 -7.2815e+00 -7.8900e+03
-3.3860e+06 7.9742e+01 -5.2427e+03 1.5485e+04 -1.1902e+01 -7.9634e+03
-3.3530e+06 8.2636e+01 -5.2395e+03 1.5477e+04 -1.3558e+01 -8.0334e+03
-3.2603e+06 8.8914e+01 -5.2361e+03 1.5469e+04 -6.3967e+00 -8.1093e+03
-3.1799e+06 9.8852e+01 -5.2325e+03 1.5461e+04 -2.5018e+01 -8.1795e+03
-3.0421e+06 1.0981e+02 -5.2287e+03 1.5453e+04 -8.8957e+01 -8.2252e+03
-3.0050e+06 1.1877e+02 -5.2248e+03 1.5445e+04 -2.2066e+02 -8.2684e+03
-2.9108e+06 1.2518e+02 -5.2207e+03 1.5437e+04 -2.8365e+02 -8.3354e+03
-2.9608e+06 1.3069e+02 -5.2164e+03 1.5430e+04 -5.5256e+02 -8.3115e+03
-2.7810e+06 1.3685e+02 -5.2119e+03 1.5422e+04 -8.3985e+02 -8.1748e+03
-3.0341e+06 1.4348e+02 -5.2073e+03 1.5415e+04 -1.7493e+03 -7.9781e+03
-2.5857e+06 1.5099e+02 -5.2025e+03 1.5408e+04 -2.7777e+03 -6.9860e+03
-3.7166e+06 5.9929e+01 -5.2574e+03 1.5663e+04 -2.1329e+00 -6.3756e+03
-3.7137e+06 6.0218e+01 -5.2593e+03 1.5652e+04 -1.2551e+00 -6.4697e+03
-3.6361e+06 6.0496e+01 -5.2610e+03 1.5642e+04 2.3272e+00 -6.5611e+03
-3.6201e+06 6.1021e+01 -5.2625e+03 1.5632e+04 5.4840e-01 -6.6534e+03
-3.5830e+06 6.1816e+01 -5.2637e+03 1.5622e+04 3.5385e-01 -6.7438e+03
-3.5449e+06 6.2744e+01 -5.2647e+03 1.5612e+04 2.1576e+00 -6.8332e+03
-3.5093e+06 6.3770e+01 -5.2654e+03 1.5602e+04 1.4075e+00 -6.9215e+03
-3.4881e+06 6.4966e+01 -5.2659e+03 1.5592e+04 9.8265e-01 -7.0090e+03
-3.4589e+06 6.6235e+01 -5.2661e+03 1.5582e+04 1.2619e+00 -7.0956e+03
-3.4409e+06 6.7409e+01 -5.2661e+03 1.5572e+04 4.0282e-01 -7.1808e+03
-3.4128e+06 6.8568e+01 -5.2659e+03 1.5563e+04 -6.9038e-01 -7.2637e+03
-3.3979e+06 6.9820e+01 -5.2654e+03 1.5553e+04 -1.2338e+00 -7.3463e+03
-3.3813e+06 7.1091e+01 -5.2647e+03 1.5543e+04 -1.1001e+00 -7.4293e+03
-3.3721e+06 7.2283e+01 -5.2638e+03 1.5534e+04 -2.9340e-01 -7.5113e+03
-3.3576e+06 7.3220e+01 -5.2626e+03 1.5525e+04 6.3606e-01 -7.5924e+03
-3.3666e+06 7.3775e+01 -5.2613e+03 1.5515e+04 8.9291e-01 -7.6718e+03
-3.3840e+06 7.4114e+01 -5.2597e+03 1.5506e+04 -2.9467e-01 -7.7504e+03
-3.4040e+06 7.4417e+01 -5.2579e+03 1.5497e+04 -9.4951e-01 -7.8276e+03
-3.3989e+06 7.4777e+01 -5.2559e+03 1.5488e+04 -8.7567e-01 -7.9044e+03
-3.4011e+06 7.5478e+01 -5.2537e+03 1.5479e+04 -1.4695e+00 -7.9797e+03
-3.3913e+06 7.6711e+01 -5.2513e+03 1.5470e+04 -2.7648e+00 -8.0541e+03
-3.3911e+06 7.8201e+01 -5.2487e+03 1.5462e+04 -4.4778e+00 -8.1272e+03
-3.3683e+06 7.9743e+01 -5.2458e+03 1.5453e+04 -7.0604e+00 -8.1985e+03
-3.3335e+06 8.2461e+01 -5.2428e+03 1.5444e+04 -9.1831e+00 -8.2665e+03
-3.2412e+06 8.8857e+01 -5.2396e+03 1.5436e+04 8.6436e-01 -8.3468e+03
-3.1286e+06 9.9634e+01 -5.2363e+03 1.5428e+04 -1.5000e+01 -8.4078e+03
-3.0119e+06 1.1133e+02 -5.2327e+03 1.5420e+04 -8.6091e+01 -8.4376e+03
-2.9642e+06 1.2013e+02 -5.2289e+03 1.5412e+04 -1.9094e+02 -8.4606e+03
-2.9001e+06 1.2626e+02 -5.2250e+03 1.5404e+04 -2.7760e+02 -8.4866e+03
-2.9081e+06 1.3211e+02 -5.2209e+03 1.5396e+04 -5.8436e+02 -8.4222e+03
-2.8001e+06 1.3897e+02 -5.2167e+03 1.5388e+04 -1.1288e+03 -8.2653e+03
-2.8920e+06 1.4654e+02 -5.2122e+03 1.5381e+04 -2.3310e+03 -7.8176e+03
-2.5134e+06 1.5488e+02 -5.2076e+03 1.5373e+04 -4.1749e+03 -6.4861e+03
