  1    1089
-4.5040e+06 3.6571e+01 2.5823e+03 3.2351e+03 1.1686e+02 3.8997e+03
-5.9710e+06 3.6794e+01 2.5774e+03 3.2503e+03 -7.2143e+01 3.8797e+03
-1.8802e+06 3.7134e+01 2.5723e+03 3.2653e+03 -3.2738e+01 4.1573e+03
-2.1732e+06 3.7401e+01 2.5705e+03 3.2811e+03 1.3077e+02 4.8388e+03
4.2130e+06 3.7921e+01 2.5766e+03 3.2991e+03 2.2310e+02 5.3257e+03
1.2602e+06 3.9179e+01 2.5827e+03 3.3171e+03 -4.0334e+02 5.4182e+03
9.6431e+06 3.8428e+01 2.5886e+03 3.3351e+03 -7.5722e+02 5.3367e+03
1.4128e+07 3.3770e+01 2.5945e+03 3.3531e+03 3.9709e+02 5.3017e+03
2.7760e+07 2.9697e+01 2.6002e+03 3.3712e+03 1.6316e+03 5.2483e+03
1.4370e+07 3.0181e+01 2.6059e+03 3.3892e+03 2.3802e+03 5.2689e+03
-1.2351e+07 3.6124e+01 2.6114e+03 3.4072e+03 -9.4484e+03 3.8975e+03
-6.9569e+07 4.6213e+01 2.6169e+03 3.4252e+03 -1.6418e+05 -4.2049e+04
-3.2941e+07 5.2648e+01 5.8425e+02 4.0479e+03 -4.7920e+05 -1.4795e+05
-4.5617e+07 5.3843e+01 -4.1713e+03 5.4482e+03 -6.7494e+05 -2.0728e+05
-5.1872e+07 5.9596e+01 -8.8798e+03 6.7924e+03 -6.9345e+05 -2.0252e+05
-3.0769e+07 6.8133e+01 -1.3632e+04 8.1142e+03 -6.8557e+05 -1.9500e+05
1.1115e+07 6.6197e+01 -1.8421e+04 9.4236e+03 -5.4931e+05 -1.3011e+05
-1.4812e+07 5.2820e+01 -2.1674e+04 1.0281e+04 -2.4156e+05 7.0111e+04
7.8756e+06 4.0996e+01 -2.1695e+04 1.0225e+04 -2.8614e+04 3.2600e+05
6.7226e+06 4.2123e+01 -1.9039e+04 9.4444e+03 -8.1911e+04 5.0866e+05
3.9523e+07 5.5726e+01 -1.6487e+04 8.7067e+03 -3.1621e+05 5.3059e+05
2.4555e+07 6.9429e+01 -1.7097e+04 8.8241e+03 -4.9447e+05 4.2150e+05
-7.1531e+06 7.1095e+01 -1.8494e+04 9.1473e+03 -5.0124e+05 2.7336e+05
-1.0251e+06 6.2051e+01 -2.1241e+04 9.8165e+03 -3.7078e+05 1.4694e+05
-3.8081e+07 5.0410e+01 -2.1798e+04 9.9079e+03 -1.7964e+05 6.5179e+04
3.1456e+06 4.1010e+01 -2.1812e+04 9.8586e+03 -5.3513e+04 1.6202e+04
9.2779e+06 3.5186e+01 -2.1824e+04 9.8102e+03 -6.6218e+03 5.1016e+03
2.9688e+07 3.2090e+01 -2.1836e+04 9.7630e+03 5.2980e+02 4.6454e+03
1.1213e+07 3.0848e+01 -2.1846e+04 9.7169e+03 -3.1119e+02 4.7894e+03
2.5066e+07 3.0955e+01 -2.1856e+04 9.6719e+03 4.3323e+02 4.8951e+03
7.7585e+06 3.2265e+01 -2.1864e+04 9.6281e+03 -2.1871e+02 5.0870e+03
8.6459e+06 3.4221e+01 -2.1871e+04 9.5855e+03 -3.2519e+02 5.2600e+03
2.9643e+06 3.6006e+01 -2.1877e+04 9.5441e+03 -6.6201e+02 5.4752e+03
-5.0086e+06 3.6563e+01 2.5851e+03 3.2425e+03 1.5051e+02 3.9764e+03
-5.3151e+06 3.6792e+01 2.5804e+03 3.2577e+03 -8.2314e+00 3.8762e+03
-2.7447e+06 3.7132e+01 2.5755e+03 3.2726e+03 -2.1075e+01 3.8433e+03
-1.0158e+06 3.7404e+01 2.5703e+03 3.2873e+03 2.3028e+02 4.2127e+03
3.2656e+06 3.7928e+01 2.5702e+03 3.3034e+03 2.5516e+02 4.8791e+03
2.9348e+06 3.9200e+01 2.5763e+03 3.3213e+03 -3.4394e+02 5.3086e+03
8.4155e+06 3.8498e+01 2.5824e+03 3.3393e+03 -8.3071e+02 5.3421e+03
1.6393e+07 3.3872e+01 2.5883e+03 3.3573e+03 4.6016e+02 5.3046e+03
2.5968e+07 2.9752e+01 2.5942e+03 3.3752e+03 1.5240e+03 5.2504e+03
1.7010e+07 3.0236e+01 2.6000e+03 3.3932e+03 2.6252e+03 5.2864e+03
-1.5510e+07 3.6355e+01 2.6057e+03 3.4111e+03 -1.0074e+04 3.7777e+03
-6.7203e+07 4.6538e+01 2.6112e+03 3.4291e+03 -1.6864e+05 -4.8560e+04
-3.8425e+07 5.2828e+01 5.2834e+02 4.0728e+03 -4.8073e+05 -1.6363e+05
-4.8119e+07 5.3998e+01 -4.2716e+03 5.5002e+03 -6.6860e+05 -2.2793e+05
-5.8616e+07 6.0005e+01 -9.1223e+03 6.8994e+03 -6.8689e+05 -2.2493e+05
-3.2009e+07 6.8582e+01 -1.4018e+04 8.2769e+03 -6.7771e+05 -2.1606e+05
-4.9176e+06 6.6287e+01 -1.8882e+04 9.6211e+03 -5.2800e+05 -1.6588e+05
-2.0625e+07 5.2411e+01 -2.1651e+04 1.0349e+04 -2.1102e+05 -5.8261e+04
-5.0108e+06 3.9504e+01 -2.1673e+04 1.0293e+04 -3.8811e+03 5.8176e+04
3.1782e+07 3.7269e+01 -2.1694e+04 1.0238e+04 -3.0800e+04 1.7567e+05
3.0451e+07 4.5675e+01 -2.1714e+04 1.0184e+04 -1.5292e+05 2.4487e+05
3.5080e+05 5.5563e+01 -2.1733e+04 1.0131e+04 -2.2292e+05 2.1918e+05
-2.0717e+07 5.6044e+01 -2.1751e+04 1.0078e+04 -2.0039e+05 1.2898e+05
-1.7684e+07 4.7641e+01 -2.1767e+04 1.0027e+04 -1.1203e+05 4.1778e+04
-8.9510e+06 3.8649e+01 -2.1783e+04 9.9762e+03 -2.7925e+04 9.1465e+03
2.2669e+07 3.3425e+01 -2.1798e+04 9.9267e+03 -2.3628e+03 4.3297e+03
1.2524e+07 3.1275e+01 -2.1812e+04 9.8783e+03 -5.4595e+02 4.1711e+03
2.0050e+07 3.0613e+01 -2.1824e+04 9.8309e+03 2.4047e+02 4.2214e+03
1.3760e+07 3.1285e+01 -2.1836e+04 9.7847e+03 -5.6523e+01 4.4002e+03
8.5777e+06 3.3128e+01 -2.1846e+04 9.7395e+03 -2.5718e+02 4.5529e+03
3.4177e+06 3.5241e+01 -2.1856e+04 9.6956e+03 -7.0065e+02 4.7509e+03
4.7635e+06 3.6676e+01 -2.1864e+04 9.6528e+03 -5.0760e+02 4.9180e+03
-3.4224e+06 3.7261e+01 -2.1871e+04 9.6112e+03 -6.6123e+02 5.0591e+03
-5.3152e+06 3.6564e+01 2.5874e+03 3.2502e+03 1.5671e+02 4.1401e+03
-4.8510e+06 3.6798e+01 2.5833e+03 3.2654e+03 3.0800e+01 3.9515e+03
-3.0362e+06 3.7144e+01 2.5785e+03 3.2803e+03 -1.6340e+01 3.8008e+03
-3.9874e+05 3.7420e+01 2.5735e+03 3.2949e+03 3.0578e+02 3.8297e+03
2.6743e+06 3.7937e+01 2.5684e+03 3.3094e+03 3.1208e+02 4.2568e+03
3.6654e+06 3.9175e+01 2.5698e+03 3.3258e+03 -2.7482e+02 4.9188e+03
7.4430e+06 3.8456e+01 2.5760e+03 3.3437e+03 -8.6115e+02 5.2661e+03
1.7738e+07 3.3876e+01 2.5821e+03 3.3616e+03 4.8488e+02 5.2948e+03
2.5588e+07 2.9778e+01 2.5881e+03 3.3795e+03 1.4923e+03 5.2445e+03
2.0052e+07 3.0282e+01 2.5940e+03 3.3974e+03 2.8278e+03 5.2791e+03
-1.7074e+07 3.6535e+01 2.5998e+03 3.4153e+03 -1.0368e+04 3.7511e+03
-6.4684e+07 4.6753e+01 2.6055e+03 3.4331e+03 -1.7140e+05 -4.9841e+04
-3.7871e+07 5.2853e+01 4.7170e+02 4.0983e+03 -4.8353e+05 -1.6588e+05
-4.2447e+07 5.3957e+01 -4.3363e+03 5.5421e+03 -6.6785e+05 -2.3271e+05
-5.7426e+07 6.0125e+01 -9.1954e+03 6.9582e+03 -6.8360e+05 -2.3592e+05
-2.3659e+07 6.8407e+01 -1.4100e+04 8.3529e+03 -6.6921e+05 -2.3320e+05
-2.0713e+05 6.5352e+01 -1.9044e+04 9.7342e+03 -5.0379e+05 -1.7502e+05
-2.0883e+07 5.1314e+01 -2.1628e+04 1.0417e+04 -1.9052e+05 -6.0667e+04
1.9037e+07 3.8249e+01 -2.1651e+04 1.0361e+04 -1.0405e+04 1.0894e+03
4.2487e+07 3.3420e+01 -2.1673e+04 1.0305e+04 2.1610e+03 5.2950e+03
1.0097e+07 3.6660e+01 -2.1694e+04 1.0251e+04 -7.3788e+03 7.5583e+03
5.9002e+05 4.2708e+01 -2.1714e+04 1.0198e+04 -1.2808e+04 7.7921e+03
-1.0277e+07 4.3195e+01 -2.1732e+04 1.0145e+04 -1.2715e+04 6.1870e+03
9.4028e+06 3.7497e+01 -2.1750e+04 1.0094e+04 -5.9929e+03 4.3260e+03
1.4401e+07 3.2454e+01 -2.1767e+04 1.0043e+04 -1.1229e+03 3.5193e+03
1.3926e+07 3.0463e+01 -2.1783e+04 9.9933e+03 1.8557e+02 3.4440e+03
1.6552e+07 3.0328e+01 -2.1798e+04 9.9448e+03 2.2490e+02 3.5878e+03
1.2475e+07 3.1590e+01 -2.1811e+04 9.8973e+03 9.9436e+01 3.7380e+03
5.2029e+06 3.3759e+01 -2.1824e+04 9.8509e+03 -4.2044e+02 3.9064e+03
5.8027e+06 3.5855e+01 -2.1836e+04 9.8056e+03 -5.4351e+02 4.0895e+03
2.0092e+05 3.7039e+01 -2.1846e+04 9.7615e+03 -5.8273e+02 4.2689e+03
-2.1237e+06 3.7292e+01 -2.1856e+04 9.7185e+03 -4.2140e+02 4.4774e+03
-9.9227e+05 3.7157e+01 -2.1864e+04 9.6767e+03 -2.7756e+02 4.6769e+03
-5.4251e+06 3.6572e+01 2.5892e+03 3.2583e+03 6.3854e+01 4.7072e+03
-4.7229e+06 3.6807e+01 2.5857e+03 3.2735e+03 1.3414e+01 4.1828e+03
-3.3348e+06 3.7156e+01 2.5815e+03 3.2883e+03 -2.4436e+01 3.8675e+03
5.0261e+04 3.7434e+01 2.5766e+03 3.3029e+03 3.6407e+02 3.7454e+03
2.7759e+06 3.7951e+01 2.5716e+03 3.3173e+03 4.1200e+02 3.8071e+03
4.6359e+06 3.9194e+01 2.5664e+03 3.3315e+03 -1.4514e+02 4.2869e+03
7.5645e+06 3.8463e+01 2.5695e+03 3.3483e+03 -8.3587e+02 4.9463e+03
1.8673e+07 3.3874e+01 2.5757e+03 3.3662e+03 5.1669e+02 5.2522e+03
2.5156e+07 2.9802e+01 2.5818e+03 3.3840e+03 1.4357e+03 5.2431e+03
2.0754e+07 3.0317e+01 2.5878e+03 3.4018e+03 2.9633e+03 5.2779e+03
-1.7826e+07 3.6614e+01 2.5937e+03 3.4196e+03 -1.0670e+04 3.7249e+03
-6.4372e+07 4.6862e+01 2.5995e+03 3.4374e+03 -1.7444e+05 -5.1027e+04
-4.0737e+07 5.2820e+01 4.1434e+02 4.1244e+03 -4.8678e+05 -1.6710e+05
-4.6123e+07 5.3856e+01 -4.4012e+03 5.5841e+03 -6.6804e+05 -2.3289e+05
-6.0153e+07 6.0165e+01 -9.2683e+03 7.0168e+03 -6.8336e+05 -2.3632e+05
-2.2833e+07 6.8235e+01 -1.4181e+04 8.4284e+03 -6.6787e+05 -2.3510e+05
-1.6207e+06 6.4660e+01 -1.9134e+04 9.8263e+03 -4.9394e+05 -1.7446e+05
-2.1868e+07 5.0536e+01 -2.1604e+04 1.0482e+04 -1.8140e+05 -5.8410e+04
5.6116e+06 3.7618e+01 -2.1627e+04 1.0426e+04 -1.1160e+04 2.0720e+02
4.5726e+07 3.2044e+01 -2.1650e+04 1.0371e+04 3.7500e+03 1.5991e+03
4.7906e+07 3.3326e+01 -2.1672e+04 1.0316e+04 3.6535e+03 1.5486e+03
3.6514e+07 3.7816e+01 -2.1693e+04 1.0263e+04 3.6073e+03 1.7739e+03
2.0491e+07 3.8298e+01 -2.1713e+04 1.0210e+04 1.3524e+03 2.2588e+03
1.1158e+07 3.3712e+01 -2.1732e+04 1.0159e+04 4.9019e+02 2.6868e+03
8.3526e+06 3.0418e+01 -2.1750e+04 1.0108e+04 -4.0939e+01 2.8681e+03
1.3799e+07 3.0274e+01 -2.1767e+04 1.0058e+04 1.5933e+02 3.0119e+03
5.3536e+06 3.1869e+01 -2.1783e+04 1.0010e+04 -1.0521e+02 3.1727e+03
5.3644e+06 3.4278e+01 -2.1798e+04 9.9620e+03 -3.8257e+02 3.3290e+03
2.0756e+06 3.6230e+01 -2.1811e+04 9.9155e+03 -5.7269e+02 3.5079e+03
-1.7417e+06 3.7130e+01 -2.1824e+04 9.8701e+03 -5.8575e+02 3.6866e+03
-2.1627e+06 3.7223e+01 -2.1836e+04 9.8258e+03 -3.6917e+02 3.8794e+03
-1.1350e+06 3.7017e+01 -2.1846e+04 9.7826e+03 -1.2644e+02 4.0888e+03
-4.8704e+06 3.6839e+01 -2.1855e+04 9.7407e+03 -2.1211e+02 4.2707e+03
-5.5574e+06 3.6588e+01 2.5841e+03 3.2648e+03 -4.8641e+01 5.4645e+03
-4.4293e+06 3.6827e+01 2.5875e+03 3.2818e+03 -4.2480e+01 4.7172e+03
-3.3499e+06 3.7175e+01 2.5839e+03 3.2967e+03 -3.9173e+01 4.0755e+03
4.0343e+05 3.7446e+01 2.5796e+03 3.3113e+03 4.0059e+02 3.8019e+03
2.3862e+06 3.7977e+01 2.5747e+03 3.3256e+03 4.6665e+02 3.6899e+03
4.8306e+06 3.9259e+01 2.5696e+03 3.3398e+03 -6.0547e+00 3.7790e+03
6.9652e+06 3.8508e+01 2.5644e+03 3.3536e+03 -7.2275e+02 4.3234e+03
1.9427e+07 3.3862e+01 2.5692e+03 3.3709e+03 6.2215e+02 4.9718e+03
2.5153e+07 2.9803e+01 2.5754e+03 3.3887e+03 1.4176e+03 5.2145e+03
2.2781e+07 3.0334e+01 2.5816e+03 3.4064e+03 3.0850e+03 5.2793e+03
-1.9019e+07 3.6625e+01 2.5876e+03 3.4241e+03 -1.0978e+04 3.6983e+03
-6.2933e+07 4.6892e+01 2.5935e+03 3.4418e+03 -1.7731e+05 -5.2248e+04
-3.9343e+07 5.2801e+01 3.5628e+02 4.1510e+03 -4.8944e+05 -1.6838e+05
-4.3471e+07 5.3837e+01 -4.4663e+03 5.6264e+03 -6.6764e+05 -2.3305e+05
-5.9251e+07 6.0312e+01 -9.3408e+03 7.0752e+03 -6.8304e+05 -2.3647e+05
-1.9179e+07 6.8263e+01 -1.4261e+04 8.5034e+03 -6.6682e+05 -2.3530e+05
7.8271e+05 6.4274e+01 -1.9223e+04 9.9175e+03 -4.8606e+05 -1.7197e+05
-2.0773e+07 4.9929e+01 -2.1578e+04 1.0546e+04 -1.7315e+05 -5.6039e+04
1.8309e+07 3.7068e+01 -2.1603e+04 1.0490e+04 -9.2338e+03 -1.0147e+02
3.6007e+07 3.1693e+01 -2.1627e+04 1.0435e+04 2.4318e+03 1.5907e+03
1.7420e+07 3.3118e+01 -2.1650e+04 1.0380e+04 -9.5643e+02 1.7579e+03
1.0275e+07 3.7445e+01 -2.1672e+04 1.0327e+04 -1.9786e+03 1.8882e+03
2.2517e+06 3.8126e+01 -2.1693e+04 1.0274e+04 -2.1101e+03 2.0140e+03
9.1801e+06 3.4427e+01 -2.1713e+04 1.0222e+04 -4.5289e+02 2.1997e+03
7.1509e+06 3.1896e+01 -2.1732e+04 1.0171e+04 1.7444e+01 2.4087e+03
3.1637e+06 3.2496e+01 -2.1750e+04 1.0122e+04 -1.8845e+02 2.5898e+03
3.5980e+06 3.4565e+01 -2.1767e+04 1.0073e+04 -3.9026e+02 2.7550e+03
3.4927e+05 3.6380e+01 -2.1783e+04 1.0025e+04 -4.7491e+02 2.9190e+03
-2.4133e+06 3.7116e+01 -2.1797e+04 9.9785e+03 -4.8802e+02 3.1000e+03
-9.8728e+05 3.7120e+01 -2.1811e+04 9.9329e+03 -2.6014e+02 3.2958e+03
-3.0956e+06 3.6920e+01 -2.1824e+04 9.8884e+03 -1.6778e+02 3.4871e+03
-4.3587e+06 3.6736e+01 -2.1835e+04 9.8451e+03 -1.0511e+02 3.6924e+03
-3.0937e+06 3.6635e+01 -2.1846e+04 9.8030e+03 -9.8362e+01 3.8812e+03
-5.6819e+06 3.6606e+01 2.5760e+03 3.2706e+03 -9.8630e+01 5.8693e+03
-4.3154e+06 3.6856e+01 2.5836e+03 3.2889e+03 -1.2649e+02 5.3709e+03
-3.6765e+06 3.7206e+01 2.5858e+03 3.3054e+03 -1.0903e+02 4.5656e+03
8.9087e+05 3.7466e+01 2.5821e+03 3.3200e+03 4.3544e+02 3.9883e+03
2.5093e+06 3.8019e+01 2.5776e+03 3.3343e+03 5.2981e+02 3.7600e+03
5.7008e+06 3.9306e+01 2.5729e+03 3.3485e+03 1.2741e+02 3.6436e+03
7.0796e+06 3.8458e+01 2.5684e+03 3.3625e+03 -5.3104e+02 3.7657e+03
2.0518e+07 3.3759e+01 2.5637e+03 3.3762e+03 8.8329e+02 4.3208e+03
2.4618e+07 2.9767e+01 2.5689e+03 3.3935e+03 1.4740e+03 4.9374e+03
2.2659e+07 3.0380e+01 2.5752e+03 3.4112e+03 3.1632e+03 5.2443e+03
-2.0407e+07 3.6756e+01 2.5813e+03 3.4289e+03 -1.1505e+04 3.6808e+03
-6.3216e+07 4.7075e+01 2.5873e+03 3.4465e+03 -1.8084e+05 -5.3386e+04
-4.2050e+07 5.2938e+01 2.9753e+02 4.1782e+03 -4.9302e+05 -1.6944e+05
-4.5980e+07 5.4012e+01 -4.5315e+03 5.6688e+03 -6.6779e+05 -2.3298e+05
-6.1100e+07 6.0586e+01 -9.4129e+03 7.1333e+03 -6.8263e+05 -2.3656e+05
-1.9012e+07 6.8326e+01 -1.4341e+04 8.5777e+03 -6.6554e+05 -2.3554e+05
-1.1173e+06 6.3980e+01 -1.9311e+04 1.0008e+04 -4.7829e+05 -1.6950e+05
-2.1836e+07 4.9505e+01 -2.1551e+04 1.0608e+04 -1.6580e+05 -5.3539e+04
1.1528e+07 3.6704e+01 -2.1577e+04 1.0552e+04 -8.7361e+03 -4.4463e+02
3.7115e+07 3.1431e+01 -2.1602e+04 1.0497e+04 2.7320e+03 1.0263e+03
3.2933e+07 3.2865e+01 -2.1626e+04 1.0442e+04 8.7909e+02 1.1601e+03
1.8706e+07 3.6988e+01 -2.1649e+04 1.0389e+04 -8.5605e+01 1.3846e+03
8.5605e+06 3.8336e+01 -2.1671e+04 1.0336e+04 -9.1924e+02 1.6044e+03
1.6006e+06 3.6596e+01 -2.1692e+04 1.0284e+04 -4.6767e+02 1.7980e+03
-1.0383e+05 3.5235e+01 -2.1712e+04 1.0233e+04 -4.1842e+02 1.9785e+03
1.4509e+06 3.5421e+01 -2.1731e+04 1.0183e+04 -3.8523e+02 2.1604e+03
-3.0161e+06 3.6327e+01 -2.1749e+04 1.0134e+04 -4.4923e+02 2.3310e+03
-2.1706e+06 3.6915e+01 -2.1766e+04 1.0087e+04 -3.4575e+02 2.5172e+03
-2.5988e+06 3.6961e+01 -2.1782e+04 1.0040e+04 -2.1610e+02 2.7107e+03
-4.4333e+06 3.6818e+01 -2.1797e+04 9.9941e+03 -2.0478e+02 2.8989e+03
-4.0014e+06 3.6677e+01 -2.1811e+04 9.9494e+03 -9.9045e+01 3.0906e+03
-3.2908e+06 3.6562e+01 -2.1824e+04 9.9060e+03 -9.8352e+00 3.2984e+03
-5.4634e+06 3.6508e+01 -2.1835e+04 9.8637e+03 -1.0089e+02 3.4812e+03
-5.8425e+06 3.6622e+01 2.5678e+03 3.2767e+03 -1.3650e+02 5.9636e+03
-3.8498e+06 3.6891e+01 2.5755e+03 3.2949e+03 -1.8322e+02 5.7932e+03
-3.6547e+06 3.7249e+01 2.5831e+03 3.3131e+03 -2.0437e+02 5.2276e+03
1.4181e+06 3.7500e+01 2.5841e+03 3.3291e+03 4.4131e+02 4.4616e+03
1.8304e+06 3.8075e+01 2.5808e+03 3.3435e+03 5.4946e+02 3.9526e+03
5.9519e+06 3.9331e+01 2.5769e+03 3.3578e+03 1.8575e+02 3.7070e+03
6.3573e+06 3.8319e+01 2.5725e+03 3.3718e+03 -4.7022e+02 3.5937e+03
2.1797e+07 3.3565e+01 2.5679e+03 3.3855e+03 1.2207e+03 3.7175e+03
2.4291e+07 2.9709e+01 2.5632e+03 3.3989e+03 1.6112e+03 4.2930e+03
2.4673e+07 3.0486e+01 2.5687e+03 3.4162e+03 3.4558e+03 4.9710e+03
-2.3524e+07 3.7078e+01 2.5749e+03 3.4338e+03 -1.2713e+04 3.6494e+03
-6.2363e+07 4.7479e+01 2.5810e+03 3.4514e+03 -1.9087e+05 -5.2822e+04
-4.0634e+07 5.3196e+01 2.3811e+02 4.2059e+03 -5.0508e+05 -1.6308e+05
-4.4526e+07 5.4319e+01 -4.5969e+03 5.7114e+03 -6.7177e+05 -2.2334e+05
-6.0548e+07 6.1009e+01 -9.4845e+03 7.1913e+03 -6.8316e+05 -2.3100e+05
-1.7165e+07 6.8423e+01 -1.4419e+04 8.6513e+03 -6.6439e+05 -2.3377e+05
-5.4952e+05 6.3636e+01 -1.9397e+04 1.0097e+04 -4.7072e+05 -1.6676e+05
-2.2798e+07 4.9055e+01 -2.1523e+04 1.0669e+04 -1.5827e+05 -5.1018e+04
2.0252e+07 3.6405e+01 -2.1550e+04 1.0613e+04 -7.5783e+03 -7.2321e+02
3.1364e+07 3.1289e+01 -2.1576e+04 1.0557e+04 2.2862e+03 6.6735e+02
1.7876e+07 3.2721e+01 -2.1601e+04 1.0503e+04 -7.7562e+01 7.6555e+02
5.5410e+06 3.6685e+01 -2.1626e+04 1.0449e+04 -1.1907e+03 9.7201e+02
-1.0982e+06 3.8314e+01 -2.1649e+04 1.0396e+04 -1.4601e+03 1.1799e+03
3.2476e+05 3.7658e+01 -2.1671e+04 1.0344e+04 -5.7054e+02 1.3822e+03
-4.1542e+05 3.7035e+01 -2.1692e+04 1.0293e+04 -3.1934e+02 1.5649e+03
-3.8025e+06 3.6807e+01 -2.1712e+04 1.0243e+04 -3.5637e+02 1.7463e+03
-1.7737e+06 3.6786e+01 -2.1731e+04 1.0194e+04 -1.9457e+02 1.9356e+03
-3.6590e+06 3.6768e+01 -2.1749e+04 1.0146e+04 -1.5201e+02 2.1264e+03
-4.1843e+06 3.6694e+01 -2.1766e+04 1.0099e+04 -1.2632e+02 2.3125e+03
-3.4865e+06 3.6614e+01 -2.1782e+04 1.0054e+04 -8.7098e+01 2.5060e+03
-4.1991e+06 3.6531e+01 -2.1797e+04 1.0009e+04 -3.2287e+01 2.6945e+03
-5.2505e+06 3.6457e+01 -2.1811e+04 9.9651e+03 -1.7103e+01 2.9000e+03
-4.0023e+06 3.6437e+01 -2.1824e+04 9.9226e+03 -3.2043e+01 3.0857e+03
-6.2583e+06 3.6643e+01 2.5595e+03 3.2830e+03 -1.7489e+02 5.9779e+03
-3.2419e+06 3.6933e+01 2.5673e+03 3.3011e+03 -2.1875e+02 5.9164e+03
-4.5249e+06 3.7302e+01 2.5750e+03 3.3193e+03 -3.4112e+02 5.7047e+03
2.7822e+06 3.7547e+01 2.5827e+03 3.3374e+03 3.7165e+02 5.1494e+03
1.4255e+06 3.8165e+01 2.5837e+03 3.3532e+03 4.5165e+02 4.4288e+03
8.0853e+06 3.9406e+01 2.5804e+03 3.3674e+03 2.1907e+02 3.8843e+03
5.7165e+06 3.8207e+01 2.5765e+03 3.3814e+03 -5.0847e+02 3.6484e+03
2.4818e+07 3.3360e+01 2.5720e+03 3.3951e+03 1.5376e+03 3.5265e+03
2.1818e+07 2.9651e+01 2.5674e+03 3.4085e+03 1.6126e+03 3.6789e+03
2.6062e+07 3.0644e+01 2.5626e+03 3.4217e+03 4.0156e+03 4.3132e+03
-2.9431e+07 3.7533e+01 2.5684e+03 3.4389e+03 -1.4567e+04 3.3001e+03
-5.9151e+07 4.7974e+01 2.5746e+03 3.4564e+03 -2.0833e+05 -5.5322e+04
-3.8167e+07 5.3368e+01 -7.1902e+01 4.3131e+03 -5.2426e+05 -1.5818e+05
-4.7084e+07 5.4564e+01 -4.8308e+03 5.8065e+03 -6.7720e+05 -2.0853e+05
-5.9876e+07 6.1630e+01 -9.6413e+03 7.2751e+03 -6.8717e+05 -2.1595e+05
-1.8045e+07 6.8780e+01 -1.4499e+04 8.7249e+03 -6.6811e+05 -2.2036e+05
-7.2853e+05 6.3345e+01 -1.9482e+04 1.0184e+04 -4.6449e+05 -1.5489e+05
-2.5274e+07 4.8513e+01 -2.1495e+04 1.0727e+04 -1.5004e+05 -4.5149e+04
1.7418e+07 3.6043e+01 -2.1523e+04 1.0671e+04 -6.7626e+03 -9.8104e+02
3.1281e+07 3.1169e+01 -2.1550e+04 1.0616e+04 2.1974e+03 2.4688e+02
2.9457e+07 3.2651e+01 -2.1576e+04 1.0561e+04 7.6079e+02 3.8369e+02
1.1199e+07 3.6518e+01 -2.1601e+04 1.0508e+04 -4.4200e+02 5.9424e+02
5.2366e+06 3.8074e+01 -2.1625e+04 1.0455e+04 -8.0850e+02 7.9052e+02
-3.3080e+06 3.7554e+01 -2.1648e+04 1.0403e+04 -4.2189e+02 9.8419e+02
-2.4128e+06 3.7100e+01 -2.1670e+04 1.0352e+04 -1.9828e+02 1.1622e+03
-3.3004e+06 3.6855e+01 -2.1691e+04 1.0302e+04 -2.0480e+02 1.3567e+03
-4.2297e+06 3.6705e+01 -2.1712e+04 1.0252e+04 -1.0429e+02 1.5375e+03
-4.6615e+06 3.6604e+01 -2.1731e+04 1.0204e+04 -1.2631e+02 1.7289e+03
-3.7179e+06 3.6539e+01 -2.1749e+04 1.0157e+04 -4.0111e+01 1.9155e+03
-5.6318e+06 3.6495e+01 -2.1766e+04 1.0111e+04 -1.1775e+02 2.1058e+03
-4.5046e+06 3.6448e+01 -2.1782e+04 1.0066e+04 -7.1467e+00 2.2955e+03
-4.4972e+06 3.6399e+01 -2.1797e+04 1.0023e+04 1.5274e+01 2.5027e+03
-5.4700e+06 3.6393e+01 -2.1811e+04 9.9798e+03 -4.5998e+01 2.6843e+03
-6.7457e+06 3.6673e+01 2.5511e+03 3.2895e+03 -2.2203e+02 5.9789e+03
-2.2422e+06 3.6988e+01 2.5590e+03 3.3076e+03 -2.0570e+02 5.9163e+03
-4.6911e+06 3.7362e+01 2.5668e+03 3.3256e+03 -4.0351e+02 5.8567e+03
4.2175e+06 3.7594e+01 2.5746e+03 3.3437e+03 3.1009e+02 5.6509e+03
2.2580e+05 3.8261e+01 2.5822e+03 3.3618e+03 2.1466e+02 5.1192e+03
9.2235e+06 3.9512e+01 2.5834e+03 3.3775e+03 1.2055e+02 4.3420e+03
4.0399e+06 3.8118e+01 2.5801e+03 3.3914e+03 -6.5021e+02 3.8197e+03
2.7593e+07 3.3143e+01 2.5761e+03 3.4051e+03 1.7593e+03 3.5591e+03
2.0129e+07 2.9584e+01 2.5716e+03 3.4185e+03 1.4142e+03 3.4671e+03
3.0047e+07 3.0810e+01 2.5662e+03 3.4312e+03 4.6333e+03 3.6953e+03
-3.6205e+07 3.8022e+01 2.5617e+03 3.4442e+03 -1.6623e+04 2.4978e+03
-5.6536e+07 4.8525e+01 2.5681e+03 3.4616e+03 -2.2758e+05 -6.2862e+04
-3.8551e+07 5.3610e+01 -3.8486e+02 4.4229e+03 -5.4314e+05 -1.6378e+05
-5.1017e+07 5.4895e+01 -5.1501e+03 5.9293e+03 -6.7957e+05 -2.0325e+05
-5.7634e+07 6.2396e+01 -9.9672e+03 7.4117e+03 -6.9036e+05 -2.0624e+05
-1.3221e+07 6.9257e+01 -1.4831e+04 8.8756e+03 -6.7110e+05 -2.0706e+05
7.7255e+05 6.2973e+01 -1.9740e+04 1.0324e+04 -4.5212e+05 -1.3802e+05
-2.7377e+07 4.7792e+01 -2.1465e+04 1.0784e+04 -1.3600e+05 -3.5648e+04
2.7114e+07 3.5585e+01 -2.1494e+04 1.0728e+04 -5.0658e+03 -1.1259e+03
2.5818e+07 3.1056e+01 -2.1522e+04 1.0673e+04 1.6348e+03 -1.6849e+02
2.1523e+07 3.2679e+01 -2.1549e+04 1.0618e+04 3.5449e+02 -1.8108e+01
2.1936e+06 3.6514e+01 -2.1575e+04 1.0564e+04 -1.1121e+03 1.9068e+02
1.1264e+06 3.7946e+01 -2.1600e+04 1.0511e+04 -9.5147e+02 3.8369e+02
-3.4396e+06 3.7391e+01 -2.1624e+04 1.0459e+04 -4.1603e+02 5.8946e+02
-7.0794e+05 3.6950e+01 -2.1648e+04 1.0408e+04 -4.2623e+01 7.6570e+02
-6.2177e+06 3.6712e+01 -2.1670e+04 1.0358e+04 -2.2548e+02 9.5872e+02
-2.4137e+06 3.6588e+01 -2.1691e+04 1.0309e+04 1.4255e+00 1.1407e+03
-5.6904e+06 3.6507e+01 -2.1711e+04 1.0261e+04 -1.1007e+02 1.3328e+03
-4.2432e+06 3.6461e+01 -2.1730e+04 1.0213e+04 -9.5586e+00 1.5147e+03
-5.0749e+06 3.6434e+01 -2.1749e+04 1.0167e+04 -7.5041e+01 1.7092e+03
-4.3157e+06 3.6404e+01 -2.1766e+04 1.0122e+04 2.9399e+01 1.8948e+03
-5.9202e+06 3.6366e+01 -2.1782e+04 1.0078e+04 -1.1143e+01 2.1012e+03
-4.2563e+06 3.6370e+01 -2.1797e+04 1.0035e+04 -3.0121e-02 2.2840e+03
-7.2866e+06 3.6716e+01 2.5426e+03 3.2963e+03 -2.7976e+02 5.9891e+03
-1.3684e+06 3.7055e+01 2.5506e+03 3.3142e+03 -2.1366e+02 5.9131e+03
-5.6517e+06 3.7421e+01 2.5585e+03 3.3322e+03 -4.1765e+02 5.8603e+03
6.2269e+06 3.7624e+01 2.5664e+03 3.3502e+03 3.7772e+02 5.7911e+03
-1.6683e+05 3.8343e+01 2.5741e+03 3.3683e+03 1.3289e+01 5.6088e+03
1.1985e+07 3.9613e+01 2.5818e+03 3.3863e+03 -8.8762e+01 5.0150e+03
3.2881e+06 3.8019e+01 2.5830e+03 3.4018e+03 -9.0137e+02 4.2666e+03
3.1472e+07 3.2908e+01 2.5792e+03 3.4153e+03 1.9553e+03 3.6922e+03
1.7067e+07 2.9514e+01 2.5744e+03 3.4283e+03 1.1292e+03 3.4948e+03
3.1557e+07 3.0996e+01 2.5691e+03 3.4410e+03 5.1329e+03 3.4768e+03
-4.3429e+07 3.8534e+01 2.5636e+03 3.4534e+03 -1.8656e+04 1.6775e+03
-5.2979e+07 4.9064e+01 2.5614e+03 3.4671e+03 -2.4655e+05 -7.0923e+04
-3.6982e+07 5.3879e+01 -6.9837e+02 4.5343e+03 -5.6186e+05 -1.7148e+05
-5.3105e+07 5.5357e+01 -5.4694e+03 6.0535e+03 -6.8058e+05 -2.0361e+05
-6.0487e+07 6.3234e+01 -1.0293e+04 7.5492e+03 -6.9010e+05 -2.0625e+05
-1.3973e+07 6.9577e+01 -1.5163e+04 9.0270e+03 -6.6880e+05 -2.0536e+05
-2.2976e+06 6.2185e+01 -2.0079e+04 1.0489e+04 -4.3074e+05 -1.2710e+05
-3.0320e+07 4.6634e+01 -2.1434e+04 1.0839e+04 -1.1536e+05 -2.6365e+04
3.0153e+07 3.4945e+01 -2.1464e+04 1.0783e+04 -2.9819e+03 -1.2642e+03
2.3904e+07 3.0991e+01 -2.1493e+04 1.0728e+04 1.1986e+03 -5.8492e+02
3.0673e+07 3.2882e+01 -2.1521e+04 1.0673e+04 9.3383e+02 -3.9886e+02
4.3334e+06 3.6691e+01 -2.1548e+04 1.0619e+04 -9.0314e+02 -1.8872e+02
6.5270e+06 3.7924e+01 -2.1574e+04 1.0566e+04 -5.7824e+02 -3.2954e+00
-6.4332e+06 3.7302e+01 -2.1600e+04 1.0514e+04 -4.7761e+02 1.9641e+02
-8.6654e+05 3.6880e+01 -2.1624e+04 1.0463e+04 -1.7951e+01 3.6406e+02
-6.1674e+06 3.6648e+01 -2.1647e+04 1.0413e+04 -2.4335e+02 5.6456e+02
-3.2757e+06 3.6535e+01 -2.1669e+04 1.0363e+04 2.7567e+01 7.3867e+02
-6.5159e+06 3.6461e+01 -2.1691e+04 1.0315e+04 -1.4880e+02 9.3444e+02
-3.4494e+06 3.6426e+01 -2.1711e+04 1.0268e+04 3.9368e+01 1.1145e+03
-6.6222e+06 3.6403e+01 -2.1730e+04 1.0221e+04 -1.2873e+02 1.3079e+03
-4.2024e+06 3.6383e+01 -2.1748e+04 1.0176e+04 4.5740e+01 1.4928e+03
-5.4495e+06 3.6351e+01 -2.1765e+04 1.0132e+04 -4.5334e+00 1.7005e+03
-5.0654e+06 3.6359e+01 -2.1781e+04 1.0089e+04 -6.3512e+00 1.8799e+03
-7.8624e+06 3.6770e+01 2.5340e+03 3.3032e+03 -3.4521e+02 5.9928e+03
5.3352e+04 3.7135e+01 2.5421e+03 3.3211e+03 -1.8517e+02 5.9067e+03
-5.4455e+06 3.7476e+01 2.5501e+03 3.3390e+03 -3.5204e+02 5.8591e+03
7.9996e+06 3.7672e+01 2.5580e+03 3.3569e+03 4.7868e+02 5.7922e+03
-2.0298e+06 3.8528e+01 2.5659e+03 3.3749e+03 -2.0576e+02 5.7547e+03
1.2996e+07 3.9753e+01 2.5737e+03 3.3929e+03 -3.6148e+02 5.5004e+03
1.7290e+06 3.7812e+01 2.5814e+03 3.4109e+03 -1.1870e+03 4.9311e+03
3.5054e+07 3.2601e+01 2.5810e+03 3.4255e+03 2.2086e+03 4.0664e+03
1.5155e+07 2.9480e+01 2.5768e+03 3.4385e+03 9.4738e+02 3.6022e+03
3.5441e+07 3.1307e+01 2.5718e+03 3.4511e+03 5.6336e+03 3.5007e+03
-5.1627e+07 3.9210e+01 2.5665e+03 3.4635e+03 -2.0886e+04 1.1647e+03
-5.0713e+07 4.9611e+01 2.5610e+03 3.4755e+03 -2.6578e+05 -7.9107e+04
-3.7834e+07 5.3968e+01 -1.0123e+03 4.6474e+03 -5.8091e+05 -1.7951e+05
-5.5383e+07 5.5594e+01 -5.7887e+03 6.1789e+03 -6.8158e+05 -2.0414e+05
-5.8836e+07 6.3872e+01 -1.0617e+04 7.6877e+03 -6.8933e+05 -2.0657e+05
-6.9282e+06 6.9693e+01 -1.5494e+04 9.1788e+03 -6.6578e+05 -2.0556e+05
-9.1379e+05 6.1132e+01 -2.0416e+04 1.0654e+04 -4.0710e+05 -1.1845e+05
-3.2122e+07 4.5224e+01 -2.1402e+04 1.0893e+04 -9.2329e+04 -1.7714e+04
4.1625e+07 3.4203e+01 -2.1433e+04 1.0837e+04 -3.7783e+02 -1.4011e+03
1.8598e+07 3.0988e+01 -2.1463e+04 1.0781e+04 5.1048e+02 -9.9984e+02
2.6825e+07 3.3198e+01 -2.1492e+04 1.0726e+04 8.1064e+02 -8.1018e+02
-2.9651e+06 3.6915e+01 -2.1520e+04 1.0673e+04 -1.4459e+03 -5.9405e+02
4.9176e+06 3.7911e+01 -2.1547e+04 1.0619e+04 -5.7606e+02 -4.0655e+02
-7.0976e+06 3.7249e+01 -2.1574e+04 1.0567e+04 -5.2063e+02 -1.9546e+02
1.0699e+06 3.6849e+01 -2.1599e+04 1.0516e+04 9.6296e+01 -3.4226e+01
-8.3638e+06 3.6616e+01 -2.1623e+04 1.0466e+04 -3.0655e+02 1.6619e+02
-1.3610e+06 3.6512e+01 -2.1647e+04 1.0416e+04 1.0593e+02 3.3878e+02
-7.2839e+06 3.6438e+01 -2.1669e+04 1.0368e+04 -1.7544e+02 5.3548e+02
-3.2686e+06 3.6408e+01 -2.1690e+04 1.0320e+04 5.5789e+01 7.1210e+02
-6.2820e+06 3.6388e+01 -2.1711e+04 1.0274e+04 -1.3389e+02 9.0832e+02
-3.6742e+06 3.6370e+01 -2.1730e+04 1.0228e+04 6.3988e+01 1.0894e+03
-6.4181e+06 3.6338e+01 -2.1748e+04 1.0184e+04 -4.1615e+01 1.2964e+03
-3.9624e+06 3.6351e+01 -2.1765e+04 1.0141e+04 2.2431e+01 1.4753e+03
-8.3718e+06 3.6837e+01 2.5253e+03 3.3103e+03 -4.1641e+02 6.0009e+03
1.1838e+06 3.7222e+01 2.5335e+03 3.3281e+03 -1.6939e+02 5.8985e+03
-6.4616e+06 3.7532e+01 2.5416e+03 3.3460e+03 -3.1762e+02 5.8580e+03
1.0122e+07 3.7798e+01 2.5496e+03 3.3638e+03 5.1871e+02 5.7972e+03
-2.8332e+06 3.8875e+01 2.5575e+03 3.3817e+03 -4.2490e+02 5.7794e+03
1.6384e+07 3.9765e+01 2.5654e+03 3.3996e+03 -4.6042e+02 5.6514e+03
2.1748e+06 3.7092e+01 2.5732e+03 3.4175e+03 -1.2310e+03 5.4529e+03
4.0111e+07 3.1936e+01 2.5810e+03 3.4355e+03 2.5365e+03 4.6843e+03
1.1309e+07 2.9469e+01 2.5787e+03 3.4490e+03 5.0251e+02 3.8857e+03
3.4541e+07 3.1841e+01 2.5744e+03 3.4617e+03 5.5925e+03 3.5927e+03
-6.0847e+07 4.0132e+01 2.5693e+03 3.4739e+03 -2.3581e+04 1.0025e+03
-4.7739e+07 5.0290e+01 2.5639e+03 3.4859e+03 -2.8507e+05 -8.6935e+04
-3.5492e+07 5.4003e+01 -1.3230e+03 4.7637e+03 -5.9944e+05 -1.8758e+05
-5.4899e+07 5.5731e+01 -6.1077e+03 6.3055e+03 -6.8197e+05 -2.0482e+05
-5.9750e+07 6.4499e+01 -1.0941e+04 7.8269e+03 -6.8854e+05 -2.0696e+05
-6.0556e+06 6.9778e+01 -1.5823e+04 9.3308e+03 -6.6310e+05 -2.0585e+05
-2.6193e+06 6.0063e+01 -2.0752e+04 1.0819e+04 -3.8376e+05 -1.0996e+05
-3.4920e+07 4.3893e+01 -2.1369e+04 1.0944e+04 -6.9572e+04 -9.1724e+03
4.6193e+07 3.3520e+01 -2.1401e+04 1.0888e+04 2.0064e+03 -1.5437e+03
1.6225e+07 3.1051e+01 -2.1432e+04 1.0832e+04 -1.4471e+01 -1.3892e+03
3.3826e+07 3.3605e+01 -2.1462e+04 1.0778e+04 1.2363e+03 -1.1845e+03
-2.5568e+06 3.7152e+01 -2.1491e+04 1.0724e+04 -1.4633e+03 -9.7420e+02
9.2392e+06 3.7880e+01 -2.1519e+04 1.0671e+04 -2.6719e+02 -8.0248e+02
-9.4472e+06 3.7197e+01 -2.1547e+04 1.0618e+04 -5.8832e+02 -5.9631e+02
1.6467e+06 3.6826e+01 -2.1573e+04 1.0567e+04 1.3268e+02 -4.4017e+02
-8.3976e+06 3.6596e+01 -2.1598e+04 1.0516e+04 -3.6614e+02 -2.3283e+02
-1.2831e+06 3.6494e+01 -2.1623e+04 1.0467e+04 1.1932e+02 -6.5078e+01
-7.6415e+06 3.6415e+01 -2.1646e+04 1.0418e+04 -2.3980e+02 1.3431e+02
-2.0953e+06 3.6388e+01 -2.1669e+04 1.0371e+04 7.4014e+01 3.0895e+02
-7.0353e+06 3.6363e+01 -2.1690e+04 1.0324e+04 -1.8979e+02 5.0431e+02
-3.0224e+06 3.6343e+01 -2.1710e+04 1.0279e+04 7.8567e+01 6.8403e+02
-5.8400e+06 3.6311e+01 -2.1729e+04 1.0234e+04 -3.2065e+01 8.9217e+02
-4.1210e+06 3.6329e+01 -2.1748e+04 1.0191e+04 2.9045e+01 1.0671e+03
-8.7705e+06 3.6923e+01 2.5165e+03 3.3177e+03 -4.8146e+02 6.0072e+03
2.9214e+06 3.7324e+01 2.5247e+03 3.3354e+03 -1.1835e+02 5.8901e+03
-5.6847e+06 3.7605e+01 2.5329e+03 3.3532e+03 -2.4399e+02 5.8654e+03
1.1559e+07 3.7995e+01 2.5410e+03 3.3710e+03 5.0807e+02 5.7991e+03
-4.6795e+06 3.9223e+01 2.5491e+03 3.3888e+03 -6.6465e+02 5.7756e+03
1.8031e+07 3.9443e+01 2.5571e+03 3.4066e+03 -4.5066e+02 5.6436e+03
2.4389e+06 3.5855e+01 2.5650e+03 3.4244e+03 -1.0370e+03 5.6228e+03
4.4005e+07 3.0997e+01 2.5728e+03 3.4423e+03 2.8685e+03 5.2184e+03
8.3699e+06 2.9583e+01 2.5782e+03 3.4591e+03 -5.2029e+01 4.2776e+03
3.4599e+07 3.2836e+01 2.5734e+03 3.4713e+03 3.9997e+03 3.7460e+03
-7.3594e+07 4.1635e+01 2.5679e+03 3.4829e+03 -3.4646e+04 2.8776e+03
-4.9227e+07 5.1338e+01 2.5617e+03 3.4941e+03 -3.1532e+05 -8.6620e+04
-3.9642e+07 5.4253e+01 -1.6332e+03 4.8818e+03 -6.2229e+05 -1.8584e+05
-5.9696e+07 5.6257e+01 -6.4264e+03 6.4332e+03 -6.8310e+05 -2.0143e+05
-5.7923e+07 6.5426e+01 -1.1264e+04 7.9668e+03 -6.8734e+05 -2.0682e+05
1.5428e+06 6.9788e+01 -1.6151e+04 9.4830e+03 -6.5608e+05 -2.0712e+05
-1.6132e+06 5.8910e+01 -2.1085e+04 1.0983e+04 -3.5759e+05 -1.0536e+05
-3.7301e+07 4.2652e+01 -2.1335e+04 1.0994e+04 -4.7672e+04 -3.5328e+03
5.5098e+07 3.2869e+01 -2.1368e+04 1.0937e+04 4.2688e+03 -1.7467e+03
1.1866e+07 3.0984e+01 -2.1400e+04 1.0882e+04 -4.9927e+02 -1.7840e+03
3.1899e+07 3.3822e+01 -2.1431e+04 1.0827e+04 1.3456e+03 -1.5974e+03
-7.8152e+06 3.7249e+01 -2.1461e+04 1.0773e+04 -1.7832e+03 -1.3903e+03
8.6630e+06 3.7796e+01 -2.1490e+04 1.0720e+04 -1.9525e+02 -1.2215e+03
-9.9746e+06 3.7135e+01 -2.1519e+04 1.0668e+04 -6.6342e+02 -9.9625e+02
3.4996e+06 3.6795e+01 -2.1546e+04 1.0616e+04 1.7997e+02 -8.3752e+02
-9.6195e+06 3.6562e+01 -2.1572e+04 1.0566e+04 -4.5549e+02 -6.3069e+02
9.3198e+05 3.6459e+01 -2.1598e+04 1.0516e+04 1.6341e+02 -4.6651e+02
-7.5461e+06 3.6370e+01 -2.1622e+04 1.0467e+04 -2.4424e+02 -2.6650e+02
-8.1223e+05 3.6334e+01 -2.1646e+04 1.0419e+04 1.2014e+02 -9.7322e+01
-6.1433e+06 3.6305e+01 -2.1668e+04 1.0373e+04 -1.3065e+02 1.0006e+02
-1.6913e+06 3.6287e+01 -2.1689e+04 1.0327e+04 1.4106e+02 2.7654e+02
-6.1884e+06 3.6266e+01 -2.1710e+04 1.0282e+04 -5.1166e+00 4.8533e+02
-2.8084e+06 3.6299e+01 -2.1729e+04 1.0239e+04 6.9997e+01 6.5830e+02
-8.2931e+06 3.7048e+01 2.5076e+03 3.3252e+03 -5.0785e+02 6.0160e+03
3.3298e+06 3.7452e+01 2.5159e+03 3.3429e+03 -1.2945e+02 5.8873e+03
-5.5190e+06 3.7701e+01 2.5242e+03 3.3606e+03 -1.6330e+02 5.8742e+03
1.2577e+07 3.8251e+01 2.5324e+03 3.3783e+03 4.3404e+02 5.7964e+03
-3.1117e+06 3.9497e+01 2.5405e+03 3.3960e+03 -7.5540e+02 5.7579e+03
2.0926e+07 3.8875e+01 2.5486e+03 3.4138e+03 -4.4191e+02 5.6366e+03
6.6531e+06 3.4550e+01 2.5566e+03 3.4315e+03 -4.7509e+02 5.6263e+03
4.5712e+07 3.0226e+01 2.5645e+03 3.4493e+03 2.9179e+03 5.4786e+03
5.6101e+06 2.9971e+01 2.5720e+03 3.4668e+03 4.8504e+01 4.5131e+03
2.2605e+07 3.4497e+01 2.5675e+03 3.4789e+03 -5.0521e+02 3.8462e+03
-8.1886e+07 4.3961e+01 2.5622e+03 3.4904e+03 -7.4523e+04 7.9648e+03
-4.2178e+07 5.2640e+01 2.3218e+03 3.5800e+03 -3.8040e+05 -6.1678e+04
-4.0426e+07 5.4636e+01 -2.1139e+03 5.0557e+03 -6.6039e+05 -1.4390e+05
-5.8378e+07 5.7360e+01 -6.7446e+03 6.5618e+03 -6.9453e+05 -1.6403e+05
-5.7358e+07 6.6568e+01 -1.1586e+04 8.1072e+03 -6.8924e+05 -1.8411e+05
-7.2367e+04 6.9450e+01 -1.6477e+04 9.6352e+03 -6.3965e+05 -1.9932e+05
-5.3303e+06 5.7523e+01 -2.1265e+04 1.1098e+04 -3.2805e+05 -1.0477e+05
-3.5861e+07 4.1391e+01 -2.1300e+04 1.1041e+04 -3.0838e+04 -3.6642e+03
5.5439e+07 3.2194e+01 -2.1334e+04 1.0985e+04 5.7095e+03 -2.1663e+03
1.1273e+07 3.0801e+01 -2.1367e+04 1.0930e+04 -6.6133e+02 -2.2070e+03
3.4679e+07 3.3900e+01 -2.1399e+04 1.0875e+04 1.5192e+03 -2.0094e+03
-6.8149e+06 3.7276e+01 -2.1430e+04 1.0821e+04 -1.7746e+03 -1.7691e+03
1.0600e+07 3.7714e+01 -2.1460e+04 1.0767e+04 -1.2661e+02 -1.6000e+03
-1.0688e+07 3.7054e+01 -2.1489e+04 1.0715e+04 -7.1740e+02 -1.3814e+03
4.2414e+06 3.6714e+01 -2.1518e+04 1.0663e+04 1.9269e+02 -1.2316e+03
-8.2074e+06 3.6480e+01 -2.1545e+04 1.0613e+04 -3.6459e+02 -1.0298e+03
1.9628e+06 3.6383e+01 -2.1572e+04 1.0563e+04 2.4245e+02 -8.7125e+02
-6.4922e+06 3.6297e+01 -2.1597e+04 1.0514e+04 -1.2400e+02 -6.6997e+02
1.0058e+06 3.6258e+01 -2.1622e+04 1.0466e+04 2.4036e+02 -5.0322e+02
-5.8321e+06 3.6236e+01 -2.1645e+04 1.0419e+04 -2.8234e+01 -3.0571e+02
-7.5376e+05 3.6239e+01 -2.1668e+04 1.0373e+04 1.9391e+02 -1.3066e+02
-5.6954e+06 3.6240e+01 -2.1689e+04 1.0329e+04 3.1331e+01 7.9782e+01
-2.8244e+06 3.6285e+01 -2.1710e+04 1.0285e+04 6.3361e+01 2.5035e+02
-5.9261e+06 3.7230e+01 2.4986e+03 3.3330e+03 -4.8161e+02 5.9962e+03
2.6880e+06 3.7625e+01 2.5070e+03 3.3506e+03 -1.5557e+02 5.8912e+03
-2.0891e+05 3.7845e+01 2.5153e+03 3.3682e+03 4.4530e+01 5.8875e+03
9.8350e+06 3.8606e+01 2.5236e+03 3.3858e+03 2.2896e+02 5.8073e+03
6.5439e+05 3.9750e+01 2.5319e+03 3.4035e+03 -7.7789e+02 5.7368e+03
1.6461e+07 3.8172e+01 2.5400e+03 3.4211e+03 -6.7552e+02 5.6448e+03
1.4570e+07 3.3353e+01 2.5481e+03 3.4388e+03 2.8771e+02 5.6144e+03
3.8294e+07 2.9773e+01 2.5562e+03 3.4565e+03 2.3249e+03 5.5700e+03
1.2638e+07 3.0598e+01 2.5641e+03 3.4741e+03 1.3392e+03 4.6604e+03
2.2737e+06 3.6484e+01 2.5613e+03 3.4868e+03 -7.5735e+03 3.5436e+03
-7.6100e+07 4.6492e+01 2.5564e+03 3.4981e+03 -1.4093e+05 -2.2637e+03
-3.0615e+07 5.3703e+01 1.1988e+03 3.9647e+03 -4.6183e+05 -5.3820e+04
-4.6275e+07 5.5007e+01 -3.2444e+03 5.4481e+03 -6.8912e+05 -1.0466e+05
-4.8542e+07 5.9094e+01 -7.7368e+03 6.9129e+03 -7.0551e+05 -1.1743e+05
-4.9442e+07 6.8021e+01 -1.2267e+04 8.3649e+03 -6.9564e+05 -1.3443e+05
8.9591e+06 6.8667e+01 -1.6848e+04 9.8022e+03 -6.1421e+05 -1.5401e+05
-7.5696e+06 5.5676e+01 -2.1228e+04 1.1144e+04 -2.9428e+05 -8.5332e+04
-2.5018e+07 4.0053e+01 -2.1264e+04 1.1087e+04 -2.1986e+04 -5.0323e+03
5.1662e+07 3.1676e+01 -2.1298e+04 1.1031e+04 5.6040e+03 -2.6787e+03
1.1730e+07 3.0830e+01 -2.1332e+04 1.0975e+04 -8.2344e+02 -2.5613e+03
2.5996e+07 3.4141e+01 -2.1365e+04 1.0920e+04 7.9265e+02 -2.3600e+03
-7.0710e+06 3.7336e+01 -2.1398e+04 1.0866e+04 -1.8754e+03 -2.1190e+03
7.0713e+06 3.7620e+01 -2.1429e+04 1.0813e+04 -2.6851e+02 -1.9806e+03
-7.5733e+06 3.6943e+01 -2.1459e+04 1.0760e+04 -5.1979e+02 -1.7850e+03
4.4719e+06 3.6597e+01 -2.1489e+04 1.0709e+04 2.7856e+02 -1.6353e+03
-6.2931e+06 3.6390e+01 -2.1517e+04 1.0658e+04 -1.2048e+02 -1.4408e+03
2.6620e+06 3.6319e+01 -2.1545e+04 1.0608e+04 3.0701e+02 -1.2760e+03
-5.2278e+06 3.6268e+01 -2.1571e+04 1.0559e+04 -1.0131e+00 -1.0787e+03
5.7411e+05 3.6245e+01 -2.1597e+04 1.0511e+04 2.0804e+02 -9.0898e+02
-5.0146e+06 3.6239e+01 -2.1621e+04 1.0464e+04 5.6638e-01 -7.1314e+02
-1.1729e+06 3.6255e+01 -2.1645e+04 1.0418e+04 1.3388e+02 -5.3710e+02
-5.9461e+06 3.6264e+01 -2.1667e+04 1.0373e+04 -2.1872e+00 -3.2958e+02
-2.8207e+06 3.6303e+01 -2.1689e+04 1.0329e+04 2.8785e+01 -1.5630e+02
-2.0905e+06 3.7482e+01 2.4895e+03 3.3409e+03 -4.2509e+02 5.9623e+03
5.5251e+05 3.7824e+01 2.4980e+03 3.3584e+03 -1.8801e+02 5.9067e+03
4.4071e+06 3.8044e+01 2.5064e+03 3.3760e+03 2.8329e+02 5.8885e+03
6.5209e+06 3.9071e+01 2.5148e+03 3.3935e+03 -1.0096e+02 5.8155e+03
8.6537e+06 3.9936e+01 2.5231e+03 3.4111e+03 -7.2101e+02 5.7227e+03
1.3822e+07 3.7323e+01 2.5314e+03 3.4287e+03 -9.0422e+02 5.6726e+03
2.6923e+07 3.2262e+01 2.5396e+03 3.4463e+03 1.3105e+03 5.6203e+03
2.8868e+07 2.9587e+01 2.5477e+03 3.4639e+03 1.3973e+03 5.6028e+03
1.9320e+07 3.1421e+01 2.5557e+03 3.4814e+03 2.7695e+03 4.8550e+03
-2.8150e+07 3.8521e+01 2.5550e+03 3.4948e+03 -1.6008e+04 2.9867e+03
-6.7095e+07 4.8725e+01 2.5504e+03 3.5060e+03 -2.1261e+05 -2.9459e+04
-3.4147e+07 5.4348e+01 7.6718e+01 4.3541e+03 -5.3363e+05 -8.0709e+04
-5.8602e+07 5.5405e+01 -4.3736e+03 5.8448e+03 -6.9520e+05 -1.0241e+05
-4.8105e+07 6.1265e+01 -8.8746e+03 7.3166e+03 -7.0518e+05 -1.0459e+05
-3.7689e+07 6.9608e+01 -1.3412e+04 8.7774e+03 -6.9652e+05 -1.0642e+05
1.0625e+07 6.7339e+01 -1.7997e+04 1.0222e+04 -5.6478e+05 -1.0264e+05
-1.8716e+07 5.3163e+01 -2.1190e+04 1.1188e+04 -2.4132e+05 -5.1543e+04
-6.6551e+06 3.8552e+01 -2.1226e+04 1.1131e+04 -1.6345e+04 -4.6206e+03
3.7072e+07 3.1379e+01 -2.1262e+04 1.1074e+04 3.7897e+03 -3.1168e+03
1.7418e+07 3.1106e+01 -2.1297e+04 1.1019e+04 -6.0660e+02 -2.8826e+03
1.8932e+07 3.4496e+01 -2.1331e+04 1.0964e+04 6.9115e+01 -2.7259e+03
1.6519e+05 3.7335e+01 -2.1364e+04 1.0910e+04 -1.3209e+03 -2.5212e+03
4.4747e+06 3.7478e+01 -2.1397e+04 1.0856e+04 -2.1077e+02 -2.3890e+03
-3.4054e+06 3.6860e+01 -2.1428e+04 1.0804e+04 -2.1738e+02 -2.2098e+03
1.2717e+06 3.6558e+01 -2.1458e+04 1.0752e+04 1.7024e+02 -2.0382e+03
-3.2183e+06 3.6402e+01 -2.1488e+04 1.0701e+04 -1.2048e-01 -1.8510e+03
-5.7232e+05 3.6348e+01 -2.1516e+04 1.0651e+04 1.3315e+02 -1.6756e+03
-4.0842e+06 3.6323e+01 -2.1544e+04 1.0602e+04 -3.6317e+01 -1.4891e+03
-1.9153e+06 3.6308e+01 -2.1571e+04 1.0554e+04 3.1936e+01 -1.3122e+03
-4.7610e+06 3.6302e+01 -2.1596e+04 1.0507e+04 -6.5555e+01 -1.1260e+03
-3.0676e+06 3.6304e+01 -2.1621e+04 1.0461e+04 2.4608e+01 -9.4461e+02
-5.0371e+06 3.6299e+01 -2.1644e+04 1.0415e+04 -6.1862e+00 -7.4350e+02
-4.3063e+06 3.6323e+01 -2.1667e+04 1.0371e+04 -2.1065e+01 -5.6613e+02
2.5597e+06 3.7763e+01 2.4803e+03 3.3491e+03 -2.8365e+02 5.9385e+03
5.8816e+05 3.7983e+01 2.4889e+03 3.3665e+03 -3.8426e+01 5.9467e+03
1.2682e+07 3.8317e+01 2.4974e+03 3.3839e+03 5.2425e+02 5.8763e+03
2.4282e+06 3.9578e+01 2.5059e+03 3.4014e+03 -5.1397e+02 5.8038e+03
1.5318e+07 3.9787e+01 2.5143e+03 3.4189e+03 -6.8170e+02 5.7068e+03
8.5200e+06 3.6156e+01 2.5226e+03 3.4364e+03 -9.2133e+02 5.6911e+03
3.7771e+07 3.1227e+01 2.5309e+03 3.4539e+03 2.2975e+03 5.6296e+03
1.6915e+07 2.9617e+01 2.5391e+03 3.4714e+03 6.2474e+02 5.5904e+03
2.7955e+07 3.2585e+01 2.5472e+03 3.4889e+03 3.0940e+03 5.1172e+03
-5.3903e+07 4.0872e+01 2.5486e+03 3.5031e+03 -3.2320e+04 4.7227e+03
-5.5515e+07 5.0756e+01 2.5442e+03 3.5141e+03 -2.8896e+05 -4.9175e+04
-2.6394e+07 5.4675e+01 -1.0440e+03 4.7478e+03 -6.0187e+05 -1.0267e+05
-5.8235e+07 5.6026e+01 -5.5008e+03 6.2457e+03 -6.9883e+05 -1.0384e+05
-4.4280e+07 6.3628e+01 -1.0008e+04 7.7252e+03 -7.0363e+05 -1.0538e+05
-2.5471e+07 7.0734e+01 -1.4555e+04 9.1933e+03 -6.8927e+05 -1.0609e+05
1.8820e+06 6.5116e+01 -1.9147e+04 1.0646e+04 -4.9205e+05 -7.3649e+04
-3.2359e+07 4.9869e+01 -2.1151e+04 1.1229e+04 -1.7018e+05 -2.2789e+04
1.4861e+07 3.6753e+01 -2.1188e+04 1.1172e+04 -9.3136e+03 -4.1347e+03
2.5925e+07 3.1101e+01 -2.1225e+04 1.1116e+04 1.6777e+03 -3.5304e+03
2.4699e+07 3.1510e+01 -2.1261e+04 1.1060e+04 9.9137e+01 -3.2784e+03
8.6390e+06 3.5010e+01 -2.1296e+04 1.1005e+04 -5.8319e+02 -3.1418e+03
5.5592e+06 3.7393e+01 -2.1330e+04 1.0951e+04 -7.2922e+02 -2.9530e+03
-1.1442e+06 3.7376e+01 -2.1363e+04 1.0898e+04 -3.2034e+02 -2.7824e+03
1.0931e+06 3.6868e+01 -2.1396e+04 1.0845e+04 -1.7614e+01 -2.6188e+03
-3.0381e+06 3.6614e+01 -2.1427e+04 1.0793e+04 -7.4892e+01 -2.4343e+03
-1.6872e+06 3.6486e+01 -2.1458e+04 1.0742e+04 -2.1710e+01 -2.2627e+03
-4.1298e+06 3.6421e+01 -2.1487e+04 1.0692e+04 -8.1963e+01 -2.0763e+03
-2.9607e+06 3.6388e+01 -2.1516e+04 1.0643e+04 -4.2243e+01 -1.9010e+03
-4.8770e+06 3.6358e+01 -2.1543e+04 1.0595e+04 -7.9408e+01 -1.7171e+03
-3.5522e+06 3.6345e+01 -2.1570e+04 1.0547e+04 -2.8783e+01 -1.5386e+03
-4.9308e+06 3.6328e+01 -2.1596e+04 1.0501e+04 -1.4825e+01 -1.3521e+03
-4.3002e+06 3.6310e+01 -2.1620e+04 1.0456e+04 3.9660e+01 -1.1573e+03
-5.2105e+06 3.6326e+01 -2.1644e+04 1.0412e+04 -3.8132e+01 -9.7599e+02
7.4095e+06 3.7937e+01 2.4710e+03 3.3574e+03 2.9749e+01 5.8919e+03
2.2528e+06 3.8030e+01 2.4796e+03 3.3747e+03 3.4067e+02 5.9659e+03
1.5792e+07 3.8703e+01 2.4883e+03 3.3921e+03 5.7642e+02 5.8276e+03
2.6200e+06 3.9836e+01 2.4968e+03 3.4095e+03 -7.5224e+02 5.7507e+03
2.3052e+07 3.8701e+01 2.5053e+03 3.4269e+03 -4.1035e+02 5.6853e+03
1.3086e+07 3.4278e+01 2.5137e+03 3.4443e+03 -1.1102e+02 5.6792e+03
4.6172e+07 3.0159e+01 2.5221e+03 3.4618e+03 3.0926e+03 5.6384e+03
1.2097e+07 2.9902e+01 2.5304e+03 3.4792e+03 8.3730e+02 5.5219e+03
2.0788e+07 3.4282e+01 2.5386e+03 3.4966e+03 -4.3880e+02 5.2945e+03
-7.6729e+07 4.3588e+01 2.5420e+03 3.5115e+03 -7.5816e+04 8.6524e+03
-4.2366e+07 5.2456e+01 2.2478e+03 3.6233e+03 -3.7782e+05 -4.8320e+04
-3.5775e+07 5.4873e+01 -2.1630e+03 5.1456e+03 -6.5783e+05 -1.0580e+05
-6.2119e+07 5.7276e+01 -6.6258e+03 6.6502e+03 -7.0180e+05 -1.0465e+05
-5.0118e+07 6.6084e+01 -1.1139e+04 8.1374e+03 -7.0233e+05 -1.0652e+05
-1.1397e+07 7.0877e+01 -1.5694e+04 9.6121e+03 -6.7093e+05 -1.0948e+05
-1.1674e+06 6.1826e+01 -2.0294e+04 1.1072e+04 -4.1065e+05 -5.5989e+04
-3.8174e+07 4.5991e+01 -2.1111e+04 1.1269e+04 -9.9230e+04 -2.2560e+03
3.5948e+07 3.4711e+01 -2.1149e+04 1.1212e+04 -2.2177e+03 -3.9080e+03
1.6932e+07 3.0813e+01 -2.1187e+04 1.1156e+04 1.9388e+02 -3.9385e+03
3.3005e+07 3.2172e+01 -2.1224e+04 1.1100e+04 1.0139e+03 -3.7015e+03
3.8412e+06 3.5846e+01 -2.1260e+04 1.1045e+04 -8.1614e+02 -3.5474e+03
1.1351e+07 3.7652e+01 -2.1295e+04 1.0991e+04 -1.7853e+02 -3.3955e+03
-4.8559e+06 3.7378e+01 -2.1329e+04 1.0937e+04 -4.5025e+02 -3.2005e+03
3.2177e+06 3.6924e+01 -2.1362e+04 1.0885e+04 8.6541e+01 -3.0425e+03
-6.9295e+06 3.6667e+01 -2.1395e+04 1.0833e+04 -2.5202e+02 -2.8440e+03
-8.5179e+04 3.6540e+01 -2.1426e+04 1.0781e+04 4.8463e+01 -2.6768e+03
-7.1747e+06 3.6451e+01 -2.1457e+04 1.0731e+04 -1.7464e+02 -2.4844e+03
-2.0207e+06 3.6407e+01 -2.1486e+04 1.0682e+04 3.6399e+01 -2.3135e+03
-6.6067e+06 3.6367e+01 -2.1515e+04 1.0634e+04 -1.0906e+02 -2.1255e+03
-3.0449e+06 3.6359e+01 -2.1543e+04 1.0586e+04 2.9221e+01 -1.9505e+03
-6.1377e+06 3.6336e+01 -2.1569e+04 1.0540e+04 -3.8360e+01 -1.7623e+03
-3.5071e+06 3.6313e+01 -2.1595e+04 1.0494e+04 8.2510e+01 -1.5700e+03
-6.1824e+06 3.6320e+01 -2.1620e+04 1.0450e+04 -6.4031e+01 -1.3885e+03
1.0251e+07 3.7890e+01 2.4616e+03 3.3659e+03 4.6969e+02 5.9253e+03
9.1916e+06 3.8087e+01 2.4704e+03 3.3832e+03 7.4839e+02 5.9546e+03
1.7358e+07 3.9138e+01 2.4790e+03 3.4005e+03 2.9904e+02 5.7821e+03
7.2340e+06 3.9294e+01 2.4877e+03 3.4178e+03 -6.9367e+02 5.7064e+03
2.2333e+07 3.6322e+01 2.4963e+03 3.4351e+03 -5.5041e+01 5.6402e+03
1.9879e+07 3.1811e+01 2.5048e+03 3.4525e+03 1.1497e+03 5.5940e+03
3.8652e+07 2.9392e+01 2.5132e+03 3.4698e+03 2.6071e+03 5.5937e+03
1.1119e+07 3.0808e+01 2.5216e+03 3.4871e+03 1.5938e+03 5.5072e+03
-1.4752e+05 3.6710e+01 2.5299e+03 3.5045e+03 -7.3690e+03 5.1151e+03
-7.0989e+07 4.6568e+01 2.5349e+03 3.5201e+03 -1.4238e+05 -2.5556e+03
-3.0021e+07 5.3713e+01 1.1362e+03 4.0184e+03 -4.6128e+05 -5.4575e+04
-4.3773e+07 5.5057e+01 -3.2797e+03 5.5471e+03 -6.8345e+05 -1.0137e+05
-5.3951e+07 5.9202e+01 -7.7480e+03 7.0583e+03 -7.0189e+05 -1.0521e+05
-5.2186e+07 6.8295e+01 -1.2267e+04 8.5527e+03 -6.9889e+05 -1.0756e+05
-1.4031e+06 6.9715e+01 -1.6830e+04 1.0033e+04 -6.2410e+05 -1.1312e+05
-1.6997e+07 5.7721e+01 -2.1030e+04 1.1365e+04 -3.1862e+05 -5.7340e+04
-2.9998e+07 4.2128e+01 -2.1070e+04 1.1307e+04 -4.3340e+04 -8.7436e+02
4.7738e+07 3.2825e+01 -2.1109e+04 1.1250e+04 2.6528e+03 -4.2218e+03
1.9122e+07 3.0739e+01 -2.1148e+04 1.1194e+04 -4.3941e+01 -4.3282e+03
3.3153e+07 3.3205e+01 -2.1186e+04 1.1138e+04 1.3752e+03 -4.1977e+03
5.5127e+05 3.6822e+01 -2.1222e+04 1.1083e+04 -9.8338e+02 -4.0092e+03
9.7407e+06 3.7923e+01 -2.1258e+04 1.1028e+04 -1.2988e+02 -3.8226e+03
-6.7817e+06 3.7396e+01 -2.1294e+04 1.0975e+04 -5.2780e+02 -3.6099e+03
2.6029e+06 3.6957e+01 -2.1328e+04 1.0922e+04 8.5240e+01 -3.4456e+03
-7.5343e+06 3.6683e+01 -2.1361e+04 1.0870e+04 -2.8584e+02 -3.2476e+03
-1.0487e+06 3.6545e+01 -2.1394e+04 1.0819e+04 7.9082e+01 -3.0800e+03
-7.2241e+06 3.6447e+01 -2.1425e+04 1.0768e+04 -1.7109e+02 -2.8916e+03
-2.5455e+06 3.6400e+01 -2.1456e+04 1.0719e+04 7.7739e+01 -2.7209e+03
-6.7922e+06 3.6365e+01 -2.1486e+04 1.0670e+04 -1.0953e+02 -2.5356e+03
-3.3363e+06 3.6362e+01 -2.1514e+04 1.0623e+04 4.1868e+01 -2.3599e+03
-6.1557e+06 3.6338e+01 -2.1542e+04 1.0576e+04 -4.9493e+01 -2.1749e+03
-3.9568e+06 3.6485e+01 -2.1569e+04 1.0531e+04 8.1396e+01 -1.9819e+03
-5.8522e+06 3.6902e+01 -2.1595e+04 1.0486e+04 -6.1237e+01 -1.8013e+03
1.0899e+07 3.7795e+01 2.4521e+03 3.3746e+03 7.7945e+02 5.9399e+03
1.4185e+07 3.8469e+01 2.4610e+03 3.3918e+03 7.3847e+02 5.9070e+03
1.0546e+07 3.9263e+01 2.4697e+03 3.4090e+03 -2.3975e+02 5.7983e+03
1.5981e+07 3.7575e+01 2.4785e+03 3.4263e+03 -2.7904e+02 5.7211e+03
2.0056e+07 3.3400e+01 2.4871e+03 3.4435e+03 2.9223e+02 5.6449e+03
3.0945e+07 3.0008e+01 2.4957e+03 3.4608e+03 2.1970e+03 5.5766e+03
2.2000e+07 2.9763e+01 2.5042e+03 3.4780e+03 1.1571e+03 5.5781e+03
1.2058e+07 3.2872e+01 2.5127e+03 3.4953e+03 9.8460e+02 5.6462e+03
-4.0955e+07 4.0211e+01 2.5211e+03 3.5125e+03 -2.6496e+04 6.8816e+03
-7.3401e+07 4.9921e+01 2.5267e+03 3.5282e+03 -2.3216e+05 -1.8665e+04
-3.8268e+07 5.4728e+01 2.5386e+01 4.4166e+03 -5.4082e+05 -6.3931e+04
-6.4866e+07 5.5331e+01 -4.3951e+03 5.9512e+03 -6.8856e+05 -9.2975e+04
-5.6051e+07 6.1363e+01 -8.8680e+03 7.4689e+03 -7.0102e+05 -1.0520e+05
-4.5880e+07 6.9797e+01 -1.3392e+04 8.9702e+03 -6.9274e+05 -1.0815e+05
6.7904e+05 6.7301e+01 -1.7962e+04 1.0456e+04 -5.5386e+05 -1.0008e+05
-2.4984e+07 5.3216e+01 -2.0987e+04 1.1400e+04 -2.3262e+05 -4.8803e+04
-2.5714e+06 3.8818e+01 -2.1028e+04 1.1343e+04 -1.6236e+04 -5.9429e+03
4.3945e+07 3.1553e+01 -2.1068e+04 1.1286e+04 3.9802e+03 -4.8462e+03
2.7254e+07 3.1099e+01 -2.1108e+04 1.1229e+04 6.8544e+02 -4.7500e+03
2.4258e+07 3.4553e+01 -2.1146e+04 1.1173e+04 7.8325e+02 -4.6341e+03
3.9684e+06 3.7691e+01 -2.1184e+04 1.1118e+04 -1.0186e+03 -4.3881e+03
4.0537e+06 3.8019e+01 -2.1221e+04 1.1064e+04 -4.0193e+02 -4.1703e+03
-3.8204e+06 3.7339e+01 -2.1257e+04 1.1010e+04 -3.9431e+02 -3.9904e+03
-1.5618e+06 3.6911e+01 -2.1293e+04 1.0957e+04 -8.3780e+01 -3.8257e+03
-5.7562e+06 3.6652e+01 -2.1327e+04 1.0905e+04 -2.0259e+02 -3.6491e+03
-3.2925e+06 3.6515e+01 -2.1360e+04 1.0854e+04 -2.5364e+00 -3.4786e+03
-6.0052e+06 3.6429e+01 -2.1393e+04 1.0803e+04 -9.8685e+01 -3.3017e+03
-4.1925e+06 3.6384e+01 -2.1425e+04 1.0754e+04 2.2349e+01 -3.1273e+03
-5.7772e+06 3.6359e+01 -2.1455e+04 1.0705e+04 -6.1810e+01 -2.9480e+03
-4.6710e+06 3.6354e+01 -2.1485e+04 1.0657e+04 -1.1476e+01 -2.7698e+03
-5.5052e+06 3.6338e+01 -2.1514e+04 1.0611e+04 -1.9029e+01 -2.5886e+03
-4.5459e+06 3.6857e+01 -2.1542e+04 1.0565e+04 6.1434e+01 -2.3943e+03
-5.4647e+06 3.8072e+01 -2.1568e+04 1.0520e+04 -3.0141e+01 -2.2167e+03
9.1916e+06 3.8031e+01 2.4426e+03 3.3835e+03 7.3066e+02 6.0451e+03
1.7288e+07 3.9031e+01 2.4515e+03 3.4006e+03 1.9465e+02 5.9231e+03
8.6434e+06 3.8481e+01 2.4603e+03 3.4177e+03 -5.6193e+02 5.8420e+03
2.1151e+07 3.4992e+01 2.4691e+03 3.4349e+03 7.7973e+01 5.7701e+03
1.2053e+07 3.1092e+01 2.4779e+03 3.4521e+03 5.6104e+02 5.6979e+03
2.6102e+07 2.9724e+01 2.4866e+03 3.4692e+03 1.3859e+03 5.6629e+03
-2.8764e+06 3.1432e+01 2.4952e+03 3.4864e+03 -5.9298e+02 5.5942e+03
-3.0633e+06 3.6246e+01 2.5037e+03 3.5036e+03 -6.5664e+03 6.1417e+03
-7.1545e+07 4.4730e+01 2.5122e+03 3.5207e+03 -1.0061e+05 1.9564e+04
-4.4361e+07 5.2863e+01 2.2727e+03 3.6243e+03 -3.7954e+05 1.3581e+04
-3.5009e+07 5.5127e+01 -1.5316e+03 4.9767e+03 -6.3353e+05 -1.0773e+04
-6.2734e+07 5.6231e+01 -5.5075e+03 6.3584e+03 -6.9745e+05 -3.8367e+04
-5.2671e+07 6.3902e+01 -9.9845e+03 7.8824e+03 -7.0034e+05 -7.5545e+04
-3.1079e+07 7.0399e+01 -1.4513e+04 9.3894e+03 -6.8201e+05 -9.9706e+04
3.1061e+06 6.4011e+01 -1.9089e+04 1.0881e+04 -4.7922e+05 -7.2340e+04
-2.9642e+07 4.8809e+01 -2.0943e+04 1.1434e+04 -1.5934e+05 -2.1336e+04
2.5772e+07 3.6255e+01 -2.0985e+04 1.1376e+04 -7.4002e+03 -5.8419e+03
3.3551e+07 3.1032e+01 -2.1026e+04 1.1319e+04 2.7767e+03 -5.3382e+03
3.5361e+07 3.1926e+01 -2.1067e+04 1.1263e+04 1.3176e+03 -5.1017e+03
1.1156e+07 3.5871e+01 -2.1106e+04 1.1207e+04 -3.9748e+02 -4.9604e+03
6.1897e+06 3.8159e+01 -2.1145e+04 1.1152e+04 -1.0849e+03 -4.7366e+03
-3.4667e+06 3.7857e+01 -2.1183e+04 1.1097e+04 -7.1368e+02 -4.5516e+03
-7.6104e+05 3.7182e+01 -2.1220e+04 1.1044e+04 -1.9400e+02 -4.4039e+03
-5.3503e+06 3.6794e+01 -2.1256e+04 1.0990e+04 -2.4334e+02 -4.2277e+03
-3.0129e+06 3.6580e+01 -2.1291e+04 1.0938e+04 -3.7266e+01 -4.0629e+03
-6.0449e+06 3.6462e+01 -2.1326e+04 1.0887e+04 -1.0576e+02 -3.8855e+03
-3.9992e+06 3.6403e+01 -2.1359e+04 1.0836e+04 9.1115e+00 -3.7146e+03
-5.8612e+06 3.6363e+01 -2.1392e+04 1.0787e+04 -4.7059e+01 -3.5353e+03
-4.5448e+06 3.6344e+01 -2.1424e+04 1.0738e+04 7.7169e+00 -3.3616e+03
-5.7222e+06 3.6337e+01 -2.1455e+04 1.0690e+04 -5.6924e+01 -3.1807e+03
-4.7338e+06 3.6342e+01 -2.1484e+04 1.0643e+04 2.5224e+01 -3.0041e+03
-5.4966e+06 3.7024e+01 -2.1513e+04 1.0597e+04 2.9674e+01 -2.8095e+03
-4.7561e+06 3.8517e+01 -2.1541e+04 1.0552e+04 5.8481e+00 -2.6349e+03
1.0500e+07 3.8606e+01 2.4330e+03 3.3925e+03 2.9277e+02 5.9697e+03
1.0916e+07 3.9003e+01 2.4419e+03 3.4096e+03 -3.7846e+02 5.8992e+03
1.0786e+07 3.6539e+01 2.4509e+03 3.4266e+03 -2.4748e+02 5.8440e+03
1.7996e+07 3.2372e+01 2.4597e+03 3.4437e+03 4.0673e+02 5.7782e+03
1.7671e+07 2.9903e+01 2.4686e+03 3.4608e+03 1.0912e+03 5.7458e+03
1.1528e+07 3.0497e+01 2.4773e+03 3.4779e+03 2.6723e+02 5.7033e+03
-4.2884e+06 3.3834e+01 2.4860e+03 3.4950e+03 -2.0383e+03 5.7222e+03
-3.9791e+07 4.0604e+01 2.4947e+03 3.5121e+03 -4.1583e+04 1.2036e+04
-6.8788e+07 4.9276e+01 2.5032e+03 3.5291e+03 -2.4524e+05 2.5952e+04
-2.0373e+07 5.4211e+01 7.4213e+01 4.4197e+03 -5.4109e+05 3.9332e+04
-6.1368e+07 5.4951e+01 -3.7410e+03 5.7746e+03 -6.9149e+05 4.1494e+04
-4.7509e+07 5.8794e+01 -7.6030e+03 7.1154e+03 -7.0379e+05 2.4362e+04
-6.6632e+07 6.7333e+01 -1.1511e+04 8.4424e+03 -7.0257e+05 -8.0481e+03
-3.3137e+06 6.9825e+01 -1.5630e+04 9.8102e+03 -6.5484e+05 -5.2738e+04
-4.8970e+06 5.9731e+01 -2.0213e+04 1.1306e+04 -3.9012e+05 -3.9241e+04
-2.7653e+07 4.4561e+01 -2.0899e+04 1.1466e+04 -8.9340e+04 -3.0250e+03
3.8973e+07 3.4221e+01 -2.0941e+04 1.1408e+04 -1.2751e+03 -5.7370e+03
2.7347e+07 3.0945e+01 -2.0983e+04 1.1351e+04 1.2018e+03 -5.6750e+03
3.3071e+07 3.2913e+01 -2.1025e+04 1.1294e+04 1.2629e+03 -5.4644e+03
4.6858e+06 3.6804e+01 -2.1065e+04 1.1238e+04 -1.2040e+03 -5.3332e+03
6.9363e+06 3.8202e+01 -2.1105e+04 1.1183e+04 -8.7570e+02 -5.1431e+03
-5.2806e+06 3.7581e+01 -2.1144e+04 1.1129e+04 -6.0438e+02 -4.9671e+03
3.7694e+05 3.7018e+01 -2.1182e+04 1.1075e+04 -2.6815e+01 -4.8160e+03
-6.8470e+06 3.6685e+01 -2.1219e+04 1.1022e+04 -2.7224e+02 -4.6364e+03
-2.3600e+06 3.6510e+01 -2.1255e+04 1.0969e+04 5.2327e+01 -4.4728e+03
-6.5519e+06 3.6417e+01 -2.1290e+04 1.0918e+04 -1.2448e+02 -4.2938e+03
-3.6565e+06 3.6381e+01 -2.1325e+04 1.0867e+04 5.0542e+01 -4.1257e+03
-6.3459e+06 3.6348e+01 -2.1359e+04 1.0817e+04 -7.2407e+01 -3.9458e+03
-4.1547e+06 3.6331e+01 -2.1391e+04 1.0768e+04 4.2407e+01 -3.7743e+03
-6.0972e+06 3.6329e+01 -2.1423e+04 1.0720e+04 -6.0013e+01 -3.5937e+03
-4.5435e+06 3.6441e+01 -2.1454e+04 1.0673e+04 4.8738e+01 -3.4189e+03
-5.7160e+06 3.7207e+01 -2.1484e+04 1.0627e+04 1.6636e+01 -3.2245e+03
-4.8470e+06 3.8562e+01 -2.1513e+04 1.0582e+04 1.3935e+01 -3.0506e+03
9.2574e+06 3.9013e+01 2.4233e+03 3.4018e+03 -2.7524e+02 5.9669e+03
1.0646e+07 3.7885e+01 2.4323e+03 3.4187e+03 -3.5629e+02 5.8929e+03
1.6554e+07 3.3992e+01 2.4413e+03 3.4357e+03 1.9792e+02 5.8222e+03
1.4606e+07 3.0465e+01 2.4503e+03 3.4527e+03 8.7070e+02 5.7480e+03
1.1245e+07 2.9809e+01 2.4591e+03 3.4697e+03 4.3099e+02 5.7340e+03
-4.7508e+06 3.1945e+01 2.4680e+03 3.4867e+03 -7.0777e+02 5.6567e+03
-2.5072e+07 3.7102e+01 2.4768e+03 3.5037e+03 -1.1285e+04 6.1982e+03
-6.5577e+07 4.5481e+01 2.4855e+03 3.5207e+03 -1.3478e+05 1.7199e+04
-4.1808e+07 5.2526e+01 1.6518e+03 3.8451e+03 -4.2092e+05 2.9031e+04
-3.3541e+07 5.4271e+01 -2.1172e+03 5.2210e+03 -6.4604e+05 3.7807e+04
-6.9464e+07 5.5969e+01 -5.9428e+03 6.5783e+03 -6.9907e+05 4.3684e+04
-4.3676e+07 6.3233e+01 -9.8152e+03 7.9221e+03 -7.0062e+05 4.0740e+04
-4.3045e+07 7.0215e+01 -1.3734e+04 9.2509e+03 -6.9450e+05 3.3113e+04
1.3742e+07 6.6941e+01 -1.7700e+04 1.0563e+04 -5.6943e+05 4.6862e+03
-2.0336e+07 5.3880e+01 -2.0809e+04 1.1554e+04 -2.6285e+05 -7.9812e+03
-7.8065e+06 4.0214e+01 -2.0853e+04 1.1495e+04 -3.4337e+04 -2.4062e+03
3.9411e+07 3.2515e+01 -2.0897e+04 1.1438e+04 1.6357e+03 -6.1647e+03
2.8604e+07 3.1010e+01 -2.0940e+04 1.1380e+04 7.8078e+02 -5.9884e+03
2.5790e+07 3.3875e+01 -2.0982e+04 1.1324e+04 6.6046e+02 -5.8911e+03
3.8109e+06 3.7393e+01 -2.1023e+04 1.1268e+04 -1.2778e+03 -5.7288e+03
2.7853e+06 3.8075e+01 -2.1064e+04 1.1213e+04 -7.5728e+02 -5.5502e+03
-4.3257e+06 3.7358e+01 -2.1103e+04 1.1158e+04 -3.9561e+02 -5.3781e+03
-1.7853e+06 3.6899e+01 -2.1142e+04 1.1104e+04 -7.1216e+01 -5.2202e+03
-5.6128e+06 3.6619e+01 -2.1180e+04 1.1051e+04 -1.8985e+02 -5.0452e+03
-3.4274e+06 3.6465e+01 -2.1218e+04 1.0998e+04 2.2807e+01 -4.8795e+03
-5.8615e+06 3.6390e+01 -2.1254e+04 1.0947e+04 -7.2208e+01 -4.7050e+03
-4.1761e+06 3.6362e+01 -2.1289e+04 1.0896e+04 3.2308e+01 -4.5346e+03
-5.7404e+06 3.6340e+01 -2.1324e+04 1.0846e+04 -3.7852e+01 -4.3586e+03
-4.7350e+06 3.6334e+01 -2.1358e+04 1.0797e+04 1.6528e+01 -4.1870e+03
-5.7605e+06 3.6438e+01 -2.1390e+04 1.0749e+04 -4.6034e+01 -4.0085e+03
-4.9943e+06 3.6949e+01 -2.1422e+04 1.0701e+04 2.9226e+01 -3.8327e+03
-5.6637e+06 3.8058e+01 -2.1453e+04 1.0655e+04 2.3770e+01 -3.6407e+03
-5.0749e+06 3.9176e+01 -2.1483e+04 1.0610e+04 3.7148e+00 -3.4662e+03
7.0244e+06 3.8687e+01 2.4135e+03 3.4112e+03 -4.3470e+02 5.9657e+03
1.3481e+07 3.5906e+01 2.4226e+03 3.4281e+03 1.3716e+02 5.8668e+03
1.0893e+07 3.1749e+01 2.4317e+03 3.4450e+03 4.9677e+02 5.7993e+03
1.7359e+07 2.9683e+01 2.4407e+03 3.4619e+03 1.1294e+03 5.7624e+03
1.5707e+06 3.0635e+01 2.4497e+03 3.4788e+03 -3.0516e+01 5.6812e+03
-3.1359e+06 3.4275e+01 2.4586e+03 3.4957e+03 -2.8393e+03 5.8259e+03
-5.0873e+07 4.1493e+01 2.4674e+03 3.5126e+03 -5.9526e+04 1.5988e+04
-5.7501e+07 4.9943e+01 2.4762e+03 3.5295e+03 -2.9121e+05 2.6813e+04
-2.1110e+07 5.3866e+01 -5.2212e+02 4.6492e+03 -5.7309e+05 3.7251e+04
-6.0612e+07 5.4544e+01 -4.3007e+03 6.0277e+03 -6.8979e+05 4.5160e+04
-4.8878e+07 5.9497e+01 -8.1363e+03 7.3874e+03 -6.9843e+05 4.2142e+04
-6.2101e+07 6.8027e+01 -1.2019e+04 8.7337e+03 -6.9848e+05 3.8807e+04
-1.2326e+07 7.0091e+01 -1.5949e+04 1.0063e+04 -6.4416e+05 2.5538e+04
-1.1145e+07 6.0940e+01 -1.9927e+04 1.1374e+04 -4.1131e+05 1.3750e+04
-2.4046e+07 4.6782e+01 -2.0761e+04 1.1581e+04 -1.2476e+05 3.6084e+03
2.1545e+07 3.6062e+01 -2.0807e+04 1.1523e+04 -7.3368e+03 -6.4895e+03
3.1787e+07 3.1277e+01 -2.0851e+04 1.1465e+04 1.3236e+03 -6.6897e+03
3.2387e+07 3.1405e+01 -2.0895e+04 1.1408e+04 1.1686e+03 -6.3891e+03
1.5428e+07 3.4912e+01 -2.0938e+04 1.1351e+04 -1.4300e+02 -6.2805e+03
6.1324e+06 3.7777e+01 -2.0980e+04 1.1295e+04 -9.3521e+02 -6.1221e+03
-7.5386e+05 3.7902e+01 -2.1021e+04 1.1240e+04 -7.1969e+02 -5.9543e+03
-1.7083e+06 3.7195e+01 -2.1062e+04 1.1185e+04 -1.8007e+02 -5.7917e+03
-4.1666e+06 3.6813e+01 -2.1102e+04 1.1131e+04 -1.6711e+02 -5.6235e+03
-4.2670e+06 3.6592e+01 -2.1141e+04 1.1078e+04 -9.7878e+01 -5.4561e+03
-5.0746e+06 3.6449e+01 -2.1179e+04 1.1025e+04 -4.5142e+01 -5.2868e+03
-4.4973e+06 3.6374e+01 -2.1216e+04 1.0973e+04 7.2742e-01 -5.1169e+03
-5.2099e+06 3.6345e+01 -2.1253e+04 1.0923e+04 5.1880e-03 -4.9443e+03
-5.0393e+06 3.6336e+01 -2.1288e+04 1.0872e+04 -5.5461e+00 -4.7719e+03
-5.5537e+06 3.6431e+01 -2.1323e+04 1.0823e+04 -2.5734e+01 -4.5990e+03
-5.4222e+06 3.6909e+01 -2.1357e+04 1.0775e+04 -3.3959e+01 -4.4229e+03
-5.4913e+06 3.7927e+01 -2.1390e+04 1.0727e+04 1.0136e+01 -4.2466e+03
-5.3045e+06 3.9047e+01 -2.1422e+04 1.0681e+04 4.1254e+01 -4.0577e+03
-5.6970e+06 3.9600e+01 -2.1452e+04 1.0636e+04 -2.8431e+01 -3.8846e+03
1.0156e+07 3.7504e+01 2.4036e+03 3.4208e+03 -2.3712e+01 5.9360e+03
1.4588e+07 3.3637e+01 2.4128e+03 3.4375e+03 3.6984e+02 5.8851e+03
1.5964e+07 3.0312e+01 2.4219e+03 3.4544e+03 9.7188e+02 5.7900e+03
6.5425e+06 2.9947e+01 2.4310e+03 3.4712e+03 -6.5748e+01 5.7766e+03
-6.2484e+06 3.2259e+01 2.4401e+03 3.4880e+03 -4.6158e+02 5.6815e+03
-3.4447e+07 3.7780e+01 2.4491e+03 3.5049e+03 -1.4713e+04 6.1906e+03
-6.5840e+07 4.6353e+01 2.4580e+03 3.5217e+03 -1.6863e+05 1.4351e+04
-2.9891e+07 5.2768e+01 1.0522e+03 4.0654e+03 -4.6528e+05 2.9802e+04
-4.0195e+07 5.4003e+01 -2.6877e+03 5.4584e+03 -6.6041e+05 4.2028e+04
-6.3994e+07 5.6449e+01 -6.4754e+03 6.8394e+03 -6.9551e+05 4.4062e+04
-5.2501e+07 6.4600e+01 -1.0320e+04 8.2018e+03 -6.9779e+05 4.0246e+04
-3.5991e+07 7.0729e+01 -1.4213e+04 9.5482e+03 -6.8644e+05 3.6166e+04
3.9423e+06 6.6079e+01 -1.8155e+04 1.0877e+04 -5.3320e+05 2.5455e+04
-2.4291e+07 5.2886e+01 -2.0658e+04 1.1671e+04 -2.3346e+05 1.0025e+04
3.1382e+05 4.0043e+01 -2.0713e+04 1.1606e+04 -3.5704e+04 -2.2021e+03
3.5575e+07 3.2889e+01 -2.0759e+04 1.1548e+04 -1.1561e+02 -7.1062e+03
3.3257e+07 3.0789e+01 -2.0804e+04 1.1490e+04 1.0037e+03 -7.0027e+03
2.8136e+07 3.2537e+01 -2.0849e+04 1.1433e+04 9.3066e+02 -6.8459e+03
1.1904e+07 3.6156e+01 -2.0893e+04 1.1376e+04 -5.3976e+02 -6.6762e+03
3.8879e+06 3.8017e+01 -2.0936e+04 1.1320e+04 -7.9627e+02 -6.5304e+03
-2.0934e+06 3.7696e+01 -2.0978e+04 1.1265e+04 -5.9331e+02 -6.3608e+03
-2.6621e+06 3.7118e+01 -2.1020e+04 1.1210e+04 -1.7272e+02 -6.2008e+03
-4.5181e+06 3.6974e+01 -2.1061e+04 1.1156e+04 -1.5622e+02 -6.0284e+03
-4.2750e+06 3.7000e+01 -2.1101e+04 1.1103e+04 -6.2107e+01 -5.8632e+03
-5.1474e+06 3.6894e+01 -2.1140e+04 1.1050e+04 -4.4568e+01 -5.6957e+03
-4.8631e+06 3.6632e+01 -2.1178e+04 1.0998e+04 -7.4488e+00 -5.5268e+03
-5.1886e+06 3.6416e+01 -2.1215e+04 1.0947e+04 -7.1299e+00 -5.3547e+03
-5.0949e+06 3.6432e+01 -2.1252e+04 1.0897e+04 -7.2840e+00 -5.1824e+03
-5.5371e+06 3.6860e+01 -2.1287e+04 1.0847e+04 -2.2150e+01 -5.0109e+03
-5.4006e+06 3.7786e+01 -2.1322e+04 1.0799e+04 -2.6475e+01 -4.8364e+03
-5.5268e+06 3.8802e+01 -2.1356e+04 1.0751e+04 1.2270e+01 -4.6620e+03
-5.4131e+06 3.9354e+01 -2.1389e+04 1.0705e+04 4.2154e+01 -4.4737e+03
-5.6587e+06 3.9467e+01 -2.1421e+04 1.0659e+04 -3.1221e+01 -4.3016e+03
1.5788e+07 3.5829e+01 2.3937e+03 3.4305e+03 3.6308e+02 5.8461e+03
1.0827e+07 3.1643e+01 2.4029e+03 3.4472e+03 4.7349e+02 5.8697e+03
1.5132e+07 2.9714e+01 2.4121e+03 3.4639e+03 1.1241e+03 5.8236e+03
-3.6113e+06 3.0856e+01 2.4213e+03 3.4807e+03 -4.8821e+02 5.7019e+03
-4.1245e+06 3.4689e+01 2.4304e+03 3.4974e+03 -3.0640e+03 5.9316e+03
-5.7119e+07 4.2188e+01 2.4395e+03 3.5142e+03 -6.9329e+04 1.7682e+04
-5.1733e+07 5.0371e+01 2.4485e+03 3.5309e+03 -3.2731e+05 1.8860e+04
-1.6551e+07 5.3684e+01 -1.0950e+03 4.8772e+03 -6.0217e+05 2.4213e+04
-7.0102e+07 5.4649e+01 -4.8440e+03 6.2722e+03 -6.9036e+05 4.1334e+04
-4.0315e+07 6.0499e+01 -8.6405e+03 7.6557e+03 -6.9414e+05 4.1688e+04
-6.6863e+07 6.9019e+01 -1.2494e+04 9.0196e+03 -6.9387e+05 3.7773e+04
-1.9431e+06 6.9551e+01 -1.6398e+04 1.0365e+04 -6.2301e+05 2.0295e+04
-1.7915e+07 5.8990e+01 -2.0351e+04 1.1692e+04 -3.6385e+05 1.1727e+04
-2.2296e+07 4.4846e+01 -2.0608e+04 1.1695e+04 -9.1097e+04 4.8872e+03
3.1472e+07 3.5089e+01 -2.0664e+04 1.1630e+04 -4.0654e+03 -7.9857e+03
3.2747e+07 3.1144e+01 -2.0711e+04 1.1572e+04 9.4492e+02 -7.6373e+03
3.7175e+07 3.1331e+01 -2.0757e+04 1.1514e+04 1.4667e+03 -7.3744e+03
1.8573e+07 3.4477e+01 -2.0803e+04 1.1456e+04 7.8445e+01 -7.2702e+03
1.0945e+07 3.7473e+01 -2.0847e+04 1.1400e+04 -5.4832e+02 -7.1024e+03
-3.1942e+04 3.8109e+01 -2.0891e+04 1.1343e+04 -8.1068e+02 -6.9223e+03
-2.6950e+05 3.7482e+01 -2.0934e+04 1.1288e+04 -3.3882e+02 -6.7619e+03
-4.4422e+06 3.7174e+01 -2.0977e+04 1.1233e+04 -2.2362e+02 -6.6020e+03
-3.4298e+06 3.7537e+01 -2.1018e+04 1.1179e+04 -7.9999e+01 -6.4358e+03
-5.6170e+06 3.8044e+01 -2.1059e+04 1.1125e+04 -7.9374e+01 -6.2704e+03
-4.4566e+06 3.8124e+01 -2.1099e+04 1.1073e+04 -1.1332e+01 -6.1059e+03
-5.5750e+06 3.7689e+01 -2.1138e+04 1.1021e+04 -3.4579e+01 -5.9361e+03
-4.8625e+06 3.7181e+01 -2.1177e+04 1.0969e+04 3.7485e-01 -5.7671e+03
-5.6831e+06 3.7174e+01 -2.1214e+04 1.0919e+04 -2.2683e+01 -5.5944e+03
-5.0980e+06 3.7814e+01 -2.1251e+04 1.0869e+04 5.9979e+00 -5.4251e+03
-5.6442e+06 3.8669e+01 -2.1287e+04 1.0821e+04 -2.1018e+01 -5.2511e+03
-5.1819e+06 3.9144e+01 -2.1321e+04 1.0773e+04 2.4504e+01 -5.0779e+03
-5.5634e+06 3.9226e+01 -2.1355e+04 1.0726e+04 3.4909e+01 -4.8903e+03
-5.5550e+06 3.9308e+01 -2.1388e+04 1.0681e+04 -2.3028e+01 -4.7200e+03
1.4942e+07 3.3954e+01 2.3837e+03 3.4404e+03 3.6055e+02 5.9363e+03
1.7124e+07 3.0234e+01 2.3930e+03 3.4570e+03 1.1217e+03 5.8688e+03
1.0616e+07 2.9860e+01 2.4023e+03 3.4737e+03 4.0080e+01 5.8294e+03
-5.4386e+06 3.2344e+01 2.4115e+03 3.4903e+03 -3.6409e+02 5.7132e+03
-3.5997e+07 3.8119e+01 2.4207e+03 3.5070e+03 -1.5428e+04 6.1650e+03
-6.7416e+07 4.6756e+01 2.4298e+03 3.5236e+03 -1.7942e+05 1.1153e+04
-2.4094e+07 5.2672e+01 7.5517e+02 4.1799e+03 -4.8589e+05 1.6435e+04
-3.8407e+07 5.3804e+01 -3.0762e+03 5.6343e+03 -6.7117e+05 2.0912e+04
-5.6961e+07 5.7157e+01 -6.9570e+03 7.0776e+03 -6.9297e+05 2.7201e+04
-5.2184e+07 6.5608e+01 -1.0795e+04 8.4759e+03 -6.9346e+05 3.1571e+04
-2.7436e+07 7.0628e+01 -1.4654e+04 9.8416e+03 -6.7168e+05 3.0171e+04
6.6075e+04 6.4481e+01 -1.8568e+04 1.1185e+04 -4.9215e+05 1.7684e+04
-2.9946e+07 5.0674e+01 -2.0492e+04 1.1787e+04 -1.8966e+05 1.0444e+03
7.1837e+06 3.8406e+01 -2.0553e+04 1.1720e+04 -1.8571e+04 -8.0480e+03
3.7721e+07 3.2175e+01 -2.0612e+04 1.1653e+04 1.4051e+03 -9.1554e+03
3.7611e+07 3.0799e+01 -2.0662e+04 1.1593e+04 1.2975e+03 -8.1511e+03
3.0342e+07 3.2984e+01 -2.0709e+04 1.1535e+04 1.1568e+03 -7.8146e+03
1.5624e+07 3.6597e+01 -2.0755e+04 1.1477e+04 -3.3070e+02 -7.6497e+03
5.6962e+06 3.8315e+01 -2.0801e+04 1.1421e+04 -7.2523e+02 -7.5005e+03
-3.5718e+05 3.7965e+01 -2.0845e+04 1.1364e+04 -7.0575e+02 -7.3175e+03
-2.9488e+06 3.7315e+01 -2.0890e+04 1.1309e+04 -3.0897e+02 -7.1649e+03
-3.9611e+06 3.7387e+01 -2.0933e+04 1.1254e+04 -1.8890e+02 -7.0044e+03
-4.5052e+06 3.8240e+01 -2.0975e+04 1.1200e+04 -6.6523e+01 -6.8400e+03
-4.7517e+06 3.9070e+01 -2.1017e+04 1.1146e+04 -3.3812e+01 -6.6772e+03
-5.2333e+06 3.9325e+01 -2.1058e+04 1.1093e+04 -2.8983e+01 -6.5124e+03
-5.3903e+06 3.9049e+01 -2.1098e+04 1.1041e+04 -2.8151e+01 -6.3455e+03
-5.3572e+06 3.8613e+01 -2.1137e+04 1.0990e+04 -1.2047e+01 -6.1769e+03
-5.2427e+06 3.8563e+01 -2.1176e+04 1.0939e+04 1.1105e+00 -6.0061e+03
-5.2944e+06 3.8931e+01 -2.1213e+04 1.0889e+04 1.2088e+01 -5.8366e+03
-5.3489e+06 3.9256e+01 -2.1250e+04 1.0841e+04 -9.0001e+00 -5.6639e+03
-5.4316e+06 3.9292e+01 -2.1286e+04 1.0793e+04 1.2766e+01 -5.4909e+03
-5.3959e+06 3.9239e+01 -2.1321e+04 1.0746e+04 3.8421e+01 -5.3048e+03
-5.4414e+06 3.9319e+01 -2.1354e+04 1.0700e+04 -9.4073e+00 -5.1349e+03
1.3327e+07 3.2035e+01 2.3736e+03 3.4504e+03 5.5692e+02 5.9679e+03
2.0489e+07 2.9508e+01 2.3830e+03 3.4670e+03 1.4647e+03 5.8792e+03
-3.9443e+06 3.0634e+01 2.3923e+03 3.4835e+03 -3.0579e+02 5.7369e+03
-2.1704e+06 3.4691e+01 2.4016e+03 3.5001e+03 -2.8062e+03 5.9784e+03
-5.8342e+07 4.2436e+01 2.4109e+03 3.5167e+03 -6.9293e+04 1.7572e+04
-4.9957e+07 5.0570e+01 2.4201e+03 3.5333e+03 -3.2988e+05 1.2522e+04
-1.8279e+07 5.3470e+01 -1.1502e+03 4.9158e+03 -6.0422e+05 6.5534e+03
-6.9221e+07 5.4617e+01 -4.9881e+03 6.3721e+03 -6.8823e+05 1.5531e+04
-3.8664e+07 6.1321e+01 -8.8753e+03 7.8175e+03 -6.9097e+05 1.4664e+04
-5.6004e+07 6.9560e+01 -1.2812e+04 9.2500e+03 -6.8876e+05 1.5246e+04
4.7006e+06 6.8688e+01 -1.6801e+04 1.0663e+04 -5.9617e+05 6.0665e+03
-2.0849e+07 5.7228e+01 -2.0374e+04 1.1877e+04 -3.2022e+05 5.4444e+03
-1.3615e+07 4.3237e+01 -2.0435e+04 1.1810e+04 -6.7812e+04 2.2153e+03
3.4706e+07 3.4180e+01 -2.0496e+04 1.1743e+04 -1.3488e+03 -1.0097e+04
3.2725e+07 3.0854e+01 -2.0556e+04 1.1676e+04 1.1971e+03 -9.9610e+03
3.6832e+07 3.1629e+01 -2.0612e+04 1.1612e+04 1.5206e+03 -8.8955e+03
1.9163e+07 3.5168e+01 -2.0660e+04 1.1554e+04 4.4486e+01 -8.2063e+03
1.2157e+07 3.8050e+01 -2.0707e+04 1.1496e+04 -4.9036e+02 -8.0152e+03
1.0631e+06 3.8419e+01 -2.0753e+04 1.1440e+04 -8.6517e+02 -7.8775e+03
-6.4398e+04 3.7694e+01 -2.0799e+04 1.1383e+04 -4.7261e+02 -7.7222e+03
-3.8019e+06 3.7392e+01 -2.0844e+04 1.1328e+04 -2.6152e+02 -7.5633e+03
-3.1924e+06 3.7944e+01 -2.0888e+04 1.1273e+04 -8.6166e+01 -7.4033e+03
-5.3665e+06 3.8960e+01 -2.0931e+04 1.1218e+04 -8.2422e+01 -7.2427e+03
-4.6802e+06 3.9632e+01 -2.0974e+04 1.1164e+04 -2.1580e+01 -7.0820e+03
-5.6820e+06 3.9767e+01 -2.1016e+04 1.1111e+04 -4.4955e+01 -6.9159e+03
-4.8883e+06 3.9661e+01 -2.1057e+04 1.1059e+04 3.7760e+00 -6.7515e+03
-5.6562e+06 3.9542e+01 -2.1097e+04 1.1008e+04 -1.9230e+01 -6.5841e+03
-5.2429e+06 3.9569e+01 -2.1136e+04 1.0957e+04 2.0590e+00 -6.4156e+03
-5.5819e+06 3.9663e+01 -2.1175e+04 1.0907e+04 -1.0773e+01 -6.2467e+03
-5.2458e+06 3.9687e+01 -2.1212e+04 1.0858e+04 -6.0224e+00 -6.0762e+03
-5.4243e+06 3.9629e+01 -2.1249e+04 1.0810e+04 1.2100e+01 -5.9050e+03
-5.2716e+06 3.9534e+01 -2.1285e+04 1.0763e+04 4.4115e+01 -5.7200e+03
-5.5522e+06 3.9510e+01 -2.1320e+04 1.0717e+04 -1.2048e+01 -5.5492e+03
1.8138e+07 3.0458e+01 2.3635e+03 3.4606e+03 1.3570e+03 5.9266e+03
1.4821e+07 2.9541e+01 2.3729e+03 3.4771e+03 5.4950e+02 5.8952e+03
1.3649e+06 3.2087e+01 2.3823e+03 3.4936e+03 2.8500e+01 5.7495e+03
-3.2018e+07 3.8153e+01 2.3917e+03 3.5101e+03 -1.5120e+04 6.2024e+03
-6.7753e+07 4.7030e+01 2.4010e+03 3.5265e+03 -1.7826e+05 1.1279e+04
-2.3728e+07 5.2974e+01 7.4808e+02 4.1865e+03 -4.8322e+05 1.5203e+04
-3.6906e+07 5.3868e+01 -3.0460e+03 5.6545e+03 -6.6791e+05 1.5274e+04
-5.0044e+07 5.7194e+01 -6.8899e+03 7.1126e+03 -6.8942e+05 1.4105e+04
-4.6241e+07 6.6041e+01 -1.0783e+04 8.5602e+03 -6.9011e+05 1.0446e+04
-1.6226e+07 7.0879e+01 -1.4728e+04 9.9904e+03 -6.6422e+05 3.1005e+03
4.4346e+06 6.3974e+01 -1.8724e+04 1.1401e+04 -4.6643e+05 -7.8987e+02
-2.9387e+07 4.9896e+01 -2.0316e+04 1.1899e+04 -1.6255e+05 -4.4666e+03
1.1253e+07 3.8045e+01 -2.0378e+04 1.1831e+04 -1.1421e+04 -1.0276e+04
3.2649e+07 3.2227e+01 -2.0439e+04 1.1764e+04 1.3575e+03 -1.0784e+04
3.6256e+07 3.1016e+01 -2.0500e+04 1.1697e+04 1.1502e+03 -1.0534e+04
2.5212e+07 3.3446e+01 -2.0560e+04 1.1630e+04 6.8754e+02 -9.7049e+03
1.5958e+07 3.7070e+01 -2.0610e+04 1.1571e+04 -4.4307e+02 -8.6969e+03
5.3008e+06 3.8559e+01 -2.0658e+04 1.1513e+04 -7.0873e+02 -8.3906e+03
1.1929e+06 3.8141e+01 -2.0705e+04 1.1456e+04 -6.4075e+02 -8.2696e+03
-3.0686e+06 3.7651e+01 -2.0751e+04 1.1400e+04 -4.1907e+02 -8.1271e+03
-3.5465e+06 3.7930e+01 -2.0797e+04 1.1344e+04 -1.8711e+02 -7.9688e+03
-4.8225e+06 3.8819e+01 -2.0842e+04 1.1289e+04 -9.3373e+01 -7.8091e+03
-4.4683e+06 3.9563e+01 -2.0886e+04 1.1235e+04 -3.0893e+01 -7.6508e+03
-5.3132e+06 3.9777e+01 -2.0930e+04 1.1181e+04 -4.0713e+01 -7.4870e+03
-5.1792e+06 3.9738e+01 -2.0972e+04 1.1128e+04 -2.0551e+01 -7.3247e+03
-5.6711e+06 3.9726e+01 -2.1014e+04 1.1075e+04 -2.4452e+01 -7.1601e+03
-5.2151e+06 3.9808e+01 -2.1055e+04 1.1024e+04 5.6721e+00 -6.9941e+03
-5.3791e+06 3.9942e+01 -2.1096e+04 1.0973e+04 2.1165e+00 -6.8263e+03
-5.2849e+06 4.0048e+01 -2.1135e+04 1.0923e+04 -1.0694e+00 -6.6608e+03
-5.5367e+06 4.0093e+01 -2.1174e+04 1.0874e+04 -2.2461e+01 -6.4922e+03
-5.4239e+06 4.0074e+01 -2.1211e+04 1.0825e+04 1.3932e+01 -6.3218e+03
-5.4686e+06 4.0000e+01 -2.1248e+04 1.0778e+04 3.4107e+01 -6.1357e+03
-5.3782e+06 3.9949e+01 -2.1284e+04 1.0732e+04 -1.1991e+01 -5.9682e+03
2.2542e+07 2.9645e+01 2.3533e+03 3.4710e+03 1.5548e+03 5.7731e+03
7.5754e+05 3.0334e+01 2.3627e+03 3.4873e+03 -3.4615e+01 5.7692e+03
-3.9778e+06 3.4486e+01 2.3722e+03 3.5037e+03 -2.6114e+03 6.0151e+03
-5.7923e+07 4.2639e+01 2.3816e+03 3.5201e+03 -6.8469e+04 1.7494e+04
-5.1780e+07 5.1089e+01 2.3910e+03 3.5366e+03 -3.2731e+05 1.2486e+04
-1.6877e+07 5.4033e+01 -1.1319e+03 4.9262e+03 -6.0041e+05 6.5753e+03
-6.8347e+07 5.5177e+01 -4.9316e+03 6.3957e+03 -6.8454e+05 1.5334e+04
-3.3149e+07 6.2178e+01 -8.7809e+03 7.8554e+03 -6.8749e+05 1.2405e+04
-4.9969e+07 7.0896e+01 -1.2680e+04 9.3025e+03 -6.8485e+05 7.8270e+03
1.5671e+07 7.0070e+01 -1.6633e+04 1.0730e+04 -5.9089e+05 -7.3813e+03
-1.1836e+07 5.8217e+01 -2.0205e+04 1.1978e+04 -3.0999e+05 -4.7174e+03
-7.7404e+06 4.4036e+01 -2.0258e+04 1.1918e+04 -5.9409e+04 -2.8726e+02
3.9543e+07 3.5294e+01 -2.0320e+04 1.1851e+04 -4.8559e+02 -1.0923e+04
3.0571e+07 3.2223e+01 -2.0381e+04 1.1783e+04 7.5991e+02 -1.1118e+04
3.3266e+07 3.2835e+01 -2.0443e+04 1.1716e+04 1.1026e+03 -1.0978e+04
1.4966e+07 3.6127e+01 -2.0504e+04 1.1648e+04 -4.5557e+02 -1.0436e+04
1.0913e+07 3.8718e+01 -2.0559e+04 1.1586e+04 -5.1748e+02 -9.4008e+03
1.2749e+06 3.8874e+01 -2.0608e+04 1.1528e+04 -6.7666e+02 -8.8256e+03
8.4155e+05 3.8207e+01 -2.0656e+04 1.1471e+04 -3.6208e+02 -8.6933e+03
-3.9528e+06 3.8119e+01 -2.0703e+04 1.1415e+04 -3.3942e+02 -8.5436e+03
-2.5940e+06 3.8728e+01 -2.0749e+04 1.1359e+04 -6.7164e+01 -8.3872e+03
-5.3502e+06 3.9452e+01 -2.0795e+04 1.1304e+04 -9.0093e+01 -8.2295e+03
-4.6278e+06 3.9736e+01 -2.0840e+04 1.1249e+04 -3.9935e+01 -8.0714e+03
-6.1065e+06 3.9690e+01 -2.0885e+04 1.1195e+04 -7.5653e+01 -7.9080e+03
-4.9681e+06 3.9685e+01 -2.0928e+04 1.1142e+04 -2.4738e+00 -7.7479e+03
-5.6318e+06 3.9788e+01 -2.0971e+04 1.1089e+04 -2.0079e+01 -7.5838e+03
-5.1139e+06 3.9943e+01 -2.1013e+04 1.1037e+04 1.1894e+01 -7.4196e+03
-5.7787e+06 4.0110e+01 -2.1054e+04 1.0986e+04 -1.9349e+01 -7.2526e+03
-5.3350e+06 4.0269e+01 -2.1095e+04 1.0936e+04 -6.7777e+00 -7.0881e+03
-5.6307e+06 4.0390e+01 -2.1134e+04 1.0887e+04 -2.7072e+01 -6.9171e+03
-5.2244e+06 4.0450e+01 -2.1173e+04 1.0839e+04 2.2296e+01 -6.7464e+03
-5.5415e+06 4.0483e+01 -2.1210e+04 1.0791e+04 2.6707e+01 -6.5600e+03
-5.5809e+06 4.0528e+01 -2.1247e+04 1.0744e+04 -2.6320e+01 -6.3912e+03
1.3852e+07 2.9672e+01 2.3430e+03 3.4814e+03 3.9586e+02 5.8927e+03
9.7958e+05 3.1901e+01 2.3525e+03 3.4977e+03 1.2169e+02 5.8037e+03
-2.7087e+07 3.7991e+01 2.3621e+03 3.5141e+03 -1.4790e+04 6.2236e+03
-6.7737e+07 4.7326e+01 2.3715e+03 3.5304e+03 -1.7626e+05 1.1477e+04
-2.5687e+07 5.3680e+01 7.5310e+02 4.1884e+03 -4.7931e+05 1.5294e+04
-3.7059e+07 5.4856e+01 -3.0015e+03 5.6681e+03 -6.6363e+05 1.5125e+04
-4.3274e+07 5.9236e+01 -6.8061e+03 7.1388e+03 -6.8467e+05 1.3939e+04
-3.4772e+07 6.9677e+01 -1.0660e+04 8.6000e+03 -6.8487e+05 1.0028e+04
-4.1645e+06 7.5068e+01 -1.4567e+04 1.0044e+04 -6.6070e+05 2.5699e+03
1.4864e+07 6.7449e+01 -1.8527e+04 1.1467e+04 -4.6659e+05 -1.3403e+03
-2.0020e+07 5.2455e+01 -2.0150e+04 1.1992e+04 -1.6369e+05 -4.6981e+03
1.5483e+07 4.0009e+01 -2.0205e+04 1.1931e+04 -1.1656e+04 -1.0525e+04
3.2957e+07 3.4177e+01 -2.0266e+04 1.1864e+04 8.1181e+02 -1.1485e+04
3.3638e+07 3.3279e+01 -2.0327e+04 1.1797e+04 3.9854e+02 -1.1398e+04
2.2322e+07 3.5676e+01 -2.0388e+04 1.1730e+04 -3.4820e+01 -1.1406e+04
1.3550e+07 3.9020e+01 -2.0449e+04 1.1664e+04 -8.3412e+02 -1.0989e+04
6.1501e+06 4.0296e+01 -2.0507e+04 1.1598e+04 -5.2740e+02 -9.9838e+03
2.3214e+06 3.9636e+01 -2.0557e+04 1.1541e+04 -3.0443e+02 -9.2413e+03
-2.0150e+06 3.8881e+01 -2.0606e+04 1.1484e+04 -2.9794e+02 -9.0820e+03
-3.0745e+06 3.8850e+01 -2.0654e+04 1.1427e+04 -2.0378e+02 -8.9302e+03
-5.0575e+06 3.9247e+01 -2.0701e+04 1.1371e+04 -1.1585e+02 -8.7742e+03
-4.7904e+06 3.9546e+01 -2.0748e+04 1.1316e+04 -6.0928e+01 -8.6200e+03
-5.4050e+06 3.9620e+01 -2.0794e+04 1.1261e+04 -4.8202e+01 -8.4599e+03
-5.0650e+06 3.9646e+01 -2.0839e+04 1.1207e+04 -2.6833e+00 -8.3023e+03
-5.7110e+06 3.9728e+01 -2.0883e+04 1.1154e+04 -1.0757e+01 -8.1425e+03
-5.5417e+06 3.9865e+01 -2.0927e+04 1.1101e+04 6.6052e-01 -7.9805e+03
-5.6163e+06 4.0032e+01 -2.0970e+04 1.1049e+04 3.2957e+00 -7.8164e+03
-5.2459e+06 4.0203e+01 -2.1012e+04 1.0998e+04 1.6708e+01 -7.6516e+03
-5.4820e+06 4.0368e+01 -2.1053e+04 1.0948e+04 8.3437e+00 -7.4853e+03
-5.4405e+06 4.0536e+01 -2.1093e+04 1.0898e+04 -1.3686e+00 -7.3155e+03
-5.5279e+06 4.0682e+01 -2.1133e+04 1.0849e+04 1.9100e+01 -7.1413e+03
-5.3969e+06 4.0823e+01 -2.1172e+04 1.0802e+04 4.5572e+01 -6.9669e+03
-5.5419e+06 4.0986e+01 -2.1210e+04 1.0755e+04 -8.0924e+00 -6.8204e+03
2.1188e+06 3.0380e+01 2.3326e+03 3.4921e+03 -9.9332e+01 5.9303e+03
-4.0512e+06 3.4302e+01 2.3423e+03 3.5083e+03 -2.8076e+03 6.0484e+03
-6.3653e+07 4.2195e+01 2.3518e+03 3.5245e+03 -6.7448e+04 1.7338e+04
-5.5138e+07 5.0814e+01 2.3614e+03 3.5407e+03 -3.2351e+05 1.2437e+04
-1.8677e+07 5.4130e+01 -1.1007e+03 4.9310e+03 -5.9533e+05 6.6311e+03
-6.4660e+07 5.6392e+01 -4.8598e+03 6.4116e+03 -6.7966e+05 1.5136e+04
-2.4774e+07 6.6188e+01 -8.6688e+03 7.8835e+03 -6.8175e+05 1.2015e+04
-3.9353e+07 7.7091e+01 -1.2529e+04 9.3433e+03 -6.7918e+05 7.1180e+03
2.2483e+07 7.5789e+01 -1.6442e+04 1.0782e+04 -5.8977e+05 -8.7215e+03
-6.6784e+06 6.2253e+01 -2.0041e+04 1.2064e+04 -3.1248e+05 -5.5322e+03
-7.4603e+06 4.6818e+01 -2.0094e+04 1.2004e+04 -6.0879e+04 -2.9836e+02
4.0761e+07 3.7311e+01 -2.0152e+04 1.1940e+04 -9.7924e+02 -1.1416e+04
3.0149e+07 3.4047e+01 -2.0214e+04 1.1873e+04 3.3521e+02 -1.1953e+04
3.1571e+07 3.5091e+01 -2.0276e+04 1.1806e+04 4.9367e+02 -1.1869e+04
1.1247e+07 3.8664e+01 -2.0337e+04 1.1739e+04 -1.3216e+03 -1.1828e+04
8.9047e+06 4.1256e+01 -2.0398e+04 1.1672e+04 -1.1559e+03 -1.1300e+04
-7.0857e+05 4.1491e+01 -2.0455e+04 1.1609e+04 -7.5088e+02 -1.0311e+04
1.2362e+06 4.0579e+01 -2.0505e+04 1.1551e+04 -2.0090e+02 -9.6877e+03
-3.4242e+06 3.9769e+01 -2.0555e+04 1.1494e+04 -2.4311e+02 -9.5223e+03
-2.0019e+06 3.9541e+01 -2.0604e+04 1.1438e+04 -1.5502e+01 -9.3723e+03
-4.6309e+06 3.9597e+01 -2.0652e+04 1.1381e+04 -4.5527e+01 -9.2186e+03
-4.2521e+06 3.9621e+01 -2.0699e+04 1.1326e+04 -1.0988e+01 -9.0688e+03
-6.2937e+06 3.9659e+01 -2.0746e+04 1.1271e+04 -8.2110e+01 -8.9100e+03
-5.3784e+06 3.9757e+01 -2.0792e+04 1.1217e+04 5.6076e-01 -8.7537e+03
-5.8813e+06 3.9845e+01 -2.0837e+04 1.1163e+04 -7.8410e+00 -8.5927e+03
-5.0606e+06 3.9954e+01 -2.0882e+04 1.1111e+04 4.2337e+01 -8.4320e+03
-5.8182e+06 4.0111e+01 -2.0926e+04 1.1058e+04 4.5109e-01 -8.2689e+03
-5.6111e+06 4.0283e+01 -2.0969e+04 1.1007e+04 1.1007e+01 -8.1052e+03
-5.7834e+06 4.0444e+01 -2.1011e+04 1.0957e+04 1.2581e+00 -7.9389e+03
-5.3179e+06 4.0624e+01 -2.1052e+04 1.0907e+04 2.6761e+01 -7.7711e+03
-5.3580e+06 4.0815e+01 -2.1092e+04 1.0858e+04 3.4593e+01 -7.6144e+03
-5.4020e+06 4.1004e+01 -2.1132e+04 1.0810e+04 3.5226e+01 -7.4176e+03
-5.7597e+06 4.1213e+01 -2.1171e+04 1.0763e+04 -1.4712e+01 -7.2150e+03
1.9627e+06 3.1766e+01 2.3223e+03 3.5028e+03 5.1318e+02 5.8772e+03
-2.7564e+07 3.7727e+01 2.3319e+03 3.5189e+03 -1.4370e+04 6.2337e+03
-6.2852e+07 4.6536e+01 2.3415e+03 3.5351e+03 -1.7305e+05 1.1692e+04
-2.6667e+07 5.2591e+01 7.6977e+02 4.1855e+03 -4.7346e+05 1.5334e+04
-3.8861e+07 5.3551e+01 -2.9431e+03 5.6749e+03 -6.5839e+05 1.4844e+04
-4.7374e+07 5.8302e+01 -6.7062e+03 7.1563e+03 -6.8013e+05 1.3668e+04
-3.1252e+07 7.1301e+01 -1.0519e+04 8.6291e+03 -6.7987e+05 9.6514e+03
-8.1522e+05 7.9109e+01 -1.4385e+04 1.0084e+04 -6.5773e+05 2.4667e+03
1.7809e+07 7.1352e+01 -1.8306e+04 1.1518e+04 -4.6905e+05 -1.9039e+03
-2.3307e+07 5.5165e+01 -1.9983e+04 1.2073e+04 -1.6705e+05 -5.5438e+03
1.1672e+07 4.1917e+01 -2.0037e+04 1.2013e+04 -1.2332e+04 -1.0986e+04
2.8086e+07 3.5700e+01 -2.0099e+04 1.1947e+04 5.7393e+02 -1.2172e+04
2.7896e+07 3.4797e+01 -2.0161e+04 1.1880e+04 -7.9688e+00 -1.2216e+04
1.6401e+07 3.7563e+01 -2.0224e+04 1.1812e+04 -5.3055e+02 -1.2237e+04
7.7445e+06 4.1086e+01 -2.0286e+04 1.1745e+04 -1.6414e+03 -1.2088e+04
1.4655e+06 4.2452e+01 -2.0348e+04 1.1678e+04 -1.2475e+03 -1.1363e+04
6.3627e+05 4.2171e+01 -2.0402e+04 1.1618e+04 -5.1451e+02 -1.0421e+04
-2.5731e+06 4.1422e+01 -2.0453e+04 1.1560e+04 -2.7107e+02 -1.0038e+04
-3.3233e+06 4.0698e+01 -2.0503e+04 1.1503e+04 -1.6465e+02 -9.8887e+03
-4.5123e+06 4.0349e+01 -2.0553e+04 1.1446e+04 -1.0358e+02 -9.7359e+03
-5.1066e+06 4.0253e+01 -2.0602e+04 1.1390e+04 -7.0178e+01 -9.5850e+03
-5.4039e+06 4.0144e+01 -2.0650e+04 1.1334e+04 -6.5442e+01 -9.4302e+03
-5.0069e+06 4.0066e+01 -2.0698e+04 1.1279e+04 -7.3840e+00 -9.2745e+03
-5.2881e+06 4.0066e+01 -2.0744e+04 1.1225e+04 -5.1842e-01 -9.1186e+03
-5.6759e+06 4.0074e+01 -2.0790e+04 1.1171e+04 -1.4873e+01 -8.9616e+03
-6.0481e+06 4.0099e+01 -2.0836e+04 1.1118e+04 -3.4465e+01 -8.8021e+03
-5.7662e+06 4.0211e+01 -2.0880e+04 1.1066e+04 -1.7806e+01 -8.6402e+03
-5.4885e+06 4.0387e+01 -2.0924e+04 1.1014e+04 2.1820e+00 -8.4774e+03
-5.5440e+06 4.0559e+01 -2.0967e+04 1.0964e+04 -1.3715e-01 -8.3128e+03
-5.6718e+06 4.0740e+01 -2.1010e+04 1.0914e+04 -1.5170e+01 -8.1473e+03
-5.7751e+06 4.0938e+01 -2.1051e+04 1.0865e+04 -4.2677e+00 -7.9837e+03
-5.4844e+06 4.1128e+01 -2.1091e+04 1.0817e+04 -4.2321e+00 -7.8154e+03
-5.4305e+06 4.1323e+01 -2.1131e+04 1.0769e+04 1.8809e+00 -7.6360e+03
