  1    1089
-4.6051e+06 4.1194e+01 -2.3684e+03 -9.4058e+03 -3.9110e+00 -5.9537e+03
-4.5863e+06 4.0991e+01 -2.3684e+03 -9.4296e+03 2.0860e+00 -5.8002e+03
-4.5804e+06 4.0812e+01 -2.3684e+03 -9.4528e+03 1.6728e+00 -5.6480e+03
-4.5827e+06 4.0632e+01 -2.3684e+03 -9.4754e+03 -1.9938e-01 -5.4929e+03
-4.5818e+06 4.0467e+01 -2.3684e+03 -9.4974e+03 8.1892e-01 -5.3409e+03
-4.5837e+06 4.0330e+01 -2.3684e+03 -9.5187e+03 7.9149e-01 -5.1854e+03
-4.5880e+06 4.0215e+01 -2.3684e+03 -9.5394e+03 3.3954e-01 -5.0331e+03
-4.5901e+06 4.0112e+01 -2.3684e+03 -9.5594e+03 4.5886e-01 -4.8768e+03
-4.5928e+06 4.0003e+01 -2.3684e+03 -9.5788e+03 5.0740e-01 -4.7239e+03
-4.5930e+06 3.9876e+01 -2.3684e+03 -9.5976e+03 5.1145e-01 -4.5675e+03
-4.5973e+06 3.9741e+01 -2.3684e+03 -9.6157e+03 5.4320e-01 -4.4146e+03
-4.5951e+06 3.9614e+01 -2.3684e+03 -9.6332e+03 6.6127e-01 -4.2579e+03
-4.5974e+06 3.9489e+01 -2.3684e+03 -9.6501e+03 6.7363e-01 -4.1047e+03
-4.5915e+06 3.9349e+01 -2.3684e+03 -9.6663e+03 3.2490e-01 -3.9475e+03
-4.5902e+06 3.9269e+01 -2.3684e+03 -9.6818e+03 -3.4441e-01 -3.7938e+03
-4.5662e+06 3.9436e+01 -2.3684e+03 -9.6967e+03 -3.4191e-01 -3.6369e+03
-4.5412e+06 3.9858e+01 -2.3684e+03 -9.7110e+03 5.2733e-01 -3.4837e+03
-4.5101e+06 4.0278e+01 -2.3684e+03 -9.7246e+03 1.2433e+00 -3.3276e+03
-4.4920e+06 4.0521e+01 -2.3684e+03 -9.7376e+03 1.3608e+00 -3.1755e+03
-4.4751e+06 4.0596e+01 -2.3684e+03 -9.7499e+03 1.1541e+00 -3.0194e+03
-4.4775e+06 4.0540e+01 -2.3684e+03 -9.7616e+03 1.0809e+00 -2.8667e+03
-4.4761e+06 4.0412e+01 -2.3684e+03 -9.7726e+03 1.1306e+00 -2.7112e+03
-4.4885e+06 4.0284e+01 -2.3684e+03 -9.7831e+03 1.0268e+00 -2.5589e+03
-4.4936e+06 4.0176e+01 -2.3684e+03 -9.7929e+03 8.1845e-01 -2.4038e+03
-4.5064e+06 4.0087e+01 -2.3684e+03 -9.8020e+03 6.5508e-01 -2.2517e+03
-4.5097e+06 4.0013e+01 -2.3684e+03 -9.8106e+03 8.3786e-01 -2.0971e+03
-4.5208e+06 3.9934e+01 -2.3684e+03 -9.8185e+03 1.2584e+00 -1.9463e+03
-4.5290e+06 3.9838e+01 -2.3684e+03 -9.8258e+03 4.9640e-01 -1.7933e+03
-4.5390e+06 3.9730e+01 -2.3684e+03 -9.8325e+03 2.9203e+00 -1.6421e+03
-4.5590e+06 3.9618e+01 -2.3684e+03 -9.8387e+03 4.3163e+00 -1.4894e+03
-4.6436e+06 3.9511e+01 -2.3684e+03 -9.8442e+03 -8.6755e+00 -1.3398e+03
-4.6779e+06 3.9405e+01 -2.3684e+03 -9.8491e+03 -1.5355e+01 -1.1887e+03
-4.5958e+06 3.9276e+01 -2.3684e+03 -9.8534e+03 7.1490e-01 -1.0401e+03
-4.5618e+06 4.1654e+01 -2.4709e+03 -9.3791e+03 -1.6095e-01 -5.9686e+03
-4.5431e+06 4.1390e+01 -2.4692e+03 -9.4036e+03 6.1648e+00 -5.8159e+03
-4.5467e+06 4.1121e+01 -2.4676e+03 -9.4274e+03 1.3649e+00 -5.6677e+03
-4.5562e+06 4.0862e+01 -2.4660e+03 -9.4506e+03 -2.1883e+00 -5.5128e+03
-4.5602e+06 4.0668e+01 -2.4644e+03 -9.4731e+03 -3.3485e-01 -5.3596e+03
-4.5607e+06 4.0540e+01 -2.4629e+03 -9.4949e+03 -4.2055e-01 -5.2047e+03
-4.5677e+06 4.0428e+01 -2.4614e+03 -9.5161e+03 -7.8882e-01 -5.0510e+03
-4.5699e+06 4.0308e+01 -2.4600e+03 -9.5367e+03 -6.3788e-01 -4.8957e+03
-4.5743e+06 4.0188e+01 -2.4586e+03 -9.5566e+03 -7.1390e-01 -4.7416e+03
-4.5770e+06 4.0069e+01 -2.4573e+03 -9.5758e+03 -7.3361e-01 -4.5859e+03
-4.5784e+06 3.9945e+01 -2.4560e+03 -9.5944e+03 -6.2390e-01 -4.4315e+03
-4.5788e+06 3.9818e+01 -2.4547e+03 -9.6123e+03 -6.8648e-01 -4.2755e+03
-4.5780e+06 3.9693e+01 -2.4535e+03 -9.6295e+03 -7.1992e-01 -4.1214e+03
-4.5782e+06 3.9578e+01 -2.4523e+03 -9.6461e+03 -8.7413e-01 -3.9655e+03
-4.5684e+06 3.9562e+01 -2.4511e+03 -9.6620e+03 -1.3084e+00 -3.8112e+03
-4.5523e+06 3.9810e+01 -2.4500e+03 -9.6773e+03 -9.4147e-01 -3.6554e+03
-4.5196e+06 4.0273e+01 -2.4488e+03 -9.6919e+03 3.4913e-01 -3.5003e+03
-4.4838e+06 4.0668e+01 -2.4478e+03 -9.7058e+03 1.0145e+00 -3.3435e+03
-4.4584e+06 4.0850e+01 -2.4467e+03 -9.7191e+03 1.1463e+00 -3.1889e+03
-4.4513e+06 4.0863e+01 -2.4457e+03 -9.7317e+03 7.6436e-01 -3.0332e+03
-4.4527e+06 4.0763e+01 -2.4446e+03 -9.7437e+03 1.3354e-01 -2.8795e+03
-4.4641e+06 4.0615e+01 -2.4437e+03 -9.7550e+03 -1.6200e-02 -2.7245e+03
-4.4699e+06 4.0476e+01 -2.4427e+03 -9.7657e+03 -7.9136e-02 -2.5707e+03
-4.4809e+06 4.0363e+01 -2.4418e+03 -9.7757e+03 -5.3548e-01 -2.4165e+03
-4.4892e+06 4.0277e+01 -2.4408e+03 -9.7851e+03 -3.8622e-01 -2.2640e+03
-4.4989e+06 4.0206e+01 -2.4399e+03 -9.7939e+03 2.0926e-01 -2.1101e+03
-4.5026e+06 4.0129e+01 -2.4391e+03 -9.8020e+03 5.6168e-01 -1.9573e+03
-4.5158e+06 4.0033e+01 -2.4382e+03 -9.8095e+03 -2.3248e-01 -1.8040e+03
-4.5213e+06 3.9925e+01 -2.4373e+03 -9.8164e+03 1.5358e+00 -1.6517e+03
-4.5398e+06 3.9810e+01 -2.4365e+03 -9.8227e+03 4.3839e+00 -1.5010e+03
-4.5978e+06 3.9694e+01 -2.4357e+03 -9.8284e+03 -5.4065e+00 -1.3508e+03
-4.6256e+06 3.9574e+01 -2.4349e+03 -9.8334e+03 -1.2732e+01 -1.2013e+03
-4.5798e+06 3.9442e+01 -2.4342e+03 -9.8379e+03 -5.9518e-01 -1.0438e+03
-4.5134e+06 4.2150e+01 -2.5731e+03 -9.3514e+03 2.0864e+00 -5.9717e+03
-4.5028e+06 4.1885e+01 -2.5697e+03 -9.3765e+03 9.6427e+00 -5.8142e+03
-4.5093e+06 4.1526e+01 -2.5664e+03 -9.4010e+03 2.6453e+00 -5.6619e+03
-4.5314e+06 4.1151e+01 -2.5632e+03 -9.4248e+03 -1.7313e+00 -5.5076e+03
-4.5350e+06 4.0905e+01 -2.5601e+03 -9.4479e+03 -1.0075e-01 -5.3527e+03
-4.5401e+06 4.0781e+01 -2.5571e+03 -9.4703e+03 -6.2157e-01 -5.1979e+03
-4.5460e+06 4.0661e+01 -2.5542e+03 -9.4920e+03 -8.6292e-01 -5.0425e+03
-4.5515e+06 4.0515e+01 -2.5514e+03 -9.5131e+03 -7.8475e-01 -4.8871e+03
-4.5570e+06 4.0384e+01 -2.5487e+03 -9.5335e+03 -1.0468e+00 -4.7313e+03
-4.5608e+06 4.0277e+01 -2.5460e+03 -9.5532e+03 -9.6033e-01 -4.5757e+03
-4.5635e+06 4.0159e+01 -2.5434e+03 -9.5722e+03 -9.4574e-01 -4.4195e+03
-4.5637e+06 4.0022e+01 -2.5409e+03 -9.5906e+03 -8.8455e-01 -4.2637e+03
-4.5618e+06 3.9888e+01 -2.5384e+03 -9.6083e+03 -9.7467e-01 -4.1075e+03
-4.5541e+06 3.9795e+01 -2.5360e+03 -9.6252e+03 -1.3920e+00 -3.9514e+03
-4.5410e+06 3.9865e+01 -2.5336e+03 -9.6416e+03 -1.6830e+00 -3.7952e+03
-4.5096e+06 4.0230e+01 -2.5314e+03 -9.6572e+03 -1.1701e+00 -3.6393e+03
-4.4750e+06 4.0752e+01 -2.5291e+03 -9.6721e+03 -2.0740e-01 -3.4833e+03
-4.4480e+06 4.1131e+01 -2.5270e+03 -9.6864e+03 9.8054e-01 -3.3278e+03
-4.4268e+06 4.1263e+01 -2.5249e+03 -9.7000e+03 1.9596e+00 -3.1721e+03
-4.4218e+06 4.1196e+01 -2.5228e+03 -9.7130e+03 1.5235e+00 -3.0167e+03
-4.4341e+06 4.1010e+01 -2.5208e+03 -9.7252e+03 -1.4293e-02 -2.8613e+03
-4.4464e+06 4.0811e+01 -2.5188e+03 -9.7368e+03 -8.8848e-01 -2.7062e+03
-4.4592e+06 4.0654e+01 -2.5169e+03 -9.7478e+03 -9.9830e-01 -2.5512e+03
-4.4704e+06 4.0539e+01 -2.5150e+03 -9.7581e+03 -1.1049e+00 -2.3966e+03
-4.4778e+06 4.0458e+01 -2.5132e+03 -9.7677e+03 -9.9458e-01 -2.2421e+03
-4.4862e+06 4.0388e+01 -2.5114e+03 -9.7767e+03 -6.0641e-01 -2.0883e+03
-4.4943e+06 4.0307e+01 -2.5096e+03 -9.7850e+03 -2.3038e-01 -1.9348e+03
-4.5060e+06 4.0210e+01 -2.5079e+03 -9.7928e+03 -9.4970e-01 -1.7816e+03
-4.5119e+06 4.0096e+01 -2.5062e+03 -9.7998e+03 1.0518e+00 -1.6281e+03
-4.5194e+06 3.9971e+01 -2.5046e+03 -9.8063e+03 6.6999e+00 -1.4768e+03
-4.5527e+06 3.9854e+01 -2.5030e+03 -9.8121e+03 2.4317e-01 -1.3235e+03
-4.5813e+06 3.9745e+01 -2.5014e+03 -9.8173e+03 -6.6255e+00 -1.1790e+03
-4.5664e+06 3.9628e+01 -2.4999e+03 -9.8220e+03 4.4850e+00 -1.0244e+03
-4.4804e+06 4.2553e+01 -2.6748e+03 -9.3227e+03 1.8015e+00 -5.9718e+03
-4.4650e+06 4.2339e+01 -2.6698e+03 -9.3485e+03 1.0083e+01 -5.8145e+03
-4.4927e+06 4.2019e+01 -2.6649e+03 -9.3736e+03 2.5802e+00 -5.6620e+03
-4.5102e+06 4.1649e+01 -2.6601e+03 -9.3980e+03 -1.0417e+00 -5.5067e+03
-4.5069e+06 4.1359e+01 -2.6555e+03 -9.4218e+03 1.7896e+00 -5.3513e+03
-4.5059e+06 4.1156e+01 -2.6510e+03 -9.4448e+03 3.6111e-01 -5.1956e+03
-4.5190e+06 4.0952e+01 -2.6467e+03 -9.4671e+03 -6.7899e-01 -5.0397e+03
-4.5247e+06 4.0741e+01 -2.6425e+03 -9.4887e+03 -6.9783e-01 -4.8835e+03
-4.5340e+06 4.0585e+01 -2.6384e+03 -9.5096e+03 -9.8900e-01 -4.7271e+03
-4.5383e+06 4.0480e+01 -2.6344e+03 -9.5299e+03 -8.2200e-01 -4.5706e+03
-4.5418e+06 4.0364e+01 -2.6305e+03 -9.5494e+03 -7.2695e-01 -4.4140e+03
-4.5415e+06 4.0226e+01 -2.6267e+03 -9.5682e+03 -6.6573e-01 -4.2572e+03
-4.5399e+06 4.0107e+01 -2.6230e+03 -9.5863e+03 -6.6431e-01 -4.1005e+03
-4.5340e+06 4.0064e+01 -2.6195e+03 -9.6037e+03 -1.0764e+00 -3.9437e+03
-4.5153e+06 4.0231e+01 -2.6160e+03 -9.6204e+03 -1.3117e+00 -3.7869e+03
-4.4888e+06 4.0682e+01 -2.6125e+03 -9.6364e+03 -6.2820e-01 -3.6302e+03
-4.4528e+06 4.1219e+01 -2.6092e+03 -9.6518e+03 2.0876e-01 -3.4736e+03
-4.4163e+06 4.1586e+01 -2.6060e+03 -9.6664e+03 1.2593e+00 -3.3171e+03
-4.3934e+06 4.1703e+01 -2.6028e+03 -9.6804e+03 2.4314e+00 -3.1607e+03
-4.3948e+06 4.1577e+01 -2.5997e+03 -9.6936e+03 1.9513e+00 -3.0044e+03
-4.4099e+06 4.1305e+01 -2.5967e+03 -9.7062e+03 2.7075e-01 -2.8484e+03
-4.4299e+06 4.1040e+01 -2.5938e+03 -9.7181e+03 -6.7359e-01 -2.6926e+03
-4.4415e+06 4.0846e+01 -2.5909e+03 -9.7293e+03 -9.7111e-01 -2.5370e+03
-4.4546e+06 4.0726e+01 -2.5881e+03 -9.7399e+03 -1.1425e+00 -2.3817e+03
-4.4640e+06 4.0656e+01 -2.5854e+03 -9.7498e+03 -7.1172e-01 -2.2267e+03
-4.4740e+06 4.0586e+01 -2.5827e+03 -9.7590e+03 -1.1233e-01 -2.0721e+03
-4.4795e+06 4.0487e+01 -2.5801e+03 -9.7676e+03 4.6687e-02 -1.9180e+03
-4.4927e+06 4.0368e+01 -2.5775e+03 -9.7755e+03 -1.1602e+00 -1.7640e+03
-4.4967e+06 4.0238e+01 -2.5750e+03 -9.7828e+03 2.9620e-01 -1.6100e+03
-4.5040e+06 4.0111e+01 -2.5725e+03 -9.7894e+03 6.8613e+00 -1.4577e+03
-4.5606e+06 4.0017e+01 -2.5701e+03 -9.7954e+03 -4.4609e-01 -1.3040e+03
-4.6314e+06 3.9942e+01 -2.5678e+03 -9.8008e+03 -1.1295e+01 -1.1580e+03
-4.6051e+06 3.9844e+01 -2.5655e+03 -9.8056e+03 3.1020e+00 -1.0024e+03
-4.4472e+06 4.2830e+01 -2.7760e+03 -9.2929e+03 1.7580e+00 -5.9727e+03
-4.4512e+06 4.2660e+01 -2.7693e+03 -9.3195e+03 8.8814e+00 -5.8146e+03
-4.5102e+06 4.2462e+01 -2.7629e+03 -9.3453e+03 -2.4518e+00 -5.6613e+03
-4.5293e+06 4.2210e+01 -2.7566e+03 -9.3704e+03 -5.6138e+00 -5.5053e+03
-4.4808e+06 4.1924e+01 -2.7505e+03 -9.3948e+03 1.7680e+00 -5.3491e+03
-4.4739e+06 4.1644e+01 -2.7446e+03 -9.4184e+03 1.1275e+00 -5.1927e+03
-4.4869e+06 4.1375e+01 -2.7388e+03 -9.4413e+03 -6.3874e-01 -5.0361e+03
-4.4966e+06 4.1114e+01 -2.7332e+03 -9.4635e+03 -6.4924e-01 -4.8792e+03
-4.5065e+06 4.0893e+01 -2.7277e+03 -9.4850e+03 -1.1048e+00 -4.7220e+03
-4.5147e+06 4.0722e+01 -2.7225e+03 -9.5058e+03 -1.1702e+00 -4.5649e+03
-4.5210e+06 4.0570e+01 -2.7173e+03 -9.5258e+03 -1.1310e+00 -4.4076e+03
-4.5217e+06 4.0444e+01 -2.7123e+03 -9.5451e+03 -9.6416e-01 -4.2500e+03
-4.5156e+06 4.0385e+01 -2.7074e+03 -9.5637e+03 -8.1217e-01 -4.0926e+03
-4.5000e+06 4.0438e+01 -2.7026e+03 -9.5815e+03 -8.1771e-01 -3.9352e+03
-4.4768e+06 4.0700e+01 -2.6980e+03 -9.5986e+03 -7.1855e-01 -3.7777e+03
-4.4391e+06 4.1179e+01 -2.6935e+03 -9.6151e+03 2.0752e-02 -3.6203e+03
-4.4054e+06 4.1675e+01 -2.6891e+03 -9.6308e+03 5.5232e-01 -3.4629e+03
-4.3844e+06 4.2003e+01 -2.6848e+03 -9.6458e+03 9.6469e-01 -3.3057e+03
-4.3719e+06 4.2096e+01 -2.6806e+03 -9.6601e+03 1.4001e+00 -3.1485e+03
-4.3746e+06 4.1946e+01 -2.6765e+03 -9.6737e+03 1.0864e+00 -2.9917e+03
-4.3894e+06 4.1649e+01 -2.6725e+03 -9.6866e+03 3.8187e-01 -2.8349e+03
-4.4056e+06 4.1339e+01 -2.6686e+03 -9.6988e+03 -2.3122e-01 -2.6784e+03
-4.4237e+06 4.1092e+01 -2.6647e+03 -9.7103e+03 -8.7538e-01 -2.5222e+03
-4.4382e+06 4.0940e+01 -2.6610e+03 -9.7211e+03 -1.1997e+00 -2.3662e+03
-4.4461e+06 4.0853e+01 -2.6574e+03 -9.7313e+03 -5.9812e-01 -2.2106e+03
-4.4558e+06 4.0760e+01 -2.6538e+03 -9.7408e+03 1.6656e-01 -2.0553e+03
-4.4651e+06 4.0642e+01 -2.6503e+03 -9.7496e+03 1.9879e-01 -1.9005e+03
-4.4787e+06 4.0521e+01 -2.6469e+03 -9.7577e+03 -1.2129e+00 -1.7459e+03
-4.4836e+06 4.0407e+01 -2.6436e+03 -9.7652e+03 4.3886e-01 -1.5913e+03
-4.5040e+06 4.0299e+01 -2.6403e+03 -9.7721e+03 6.5357e+00 -1.4385e+03
-4.6273e+06 4.0217e+01 -2.6371e+03 -9.7782e+03 -8.8670e+00 -1.2842e+03
-4.7566e+06 4.0146e+01 -2.6340e+03 -9.7838e+03 -3.0241e+01 -1.1376e+03
-4.6857e+06 4.0038e+01 -2.6309e+03 -9.7887e+03 -1.0345e+01 -9.8124e+02
-4.4228e+06 4.3087e+01 -2.8767e+03 -9.2622e+03 2.2456e+00 -5.9729e+03
-4.4267e+06 4.2927e+01 -2.8684e+03 -9.2895e+03 8.8562e+00 -5.8143e+03
-4.4865e+06 4.2777e+01 -2.8603e+03 -9.3161e+03 -2.2319e+00 -5.6605e+03
-4.4961e+06 4.2592e+01 -2.8525e+03 -9.3419e+03 -5.5353e+00 -5.5037e+03
-4.4490e+06 4.2359e+01 -2.8450e+03 -9.3669e+03 1.6132e+00 -5.3469e+03
-4.4388e+06 4.2128e+01 -2.8376e+03 -9.3912e+03 1.2493e+00 -5.1898e+03
-4.4502e+06 4.1917e+01 -2.8304e+03 -9.4148e+03 1.8349e-01 -5.0323e+03
-4.4545e+06 4.1673e+01 -2.8235e+03 -9.4376e+03 8.4840e-01 -4.8748e+03
-4.4667e+06 4.1378e+01 -2.8167e+03 -9.4596e+03 2.5185e-01 -4.7170e+03
-4.4833e+06 4.1081e+01 -2.8101e+03 -9.4809e+03 -6.5780e-01 -4.5591e+03
-4.4945e+06 4.0834e+01 -2.8037e+03 -9.5015e+03 -1.2057e+00 -4.4011e+03
-4.4977e+06 4.0698e+01 -2.7975e+03 -9.5213e+03 -1.2026e+00 -4.2428e+03
-4.4898e+06 4.0716e+01 -2.7914e+03 -9.5403e+03 -9.2355e-01 -4.0847e+03
-4.4754e+06 4.0879e+01 -2.7855e+03 -9.5586e+03 -5.2869e-01 -3.9265e+03
-4.4473e+06 4.1196e+01 -2.7797e+03 -9.5762e+03 -2.4686e-01 -3.7683e+03
-4.4204e+06 4.1635e+01 -2.7741e+03 -9.5931e+03 2.5140e-01 -3.6102e+03
-4.3872e+06 4.2062e+01 -2.7686e+03 -9.6092e+03 7.9441e-01 -3.4521e+03
-4.3589e+06 4.2351e+01 -2.7633e+03 -9.6246e+03 1.2469e+00 -3.2942e+03
-4.3461e+06 4.2419e+01 -2.7580e+03 -9.6393e+03 1.1250e+00 -3.1364e+03
-4.3543e+06 4.2272e+01 -2.7529e+03 -9.6532e+03 5.9068e-01 -2.9788e+03
-4.3655e+06 4.2011e+01 -2.7480e+03 -9.6664e+03 5.8300e-01 -2.8215e+03
-4.3855e+06 4.1719e+01 -2.7431e+03 -9.6790e+03 3.9830e-01 -2.6642e+03
-4.3990e+06 4.1462e+01 -2.7384e+03 -9.6908e+03 -4.5047e-01 -2.5073e+03
-4.4157e+06 4.1282e+01 -2.7337e+03 -9.7019e+03 -1.0239e+00 -2.3507e+03
-4.4268e+06 4.1139e+01 -2.7292e+03 -9.7123e+03 -5.0960e-01 -2.1944e+03
-4.4398e+06 4.0974e+01 -2.7247e+03 -9.7221e+03 1.7554e-01 -2.0385e+03
-4.4460e+06 4.0812e+01 -2.7204e+03 -9.7311e+03 4.1842e-01 -1.8829e+03
-4.4602e+06 4.0699e+01 -2.7162e+03 -9.7395e+03 -3.5720e-01 -1.7277e+03
-4.4616e+06 4.0618e+01 -2.7120e+03 -9.7472e+03 2.7451e+00 -1.5724e+03
-4.4856e+06 4.0523e+01 -2.7079e+03 -9.7542e+03 1.0965e+01 -1.4189e+03
-4.6182e+06 4.0419e+01 -2.7040e+03 -9.7606e+03 -5.6033e+00 -1.2642e+03
-4.7567e+06 4.0318e+01 -2.7001e+03 -9.7664e+03 -3.3472e+01 -1.1168e+03
-4.6918e+06 4.0194e+01 -2.6963e+03 -9.7715e+03 -1.8070e+01 -9.5961e+02
-4.4069e+06 4.3365e+01 -2.9767e+03 -9.2305e+03 2.4091e+00 -5.9730e+03
-4.4020e+06 4.3192e+01 -2.9668e+03 -9.2586e+03 8.3806e+00 -5.8137e+03
-4.4208e+06 4.3033e+01 -2.9573e+03 -9.2859e+03 1.5556e+00 -5.6593e+03
-4.4224e+06 4.2866e+01 -2.9480e+03 -9.3125e+03 -5.4143e-01 -5.5016e+03
-4.4105e+06 4.2688e+01 -2.9389e+03 -9.3383e+03 2.1657e+00 -5.3442e+03
-4.4116e+06 4.2524e+01 -2.9301e+03 -9.3632e+03 8.3468e-01 -5.1864e+03
-4.4161e+06 4.2369e+01 -2.9216e+03 -9.3874e+03 9.2446e-01 -5.0282e+03
-4.4127e+06 4.2165e+01 -2.9133e+03 -9.4108e+03 2.3246e+00 -4.8700e+03
-4.4268e+06 4.1868e+01 -2.9053e+03 -9.4335e+03 1.8611e+00 -4.7114e+03
-4.4489e+06 4.1492e+01 -2.8974e+03 -9.4554e+03 1.6743e-01 -4.5529e+03
-4.4707e+06 4.1126e+01 -2.8898e+03 -9.4765e+03 -1.2680e+00 -4.3941e+03
-4.4745e+06 4.0934e+01 -2.8823e+03 -9.4968e+03 -1.7247e+00 -4.2352e+03
-4.4661e+06 4.0997e+01 -2.8751e+03 -9.5163e+03 -1.4379e+00 -4.0763e+03
-4.4405e+06 4.1253e+01 -2.8680e+03 -9.5351e+03 -7.7616e-01 -3.9175e+03
-4.4129e+06 4.1624e+01 -2.8611e+03 -9.5532e+03 -3.1936e-01 -3.7586e+03
-4.3745e+06 4.2036e+01 -2.8544e+03 -9.5705e+03 1.6603e-02 -3.5998e+03
-4.3453e+06 4.2412e+01 -2.8479e+03 -9.5870e+03 8.1984e-01 -3.4410e+03
-4.3265e+06 4.2661e+01 -2.8415e+03 -9.6028e+03 2.0242e+00 -3.2825e+03
-4.3241e+06 4.2689e+01 -2.8352e+03 -9.6178e+03 1.7317e+00 -3.1239e+03
-4.3323e+06 4.2540e+01 -2.8292e+03 -9.6322e+03 4.9041e-01 -2.9656e+03
-4.3465e+06 4.2346e+01 -2.8232e+03 -9.6457e+03 4.6973e-01 -2.8075e+03
-4.3569e+06 4.2151e+01 -2.8174e+03 -9.6586e+03 8.6385e-01 -2.6497e+03
-4.3737e+06 4.1963e+01 -2.8117e+03 -9.6707e+03 3.8878e-01 -2.4920e+03
-4.3870e+06 4.1789e+01 -2.8062e+03 -9.6821e+03 -3.6077e-01 -2.3347e+03
-4.3997e+06 4.1575e+01 -2.8008e+03 -9.6929e+03 -3.7869e-01 -2.1778e+03
-4.4131e+06 4.1298e+01 -2.7955e+03 -9.7029e+03 -2.3188e-01 -2.0212e+03
-4.4265e+06 4.1050e+01 -2.7903e+03 -9.7122e+03 6.6121e-01 -1.8651e+03
-4.4474e+06 4.0903e+01 -2.7852e+03 -9.7208e+03 1.4450e-01 -1.7093e+03
-4.4744e+06 4.0812e+01 -2.7802e+03 -9.7287e+03 8.1930e-01 -1.5533e+03
-4.4850e+06 4.0705e+01 -2.7754e+03 -9.7360e+03 1.0834e+01 -1.3990e+03
-4.5358e+06 4.0584e+01 -2.7706e+03 -9.7426e+03 5.9384e+00 -1.2437e+03
-4.6164e+06 4.0478e+01 -2.7660e+03 -9.7485e+03 -1.4745e+01 -1.0959e+03
-4.6130e+06 4.0368e+01 -2.7614e+03 -9.7538e+03 -1.1627e+01 -9.3819e+02
-4.3997e+06 4.3655e+01 -3.0760e+03 -9.1979e+03 8.3196e-01 -5.9729e+03
-4.3748e+06 4.3459e+01 -3.0646e+03 -9.2268e+03 7.6412e+00 -5.8130e+03
-4.3814e+06 4.3288e+01 -3.0535e+03 -9.2550e+03 1.1284e+00 -5.6576e+03
-4.3818e+06 4.3139e+01 -3.0428e+03 -9.2823e+03 -5.6425e-01 -5.4994e+03
-4.3842e+06 4.2990e+01 -3.0323e+03 -9.3088e+03 1.2417e+00 -5.3412e+03
-4.3871e+06 4.2835e+01 -3.0221e+03 -9.3345e+03 2.8480e-01 -5.1828e+03
-4.3898e+06 4.2672e+01 -3.0123e+03 -9.3593e+03 7.4449e-01 -5.0239e+03
-4.3862e+06 4.2489e+01 -3.0026e+03 -9.3834e+03 2.0458e+00 -4.8649e+03
-4.3979e+06 4.2251e+01 -2.9933e+03 -9.4066e+03 1.7430e+00 -4.7056e+03
-4.4214e+06 4.1910e+01 -2.9842e+03 -9.4291e+03 3.1345e-01 -4.5464e+03
-4.4394e+06 4.1515e+01 -2.9753e+03 -9.4508e+03 -1.0589e+00 -4.3869e+03
-4.4469e+06 4.1254e+01 -2.9667e+03 -9.4716e+03 -1.7858e+00 -4.2273e+03
-4.4398e+06 4.1264e+01 -2.9583e+03 -9.4917e+03 -1.8507e+00 -4.0678e+03
-4.4216e+06 4.1550e+01 -2.9501e+03 -9.5110e+03 -1.1898e+00 -3.9082e+03
-4.3885e+06 4.2007e+01 -2.9421e+03 -9.5295e+03 -2.4569e-01 -3.7486e+03
-4.3611e+06 4.2458e+01 -2.9344e+03 -9.5473e+03 4.5826e-01 -3.5891e+03
-4.3302e+06 4.2796e+01 -2.9268e+03 -9.5642e+03 1.2400e+00 -3.4296e+03
-4.3066e+06 4.2964e+01 -2.9193e+03 -9.5804e+03 2.1451e+00 -3.2703e+03
-4.3013e+06 4.2925e+01 -2.9121e+03 -9.5959e+03 1.5870e+00 -3.1111e+03
-4.3147e+06 4.2774e+01 -2.9050e+03 -9.6106e+03 2.1277e-01 -2.9521e+03
-4.3235e+06 4.2643e+01 -2.8981e+03 -9.6245e+03 2.3174e-01 -2.7934e+03
-4.3374e+06 4.2534e+01 -2.8914e+03 -9.6377e+03 9.4409e-01 -2.6348e+03
-4.3446e+06 4.2407e+01 -2.8848e+03 -9.6502e+03 9.0361e-01 -2.4765e+03
-4.3603e+06 4.2245e+01 -2.8784e+03 -9.6619e+03 1.9762e-01 -2.3187e+03
-4.3737e+06 4.2003e+01 -2.8721e+03 -9.6729e+03 -1.9108e-01 -2.1610e+03
-4.3914e+06 4.1683e+01 -2.8659e+03 -9.6832e+03 -4.5140e-01 -2.0037e+03
-4.3991e+06 4.1384e+01 -2.8599e+03 -9.6928e+03 1.3710e+00 -1.8470e+03
-4.4428e+06 4.1174e+01 -2.8540e+03 -9.7016e+03 -1.3236e+00 -1.6906e+03
-4.5166e+06 4.1018e+01 -2.8483e+03 -9.7098e+03 -1.0093e+01 -1.5340e+03
-4.5266e+06 4.0868e+01 -2.8426e+03 -9.7173e+03 -3.1491e+00 -1.3791e+03
-4.4918e+06 4.0742e+01 -2.8371e+03 -9.7241e+03 4.0488e+00 -1.2231e+03
-4.5094e+06 4.0660e+01 -2.8317e+03 -9.7302e+03 -2.8958e+00 -1.0747e+03
-4.5320e+06 4.0580e+01 -2.8264e+03 -9.7357e+03 -2.3590e+00 -9.1649e+02
-4.3782e+06 4.3953e+01 -3.1746e+03 -9.1644e+03 9.9373e-02 -5.9725e+03
-4.3507e+06 4.3732e+01 -3.1616e+03 -9.1942e+03 7.9215e+00 -5.8118e+03
-4.3571e+06 4.3555e+01 -3.1491e+03 -9.2232e+03 9.7239e-01 -5.6557e+03
-4.3650e+06 4.3422e+01 -3.1369e+03 -9.2513e+03 -1.8194e+00 -5.4968e+03
-4.3662e+06 4.3288e+01 -3.1250e+03 -9.2785e+03 3.1915e-01 -5.3380e+03
-4.3694e+06 4.3123e+01 -3.1135e+03 -9.3049e+03 -6.7982e-02 -5.1788e+03
-4.3739e+06 4.2936e+01 -3.1023e+03 -9.3305e+03 2.8627e-02 -5.0193e+03
-4.3751e+06 4.2747e+01 -3.0914e+03 -9.3552e+03 5.6074e-01 -4.8595e+03
-4.3852e+06 4.2559e+01 -3.0808e+03 -9.3791e+03 2.7266e-01 -4.6996e+03
-4.3963e+06 4.2344e+01 -3.0705e+03 -9.4022e+03 -2.1280e-02 -4.5396e+03
-4.4089e+06 4.2062e+01 -3.0604e+03 -9.4244e+03 -2.7430e-01 -4.3794e+03
-4.4141e+06 4.1774e+01 -3.0507e+03 -9.4458e+03 -8.7971e-01 -4.2192e+03
-4.4105e+06 4.1667e+01 -3.0411e+03 -9.4665e+03 -1.6092e+00 -4.0589e+03
-4.3872e+06 4.1907e+01 -3.0318e+03 -9.4863e+03 -1.3185e+00 -3.8986e+03
-4.3562e+06 4.2397e+01 -3.0227e+03 -9.5053e+03 -2.5216e-01 -3.7384e+03
-4.3181e+06 4.2867e+01 -3.0139e+03 -9.5235e+03 5.3790e-01 -3.5782e+03
-4.2937e+06 4.3170e+01 -3.0053e+03 -9.5409e+03 8.9979e-01 -3.4181e+03
-4.2847e+06 4.3272e+01 -2.9969e+03 -9.5575e+03 1.1671e+00 -3.2580e+03
-4.2875e+06 4.3189e+01 -2.9886e+03 -9.5734e+03 7.5847e-01 -3.0981e+03
-4.2955e+06 4.3040e+01 -2.9806e+03 -9.5885e+03 7.6587e-02 -2.9385e+03
-4.3056e+06 4.2919e+01 -2.9728e+03 -9.6028e+03 1.4143e-01 -2.7790e+03
-4.3134e+06 4.2808e+01 -2.9651e+03 -9.6163e+03 5.4897e-01 -2.6197e+03
-4.3264e+06 4.2672e+01 -2.9576e+03 -9.6291e+03 5.9326e-01 -2.4609e+03
-4.3380e+06 4.2515e+01 -2.9503e+03 -9.6412e+03 1.3353e-01 -2.3024e+03
-4.3480e+06 4.2325e+01 -2.9431e+03 -9.6525e+03 -1.1588e-01 -2.1440e+03
-4.3604e+06 4.2081e+01 -2.9361e+03 -9.6630e+03 -2.2490e-01 -1.9861e+03
-4.3732e+06 4.1808e+01 -2.9293e+03 -9.6729e+03 2.1504e+00 -1.8286e+03
-4.4190e+06 4.1546e+01 -2.9226e+03 -9.6820e+03 2.8681e-01 -1.6714e+03
-4.4992e+06 4.1302e+01 -2.9160e+03 -9.6904e+03 -9.2651e+00 -1.5143e+03
-4.5047e+06 4.1080e+01 -2.9096e+03 -9.6981e+03 -6.0929e+00 -1.3590e+03
-4.4628e+06 4.0930e+01 -2.9033e+03 -9.7052e+03 -1.0179e+00 -1.2024e+03
-4.4605e+06 4.0856e+01 -2.8972e+03 -9.7115e+03 -2.8916e+00 -1.0530e+03
-4.4739e+06 4.0783e+01 -2.8912e+03 -9.7172e+03 3.7571e+00 -8.9439e+02
-4.3493e+06 4.4265e+01 -3.2723e+03 -9.1301e+03 4.7940e-02 -5.9717e+03
-4.3329e+06 4.4043e+01 -3.2579e+03 -9.1608e+03 6.9901e+00 -5.8103e+03
-4.3377e+06 4.3864e+01 -3.2439e+03 -9.1906e+03 9.4468e-01 -5.6536e+03
-4.3468e+06 4.3727e+01 -3.2303e+03 -9.2195e+03 -2.1107e+00 -5.4940e+03
-4.3497e+06 4.3584e+01 -3.2171e+03 -9.2475e+03 3.5543e-02 -5.3344e+03
-4.3509e+06 4.3407e+01 -3.2042e+03 -9.2747e+03 -2.8669e-01 -5.1745e+03
-4.3582e+06 4.3205e+01 -3.1917e+03 -9.3009e+03 -4.0236e-01 -5.0142e+03
-4.3624e+06 4.2999e+01 -3.1796e+03 -9.3264e+03 -3.3945e-01 -4.8538e+03
-4.3695e+06 4.2832e+01 -3.1678e+03 -9.3509e+03 -5.3825e-01 -4.6933e+03
-4.3738e+06 4.2709e+01 -3.1562e+03 -9.3746e+03 -1.3392e-01 -4.5326e+03
-4.3781e+06 4.2541e+01 -3.1450e+03 -9.3974e+03 2.1365e-01 -4.3717e+03
-4.3817e+06 4.2292e+01 -3.1341e+03 -9.4194e+03 -2.6048e-01 -4.2108e+03
-4.3797e+06 4.2157e+01 -3.1234e+03 -9.4406e+03 -1.0697e+00 -4.0498e+03
-4.3636e+06 4.2346e+01 -3.1130e+03 -9.4609e+03 -1.0112e+00 -3.8888e+03
-4.3340e+06 4.2783e+01 -3.1029e+03 -9.4804e+03 -2.5865e-01 -3.7278e+03
-4.3077e+06 4.3232e+01 -3.0930e+03 -9.4991e+03 4.4323e-01 -3.5669e+03
-4.2845e+06 4.3528e+01 -3.0834e+03 -9.5170e+03 7.0036e-01 -3.4061e+03
-4.2684e+06 4.3601e+01 -3.0740e+03 -9.5341e+03 7.3151e-01 -3.2454e+03
-4.2674e+06 4.3501e+01 -3.0648e+03 -9.5504e+03 6.2517e-01 -3.0849e+03
-4.2758e+06 4.3341e+01 -3.0558e+03 -9.5658e+03 4.8377e-01 -2.9246e+03
-4.2860e+06 4.3183e+01 -3.0470e+03 -9.5805e+03 3.8337e-01 -2.7644e+03
-4.2993e+06 4.3023e+01 -3.0385e+03 -9.5944e+03 1.8944e-01 -2.6045e+03
-4.3086e+06 4.2858e+01 -3.0301e+03 -9.6076e+03 2.1255e-01 -2.4450e+03
-4.3193e+06 4.2717e+01 -3.0219e+03 -9.6199e+03 3.1906e-01 -2.2857e+03
-4.3293e+06 4.2598e+01 -3.0139e+03 -9.6316e+03 4.7150e-01 -2.1267e+03
-4.3388e+06 4.2441e+01 -3.0061e+03 -9.6424e+03 4.8548e-01 -1.9682e+03
-4.3486e+06 4.2215e+01 -2.9984e+03 -9.6526e+03 2.1985e+00 -1.8100e+03
-4.3754e+06 4.1951e+01 -2.9909e+03 -9.6620e+03 3.1641e+00 -1.6523e+03
-4.4079e+06 4.1677e+01 -2.9836e+03 -9.6706e+03 1.8865e+00 -1.4946e+03
-4.4138e+06 4.1415e+01 -2.9764e+03 -9.6786e+03 4.1375e+00 -1.3385e+03
-4.4220e+06 4.1223e+01 -2.9693e+03 -9.6858e+03 -1.0709e+00 -1.1813e+03
-4.4390e+06 4.1104e+01 -2.9625e+03 -9.6924e+03 -7.0586e+00 -1.0312e+03
-4.4431e+06 4.0987e+01 -2.9557e+03 -9.6982e+03 3.3651e+00 -8.7216e+02
-4.3260e+06 4.4593e+01 -3.3692e+03 -9.0950e+03 -7.8499e-01 -5.9706e+03
-4.3188e+06 4.4384e+01 -3.3533e+03 -9.1266e+03 5.9281e+00 -5.8085e+03
-4.3232e+06 4.4199e+01 -3.3379e+03 -9.1573e+03 2.6577e-01 -5.6511e+03
-4.3336e+06 4.4031e+01 -3.3230e+03 -9.1870e+03 -2.6848e+00 -5.4909e+03
-4.3343e+06 4.3861e+01 -3.3084e+03 -9.2158e+03 -3.6163e-01 -5.3305e+03
-4.3368e+06 4.3678e+01 -3.2943e+03 -9.2437e+03 -5.1775e-01 -5.1699e+03
-4.3426e+06 4.3481e+01 -3.2805e+03 -9.2707e+03 -5.7924e-01 -5.0090e+03
-4.3464e+06 4.3283e+01 -3.2671e+03 -9.2968e+03 -4.8571e-01 -4.8479e+03
-4.3519e+06 4.3118e+01 -3.2541e+03 -9.3220e+03 -5.5600e-01 -4.6866e+03
-4.3532e+06 4.2991e+01 -3.2414e+03 -9.3464e+03 -2.2731e-01 -4.5252e+03
-4.3573e+06 4.2838e+01 -3.2290e+03 -9.3698e+03 -1.2154e-01 -4.3637e+03
-4.3575e+06 4.2660e+01 -3.2170e+03 -9.3924e+03 -5.3646e-01 -4.2020e+03
-4.3502e+06 4.2614e+01 -3.2052e+03 -9.4142e+03 -1.0087e+00 -4.0404e+03
-4.3279e+06 4.2811e+01 -3.1938e+03 -9.4350e+03 -9.3128e-01 -3.8787e+03
-4.3008e+06 4.3199e+01 -3.1826e+03 -9.4551e+03 -4.6507e-01 -3.7170e+03
-4.2664e+06 4.3634e+01 -3.1717e+03 -9.4742e+03 3.5488e-01 -3.5554e+03
-4.2464e+06 4.3914e+01 -3.1610e+03 -9.4926e+03 8.2408e-01 -3.3939e+03
-4.2446e+06 4.3930e+01 -3.1507e+03 -9.5101e+03 7.4808e-01 -3.2326e+03
-4.2503e+06 4.3784e+01 -3.1405e+03 -9.5268e+03 6.7981e-01 -3.0714e+03
-4.2582e+06 4.3599e+01 -3.1306e+03 -9.5427e+03 6.0146e-01 -2.9103e+03
-4.2707e+06 4.3418e+01 -3.1209e+03 -9.5578e+03 1.8087e-01 -2.7496e+03
-4.2824e+06 4.3249e+01 -3.1115e+03 -9.5721e+03 -4.1141e-01 -2.5890e+03
-4.2959e+06 4.3092e+01 -3.1022e+03 -9.5856e+03 -2.4272e-01 -2.4287e+03
-4.3046e+06 4.2961e+01 -3.0932e+03 -9.5983e+03 5.1910e-01 -2.2688e+03
-4.3102e+06 4.2854e+01 -3.0843e+03 -9.6102e+03 8.6356e-01 -2.1092e+03
-4.3189e+06 4.2717e+01 -3.0757e+03 -9.6214e+03 7.0160e-01 -1.9500e+03
-4.3310e+06 4.2528e+01 -3.0672e+03 -9.6318e+03 1.2406e+00 -1.7913e+03
-4.3479e+06 4.2325e+01 -3.0589e+03 -9.6415e+03 1.6464e+00 -1.6329e+03
-4.3598e+06 4.2119e+01 -3.0508e+03 -9.6504e+03 3.1782e+00 -1.4745e+03
-4.3668e+06 4.1884e+01 -3.0429e+03 -9.6586e+03 6.0971e+00 -1.3178e+03
-4.3969e+06 4.1645e+01 -3.0351e+03 -9.6661e+03 -2.1553e+00 -1.1600e+03
-4.4320e+06 4.1431e+01 -3.0275e+03 -9.6728e+03 -1.0736e+01 -1.0094e+03
-4.4329e+06 4.1223e+01 -3.0200e+03 -9.6789e+03 -1.0285e+00 -8.4978e+02
-4.2996e+06 4.4923e+01 -3.4651e+03 -9.0591e+03 -6.6409e-01 -5.9692e+03
-4.2950e+06 4.4716e+01 -3.4478e+03 -9.0916e+03 6.1045e+00 -5.8063e+03
-4.3010e+06 4.4523e+01 -3.4311e+03 -9.1232e+03 2.2844e-01 -5.6482e+03
-4.3135e+06 4.4333e+01 -3.4148e+03 -9.1538e+03 -2.9249e+00 -5.4874e+03
-4.3163e+06 4.4144e+01 -3.3989e+03 -9.1834e+03 -7.1278e-01 -5.3263e+03
-4.3186e+06 4.3959e+01 -3.3835e+03 -9.2121e+03 -9.0645e-01 -5.1650e+03
-4.3240e+06 4.3774e+01 -3.3685e+03 -9.2399e+03 -8.7161e-01 -5.0034e+03
-4.3274e+06 4.3589e+01 -3.3540e+03 -9.2667e+03 -6.2545e-01 -4.8416e+03
-4.3309e+06 4.3415e+01 -3.3397e+03 -9.2926e+03 -6.1860e-01 -4.6796e+03
-4.3340e+06 4.3253e+01 -3.3259e+03 -9.3176e+03 -4.7775e-01 -4.5175e+03
-4.3348e+06 4.3086e+01 -3.3124e+03 -9.3417e+03 -6.8461e-01 -4.3553e+03
-4.3330e+06 4.2979e+01 -3.2993e+03 -9.3649e+03 -1.0815e+00 -4.1930e+03
-4.3212e+06 4.3057e+01 -3.2865e+03 -9.3872e+03 -1.1198e+00 -4.0306e+03
-4.3023e+06 4.3329e+01 -3.2740e+03 -9.4086e+03 -7.6694e-01 -3.8682e+03
-4.2742e+06 4.3721e+01 -3.2618e+03 -9.4291e+03 -2.4360e-01 -3.7059e+03
-4.2523e+06 4.4117e+01 -3.2499e+03 -9.4488e+03 6.7638e-01 -3.5437e+03
-4.2349e+06 4.4306e+01 -3.2382e+03 -9.4677e+03 1.0305e+00 -3.3814e+03
-4.2284e+06 4.4222e+01 -3.2269e+03 -9.4856e+03 5.6060e-01 -3.2194e+03
-4.2317e+06 4.4024e+01 -3.2158e+03 -9.5028e+03 2.7737e-01 -3.0576e+03
-4.2425e+06 4.3826e+01 -3.2050e+03 -9.5191e+03 2.4453e-01 -2.8959e+03
-4.2541e+06 4.3656e+01 -3.1944e+03 -9.5346e+03 -1.5489e-01 -2.7344e+03
-4.2719e+06 4.3521e+01 -3.1841e+03 -9.5492e+03 -9.3907e-01 -2.5732e+03
-4.2805e+06 4.3388e+01 -3.1740e+03 -9.5631e+03 -8.5228e-01 -2.4122e+03
-4.2893e+06 4.3241e+01 -3.1641e+03 -9.5761e+03 1.2316e-01 -2.2517e+03
-4.2975e+06 4.3091e+01 -3.1544e+03 -9.5884e+03 5.5557e-01 -2.0915e+03
-4.3079e+06 4.2928e+01 -3.1450e+03 -9.5999e+03 2.7796e-01 -1.9317e+03
-4.3154e+06 4.2759e+01 -3.1357e+03 -9.6106e+03 3.2042e-01 -1.7723e+03
-4.3309e+06 4.2621e+01 -3.1266e+03 -9.6205e+03 -3.3076e-01 -1.6133e+03
-4.3398e+06 4.2492e+01 -3.1178e+03 -9.6297e+03 5.5387e-01 -1.4542e+03
-4.3482e+06 4.2301e+01 -3.1091e+03 -9.6382e+03 4.0698e+00 -1.2970e+03
-4.3783e+06 4.2047e+01 -3.1006e+03 -9.6459e+03 -2.6711e+00 -1.1386e+03
-4.4128e+06 4.1782e+01 -3.0922e+03 -9.6529e+03 -1.0594e+01 -9.8734e+02
-4.4140e+06 4.1520e+01 -3.0841e+03 -9.6592e+03 -1.8578e+00 -8.2720e+02
-4.2647e+06 4.5252e+01 -3.5600e+03 -9.0225e+03 -1.6383e-01 -5.9673e+03
-4.2642e+06 4.5039e+01 -3.5414e+03 -9.0560e+03 6.5689e+00 -5.8039e+03
-4.2746e+06 4.4838e+01 -3.5233e+03 -9.0885e+03 6.0544e-01 -5.6451e+03
-4.2899e+06 4.4638e+01 -3.5057e+03 -9.1199e+03 -2.8178e+00 -5.4835e+03
-4.2951e+06 4.4443e+01 -3.4886e+03 -9.1504e+03 -9.6470e-01 -5.3217e+03
-4.2993e+06 4.4264e+01 -3.4720e+03 -9.1799e+03 -1.4619e+00 -5.1598e+03
-4.3050e+06 4.4090e+01 -3.4558e+03 -9.2084e+03 -1.5775e+00 -4.9975e+03
-4.3073e+06 4.3903e+01 -3.4401e+03 -9.2359e+03 -1.2645e+00 -4.8350e+03
-4.3120e+06 4.3710e+01 -3.4247e+03 -9.2625e+03 -1.0768e+00 -4.6723e+03
-4.3130e+06 4.3532e+01 -3.4097e+03 -9.2882e+03 -8.1507e-01 -4.5096e+03
-4.3144e+06 4.3391e+01 -3.3952e+03 -9.3129e+03 -9.8030e-01 -4.3467e+03
-4.3068e+06 4.3379e+01 -3.3810e+03 -9.3367e+03 -1.1946e+00 -4.1837e+03
-4.2894e+06 4.3580e+01 -3.3671e+03 -9.3596e+03 -9.2496e-01 -4.0206e+03
-4.2619e+06 4.3925e+01 -3.3536e+03 -9.3816e+03 -3.9289e-01 -3.8575e+03
-4.2361e+06 4.4310e+01 -3.3404e+03 -9.4027e+03 1.8022e-01 -3.6946e+03
-4.2090e+06 4.4607e+01 -3.3275e+03 -9.4229e+03 9.8531e-01 -3.5316e+03
-4.1999e+06 4.4657e+01 -3.3149e+03 -9.4422e+03 9.7806e-01 -3.3687e+03
-4.2076e+06 4.4493e+01 -3.3027e+03 -9.4607e+03 2.0924e-01 -3.2060e+03
-4.2168e+06 4.4285e+01 -3.2907e+03 -9.4782e+03 -8.1166e-02 -3.0435e+03
-4.2252e+06 4.4097e+01 -3.2789e+03 -9.4950e+03 2.4597e-01 -2.8811e+03
-4.2378e+06 4.3932e+01 -3.2675e+03 -9.5109e+03 2.2643e-01 -2.7189e+03
-4.2513e+06 4.3796e+01 -3.2563e+03 -9.5259e+03 -5.5930e-01 -2.5572e+03
-4.2650e+06 4.3654e+01 -3.2453e+03 -9.5402e+03 -8.8991e-01 -2.3956e+03
-4.2737e+06 4.3486e+01 -3.2346e+03 -9.5536e+03 -4.4413e-01 -2.2344e+03
-4.2809e+06 4.3315e+01 -3.2241e+03 -9.5662e+03 -1.1633e-01 -2.0736e+03
-4.2914e+06 4.3147e+01 -3.2139e+03 -9.5780e+03 -1.1361e-01 -1.9131e+03
-4.3026e+06 4.2985e+01 -3.2039e+03 -9.5890e+03 1.8402e-01 -1.7531e+03
-4.3180e+06 4.2854e+01 -3.1940e+03 -9.5992e+03 -3.9060e-01 -1.5935e+03
-4.3289e+06 4.2735e+01 -3.1844e+03 -9.6087e+03 3.1073e-01 -1.4338e+03
-4.3347e+06 4.2572e+01 -3.1750e+03 -9.6174e+03 3.7931e+00 -1.2759e+03
-4.3594e+06 4.2366e+01 -3.1658e+03 -9.6253e+03 -1.8815e+00 -1.1170e+03
-4.3852e+06 4.2154e+01 -3.1567e+03 -9.6326e+03 -8.2177e+00 -9.6501e+02
-4.3838e+06 4.1926e+01 -3.1479e+03 -9.6390e+03 4.0761e-01 -8.0434e+02
-4.2209e+06 4.5585e+01 -3.6538e+03 -8.9853e+03 -1.8578e-01 -5.9652e+03
-4.2232e+06 4.5365e+01 -3.6339e+03 -9.0197e+03 6.8510e+00 -5.8010e+03
-4.2367e+06 4.5154e+01 -3.6146e+03 -9.0531e+03 1.3055e+00 -5.6415e+03
-4.2562e+06 4.4940e+01 -3.5958e+03 -9.0854e+03 -2.2711e+00 -5.4792e+03
-4.2660e+06 4.4738e+01 -3.5775e+03 -9.1167e+03 -6.4659e-01 -5.3169e+03
-4.2708e+06 4.4569e+01 -3.5596e+03 -9.1470e+03 -5.0285e-01 -5.1542e+03
-4.2774e+06 4.4410e+01 -3.5423e+03 -9.1763e+03 4.9036e-01 -4.9912e+03
-4.2808e+06 4.4219e+01 -3.5254e+03 -9.2046e+03 9.9711e-01 -4.8282e+03
-4.2873e+06 4.4009e+01 -3.5089e+03 -9.2319e+03 1.2202e-01 -4.6648e+03
-4.2899e+06 4.3827e+01 -3.4929e+03 -9.2583e+03 -7.8393e-01 -4.5012e+03
-4.2879e+06 4.3748e+01 -3.4772e+03 -9.2836e+03 -1.1324e+00 -4.3377e+03
-4.2748e+06 4.3885e+01 -3.4620e+03 -9.3081e+03 -8.8780e-01 -4.1740e+03
-4.2546e+06 4.4217e+01 -3.4471e+03 -9.3316e+03 -3.2458e-01 -4.0102e+03
-4.2314e+06 4.4578e+01 -3.4326e+03 -9.3541e+03 1.6667e-01 -3.8465e+03
-4.2100e+06 4.4873e+01 -3.4184e+03 -9.3757e+03 5.5143e-01 -3.6829e+03
-4.1981e+06 4.5025e+01 -3.4046e+03 -9.3965e+03 1.0119e+00 -3.5192e+03
-4.1944e+06 4.4960e+01 -3.3911e+03 -9.4163e+03 7.3151e-01 -3.3557e+03
-4.1922e+06 4.4774e+01 -3.3779e+03 -9.4352e+03 8.1923e-02 -3.1924e+03
-4.1978e+06 4.4592e+01 -3.3650e+03 -9.4533e+03 1.2505e-01 -3.0292e+03
-4.2060e+06 4.4417e+01 -3.3524e+03 -9.4704e+03 6.3885e-01 -2.8661e+03
-4.2183e+06 4.4231e+01 -3.3401e+03 -9.4867e+03 7.3574e-01 -2.7033e+03
-4.2331e+06 4.4049e+01 -3.3280e+03 -9.5022e+03 3.9035e-02 -2.5408e+03
-4.2457e+06 4.3871e+01 -3.3163e+03 -9.5168e+03 -5.6327e-01 -2.3787e+03
-4.2569e+06 4.3703e+01 -3.3047e+03 -9.5306e+03 -6.0249e-01 -2.2168e+03
-4.2699e+06 4.3561e+01 -3.2935e+03 -9.5435e+03 -2.7627e-01 -2.0553e+03
-4.2787e+06 4.3426e+01 -3.2824e+03 -9.5556e+03 6.2167e-02 -1.8942e+03
-4.2880e+06 4.3264e+01 -3.2716e+03 -9.5669e+03 4.5918e-01 -1.7336e+03
-4.3018e+06 4.3099e+01 -3.2611e+03 -9.5775e+03 -2.9456e-01 -1.5734e+03
-4.3139e+06 4.2957e+01 -3.2507e+03 -9.5872e+03 7.5560e-02 -1.4130e+03
-4.3196e+06 4.2819e+01 -3.2406e+03 -9.5962e+03 3.3207e+00 -1.2547e+03
-4.3436e+06 4.2671e+01 -3.2306e+03 -9.6044e+03 -1.7513e+00 -1.0952e+03
-4.3609e+06 4.2523e+01 -3.2209e+03 -9.6118e+03 -7.1721e+00 -9.4242e+02
-4.3599e+06 4.2346e+01 -3.2113e+03 -9.6185e+03 1.2735e+00 -7.8122e+02
-4.1711e+06 4.5921e+01 -3.7466e+03 -8.9475e+03 -1.7460e-01 -5.9626e+03
-4.1759e+06 4.5698e+01 -3.7254e+03 -8.9828e+03 6.8470e+00 -5.7978e+03
-4.1940e+06 4.5481e+01 -3.7049e+03 -9.0171e+03 1.8807e+00 -5.6376e+03
-4.2160e+06 4.5258e+01 -3.6849e+03 -9.0504e+03 -1.5044e+00 -5.4747e+03
-4.2292e+06 4.5045e+01 -3.6654e+03 -9.0825e+03 7.0221e-01 -5.3117e+03
-4.2443e+06 4.4867e+01 -3.6464e+03 -9.1136e+03 1.1088e+00 -5.1483e+03
-4.2742e+06 4.4705e+01 -3.6279e+03 -9.1437e+03 -2.0962e-02 -4.9847e+03
-4.2800e+06 4.4516e+01 -3.6099e+03 -9.1727e+03 6.9917e-01 -4.8209e+03
-4.2702e+06 4.4303e+01 -3.5924e+03 -9.2008e+03 1.8166e+00 -4.6568e+03
-4.2637e+06 4.4125e+01 -3.5753e+03 -9.2278e+03 -2.5117e-01 -4.4926e+03
-4.2634e+06 4.4123e+01 -3.5586e+03 -9.2538e+03 -1.6133e+00 -4.3284e+03
-4.2434e+06 4.4423e+01 -3.5423e+03 -9.2789e+03 -7.4163e-01 -4.1640e+03
-4.2190e+06 4.4875e+01 -3.5265e+03 -9.3030e+03 1.3080e-01 -3.9996e+03
-4.1917e+06 4.5206e+01 -3.5110e+03 -9.3261e+03 5.1636e-01 -3.8352e+03
-4.1776e+06 4.5361e+01 -3.4959e+03 -9.3483e+03 6.0094e-01 -3.6709e+03
-4.1623e+06 4.5367e+01 -3.4811e+03 -9.3696e+03 6.7673e-01 -3.5066e+03
-4.1641e+06 4.5240e+01 -3.4667e+03 -9.3899e+03 3.6833e-01 -3.3425e+03
-4.1714e+06 4.5070e+01 -3.4526e+03 -9.4093e+03 1.0717e-01 -3.1784e+03
-4.1816e+06 4.4914e+01 -3.4388e+03 -9.4278e+03 3.7232e-01 -3.0145e+03
-4.1881e+06 4.4740e+01 -3.4254e+03 -9.4454e+03 6.8961e-01 -2.8508e+03
-4.2026e+06 4.4532e+01 -3.4122e+03 -9.4622e+03 5.3866e-01 -2.6874e+03
-4.2129e+06 4.4315e+01 -3.3993e+03 -9.4780e+03 -3.1437e-02 -2.5243e+03
-4.2313e+06 4.4111e+01 -3.3868e+03 -9.4930e+03 -4.4287e-01 -2.3614e+03
-4.2424e+06 4.3943e+01 -3.3744e+03 -9.5071e+03 -4.2675e-01 -2.1990e+03
-4.2545e+06 4.3822e+01 -3.3624e+03 -9.5204e+03 -1.2720e-01 -2.0369e+03
-4.2625e+06 4.3701e+01 -3.3506e+03 -9.5329e+03 1.5228e-01 -1.8751e+03
-4.2762e+06 4.3529e+01 -3.3390e+03 -9.5445e+03 4.7939e-01 -1.7139e+03
-4.2881e+06 4.3344e+01 -3.3277e+03 -9.5553e+03 -2.5958e-01 -1.5530e+03
-4.3028e+06 4.3206e+01 -3.3167e+03 -9.5654e+03 2.4377e-02 -1.3921e+03
-4.3058e+06 4.3090e+01 -3.3058e+03 -9.5746e+03 2.8939e+00 -1.2331e+03
-4.3293e+06 4.2955e+01 -3.2952e+03 -9.5831e+03 -2.3048e+00 -1.0732e+03
-4.3441e+06 4.2807e+01 -3.2848e+03 -9.5908e+03 -7.8234e+00 -9.1964e+02
-4.3439e+06 4.2644e+01 -3.2745e+03 -9.5977e+03 5.7615e-01 -7.5792e+02
-4.1174e+06 4.6252e+01 -3.8382e+03 -8.9090e+03 2.1694e-01 -5.9597e+03
-4.1245e+06 4.6035e+01 -3.8159e+03 -8.9454e+03 6.9563e+00 -5.7943e+03
-4.1418e+06 4.5821e+01 -3.7941e+03 -8.9806e+03 2.3765e+00 -5.6334e+03
-4.1679e+06 4.5600e+01 -3.7729e+03 -9.0147e+03 -6.7382e-01 -5.4698e+03
-4.1823e+06 4.5381e+01 -3.7523e+03 -9.0478e+03 2.5542e+00 -5.3061e+03
-4.2205e+06 4.5179e+01 -3.7322e+03 -9.0797e+03 7.2284e-01 -5.1421e+03
-4.3045e+06 4.4991e+01 -3.7127e+03 -9.1106e+03 -8.9734e+00 -4.9778e+03
-4.3155e+06 4.4797e+01 -3.6936e+03 -9.1404e+03 -8.8268e+00 -4.8133e+03
-4.2573e+06 4.4584e+01 -3.6750e+03 -9.1691e+03 1.4269e-01 -4.6485e+03
-4.2362e+06 4.4427e+01 -3.6569e+03 -9.1968e+03 1.0498e-01 -4.4837e+03
-4.2324e+06 4.4526e+01 -3.6392e+03 -9.2236e+03 -1.9919e+00 -4.3188e+03
-4.2099e+06 4.4953e+01 -3.6220e+03 -9.2493e+03 -6.5216e-01 -4.1538e+03
-4.1865e+06 4.5440e+01 -3.6052e+03 -9.2740e+03 2.1231e-01 -3.9887e+03
-4.1682e+06 4.5712e+01 -3.5887e+03 -9.2977e+03 4.7763e-01 -3.8236e+03
-4.1585e+06 4.5762e+01 -3.5727e+03 -9.3204e+03 3.9847e-01 -3.6586e+03
-4.1576e+06 4.5673e+01 -3.5570e+03 -9.3422e+03 2.3980e-01 -3.4936e+03
-4.1597e+06 4.5516e+01 -3.5417e+03 -9.3631e+03 5.1622e-03 -3.3288e+03
-4.1563e+06 4.5362e+01 -3.5267e+03 -9.3830e+03 5.1813e-02 -3.1641e+03
-4.1619e+06 4.5213e+01 -3.5121e+03 -9.4020e+03 3.0032e-01 -2.9996e+03
-4.1719e+06 4.5030e+01 -3.4978e+03 -9.4200e+03 3.3093e-01 -2.8353e+03
-4.1865e+06 4.4819e+01 -3.4838e+03 -9.4372e+03 8.6580e-02 -2.6712e+03
-4.2008e+06 4.4608e+01 -3.4702e+03 -9.4534e+03 -1.6767e-01 -2.5075e+03
-4.2150e+06 4.4407e+01 -3.4568e+03 -9.4688e+03 -1.3577e-01 -2.3440e+03
-4.2283e+06 4.4230e+01 -3.4437e+03 -9.4833e+03 4.4624e-02 -2.1809e+03
-4.2444e+06 4.4087e+01 -3.4309e+03 -9.4970e+03 7.9121e-02 -2.0182e+03
-4.2546e+06 4.3938e+01 -3.4183e+03 -9.5098e+03 -1.6354e-02 -1.8558e+03
-4.2646e+06 4.3753e+01 -3.4060e+03 -9.5217e+03 2.6304e-01 -1.6940e+03
-4.2756e+06 4.3580e+01 -3.3940e+03 -9.5328e+03 -2.1246e-01 -1.5325e+03
-4.2869e+06 4.3461e+01 -3.3822e+03 -9.5431e+03 1.4134e-01 -1.3710e+03
-4.2905e+06 4.3343e+01 -3.3707e+03 -9.5527e+03 2.7138e+00 -1.2114e+03
-4.3113e+06 4.3182e+01 -3.3594e+03 -9.5614e+03 -2.6112e+00 -1.0508e+03
-4.3269e+06 4.3012e+01 -3.3483e+03 -9.5693e+03 -8.1566e+00 -8.9668e+02
-4.3284e+06 4.2865e+01 -3.3374e+03 -9.5765e+03 1.8090e-01 -7.3444e+02
-4.0702e+06 4.6588e+01 -3.9286e+03 -8.8701e+03 7.8819e-01 -5.9564e+03
-4.0759e+06 4.6370e+01 -3.9051e+03 -8.9074e+03 7.3261e+00 -5.7904e+03
-4.0935e+06 4.6148e+01 -3.8822e+03 -8.9436e+03 2.7481e+00 -5.6288e+03
-4.1199e+06 4.5926e+01 -3.8600e+03 -8.9786e+03 -1.8686e-01 -5.4646e+03
-4.1347e+06 4.5713e+01 -3.8383e+03 -9.0125e+03 3.5398e+00 -5.3001e+03
-4.1784e+06 4.5501e+01 -3.8171e+03 -9.0453e+03 2.3967e+00 -5.1353e+03
-4.2652e+06 4.5290e+01 -3.7965e+03 -9.0769e+03 -7.5502e+00 -4.9705e+03
-4.2795e+06 4.5079e+01 -3.7764e+03 -9.1075e+03 -8.6227e+00 -4.8053e+03
-4.2254e+06 4.4865e+01 -3.7568e+03 -9.1370e+03 -4.4035e-01 -4.6401e+03
-4.2075e+06 4.4772e+01 -3.7377e+03 -9.1654e+03 -2.3323e-01 -4.4745e+03
-4.2010e+06 4.5023e+01 -3.7191e+03 -9.1928e+03 -1.7020e+00 -4.3088e+03
-4.1774e+06 4.5547e+01 -3.7009e+03 -9.2192e+03 -1.7154e-01 -4.1431e+03
-4.1539e+06 4.5981e+01 -3.6831e+03 -9.2445e+03 3.6914e-01 -3.9774e+03
-4.1379e+06 4.6159e+01 -3.6658e+03 -9.2688e+03 4.1728e-01 -3.8117e+03
-4.1305e+06 4.6139e+01 -3.6488e+03 -9.2921e+03 2.6132e-01 -3.6461e+03
-4.1263e+06 4.5994e+01 -3.6323e+03 -9.3145e+03 1.8209e-02 -3.4804e+03
-4.1282e+06 4.5811e+01 -3.6161e+03 -9.3358e+03 -1.4352e-01 -3.3149e+03
-4.1369e+06 4.5647e+01 -3.6003e+03 -9.3562e+03 6.1214e-02 -3.1496e+03
-4.1452e+06 4.5480e+01 -3.5848e+03 -9.3757e+03 2.5082e-01 -2.9845e+03
-4.1588e+06 4.5285e+01 -3.5697e+03 -9.3942e+03 6.7064e-02 -2.8195e+03
-4.1720e+06 4.5088e+01 -3.5549e+03 -9.4118e+03 -1.4501e-01 -2.6547e+03
-4.1854e+06 4.4909e+01 -3.5405e+03 -9.4285e+03 -1.1035e-01 -2.4904e+03
-4.2007e+06 4.4731e+01 -3.5263e+03 -9.4442e+03 1.6855e-01 -2.3263e+03
-4.2173e+06 4.4547e+01 -3.5125e+03 -9.4591e+03 2.7323e-01 -2.1626e+03
-4.2294e+06 4.4373e+01 -3.4989e+03 -9.4731e+03 9.1974e-02 -1.9992e+03
-4.2435e+06 4.4202e+01 -3.4856e+03 -9.4862e+03 -1.1945e-01 -1.8362e+03
-4.2539e+06 4.4020e+01 -3.4726e+03 -9.4985e+03 1.3442e-01 -1.6738e+03
-4.2687e+06 4.3857e+01 -3.4599e+03 -9.5100e+03 -2.9393e-01 -1.5117e+03
-4.2769e+06 4.3727e+01 -3.4474e+03 -9.5206e+03 1.2706e-01 -1.3497e+03
-4.2794e+06 4.3581e+01 -3.4352e+03 -9.5303e+03 2.7633e+00 -1.1895e+03
-4.2938e+06 4.3395e+01 -3.4232e+03 -9.5393e+03 -2.3857e+00 -1.0282e+03
-4.3136e+06 4.3225e+01 -3.4114e+03 -9.5475e+03 -7.7775e+00 -8.7357e+02
-4.3137e+06 4.3098e+01 -3.3999e+03 -9.5549e+03 1.8708e-01 -7.1083e+02
-4.0344e+06 4.6958e+01 -4.0178e+03 -8.8307e+03 8.7946e-01 -5.9528e+03
-4.0360e+06 4.6720e+01 -3.9932e+03 -8.8690e+03 7.4926e+00 -5.7861e+03
-4.0482e+06 4.6476e+01 -3.9692e+03 -8.9061e+03 2.8773e+00 -5.6238e+03
-4.0739e+06 4.6243e+01 -3.9459e+03 -8.9421e+03 -1.0240e-01 -5.4589e+03
-4.0902e+06 4.6036e+01 -3.9232e+03 -8.9768e+03 2.8246e+00 -5.2938e+03
-4.1175e+06 4.5823e+01 -3.9010e+03 -9.0104e+03 4.2440e+00 -5.1285e+03
-4.1584e+06 4.5593e+01 -3.8794e+03 -9.0429e+03 2.6250e+00 -4.9629e+03
-4.1773e+06 4.5369e+01 -3.8583e+03 -9.0742e+03 1.2869e+00 -4.7970e+03
-4.1755e+06 4.5186e+01 -3.8377e+03 -9.1045e+03 9.6883e-01 -4.6310e+03
-4.1761e+06 4.5213e+01 -3.8177e+03 -9.1336e+03 -8.3897e-01 -4.4649e+03
-4.1635e+06 4.5617e+01 -3.7981e+03 -9.1617e+03 -1.0584e+00 -4.2985e+03
-4.1408e+06 4.6184e+01 -3.7790e+03 -9.1887e+03 2.9512e-01 -4.1322e+03
-4.1242e+06 4.6541e+01 -3.7603e+03 -9.2146e+03 6.3862e-01 -3.9658e+03
-4.1172e+06 4.6626e+01 -3.7421e+03 -9.2395e+03 5.2074e-01 -3.7995e+03
-4.1149e+06 4.6547e+01 -3.7243e+03 -9.2634e+03 3.0114e-01 -3.6332e+03
-4.1210e+06 4.6364e+01 -3.7069e+03 -9.2863e+03 1.8212e-01 -3.4668e+03
-4.1244e+06 4.6149e+01 -3.6898e+03 -9.3082e+03 2.1962e-01 -3.3007e+03
-4.1230e+06 4.5950e+01 -3.6732e+03 -9.3291e+03 3.7558e-01 -3.1348e+03
-4.1302e+06 4.5755e+01 -3.6570e+03 -9.3490e+03 3.2862e-01 -2.9690e+03
-4.1441e+06 4.5550e+01 -3.6410e+03 -9.3680e+03 -3.2053e-02 -2.8034e+03
-4.1577e+06 4.5360e+01 -3.6255e+03 -9.3860e+03 -2.0813e-01 -2.6380e+03
-4.1730e+06 4.5195e+01 -3.6102e+03 -9.4031e+03 -1.3651e-01 -2.4730e+03
-4.1876e+06 4.5020e+01 -3.5953e+03 -9.4193e+03 5.5861e-02 -2.3083e+03
-4.2055e+06 4.4827e+01 -3.5807e+03 -9.4345e+03 -5.0754e-02 -2.1440e+03
-4.2228e+06 4.4648e+01 -3.5665e+03 -9.4489e+03 -2.7771e-01 -1.9800e+03
-4.2351e+06 4.4491e+01 -3.5525e+03 -9.4624e+03 -2.9254e-01 -1.8165e+03
-4.2431e+06 4.4324e+01 -3.5388e+03 -9.4750e+03 4.0127e-02 -1.6534e+03
-4.2560e+06 4.4152e+01 -3.5253e+03 -9.4867e+03 -4.5876e-01 -1.4908e+03
-4.2629e+06 4.3995e+01 -3.5122e+03 -9.4976e+03 8.7493e-02 -1.3281e+03
-4.2629e+06 4.3838e+01 -3.4993e+03 -9.5077e+03 3.0556e+00 -1.1674e+03
-4.2790e+06 4.3663e+01 -3.4866e+03 -9.5169e+03 -1.8750e+00 -1.0055e+03
-4.2981e+06 4.3499e+01 -3.4742e+03 -9.5253e+03 -7.3195e+00 -8.5036e+02
-4.3021e+06 4.3359e+01 -3.4621e+03 -9.5330e+03 2.5002e-01 -6.8704e+02
-4.0176e+06 4.7360e+01 -4.1057e+03 -8.7908e+03 3.3533e-01 -5.9487e+03
-4.0112e+06 4.7101e+01 -4.0801e+03 -8.8302e+03 7.1386e+00 -5.7814e+03
-4.0190e+06 4.6845e+01 -4.0551e+03 -8.8682e+03 2.6841e+00 -5.6184e+03
-4.0395e+06 4.6603e+01 -4.0307e+03 -8.9051e+03 -4.3483e-01 -5.4529e+03
-4.0565e+06 4.6381e+01 -4.0070e+03 -8.9407e+03 1.0100e+00 -5.2872e+03
-4.0777e+06 4.6151e+01 -3.9838e+03 -8.9751e+03 1.3328e+00 -5.1213e+03
-4.1015e+06 4.5909e+01 -3.9612e+03 -9.0084e+03 2.1763e+00 -4.9550e+03
-4.1234e+06 4.5689e+01 -3.9392e+03 -9.0405e+03 1.7938e+00 -4.7884e+03
-4.1412e+06 4.5582e+01 -3.9177e+03 -9.0715e+03 -3.1268e-02 -4.6217e+03
-4.1428e+06 4.5767e+01 -3.8968e+03 -9.1014e+03 -1.0840e+00 -4.4549e+03
-4.1292e+06 4.6259e+01 -3.8763e+03 -9.1301e+03 -6.5896e-01 -4.2879e+03
-4.1106e+06 4.6766e+01 -3.8563e+03 -9.1578e+03 1.9636e-01 -4.1209e+03
-4.0970e+06 4.7035e+01 -3.8367e+03 -9.1843e+03 5.1567e-01 -3.9539e+03
-4.0908e+06 4.7066e+01 -3.8176e+03 -9.2099e+03 4.3897e-01 -3.7869e+03
-4.0911e+06 4.6944e+01 -3.7990e+03 -9.2343e+03 1.4526e-01 -3.6199e+03
-4.0913e+06 4.6738e+01 -3.7808e+03 -9.2578e+03 1.7605e-01 -3.4530e+03
-4.0966e+06 4.6500e+01 -3.7629e+03 -9.2802e+03 4.3636e-01 -3.2863e+03
-4.1087e+06 4.6277e+01 -3.7455e+03 -9.3016e+03 5.5745e-01 -3.1196e+03
-4.1186e+06 4.6079e+01 -3.7285e+03 -9.3220e+03 3.9958e-01 -2.9532e+03
-4.1302e+06 4.5878e+01 -3.7118e+03 -9.3414e+03 6.3691e-02 -2.7870e+03
-4.1422e+06 4.5674e+01 -3.6954e+03 -9.3599e+03 -8.6853e-02 -2.6211e+03
-4.1567e+06 4.5485e+01 -3.6795e+03 -9.3774e+03 -1.6695e-01 -2.4554e+03
-4.1770e+06 4.5292e+01 -3.6638e+03 -9.3940e+03 -1.6558e-01 -2.2901e+03
-4.1982e+06 4.5088e+01 -3.6485e+03 -9.4096e+03 -4.5613e-01 -2.1252e+03
-4.2127e+06 4.4909e+01 -3.6335e+03 -9.4243e+03 -7.1388e-01 -1.9605e+03
-4.2241e+06 4.4758e+01 -3.6188e+03 -9.4382e+03 -5.6909e-01 -1.7964e+03
-4.2332e+06 4.4590e+01 -3.6044e+03 -9.4511e+03 -9.9493e-02 -1.6328e+03
-4.2466e+06 4.4403e+01 -3.5903e+03 -9.4631e+03 -5.5158e-01 -1.4695e+03
-4.2536e+06 4.4241e+01 -3.5765e+03 -9.4743e+03 1.0418e-01 -1.3063e+03
-4.2527e+06 4.4105e+01 -3.5630e+03 -9.4847e+03 3.2118e+00 -1.1450e+03
-4.2675e+06 4.3957e+01 -3.5497e+03 -9.4942e+03 -1.7154e+00 -9.8259e+02
-4.2871e+06 4.3789e+01 -3.5366e+03 -9.5029e+03 -7.2633e+00 -8.2684e+02
-4.2909e+06 4.3619e+01 -3.5239e+03 -9.5107e+03 2.1949e-01 -6.6303e+02
-4.0162e+06 4.7771e+01 -4.1923e+03 -8.7506e+03 -1.0268e-01 -5.9442e+03
-4.0033e+06 4.7503e+01 -4.1657e+03 -8.7909e+03 6.7126e+00 -5.7763e+03
-4.0018e+06 4.7245e+01 -4.1397e+03 -8.8300e+03 2.2314e+00 -5.6126e+03
-4.0188e+06 4.6994e+01 -4.1144e+03 -8.8677e+03 -1.2062e+00 -5.4466e+03
-4.0337e+06 4.6751e+01 -4.0897e+03 -8.9042e+03 -3.2651e-01 -5.2802e+03
-4.0544e+06 4.6510e+01 -4.0656e+03 -8.9395e+03 -7.3545e-01 -5.1135e+03
-4.0795e+06 4.6270e+01 -4.0421e+03 -8.9736e+03 -4.7554e-01 -4.9466e+03
-4.1011e+06 4.6079e+01 -4.0192e+03 -9.0065e+03 -6.0151e-01 -4.7794e+03
-4.1129e+06 4.6095e+01 -3.9968e+03 -9.0382e+03 -9.9216e-01 -4.6121e+03
-4.1073e+06 4.6461e+01 -3.9749e+03 -9.0688e+03 -5.2318e-01 -4.4446e+03
-4.0916e+06 4.6993e+01 -3.9536e+03 -9.0982e+03 1.5213e-01 -4.2770e+03
-4.0785e+06 4.7371e+01 -3.9327e+03 -9.1265e+03 4.7362e-01 -4.1093e+03
-4.0741e+06 4.7514e+01 -3.9124e+03 -9.1537e+03 5.6635e-01 -3.9417e+03
-4.0755e+06 4.7470e+01 -3.8924e+03 -9.1798e+03 4.4406e-01 -3.7740e+03
-4.0808e+06 4.7298e+01 -3.8730e+03 -9.2049e+03 4.7674e-02 -3.6064e+03
-4.0900e+06 4.7068e+01 -3.8539e+03 -9.2289e+03 -4.1139e-02 -3.4389e+03
-4.0972e+06 4.6823e+01 -3.8353e+03 -9.2518e+03 9.8456e-02 -3.2715e+03
-4.0985e+06 4.6604e+01 -3.8171e+03 -9.2737e+03 1.7068e-01 -3.1042e+03
-4.1053e+06 4.6421e+01 -3.7993e+03 -9.2946e+03 1.9618e-01 -2.9371e+03
-4.1144e+06 4.6229e+01 -3.7819e+03 -9.3145e+03 2.0267e-01 -2.7703e+03
-4.1273e+06 4.6013e+01 -3.7648e+03 -9.3334e+03 1.6288e-01 -2.6038e+03
-4.1444e+06 4.5807e+01 -3.7481e+03 -9.3513e+03 -2.6212e-02 -2.4375e+03
-4.1650e+06 4.5612e+01 -3.7318e+03 -9.3683e+03 -1.8018e-01 -2.2716e+03
-4.1879e+06 4.5403e+01 -3.7158e+03 -9.3843e+03 -5.8956e-01 -2.1061e+03
-4.2076e+06 4.5196e+01 -3.7001e+03 -9.3994e+03 -9.2460e-01 -1.9408e+03
-4.2164e+06 4.5017e+01 -3.6847e+03 -9.4136e+03 -7.8718e-01 -1.7761e+03
-4.2231e+06 4.4840e+01 -3.6696e+03 -9.4269e+03 -1.4818e-01 -1.6120e+03
-4.2349e+06 4.4649e+01 -3.6549e+03 -9.4392e+03 -4.2471e-01 -1.4481e+03
-4.2438e+06 4.4484e+01 -3.6404e+03 -9.4507e+03 8.5809e-02 -1.2843e+03
-4.2444e+06 4.4351e+01 -3.6262e+03 -9.4614e+03 2.8599e+00 -1.1224e+03
-4.2605e+06 4.4211e+01 -3.6123e+03 -9.4711e+03 -2.1203e+00 -9.5950e+02
-4.2758e+06 4.4044e+01 -3.5986e+03 -9.4801e+03 -7.4153e+00 -8.0315e+02
-4.2804e+06 4.3865e+01 -3.5853e+03 -9.4882e+03 1.7632e-01 -6.3881e+02
-4.0304e+06 4.8194e+01 -4.2776e+03 -8.7101e+03 3.2800e-01 -5.9394e+03
-4.0109e+06 4.7925e+01 -4.2500e+03 -8.7514e+03 6.9622e+00 -5.7709e+03
-4.0054e+06 4.7657e+01 -4.2231e+03 -8.7914e+03 2.1821e+00 -5.6065e+03
-4.0158e+06 4.7391e+01 -4.1969e+03 -8.8300e+03 -1.3485e+00 -5.4398e+03
-4.0271e+06 4.7138e+01 -4.1713e+03 -8.8674e+03 -9.7153e-02 -5.2726e+03
-4.0466e+06 4.6903e+01 -4.1463e+03 -8.9035e+03 -6.4522e-02 -5.1053e+03
-4.0686e+06 4.6684e+01 -4.1219e+03 -8.9384e+03 3.9630e-01 -4.9380e+03
-4.0839e+06 4.6568e+01 -4.0981e+03 -8.9721e+03 1.2905e-01 -4.7702e+03
-4.0856e+06 4.6774e+01 -4.0749e+03 -9.0045e+03 -3.3627e-01 -4.6021e+03
-4.0734e+06 4.7317e+01 -4.0522e+03 -9.0358e+03 3.3644e-01 -4.4340e+03
-4.0624e+06 4.7825e+01 -4.0300e+03 -9.0659e+03 6.8644e-01 -4.2658e+03
-4.0567e+06 4.8037e+01 -4.0083e+03 -9.0949e+03 7.2229e-01 -4.0974e+03
-4.0524e+06 4.8019e+01 -3.9871e+03 -9.1227e+03 7.9500e-01 -3.9292e+03
-4.0554e+06 4.7866e+01 -3.9664e+03 -9.1495e+03 3.4611e-01 -3.7609e+03
-4.0611e+06 4.7647e+01 -3.9462e+03 -9.1751e+03 -1.6404e-01 -3.5926e+03
-4.0644e+06 4.7414e+01 -3.9264e+03 -9.1996e+03 -2.6226e-01 -3.4245e+03
-4.0708e+06 4.7173e+01 -3.9070e+03 -9.2231e+03 -3.2852e-01 -3.2565e+03
-4.0848e+06 4.6946e+01 -3.8881e+03 -9.2455e+03 -3.6901e-01 -3.0885e+03
-4.0933e+06 4.6748e+01 -3.8695e+03 -9.2669e+03 -1.9024e-01 -2.9208e+03
-4.1035e+06 4.6548e+01 -3.8514e+03 -9.2873e+03 9.6316e-02 -2.7534e+03
-4.1146e+06 4.6332e+01 -3.8336e+03 -9.3066e+03 2.5739e-01 -2.5862e+03
-4.1313e+06 4.6131e+01 -3.8162e+03 -9.3250e+03 1.1324e-01 -2.4193e+03
-4.1524e+06 4.5948e+01 -3.7991e+03 -9.3423e+03 -5.3452e-02 -2.2528e+03
-4.1763e+06 4.5742e+01 -3.7824e+03 -9.3587e+03 -4.1139e-01 -2.0867e+03
-4.1907e+06 4.5514e+01 -3.7661e+03 -9.3742e+03 -7.4406e-01 -1.9209e+03
-4.2027e+06 4.5313e+01 -3.7500e+03 -9.3887e+03 -7.1546e-01 -1.7556e+03
-4.2111e+06 4.5141e+01 -3.7343e+03 -9.4023e+03 -3.1785e-02 -1.5909e+03
-4.2268e+06 4.4951e+01 -3.7189e+03 -9.4150e+03 -2.7965e-01 -1.4264e+03
-4.2374e+06 4.4755e+01 -3.7038e+03 -9.4268e+03 -1.4121e-01 -1.2620e+03
-4.2409e+06 4.4591e+01 -3.6890e+03 -9.4377e+03 2.1829e+00 -1.0996e+03
-4.2523e+06 4.4444e+01 -3.6745e+03 -9.4478e+03 -2.6128e+00 -9.3621e+02
-4.2672e+06 4.4286e+01 -3.6602e+03 -9.4570e+03 -7.3563e+00 -7.7929e+02
-4.2684e+06 4.4111e+01 -3.6463e+03 -9.4653e+03 3.8045e-01 -6.1443e+02
-4.0504e+06 4.8626e+01 -4.3615e+03 -8.6693e+03 5.8864e-01 -5.9341e+03
-4.0299e+06 4.8351e+01 -4.3330e+03 -8.7116e+03 7.1976e+00 -5.7650e+03
-4.0187e+06 4.8073e+01 -4.3052e+03 -8.7525e+03 2.5818e+00 -5.5999e+03
-4.0245e+06 4.7791e+01 -4.2781e+03 -8.7920e+03 -2.7621e-01 -5.4326e+03
-4.0367e+06 4.7531e+01 -4.2517e+03 -8.8303e+03 7.9393e-01 -5.2649e+03
-4.0655e+06 4.7304e+01 -4.2259e+03 -8.8672e+03 -1.6167e+00 -5.0969e+03
-4.0854e+06 4.7118e+01 -4.2006e+03 -8.9029e+03 -1.9994e+00 -4.9289e+03
-4.0776e+06 4.7142e+01 -4.1760e+03 -8.9374e+03 -1.4771e-01 -4.7604e+03
-4.0595e+06 4.7588e+01 -4.1520e+03 -8.9706e+03 7.9650e-01 -4.5916e+03
-4.0439e+06 4.8242e+01 -4.1285e+03 -9.0026e+03 1.0568e+00 -4.4230e+03
-4.0469e+06 4.8628e+01 -4.1055e+03 -9.0334e+03 -2.5894e-01 -4.2541e+03
-4.0467e+06 4.8650e+01 -4.0830e+03 -9.0630e+03 -6.4435e-01 -4.0852e+03
-4.0401e+06 4.8486e+01 -4.0611e+03 -9.0915e+03 4.9147e-01 -3.9162e+03
-4.0441e+06 4.8246e+01 -4.0396e+03 -9.1188e+03 6.2382e-01 -3.7473e+03
-4.0526e+06 4.8008e+01 -4.0186e+03 -9.1450e+03 3.4795e-01 -3.5784e+03
-4.0621e+06 4.7794e+01 -3.9981e+03 -9.1701e+03 1.1964e-01 -3.4096e+03
-4.0701e+06 4.7564e+01 -3.9780e+03 -9.1941e+03 -2.7115e-01 -3.2410e+03
-4.0725e+06 4.7316e+01 -3.9583e+03 -9.2170e+03 -3.2943e-01 -3.0725e+03
-4.0802e+06 4.7084e+01 -3.9390e+03 -9.2389e+03 -5.8285e-02 -2.9042e+03
-4.0899e+06 4.6863e+01 -3.9202e+03 -9.2597e+03 1.1977e-01 -2.7362e+03
-4.1037e+06 4.6643e+01 -3.9017e+03 -9.2795e+03 4.7826e-02 -2.5684e+03
-4.1208e+06 4.6434e+01 -3.8836e+03 -9.2983e+03 -1.9379e-01 -2.4009e+03
-4.1386e+06 4.6251e+01 -3.8659e+03 -9.3160e+03 -2.5552e-01 -2.2338e+03
-4.1574e+06 4.6068e+01 -3.8485e+03 -9.3328e+03 -2.5893e-01 -2.0671e+03
-4.1759e+06 4.5857e+01 -3.8315e+03 -9.3487e+03 -3.3281e-01 -1.9007e+03
-4.1889e+06 4.5650e+01 -3.8149e+03 -9.3635e+03 -4.8088e-01 -1.7349e+03
-4.1989e+06 4.5471e+01 -3.7985e+03 -9.3775e+03 -1.3818e-01 -1.5695e+03
-4.2139e+06 4.5275e+01 -3.7825e+03 -9.3905e+03 -5.8747e-01 -1.4045e+03
-4.2267e+06 4.5052e+01 -3.7668e+03 -9.4026e+03 -5.7598e-01 -1.2396e+03
-4.2305e+06 4.4856e+01 -3.7514e+03 -9.4138e+03 1.7363e+00 -1.0766e+03
-4.2433e+06 4.4698e+01 -3.7362e+03 -9.4241e+03 -2.8272e+00 -9.1264e+02
-4.2552e+06 4.4535e+01 -3.7214e+03 -9.4335e+03 -7.3751e+00 -7.5513e+02
-4.2586e+06 4.4352e+01 -3.7068e+03 -9.4421e+03 3.4637e-01 -5.8985e+02
-4.0737e+06 4.9053e+01 -4.4439e+03 -8.6283e+03 -6.6230e-01 -5.9284e+03
-4.0537e+06 4.8755e+01 -4.4146e+03 -8.6715e+03 6.0300e+00 -5.7587e+03
-4.0429e+06 4.8466e+01 -4.3861e+03 -8.7134e+03 2.1951e+00 -5.5930e+03
-4.0436e+06 4.8182e+01 -4.3581e+03 -8.7538e+03 3.5784e-01 -5.4249e+03
-4.0610e+06 4.7922e+01 -4.3309e+03 -8.7929e+03 8.2835e-01 -5.2568e+03
-4.1063e+06 4.7701e+01 -4.3043e+03 -8.8307e+03 -4.9046e+00 -5.0884e+03
-4.1187e+06 4.7581e+01 -4.2783e+03 -8.8672e+03 -6.3119e+00 -4.9192e+03
-4.0770e+06 4.7810e+01 -4.2529e+03 -8.9024e+03 -1.4465e+00 -4.7502e+03
-4.0374e+06 4.8468e+01 -4.2280e+03 -8.9363e+03 1.4693e+00 -4.5809e+03
-4.0202e+06 4.9097e+01 -4.2038e+03 -8.9690e+03 1.4311e+00 -4.4115e+03
-4.0285e+06 4.9289e+01 -4.1800e+03 -9.0005e+03 -3.1458e-01 -4.2421e+03
-4.0320e+06 4.9160e+01 -4.1568e+03 -9.0308e+03 -4.1376e-01 -4.0726e+03
-4.0263e+06 4.8920e+01 -4.1341e+03 -9.0599e+03 9.8009e-01 -3.9030e+03
-4.0365e+06 4.8640e+01 -4.1119e+03 -9.0878e+03 6.0761e-01 -3.7335e+03
-4.0437e+06 4.8384e+01 -4.0902e+03 -9.1146e+03 4.7065e-01 -3.5640e+03
-4.0400e+06 4.8163e+01 -4.0690e+03 -9.1402e+03 7.4898e-01 -3.3946e+03
-4.0442e+06 4.7932e+01 -4.0482e+03 -9.1648e+03 1.0570e-01 -3.2254e+03
-4.0583e+06 4.7681e+01 -4.0278e+03 -9.1882e+03 6.5578e-02 -3.0563e+03
-4.0676e+06 4.7436e+01 -4.0078e+03 -9.2106e+03 5.0159e-01 -2.8873e+03
-4.0789e+06 4.7203e+01 -3.9883e+03 -9.2318e+03 3.1844e-01 -2.7187e+03
-4.0912e+06 4.6968e+01 -3.9692e+03 -9.2521e+03 -2.3971e-01 -2.5503e+03
-4.1073e+06 4.6742e+01 -3.9504e+03 -9.2713e+03 -5.5192e-01 -2.3823e+03
-4.1249e+06 4.6550e+01 -3.9321e+03 -9.2895e+03 -3.6151e-01 -2.2145e+03
-4.1431e+06 4.6384e+01 -3.9141e+03 -9.3067e+03 -1.6144e-01 -2.0472e+03
-4.1570e+06 4.6192e+01 -3.8964e+03 -9.3228e+03 -1.7208e-01 -1.8803e+03
-4.1742e+06 4.5977e+01 -3.8791e+03 -9.3381e+03 -5.4223e-01 -1.7139e+03
-4.1868e+06 4.5781e+01 -3.8622e+03 -9.3523e+03 -4.6324e-01 -1.5479e+03
-4.2044e+06 4.5593e+01 -3.8455e+03 -9.3657e+03 -6.5809e-01 -1.3824e+03
-4.2165e+06 4.5377e+01 -3.8292e+03 -9.3781e+03 -7.3339e-02 -1.2169e+03
-4.2211e+06 4.5157e+01 -3.8132e+03 -9.3895e+03 2.2566e+00 -1.0534e+03
-4.2321e+06 4.4973e+01 -3.7975e+03 -9.4001e+03 -2.7358e+00 -8.8889e+02
-4.2454e+06 4.4800e+01 -3.7821e+03 -9.4098e+03 -7.5699e+00 -7.3083e+02
-4.2473e+06 4.4608e+01 -3.7670e+03 -9.4187e+03 1.1957e-01 -5.6511e+02
-4.0853e+06 4.9487e+01 -4.5250e+03 -8.5871e+03 -2.3231e+00 -5.9222e+03
-4.0724e+06 4.9167e+01 -4.4949e+03 -8.6313e+03 4.2051e+00 -5.7520e+03
-4.0615e+06 4.8859e+01 -4.4656e+03 -8.6741e+03 8.3364e-01 -5.5857e+03
-4.0624e+06 4.8575e+01 -4.4369e+03 -8.7154e+03 -5.7506e-01 -5.4169e+03
-4.0749e+06 4.8333e+01 -4.4089e+03 -8.7554e+03 6.9486e-01 -5.2481e+03
-4.1076e+06 4.8149e+01 -4.3815e+03 -8.7940e+03 -3.7730e+00 -5.0791e+03
-4.1077e+06 4.8163e+01 -4.3548e+03 -8.8313e+03 -5.0741e+00 -4.9093e+03
-4.0571e+06 4.8625e+01 -4.3286e+03 -8.8672e+03 -8.0469e-01 -4.7399e+03
-4.0151e+06 4.9369e+01 -4.3031e+03 -8.9019e+03 1.9704e+00 -4.5700e+03
-3.9964e+06 4.9829e+01 -4.2781e+03 -8.9353e+03 2.6192e+00 -4.3998e+03
-4.0009e+06 4.9823e+01 -4.2536e+03 -8.9674e+03 2.0741e+00 -4.2299e+03
-4.0122e+06 4.9610e+01 -4.2297e+03 -8.9984e+03 1.4298e+00 -4.0597e+03
-4.0281e+06 4.9350e+01 -4.2063e+03 -9.0281e+03 1.0229e+00 -3.8895e+03
-4.0574e+06 4.9065e+01 -4.1834e+03 -9.0566e+03 -1.5610e+00 -3.7193e+03
-4.0647e+06 4.8786e+01 -4.1610e+03 -9.0840e+03 -2.0623e+00 -3.5492e+03
-4.0466e+06 4.8532e+01 -4.1391e+03 -9.1101e+03 3.5068e-01 -3.3792e+03
-4.0452e+06 4.8284e+01 -4.1176e+03 -9.1352e+03 4.1241e-01 -3.2093e+03
-4.0477e+06 4.8034e+01 -4.0965e+03 -9.1591e+03 1.7710e-01 -3.0397e+03
-4.0552e+06 4.7793e+01 -4.0759e+03 -9.1820e+03 6.2709e-01 -2.8701e+03
-4.0651e+06 4.7564e+01 -4.0557e+03 -9.2037e+03 3.6252e-01 -2.7009e+03
-4.0785e+06 4.7332e+01 -4.0360e+03 -9.2244e+03 -1.1516e-01 -2.5320e+03
-4.0940e+06 4.7095e+01 -4.0166e+03 -9.2440e+03 -2.6679e-01 -2.3633e+03
-4.1103e+06 4.6880e+01 -3.9976e+03 -9.2626e+03 -1.4745e-02 -2.1950e+03
-4.1277e+06 4.6692e+01 -3.9790e+03 -9.2802e+03 5.4698e-02 -2.0271e+03
-4.1475e+06 4.6493e+01 -3.9607e+03 -9.2967e+03 -1.5718e-01 -1.8596e+03
-4.1633e+06 4.6277e+01 -3.9428e+03 -9.3123e+03 -7.0830e-01 -1.6927e+03
-4.1761e+06 4.6082e+01 -3.9253e+03 -9.3269e+03 -6.2715e-01 -1.5262e+03
-4.1909e+06 4.5909e+01 -3.9081e+03 -9.3406e+03 -4.6091e-01 -1.3600e+03
-4.2035e+06 4.5706e+01 -3.8912e+03 -9.3533e+03 6.1754e-01 -1.1941e+03
-4.2074e+06 4.5473e+01 -3.8746e+03 -9.3650e+03 2.8588e+00 -1.0300e+03
-4.2203e+06 4.5273e+01 -3.8583e+03 -9.3759e+03 -2.5444e+00 -8.6503e+02
-4.2311e+06 4.5105e+01 -3.8423e+03 -9.3859e+03 -7.4912e+00 -7.0638e+02
-4.2350e+06 4.4911e+01 -3.8267e+03 -9.3950e+03 2.3747e-01 -5.4010e+02
-4.0834e+06 4.9944e+01 -4.6046e+03 -8.5459e+03 -2.8248e+00 -5.9157e+03
-4.0769e+06 4.9622e+01 -4.5738e+03 -8.5910e+03 3.3025e+00 -5.7449e+03
-4.0733e+06 4.9300e+01 -4.5437e+03 -8.6346e+03 -3.4971e-01 -5.5779e+03
-4.0750e+06 4.9012e+01 -4.5144e+03 -8.6769e+03 -2.3056e+00 -5.4085e+03
-4.0749e+06 4.8815e+01 -4.4856e+03 -8.7177e+03 -7.3601e-02 -5.2391e+03
-4.0777e+06 4.8741e+01 -4.4576e+03 -8.7571e+03 -8.6635e-01 -5.0694e+03
-4.0639e+06 4.8952e+01 -4.4301e+03 -8.7951e+03 -1.1996e+00 -4.8991e+03
-4.0261e+06 4.9569e+01 -4.4033e+03 -8.8318e+03 8.9962e-01 -4.7290e+03
-4.0005e+06 5.0222e+01 -4.3770e+03 -8.8672e+03 2.3662e+00 -4.5585e+03
-4.0007e+06 5.0448e+01 -4.3513e+03 -8.9013e+03 2.1569e+00 -4.3878e+03
-4.0118e+06 5.0302e+01 -4.3262e+03 -8.9342e+03 1.8777e+00 -4.2173e+03
-4.0318e+06 5.0044e+01 -4.3016e+03 -8.9657e+03 4.3623e-02 -4.0464e+03
-4.0434e+06 4.9763e+01 -4.2775e+03 -8.9960e+03 -1.1960e+00 -3.8755e+03
-4.0507e+06 4.9470e+01 -4.2540e+03 -9.0252e+03 -1.9515e+00 -3.7048e+03
-4.0476e+06 4.9182e+01 -4.2309e+03 -9.0531e+03 -2.2318e+00 -3.5342e+03
-4.0246e+06 4.8913e+01 -4.2083e+03 -9.0798e+03 -1.3396e-01 -3.3636e+03
-4.0216e+06 4.8654e+01 -4.1862e+03 -9.1054e+03 2.4717e-01 -3.1931e+03
-4.0359e+06 4.8395e+01 -4.1645e+03 -9.1298e+03 -2.1617e-01 -3.0228e+03
-4.0445e+06 4.8149e+01 -4.1433e+03 -9.1532e+03 3.8600e-02 -2.8527e+03
-4.0550e+06 4.7929e+01 -4.1225e+03 -9.1754e+03 1.0751e-01 -2.6828e+03
-4.0648e+06 4.7715e+01 -4.1021e+03 -9.1965e+03 1.3271e-01 -2.5133e+03
-4.0784e+06 4.7479e+01 -4.0821e+03 -9.2165e+03 2.3952e-02 -2.3441e+03
-4.0956e+06 4.7237e+01 -4.0625e+03 -9.2355e+03 1.0348e-01 -2.1753e+03
-4.1161e+06 4.7011e+01 -4.0433e+03 -9.2535e+03 1.6468e-01 -2.0069e+03
-4.1322e+06 4.6794e+01 -4.0244e+03 -9.2704e+03 -8.2472e-02 -1.8387e+03
-4.1507e+06 4.6576e+01 -4.0060e+03 -9.2863e+03 -7.5632e-01 -1.6712e+03
-4.1649e+06 4.6376e+01 -3.9878e+03 -9.3012e+03 -7.6431e-01 -1.5043e+03
-4.1823e+06 4.6201e+01 -3.9700e+03 -9.3152e+03 -7.2235e-01 -1.3375e+03
-4.1940e+06 4.6014e+01 -3.9526e+03 -9.3282e+03 2.6115e-01 -1.1710e+03
-4.1970e+06 4.5796e+01 -3.9354e+03 -9.3403e+03 2.5170e+00 -1.0064e+03
-4.2067e+06 4.5597e+01 -3.9186e+03 -9.3514e+03 -2.6208e+00 -8.4098e+02
-4.2177e+06 4.5428e+01 -3.9021e+03 -9.3616e+03 -7.2767e+00 -6.8173e+02
-4.2211e+06 4.5227e+01 -3.8859e+03 -9.3710e+03 3.8501e-01 -5.1492e+02
-4.0612e+06 5.0416e+01 -4.6827e+03 -8.5045e+03 -2.3989e+00 -5.9085e+03
-4.0639e+06 5.0094e+01 -4.6513e+03 -8.5506e+03 3.6634e+00 -5.7372e+03
-4.0644e+06 4.9771e+01 -4.6206e+03 -8.5951e+03 -4.2062e-01 -5.5695e+03
-4.0706e+06 4.9497e+01 -4.5905e+03 -8.6382e+03 -3.1636e+00 -5.3996e+03
-4.0657e+06 4.9368e+01 -4.5611e+03 -8.6798e+03 -1.5291e+00 -5.2296e+03
-4.0531e+06 4.9449e+01 -4.5324e+03 -8.7200e+03 -1.3977e+00 -5.0592e+03
-4.0339e+06 4.9841e+01 -4.5043e+03 -8.7589e+03 -9.9099e-01 -4.8885e+03
-4.0027e+06 5.0456e+01 -4.4768e+03 -8.7963e+03 1.1095e+00 -4.7176e+03
-4.0009e+06 5.0887e+01 -4.4499e+03 -8.8324e+03 1.3203e+00 -4.5465e+03
-4.0487e+06 5.0928e+01 -4.4236e+03 -8.8672e+03 -3.3931e+00 -4.3753e+03
-4.0600e+06 5.0742e+01 -4.3978e+03 -8.9007e+03 -3.3428e+00 -4.2040e+03
-4.0355e+06 5.0478e+01 -4.3725e+03 -8.9329e+03 -6.5679e-01 -4.0326e+03
-4.0276e+06 5.0183e+01 -4.3478e+03 -8.9638e+03 -5.9252e-01 -3.8612e+03
-4.0158e+06 4.9880e+01 -4.3236e+03 -8.9935e+03 4.5332e-01 -3.6899e+03
-4.0146e+06 4.9586e+01 -4.2999e+03 -9.0220e+03 3.1173e-01 -3.5186e+03
-4.0178e+06 4.9317e+01 -4.2767e+03 -9.0493e+03 5.8289e-02 -3.3474e+03
-4.0226e+06 4.9060e+01 -4.2540e+03 -9.0754e+03 -3.2269e-02 -3.1763e+03
-4.0248e+06 4.8793e+01 -4.2317e+03 -9.1003e+03 -4.6057e-01 -3.0055e+03
-4.0331e+06 4.8530e+01 -4.2099e+03 -9.1241e+03 -3.3553e-01 -2.8348e+03
-4.0419e+06 4.8294e+01 -4.1885e+03 -9.1468e+03 1.0535e-01 -2.6644e+03
-4.0533e+06 4.8075e+01 -4.1675e+03 -9.1683e+03 2.5486e-01 -2.4943e+03
-4.0656e+06 4.7840e+01 -4.1469e+03 -9.1888e+03 -1.8730e-01 -2.3245e+03
-4.0821e+06 4.7591e+01 -4.1267e+03 -9.2082e+03 -1.7407e-01 -2.1552e+03
-4.1013e+06 4.7351e+01 -4.1069e+03 -9.2265e+03 2.5311e-01 -1.9861e+03
-4.1227e+06 4.7119e+01 -4.0875e+03 -9.2438e+03 2.1277e-01 -1.8174e+03
-4.1388e+06 4.6886e+01 -4.0685e+03 -9.2601e+03 -5.7894e-01 -1.6494e+03
-4.1534e+06 4.6667e+01 -4.0498e+03 -9.2753e+03 -7.9190e-01 -1.4819e+03
-4.1686e+06 4.6485e+01 -4.0314e+03 -9.2896e+03 -1.0041e+00 -1.3147e+03
-4.1806e+06 4.6315e+01 -4.0134e+03 -9.3029e+03 -2.5067e-01 -1.1476e+03
-4.1819e+06 4.6116e+01 -3.9958e+03 -9.3153e+03 2.1139e+00 -9.8243e+02
-4.1934e+06 4.5910e+01 -3.9784e+03 -9.3267e+03 -2.6319e+00 -8.1658e+02
-4.2029e+06 4.5728e+01 -3.9614e+03 -9.3371e+03 -7.1003e+00 -6.5681e+02
-4.2091e+06 4.5532e+01 -3.9447e+03 -9.3467e+03 3.8701e-01 -4.8951e+02
-4.0259e+06 5.0892e+01 -4.7594e+03 -8.4632e+03 -2.0353e+00 -5.9014e+03
-4.0336e+06 5.0550e+01 -4.7273e+03 -8.5101e+03 4.0344e+00 -5.7296e+03
-4.0404e+06 5.0244e+01 -4.6960e+03 -8.5555e+03 1.6832e-01 -5.5613e+03
-4.0505e+06 5.0007e+01 -4.6653e+03 -8.5995e+03 -2.7291e+00 -5.3908e+03
-4.0471e+06 4.9931e+01 -4.6354e+03 -8.6419e+03 -1.6607e+00 -5.2202e+03
-4.0363e+06 5.0104e+01 -4.6060e+03 -8.6829e+03 -1.9185e+00 -5.0492e+03
-4.0168e+06 5.0545e+01 -4.5773e+03 -8.7225e+03 -1.4175e+00 -4.8779e+03
-3.9933e+06 5.1017e+01 -4.5492e+03 -8.7607e+03 6.6666e-01 -4.7064e+03
-3.9986e+06 5.1227e+01 -4.5217e+03 -8.7975e+03 1.1284e+00 -4.5347e+03
-4.0500e+06 5.1203e+01 -4.4947e+03 -8.8329e+03 -3.6410e+00 -4.3629e+03
-4.0505e+06 5.1084e+01 -4.4683e+03 -8.8671e+03 -3.4204e+00 -4.1910e+03
-4.0042e+06 5.0893e+01 -4.4425e+03 -8.8999e+03 1.2431e+00 -4.0191e+03
-3.9883e+06 5.0641e+01 -4.4172e+03 -8.9314e+03 1.2164e+00 -3.8471e+03
-3.9873e+06 5.0349e+01 -4.3924e+03 -8.9617e+03 6.1800e-01 -3.6751e+03
-3.9889e+06 5.0039e+01 -4.3681e+03 -8.9907e+03 4.5832e-01 -3.5032e+03
-3.9932e+06 4.9750e+01 -4.3443e+03 -9.0186e+03 2.0595e-01 -3.3314e+03
-3.9977e+06 4.9489e+01 -4.3210e+03 -9.0452e+03 2.0404e-01 -3.1598e+03
-4.0115e+06 4.9226e+01 -4.2981e+03 -9.0706e+03 -1.0286e-01 -2.9883e+03
-4.0209e+06 4.8950e+01 -4.2757e+03 -9.0949e+03 6.5742e-03 -2.8171e+03
-4.0326e+06 4.8681e+01 -4.2537e+03 -9.1180e+03 5.1274e-01 -2.6461e+03
-4.0420e+06 4.8433e+01 -4.2321e+03 -9.1400e+03 4.6308e-01 -2.4755e+03
-4.0549e+06 4.8189e+01 -4.2110e+03 -9.1608e+03 -2.5533e-01 -2.3051e+03
-4.0713e+06 4.7945e+01 -4.1903e+03 -9.1806e+03 -2.8743e-01 -2.1352e+03
-4.0918e+06 4.7710e+01 -4.1699e+03 -9.1993e+03 3.6652e-01 -1.9655e+03
-4.1060e+06 4.7479e+01 -4.1500e+03 -9.2170e+03 6.4106e-01 -1.7963e+03
-4.1238e+06 4.7238e+01 -4.1304e+03 -9.2336e+03 -8.2201e-02 -1.6277e+03
-4.1382e+06 4.6998e+01 -4.1112e+03 -9.2492e+03 -3.9296e-01 -1.4597e+03
-4.1569e+06 4.6792e+01 -4.0923e+03 -9.2638e+03 -7.0750e-01 -1.2921e+03
-4.1684e+06 4.6613e+01 -4.0738e+03 -9.2774e+03 3.7173e-02 -1.1244e+03
-4.1711e+06 4.6416e+01 -4.0556e+03 -9.2900e+03 2.3981e+00 -9.5872e+02
-4.1800e+06 4.6206e+01 -4.0377e+03 -9.3017e+03 -2.2669e+00 -7.9237e+02
-4.1915e+06 4.6020e+01 -4.0202e+03 -9.3124e+03 -6.6906e+00 -6.3206e+02
-4.1965e+06 4.5836e+01 -4.0029e+03 -9.3222e+03 4.6314e-01 -4.6434e+02
-3.9750e+06 5.1452e+01 -4.8345e+03 -8.4218e+03 -2.2063e+00 -5.8940e+03
-3.9872e+06 5.1088e+01 -4.8019e+03 -8.4697e+03 3.5449e+00 -5.7218e+03
-3.9965e+06 5.0789e+01 -4.7700e+03 -8.5160e+03 -8.2489e-02 -5.5528e+03
-4.0117e+06 5.0552e+01 -4.7388e+03 -8.5607e+03 -2.4031e+00 -5.3818e+03
-4.0144e+06 5.0451e+01 -4.7083e+03 -8.6039e+03 -1.1506e+00 -5.2106e+03
-4.0104e+06 5.0573e+01 -4.6784e+03 -8.6457e+03 -1.1655e+00 -5.0390e+03
-4.0017e+06 5.0891e+01 -4.6491e+03 -8.6860e+03 -7.8706e-01 -4.8671e+03
-3.9911e+06 5.1166e+01 -4.6204e+03 -8.7249e+03 -1.3375e-01 -4.6950e+03
-3.9919e+06 5.1248e+01 -4.5923e+03 -8.7624e+03 7.0878e-01 -4.5228e+03
-4.0022e+06 5.1250e+01 -4.5648e+03 -8.7985e+03 4.5911e-01 -4.3503e+03
-3.9975e+06 5.1243e+01 -4.5378e+03 -8.8333e+03 9.2815e-01 -4.1778e+03
-3.9798e+06 5.1179e+01 -4.5114e+03 -8.8668e+03 2.4865e+00 -4.0052e+03
-3.9761e+06 5.1031e+01 -4.4856e+03 -8.8989e+03 2.6204e+00 -3.8327e+03
-3.9797e+06 5.0798e+01 -4.4602e+03 -8.9297e+03 2.0283e+00 -3.6603e+03
-3.9859e+06 5.0499e+01 -4.4354e+03 -8.9593e+03 1.0915e+00 -3.4878e+03
-3.9937e+06 5.0191e+01 -4.4110e+03 -8.9877e+03 3.4094e-01 -3.3154e+03
-4.0001e+06 4.9911e+01 -4.3871e+03 -9.0148e+03 6.0659e-02 -3.1432e+03
-4.0020e+06 4.9643e+01 -4.3637e+03 -9.0407e+03 -1.9630e-01 -2.9712e+03
-4.0117e+06 4.9363e+01 -4.3407e+03 -9.0654e+03 -1.4422e-01 -2.7994e+03
-4.0226e+06 4.9079e+01 -4.3182e+03 -9.0890e+03 1.7774e-01 -2.6279e+03
-4.0364e+06 4.8812e+01 -4.2961e+03 -9.1114e+03 1.2110e-01 -2.4566e+03
-4.0499e+06 4.8559e+01 -4.2744e+03 -9.1327e+03 -4.5181e-01 -2.2857e+03
-4.0656e+06 4.8314e+01 -4.2531e+03 -9.1529e+03 -6.0057e-01 -2.1152e+03
-4.0808e+06 4.8081e+01 -4.2323e+03 -9.1719e+03 -1.3214e-01 -1.9451e+03
-4.0979e+06 4.7859e+01 -4.2118e+03 -9.1900e+03 2.1333e-01 -1.7755e+03
-4.1109e+06 4.7625e+01 -4.1917e+03 -9.2069e+03 -2.1029e-01 -1.6063e+03
-4.1250e+06 4.7367e+01 -4.1719e+03 -9.2228e+03 -4.6272e-01 -1.4378e+03
-4.1418e+06 4.7123e+01 -4.1526e+03 -9.2377e+03 -7.7969e-01 -1.2696e+03
-4.1550e+06 4.6917e+01 -4.1335e+03 -9.2516e+03 -2.1483e-02 -1.1014e+03
-4.1572e+06 4.6715e+01 -4.1148e+03 -9.2645e+03 2.2667e+00 -9.3513e+02
-4.1684e+06 4.6506e+01 -4.0965e+03 -9.2765e+03 -2.3014e+00 -7.6805e+02
-4.1796e+06 4.6313e+01 -4.0784e+03 -9.2875e+03 -6.8677e+00 -6.0705e+02
-4.1886e+06 4.6124e+01 -4.0607e+03 -9.2975e+03 1.7533e-01 -4.3916e+02
-3.9158e+06 5.2175e+01 -4.9082e+03 -8.3806e+03 -1.3248e+00 -5.8850e+03
-3.9281e+06 5.1804e+01 -4.8751e+03 -8.4293e+03 4.0587e+00 -5.7123e+03
-3.9415e+06 5.1455e+01 -4.8427e+03 -8.4764e+03 3.4289e-01 -5.5429e+03
-3.9627e+06 5.1131e+01 -4.8110e+03 -8.5220e+03 -1.5724e+00 -5.3714e+03
-3.9745e+06 5.0901e+01 -4.7799e+03 -8.5660e+03 -4.2329e-01 -5.1996e+03
-3.9895e+06 5.0834e+01 -4.7495e+03 -8.6085e+03 -1.0457e+00 -5.0273e+03
-3.9944e+06 5.0936e+01 -4.7197e+03 -8.6496e+03 -5.2431e-01 -4.8549e+03
-3.9948e+06 5.1065e+01 -4.6905e+03 -8.6891e+03 -1.3264e-01 -4.6822e+03
-3.9959e+06 5.1121e+01 -4.6618e+03 -8.7273e+03 -2.8778e-01 -4.5094e+03
-3.9985e+06 5.1160e+01 -4.6338e+03 -8.7641e+03 -7.8434e-02 -4.3365e+03
-3.9995e+06 5.1207e+01 -4.6063e+03 -8.7995e+03 5.7621e-01 -4.1633e+03
-4.0021e+06 5.1229e+01 -4.5794e+03 -8.8335e+03 1.9972e+00 -3.9902e+03
-4.0072e+06 5.1201e+01 -4.5530e+03 -8.8663e+03 1.9211e+00 -3.8171e+03
-4.0021e+06 5.1089e+01 -4.5271e+03 -8.8977e+03 2.4398e+00 -3.6442e+03
-3.9822e+06 5.0880e+01 -4.5017e+03 -8.9278e+03 3.4281e+00 -3.4710e+03
-3.9759e+06 5.0612e+01 -4.4768e+03 -8.9566e+03 1.6763e+00 -3.2981e+03
-3.9804e+06 5.0328e+01 -4.4524e+03 -8.9843e+03 3.6982e-01 -3.1254e+03
-3.9939e+06 5.0044e+01 -4.4284e+03 -9.0106e+03 2.2970e-01 -2.9528e+03
-4.0048e+06 4.9758e+01 -4.4049e+03 -9.0358e+03 1.3224e-01 -2.7805e+03
-4.0183e+06 4.9471e+01 -4.3819e+03 -9.0598e+03 3.0414e-01 -2.6084e+03
-4.0302e+06 4.9201e+01 -4.3593e+03 -9.0827e+03 3.8460e-01 -2.4366e+03
-4.0442e+06 4.8949e+01 -4.3371e+03 -9.1044e+03 8.6825e-02 -2.2651e+03
-4.0582e+06 4.8700e+01 -4.3153e+03 -9.1249e+03 -1.1272e-01 -2.0941e+03
-4.0738e+06 4.8452e+01 -4.2939e+03 -9.1444e+03 4.9700e-02 -1.9236e+03
-4.0848e+06 4.8219e+01 -4.2729e+03 -9.1627e+03 2.0234e-01 -1.7534e+03
-4.0990e+06 4.7985e+01 -4.2523e+03 -9.1800e+03 2.5225e-03 -1.5837e+03
-4.1129e+06 4.7723e+01 -4.2321e+03 -9.1963e+03 -3.2276e-02 -1.4146e+03
-4.1315e+06 4.7463e+01 -4.2122e+03 -9.2115e+03 -3.6819e-01 -1.2458e+03
-4.1445e+06 4.7242e+01 -4.1927e+03 -9.2257e+03 -1.1325e-04 -1.0772e+03
-4.1468e+06 4.7032e+01 -4.1735e+03 -9.2388e+03 1.9587e+00 -9.1037e+02
-4.1576e+06 4.6810e+01 -4.1547e+03 -9.2511e+03 -2.1633e+00 -7.4286e+02
-4.1708e+06 4.6598e+01 -4.1362e+03 -9.2623e+03 -6.4921e+00 -5.8143e+02
-4.1797e+06 4.6403e+01 -4.1180e+03 -9.2726e+03 5.5386e-01 -4.1266e+02
-3.8567e+06 5.2953e+01 -4.9803e+03 -8.3395e+03 -6.9899e-01 -5.8752e+03
-3.8633e+06 5.2571e+01 -4.9468e+03 -8.3890e+03 5.6831e+00 -5.7011e+03
-3.8782e+06 5.2159e+01 -4.9139e+03 -8.4370e+03 1.0861e+00 -5.5311e+03
-3.9017e+06 5.1747e+01 -4.8818e+03 -8.4833e+03 -1.5311e+00 -5.3591e+03
-3.9258e+06 5.1397e+01 -4.8502e+03 -8.5281e+03 -4.4792e-01 -5.1866e+03
-3.9654e+06 5.1105e+01 -4.8193e+03 -8.5713e+03 -3.2932e+00 -5.0138e+03
-3.9891e+06 5.0943e+01 -4.7890e+03 -8.6131e+03 -2.9509e+00 -4.8408e+03
-3.9902e+06 5.0942e+01 -4.7593e+03 -8.6534e+03 -6.6987e-01 -4.6675e+03
-3.9970e+06 5.1000e+01 -4.7302e+03 -8.6922e+03 -5.1122e-01 -4.4941e+03
-4.0125e+06 5.1051e+01 -4.7017e+03 -8.7296e+03 -1.8655e+00 -4.3206e+03
-4.0327e+06 5.1091e+01 -4.6737e+03 -8.7656e+03 -2.9004e+00 -4.1470e+03
-4.0504e+06 5.1139e+01 -4.6463e+03 -8.8002e+03 -2.8166e+00 -3.9734e+03
-4.0900e+06 5.1205e+01 -4.6193e+03 -8.8335e+03 -7.8111e+00 -3.7996e+03
-4.0759e+06 5.1229e+01 -4.5930e+03 -8.8655e+03 -6.7768e+00 -3.6258e+03
-4.0039e+06 5.1153e+01 -4.5671e+03 -8.8961e+03 1.7962e+00 -3.4522e+03
-3.9792e+06 5.0984e+01 -4.5417e+03 -8.9255e+03 2.2722e+00 -3.2788e+03
-3.9855e+06 5.0745e+01 -4.5168e+03 -8.9536e+03 4.2967e-01 -3.1056e+03
-3.9860e+06 5.0463e+01 -4.4923e+03 -8.9805e+03 6.7081e-01 -2.9324e+03
-3.9969e+06 5.0163e+01 -4.4683e+03 -9.0061e+03 3.7029e-01 -2.7596e+03
-4.0085e+06 4.9864e+01 -4.4448e+03 -9.0305e+03 3.4502e-01 -2.5869e+03
-4.0239e+06 4.9592e+01 -4.4217e+03 -9.0538e+03 3.7711e-01 -2.4145e+03
-4.0362e+06 4.9350e+01 -4.3990e+03 -9.0759e+03 2.6096e-01 -2.2426e+03
-4.0486e+06 4.9098e+01 -4.3767e+03 -9.0968e+03 1.1926e-01 -2.0711e+03
-4.0606e+06 4.8821e+01 -4.3549e+03 -9.1166e+03 1.2925e-01 -1.9000e+03
-4.0767e+06 4.8551e+01 -4.3334e+03 -9.1353e+03 1.2280e-01 -1.7292e+03
-4.0884e+06 4.8300e+01 -4.3123e+03 -9.1530e+03 -5.0980e-02 -1.5590e+03
-4.1019e+06 4.8053e+01 -4.2916e+03 -9.1695e+03 1.1669e-01 -1.3894e+03
-4.1179e+06 4.7816e+01 -4.2713e+03 -9.1850e+03 -3.1394e-01 -1.2201e+03
-4.1308e+06 4.7594e+01 -4.2513e+03 -9.1995e+03 -4.3202e-01 -1.0510e+03
-4.1320e+06 4.7367e+01 -4.2316e+03 -9.2130e+03 1.9209e+00 -8.8397e+02
-4.1461e+06 4.7126e+01 -4.2123e+03 -9.2254e+03 -1.5445e+00 -7.1627e+02
-4.1627e+06 4.6901e+01 -4.1934e+03 -9.2369e+03 -6.3219e+00 -5.5482e+02
-4.1730e+06 4.6702e+01 -4.1747e+03 -9.2475e+03 4.2322e-01 -3.8562e+02
-3.8057e+06 5.3678e+01 -5.0509e+03 -8.2986e+03 -3.3192e-01 -5.8631e+03
-3.8055e+06 5.3277e+01 -5.0170e+03 -8.3489e+03 7.7772e+00 -5.6908e+03
-3.8121e+06 5.2856e+01 -4.9838e+03 -8.3976e+03 2.2933e+00 -5.5226e+03
-3.8331e+06 5.2443e+01 -4.9512e+03 -8.4447e+03 -8.5224e-01 -5.3491e+03
-3.8596e+06 5.2056e+01 -4.9192e+03 -8.4902e+03 7.2535e-01 -5.1761e+03
-3.9093e+06 5.1583e+01 -4.8879e+03 -8.5342e+03 -2.8786e+00 -5.0028e+03
-3.9509e+06 5.1107e+01 -4.8571e+03 -8.5766e+03 -3.5556e+00 -4.8293e+03
-3.9684e+06 5.0881e+01 -4.8270e+03 -8.6176e+03 -1.4224e+00 -4.6555e+03
-3.9868e+06 5.0883e+01 -4.7974e+03 -8.6571e+03 -6.8875e-01 -4.4814e+03
-4.0097e+06 5.0933e+01 -4.7684e+03 -8.6951e+03 -1.8085e+00 -4.3074e+03
-4.0348e+06 5.0976e+01 -4.7400e+03 -8.7317e+03 -3.0299e+00 -4.1332e+03
-4.0554e+06 5.1075e+01 -4.7121e+03 -8.7669e+03 -2.9683e+00 -3.9589e+03
-4.0899e+06 5.1240e+01 -4.6847e+03 -8.8008e+03 -8.2486e+00 -3.7847e+03
-4.0696e+06 5.1358e+01 -4.6579e+03 -8.8333e+03 -8.0241e+00 -3.6105e+03
-3.9934e+06 5.1366e+01 -4.6315e+03 -8.8644e+03 3.8958e-01 -3.4365e+03
-3.9627e+06 5.1287e+01 -4.6057e+03 -8.8943e+03 1.5269e+00 -3.2624e+03
-3.9648e+06 5.1129e+01 -4.5803e+03 -8.9229e+03 1.4145e-01 -3.0884e+03
-3.9745e+06 5.0893e+01 -4.5554e+03 -8.9502e+03 5.1534e-01 -2.9148e+03
-3.9848e+06 5.0600e+01 -4.5309e+03 -8.9763e+03 1.9226e-01 -2.7414e+03
-3.9975e+06 5.0286e+01 -4.5069e+03 -9.0011e+03 -7.7310e-02 -2.5682e+03
-4.0100e+06 4.9999e+01 -4.4833e+03 -9.0248e+03 -2.3024e-01 -2.3954e+03
-4.0217e+06 4.9745e+01 -4.4602e+03 -9.0473e+03 -3.0039e-01 -2.2229e+03
-4.0339e+06 4.9480e+01 -4.4375e+03 -9.0686e+03 -4.6939e-01 -2.0508e+03
-4.0471e+06 4.9204e+01 -4.4151e+03 -9.0887e+03 -6.1980e-01 -1.8792e+03
-4.0570e+06 4.8944e+01 -4.3932e+03 -9.1078e+03 -6.0199e-01 -1.7079e+03
-4.0717e+06 4.8675e+01 -4.3717e+03 -9.1257e+03 -8.7206e-01 -1.5372e+03
-4.0863e+06 4.8409e+01 -4.3505e+03 -9.1426e+03 -8.1792e-01 -1.3671e+03
-4.1048e+06 4.8175e+01 -4.3297e+03 -9.1584e+03 -1.1407e+00 -1.1975e+03
-4.1163e+06 4.7951e+01 -4.3093e+03 -9.1732e+03 -1.3422e+00 -1.0283e+03
-4.1209e+06 4.7714e+01 -4.2892e+03 -9.1869e+03 1.5927e+00 -8.6092e+02
-4.1401e+06 4.7472e+01 -4.2694e+03 -9.1996e+03 -2.0958e+00 -6.9325e+02
-4.1537e+06 4.7245e+01 -4.2500e+03 -9.2114e+03 -7.9785e+00 -5.3061e+02
-4.1595e+06 4.7026e+01 -4.2310e+03 -9.2222e+03 -5.8097e-01 -3.5718e+02
-3.7598e+06 5.4382e+01 -5.1200e+03 -8.2578e+03 1.3090e+00 -5.8582e+03
-3.7571e+06 5.3966e+01 -5.0858e+03 -8.3090e+03 5.5341e+00 -5.6791e+03
-3.7548e+06 5.3558e+01 -5.0522e+03 -8.3584e+03 3.3757e+00 -5.5028e+03
-3.7669e+06 5.3163e+01 -5.0192e+03 -8.4063e+03 1.6459e+00 -5.3307e+03
-3.7869e+06 5.2765e+01 -4.9869e+03 -8.4525e+03 2.8580e+00 -5.1570e+03
-3.8304e+06 5.2222e+01 -4.9551e+03 -8.4971e+03 9.4788e-01 -4.9831e+03
-3.8857e+06 5.1549e+01 -4.9240e+03 -8.5403e+03 -9.6586e-01 -4.8090e+03
-3.9323e+06 5.1047e+01 -4.8935e+03 -8.5819e+03 -1.3674e+00 -4.6348e+03
-3.9704e+06 5.0843e+01 -4.8635e+03 -8.6220e+03 -1.5394e+00 -4.4602e+03
-3.9961e+06 5.0814e+01 -4.8341e+03 -8.6606e+03 -1.8057e+00 -4.2856e+03
-4.0105e+06 5.0895e+01 -4.8052e+03 -8.6978e+03 -1.1813e+00 -4.1109e+03
-4.0108e+06 5.1119e+01 -4.7769e+03 -8.7336e+03 1.3064e+00 -3.9361e+03
-4.0139e+06 5.1392e+01 -4.7491e+03 -8.7680e+03 1.3923e+00 -3.7614e+03
-4.0023e+06 5.1535e+01 -4.7218e+03 -8.8010e+03 7.6944e-01 -3.5865e+03
-3.9806e+06 5.1540e+01 -4.6950e+03 -8.8327e+03 1.5647e+00 -3.4119e+03
-3.9726e+06 5.1492e+01 -4.6687e+03 -8.8630e+03 8.7482e-01 -3.2374e+03
-3.9732e+06 5.1404e+01 -4.6429e+03 -8.8921e+03 4.4042e-01 -3.0629e+03
-3.9691e+06 5.1255e+01 -4.6175e+03 -8.9198e+03 7.7426e-01 -2.8887e+03
-3.9753e+06 5.1032e+01 -4.5926e+03 -8.9463e+03 6.9079e-01 -2.7148e+03
-3.9843e+06 5.0741e+01 -4.5682e+03 -8.9716e+03 3.5061e-01 -2.5412e+03
-3.9986e+06 5.0433e+01 -4.5442e+03 -8.9957e+03 6.9341e-02 -2.3679e+03
-4.0105e+06 5.0134e+01 -4.5206e+03 -9.0185e+03 -6.3896e-03 -2.1949e+03
-4.0219e+06 4.9867e+01 -4.4974e+03 -9.0402e+03 -2.6640e-01 -2.0223e+03
-4.0280e+06 4.9744e+01 -4.4747e+03 -9.0607e+03 -2.7529e-01 -1.8501e+03
-4.0349e+06 4.9706e+01 -4.4523e+03 -9.0801e+03 2.6414e-01 -1.6785e+03
-4.0461e+06 4.9467e+01 -4.4303e+03 -9.0984e+03 -1.4203e-02 -1.5073e+03
-4.0661e+06 4.9026e+01 -4.4087e+03 -9.1156e+03 -5.2053e-01 -1.3366e+03
-4.0875e+06 4.8625e+01 -4.3875e+03 -9.1316e+03 -1.2960e+00 -1.1666e+03
-4.1042e+06 4.8320e+01 -4.3666e+03 -9.1467e+03 -1.4779e+00 -9.9696e+02
-4.1113e+06 4.8058e+01 -4.3461e+03 -9.1607e+03 9.5641e-01 -8.2840e+02
-4.1282e+06 4.7822e+01 -4.3260e+03 -9.1737e+03 -1.9175e+00 -6.5786e+02
-4.1386e+06 4.7599e+01 -4.3061e+03 -9.1857e+03 -4.8917e+00 -4.9807e+02
-4.1518e+06 4.7369e+01 -4.2866e+03 -9.1967e+03 4.2374e-01 -3.3550e+02
-3.7288e+06 5.5105e+01 -5.1876e+03 -8.2174e+03 1.1545e+00 -5.8469e+03
-3.7114e+06 5.4670e+01 -5.1531e+03 -8.2693e+03 6.6719e-03 -5.6727e+03
-3.7214e+06 5.4252e+01 -5.1192e+03 -8.3195e+03 2.2525e+00 -5.4983e+03
-3.7124e+06 5.3848e+01 -5.0859e+03 -8.3680e+03 1.9775e+00 -5.3252e+03
-3.7325e+06 5.3449e+01 -5.0532e+03 -8.4149e+03 2.2313e+00 -5.1510e+03
-3.7668e+06 5.2981e+01 -5.0211e+03 -8.4602e+03 1.5150e+00 -4.9767e+03
-3.8259e+06 5.2387e+01 -4.9896e+03 -8.5040e+03 -3.2531e-01 -4.8021e+03
-3.8868e+06 5.1772e+01 -4.9587e+03 -8.5462e+03 -7.6432e-01 -4.6271e+03
-3.9399e+06 5.1286e+01 -4.9284e+03 -8.5869e+03 -6.5945e-01 -4.4521e+03
-3.9752e+06 5.1012e+01 -4.8986e+03 -8.6261e+03 -1.1821e+00 -4.2770e+03
-3.9926e+06 5.1036e+01 -4.8693e+03 -8.6639e+03 -1.7982e+00 -4.1018e+03
-3.9921e+06 5.1331e+01 -4.8406e+03 -8.7002e+03 -8.8988e-01 -3.9264e+03
-3.9838e+06 5.1623e+01 -4.8124e+03 -8.7352e+03 3.3832e-01 -3.7511e+03
-3.9780e+06 5.1709e+01 -4.7847e+03 -8.7687e+03 3.2946e-01 -3.5757e+03
-3.9754e+06 5.1667e+01 -4.7575e+03 -8.8009e+03 -3.6077e-01 -3.4005e+03
-3.9701e+06 5.1608e+01 -4.7308e+03 -8.8317e+03 -6.1749e-01 -3.2255e+03
-3.9680e+06 5.1546e+01 -4.7046e+03 -8.8612e+03 -3.7310e-01 -3.0506e+03
-3.9727e+06 5.1467e+01 -4.6788e+03 -8.8894e+03 -5.5408e-03 -2.8759e+03
-3.9764e+06 5.1335e+01 -4.6535e+03 -8.9163e+03 1.7343e-01 -2.7014e+03
-3.9833e+06 5.1121e+01 -4.6287e+03 -8.9420e+03 -3.7876e-02 -2.5273e+03
-3.9931e+06 5.0838e+01 -4.6042e+03 -8.9664e+03 -1.6105e-01 -2.3534e+03
-4.0050e+06 5.0530e+01 -4.5802e+03 -8.9897e+03 -3.7209e-01 -2.1799e+03
-4.0164e+06 5.0348e+01 -4.5567e+03 -9.0117e+03 -1.1265e+00 -2.0068e+03
-4.0148e+06 5.0540e+01 -4.5335e+03 -9.0326e+03 -5.2655e-01 -1.8342e+03
-4.0039e+06 5.0875e+01 -4.5107e+03 -9.0523e+03 1.3906e+00 -1.6620e+03
-4.0133e+06 5.0693e+01 -4.4883e+03 -9.0709e+03 1.3028e+00 -1.4905e+03
-4.0413e+06 4.9968e+01 -4.4663e+03 -9.0884e+03 2.5539e-02 -1.3193e+03
-4.0754e+06 4.9240e+01 -4.4446e+03 -9.1047e+03 -1.5555e+00 -1.1488e+03
-4.0970e+06 4.8734e+01 -4.4234e+03 -9.1201e+03 -1.7895e+00 -9.7900e+02
-4.1078e+06 4.8394e+01 -4.4025e+03 -9.1343e+03 -2.8204e-01 -8.1007e+02
-4.1101e+06 4.8157e+01 -4.3819e+03 -9.1475e+03 -1.1495e+00 -6.4139e+02
-4.1384e+06 4.7944e+01 -4.3616e+03 -9.1598e+03 -9.5031e-01 -4.7369e+02
-4.1412e+06 4.7731e+01 -4.3417e+03 -9.1710e+03 -3.4904e-01 -3.0779e+02
