  1    1089
-4.7939e+06 3.3323e+01 -9.5891e+01 1.9685e+03 3.4590e+02 -1.0806e+04
-3.8875e+06 3.3974e+01 -1.3698e+02 1.9358e+03 -3.3370e+01 -1.0333e+04
-2.2176e+06 3.5453e+01 -1.7775e+02 1.9028e+03 9.5028e+01 -1.0389e+04
-2.0562e+06 3.5332e+01 -2.1820e+02 1.8695e+03 2.6582e+01 -1.0395e+04
-1.2398e+06 3.3529e+01 -2.5833e+02 1.8359e+03 4.1588e+01 -1.0416e+04
-3.1656e+05 3.2450e+01 -2.9812e+02 1.8019e+03 4.2136e+01 -1.0436e+04
-8.6432e+05 3.2354e+01 -3.3758e+02 1.7677e+03 4.6989e+01 -1.0454e+04
-8.8898e+05 3.2379e+01 -3.7672e+02 1.7333e+03 4.6270e+01 -1.0471e+04
-1.5310e+06 3.2430e+01 -4.1551e+02 1.6986e+03 3.0639e+01 -1.0488e+04
-2.4530e+06 3.2535e+01 -4.5397e+02 1.6637e+03 -2.8963e+01 -1.0503e+04
-2.8644e+06 3.2818e+01 -4.9209e+02 1.6285e+03 -8.9144e+01 -1.0520e+04
-2.1798e+06 3.3431e+01 -5.2988e+02 1.5932e+03 -1.4294e+02 -1.0535e+04
-2.6537e+06 3.3518e+01 -5.6732e+02 1.5577e+03 -2.8057e+02 -1.0549e+04
7.8910e+05 3.2052e+01 -6.0442e+02 1.5221e+03 -3.2516e+02 -1.0562e+04
5.4720e+06 3.0329e+01 -6.4118e+02 1.4863e+03 -3.3206e+02 -1.0589e+04
8.9113e+06 3.0471e+01 -6.7760e+02 1.4504e+03 -4.6652e+02 -1.0558e+04
5.3933e+06 3.4175e+01 -7.1368e+02 1.4144e+03 -2.2457e+04 -8.7230e+03
-1.4159e+07 4.2786e+01 -7.4942e+02 1.3782e+03 -1.2561e+05 -2.8106e+03
-4.2354e+06 5.4229e+01 -1.9607e+03 1.4995e+03 -3.0040e+05 9.2488e+03
-1.4015e+07 6.3431e+01 -5.1851e+03 1.9002e+03 -4.2958e+05 2.5062e+04
-3.2268e+07 6.7281e+01 -8.3541e+03 2.3083e+03 -4.6587e+05 3.8760e+04
-2.8624e+07 6.5432e+01 -1.1466e+04 2.7364e+03 -4.5086e+05 5.0682e+04
-1.7732e+06 5.8026e+01 -1.4518e+04 3.2295e+03 -3.6177e+05 5.8242e+04
-9.2939e+06 4.7054e+01 -1.6810e+04 3.6714e+03 -1.9032e+05 5.2704e+04
-1.0613e+07 3.7206e+01 -1.6723e+04 3.7386e+03 -4.8562e+04 3.9897e+04
1.6335e+07 3.1828e+01 -1.6635e+04 3.8071e+03 -2.0430e+03 3.3986e+04
7.2146e+06 3.0728e+01 -1.6547e+04 3.8771e+03 2.4863e+02 3.3966e+04
8.3141e+06 3.2446e+01 -1.6460e+04 3.9485e+03 -2.3128e+02 3.4091e+04
1.4920e+06 3.5463e+01 -1.6373e+04 4.0212e+03 -2.3835e+02 3.4228e+04
-9.1588e+05 3.8042e+01 -1.6286e+04 4.0951e+03 -3.2372e+02 3.4361e+04
-3.4885e+06 3.9264e+01 -1.6200e+04 4.1702e+03 -2.5008e+02 3.4483e+04
-3.4028e+06 3.9575e+01 -1.6113e+04 4.2464e+03 -1.2552e+02 3.4603e+04
-3.8463e+06 3.9727e+01 -1.6027e+04 4.3238e+03 -6.2251e+01 3.4733e+04
-3.8823e+06 3.2501e+01 -6.7342e+01 1.9310e+03 5.9572e+02 -1.1042e+04
-3.7600e+06 3.4274e+01 -1.0824e+02 1.8985e+03 -5.9302e+01 -1.0337e+04
-2.1510e+06 3.5529e+01 -1.4884e+02 1.8657e+03 1.1328e+02 -1.0423e+04
-1.0543e+06 3.4814e+01 -1.8912e+02 1.8326e+03 4.6592e+01 -1.0420e+04
-9.0511e+05 3.3193e+01 -2.2908e+02 1.7991e+03 6.5639e+01 -1.0440e+04
-1.9327e+06 3.2405e+01 -2.6872e+02 1.7654e+03 1.3928e+01 -1.0458e+04
-1.5587e+06 3.2364e+01 -3.0804e+02 1.7314e+03 4.3721e+01 -1.0476e+04
-2.2821e+06 3.2415e+01 -3.4704e+02 1.6971e+03 -2.9917e+00 -1.0494e+04
-2.8446e+06 3.2520e+01 -3.8571e+02 1.6626e+03 -7.6686e+00 -1.0509e+04
-3.0298e+06 3.2736e+01 -4.2405e+02 1.6279e+03 -9.5378e+01 -1.0528e+04
-3.5574e+06 3.3255e+01 -4.6206e+02 1.5930e+03 -1.2256e+02 -1.0541e+04
-3.2081e+06 3.3638e+01 -4.9975e+02 1.5579e+03 -2.8810e+02 -1.0557e+04
1.8588e+05 3.2620e+01 -5.3710e+02 1.5226e+03 -2.7032e+02 -1.0569e+04
3.4351e+06 3.0734e+01 -5.7412e+02 1.4872e+03 -4.9296e+02 -1.0586e+04
8.7666e+06 3.0207e+01 -6.1080e+02 1.4516e+03 3.4093e+02 -1.0606e+04
8.5740e+06 3.3192e+01 -6.4716e+02 1.4159e+03 -1.1467e+04 -9.9629e+03
-1.5465e+07 4.1503e+01 -6.8317e+02 1.3801e+03 -1.0558e+05 -1.2393e+04
-4.4336e+06 5.3447e+01 -1.6600e+03 1.4738e+03 -2.8868e+05 -3.6712e+03
-1.1556e+07 6.3437e+01 -4.9304e+03 1.8924e+03 -4.3100e+05 1.9961e+04
-3.4160e+07 6.7870e+01 -8.1462e+03 2.3179e+03 -4.7291e+05 3.7627e+04
-3.1768e+07 6.6519e+01 -1.1306e+04 2.7599e+03 -4.6305e+05 5.0068e+04
-7.4189e+05 5.9382e+01 -1.4406e+04 3.2635e+03 -3.8071e+05 5.9011e+04
-8.9151e+06 4.8212e+01 -1.6978e+04 3.7531e+03 -2.0645e+05 5.3965e+04
-1.3183e+07 3.7871e+01 -1.6891e+04 3.8179e+03 -5.4316e+04 4.0194e+04
1.5689e+07 3.2078e+01 -1.6803e+04 3.8843e+03 -2.4301e+03 3.3671e+04
7.8825e+06 3.0913e+01 -1.6717e+04 3.9520e+03 3.5289e+02 3.3628e+04
9.9480e+06 3.2837e+01 -1.6630e+04 4.0212e+03 -1.2846e+02 3.3771e+04
-1.6466e+04 3.5862e+01 -1.6543e+04 4.0917e+03 -2.7284e+02 3.3896e+04
-6.3821e+05 3.8116e+01 -1.6457e+04 4.1635e+03 -3.6530e+02 3.4039e+04
-3.1111e+06 3.9133e+01 -1.6370e+04 4.2365e+03 -2.2904e+02 3.4164e+04
-3.1456e+06 3.9485e+01 -1.6284e+04 4.3107e+03 -1.3333e+02 3.4298e+04
-4.5275e+06 3.9661e+01 -1.6198e+04 4.3861e+03 -7.9891e+01 3.4412e+04
-4.9064e+06 3.9857e+01 -1.6113e+04 4.4625e+03 -6.5212e+01 3.4499e+04
-2.2616e+06 3.2245e+01 -3.9188e+01 1.8934e+03 2.6243e+03 -1.2755e+04
-3.5965e+06 3.4348e+01 -7.9898e+01 1.8611e+03 1.0299e+01 -1.0399e+04
-1.2921e+06 3.4703e+01 -1.2031e+02 1.8285e+03 7.9863e+01 -1.0466e+04
-2.6266e+06 3.3460e+01 -1.6041e+02 1.7956e+03 1.5988e+01 -1.0455e+04
-8.0390e+05 3.2542e+01 -2.0021e+02 1.7623e+03 6.5420e+01 -1.0475e+04
-1.6619e+06 3.2360e+01 -2.3969e+02 1.7288e+03 3.9696e+01 -1.0493e+04
-2.0654e+06 3.2411e+01 -2.7887e+02 1.6950e+03 -2.0412e+01 -1.0508e+04
-4.3588e+06 3.2487e+01 -3.1773e+02 1.6609e+03 -7.1576e+01 -1.0526e+04
-3.0240e+06 3.2661e+01 -3.5627e+02 1.6266e+03 -8.9059e+01 -1.0542e+04
-5.3729e+06 3.3167e+01 -3.9449e+02 1.5921e+03 -1.2067e+02 -1.0562e+04
-1.7204e+06 3.3734e+01 -4.3239e+02 1.5574e+03 -1.9877e+02 -1.0573e+04
-2.0796e+06 3.3102e+01 -4.6997e+02 1.5225e+03 -2.5991e+02 -1.0591e+04
3.5061e+06 3.1213e+01 -5.0723e+02 1.4874e+03 -3.9456e+02 -1.0591e+04
6.6562e+06 3.0131e+01 -5.4416e+02 1.4522e+03 4.3225e+02 -1.0667e+04
1.3008e+07 3.2228e+01 -5.8076e+02 1.4168e+03 -3.3923e+03 -1.0546e+04
-1.8555e+07 3.9770e+01 -6.1704e+02 1.3814e+03 -7.8615e+04 -1.1384e+04
-7.7121e+06 5.1948e+01 -1.0285e+03 1.3991e+03 -2.6417e+05 -1.4630e+04
-6.5690e+06 6.3039e+01 -4.5093e+03 1.8596e+03 -4.2907e+05 -4.0302e+03
-3.6356e+07 6.8372e+01 -7.9251e+03 2.3242e+03 -4.8026e+05 2.1521e+04
-3.1332e+07 6.7545e+01 -1.1131e+04 2.7807e+03 -4.7443e+05 4.4899e+04
-8.3192e+05 6.0827e+01 -1.4279e+04 3.2952e+03 -3.9975e+05 5.8572e+04
-7.7360e+06 4.9609e+01 -1.7142e+04 3.8361e+03 -2.2344e+05 5.4545e+04
-1.6099e+07 3.8748e+01 -1.7056e+04 3.8985e+03 -6.0446e+04 4.0476e+04
1.6828e+07 3.2471e+01 -1.6969e+04 3.9626e+03 -2.7780e+03 3.3261e+04
8.5639e+06 3.0995e+01 -1.6883e+04 4.0281e+03 4.0664e+02 3.3189e+04
1.0542e+07 3.2831e+01 -1.6797e+04 4.0950e+03 -1.2921e+02 3.3368e+04
-1.4365e+06 3.5948e+01 -1.6711e+04 4.1634e+03 -3.5989e+02 3.3496e+04
4.8400e+05 3.8041e+01 -1.6625e+04 4.2330e+03 -3.9281e+02 3.3633e+04
-3.7812e+06 3.8733e+01 -1.6539e+04 4.3040e+03 -2.2618e+02 3.3758e+04
-3.3922e+06 3.9059e+01 -1.6453e+04 4.3761e+03 -1.4439e+02 3.3895e+04
-4.9431e+06 3.9434e+01 -1.6368e+04 4.4495e+03 -7.9767e+01 3.4014e+04
-4.1192e+06 3.9747e+01 -1.6282e+04 4.5240e+03 -4.6075e+00 3.4164e+04
-4.5940e+06 4.0018e+01 -1.6197e+04 4.5995e+03 -2.4743e+01 3.4278e+04
-2.6555e+06 3.1500e+01 -1.1423e+01 1.8559e+03 5.9846e+03 -1.7966e+04
-2.5011e+06 3.2797e+01 -5.1937e+01 1.8237e+03 1.2750e+02 -1.0539e+04
-2.9345e+06 3.2926e+01 -9.2160e+01 1.7913e+03 7.2949e-01 -1.0484e+04
-1.7928e+05 3.2433e+01 -1.3209e+02 1.7585e+03 7.1613e+01 -1.0486e+04
-2.1259e+06 3.2271e+01 -1.7172e+02 1.7255e+03 6.3372e+01 -1.0502e+04
-2.6185e+06 3.2367e+01 -2.1104e+02 1.6921e+03 -3.3941e+01 -1.0515e+04
-5.3156e+06 3.2464e+01 -2.5007e+02 1.6585e+03 -1.3594e+02 -1.0535e+04
-3.3098e+06 3.2540e+01 -2.8878e+02 1.6246e+03 -1.0322e+02 -1.0551e+04
-5.9518e+06 3.3044e+01 -3.2719e+02 1.5906e+03 -9.4726e+01 -1.0570e+04
-1.0331e+06 3.4212e+01 -3.6529e+02 1.5562e+03 -9.9404e+01 -1.0580e+04
-4.9041e+06 3.4238e+01 -4.0307e+02 1.5217e+03 -2.9095e+02 -1.0606e+04
3.0028e+06 3.2127e+01 -4.4054e+02 1.4870e+03 -3.3614e+02 -1.0606e+04
2.9023e+06 3.0286e+01 -4.7770e+02 1.4522e+03 -1.6282e+02 -1.0704e+04
1.2591e+07 3.1479e+01 -5.1454e+02 1.4172e+03 -2.5596e+03 -1.0486e+04
-1.8583e+07 3.7992e+01 -5.5106e+02 1.3820e+03 -6.0008e+04 -5.1707e+03
-1.0375e+07 4.9900e+01 -5.8726e+02 1.3467e+03 -2.3359e+05 -6.4028e+03
-1.7382e+06 6.1987e+01 -3.8772e+03 1.7931e+03 -4.1771e+05 -7.5464e+03
-3.4797e+07 6.8553e+01 -7.3522e+03 2.2793e+03 -4.8608e+05 3.5128e+03
-3.3654e+07 6.8509e+01 -1.0772e+04 2.7739e+03 -4.8311e+05 2.0109e+04
-3.7261e+06 6.2299e+01 -1.4130e+04 3.3235e+03 -4.1709e+05 3.7478e+04
-7.0324e+06 5.1165e+01 -1.7271e+04 3.9143e+03 -2.4262e+05 4.5537e+04
-1.8561e+07 3.9850e+01 -1.7218e+04 3.9802e+03 -6.7692e+04 4.0040e+04
1.7580e+07 3.2995e+01 -1.7132e+04 4.0420e+03 -3.0450e+03 3.2925e+04
8.8277e+06 3.1110e+01 -1.7047e+04 4.1053e+03 4.2171e+02 3.2804e+04
1.0265e+07 3.2645e+01 -1.6961e+04 4.1700e+03 -1.8073e+02 3.3004e+04
-1.2611e+06 3.5662e+01 -1.6876e+04 4.2362e+03 -3.9487e+02 3.3129e+04
1.2302e+06 3.7784e+01 -1.6790e+04 4.3037e+03 -3.8908e+02 3.3271e+04
-4.7372e+06 3.8368e+01 -1.6705e+04 4.3726e+03 -2.6417e+02 3.3403e+04
-3.1420e+06 3.8572e+01 -1.6620e+04 4.4427e+03 -1.3322e+02 3.3536e+04
-4.6754e+06 3.9038e+01 -1.6535e+04 4.5140e+03 -8.3929e+01 3.3665e+04
-3.9114e+06 3.9552e+01 -1.6450e+04 4.5865e+03 -1.3609e+01 3.3790e+04
-4.9905e+06 3.9913e+01 -1.6365e+04 4.6601e+03 -1.2287e+01 3.3930e+04
-4.9108e+06 4.0213e+01 -1.6281e+04 4.7347e+03 -2.5291e+01 3.4037e+04
-5.5619e+05 3.0929e+01 1.5961e+01 1.8183e+03 8.7430e+03 -2.5911e+04
-2.4684e+06 3.1837e+01 -2.4356e+01 1.7863e+03 3.4799e+02 -1.0743e+04
-1.4131e+06 3.2122e+01 -6.4390e+01 1.7540e+03 -2.2047e+01 -1.0490e+04
-3.1187e+06 3.2209e+01 -1.0414e+02 1.7215e+03 3.2743e+01 -1.0517e+04
-1.1772e+06 3.2284e+01 -1.4359e+02 1.6886e+03 8.6516e+01 -1.0525e+04
-2.8502e+06 3.2379e+01 -1.8276e+02 1.6554e+03 1.7511e+01 -1.0545e+04
-3.1536e+06 3.2498e+01 -2.2163e+02 1.6220e+03 -6.3778e+01 -1.0561e+04
-5.8748e+06 3.2610e+01 -2.6020e+02 1.5883e+03 -1.1058e+02 -1.0580e+04
-2.1109e+06 3.3831e+01 -2.9847e+02 1.5544e+03 -2.3297e+01 -1.0589e+04
-5.7087e+06 3.5548e+01 -3.3644e+02 1.5203e+03 -2.4537e+02 -1.0612e+04
2.2078e+06 3.4268e+01 -3.7410e+02 1.4860e+03 -2.3464e+02 -1.0617e+04
1.1846e+06 3.1075e+01 -4.1146e+02 1.4515e+03 -2.8916e+02 -1.0695e+04
1.2203e+07 3.0470e+01 -4.4851e+02 1.4169e+03 -4.4511e+02 -1.0725e+04
-7.6501e+06 3.5316e+01 -4.8525e+02 1.3821e+03 -3.8154e+04 -7.7915e+03
-6.4822e+06 4.6520e+01 -5.2168e+02 1.3471e+03 -1.9296e+05 -1.2491e+04
8.8498e+05 5.9744e+01 -3.2257e+03 1.7182e+03 -3.9388e+05 -1.3180e+04
-3.2642e+07 6.8099e+01 -6.7479e+03 2.2248e+03 -4.8670e+05 -9.6408e+01
-3.6462e+07 6.9310e+01 -1.0217e+04 2.7365e+03 -4.9084e+05 1.2737e+04
-8.5268e+06 6.3962e+01 -1.3625e+04 3.2936e+03 -4.3665e+05 2.1123e+04
-6.1491e+06 5.3054e+01 -1.6971e+04 3.9174e+03 -2.7257e+05 2.7219e+04
-1.9556e+07 4.1061e+01 -1.7378e+04 4.0630e+03 -8.4544e+04 3.2177e+04
1.4914e+07 3.3423e+01 -1.7293e+04 4.1225e+03 -4.6007e+03 3.2540e+04
1.1852e+07 3.1162e+01 -1.7208e+04 4.1835e+03 6.6411e+02 3.2442e+04
9.7295e+06 3.2443e+01 -1.7123e+04 4.2461e+03 -2.2197e+02 3.2618e+04
9.8642e+05 3.5297e+01 -1.7038e+04 4.3100e+03 -3.3822e+02 3.2752e+04
2.0072e+05 3.7436e+01 -1.6953e+04 4.3754e+03 -4.2364e+02 3.2897e+04
-4.4707e+06 3.8040e+01 -1.6868e+04 4.4422e+03 -2.6702e+02 3.3037e+04
-3.1776e+06 3.8217e+01 -1.6784e+04 4.5102e+03 -1.3075e+02 3.3170e+04
-4.2636e+06 3.8700e+01 -1.6699e+04 4.5795e+03 -5.8824e+01 3.3300e+04
-4.7220e+06 3.9332e+01 -1.6615e+04 4.6500e+03 -5.6398e+01 3.3432e+04
-4.7625e+06 3.9816e+01 -1.6531e+04 4.7217e+03 -2.8359e+01 3.3557e+04
-4.8170e+06 4.0133e+01 -1.6446e+04 4.7944e+03 1.2617e+01 3.3697e+04
-4.4760e+06 4.0429e+01 -1.6362e+04 4.8682e+03 -9.6611e+00 3.3806e+04
-1.0354e+06 3.0660e+01 4.2967e+01 1.7807e+03 1.1032e+04 -3.4549e+04
-1.9986e+06 3.1733e+01 2.8507e+00 1.7489e+03 5.3572e+02 -1.0954e+04
-2.9894e+06 3.2117e+01 -3.6992e+01 1.7168e+03 -4.0024e+01 -1.0492e+04
-7.1272e+05 3.2205e+01 -7.6556e+01 1.6844e+03 1.7631e+02 -1.0550e+04
-2.1608e+06 3.2277e+01 -1.1584e+02 1.6517e+03 9.2021e+01 -1.0551e+04
-4.5343e+06 3.2388e+01 -1.5484e+02 1.6187e+03 -1.2230e+01 -1.0569e+04
-4.9154e+06 3.2524e+01 -1.9355e+02 1.5855e+03 -1.2741e+02 -1.0584e+04
-4.1652e+06 3.2721e+01 -2.3197e+02 1.5520e+03 -3.7500e+01 -1.0604e+04
-3.9697e+06 3.4411e+01 -2.7010e+02 1.5183e+03 -1.3955e+02 -1.0613e+04
-7.5902e+05 3.5880e+01 -3.0794e+02 1.4844e+03 -1.4337e+02 -1.0644e+04
-4.7729e+04 3.3399e+01 -3.4548e+02 1.4503e+03 -6.0819e+02 -1.0644e+04
7.2952e+06 3.0286e+01 -3.8272e+02 1.4160e+03 5.3730e+02 -1.0708e+04
7.3341e+06 3.1837e+01 -4.1966e+02 1.3816e+03 -3.1559e+03 -1.1107e+04
-8.7449e+06 4.0510e+01 -4.5630e+02 1.3470e+03 -1.0179e+05 -3.9137e+04
1.3497e+05 5.4328e+01 -2.1787e+03 1.5757e+03 -3.1373e+05 -8.8957e+04
-1.9612e+07 6.5641e+01 -6.1234e+03 2.1620e+03 -4.6221e+05 -8.0323e+04
-3.6483e+07 6.9456e+01 -9.6390e+03 2.6930e+03 -4.9269e+05 -2.5675e+04
-1.2606e+07 6.5736e+01 -1.3097e+04 3.2583e+03 -4.5633e+05 1.0189e+04
-5.9956e+06 5.5559e+01 -1.6492e+04 3.8884e+03 -3.1131e+05 2.6012e+04
-1.3680e+07 4.3021e+01 -1.7534e+04 4.1467e+03 -1.1703e+05 3.2184e+04
9.6933e+06 3.4071e+01 -1.7450e+04 4.2039e+03 -1.4428e+04 3.3269e+04
1.5315e+07 3.0860e+01 -1.7366e+04 4.2627e+03 4.7188e+02 3.2082e+04
8.2059e+06 3.1945e+01 -1.7282e+04 4.3231e+03 -2.2688e+02 3.2233e+04
3.6721e+06 3.4901e+01 -1.7198e+04 4.3849e+03 -2.9945e+02 3.2381e+04
-1.8602e+06 3.7168e+01 -1.7113e+04 4.4482e+03 -5.0991e+02 3.2523e+04
-2.7071e+06 3.7818e+01 -1.7029e+04 4.5128e+03 -2.4984e+02 3.2668e+04
-3.9300e+06 3.7962e+01 -1.6945e+04 4.5788e+03 -1.4806e+02 3.2800e+04
-3.7204e+06 3.8459e+01 -1.6861e+04 4.6461e+03 -4.8510e+01 3.2937e+04
-5.4004e+06 3.9155e+01 -1.6777e+04 4.7146e+03 -6.0978e+01 3.3066e+04
-3.8010e+06 3.9723e+01 -1.6694e+04 4.7842e+03 -1.4635e+01 3.3199e+04
-5.2801e+06 4.0078e+01 -1.6610e+04 4.8551e+03 -1.0146e+01 3.3322e+04
-4.2081e+06 4.0344e+01 -1.6527e+04 4.9270e+03 2.1736e+01 3.3463e+04
-5.5635e+06 4.0644e+01 -1.6443e+04 5.0000e+03 -2.7181e+01 3.3572e+04
-1.8849e+06 3.0325e+01 6.9603e+01 1.7431e+03 1.3737e+04 -4.3159e+04
-8.8030e+05 3.1539e+01 2.9689e+01 1.7115e+03 1.0047e+03 -1.1186e+04
-4.2953e+06 3.2040e+01 -9.9599e+00 1.6795e+03 -1.8619e+01 -1.0500e+04
-2.7943e+06 3.2178e+01 -4.9339e+01 1.6473e+03 1.7641e+02 -1.0578e+04
-5.0920e+06 3.2289e+01 -8.8446e+01 1.6148e+03 -9.8577e+00 -1.0575e+04
-7.0317e+05 3.2426e+01 -1.2728e+02 1.5820e+03 1.3626e+02 -1.0593e+04
-6.1855e+06 3.2571e+01 -1.6583e+02 1.5490e+03 -1.5031e+02 -1.0611e+04
-1.6003e+06 3.2888e+01 -2.0410e+02 1.5157e+03 7.9972e+01 -1.0622e+04
-5.5958e+06 3.4428e+01 -2.4208e+02 1.4822e+03 -3.9819e+02 -1.0644e+04
1.3563e+06 3.4981e+01 -2.7978e+02 1.4485e+03 -3.3496e+01 -1.0647e+04
-3.1287e+05 3.2148e+01 -3.1719e+02 1.4146e+03 -9.5950e+02 -1.0742e+04
1.7292e+07 3.0200e+01 -3.5431e+02 1.3805e+03 1.4249e+03 -1.0586e+04
-5.4856e+06 3.4319e+01 -3.9114e+02 1.3462e+03 -1.5812e+04 -1.1259e+04
-1.6378e+07 4.5896e+01 -4.2768e+02 1.3118e+03 -1.7162e+05 -9.4112e+04
-3.8119e+06 5.9751e+01 -3.6652e+03 1.8010e+03 -3.8258e+05 -1.8259e+05
-4.1231e+07 6.7804e+01 -7.9487e+03 2.4715e+03 -4.6813e+05 -1.6558e+05
-2.2057e+07 6.7392e+01 -1.2179e+04 3.1580e+03 -4.7091e+05 -1.0891e+05
-5.7535e+06 5.9013e+01 -1.5990e+04 3.8541e+03 -3.6128e+05 -2.2638e+04
-1.3816e+07 4.6040e+01 -1.7688e+04 4.2314e+03 -1.5558e+05 3.4246e+04
4.4037e+06 3.5566e+01 -1.7605e+04 4.2863e+03 -2.7747e+04 3.4837e+04
1.4855e+07 3.1114e+01 -1.7522e+04 4.3429e+03 -6.8685e+02 3.1704e+04
9.3481e+06 3.1373e+01 -1.7438e+04 4.4010e+03 -1.0422e+02 3.1833e+04
5.0764e+06 3.4176e+01 -1.7355e+04 4.4607e+03 -3.7851e+02 3.1996e+04
-1.5973e+06 3.6817e+01 -1.7271e+04 4.5218e+03 -4.7764e+02 3.2148e+04
-1.6897e+06 3.7743e+01 -1.7188e+04 4.5844e+03 -2.9382e+02 3.2295e+04
-4.2299e+06 3.7857e+01 -1.7104e+04 4.6483e+03 -1.3679e+02 3.2428e+04
-3.7855e+06 3.8285e+01 -1.7021e+04 4.7135e+03 -7.9129e+01 3.2568e+04
-5.1763e+06 3.9011e+01 -1.6938e+04 4.7800e+03 -4.1183e+01 3.2702e+04
-3.6825e+06 3.9628e+01 -1.6854e+04 4.8477e+03 -1.4178e+01 3.2832e+04
-5.6700e+06 4.0014e+01 -1.6771e+04 4.9166e+03 -3.4384e+01 3.2964e+04
-4.1558e+06 4.0285e+01 -1.6688e+04 4.9867e+03 -4.4994e-01 3.3088e+04
-5.3756e+06 4.0552e+01 -1.6605e+04 5.0578e+03 1.8955e+01 3.3228e+04
-4.1501e+06 4.0867e+01 -1.6523e+04 5.1299e+03 -1.1759e+00 3.3336e+04
-4.2364e+06 2.9917e+01 9.5873e+01 1.7055e+03 1.9391e+04 -5.1587e+04
-3.7485e+06 3.1386e+01 5.6163e+01 1.6741e+03 3.0978e+03 -1.2828e+04
-6.7136e+06 3.2164e+01 1.6711e+01 1.6423e+03 -8.3284e+00 -1.0553e+04
-2.4268e+06 3.2285e+01 -2.2481e+01 1.6103e+03 2.0205e+02 -1.0604e+04
-5.3590e+06 3.2377e+01 -6.1408e+01 1.5779e+03 -4.6625e+01 -1.0596e+04
-5.7056e+06 3.2532e+01 -1.0007e+02 1.5453e+03 -5.1422e+01 -1.0611e+04
-5.9159e+06 3.2752e+01 -1.3846e+02 1.5125e+03 -1.9318e+02 -1.0633e+04
-2.2546e+06 3.3667e+01 -1.7657e+02 1.4794e+03 5.3733e+00 -1.0638e+04
-4.3039e+06 3.4925e+01 -2.1441e+02 1.4461e+03 -4.0620e+02 -1.0677e+04
4.0917e+06 3.3937e+01 -2.5197e+02 1.4125e+03 -1.6253e+02 -1.0659e+04
2.6862e+06 3.1092e+01 -2.8925e+02 1.3788e+03 -5.8311e+02 -1.0824e+04
1.4383e+07 3.0990e+01 -3.2624e+02 1.3449e+03 1.2137e+02 -1.0641e+04
-8.8105e+06 3.7908e+01 -3.6295e+02 1.3109e+03 -5.4046e+04 -1.6722e+04
-9.6229e+06 5.1368e+01 -7.9583e+02 1.3440e+03 -2.5593e+05 -1.1850e+05
2.8454e+06 6.3723e+01 -5.1322e+03 2.0459e+03 -4.3555e+05 -2.0884e+05
-5.1859e+07 6.8235e+01 -9.4246e+03 2.7520e+03 -4.6882e+05 -1.9590e+05
4.2313e+06 6.3665e+01 -1.3653e+04 3.4922e+03 -4.2823e+05 -1.7246e+05
-1.5087e+07 5.1647e+01 -1.7791e+04 4.3076e+03 -2.4333e+05 -6.1195e+04
-1.1076e+07 3.8610e+01 -1.7757e+04 4.3695e+03 -4.7748e+04 3.3451e+04
2.1161e+07 3.1659e+01 -1.7674e+04 4.4239e+03 -3.2309e+01 3.1635e+04
1.0445e+07 3.1092e+01 -1.7591e+04 4.4799e+03 -3.2173e+02 3.1340e+04
8.8312e+06 3.3642e+01 -1.7509e+04 4.5374e+03 -2.3031e+01 3.1629e+04
-2.3769e+06 3.6334e+01 -1.7426e+04 4.5963e+03 -7.1527e+02 3.1753e+04
-1.8734e+05 3.7535e+01 -1.7343e+04 4.6568e+03 -2.1929e+02 3.1921e+04
-5.4185e+06 3.7836e+01 -1.7261e+04 4.7186e+03 -2.4146e+02 3.2053e+04
-2.7730e+06 3.8172e+01 -1.7178e+04 4.7818e+03 -2.7714e+01 3.2197e+04
-5.5134e+06 3.8820e+01 -1.7095e+04 4.8463e+03 -7.7467e+01 3.2332e+04
-3.4759e+06 3.9492e+01 -1.7013e+04 4.9121e+03 8.2593e+00 3.2468e+04
-6.0123e+06 3.9930e+01 -1.6930e+04 4.9790e+03 -5.1093e+01 3.2596e+04
-3.6398e+06 4.0215e+01 -1.6848e+04 5.0472e+03 1.2767e+01 3.2729e+04
-5.6120e+06 4.0483e+01 -1.6765e+04 5.1164e+03 -1.3309e+01 3.2852e+04
-4.0188e+06 4.0779e+01 -1.6683e+04 5.1867e+03 3.7133e+01 3.2992e+04
-5.6291e+06 4.1104e+01 -1.6601e+04 5.2581e+03 -2.8205e+01 3.3100e+04
-7.0887e+06 2.9609e+01 1.9776e+02 1.7458e+03 2.6714e+04 -5.9767e+04
-5.4032e+06 3.1769e+01 8.2280e+01 1.6367e+03 6.8729e+03 -1.7976e+04
-6.5849e+06 3.3173e+01 4.3026e+01 1.6051e+03 1.6868e+02 -1.0712e+04
-8.0367e+06 3.3368e+01 4.0238e+00 1.5732e+03 -6.1034e+01 -1.0626e+04
-6.0660e+06 3.3462e+01 -3.4722e+01 1.5411e+03 -2.5345e+01 -1.0622e+04
-2.6728e+06 3.3646e+01 -7.3207e+01 1.5087e+03 -3.7869e+00 -1.0638e+04
-3.3567e+06 3.3957e+01 -1.1143e+02 1.4760e+03 2.1671e+01 -1.0650e+04
-3.0842e+06 3.5368e+01 -1.4939e+02 1.4431e+03 -1.7828e+02 -1.0662e+04
-3.0987e+05 3.5864e+01 -1.8708e+02 1.4099e+03 -2.3123e+02 -1.0701e+04
2.6855e+05 3.3118e+01 -2.2449e+02 1.3766e+03 -7.6721e+02 -1.0707e+04
1.2034e+07 3.0513e+01 -2.6164e+02 1.3431e+03 7.2553e+02 -1.0770e+04
9.2066e+06 3.2757e+01 -2.9850e+02 1.3094e+03 -4.1203e+03 -1.1254e+04
-1.2892e+07 4.2559e+01 -3.3509e+02 1.2756e+03 -1.1591e+05 -5.1471e+04
-3.4076e+06 5.6842e+01 -2.2644e+03 1.5767e+03 -3.3911e+05 -1.4748e+05
-2.1474e+07 6.6862e+01 -6.6087e+03 2.3140e+03 -4.6772e+05 -1.9997e+05
-3.7656e+07 6.7858e+01 -1.0908e+04 3.0576e+03 -4.7073e+05 -1.8886e+05
-3.8487e+05 5.9664e+01 -1.5129e+04 3.8557e+03 -3.7674e+05 -1.5252e+05
-1.4335e+07 4.5759e+01 -1.7905e+04 4.4535e+03 -1.5735e+05 -4.7645e+04
1.5274e+06 3.4306e+01 -1.7824e+04 4.5057e+03 -8.7795e+03 2.9823e+04
2.2866e+07 3.0467e+01 -1.7742e+04 4.5595e+03 2.0337e+03 3.1172e+04
3.8163e+06 3.2459e+01 -1.7660e+04 4.6148e+03 -8.5352e+02 3.1201e+04
4.8748e+06 3.5789e+01 -1.7578e+04 4.6717e+03 -2.1134e+02 3.1377e+04
-3.9226e+06 3.7425e+01 -1.7496e+04 4.7300e+03 -6.4615e+02 3.1534e+04
-1.5417e+06 3.7756e+01 -1.7414e+04 4.7898e+03 -3.9896e+01 3.1682e+04
-5.0773e+06 3.8098e+01 -1.7332e+04 4.8510e+03 -1.7833e+02 3.1819e+04
-3.2717e+06 3.8594e+01 -1.7250e+04 4.9135e+03 1.9602e+01 3.1963e+04
-5.5627e+06 3.9179e+01 -1.7168e+04 4.9772e+03 -9.0538e+01 3.2097e+04
-4.2427e+06 3.9704e+01 -1.7086e+04 5.0423e+03 2.0911e+01 3.2232e+04
-4.9309e+06 4.0074e+01 -1.7005e+04 5.1085e+03 -3.6720e+01 3.2360e+04
-4.7935e+06 4.0370e+01 -1.6923e+04 5.1759e+03 7.7166e+00 3.2493e+04
-4.9106e+06 4.0671e+01 -1.6841e+04 5.2443e+03 -2.2703e+01 3.2615e+04
-4.7487e+06 4.0999e+01 -1.6759e+04 5.3139e+03 4.4440e+01 3.2756e+04
-4.6799e+06 4.1343e+01 -1.6678e+04 5.3844e+03 -1.9646e+01 3.2863e+04
-6.2425e+06 2.9275e+01 3.3525e+02 1.8278e+03 3.1858e+04 -6.7902e+04
-8.5503e+06 3.2164e+01 1.0805e+02 1.5994e+03 1.0074e+04 -2.6028e+04
-7.4539e+06 3.4439e+01 6.8990e+01 1.5680e+03 3.1728e+02 -1.0926e+04
-6.3099e+06 3.5141e+01 3.0180e+01 1.5363e+03 -1.1270e+01 -1.0646e+04
-3.6229e+06 3.5385e+01 -8.3816e+00 1.5043e+03 1.1333e+02 -1.0653e+04
-9.3206e+06 3.5609e+01 -4.6691e+01 1.4720e+03 -1.7731e+02 -1.0656e+04
-1.4381e+06 3.6061e+01 -8.4745e+01 1.4395e+03 7.9880e+01 -1.0668e+04
-4.7164e+06 3.6961e+01 -1.2254e+02 1.4068e+03 -3.6733e+02 -1.0698e+04
3.3086e+06 3.5735e+01 -1.6008e+02 1.3739e+03 -9.8117e+01 -1.0697e+04
3.1172e+06 3.2113e+01 -1.9735e+02 1.3407e+03 -8.7732e+02 -1.0823e+04
1.6923e+07 3.0709e+01 -2.3435e+02 1.3074e+03 8.5521e+02 -1.0634e+04
-7.0092e+06 3.5729e+01 -2.7109e+02 1.2739e+03 -2.5633e+04 -1.0194e+04
-1.3901e+07 4.8112e+01 -3.0756e+02 1.2403e+03 -1.9750e+05 -9.1685e+04
1.8156e+06 6.1878e+01 -3.8454e+03 1.8516e+03 -4.0904e+05 -1.8286e+05
-4.4619e+07 6.8907e+01 -8.1580e+03 2.6165e+03 -4.8252e+05 -1.8703e+05
-1.2850e+07 6.6489e+01 -1.2418e+04 3.3971e+03 -4.6883e+05 -1.7316e+05
-2.6099e+06 5.5411e+01 -1.6609e+04 4.2475e+03 -3.1935e+05 -8.9681e+04
-8.9779e+06 4.1176e+01 -1.7970e+04 4.5882e+03 -9.6291e+04 7.8325e+03
1.3431e+07 3.2030e+01 -1.7889e+04 4.6398e+03 -2.1963e+03 3.0412e+04
1.2227e+07 3.0651e+01 -1.7809e+04 4.6930e+03 5.4461e+02 3.0766e+04
6.0248e+06 3.3971e+01 -1.7728e+04 4.7478e+03 -4.6648e+02 3.1011e+04
-7.3804e+05 3.7052e+01 -1.7646e+04 4.8040e+03 -5.1099e+02 3.1129e+04
-2.6690e+06 3.7898e+01 -1.7565e+04 4.8617e+03 -3.0109e+02 3.1310e+04
-3.6542e+06 3.8117e+01 -1.7484e+04 4.9209e+03 -9.0911e+01 3.1438e+04
-4.3705e+06 3.8512e+01 -1.7403e+04 4.9814e+03 -7.0582e+01 3.1588e+04
-4.6370e+06 3.8921e+01 -1.7322e+04 5.0432e+03 -4.4957e+01 3.1725e+04
-4.7143e+06 3.9332e+01 -1.7240e+04 5.1063e+03 -1.5057e+01 3.1862e+04
-4.6314e+06 3.9747e+01 -1.7159e+04 5.1706e+03 -1.6949e+01 3.1996e+04
-5.1845e+06 4.0128e+01 -1.7078e+04 5.2361e+03 -5.8964e+00 3.2125e+04
-4.4748e+06 4.0462e+01 -1.6997e+04 5.3027e+03 -1.4349e+01 3.2255e+04
-5.0258e+06 4.0789e+01 -1.6916e+04 5.3704e+03 1.2775e+01 3.2378e+04
-4.4722e+06 4.1147e+01 -1.6834e+04 5.4392e+03 2.1792e+01 3.2518e+04
-5.1100e+06 4.1539e+01 -1.6753e+04 5.5090e+03 -4.0831e+00 3.2626e+04
-6.1727e+06 2.8475e+01 4.6931e+02 1.9127e+03 4.0570e+04 -7.5302e+04
-4.8072e+06 3.1607e+01 1.3346e+02 1.5622e+03 1.7522e+04 -3.6345e+04
-5.9072e+06 3.4517e+01 9.4609e+01 1.5309e+03 1.9635e+03 -1.1744e+04
-1.0295e+07 3.5786e+01 5.5993e+01 1.4993e+03 -1.0403e+02 -1.0675e+04
-6.1275e+06 3.6229e+01 1.7617e+01 1.4675e+03 7.3432e+01 -1.0692e+04
-8.7952e+05 3.6636e+01 -2.0514e+01 1.4354e+03 7.5134e+01 -1.0691e+04
-1.6576e+06 3.7393e+01 -5.8398e+01 1.4031e+03 7.5356e+01 -1.0686e+04
-1.1481e+06 3.7325e+01 -9.6031e+01 1.3706e+03 -3.2146e+02 -1.0732e+04
3.3598e+06 3.4471e+01 -1.3341e+02 1.3378e+03 -5.1091e+02 -1.0708e+04
6.0624e+06 3.1153e+01 -1.7053e+02 1.3049e+03 -2.5114e+02 -1.0848e+04
1.6246e+07 3.1839e+01 -2.0740e+02 1.2717e+03 -8.5685e+02 -1.0840e+04
-4.1853e+06 3.9920e+01 -2.4400e+02 1.2384e+03 -7.5640e+04 -2.3749e+04
-7.8771e+06 5.4103e+01 -1.1299e+03 1.3662e+03 -2.9295e+05 -1.1554e+05
-3.6956e+06 6.6246e+01 -5.4918e+03 2.1605e+03 -4.6384e+05 -1.8895e+05
-5.1598e+07 7.0064e+01 -9.8102e+03 2.9580e+03 -4.9058e+05 -1.7655e+05
4.0439e+06 6.4089e+01 -1.4064e+04 3.7920e+03 -4.3950e+05 -1.6113e+05
-1.2207e+07 5.0485e+01 -1.8114e+04 4.6713e+03 -2.3677e+05 -5.9367e+04
-1.2079e+07 3.7078e+01 -1.8034e+04 4.7208e+03 -3.9340e+04 3.2635e+04
2.1071e+07 3.0715e+01 -1.7954e+04 4.7719e+03 9.8067e+02 3.0617e+04
4.7349e+06 3.1428e+01 -1.7874e+04 4.8245e+03 -6.2875e+02 3.0490e+04
5.3548e+06 3.5337e+01 -1.7794e+04 4.8787e+03 -1.0424e+02 3.0779e+04
-4.7534e+06 3.7888e+01 -1.7714e+04 4.9344e+03 -6.7130e+02 3.0907e+04
-8.2237e+05 3.8338e+01 -1.7633e+04 4.9915e+03 -2.3774e+00 3.1069e+04
-6.0493e+06 3.8579e+01 -1.7553e+04 5.0500e+03 -1.7953e+02 3.1203e+04
-2.7061e+06 3.8899e+01 -1.7472e+04 5.1098e+03 3.2735e+01 3.1352e+04
-6.0423e+06 3.9174e+01 -1.7392e+04 5.1710e+03 -8.7739e+01 3.1488e+04
-3.7281e+06 3.9460e+01 -1.7311e+04 5.2334e+03 2.8358e+01 3.1627e+04
-5.8984e+06 3.9798e+01 -1.7230e+04 5.2970e+03 -4.9320e+01 3.1758e+04
-3.7916e+06 4.0166e+01 -1.7150e+04 5.3618e+03 3.4989e+01 3.1888e+04
-5.7784e+06 4.0502e+01 -1.7069e+04 5.4277e+03 -4.5742e+01 3.2017e+04
-4.0842e+06 4.0829e+01 -1.6989e+04 5.4947e+03 2.8771e+01 3.2141e+04
-5.3732e+06 4.1203e+01 -1.6908e+04 5.5627e+03 6.3133e+00 3.2279e+04
-4.1470e+06 4.1657e+01 -1.6828e+04 5.6317e+03 1.7307e+01 3.2388e+04
-5.7996e+06 2.7349e+01 6.8966e+02 2.0977e+03 5.7717e+04 -7.8701e+04
-6.9861e+06 3.0591e+01 1.8512e+02 1.5540e+03 3.5951e+04 -4.9836e+04
-6.8182e+06 3.3806e+01 1.1989e+02 1.4939e+03 9.7210e+03 -1.7638e+04
-4.1310e+06 3.5479e+01 8.1467e+01 1.4625e+03 4.4776e+02 -1.0851e+04
-5.0943e+06 3.6194e+01 4.3279e+01 1.4308e+03 -3.6001e+01 -1.0713e+04
-7.2121e+06 3.6931e+01 5.3279e+00 1.3989e+03 4.1048e+01 -1.0700e+04
-3.6363e+06 3.7570e+01 -3.2383e+01 1.3668e+03 -3.5581e+02 -1.0719e+04
1.7361e+06 3.6118e+01 -6.9850e+01 1.3344e+03 -2.1284e+02 -1.0731e+04
2.6039e+06 3.2708e+01 -1.0707e+02 1.3019e+03 -9.3984e+02 -1.0774e+04
2.0184e+07 3.0834e+01 -1.4404e+02 1.2691e+03 1.4422e+03 -1.0742e+04
3.1507e+06 3.4290e+01 -1.8076e+02 1.2361e+03 -7.2044e+03 -1.1564e+04
-1.5816e+07 4.5448e+01 -2.1723e+02 1.2030e+03 -1.4609e+05 -7.1278e+04
1.1390e+06 6.0003e+01 -2.7802e+03 1.6661e+03 -3.7763e+05 -1.5973e+05
-2.8944e+07 6.9454e+01 -7.1467e+03 2.4931e+03 -4.9041e+05 -1.8390e+05
-3.2507e+07 6.9851e+01 -1.1467e+04 3.3276e+03 -4.8994e+05 -1.7015e+05
-4.2100e+06 6.0413e+01 -1.5712e+04 4.2180e+03 -3.7964e+05 -1.2660e+05
-1.7882e+07 4.5268e+01 -1.8176e+04 4.8023e+03 -1.4908e+05 -3.1670e+04
2.9211e+05 3.3789e+01 -1.8097e+04 4.8513e+03 -7.4382e+03 2.9156e+04
1.8933e+07 3.0368e+01 -1.8018e+04 4.9019e+03 1.6517e+03 3.0241e+04
2.0577e+06 3.2836e+01 -1.7938e+04 4.9540e+03 -7.9891e+02 3.0344e+04
3.8879e+06 3.6770e+01 -1.7859e+04 5.0076e+03 -1.1534e+02 3.0516e+04
-4.9059e+06 3.8575e+01 -1.7779e+04 5.0627e+03 -4.8427e+02 3.0684e+04
-1.9001e+06 3.8762e+01 -1.7700e+04 5.1193e+03 2.2525e+01 3.0826e+04
-5.6922e+06 3.8954e+01 -1.7620e+04 5.1771e+03 -1.5309e+02 3.0972e+04
-3.6027e+06 3.9187e+01 -1.7540e+04 5.2363e+03 2.4369e+01 3.1115e+04
-5.7070e+06 3.9405e+01 -1.7460e+04 5.2968e+03 -7.3265e+01 3.1251e+04
-4.0892e+06 3.9645e+01 -1.7381e+04 5.3586e+03 3.3833e+01 3.1389e+04
-5.3226e+06 3.9930e+01 -1.7301e+04 5.4215e+03 -3.9032e+01 3.1520e+04
-4.6251e+06 4.0253e+01 -1.7221e+04 5.4856e+03 2.1703e+01 3.1650e+04
-4.9807e+06 4.0564e+01 -1.7141e+04 5.5508e+03 -3.2810e+01 3.1779e+04
-4.6761e+06 4.0864e+01 -1.7061e+04 5.6171e+03 2.7548e+01 3.1903e+04
-4.8168e+06 4.1222e+01 -1.6981e+04 5.6844e+03 7.0110e+00 3.2041e+04
-4.8381e+06 4.1708e+01 -1.6901e+04 5.7527e+03 5.1872e+00 3.2149e+04
-2.8170e+06 2.6279e+01 9.4637e+02 2.3397e+03 7.0245e+04 -7.7686e+04
-5.4337e+06 2.9428e+01 4.5695e+02 1.7954e+03 5.4573e+04 -6.5385e+04
-5.1418e+06 3.2764e+01 1.4483e+02 1.4569e+03 2.2673e+04 -3.2381e+04
-7.1463e+06 3.4955e+01 1.0661e+02 1.4257e+03 2.7578e+03 -1.2208e+04
-9.3303e+06 3.6332e+01 6.8609e+01 1.3942e+03 -9.8872e+01 -1.0764e+04
4.6161e+06 3.7263e+01 3.0840e+01 1.3625e+03 1.8736e+02 -1.0742e+04
-3.9557e+06 3.6605e+01 -6.6958e+00 1.3305e+03 -4.0230e+02 -1.0749e+04
7.3452e+06 3.3690e+01 -4.3996e+01 1.2983e+03 -2.4523e+02 -1.0730e+04
5.1228e+06 3.1185e+01 -8.1056e+01 1.2659e+03 -7.8236e+02 -1.0891e+04
1.7846e+07 3.1996e+01 -1.1788e+02 1.2334e+03 -7.9312e+02 -1.0416e+04
-9.7653e+06 3.9146e+01 -1.5445e+02 1.2006e+03 -5.3223e+04 -6.2409e+03
-1.2584e+07 5.2796e+01 -1.9078e+02 1.1677e+03 -2.5476e+05 -8.3357e+04
-2.4854e+06 6.5691e+01 -4.4388e+03 1.9897e+03 -4.5095e+05 -1.7207e+05
-5.3698e+07 7.1124e+01 -8.8092e+03 2.8488e+03 -5.0071e+05 -1.7637e+05
-5.7656e+06 6.7454e+01 -1.3126e+04 3.7285e+03 -4.7460e+05 -1.6468e+05
-7.5648e+06 5.5138e+01 -1.7361e+04 4.6740e+03 -3.0389e+05 -7.6686e+04
-9.1788e+06 4.0384e+01 -1.8236e+04 4.9313e+03 -8.1276e+04 1.6645e+04
1.4621e+07 3.1786e+01 -1.8158e+04 4.9798e+03 -1.0724e+03 2.9715e+04
9.7193e+06 3.1016e+01 -1.8080e+04 5.0299e+03 3.1545e+02 2.9876e+04
5.1949e+06 3.4672e+01 -1.8001e+04 5.0815e+03 -2.6292e+02 3.0149e+04
-2.4579e+06 3.8090e+01 -1.7923e+04 5.1346e+03 -4.7102e+02 3.0277e+04
-2.4082e+06 3.9061e+01 -1.7844e+04 5.1891e+03 -1.7536e+02 3.0454e+04
-4.5550e+06 3.9094e+01 -1.7765e+04 5.2451e+03 -1.1106e+02 3.0588e+04
-4.1216e+06 3.9223e+01 -1.7686e+04 5.3023e+03 -3.3235e+01 3.0739e+04
-4.9562e+06 3.9410e+01 -1.7607e+04 5.3609e+03 -4.3564e+01 3.0876e+04
-4.5518e+06 3.9626e+01 -1.7528e+04 5.4208e+03 5.8213e+00 3.1016e+04
-5.0612e+06 3.9856e+01 -1.7449e+04 5.4819e+03 -2.5495e+01 3.1150e+04
-4.8074e+06 4.0118e+01 -1.7370e+04 5.5442e+03 1.0809e+01 3.1283e+04
-4.7543e+06 4.0407e+01 -1.7290e+04 5.6076e+03 -9.0125e+00 3.1411e+04
-4.9849e+06 4.0698e+01 -1.7211e+04 5.6721e+03 -4.8641e+00 3.1541e+04
-4.7349e+06 4.0973e+01 -1.7132e+04 5.7377e+03 -2.4729e+00 3.1663e+04
-4.8830e+06 4.1298e+01 -1.7053e+04 5.8042e+03 3.0665e+01 3.1802e+04
-4.6489e+06 4.1756e+01 -1.6974e+04 5.8718e+03 -9.4962e+00 3.1910e+04
3.7052e+06 2.5698e+01 1.1941e+03 2.5876e+03 7.3182e+04 -7.5573e+04
-4.2065e+06 2.8279e+01 7.1966e+02 2.0427e+03 6.6337e+04 -7.5899e+04
-4.1450e+06 3.1380e+01 2.2164e+02 1.4799e+03 4.0806e+04 -5.0693e+04
-7.1754e+05 3.4225e+01 1.3142e+02 1.3890e+03 1.1609e+04 -1.9189e+04
-1.5542e+06 3.6474e+01 9.3612e+01 1.3577e+03 4.3266e+02 -1.0942e+04
-1.1431e+07 3.6793e+01 5.6027e+01 1.3261e+03 -4.6065e+02 -1.0765e+04
2.8884e+06 3.4362e+01 1.8668e+01 1.2943e+03 -4.2992e+02 -1.0757e+04
2.4053e+06 3.1411e+01 -1.8462e+01 1.2623e+03 -5.4279e+02 -1.0789e+04
1.8420e+07 3.1093e+01 -5.5360e+01 1.2301e+03 2.6561e+02 -1.0835e+04
5.1285e+06 3.5773e+01 -9.2023e+01 1.1977e+03 -2.5746e+04 -8.1681e+03
-1.1063e+07 4.7214e+01 -1.2845e+02 1.1651e+03 -1.6829e+05 -1.4559e+04
-5.8321e+06 6.1479e+01 -2.2992e+03 1.5764e+03 -3.9312e+05 -5.3722e+04
-1.9937e+07 7.0641e+01 -6.2020e+03 2.3577e+03 -5.1139e+05 -1.0026e+05
-4.3869e+07 7.1570e+01 -1.0478e+04 3.2270e+03 -5.1298e+05 -1.2568e+05
-5.6131e+06 6.3891e+01 -1.4785e+04 4.1595e+03 -4.3365e+05 -1.3073e+05
-1.4628e+07 4.9477e+01 -1.8373e+04 5.0118e+03 -2.1329e+05 -4.7341e+04
-1.2938e+07 3.6421e+01 -1.8296e+04 5.0582e+03 -2.9436e+04 3.1141e+04
2.1983e+07 3.0942e+01 -1.8218e+04 5.1063e+03 1.3475e+03 2.9730e+04
2.1100e+06 3.2264e+01 -1.8141e+04 5.1559e+03 -6.7798e+02 2.9653e+04
5.9161e+06 3.6386e+01 -1.8063e+04 5.2070e+03 2.5829e+01 2.9915e+04
-5.4343e+06 3.8960e+01 -1.7985e+04 5.2595e+03 -5.9546e+02 3.0057e+04
-6.8653e+05 3.9323e+01 -1.7908e+04 5.3135e+03 4.0378e+01 3.0215e+04
-6.7051e+06 3.9324e+01 -1.7829e+04 5.3689e+03 -2.0728e+02 3.0353e+04
-2.6478e+06 3.9434e+01 -1.7751e+04 5.4256e+03 6.1601e+01 3.0502e+04
-6.4760e+06 3.9615e+01 -1.7673e+04 5.4836e+03 -1.0341e+02 3.0638e+04
-3.5387e+06 3.9838e+01 -1.7595e+04 5.5428e+03 5.3890e+01 3.0779e+04
-5.9375e+06 4.0069e+01 -1.7516e+04 5.6033e+03 -5.6044e+01 3.0911e+04
-3.8761e+06 4.0331e+01 -1.7438e+04 5.6649e+03 4.4804e+01 3.1045e+04
-5.7423e+06 4.0608e+01 -1.7359e+04 5.7277e+03 -3.9564e+01 3.1172e+04
-4.0867e+06 4.0898e+01 -1.7280e+04 5.7915e+03 2.0318e+01 3.1302e+04
-5.4198e+06 4.1173e+01 -1.7202e+04 5.8564e+03 -1.6644e+01 3.1423e+04
-4.2358e+06 4.1470e+01 -1.7123e+04 5.9223e+03 4.4598e+01 3.1563e+04
-5.2966e+06 4.1866e+01 -1.7045e+04 5.9891e+03 -2.5041e+01 3.1670e+04
1.3993e+06 2.5985e+01 1.4331e+03 2.8414e+03 7.4141e+04 -7.3699e+04
-2.2056e+06 2.7724e+01 9.7335e+02 2.2959e+03 7.3828e+04 -7.7456e+04
-5.2171e+06 3.0134e+01 4.9034e+02 1.7326e+03 5.8394e+04 -6.6903e+04
-6.7678e+06 3.3475e+01 1.5591e+02 1.3524e+03 2.5694e+04 -3.4448e+04
-4.0860e+06 3.5973e+01 1.1829e+02 1.3213e+03 3.5849e+03 -1.2778e+04
5.6902e+06 3.4959e+01 8.0893e+01 1.2899e+03 -1.7316e+02 -1.0824e+04
4.3052e+06 3.1932e+01 4.3712e+01 1.2582e+03 -5.0967e+02 -1.0782e+04
1.3331e+07 3.0619e+01 6.7538e+00 1.2264e+03 6.0511e+02 -1.0852e+04
1.1203e+07 3.3563e+01 -2.9980e+01 1.1944e+03 -5.1603e+03 -1.0749e+04
-1.8509e+07 4.3072e+01 -6.6485e+01 1.1622e+03 -1.0739e+05 -2.0027e+04
-4.7579e+06 5.7410e+01 -1.1046e+03 1.3418e+03 -3.3008e+05 -3.7223e+04
-1.4560e+07 6.9214e+01 -5.0464e+03 2.1438e+03 -4.9898e+05 -3.6509e+04
-4.3442e+07 7.3631e+01 -8.9423e+03 2.9489e+03 -5.3974e+05 -3.2403e+04
-2.1697e+07 7.0432e+01 -1.2788e+04 3.7705e+03 -5.1037e+05 -4.5613e+04
-1.7865e+06 5.9208e+01 -1.6604e+04 4.6551e+03 -3.5709e+05 -3.8852e+04
-1.1074e+07 4.4027e+01 -1.8430e+04 5.1370e+03 -1.2383e+05 2.6189e+03
6.0117e+06 3.3628e+01 -1.8354e+04 5.1831e+03 -4.9989e+03 2.8810e+04
1.5872e+07 3.1073e+01 -1.8278e+04 5.2307e+03 1.2289e+03 2.9311e+04
2.2069e+06 3.3797e+01 -1.8201e+04 5.2798e+03 -6.0206e+02 2.9517e+04
1.8622e+06 3.7662e+01 -1.8124e+04 5.3304e+03 -2.0975e+02 2.9662e+04
-4.8519e+06 3.9338e+01 -1.8047e+04 5.3825e+03 -3.7904e+02 2.9834e+04
-2.6689e+06 3.9431e+01 -1.7970e+04 5.4359e+03 -3.6781e+01 2.9973e+04
-5.4700e+06 3.9483e+01 -1.7893e+04 5.4908e+03 -1.0483e+02 3.0120e+04
-3.9461e+06 3.9619e+01 -1.7815e+04 5.5469e+03 6.3942e+00 3.0263e+04
-5.4075e+06 3.9820e+01 -1.7738e+04 5.6043e+03 -3.8409e+01 3.0402e+04
-4.3477e+06 4.0048e+01 -1.7660e+04 5.6629e+03 1.5161e+01 3.0539e+04
-5.2872e+06 4.0292e+01 -1.7582e+04 5.7228e+03 -2.3282e+01 3.0673e+04
-4.6097e+06 4.0557e+01 -1.7504e+04 5.7838e+03 1.3164e+01 3.0806e+04
-4.9590e+06 4.0835e+01 -1.7426e+04 5.8459e+03 -1.0049e+01 3.0933e+04
-4.7974e+06 4.1128e+01 -1.7349e+04 5.9090e+03 -3.2795e+00 3.1062e+04
-4.8599e+06 4.1415e+01 -1.7271e+04 5.9733e+03 -1.7101e+00 3.1184e+04
-4.7486e+06 4.1701e+01 -1.7193e+04 6.0385e+03 3.1988e+01 3.1322e+04
-4.7623e+06 4.2051e+01 -1.7115e+04 6.1046e+03 -1.0497e+01 3.1430e+04
3.6825e+05 2.6599e+01 1.6679e+03 3.1013e+03 7.5208e+04 -7.2124e+04
1.9524e+06 2.7672e+01 1.2181e+03 2.5547e+03 7.6179e+04 -7.5443e+04
-3.0674e+06 2.9566e+01 7.4996e+02 1.9910e+03 7.0409e+04 -7.6427e+04
7.0019e+06 3.2594e+01 2.5851e+02 1.4099e+03 4.4978e+04 -5.2776e+04
7.7018e+05 3.3955e+01 1.4266e+02 1.2850e+03 1.2992e+04 -2.0783e+04
-3.6813e+06 3.2226e+01 1.0544e+02 1.2537e+03 1.7408e+01 -1.0990e+04
3.6420e+06 3.0565e+01 6.8442e+01 1.2223e+03 -5.0809e+02 -1.0906e+04
1.7105e+07 3.2138e+01 3.1657e+01 1.1906e+03 -1.9913e+03 -1.0537e+04
-1.5147e+07 3.9623e+01 -4.9098e+00 1.1587e+03 -6.3571e+04 -3.2243e+03
-7.5648e+06 5.3285e+01 -4.1255e+01 1.1267e+03 -2.6557e+05 -2.1657e+04
-2.7606e+06 6.6858e+01 -3.8677e+03 1.9163e+03 -4.7470e+05 -3.8514e+04
-4.1480e+07 7.3803e+01 -7.8022e+03 2.7417e+03 -5.4401e+05 -2.4364e+04
-3.3223e+07 7.3388e+01 -1.1690e+04 3.5742e+03 -5.3925e+05 -1.2443e+04
-5.0296e+06 6.5700e+01 -1.5519e+04 4.4540e+03 -4.4493e+05 2.2473e+03
-6.7280e+06 5.1680e+01 -1.8562e+04 5.2162e+03 -2.2469e+05 2.5792e+04
-9.0611e+06 3.8352e+01 -1.8487e+04 5.2603e+03 -4.6206e+04 3.4944e+04
1.8554e+07 3.1894e+01 -1.8411e+04 5.3059e+03 -3.1354e+02 2.8947e+04
3.4137e+06 3.1900e+01 -1.8336e+04 5.3531e+03 -1.1337e+02 2.9046e+04
6.3040e+06 3.5339e+01 -1.8260e+04 5.4018e+03 -2.3735e+02 2.9299e+04
-5.3245e+06 3.8475e+01 -1.8184e+04 5.4519e+03 -4.4784e+02 2.9437e+04
-4.9188e+05 3.9444e+01 -1.8108e+04 5.5035e+03 -9.9127e+01 2.9597e+04
-6.4609e+06 3.9512e+01 -1.8031e+04 5.5564e+03 -1.3134e+02 2.9734e+04
-2.8275e+06 3.9629e+01 -1.7955e+04 5.6107e+03 2.5031e-01 2.9885e+04
-6.2126e+06 3.9802e+01 -1.7878e+04 5.6662e+03 -5.7947e+01 3.0023e+04
-3.7325e+06 4.0024e+01 -1.7801e+04 5.7231e+03 1.9398e+01 3.0165e+04
-5.8188e+06 4.0263e+01 -1.7724e+04 5.7811e+03 -3.2588e+01 3.0300e+04
-4.1281e+06 4.0519e+01 -1.7647e+04 5.8404e+03 1.9324e+01 3.0436e+04
-5.3997e+06 4.0786e+01 -1.7570e+04 5.9007e+03 -1.8930e+01 3.0566e+04
-4.4776e+06 4.1066e+01 -1.7493e+04 5.9622e+03 1.3127e+01 3.0694e+04
-5.1103e+06 4.1361e+01 -1.7416e+04 6.0248e+03 -2.2427e+01 3.0822e+04
-4.5803e+06 4.1654e+01 -1.7338e+04 6.0883e+03 1.8668e+01 3.0944e+04
-4.9012e+06 4.1939e+01 -1.7261e+04 6.1528e+03 1.6860e+01 3.1081e+04
-4.7159e+06 4.2274e+01 -1.7184e+04 6.2183e+03 9.3019e-01 3.1190e+04
-1.8105e+05 2.7207e+01 1.9002e+03 3.3670e+03 7.5032e+04 -7.0609e+04
7.0597e+05 2.8127e+01 1.4542e+03 2.8191e+03 7.7498e+04 -7.3582e+04
2.7862e+06 2.9634e+01 1.0006e+03 2.2549e+03 7.7363e+04 -7.7405e+04
-1.0533e+07 3.0766e+01 5.2404e+02 1.6736e+03 6.2003e+04 -6.8418e+04
4.7714e+06 3.0433e+01 1.6671e+02 1.2488e+03 2.8792e+04 -3.6525e+04
1.6711e+07 2.9813e+01 1.2968e+02 1.2177e+03 4.8850e+03 -1.3390e+04
1.6457e+07 3.1019e+01 9.2862e+01 1.1864e+03 -4.1087e+02 -1.0797e+04
-1.7136e+06 3.6784e+01 5.6252e+01 1.1549e+03 -3.7121e+04 -6.4647e+03
-1.0619e+07 4.9078e+01 1.9853e+01 1.1232e+03 -1.9963e+05 -9.1602e+03
-1.0624e+06 6.3660e+01 -2.6672e+03 1.6754e+03 -4.2909e+05 -2.4444e+04
-2.7386e+07 7.3073e+01 -6.6385e+03 2.5208e+03 -5.4241e+05 -2.7576e+04
-4.4334e+07 7.4682e+01 -1.0565e+04 3.3690e+03 -5.4836e+05 -1.6434e+04
-9.2609e+06 6.8914e+01 -1.4438e+04 4.2521e+03 -4.9112e+05 -1.0771e+04
-8.0454e+06 5.6466e+01 -1.8251e+04 5.1901e+03 -2.9958e+05 1.0608e+04
-2.1473e+07 4.2404e+01 -1.8616e+04 5.3378e+03 -8.4800e+04 3.0732e+04
1.3820e+07 3.3585e+01 -1.8542e+04 5.3815e+03 -3.7515e+03 2.8856e+04
9.7879e+06 3.1378e+01 -1.8468e+04 5.4267e+03 1.6479e+02 2.8650e+04
7.5126e+06 3.3470e+01 -1.8393e+04 5.4735e+03 -2.5454e+02 2.8896e+04
-2.2947e+06 3.6957e+01 -1.8318e+04 5.5217e+03 -3.9965e+02 2.9041e+04
-8.7570e+05 3.9043e+01 -1.8243e+04 5.5714e+03 -2.4082e+02 2.9215e+04
-5.5162e+06 3.9539e+01 -1.8167e+04 5.6225e+03 -1.4300e+02 2.9352e+04
-3.2592e+06 3.9648e+01 -1.8091e+04 5.6749e+03 -4.4788e+01 2.9503e+04
-5.6270e+06 3.9797e+01 -1.8016e+04 5.7286e+03 -4.6899e+01 2.9645e+04
-4.0897e+06 3.9997e+01 -1.7940e+04 5.7837e+03 -1.0986e-03 2.9788e+04
-5.4137e+06 4.0229e+01 -1.7864e+04 5.8399e+03 -1.8612e+01 2.9926e+04
-4.4074e+06 4.0480e+01 -1.7787e+04 5.8974e+03 8.1785e+00 3.0062e+04
-5.2462e+06 4.0742e+01 -1.7711e+04 5.9561e+03 -1.3945e+01 3.0196e+04
-4.6204e+06 4.1013e+01 -1.7635e+04 6.0158e+03 7.2463e+00 3.0327e+04
-4.9629e+06 4.1294e+01 -1.7558e+04 6.0767e+03 -5.0161e+00 3.0453e+04
-4.7706e+06 4.1592e+01 -1.7482e+04 6.1386e+03 -7.2253e+00 3.0582e+04
-4.8470e+06 4.1883e+01 -1.7405e+04 6.2015e+03 3.0428e+00 3.0704e+04
-4.7365e+06 4.2171e+01 -1.7328e+04 6.2654e+03 2.8312e+01 3.0841e+04
-4.7685e+06 4.2507e+01 -1.7252e+04 6.3302e+03 -7.5397e+00 3.0949e+04
-6.1609e+05 2.8769e+01 2.1301e+03 3.6385e+03 6.8925e+04 -6.5522e+04
3.1281e+06 2.9099e+01 1.6866e+03 3.0892e+03 7.8637e+04 -7.2034e+04
5.0487e+06 2.9110e+01 1.2423e+03 2.5241e+03 7.9757e+04 -7.5379e+04
1.5613e+07 2.7757e+01 7.8052e+02 1.9425e+03 7.4680e+04 -7.6838e+04
1.0014e+07 2.7035e+01 2.9569e+02 1.3442e+03 4.8390e+04 -5.4917e+04
3.7314e+06 2.8807e+01 1.5361e+02 1.1818e+03 1.5264e+04 -2.2528e+04
5.9897e+06 3.4168e+01 1.1698e+02 1.1506e+03 -1.5114e+04 -9.7075e+03
-1.8132e+07 4.5190e+01 8.0542e+01 1.1193e+03 -1.3789e+05 -1.5127e+04
-6.9391e+06 5.9910e+01 -1.4459e+03 1.4213e+03 -3.6653e+05 -3.1759e+04
-2.1665e+07 7.1444e+01 -5.4523e+03 2.2866e+03 -5.2329e+05 -3.3470e+04
-4.7371e+07 7.5632e+01 -9.4154e+03 3.1547e+03 -5.5508e+05 -1.9924e+04
-2.2356e+07 7.1910e+01 -1.3330e+04 4.0418e+03 -5.2390e+05 -1.0838e+04
-6.6762e+06 6.0466e+01 -1.7186e+04 4.9818e+03 -3.7278e+05 3.1978e+03
-1.9074e+07 4.5795e+01 -1.8743e+04 5.4156e+03 -1.4230e+05 2.2631e+04
6.6142e+06 3.5224e+01 -1.8670e+04 5.4573e+03 -1.5128e+04 2.9781e+04
1.8642e+07 3.1409e+01 -1.8596e+04 5.5007e+03 9.2970e+02 2.8297e+04
5.5054e+06 3.2549e+01 -1.8523e+04 5.5455e+03 -2.4684e+02 2.8491e+04
3.3371e+06 3.5946e+01 -1.8449e+04 5.5919e+03 -2.8747e+02 2.8655e+04
-2.8147e+06 3.8597e+01 -1.8375e+04 5.6397e+03 -4.1145e+02 2.8818e+04
-2.6778e+06 3.9499e+01 -1.8300e+04 5.6889e+03 -1.2752e+02 2.8972e+04
-4.6909e+06 3.9691e+01 -1.8225e+04 5.7395e+03 -1.1109e+02 2.9118e+04
-4.0422e+06 3.9813e+01 -1.8151e+04 5.7914e+03 -1.9836e+01 2.9266e+04
-5.2379e+06 3.9985e+01 -1.8076e+04 5.8446e+03 -4.0213e+01 2.9408e+04
-4.4362e+06 4.0201e+01 -1.8000e+04 5.8992e+03 3.6076e+00 2.9550e+04
-5.2354e+06 4.0440e+01 -1.7925e+04 5.9549e+03 -1.7577e+01 2.9687e+04
-4.5935e+06 4.0696e+01 -1.7849e+04 6.0118e+03 5.8175e+00 2.9824e+04
-5.1207e+06 4.0962e+01 -1.7774e+04 6.0699e+03 -9.8965e+00 2.9957e+04
-4.5918e+06 4.1237e+01 -1.7698e+04 6.1291e+03 7.4647e+00 3.0087e+04
-5.0894e+06 4.1521e+01 -1.7622e+04 6.1893e+03 -6.8892e+00 3.0214e+04
-4.5946e+06 4.1823e+01 -1.7546e+04 6.2506e+03 -5.6037e+00 3.0342e+04
-4.9782e+06 4.2119e+01 -1.7470e+04 6.3129e+03 4.4223e+00 3.0463e+04
-4.5634e+06 4.2414e+01 -1.7394e+04 6.3761e+03 2.8305e+01 3.0600e+04
-4.9688e+06 4.2759e+01 -1.7318e+04 6.4403e+03 -9.9315e+00 3.0708e+04
-3.5697e+06 3.1361e+01 2.3575e+03 3.9157e+03 5.7914e+04 -5.1626e+04
5.0333e+06 2.9813e+01 1.9166e+03 3.3649e+03 7.8339e+04 -7.0620e+04
6.0041e+06 2.7323e+01 1.4756e+03 2.7987e+03 8.0482e+04 -7.3613e+04
-1.9551e+04 2.4937e+01 1.0280e+03 2.2167e+03 7.9583e+04 -7.7274e+04
7.4791e+06 2.5450e+01 5.5801e+02 1.6184e+03 6.6779e+04 -7.0044e+04
3.4534e+07 3.0533e+01 1.7724e+02 1.1460e+03 2.8163e+04 -3.8403e+04
-1.6012e+07 4.1441e+01 1.4079e+02 1.1150e+03 -9.0700e+04 -1.1958e+04
-1.0968e+07 5.6468e+01 -3.8522e+02 1.1951e+03 -3.1497e+05 -1.1620e+04
-1.0124e+07 6.9294e+01 -4.2449e+03 2.0391e+03 -5.0142e+05 -1.6359e+04
-4.1415e+07 7.5473e+01 -8.2427e+03 2.9267e+03 -5.5839e+05 -1.7359e+04
-3.0161e+07 7.4369e+01 -1.2196e+04 3.8230e+03 -5.5215e+05 -1.1229e+04
-3.3172e+06 6.5029e+01 -1.6093e+04 4.7656e+03 -4.4332e+05 8.8715e+03
-1.1402e+07 5.0110e+01 -1.8866e+04 5.4935e+03 -2.1301e+05 3.1092e+04
-3.9822e+06 3.7511e+01 -1.8795e+04 5.5334e+03 -4.1535e+04 3.3786e+04
1.8731e+07 3.1778e+01 -1.8722e+04 5.5748e+03 -5.8298e+02 2.8040e+04
6.1488e+06 3.1779e+01 -1.8650e+04 5.6178e+03 -1.0926e+02 2.8082e+04
8.4587e+06 3.5018e+01 -1.8577e+04 5.6623e+03 -2.1339e+02 2.8270e+04
-3.2037e+06 3.8294e+01 -1.8504e+04 5.7082e+03 -4.3623e+02 2.8422e+04
-6.7398e+05 3.9582e+01 -1.8430e+04 5.7556e+03 -2.1076e+02 2.8591e+04
-5.5471e+06 3.9754e+01 -1.8357e+04 5.8044e+03 -1.4207e+02 2.8732e+04
-3.1367e+06 3.9836e+01 -1.8283e+04 5.8545e+03 -4.7073e+01 2.8885e+04
-5.8537e+06 3.9977e+01 -1.8209e+04 5.9060e+03 -4.9991e+01 2.9027e+04
-3.8355e+06 4.0177e+01 -1.8134e+04 5.9587e+03 -2.0889e-01 2.9172e+04
-5.6627e+06 4.0408e+01 -1.8060e+04 6.0127e+03 -1.9498e+01 2.9311e+04
-4.1823e+06 4.0655e+01 -1.7985e+04 6.0679e+03 7.9121e+00 2.9449e+04
-5.4204e+06 4.0911e+01 -1.7910e+04 6.1243e+03 -1.0411e+01 2.9584e+04
-4.4070e+06 4.1182e+01 -1.7836e+04 6.1818e+03 3.8376e+00 2.9718e+04
-5.2537e+06 4.1461e+01 -1.7761e+04 6.2404e+03 -5.2283e+00 2.9848e+04
-4.4421e+06 4.1750e+01 -1.7685e+04 6.3001e+03 5.7249e+00 2.9974e+04
-5.1535e+06 4.2056e+01 -1.7610e+04 6.3608e+03 -1.5624e+01 3.0102e+04
-4.5008e+06 4.2362e+01 -1.7535e+04 6.4224e+03 1.1098e+01 3.0223e+04
-4.9754e+06 4.2670e+01 -1.7460e+04 6.4851e+03 2.3700e+01 3.0359e+04
-4.5595e+06 4.3024e+01 -1.7384e+04 6.5486e+03 -3.7257e+00 3.0467e+04
3.6666e+06 3.3456e+01 2.5826e+03 4.1983e+03 4.0088e+04 -3.3938e+04
-1.5153e+06 2.9621e+01 2.1442e+03 3.6460e+03 7.0932e+04 -6.5499e+04
1.6877e+07 2.5646e+01 1.7056e+03 3.0786e+03 8.1736e+04 -7.2042e+04
2.8921e+07 2.3772e+01 1.2667e+03 2.4960e+03 8.4246e+04 -7.5478e+04
3.3354e+07 2.6187e+01 8.1131e+02 1.8975e+03 7.6434e+04 -7.7300e+04
-3.7332e+07 3.5868e+01 3.3315e+02 1.2829e+03 -2.3476e+04 -4.7586e+04
-5.8613e+06 5.2172e+01 1.6430e+02 1.0796e+03 -2.6605e+05 -3.7504e+03
-1.9005e+06 6.7363e+01 -3.5682e+03 1.9048e+03 -4.8905e+05 2.0706e+04
-3.8082e+07 7.5013e+01 -7.2706e+03 2.7360e+03 -5.6162e+05 2.4956e+04
-4.4002e+07 7.5340e+01 -1.1037e+04 3.5954e+03 -5.6091e+05 1.1474e+04
-7.9171e+06 6.8545e+01 -1.4973e+04 4.5412e+03 -4.9617e+05 -4.9707e+03
-5.7149e+06 5.4891e+01 -1.8854e+04 5.5381e+03 -2.8821e+05 1.4111e+04
-2.1663e+07 4.0755e+01 -1.8916e+04 5.6096e+03 -7.3584e+04 3.5083e+04
1.8711e+07 3.2747e+01 -1.8845e+04 5.6492e+03 -2.6109e+03 2.7903e+04
9.1111e+06 3.1140e+01 -1.8774e+04 5.6903e+03 8.3113e+01 2.7629e+04
1.2578e+07 3.3623e+01 -1.8702e+04 5.7329e+03 1.1992e+01 2.7898e+04
-3.7257e+06 3.7389e+01 -1.8630e+04 5.7771e+03 -5.1660e+02 2.8030e+04
1.3050e+06 3.9445e+01 -1.8558e+04 5.8226e+03 -2.6587e+02 2.8212e+04
-6.2752e+06 3.9799e+01 -1.8485e+04 5.8696e+03 -2.1653e+02 2.8345e+04
-2.0299e+06 3.9833e+01 -1.8412e+04 5.9179e+03 -3.7224e+01 2.8503e+04
-6.3444e+06 3.9943e+01 -1.8339e+04 5.9676e+03 -8.4754e+01 2.8645e+04
-3.2422e+06 4.0130e+01 -1.8266e+04 6.0186e+03 1.8569e+01 2.8793e+04
-6.0874e+06 4.0357e+01 -1.8192e+04 6.0709e+03 -4.3856e+01 2.8933e+04
-3.8294e+06 4.0613e+01 -1.8118e+04 6.1244e+03 2.2063e+01 2.9074e+04
-5.7278e+06 4.0866e+01 -1.8045e+04 6.1791e+03 -2.5665e+01 2.9210e+04
-4.1789e+06 4.1129e+01 -1.7970e+04 6.2349e+03 1.5763e+01 2.9346e+04
-5.4230e+06 4.1403e+01 -1.7896e+04 6.2919e+03 -1.5865e+01 2.9478e+04
-4.3381e+06 4.1689e+01 -1.7822e+04 6.3499e+03 1.3150e+01 2.9608e+04
-5.2429e+06 4.1980e+01 -1.7747e+04 6.4090e+03 -1.0084e+01 2.9733e+04
-4.4470e+06 4.2292e+01 -1.7673e+04 6.4691e+03 -2.9225e+00 2.9861e+04
-5.0619e+06 4.2606e+01 -1.7598e+04 6.5302e+03 3.0848e+00 2.9982e+04
-4.4689e+06 4.2926e+01 -1.7524e+04 6.5922e+03 3.0995e+01 3.0119e+04
-4.9998e+06 4.3285e+01 -1.7449e+04 6.6551e+03 -1.0104e+01 3.0226e+04
2.7333e+06 3.3256e+01 2.5869e+03 4.2005e+03 2.1150e+04 -1.6333e+04
1.4975e+07 2.8570e+01 2.3695e+03 3.9325e+03 5.9879e+04 -5.1308e+04
8.8113e+06 2.5080e+01 1.9332e+03 3.3638e+03 7.9199e+04 -7.0552e+04
2.0058e+07 2.4025e+01 1.4972e+03 2.7802e+03 8.5549e+04 -7.3308e+04
1.1466e+06 2.8878e+01 1.0557e+03 2.1815e+03 7.6458e+04 -7.7862e+04
3.2858e+07 4.4229e+01 5.9220e+02 1.5670e+03 -1.3044e+05 -1.2499e+05
1.9737e+07 6.3890e+01 -3.0237e+03 1.7971e+03 -4.4212e+05 -6.9110e+04
-4.4582e+07 7.5205e+01 -6.7533e+03 2.6442e+03 -5.6692e+05 3.9207e+04
-3.9431e+07 7.6255e+01 -1.0443e+04 3.4943e+03 -5.6651e+05 4.9306e+04
-2.0761e+07 7.0802e+01 -1.4087e+04 4.3707e+03 -5.2209e+05 4.1140e+04
-2.2614e+05 5.9008e+01 -1.7748e+04 5.3074e+03 -3.5712e+05 2.0294e+04
-2.4590e+07 4.4635e+01 -1.9035e+04 5.6859e+03 -1.2801e+05 1.8740e+04
1.0583e+07 3.4580e+01 -1.8965e+04 5.7237e+03 -9.2338e+03 2.7708e+04
1.7759e+07 3.1143e+01 -1.8895e+04 5.7629e+03 1.0863e+03 2.7287e+04
8.6394e+06 3.2471e+01 -1.8824e+04 5.8038e+03 -3.1998e+02 2.7490e+04
1.1855e+06 3.5953e+01 -1.8753e+04 5.8461e+03 -3.9588e+02 2.7650e+04
-9.8248e+04 3.8677e+01 -1.8682e+04 5.8898e+03 -4.5250e+02 2.7815e+04
-3.7881e+06 3.9585e+01 -1.8611e+04 5.9350e+03 -1.7776e+02 2.7968e+04
-3.4105e+06 3.9738e+01 -1.8539e+04 5.9816e+03 -1.1573e+02 2.8114e+04
-4.9251e+06 3.9841e+01 -1.8467e+04 6.0295e+03 -6.2948e+01 2.8265e+04
-4.3648e+06 4.0022e+01 -1.8394e+04 6.0788e+03 -2.4345e+01 2.8410e+04
-5.1620e+06 4.0257e+01 -1.8322e+04 6.1293e+03 -2.4690e+01 2.8555e+04
-4.5440e+06 4.0530e+01 -1.8249e+04 6.1811e+03 1.0021e+00 2.8696e+04
-5.1205e+06 4.0810e+01 -1.8176e+04 6.2341e+03 -9.9031e+00 2.8835e+04
-4.6365e+06 4.1077e+01 -1.8103e+04 6.2883e+03 3.6707e+00 2.8972e+04
-5.0334e+06 4.1345e+01 -1.8029e+04 6.3436e+03 -4.6378e+00 2.9106e+04
-4.6953e+06 4.1628e+01 -1.7956e+04 6.4001e+03 7.9074e-01 2.9239e+04
-4.9721e+06 4.1919e+01 -1.7882e+04 6.4576e+03 -1.0763e+00 2.9368e+04
-4.6503e+06 4.2216e+01 -1.7809e+04 6.5161e+03 2.6254e+00 2.9494e+04
-4.9479e+06 4.2531e+01 -1.7735e+04 6.5756e+03 -1.2953e+01 2.9621e+04
-4.6373e+06 4.2852e+01 -1.7661e+04 6.6361e+03 9.3964e+00 2.9741e+04
-4.8388e+06 4.3176e+01 -1.7587e+04 6.6975e+03 2.5044e+01 2.9877e+04
-4.6512e+06 4.3538e+01 -1.7513e+04 6.7598e+03 -4.8129e+00 2.9985e+04
-3.5667e+06 3.1198e+01 2.5904e+03 4.2019e+03 7.7741e+03 -2.9821e+03
2.5435e+07 2.7842e+01 2.5844e+03 4.2132e+03 4.1827e+04 -3.3142e+04
6.1473e+06 2.5607e+01 2.1585e+03 3.6541e+03 7.3575e+04 -6.5272e+04
8.8345e+07 2.5974e+01 1.7247e+03 3.0695e+03 9.6166e+04 -7.2028e+04
-2.1372e+07 3.6081e+01 1.2912e+03 2.4703e+03 5.7964e+04 -7.9692e+04
-6.4946e+07 5.8014e+01 8.4228e+02 1.8559e+03 -2.8006e+05 -2.7595e+05
-1.5063e+07 7.6762e+01 -6.2231e+03 2.5462e+03 -5.8523e+05 -2.1644e+05
-7.4543e+07 7.9775e+01 -9.9394e+03 3.4120e+03 -5.8242e+05 4.5013e+04
-6.8833e+06 7.2910e+01 -1.3613e+04 4.2975e+03 -5.3627e+05 5.7953e+04
-2.0256e+07 6.2115e+01 -1.7240e+04 5.2258e+03 -4.0372e+05 5.3955e+04
-2.0895e+06 4.8250e+01 -1.9151e+04 5.7623e+03 -1.8098e+05 4.3533e+04
-5.0829e+06 3.7063e+01 -1.9082e+04 5.7982e+03 -3.5563e+04 3.2021e+04
2.6399e+07 3.1940e+01 -1.9013e+04 5.8357e+03 2.8091e+02 2.6961e+04
9.3263e+05 3.2001e+01 -1.8944e+04 5.8747e+03 -3.2797e+02 2.7075e+04
1.2829e+07 3.4988e+01 -1.8874e+04 5.9152e+03 -5.3297e+01 2.7276e+04
-5.9651e+06 3.7881e+01 -1.8804e+04 5.9572e+03 -6.7212e+02 2.7404e+04
1.9072e+06 3.9107e+01 -1.8733e+04 6.0006e+03 -8.7365e+01 2.7591e+04
-7.7781e+06 3.9465e+01 -1.8663e+04 6.0455e+03 -3.0424e+02 2.7726e+04
-9.5587e+05 3.9682e+01 -1.8592e+04 6.0917e+03 8.1951e+01 2.7885e+04
-7.4352e+06 3.9846e+01 -1.8520e+04 6.1392e+03 -1.8163e+02 2.8026e+04
-2.4560e+06 4.0093e+01 -1.8449e+04 6.1880e+03 1.0585e+02 2.8177e+04
-6.6635e+06 4.0383e+01 -1.8377e+04 6.2381e+03 -1.1391e+02 2.8316e+04
-3.3842e+06 4.0716e+01 -1.8305e+04 6.2895e+03 8.3549e+01 2.8461e+04
-6.0407e+06 4.1011e+01 -1.8233e+04 6.3420e+03 -7.5740e+01 2.8596e+04
-3.9253e+06 4.1282e+01 -1.8160e+04 6.3957e+03 5.8511e+01 2.8735e+04
-5.5974e+06 4.1554e+01 -1.8087e+04 6.4505e+03 -5.0211e+01 2.8867e+04
-4.2505e+06 4.1850e+01 -1.8015e+04 6.5064e+03 3.8840e+01 2.9000e+04
-5.2543e+06 4.2147e+01 -1.7942e+04 6.5634e+03 -3.0391e+01 2.9128e+04
-4.4647e+06 4.2450e+01 -1.7869e+04 6.6213e+03 2.5447e+01 2.9254e+04
-5.0433e+06 4.2769e+01 -1.7795e+04 6.6803e+03 -3.1490e+01 2.9380e+04
-4.5613e+06 4.3096e+01 -1.7722e+04 6.7402e+03 2.4942e+01 2.9501e+04
-4.8573e+06 4.3424e+01 -1.7649e+04 6.8011e+03 1.2123e+01 2.9636e+04
-4.6631e+06 4.3789e+01 -1.7575e+04 6.8628e+03 4.8012e+00 2.9743e+04
6.1759e+06 3.0453e+01 2.5938e+03 4.2032e+03 1.7202e+03 1.2011e+03
4.4107e+07 3.0020e+01 2.5879e+03 4.2143e+03 2.2491e+04 -1.5908e+04
1.3543e+06 3.0613e+01 2.3816e+03 3.9494e+03 5.3824e+04 -4.9901e+04
-5.1521e+06 3.5718e+01 1.9500e+03 3.3637e+03 6.0681e+04 -6.5226e+04
-1.0148e+08 5.2037e+01 1.5190e+03 2.7637e+03 -1.5592e+05 -7.0873e+04
4.0359e+07 7.4723e+01 1.0835e+03 2.1493e+03 -6.0502e+05 -1.8863e+05
6.6061e+06 8.5875e+01 -9.4221e+03 3.3237e+03 -7.3255e+05 -1.2606e+05
-8.8752e+07 7.8893e+01 -1.3123e+04 4.2189e+03 -5.7062e+05 5.4488e+04
2.8474e+07 6.4910e+01 -1.6779e+04 5.1550e+03 -4.3456e+05 6.1441e+04
-3.5102e+07 5.1013e+01 -1.9263e+04 5.8386e+03 -2.2026e+05 5.1593e+04
1.1320e+07 3.9178e+01 -1.9196e+04 5.8728e+03 -4.9658e+04 3.4870e+04
-8.1868e+05 3.2983e+01 -1.9128e+04 5.9085e+03 -3.1439e+03 2.6777e+04
2.3486e+07 3.1961e+01 -1.9060e+04 5.9457e+03 5.5291e+02 2.6697e+04
1.4234e+04 3.4400e+01 -1.8992e+04 5.9845e+03 -4.8745e+02 2.6860e+04
6.8008e+06 3.7571e+01 -1.8923e+04 6.0247e+03 -1.9317e+02 2.7038e+04
-8.0753e+06 3.9041e+01 -1.8853e+04 6.0664e+03 -5.9708e+02 2.7181e+04
1.5088e+06 3.9314e+01 -1.8784e+04 6.1095e+03 2.9127e+01 2.7351e+04
-7.9800e+06 3.9499e+01 -1.8714e+04 6.1540e+03 -2.3329e+02 2.7491e+04
-1.3927e+06 3.9709e+01 -1.8643e+04 6.1998e+03 8.2349e+01 2.7651e+04
-7.3005e+06 3.9896e+01 -1.8573e+04 6.2469e+03 -1.4353e+02 2.7790e+04
-2.7470e+06 4.0174e+01 -1.8502e+04 6.2953e+03 8.7257e+01 2.7941e+04
-6.5853e+06 4.0520e+01 -1.8431e+04 6.3450e+03 -9.3752e+01 2.8079e+04
-3.4441e+06 4.0893e+01 -1.8360e+04 6.3959e+03 7.0178e+01 2.8223e+04
-6.0146e+06 4.1186e+01 -1.8288e+04 6.4480e+03 -6.2380e+01 2.8359e+04
-3.9035e+06 4.1448e+01 -1.8216e+04 6.5012e+03 4.9958e+01 2.8496e+04
-5.6027e+06 4.1737e+01 -1.8144e+04 6.5555e+03 -4.1254e+01 2.8628e+04
-4.2087e+06 4.2061e+01 -1.8072e+04 6.6109e+03 3.1804e+01 2.8761e+04
-5.3179e+06 4.2372e+01 -1.8000e+04 6.6673e+03 -2.5294e+01 2.8889e+04
-4.3501e+06 4.2679e+01 -1.7928e+04 6.7248e+03 2.1992e+01 2.9014e+04
-5.1487e+06 4.3002e+01 -1.7855e+04 6.7832e+03 -2.8880e+01 2.9140e+04
-4.4514e+06 4.3336e+01 -1.7783e+04 6.8426e+03 2.2011e+01 2.9260e+04
-4.9583e+06 4.3669e+01 -1.7710e+04 6.9028e+03 1.4442e+01 2.9396e+04
-4.5392e+06 4.4038e+01 -1.7637e+04 6.9640e+03 3.6422e+00 2.9502e+04
2.1350e+07 3.4271e+01 2.5972e+03 4.2045e+03 -5.5263e+03 2.1184e+03
-2.6345e+07 3.8529e+01 2.5914e+03 4.2153e+03 -4.3907e+04 -4.5465e+02
1.1465e+07 4.4425e+01 2.5855e+03 4.2258e+03 -1.1772e+05 2.2981e+04
-3.8091e+07 5.4961e+01 2.1731e+03 3.6628e+03 -2.4444e+05 1.3518e+05
9.0811e+06 7.1085e+01 1.7441e+03 3.0619e+03 -5.4107e+05 8.7935e+04
3.4931e+07 8.4043e+01 -8.8914e+03 3.2286e+03 -7.6501e+05 -1.9613e+04
-7.2407e+07 8.3280e+01 -1.2619e+04 4.1348e+03 -6.7713e+05 3.4158e+04
7.4971e+06 6.9960e+01 -1.6302e+04 5.0789e+03 -4.7922e+05 6.5008e+04
-1.9287e+07 5.3770e+01 -1.9373e+04 5.9149e+03 -2.5308e+05 5.7247e+04
-6.1156e+06 4.0917e+01 -1.9307e+04 5.9473e+03 -6.4324e+04 3.6915e+04
1.3059e+07 3.3783e+01 -1.9241e+04 5.9813e+03 -2.8645e+03 2.6356e+04
2.0740e+07 3.2029e+01 -1.9174e+04 6.0168e+03 5.7172e+02 2.6280e+04
6.0489e+06 3.3923e+01 -1.9106e+04 6.0538e+03 -1.0613e+02 2.6478e+04
2.7319e+06 3.7223e+01 -1.9038e+04 6.0923e+03 -4.4743e+02 2.6643e+04
-2.1454e+06 3.9200e+01 -1.8970e+04 6.1323e+03 -4.1136e+02 2.6801e+04
-1.7091e+06 3.9514e+01 -1.8902e+04 6.1736e+03 -1.5890e+02 2.6956e+04
-5.1644e+06 3.9490e+01 -1.8833e+04 6.2164e+03 -1.4943e+02 2.7114e+04
-3.6626e+06 3.9626e+01 -1.8764e+04 6.2605e+03 -2.9778e+01 2.7262e+04
-5.2945e+06 3.9790e+01 -1.8694e+04 6.3060e+03 -5.8452e+01 2.7413e+04
-4.3398e+06 3.9988e+01 -1.8625e+04 6.3527e+03 1.6126e+00 2.7558e+04
-5.1925e+06 4.0259e+01 -1.8554e+04 6.4008e+03 -2.1651e+01 2.7703e+04
-4.5560e+06 4.0620e+01 -1.8484e+04 6.4500e+03 7.5497e+00 2.7845e+04
-5.1149e+06 4.0984e+01 -1.8414e+04 6.5005e+03 -1.1057e+01 2.7985e+04
-4.6549e+06 4.1266e+01 -1.8343e+04 6.5521e+03 5.3719e+00 2.8123e+04
-5.0204e+06 4.1528e+01 -1.8272e+04 6.6048e+03 -6.0833e+00 2.8257e+04
-4.7015e+06 4.1870e+01 -1.8201e+04 6.6586e+03 3.4154e+00 2.8391e+04
-4.9318e+06 4.2252e+01 -1.8129e+04 6.7135e+03 -3.7059e+00 2.8521e+04
-4.6866e+06 4.2600e+01 -1.8058e+04 6.7695e+03 4.0525e+00 2.8650e+04
-4.8710e+06 4.2914e+01 -1.7986e+04 6.8264e+03 -1.9632e+00 2.8774e+04
-4.6901e+06 4.3240e+01 -1.7914e+04 6.8843e+03 -9.6115e+00 2.8900e+04
-4.8085e+06 4.3575e+01 -1.7842e+04 6.9431e+03 7.3345e+00 2.9020e+04
-4.6368e+06 4.3911e+01 -1.7770e+04 7.0028e+03 2.7100e+01 2.9155e+04
-4.8041e+06 4.4281e+01 -1.7698e+04 7.0634e+03 -7.0262e+00 2.9261e+04
-1.4155e+07 4.5394e+01 2.6005e+03 4.2058e+03 -1.2893e+05 4.1062e+04
-1.5947e+07 5.3952e+01 2.5948e+03 4.2163e+03 -2.6770e+05 9.2144e+04
1.2629e+07 6.3116e+01 7.0210e+02 4.3802e+03 -4.1942e+05 1.2174e+05
-1.2383e+07 7.3330e+01 -2.8983e+03 4.6721e+03 -5.7270e+05 1.8513e+05
-8.5543e+05 8.1684e+01 -7.0868e+03 4.9861e+03 -6.9399e+05 9.9401e+04
-1.1515e+08 8.1682e+01 -1.1250e+04 5.2850e+03 -6.3953e+05 -3.3754e+04
-4.3187e+07 7.1599e+01 -1.5808e+04 4.9973e+03 -4.8293e+05 5.5666e+03
3.9522e+06 5.6622e+01 -1.9474e+04 5.9895e+03 -2.8658e+05 4.6778e+04
-2.9931e+07 4.2910e+01 -1.9415e+04 6.0217e+03 -7.9866e+04 3.8466e+04
2.9340e+07 3.4553e+01 -1.9350e+04 6.0540e+03 -2.9502e+03 2.6150e+04
7.1213e+06 3.2123e+01 -1.9284e+04 6.0878e+03 -7.1600e+01 2.5852e+04
1.4831e+07 3.3524e+01 -1.9218e+04 6.1231e+03 8.7543e+01 2.6133e+04
-2.4381e+06 3.6767e+01 -1.9151e+04 6.1599e+03 -6.4752e+02 2.6238e+04
5.2695e+06 3.9138e+01 -1.9085e+04 6.1981e+03 -2.2305e+02 2.6421e+04
-7.5194e+06 3.9695e+01 -1.9017e+04 6.2378e+03 -4.1984e+02 2.6569e+04
-5.9406e+05 3.9603e+01 -1.8949e+04 6.2789e+03 -3.7644e+01 2.6733e+04
-6.9764e+06 3.9611e+01 -1.8881e+04 6.3214e+03 -1.6693e+02 2.6877e+04
-2.2857e+06 3.9743e+01 -1.8813e+04 6.3652e+03 5.2150e+01 2.7033e+04
-6.7066e+06 3.9903e+01 -1.8744e+04 6.4103e+03 -9.9113e+01 2.7176e+04
-3.2406e+06 4.0107e+01 -1.8675e+04 6.4567e+03 5.3821e+01 2.7326e+04
-6.1851e+06 4.0353e+01 -1.8606e+04 6.5043e+03 -6.0994e+01 2.7467e+04
-3.8331e+06 4.0674e+01 -1.8536e+04 6.5531e+03 4.0010e+01 2.7610e+04
-5.7062e+06 4.0995e+01 -1.8467e+04 6.6032e+03 -3.7752e+01 2.7748e+04
-4.1887e+06 4.1263e+01 -1.8396e+04 6.6543e+03 2.7856e+01 2.7886e+04
-5.3830e+06 4.1546e+01 -1.8326e+04 6.7066e+03 -2.4385e+01 2.8020e+04
-4.3982e+06 4.1947e+01 -1.8256e+04 6.7600e+03 1.9175e+01 2.8153e+04
-5.1566e+06 4.2406e+01 -1.8185e+04 6.8144e+03 -1.6889e+01 2.8283e+04
-4.5170e+06 4.2822e+01 -1.8114e+04 6.8698e+03 1.4412e+01 2.8411e+04
-4.9623e+06 4.3166e+01 -1.8043e+04 6.9262e+03 -9.1716e+00 2.8534e+04
-4.6172e+06 4.3491e+01 -1.7972e+04 6.9836e+03 -3.2952e+00 2.8660e+04
-4.8424e+06 4.3819e+01 -1.7900e+04 7.0419e+03 1.7867e+00 2.8780e+04
-4.6125e+06 4.4153e+01 -1.7829e+04 7.1010e+03 3.1672e+01 2.8915e+04
-4.7887e+06 4.4522e+01 -1.7757e+04 7.1611e+03 -1.0395e+01 2.9021e+04
-4.7296e+06 6.1695e+01 1.1147e+03 4.3332e+03 -3.9554e+05 1.4580e+05
-6.4723e+06 6.9887e+01 -1.3703e+03 4.5482e+03 -5.1869e+05 1.9792e+05
-3.1510e+07 7.6425e+01 -3.8383e+03 4.7551e+03 -5.8859e+05 1.8120e+05
-6.3719e+07 8.1158e+01 -6.4957e+03 4.9706e+03 -6.2945e+05 7.2661e+04
-7.1980e+07 8.1185e+01 -1.0671e+04 5.2846e+03 -6.3961e+05 -2.2854e+04
1.8533e+07 7.2899e+01 -1.4815e+04 5.6264e+03 -5.4497e+05 -4.4196e+04
7.7149e+06 5.8581e+01 -1.8924e+04 6.0073e+03 -3.2583e+05 -1.2267e+04
-2.5664e+07 4.4612e+01 -1.9520e+04 6.0960e+03 -1.0272e+05 2.4340e+04
2.0686e+07 3.5534e+01 -1.9456e+04 6.1266e+03 -5.8329e+03 2.5765e+04
1.3652e+07 3.2235e+01 -1.9392e+04 6.1587e+03 9.3926e+02 2.5441e+04
1.4053e+07 3.3131e+01 -1.9327e+04 6.1923e+03 -2.8537e+02 2.5739e+04
4.3743e+06 3.6204e+01 -1.9262e+04 6.2275e+03 -2.0832e+02 2.5852e+04
1.6718e+06 3.8891e+01 -1.9196e+04 6.2640e+03 -4.8957e+02 2.6035e+04
-4.8617e+06 3.9741e+01 -1.9130e+04 6.3021e+03 -3.3443e+02 2.6188e+04
-1.8182e+06 3.9672e+01 -1.9063e+04 6.3415e+03 -1.6559e+02 2.6342e+04
-5.2024e+06 3.9628e+01 -1.8996e+04 6.3823e+03 -6.9333e+01 2.6496e+04
-3.7558e+06 3.9720e+01 -1.8929e+04 6.4244e+03 -5.5290e+01 2.6647e+04
-5.5398e+06 3.9871e+01 -1.8861e+04 6.4679e+03 -2.7139e+01 2.6797e+04
-4.1602e+06 4.0057e+01 -1.8793e+04 6.5127e+03 -1.5367e+01 2.6944e+04
-5.4132e+06 4.0262e+01 -1.8725e+04 6.5587e+03 -5.4504e+00 2.7089e+04
-4.4172e+06 4.0490e+01 -1.8657e+04 6.6060e+03 -5.9675e+00 2.7232e+04
-5.2242e+06 4.0757e+01 -1.8588e+04 6.6544e+03 2.5247e-01 2.7373e+04
-4.5898e+06 4.1036e+01 -1.8519e+04 6.7040e+03 -3.9692e+00 2.7511e+04
-5.0825e+06 4.1291e+01 -1.8449e+04 6.7547e+03 4.1104e-01 2.7648e+04
-4.6703e+06 4.1584e+01 -1.8380e+04 6.8066e+03 -2.5527e+00 2.7782e+04
-4.9728e+06 4.1996e+01 -1.8310e+04 6.8595e+03 9.7562e-02 2.7914e+04
-4.6946e+06 4.2506e+01 -1.8240e+04 6.9134e+03 -1.3900e+00 2.8044e+04
-4.8551e+06 4.3003e+01 -1.8170e+04 6.9684e+03 2.8889e+00 2.8171e+04
-4.6958e+06 4.3407e+01 -1.8099e+04 7.0243e+03 2.0681e-01 2.8295e+04
-4.7968e+06 4.3742e+01 -1.8029e+04 7.0811e+03 -1.0748e+01 2.8420e+04
-4.6877e+06 4.4061e+01 -1.7958e+04 7.1389e+03 8.7996e+00 2.8539e+04
-4.7047e+06 4.4396e+01 -1.7887e+04 7.1975e+03 2.6335e+01 2.8674e+04
-4.7134e+06 4.4770e+01 -1.7816e+04 7.2570e+03 -5.9580e+00 2.8780e+04
-2.1338e+07 7.4886e+01 -3.4354e+03 4.7241e+03 -5.8178e+05 2.1535e+05
-4.4312e+07 7.8784e+01 -5.9015e+03 4.9327e+03 -6.0830e+05 2.1823e+05
-5.1360e+07 8.0494e+01 -8.3502e+03 5.1336e+03 -6.1120e+05 2.1357e+05
-4.1858e+07 7.9659e+01 -1.0782e+04 5.3331e+03 -6.1623e+05 1.4145e+05
1.8230e+06 7.3801e+01 -1.4238e+04 5.6306e+03 -5.7532e+05 2.5439e+04
-3.4914e+07 6.1546e+01 -1.8361e+04 6.0195e+03 -3.9635e+05 -1.3917e+04
-2.8960e+07 4.7017e+01 -1.9622e+04 6.1701e+03 -1.5212e+05 1.0759e+04
1.4332e+07 3.6570e+01 -1.9560e+04 6.1991e+03 -1.9870e+04 2.5052e+04
1.6511e+07 3.2363e+01 -1.9497e+04 6.2295e+03 6.9861e+02 2.5131e+04
1.4241e+07 3.2722e+01 -1.9433e+04 6.2615e+03 -1.2013e+02 2.5313e+04
5.0824e+06 3.5605e+01 -1.9369e+04 6.2950e+03 -3.0058e+02 2.5471e+04
-6.6696e+05 3.8515e+01 -1.9304e+04 6.3299e+03 -6.2205e+02 2.5642e+04
-2.3056e+06 3.9692e+01 -1.9239e+04 6.3663e+03 -3.2306e+02 2.5802e+04
-2.4496e+06 3.9720e+01 -1.9174e+04 6.4041e+03 -1.9151e+02 2.5955e+04
-4.7785e+06 3.9649e+01 -1.9108e+04 6.4432e+03 -9.0408e+01 2.6113e+04
-4.3650e+06 3.9716e+01 -1.9042e+04 6.4838e+03 -8.2606e+01 2.6265e+04
-4.8129e+06 3.9859e+01 -1.8976e+04 6.5256e+03 -9.2165e+00 2.6416e+04
-4.6026e+06 4.0035e+01 -1.8909e+04 6.5688e+03 -2.8497e+01 2.6564e+04
-5.0300e+06 4.0236e+01 -1.8842e+04 6.6132e+03 2.7466e+00 2.6711e+04
-4.7085e+06 4.0449e+01 -1.8774e+04 6.6589e+03 -1.4698e+01 2.6855e+04
-5.0307e+06 4.0673e+01 -1.8706e+04 6.7058e+03 4.0633e+00 2.6998e+04
-4.7577e+06 4.0915e+01 -1.8638e+04 6.7538e+03 -8.5953e+00 2.7138e+04
-4.9637e+06 4.1170e+01 -1.8570e+04 6.8030e+03 3.4570e+00 2.7276e+04
-4.7706e+06 4.1419e+01 -1.8501e+04 6.8533e+03 -4.8493e+00 2.7412e+04
-4.9102e+06 4.1694e+01 -1.8432e+04 6.9047e+03 1.8974e+00 2.7545e+04
-4.7660e+06 4.2067e+01 -1.8363e+04 6.9572e+03 -3.2337e+00 2.7677e+04
-4.8528e+06 4.2568e+01 -1.8294e+04 7.0107e+03 8.7056e-02 2.7807e+04
-4.7374e+06 4.3113e+01 -1.8224e+04 7.0651e+03 1.2410e-01 2.7934e+04
-4.7659e+06 4.3578e+01 -1.8155e+04 7.1206e+03 2.0050e+00 2.8056e+04
-4.7423e+06 4.3942e+01 -1.8085e+04 7.1769e+03 -1.2715e+01 2.8181e+04
-4.7140e+06 4.4269e+01 -1.8015e+04 7.2342e+03 9.4233e+00 2.8300e+04
-4.6847e+06 4.4618e+01 -1.7944e+04 7.2923e+03 2.4668e+01 2.8435e+04
-4.6997e+06 4.5011e+01 -1.7874e+04 7.3512e+03 -4.6912e+00 2.8541e+04
-4.8117e+07 8.0027e+01 -7.9560e+03 5.1180e+03 -6.1527e+05 2.2056e+05
-5.5975e+07 7.9696e+01 -1.0404e+04 5.3237e+03 -6.1282e+05 2.2422e+05
-2.8373e+07 7.7102e+01 -1.2840e+04 5.5408e+03 -6.0114e+05 2.2777e+05
-2.3606e+07 7.1323e+01 -1.5262e+04 5.7718e+03 -5.4701e+05 1.9544e+05
-1.1107e+07 6.1136e+01 -1.7947e+04 6.0424e+03 -4.0027e+05 8.5580e+04
2.5573e+06 4.8273e+01 -1.9721e+04 6.2440e+03 -1.8612e+05 1.6863e+04
6.4510e+06 3.7647e+01 -1.9660e+04 6.2713e+03 -3.6450e+04 2.4803e+04
1.2582e+07 3.2340e+01 -1.9598e+04 6.3001e+03 -9.9696e+02 2.4873e+04
1.4717e+07 3.1987e+01 -1.9536e+04 6.3305e+03 -1.5242e+02 2.4924e+04
5.8777e+06 3.4796e+01 -1.9473e+04 6.3623e+03 -1.2966e+02 2.5096e+04
1.7056e+06 3.8059e+01 -1.9410e+04 6.3957e+03 -5.6154e+02 2.5246e+04
-6.2695e+05 3.9583e+01 -1.9346e+04 6.4304e+03 -3.0586e+02 2.5416e+04
-3.0746e+06 3.9754e+01 -1.9282e+04 6.4666e+03 -2.2403e+02 2.5573e+04
-4.7073e+06 3.9683e+01 -1.9218e+04 6.5041e+03 -1.2709e+02 2.5733e+04
-3.9336e+06 3.9725e+01 -1.9153e+04 6.5431e+03 -6.2454e+01 2.5885e+04
-4.7181e+06 3.9852e+01 -1.9087e+04 6.5833e+03 -1.4759e+01 2.6038e+04
-4.7179e+06 4.0020e+01 -1.9021e+04 6.6249e+03 -3.1800e+01 2.6188e+04
-4.9797e+06 4.0214e+01 -1.8955e+04 6.6678e+03 -3.4814e+00 2.6336e+04
-4.7202e+06 4.0424e+01 -1.8889e+04 6.7119e+03 -9.7611e+00 2.6481e+04
-5.0043e+06 4.0647e+01 -1.8822e+04 6.7572e+03 1.8724e+00 2.6625e+04
-4.7352e+06 4.0877e+01 -1.8755e+04 6.8037e+03 -3.5356e+00 2.6766e+04
-4.9597e+06 4.1117e+01 -1.8688e+04 6.8514e+03 2.4704e+00 2.6906e+04
-4.7625e+06 4.1365e+01 -1.8620e+04 6.9002e+03 -1.8903e+00 2.7043e+04
-4.9111e+06 4.1614e+01 -1.8552e+04 6.9501e+03 2.3068e+00 2.7179e+04
-4.7679e+06 4.1874e+01 -1.8484e+04 7.0011e+03 -9.2943e-01 2.7312e+04
-4.8626e+06 4.2197e+01 -1.8415e+04 7.0531e+03 1.5534e+00 2.7443e+04
-4.7543e+06 4.2636e+01 -1.8347e+04 7.1061e+03 -1.3410e+00 2.7572e+04
-4.7866e+06 4.3158e+01 -1.8278e+04 7.1601e+03 3.2747e+00 2.7698e+04
-4.7195e+06 4.3646e+01 -1.8209e+04 7.2151e+03 8.6917e-01 2.7821e+04
-4.7488e+06 4.4046e+01 -1.8140e+04 7.2709e+03 -9.6363e+00 2.7945e+04
-4.6899e+06 4.4400e+01 -1.8070e+04 7.3277e+03 9.8420e+00 2.8063e+04
-4.6720e+06 4.4778e+01 -1.8001e+04 7.3853e+03 2.7813e+01 2.8196e+04
-4.6918e+06 4.5216e+01 -1.7931e+04 7.4437e+03 -4.2813e+00 2.8303e+04
-2.8739e+07 7.7601e+01 -1.2451e+04 5.5340e+03 -6.0709e+05 2.2766e+05
-2.6934e+07 7.3012e+01 -1.4890e+04 5.7685e+03 -5.6226e+05 2.2998e+05
3.7580e+06 6.5838e+01 -1.7317e+04 6.0165e+03 -4.6319e+05 1.8696e+05
-3.8899e+06 5.6445e+01 -1.9730e+04 6.2788e+03 -3.1205e+05 1.2859e+05
-6.2340e+06 4.6145e+01 -1.9818e+04 6.3176e+03 -1.5238e+05 7.0765e+04
-1.6325e+07 3.7408e+01 -1.9758e+04 6.3433e+03 -4.6703e+04 2.6061e+04
4.2277e+06 3.2237e+01 -1.9697e+04 6.3706e+03 -3.7612e+03 2.4328e+04
1.7156e+07 3.1025e+01 -1.9636e+04 6.3993e+03 4.7865e+02 2.4544e+04
5.3403e+06 3.3476e+01 -1.9575e+04 6.4296e+03 -2.5269e+02 2.4736e+04
4.0748e+06 3.7232e+01 -1.9513e+04 6.4613e+03 -3.4584e+02 2.4865e+04
-2.2424e+06 3.9364e+01 -1.9450e+04 6.4945e+03 -4.8749e+02 2.5031e+04
-3.3666e+06 3.9745e+01 -1.9387e+04 6.5290e+03 -2.6774e+02 2.5191e+04
-4.2959e+06 3.9711e+01 -1.9324e+04 6.5650e+03 -1.5299e+02 2.5349e+04
-3.4733e+06 3.9742e+01 -1.9260e+04 6.6024e+03 -4.5166e+01 2.5503e+04
-5.2168e+06 3.9848e+01 -1.9196e+04 6.6411e+03 -5.8425e+01 2.5657e+04
-4.5084e+06 4.0006e+01 -1.9131e+04 6.6811e+03 -3.0124e+01 2.5809e+04
-5.0321e+06 4.0193e+01 -1.9066e+04 6.7224e+03 -1.7557e+01 2.5957e+04
-4.5795e+06 4.0399e+01 -1.9001e+04 6.7649e+03 -4.0304e+00 2.6104e+04
-5.0997e+06 4.0617e+01 -1.8935e+04 6.8087e+03 -1.2280e+01 2.6249e+04
-4.6399e+06 4.0846e+01 -1.8869e+04 6.8537e+03 -2.3809e+00 2.6392e+04
-5.0462e+06 4.1084e+01 -1.8803e+04 6.8998e+03 -8.3509e+00 2.6533e+04
-4.6897e+06 4.1329e+01 -1.8736e+04 6.9472e+03 -2.8613e+00 2.6672e+04
-4.9603e+06 4.1579e+01 -1.8669e+04 6.9956e+03 -5.6764e+00 2.6809e+04
-4.7151e+06 4.1833e+01 -1.8602e+04 7.0451e+03 -2.6299e+00 2.6944e+04
-4.8938e+06 4.2094e+01 -1.8535e+04 7.0957e+03 -4.4946e+00 2.7076e+04
-4.7232e+06 4.2385e+01 -1.8467e+04 7.1472e+03 -3.3117e+00 2.7207e+04
-4.8387e+06 4.2749e+01 -1.8399e+04 7.1998e+03 -5.7323e+00 2.7335e+04
-4.7066e+06 4.3192e+01 -1.8331e+04 7.2534e+03 -1.9114e+00 2.7461e+04
-4.7532e+06 4.3653e+01 -1.8262e+04 7.3079e+03 -3.0137e+00 2.7583e+04
-4.7137e+06 4.4072e+01 -1.8194e+04 7.3632e+03 -1.3197e+01 2.7706e+04
-4.7048e+06 4.4447e+01 -1.8125e+04 7.4195e+03 7.5366e+00 2.7824e+04
-4.6614e+06 4.4853e+01 -1.8056e+04 7.4766e+03 2.5858e+01 2.7957e+04
-4.6817e+06 4.5358e+01 -1.7987e+04 7.5345e+03 -7.9648e+00 2.8061e+04
-3.3246e+06 6.7296e+01 -1.6932e+04 6.0152e+03 -4.8989e+05 1.9955e+05
-1.0315e+07 5.8862e+01 -1.9363e+04 6.2796e+03 -3.4913e+05 1.4943e+05
-1.9224e+07 4.9745e+01 -1.9969e+04 6.3683e+03 -1.9452e+05 8.4244e+04
-3.0342e+07 4.1433e+01 -1.9911e+04 6.3909e+03 -7.4589e+04 3.2133e+04
-8.7691e+06 3.5292e+01 -1.9853e+04 6.4150e+03 -1.3454e+04 2.5080e+04
2.7709e+07 3.1876e+01 -1.9793e+04 6.4407e+03 -1.1455e+03 2.4139e+04
1.6682e+07 3.0895e+01 -1.9734e+04 6.4679e+03 2.1904e+02 2.4144e+04
5.5762e+06 3.2471e+01 -1.9674e+04 6.4966e+03 -6.9781e+01 2.4299e+04
3.9511e+06 3.6058e+01 -1.9613e+04 6.5268e+03 -4.0669e+02 2.4474e+04
-1.6481e+06 3.8859e+01 -1.9552e+04 6.5584e+03 -3.7604e+02 2.4631e+04
-2.4003e+06 3.9662e+01 -1.9490e+04 6.5914e+03 -2.9357e+02 2.4797e+04
-3.0670e+06 3.9697e+01 -1.9428e+04 6.6258e+03 -1.0407e+02 2.4949e+04
-4.1417e+06 3.9743e+01 -1.9365e+04 6.6616e+03 -8.9817e+01 2.5109e+04
-5.0453e+06 3.9846e+01 -1.9302e+04 6.6987e+03 -6.3321e+01 2.5263e+04
-4.3820e+06 3.9994e+01 -1.9239e+04 6.7372e+03 -3.1008e+01 2.5416e+04
-4.8900e+06 4.0174e+01 -1.9175e+04 6.7769e+03 -1.2409e+01 2.5566e+04
-4.7395e+06 4.0374e+01 -1.9111e+04 6.8179e+03 -1.8525e+01 2.5715e+04
-5.0073e+06 4.0588e+01 -1.9046e+04 6.8602e+03 -1.0854e+01 2.5861e+04
-4.7122e+06 4.0812e+01 -1.8981e+04 6.9037e+03 -1.0688e+01 2.6006e+04
-4.9813e+06 4.1046e+01 -1.8916e+04 6.9484e+03 -6.7538e+00 2.6147e+04
-4.7213e+06 4.1289e+01 -1.8850e+04 6.9942e+03 -8.4768e+00 2.6288e+04
-4.9238e+06 4.1539e+01 -1.8784e+04 7.0411e+03 -5.9553e+00 2.6426e+04
-4.7391e+06 4.1792e+01 -1.8718e+04 7.0892e+03 -8.0069e+00 2.6563e+04
-4.8744e+06 4.2051e+01 -1.8651e+04 7.1383e+03 -6.0869e+00 2.6697e+04
-4.7364e+06 4.2321e+01 -1.8585e+04 7.1885e+03 -7.4944e+00 2.6829e+04
-4.8309e+06 4.2604e+01 -1.8518e+04 7.2396e+03 -6.6314e+00 2.6959e+04
-4.7279e+06 4.2916e+01 -1.8450e+04 7.2918e+03 -8.9565e+00 2.7088e+04
-4.7684e+06 4.3280e+01 -1.8383e+04 7.3449e+03 -4.9030e+00 2.7213e+04
-4.6985e+06 4.3688e+01 -1.8315e+04 7.3989e+03 -4.8059e+00 2.7334e+04
-4.7522e+06 4.4094e+01 -1.8247e+04 7.4538e+03 -1.5321e+01 2.7459e+04
-4.6853e+06 4.4464e+01 -1.8179e+04 7.5096e+03 5.5239e+00 2.7578e+04
-4.6643e+06 4.4874e+01 -1.8111e+04 7.5662e+03 2.4573e+01 2.7713e+04
-4.6686e+06 4.5437e+01 -1.8042e+04 7.6237e+03 -9.7051e+00 2.7817e+04
-1.9074e+07 5.1497e+01 -2.0114e+04 6.4232e+03 -2.2879e+05 9.7847e+04
-2.5953e+07 4.3281e+01 -2.0058e+04 6.4427e+03 -9.8282e+04 4.5243e+04
-1.7351e+06 3.6864e+01 -2.0002e+04 6.4638e+03 -2.4471e+04 2.5149e+04
2.8858e+07 3.2677e+01 -1.9944e+04 6.4864e+03 -1.2321e+03 2.3413e+04
2.6936e+07 3.0788e+01 -1.9887e+04 6.5106e+03 1.6149e+03 2.3583e+04
3.8108e+05 3.0966e+01 -1.9828e+04 6.5363e+03 1.0312e+02 2.3794e+04
3.8112e+06 3.2611e+01 -1.9769e+04 6.5634e+03 -3.6656e+02 2.3957e+04
4.7647e+06 3.5391e+01 -1.9710e+04 6.5920e+03 -1.9896e+02 2.4083e+04
-1.3035e+06 3.8189e+01 -1.9650e+04 6.6221e+03 -3.0723e+02 2.4254e+04
-1.7754e+06 3.9485e+01 -1.9590e+04 6.6536e+03 -2.5837e+02 2.4421e+04
-3.7987e+06 3.9663e+01 -1.9529e+04 6.6864e+03 -1.4287e+02 2.4571e+04
-4.7025e+06 3.9721e+01 -1.9467e+04 6.7207e+03 -1.1558e+02 2.4735e+04
-4.5738e+06 3.9833e+01 -1.9405e+04 6.7563e+03 -3.3667e+01 2.4888e+04
-4.3008e+06 3.9976e+01 -1.9343e+04 6.7932e+03 -6.5538e+00 2.5044e+04
-5.0592e+06 4.0148e+01 -1.9281e+04 6.8315e+03 -4.4949e+00 2.5192e+04
-4.7419e+06 4.0343e+01 -1.9217e+04 6.8710e+03 -3.4439e+00 2.5345e+04
-4.9354e+06 4.0553e+01 -1.9154e+04 6.9117e+03 1.1721e+01 2.5490e+04
-4.7180e+06 4.0773e+01 -1.9090e+04 6.9537e+03 8.7455e+00 2.5638e+04
-4.9654e+06 4.1001e+01 -1.9026e+04 6.9969e+03 1.1362e+01 2.5779e+04
-4.7249e+06 4.1239e+01 -1.8961e+04 7.0412e+03 9.8466e+00 2.5923e+04
-4.9290e+06 4.1486e+01 -1.8896e+04 7.0867e+03 1.1194e+01 2.6061e+04
-4.7320e+06 4.1739e+01 -1.8831e+04 7.1333e+03 9.8937e+00 2.6200e+04
-4.8770e+06 4.1993e+01 -1.8766e+04 7.1810e+03 1.1121e+01 2.6334e+04
-4.7268e+06 4.2256e+01 -1.8700e+04 7.2297e+03 1.0087e+01 2.6470e+04
-4.8335e+06 4.2535e+01 -1.8634e+04 7.2795e+03 1.0869e+01 2.6599e+04
-4.7181e+06 4.2823e+01 -1.8567e+04 7.3303e+03 9.8128e+00 2.6730e+04
-4.7991e+06 4.3118e+01 -1.8501e+04 7.3820e+03 8.2085e+00 2.6856e+04
-4.6985e+06 4.3437e+01 -1.8434e+04 7.4347e+03 1.0270e+01 2.6982e+04
-4.7443e+06 4.3797e+01 -1.8367e+04 7.4883e+03 1.1828e+01 2.7104e+04
-4.7173e+06 4.4173e+01 -1.8300e+04 7.5427e+03 -9.7567e-01 2.7229e+04
-4.6874e+06 4.4520e+01 -1.8232e+04 7.5980e+03 1.7387e+01 2.7349e+04
-4.6460e+06 4.4909e+01 -1.8164e+04 7.6542e+03 3.4491e+01 2.7480e+04
-4.6888e+06 4.5476e+01 -1.8097e+04 7.7111e+03 -1.4938e+00 2.7567e+04
-1.1932e+07 3.7893e+01 -2.0145e+04 6.5167e+03 -3.7555e+04 2.5551e+04
1.8069e+07 3.3474e+01 -2.0089e+04 6.5363e+03 -3.9360e+03 2.3142e+04
2.1419e+07 3.1039e+01 -2.0034e+04 6.5575e+03 9.3149e+02 2.3068e+04
2.8177e+06 3.0269e+01 -1.9977e+04 6.5801e+03 -2.7160e+02 2.3310e+04
3.0227e+06 3.1077e+01 -1.9920e+04 6.6043e+03 -5.7255e+02 2.3390e+04
1.5634e+07 3.3126e+01 -1.9863e+04 6.6299e+03 2.2649e+01 2.3499e+04
5.7473e+06 3.5486e+01 -1.9804e+04 6.6570e+03 -2.4117e+01 2.3625e+04
-2.4174e+06 3.7640e+01 -1.9746e+04 6.6856e+03 -4.0424e+02 2.3816e+04
-1.4327e+06 3.9110e+01 -1.9687e+04 6.7155e+03 -2.5476e+02 2.4010e+04
-4.2185e+06 3.9627e+01 -1.9627e+04 6.7469e+03 -1.4406e+02 2.4137e+04
-3.7690e+06 3.9722e+01 -1.9567e+04 6.7797e+03 -8.1390e+01 2.4322e+04
-4.2088e+06 3.9825e+01 -1.9506e+04 6.8138e+03 -1.3695e+01 2.4460e+04
-4.5003e+06 3.9960e+01 -1.9445e+04 6.8492e+03 -1.2421e+01 2.4631e+04
-5.2185e+06 4.0124e+01 -1.9384e+04 6.8859e+03 -1.6843e+01 2.4768e+04
-4.5295e+06 4.0315e+01 -1.9322e+04 6.9239e+03 8.0732e+00 2.4937e+04
-5.0190e+06 4.0521e+01 -1.9259e+04 6.9632e+03 1.1675e+01 2.5069e+04
-4.7385e+06 4.0736e+01 -1.9196e+04 7.0037e+03 9.1865e+00 2.5232e+04
-5.0316e+06 4.0961e+01 -1.9133e+04 7.0454e+03 9.5750e+00 2.5362e+04
-4.7265e+06 4.1193e+01 -1.9070e+04 7.0883e+03 1.2180e+01 2.5520e+04
-4.9805e+06 4.1433e+01 -1.9006e+04 7.1323e+03 1.1714e+01 2.5648e+04
-4.7283e+06 4.1682e+01 -1.8942e+04 7.1775e+03 1.2349e+01 2.5800e+04
-4.9226e+06 4.1935e+01 -1.8877e+04 7.2237e+03 1.1935e+01 2.5926e+04
-4.7359e+06 4.2193e+01 -1.8812e+04 7.2711e+03 1.1780e+01 2.6072e+04
-4.8741e+06 4.2463e+01 -1.8747e+04 7.3194e+03 1.1775e+01 2.6195e+04
-4.7325e+06 4.2751e+01 -1.8682e+04 7.3688e+03 1.1498e+01 2.6335e+04
-4.8307e+06 4.3047e+01 -1.8616e+04 7.4192e+03 1.1662e+01 2.6456e+04
-4.7233e+06 4.3343e+01 -1.8550e+04 7.4705e+03 9.6964e+00 2.6591e+04
-4.7762e+06 4.3651e+01 -1.8484e+04 7.5228e+03 1.2471e+01 2.6709e+04
-4.7050e+06 4.3984e+01 -1.8418e+04 7.5759e+03 1.3034e+01 2.6838e+04
-4.7535e+06 4.4332e+01 -1.8351e+04 7.6299e+03 2.4061e+00 2.6955e+04
-4.6767e+06 4.4661e+01 -1.8284e+04 7.6848e+03 1.5239e+01 2.7068e+04
-4.6845e+06 4.5019e+01 -1.8217e+04 7.7405e+03 2.2200e+01 2.7209e+04
-4.6625e+06 4.5521e+01 -1.8150e+04 7.7969e+03 -1.8964e+00 2.7351e+04
2.1538e+07 3.1135e+01 -2.0174e+04 6.6084e+03 7.3716e+02 2.2308e+04
1.0259e+07 3.0050e+01 -2.0120e+04 6.6281e+03 2.4686e+02 2.2948e+04
1.0619e+07 3.0267e+01 -2.0065e+04 6.6493e+03 4.6246e+01 2.2973e+04
1.9249e+07 3.1874e+01 -2.0009e+04 6.6720e+03 5.3975e+02 2.2831e+04
1.1582e+07 3.4216e+01 -1.9953e+04 6.6961e+03 1.3525e+02 2.3033e+04
-6.2797e+06 3.6124e+01 -1.9896e+04 6.7218e+03 -6.9403e+02 2.3493e+04
-3.9409e+06 3.7397e+01 -1.9839e+04 6.7488e+03 -5.7167e+02 2.3480e+04
-1.0854e+06 3.8497e+01 -1.9781e+04 6.7773e+03 -2.5715e+02 2.3585e+04
-4.2440e+06 3.9327e+01 -1.9722e+04 6.8072e+03 -1.5556e+02 2.3853e+04
-3.4616e+06 3.9695e+01 -1.9664e+04 6.8385e+03 -9.9371e+01 2.3917e+04
-4.7551e+06 3.9829e+01 -1.9604e+04 6.8711e+03 -8.0558e+01 2.4143e+04
-4.9206e+06 3.9949e+01 -1.9544e+04 6.9050e+03 -6.8768e+01 2.4253e+04
-4.9684e+06 4.0100e+01 -1.9484e+04 6.9403e+03 -2.8414e+01 2.4447e+04
-4.5462e+06 4.0283e+01 -1.9423e+04 6.9768e+03 -1.0974e+01 2.4549e+04
-5.1519e+06 4.0486e+01 -1.9362e+04 7.0146e+03 -2.0546e+01 2.4752e+04
-4.8163e+06 4.0699e+01 -1.9300e+04 7.0536e+03 -1.4872e+01 2.4852e+04
-5.0013e+06 4.0919e+01 -1.9238e+04 7.0939e+03 -8.7537e+00 2.5041e+04
-4.8037e+06 4.1147e+01 -1.9176e+04 7.1353e+03 -9.3232e+00 2.5146e+04
-4.9829e+06 4.1383e+01 -1.9113e+04 7.1779e+03 -8.6334e+00 2.5326e+04
-4.8002e+06 4.1626e+01 -1.9050e+04 7.2217e+03 -8.0883e+00 2.5431e+04
-4.9360e+06 4.1876e+01 -1.8986e+04 7.2665e+03 -7.4730e+00 2.5603e+04
-4.7940e+06 4.2132e+01 -1.8923e+04 7.3124e+03 -7.0811e+00 2.5709e+04
-4.8856e+06 4.2397e+01 -1.8859e+04 7.3594e+03 -6.9154e+00 2.5872e+04
-4.7827e+06 4.2677e+01 -1.8794e+04 7.4074e+03 -6.9364e+00 2.5979e+04
-4.8469e+06 4.2972e+01 -1.8729e+04 7.4564e+03 -6.9136e+00 2.6133e+04
-4.7631e+06 4.3271e+01 -1.8664e+04 7.5064e+03 -5.6220e+00 2.6241e+04
-4.8049e+06 4.3571e+01 -1.8599e+04 7.5573e+03 -6.6922e+00 2.6386e+04
-4.7270e+06 4.3879e+01 -1.8534e+04 7.6091e+03 -2.1616e+00 2.6494e+04
-4.7566e+06 4.4200e+01 -1.8468e+04 7.6619e+03 -4.4828e+00 2.6633e+04
-4.7220e+06 4.4533e+01 -1.8402e+04 7.7154e+03 -1.2574e+01 2.6740e+04
-4.7466e+06 4.4858e+01 -1.8336e+04 7.7699e+03 -9.8769e-01 2.6870e+04
-4.6407e+06 4.5193e+01 -1.8269e+04 7.8251e+03 8.1843e-01 2.6976e+04
-4.6877e+06 4.5611e+01 -1.8203e+04 7.8811e+03 -5.1350e+00 2.7104e+04
