  1    1089
-4.6877e+06 4.5611e+01 -1.8203e+04 7.8811e+03 -5.1350e+00 2.7104e+04
-4.6934e+06 4.6127e+01 -1.8136e+04 7.9378e+03 -2.0204e+00 2.7208e+04
-4.5903e+06 4.6669e+01 -1.8069e+04 7.9953e+03 -3.4316e+00 2.7319e+04
-4.5822e+06 4.7204e+01 -1.8002e+04 8.0534e+03 5.0941e-01 2.7426e+04
-4.5610e+06 4.7798e+01 -1.7935e+04 8.1123e+03 -3.7754e+00 2.7536e+04
-4.5239e+06 4.8533e+01 -1.7868e+04 8.1717e+03 -4.1768e-01 2.7638e+04
-4.5199e+06 4.9385e+01 -1.7800e+04 8.2318e+03 -2.8180e+00 2.7743e+04
-4.4472e+06 5.0231e+01 -1.7733e+04 8.2924e+03 2.3031e+00 2.7843e+04
-4.4497e+06 5.1015e+01 -1.7665e+04 8.3536e+03 -1.9041e+00 2.7941e+04
-4.3341e+06 5.1793e+01 -1.7597e+04 8.4154e+03 8.4363e+00 2.8039e+04
-4.4177e+06 5.2597e+01 -1.7529e+04 8.4776e+03 -5.7290e+00 2.8132e+04
-4.2287e+06 5.3412e+01 -1.7462e+04 8.5403e+03 1.5927e+01 2.8227e+04
-4.4293e+06 5.4243e+01 -1.7394e+04 8.6035e+03 -1.6128e+01 2.8315e+04
-4.0878e+06 5.5112e+01 -1.7326e+04 8.6671e+03 2.9304e+01 2.8408e+04
-4.5062e+06 5.5975e+01 -1.7258e+04 8.7311e+03 -4.0880e+01 2.8492e+04
-3.8046e+06 5.6814e+01 -1.7190e+04 8.7955e+03 7.0997e+01 2.8581e+04
-4.7566e+06 5.7648e+01 -1.7122e+04 8.8602e+03 -9.3459e+01 2.8660e+04
-3.2590e+06 5.8600e+01 -1.7054e+04 8.9253e+03 1.8263e+02 2.8748e+04
-5.5725e+06 5.9634e+01 -1.6986e+04 8.9907e+03 -2.3001e+02 2.8820e+04
-2.0839e+06 6.0743e+01 -1.6918e+04 9.0563e+03 6.1061e+02 2.8911e+04
-8.3798e+06 6.1570e+01 -1.6850e+04 9.1222e+03 -5.9671e+02 2.8969e+04
2.8036e+05 6.1545e+01 -1.6782e+04 9.1884e+03 2.8948e+03 2.9071e+04
-2.1955e+07 5.9907e+01 -1.6714e+04 9.2547e+03 -1.2823e+03 2.9033e+04
8.7204e+06 4.8376e+01 -1.6646e+04 9.3213e+03 2.3154e+04 2.3190e+04
3.3451e+06 2.1136e+01 -1.6578e+04 9.3880e+03 2.1867e+05 3.0653e+04
-8.4696e+06 -5.5466e+00 -1.4058e+04 7.8596e+03 4.5177e+05 2.1816e+04
8.5607e+06 -2.0675e+01 -1.1401e+04 6.1613e+03 5.0633e+05 -1.0520e+04
-2.7894e+07 -3.3076e+01 -8.7996e+03 4.4217e+03 4.8700e+05 -1.7365e+04
-1.8915e+07 -2.8149e+01 -6.2329e+03 2.6773e+03 4.6872e+05 -1.8227e+04
-1.5038e+07 1.4292e+01 -3.6966e+03 9.3906e+02 3.5137e+05 -1.5170e+04
1.1578e+07 6.1993e+01 -2.4385e+03 6.2294e+01 1.3522e+05 -7.6255e+03
-2.7982e+06 7.9568e+01 -2.4454e+03 4.8922e+01 6.1362e+03 -5.5726e+03
-9.6446e+06 7.8102e+01 -2.4522e+03 3.5873e+01 -5.8617e+02 -4.6920e+03
-4.6947e+06 4.5744e+01 -1.8266e+04 7.9546e+03 -4.9854e+00 2.6844e+04
-4.6564e+06 4.6201e+01 -1.8200e+04 8.0111e+03 -1.4426e+01 2.6969e+04
-4.6202e+06 4.6703e+01 -1.8133e+04 8.0684e+03 -9.0669e+00 2.7111e+04
-4.5704e+06 4.7230e+01 -1.8066e+04 8.1263e+03 -3.6801e+00 2.7212e+04
-4.5669e+06 4.7786e+01 -1.7999e+04 8.1849e+03 -7.3847e+00 2.7321e+04
-4.5248e+06 4.8449e+01 -1.7932e+04 8.2441e+03 -6.3079e+00 2.7425e+04
-4.5246e+06 4.9277e+01 -1.7865e+04 8.3039e+03 -7.1464e+00 2.7528e+04
-4.4657e+06 5.0181e+01 -1.7798e+04 8.3643e+03 -6.1875e+00 2.7629e+04
-4.4451e+06 5.1041e+01 -1.7730e+04 8.4253e+03 -5.3523e+00 2.7728e+04
-4.3713e+06 5.1858e+01 -1.7663e+04 8.4868e+03 -2.6265e+00 2.7826e+04
-4.3905e+06 5.2691e+01 -1.7595e+04 8.5489e+03 -6.9931e+00 2.7921e+04
-4.2992e+06 5.3557e+01 -1.7527e+04 8.6114e+03 8.8359e-01 2.8015e+04
-4.3479e+06 5.4441e+01 -1.7460e+04 8.6743e+03 -7.8934e+00 2.8105e+04
-4.2131e+06 5.5332e+01 -1.7392e+04 8.7377e+03 6.8077e+00 2.8197e+04
-4.3145e+06 5.6216e+01 -1.7324e+04 8.8015e+03 -1.2206e+01 2.8282e+04
-4.0952e+06 5.7101e+01 -1.7256e+04 8.8656e+03 1.8426e+01 2.8370e+04
-4.3182e+06 5.8020e+01 -1.7188e+04 8.9301e+03 -1.7026e+01 2.8449e+04
-3.9421e+06 5.9039e+01 -1.7120e+04 8.9950e+03 5.7647e+01 2.8537e+04
-4.5498e+06 6.0136e+01 -1.7052e+04 9.0601e+03 -1.9006e+01 2.8606e+04
-3.8073e+06 6.1208e+01 -1.6984e+04 9.1256e+03 2.8105e+02 2.8713e+04
-5.9120e+06 6.1916e+01 -1.6916e+04 9.1913e+03 9.2306e+01 2.8724e+04
-4.7541e+06 6.1542e+01 -1.6849e+04 9.2572e+03 2.0949e+03 2.8953e+04
-1.6013e+07 5.8698e+01 -1.6781e+04 9.3234e+03 9.3250e+02 2.8451e+04
4.9124e+06 4.3523e+01 -1.6713e+04 9.3897e+03 5.1193e+04 1.6630e+04
6.1920e+06 1.5313e+01 -1.6301e+04 9.2363e+03 2.7087e+05 1.3844e+04
-9.6713e+06 -2.9811e+00 -1.3568e+04 7.5544e+03 4.9865e+05 9.6990e+03
-2.1432e+07 -2.7098e+01 -1.0896e+04 5.8295e+03 4.8890e+05 -1.1732e+04
-1.7157e+07 -5.1682e+01 -8.2764e+03 4.0677e+03 4.3169e+05 -1.0648e+04
-1.6716e+07 -2.3078e+01 -5.6902e+03 2.3073e+03 4.4790e+05 -1.2534e+04
-8.1148e+06 3.4140e+01 -3.1347e+03 5.5322e+02 3.1363e+05 -2.7006e+04
1.3946e+07 7.0532e+01 -2.4248e+03 5.0048e+01 8.9511e+04 -1.8341e+04
-9.3910e+06 8.0410e+01 -2.4318e+03 3.6730e+01 1.2723e+03 -5.6199e+03
-4.7877e+06 7.7023e+01 -2.4395e+03 2.4012e+01 1.2572e+03 -4.7934e+03
-4.6440e+06 4.5910e+01 -1.8330e+04 8.0279e+03 -4.7161e+00 2.6596e+04
-4.6480e+06 4.6358e+01 -1.8263e+04 8.0841e+03 -2.7726e+01 2.6686e+04
-4.6067e+06 4.6850e+01 -1.8197e+04 8.1411e+03 -5.8980e+00 2.6806e+04
-4.5729e+06 4.7382e+01 -1.8130e+04 8.1988e+03 2.3120e+00 2.6918e+04
-4.5353e+06 4.7914e+01 -1.8064e+04 8.2571e+03 -3.2282e+00 2.7025e+04
-4.5416e+06 4.8494e+01 -1.7997e+04 8.3161e+03 -3.9398e+00 2.7132e+04
-4.4787e+06 4.9230e+01 -1.7930e+04 8.3757e+03 -5.3205e-01 2.7236e+04
-4.4874e+06 5.0098e+01 -1.7863e+04 8.4359e+03 -4.8268e+00 2.7338e+04
-4.4012e+06 5.0970e+01 -1.7795e+04 8.4966e+03 7.1505e-01 2.7438e+04
-4.4315e+06 5.1795e+01 -1.7728e+04 8.5579e+03 -6.2404e+00 2.7536e+04
-4.3294e+06 5.2627e+01 -1.7660e+04 8.6197e+03 1.7301e+00 2.7633e+04
-4.3956e+06 5.3518e+01 -1.7593e+04 8.6820e+03 -8.4891e+00 2.7727e+04
-4.2251e+06 5.4456e+01 -1.7525e+04 8.7447e+03 9.3153e+00 2.7819e+04
-4.3884e+06 5.5394e+01 -1.7458e+04 8.8079e+03 -1.7693e+01 2.7911e+04
-4.0630e+06 5.6325e+01 -1.7390e+04 8.8714e+03 2.6807e+01 2.7999e+04
-4.4848e+06 5.7272e+01 -1.7322e+04 8.9354e+03 -4.5538e+01 2.8089e+04
-3.7562e+06 5.8297e+01 -1.7254e+04 8.9997e+03 8.1033e+01 2.8171e+04
-4.8278e+06 5.9393e+01 -1.7187e+04 9.0643e+03 -1.0363e+02 2.8260e+04
-3.2450e+06 6.0546e+01 -1.7119e+04 9.1292e+03 2.5751e+02 2.8331e+04
-6.0181e+06 6.1558e+01 -1.7051e+04 9.1944e+03 -1.6860e+02 2.8444e+04
-2.6822e+06 6.2109e+01 -1.6983e+04 9.2599e+03 1.0506e+03 2.8444e+04
-1.1521e+07 6.1353e+01 -1.6916e+04 9.3257e+03 7.8475e+02 2.8685e+04
-7.7357e+06 5.6364e+01 -1.6848e+04 9.3916e+03 4.4162e+03 2.8250e+04
1.0499e+06 3.7498e+01 -1.6780e+04 9.4577e+03 9.1490e+04 1.9383e+04
8.4395e+06 8.5613e+00 -1.5815e+04 8.9478e+03 3.2051e+05 1.0653e+04
-4.7908e+06 -5.5140e+00 -1.3068e+04 7.2392e+03 5.1397e+05 1.1811e+04
-2.2908e+07 -3.2298e+01 -1.0380e+04 5.4871e+03 4.7583e+05 7.3547e+02
5.2733e+06 -5.6956e+01 -7.7425e+03 3.7058e+03 4.2241e+05 -1.1989e+04
-2.0222e+07 -1.3012e+01 -5.1368e+03 1.9295e+03 4.4264e+05 -1.1474e+04
3.0814e+05 4.8573e+01 -2.5623e+03 1.5959e+02 2.6915e+05 -1.9599e+04
1.1719e+07 7.5976e+01 -2.4109e+03 3.7643e+01 4.6860e+04 -1.7237e+04
-1.3609e+07 8.0698e+01 -2.4180e+03 2.4381e+01 -2.0483e+03 -5.4452e+03
-1.3218e+06 7.5726e+01 -2.4279e+03 1.2436e+01 2.4599e+03 -4.9304e+03
-4.6466e+06 4.6111e+01 -1.8393e+04 8.1007e+03 -3.9142e+00 2.6319e+04
-4.6429e+06 4.6585e+01 -1.8327e+04 8.1567e+03 -2.4610e+01 2.6420e+04
-4.5847e+06 4.7096e+01 -1.8261e+04 8.2135e+03 -1.6100e+00 2.6545e+04
-4.5533e+06 4.7640e+01 -1.8195e+04 8.2709e+03 6.3378e+00 2.6656e+04
-4.5206e+06 4.8169e+01 -1.8128e+04 8.3290e+03 1.1284e+00 2.6765e+04
-4.5245e+06 4.8708e+01 -1.8061e+04 8.3877e+03 -1.5439e+00 2.6871e+04
-4.4589e+06 4.9351e+01 -1.7994e+04 8.4471e+03 4.8223e+00 2.6976e+04
-4.4761e+06 5.0116e+01 -1.7927e+04 8.5070e+03 -2.4865e+00 2.7079e+04
-4.3882e+06 5.0926e+01 -1.7860e+04 8.5676e+03 6.9398e+00 2.7180e+04
-4.4364e+06 5.1721e+01 -1.7793e+04 8.6286e+03 -5.2545e+00 2.7278e+04
-4.3111e+06 5.2525e+01 -1.7726e+04 8.6902e+03 1.0531e+01 2.7375e+04
-4.4135e+06 5.3393e+01 -1.7659e+04 8.7522e+03 -1.0610e+01 2.7471e+04
-4.1943e+06 5.4348e+01 -1.7591e+04 8.8147e+03 2.2303e+01 2.7563e+04
-4.4355e+06 5.5336e+01 -1.7524e+04 8.8776e+03 -3.1706e+01 2.7655e+04
-3.9818e+06 5.6318e+01 -1.7456e+04 8.9410e+03 5.6202e+01 2.7743e+04
-4.6039e+06 5.7310e+01 -1.7388e+04 9.0047e+03 -8.5717e+01 2.7832e+04
-3.5645e+06 5.8422e+01 -1.7321e+04 9.0688e+03 1.5410e+02 2.7915e+04
-5.1337e+06 5.9620e+01 -1.7253e+04 9.1332e+03 -2.1117e+02 2.8003e+04
-2.7693e+06 6.0868e+01 -1.7185e+04 9.1979e+03 4.7159e+02 2.8074e+04
-6.9504e+06 6.1859e+01 -1.7118e+04 9.2629e+03 -4.9278e+02 2.8186e+04
-1.3849e+06 6.2199e+01 -1.7050e+04 9.3282e+03 1.8666e+03 2.8188e+04
-1.5295e+07 6.1009e+01 -1.6982e+04 9.3937e+03 -1.8475e+02 2.8419e+04
-5.4243e+06 5.3471e+01 -1.6915e+04 9.4594e+03 7.0212e+03 2.8346e+04
7.4262e+06 3.1250e+01 -1.6847e+04 9.5253e+03 1.3739e+05 2.7357e+04
2.6668e+05 1.6319e-01 -1.5319e+04 8.6490e+03 3.6723e+05 1.7559e+04
9.3779e+06 -1.4831e+01 -1.2558e+04 6.9138e+03 5.1232e+05 7.2976e+03
-2.2037e+07 -3.1012e+01 -9.8545e+03 5.1346e+03 4.9942e+05 -6.4329e+03
-1.0574e+07 -4.3203e+01 -7.1980e+03 3.3360e+03 4.6128e+05 -1.6634e+04
-1.9609e+07 -4.2688e-01 -4.5728e+03 1.5438e+03 4.2332e+05 -7.4315e+02
3.6048e+06 5.5910e+01 -2.3896e+03 3.8613e+01 2.1860e+05 -7.6533e+02
9.6299e+06 7.7685e+01 -2.3969e+03 2.5080e+01 2.0692e+04 -9.4097e+03
-1.5497e+07 7.8857e+01 -2.4046e+03 1.2086e+01 -3.2060e+03 -4.9115e+03
9.0558e+05 7.4003e+01 -2.4163e+03 6.8433e-01 2.8760e+03 -5.1456e+03
-4.6300e+06 4.6349e+01 -1.8456e+04 8.1732e+03 -5.2696e+00 2.6054e+04
-4.6278e+06 4.6855e+01 -1.8391e+04 8.2290e+03 -2.4065e+01 2.6154e+04
-4.5671e+06 4.7386e+01 -1.8325e+04 8.2854e+03 -2.3921e+00 2.6279e+04
-4.5505e+06 4.7926e+01 -1.8258e+04 8.3426e+03 3.2134e+00 2.6390e+04
-4.4998e+06 4.8453e+01 -1.8192e+04 8.4005e+03 3.5269e-01 2.6500e+04
-4.5294e+06 4.8987e+01 -1.8126e+04 8.4590e+03 -4.4853e+00 2.6607e+04
-4.4376e+06 4.9584e+01 -1.8059e+04 8.5181e+03 4.6200e+00 2.6712e+04
-4.4944e+06 5.0255e+01 -1.7992e+04 8.5778e+03 -5.4670e+00 2.6816e+04
-4.3606e+06 5.0977e+01 -1.7925e+04 8.6380e+03 9.3046e+00 2.6917e+04
-4.4737e+06 5.1724e+01 -1.7858e+04 8.6989e+03 -9.0769e+00 2.7017e+04
-4.2675e+06 5.2487e+01 -1.7791e+04 8.7602e+03 1.5030e+01 2.7115e+04
-4.4826e+06 5.3293e+01 -1.7724e+04 8.8220e+03 -2.0080e+01 2.7211e+04
-4.1063e+06 5.4204e+01 -1.7657e+04 8.8843e+03 3.2192e+01 2.7304e+04
-4.5760e+06 5.5203e+01 -1.7590e+04 8.9470e+03 -5.1940e+01 2.7397e+04
-3.7807e+06 5.6218e+01 -1.7522e+04 9.0101e+03 8.7099e+01 2.7486e+04
-4.9096e+06 5.7220e+01 -1.7455e+04 9.0736e+03 -1.3469e+02 2.7576e+04
-3.1223e+06 5.8381e+01 -1.7387e+04 9.1374e+03 2.3202e+02 2.7659e+04
-5.8184e+06 5.9688e+01 -1.7320e+04 9.2016e+03 -3.3072e+02 2.7749e+04
-1.7405e+06 6.1098e+01 -1.7252e+04 9.2661e+03 7.0130e+02 2.7819e+04
-8.7637e+06 6.2109e+01 -1.7185e+04 9.3309e+03 -8.5045e+02 2.7937e+04
1.2674e+06 6.2172e+01 -1.7117e+04 9.3959e+03 2.7887e+03 2.7917e+04
-2.1391e+07 6.0511e+01 -1.7049e+04 9.4612e+03 -1.4718e+03 2.8241e+04
2.6848e+06 5.0723e+01 -1.6982e+04 9.5267e+03 1.1030e+04 2.7914e+04
9.1708e+06 2.4586e+01 -1.6914e+04 9.5924e+03 1.8351e+05 3.5191e+04
-6.1545e+06 -7.7317e+00 -1.4814e+04 8.3401e+03 4.1469e+05 2.5579e+04
2.4827e+07 -2.1694e+01 -1.2037e+04 6.5775e+03 5.1503e+05 4.5004e+03
-1.6005e+07 -3.2541e+01 -9.3192e+03 4.7727e+03 5.1818e+05 -1.5124e+04
-1.7266e+07 -3.5212e+01 -6.6427e+03 2.9583e+03 4.8336e+05 -2.0932e+04
-1.6015e+07 9.8980e+00 -3.9982e+03 1.1502e+03 3.8597e+05 -3.3799e+03
8.8893e+06 6.0214e+01 -2.3754e+03 2.5833e+01 1.7019e+05 -2.4705e+03
2.8378e+06 7.6026e+01 -2.3827e+03 1.2359e+01 9.2913e+03 -6.0478e+03
-1.3132e+07 7.6034e+01 -2.3927e+03 1.5541e-01 -2.1141e+03 -4.6972e+03
2.4883e+05 7.2499e+01 -2.4045e+03 -1.1244e+01 2.1696e+03 -5.2915e+03
-4.6173e+06 4.6602e+01 -1.8519e+04 8.2453e+03 -4.7743e+00 2.5782e+04
-4.6215e+06 4.7130e+01 -1.8454e+04 8.3008e+03 -2.4486e+01 2.5884e+04
-4.5499e+06 4.7662e+01 -1.8388e+04 8.3570e+03 -2.5184e+00 2.6009e+04
-4.5443e+06 4.8187e+01 -1.8322e+04 8.4139e+03 3.1040e+00 2.6121e+04
-4.4819e+06 4.8708e+01 -1.8256e+04 8.4715e+03 1.8830e-01 2.6232e+04
-4.5240e+06 4.9257e+01 -1.8190e+04 8.5297e+03 -4.3817e+00 2.6340e+04
-4.4159e+06 4.9858e+01 -1.8124e+04 8.5886e+03 5.7629e+00 2.6446e+04
-4.5061e+06 5.0492e+01 -1.8057e+04 8.6481e+03 -4.7871e+00 2.6551e+04
-4.3649e+06 5.1155e+01 -1.7990e+04 8.7081e+03 7.4769e+00 2.6653e+04
-4.5144e+06 5.1856e+01 -1.7924e+04 8.7687e+03 -1.1158e+01 2.6753e+04
-4.2425e+06 5.2584e+01 -1.7857e+04 8.8297e+03 1.6821e+01 2.6852e+04
-4.5214e+06 5.3329e+01 -1.7790e+04 8.8913e+03 -2.0619e+01 2.6948e+04
-4.0588e+06 5.4167e+01 -1.7723e+04 8.9534e+03 3.2698e+01 2.7043e+04
-4.6437e+06 5.5127e+01 -1.7655e+04 9.0158e+03 -5.4579e+01 2.7135e+04
-3.6998e+06 5.6136e+01 -1.7588e+04 9.0787e+03 8.9409e+01 2.7227e+04
-5.0176e+06 5.7113e+01 -1.7521e+04 9.1420e+03 -1.3688e+02 2.7315e+04
-2.9954e+06 5.8246e+01 -1.7454e+04 9.2056e+03 2.3506e+02 2.7403e+04
-6.0237e+06 5.9591e+01 -1.7386e+04 9.2695e+03 -3.2987e+02 2.7486e+04
-1.5005e+06 6.1106e+01 -1.7319e+04 9.3338e+03 7.2994e+02 2.7576e+04
-9.3473e+06 6.2112e+01 -1.7251e+04 9.3984e+03 -8.4801e+02 2.7646e+04
1.7785e+06 6.1862e+01 -1.7184e+04 9.4632e+03 3.1152e+03 2.7754e+04
-2.3953e+07 5.9712e+01 -1.7116e+04 9.5283e+03 -1.7051e+03 2.7763e+04
1.1786e+07 4.7453e+01 -1.7049e+04 9.5935e+03 2.5450e+04 2.0855e+04
3.0514e+06 1.7982e+01 -1.6982e+04 9.6590e+03 2.3163e+05 2.7306e+04
-5.6692e+06 -1.1403e+01 -1.4300e+04 8.0209e+03 4.6759e+05 2.1145e+04
1.7702e+07 -2.8275e+01 -1.1506e+04 6.2311e+03 5.2185e+05 -1.1680e+03
-2.3028e+07 -4.5562e+01 -8.7729e+03 4.4030e+03 5.0304e+05 -1.6357e+04
-1.8341e+07 -3.4882e+01 -6.0766e+03 2.5727e+03 4.7993e+05 -1.9612e+04
-9.1321e+06 1.9560e+01 -3.4129e+03 7.4881e+02 3.4534e+05 -1.5344e+04
1.5090e+07 6.2215e+01 -2.3609e+03 1.2894e+01 1.1870e+05 -1.3729e+04
-7.7881e+06 7.3654e+01 -2.3687e+03 -3.7663e-01 2.6976e+03 -5.3733e+03
-6.8372e+06 7.4043e+01 -2.3807e+03 -1.1953e+01 4.9654e+02 -4.8577e+03
-2.8212e+06 7.1544e+01 -2.3926e+03 -2.3350e+01 6.3048e+02 -5.2975e+03
-4.6066e+06 4.6846e+01 -1.8582e+04 8.3169e+03 -3.7310e+00 2.5507e+04
-4.5969e+06 4.7381e+01 -1.8517e+04 8.3721e+03 -2.2820e+01 2.5610e+04
-4.5477e+06 4.7907e+01 -1.8452e+04 8.4280e+03 -2.8373e+00 2.5736e+04
-4.5169e+06 4.8424e+01 -1.8386e+04 8.4847e+03 4.5628e+00 2.5849e+04
-4.4876e+06 4.8952e+01 -1.8320e+04 8.5420e+03 -3.6932e-01 2.5960e+04
-4.4867e+06 4.9529e+01 -1.8254e+04 8.6000e+03 -1.7604e+00 2.6069e+04
-4.4369e+06 5.0156e+01 -1.8188e+04 8.6587e+03 4.6078e+00 2.6176e+04
-4.4688e+06 5.0795e+01 -1.8122e+04 8.7179e+03 -3.0101e+00 2.6281e+04
-4.4538e+06 5.1437e+01 -1.8055e+04 8.7777e+03 -5.6083e+00 2.6385e+04
-4.4816e+06 5.2110e+01 -1.7989e+04 8.8380e+03 -1.3100e+01 2.6486e+04
-4.3422e+06 5.2821e+01 -1.7922e+04 8.8988e+03 7.6160e+00 2.6585e+04
-4.3885e+06 5.3544e+01 -1.7855e+04 8.9602e+03 -7.6954e+00 2.6682e+04
-4.2248e+06 5.4331e+01 -1.7788e+04 9.0219e+03 1.5374e+01 2.6779e+04
-4.3942e+06 5.5238e+01 -1.7721e+04 9.0842e+03 -2.4100e+01 2.6870e+04
-4.0585e+06 5.6203e+01 -1.7654e+04 9.1468e+03 4.2193e+01 2.6964e+04
-4.4928e+06 5.7133e+01 -1.7587e+04 9.2099e+03 -5.8032e+01 2.7050e+04
-3.7882e+06 5.8156e+01 -1.7520e+04 9.2732e+03 1.1337e+02 2.7143e+04
-4.8750e+06 5.9404e+01 -1.7453e+04 9.3370e+03 -1.1912e+02 2.7218e+04
-3.3698e+06 6.0817e+01 -1.7385e+04 9.4010e+03 3.9671e+02 2.7336e+04
-6.5887e+06 6.1710e+01 -1.7318e+04 9.4654e+03 -1.5269e+02 2.7334e+04
-3.5033e+06 6.1287e+01 -1.7251e+04 9.5300e+03 2.1339e+03 2.7644e+04
-1.6627e+07 5.8335e+01 -1.7183e+04 9.5948e+03 8.4588e+02 2.7122e+04
8.0316e+06 4.2681e+01 -1.7116e+04 9.6599e+03 5.6072e+04 1.4689e+04
2.9531e+06 1.3444e+01 -1.6641e+04 9.4644e+03 2.8528e+05 1.0881e+04
-5.1524e+06 -1.4480e+01 -1.3774e+04 7.6908e+03 5.0694e+05 1.0314e+04
-1.2110e+07 -4.5421e+01 -1.0966e+04 5.8745e+03 5.0535e+05 -5.3965e+03
-1.9592e+07 -6.0284e+01 -8.2156e+03 4.0255e+03 4.7551e+05 -1.2908e+04
-1.9910e+07 -2.3581e+01 -5.4998e+03 2.1792e+03 4.8222e+05 -1.0501e+04
3.1126e+06 3.2134e+01 -2.8168e+03 3.3958e+02 3.0342e+05 -2.1901e+04
1.4232e+07 6.3534e+01 -2.3463e+03 -2.0403e-01 6.5231e+04 -2.1084e+04
-1.6795e+07 7.3202e+01 -2.3565e+03 -1.2667e+01 -1.5096e+03 -5.3203e+03
-4.2652e+05 7.3261e+01 -2.3686e+03 -2.4241e+01 2.7721e+03 -5.0500e+03
-6.2108e+06 7.0954e+01 -2.3806e+03 -3.5633e+01 -8.3239e+02 -5.2286e+03
-4.5949e+06 4.7085e+01 -1.8645e+04 8.3880e+03 -4.3340e+00 2.5229e+04
-4.5864e+06 4.7624e+01 -1.8580e+04 8.4429e+03 -2.2702e+01 2.5333e+04
-4.5355e+06 4.8150e+01 -1.8515e+04 8.4986e+03 -4.1034e+00 2.5460e+04
-4.5030e+06 4.8673e+01 -1.8450e+04 8.5550e+03 5.0672e+00 2.5573e+04
-4.4768e+06 4.9221e+01 -1.8384e+04 8.6121e+03 -2.0191e+00 2.5685e+04
-4.4659e+06 4.9825e+01 -1.8318e+04 8.6698e+03 -4.1265e-02 2.5795e+04
-4.4309e+06 5.0473e+01 -1.8253e+04 8.7282e+03 1.7548e+00 2.5903e+04
-4.4392e+06 5.1112e+01 -1.8186e+04 8.7872e+03 2.2512e-01 2.6009e+04
-4.4644e+06 5.1739e+01 -1.8120e+04 8.8467e+03 -1.0021e+01 2.6113e+04
-4.4388e+06 5.2399e+01 -1.8054e+04 8.9068e+03 -6.1031e+00 2.6215e+04
-4.3780e+06 5.3116e+01 -1.7987e+04 8.9674e+03 -1.1030e+00 2.6316e+04
-4.3109e+06 5.3859e+01 -1.7921e+04 9.0285e+03 6.1815e+00 2.6413e+04
-4.3147e+06 5.4637e+01 -1.7854e+04 9.0900e+03 -4.7715e+00 2.6510e+04
-4.2275e+06 5.5506e+01 -1.7787e+04 9.1520e+03 1.0295e+01 2.6603e+04
-4.2924e+06 5.6420e+01 -1.7720e+04 9.2144e+03 -1.1027e+01 2.6697e+04
-4.1156e+06 5.7308e+01 -1.7653e+04 9.2772e+03 2.8824e+01 2.6784e+04
-4.3653e+06 5.8221e+01 -1.7586e+04 9.3404e+03 -2.3179e+01 2.6878e+04
-4.0013e+06 5.9302e+01 -1.7519e+04 9.4039e+03 1.2492e+02 2.6953e+04
-4.9025e+06 6.0477e+01 -1.7452e+04 9.4677e+03 -1.6631e+01 2.7078e+04
-4.1858e+06 6.1171e+01 -1.7385e+04 9.5318e+03 7.8075e+02 2.7061e+04
-8.8273e+06 6.0774e+01 -1.7318e+04 9.5962e+03 6.4392e+02 2.7390e+04
-8.7185e+06 5.6286e+01 -1.7250e+04 9.6608e+03 4.9597e+03 2.6917e+04
4.9543e+06 3.6743e+01 -1.7183e+04 9.7256e+03 9.8101e+04 1.8734e+04
4.0702e+06 9.0837e+00 -1.6122e+04 9.1512e+03 3.3923e+05 9.6566e+03
-1.0426e+07 -2.2243e+01 -1.3238e+04 7.3502e+03 5.1604e+05 7.6551e+03
-2.2421e+07 -6.1893e+01 -1.0416e+04 5.5077e+03 4.8000e+05 -3.5055e+03
-7.8896e+06 -5.9282e+01 -7.6475e+03 3.6399e+03 4.7160e+05 -1.5416e+04
-2.0151e+07 -5.5083e+00 -4.9120e+03 1.7778e+03 4.7841e+05 -7.1062e+03
1.4130e+07 4.1774e+01 -2.3239e+03 1.6238e-01 2.5169e+05 -9.9668e+03
8.5042e+06 6.6216e+01 -2.3317e+03 -1.3385e+01 2.5201e+04 -1.3831e+04
-1.9057e+07 7.4450e+01 -2.3441e+03 -2.5138e+01 -2.8135e+03 -5.3286e+03
2.2734e+06 7.3224e+01 -2.3563e+03 -3.6707e+01 3.4291e+03 -5.2133e+03
-7.5572e+06 7.0686e+01 -2.3684e+03 -4.8093e+01 -1.4108e+03 -5.1631e+03
-4.5934e+06 4.7331e+01 -1.8708e+04 8.4586e+03 -2.2452e+00 2.4948e+04
-4.5584e+06 4.7880e+01 -1.8643e+04 8.5132e+03 -2.0534e+01 2.5053e+04
-4.5391e+06 4.8414e+01 -1.8578e+04 8.5687e+03 -4.4941e+00 2.5180e+04
-4.4743e+06 4.8946e+01 -1.8513e+04 8.6248e+03 6.0039e+00 2.5295e+04
-4.4854e+06 4.9508e+01 -1.8448e+04 8.6816e+03 -3.0362e+00 2.5407e+04
-4.4302e+06 5.0130e+01 -1.8382e+04 8.7391e+03 2.1161e+00 2.5518e+04
-4.4502e+06 5.0784e+01 -1.8317e+04 8.7972e+03 -1.1259e+00 2.5627e+04
-4.3764e+06 5.1411e+01 -1.8251e+04 8.8559e+03 5.6993e+00 2.5733e+04
-4.4518e+06 5.2020e+01 -1.8185e+04 8.9152e+03 -4.5647e+00 2.5838e+04
-4.3293e+06 5.2680e+01 -1.8119e+04 8.9750e+03 9.1870e+00 2.5941e+04
-4.4437e+06 5.3416e+01 -1.8053e+04 9.0354e+03 -9.8839e+00 2.6042e+04
-4.2093e+06 5.4186e+01 -1.7986e+04 9.0962e+03 1.8567e+01 2.6140e+04
-4.4488e+06 5.4971e+01 -1.7920e+04 9.1575e+03 -2.5969e+01 2.6238e+04
-4.0241e+06 5.5821e+01 -1.7853e+04 9.2193e+03 4.3360e+01 2.6332e+04
-4.5668e+06 5.6701e+01 -1.7786e+04 9.2815e+03 -6.3485e+01 2.6427e+04
-3.7100e+06 5.7582e+01 -1.7719e+04 9.3440e+03 1.1024e+02 2.6516e+04
-4.9674e+06 5.8455e+01 -1.7653e+04 9.4069e+03 -1.5245e+02 2.6612e+04
-3.1050e+06 5.9438e+01 -1.7586e+04 9.4702e+03 3.6480e+02 2.6685e+04
-6.4436e+06 6.0425e+01 -1.7519e+04 9.5338e+03 -4.2299e+02 2.6811e+04
-1.8522e+06 6.0949e+01 -1.7452e+04 9.5977e+03 1.7411e+03 2.6801e+04
-1.4096e+07 6.0566e+01 -1.7385e+04 9.6618e+03 -7.9420e+02 2.7075e+04
-2.3235e+06 5.3948e+01 -1.7317e+04 9.7262e+03 8.7899e+03 2.6894e+04
3.9692e+06 3.0269e+01 -1.7250e+04 9.7908e+03 1.4398e+05 2.6715e+04
1.1883e+06 2.2319e+00 -1.5591e+04 8.8271e+03 3.9041e+05 1.7329e+04
-2.8042e+06 -2.6482e+01 -1.2692e+04 6.9993e+03 5.2236e+05 5.0870e+03
-1.9828e+07 -5.8351e+01 -9.8568e+03 5.1307e+03 4.9231e+05 -6.8525e+03
-7.7221e+06 -4.5410e+01 -7.0683e+03 3.2464e+03 4.9200e+05 -1.7445e+04
-1.4316e+07 7.2086e+00 -4.3134e+03 1.3686e+03 4.4269e+05 -6.1318e+03
1.4997e+07 4.8384e+01 -2.3088e+03 -1.3318e+01 1.9493e+05 -3.7878e+00
-1.4637e+05 7.0046e+01 -2.3191e+03 -2.6040e+01 8.5055e+03 -5.4846e+03
-1.4688e+07 7.5902e+01 -2.3316e+03 -3.7788e+01 -1.8895e+03 -5.1514e+03
6.4253e+05 7.3589e+01 -2.3439e+03 -4.9351e+01 2.5473e+03 -5.3350e+03
-6.4680e+06 7.0859e+01 -2.3561e+03 -6.0731e+01 -1.0999e+03 -5.1392e+03
-4.6058e+06 4.7585e+01 -1.8770e+04 8.5286e+03 -3.0733e+00 2.4664e+04
-4.5591e+06 4.8142e+01 -1.8706e+04 8.5830e+03 -1.8689e+01 2.4770e+04
-4.5236e+06 4.8677e+01 -1.8641e+04 8.6382e+03 -4.6079e+00 2.4897e+04
-4.4635e+06 4.9209e+01 -1.8576e+04 8.6940e+03 6.5159e+00 2.5013e+04
-4.4748e+06 4.9776e+01 -1.8511e+04 8.7506e+03 -4.2282e+00 2.5126e+04
-4.4109e+06 5.0411e+01 -1.8446e+04 8.8078e+03 3.4879e+00 2.5238e+04
-4.4469e+06 5.1075e+01 -1.8381e+04 8.8656e+03 -4.1538e+00 2.5347e+04
-4.3401e+06 5.1707e+01 -1.8315e+04 8.9241e+03 8.0597e+00 2.5455e+04
-4.4460e+06 5.2324e+01 -1.8250e+04 8.9831e+03 -6.0007e+00 2.5560e+04
-4.2653e+06 5.2999e+01 -1.8184e+04 9.0427e+03 1.5256e+01 2.5663e+04
-4.5071e+06 5.3754e+01 -1.8118e+04 9.1028e+03 -2.2043e+01 2.5765e+04
-4.1348e+06 5.4537e+01 -1.8051e+04 9.1634e+03 2.7136e+01 2.5865e+04
-4.5701e+06 5.5322e+01 -1.7985e+04 9.2245e+03 -4.4478e+01 2.5964e+04
-3.8118e+06 5.6160e+01 -1.7919e+04 9.2860e+03 7.3288e+01 2.6059e+04
-4.8369e+06 5.7026e+01 -1.7852e+04 9.3479e+03 -1.0997e+02 2.6155e+04
-3.2579e+06 5.7927e+01 -1.7786e+04 9.4102e+03 1.8332e+02 2.6244e+04
-5.6333e+06 5.8812e+01 -1.7719e+04 9.4729e+03 -2.6510e+02 2.6340e+04
-2.0741e+06 5.9784e+01 -1.7652e+04 9.5359e+03 5.7907e+02 2.6417e+04
-8.2239e+06 6.0686e+01 -1.7585e+04 9.5993e+03 -7.6672e+02 2.6534e+04
8.2873e+05 6.1051e+01 -1.7518e+04 9.6629e+03 2.6016e+03 2.6557e+04
-1.9983e+07 6.0544e+01 -1.7451e+04 9.7268e+03 -1.9398e+03 2.6731e+04
5.9459e+06 5.1356e+01 -1.7384e+04 9.7910e+03 1.2978e+04 2.6538e+04
3.9112e+06 2.3796e+01 -1.7318e+04 9.8554e+03 1.9121e+05 3.4828e+04
-2.1914e+05 -4.5412e+00 -1.5050e+04 8.4922e+03 4.4555e+05 2.3744e+04
8.4696e+06 -2.7880e+01 -1.2137e+04 6.6381e+03 5.3569e+05 1.5984e+03
-2.0362e+07 -5.0494e+01 -9.2866e+03 4.7448e+03 5.1319e+05 -1.1628e+04
-9.7269e+06 -3.4200e+01 -6.4782e+03 2.8449e+03 5.0507e+05 -2.2497e+04
-9.6871e+06 1.6371e+01 -3.7040e+03 9.5144e+02 3.9058e+05 -1.7164e+04
1.4037e+07 5.5965e+01 -2.2936e+03 -2.6949e+01 1.4339e+05 -9.3998e+03
-6.6634e+06 7.4062e+01 -2.3063e+03 -3.8877e+01 4.1524e+03 -5.5434e+03
-9.0638e+06 7.6951e+01 -2.3189e+03 -5.0619e+01 -5.4557e+01 -5.0733e+03
-1.8786e+06 7.4093e+01 -2.3313e+03 -6.2175e+01 1.1539e+03 -5.3678e+03
-4.9932e+06 7.1293e+01 -2.3436e+03 -7.3546e+01 -4.6855e+02 -5.1492e+03
-4.6861e+06 4.7844e+01 -1.8832e+04 8.5980e+03 -1.3198e+01 2.4376e+04
-4.5565e+06 4.8401e+01 -1.8768e+04 8.6522e+03 -2.0327e+01 2.4483e+04
-4.5250e+06 4.8930e+01 -1.8704e+04 8.7071e+03 -3.9695e+00 2.4611e+04
-4.4419e+06 4.9462e+01 -1.8640e+04 8.7627e+03 6.1284e+00 2.4728e+04
-4.4773e+06 5.0034e+01 -1.8575e+04 8.8189e+03 -4.3995e+00 2.4842e+04
-4.3916e+06 5.0681e+01 -1.8510e+04 8.8759e+03 3.0400e+00 2.4954e+04
-4.4507e+06 5.1365e+01 -1.8445e+04 8.9335e+03 -4.1883e+00 2.5064e+04
-4.3228e+06 5.2028e+01 -1.8380e+04 8.9917e+03 6.7106e+00 2.5173e+04
-4.4444e+06 5.2682e+01 -1.8314e+04 9.0504e+03 -6.9907e+00 2.5279e+04
-4.2482e+06 5.3387e+01 -1.8248e+04 9.1098e+03 1.3424e+01 2.5383e+04
-4.5049e+06 5.4154e+01 -1.8183e+04 9.1696e+03 -1.8765e+01 2.5486e+04
-4.1313e+06 5.4941e+01 -1.8117e+04 9.2300e+03 2.6531e+01 2.5587e+04
-4.5543e+06 5.5723e+01 -1.8051e+04 9.2908e+03 -3.7372e+01 2.5686e+04
-3.7960e+06 5.6555e+01 -1.7984e+04 9.3520e+03 7.4874e+01 2.5783e+04
-4.7737e+06 5.7426e+01 -1.7918e+04 9.4137e+03 -9.8837e+01 2.5878e+04
-3.2925e+06 5.8348e+01 -1.7852e+04 9.4758e+03 1.8075e+02 2.5971e+04
-5.5363e+06 5.9256e+01 -1.7785e+04 9.5382e+03 -2.4635e+02 2.6060e+04
-2.2632e+06 6.0213e+01 -1.7718e+04 9.6010e+03 5.6825e+02 2.6161e+04
-8.0661e+06 6.1035e+01 -1.7652e+04 9.6641e+03 -6.6768e+02 2.6215e+04
1.4598e+05 6.1215e+01 -1.7585e+04 9.7275e+03 2.6311e+03 2.6415e+04
-1.9985e+07 6.0258e+01 -1.7518e+04 9.7912e+03 -1.2704e+03 2.6177e+04
9.1160e+06 4.7811e+01 -1.7452e+04 9.8552e+03 2.7773e+04 1.8644e+04
7.0118e+06 1.8865e+01 -1.7384e+04 9.9190e+03 2.4505e+05 2.3586e+04
-3.6598e+06 -8.4064e+00 -1.4499e+04 8.1468e+03 5.0353e+05 1.8848e+04
-4.3235e+06 -3.6311e+01 -1.1572e+04 6.2666e+03 5.3493e+05 -5.9623e+03
-1.7797e+07 -5.5512e+01 -8.7052e+03 4.3511e+03 4.9754e+05 -1.9851e+04
-1.4459e+07 -2.7592e+01 -5.8770e+03 2.4355e+03 4.9818e+05 -2.4794e+04
-6.5233e+06 2.7000e+01 -3.0836e+03 5.2644e+02 3.3843e+05 -2.7135e+04
1.5555e+07 6.4542e+01 -2.2806e+03 -3.9973e+01 9.3077e+04 -1.8963e+04
-1.2610e+07 7.7898e+01 -2.2934e+03 -5.1895e+01 1.2785e+02 -5.8206e+03
-3.7085e+06 7.7632e+01 -2.3061e+03 -6.3630e+01 1.6905e+03 -5.0851e+03
-4.3639e+06 7.4408e+01 -2.3187e+03 -7.5178e+01 -1.1854e+02 -5.3734e+03
-3.4849e+06 7.1565e+01 -2.3311e+03 -8.6539e+01 1.3926e+02 -5.1873e+03
-4.6610e+06 4.8107e+01 -1.8894e+04 8.6669e+03 -1.3514e+01 2.4085e+04
-4.5624e+06 4.8668e+01 -1.8831e+04 8.7207e+03 -2.0957e+01 2.4192e+04
-4.4948e+06 4.9202e+01 -1.8767e+04 8.7753e+03 -3.8355e+00 2.4321e+04
-4.4500e+06 4.9747e+01 -1.8703e+04 8.8307e+03 5.0237e+00 2.4439e+04
-4.4413e+06 5.0336e+01 -1.8638e+04 8.8867e+03 -3.2818e+00 2.4554e+04
-4.4069e+06 5.0993e+01 -1.8574e+04 8.9434e+03 1.5775e+00 2.4667e+04
-4.4039e+06 5.1691e+01 -1.8509e+04 9.0007e+03 -1.8127e+00 2.4778e+04
-4.3555e+06 5.2383e+01 -1.8444e+04 9.0586e+03 4.0856e+00 2.4888e+04
-4.3820e+06 5.3076e+01 -1.8378e+04 9.1171e+03 -3.2799e+00 2.4995e+04
-4.3005e+06 5.3811e+01 -1.8313e+04 9.1762e+03 9.7388e+00 2.5100e+04
-4.3949e+06 5.4589e+01 -1.8247e+04 9.2358e+03 -6.6857e+00 2.5204e+04
-4.2665e+06 5.5379e+01 -1.8182e+04 9.2959e+03 1.3332e+01 2.5306e+04
-4.4231e+06 5.6169e+01 -1.8116e+04 9.3564e+03 -2.3527e+01 2.5405e+04
-4.0245e+06 5.7007e+01 -1.8050e+04 9.4175e+03 4.6845e+01 2.5503e+04
-4.4441e+06 5.7900e+01 -1.7984e+04 9.4789e+03 -5.1303e+01 2.5597e+04
-3.7389e+06 5.8840e+01 -1.7918e+04 9.5407e+03 1.1110e+02 2.5695e+04
-4.8631e+06 5.9760e+01 -1.7851e+04 9.6029e+03 -1.1548e+02 2.5777e+04
-3.3506e+06 6.0665e+01 -1.7785e+04 9.6655e+03 3.5123e+02 2.5902e+04
-6.3887e+06 6.1325e+01 -1.7718e+04 9.7283e+03 -1.0952e+02 2.5897e+04
-3.5178e+06 6.1412e+01 -1.7652e+04 9.7915e+03 1.7734e+03 2.6230e+04
-1.4459e+07 5.9167e+01 -1.7585e+04 9.8550e+03 1.3880e+03 2.5721e+04
5.8538e+06 4.3347e+01 -1.7518e+04 9.9186e+03 6.1487e+04 1.2801e+04
8.7345e+06 1.5489e+01 -1.6943e+04 9.6572e+03 3.0581e+05 5.6734e+03
-1.0098e+07 -1.3128e+01 -1.3937e+04 7.7910e+03 5.3880e+05 1.0769e+04
-1.7735e+07 -4.6567e+01 -1.0996e+04 5.8849e+03 5.1906e+05 -3.4650e+03
-6.9913e+06 -5.4654e+01 -8.1125e+03 3.9495e+03 4.7943e+05 -2.1199e+04
-2.0608e+07 -1.3999e+01 -5.2648e+03 2.0183e+03 4.8561e+05 -1.6894e+04
-3.8101e+05 3.9581e+01 -2.4523e+03 9.3588e+01 2.8552e+05 -1.9567e+04
1.4473e+07 7.2914e+01 -2.2675e+03 -5.3179e+01 4.8307e+04 -1.8272e+04
-1.6484e+07 8.1057e+01 -2.2804e+03 -6.5094e+01 -2.8345e+03 -5.7221e+03
2.9015e+05 7.7854e+01 -2.2932e+03 -7.6821e+01 2.8280e+03 -5.2130e+03
-6.1336e+06 7.4323e+01 -2.3058e+03 -8.8359e+01 -9.6573e+02 -5.3223e+03
-2.4773e+06 7.1497e+01 -2.3184e+03 -9.9710e+01 5.3839e+02 -5.2313e+03
-4.5796e+06 4.8376e+01 -1.8956e+04 8.7350e+03 -2.5675e+00 2.3790e+04
-4.5144e+06 4.8953e+01 -1.8893e+04 8.7886e+03 -1.9203e+01 2.3899e+04
-4.4908e+06 4.9505e+01 -1.8829e+04 8.8429e+03 -4.4006e+00 2.4029e+04
-4.4294e+06 5.0075e+01 -1.8765e+04 8.8980e+03 4.3109e+00 2.4147e+04
-4.4398e+06 5.0688e+01 -1.8701e+04 8.9537e+03 -2.7105e+00 2.4263e+04
-4.3976e+06 5.1352e+01 -1.8637e+04 9.0102e+03 3.7883e-02 2.4377e+04
-4.3999e+06 5.2050e+01 -1.8572e+04 9.0672e+03 5.0183e-01 2.4489e+04
-4.3491e+06 5.2756e+01 -1.8508e+04 9.1249e+03 1.8113e+00 2.4600e+04
-4.3681e+06 5.3477e+01 -1.8443e+04 9.1831e+03 -8.5965e-01 2.4708e+04
-4.3032e+06 5.4241e+01 -1.8378e+04 9.2419e+03 4.3337e+00 2.4814e+04
-4.3754e+06 5.5042e+01 -1.8312e+04 9.3013e+03 -2.3448e+00 2.4919e+04
-4.3195e+06 5.5845e+01 -1.8247e+04 9.3611e+03 -3.0195e+00 2.5021e+04
-4.4082e+06 5.6647e+01 -1.8181e+04 9.4214e+03 -1.6482e+01 2.5121e+04
-4.1519e+06 5.7501e+01 -1.8115e+04 9.4822e+03 1.3583e+01 2.5220e+04
-4.3220e+06 5.8421e+01 -1.8049e+04 9.5434e+03 -1.3242e+01 2.5315e+04
-3.9811e+06 5.9375e+01 -1.7983e+04 9.6050e+03 4.0652e+01 2.5414e+04
-4.4933e+06 6.0295e+01 -1.7917e+04 9.6669e+03 2.3806e+01 2.5496e+04
-4.0820e+06 6.1148e+01 -1.7851e+04 9.7292e+03 1.0680e+02 2.5624e+04
-5.2144e+06 6.1587e+01 -1.7785e+04 9.7918e+03 5.6763e+02 2.5616e+04
-6.9600e+06 6.1552e+01 -1.7718e+04 9.8548e+03 7.2690e+02 2.5905e+04
-9.8079e+06 5.6988e+01 -1.7652e+04 9.9180e+03 4.7715e+03 2.5541e+04
8.1560e+06 3.8217e+01 -1.7585e+04 9.9813e+03 1.0750e+05 1.8184e+04
5.3782e+06 1.0953e+01 -1.6386e+04 9.3170e+03 3.6668e+05 7.4263e+03
-1.6495e+07 -1.9815e+01 -1.3366e+04 7.4247e+03 5.4364e+05 7.7548e+03
-1.6911e+07 -4.8041e+01 -1.0411e+04 5.4929e+03 5.0348e+05 -1.9887e+03
-2.0114e+06 -3.9920e+01 -7.5087e+03 3.5399e+03 4.8157e+05 -2.0990e+04
-2.1096e+07 4.3638e+00 -4.6415e+03 1.5931e+03 4.5840e+05 -9.4975e+03
3.5686e+06 5.1815e+01 -2.2410e+03 -5.4470e+01 2.3037e+05 -3.6358e+03
9.9423e+06 7.9656e+01 -2.2542e+03 -6.6567e+01 2.1405e+04 -9.7121e+03
-1.5441e+07 8.2710e+01 -2.2672e+03 -7.8474e+01 -3.5681e+03 -5.3690e+03
7.9318e+05 7.7592e+01 -2.2801e+03 -9.0191e+01 2.7589e+03 -5.3643e+03
-6.2392e+06 7.3909e+01 -2.2929e+03 -1.0172e+02 -1.1383e+03 -5.2806e+03
-2.2926e+06 7.1215e+01 -2.3055e+03 -1.1306e+02 6.1465e+02 -5.2978e+03
-4.5122e+06 4.8654e+01 -1.9018e+04 8.8025e+03 3.0065e-01 2.3492e+04
-4.5050e+06 4.9249e+01 -1.8955e+04 8.8558e+03 -1.9763e+01 2.3602e+04
-4.4488e+06 4.9822e+01 -1.8891e+04 8.9099e+03 -3.6510e+00 2.3733e+04
-4.4302e+06 5.0415e+01 -1.8828e+04 8.9646e+03 4.3724e+00 2.3851e+04
-4.4104e+06 5.1042e+01 -1.8764e+04 9.0201e+03 -2.7182e+00 2.3968e+04
-4.4218e+06 5.1703e+01 -1.8700e+04 9.0762e+03 -2.5078e+00 2.4084e+04
-4.3597e+06 5.2399e+01 -1.8636e+04 9.1330e+03 2.3921e+00 2.4197e+04
-4.3738e+06 5.3119e+01 -1.8571e+04 9.1904e+03 -1.1651e+00 2.4308e+04
-4.3166e+06 5.3870e+01 -1.8507e+04 9.2484e+03 2.0088e+00 2.4417e+04
-4.3504e+06 5.4669e+01 -1.8442e+04 9.3070e+03 -2.2524e+00 2.4525e+04
-4.2827e+06 5.5505e+01 -1.8377e+04 9.3660e+03 5.0781e+00 2.4629e+04
-4.3762e+06 5.6326e+01 -1.8312e+04 9.4256e+03 -1.1123e+01 2.4733e+04
-4.2303e+06 5.7139e+01 -1.8246e+04 9.4857e+03 8.3495e+00 2.4834e+04
-4.3377e+06 5.8010e+01 -1.8181e+04 9.5462e+03 -1.7734e+01 2.4934e+04
-4.0398e+06 5.8961e+01 -1.8115e+04 9.6071e+03 3.8226e+01 2.5029e+04
-4.3914e+06 5.9923e+01 -1.8049e+04 9.6685e+03 -3.8248e+01 2.5130e+04
-3.8830e+06 6.0842e+01 -1.7983e+04 9.7302e+03 1.8426e+02 2.5212e+04
-5.1651e+06 6.1659e+01 -1.7917e+04 9.7922e+03 -1.5614e+02 2.5340e+04
-3.6299e+06 6.1837e+01 -1.7851e+04 9.8546e+03 1.2983e+03 2.5342e+04
-1.1089e+07 6.1386e+01 -1.7785e+04 9.9173e+03 -1.8890e+02 2.5558e+04
-5.9635e+06 5.4004e+01 -1.7719e+04 9.9803e+03 7.7046e+03 2.5551e+04
1.1045e+07 3.1794e+01 -1.7652e+04 1.0043e+04 1.5625e+05 2.6063e+04
-6.8182e+05 5.1104e+00 -1.5820e+04 8.9669e+03 4.2688e+05 1.6857e+04
-1.3070e+07 -2.3346e+01 -1.2787e+04 7.0487e+03 5.4063e+05 4.9753e+03
-1.6792e+07 -4.5209e+01 -9.8195e+03 5.0923e+03 4.9728e+05 -7.4073e+03
-6.5718e+06 -2.8774e+01 -6.8988e+03 3.1245e+03 4.8799e+05 -2.2821e+04
-1.5397e+07 1.8361e+01 -4.0142e+03 1.1628e+03 4.1033e+05 -1.2746e+04
3.6096e+06 6.2684e+01 -2.2306e+03 -6.6879e+01 1.7751e+05 -3.0314e+03
4.8958e+06 8.3723e+01 -2.2407e+03 -8.0138e+01 1.1440e+04 -6.3805e+03
-1.2167e+07 8.2745e+01 -2.2539e+03 -9.2035e+01 -2.7448e+03 -5.0943e+03
8.5495e+04 7.7111e+01 -2.2669e+03 -1.0374e+02 2.1778e+03 -5.4642e+03
-5.6768e+06 7.3361e+01 -2.2798e+03 -1.1526e+02 -9.1404e+02 -5.2684e+03
-2.6431e+06 7.0818e+01 -2.2925e+03 -1.2658e+02 4.7618e+02 -5.3092e+03
-4.5022e+06 4.8924e+01 -1.9079e+04 8.8693e+03 -1.9381e+00 2.3191e+04
-4.4690e+06 4.9536e+01 -1.9016e+04 8.9223e+03 -2.1485e+01 2.3302e+04
-4.4249e+06 5.0131e+01 -1.8953e+04 8.9761e+03 -2.1241e+00 2.3433e+04
-4.3807e+06 5.0736e+01 -1.8890e+04 9.0305e+03 5.4209e+00 2.3553e+04
-4.3663e+06 5.1361e+01 -1.8827e+04 9.0857e+03 3.7525e-01 2.3671e+04
-4.3911e+06 5.2015e+01 -1.8763e+04 9.1416e+03 -2.0004e+00 2.3787e+04
-4.3396e+06 5.2712e+01 -1.8699e+04 9.1981e+03 5.1914e+00 2.3901e+04
-4.3734e+06 5.3453e+01 -1.8635e+04 9.2553e+03 -3.9475e+00 2.4013e+04
-4.2888e+06 5.4240e+01 -1.8571e+04 9.3130e+03 6.2464e+00 2.4123e+04
-4.3628e+06 5.5071e+01 -1.8506e+04 9.3713e+03 -7.7854e+00 2.4231e+04
-4.2039e+06 5.5927e+01 -1.8441e+04 9.4301e+03 1.6270e+01 2.4337e+04
-4.3838e+06 5.6757e+01 -1.8376e+04 9.4894e+03 -1.8567e+01 2.4442e+04
-4.0486e+06 5.7582e+01 -1.8311e+04 9.5492e+03 3.6658e+01 2.4543e+04
-4.4785e+06 5.8471e+01 -1.8246e+04 9.6094e+03 -4.7315e+01 2.4645e+04
-3.7418e+06 5.9461e+01 -1.8180e+04 9.6701e+03 9.6388e+01 2.4741e+04
-4.8391e+06 6.0449e+01 -1.8115e+04 9.7312e+03 -1.2639e+02 2.4842e+04
-3.2053e+06 6.1383e+01 -1.8049e+04 9.7927e+03 3.5816e+02 2.4929e+04
-6.3887e+06 6.2152e+01 -1.7983e+04 9.8545e+03 -4.1346e+02 2.5043e+04
-1.9725e+06 6.2034e+01 -1.7917e+04 9.9166e+03 2.0310e+03 2.5093e+04
-1.5683e+07 6.0994e+01 -1.7851e+04 9.9791e+03 -1.0017e+03 2.5158e+04
-8.0705e+05 5.0629e+01 -1.7785e+04 1.0042e+04 1.1473e+04 2.5249e+04
1.8048e+07 2.4648e+01 -1.7719e+04 1.0105e+04 2.0657e+05 3.4156e+04
-7.8473e+06 1.1817e+00 -1.5249e+04 8.6077e+03 4.9067e+05 2.5372e+04
-7.7034e+06 -2.6529e+01 -1.2203e+04 6.6645e+03 5.4258e+05 -9.9370e+03
-1.1720e+07 -5.1193e+01 -9.2200e+03 4.6851e+03 4.9216e+05 -1.8161e+04
-1.0243e+07 -2.5661e+01 -6.2797e+03 2.7018e+03 4.9361e+05 -1.4107e+04
-6.8054e+06 3.0245e+01 -3.3747e+03 7.2394e+02 3.6292e+05 -1.7538e+04
6.4503e+06 7.0858e+01 -2.2189e+03 -7.9960e+01 1.2775e+05 -1.2228e+04
-3.1422e+05 8.4860e+01 -2.2272e+03 -9.3890e+01 5.7703e+03 -6.3833e+03
-9.2025e+06 8.1558e+01 -2.2404e+03 -1.0578e+02 -1.1667e+03 -4.9380e+03
-1.6832e+06 7.6366e+01 -2.2536e+03 -1.1747e+02 1.0902e+03 -5.5427e+03
-4.9025e+06 7.2670e+01 -2.2666e+03 -1.2897e+02 -5.0864e+02 -5.2686e+03
-2.8575e+06 7.0306e+01 -2.2794e+03 -1.4028e+02 2.9523e+02 -5.3653e+03
-4.4621e+06 4.9185e+01 -1.9140e+04 8.9353e+03 -3.3276e+00 2.2887e+04
-4.4576e+06 4.9805e+01 -1.9078e+04 8.9880e+03 -2.2352e+01 2.2999e+04
-4.3654e+06 5.0415e+01 -1.9015e+04 9.0415e+03 -4.9595e-01 2.3131e+04
-4.3299e+06 5.1026e+01 -1.8952e+04 9.0957e+03 7.6615e+00 2.3251e+04
-4.2637e+06 5.1649e+01 -1.8889e+04 9.1506e+03 4.2740e+00 2.3370e+04
-4.3509e+06 5.2302e+01 -1.8826e+04 9.2062e+03 1.1046e+00 2.3487e+04
-4.2914e+06 5.3005e+01 -1.8762e+04 9.2624e+03 7.7865e+00 2.3602e+04
-4.3834e+06 5.3764e+01 -1.8698e+04 9.3193e+03 -5.4798e+00 2.3715e+04
-4.2564e+06 5.4575e+01 -1.8634e+04 9.3767e+03 7.0971e+00 2.3826e+04
-4.3800e+06 5.5417e+01 -1.8570e+04 9.4348e+03 -1.1286e+01 2.3935e+04
-4.1477e+06 5.6261e+01 -1.8506e+04 9.4933e+03 1.9505e+01 2.4042e+04
-4.4063e+06 5.7083e+01 -1.8441e+04 9.5524e+03 -2.6064e+01 2.4147e+04
-3.9672e+06 5.7923e+01 -1.8376e+04 9.6119e+03 4.4798e+01 2.4250e+04
-4.5367e+06 5.8838e+01 -1.8311e+04 9.6719e+03 -6.1370e+01 2.4351e+04
-3.6159e+06 5.9868e+01 -1.8246e+04 9.7323e+03 1.1785e+02 2.4452e+04
-5.0219e+06 6.0909e+01 -1.8180e+04 9.7932e+03 -1.5303e+02 2.4547e+04
-2.9364e+06 6.1882e+01 -1.8115e+04 9.8544e+03 4.1359e+02 2.4656e+04
-6.9255e+06 6.2563e+01 -1.8049e+04 9.9160e+03 -4.0058e+02 2.4710e+04
-1.7241e+06 6.2251e+01 -1.7984e+04 9.9779e+03 2.2115e+03 2.4932e+04
-1.7291e+07 6.0424e+01 -1.7918e+04 1.0040e+04 -3.4551e+02 2.4629e+04
5.4316e+06 4.6402e+01 -1.7852e+04 1.0103e+04 2.9795e+04 1.5306e+04
1.6272e+07 1.7910e+01 -1.7786e+04 1.0165e+04 2.6396e+05 1.7695e+04
-1.3538e+07 -5.8352e+00 -1.4667e+04 8.2379e+03 5.4069e+05 2.0156e+04
-1.2531e+07 -4.0060e+01 -1.1605e+04 6.2691e+03 5.3464e+05 -1.3834e+04
-3.5424e+06 -6.1303e+01 -8.6044e+03 4.2682e+03 4.8041e+05 -1.9854e+04
-2.0411e+07 -1.8884e+01 -5.6430e+03 2.2686e+03 4.9873e+05 -4.4810e+03
-5.2790e+06 4.1118e+01 -2.7188e+03 2.7520e+02 3.2100e+05 -2.0940e+04
1.3283e+07 7.4499e+01 -2.2036e+03 -9.4439e+01 7.5973e+04 -2.0672e+04
-1.0979e+07 8.3629e+01 -2.2135e+03 -1.0782e+02 -2.9346e+02 -5.9978e+03
-2.3361e+06 7.9616e+01 -2.2268e+03 -1.1970e+02 1.6018e+03 -5.0947e+03
-4.0062e+06 7.5100e+01 -2.2401e+03 -1.3138e+02 -1.4781e+02 -5.5570e+03
-3.4354e+06 7.1755e+01 -2.2532e+03 -1.4287e+02 1.8928e+02 -5.2778e+03
-3.9272e+06 6.9702e+01 -2.2662e+03 -1.5416e+02 -8.1956e+01 -5.3619e+03
-4.4723e+06 4.9452e+01 -1.9201e+04 9.0005e+03 -2.9861e+00 2.2579e+04
-4.4291e+06 5.0071e+01 -1.9139e+04 9.0529e+03 -2.0777e+01 2.2692e+04
-4.3661e+06 5.0683e+01 -1.9077e+04 9.1061e+03 3.9668e-01 2.2825e+04
-4.2798e+06 5.1300e+01 -1.9014e+04 9.1600e+03 9.5103e+00 2.2946e+04
-4.2694e+06 5.1934e+01 -1.8951e+04 9.2147e+03 1.7338e+00 2.3066e+04
-4.3289e+06 5.2599e+01 -1.8888e+04 9.2700e+03 4.3741e-01 2.3184e+04
-4.3201e+06 5.3308e+01 -1.8825e+04 9.3259e+03 4.6982e+00 2.3300e+04
-4.3423e+06 5.4070e+01 -1.8762e+04 9.3825e+03 -2.1791e+00 2.3413e+04
-4.2847e+06 5.4885e+01 -1.8698e+04 9.4397e+03 2.1449e+00 2.3526e+04
-4.3245e+06 5.5717e+01 -1.8634e+04 9.4975e+03 -4.6932e+00 2.3635e+04
-4.1965e+06 5.6534e+01 -1.8570e+04 9.5557e+03 7.9185e+00 2.3744e+04
-4.3288e+06 5.7350e+01 -1.8505e+04 9.6145e+03 -1.1900e+01 2.3849e+04
-4.0610e+06 5.8218e+01 -1.8441e+04 9.6738e+03 1.9599e+01 2.3954e+04
-4.3792e+06 5.9163e+01 -1.8376e+04 9.7336e+03 -2.2807e+01 2.4054e+04
-3.8619e+06 6.0207e+01 -1.8311e+04 9.7937e+03 5.3119e+01 2.4160e+04
-4.6401e+06 6.1287e+01 -1.8246e+04 9.8543e+03 -3.2414e+01 2.4248e+04
-3.6439e+06 6.2293e+01 -1.8181e+04 9.9153e+03 2.0160e+02 2.4377e+04
-5.8003e+06 6.2924e+01 -1.8115e+04 9.9766e+03 1.2412e+02 2.4385e+04
-4.6366e+06 6.2673e+01 -1.8050e+04 1.0038e+04 1.3976e+03 2.4724e+04
-1.3617e+07 5.9323e+01 -1.7984e+04 1.0100e+04 2.2217e+03 2.4166e+04
4.8190e+06 4.0731e+01 -1.7918e+04 1.0162e+04 6.9997e+04 9.6885e+03
8.5292e+06 1.0676e+01 -1.7207e+04 9.8111e+03 3.2321e+05 1.4938e+03
-1.4123e+07 -1.8958e+01 -1.4069e+04 7.8557e+03 5.5430e+05 8.5541e+03
-1.9284e+07 -5.6961e+01 -1.0994e+04 5.8617e+03 5.2076e+05 -3.7674e+03
-5.5270e+06 -6.1112e+01 -7.9750e+03 3.8421e+03 4.8740e+05 -1.0406e+04
-2.6237e+07 -7.4990e+00 -4.9944e+03 1.8272e+03 4.9749e+05 1.9314e+03
6.9134e+06 4.7116e+01 -2.1781e+03 -9.5483e+01 2.7173e+05 -8.8353e+03
1.5153e+07 7.4813e+01 -2.1870e+03 -1.0952e+02 3.1855e+04 -1.5023e+04
-1.8655e+07 8.1301e+01 -2.1996e+03 -1.2194e+02 -3.5250e+03 -5.3683e+03
1.6456e+06 7.7490e+01 -2.2131e+03 -1.3380e+02 2.9797e+03 -5.4383e+03
-8.0961e+06 7.3548e+01 -2.2265e+03 -1.4546e+02 -1.5492e+03 -5.4135e+03
-1.6037e+06 7.0834e+01 -2.2397e+03 -1.5694e+02 7.4181e+02 -5.3668e+03
-4.6219e+06 6.9125e+01 -2.2528e+03 -1.6821e+02 -3.0669e+02 -5.3825e+03
-4.4769e+06 4.9733e+01 -1.9261e+04 9.0649e+03 -1.4842e+00 2.2268e+04
-4.4524e+06 5.0352e+01 -1.9200e+04 9.1170e+03 -1.8673e+01 2.2381e+04
-4.3878e+06 5.0961e+01 -1.9138e+04 9.1699e+03 -1.6164e+00 2.2515e+04
-4.3115e+06 5.1587e+01 -1.9076e+04 9.2235e+03 1.0975e+01 2.2638e+04
-4.3183e+06 5.2238e+01 -1.9013e+04 9.2779e+03 -1.9701e-01 2.2758e+04
-4.3415e+06 5.2916e+01 -1.8951e+04 9.3329e+03 2.1771e+00 2.2877e+04
-4.3630e+06 5.3627e+01 -1.8888e+04 9.3886e+03 -2.6952e+00 2.2994e+04
-4.2939e+06 5.4385e+01 -1.8825e+04 9.4449e+03 5.3136e+00 2.3109e+04
-4.3410e+06 5.5194e+01 -1.8761e+04 9.5018e+03 -5.3241e+00 2.3222e+04
-4.2102e+06 5.6021e+01 -1.8698e+04 9.5593e+03 1.3699e+01 2.3333e+04
-4.3546e+06 5.6831e+01 -1.8634e+04 9.6173e+03 -1.6595e+01 2.3442e+04
-4.0898e+06 5.7671e+01 -1.8569e+04 9.6759e+03 2.5226e+01 2.3548e+04
-4.4057e+06 5.8583e+01 -1.8505e+04 9.7349e+03 -3.6096e+01 2.3655e+04
-3.8528e+06 5.9561e+01 -1.8441e+04 9.7944e+03 6.4533e+01 2.3755e+04
-4.6622e+06 6.0564e+01 -1.8376e+04 9.8543e+03 -8.7489e+01 2.3863e+04
-3.4483e+06 6.1620e+01 -1.8311e+04 9.9146e+03 2.0394e+02 2.3948e+04
-5.6143e+06 6.2641e+01 -1.8246e+04 9.9753e+03 -2.1545e+02 2.4084e+04
-2.7292e+06 6.3385e+01 -1.8181e+04 1.0036e+04 9.8766e+02 2.4082e+04
-1.0483e+07 6.3401e+01 -1.8116e+04 1.0098e+04 -2.1729e+01 2.4462e+04
-4.8454e+06 5.7719e+01 -1.8050e+04 1.0160e+04 6.4806e+03 2.4089e+04
3.7792e+06 3.4014e+01 -1.7985e+04 1.0222e+04 1.1971e+05 1.8000e+04
4.0773e+06 2.6626e+00 -1.6616e+04 9.4445e+03 3.7780e+05 9.2942e+03
-5.9515e+05 -2.6587e+01 -1.3461e+04 7.4631e+03 5.5770e+05 5.3070e+03
-1.7984e+07 -5.8658e+01 -1.0372e+04 5.4442e+03 5.3507e+05 -7.2090e+03
-1.1303e+07 -5.1318e+01 -7.3343e+03 3.4081e+03 5.1846e+05 -1.5306e+04
-1.8978e+07 2.3711e+00 -4.3346e+03 1.3779e+03 4.6733e+05 -9.7585e+02
1.3284e+07 5.0411e+01 -2.1612e+03 -1.1079e+02 2.0998e+05 1.1060e+03
2.3159e+06 7.4152e+01 -2.1718e+03 -1.2419e+02 9.2771e+03 -5.8033e+03
-1.5555e+07 7.9072e+01 -2.1856e+03 -1.3623e+02 -2.5012e+03 -5.1844e+03
2.7733e+06 7.5741e+01 -2.1992e+03 -1.4808e+02 3.1784e+03 -5.5899e+03
-5.6751e+06 7.2332e+01 -2.2127e+03 -1.5973e+02 -9.5548e+02 -5.3633e+03
-2.2922e+06 7.0133e+01 -2.2260e+03 -1.7118e+02 7.4457e+02 -5.4532e+03
-5.0142e+06 6.8596e+01 -2.2392e+03 -1.8244e+02 -3.6596e+02 -5.3405e+03
-4.5099e+06 5.0016e+01 -1.9321e+04 9.1284e+03 -2.2920e+00 2.1953e+04
-4.4499e+06 5.0644e+01 -1.9260e+04 9.1802e+03 -1.9417e+01 2.2068e+04
-4.4515e+06 5.1256e+01 -1.9199e+04 9.2328e+03 -6.1285e+00 2.2203e+04
-4.3359e+06 5.1892e+01 -1.9137e+04 9.2862e+03 1.0241e+01 2.2326e+04
-4.3884e+06 5.2555e+01 -1.9075e+04 9.3402e+03 -5.8924e-01 2.2448e+04
-4.3186e+06 5.3237e+01 -1.9013e+04 9.3950e+03 5.6765e+00 2.2568e+04
-4.4197e+06 5.3950e+01 -1.8950e+04 9.4504e+03 -7.2213e+00 2.2686e+04
-4.2372e+06 5.4705e+01 -1.8887e+04 9.5064e+03 1.1774e+01 2.2801e+04
-4.3765e+06 5.5510e+01 -1.8824e+04 9.5630e+03 -1.2919e+01 2.2915e+04
-4.0927e+06 5.6352e+01 -1.8761e+04 9.6203e+03 2.5880e+01 2.3027e+04
-4.4708e+06 5.7194e+01 -1.8697e+04 9.6780e+03 -3.7352e+01 2.3137e+04
-3.9037e+06 5.8086e+01 -1.8634e+04 9.7363e+03 5.8180e+01 2.3244e+04
-4.6622e+06 5.9053e+01 -1.8569e+04 9.7950e+03 -8.5820e+01 2.3352e+04
-3.4774e+06 6.0061e+01 -1.8505e+04 9.8543e+03 1.4165e+02 2.3453e+04
-5.2354e+06 6.1007e+01 -1.8441e+04 9.9139e+03 -2.1615e+02 2.3564e+04
-2.5882e+06 6.2009e+01 -1.8376e+04 9.9740e+03 4.2637e+02 2.3644e+04
-7.0746e+06 6.3140e+01 -1.8312e+04 1.0034e+04 -6.1244e+02 2.3785e+04
-4.0998e+05 6.4147e+01 -1.8247e+04 1.0095e+04 1.7481e+03 2.3815e+04
-1.4784e+07 6.4505e+01 -1.8182e+04 1.0156e+04 -1.2137e+03 2.4185e+04
-4.2681e+05 5.5938e+01 -1.8116e+04 1.0218e+04 9.6810e+03 2.4215e+04
1.0204e+06 2.8221e+01 -1.8051e+04 1.0280e+04 1.6911e+05 2.7487e+04
4.2534e+06 -2.4503e+00 -1.6011e+04 9.0666e+03 4.3919e+05 1.6517e+04
3.3862e+06 -3.1542e+01 -1.2843e+04 7.0602e+03 5.6393e+05 2.6141e+02
-1.7526e+07 -5.9495e+01 -9.7394e+03 5.0172e+03 5.4177e+05 -1.2800e+04
-1.1451e+07 -4.1920e+01 -6.6823e+03 2.9661e+03 5.3279e+05 -1.9946e+04
-6.7998e+06 1.3238e+01 -3.6637e+03 9.2096e+02 4.1498e+05 -1.4116e+04
1.8699e+07 5.4658e+01 -2.1441e+03 -1.2625e+02 1.5116e+05 -9.5273e+03
-4.9707e+06 7.3565e+01 -2.1576e+03 -1.3867e+02 4.7285e+03 -5.6094e+03
-9.6415e+06 7.7130e+01 -2.1714e+03 -1.5070e+02 -9.5054e+01 -5.6446e+03
-4.2229e+06 7.4193e+01 -2.1852e+03 -1.6253e+02 5.4089e+02 -5.6766e+03
-7.5465e+06 7.1300e+01 -2.1988e+03 -1.7416e+02 -8.4655e+02 -5.2877e+03
-2.8845e+06 6.9347e+01 -2.2122e+03 -1.8560e+02 4.2639e+02 -5.3801e+03
-3.9773e+06 6.7883e+01 -2.2255e+03 -1.9684e+02 9.2577e+01 -5.3993e+03
-4.5051e+06 5.0290e+01 -1.9381e+04 9.1909e+03 -4.0265e+00 2.1635e+04
-4.4719e+06 5.0936e+01 -1.9320e+04 9.2425e+03 -2.0419e+01 2.1752e+04
-4.4580e+06 5.1560e+01 -1.9260e+04 9.2948e+03 -8.4952e+00 2.1887e+04
-4.3762e+06 5.2205e+01 -1.9198e+04 9.3479e+03 7.5977e+00 2.2011e+04
-4.4026e+06 5.2877e+01 -1.9137e+04 9.4016e+03 -4.9685e+00 2.2134e+04
-4.3350e+06 5.3566e+01 -1.9075e+04 9.4561e+03 4.3132e+00 2.2255e+04
-4.4126e+06 5.4282e+01 -1.9012e+04 9.5112e+03 -8.1123e+00 2.2374e+04
-4.2340e+06 5.5028e+01 -1.8950e+04 9.5670e+03 1.4870e+01 2.2490e+04
-4.3288e+06 5.5823e+01 -1.8887e+04 9.6234e+03 -1.7335e+01 2.2605e+04
-4.0236e+06 5.6685e+01 -1.8824e+04 9.6803e+03 3.2020e+01 2.2718e+04
-4.4720e+06 5.7573e+01 -1.8761e+04 9.7378e+03 -4.4277e+01 2.2829e+04
-3.8278e+06 5.8514e+01 -1.8697e+04 9.7958e+03 7.6299e+01 2.2937e+04
-4.7648e+06 5.9525e+01 -1.8634e+04 9.8543e+03 -1.1252e+02 2.3046e+04
-3.3057e+06 6.0575e+01 -1.8570e+04 9.9133e+03 1.8245e+02 2.3149e+04
-5.4875e+06 6.1531e+01 -1.8506e+04 9.9727e+03 -2.8699e+02 2.3258e+04
-2.0970e+06 6.2593e+01 -1.8441e+04 1.0032e+04 5.5794e+02 2.3348e+04
-7.8834e+06 6.4055e+01 -1.8377e+04 1.0093e+04 -8.5165e+02 2.3462e+04
1.0383e+06 6.5545e+01 -1.8312e+04 1.0153e+04 2.1855e+03 2.3551e+04
-1.7062e+07 6.6022e+01 -1.8247e+04 1.0214e+04 -1.7442e+03 2.3720e+04
3.7026e+06 5.4529e+01 -1.8182e+04 1.0275e+04 1.5977e+04 2.2231e+04
1.2153e+07 2.6015e+01 -1.8117e+04 1.0337e+04 2.2743e+05 2.9682e+04
-3.2228e+06 -6.1624e+00 -1.5397e+04 8.6782e+03 5.0618e+05 2.1841e+04
-7.4040e+06 -4.2902e+01 -1.2215e+04 6.6470e+03 5.5459e+05 -4.0474e+03
-1.9760e+07 -5.9105e+01 -9.0953e+03 4.5824e+03 5.1406e+05 -1.6279e+04
-1.8937e+07 -2.1111e+01 -6.0190e+03 2.5164e+03 4.9903e+05 -9.4830e+02
-1.8273e+06 3.0916e+01 -2.9818e+03 4.5632e+02 3.3751e+05 2.5735e+04
1.0372e+07 6.0215e+01 -2.1290e+03 -1.4113e+02 1.0377e+05 2.5472e+04
-1.4349e+07 7.3069e+01 -2.1431e+03 -1.5334e+02 6.9575e+03 8.4002e+03
-2.7049e+06 7.4673e+01 -2.1571e+03 -1.6535e+02 2.2139e+03 -1.9513e+03
-2.2289e+06 7.1630e+01 -2.1710e+03 -1.7716e+02 1.3810e+03 -3.9619e+03
-8.0732e+05 6.9276e+01 -2.1847e+03 -1.8878e+02 1.4537e+03 -5.1045e+03
-5.9428e+06 6.7868e+01 -2.1983e+03 -2.0020e+02 3.9845e+02 -5.5292e+03
-5.3003e+06 6.6695e+01 -2.2117e+03 -2.1142e+02 2.8496e+02 -5.4018e+03
-4.5194e+06 5.0555e+01 -1.9441e+04 9.2526e+03 -4.1502e+00 2.1314e+04
-4.4527e+06 5.1217e+01 -1.9380e+04 9.3038e+03 -1.9240e+01 2.1431e+04
-4.4789e+06 5.1862e+01 -1.9320e+04 9.3559e+03 -7.4693e+00 2.1567e+04
-4.3698e+06 5.2524e+01 -1.9259e+04 9.4086e+03 7.7445e+00 2.1693e+04
-4.4348e+06 5.3210e+01 -1.9198e+04 9.4621e+03 -5.9220e+00 2.1817e+04
-4.3244e+06 5.3916e+01 -1.9136e+04 9.5163e+03 4.6709e+00 2.1938e+04
-4.4567e+06 5.4642e+01 -1.9074e+04 9.5712e+03 -1.0710e+01 2.2058e+04
-4.2359e+06 5.5385e+01 -1.9012e+04 9.6266e+03 1.2668e+01 2.2176e+04
-4.3718e+06 5.6167e+01 -1.8950e+04 9.6827e+03 -1.9302e+01 2.2292e+04
-4.0041e+06 5.7026e+01 -1.8887e+04 9.7394e+03 3.6408e+01 2.2405e+04
-4.5222e+06 5.7929e+01 -1.8824e+04 9.7966e+03 -4.7343e+01 2.2518e+04
-3.7836e+06 5.8885e+01 -1.8761e+04 9.8543e+03 8.3290e+01 2.2628e+04
-4.8281e+06 5.9915e+01 -1.8698e+04 9.9126e+03 -1.2341e+02 2.2736e+04
-3.2122e+06 6.1013e+01 -1.8634e+04 9.9713e+03 2.0102e+02 2.2842e+04
-5.5863e+06 6.2053e+01 -1.8570e+04 1.0030e+04 -3.1541e+02 2.2949e+04
-1.8797e+06 6.3296e+01 -1.8506e+04 1.0090e+04 6.1247e+02 2.3048e+04
-8.0511e+06 6.5175e+01 -1.8442e+04 1.0150e+04 -9.5628e+02 2.3168e+04
1.4045e+06 6.7436e+01 -1.8377e+04 1.0210e+04 2.4010e+03 2.3231e+04
-1.7435e+07 6.7703e+01 -1.8313e+04 1.0271e+04 -1.9302e+03 2.3234e+04
6.1115e+06 5.5116e+01 -1.8248e+04 1.0332e+04 3.5621e+04 1.4985e+04
1.3268e+07 2.7033e+01 -1.8034e+04 1.0299e+04 2.9075e+05 1.7629e+04
-2.7006e+07 -1.1120e+01 -1.4772e+04 8.2792e+03 5.3977e+05 2.0274e+04
-1.5284e+07 -4.1322e+01 -1.1576e+04 6.2236e+03 5.0443e+05 1.4055e+04
-2.2438e+07 -2.4811e+01 -8.4397e+03 4.1398e+03 4.1942e+05 6.5389e+04
-6.8542e+06 2.1546e+01 -5.3445e+03 2.0590e+03 3.5303e+05 1.8816e+05
9.6421e+06 5.1626e+01 -3.3789e+03 7.3636e+02 1.9818e+05 2.8760e+05
7.5317e+05 6.5389e+01 -2.4527e+03 7.9556e+01 5.8600e+04 2.8654e+05
-5.7561e+06 7.1306e+01 -2.1286e+03 -1.6818e+02 1.0900e+04 2.2027e+05
-2.8481e+06 7.0132e+01 -2.1427e+03 -1.8018e+02 1.3459e+04 1.4376e+05
-8.2670e+06 6.6836e+01 -2.1567e+03 -1.9197e+02 2.2148e+04 7.2579e+04
-7.4489e+06 6.5122e+01 -2.1705e+03 -2.0357e+02 1.4251e+04 1.9862e+04
-5.2170e+06 6.4411e+01 -2.1842e+03 -2.1496e+02 2.0771e+03 -7.7334e+02
-6.5680e+06 6.3851e+01 -2.1978e+03 -2.2616e+02 1.2829e+03 -3.7433e+03
-4.5014e+06 5.0819e+01 -1.9500e+04 9.3132e+03 -2.9526e+00 2.0990e+04
-4.4671e+06 5.1491e+01 -1.9440e+04 9.3642e+03 -1.8097e+01 2.1108e+04
-4.4628e+06 5.2157e+01 -1.9380e+04 9.4159e+03 -6.2436e+00 2.1245e+04
-4.3926e+06 5.2840e+01 -1.9319e+04 9.4684e+03 9.2028e+00 2.1372e+04
-4.4275e+06 5.3545e+01 -1.9259e+04 9.5216e+03 -5.1280e+00 2.1497e+04
-4.3473e+06 5.4273e+01 -1.9197e+04 9.5755e+03 6.7539e+00 2.1619e+04
-4.4360e+06 5.5023e+01 -1.9136e+04 9.6301e+03 -1.0386e+01 2.1740e+04
-4.2737e+06 5.5779e+01 -1.9074e+04 9.6853e+03 1.3305e+01 2.1859e+04
-4.4126e+06 5.6558e+01 -1.9012e+04 9.7411e+03 -2.0180e+01 2.1976e+04
-4.0853e+06 5.7400e+01 -1.8950e+04 9.7975e+03 3.7711e+01 2.2090e+04
-4.5556e+06 5.8285e+01 -1.8887e+04 9.8544e+03 -5.3406e+01 2.2203e+04
-3.8336e+06 5.9235e+01 -1.8824e+04 9.9119e+03 8.3416e+01 2.2314e+04
-4.8474e+06 6.0261e+01 -1.8761e+04 9.9699e+03 -1.2884e+02 2.2424e+04
-3.1960e+06 6.1380e+01 -1.8698e+04 1.0028e+04 2.1223e+02 2.2530e+04
-5.6210e+06 6.2464e+01 -1.8634e+04 1.0087e+04 -3.2881e+02 2.2640e+04
-1.7863e+06 6.3784e+01 -1.8571e+04 1.0147e+04 6.3714e+02 2.2733e+04
-8.1677e+06 6.5854e+01 -1.8507e+04 1.0206e+04 -1.0404e+03 2.2859e+04
1.8666e+06 6.8640e+01 -1.8443e+04 1.0266e+04 2.5681e+03 2.2897e+04
-1.7778e+07 6.9211e+01 -1.8378e+04 1.0327e+04 -2.3228e+03 2.3149e+04
9.3323e+06 5.8550e+01 -1.8313e+04 1.0387e+04 4.3020e+04 3.2112e+04
4.4533e+06 3.4107e+01 -1.7500e+04 9.9701e+03 2.9297e+05 8.7598e+04
-3.5457e+07 2.6329e+00 -1.4131e+04 7.8662e+03 4.8193e+05 1.5368e+05
-9.7688e+06 -4.7748e+00 -1.0915e+04 5.7821e+03 3.7107e+05 2.1717e+05
-1.0313e+06 2.9748e+01 -8.5672e+03 4.2482e+03 2.2897e+05 3.2759e+05
1.4448e+07 6.0155e+01 -7.5826e+03 3.6080e+03 1.4891e+05 4.5330e+05
5.0121e+05 6.5906e+01 -6.6150e+03 2.9635e+03 7.5091e+04 5.2861e+05
-3.5494e+06 6.7451e+01 -5.6641e+03 2.3145e+03 3.7977e+04 5.2933e+05
-6.9946e+06 6.6998e+01 -4.7274e+03 1.6604e+03 2.7804e+04 4.8279e+05
1.5376e+06 6.3474e+01 -3.8049e+03 1.0014e+03 3.8503e+04 4.1359e+05
-1.1489e+07 6.0139e+01 -2.8966e+03 3.3761e+02 4.5005e+04 3.3807e+05
-1.4999e+06 5.7552e+01 -2.1562e+03 -2.1853e+02 2.9992e+04 2.5601e+05
-3.8120e+06 5.5291e+01 -2.1700e+03 -2.2990e+02 3.7466e+04 1.5666e+05
-8.6465e+06 5.5237e+01 -2.1837e+03 -2.4108e+02 3.7441e+04 5.4402e+04
-4.5131e+06 5.1096e+01 -1.9559e+04 9.3729e+03 -2.0080e+00 2.0662e+04
-4.4546e+06 5.1775e+01 -1.9499e+04 9.4235e+03 -1.7732e+01 2.0781e+04
-4.4760e+06 5.2450e+01 -1.9440e+04 9.4750e+03 -4.4829e+00 2.0919e+04
-4.3910e+06 5.3149e+01 -1.9380e+04 9.5272e+03 8.3259e+00 2.1047e+04
-4.4656e+06 5.3870e+01 -1.9319e+04 9.5801e+03 -7.6077e+00 2.1173e+04
-4.3548e+06 5.4614e+01 -1.9258e+04 9.6337e+03 3.7501e+00 2.1297e+04
-4.4303e+06 5.5389e+01 -1.9197e+04 9.6880e+03 -4.8871e+00 2.1419e+04
-4.2455e+06 5.6172e+01 -1.9136e+04 9.7429e+03 1.2545e+01 2.1539e+04
-4.4406e+06 5.6961e+01 -1.9074e+04 9.7984e+03 -1.6003e+01 2.1656e+04
-4.1068e+06 5.7791e+01 -1.9012e+04 9.8545e+03 2.7765e+01 2.1772e+04
-4.5602e+06 5.8658e+01 -1.8950e+04 9.9112e+03 -4.3161e+01 2.1885e+04
-3.8936e+06 5.9598e+01 -1.8888e+04 9.9684e+03 6.0509e+01 2.1998e+04
-4.8284e+06 6.0621e+01 -1.8825e+04 1.0026e+04 -1.0191e+02 2.2108e+04
-3.3079e+06 6.1726e+01 -1.8762e+04 1.0084e+04 1.6076e+02 2.2218e+04
-5.4768e+06 6.2801e+01 -1.8699e+04 1.0143e+04 -2.5656e+02 2.2319e+04
-2.1359e+06 6.4064e+01 -1.8635e+04 1.0202e+04 4.8827e+02 2.2438e+04
-7.6926e+06 6.6091e+01 -1.8571e+04 1.0261e+04 -8.3844e+02 2.2488e+04
1.2647e+06 6.8867e+01 -1.8508e+04 1.0321e+04 2.0849e+03 2.2727e+04
-1.5128e+07 7.0480e+01 -1.8444e+04 1.0381e+04 -1.7607e+03 2.2730e+04
7.2264e+06 6.4143e+01 -1.8376e+04 1.0441e+04 2.2254e+04 4.1259e+04
8.0439e+06 4.9728e+01 -1.8260e+04 1.0470e+04 1.9262e+05 1.5922e+05
-1.7755e+07 3.8312e+01 -1.5141e+04 8.5326e+03 3.1491e+05 3.4245e+05
5.4426e+06 4.5620e+01 -1.2916e+04 7.1197e+03 1.9901e+05 4.7520e+05
-3.5552e+06 6.7644e+01 -1.1883e+04 6.4877e+03 7.5554e+04 5.3926e+05
-4.5418e+06 7.6408e+01 -1.0870e+04 5.8533e+03 4.7625e+04 5.5786e+05
-1.0952e+07 7.0865e+01 -9.8794e+03 5.2171e+03 4.2719e+04 5.5916e+05
-4.0699e+06 6.5799e+01 -8.9033e+03 4.5758e+03 4.6731e+04 5.5574e+05
-1.0277e+07 6.1256e+01 -7.9415e+03 3.9292e+03 4.7744e+04 5.5255e+05
-7.5060e+06 5.6370e+01 -6.9941e+03 3.2776e+03 5.2328e+04 5.4861e+05
-2.1754e+07 5.1018e+01 -6.0608e+03 2.6211e+03 5.0856e+04 5.3998e+05
5.7238e+06 4.3364e+01 -5.1418e+03 1.9599e+03 6.5997e+04 4.9750e+05
-7.1800e+06 3.6050e+01 -4.1544e+03 1.2295e+03 1.4827e+05 3.8531e+05
-8.0734e+06 3.6787e+01 -2.3259e+03 -1.4018e+02 1.6173e+05 2.0334e+05
-4.4963e+06 5.1403e+01 -1.9617e+04 9.4315e+03 -1.2190e+00 2.0331e+04
-4.4819e+06 5.2090e+01 -1.9558e+04 9.4818e+03 -1.7407e+01 2.0452e+04
-4.4571e+06 5.2764e+01 -1.9499e+04 9.5329e+03 -3.1087e+00 2.0591e+04
-4.4384e+06 5.3466e+01 -1.9439e+04 9.5848e+03 5.6365e+00 2.0720e+04
-4.4249e+06 5.4194e+01 -1.9379e+04 9.6375e+03 -4.5925e+00 2.0846e+04
-4.4064e+06 5.4947e+01 -1.9319e+04 9.6908e+03 3.4417e-01 2.0971e+04
-4.3517e+06 5.5741e+01 -1.9258e+04 9.7448e+03 -3.2125e-01 2.1094e+04
-4.3282e+06 5.6551e+01 -1.9197e+04 9.7994e+03 3.4548e+00 2.1215e+04
-4.3231e+06 5.7367e+01 -1.9136e+04 9.8547e+03 -6.5894e+00 2.1333e+04
-4.2669e+06 5.8205e+01 -1.9074e+04 9.9105e+03 7.0098e+00 2.1451e+04
-4.3036e+06 5.9067e+01 -1.9013e+04 9.9670e+03 -1.4226e+01 2.1565e+04
-4.2082e+06 5.9993e+01 -1.8950e+04 1.0024e+04 1.9595e+01 2.1680e+04
-4.3160e+06 6.1019e+01 -1.8888e+04 1.0081e+04 -3.3486e+01 2.1790e+04
-4.0222e+06 6.2122e+01 -1.8825e+04 1.0139e+04 5.0627e+01 2.1903e+04
-4.3622e+06 6.3246e+01 -1.8762e+04 1.0198e+04 -7.9954e+01 2.1998e+04
-3.8170e+06 6.4573e+01 -1.8699e+04 1.0256e+04 1.6792e+02 2.2133e+04
-4.8636e+06 6.6630e+01 -1.8636e+04 1.0316e+04 -2.5535e+02 2.2157e+04
-2.9852e+06 6.9475e+01 -1.8572e+04 1.0375e+04 8.8538e+02 2.2472e+04
-6.8335e+06 7.2154e+01 -1.8507e+04 1.0435e+04 1.8812e+02 2.2165e+04
-4.6802e+06 7.1149e+01 -1.8438e+04 1.0493e+04 4.9036e+03 2.5493e+04
4.0077e+06 6.7037e+01 -1.8369e+04 1.0551e+04 6.9435e+04 1.0009e+05
-5.3129e+06 6.7711e+01 -1.7830e+04 1.0302e+04 1.2756e+05 2.7183e+05
2.6186e+05 7.5705e+01 -1.6337e+04 9.4072e+03 7.6540e+04 4.3015e+05
-3.6666e+06 8.2051e+01 -1.5266e+04 8.7758e+03 2.3228e+04 5.1549e+05
-8.0112e+06 7.8550e+01 -1.4217e+04 8.1422e+03 3.3604e+04 5.5444e+05
-3.5130e+06 6.9842e+01 -1.3188e+04 7.5060e+03 4.4403e+04 5.6451e+05
-1.0079e+07 6.1691e+01 -1.2177e+04 6.8667e+03 4.7520e+04 5.6265e+05
-1.4555e+07 5.3488e+01 -1.1185e+04 6.2244e+03 5.0825e+04 5.5977e+05
-9.0994e+06 4.4397e+01 -1.0210e+04 5.5792e+03 5.9258e+04 5.5450e+05
-7.5730e+06 3.3127e+01 -9.2523e+03 4.9300e+03 1.0086e+05 5.2335e+05
3.1972e+05 1.8991e+01 -8.3081e+03 4.2759e+03 1.8959e+05 4.3553e+05
9.3424e+06 8.4787e+00 -6.8274e+03 3.1931e+03 3.1907e+05 3.2605e+05
-1.6232e+07 1.3218e+01 -4.1701e+03 1.2206e+03 3.3466e+05 2.0226e+05
-4.4941e+06 5.1733e+01 -1.9675e+04 9.4889e+03 2.5963e-02 1.9997e+04
-4.4738e+06 5.2439e+01 -1.9617e+04 9.5390e+03 -1.7710e+01 2.0119e+04
-4.5027e+06 5.3115e+01 -1.9558e+04 9.5898e+03 -7.8493e+00 2.0259e+04
-4.4578e+06 5.3815e+01 -1.9499e+04 9.6414e+03 5.8431e-01 2.0389e+04
-4.4189e+06 5.4546e+01 -1.9439e+04 9.6938e+03 -1.2847e-01 2.0517e+04
-4.3776e+06 5.5308e+01 -1.9379e+04 9.7468e+03 9.9665e-01 2.0643e+04
-4.3571e+06 5.6115e+01 -1.9319e+04 9.8005e+03 1.2539e+00 2.0766e+04
-4.3361e+06 5.6949e+01 -1.9259e+04 9.8549e+03 -1.2740e+00 2.0888e+04
-4.3161e+06 5.7801e+01 -1.9198e+04 9.9099e+03 1.4568e+00 2.1008e+04
-4.2864e+06 5.8672e+01 -1.9136e+04 9.9654e+03 2.5687e-01 2.1126e+04
-4.2474e+06 5.9554e+01 -1.9075e+04 1.0022e+04 3.5296e+00 2.1242e+04
-4.2339e+06 6.0481e+01 -1.9013e+04 1.0078e+04 -3.9390e-01 2.1357e+04
-4.1634e+06 6.1517e+01 -1.8951e+04 1.0135e+04 5.8649e+00 2.1469e+04
-4.1696e+06 6.2652e+01 -1.8889e+04 1.0193e+04 -2.0379e+00 2.1579e+04
-4.0542e+06 6.3889e+01 -1.8826e+04 1.0251e+04 2.2554e+01 2.1684e+04
-4.2115e+06 6.5418e+01 -1.8763e+04 1.0310e+04 -3.0997e+00 2.1793e+04
-3.8582e+06 6.7678e+01 -1.8700e+04 1.0369e+04 1.2831e+02 2.1873e+04
-4.3382e+06 7.0940e+01 -1.8637e+04 1.0428e+04 3.4471e+02 2.2003e+04
-3.6649e+06 7.4753e+01 -1.8569e+04 1.0486e+04 1.1919e+03 2.2022e+04
-5.9473e+06 7.8032e+01 -1.8500e+04 1.0544e+04 1.4022e+03 2.2346e+04
-2.1361e+06 8.0428e+01 -1.8432e+04 1.0602e+04 1.0610e+04 3.5279e+04
-6.2981e+06 8.3570e+01 -1.8362e+04 1.0661e+04 2.5347e+04 8.6961e+04
-5.1451e+06 8.6857e+01 -1.8293e+04 1.0720e+04 1.7941e+04 1.7088e+05
-2.1245e+06 8.5037e+01 -1.8225e+04 1.0779e+04 1.1250e+04 2.5848e+05
-6.7896e+06 7.7088e+01 -1.7637e+04 1.0483e+04 3.2467e+04 3.4236e+05
-1.3467e+07 6.7128e+01 -1.6569e+04 9.8464e+03 3.4962e+04 4.2128e+05
-3.8833e+06 5.4740e+01 -1.5519e+04 9.2067e+03 3.5504e+04 4.8926e+05
-1.0342e+07 3.7808e+01 -1.4488e+04 8.5639e+03 9.7948e+04 5.0099e+05
-7.3266e+05 1.9487e+01 -1.3475e+04 7.9182e+03 1.8042e+05 4.0774e+05
2.4025e+06 3.3358e+00 -1.2481e+04 7.2696e+03 2.7743e+05 2.6314e+05
-1.2734e+07 -1.0707e+01 -1.0089e+04 5.5736e+03 3.9115e+05 1.3235e+05
2.1909e+07 -1.6448e+01 -7.3079e+03 3.5380e+03 4.7280e+05 4.5366e+04
-1.6342e+07 -2.8709e+00 -4.5064e+03 1.4639e+03 4.2359e+05 1.8888e+04
-4.4607e+06 5.2035e+01 -1.9733e+04 9.5453e+03 1.3788e+00 1.9660e+04
-4.4767e+06 5.2780e+01 -1.9675e+04 9.5950e+03 -1.8046e+01 1.9783e+04
-4.4982e+06 5.3476e+01 -1.9616e+04 9.6456e+03 -1.0410e+01 1.9924e+04
-4.4784e+06 5.4184e+01 -1.9558e+04 9.6969e+03 -8.3708e-01 2.0055e+04
-4.3936e+06 5.4926e+01 -1.9499e+04 9.7489e+03 9.4227e-01 2.0183e+04
-4.3738e+06 5.5700e+01 -1.9439e+04 9.8017e+03 2.0735e+00 2.0310e+04
-4.3364e+06 5.6520e+01 -1.9379e+04 9.8551e+03 9.9077e-01 2.0435e+04
-4.3346e+06 5.7374e+01 -1.9319e+04 9.9092e+03 1.2410e+00 2.0557e+04
-4.3037e+06 5.8259e+01 -1.9259e+04 9.9639e+03 4.3331e+00 2.0678e+04
-4.3013e+06 5.9178e+01 -1.9198e+04 1.0019e+04 2.7082e+00 2.0798e+04
-4.2544e+06 6.0110e+01 -1.9137e+04 1.0075e+04 2.6769e+00 2.0915e+04
-4.2193e+06 6.1072e+01 -1.9075e+04 1.0131e+04 1.0742e+00 2.1031e+04
-4.1532e+06 6.2138e+01 -1.9014e+04 1.0188e+04 7.0642e+00 2.1143e+04
-4.1378e+06 6.3317e+01 -1.8952e+04 1.0246e+04 8.5889e+00 2.1252e+04
-4.0898e+06 6.4633e+01 -1.8890e+04 1.0304e+04 2.0430e+01 2.1361e+04
-4.0674e+06 6.6323e+01 -1.8827e+04 1.0362e+04 9.1262e+00 2.1467e+04
-3.9452e+06 6.8820e+01 -1.8764e+04 1.0421e+04 2.2690e+02 2.1569e+04
-3.9328e+06 7.2539e+01 -1.8700e+04 1.0479e+04 5.7229e+02 2.1639e+04
-3.8592e+06 7.7498e+01 -1.8631e+04 1.0537e+04 1.0161e+03 2.1742e+04
-4.1657e+06 8.3084e+01 -1.8563e+04 1.0594e+04 9.5115e+02 2.1792e+04
-4.2489e+06 8.8307e+01 -1.8494e+04 1.0652e+04 1.4580e+03 2.2068e+04
-5.0089e+06 9.1615e+01 -1.8425e+04 1.0710e+04 1.4881e+03 2.3190e+04
-2.9262e+06 9.1301e+01 -1.8356e+04 1.0769e+04 1.8565e+03 2.5645e+04
-9.8317e+06 8.5843e+01 -1.8291e+04 1.0829e+04 7.9140e+03 3.9888e+04
-5.6418e+06 7.6426e+01 -1.8227e+04 1.0890e+04 2.0384e+04 8.3580e+04
-2.1004e+07 6.3914e+01 -1.8163e+04 1.0952e+04 1.4855e+04 1.5242e+05
7.5807e+06 4.3267e+01 -1.8099e+04 1.1013e+04 6.3847e+04 2.0583e+05
-1.2504e+07 1.3363e+01 -1.7678e+04 1.0826e+04 2.4844e+05 1.9351e+05
-1.8202e+07 -1.3667e+01 -1.4729e+04 8.8324e+03 4.1150e+05 8.9549e+04
1.1305e+06 -2.7601e+01 -1.1838e+04 6.8101e+03 4.7513e+05 -3.3018e+04
5.4921e+06 -3.2870e+01 -9.0012e+03 4.7630e+03 5.2389e+05 -9.2793e+04
1.2432e+07 -2.7977e+01 -6.2075e+03 2.7179e+03 5.3286e+05 -1.0593e+05
-7.6002e+06 -4.4100e+00 -3.4548e+03 6.7959e+02 3.8396e+05 -8.2806e+04
-4.4525e+06 5.2284e+01 -1.9790e+04 9.6005e+03 2.8953e-01 1.9321e+04
-4.4426e+06 5.3096e+01 -1.9732e+04 9.6499e+03 -1.8385e+01 1.9445e+04
-4.4657e+06 5.3824e+01 -1.9675e+04 9.7001e+03 -7.4591e+00 1.9588e+04
-4.4245e+06 5.4547e+01 -1.9616e+04 9.7512e+03 2.8289e+00 1.9719e+04
-4.3908e+06 5.5304e+01 -1.9558e+04 9.8029e+03 5.3718e-01 1.9849e+04
-4.3596e+06 5.6094e+01 -1.9499e+04 9.8554e+03 1.0190e+00 1.9977e+04
-4.3442e+06 5.6927e+01 -1.9439e+04 9.9085e+03 -7.2798e-02 2.0103e+04
-4.3172e+06 5.7798e+01 -1.9380e+04 9.9623e+03 2.0241e+00 2.0226e+04
-4.3202e+06 5.8715e+01 -1.9320e+04 1.0017e+04 1.7428e+00 2.0349e+04
-4.3546e+06 5.9684e+01 -1.9259e+04 1.0072e+04 -6.4596e+00 2.0470e+04
-4.3270e+06 6.0674e+01 -1.9199e+04 1.0127e+04 -8.1667e+00 2.0589e+04
-4.2245e+06 6.1699e+01 -1.9137e+04 1.0184e+04 1.5882e+00 2.0704e+04
-4.1670e+06 6.2820e+01 -1.9076e+04 1.0240e+04 5.0211e+00 2.0817e+04
-4.1431e+06 6.4032e+01 -1.9015e+04 1.0297e+04 1.2729e+01 2.0927e+04
-4.1021e+06 6.5403e+01 -1.8953e+04 1.0355e+04 4.7763e+00 2.1039e+04
-4.0245e+06 6.7268e+01 -1.8891e+04 1.0413e+04 7.9289e+01 2.1128e+04
-3.8983e+06 7.0064e+01 -1.8828e+04 1.0471e+04 3.7772e+02 2.1238e+04
-3.8642e+06 7.4177e+01 -1.8761e+04 1.0529e+04 8.0893e+02 2.1323e+04
-3.7488e+06 7.9779e+01 -1.8693e+04 1.0586e+04 8.5382e+02 2.1391e+04
-3.6023e+06 8.6260e+01 -1.8624e+04 1.0643e+04 1.0416e+03 2.1455e+04
-3.6672e+06 9.1813e+01 -1.8556e+04 1.0701e+04 8.4495e+02 2.1597e+04
-3.4541e+06 9.4292e+01 -1.8488e+04 1.0759e+04 1.0006e+03 2.1561e+04
-5.3783e+06 9.2238e+01 -1.8420e+04 1.0818e+04 2.3411e+02 2.1480e+04
-1.9756e+05 8.5580e+01 -1.8357e+04 1.0878e+04 2.4726e+03 2.1652e+04
-9.5703e+06 7.5500e+01 -1.8293e+04 1.0939e+04 1.6752e+03 2.2943e+04
-1.0021e+07 5.8472e+01 -1.8229e+04 1.1000e+04 7.5972e+03 2.3871e+04
4.2725e+06 2.7812e+01 -1.8165e+04 1.1061e+04 1.5058e+05 -2.6641e+01
-1.8381e+07 -1.1812e+01 -1.6595e+04 1.0067e+04 4.0642e+05 -5.2548e+04
-2.6563e+06 -4.1278e+01 -1.3640e+04 8.0493e+03 5.4258e+05 -8.9821e+04
5.1724e+05 -4.8627e+01 -1.0742e+04 6.0032e+03 5.4576e+05 -1.0172e+05
3.1323e+07 -4.2057e+01 -7.8947e+03 3.9420e+03 5.4798e+05 -1.0856e+05
-5.5517e+06 -2.5587e+01 -5.0890e+03 1.8873e+03 5.0734e+05 -9.8353e+04
-4.1085e+06 4.6049e+00 -2.3246e+03 -1.6059e+02 2.8785e+05 -6.7083e+04
-4.4164e+06 5.2402e+01 -1.9846e+04 9.6544e+03 5.0430e-01 1.8980e+04
-4.4104e+06 5.3372e+01 -1.9790e+04 9.7036e+03 -1.9075e+01 1.9106e+04
-4.3889e+06 5.4190e+01 -1.9732e+04 9.7535e+03 -4.2218e+00 1.9250e+04
-4.3696e+06 5.4920e+01 -1.9675e+04 9.8042e+03 4.8705e+00 1.9383e+04
-4.3485e+06 5.5676e+01 -1.9617e+04 9.8557e+03 -1.1402e+00 1.9514e+04
-4.3377e+06 5.6481e+01 -1.9558e+04 9.9079e+03 -7.3722e-01 1.9643e+04
-4.3139e+06 5.7326e+01 -1.9499e+04 9.9607e+03 -1.2965e+00 1.9771e+04
-4.2901e+06 5.8211e+01 -1.9440e+04 1.0014e+04 7.3501e-01 1.9896e+04
-4.2938e+06 5.9158e+01 -1.9380e+04 1.0068e+04 -4.2692e-01 2.0020e+04
-4.3226e+06 6.0173e+01 -1.9320e+04 1.0123e+04 -7.6431e+00 2.0142e+04
-4.3053e+06 6.1218e+01 -1.9260e+04 1.0179e+04 -9.1481e+00 2.0261e+04
-4.1890e+06 6.2312e+01 -1.9199e+04 1.0234e+04 2.9873e+00 2.0377e+04
-4.1645e+06 6.3523e+01 -1.9138e+04 1.0291e+04 3.2530e+00 2.0490e+04
-4.0781e+06 6.4861e+01 -1.9077e+04 1.0348e+04 7.4818e+00 2.0604e+04
-4.1039e+06 6.6441e+01 -1.9016e+04 1.0405e+04 7.8116e-01 2.0712e+04
-3.8390e+06 6.8655e+01 -1.8954e+04 1.0463e+04 2.2006e+02 2.0813e+04
-4.0167e+06 7.1893e+01 -1.8890e+04 1.0520e+04 5.7128e+02 2.0906e+04
-3.5251e+06 7.6432e+01 -1.8822e+04 1.0577e+04 9.2731e+02 2.0973e+04
-4.0461e+06 8.2444e+01 -1.8754e+04 1.0634e+04 7.7157e+02 2.1048e+04
-2.9078e+06 8.9351e+01 -1.8686e+04 1.0691e+04 1.0968e+03 2.1161e+04
-4.7009e+06 9.4578e+01 -1.8618e+04 1.0748e+04 4.5513e+02 2.1286e+04
-1.5319e+06 9.5457e+01 -1.8550e+04 1.0806e+04 1.3246e+03 2.1431e+04
-7.3342e+06 9.1237e+01 -1.8486e+04 1.0866e+04 -7.7233e+02 2.1572e+04
-1.6560e+06 8.3224e+01 -1.8422e+04 1.0926e+04 2.1678e+03 2.1732e+04
-2.3511e+07 7.1396e+01 -1.8359e+04 1.0987e+04 -1.0015e+03 2.1390e+04
3.9134e+06 4.8663e+01 -1.8295e+04 1.1048e+04 3.6611e+04 6.3703e+03
-1.1757e+05 1.0194e+01 -1.8231e+04 1.1109e+04 2.5396e+05 -2.5116e+04
-1.4271e+07 -3.1477e+01 -1.5495e+04 9.2911e+03 4.9455e+05 -6.7375e+04
4.3478e+06 -5.7180e+01 -1.2534e+04 7.2496e+03 5.5354e+05 -9.8968e+04
-1.8273e+07 -5.9408e+01 -9.6291e+03 5.1814e+03 5.4742e+05 -1.0703e+05
1.2240e+07 -4.2883e+01 -6.7699e+03 3.1107e+03 5.4906e+05 -1.1031e+05
-8.4708e+06 -1.5446e+01 -3.9524e+03 1.0464e+03 4.4014e+05 -8.6397e+04
3.5741e+06 1.7401e+01 -2.0960e+03 -3.3406e+02 1.8770e+05 -3.8336e+04
-4.4024e+06 5.2125e+01 -1.9903e+04 9.7071e+03 -2.8845e+00 1.8631e+04
-4.3578e+06 5.3398e+01 -1.9846e+04 9.7560e+03 -2.3049e+01 1.8759e+04
-4.3519e+06 5.4498e+01 -1.9790e+04 9.8056e+03 -6.1434e+00 1.8905e+04
-4.3127e+06 5.5317e+01 -1.9733e+04 9.8560e+03 3.3620e-01 1.9039e+04
-4.3137e+06 5.6056e+01 -1.9675e+04 9.9072e+03 -6.0814e+00 1.9172e+04
-4.2949e+06 5.6870e+01 -1.9617e+04 9.9591e+03 -4.8617e+00 1.9303e+04
-4.2754e+06 5.7733e+01 -1.9558e+04 1.0012e+04 -4.1450e+00 1.9431e+04
-4.2551e+06 5.8619e+01 -1.9500e+04 1.0065e+04 -4.1656e+00 1.9558e+04
-4.2332e+06 5.9578e+01 -1.9440e+04 1.0119e+04 -2.0460e+00 1.9683e+04
-4.2234e+06 6.0625e+01 -1.9381e+04 1.0173e+04 -3.6994e+00 1.9805e+04
-4.1977e+06 6.1697e+01 -1.9321e+04 1.0228e+04 -3.0172e+00 1.9924e+04
-4.1502e+06 6.2826e+01 -1.9261e+04 1.0284e+04 9.7511e-01 2.0041e+04
-4.1072e+06 6.4210e+01 -1.9200e+04 1.0340e+04 3.0170e+00 2.0157e+04
-4.0796e+06 6.5977e+01 -1.9139e+04 1.0397e+04 1.2929e-01 2.0270e+04
-3.9430e+06 6.8161e+01 -1.9078e+04 1.0454e+04 7.4999e+01 2.0365e+04
-3.8750e+06 7.0960e+01 -1.9017e+04 1.0511e+04 4.1322e+02 2.0483e+04
-3.7766e+06 7.4710e+01 -1.8950e+04 1.0568e+04 7.7456e+02 2.0567e+04
-3.6483e+06 7.9815e+01 -1.8883e+04 1.0624e+04 9.0716e+02 2.0643e+04
-3.5731e+06 8.6576e+01 -1.8815e+04 1.0680e+04 8.7162e+02 2.0720e+04
-3.3930e+06 9.3782e+01 -1.8748e+04 1.0737e+04 9.3483e+02 2.0866e+04
-3.5528e+06 9.7680e+01 -1.8680e+04 1.0795e+04 6.6622e+02 2.0951e+04
-3.4208e+06 9.5555e+01 -1.8614e+04 1.0853e+04 4.5981e+02 2.1152e+04
-5.1152e+06 8.8412e+01 -1.8551e+04 1.0913e+04 2.9963e+02 2.1107e+04
-5.4512e+06 7.8720e+01 -1.8488e+04 1.0973e+04 2.0241e+03 2.1343e+04
-1.6679e+07 6.3623e+01 -1.8425e+04 1.1033e+04 3.8246e+03 2.0598e+04
6.2773e+06 3.4588e+01 -1.8361e+04 1.1094e+04 1.0522e+05 -6.7013e+03
-1.2441e+07 -7.7601e+00 -1.7405e+04 1.0536e+04 3.5868e+05 -5.4989e+04
-1.3511e+07 -4.5409e+01 -1.4379e+04 8.4985e+03 5.4189e+05 -8.7916e+04
-1.1470e+07 -6.4283e+01 -1.1412e+04 6.4338e+03 5.5365e+05 -1.0232e+05
-1.0355e+07 -6.1648e+01 -8.4979e+03 4.3491e+03 5.5156e+05 -1.0903e+05
-6.1497e+06 -3.7226e+01 -5.6268e+03 2.2691e+03 5.3585e+05 -1.0602e+05
5.1924e+05 -2.1026e+00 -2.7979e+03 1.9545e+02 3.4643e+05 -7.9780e+04
6.8452e+06 2.9954e+01 -2.0808e+03 -3.5013e+02 9.6693e+04 -3.3745e+04
-4.3868e+06 5.1287e+01 -1.9959e+04 9.7585e+03 -6.7875e+00 1.8276e+04
-4.3656e+06 5.2816e+01 -1.9903e+04 9.8071e+03 -2.8560e+01 1.8401e+04
-4.3183e+06 5.4346e+01 -1.9847e+04 9.8564e+03 -9.0591e+00 1.8548e+04
-4.2933e+06 5.5477e+01 -1.9790e+04 9.9066e+03 -3.4292e-02 1.8683e+04
-4.2834e+06 5.6309e+01 -1.9733e+04 9.9574e+03 -7.6355e+00 1.8816e+04
-4.2716e+06 5.7174e+01 -1.9675e+04 1.0009e+04 -5.8374e+00 1.8948e+04
-4.2465e+06 5.8120e+01 -1.9617e+04 1.0061e+04 -4.7452e+00 1.9078e+04
-4.2267e+06 5.9036e+01 -1.9559e+04 1.0114e+04 -5.1781e+00 1.9206e+04
-4.1978e+06 5.9977e+01 -1.9500e+04 1.0168e+04 -3.2885e+00 1.9331e+04
-4.1742e+06 6.1020e+01 -1.9441e+04 1.0222e+04 -3.1142e+00 1.9455e+04
-4.1349e+06 6.2077e+01 -1.9382e+04 1.0277e+04 4.4572e-01 1.9576e+04
-4.1261e+06 6.3212e+01 -1.9322e+04 1.0332e+04 1.2138e+00 1.9695e+04
-4.0730e+06 6.4867e+01 -1.9262e+04 1.0388e+04 5.0939e+00 1.9813e+04
-4.0195e+06 6.7366e+01 -1.9201e+04 1.0445e+04 4.0950e+00 1.9930e+04
-3.8443e+06 7.0574e+01 -1.9140e+04 1.0501e+04 2.4620e+02 2.0034e+04
-3.8725e+06 7.4288e+01 -1.9077e+04 1.0558e+04 6.0780e+02 2.0120e+04
-3.6095e+06 7.8734e+01 -1.9010e+04 1.0614e+04 9.4358e+02 2.0186e+04
-3.7908e+06 8.4479e+01 -1.8943e+04 1.0669e+04 8.0362e+02 2.0273e+04
-3.1147e+06 9.1606e+01 -1.8876e+04 1.0726e+04 1.0868e+03 2.0369e+04
-4.1443e+06 9.7694e+01 -1.8809e+04 1.0782e+04 4.9497e+02 2.0537e+04
-2.1976e+06 9.8701e+01 -1.8741e+04 1.0840e+04 1.0696e+03 2.0628e+04
-6.2183e+06 9.3177e+01 -1.8678e+04 1.0899e+04 -6.2203e+02 2.0757e+04
-9.6652e+05 8.3938e+01 -1.8616e+04 1.0959e+04 2.1043e+03 2.0853e+04
-1.8269e+07 7.2952e+01 -1.8553e+04 1.1018e+04 -1.7596e+02 2.0933e+04
-5.8940e+06 5.3077e+01 -1.8490e+04 1.1079e+04 1.7022e+04 1.5774e+04
-1.2186e+06 1.7649e+01 -1.8427e+04 1.1139e+04 1.9892e+05 -9.6043e+03
-1.5648e+07 -2.3851e+01 -1.6278e+04 9.7497e+03 4.5636e+05 -6.0333e+04
3.5780e+06 -5.3319e+01 -1.3247e+04 7.6895e+03 5.5965e+05 -9.6842e+04
-1.9303e+07 -6.3894e+01 -1.0273e+04 5.6021e+03 5.5513e+05 -1.0579e+05
1.3054e+06 -5.4546e+01 -7.3483e+03 3.5067e+03 5.5608e+05 -1.1114e+05
-1.0367e+07 -2.4941e+01 -4.4657e+03 1.4174e+03 4.8484e+05 -9.1790e+04
6.8514e+06 1.1695e+01 -2.0509e+03 -3.5540e+02 2.4039e+05 -5.1040e+04
1.9579e+06 3.9977e+01 -2.0655e+03 -3.6634e+02 3.3344e+04 -1.9153e+04
-4.3975e+06 5.0180e+01 -2.0014e+04 9.8086e+03 -1.1717e+00 1.7911e+04
-4.3564e+06 5.1610e+01 -1.9959e+04 9.8568e+03 -2.6705e+01 1.8047e+04
-4.3231e+06 5.3355e+01 -1.9903e+04 9.9059e+03 -4.3908e-01 1.8206e+04
-4.2828e+06 5.4912e+01 -1.9847e+04 9.9557e+03 1.1713e+01 1.8338e+04
-4.2726e+06 5.6045e+01 -1.9790e+04 1.0006e+04 2.5104e+00 1.8471e+04
-4.2774e+06 5.7080e+01 -1.9733e+04 1.0058e+04 4.4634e+00 1.8602e+04
-4.2414e+06 5.8240e+01 -1.9676e+04 1.0110e+04 6.6628e+00 1.8730e+04
-4.2379e+06 5.9337e+01 -1.9618e+04 1.0162e+04 5.3311e+00 1.8856e+04
-4.2058e+06 6.0311e+01 -1.9560e+04 1.0216e+04 6.4505e+00 1.8981e+04
-4.1904e+06 6.1362e+01 -1.9501e+04 1.0270e+04 5.3611e+00 1.9104e+04
-4.1556e+06 6.2490e+01 -1.9442e+04 1.0324e+04 8.5338e+00 1.9227e+04
-4.1315e+06 6.3739e+01 -1.9382e+04 1.0379e+04 7.8682e+00 1.9350e+04
-4.0633e+06 6.5692e+01 -1.9323e+04 1.0435e+04 1.2253e+01 1.9471e+04
-3.9780e+06 6.8862e+01 -1.9263e+04 1.0491e+04 8.4705e+01 1.9567e+04
-3.7831e+06 7.3131e+01 -1.9202e+04 1.0548e+04 4.6586e+02 1.9689e+04
-3.8823e+06 7.8161e+01 -1.9136e+04 1.0603e+04 7.7250e+02 1.9799e+04
-3.4113e+06 8.3854e+01 -1.9070e+04 1.0658e+04 9.6988e+02 1.9876e+04
-3.9010e+06 8.9973e+01 -1.9003e+04 1.0714e+04 7.8666e+02 1.9970e+04
-2.8216e+06 9.5587e+01 -1.8936e+04 1.0770e+04 1.0825e+03 2.0115e+04
-4.5562e+06 9.8213e+01 -1.8869e+04 1.0826e+04 3.1508e+02 2.0216e+04
-1.6871e+06 9.5715e+01 -1.8805e+04 1.0884e+04 8.9011e+02 2.0392e+04
-7.5318e+06 8.8400e+01 -1.8743e+04 1.0943e+04 -6.5339e+02 2.0406e+04
-7.3598e+05 7.8848e+01 -1.8681e+04 1.1003e+04 2.5986e+03 2.0613e+04
-2.3587e+07 6.6022e+01 -1.8618e+04 1.1063e+04 9.2011e+02 2.0262e+04
6.1723e+06 4.0241e+01 -1.8555e+04 1.1122e+04 6.3766e+04 -1.2562e+03
-8.4887e+06 2.8476e-01 -1.8231e+04 1.1003e+04 3.0617e+05 -3.9587e+04
-1.1757e+07 -3.5952e+01 -1.5136e+04 8.9473e+03 5.2838e+05 -7.6588e+04
7.7948e+06 -5.4382e+01 -1.2098e+04 6.8645e+03 5.6263e+05 -1.0101e+05
-3.2593e+06 -5.6619e+01 -9.1171e+03 4.7585e+03 5.5921e+05 -1.0910e+05
7.2975e+06 -4.2150e+01 -6.1804e+03 2.6542e+03 5.5457e+05 -1.1276e+05
-5.6004e+06 -1.0758e+01 -3.2867e+03 5.5576e+02 3.9764e+05 -8.9448e+04
8.7816e+06 2.3994e+01 -2.0353e+03 -3.7181e+02 1.3635e+05 -3.7250e+04
-1.6434e+07 4.7065e+01 -2.0501e+03 -3.8272e+02 7.2068e+03 -6.8891e+03
-4.3479e+06 4.9352e+01 -2.0069e+04 9.8573e+03 4.6208e-01 1.7579e+04
-4.3371e+06 5.0385e+01 -2.0014e+04 9.9053e+03 -9.7823e+00 1.7684e+04
-4.3084e+06 5.1890e+01 -1.9959e+04 9.9540e+03 4.9952e+00 1.7808e+04
-4.2747e+06 5.3582e+01 -1.9903e+04 1.0004e+04 1.2982e+01 1.7953e+04
-4.2739e+06 5.4996e+01 -1.9847e+04 1.0054e+04 8.0735e+00 1.8088e+04
-4.2729e+06 5.6216e+01 -1.9791e+04 1.0105e+04 1.0549e+01 1.8222e+04
-4.2625e+06 5.7607e+01 -1.9734e+04 1.0157e+04 1.1104e+01 1.8351e+04
-4.2555e+06 5.9021e+01 -1.9676e+04 1.0209e+04 9.8547e+00 1.8478e+04
-4.2273e+06 6.0203e+01 -1.9619e+04 1.0262e+04 9.4722e+00 1.8604e+04
-4.2141e+06 6.1412e+01 -1.9560e+04 1.0316e+04 7.1338e+00 1.8729e+04
-4.1555e+06 6.2845e+01 -1.9502e+04 1.0370e+04 1.0311e+01 1.8853e+04
-4.1343e+06 6.4491e+01 -1.9443e+04 1.0425e+04 9.4187e+00 1.8976e+04
-4.0510e+06 6.6779e+01 -1.9384e+04 1.0480e+04 1.8763e+01 1.9103e+04
-3.9207e+06 7.0276e+01 -1.9324e+04 1.0536e+04 2.6268e+02 1.9217e+04
-3.8726e+06 7.5172e+01 -1.9261e+04 1.0592e+04 6.6560e+02 1.9314e+04
-3.6479e+06 8.1527e+01 -1.9195e+04 1.0646e+04 9.4035e+02 1.9361e+04
-3.6583e+06 8.8750e+01 -1.9129e+04 1.0701e+04 8.8746e+02 1.9443e+04
-3.3234e+06 9.4855e+01 -1.9063e+04 1.0757e+04 9.9972e+02 1.9535e+04
-3.7622e+06 9.7561e+01 -1.8997e+04 1.0813e+04 6.9637e+02 1.9713e+04
-3.0057e+06 9.6046e+01 -1.8930e+04 1.0869e+04 6.8600e+02 1.9803e+04
-4.7112e+06 9.0901e+01 -1.8869e+04 1.0928e+04 -1.2507e+02 1.9971e+04
-2.9874e+06 8.3172e+01 -1.8807e+04 1.0987e+04 1.0069e+03 2.0030e+04
-1.1492e+07 7.3869e+01 -1.8745e+04 1.1046e+04 5.6256e+02 2.0311e+04
-1.1710e+07 5.7777e+01 -1.8683e+04 1.1105e+04 6.8122e+03 1.9147e+04
2.4869e+06 2.4743e+01 -1.8620e+04 1.1165e+04 1.4643e+05 -8.4871e+03
-2.2987e+07 -1.7680e+01 -1.7078e+04 1.0207e+04 4.0982e+05 -6.0837e+04
4.6118e+06 -4.5279e+01 -1.3977e+04 8.1288e+03 5.6019e+05 -9.4113e+04
6.0237e+06 -5.2769e+01 -1.0934e+04 6.0240e+03 5.6355e+05 -1.0518e+05
2.0673e+07 -4.9233e+01 -7.9423e+03 3.9051e+03 5.6290e+05 -1.1079e+05
-1.0262e+07 -3.0959e+01 -4.9944e+03 1.7918e+03 5.1950e+05 -9.6152e+04
-4.3840e+06 2.4177e+00 -2.0900e+03 -3.1558e+02 2.8979e+05 -6.3296e+04
7.7495e+06 3.4637e+01 -2.0196e+03 -3.8837e+02 5.4188e+04 -2.6854e+04
-2.8384e+07 5.1942e+01 -2.0345e+03 -3.9924e+02 1.1115e+03 -6.0600e+03
-4.3189e+06 4.9072e+01 -2.0123e+04 9.9046e+03 -1.5330e+00 1.7214e+04
-4.3361e+06 4.9771e+01 -2.0069e+04 9.9523e+03 5.0583e+00 1.7352e+04
-4.2368e+06 5.0801e+01 -2.0014e+04 1.0001e+04 -3.4692e+00 1.7485e+04
-4.2620e+06 5.2181e+01 -1.9959e+04 1.0050e+04 -1.5683e-01 1.7626e+04
-4.2439e+06 5.3547e+01 -1.9904e+04 1.0100e+04 9.4926e-01 1.7762e+04
-4.2655e+06 5.4748e+01 -1.9848e+04 1.0151e+04 1.1967e+00 1.7897e+04
-4.2737e+06 5.6121e+01 -1.9791e+04 1.0202e+04 2.8951e+00 1.8030e+04
-4.2447e+06 5.7705e+01 -1.9734e+04 1.0254e+04 5.3913e+00 1.8160e+04
-4.2417e+06 5.9189e+01 -1.9677e+04 1.0307e+04 5.0647e+00 1.8289e+04
-4.1816e+06 6.0688e+01 -1.9619e+04 1.0361e+04 6.2403e+00 1.8415e+04
-4.1480e+06 6.2531e+01 -1.9561e+04 1.0415e+04 1.1678e+01 1.8540e+04
-4.0744e+06 6.4800e+01 -1.9503e+04 1.0469e+04 1.7763e+01 1.8659e+04
-4.0556e+06 6.7651e+01 -1.9444e+04 1.0524e+04 9.0924e+01 1.8757e+04
-3.8698e+06 7.1392e+01 -1.9384e+04 1.0580e+04 4.9637e+02 1.8872e+04
-3.9425e+06 7.6416e+01 -1.9319e+04 1.0634e+04 8.0293e+02 1.8972e+04
-3.4443e+06 8.3303e+01 -1.9254e+04 1.0688e+04 1.0203e+03 1.9044e+04
-3.9126e+06 9.1340e+01 -1.9188e+04 1.0743e+04 7.9416e+02 1.9151e+04
-2.8454e+06 9.7355e+01 -1.9123e+04 1.0798e+04 1.1200e+03 1.9280e+04
-4.7140e+06 9.8044e+01 -1.9056e+04 1.0854e+04 2.2368e+02 1.9427e+04
-1.6617e+06 9.3923e+01 -1.8993e+04 1.0911e+04 9.1032e+02 1.9557e+04
-7.6113e+06 8.7185e+01 -1.8932e+04 1.0970e+04 -8.9731e+02 1.9653e+04
4.1754e+05 7.9042e+01 -1.8871e+04 1.1029e+04 2.3213e+03 1.9820e+04
-1.9872e+07 6.9062e+01 -1.8809e+04 1.1088e+04 -2.6390e+02 1.9740e+04
7.5338e+06 4.9467e+01 -1.8747e+04 1.1147e+04 3.5694e+04 6.2321e+03
9.9429e+05 1.2222e+01 -1.8685e+04 1.1206e+04 2.5434e+05 -2.2626e+04
-1.4319e+07 -3.0016e+01 -1.5908e+04 9.3950e+03 5.0450e+05 -6.6193e+04
1.2913e+07 -5.1762e+01 -1.2801e+04 7.2946e+03 5.7210e+05 -9.9498e+04
6.4008e+06 -5.2306e+01 -9.7518e+03 5.1694e+03 5.6598e+05 -1.0751e+05
1.5318e+07 -4.3231e+01 -6.7493e+03 3.0418e+03 5.6128e+05 -1.1156e+05
-1.7147e+07 -1.9379e+01 -3.7906e+03 9.1969e+02 4.4196e+05 -8.5269e+04
3.9881e+06 1.5807e+01 -1.9886e+03 -3.9402e+02 1.8269e+05 -3.4678e+04
-7.5640e+06 4.3307e+01 -2.0038e+03 -4.0507e+02 1.3913e+04 -8.4835e+03
-1.9806e+07 5.4928e+01 -2.0188e+03 -4.1591e+02 5.9435e+02 -5.6672e+03
