  1    1089
-3.6876e+06 7.0154e+01 -5.0561e+03 1.2867e+04 -2.5506e+00 1.9185e+04
-3.6908e+06 7.1264e+01 -5.0447e+03 1.2906e+04 -3.9256e+00 1.9091e+04
-3.6573e+06 7.2388e+01 -5.0331e+03 1.2946e+04 -1.4208e+00 1.8996e+04
-3.6328e+06 7.3512e+01 -5.0214e+03 1.2986e+04 -5.1261e+00 1.8899e+04
-3.5492e+06 7.4771e+01 -5.0094e+03 1.3026e+04 -1.6463e+01 1.8802e+04
-3.5271e+06 7.6132e+01 -4.9973e+03 1.3066e+04 -1.8546e+01 1.8701e+04
-3.5332e+06 7.7371e+01 -4.9850e+03 1.3107e+04 -1.8051e+00 1.8599e+04
-3.5268e+06 7.8591e+01 -4.9725e+03 1.3148e+04 5.9378e+00 1.8497e+04
-3.5564e+06 8.0050e+01 -4.9599e+03 1.3189e+04 -2.7803e+00 1.8393e+04
-3.5672e+06 8.1635e+01 -4.9471e+03 1.3230e+04 -1.0965e+01 1.8289e+04
-3.6054e+06 8.3030e+01 -4.9342e+03 1.3272e+04 -1.2027e+01 1.8182e+04
-3.5593e+06 8.4306e+01 -4.9211e+03 1.3313e+04 -7.1867e+00 1.8075e+04
-3.4940e+06 8.6271e+01 -4.9079e+03 1.3355e+04 -1.0639e+00 1.7966e+04
-3.4361e+06 8.9550e+01 -4.8946e+03 1.3397e+04 4.8748e+00 1.7854e+04
-3.4215e+06 9.2700e+01 -4.8812e+03 1.3439e+04 3.1977e+00 1.7747e+04
-3.4540e+06 9.3974e+01 -4.8676e+03 1.3481e+04 -1.1572e+01 1.7635e+04
-3.4757e+06 9.4568e+01 -4.8539e+03 1.3522e+04 -1.6568e+01 1.7519e+04
-3.4489e+06 9.6264e+01 -4.8402e+03 1.3564e+04 -4.3087e+00 1.7401e+04
-3.3785e+06 9.8650e+01 -4.8263e+03 1.3606e+04 1.5709e+01 1.7286e+04
-3.2890e+06 1.0087e+02 -4.8124e+03 1.3648e+04 1.8527e+01 1.7171e+04
-3.3978e+06 1.0285e+02 -4.7984e+03 1.3690e+04 -1.3704e+01 1.7056e+04
-3.5331e+06 1.0432e+02 -4.7843e+03 1.3731e+04 -6.4009e+01 1.6938e+04
-3.6161e+06 1.0452e+02 -4.7701e+03 1.3773e+04 -5.6770e+01 1.6811e+04
-3.2349e+06 1.0286e+02 -4.7559e+03 1.3814e+04 4.7816e+01 1.6687e+04
-3.0032e+06 1.0053e+02 -4.7416e+03 1.3856e+04 1.1302e+02 1.6569e+04
-3.2105e+06 1.0100e+02 -4.7272e+03 1.3897e+04 6.1177e+01 1.6456e+04
-3.4523e+06 1.0461e+02 -4.7128e+03 1.3938e+04 -9.3483e+01 1.6352e+04
-3.8218e+06 1.0830e+02 -4.6984e+03 1.3979e+04 -2.8444e+02 1.6220e+04
-3.8265e+06 1.1208e+02 -4.6839e+03 1.4019e+04 -3.7337e+02 1.6044e+04
-3.4732e+06 1.1737e+02 -4.6694e+03 1.4060e+04 -2.5044e+02 1.5922e+04
-2.7314e+06 1.2300e+02 -4.6548e+03 1.4100e+04 -2.8744e+01 1.5835e+04
-2.4941e+06 1.2793e+02 -4.6402e+03 1.4140e+04 -1.5750e+02 1.5734e+04
-3.3321e+06 1.3289e+02 -4.6256e+03 1.4180e+04 -9.4557e+02 1.5693e+04
-3.7252e+06 6.9178e+01 -5.0637e+03 1.2950e+04 -2.8087e+00 1.8952e+04
-3.6771e+06 7.0253e+01 -5.0525e+03 1.2989e+04 -2.7947e+00 1.8857e+04
-3.6826e+06 7.1334e+01 -5.0412e+03 1.3028e+04 7.0599e-01 1.8760e+04
-3.6341e+06 7.2407e+01 -5.0297e+03 1.3067e+04 -1.1185e+00 1.8663e+04
-3.6136e+06 7.3585e+01 -5.0180e+03 1.3106e+04 -1.0307e+01 1.8564e+04
-3.5701e+06 7.4787e+01 -5.0061e+03 1.3146e+04 -1.1411e+01 1.8462e+04
-3.5856e+06 7.5775e+01 -4.9941e+03 1.3186e+04 -3.4842e+00 1.8360e+04
-3.5990e+06 7.6679e+01 -4.9819e+03 1.3226e+04 -9.3703e-01 1.8258e+04
-3.5883e+06 7.7993e+01 -4.9695e+03 1.3266e+04 -3.5529e+00 1.8154e+04
-3.5717e+06 7.9833e+01 -4.9569e+03 1.3307e+04 -4.8778e+00 1.8049e+04
-3.5412e+06 8.1556e+01 -4.9442e+03 1.3348e+04 -2.9371e+00 1.7942e+04
-3.5424e+06 8.2799e+01 -4.9314e+03 1.3388e+04 -2.9082e+00 1.7835e+04
-3.5414e+06 8.4121e+01 -4.9184e+03 1.3429e+04 -7.6826e+00 1.7726e+04
-3.5268e+06 8.5980e+01 -4.9053e+03 1.3470e+04 -1.0441e+01 1.7615e+04
-3.4946e+06 8.7979e+01 -4.8921e+03 1.3511e+04 -7.0685e+00 1.7502e+04
-3.4552e+06 8.9628e+01 -4.8788e+03 1.3552e+04 -2.8210e-01 1.7389e+04
-3.4301e+06 9.1299e+01 -4.8654e+03 1.3593e+04 3.7603e+00 1.7278e+04
-3.4268e+06 9.3484e+01 -4.8518e+03 1.3634e+04 2.6510e+00 1.7164e+04
-3.4324e+06 9.5909e+01 -4.8382e+03 1.3675e+04 -7.2698e+00 1.7049e+04
-3.4399e+06 9.8219e+01 -4.8245e+03 1.3716e+04 -1.3764e+01 1.6931e+04
-3.3553e+06 1.0038e+02 -4.8106e+03 1.3757e+04 -2.3616e+00 1.6811e+04
-3.2701e+06 1.0218e+02 -4.7967e+03 1.3798e+04 3.1249e+01 1.6693e+04
-3.2669e+06 1.0295e+02 -4.7828e+03 1.3839e+04 4.0898e+01 1.6577e+04
-3.5421e+06 1.0071e+02 -4.7687e+03 1.3880e+04 -2.2844e+01 1.6461e+04
-3.7615e+06 9.5782e+01 -4.7546e+03 1.3920e+04 -8.0618e+01 1.6335e+04
-3.6525e+06 9.3368e+01 -4.7405e+03 1.3960e+04 -5.0196e+01 1.6208e+04
-3.4971e+06 9.5518e+01 -4.7262e+03 1.4000e+04 2.0123e+01 1.6079e+04
-3.2035e+06 9.9095e+01 -4.7120e+03 1.4040e+04 8.7145e+01 1.5940e+04
-3.1593e+06 1.0330e+02 -4.6976e+03 1.4080e+04 9.5404e+01 1.5811e+04
-3.2819e+06 1.0916e+02 -4.6833e+03 1.4120e+04 -5.6067e+01 1.5706e+04
-3.6555e+06 1.1574e+02 -4.6689e+03 1.4159e+04 -3.4425e+02 1.5558e+04
-3.7541e+06 1.2175e+02 -4.6545e+03 1.4198e+04 -5.3255e+02 1.5383e+04
-3.2414e+06 1.2697e+02 -4.6400e+03 1.4237e+04 -3.9086e+02 1.5315e+04
-3.7161e+06 6.8243e+01 -5.0710e+03 1.3032e+04 -2.3056e+00 1.8715e+04
-3.7119e+06 6.9285e+01 -5.0602e+03 1.3070e+04 -1.0244e+00 1.8623e+04
-3.6780e+06 7.0359e+01 -5.0491e+03 1.3108e+04 7.4299e-01 1.8526e+04
-3.6924e+06 7.1415e+01 -5.0378e+03 1.3147e+04 -3.0812e-01 1.8428e+04
-3.6491e+06 7.2498e+01 -5.0264e+03 1.3185e+04 -1.4042e+00 1.8330e+04
-3.6443e+06 7.3482e+01 -5.0147e+03 1.3224e+04 -2.8568e+00 1.8229e+04
-3.6433e+06 7.3953e+01 -5.0029e+03 1.3264e+04 -2.1286e+00 1.8127e+04
-3.6442e+06 7.3926e+01 -4.9909e+03 1.3303e+04 -2.9122e-01 1.8024e+04
-3.6424e+06 7.4540e+01 -4.9788e+03 1.3343e+04 -2.9351e+00 1.7921e+04
-3.6134e+06 7.6729e+01 -4.9665e+03 1.3382e+04 -7.5437e+00 1.7818e+04
-3.5914e+06 7.9375e+01 -4.9540e+03 1.3422e+04 -8.2768e+00 1.7713e+04
-3.5661e+06 8.1137e+01 -4.9414e+03 1.3462e+04 -3.5860e+00 1.7605e+04
-3.5470e+06 8.2465e+01 -4.9287e+03 1.3502e+04 -5.9518e-01 1.7497e+04
-3.5209e+06 8.3987e+01 -4.9158e+03 1.3542e+04 -8.0904e-01 1.7387e+04
-3.5102e+06 8.5611e+01 -4.9028e+03 1.3583e+04 -2.8301e+00 1.7277e+04
-3.5085e+06 8.7233e+01 -4.8897e+03 1.3623e+04 -7.1245e+00 1.7165e+04
-3.4942e+06 8.8989e+01 -4.8765e+03 1.3663e+04 -7.9911e+00 1.7051e+04
-3.4548e+06 9.1076e+01 -4.8632e+03 1.3703e+04 -1.6782e+00 1.6936e+04
-3.4057e+06 9.3368e+01 -4.8497e+03 1.3743e+04 6.5090e+00 1.6821e+04
-3.3552e+06 9.5640e+01 -4.8362e+03 1.3784e+04 5.3537e+00 1.6705e+04
-3.3818e+06 9.7715e+01 -4.8226e+03 1.3824e+04 -8.1363e+00 1.6590e+04
-3.4349e+06 9.9740e+01 -4.8089e+03 1.3864e+04 -2.2254e+01 1.6471e+04
-3.4779e+06 1.0169e+02 -4.7951e+03 1.3904e+04 -6.4304e+00 1.6349e+04
-3.3850e+06 1.0023e+02 -4.7813e+03 1.3943e+04 2.7682e+01 1.6228e+04
-3.3591e+06 9.3776e+01 -4.7674e+03 1.3983e+04 3.7327e+01 1.6110e+04
-3.5015e+06 8.8479e+01 -4.7534e+03 1.4022e+04 2.4961e+01 1.5991e+04
-3.5836e+06 8.8554e+01 -4.7393e+03 1.4062e+04 -7.5049e+00 1.5873e+04
-3.7306e+06 9.1608e+01 -4.7253e+03 1.4101e+04 -4.7362e+01 1.5752e+04
-3.7081e+06 9.5749e+01 -4.7111e+03 1.4140e+04 -6.0253e+01 1.5630e+04
-3.5452e+06 1.0094e+02 -4.6969e+03 1.4178e+04 -1.9362e+01 1.5493e+04
-3.2310e+06 1.0720e+02 -4.6827e+03 1.4217e+04 5.1058e+01 1.5375e+04
-3.1107e+06 1.1429e+02 -4.6684e+03 1.4255e+04 -3.1618e+01 1.5230e+04
-3.3355e+06 1.2100e+02 -4.6541e+03 1.4293e+04 -2.4048e+02 1.5189e+04
-3.7354e+06 6.7347e+01 -5.0781e+03 1.3113e+04 -4.9165e-01 1.8482e+04
-3.7046e+06 6.8340e+01 -5.0675e+03 1.3150e+04 -3.6003e-01 1.8389e+04
-3.7157e+06 6.9358e+01 -5.0567e+03 1.3187e+04 -9.2944e-01 1.8291e+04
-3.7043e+06 7.0313e+01 -5.0457e+03 1.3225e+04 -3.2676e+00 1.8194e+04
-3.7043e+06 7.1210e+01 -5.0345e+03 1.3263e+04 -1.7264e+00 1.8095e+04
-3.6811e+06 7.1815e+01 -5.0231e+03 1.3301e+04 -2.6309e-01 1.7993e+04
-3.7090e+06 7.1453e+01 -5.0115e+03 1.3340e+04 -2.0232e+00 1.7889e+04
-3.7382e+06 7.0183e+01 -4.9998e+03 1.3379e+04 -3.1064e+00 1.7787e+04
-3.7376e+06 6.9858e+01 -4.9879e+03 1.3417e+04 -4.1912e+00 1.7684e+04
-3.6931e+06 7.2155e+01 -4.9758e+03 1.3456e+04 -4.0333e+00 1.7580e+04
-3.6281e+06 7.5858e+01 -4.9636e+03 1.3495e+04 -2.9619e+00 1.7475e+04
-3.6031e+06 7.8782e+01 -4.9512e+03 1.3535e+04 -1.4669e+00 1.7368e+04
-3.5827e+06 8.0718e+01 -4.9387e+03 1.3574e+04 -1.6859e+00 1.7260e+04
-3.5725e+06 8.2295e+01 -4.9260e+03 1.3613e+04 -3.8229e+00 1.7150e+04
-3.5419e+06 8.3768e+01 -4.9133e+03 1.3653e+04 -2.0133e+00 1.7039e+04
-3.5114e+06 8.5256e+01 -4.9004e+03 1.3692e+04 9.6272e-01 1.6927e+04
-3.4815e+06 8.6896e+01 -4.8874e+03 1.3731e+04 -3.4550e-01 1.6815e+04
-3.4634e+06 8.8838e+01 -4.8742e+03 1.3771e+04 -1.4762e+00 1.6701e+04
-3.4406e+06 9.0970e+01 -4.8610e+03 1.3810e+04 -5.3753e+00 1.6586e+04
-3.4343e+06 9.3061e+01 -4.8477e+03 1.3850e+04 -1.0466e+01 1.6469e+04
-3.4063e+06 9.4683e+01 -4.8343e+03 1.3889e+04 -5.3429e+00 1.6352e+04
-3.3852e+06 9.5970e+01 -4.8208e+03 1.3928e+04 1.0053e+01 1.6234e+04
-3.3686e+06 9.7533e+01 -4.8072e+03 1.3967e+04 1.2398e+01 1.6116e+04
-3.4858e+06 9.6427e+01 -4.7936e+03 1.4006e+04 -1.2950e+01 1.5999e+04
-3.6399e+06 9.0495e+01 -4.7798e+03 1.4045e+04 -3.2456e+01 1.5877e+04
-3.6681e+06 8.5037e+01 -4.7660e+03 1.4083e+04 -1.9947e+01 1.5753e+04
-3.6413e+06 8.4318e+01 -4.7522e+03 1.4122e+04 3.7615e+00 1.5632e+04
-3.5083e+06 8.6655e+01 -4.7383e+03 1.4160e+04 2.9582e+01 1.5510e+04
-3.4683e+06 8.9898e+01 -4.7243e+03 1.4198e+04 3.7017e+01 1.5391e+04
-3.5054e+06 9.3345e+01 -4.7103e+03 1.4236e+04 1.0008e+01 1.5267e+04
-3.6682e+06 9.7852e+01 -4.6962e+03 1.4274e+04 -4.8025e+01 1.5162e+04
-3.6610e+06 1.0483e+02 -4.6821e+03 1.4311e+04 -1.2599e+02 1.4996e+04
-3.3291e+06 1.1316e+02 -4.6680e+03 1.4348e+04 -9.7854e+01 1.4895e+04
-3.7241e+06 6.6490e+01 -5.0850e+03 1.3192e+04 3.2166e-01 1.8247e+04
-3.7313e+06 6.7422e+01 -5.0747e+03 1.3228e+04 1.0504e+00 1.8154e+04
-3.7015e+06 6.8319e+01 -5.0641e+03 1.3265e+04 1.4035e+00 1.8057e+04
-3.7146e+06 6.9023e+01 -5.0533e+03 1.3302e+04 -4.3239e-01 1.7959e+04
-3.7048e+06 6.9414e+01 -5.0424e+03 1.3340e+04 3.8862e-01 1.7859e+04
-3.7344e+06 6.9216e+01 -5.0312e+03 1.3377e+04 6.9349e-01 1.7758e+04
-3.7692e+06 6.8048e+01 -5.0199e+03 1.3415e+04 -1.0162e+00 1.7657e+04
-3.8158e+06 6.6368e+01 -5.0083e+03 1.3453e+04 -2.9633e+00 1.7556e+04
-3.8201e+06 6.5859e+01 -4.9967e+03 1.3491e+04 -5.0872e+00 1.7453e+04
-3.7755e+06 6.7895e+01 -4.9848e+03 1.3529e+04 -6.1741e+00 1.7348e+04
-3.7096e+06 7.1846e+01 -4.9728e+03 1.3567e+04 -6.7133e+00 1.7241e+04
-3.6495e+06 7.5938e+01 -4.9607e+03 1.3606e+04 -3.9200e+00 1.7134e+04
-3.6095e+06 7.8990e+01 -4.9484e+03 1.3644e+04 1.1426e+00 1.7026e+04
-3.5786e+06 8.0820e+01 -4.9360e+03 1.3683e+04 3.0440e+00 1.6916e+04
-3.5606e+06 8.2073e+01 -4.9234e+03 1.3721e+04 1.3161e+00 1.6806e+04
-3.5428e+06 8.3372e+01 -4.9107e+03 1.3760e+04 -1.3370e+00 1.6694e+04
-3.5144e+06 8.4890e+01 -4.8979e+03 1.3799e+04 -4.1057e+00 1.6582e+04
-3.4805e+06 8.6688e+01 -4.8850e+03 1.3837e+04 -3.4158e+00 1.6468e+04
-3.4445e+06 8.8701e+01 -4.8720e+03 1.3876e+04 3.7970e-02 1.6353e+04
-3.4194e+06 9.0697e+01 -4.8589e+03 1.3914e+04 -3.7691e-01 1.6237e+04
-3.4380e+06 9.1727e+01 -4.8457e+03 1.3953e+04 -3.6868e+00 1.6121e+04
-3.4758e+06 9.1157e+01 -4.8324e+03 1.3991e+04 -8.2286e+00 1.6002e+04
-3.5043e+06 8.9956e+01 -4.8190e+03 1.4029e+04 -6.1559e+00 1.5883e+04
-3.5106e+06 8.7748e+01 -4.8055e+03 1.4067e+04 7.9319e+00 1.5763e+04
-3.5370e+06 8.3923e+01 -4.7920e+03 1.4105e+04 1.8484e+01 1.5644e+04
-3.6196e+06 8.1207e+01 -4.7784e+03 1.4143e+04 1.3325e+01 1.5525e+04
-3.6500e+06 8.1408e+01 -4.7647e+03 1.4181e+04 -4.1765e+00 1.5406e+04
-3.7067e+06 8.3288e+01 -4.7510e+03 1.4218e+04 -1.9973e+01 1.5285e+04
-3.6850e+06 8.5486e+01 -4.7372e+03 1.4256e+04 -2.4440e+01 1.5163e+04
-3.6253e+06 8.7386e+01 -4.7233e+03 1.4293e+04 -6.7702e+00 1.5035e+04
-3.4950e+06 9.0005e+01 -4.7094e+03 1.4329e+04 2.8128e+01 1.4917e+04
-3.4038e+06 9.5492e+01 -4.6955e+03 1.4366e+04 1.8828e+01 1.4779e+04
-3.3955e+06 1.0383e+02 -4.6815e+03 1.4402e+04 -5.6001e+01 1.4678e+04
-3.7455e+06 6.5682e+01 -5.0917e+03 1.3270e+04 1.7120e+00 1.8013e+04
-3.7383e+06 6.6577e+01 -5.0816e+03 1.3305e+04 2.0983e+00 1.7920e+04
-3.7374e+06 6.7290e+01 -5.0713e+03 1.3342e+04 2.9099e+00 1.7823e+04
-3.7254e+06 6.7480e+01 -5.0607e+03 1.3378e+04 1.5823e+00 1.7725e+04
-3.7595e+06 6.6957e+01 -5.0500e+03 1.3415e+04 4.5484e-01 1.7626e+04
-3.7919e+06 6.5857e+01 -5.0391e+03 1.3451e+04 -3.7106e-01 1.7526e+04
-3.8438e+06 6.4585e+01 -5.0280e+03 1.3488e+04 -2.8194e+00 1.7425e+04
-3.8722e+06 6.3715e+01 -5.0167e+03 1.3526e+04 -4.7277e+00 1.7323e+04
-3.8716e+06 6.3816e+01 -5.0052e+03 1.3563e+04 -5.2812e+00 1.7219e+04
-3.8339e+06 6.5331e+01 -4.9936e+03 1.3600e+04 -5.3251e+00 1.7114e+04
-3.7650e+06 6.8492e+01 -4.9818e+03 1.3638e+04 -6.9833e+00 1.7007e+04
-3.6994e+06 7.2895e+01 -4.9699e+03 1.3676e+04 -5.3081e+00 1.6899e+04
-3.6429e+06 7.7016e+01 -4.9579e+03 1.3713e+04 3.7841e-01 1.6791e+04
-3.6147e+06 7.9450e+01 -4.9457e+03 1.3751e+04 2.3396e+00 1.6682e+04
-3.5800e+06 8.0619e+01 -4.9333e+03 1.3789e+04 1.4688e+00 1.6572e+04
-3.5526e+06 8.1698e+01 -4.9209e+03 1.3827e+04 3.0953e-01 1.6460e+04
-3.5196e+06 8.3094e+01 -4.9083e+03 1.3865e+04 -1.6037e+00 1.6348e+04
-3.4939e+06 8.4794e+01 -4.8956e+03 1.3902e+04 -2.6973e+00 1.6234e+04
-3.4641e+06 8.6821e+01 -4.8828e+03 1.3940e+04 -2.5792e+00 1.6120e+04
-3.4521e+06 8.8796e+01 -4.8699e+03 1.3978e+04 -3.5098e+00 1.6004e+04
-3.4514e+06 8.9043e+01 -4.8568e+03 1.4015e+04 -3.2590e+00 1.5887e+04
-3.4912e+06 8.6392e+01 -4.8437e+03 1.4053e+04 1.0589e+00 1.5768e+04
-3.5406e+06 8.2604e+01 -4.8305e+03 1.4090e+04 3.0768e+00 1.5649e+04
-3.6255e+06 7.9762e+01 -4.8173e+03 1.4128e+04 -5.3130e+00 1.5531e+04
-3.6948e+06 7.8280e+01 -4.8039e+03 1.4165e+04 -1.4109e+01 1.5413e+04
-3.6910e+06 7.8289e+01 -4.7905e+03 1.4202e+04 -1.0528e+01 1.5294e+04
-3.6608e+06 7.9437e+01 -4.7770e+03 1.4239e+04 -8.8714e-01 1.5174e+04
-3.6021e+06 8.1004e+01 -4.7634e+03 1.4275e+04 1.0386e+01 1.5053e+04
-3.5875e+06 8.2585e+01 -4.7498e+03 1.4312e+04 1.2054e+01 1.4933e+04
-3.6058e+06 8.3867e+01 -4.7361e+03 1.4348e+04 -1.7302e-02 1.4810e+04
-3.6426e+06 8.5426e+01 -4.7224e+03 1.4384e+04 -1.6335e+01 1.4691e+04
-3.6341e+06 8.8891e+01 -4.7086e+03 1.4420e+04 -2.5866e+01 1.4558e+04
-3.4620e+06 9.5158e+01 -4.6948e+03 1.4455e+04 -3.4333e+00 1.4436e+04
-3.7527e+06 6.4992e+01 -5.0982e+03 1.3346e+04 1.5851e+00 1.7779e+04
-3.7912e+06 6.5794e+01 -5.0883e+03 1.3381e+04 -6.5839e-01 1.7685e+04
-3.7773e+06 6.6034e+01 -5.0782e+03 1.3416e+04 5.2692e-01 1.7588e+04
-3.7851e+06 6.5386e+01 -5.0679e+03 1.3452e+04 1.5677e+00 1.7491e+04
-3.8074e+06 6.4074e+01 -5.0574e+03 1.3488e+04 -5.3863e-01 1.7392e+04
-3.8641e+06 6.2808e+01 -5.0467e+03 1.3524e+04 -2.5126e+00 1.7292e+04
-3.8799e+06 6.2230e+01 -5.0358e+03 1.3560e+04 -2.7801e+00 1.7191e+04
-3.8984e+06 6.2433e+01 -5.0248e+03 1.3597e+04 -2.5153e+00 1.7088e+04
-3.8792e+06 6.3071e+01 -5.0135e+03 1.3634e+04 -2.9472e+00 1.6984e+04
-3.8692e+06 6.4041e+01 -5.0022e+03 1.3670e+04 -3.6601e+00 1.6879e+04
-3.8214e+06 6.6003e+01 -4.9906e+03 1.3707e+04 -6.2657e+00 1.6773e+04
-3.7565e+06 6.9648e+01 -4.9789e+03 1.3744e+04 -5.9323e+00 1.6665e+04
-3.6824e+06 7.4130e+01 -4.9671e+03 1.3781e+04 -1.3048e-01 1.6558e+04
-3.6335e+06 7.7496e+01 -4.9551e+03 1.3818e+04 2.8320e+00 1.6449e+04
-3.5965e+06 7.9166e+01 -4.9430e+03 1.3855e+04 9.0526e-01 1.6338e+04
-3.5709e+06 8.0206e+01 -4.9307e+03 1.3892e+04 -1.2136e+00 1.6226e+04
-3.5370e+06 8.1489e+01 -4.9183e+03 1.3929e+04 -3.9543e+00 1.6114e+04
-3.5107e+06 8.3172e+01 -4.9058e+03 1.3966e+04 -4.1262e+00 1.6001e+04
-3.4811e+06 8.5090e+01 -4.8932e+03 1.4003e+04 -1.6212e-01 1.5886e+04
-3.4804e+06 8.6331e+01 -4.8805e+03 1.4040e+04 1.7028e+00 1.5771e+04
-3.5056e+06 8.5157e+01 -4.8677e+03 1.4077e+04 9.2279e-01 1.5654e+04
-3.5729e+06 8.1356e+01 -4.8548e+03 1.4114e+04 -3.5281e+00 1.5535e+04
-3.6335e+06 7.7477e+01 -4.8418e+03 1.4150e+04 -6.2172e+00 1.5417e+04
-3.6610e+06 7.5679e+01 -4.8287e+03 1.4187e+04 -1.3872e+00 1.5300e+04
-3.6411e+06 7.5792e+01 -4.8156e+03 1.4223e+04 2.2747e+00 1.5184e+04
-3.6562e+06 7.6821e+01 -4.8023e+03 1.4259e+04 1.3597e+00 1.5066e+04
-3.6500e+06 7.8075e+01 -4.7890e+03 1.4295e+04 -4.3160e+00 1.4946e+04
-3.6714e+06 7.9369e+01 -4.7756e+03 1.4331e+04 -9.3422e+00 1.4825e+04
-3.6517e+06 8.0715e+01 -4.7622e+03 1.4367e+04 -1.1004e+01 1.4704e+04
-3.6312e+06 8.1952e+01 -4.7487e+03 1.4402e+04 -5.1885e+00 1.4580e+04
-3.5823e+06 8.3177e+01 -4.7351e+03 1.4438e+04 5.6906e+00 1.4460e+04
-3.5413e+06 8.5083e+01 -4.7215e+03 1.4473e+04 4.0446e+00 1.4332e+04
-3.5193e+06 8.8661e+01 -4.7078e+03 1.4507e+04 1.8220e+00 1.4210e+04
-3.7767e+06 6.4313e+01 -5.1045e+03 1.3421e+04 2.1988e+00 1.7545e+04
-3.8062e+06 6.4643e+01 -5.0948e+03 1.3455e+04 -2.1036e-02 1.7451e+04
-3.8284e+06 6.4040e+01 -5.0849e+03 1.3490e+04 -9.0055e-02 1.7354e+04
-3.8296e+06 6.2745e+01 -5.0748e+03 1.3525e+04 4.2849e-01 1.7256e+04
-3.8686e+06 6.1509e+01 -5.0646e+03 1.3560e+04 -1.6316e+00 1.7158e+04
-3.8907e+06 6.0939e+01 -5.0541e+03 1.3596e+04 -2.5509e+00 1.7057e+04
-3.9057e+06 6.1145e+01 -5.0435e+03 1.3631e+04 -1.9882e+00 1.6956e+04
-3.8981e+06 6.1825e+01 -5.0326e+03 1.3667e+04 -1.1383e+00 1.6854e+04
-3.8949e+06 6.2583e+01 -5.0216e+03 1.3703e+04 -1.3266e+00 1.6750e+04
-3.8769e+06 6.3264e+01 -5.0105e+03 1.3739e+04 -2.0643e+00 1.6645e+04
-3.8552e+06 6.4310e+01 -4.9991e+03 1.3775e+04 -3.4821e+00 1.6539e+04
-3.8060e+06 6.6661e+01 -4.9877e+03 1.3811e+04 -4.3870e+00 1.6432e+04
-3.7366e+06 7.0524e+01 -4.9760e+03 1.3847e+04 -4.1133e+00 1.6325e+04
-3.6733e+06 7.4523e+01 -4.9643e+03 1.3884e+04 -2.7002e+00 1.6216e+04
-3.6215e+06 7.7161e+01 -4.9524e+03 1.3920e+04 -1.9811e+00 1.6105e+04
-3.5878e+06 7.8573e+01 -4.9403e+03 1.3956e+04 -1.8222e+00 1.5993e+04
-3.5561e+06 7.9846e+01 -4.9282e+03 1.3992e+04 -2.9014e+00 1.5881e+04
-3.5292e+06 8.1405e+01 -4.9159e+03 1.4029e+04 -2.7366e+00 1.5767e+04
-3.5310e+06 8.2578e+01 -4.9035e+03 1.4065e+04 -7.5420e-01 1.5653e+04
-3.5976e+06 8.2178e+01 -4.8910e+03 1.4101e+04 -4.5069e+00 1.5537e+04
-3.6361e+06 7.9714e+01 -4.8783e+03 1.4137e+04 -5.3284e+00 1.5420e+04
-3.6468e+06 7.6472e+01 -4.8656e+03 1.4173e+04 -3.6426e+00 1.5303e+04
-3.6638e+06 7.4462e+01 -4.8528e+03 1.4209e+04 -4.6658e+00 1.5188e+04
-3.6783e+06 7.4230e+01 -4.8399e+03 1.4245e+04 -5.4165e+00 1.5072e+04
-3.6827e+06 7.4946e+01 -4.8269e+03 1.4280e+04 -8.0463e+00 1.4954e+04
-3.6682e+06 7.5893e+01 -4.8139e+03 1.4316e+04 -7.2250e+00 1.4835e+04
-3.6431e+06 7.6894e+01 -4.8008e+03 1.4351e+04 -3.0013e+00 1.4715e+04
-3.6165e+06 7.7982e+01 -4.7875e+03 1.4386e+04 1.3098e+00 1.4595e+04
-3.6033e+06 7.9166e+01 -4.7743e+03 1.4421e+04 1.9192e+00 1.4475e+04
-3.6074e+06 8.0381e+01 -4.7609e+03 1.4456e+04 -1.6066e+00 1.4353e+04
-3.6116e+06 8.1575e+01 -4.7475e+03 1.4490e+04 -7.2937e+00 1.4233e+04
-3.6215e+06 8.2803e+01 -4.7341e+03 1.4524e+04 -1.5481e+01 1.4105e+04
-3.5515e+06 8.4579e+01 -4.7206e+03 1.4558e+04 -6.5431e+00 1.3985e+04
-3.7892e+06 6.3109e+01 -5.1105e+03 1.3494e+04 2.7135e+00 1.7311e+04
-3.8331e+06 6.2593e+01 -5.1011e+03 1.3528e+04 1.9619e+00 1.7217e+04
-3.8571e+06 6.1394e+01 -5.0914e+03 1.3562e+04 3.0295e-01 1.7120e+04
-3.8814e+06 6.0311e+01 -5.0816e+03 1.3596e+04 -8.5454e-01 1.7022e+04
-3.8927e+06 5.9920e+01 -5.0715e+03 1.3631e+04 -1.6287e+00 1.6923e+04
-3.9068e+06 6.0146e+01 -5.0613e+03 1.3666e+04 -1.7238e+00 1.6823e+04
-3.9027e+06 6.0666e+01 -5.0509e+03 1.3701e+04 -1.1477e+00 1.6722e+04
-3.9036e+06 6.1292e+01 -5.0403e+03 1.3736e+04 -6.9122e-01 1.6620e+04
-3.8886e+06 6.1980e+01 -5.0295e+03 1.3771e+04 -6.7228e-01 1.6516e+04
-3.8860e+06 6.2635e+01 -5.0185e+03 1.3806e+04 -1.4195e+00 1.6411e+04
-3.8694e+06 6.3291e+01 -5.0074e+03 1.3842e+04 -2.2282e+00 1.6305e+04
-3.8476e+06 6.4559e+01 -4.9962e+03 1.3877e+04 -3.1120e+00 1.6198e+04
-3.7897e+06 6.7207e+01 -4.9848e+03 1.3912e+04 -4.1428e+00 1.6091e+04
-3.7194e+06 7.0929e+01 -4.9732e+03 1.3948e+04 -4.2220e+00 1.5983e+04
-3.6605e+06 7.4248e+01 -4.9615e+03 1.3983e+04 -3.0047e+00 1.5871e+04
-3.6196e+06 7.6306e+01 -4.9497e+03 1.4019e+04 -1.4271e+00 1.5759e+04
-3.5920e+06 7.7695e+01 -4.9377e+03 1.4055e+04 -7.0087e-01 1.5647e+04
-3.5704e+06 7.8773e+01 -4.9256e+03 1.4090e+04 5.3962e-01 1.5534e+04
-3.5893e+06 7.8733e+01 -4.9134e+03 1.4125e+04 1.9575e+00 1.5420e+04
-3.6657e+06 7.7101e+01 -4.9011e+03 1.4161e+04 -3.2607e+00 1.5304e+04
-3.7085e+06 7.4825e+01 -4.8887e+03 1.4196e+04 -8.5127e+00 1.5189e+04
-3.6983e+06 7.3356e+01 -4.8762e+03 1.4231e+04 -9.6341e+00 1.5074e+04
-3.6940e+06 7.3223e+01 -4.8636e+03 1.4266e+04 -8.4913e+00 1.4959e+04
-3.6703e+06 7.3836e+01 -4.8509e+03 1.4301e+04 -2.7361e+00 1.4842e+04
-3.6500e+06 7.4504e+01 -4.8381e+03 1.4336e+04 -1.0420e+00 1.4724e+04
-3.6436e+06 7.5124e+01 -4.8252e+03 1.4371e+04 -2.9124e+00 1.4605e+04
-3.6397e+06 7.5865e+01 -4.8122e+03 1.4405e+04 -5.3475e+00 1.4486e+04
-3.6322e+06 7.6759e+01 -4.7992e+03 1.4440e+04 -6.7391e+00 1.4366e+04
-3.6271e+06 7.7742e+01 -4.7861e+03 1.4474e+04 -7.4683e+00 1.4246e+04
-3.6028e+06 7.8803e+01 -4.7730e+03 1.4508e+04 -4.3595e+00 1.4124e+04
-3.5901e+06 7.9961e+01 -4.7597e+03 1.4541e+04 1.3881e+00 1.4005e+04
-3.5616e+06 8.1106e+01 -4.7464e+03 1.4575e+04 -2.0150e+00 1.3878e+04
-3.5645e+06 8.2244e+01 -4.7331e+03 1.4608e+04 -5.7345e+00 1.3759e+04
-3.8350e+06 6.1033e+01 -5.1164e+03 1.3566e+04 1.7476e+00 1.7077e+04
-3.8744e+06 6.0026e+01 -5.1072e+03 1.3599e+04 -2.7054e-01 1.6983e+04
-3.9055e+06 5.9086e+01 -5.0978e+03 1.3633e+04 -1.8513e+00 1.6886e+04
-3.9044e+06 5.8827e+01 -5.0881e+03 1.3667e+04 -1.8942e+00 1.6788e+04
-3.9093e+06 5.9211e+01 -5.0783e+03 1.3700e+04 -8.6622e-01 1.6690e+04
-3.9027e+06 5.9792e+01 -5.0683e+03 1.3734e+04 -6.9001e-01 1.6590e+04
-3.9087e+06 6.0287e+01 -5.0581e+03 1.3769e+04 -5.9398e-01 1.6488e+04
-3.8997e+06 6.0746e+01 -5.0477e+03 1.3803e+04 -5.3736e-01 1.6386e+04
-3.8986e+06 6.1327e+01 -5.0371e+03 1.3838e+04 -7.8717e-01 1.6282e+04
-3.8781e+06 6.1997e+01 -5.0264e+03 1.3872e+04 -9.8404e-01 1.6177e+04
-3.8764e+06 6.2608e+01 -5.0155e+03 1.3907e+04 -1.2642e+00 1.6072e+04
-3.8596e+06 6.3346e+01 -5.0045e+03 1.3941e+04 -2.0468e+00 1.5965e+04
-3.8366e+06 6.4867e+01 -4.9933e+03 1.3976e+04 -2.8768e+00 1.5857e+04
-3.7822e+06 6.7577e+01 -4.9819e+03 1.4011e+04 -2.7817e+00 1.5748e+04
-3.7398e+06 7.0745e+01 -4.9704e+03 1.4046e+04 -3.4331e+00 1.5638e+04
-3.6910e+06 7.3183e+01 -4.9588e+03 1.4081e+04 -8.8946e-01 1.5526e+04
-3.6481e+06 7.4588e+01 -4.9470e+03 1.4115e+04 1.5216e+00 1.5414e+04
-3.6312e+06 7.5014e+01 -4.9352e+03 1.4150e+04 8.8752e-01 1.5301e+04
-3.6522e+06 7.4265e+01 -4.9232e+03 1.4185e+04 9.7424e-01 1.5186e+04
-3.6879e+06 7.2863e+01 -4.9111e+03 1.4219e+04 -3.2250e-01 1.5073e+04
-3.6996e+06 7.1975e+01 -4.8988e+03 1.4254e+04 -2.4090e+00 1.4959e+04
-3.6855e+06 7.2099e+01 -4.8865e+03 1.4288e+04 -2.6728e+00 1.4844e+04
-3.6762e+06 7.2823e+01 -4.8741e+03 1.4323e+04 -1.6189e+00 1.4729e+04
-3.6695e+06 7.3581e+01 -4.8616e+03 1.4357e+04 -1.7645e+00 1.4612e+04
-3.6643e+06 7.4133e+01 -4.8490e+03 1.4391e+04 -4.2947e+00 1.4494e+04
-3.6477e+06 7.4563e+01 -4.8363e+03 1.4425e+04 -5.7914e+00 1.4376e+04
-3.6310e+06 7.5072e+01 -4.8235e+03 1.4459e+04 -5.2406e+00 1.4257e+04
-3.6147e+06 7.5744e+01 -4.8106e+03 1.4492e+04 -3.5263e+00 1.4137e+04
-3.6049e+06 7.6502e+01 -4.7977e+03 1.4526e+04 -3.7385e+00 1.4018e+04
-3.6035e+06 7.7325e+01 -4.7847e+03 1.4559e+04 -3.7645e+00 1.3897e+04
-3.5958e+06 7.8329e+01 -4.7717e+03 1.4592e+04 -3.0099e+00 1.3778e+04
-3.5937e+06 7.9491e+01 -4.7585e+03 1.4624e+04 -6.9889e+00 1.3652e+04
-3.5551e+06 8.0602e+01 -4.7454e+03 1.4657e+04 -3.7381e+00 1.3531e+04
-3.8863e+06 5.8608e+01 -5.1221e+03 1.3637e+04 2.7400e-01 1.6844e+04
-3.9202e+06 5.7955e+01 -5.1131e+03 1.3669e+04 -3.5214e-01 1.6750e+04
-3.9204e+06 5.7787e+01 -5.1039e+03 1.3702e+04 -1.2335e+00 1.6653e+04
-3.9206e+06 5.8173e+01 -5.0945e+03 1.3735e+04 -9.6859e-01 1.6555e+04
-3.9078e+06 5.8827e+01 -5.0849e+03 1.3768e+04 8.4017e-02 1.6456e+04
-3.9083e+06 5.9448e+01 -5.0751e+03 1.3802e+04 1.7214e-01 1.6356e+04
-3.9022e+06 5.9919e+01 -5.0651e+03 1.3835e+04 -4.4168e-02 1.6255e+04
-3.9042e+06 6.0304e+01 -5.0549e+03 1.3869e+04 -1.7738e-02 1.6152e+04
-3.8888e+06 6.0769e+01 -5.0446e+03 1.3903e+04 -5.4587e-01 1.6049e+04
-3.8840e+06 6.1374e+01 -5.0340e+03 1.3937e+04 -1.2071e+00 1.5944e+04
-3.8701e+06 6.2014e+01 -5.0234e+03 1.3971e+04 -6.0743e-01 1.5838e+04
-3.8762e+06 6.2634e+01 -5.0125e+03 1.4005e+04 -1.6481e+00 1.5732e+04
-3.8541e+06 6.3502e+01 -5.0015e+03 1.4039e+04 -2.0622e+00 1.5624e+04
-3.8501e+06 6.5130e+01 -4.9904e+03 1.4073e+04 -3.2622e+00 1.5515e+04
-3.8630e+06 6.7498e+01 -4.9791e+03 1.4107e+04 -1.0230e+01 1.5405e+04
-3.8220e+06 6.9696e+01 -4.9677e+03 1.4141e+04 -8.7496e+00 1.5294e+04
-3.7279e+06 7.0880e+01 -4.9561e+03 1.4175e+04 -9.3606e-01 1.5182e+04
-3.7031e+06 7.0992e+01 -4.9445e+03 1.4209e+04 -1.6238e+00 1.5068e+04
-3.7116e+06 7.0539e+01 -4.9327e+03 1.4243e+04 -2.3021e+00 1.4955e+04
-3.7184e+06 7.0259e+01 -4.9207e+03 1.4277e+04 -1.2746e+00 1.4842e+04
-3.7185e+06 7.0628e+01 -4.9087e+03 1.4311e+04 -1.1750e+00 1.4729e+04
-3.7055e+06 7.1477e+01 -4.8966e+03 1.4344e+04 -1.0263e+00 1.4614e+04
-3.6868e+06 7.2378e+01 -4.8843e+03 1.4378e+04 -1.1912e+00 1.4498e+04
-3.6685e+06 7.3141e+01 -4.8720e+03 1.4411e+04 -7.3477e-01 1.4382e+04
-3.6517e+06 7.3739e+01 -4.8596e+03 1.4445e+04 -1.2321e+00 1.4264e+04
-3.6352e+06 7.4163e+01 -4.8471e+03 1.4478e+04 -3.0619e+00 1.4146e+04
-3.6283e+06 7.4524e+01 -4.8345e+03 1.4511e+04 -4.9311e+00 1.4028e+04
-3.6169e+06 7.4974e+01 -4.8218e+03 1.4544e+04 -5.2707e+00 1.3909e+04
-3.6168e+06 7.5507e+01 -4.8090e+03 1.4576e+04 -6.2561e+00 1.3790e+04
-3.5982e+06 7.6102e+01 -4.7962e+03 1.4609e+04 -4.6304e+00 1.3670e+04
-3.5935e+06 7.6893e+01 -4.7833e+03 1.4641e+04 -1.2522e+00 1.3551e+04
-3.5634e+06 7.7935e+01 -4.7704e+03 1.4673e+04 -2.9567e+00 1.3427e+04
-3.5810e+06 7.9066e+01 -4.7574e+03 1.4705e+04 -5.1478e+00 1.3306e+04
-3.9465e+06 5.6722e+01 -5.1276e+03 1.3706e+04 -1.3649e+00 1.6611e+04
-3.9421e+06 5.6779e+01 -5.1188e+03 1.3738e+04 8.2933e-01 1.6517e+04
-3.9379e+06 5.7179e+01 -5.1098e+03 1.3770e+04 4.5923e-01 1.6420e+04
-3.9240e+06 5.7770e+01 -5.1006e+03 1.3802e+04 8.1633e-02 1.6322e+04
-3.9182e+06 5.8413e+01 -5.0912e+03 1.3835e+04 9.0606e-01 1.6223e+04
-3.9071e+06 5.9030e+01 -5.0816e+03 1.3868e+04 8.5529e-01 1.6123e+04
-3.9064e+06 5.9561e+01 -5.0719e+03 1.3901e+04 4.7553e-01 1.6022e+04
-3.8968e+06 5.9975e+01 -5.0619e+03 1.3934e+04 2.9031e-01 1.5919e+04
-3.8936e+06 6.0361e+01 -5.0518e+03 1.3967e+04 -2.9341e-01 1.5816e+04
-3.8723e+06 6.0847e+01 -5.0415e+03 1.4000e+04 -9.0737e-01 1.5711e+04
-3.8701e+06 6.1453e+01 -5.0310e+03 1.4033e+04 5.0478e-02 1.5606e+04
-3.8706e+06 6.2086e+01 -5.0204e+03 1.4067e+04 -2.6052e-01 1.5499e+04
-3.8759e+06 6.2730e+01 -5.0096e+03 1.4100e+04 -7.5061e-01 1.5391e+04
-3.8759e+06 6.3676e+01 -4.9986e+03 1.4133e+04 -1.9193e+00 1.5283e+04
-3.9156e+06 6.5169e+01 -4.9876e+03 1.4167e+04 -9.6196e+00 1.5173e+04
-3.8734e+06 6.6747e+01 -4.9764e+03 1.4200e+04 -9.0168e+00 1.5063e+04
-3.7902e+06 6.7654e+01 -4.9650e+03 1.4233e+04 -1.6365e+00 1.4951e+04
-3.7579e+06 6.7929e+01 -4.9535e+03 1.4267e+04 -1.9468e+00 1.4839e+04
-3.7587e+06 6.8207e+01 -4.9419e+03 1.4300e+04 -2.7430e+00 1.4726e+04
-3.7565e+06 6.8820e+01 -4.9302e+03 1.4333e+04 -2.5045e+00 1.4613e+04
-3.7572e+06 6.9717e+01 -4.9184e+03 1.4366e+04 -3.6123e+00 1.4499e+04
-3.7347e+06 7.0723e+01 -4.9064e+03 1.4399e+04 -2.2997e+00 1.4384e+04
-3.6982e+06 7.1670e+01 -4.8944e+03 1.4432e+04 -8.0785e-01 1.4269e+04
-3.6723e+06 7.2503e+01 -4.8822e+03 1.4464e+04 -1.1626e+00 1.4153e+04
-3.6517e+06 7.3215e+01 -4.8700e+03 1.4497e+04 -2.1448e+00 1.4036e+04
-3.6351e+06 7.3760e+01 -4.8576e+03 1.4529e+04 -2.6111e+00 1.3918e+04
-3.6212e+06 7.4136e+01 -4.8452e+03 1.4562e+04 -3.0107e+00 1.3800e+04
-3.6136e+06 7.4456e+01 -4.8327e+03 1.4594e+04 -2.7027e+00 1.3682e+04
-3.6032e+06 7.4828e+01 -4.8201e+03 1.4626e+04 -3.4135e+00 1.3563e+04
-3.6027e+06 7.5287e+01 -4.8075e+03 1.4657e+04 -4.1010e+00 1.3443e+04
-3.5883e+06 7.5892e+01 -4.7948e+03 1.4689e+04 -5.1895e+00 1.3325e+04
-3.5821e+06 7.6687e+01 -4.7820e+03 1.4720e+04 -6.9170e+00 1.3201e+04
-3.5665e+06 7.7653e+01 -4.7691e+03 1.4751e+04 -4.6727e+00 1.3081e+04
-3.9736e+06 5.5686e+01 -5.1329e+03 1.3773e+04 -1.7153e+00 1.6379e+04
-3.9671e+06 5.6161e+01 -5.1243e+03 1.3805e+04 9.7470e-01 1.6285e+04
-3.9475e+06 5.6729e+01 -5.1155e+03 1.3837e+04 2.4604e-01 1.6187e+04
-3.9408e+06 5.7325e+01 -5.1066e+03 1.3868e+04 -1.2777e-01 1.6089e+04
-3.9223e+06 5.7936e+01 -5.0974e+03 1.3900e+04 7.2868e-01 1.5990e+04
-3.9156e+06 5.8558e+01 -5.0880e+03 1.3932e+04 8.2233e-01 1.5890e+04
-3.9029e+06 5.9159e+01 -5.0784e+03 1.3965e+04 6.8423e-01 1.5789e+04
-3.9004e+06 5.9661e+01 -5.0687e+03 1.3997e+04 9.8543e-01 1.5687e+04
-3.8819e+06 6.0047e+01 -5.0588e+03 1.4029e+04 4.8233e-01 1.5583e+04
-3.8673e+06 6.0429e+01 -5.0487e+03 1.4062e+04 -8.5091e-02 1.5479e+04
-3.8577e+06 6.0934e+01 -5.0384e+03 1.4095e+04 7.6059e-01 1.5373e+04
-3.8801e+06 6.1547e+01 -5.0280e+03 1.4127e+04 9.8691e-01 1.5267e+04
-3.8763e+06 6.2163e+01 -5.0174e+03 1.4160e+04 7.0607e-01 1.5159e+04
-3.8790e+06 6.2848e+01 -5.0067e+03 1.4192e+04 1.0836e+00 1.5051e+04
-3.8675e+06 6.3798e+01 -4.9958e+03 1.4225e+04 2.8103e-01 1.4942e+04
-3.8481e+06 6.4857e+01 -4.9848e+03 1.4258e+04 -2.9132e-01 1.4832e+04
-3.8075e+06 6.5624e+01 -4.9736e+03 1.4290e+04 -5.0343e-01 1.4721e+04
-3.7949e+06 6.6198e+01 -4.9624e+03 1.4323e+04 -1.6756e+00 1.4609e+04
-3.7785e+06 6.6938e+01 -4.9510e+03 1.4355e+04 -6.9952e-01 1.4497e+04
-3.7755e+06 6.7844e+01 -4.9394e+03 1.4388e+04 -9.5337e-01 1.4383e+04
-3.7749e+06 6.8800e+01 -4.9278e+03 1.4420e+04 -3.3097e+00 1.4269e+04
-3.7543e+06 6.9800e+01 -4.9160e+03 1.4452e+04 -2.9739e+00 1.4155e+04
-3.7098e+06 7.0793e+01 -4.9042e+03 1.4485e+04 -8.2627e-01 1.4040e+04
-3.6753e+06 7.1704e+01 -4.8922e+03 1.4516e+04 -4.5770e-01 1.3924e+04
-3.6510e+06 7.2519e+01 -4.8801e+03 1.4548e+04 -8.0489e-01 1.3807e+04
-3.6312e+06 7.3224e+01 -4.8680e+03 1.4580e+04 -7.9504e-01 1.3690e+04
-3.6213e+06 7.3753e+01 -4.8557e+03 1.4612e+04 -8.2031e-01 1.3572e+04
-3.6095e+06 7.4114e+01 -4.8434e+03 1.4643e+04 -6.3721e-01 1.3455e+04
-3.6071e+06 7.4446e+01 -4.8310e+03 1.4674e+04 -1.4250e+00 1.3337e+04
-3.5892e+06 7.4852e+01 -4.8185e+03 1.4705e+04 -1.8069e+00 1.3217e+04
-3.5846e+06 7.5310e+01 -4.8060e+03 1.4736e+04 -2.4741e+00 1.3099e+04
-3.5597e+06 7.5809e+01 -4.7933e+03 1.4766e+04 -4.5770e+00 1.2977e+04
-3.5586e+06 7.6466e+01 -4.7807e+03 1.4797e+04 -2.2235e+00 1.2857e+04
-3.9913e+06 5.5167e+01 -5.1380e+03 1.3840e+04 -9.0882e-01 1.6147e+04
-3.9781e+06 5.5719e+01 -5.1297e+03 1.3871e+04 1.2791e+00 1.6053e+04
-3.9689e+06 5.6281e+01 -5.1211e+03 1.3902e+04 7.1910e-02 1.5955e+04
-3.9503e+06 5.6858e+01 -5.1123e+03 1.3933e+04 -8.5668e-01 1.5857e+04
-3.9373e+06 5.7449e+01 -5.1034e+03 1.3964e+04 -4.1307e-01 1.5758e+04
-3.9202e+06 5.8061e+01 -5.0942e+03 1.3996e+04 -1.3246e-01 1.5658e+04
-3.9116e+06 5.8694e+01 -5.0848e+03 1.4027e+04 3.8502e-01 1.5557e+04
-3.8992e+06 5.9288e+01 -5.0753e+03 1.4059e+04 1.2116e+00 1.5455e+04
-3.8915e+06 5.9747e+01 -5.0656e+03 1.4091e+04 1.0995e+00 1.5351e+04
-3.8712e+06 6.0091e+01 -5.0557e+03 1.4123e+04 3.3163e-01 1.5247e+04
-3.8783e+06 6.0484e+01 -5.0456e+03 1.4155e+04 3.7134e-01 1.5142e+04
-3.8895e+06 6.1012e+01 -5.0354e+03 1.4187e+04 5.4351e-01 1.5035e+04
-3.8926e+06 6.1606e+01 -5.0250e+03 1.4218e+04 1.1076e-01 1.4928e+04
-3.8741e+06 6.2233e+01 -5.0145e+03 1.4250e+04 2.6110e-01 1.4820e+04
-3.8581e+06 6.2981e+01 -5.0038e+03 1.4282e+04 1.1631e+00 1.4711e+04
-3.8310e+06 6.3809e+01 -4.9930e+03 1.4314e+04 9.7480e-01 1.4601e+04
-3.8192e+06 6.4553e+01 -4.9821e+03 1.4346e+04 -7.9016e-01 1.4490e+04
-3.8022e+06 6.5279e+01 -4.9710e+03 1.4378e+04 -1.4020e+00 1.4379e+04
-3.7945e+06 6.6116e+01 -4.9598e+03 1.4410e+04 -6.9690e-01 1.4267e+04
-3.7852e+06 6.7002e+01 -4.9484e+03 1.4442e+04 -1.5607e-01 1.4154e+04
-3.7749e+06 6.7903e+01 -4.9370e+03 1.4473e+04 -4.1142e-01 1.4040e+04
-3.7484e+06 6.8857e+01 -4.9254e+03 1.4505e+04 -6.4914e-01 1.3926e+04
-3.7137e+06 6.9842e+01 -4.9137e+03 1.4536e+04 -1.2539e+00 1.3812e+04
-3.6837e+06 7.0799e+01 -4.9019e+03 1.4567e+04 -1.6933e+00 1.3696e+04
-3.6566e+06 7.1695e+01 -4.8901e+03 1.4599e+04 -1.2054e+00 1.3580e+04
-3.6375e+06 7.2528e+01 -4.8781e+03 1.4629e+04 -1.0836e-01 1.3463e+04
-3.6169e+06 7.3245e+01 -4.8660e+03 1.4660e+04 8.7302e-01 1.3346e+04
-3.6060e+06 7.3786e+01 -4.8539e+03 1.4691e+04 2.1875e+00 1.3228e+04
-3.5893e+06 7.4201e+01 -4.8416e+03 1.4721e+04 2.1179e+00 1.3111e+04
-3.5859e+06 7.4585e+01 -4.8293e+03 1.4752e+04 7.1632e-01 1.2992e+04
-3.5675e+06 7.4917e+01 -4.8169e+03 1.4782e+04 -1.3010e+00 1.2874e+04
-3.5668e+06 7.5179e+01 -4.8045e+03 1.4812e+04 -4.0334e+00 1.2752e+04
-3.5328e+06 7.5537e+01 -4.7919e+03 1.4841e+04 -1.2577e+00 1.2633e+04
-4.0042e+06 5.4771e+01 -5.1430e+03 1.3905e+04 -1.4147e+00 1.5916e+04
-4.0005e+06 5.5305e+01 -5.1349e+03 1.3935e+04 1.3030e+00 1.5821e+04
-3.9813e+06 5.5850e+01 -5.1265e+03 1.3966e+04 4.2984e-01 1.5724e+04
-3.9699e+06 5.6407e+01 -5.1179e+03 1.3996e+04 -9.8191e-01 1.5626e+04
-3.9475e+06 5.6976e+01 -5.1092e+03 1.4027e+04 -8.8992e-01 1.5527e+04
-3.9356e+06 5.7564e+01 -5.1002e+03 1.4058e+04 -4.4915e-01 1.5427e+04
-3.9191e+06 5.8186e+01 -5.0910e+03 1.4089e+04 3.6363e-01 1.5325e+04
-3.9125e+06 5.8829e+01 -5.0817e+03 1.4120e+04 1.3671e+00 1.5223e+04
-3.8986e+06 5.9377e+01 -5.0722e+03 1.4151e+04 1.2914e+00 1.5120e+04
-3.9029e+06 5.9760e+01 -5.0625e+03 1.4182e+04 -6.7590e-02 1.5016e+04
-3.9130e+06 6.0095e+01 -5.0527e+03 1.4213e+04 -1.5697e+00 1.4910e+04
-3.9207e+06 6.0526e+01 -5.0426e+03 1.4245e+04 -1.8718e+00 1.4804e+04
-3.8964e+06 6.1052e+01 -5.0325e+03 1.4276e+04 -1.5329e+00 1.4697e+04
-3.8835e+06 6.1643e+01 -5.0221e+03 1.4307e+04 -1.3020e+00 1.4589e+04
-3.8590e+06 6.2326e+01 -5.0117e+03 1.4338e+04 -5.2810e-01 1.4480e+04
-3.8447e+06 6.3080e+01 -5.0010e+03 1.4370e+04 1.0891e-01 1.4371e+04
-3.8212e+06 6.3821e+01 -4.9903e+03 1.4401e+04 6.1962e-02 1.4260e+04
-3.8152e+06 6.4570e+01 -4.9794e+03 1.4432e+04 -5.5455e-01 1.4149e+04
-3.8044e+06 6.5374e+01 -4.9684e+03 1.4463e+04 -1.1141e+00 1.4037e+04
-3.7983e+06 6.6207e+01 -4.9572e+03 1.4494e+04 -8.3290e-01 1.3924e+04
-3.7769e+06 6.7063e+01 -4.9459e+03 1.4525e+04 1.3494e-01 1.3811e+04
-3.7547e+06 6.7959e+01 -4.9346e+03 1.4556e+04 -1.1986e-01 1.3698e+04
-3.7211e+06 6.8897e+01 -4.9231e+03 1.4587e+04 -1.5803e+00 1.3584e+04
-3.6918e+06 6.9858e+01 -4.9115e+03 1.4617e+04 -2.0580e+00 1.3468e+04
-3.6650e+06 7.0804e+01 -4.8998e+03 1.4648e+04 -7.0379e-01 1.3353e+04
-3.6395e+06 7.1712e+01 -4.8880e+03 1.4678e+04 2.5439e-01 1.3236e+04
-3.6188e+06 7.2566e+01 -4.8761e+03 1.4708e+04 8.6084e-01 1.3120e+04
-3.5961e+06 7.3310e+01 -4.8641e+03 1.4738e+04 1.8588e+00 1.3003e+04
-3.5852e+06 7.3887e+01 -4.8520e+03 1.4768e+04 1.4712e+00 1.2886e+04
-3.5665e+06 7.4293e+01 -4.8399e+03 1.4797e+04 8.9821e-02 1.2767e+04
-3.5623e+06 7.4551e+01 -4.8277e+03 1.4827e+04 -1.0706e+00 1.2649e+04
-3.5414e+06 7.4710e+01 -4.8154e+03 1.4856e+04 -2.4319e+00 1.2529e+04
-3.5366e+06 7.4902e+01 -4.8030e+03 1.4885e+04 -1.0608e+00 1.2410e+04
-4.0303e+06 5.4381e+01 -5.1478e+03 1.3969e+04 -1.6724e+00 1.5685e+04
-4.0172e+06 5.4901e+01 -5.1399e+03 1.3998e+04 1.7315e+00 1.5590e+04
-4.0047e+06 5.5431e+01 -5.1317e+03 1.4028e+04 8.6858e-01 1.5493e+04
-3.9843e+06 5.5970e+01 -5.1233e+03 1.4058e+04 -5.6031e-01 1.5395e+04
-3.9683e+06 5.6521e+01 -5.1148e+03 1.4088e+04 -1.3071e-01 1.5296e+04
-3.9498e+06 5.7082e+01 -5.1060e+03 1.4118e+04 3.0406e-01 1.5196e+04
-3.9370e+06 5.7671e+01 -5.0971e+03 1.4149e+04 7.3752e-01 1.5094e+04
-3.9206e+06 5.8305e+01 -5.0879e+03 1.4179e+04 1.2366e+00 1.4992e+04
-3.9160e+06 5.8906e+01 -5.0786e+03 1.4210e+04 1.1934e+00 1.4889e+04
-3.9150e+06 5.9369e+01 -5.0691e+03 1.4240e+04 -1.9563e-01 1.4785e+04
-3.9304e+06 5.9732e+01 -5.0595e+03 1.4271e+04 -2.0286e+00 1.4680e+04
-3.9229e+06 6.0110e+01 -5.0497e+03 1.4301e+04 -2.2523e+00 1.4574e+04
-3.9040e+06 6.0563e+01 -5.0397e+03 1.4332e+04 -1.2101e+00 1.4467e+04
-3.8811e+06 6.1098e+01 -5.0295e+03 1.4363e+04 -4.0849e-01 1.4359e+04
-3.8662e+06 6.1726e+01 -5.0193e+03 1.4393e+04 3.7798e-01 1.4251e+04
-3.8423e+06 6.2419e+01 -5.0088e+03 1.4424e+04 9.1793e-01 1.4141e+04
-3.8307e+06 6.3129e+01 -4.9983e+03 1.4454e+04 4.6687e-01 1.4031e+04
-3.8189e+06 6.3863e+01 -4.9876e+03 1.4485e+04 -3.8442e-01 1.3920e+04
-3.8241e+06 6.4639e+01 -4.9767e+03 1.4515e+04 -1.1394e+00 1.3809e+04
-3.8144e+06 6.5441e+01 -4.9658e+03 1.4546e+04 -1.2807e+00 1.3696e+04
-3.7913e+06 6.6262e+01 -4.9547e+03 1.4576e+04 -8.5225e-01 1.3583e+04
-3.7593e+06 6.7112e+01 -4.9435e+03 1.4606e+04 -4.2058e-01 1.3470e+04
-3.7304e+06 6.8002e+01 -4.9322e+03 1.4636e+04 -7.2413e-01 1.3356e+04
-3.6993e+06 6.8933e+01 -4.9208e+03 1.4666e+04 -1.2660e+00 1.3242e+04
-3.6700e+06 6.9883e+01 -4.9092e+03 1.4695e+04 -1.3801e+00 1.3126e+04
-3.6427e+06 7.0823e+01 -4.8976e+03 1.4725e+04 -8.6329e-01 1.3011e+04
-3.6132e+06 7.1746e+01 -4.8859e+03 1.4754e+04 -7.5678e-01 1.2895e+04
-3.5907e+06 7.2629e+01 -4.8741e+03 1.4784e+04 -3.9851e-01 1.2778e+04
-3.5677e+06 7.3380e+01 -4.8622e+03 1.4813e+04 -5.8044e-01 1.2661e+04
-3.5600e+06 7.3902e+01 -4.8502e+03 1.4842e+04 -7.5477e-01 1.2543e+04
-3.5419e+06 7.4195e+01 -4.8382e+03 1.4870e+04 -6.3882e-01 1.2425e+04
-3.5378e+06 7.4363e+01 -4.8260e+03 1.4899e+04 -1.4134e+00 1.2305e+04
-3.5084e+06 7.4516e+01 -4.8138e+03 1.4927e+04 -4.4448e-01 1.2187e+04
-4.0496e+06 5.4007e+01 -5.1525e+03 1.4031e+04 -1.3530e+00 1.5455e+04
-4.0404e+06 5.4505e+01 -5.1447e+03 1.4060e+04 1.7180e+00 1.5360e+04
-4.0200e+06 5.5020e+01 -5.1368e+03 1.4089e+04 6.8519e-01 1.5263e+04
-4.0068e+06 5.5546e+01 -5.1286e+03 1.4119e+04 -2.9654e-01 1.5165e+04
-3.9831e+06 5.6082e+01 -5.1202e+03 1.4148e+04 6.0260e-01 1.5065e+04
-3.9668e+06 5.6624e+01 -5.1117e+03 1.4178e+04 5.8428e-01 1.4965e+04
-3.9463e+06 5.7183e+01 -5.1029e+03 1.4207e+04 4.0350e-02 1.4864e+04
-3.9343e+06 5.7785e+01 -5.0940e+03 1.4237e+04 4.3423e-01 1.4762e+04
-3.9206e+06 5.8394e+01 -5.0849e+03 1.4267e+04 1.1368e+00 1.4659e+04
-3.9212e+06 5.8934e+01 -5.0756e+03 1.4297e+04 7.1553e-01 1.4555e+04
-3.9204e+06 5.9378e+01 -5.0661e+03 1.4327e+04 -5.3829e-01 1.4450e+04
-3.9200e+06 5.9762e+01 -5.0565e+03 1.4357e+04 -6.5614e-01 1.4344e+04
-3.9033e+06 6.0159e+01 -5.0467e+03 1.4387e+04 2.6948e-01 1.4237e+04
-3.8937e+06 6.0636e+01 -5.0368e+03 1.4417e+04 5.6330e-01 1.4130e+04
-3.8731e+06 6.1200e+01 -5.0267e+03 1.4447e+04 6.8377e-01 1.4021e+04
-3.8555e+06 6.1813e+01 -5.0164e+03 1.4477e+04 6.9533e-01 1.3912e+04
-3.8334e+06 6.2460e+01 -5.0061e+03 1.4507e+04 -1.5927e-01 1.3803e+04
-3.8296e+06 6.3165e+01 -4.9956e+03 1.4536e+04 -6.0125e-01 1.3692e+04
-3.8278e+06 6.3922e+01 -4.9849e+03 1.4566e+04 -2.3135e-01 1.3581e+04
-3.8244e+06 6.4699e+01 -4.9741e+03 1.4596e+04 -2.5629e-01 1.3469e+04
-3.7979e+06 6.5489e+01 -4.9632e+03 1.4625e+04 -7.7059e-01 1.3356e+04
-3.7689e+06 6.6305e+01 -4.9522e+03 1.4655e+04 -8.6785e-01 1.3243e+04
-3.7353e+06 6.7155e+01 -4.9411e+03 1.4684e+04 -4.6585e-01 1.3129e+04
-3.7054e+06 6.8041e+01 -4.9298e+03 1.4713e+04 -6.8117e-01 1.3015e+04
-3.6740e+06 6.8956e+01 -4.9185e+03 1.4742e+04 -1.2916e+00 1.2901e+04
-3.6423e+06 6.9894e+01 -4.9071e+03 1.4771e+04 -1.6447e+00 1.2786e+04
-3.6138e+06 7.0842e+01 -4.8955e+03 1.4800e+04 -2.1902e+00 1.2670e+04
-3.5849e+06 7.1789e+01 -4.8839e+03 1.4828e+04 -3.2541e+00 1.2554e+04
-3.5662e+06 7.2678e+01 -4.8721e+03 1.4857e+04 -2.6603e+00 1.2437e+04
-3.5440e+06 7.3391e+01 -4.8603e+03 1.4885e+04 1.5092e-01 1.2320e+04
-3.5355e+06 7.3843e+01 -4.8484e+03 1.4913e+04 1.6672e+00 1.2202e+04
-3.5113e+06 7.4092e+01 -4.8365e+03 1.4941e+04 -6.8247e-02 1.2083e+04
-3.5021e+06 7.4259e+01 -4.8244e+03 1.4968e+04 -1.2144e+00 1.1966e+04
-4.0728e+06 5.3652e+01 -5.1570e+03 1.4092e+04 -1.3952e+00 1.5225e+04
-4.0549e+06 5.4122e+01 -5.1494e+03 1.4120e+04 1.0791e+00 1.5131e+04
-4.0419e+06 5.4623e+01 -5.1417e+03 1.4149e+04 7.1486e-02 1.5033e+04
-4.0194e+06 5.5135e+01 -5.1337e+03 1.4178e+04 -4.4731e-01 1.4935e+04
-4.0016e+06 5.5657e+01 -5.1255e+03 1.4207e+04 6.4946e-01 1.4836e+04
-3.9769e+06 5.6188e+01 -5.1172e+03 1.4236e+04 9.1879e-02 1.4736e+04
-3.9601e+06 5.6733e+01 -5.1086e+03 1.4265e+04 -1.1353e+00 1.4635e+04
-3.9401e+06 5.7309e+01 -5.0999e+03 1.4294e+04 -6.3769e-01 1.4533e+04
-3.9342e+06 5.7906e+01 -5.0909e+03 1.4323e+04 9.5053e-01 1.4430e+04
-3.9214e+06 5.8489e+01 -5.0818e+03 1.4353e+04 1.6919e+00 1.4326e+04
-3.9224e+06 5.9014e+01 -5.0726e+03 1.4382e+04 6.2467e-01 1.4221e+04
-3.9226e+06 5.9445e+01 -5.0631e+03 1.4411e+04 -9.6629e-01 1.4115e+04
-3.9243e+06 5.9820e+01 -5.0535e+03 1.4441e+04 -1.3231e+00 1.4009e+04
-3.9127e+06 6.0240e+01 -5.0438e+03 1.4470e+04 -1.6901e+00 1.3901e+04
-3.8973e+06 6.0736e+01 -5.0339e+03 1.4499e+04 -8.2841e-01 1.3793e+04
-3.8603e+06 6.1262e+01 -5.0239e+03 1.4528e+04 6.8831e-01 1.3684e+04
-3.8424e+06 6.1827e+01 -5.0137e+03 1.4558e+04 -2.6779e-02 1.3575e+04
-3.8249e+06 6.2484e+01 -5.0033e+03 1.4587e+04 -3.6169e-01 1.3464e+04
-3.8241e+06 6.3217e+01 -4.9929e+03 1.4616e+04 4.5440e-01 1.3353e+04
-3.8148e+06 6.3974e+01 -4.9823e+03 1.4645e+04 3.3562e-01 1.3242e+04
-3.7990e+06 6.4740e+01 -4.9716e+03 1.4674e+04 -8.7354e-01 1.3129e+04
-3.7672e+06 6.5529e+01 -4.9607e+03 1.4702e+04 -1.3995e+00 1.3017e+04
-3.7419e+06 6.6346e+01 -4.9498e+03 1.4731e+04 -6.8040e-01 1.2903e+04
-3.7093e+06 6.7183e+01 -4.9387e+03 1.4760e+04 -2.2288e-01 1.2789e+04
-3.6790e+06 6.8046e+01 -4.9276e+03 1.4788e+04 -7.5377e-01 1.2675e+04
-3.6452e+06 6.8958e+01 -4.9163e+03 1.4816e+04 -1.2912e+00 1.2561e+04
-3.6164e+06 6.9910e+01 -4.9049e+03 1.4844e+04 -2.3352e+00 1.2446e+04
-3.5877e+06 7.0876e+01 -4.8934e+03 1.4872e+04 -3.5335e+00 1.2330e+04
-3.5637e+06 7.1836e+01 -4.8819e+03 1.4900e+04 -2.9597e+00 1.2214e+04
-3.5442e+06 7.2724e+01 -4.8702e+03 1.4927e+04 4.0524e-01 1.2097e+04
-3.5214e+06 7.3407e+01 -4.8585e+03 1.4955e+04 1.7731e+00 1.1980e+04
-3.5051e+06 7.3819e+01 -4.8467e+03 1.4982e+04 -8.2821e-01 1.1862e+04
-3.4769e+06 7.4042e+01 -4.8348e+03 1.5009e+04 -2.1555e+00 1.1744e+04
-4.0865e+06 5.3303e+01 -5.1614e+03 1.4151e+04 -1.1309e+00 1.4997e+04
-4.0734e+06 5.3756e+01 -5.1540e+03 1.4179e+04 1.0059e+00 1.4902e+04
-4.0525e+06 5.4254e+01 -5.1464e+03 1.4207e+04 -2.6347e-01 1.4804e+04
-4.0372e+06 5.4744e+01 -5.1386e+03 1.4236e+04 -7.2734e-01 1.4706e+04
-4.0128e+06 5.5243e+01 -5.1306e+03 1.4264e+04 3.4413e-01 1.4607e+04
-3.9917e+06 5.5763e+01 -5.1225e+03 1.4292e+04 -9.9518e-02 1.4507e+04
-3.9697e+06 5.6300e+01 -5.1141e+03 1.4321e+04 -9.1785e-01 1.4406e+04
-3.9561e+06 5.6860e+01 -5.1056e+03 1.4350e+04 -3.0145e-01 1.4304e+04
-3.9425e+06 5.7437e+01 -5.0968e+03 1.4378e+04 8.7695e-01 1.4201e+04
-3.9336e+06 5.8028e+01 -5.0879e+03 1.4407e+04 1.5311e+00 1.4097e+04
-3.9274e+06 5.8607e+01 -5.0788e+03 1.4436e+04 7.0124e-01 1.3993e+04
-3.9311e+06 5.9106e+01 -5.0696e+03 1.4464e+04 -1.1196e+00 1.3887e+04
-3.9281e+06 5.9508e+01 -5.0602e+03 1.4493e+04 -1.9570e+00 1.3781e+04
-3.9229e+06 5.9897e+01 -5.0506e+03 1.4522e+04 -2.3197e+00 1.3673e+04
-3.9029e+06 6.0335e+01 -5.0409e+03 1.4550e+04 -1.0513e+00 1.3566e+04
-3.8719e+06 6.0787e+01 -5.0311e+03 1.4579e+04 7.0277e-01 1.3457e+04
-3.8456e+06 6.1265e+01 -5.0211e+03 1.4607e+04 -6.8901e-02 1.3348e+04
-3.8297e+06 6.1844e+01 -5.0109e+03 1.4636e+04 -3.7817e-01 1.3238e+04
-3.8160e+06 6.2533e+01 -5.0006e+03 1.4664e+04 5.9132e-01 1.3127e+04
-3.8064e+06 6.3271e+01 -4.9902e+03 1.4693e+04 3.6821e-01 1.3016e+04
-3.7935e+06 6.4018e+01 -4.9797e+03 1.4721e+04 -9.1432e-01 1.2904e+04
-3.7727e+06 6.4784e+01 -4.9690e+03 1.4749e+04 -1.1581e+00 1.2791e+04
-3.7476e+06 6.5570e+01 -4.9583e+03 1.4777e+04 3.5922e-02 1.2678e+04
-3.7175e+06 6.6365e+01 -4.9474e+03 1.4805e+04 6.3105e-01 1.2565e+04
-3.6891e+06 6.7183e+01 -4.9364e+03 1.4833e+04 -1.0215e-01 1.2451e+04
-3.6552e+06 6.8061e+01 -4.9253e+03 1.4860e+04 -5.0745e-01 1.2336e+04
-3.6289e+06 6.8999e+01 -4.9141e+03 1.4888e+04 -4.8525e-01 1.2222e+04
-3.5980e+06 6.9957e+01 -4.9028e+03 1.4915e+04 -1.3597e+00 1.2106e+04
-3.5761e+06 7.0924e+01 -4.8914e+03 1.4942e+04 -2.0066e+00 1.1991e+04
-3.5446e+06 7.1899e+01 -4.8799e+03 1.4969e+04 -8.5196e-01 1.1875e+04
-3.5248e+06 7.2787e+01 -4.8684e+03 1.4995e+04 2.1990e-01 1.1759e+04
-3.4893e+06 7.3438e+01 -4.8567e+03 1.5022e+04 -1.0129e+00 1.1641e+04
-3.4729e+06 7.3810e+01 -4.8450e+03 1.5048e+04 -1.5514e+00 1.1524e+04
-4.1076e+06 5.2831e+01 -5.1656e+03 1.4210e+04 -3.0605e-01 1.4769e+04
-4.0859e+06 5.3331e+01 -5.1584e+03 1.4237e+04 1.5414e+00 1.4674e+04
-4.0679e+06 5.3890e+01 -5.1510e+03 1.4265e+04 1.0024e-01 1.4576e+04
-4.0457e+06 5.4381e+01 -5.1434e+03 1.4292e+04 -5.6427e-01 1.4478e+04
-4.0284e+06 5.4848e+01 -5.1356e+03 1.4320e+04 3.3781e-01 1.4379e+04
-4.0045e+06 5.5348e+01 -5.1276e+03 1.4348e+04 1.1590e-01 1.4279e+04
-3.9880e+06 5.5874e+01 -5.1194e+03 1.4376e+04 1.2340e-01 1.4178e+04
-3.9704e+06 5.6418e+01 -5.1111e+03 1.4404e+04 6.5018e-01 1.4076e+04
-3.9637e+06 5.6977e+01 -5.1025e+03 1.4432e+04 7.8208e-01 1.3973e+04
-3.9472e+06 5.7555e+01 -5.0938e+03 1.4460e+04 9.3947e-01 1.3869e+04
-3.9371e+06 5.8150e+01 -5.0849e+03 1.4488e+04 1.1641e+00 1.3765e+04
-3.9266e+06 5.8711e+01 -5.0759e+03 1.4516e+04 8.3176e-01 1.3660e+04
-3.9229e+06 5.9181e+01 -5.0667e+03 1.4544e+04 6.2774e-01 1.3553e+04
-3.9110e+06 5.9587e+01 -5.0573e+03 1.4572e+04 7.6242e-01 1.3446e+04
-3.8985e+06 5.9994e+01 -5.0478e+03 1.4600e+04 1.3034e+00 1.3339e+04
-3.8749e+06 6.0397e+01 -5.0381e+03 1.4628e+04 9.0221e-01 1.3231e+04
-3.8572e+06 6.0802e+01 -5.0283e+03 1.4656e+04 -6.7841e-01 1.3121e+04
-3.8307e+06 6.1287e+01 -5.0183e+03 1.4684e+04 -7.2615e-01 1.3012e+04
-3.8181e+06 6.1902e+01 -5.0082e+03 1.4712e+04 6.5208e-01 1.2901e+04
-3.8048e+06 6.2603e+01 -4.9980e+03 1.4739e+04 1.0116e+00 1.2790e+04
-3.7960e+06 6.3333e+01 -4.9876e+03 1.4767e+04 1.7008e-01 1.2679e+04
-3.7769e+06 6.4081e+01 -4.9772e+03 1.4794e+04 1.9100e-01 1.2567e+04
-3.7585e+06 6.4838e+01 -4.9666e+03 1.4822e+04 1.0527e+00 1.2454e+04
-3.7304e+06 6.5598e+01 -4.9559e+03 1.4849e+04 6.2489e-01 1.2341e+04
-3.7031e+06 6.6386e+01 -4.9450e+03 1.4876e+04 -5.6371e-01 1.2227e+04
-3.6734e+06 6.7233e+01 -4.9341e+03 1.4903e+04 4.9686e-03 1.2113e+04
-3.6473e+06 6.8136e+01 -4.9231e+03 1.4930e+04 1.5618e+00 1.1999e+04
-3.6181e+06 6.9064e+01 -4.9119e+03 1.4956e+04 1.5389e+00 1.1884e+04
-3.5918e+06 7.0004e+01 -4.9007e+03 1.4983e+04 -1.7374e-01 1.1770e+04
-3.5630e+06 7.0979e+01 -4.8894e+03 1.5009e+04 -8.3371e-01 1.1655e+04
-3.5318e+06 7.1971e+01 -4.8780e+03 1.5035e+04 -8.3546e-01 1.1539e+04
-3.4995e+06 7.2854e+01 -4.8665e+03 1.5061e+04 -7.2388e-01 1.1421e+04
-3.4611e+06 7.3472e+01 -4.8549e+03 1.5087e+04 1.6144e-01 1.1305e+04
-4.1299e+06 5.2077e+01 -5.1697e+03 1.4267e+04 -3.0214e-01 1.4541e+04
-4.1090e+06 5.2729e+01 -5.1626e+03 1.4294e+04 1.5818e+00 1.4446e+04
-4.0771e+06 5.3461e+01 -5.1554e+03 1.4321e+04 8.0676e-01 1.4349e+04
-4.0601e+06 5.4025e+01 -5.1480e+03 1.4348e+04 1.9975e-01 1.4250e+04
-4.0390e+06 5.4476e+01 -5.1404e+03 1.4375e+04 7.4345e-01 1.4152e+04
-4.0219e+06 5.4949e+01 -5.1326e+03 1.4402e+04 5.4401e-01 1.4052e+04
-4.0032e+06 5.5459e+01 -5.1246e+03 1.4429e+04 5.6873e-01 1.3951e+04
-3.9943e+06 5.5987e+01 -5.1165e+03 1.4457e+04 6.3490e-01 1.3849e+04
-3.9835e+06 5.6528e+01 -5.1081e+03 1.4484e+04 -1.5916e-01 1.3746e+04
-3.9747e+06 5.7088e+01 -5.0996e+03 1.4512e+04 -2.7915e-01 1.3643e+04
-3.9552e+06 5.7672e+01 -5.0909e+03 1.4539e+04 9.0873e-01 1.3538e+04
-3.9416e+06 5.8263e+01 -5.0820e+03 1.4567e+04 1.4510e+00 1.3433e+04
-3.9300e+06 5.8801e+01 -5.0730e+03 1.4594e+04 1.2582e+00 1.3327e+04
-3.9195e+06 5.9261e+01 -5.0638e+03 1.4622e+04 1.6979e+00 1.3220e+04
-3.9032e+06 5.9671e+01 -5.0544e+03 1.4649e+04 2.0354e+00 1.3113e+04
-3.8892e+06 6.0056e+01 -5.0449e+03 1.4676e+04 9.0315e-01 1.3005e+04
-3.8652e+06 6.0431e+01 -5.0353e+03 1.4704e+04 -6.8380e-01 1.2896e+04
-3.8407e+06 6.0844e+01 -5.0255e+03 1.4731e+04 -6.5593e-01 1.2787e+04
-3.8230e+06 6.1359e+01 -5.0156e+03 1.4758e+04 5.4057e-01 1.2677e+04
-3.8160e+06 6.1983e+01 -5.0056e+03 1.4785e+04 1.2121e+00 1.2566e+04
-3.8067e+06 6.2683e+01 -4.9954e+03 1.4812e+04 1.1993e+00 1.2455e+04
-3.7919e+06 6.3420e+01 -4.9851e+03 1.4839e+04 1.3852e+00 1.2343e+04
-3.7717e+06 6.4153e+01 -4.9747e+03 1.4866e+04 1.5080e+00 1.2231e+04
-3.7484e+06 6.4881e+01 -4.9641e+03 1.4892e+04 5.9601e-01 1.2118e+04
-3.7246e+06 6.5645e+01 -4.9535e+03 1.4919e+04 -4.6781e-01 1.2005e+04
-3.6974e+06 6.6462e+01 -4.9427e+03 1.4945e+04 2.6093e-01 1.1891e+04
-3.6727e+06 6.7320e+01 -4.9319e+03 1.4971e+04 1.7445e+00 1.1777e+04
-3.6435e+06 6.8203e+01 -4.9209e+03 1.4997e+04 1.7491e+00 1.1663e+04
-3.6145e+06 6.9105e+01 -4.9098e+03 1.5023e+04 7.4203e-01 1.1549e+04
-3.5830e+06 7.0041e+01 -4.8987e+03 1.5048e+04 -2.5198e-01 1.1434e+04
-3.5617e+06 7.1037e+01 -4.8874e+03 1.5074e+04 -1.9557e+00 1.1319e+04
-3.5173e+06 7.2054e+01 -4.8761e+03 1.5099e+04 -1.5789e+00 1.1202e+04
-3.4751e+06 7.2933e+01 -4.8647e+03 1.5124e+04 1.3483e+00 1.1086e+04
-4.1617e+06 5.1169e+01 -5.1736e+03 1.4322e+04 -8.7126e-01 1.4315e+04
-4.1300e+06 5.1978e+01 -5.1668e+03 1.4349e+04 1.3695e+00 1.4220e+04
-4.1002e+06 5.2912e+01 -5.1597e+03 1.4375e+04 1.1358e+00 1.4122e+04
-4.0738e+06 5.3626e+01 -5.1525e+03 1.4402e+04 6.6563e-01 1.4024e+04
-4.0565e+06 5.4115e+01 -5.1451e+03 1.4428e+04 7.9662e-01 1.3925e+04
-4.0374e+06 5.4567e+01 -5.1375e+03 1.4455e+04 6.2716e-01 1.3825e+04
-4.0246e+06 5.5058e+01 -5.1297e+03 1.4482e+04 6.2994e-01 1.3724e+04
-4.0117e+06 5.5571e+01 -5.1217e+03 1.4509e+04 4.1762e-01 1.3623e+04
-4.0093e+06 5.6096e+01 -5.1135e+03 1.4536e+04 -7.7520e-01 1.3520e+04
-4.0014e+06 5.6637e+01 -5.1052e+03 1.4562e+04 -1.9212e+00 1.3417e+04
-3.9856e+06 5.7200e+01 -5.0966e+03 1.4589e+04 -8.7187e-01 1.3312e+04
-3.9692e+06 5.7787e+01 -5.0879e+03 1.4616e+04 -2.1615e-01 1.3207e+04
-3.9619e+06 5.8365e+01 -5.0791e+03 1.4643e+04 -9.0444e-01 1.3102e+04
-3.9451e+06 5.8884e+01 -5.0701e+03 1.4670e+04 -3.6205e-01 1.2995e+04
-3.9243e+06 5.9329e+01 -5.0609e+03 1.4697e+04 8.4877e-01 1.2888e+04
-3.9052e+06 5.9734e+01 -5.0516e+03 1.4723e+04 4.0566e-01 1.2780e+04
-3.8835e+06 6.0125e+01 -5.0422e+03 1.4750e+04 -7.1179e-01 1.2672e+04
-3.8509e+06 6.0507e+01 -5.0326e+03 1.4777e+04 -3.4741e-01 1.2562e+04
-3.8369e+06 6.0909e+01 -5.0228e+03 1.4803e+04 1.1032e-02 1.2453e+04
-3.8388e+06 6.1404e+01 -5.0129e+03 1.4830e+04 -7.1042e-01 1.2342e+04
-3.8302e+06 6.2036e+01 -5.0029e+03 1.4856e+04 -2.4741e-01 1.2231e+04
-3.8080e+06 6.2761e+01 -4.9928e+03 1.4882e+04 1.5008e+00 1.2120e+04
-3.7910e+06 6.3484e+01 -4.9826e+03 1.4908e+04 1.9436e+00 1.2008e+04
-3.7785e+06 6.4192e+01 -4.9722e+03 1.4934e+04 5.3575e-01 1.1896e+04
-3.7553e+06 6.4935e+01 -4.9617e+03 1.4960e+04 -1.1854e-01 1.1783e+04
-3.7264e+06 6.5727e+01 -4.9511e+03 1.4986e+04 5.9950e-01 1.1670e+04
-3.6977e+06 6.6545e+01 -4.9404e+03 1.5011e+04 8.5915e-01 1.1556e+04
-3.6709e+06 6.7378e+01 -4.9296e+03 1.5036e+04 4.8227e-01 1.1443e+04
-3.6383e+06 6.8237e+01 -4.9187e+03 1.5062e+04 6.1521e-01 1.1329e+04
-3.6095e+06 6.9130e+01 -4.9077e+03 1.5087e+04 6.1256e-01 1.1215e+04
-3.5799e+06 7.0086e+01 -4.8967e+03 1.5111e+04 -1.6753e+00 1.1100e+04
-3.5410e+06 7.1128e+01 -4.8855e+03 1.5136e+04 -1.7420e+00 1.0984e+04
-3.4855e+06 7.2173e+01 -4.8742e+03 1.5160e+04 9.7787e-01 1.0869e+04
-4.1802e+06 5.0413e+01 -5.1774e+03 1.4377e+04 -7.0030e-01 1.4089e+04
-4.1540e+06 5.1235e+01 -5.1708e+03 1.4403e+04 1.5580e+00 1.3995e+04
-4.1212e+06 5.2257e+01 -5.1639e+03 1.4429e+04 9.2521e-01 1.3897e+04
-4.0985e+06 5.3134e+01 -5.1569e+03 1.4455e+04 4.1901e-01 1.3799e+04
-4.0711e+06 5.3726e+01 -5.1496e+03 1.4481e+04 4.3712e-01 1.3700e+04
-4.0557e+06 5.4188e+01 -5.1422e+03 1.4507e+04 1.9995e-01 1.3600e+04
-4.0415e+06 5.4668e+01 -5.1345e+03 1.4533e+04 5.4769e-01 1.3499e+04
-4.0331e+06 5.5172e+01 -5.1267e+03 1.4559e+04 7.4308e-01 1.3397e+04
-4.0221e+06 5.5679e+01 -5.1187e+03 1.4586e+04 1.9634e-02 1.3295e+04
-4.0200e+06 5.6201e+01 -5.1106e+03 1.4612e+04 -1.2322e+00 1.3192e+04
-4.0044e+06 5.6744e+01 -5.1022e+03 1.4638e+04 -9.6699e-01 1.3088e+04
-3.9913e+06 5.7312e+01 -5.0937e+03 1.4664e+04 -4.7197e-01 1.2983e+04
-3.9783e+06 5.7897e+01 -5.0851e+03 1.4691e+04 -1.0294e+00 1.2877e+04
-3.9621e+06 5.8458e+01 -5.0762e+03 1.4717e+04 -6.8687e-01 1.2771e+04
-3.9366e+06 5.8956e+01 -5.0672e+03 1.4743e+04 6.2691e-01 1.2664e+04
-3.9206e+06 5.9408e+01 -5.0581e+03 1.4769e+04 6.2640e-01 1.2556e+04
-3.8989e+06 5.9840e+01 -5.0488e+03 1.4795e+04 -6.1265e-01 1.2448e+04
-3.8725e+06 6.0221e+01 -5.0394e+03 1.4821e+04 -1.6731e-01 1.2339e+04
-3.8537e+06 6.0532e+01 -5.0298e+03 1.4847e+04 1.6240e-01 1.2230e+04
-3.8576e+06 6.0876e+01 -5.0201e+03 1.4873e+04 -1.2191e+00 1.2120e+04
-3.8486e+06 6.1394e+01 -5.0103e+03 1.4899e+04 -1.0179e+00 1.2009e+04
-3.8275e+06 6.2078e+01 -5.0004e+03 1.4924e+04 1.4070e+00 1.1898e+04
-3.8204e+06 6.2800e+01 -4.9903e+03 1.4950e+04 9.7930e-01 1.1787e+04
-3.8315e+06 6.3508e+01 -4.9801e+03 1.4975e+04 -2.5934e+00 1.1675e+04
-3.8097e+06 6.4243e+01 -4.9698e+03 1.5000e+04 -2.1237e+00 1.1562e+04
-3.7655e+06 6.5018e+01 -4.9594e+03 1.5025e+04 4.2276e-01 1.1450e+04
-3.7315e+06 6.5805e+01 -4.9488e+03 1.5050e+04 2.9950e-01 1.1337e+04
-3.7007e+06 6.6593e+01 -4.9382e+03 1.5075e+04 1.0439e-02 1.1223e+04
-3.6669e+06 6.7407e+01 -4.9275e+03 1.5099e+04 6.0473e-01 1.1110e+04
-3.6363e+06 6.8267e+01 -4.9166e+03 1.5124e+04 9.6737e-01 1.0996e+04
-3.6008e+06 6.9186e+01 -4.9057e+03 1.5148e+04 -5.1273e-02 1.0882e+04
-3.5540e+06 7.0191e+01 -4.8947e+03 1.5172e+04 -2.7866e-01 1.0767e+04
-3.5109e+06 7.1275e+01 -4.8836e+03 1.5196e+04 2.0229e-01 1.0652e+04
-4.2014e+06 4.9917e+01 -5.1811e+03 1.4430e+04 -1.3878e+00 1.3865e+04
-4.1748e+06 5.0605e+01 -5.1746e+03 1.4455e+04 6.8536e-01 1.3770e+04
-4.1510e+06 5.1559e+01 -5.1679e+03 1.4481e+04 1.4071e-01 1.3672e+04
-4.1212e+06 5.2521e+01 -5.1611e+03 1.4506e+04 1.3126e-01 1.3574e+04
-4.0953e+06 5.3251e+01 -5.1540e+03 1.4532e+04 4.1767e-01 1.3475e+04
-4.0772e+06 5.3784e+01 -5.1467e+03 1.4557e+04 1.8799e-02 1.3375e+04
-4.0655e+06 5.4277e+01 -5.1393e+03 1.4583e+04 2.8375e-01 1.3275e+04
-4.0520e+06 5.4779e+01 -5.1316e+03 1.4609e+04 6.0402e-01 1.3173e+04
-4.0413e+06 5.5276e+01 -5.1238e+03 1.4634e+04 4.8416e-01 1.3071e+04
-4.0290e+06 5.5781e+01 -5.1158e+03 1.4660e+04 2.2617e-01 1.2968e+04
-4.0142e+06 5.6307e+01 -5.1077e+03 1.4686e+04 2.1742e-01 1.2864e+04
-3.9996e+06 5.6854e+01 -5.0993e+03 1.4711e+04 2.2735e-01 1.2759e+04
-3.9842e+06 5.7424e+01 -5.0909e+03 1.4737e+04 3.5380e-02 1.2654e+04
-3.9662e+06 5.8000e+01 -5.0822e+03 1.4763e+04 -4.9067e-03 1.2548e+04
-3.9425e+06 5.8545e+01 -5.0734e+03 1.4788e+04 7.9725e-01 1.2441e+04
-3.9235e+06 5.9048e+01 -5.0644e+03 1.4814e+04 1.3493e+00 1.2333e+04
-3.9059e+06 5.9520e+01 -5.0553e+03 1.4839e+04 7.4078e-01 1.2226e+04
-3.8866e+06 5.9923e+01 -5.0461e+03 1.4865e+04 8.1645e-01 1.2117e+04
-3.8701e+06 6.0208e+01 -5.0367e+03 1.4890e+04 1.1169e+00 1.2008e+04
-3.8696e+06 6.0455e+01 -5.0272e+03 1.4915e+04 1.9012e-01 1.1898e+04
-3.8577e+06 6.0842e+01 -5.0175e+03 1.4940e+04 2.1297e-02 1.1788e+04
-3.8444e+06 6.1430e+01 -5.0077e+03 1.4965e+04 9.0463e-01 1.1677e+04
-3.8530e+06 6.2124e+01 -4.9978e+03 1.4990e+04 -1.3874e+00 1.1566e+04
-3.8736e+06 6.2834e+01 -4.9878e+03 1.5015e+04 -4.4563e+00 1.1455e+04
-3.8474e+06 6.3563e+01 -4.9776e+03 1.5039e+04 -2.8440e+00 1.1343e+04
-3.8138e+06 6.4320e+01 -4.9674e+03 1.5064e+04 -1.3504e+00 1.1231e+04
-3.7733e+06 6.5078e+01 -4.9570e+03 1.5088e+04 -1.1540e+00 1.1118e+04
-3.7341e+06 6.5832e+01 -4.9465e+03 1.5112e+04 1.2411e-01 1.1005e+04
-3.6975e+06 6.6615e+01 -4.9360e+03 1.5136e+04 5.2170e-01 1.0892e+04
-3.6777e+06 6.7455e+01 -4.9253e+03 1.5160e+04 -5.4353e-01 1.0779e+04
-3.6336e+06 6.8353e+01 -4.9145e+03 1.5184e+04 -1.2052e+00 1.0664e+04
-3.5860e+06 6.9313e+01 -4.9037e+03 1.5207e+04 1.7733e-01 1.0550e+04
-3.5360e+06 7.0353e+01 -4.8927e+03 1.5230e+04 2.6577e-01 1.0436e+04
-4.2131e+06 4.9606e+01 -5.1846e+03 1.4482e+04 -2.4534e+00 1.3641e+04
-4.1986e+06 5.0108e+01 -5.1783e+03 1.4507e+04 -6.5679e-01 1.3546e+04
-4.1750e+06 5.0862e+01 -5.1718e+03 1.4532e+04 -1.3631e+00 1.3448e+04
-4.1548e+06 5.1763e+01 -5.1651e+03 1.4556e+04 -9.8371e-01 1.3350e+04
-4.1229e+06 5.2619e+01 -5.1582e+03 1.4582e+04 1.9275e-01 1.3251e+04
-4.1057e+06 5.3314e+01 -5.1511e+03 1.4607e+04 1.0302e-01 1.3151e+04
-4.0875e+06 5.3880e+01 -5.1439e+03 1.4632e+04 -1.5852e-01 1.3051e+04
-4.0782e+06 5.4389e+01 -5.1364e+03 1.4657e+04 -1.6796e-01 1.2950e+04
-4.0595e+06 5.4878e+01 -5.1288e+03 1.4682e+04 -1.1412e-01 1.2847e+04
-4.0495e+06 5.5373e+01 -5.1210e+03 1.4707e+04 -7.9824e-03 1.2744e+04
-4.0308e+06 5.5885e+01 -5.1130e+03 1.4732e+04 9.3204e-03 1.2641e+04
-4.0176e+06 5.6414e+01 -5.1048e+03 1.4757e+04 -1.4310e-02 1.2536e+04
-3.9953e+06 5.6963e+01 -5.0965e+03 1.4782e+04 -8.1249e-02 1.2431e+04
-3.9793e+06 5.7531e+01 -5.0880e+03 1.4807e+04 -2.4724e-01 1.2325e+04
-3.9545e+06 5.8099e+01 -5.0794e+03 1.4832e+04 1.5363e-02 1.2219e+04
-3.9369e+06 5.8644e+01 -5.0706e+03 1.4857e+04 7.1478e-01 1.2112e+04
-3.9136e+06 5.9151e+01 -5.0617e+03 1.4882e+04 1.2261e+00 1.2004e+04
-3.9020e+06 5.9591e+01 -5.0526e+03 1.4907e+04 1.4531e+00 1.1896e+04
-3.8876e+06 5.9922e+01 -5.0434e+03 1.4932e+04 1.2724e+00 1.1787e+04
-3.8858e+06 6.0168e+01 -5.0340e+03 1.4956e+04 4.5105e-01 1.1678e+04
-3.8752e+06 6.0456e+01 -5.0245e+03 1.4981e+04 2.1717e-01 1.1568e+04
-3.8695e+06 6.0903e+01 -5.0149e+03 1.5005e+04 2.5706e-01 1.1458e+04
-3.8724e+06 6.1509e+01 -5.0052e+03 1.5030e+04 -1.0073e+00 1.1347e+04
-3.8812e+06 6.2190e+01 -4.9953e+03 1.5054e+04 -1.1798e+00 1.1236e+04
-3.8688e+06 6.2896e+01 -4.9853e+03 1.5078e+04 -1.3230e+00 1.1124e+04
-3.8526e+06 6.3620e+01 -4.9752e+03 1.5102e+04 -2.5753e+00 1.1012e+04
-3.8074e+06 6.4350e+01 -4.9650e+03 1.5125e+04 -1.2682e+00 1.0900e+04
-3.7648e+06 6.5087e+01 -4.9547e+03 1.5149e+04 4.5847e-01 1.0788e+04
-3.7298e+06 6.5860e+01 -4.9443e+03 1.5172e+04 5.7083e-01 1.0676e+04
-3.7100e+06 6.6688e+01 -4.9338e+03 1.5195e+04 -6.0103e-01 1.0563e+04
-3.6688e+06 6.7567e+01 -4.9232e+03 1.5218e+04 -1.4341e+00 1.0448e+04
-3.6191e+06 6.8495e+01 -4.9125e+03 1.5241e+04 4.0651e-01 1.0333e+04
-3.5750e+06 6.9480e+01 -4.9017e+03 1.5264e+04 6.9608e-01 1.0221e+04
-4.2194e+06 4.9413e+01 -5.1881e+03 1.4533e+04 -2.2530e+00 1.3419e+04
-4.2095e+06 4.9702e+01 -5.1820e+03 1.4557e+04 -5.9941e-01 1.3324e+04
-4.1972e+06 5.0154e+01 -5.1756e+03 1.4581e+04 -2.1878e+00 1.3226e+04
-4.1775e+06 5.0854e+01 -5.1691e+03 1.4606e+04 -3.0170e+00 1.3128e+04
-4.1526e+06 5.1815e+01 -5.1624e+03 1.4630e+04 -2.3410e+00 1.3029e+04
-4.1313e+06 5.2777e+01 -5.1554e+03 1.4655e+04 -1.1801e+00 1.2929e+04
-4.1103e+06 5.3503e+01 -5.1483e+03 1.4679e+04 -4.0268e-01 1.2829e+04
-4.0978e+06 5.4028e+01 -5.1410e+03 1.4704e+04 -6.4214e-01 1.2727e+04
-4.0836e+06 5.4493e+01 -5.1336e+03 1.4728e+04 -7.0433e-01 1.2625e+04
-4.0701e+06 5.4975e+01 -5.1259e+03 1.4753e+04 -5.3474e-01 1.2522e+04
-4.0520e+06 5.5476e+01 -5.1181e+03 1.4778e+04 -4.7042e-01 1.2419e+04
-4.0395e+06 5.5990e+01 -5.1101e+03 1.4802e+04 -3.9613e-01 1.2314e+04
-4.0163e+06 5.6519e+01 -5.1020e+03 1.4827e+04 -4.9975e-02 1.2209e+04
-3.9958e+06 5.7068e+01 -5.0937e+03 1.4851e+04 1.3963e-01 1.2104e+04
-3.9709e+06 5.7639e+01 -5.0852e+03 1.4876e+04 -2.3907e-01 1.1998e+04
-3.9544e+06 5.8211e+01 -5.0766e+03 1.4900e+04 -3.0466e-01 1.1891e+04
-3.9326e+06 5.8753e+01 -5.0678e+03 1.4924e+04 1.8894e-01 1.1783e+04
-3.9213e+06 5.9234e+01 -5.0589e+03 1.4948e+04 5.1933e-01 1.1676e+04
-3.9078e+06 5.9639e+01 -5.0499e+03 1.4973e+04 4.8836e-01 1.1567e+04
-3.9080e+06 5.9951e+01 -5.0407e+03 1.4997e+04 7.7976e-02 1.1458e+04
-3.8973e+06 6.0207e+01 -5.0314e+03 1.5020e+04 -1.4914e-01 1.1349e+04
-3.8961e+06 6.0523e+01 -5.0219e+03 1.5044e+04 -1.8021e-01 1.1239e+04
-3.8859e+06 6.0993e+01 -5.0124e+03 1.5068e+04 5.0448e-01 1.1128e+04
-3.8866e+06 6.1595e+01 -5.0027e+03 1.5092e+04 1.0701e+00 1.1018e+04
-3.8758e+06 6.2255e+01 -4.9928e+03 1.5115e+04 -7.9895e-01 1.0907e+04
-3.8660e+06 6.2937e+01 -4.9829e+03 1.5138e+04 -1.5086e+00 1.0795e+04
-3.8224e+06 6.3639e+01 -4.9729e+03 1.5161e+04 3.9171e-01 1.0683e+04
-3.7956e+06 6.4369e+01 -4.9627e+03 1.5184e+04 4.9411e-01 1.0572e+04
-3.7609e+06 6.5140e+01 -4.9525e+03 1.5207e+04 4.4787e-01 1.0460e+04
-3.7395e+06 6.5955e+01 -4.9421e+03 1.5230e+04 6.4347e-01 1.0347e+04
-3.6945e+06 6.6813e+01 -4.9317e+03 1.5252e+04 -4.0636e-01 1.0233e+04
-3.6581e+06 6.7717e+01 -4.9211e+03 1.5274e+04 6.3819e-02 1.0118e+04
-3.6132e+06 6.8663e+01 -4.9105e+03 1.5296e+04 1.0800e-01 1.0007e+04
-4.2141e+06 4.9321e+01 -5.1914e+03 1.4582e+04 -1.2386e+00 1.3197e+04
-4.2200e+06 4.9383e+01 -5.1854e+03 1.4606e+04 -6.1252e-01 1.3102e+04
-4.2006e+06 4.9510e+01 -5.1793e+03 1.4630e+04 -9.7594e-01 1.3004e+04
-4.1703e+06 4.9956e+01 -5.1729e+03 1.4654e+04 -3.3217e-01 1.2906e+04
-4.1467e+06 5.0964e+01 -5.1663e+03 1.4678e+04 -1.5181e+00 1.2807e+04
-4.1416e+06 5.2203e+01 -5.1596e+03 1.4702e+04 -1.9778e+00 1.2708e+04
-4.1256e+06 5.3144e+01 -5.1526e+03 1.4726e+04 -2.5290e-01 1.2607e+04
-4.1173e+06 5.3707e+01 -5.1455e+03 1.4750e+04 -3.5862e-01 1.2506e+04
-4.1017e+06 5.4135e+01 -5.1382e+03 1.4774e+04 -8.8572e-01 1.2404e+04
-4.0896e+06 5.4590e+01 -5.1307e+03 1.4798e+04 -4.6878e-01 1.2301e+04
-4.0728e+06 5.5078e+01 -5.1231e+03 1.4822e+04 -4.6677e-01 1.2198e+04
-4.0663e+06 5.5578e+01 -5.1153e+03 1.4846e+04 -1.4582e+00 1.2094e+04
-4.0392e+06 5.6091e+01 -5.1073e+03 1.4870e+04 -1.0270e+00 1.1989e+04
-4.0093e+06 5.6622e+01 -5.0992e+03 1.4894e+04 4.7145e-01 1.1884e+04
-3.9869e+06 5.7181e+01 -5.0909e+03 1.4918e+04 3.3116e-01 1.1778e+04
-3.9740e+06 5.7764e+01 -5.0824e+03 1.4941e+04 -1.6162e-01 1.1671e+04
-3.9542e+06 5.8333e+01 -5.0738e+03 1.4965e+04 -1.7983e-01 1.1564e+04
-3.9443e+06 5.8852e+01 -5.0651e+03 1.4989e+04 8.6172e-02 1.1456e+04
-3.9309e+06 5.9318e+01 -5.0562e+03 1.5012e+04 2.3646e-01 1.1348e+04
-3.9263e+06 5.9713e+01 -5.0472e+03 1.5036e+04 1.6657e-01 1.1240e+04
-3.9210e+06 6.0009e+01 -5.0381e+03 1.5059e+04 -1.8962e-01 1.1130e+04
-3.9204e+06 6.0259e+01 -5.0288e+03 1.5082e+04 -7.1816e-01 1.1021e+04
-3.9104e+06 6.0592e+01 -5.0194e+03 1.5105e+04 -1.0795e-01 1.0911e+04
-3.9026e+06 6.1073e+01 -5.0098e+03 1.5128e+04 3.4706e-01 1.0801e+04
-3.8860e+06 6.1662e+01 -5.0002e+03 1.5151e+04 -5.2067e-01 1.0690e+04
-3.8695e+06 6.2298e+01 -4.9904e+03 1.5174e+04 -3.5625e-01 1.0579e+04
-3.8467e+06 6.2965e+01 -4.9805e+03 1.5196e+04 4.8197e-01 1.0468e+04
-3.8273e+06 6.3681e+01 -4.9705e+03 1.5219e+04 -2.0238e-01 1.0356e+04
-3.7978e+06 6.4449e+01 -4.9604e+03 1.5241e+04 -2.3644e-01 1.0245e+04
-3.7709e+06 6.5246e+01 -4.9502e+03 1.5263e+04 4.7657e-01 1.0133e+04
-3.7342e+06 6.6080e+01 -4.9399e+03 1.5285e+04 -7.1322e-01 1.0020e+04
-3.6959e+06 6.6968e+01 -4.9295e+03 1.5306e+04 -7.1486e-01 9.9042e+03
-3.6618e+06 6.7886e+01 -4.9191e+03 1.5328e+04 -6.1613e-01 9.7940e+03
-4.2076e+06 4.9347e+01 -5.1946e+03 1.4630e+04 6.3775e-01 1.2976e+04
-4.2259e+06 4.9240e+01 -5.1888e+03 1.4654e+04 -1.7156e+00 1.2881e+04
-4.2136e+06 4.9141e+01 -5.1828e+03 1.4677e+04 -1.3425e+00 1.2783e+04
-4.1431e+06 4.9357e+01 -5.1766e+03 1.4700e+04 4.8885e+00 1.2685e+04
-4.1211e+06 5.0260e+01 -5.1702e+03 1.4724e+04 4.8759e+00 1.2586e+04
-4.1372e+06 5.1597e+01 -5.1636e+03 1.4747e+04 -5.1029e-01 1.2487e+04
-4.1479e+06 5.2721e+01 -5.1568e+03 1.4771e+04 -7.0426e-01 1.2386e+04
-4.1301e+06 5.3374e+01 -5.1499e+03 1.4794e+04 -1.6655e-01 1.2285e+04
-4.1248e+06 5.3794e+01 -5.1427e+03 1.4818e+04 -9.6131e-01 1.2184e+04
-4.1013e+06 5.4221e+01 -5.1354e+03 1.4841e+04 -5.8347e-01 1.2081e+04
-4.0896e+06 5.4691e+01 -5.1280e+03 1.4865e+04 8.1985e-02 1.1978e+04
-4.0732e+06 5.5178e+01 -5.1203e+03 1.4888e+04 -1.1424e+00 1.1874e+04
-4.0548e+06 5.5678e+01 -5.1125e+03 1.4912e+04 -1.4755e+00 1.1770e+04
-4.0182e+06 5.6194e+01 -5.1045e+03 1.4935e+04 2.5820e-01 1.1664e+04
-4.0086e+06 5.6737e+01 -5.0964e+03 1.4958e+04 6.3538e-01 1.1559e+04
-3.9919e+06 5.7313e+01 -5.0881e+03 1.4982e+04 1.7560e-01 1.1452e+04
-3.9834e+06 5.7894e+01 -5.0797e+03 1.5005e+04 -2.2357e-02 1.1345e+04
-3.9638e+06 5.8439e+01 -5.0711e+03 1.5028e+04 2.6928e-01 1.1238e+04
-3.9584e+06 5.8945e+01 -5.0624e+03 1.5051e+04 4.2703e-01 1.1130e+04
-3.9461e+06 5.9411e+01 -5.0536e+03 1.5074e+04 4.0550e-01 1.1022e+04
-3.9467e+06 5.9789e+01 -5.0446e+03 1.5096e+04 4.1347e-02 1.0913e+04
-3.9395e+06 6.0055e+01 -5.0354e+03 1.5119e+04 -6.9803e-01 1.0804e+04
-3.9414e+06 6.0298e+01 -5.0262e+03 1.5142e+04 -6.5282e-01 1.0694e+04
-3.9265e+06 6.0650e+01 -5.0168e+03 1.5164e+04 -4.9965e-01 1.0584e+04
-3.9137e+06 6.1144e+01 -5.0073e+03 1.5186e+04 -7.2925e-01 1.0474e+04
-3.8940e+06 6.1719e+01 -4.9977e+03 1.5208e+04 -6.4175e-01 1.0364e+04
-3.8854e+06 6.2344e+01 -4.9880e+03 1.5230e+04 -2.7014e-01 1.0253e+04
-3.8606e+06 6.3040e+01 -4.9782e+03 1.5252e+04 -7.1250e-01 1.0142e+04
-3.8413e+06 6.3799e+01 -4.9682e+03 1.5274e+04 -4.0283e-01 1.0031e+04
-3.8092e+06 6.4575e+01 -4.9582e+03 1.5295e+04 1.8322e-01 9.9195e+03
-3.7818e+06 6.5388e+01 -4.9480e+03 1.5317e+04 -1.2610e+00 9.8067e+03
-3.7379e+06 6.6266e+01 -4.9378e+03 1.5338e+04 -1.2213e+00 9.6915e+03
-3.7132e+06 6.7166e+01 -4.9275e+03 1.5359e+04 -1.0605e+00 9.5823e+03
-4.2046e+06 4.9480e+01 -5.1977e+03 1.4677e+04 4.1862e-01 1.2757e+04
-4.2334e+06 4.9304e+01 -5.1921e+03 1.4700e+04 -2.9119e+00 1.2662e+04
-4.2320e+06 4.9122e+01 -5.1862e+03 1.4723e+04 -4.9151e+00 1.2564e+04
-4.1674e+06 4.9165e+01 -5.1802e+03 1.4746e+04 1.8270e+00 1.2466e+04
-4.1387e+06 4.9807e+01 -5.1739e+03 1.4769e+04 4.9499e+00 1.2367e+04
-4.1550e+06 5.0993e+01 -5.1675e+03 1.4792e+04 -3.6118e-01 1.2268e+04
-4.1697e+06 5.2182e+01 -5.1609e+03 1.4815e+04 -1.2885e+00 1.2167e+04
-4.1480e+06 5.2970e+01 -5.1541e+03 1.4838e+04 2.4917e-01 1.2066e+04
-4.1380e+06 5.3447e+01 -5.1471e+03 1.4861e+04 -1.7651e-01 1.1965e+04
-4.1129e+06 5.3864e+01 -5.1400e+03 1.4884e+04 2.9005e-02 1.1862e+04
-4.0972e+06 5.4316e+01 -5.1327e+03 1.4907e+04 1.5847e+00 1.1759e+04
-4.0714e+06 5.4792e+01 -5.1252e+03 1.4930e+04 1.5401e+00 1.1655e+04
-4.0613e+06 5.5285e+01 -5.1175e+03 1.4953e+04 4.2333e-01 1.1551e+04
-4.0354e+06 5.5790e+01 -5.1097e+03 1.4975e+04 6.5881e-01 1.1446e+04
-4.0337e+06 5.6314e+01 -5.1018e+03 1.4998e+04 9.1785e-01 1.1341e+04
-4.0154e+06 5.6874e+01 -5.0937e+03 1.5021e+04 6.2890e-01 1.1235e+04
-4.0099e+06 5.7455e+01 -5.0854e+03 1.5043e+04 4.7226e-01 1.1128e+04
-3.9886e+06 5.8012e+01 -5.0770e+03 1.5066e+04 7.3082e-01 1.1021e+04
-3.9863e+06 5.8538e+01 -5.0684e+03 1.5088e+04 8.6330e-01 1.0913e+04
-3.9677e+06 5.9049e+01 -5.0597e+03 1.5111e+04 1.0362e+00 1.0805e+04
-3.9725e+06 5.9509e+01 -5.0509e+03 1.5133e+04 9.0319e-01 1.0697e+04
-3.9587e+06 5.9844e+01 -5.0420e+03 1.5155e+04 7.0898e-01 1.0588e+04
-3.9673e+06 6.0075e+01 -5.0329e+03 1.5177e+04 5.4703e-01 1.0479e+04
-3.9528e+06 6.0338e+01 -5.0237e+03 1.5199e+04 2.2105e-01 1.0369e+04
-3.9551e+06 6.0724e+01 -5.0143e+03 1.5221e+04 2.6170e-01 1.0260e+04
-3.9299e+06 6.1226e+01 -5.0049e+03 1.5242e+04 2.5811e-01 1.0149e+04
-3.9270e+06 6.1823e+01 -4.9953e+03 1.5264e+04 1.0763e-02 1.0039e+04
-3.8948e+06 6.2516e+01 -4.9856e+03 1.5285e+04 -5.2291e-01 9.9286e+03
-3.8834e+06 6.3267e+01 -4.9759e+03 1.5306e+04 2.4427e-02 9.8182e+03
-3.8452e+06 6.4025e+01 -4.9660e+03 1.5327e+04 4.0459e-01 9.7070e+03
-3.8273e+06 6.4822e+01 -4.9560e+03 1.5348e+04 -1.3637e+00 9.5947e+03
-3.7764e+06 6.5686e+01 -4.9459e+03 1.5368e+04 -1.2092e+00 9.4802e+03
-3.7634e+06 6.6587e+01 -4.9357e+03 1.5388e+04 -5.2215e-01 9.3723e+03
-4.2048e+06 4.9645e+01 -5.2007e+03 1.4723e+04 -1.2238e+00 1.2539e+04
-4.2185e+06 4.9463e+01 -5.1952e+03 1.4746e+04 -7.9721e-01 1.2444e+04
-4.2363e+06 4.9293e+01 -5.1895e+03 1.4768e+04 -5.4573e+00 1.2346e+04
-4.2095e+06 4.9254e+01 -5.1836e+03 1.4790e+04 -5.0339e+00 1.2248e+04
-4.1866e+06 4.9620e+01 -5.1776e+03 1.4813e+04 -9.3198e-01 1.2149e+04
-4.1797e+06 5.0506e+01 -5.1713e+03 1.4835e+04 -1.6692e+00 1.2050e+04
-4.1849e+06 5.1612e+01 -5.1648e+03 1.4858e+04 -1.8874e+00 1.1950e+04
-4.1603e+06 5.2505e+01 -5.1582e+03 1.4880e+04 -1.6358e-01 1.1849e+04
-4.1493e+06 5.3078e+01 -5.1514e+03 1.4903e+04 -1.6279e-01 1.1747e+04
-4.1239e+06 5.3514e+01 -5.1444e+03 1.4925e+04 -2.4330e-01 1.1645e+04
-4.1076e+06 5.3954e+01 -5.1373e+03 1.4948e+04 9.4275e-01 1.1542e+04
-4.0848e+06 5.4422e+01 -5.1299e+03 1.4970e+04 1.3946e+00 1.1439e+04
-4.0806e+06 5.4910e+01 -5.1225e+03 1.4992e+04 6.6505e-01 1.1335e+04
-4.0623e+06 5.5399e+01 -5.1148e+03 1.5015e+04 2.1443e-01 1.1230e+04
-4.0568e+06 5.5903e+01 -5.1070e+03 1.5037e+04 9.4350e-02 1.1125e+04
-4.0382e+06 5.6456e+01 -5.0991e+03 1.5059e+04 -1.5696e-01 1.1019e+04
-4.0315e+06 5.7037e+01 -5.0910e+03 1.5081e+04 -2.4999e-01 1.0913e+04
-4.0110e+06 5.7597e+01 -5.0827e+03 1.5103e+04 -1.1798e-01 1.0806e+04
-4.0062e+06 5.8135e+01 -5.0743e+03 1.5125e+04 -9.2644e-02 1.0699e+04
-3.9912e+06 5.8677e+01 -5.0658e+03 1.5147e+04 5.5162e-02 1.0591e+04
-3.9888e+06 5.9195e+01 -5.0571e+03 1.5168e+04 9.7001e-02 1.0483e+04
-3.9743e+06 5.9607e+01 -5.0483e+03 1.5190e+04 6.4984e-01 1.0374e+04
-3.9798e+06 5.9892e+01 -5.0394e+03 1.5211e+04 6.4136e-01 1.0266e+04
-3.9760e+06 6.0131e+01 -5.0303e+03 1.5233e+04 -5.3461e-01 1.0156e+04
-3.9784e+06 6.0436e+01 -5.0212e+03 1.5254e+04 -8.9006e-01 1.0047e+04
-3.9610e+06 6.0883e+01 -5.0119e+03 1.5275e+04 -9.2631e-01 9.9372e+03
-3.9486e+06 6.1487e+01 -5.0025e+03 1.5296e+04 -7.7264e-01 9.8272e+03
-3.9219e+06 6.2198e+01 -4.9929e+03 1.5316e+04 -1.0716e+00 9.7172e+03
-3.9095e+06 6.2949e+01 -4.9833e+03 1.5337e+04 -1.3421e+00 9.6070e+03
-3.8797e+06 6.3708e+01 -4.9736e+03 1.5357e+04 -1.5143e+00 9.4963e+03
-3.8562e+06 6.4493e+01 -4.9637e+03 1.5378e+04 -2.5425e+00 9.3844e+03
-3.8158e+06 6.5331e+01 -4.9538e+03 1.5398e+04 -1.7366e+00 9.2703e+03
-3.8004e+06 6.6239e+01 -4.9438e+03 1.5417e+04 -1.2107e+00 9.1633e+03
-4.1837e+06 4.9789e+01 -5.2036e+03 1.4768e+04 3.7223e-01 1.2322e+04
-4.1863e+06 4.9624e+01 -5.1983e+03 1.4790e+04 3.9869e+00 1.2227e+04
-4.2097e+06 4.9508e+01 -5.1927e+03 1.4812e+04 -2.3531e+00 1.2128e+04
-4.2170e+06 4.9479e+01 -5.1870e+03 1.4834e+04 -6.1333e+00 1.2030e+04
-4.1942e+06 4.9672e+01 -5.1811e+03 1.4856e+04 -2.4432e+00 1.1932e+04
-4.1838e+06 5.0257e+01 -5.1749e+03 1.4878e+04 -2.0923e+00 1.1832e+04
-4.1874e+06 5.1164e+01 -5.1687e+03 1.4900e+04 -3.6575e+00 1.1732e+04
-4.1701e+06 5.2054e+01 -5.1622e+03 1.4922e+04 -2.5630e+00 1.1632e+04
-4.1521e+06 5.2699e+01 -5.1555e+03 1.4944e+04 -2.1304e+00 1.1530e+04
-4.1357e+06 5.3169e+01 -5.1487e+03 1.4966e+04 -2.4597e+00 1.1428e+04
-4.1220e+06 5.3610e+01 -5.1417e+03 1.4987e+04 -2.2215e+00 1.1326e+04
-4.1070e+06 5.4081e+01 -5.1345e+03 1.5009e+04 -1.9466e+00 1.1222e+04
-4.0980e+06 5.4568e+01 -5.1272e+03 1.5031e+04 -1.8860e+00 1.1119e+04
-4.0839e+06 5.5034e+01 -5.1197e+03 1.5053e+04 -2.0474e+00 1.1014e+04
-4.0722e+06 5.5517e+01 -5.1121e+03 1.5075e+04 -2.0920e+00 1.0909e+04
-4.0549e+06 5.6078e+01 -5.1043e+03 1.5096e+04 -2.0496e+00 1.0804e+04
-4.0424e+06 5.6669e+01 -5.0964e+03 1.5118e+04 -2.2801e+00 1.0698e+04
-4.0284e+06 5.7234e+01 -5.0883e+03 1.5139e+04 -2.5193e+00 1.0591e+04
-4.0186e+06 5.7798e+01 -5.0800e+03 1.5161e+04 -2.6179e+00 1.0485e+04
-4.0045e+06 5.8377e+01 -5.0717e+03 1.5182e+04 -2.6117e+00 1.0377e+04
-3.9988e+06 5.8930e+01 -5.0632e+03 1.5203e+04 -2.6651e+00 1.0270e+04
-3.9862e+06 5.9401e+01 -5.0545e+03 1.5224e+04 -2.2113e+00 1.0162e+04
-3.9869e+06 5.9760e+01 -5.0457e+03 1.5245e+04 -2.1979e+00 1.0053e+04
-3.9865e+06 6.0031e+01 -5.0369e+03 1.5266e+04 -3.5384e+00 9.9447e+03
-3.9890e+06 6.0315e+01 -5.0278e+03 1.5286e+04 -4.4747e+00 9.8357e+03
-3.9717e+06 6.0755e+01 -5.0187e+03 1.5307e+04 -4.3796e+00 9.7263e+03
-3.9510e+06 6.1385e+01 -5.0094e+03 1.5327e+04 -2.8233e+00 9.6170e+03
-3.9275e+06 6.2112e+01 -5.0001e+03 1.5347e+04 -2.6485e+00 9.5073e+03
-3.9178e+06 6.2873e+01 -4.9906e+03 1.5367e+04 -4.3147e+00 9.3974e+03
-3.8940e+06 6.3657e+01 -4.9810e+03 1.5387e+04 -5.0502e+00 9.2869e+03
-3.8736e+06 6.4435e+01 -4.9713e+03 1.5407e+04 -5.5608e+00 9.1758e+03
-3.8395e+06 6.5228e+01 -4.9615e+03 1.5426e+04 -4.6186e+00 9.0620e+03
-3.8219e+06 6.6125e+01 -4.9516e+03 1.5445e+04 -3.9883e+00 8.9557e+03
-4.1709e+06 4.9929e+01 -5.2064e+03 1.4812e+04 7.5409e-01 1.2104e+04
-4.1673e+06 4.9802e+01 -5.2012e+03 1.4833e+04 3.4471e+00 1.2011e+04
-4.1872e+06 4.9750e+01 -5.1958e+03 1.4855e+04 -7.9033e-01 1.1914e+04
-4.1944e+06 4.9771e+01 -5.1902e+03 1.4876e+04 -2.9181e+00 1.1816e+04
-4.1762e+06 4.9893e+01 -5.1845e+03 1.4897e+04 8.2093e-01 1.1718e+04
-4.1716e+06 5.0256e+01 -5.1785e+03 1.4919e+04 3.0124e-02 1.1618e+04
-4.1793e+06 5.0926e+01 -5.1724e+03 1.4940e+04 -3.1408e+00 1.1518e+04
-4.1644e+06 5.1707e+01 -5.1660e+03 1.4962e+04 -2.5422e+00 1.1418e+04
-4.1490e+06 5.2356e+01 -5.1595e+03 1.4983e+04 -1.9048e+00 1.1317e+04
-4.1353e+06 5.2849e+01 -5.1529e+03 1.5005e+04 -2.2484e+00 1.1215e+04
-4.1267e+06 5.3307e+01 -5.1460e+03 1.5026e+04 -2.6994e+00 1.1112e+04
-4.1167e+06 5.3810e+01 -5.1390e+03 1.5048e+04 -3.2344e+00 1.1009e+04
-4.1072e+06 5.4319e+01 -5.1319e+03 1.5069e+04 -3.3623e+00 1.0906e+04
-4.0939e+06 5.4772e+01 -5.1245e+03 1.5090e+04 -3.2390e+00 1.0802e+04
-4.0768e+06 5.5243e+01 -5.1170e+03 1.5111e+04 -2.9105e+00 1.0697e+04
-4.0601e+06 5.5813e+01 -5.1094e+03 1.5132e+04 -2.3094e+00 1.0592e+04
-4.0488e+06 5.6414e+01 -5.1016e+03 1.5153e+04 -2.2075e+00 1.0486e+04
-4.0358e+06 5.6994e+01 -5.0937e+03 1.5174e+04 -2.5413e+00 1.0380e+04
-4.0231e+06 5.7594e+01 -5.0856e+03 1.5195e+04 -2.5800e+00 1.0273e+04
-4.0113e+06 5.8208e+01 -5.0774e+03 1.5216e+04 -2.4046e+00 1.0166e+04
-4.0004e+06 5.8786e+01 -5.0691e+03 1.5236e+04 -2.3470e+00 1.0059e+04
-3.9924e+06 5.9300e+01 -5.0606e+03 1.5257e+04 -2.2359e+00 9.9511e+03
-3.9886e+06 5.9714e+01 -5.0520e+03 1.5277e+04 -2.2975e+00 9.8430e+03
-3.9884e+06 6.0022e+01 -5.0432e+03 1.5297e+04 -2.9534e+00 9.7347e+03
-3.9837e+06 6.0332e+01 -5.0343e+03 1.5318e+04 -3.3676e+00 9.6262e+03
-3.9721e+06 6.0803e+01 -5.0254e+03 1.5337e+04 -3.1610e+00 9.5172e+03
-3.9464e+06 6.1451e+01 -5.0163e+03 1.5357e+04 -1.7783e+00 9.4082e+03
-3.9285e+06 6.2174e+01 -5.0070e+03 1.5377e+04 -1.4604e+00 9.2989e+03
-3.9143e+06 6.2950e+01 -4.9977e+03 1.5396e+04 -2.7643e+00 9.1893e+03
-3.8958e+06 6.3769e+01 -4.9883e+03 1.5416e+04 -3.3406e+00 9.0797e+03
-3.8617e+06 6.4543e+01 -4.9787e+03 1.5435e+04 -2.7872e+00 8.9696e+03
-3.8373e+06 6.5289e+01 -4.9691e+03 1.5454e+04 -1.7447e+00 8.8568e+03
-3.8315e+06 6.6160e+01 -4.9594e+03 1.5473e+04 -2.1209e+00 8.7476e+03
-4.1662e+06 5.0102e+01 -5.2091e+03 1.4854e+04 -2.2897e+00 1.1898e+04
-4.1653e+06 5.0021e+01 -5.2041e+03 1.4875e+04 -1.1430e+00 1.1803e+04
-4.1701e+06 5.0012e+01 -5.1988e+03 1.4896e+04 -6.1082e-01 1.1705e+04
-4.1775e+06 5.0061e+01 -5.1934e+03 1.4917e+04 -5.1139e-01 1.1608e+04
-4.1703e+06 5.0162e+01 -5.1877e+03 1.4938e+04 7.9870e-01 1.1509e+04
-4.1705e+06 5.0399e+01 -5.1819e+03 1.4959e+04 1.3057e-01 1.1410e+04
-4.1642e+06 5.0859e+01 -5.1759e+03 1.4980e+04 -6.2186e-01 1.1310e+04
-4.1509e+06 5.1472e+01 -5.1698e+03 1.5001e+04 3.6734e-01 1.1210e+04
-4.1340e+06 5.2060e+01 -5.1634e+03 1.5022e+04 5.2839e-01 1.1108e+04
-4.1283e+06 5.2550e+01 -5.1569e+03 1.5043e+04 3.5411e-01 1.1006e+04
-4.1252e+06 5.3026e+01 -5.1502e+03 1.5064e+04 -1.0550e+00 1.0904e+04
-4.1205e+06 5.3575e+01 -5.1434e+03 1.5085e+04 -2.2352e+00 1.0801e+04
-4.1014e+06 5.4142e+01 -5.1364e+03 1.5106e+04 -1.4018e+00 1.0697e+04
-4.0881e+06 5.4635e+01 -5.1292e+03 1.5126e+04 -1.0697e+00 1.0593e+04
-4.0699e+06 5.5119e+01 -5.1219e+03 1.5147e+04 -1.6178e+00 1.0488e+04
-4.0574e+06 5.5686e+01 -5.1144e+03 1.5167e+04 -1.1916e+00 1.0383e+04
-4.0463e+06 5.6285e+01 -5.1068e+03 1.5188e+04 -7.2916e-01 1.0277e+04
-4.0400e+06 5.6881e+01 -5.0990e+03 1.5208e+04 -1.0481e+00 1.0171e+04
-4.0260e+06 5.7503e+01 -5.0911e+03 1.5229e+04 -1.3482e+00 1.0065e+04
-4.0151e+06 5.8129e+01 -5.0830e+03 1.5249e+04 -1.1707e+00 9.9585e+03
-4.0028e+06 5.8730e+01 -5.0748e+03 1.5269e+04 -9.5586e-01 9.8512e+03
-3.9966e+06 5.9286e+01 -5.0665e+03 1.5289e+04 -9.4807e-01 9.7439e+03
-3.9902e+06 5.9729e+01 -5.0580e+03 1.5309e+04 -9.3019e-01 9.6361e+03
-3.9887e+06 6.0046e+01 -5.0494e+03 1.5328e+04 -1.0484e+00 9.5279e+03
-3.9820e+06 6.0369e+01 -5.0407e+03 1.5348e+04 -1.1384e+00 9.4193e+03
-3.9729e+06 6.0857e+01 -5.0319e+03 1.5367e+04 -1.4009e+00 9.3106e+03
-3.9555e+06 6.1503e+01 -5.0229e+03 1.5387e+04 -1.6185e+00 9.2021e+03
-3.9409e+06 6.2209e+01 -5.0139e+03 1.5406e+04 -1.6232e+00 9.0933e+03
-3.9215e+06 6.2986e+01 -5.0047e+03 1.5425e+04 -1.5386e+00 8.9840e+03
-3.8953e+06 6.3825e+01 -4.9954e+03 1.5444e+04 -4.5869e-01 8.8749e+03
-3.8419e+06 6.4610e+01 -4.9860e+03 1.5462e+04 3.7468e+00 8.7639e+03
-3.8222e+06 6.5357e+01 -4.9765e+03 1.5481e+04 5.0924e+00 8.6545e+03
-3.8279e+06 6.6231e+01 -4.9669e+03 1.5499e+04 -8.0175e-01 8.5455e+03
