  1    1089
-4.4568e+06 3.6315e+01 1.8492e+04 8.4537e+03 -1.6501e+00 7.1165e+03
-4.5876e+06 3.6323e+01 1.8640e+04 8.1879e+03 -5.8784e+00 6.8084e+03
-4.2300e+06 3.6331e+01 1.8788e+04 7.9091e+03 -9.2779e+00 6.5041e+03
-4.8150e+06 3.6344e+01 1.8934e+04 7.6171e+03 -1.7884e+01 6.1959e+03
-3.8684e+06 3.6369e+01 1.9078e+04 7.3113e+03 -1.4390e+01 5.8918e+03
-4.4463e+06 3.6407e+01 1.9220e+04 6.9916e+03 -3.1730e+01 5.5881e+03
-3.6268e+06 3.6467e+01 1.9359e+04 6.6577e+03 -4.4256e+01 5.2856e+03
-3.8846e+06 3.6558e+01 1.9496e+04 6.3093e+03 -8.1107e+01 4.9852e+03
-3.1160e+06 3.6696e+01 1.9628e+04 5.9461e+03 -9.7727e+01 4.6863e+03
-2.4779e+06 3.6888e+01 1.9755e+04 5.5681e+03 -1.9103e+02 4.3877e+03
-2.1856e+06 3.7065e+01 1.9878e+04 5.1751e+03 -3.3226e+02 4.0840e+03
1.3759e+06 3.6950e+01 1.9994e+04 4.7670e+03 -5.5741e+02 3.7860e+03
1.1026e+06 3.6060e+01 2.0104e+04 4.3438e+03 -6.4360e+02 3.5142e+03
6.5882e+06 3.4493e+01 2.0206e+04 3.9057e+03 -2.0172e+02 3.2167e+03
1.8930e+07 3.2686e+01 2.0299e+04 3.4526e+03 3.7422e+02 2.8863e+03
1.4536e+07 3.1208e+01 2.0383e+04 2.9850e+03 5.7077e+02 2.6143e+03
2.1084e+07 3.0898e+01 2.0456e+04 2.5032e+03 1.3588e+03 2.3837e+03
2.5183e+07 3.2161e+01 2.0518e+04 2.0076e+03 -1.2198e+03 1.5623e+03
6.1633e+05 3.6041e+01 2.0568e+04 1.4987e+03 -2.5450e+04 -5.8856e+03
-2.0828e+07 4.2482e+01 2.0605e+04 9.7733e+02 -9.6643e+04 -1.2331e+04
-1.0166e+07 4.8806e+01 2.0612e+04 4.4500e+02 -2.2168e+05 -3.4356e+04
4.1057e+06 5.1884e+01 1.8850e+04 2.6941e+01 -3.5556e+05 -4.2867e+04
-5.9250e+04 5.2280e+01 1.6731e+04 -2.7264e+02 -4.3392e+05 3.4949e+04
-2.4903e+06 5.1665e+01 1.5886e+04 -6.2490e+02 -4.4975e+05 1.4554e+05
-3.0057e+06 4.9912e+01 1.5610e+04 -1.0254e+03 -4.4571e+05 1.9362e+05
-2.6739e+06 5.0327e+01 1.5325e+04 -1.4169e+03 -4.4598e+05 1.9481e+05
-5.9373e+06 5.0881e+01 1.5031e+04 -1.7982e+03 -4.4729e+05 1.9477e+05
-8.0345e+06 4.8213e+01 1.4728e+04 -2.1682e+03 -4.4838e+05 1.9484e+05
-1.2840e+07 4.6042e+01 1.4417e+04 -2.5259e+03 -4.4969e+05 1.9488e+05
-1.9099e+07 4.4292e+01 1.4099e+04 -2.8703e+03 -4.5112e+05 1.9493e+05
-2.8137e+07 4.5935e+01 1.3774e+04 -3.2004e+03 -4.5293e+05 1.9492e+05
-3.5410e+07 4.8981e+01 1.3443e+04 -3.5154e+03 -4.5460e+05 1.9498e+05
-3.8200e+07 4.7246e+01 1.3107e+04 -3.8145e+03 -4.5485e+05 1.9493e+05
-4.5128e+06 3.6323e+01 1.8342e+04 8.7569e+03 -7.0274e+00 7.2092e+03
-4.3359e+06 3.6335e+01 1.8495e+04 8.4932e+03 -1.2001e+01 6.9123e+03
-4.6366e+06 3.6349e+01 1.8647e+04 8.2161e+03 -1.2073e+01 6.5980e+03
-3.7376e+06 3.6373e+01 1.8799e+04 7.9252e+03 -6.9701e+00 6.2926e+03
-4.6164e+06 3.6414e+01 1.8949e+04 7.6203e+03 -3.6373e+01 5.9885e+03
-3.5952e+06 3.6482e+01 1.9098e+04 7.3009e+03 -5.1559e+01 5.6852e+03
-3.9934e+06 3.6586e+01 1.9244e+04 6.9667e+03 -8.9242e+01 5.3832e+03
-2.8285e+06 3.6739e+01 1.9387e+04 6.6174e+03 -1.1442e+02 5.0825e+03
-2.4652e+06 3.6919e+01 1.9527e+04 6.2527e+03 -2.4389e+02 4.7810e+03
-1.3565e+06 3.6964e+01 1.9662e+04 5.8723e+03 -4.1273e+02 4.4750e+03
1.5194e+06 3.6503e+01 1.9792e+04 5.4762e+03 -6.1358e+02 4.1863e+03
2.8581e+06 3.5123e+01 1.9916e+04 5.0641e+03 -4.3226e+02 3.9035e+03
1.2413e+07 3.3091e+01 2.0034e+04 4.6360e+03 4.1344e+01 3.5804e+03
1.6876e+07 3.1412e+01 2.0144e+04 4.1919e+03 3.2901e+02 3.2825e+03
1.3133e+07 3.0772e+01 2.0246e+04 3.7320e+03 4.3038e+02 3.0537e+03
2.5029e+07 3.1415e+01 2.0338e+04 3.2564e+03 3.6641e+02 2.6466e+03
1.0962e+07 3.3924e+01 2.0420e+04 2.7655e+03 -6.7176e+03 1.6491e+03
-1.8097e+07 3.8834e+01 2.0490e+04 2.2596e+03 -5.4968e+04 -1.5071e+04
-1.4494e+07 4.5633e+01 2.0547e+04 1.7394e+03 -1.6307e+05 -3.0129e+04
6.2881e+05 5.2045e+01 1.9708e+04 1.2125e+03 -3.0040e+05 -3.7700e+04
9.6895e+05 5.4600e+01 1.7588e+04 7.6216e+02 -4.1701e+05 -5.6544e+04
-2.0047e+07 5.2125e+01 1.5474e+04 4.1479e+02 -4.7587e+05 -6.8223e+04
-3.5417e+07 4.7593e+01 1.3368e+04 1.7383e+02 -4.8568e+05 -1.4092e+04
-4.9801e+07 4.3369e+01 1.2043e+04 -4.6889e+01 -4.7339e+05 1.1684e+05
-5.3053e+07 4.1375e+01 1.1796e+04 -3.5466e+02 -4.6205e+05 1.9468e+05
-4.9793e+07 4.4388e+01 1.1542e+04 -6.5313e+02 -4.6072e+05 1.9681e+05
-5.0100e+07 4.5611e+01 1.1283e+04 -9.4141e+02 -4.6081e+05 1.9658e+05
-4.9629e+07 4.1223e+01 1.1017e+04 -1.2186e+03 -4.6050e+05 1.9656e+05
-5.0431e+07 3.9397e+01 1.0746e+04 -1.4840e+03 -4.6003e+05 1.9650e+05
-4.7713e+07 3.8495e+01 1.0470e+04 -1.7367e+03 -4.5884e+05 1.9636e+05
-4.4723e+07 3.8537e+01 1.0190e+04 -1.9760e+03 -4.5730e+05 1.9603e+05
-3.8027e+07 4.4011e+01 9.9071e+03 -2.2014e+03 -4.5547e+05 1.9569e+05
-3.3108e+07 4.6595e+01 9.6211e+03 -2.4123e+03 -4.5468e+05 1.9557e+05
-4.5635e+06 3.6339e+01 1.8181e+04 9.0668e+03 -1.5335e+01 7.3009e+03
-4.4316e+06 3.6359e+01 1.8339e+04 8.8055e+03 -1.7831e+01 7.0102e+03
-4.1738e+06 3.6385e+01 1.8497e+04 8.5306e+03 -3.8883e+01 6.6859e+03
-4.5833e+06 3.6429e+01 1.8654e+04 8.2416e+03 -4.4451e+01 6.3830e+03
-3.5411e+06 3.6503e+01 1.8811e+04 7.9380e+03 -7.0715e+01 6.0782e+03
-3.6208e+06 3.6622e+01 1.8966e+04 7.6194e+03 -8.9039e+01 5.7756e+03
-2.7978e+06 3.6796e+01 1.9119e+04 7.2854e+03 -1.6432e+02 5.4729e+03
-1.9898e+06 3.7007e+01 1.9269e+04 6.9357e+03 -2.9544e+02 5.1705e+03
-1.0662e+06 3.6847e+01 1.9416e+04 6.5700e+03 -5.3438e+02 4.8647e+03
2.9468e+06 3.5809e+01 1.9559e+04 6.1878e+03 -5.5895e+02 4.5825e+03
5.4823e+06 3.4016e+01 1.9698e+04 5.7889e+03 -2.6858e+02 4.2804e+03
1.6291e+07 3.2037e+01 1.9830e+04 5.3733e+03 2.4364e+02 3.9434e+03
1.4335e+07 3.0751e+01 1.9957e+04 4.9406e+03 4.7908e+02 3.6899e+03
2.1870e+07 3.0806e+01 2.0076e+04 4.4910e+03 1.2585e+03 3.4334e+03
2.2607e+07 3.2532e+01 2.0186e+04 4.0244e+03 -2.3774e+03 2.5248e+03
-2.5323e+06 3.6326e+01 2.0287e+04 3.5410e+03 -3.2069e+04 -6.9239e+03
-1.9968e+07 4.2041e+01 2.0377e+04 3.0411e+03 -1.1093e+05 -9.6476e+03
-6.2042e+06 4.8502e+01 2.0433e+04 2.5238e+03 -2.4127e+05 -3.4187e+04
5.0457e+06 5.3035e+01 1.8402e+04 1.9288e+03 -3.7321e+05 -5.8442e+04
-1.4628e+07 5.3374e+01 1.6301e+04 1.4288e+03 -4.5564e+05 -6.1927e+04
-2.5851e+07 4.9499e+01 1.4201e+04 1.0319e+03 -4.8699e+05 -7.3077e+04
-4.1301e+07 4.4670e+01 1.2106e+04 7.4202e+02 -4.9217e+05 -7.3599e+04
-3.1055e+07 4.1833e+01 1.0022e+04 5.6328e+02 -4.9016e+05 -4.4821e+04
-2.4047e+07 3.9138e+01 8.2073e+03 4.7135e+02 -4.6756e+05 8.0513e+04
-1.7311e+07 3.8315e+01 7.9884e+03 2.6238e+02 -4.4440e+05 1.8639e+05
-8.9186e+06 4.1646e+01 7.7661e+03 6.3032e+01 -4.4166e+05 1.9443e+05
-9.5295e+06 4.2377e+01 7.5406e+03 -1.2606e+02 -4.4098e+05 1.9396e+05
-6.9754e+06 3.9792e+01 7.3124e+03 -3.0429e+02 -4.3892e+05 1.9388e+05
-9.1675e+06 4.0110e+01 7.0820e+03 -4.7111e+02 -4.3362e+05 1.9514e+05
-1.1965e+07 3.9704e+01 6.8499e+03 -6.2603e+02 -4.2359e+05 1.9339e+05
-1.4840e+07 3.8144e+01 6.6167e+03 -7.6862e+02 -4.1213e+05 1.8726e+05
-1.4458e+07 4.3366e+01 6.3831e+03 -8.9852e+02 -4.0053e+05 1.8082e+05
-1.4243e+07 4.8824e+01 6.1496e+03 -1.0155e+03 -3.9886e+05 1.7325e+05
-4.4178e+06 3.6360e+01 1.8011e+04 9.3831e+03 -1.6662e+01 7.3921e+03
-4.1919e+06 3.6392e+01 1.8173e+04 9.1249e+03 -3.4020e+01 7.1004e+03
-4.3781e+06 3.6440e+01 1.8337e+04 8.8528e+03 -4.2631e+01 6.7789e+03
-3.1676e+06 3.6519e+01 1.8500e+04 8.5661e+03 -6.2039e+01 6.4753e+03
-3.9971e+06 3.6646e+01 1.8662e+04 8.2644e+03 -1.0914e+02 6.1723e+03
-2.4710e+06 3.6849e+01 1.8823e+04 7.9472e+03 -1.7439e+02 5.8691e+03
-2.2649e+06 3.6981e+01 1.8983e+04 7.6141e+03 -3.2294e+02 5.5638e+03
3.1782e+04 3.6789e+01 1.9141e+04 7.2646e+03 -5.3562e+02 5.2608e+03
3.5236e+06 3.5721e+01 1.9296e+04 6.8983e+03 -4.6157e+02 4.9624e+03
8.6275e+06 3.3461e+01 1.9447e+04 6.5148e+03 -3.6867e+01 4.6709e+03
1.6300e+07 3.1214e+01 1.9594e+04 6.1139e+03 4.0434e+02 4.3420e+03
1.5789e+07 3.0533e+01 1.9736e+04 5.6951e+03 6.8565e+02 4.0726e+03
2.3493e+07 3.1692e+01 1.9871e+04 5.2584e+03 -4.4547e+01 3.6012e+03
9.1517e+06 3.4608e+01 1.9999e+04 4.8036e+03 -1.1237e+04 1.0954e+03
-1.9511e+07 3.9431e+01 2.0119e+04 4.3306e+03 -6.6271e+04 -1.3404e+04
-1.3192e+07 4.5364e+01 2.0226e+04 3.8393e+03 -1.8086e+05 -3.1165e+04
9.0750e+05 5.0282e+01 1.9148e+04 3.2177e+03 -3.1952e+05 -3.7272e+04
-3.3670e+05 5.3002e+01 1.7072e+04 2.5697e+03 -4.3131e+05 -5.4247e+04
-1.8696e+07 5.1459e+01 1.4991e+04 2.0196e+03 -4.8198e+05 -7.1833e+04
-3.2988e+07 4.6029e+01 1.2907e+04 1.5721e+03 -4.9007e+05 -7.3583e+04
-3.5163e+07 4.1643e+01 1.0824e+04 1.2322e+03 -4.9026e+05 -7.3905e+04
-3.4289e+07 4.0248e+01 8.7485e+03 1.0052e+03 -4.8431e+05 -7.3167e+04
-2.1731e+07 4.1635e+01 6.6847e+03 8.9386e+02 -4.3963e+05 -4.8745e+04
-3.6110e+07 4.2283e+01 4.6383e+03 9.0034e+02 -3.4887e+05 3.7231e+04
-4.0484e+07 4.1873e+01 4.1999e+03 8.2020e+02 -2.8354e+05 1.0600e+05
-3.1752e+07 4.2643e+01 4.0125e+03 7.2503e+02 -2.6513e+05 1.0926e+05
-3.4487e+07 4.1767e+01 3.8254e+03 6.4012e+02 -2.5380e+05 1.0305e+05
-3.1512e+07 4.1075e+01 3.6391e+03 5.6576e+02 -2.4135e+05 9.7541e+04
-3.4809e+07 4.1884e+01 3.4709e+03 4.9779e+02 -2.2747e+05 9.7902e+04
-3.3879e+07 4.0760e+01 3.4854e+03 3.8639e+02 -2.1362e+05 9.7731e+04
-3.2393e+07 3.9099e+01 3.4963e+03 2.7404e+02 -2.0172e+05 9.1632e+04
-2.7516e+07 4.1580e+01 3.5033e+03 1.6109e+02 -1.8977e+05 8.5285e+04
-2.5752e+07 4.5141e+01 3.5066e+03 4.7949e+01 -1.8794e+05 7.7678e+04
-4.1950e+06 3.6395e+01 1.7829e+04 9.7058e+03 -2.6312e+01 7.4827e+03
-4.3848e+06 3.6450e+01 1.7997e+04 9.4513e+03 -5.4822e+01 7.1909e+03
-3.3196e+06 3.6535e+01 1.8165e+04 9.1824e+03 -7.3898e+01 6.8698e+03
-4.3904e+06 3.6668e+01 1.8334e+04 8.8987e+03 -1.3040e+02 6.5671e+03
-1.6830e+06 3.6876e+01 1.8502e+04 8.5995e+03 -1.6520e+02 6.2630e+03
-2.3716e+06 3.7040e+01 1.8670e+04 8.2844e+03 -3.7234e+02 5.9554e+03
1.2710e+06 3.6562e+01 1.8837e+04 7.9527e+03 -5.2426e+02 5.6516e+03
3.6568e+06 3.5062e+01 1.9002e+04 7.6041e+03 -4.7100e+02 5.3440e+03
1.1306e+07 3.3163e+01 1.9165e+04 7.2379e+03 1.7046e+02 5.0207e+03
1.6405e+07 3.1506e+01 1.9325e+04 6.8538e+03 5.3464e+02 4.7154e+03
1.9104e+07 3.0946e+01 1.9480e+04 6.4513e+03 8.5668e+02 4.4751e+03
1.7120e+07 3.2834e+01 1.9631e+04 6.0300e+03 -3.4719e+03 3.5269e+03
-4.5963e+06 3.7103e+01 1.9776e+04 5.5897e+03 -3.7852e+04 -7.8125e+03
-1.9471e+07 4.3078e+01 1.9914e+04 5.1302e+03 -1.2500e+05 -1.2876e+04
-4.3881e+06 4.9961e+01 1.9814e+04 4.6142e+03 -2.5844e+05 -3.3867e+04
3.4175e+06 5.3503e+01 1.7775e+04 3.8256e+03 -3.8687e+05 -5.8129e+04
-1.7217e+07 5.2414e+01 1.5724e+04 3.1281e+03 -4.6195e+05 -6.3589e+04
-2.8710e+07 5.0663e+01 1.3663e+04 2.5271e+03 -4.8790e+05 -7.2601e+04
-3.9114e+07 4.6305e+01 1.1596e+04 2.0281e+03 -4.9144e+05 -7.3751e+04
-3.3346e+07 4.0591e+01 9.5266e+03 1.6377e+03 -4.8727e+05 -7.3333e+04
-2.9550e+07 3.9599e+01 7.4604e+03 1.3609e+03 -4.5814e+05 -6.3852e+04
-1.7027e+07 4.0940e+01 5.4021e+03 1.2009e+03 -3.8013e+05 -6.1371e+04
-3.0829e+07 4.2128e+01 3.3801e+03 1.1592e+03 -2.5209e+05 -3.6871e+04
-5.0078e+07 4.1879e+01 3.3371e+03 1.0623e+03 -1.3054e+05 5.8494e+03
-4.8934e+07 3.9876e+01 3.3699e+03 9.5768e+02 -7.2093e+04 1.6826e+04
-4.9415e+07 3.8485e+01 3.3996e+03 8.5028e+02 -5.4121e+04 1.3368e+04
-4.9841e+07 3.7527e+01 3.4262e+03 7.4036e+02 -4.2616e+04 7.3332e+03
-5.2045e+07 3.7558e+01 3.4492e+03 6.2824e+02 -3.1361e+04 1.7597e+03
-5.2898e+07 3.7536e+01 3.4685e+03 5.1427e+02 -2.1900e+04 8.4709e+02
-4.9452e+07 3.6035e+01 3.4841e+03 3.9883e+02 -1.7182e+04 2.4066e+03
-4.2507e+07 3.5015e+01 3.4956e+03 2.8231e+02 -1.5592e+04 2.2491e+03
-3.3364e+07 3.5768e+01 3.5031e+03 1.6513e+02 -1.3733e+04 2.1091e+03
-3.0680e+07 3.6811e+01 3.5066e+03 4.7710e+01 -1.3113e+04 1.8009e+03
-4.0651e+06 3.6458e+01 1.7637e+04 1.0035e+04 -4.7407e+01 7.5719e+03
-3.6332e+06 3.6555e+01 1.7809e+04 9.7844e+03 -8.7447e+01 7.2811e+03
-3.6941e+06 3.6700e+01 1.7982e+04 9.5195e+03 -1.1995e+02 6.9596e+03
-1.5341e+06 3.6921e+01 1.8156e+04 9.2393e+03 -1.7589e+02 6.6567e+03
-2.3133e+06 3.7048e+01 1.8331e+04 8.9433e+03 -4.1480e+02 6.3488e+03
1.2638e+06 3.6507e+01 1.8505e+04 8.6309e+03 -5.8276e+02 6.0411e+03
4.5160e+06 3.4748e+01 1.8679e+04 8.3015e+03 -4.3194e+02 5.7470e+03
1.1805e+07 3.2279e+01 1.8852e+04 7.9544e+03 1.1281e+02 5.4323e+03
1.6962e+07 3.0816e+01 1.9022e+04 7.5891e+03 4.5356e+02 5.1256e+03
1.7870e+07 3.1346e+01 1.9191e+04 7.2050e+03 1.6350e+02 4.7648e+03
1.1297e+07 3.4138e+01 1.9355e+04 6.8016e+03 -9.7411e+03 2.1576e+03
-1.6048e+07 3.9380e+01 1.9515e+04 6.3785e+03 -6.9190e+04 -1.4958e+04
-1.2389e+07 4.6129e+01 1.9662e+04 5.9334e+03 -1.9357e+05 -3.6512e+04
2.8488e+06 5.2229e+01 1.8397e+04 5.1808e+03 -3.3390e+05 -4.1223e+04
-3.8262e+06 5.5131e+01 1.6387e+04 4.3446e+03 -4.3862e+05 -5.4959e+04
-2.2058e+07 5.3263e+01 1.4361e+04 3.5972e+03 -4.8380e+05 -7.1833e+04
-3.4092e+07 4.9655e+01 1.2322e+04 2.9447e+03 -4.8991e+05 -7.3232e+04
-3.3504e+07 4.6490e+01 1.0273e+04 2.3937e+03 -4.8897e+05 -7.3461e+04
-2.8873e+07 4.2758e+01 8.2188e+03 1.9518e+03 -4.7661e+05 -7.0599e+04
-1.6835e+07 4.1186e+01 6.1631e+03 1.6235e+03 -4.2088e+05 -5.7503e+04
-2.4176e+07 4.1426e+01 4.1165e+03 1.4128e+03 -3.0744e+05 -4.0225e+04
-4.4212e+07 4.0299e+01 3.2473e+03 1.3033e+03 -1.7143e+05 -3.3412e+04
-5.3470e+07 3.8348e+01 3.2876e+03 1.2025e+03 -6.1906e+04 -1.7680e+04
-2.8087e+07 3.6038e+01 3.3255e+03 1.0981e+03 -1.1112e+04 -6.4712e+02
-7.4680e+06 3.3618e+01 3.3604e+03 9.9043e+02 -2.2037e+03 4.6316e+02
-2.1888e+06 3.2239e+01 3.3922e+03 8.7963e+02 -3.2819e+02 3.0953e+02
3.0824e+06 3.2264e+01 3.4205e+03 7.6604e+02 1.0349e+03 1.3503e+02
6.0456e+06 3.3001e+01 3.4452e+03 6.5000e+02 2.0757e+03 -3.8819e+01
1.0363e+07 3.2658e+01 3.4659e+03 5.3190e+02 2.8799e+03 -1.2254e+02
1.2765e+07 3.1202e+01 3.4825e+03 4.1214e+02 3.0837e+03 -1.4091e+02
1.8390e+07 3.0754e+01 3.4949e+03 2.9118e+02 3.4486e+03 -1.1187e+02
2.5183e+07 3.1447e+01 3.5029e+03 1.6946e+02 4.2285e+03 -1.1046e+02
2.7995e+07 3.1589e+01 3.5066e+03 4.7470e+01 4.6381e+03 -2.2628e+02
-3.8983e+06 3.6565e+01 1.7432e+04 1.0370e+04 -8.5074e+01 7.6607e+03
-3.2016e+06 3.6727e+01 1.7609e+04 1.0124e+04 -1.2706e+02 7.3699e+03
-2.2991e+06 3.6980e+01 1.7787e+04 9.8637e+03 -2.3621e+02 7.0485e+03
-2.1361e+06 3.7172e+01 1.7966e+04 9.5879e+03 -4.4397e+02 6.7410e+03
1.8111e+06 3.6756e+01 1.8147e+04 9.2958e+03 -6.0651e+02 6.4333e+03
5.9320e+06 3.4965e+01 1.8327e+04 8.9868e+03 -3.5208e+02 6.1333e+03
1.2696e+07 3.2473e+01 1.8508e+04 8.6603e+03 1.6386e+02 5.8113e+03
1.8334e+07 3.1018e+01 1.8688e+04 8.3155e+03 5.9280e+02 5.5485e+03
1.6532e+07 3.1593e+01 1.8867e+04 7.9519e+03 -7.0146e+02 5.0499e+03
8.4223e+06 3.5078e+01 1.9044e+04 7.5686e+03 -1.7978e+04 -4.8127e+02
-1.9051e+07 4.1488e+01 1.9218e+04 7.1652e+03 -9.3963e+04 -2.0731e+04
-6.0080e+06 4.8171e+01 1.9178e+04 6.6838e+03 -2.4479e+05 -6.4168e+04
7.4681e+06 5.2319e+01 1.6972e+04 5.6527e+03 -3.9069e+05 -7.9100e+04
-2.0540e+07 5.2986e+01 1.4990e+04 4.7687e+03 -4.6545e+05 -6.8369e+04
-3.0419e+07 4.9278e+01 1.2991e+04 3.9711e+03 -4.8774e+05 -7.2270e+04
-3.9255e+07 4.5812e+01 1.0975e+04 3.2663e+03 -4.9041e+05 -7.3392e+04
-3.0982e+07 4.5868e+01 8.9457e+03 2.6635e+03 -4.8510e+05 -7.2945e+04
-2.5243e+07 4.4129e+01 6.9071e+03 2.1687e+03 -4.4909e+05 -6.0899e+04
-1.8251e+07 4.1952e+01 4.8632e+03 1.7870e+03 -3.5965e+05 -5.4649e+04
-3.5392e+07 4.2113e+01 3.1371e+03 1.5413e+03 -2.2753e+05 -3.6219e+04
-5.2344e+07 4.0307e+01 3.1843e+03 1.4462e+03 -1.0262e+05 -1.3744e+04
-3.1152e+07 3.6241e+01 3.2295e+03 1.3469e+03 -2.9229e+04 -8.0145e+03
1.0045e+05 3.2879e+01 3.2724e+03 1.2435e+03 -2.6649e+03 -8.4664e+01
7.7976e+06 3.0985e+01 3.3127e+03 1.1363e+03 1.3374e+03 4.4269e+02
3.9231e+06 3.0444e+01 3.3500e+03 1.0253e+03 8.8920e+02 3.2505e+02
4.1578e+06 3.0542e+01 3.3839e+03 9.1095e+02 5.1075e+02 2.5250e+02
-3.7667e+05 3.0797e+01 3.4143e+03 7.9349e+02 -1.0155e+01 2.2292e+02
-1.6456e+06 3.1413e+01 3.4407e+03 6.7330e+02 -3.3148e+02 2.0772e+02
-4.0339e+06 3.1217e+01 3.4629e+03 5.5080e+02 -5.8929e+02 1.4179e+02
-1.4528e+06 3.0205e+01 3.4808e+03 4.2644e+02 -6.6922e+02 8.4117e+01
1.6354e+06 3.0512e+01 3.4941e+03 3.0071e+02 -3.4124e+02 1.0932e+02
7.3092e+06 3.1675e+01 3.5027e+03 1.7413e+02 4.8838e+02 2.3900e+02
7.4892e+06 3.1421e+01 3.5066e+03 4.7228e+01 7.6950e+02 -9.6831e+00
-2.7582e+06 3.6746e+01 1.7216e+04 1.0710e+04 -1.1698e+02 7.7470e+03
-2.4842e+06 3.7019e+01 1.7396e+04 1.0470e+04 -2.4859e+02 7.4559e+03
-1.1476e+06 3.7197e+01 1.7578e+04 1.0215e+04 -4.5763e+02 7.1302e+03
2.5607e+06 3.6590e+01 1.7763e+04 9.9441e+03 -5.8939e+02 6.8240e+03
6.3519e+06 3.5001e+01 1.7949e+04 9.6567e+03 -2.9075e+02 6.5233e+03
1.3587e+07 3.2814e+01 1.8136e+04 9.3520e+03 2.5723e+02 6.1860e+03
1.9090e+07 3.1491e+01 1.8324e+04 9.0292e+03 7.4576e+02 5.8910e+03
1.7438e+07 3.2774e+01 1.8512e+04 8.6876e+03 -1.0899e+03 5.2883e+03
5.9995e+06 3.6618e+01 1.8699e+04 8.3264e+03 -2.5966e+04 -3.1989e+03
-1.7524e+07 4.3169e+01 1.8884e+04 7.9449e+03 -1.1475e+05 -2.9203e+04
-2.5119e+06 5.1316e+01 1.8497e+04 7.3607e+03 -2.7004e+05 -7.6343e+04
2.5293e+06 5.4720e+01 1.6120e+04 6.1953e+03 -4.1144e+05 -1.2099e+05
-2.6435e+07 5.0048e+01 1.3715e+04 5.1263e+03 -4.7333e+05 -1.1902e+05
-3.3267e+07 4.4109e+01 1.1620e+04 4.2446e+03 -4.8603e+05 -8.8033e+04
-3.4790e+07 4.1452e+01 9.6288e+03 3.4881e+03 -4.8720e+05 -7.3604e+04
-2.9009e+07 4.1917e+01 7.6205e+03 2.8324e+03 -4.6908e+05 -6.7812e+04
-1.5712e+07 4.3798e+01 5.5989e+03 2.2832e+03 -4.0460e+05 -5.8848e+04
-2.4813e+07 4.3143e+01 3.5800e+03 1.8475e+03 -2.8468e+05 -3.8828e+04
-4.5697e+07 4.0641e+01 3.0606e+03 1.6837e+03 -1.5018e+05 -2.6241e+04
-4.5366e+07 3.8151e+01 3.1121e+03 1.5914e+03 -5.0598e+04 -1.5228e+04
-1.5130e+07 3.5182e+01 3.1620e+03 1.4945e+03 -7.0120e+03 -1.6086e+02
1.5258e+06 3.2065e+01 3.2099e+03 1.3930e+03 -3.8669e+02 4.4558e+02
-2.4903e+06 3.0192e+01 3.2556e+03 1.2871e+03 1.6576e+02 5.3807e+02
1.0550e+07 3.0254e+01 3.2985e+03 1.1768e+03 9.5225e+02 3.8612e+02
1.6778e+07 3.1973e+01 3.3384e+03 1.0625e+03 1.4307e+03 2.7627e+02
1.8103e+07 3.3542e+01 3.3748e+03 9.4444e+02 1.5235e+03 2.1678e+02
1.7693e+07 3.3433e+01 3.4073e+03 8.2290e+02 1.3824e+03 1.7571e+02
1.8579e+07 3.3150e+01 3.4357e+03 6.9831e+02 1.4902e+03 1.4212e+02
1.9197e+07 3.3220e+01 3.4597e+03 5.7111e+02 1.5286e+03 9.6378e+01
1.9095e+07 3.3135e+01 3.4789e+03 4.4183e+02 1.3060e+03 5.7246e+01
1.8629e+07 3.3868e+01 3.4932e+03 3.1099e+02 1.0515e+03 7.2397e+01
1.9416e+07 3.4796e+01 3.5024e+03 1.7918e+02 1.2031e+03 1.7087e+02
1.9745e+07 3.4300e+01 3.5066e+03 4.6985e+01 1.3639e+03 -6.5512e+01
-2.5305e+06 3.6994e+01 1.6986e+04 1.1056e+04 -2.6136e+02 7.8306e+03
-6.9677e+05 3.7073e+01 1.7170e+04 1.0822e+04 -4.8406e+02 7.5355e+03
2.2905e+06 3.6403e+01 1.7356e+04 1.0573e+04 -6.3454e+02 7.2124e+03
6.5252e+06 3.4412e+01 1.7546e+04 1.0308e+04 -2.4176e+02 6.9151e+03
1.5445e+07 3.2128e+01 1.7737e+04 1.0026e+04 3.4096e+02 6.5769e+03
1.9128e+07 3.1162e+01 1.7930e+04 9.7262e+03 7.6384e+02 6.3080e+03
1.6851e+07 3.2503e+01 1.8125e+04 9.4081e+03 -1.8572e+03 5.5764e+03
1.9374e+06 3.7182e+01 1.8320e+04 9.0706e+03 -3.3992e+04 -5.8256e+03
-1.5546e+07 4.4700e+01 1.8515e+04 8.7129e+03 -1.3513e+05 -3.7502e+04
1.0158e+06 5.1777e+01 1.7797e+04 8.0002e+03 -2.9061e+05 -8.5078e+04
-2.4161e+06 5.5820e+01 1.5463e+04 6.7556e+03 -4.1801e+05 -1.2941e+05
-2.8297e+07 5.5249e+01 1.3100e+04 5.6020e+03 -4.6654e+05 -1.4831e+05
-3.2892e+07 4.7841e+01 1.0709e+04 4.5478e+03 -4.7394e+05 -1.4178e+05
-3.3895e+07 4.0360e+01 8.2941e+03 3.6072e+03 -4.7487e+05 -1.1125e+05
-2.4238e+07 4.0447e+01 6.3055e+03 2.8968e+03 -4.3877e+05 -6.6711e+04
-1.9938e+07 4.2749e+01 4.3025e+03 2.2914e+03 -3.4108e+05 -4.7213e+04
-3.8508e+07 4.2247e+01 2.9186e+03 1.9104e+03 -2.0605e+05 -3.4945e+04
-5.1342e+07 3.9480e+01 2.9748e+03 1.8266e+03 -8.6194e+04 -1.4912e+04
-2.5765e+07 3.5610e+01 3.0303e+03 1.7379e+03 -2.1225e+04 -4.9479e+03
1.3539e+06 3.2626e+01 3.0846e+03 1.6442e+03 -1.7193e+03 1.6617e+02
2.1574e+06 3.1119e+01 3.1374e+03 1.5455e+03 7.6552e+02 5.6521e+02
7.7621e+06 3.0362e+01 3.1883e+03 1.4419e+03 8.4974e+02 4.3796e+02
2.0518e+07 3.0963e+01 3.2369e+03 1.3333e+03 1.2530e+03 4.1023e+02
1.4474e+07 3.3224e+01 3.2828e+03 1.2201e+03 8.7699e+02 4.0915e+02
7.8730e+06 3.6012e+01 3.3255e+03 1.1023e+03 9.1932e+01 3.5335e+02
3.9329e+06 3.7661e+01 3.3645e+03 9.8034e+02 -3.2401e+02 2.9202e+02
8.5453e+05 3.7481e+01 3.3996e+03 8.5449e+02 -5.3787e+02 2.4528e+02
-1.5992e+06 3.6959e+01 3.4302e+03 7.2522e+02 -6.9495e+02 2.0390e+02
-3.3654e+06 3.7074e+01 3.4560e+03 5.9302e+02 -7.4346e+02 1.5385e+02
-4.1195e+06 3.7410e+01 3.4767e+03 4.5844e+02 -8.9650e+02 9.3764e+01
-4.5629e+06 3.7858e+01 3.4922e+03 3.2210e+02 -1.0418e+03 5.5246e+01
-4.3240e+06 3.7919e+01 3.5021e+03 1.8465e+02 -9.2753e+02 1.3790e+02
-4.1889e+06 3.7340e+01 3.5066e+03 4.6740e+01 -8.0831e+02 -3.1199e+01
-5.5221e+05 3.7056e+01 1.6742e+04 1.1407e+04 -5.3584e+02 7.9081e+03
2.9490e+06 3.6095e+01 1.6929e+04 1.1180e+04 -6.3215e+02 7.6220e+03
7.8978e+06 3.3957e+01 1.7120e+04 1.0937e+04 -1.2909e+02 7.2923e+03
1.7650e+07 3.1767e+01 1.7314e+04 1.0679e+04 4.3520e+02 6.9521e+03
1.7871e+07 3.0870e+01 1.7510e+04 1.0403e+04 8.1231e+02 6.7060e+03
1.6882e+07 3.2493e+01 1.7709e+04 1.0109e+04 -2.5522e+03 5.8836e+03
-4.1471e+06 3.7157e+01 1.7910e+04 9.7968e+03 -4.2094e+04 -8.3082e+03
-1.4842e+07 4.4445e+01 1.8113e+04 9.4644e+03 -1.5550e+05 -4.5560e+04
1.6830e+06 5.2070e+01 1.7080e+04 8.5990e+03 -3.1103e+05 -9.3534e+04
-6.5565e+06 5.4725e+01 1.4793e+04 7.2773e+03 -4.2581e+05 -1.3248e+05
-2.7883e+07 5.1459e+01 1.2475e+04 6.0408e+03 -4.6617e+05 -1.4870e+05
-2.9422e+07 4.9621e+01 1.0125e+04 4.8983e+03 -4.6924e+05 -1.5035e+05
-3.4581e+07 4.8574e+01 7.7451e+03 3.8646e+03 -4.6000e+05 -1.4768e+05
-1.8814e+07 4.4699e+01 5.3374e+03 2.9491e+03 -3.9980e+05 -1.1417e+05
-2.9416e+07 4.2421e+01 3.0438e+03 2.1954e+03 -2.6977e+05 -4.8858e+04
-5.1015e+07 4.0811e+01 2.8205e+03 2.0480e+03 -1.3260e+05 -1.8907e+04
-4.0172e+07 3.7608e+01 2.8797e+03 1.9688e+03 -4.2612e+04 -1.2158e+04
-9.8199e+06 3.4173e+01 2.9386e+03 1.8845e+03 -5.2416e+03 4.2528e+01
4.7853e+06 3.1544e+01 2.9970e+03 1.7949e+03 3.9109e+02 6.2479e+02
1.1929e+06 3.0276e+01 3.0543e+03 1.6999e+03 5.3350e+02 5.8033e+02
1.5991e+07 3.0538e+01 3.1103e+03 1.5996e+03 1.0429e+03 4.6433e+02
1.3308e+07 3.2219e+01 3.1644e+03 1.4938e+03 9.2169e+02 4.4000e+02
4.2474e+06 3.4489e+01 3.2162e+03 1.3826e+03 1.5000e+02 4.3155e+02
3.5349e+06 3.6730e+01 3.2653e+03 1.2663e+03 -3.5838e+02 3.7713e+02
6.3921e+06 3.8294e+01 3.3111e+03 1.1449e+03 -2.7593e+02 3.3598e+02
5.3861e+06 3.8727e+01 3.3531e+03 1.0189e+03 -1.3787e+02 2.8100e+02
6.7598e+06 3.8552e+01 3.3908e+03 8.8850e+02 -3.7508e+01 2.1069e+02
5.9542e+06 3.8398e+01 3.4239e+03 7.5426e+02 -4.9971e+00 1.6747e+02
7.1269e+06 3.8394e+01 3.4518e+03 6.1669e+02 6.4350e+01 1.2911e+02
5.7752e+06 3.8498e+01 3.4743e+03 4.7643e+02 2.9667e+01 6.6445e+01
5.6573e+06 3.8568e+01 3.4910e+03 3.3416e+02 -4.1072e+01 1.9406e+01
4.8265e+06 3.8288e+01 3.5018e+03 1.9059e+02 7.5938e+00 4.1548e+01
5.4163e+06 3.7930e+01 3.5066e+03 4.6494e+01 8.1336e+01 -6.2832e+01
3.4295e+06 3.6020e+01 1.6484e+04 1.1762e+04 -5.9988e+02 7.9908e+03
9.0422e+06 3.3809e+01 1.6674e+04 1.1542e+04 -5.1453e+01 7.7115e+03
1.7567e+07 3.1471e+01 1.6869e+04 1.1307e+04 3.8814e+02 7.3487e+03
1.6950e+07 3.0969e+01 1.7066e+04 1.1056e+04 7.6642e+02 7.0877e+03
1.7960e+07 3.2991e+01 1.7268e+04 1.0788e+04 -3.2265e+03 6.1113e+03
-7.9336e+06 3.8090e+01 1.7472e+04 1.0501e+04 -4.9864e+04 -1.0690e+04
-1.3496e+07 4.5053e+01 1.7679e+04 1.0195e+04 -1.7523e+05 -5.3277e+04
2.3265e+06 5.2162e+01 1.6352e+04 9.1541e+03 -3.3098e+05 -1.0180e+05
-1.1726e+07 5.4744e+01 1.4114e+04 7.7575e+03 -4.3342e+05 -1.3550e+05
-2.8732e+07 4.9534e+01 1.1843e+04 6.4402e+03 -4.6642e+05 -1.4875e+05
-3.2154e+07 4.4462e+01 9.5383e+03 5.2114e+03 -4.6827e+05 -1.5013e+05
-3.4614e+07 4.4678e+01 7.2002e+03 4.0864e+03 -4.5144e+05 -1.4514e+05
-1.6013e+07 4.5864e+01 4.8306e+03 3.0744e+03 -3.7578e+05 -1.2475e+05
-3.5384e+07 4.3949e+01 2.6527e+03 2.2517e+03 -2.2476e+05 -7.1849e+04
-5.9017e+07 3.9638e+01 2.7138e+03 2.1828e+03 -8.0268e+04 -1.9523e+04
-2.5271e+07 3.5401e+01 2.7754e+03 2.1088e+03 -1.5023e+04 -2.3680e+03
-3.2444e+06 3.2307e+01 2.8373e+03 2.0296e+03 -1.4166e+03 4.5450e+02
3.9923e+05 3.0842e+01 2.8990e+03 1.9450e+03 5.5498e+02 7.5106e+02
8.8685e+06 3.0696e+01 2.9604e+03 1.8547e+03 9.7469e+02 6.0239e+02
1.8478e+07 3.1392e+01 3.0209e+03 1.7587e+03 1.1678e+03 5.1315e+02
7.2742e+06 3.3512e+01 3.0802e+03 1.6567e+03 5.0547e+02 5.2243e+02
5.9684e+06 3.6373e+01 3.1378e+03 1.5489e+03 -8.5646e+01 4.7303e+02
8.7427e+06 3.7942e+01 3.1932e+03 1.4352e+03 -1.5450e+02 4.0595e+02
4.6897e+06 3.8209e+01 3.2457e+03 1.3157e+03 -1.5814e+02 3.6097e+02
1.7607e+04 3.8116e+01 3.2949e+03 1.1907e+03 -1.5703e+02 3.2090e+02
-9.5186e+05 3.7882e+01 3.3402e+03 1.0604e+03 -8.9140e+01 2.6302e+02
-3.5006e+06 3.7707e+01 3.3810e+03 9.2522e+02 -1.3836e+02 1.9372e+02
-4.5469e+06 3.7654e+01 3.4168e+03 7.8568e+02 -2.1186e+02 1.5659e+02
-6.2650e+06 3.7579e+01 3.4472e+03 6.4237e+02 -2.2146e+02 1.2065e+02
-6.1707e+06 3.7520e+01 3.4716e+03 4.9598e+02 -2.0157e+02 6.1985e+01
-6.7040e+06 3.7486e+01 3.4898e+03 3.4727e+02 -2.1166e+02 1.2161e+01
-6.6158e+06 3.7394e+01 3.5015e+03 1.9707e+02 -2.1110e+02 5.6954e+00
-7.1345e+06 3.7329e+01 3.5066e+03 4.6246e+01 -2.4180e+02 -5.9306e+01
1.0189e+07 3.3400e+01 1.6212e+04 1.2121e+04 3.7434e+01 8.0581e+03
1.8425e+07 3.1353e+01 1.6404e+04 1.1910e+04 5.8336e+02 7.7619e+03
1.8743e+07 3.1022e+01 1.6601e+04 1.1683e+04 1.0058e+03 7.4767e+03
1.8307e+07 3.3357e+01 1.6802e+04 1.1440e+04 -3.9557e+03 6.3225e+03
-1.2924e+07 3.8539e+01 1.7008e+04 1.1180e+04 -5.7686e+04 -1.3160e+04
-1.2094e+07 4.6488e+01 1.7211e+04 1.0897e+04 -1.9441e+05 -6.0792e+04
4.1954e+06 5.2444e+01 1.5615e+04 9.6631e+03 -3.5019e+05 -1.0966e+05
-1.6593e+07 5.3766e+01 1.3428e+04 8.1944e+03 -4.4075e+05 -1.3850e+05
-2.8064e+07 5.0983e+01 1.1208e+04 6.7986e+03 -4.6634e+05 -1.4887e+05
-3.3381e+07 4.3693e+01 8.9515e+03 5.4856e+03 -4.6694e+05 -1.4997e+05
-3.1000e+07 4.1100e+01 6.6592e+03 4.2711e+03 -4.4279e+05 -1.4199e+05
-1.8220e+07 4.3868e+01 4.3320e+03 3.1636e+03 -3.5460e+05 -1.1597e+05
-4.1702e+07 4.2923e+01 2.5368e+03 2.3767e+03 -2.0063e+05 -6.9120e+04
-5.2526e+07 3.8833e+01 2.5991e+03 2.3136e+03 -6.2339e+04 -2.0585e+04
-1.3299e+07 3.4345e+01 2.6624e+03 2.2454e+03 -5.8701e+03 -2.1211e+01
-3.4522e+06 3.1099e+01 2.7264e+03 2.1720e+03 2.4626e+02 7.6165e+02
1.9350e+06 2.9926e+01 2.7909e+03 2.0931e+03 5.6081e+02 7.2009e+02
1.6136e+07 3.0740e+01 2.8556e+03 2.0084e+03 1.1814e+03 6.3847e+02
1.2630e+07 3.2788e+01 2.9201e+03 1.9176e+03 8.6809e+02 6.1778e+02
3.1494e+06 3.5004e+01 2.9841e+03 1.8207e+03 -1.9808e+01 5.6237e+02
6.1052e+06 3.7221e+01 3.0470e+03 1.7173e+03 -3.6457e+02 5.1227e+02
3.0785e+06 3.8602e+01 3.1082e+03 1.6076e+03 -3.3453e+02 4.6789e+02
-3.1210e+06 3.8542e+01 3.1674e+03 1.4913e+03 -3.1580e+02 4.1385e+02
-1.0688e+06 3.7905e+01 3.2238e+03 1.3687e+03 -1.1169e+02 3.5774e+02
9.1347e+05 3.7503e+01 3.2768e+03 1.2399e+03 6.5155e+01 3.1598e+02
6.1408e+05 3.7347e+01 3.3257e+03 1.1052e+03 7.9966e+01 2.6688e+02
8.8950e+05 3.7241e+01 3.3699e+03 9.6496e+02 5.8338e+01 2.0812e+02
9.7048e+05 3.7143e+01 3.4088e+03 8.1979e+02 9.6826e+01 1.6411e+02
1.5335e+06 3.7063e+01 3.4418e+03 6.7030e+02 1.4726e+02 1.2008e+02
1.1315e+06 3.7012e+01 3.4685e+03 5.1729e+02 1.6809e+02 6.9358e+01
8.1912e+05 3.6980e+01 3.4883e+03 3.6160e+02 1.4142e+02 2.2260e+01
2.0606e+05 3.6972e+01 3.5011e+03 2.0417e+02 1.0193e+02 -3.1187e+01
1.1206e+05 3.6973e+01 3.5066e+03 4.5998e+01 8.2410e+01 -7.4583e+01
1.9016e+07 3.0935e+01 1.5924e+04 1.2484e+04 6.0065e+02 8.1287e+03
1.8726e+07 3.0868e+01 1.6118e+04 1.2281e+04 6.7683e+02 7.8224e+03
1.5056e+07 3.3617e+01 1.6317e+04 1.2063e+04 -6.0548e+03 6.3923e+03
-1.8604e+07 3.9203e+01 1.6521e+04 1.1829e+04 -6.6610e+04 -1.4981e+04
-9.6166e+06 4.5673e+01 1.6718e+04 1.1571e+04 -2.1352e+05 -6.7516e+04
5.8604e+06 5.1617e+01 1.4874e+04 1.0125e+04 -3.6878e+05 -1.1738e+05
-2.1225e+07 5.2758e+01 1.2741e+04 8.5865e+03 -4.4777e+05 -1.4135e+05
-2.8667e+07 4.7523e+01 1.0573e+04 7.1147e+03 -4.6635e+05 -1.4897e+05
-3.4172e+07 4.4490e+01 8.3684e+03 5.7202e+03 -4.6556e+05 -1.4985e+05
-2.6202e+07 4.3714e+01 6.1253e+03 4.4183e+03 -4.3412e+05 -1.3898e+05
-2.0459e+07 4.2146e+01 3.8448e+03 3.2169e+03 -3.3373e+05 -1.0728e+05
-4.4680e+07 4.1455e+01 2.4144e+03 2.4962e+03 -1.7951e+05 -6.0104e+04
-4.4905e+07 3.9010e+01 2.4771e+03 2.4392e+03 -5.3366e+04 -1.7297e+04
-1.3718e+07 3.4875e+01 2.5412e+03 2.3772e+03 -5.0011e+03 1.7553e+02
-8.3248e+06 3.1372e+01 2.6066e+03 2.3102e+03 -3.9771e+01 8.8953e+02
7.6396e+06 2.9821e+01 2.6730e+03 2.2376e+03 7.4834e+02 7.4543e+02
1.6288e+07 3.1107e+01 2.7402e+03 2.1592e+03 1.3170e+03 6.7996e+02
6.5234e+06 3.4216e+01 2.8079e+03 2.0747e+03 5.4290e+02 6.7368e+02
5.1367e+06 3.6854e+01 2.8758e+03 1.9837e+03 -1.3711e+02 6.1240e+02
6.2583e+06 3.8075e+01 2.9432e+03 1.8861e+03 -3.1987e+02 5.4803e+02
-7.0729e+05 3.8428e+01 3.0099e+03 1.7816e+03 -3.1475e+02 5.0908e+02
-5.7942e+05 3.8165e+01 3.0752e+03 1.6700e+03 -1.4762e+02 4.5522e+02
3.0982e+06 3.7657e+01 3.1385e+03 1.5513e+03 8.5840e+01 4.0082e+02
-3.0999e+05 3.7340e+01 3.1991e+03 1.4256e+03 3.2917e+01 3.5908e+02
-3.8296e+06 3.7184e+01 3.2562e+03 1.2929e+03 -1.7099e+02 3.1750e+02
-5.3048e+06 3.7069e+01 3.3092e+03 1.1536e+03 -3.0252e+02 2.6661e+02
-6.6624e+06 3.6960e+01 3.3573e+03 1.0081e+03 -3.4549e+02 2.1515e+02
-7.3386e+06 3.6873e+01 3.3997e+03 8.5693e+02 -3.3611e+02 1.6829e+02
-8.1481e+06 3.6818e+01 3.4358e+03 7.0081e+02 -3.3047e+02 1.2221e+02
-8.1504e+06 3.6783e+01 3.4649e+03 5.4061e+02 -3.1948e+02 7.4104e+01
-8.2559e+06 3.6755e+01 3.4866e+03 3.7731e+02 -3.0566e+02 2.5103e+01
-8.1466e+06 3.6730e+01 3.5006e+03 2.1197e+02 -3.0629e+02 -2.9591e+01
-8.2540e+06 3.6717e+01 3.5066e+03 4.5748e+01 -3.1363e+02 -6.4092e+01
1.7743e+07 3.1059e+01 1.5620e+04 1.2849e+04 -4.7613e+01 8.0838e+03
1.2389e+07 3.4132e+01 1.5815e+04 1.2656e+04 -1.3219e+04 4.2579e+03
-1.9220e+07 4.0404e+01 1.6016e+04 1.2448e+04 -8.2763e+04 -1.3819e+04
-6.8840e+06 4.7847e+01 1.6177e+04 1.2195e+04 -2.3480e+05 -6.7710e+04
5.6675e+06 5.0565e+01 1.4134e+04 1.0538e+04 -3.8683e+05 -1.2364e+05
-2.6518e+07 4.8031e+01 1.2056e+04 8.9331e+03 -4.5467e+05 -1.4411e+05
-2.9135e+07 4.5336e+01 9.9431e+03 7.3883e+03 -4.6632e+05 -1.4907e+05
-3.6127e+07 4.3087e+01 7.7923e+03 5.9152e+03 -4.6431e+05 -1.4968e+05
-2.2914e+07 4.2909e+01 5.6019e+03 4.5285e+03 -4.2581e+05 -1.3607e+05
-2.2182e+07 4.4114e+01 3.3719e+03 3.2354e+03 -3.1333e+05 -9.8946e+04
-4.4664e+07 4.1369e+01 2.2862e+03 2.6093e+03 -1.5877e+05 -5.1390e+04
-3.7181e+07 3.6540e+01 2.3486e+03 2.5585e+03 -4.4795e+04 -1.3998e+04
-1.3890e+07 3.3399e+01 2.4128e+03 2.5030e+03 -4.2325e+03 3.5703e+02
-5.3393e+06 3.1616e+01 2.4786e+03 2.4426e+03 1.8252e+01 8.8123e+02
1.2402e+07 3.0832e+01 2.5460e+03 2.3769e+03 9.9825e+02 8.0374e+02
1.2298e+07 3.1833e+01 2.6148e+03 2.3055e+03 1.1886e+03 7.8832e+02
5.3310e+06 3.4780e+01 2.6848e+03 2.2279e+03 3.0679e+02 7.1159e+02
8.2416e+06 3.7755e+01 2.7555e+03 2.1439e+03 -1.7018e+02 6.5780e+02
2.2668e+06 3.8821e+01 2.8267e+03 2.0531e+03 -3.2592e+02 6.1127e+02
-2.2915e+06 3.8432e+01 2.8979e+03 1.9551e+03 -2.8047e+02 5.5174e+02
1.0511e+06 3.7820e+01 2.9686e+03 1.8497e+03 -4.5132e+00 4.9209e+02
-2.7981e+05 3.7401e+01 3.0382e+03 1.7365e+03 7.5462e+01 4.4684e+02
-5.6293e+06 3.7170e+01 3.1060e+03 1.6156e+03 -1.1097e+02 4.0954e+02
-4.5569e+06 3.7020e+01 3.1711e+03 1.4868e+03 -2.0740e+02 3.6204e+02
-3.5950e+06 3.6888e+01 3.2329e+03 1.3503e+03 -1.8386e+02 3.0735e+02
-3.3418e+06 3.6766e+01 3.2904e+03 1.2062e+03 -1.2539e+02 2.5565e+02
-2.9715e+06 3.6675e+01 3.3428e+03 1.0551e+03 -6.1082e+01 2.0962e+02
-2.5621e+06 3.6618e+01 3.3892e+03 8.9752e+02 -9.7367e+00 1.6251e+02
-2.1917e+06 3.6584e+01 3.4288e+03 7.3425e+02 1.7058e+01 1.1503e+02
-2.2871e+06 3.6562e+01 3.4608e+03 5.6624e+02 2.8232e+01 6.6666e+01
-2.4270e+06 3.6545e+01 3.4847e+03 3.9461e+02 3.5343e+01 2.0922e+01
-2.5869e+06 3.6530e+01 3.5001e+03 2.2059e+02 5.5277e+01 -4.1174e+01
-2.5764e+06 3.6522e+01 3.5066e+03 4.5497e+01 6.9540e+01 -7.4729e+01
8.5854e+06 3.5023e+01 1.5300e+04 1.3216e+04 -2.0478e+04 1.9470e+03
-1.8334e+07 4.1516e+01 1.5495e+04 1.3033e+04 -1.0121e+05 -2.0953e+04
-4.3785e+06 4.9073e+01 1.5378e+04 1.2611e+04 -2.5574e+05 -6.8810e+04
4.7632e+06 5.3008e+01 1.3394e+04 1.0899e+04 -4.0127e+05 -1.2170e+05
-2.7566e+07 4.8244e+01 1.1377e+04 9.2339e+03 -4.6038e+05 -1.4585e+05
-3.0076e+07 3.9649e+01 9.3213e+03 7.6195e+03 -4.6626e+05 -1.4901e+05
-3.7676e+07 3.9293e+01 7.2269e+03 6.0711e+03 -4.6286e+05 -1.4948e+05
-2.0850e+07 4.4181e+01 5.0919e+03 4.6025e+03 -4.1756e+05 -1.3331e+05
-2.5154e+07 4.4016e+01 2.9171e+03 3.2210e+03 -2.9355e+05 -9.0989e+04
-4.6825e+07 4.0493e+01 2.1535e+03 2.7150e+03 -1.3885e+05 -4.3013e+04
-3.1166e+07 3.6293e+01 2.2147e+03 2.6705e+03 -3.6530e+04 -1.0838e+04
-1.1013e+07 3.2206e+01 2.2781e+03 2.6217e+03 -3.1514e+03 5.2238e+02
1.0331e+06 3.0162e+01 2.3435e+03 2.5682e+03 4.3461e+02 8.9953e+02
1.1846e+07 3.0437e+01 2.4110e+03 2.5096e+03 1.0116e+03 8.1431e+02
7.8900e+06 3.2775e+01 2.4803e+03 2.4456e+03 9.1172e+02 8.2916e+02
7.3450e+06 3.5788e+01 2.5514e+03 2.3756e+03 2.3602e+02 7.6109e+02
7.2552e+06 3.7909e+01 2.6240e+03 2.2993e+03 -1.6114e+02 6.9143e+02
-1.6462e+06 3.8591e+01 2.6978e+03 2.2162e+03 -3.1387e+02 6.5431e+02
2.5860e+05 3.8169e+01 2.7725e+03 2.1259e+03 -1.3165e+02 5.9048e+02
1.5159e+06 3.7592e+01 2.8476e+03 2.0279e+03 7.8545e+01 5.3684e+02
-2.7617e+06 3.7250e+01 2.9225e+03 1.9218e+03 1.2841e+01 5.0585e+02
-3.9701e+06 3.7053e+01 2.9966e+03 1.8074e+03 -9.7730e+01 4.5967e+02
-1.3346e+06 3.6916e+01 3.0692e+03 1.6844e+03 -1.0575e+02 4.0314e+02
-3.9699e+06 3.6767e+01 3.1394e+03 1.5527e+03 -1.2949e+02 3.4813e+02
-5.5611e+06 3.6641e+01 3.2063e+03 1.4123e+03 -1.3562e+02 3.0084e+02
-6.3646e+06 3.6553e+01 3.2689e+03 1.2634e+03 -1.2567e+02 2.5553e+02
-6.8153e+06 3.6496e+01 3.3262e+03 1.1065e+03 -1.2485e+02 2.0820e+02
-7.3715e+06 3.6459e+01 3.3771e+03 9.4206e+02 -1.3913e+02 1.6100e+02
-7.7208e+06 3.6436e+01 3.4207e+03 7.7106e+02 -1.4592e+02 1.1454e+02
-7.7810e+06 3.6423e+01 3.4561e+03 5.9454e+02 -1.4415e+02 6.7563e+01
-7.6829e+06 3.6414e+01 3.4825e+03 4.1376e+02 -1.3655e+02 2.1678e+01
-7.5864e+06 3.6406e+01 3.4994e+03 2.3015e+02 -1.3618e+02 -3.1840e+01
-7.5291e+06 3.6402e+01 3.5066e+03 4.5246e+01 -1.4130e+02 -6.5247e+01
-1.7175e+07 4.2215e+01 1.4963e+04 1.3583e+04 -1.1920e+05 -2.8105e+04
-2.4907e+06 4.9167e+01 1.4587e+04 1.2975e+04 -2.7381e+05 -7.6261e+04
-8.3829e+05 5.1890e+01 1.2659e+04 1.1209e+04 -4.0848e+05 -1.2425e+05
-3.0139e+07 4.8574e+01 1.0700e+04 9.4841e+03 -4.6095e+05 -1.4551e+05
-3.1185e+07 4.1345e+01 8.7065e+03 7.8061e+03 -4.6602e+05 -1.4834e+05
-3.9589e+07 3.5864e+01 6.6751e+03 6.1892e+03 -4.6169e+05 -1.4875e+05
-1.8633e+07 3.8562e+01 4.5984e+03 4.6420e+03 -4.0949e+05 -1.3037e+05
-2.8630e+07 4.3131e+01 2.4867e+03 3.1783e+03 -2.7429e+05 -8.3308e+04
-4.9475e+07 4.0804e+01 2.0172e+03 2.8128e+03 -1.1954e+05 -3.5068e+04
-2.7132e+07 3.5510e+01 2.0766e+03 2.7745e+03 -2.8714e+04 -7.7995e+03
-8.5889e+06 3.1851e+01 2.1384e+03 2.7323e+03 -2.3131e+03 6.8601e+02
5.7310e+06 3.0087e+01 2.2025e+03 2.6857e+03 7.3136e+02 9.6293e+02
1.1414e+07 3.0272e+01 2.2690e+03 2.6345e+03 1.0980e+03 8.5957e+02
8.7053e+06 3.2544e+01 2.3379e+03 2.5781e+03 7.8634e+02 8.4540e+02
9.6944e+06 3.5928e+01 2.4090e+03 2.5161e+03 2.1369e+02 8.0983e+02
3.9779e+06 3.8217e+01 2.4822e+03 2.4480e+03 -1.9487e+02 7.5841e+02
-1.5357e+06 3.8514e+01 2.5574e+03 2.3734e+03 -2.6867e+02 7.0380e+02
3.0644e+06 3.7910e+01 2.6343e+03 2.2916e+03 1.1485e+01 6.4229e+02
-1.0762e+06 3.7417e+01 2.7124e+03 2.2022e+03 6.0750e+01 5.8488e+02
-4.3173e+06 3.7168e+01 2.7914e+03 2.1046e+03 -9.8794e+01 5.5187e+02
-3.0171e+06 3.6995e+01 2.8708e+03 1.9984e+03 -1.4195e+02 5.0719e+02
-3.7541e+06 3.6825e+01 2.9498e+03 1.8830e+03 -1.7022e+02 4.4713e+02
-7.2904e+06 3.6678e+01 3.0276e+03 1.7582e+03 -2.0662e+02 3.9754e+02
-5.7121e+06 3.6568e+01 3.1033e+03 1.6238e+03 -1.2603e+02 3.5198e+02
-4.7857e+06 3.6496e+01 3.1759e+03 1.4796e+03 -3.4655e+01 3.0301e+02
-4.2622e+06 3.6448e+01 3.2442e+03 1.3258e+03 5.5705e+00 2.5311e+02
-4.0541e+06 3.6416e+01 3.3070e+03 1.1628e+03 3.3004e+01 2.0482e+02
-3.6311e+06 3.6395e+01 3.3631e+03 9.9111e+02 6.0356e+01 1.5750e+02
-3.4227e+06 3.6382e+01 3.4113e+03 8.1177e+02 7.8392e+01 1.1100e+02
-3.3815e+06 3.6374e+01 3.4505e+03 6.2594e+02 8.4619e+01 6.3474e+01
-3.5047e+06 3.6368e+01 3.4799e+03 4.3506e+02 8.4552e+01 1.8712e+01
-3.5581e+06 3.6362e+01 3.4987e+03 2.4081e+02 8.7496e+01 -4.2187e+01
-3.5996e+06 3.6359e+01 3.5066e+03 4.4993e+01 9.0875e+01 -7.6905e+01
-9.9654e+05 4.8946e+01 1.3809e+04 1.3290e+04 -2.9137e+05 -8.3585e+04
-5.0079e+06 5.0351e+01 1.1938e+04 1.1473e+04 -4.1492e+05 -1.2694e+05
-2.9865e+07 4.5329e+01 1.0037e+04 9.6905e+03 -4.6049e+05 -1.4567e+05
-3.0622e+07 4.0225e+01 8.1030e+03 7.9495e+03 -4.6463e+05 -1.4820e+05
-3.6980e+07 3.9191e+01 6.1317e+03 6.2649e+03 -4.5928e+05 -1.4809e+05
-1.4210e+07 3.9479e+01 4.1200e+03 4.6464e+03 -4.0090e+05 -1.2712e+05
-3.2044e+07 3.9983e+01 2.0776e+03 3.1071e+03 -2.5553e+05 -7.5558e+04
-5.1724e+07 3.8846e+01 1.8786e+03 2.9023e+03 -1.0089e+05 -2.7338e+04
-2.3386e+07 3.5159e+01 1.9355e+03 2.8700e+03 -2.1157e+04 -4.9070e+03
-7.8799e+06 3.1565e+01 1.9949e+03 2.8341e+03 -1.6338e+03 8.2902e+02
7.2281e+06 3.0046e+01 2.0570e+03 2.7943e+03 7.6991e+02 1.0214e+03
1.1295e+07 3.0908e+01 2.1216e+03 2.7503e+03 1.1704e+03 9.4668e+02
1.0254e+07 3.3326e+01 2.1890e+03 2.7016e+03 7.0332e+02 8.8913e+02
7.5680e+06 3.6184e+01 2.2590e+03 2.6477e+03 1.2654e+01 8.4321e+02
4.9554e+05 3.8039e+01 2.3316e+03 2.5882e+03 -3.3158e+02 8.1004e+02
4.2130e+05 3.8303e+01 2.4068e+03 2.5224e+03 -2.2111e+02 7.4741e+02
2.3668e+06 3.7776e+01 2.4844e+03 2.4499e+03 3.5045e+01 6.9623e+02
-3.9261e+06 3.7317e+01 2.5641e+03 2.3699e+03 -9.1777e+00 6.5435e+02
-2.9624e+06 3.7091e+01 2.6458e+03 2.2819e+03 -1.1999e+02 6.0294e+02
-2.6975e+06 3.6915e+01 2.7288e+03 2.1853e+03 -1.5419e+02 5.4952e+02
-5.3145e+06 3.6743e+01 2.8127e+03 2.0794e+03 -1.8249e+02 4.9595e+02
-5.7171e+06 3.6611e+01 2.8968e+03 1.9636e+03 -1.1917e+02 4.4730e+02
-3.2204e+06 3.6519e+01 2.9802e+03 1.8375e+03 -1.1254e+01 3.9767e+02
-4.8358e+06 3.6455e+01 3.0619e+03 1.7006e+03 -1.2843e+01 3.4692e+02
-5.7052e+06 3.6411e+01 3.1408e+03 1.5528e+03 -5.6590e+01 2.9822e+02
-6.2750e+06 3.6382e+01 3.2154e+03 1.3940e+03 -7.2862e+01 2.5039e+02
-6.4618e+06 3.6362e+01 3.2845e+03 1.2247e+03 -8.2068e+01 2.0243e+02
-6.8592e+06 3.6348e+01 3.3466e+03 1.0454e+03 -9.5187e+01 1.5573e+02
-7.0165e+06 3.6339e+01 3.4002e+03 8.5701e+02 -1.0387e+02 1.0981e+02
-7.0774e+06 3.6335e+01 3.4440e+03 6.6097e+02 -1.0512e+02 6.3065e+01
-6.9557e+06 3.6332e+01 3.4769e+03 4.5891e+02 -9.9880e+01 1.7805e+01
-6.8927e+06 3.6328e+01 3.4979e+03 2.5278e+02 -9.3837e+01 -3.5463e+01
-6.8091e+06 3.6326e+01 3.5066e+03 4.4739e+01 -9.3749e+01 -6.7517e+01
-9.0751e+06 4.9944e+01 1.1233e+04 1.1691e+04 -4.2114e+05 -1.2961e+05
-3.0596e+07 4.3698e+01 9.3909e+03 9.8550e+03 -4.6018e+05 -1.4579e+05
-3.2363e+07 3.7294e+01 7.5179e+03 8.0546e+03 -4.6323e+05 -1.4807e+05
-3.7863e+07 3.7761e+01 5.6078e+03 6.3058e+03 -4.5202e+05 -1.4563e+05
-1.4528e+07 4.1513e+01 3.6581e+03 4.6165e+03 -3.8502e+05 -1.2822e+05
-3.5310e+07 4.1923e+01 1.6873e+03 3.0069e+03 -2.3432e+05 -7.4254e+04
-5.2867e+07 3.8553e+01 1.7387e+03 2.9831e+03 -8.2624e+04 -1.9887e+04
-1.9262e+07 3.4351e+01 1.7926e+03 2.9564e+03 -1.3717e+04 -2.0901e+03
-6.9006e+06 3.1246e+01 1.8491e+03 2.9267e+03 -9.1117e+02 9.7234e+02
8.3055e+06 2.9905e+01 1.9083e+03 2.8934e+03 7.8993e+02 1.0545e+03
1.1038e+07 3.0954e+01 1.9702e+03 2.8564e+03 1.1063e+03 1.0028e+03
1.0584e+07 3.3881e+01 2.0351e+03 2.8152e+03 5.8049e+02 9.6439e+02
5.2867e+06 3.6821e+01 2.1029e+03 2.7693e+03 -1.3636e+02 8.9781e+02
7.1872e+05 3.8257e+01 2.1738e+03 2.7183e+03 -3.8266e+02 8.5049e+02
2.4332e+06 3.8181e+01 2.2476e+03 2.6616e+03 -1.4408e+02 7.9962e+02
1.3965e+05 3.7613e+01 2.3245e+03 2.5986e+03 5.5016e+01 7.4585e+02
-3.9122e+06 3.7251e+01 2.4043e+03 2.5287e+03 -2.8122e+01 6.9835e+02
-1.3131e+06 3.7049e+01 2.4868e+03 2.4511e+03 -1.1433e+02 6.4963e+02
-4.4687e+06 3.6857e+01 2.5718e+03 2.3652e+03 -1.9352e+02 5.9438e+02
-6.0971e+06 3.6682e+01 2.6588e+03 2.2701e+03 -1.8286e+02 5.4549e+02
-4.6624e+06 3.6558e+01 2.7474e+03 2.1651e+03 -7.8188e+01 4.9557e+02
-4.6922e+06 3.6477e+01 2.8368e+03 2.0495e+03 -4.7969e+01 4.4441e+02
-6.9626e+06 3.6421e+01 2.9261e+03 1.9225e+03 -9.4150e+01 3.9516e+02
-5.7521e+06 3.6387e+01 3.0144e+03 1.7836e+03 -6.1333e+01 3.4593e+02
-5.1197e+06 3.6365e+01 3.1001e+03 1.6325e+03 -6.6913e+00 2.9611e+02
-4.6827e+06 3.6349e+01 3.1820e+03 1.4689e+03 2.1602e+01 2.4674e+02
-4.5447e+06 3.6338e+01 3.2582e+03 1.2931e+03 3.9665e+01 1.9868e+02
-4.2142e+06 3.6331e+01 3.3272e+03 1.1057e+03 5.8866e+01 1.5167e+02
-4.0840e+06 3.6327e+01 3.3871e+03 9.0756e+02 6.8593e+01 1.0600e+02
-4.0095e+06 3.6325e+01 3.4362e+03 7.0029e+02 7.0342e+01 5.9294e+01
-4.0539e+06 3.6322e+01 3.4732e+03 4.8577e+02 7.2172e+01 1.5575e+01
-4.0661e+06 3.6318e+01 3.4969e+03 2.6631e+02 7.2609e+01 -4.3444e+01
-4.1464e+06 3.6318e+01 3.5066e+03 4.4485e+01 7.0508e+01 -7.8460e+01
-3.0648e+07 4.3733e+01 8.7655e+03 9.9800e+03 -4.5977e+05 -1.4594e+05
-3.4117e+07 3.6851e+01 6.9537e+03 8.1241e+03 -4.6176e+05 -1.4796e+05
-3.5432e+07 3.6673e+01 5.1057e+03 6.3148e+03 -4.4439e+05 -1.4305e+05
-1.6779e+07 4.0893e+01 3.2195e+03 4.5587e+03 -3.6693e+05 -1.2103e+05
-3.9249e+07 4.1657e+01 1.5508e+03 3.0742e+03 -2.1352e+05 -7.3201e+04
-5.2153e+07 3.8246e+01 1.5988e+03 3.0553e+03 -6.7200e+04 -2.1243e+04
-1.6391e+07 3.3947e+01 1.6492e+03 3.0339e+03 -6.6853e+03 4.4335e+02
-4.2342e+06 3.0996e+01 1.7022e+03 3.0097e+03 -2.7180e+01 1.1504e+03
8.9041e+06 3.0103e+01 1.7579e+03 2.9826e+03 8.2134e+02 1.0846e+03
1.1105e+07 3.1338e+01 1.8164e+03 2.9522e+03 1.0998e+03 1.0453e+03
9.3155e+06 3.4333e+01 1.8780e+03 2.9181e+03 4.3122e+02 1.0083e+03
4.4361e+06 3.7130e+01 1.9427e+03 2.8800e+03 -1.7237e+02 9.5930e+02
1.2816e+06 3.8290e+01 2.0106e+03 2.8373e+03 -3.5805e+02 9.0209e+02
1.6523e+06 3.8091e+01 2.0819e+03 2.7895e+03 -1.4060e+02 8.4211e+02
-2.4213e+06 3.7516e+01 2.1566e+03 2.7360e+03 1.0929e+01 8.0186e+02
-2.2217e+06 3.7175e+01 2.2348e+03 2.6763e+03 -6.8184e+00 7.5356e+02
-2.0156e+06 3.6998e+01 2.3165e+03 2.6095e+03 -1.2215e+02 6.9494e+02
-6.1154e+06 3.6811e+01 2.4014e+03 2.5349e+03 -2.1796e+02 6.4449e+02
-5.0491e+06 3.6642e+01 2.4896e+03 2.4517e+03 -1.3820e+02 5.9519e+02
-4.0426e+06 3.6525e+01 2.5805e+03 2.3589e+03 -4.0041e+01 5.4360e+02
-5.7174e+06 3.6449e+01 2.6737e+03 2.2556e+03 -6.1886e+01 4.9265e+02
-5.7151e+06 3.6402e+01 2.7686e+03 2.1408e+03 -4.2120e+01 4.4257e+02
-4.0843e+06 3.6373e+01 2.8642e+03 2.0137e+03 1.5518e+01 3.9151e+02
-5.0341e+06 3.6351e+01 2.9594e+03 1.8735e+03 5.8041e+00 3.4091e+02
-5.6500e+06 3.6336e+01 3.0528e+03 1.7194e+03 -3.2935e+01 2.9176e+02
-5.9450e+06 3.6326e+01 3.1427e+03 1.5513e+03 -4.5098e+01 2.4329e+02
-6.0985e+06 3.6319e+01 3.2271e+03 1.3690e+03 -5.4878e+01 1.9521e+02
-6.3076e+06 3.6315e+01 3.3041e+03 1.1730e+03 -6.2889e+01 1.4847e+02
-6.4370e+06 3.6313e+01 3.3714e+03 9.6436e+02 -7.3906e+01 1.0309e+02
-6.3817e+06 3.6310e+01 3.4269e+03 7.4471e+02 -7.1202e+01 5.7279e+01
-6.1323e+06 3.6306e+01 3.4688e+03 5.1625e+02 -4.6452e+01 1.3173e+01
-6.0605e+06 3.6303e+01 3.4957e+03 2.8172e+02 -3.9392e+01 -3.9166e+01
-6.1840e+06 3.6306e+01 3.5066e+03 4.4230e+01 -6.1623e+01 -6.9150e+01
-3.5196e+07 3.7425e+01 6.4122e+03 8.1606e+03 -4.6018e+05 -1.4789e+05
-3.2866e+07 3.6678e+01 4.6272e+03 6.2947e+03 -4.3692e+05 -1.4057e+05
-1.9852e+07 4.0395e+01 2.8055e+03 4.4760e+03 -3.4932e+05 -1.1395e+05
-4.2440e+07 4.1328e+01 1.4156e+03 3.1334e+03 -1.9578e+05 -6.5843e+04
-4.6110e+07 3.7754e+01 1.4598e+03 3.1189e+03 -5.9443e+04 -1.8615e+04
-1.1776e+07 3.3243e+01 1.5064e+03 3.1022e+03 -5.1259e+03 5.1158e+02
-2.2470e+06 3.0544e+01 1.5555e+03 3.0833e+03 4.7605e+02 1.2375e+03
9.8365e+06 3.0210e+01 1.6072e+03 3.0618e+03 9.1603e+02 1.1323e+03
1.0817e+07 3.2055e+01 1.6618e+03 3.0375e+03 1.0349e+03 1.0953e+03
8.6197e+06 3.5020e+01 1.7193e+03 3.0101e+03 3.3425e+02 1.0527e+03
4.2878e+06 3.7571e+01 1.7801e+03 2.9792e+03 -2.0112e+02 1.0046e+03
1.6581e+06 3.8425e+01 1.8441e+03 2.9443e+03 -2.9186e+02 9.5324e+02
8.2025e+05 3.7956e+01 1.9117e+03 2.9050e+03 -8.0424e+01 8.9068e+02
-2.0734e+06 3.7417e+01 1.9830e+03 2.8608e+03 3.8658e+01 8.4068e+02
-6.7394e+05 3.7139e+01 2.0581e+03 2.8110e+03 2.3613e+00 7.9784e+02
-3.7435e+06 3.6959e+01 2.1372e+03 2.7550e+03 -1.4797e+02 7.4559e+02
-5.8396e+06 3.6776e+01 2.2203e+03 2.6920e+03 -1.9761e+02 6.9465e+02
-3.7716e+06 3.6614e+01 2.3073e+03 2.6210e+03 -8.8411e+01 6.4370e+02
-5.0247e+06 3.6502e+01 2.3982e+03 2.5412e+03 -5.4667e+01 5.9157e+02
-6.2154e+06 3.6431e+01 2.4927e+03 2.4515e+03 -7.4218e+01 5.4153e+02
-4.9154e+06 3.6389e+01 2.5905e+03 2.3508e+03 -2.4927e+01 4.9016e+02
-5.0744e+06 3.6360e+01 2.6909e+03 2.2378e+03 -2.2907e+01 4.3863e+02
-6.3955e+06 3.6340e+01 2.7930e+03 2.1115e+03 -6.0240e+01 3.8823e+02
-5.6730e+06 3.6328e+01 2.8956e+03 1.9707e+03 -4.1735e+01 3.3812e+02
-5.1364e+06 3.6321e+01 2.9973e+03 1.8144e+03 -1.9667e+00 2.8798e+02
-4.9063e+06 3.6317e+01 3.0962e+03 1.6421e+03 1.5079e+01 2.3858e+02
-4.7384e+06 3.6313e+01 3.1900e+03 1.4534e+03 2.8459e+01 1.9019e+02
-4.5646e+06 3.6312e+01 3.2763e+03 1.2486e+03 4.1075e+01 1.4314e+02
-4.4331e+06 3.6312e+01 3.3523e+03 1.0286e+03 4.6860e+01 9.7736e+01
-4.3584e+06 3.6310e+01 3.4155e+03 7.9528e+02 5.1863e+01 5.2235e+01
-4.2072e+06 3.6306e+01 3.4634e+03 5.5113e+02 7.3313e+01 1.0310e+01
-4.2247e+06 3.6303e+01 3.4942e+03 2.9941e+02 7.4001e+01 -4.6301e+01
-4.3968e+06 3.6306e+01 3.5066e+03 4.3974e+01 5.3404e+01 -7.9154e+01
-2.9755e+07 3.7818e+01 4.1733e+03 6.2486e+03 -4.2954e+05 -1.3830e+05
-2.2176e+07 4.0125e+01 2.4169e+03 4.3716e+03 -3.3218e+05 -1.0714e+05
-4.3921e+07 4.0593e+01 1.2824e+03 3.1848e+03 -1.7852e+05 -5.8752e+04
-4.0679e+07 3.7045e+01 1.3227e+03 3.1742e+03 -5.2342e+04 -1.5932e+04
-1.1027e+07 3.2994e+01 1.3653e+03 3.1618e+03 -4.4853e+03 6.8680e+02
-1.4152e+06 3.0503e+01 1.4102e+03 3.1476e+03 4.1981e+02 1.2842e+03
1.0811e+07 3.0273e+01 1.4576e+03 3.1312e+03 9.0975e+02 1.1638e+03
1.0292e+07 3.2480e+01 1.5077e+03 3.1124e+03 9.1007e+02 1.1439e+03
7.9616e+06 3.5739e+01 1.5607e+03 3.0910e+03 1.9607e+02 1.1131e+03
3.9668e+06 3.7922e+01 1.6168e+03 3.0667e+03 -2.2118e+02 1.0630e+03
1.4030e+06 3.8408e+01 1.6763e+03 3.0390e+03 -2.4134e+02 9.9651e+02
4.7015e+05 3.7910e+01 1.7393e+03 3.0077e+03 -2.7213e+01 9.4145e+02
-1.4376e+06 3.7356e+01 1.8060e+03 2.9721e+03 6.1250e+01 8.9268e+02
-1.3740e+06 3.7097e+01 1.8768e+03 2.9318e+03 -3.5486e+01 8.4484e+02
-5.3822e+06 3.6920e+01 1.9517e+03 2.8861e+03 -1.8834e+02 7.9674e+02
-4.6087e+06 3.6740e+01 2.0311e+03 2.8343e+03 -1.7008e+02 7.4472e+02
-4.0651e+06 3.6588e+01 2.1149e+03 2.7756e+03 -8.7606e+01 6.9231e+02
-6.1091e+06 3.6483e+01 2.2035e+03 2.7090e+03 -8.6335e+01 6.4127e+02
-5.4047e+06 3.6420e+01 2.2967e+03 2.6334e+03 -5.0676e+01 5.9066e+02
-4.4964e+06 3.6381e+01 2.3944e+03 2.5477e+03 -7.3271e+00 5.3821e+02
-5.6974e+06 3.6353e+01 2.4964e+03 2.4505e+03 -3.3491e+01 4.8685e+02
-5.5505e+06 3.6336e+01 2.6021e+03 2.3404e+03 -2.5231e+01 4.3574e+02
-4.5241e+06 3.6326e+01 2.7108e+03 2.2160e+03 1.3725e+01 3.8432e+02
-5.0717e+06 3.6318e+01 2.8213e+03 2.0757e+03 3.1490e+00 3.3321e+02
-5.5155e+06 3.6312e+01 2.9320e+03 1.9182e+03 -2.5540e+01 2.8300e+02
-5.6576e+06 3.6309e+01 3.0409e+03 1.7424e+03 -3.5169e+01 2.3349e+02
-5.7923e+06 3.6308e+01 3.1454e+03 1.5477e+03 -4.2120e+01 1.8474e+02
-5.8940e+06 3.6307e+01 3.2425e+03 1.3338e+03 -4.7462e+01 1.3760e+02
-5.9975e+06 3.6306e+01 3.3290e+03 1.1018e+03 -5.3009e+01 9.2331e+01
-5.9583e+06 3.6306e+01 3.4015e+03 8.5333e+02 -5.3201e+01 4.7849e+01
-5.8714e+06 3.6304e+01 3.4568e+03 5.9140e+02 -4.4309e+01 6.1430e+00
-5.7985e+06 3.6302e+01 3.4924e+03 3.1995e+02 -3.7859e+01 -4.4205e+01
-5.7863e+06 3.6302e+01 3.5066e+03 4.3717e+01 -3.9929e+01 -7.0674e+01
-2.4079e+07 4.0730e+01 2.0540e+03 4.2487e+03 -3.1548e+05 -1.0082e+05
-4.5276e+07 4.0381e+01 1.1520e+03 3.2287e+03 -1.6185e+05 -5.1928e+04
-3.6457e+07 3.6614e+01 1.1883e+03 3.2216e+03 -4.5526e+04 -1.3359e+04
-9.7110e+06 3.2468e+01 1.2266e+03 3.2130e+03 -3.7283e+03 8.2433e+02
2.3713e+06 3.0408e+01 1.2672e+03 3.2028e+03 6.8532e+02 1.3164e+03
1.2903e+07 3.0783e+01 1.3100e+03 3.1909e+03 1.0972e+03 1.2142e+03
9.9377e+06 3.3168e+01 1.3554e+03 3.1770e+03 8.1040e+02 1.1959e+03
7.3704e+06 3.6191e+01 1.4036e+03 3.1610e+03 6.4882e+01 1.1566e+03
3.6091e+06 3.8064e+01 1.4547e+03 3.1426e+03 -2.1255e+02 1.1126e+03
1.5033e+06 3.8282e+01 1.5089e+03 3.1214e+03 -1.5744e+02 1.0475e+03
6.4250e+05 3.7752e+01 1.5666e+03 3.0972e+03 8.1714e+00 9.8496e+02
-1.3628e+06 3.7305e+01 1.6279e+03 3.0696e+03 3.5761e+01 9.4290e+02
-2.2672e+06 3.7067e+01 1.6933e+03 3.0380e+03 -8.9186e+01 9.0068e+02
-5.1334e+06 3.6889e+01 1.7628e+03 3.0019e+03 -1.8675e+02 8.4776e+02
-3.3995e+06 3.6708e+01 1.8369e+03 2.9607e+03 -1.3658e+02 7.9326e+02
-5.1331e+06 3.6562e+01 1.9159e+03 2.9136e+03 -9.2355e+01 7.4134e+02
-5.8571e+06 3.6467e+01 1.9999e+03 2.8598e+03 -7.2078e+01 6.9146e+02
-4.5117e+06 3.6410e+01 2.0892e+03 2.7982e+03 -1.8474e+01 6.3975e+02
-5.1280e+06 3.6372e+01 2.1840e+03 2.7277e+03 -2.3912e+01 5.8719e+02
-6.0099e+06 3.6347e+01 2.2843e+03 2.6470e+03 -4.6960e+01 5.3602e+02
-4.9973e+06 3.6333e+01 2.3900e+03 2.5545e+03 -1.5030e+01 4.8419e+02
-5.1709e+06 3.6322e+01 2.5007e+03 2.4486e+03 -1.6658e+01 4.3229e+02
-5.9471e+06 3.6314e+01 2.6159e+03 2.3274e+03 -4.5830e+01 3.8063e+02
-5.5156e+06 3.6310e+01 2.7344e+03 2.1890e+03 -3.4762e+01 3.2911e+02
-5.1083e+06 3.6308e+01 2.8546e+03 2.0316e+03 -8.7074e+00 2.7764e+02
-4.9982e+06 3.6308e+01 2.9745e+03 1.8535e+03 1.9527e+00 2.2682e+02
-4.8494e+06 3.6308e+01 3.0911e+03 1.6533e+03 1.1243e+01 1.7720e+02
-4.7634e+06 3.6309e+01 3.2010e+03 1.4306e+03 2.0588e+01 1.2949e+02
-4.6462e+06 3.6309e+01 3.3000e+03 1.1858e+03 2.8270e+01 8.4267e+01
-4.6540e+06 3.6309e+01 3.3839e+03 9.2058e+02 3.1715e+01 4.0237e+01
-4.6482e+06 3.6308e+01 3.4484e+03 6.3842e+02 3.4188e+01 8.4521e-01
-4.6629e+06 3.6305e+01 3.4901e+03 3.4405e+02 3.6582e+01 -5.2090e+01
-4.6263e+06 3.6304e+01 3.5066e+03 4.3460e+01 4.0091e+01 -8.0366e+01
-4.6579e+07 3.9840e+01 1.0249e+03 3.2656e+03 -1.4581e+05 -4.5587e+04
-3.2214e+07 3.6236e+01 1.0572e+03 3.2615e+03 -3.8930e+04 -1.0879e+04
-7.9646e+06 3.2252e+01 1.0913e+03 3.2562e+03 -3.0250e+03 9.6395e+02
5.3380e+06 3.0336e+01 1.1274e+03 3.2495e+03 8.1928e+02 1.3661e+03
1.2263e+07 3.1197e+01 1.1657e+03 3.2415e+03 1.0641e+03 1.2703e+03
8.7447e+06 3.4053e+01 1.2062e+03 3.2319e+03 6.1441e+02 1.2487e+03
6.8382e+06 3.6935e+01 1.2492e+03 3.2206e+03 -5.0681e+01 1.2045e+03
3.3329e+06 3.8234e+01 1.2950e+03 3.2074e+03 -1.9962e+02 1.1588e+03
1.7809e+06 3.8089e+01 1.3437e+03 3.1919e+03 -6.4521e+01 1.0940e+03
6.1547e+05 3.7577e+01 1.3956e+03 3.1740e+03 5.3316e+01 1.0313e+03
-1.8279e+06 3.7243e+01 1.4510e+03 3.1533e+03 -1.2032e+01 9.9201e+02
-2.8193e+06 3.7037e+01 1.5101e+03 3.1294e+03 -1.3565e+02 9.5081e+02
-4.6989e+06 3.6849e+01 1.5733e+03 3.1020e+03 -1.8157e+02 8.9712e+02
-3.7726e+06 3.6673e+01 1.6410e+03 3.0703e+03 -1.4110e+02 8.4237e+02
-6.1504e+06 3.6539e+01 1.7135e+03 3.0339e+03 -1.0817e+02 7.9205e+02
-4.9623e+06 3.6454e+01 1.7912e+03 2.9920e+03 -5.1887e+01 7.4126e+02
-4.6705e+06 3.6400e+01 1.8745e+03 2.9436e+03 -2.0310e+01 6.8881e+02
-5.8115e+06 3.6364e+01 1.9637e+03 2.8878e+03 -4.6875e+01 6.3709e+02
-5.4445e+06 3.6343e+01 2.0591e+03 2.8233e+03 -2.9839e+01 5.8561e+02
-4.6997e+06 3.6330e+01 2.1611e+03 2.7486e+03 -2.8590e+00 5.3333e+02
-5.5713e+06 3.6320e+01 2.2696e+03 2.6621e+03 -2.5243e+01 4.8143e+02
-5.3689e+06 3.6313e+01 2.3847e+03 2.5618e+03 -2.2111e+01 4.2912e+02
-4.7516e+06 3.6309e+01 2.5059e+03 2.4455e+03 2.2851e+00 3.7659e+02
-5.0511e+06 3.6306e+01 2.6323e+03 2.3109e+03 -7.6503e+00 3.2395e+02
-5.3845e+06 3.6305e+01 2.7625e+03 2.1553e+03 -2.9193e+01 2.7136e+02
-5.4370e+06 3.6306e+01 2.8943e+03 1.9764e+03 -3.6386e+01 2.1921e+02
-5.5579e+06 3.6307e+01 3.0246e+03 1.7721e+03 -4.0528e+01 1.6815e+02
-5.5931e+06 3.6307e+01 3.1494e+03 1.5410e+03 -4.2711e+01 1.1934e+02
-5.6778e+06 3.6307e+01 3.2635e+03 1.2829e+03 -4.2333e+01 7.3638e+01
-5.6373e+06 3.6306e+01 3.3615e+03 9.9931e+02 -3.6917e+01 3.0279e+01
-5.6127e+06 3.6305e+01 3.4377e+03 6.9397e+02 -2.8008e+01 -7.9373e+00
-5.5418e+06 3.6301e+01 3.4871e+03 3.7272e+02 -1.9504e+01 -5.2801e+01
-5.5214e+06 3.6301e+01 3.5066e+03 4.3202e+01 -1.9338e+01 -7.1877e+01
-2.8194e+07 3.5581e+01 9.2995e+02 3.2944e+03 -3.2671e+04 -8.5772e+03
-6.7562e+06 3.1912e+01 9.5992e+02 3.2919e+03 -2.3852e+03 1.1022e+03
6.9264e+06 3.0463e+01 9.9164e+02 3.2883e+03 8.6643e+02 1.4116e+03
1.1431e+07 3.1711e+01 1.0252e+03 3.2837e+03 1.0110e+03 1.3305e+03
9.4241e+06 3.4834e+01 1.0609e+03 3.2777e+03 5.1228e+02 1.3038e+03
7.0814e+06 3.7552e+01 1.0988e+03 3.2704e+03 -8.0206e+01 1.2560e+03
3.1391e+06 3.8440e+01 1.1391e+03 3.2616e+03 -1.8543e+02 1.2002e+03
1.8019e+06 3.8040e+01 1.1821e+03 3.2510e+03 -2.0860e+01 1.1418e+03
4.0355e+05 3.7480e+01 1.2279e+03 3.2385e+03 7.2812e+01 1.0903e+03
-2.1315e+06 3.7205e+01 1.2770e+03 3.2238e+03 -5.1701e+01 1.0445e+03
-2.9673e+06 3.7015e+01 1.3295e+03 3.2067e+03 -1.7854e+02 9.9917e+02
-4.5893e+06 3.6810e+01 1.3857e+03 3.1867e+03 -1.8562e+02 9.4460e+02
-4.2412e+06 3.6638e+01 1.4462e+03 3.1634e+03 -1.2859e+02 8.9165e+02
-5.8440e+06 3.6518e+01 1.5112e+03 3.1364e+03 -7.9753e+01 8.4211e+02
-4.1061e+06 3.6442e+01 1.5813e+03 3.1051e+03 -2.4433e+01 7.9028e+02
-5.3669e+06 3.6391e+01 1.6568e+03 3.0686e+03 -3.1953e+01 7.3801e+02
-5.6190e+06 3.6356e+01 1.7382e+03 3.0262e+03 -3.8792e+01 6.8695e+02
-4.8234e+06 3.6337e+01 1.8262e+03 2.9768e+03 -5.1863e+00 6.3510e+02
-5.1013e+06 3.6325e+01 1.9211e+03 2.9191e+03 -1.4493e+01 5.8312e+02
-5.7670e+06 3.6317e+01 2.0235e+03 2.8515e+03 -3.5054e+01 5.3146e+02
-4.9988e+06 3.6313e+01 2.1338e+03 2.7723e+03 -1.5148e+01 4.7896e+02
-5.1724e+06 3.6308e+01 2.2521e+03 2.6792e+03 -1.8589e+01 4.2619e+02
-5.6055e+06 3.6303e+01 2.3783e+03 2.5698e+03 -4.1028e+01 3.7292e+02
-5.3646e+06 3.6302e+01 2.5121e+03 2.4410e+03 -3.6555e+01 3.1895e+02
-5.0614e+06 3.6304e+01 2.6522e+03 2.2897e+03 -2.2183e+01 2.6451e+02
-5.0283e+06 3.6306e+01 2.7967e+03 2.1124e+03 -1.7155e+01 2.1007e+02
-4.9016e+06 3.6308e+01 2.9422e+03 1.9059e+03 -1.1491e+01 1.5644e+02
-4.8684e+06 3.6309e+01 3.0842e+03 1.6676e+03 -4.2048e+00 1.0520e+02
-4.7680e+06 3.6309e+01 3.2167e+03 1.3961e+03 4.3502e+00 5.8006e+01
-4.7831e+06 3.6308e+01 3.3324e+03 1.0925e+03 1.3114e+01 1.4686e+01
-4.7532e+06 3.6306e+01 3.4235e+03 7.6058e+02 2.2854e+01 -1.9799e+01
-4.7628e+06 3.6301e+01 3.4832e+03 4.0738e+02 3.1003e+01 -6.4189e+01
-4.7450e+06 3.6302e+01 3.5066e+03 4.2944e+01 3.2423e+01 -8.1606e+01
-5.5050e+06 3.1643e+01 8.3292e+02 3.3208e+03 -1.7650e+03 1.2207e+03
8.2053e+06 3.0600e+01 8.6034e+02 3.3198e+03 8.8930e+02 1.4694e+03
1.1208e+07 3.2326e+01 8.8941e+02 3.3179e+03 9.5535e+02 1.3798e+03
9.6493e+06 3.5469e+01 9.2026e+02 3.3150e+03 3.9284e+02 1.3548e+03
5.9647e+06 3.7935e+01 9.5304e+02 3.3111e+03 -1.3098e+02 1.3088e+03
2.4344e+06 3.8494e+01 9.8796e+02 3.3059e+03 -1.6764e+02 1.2489e+03
1.8450e+06 3.7937e+01 1.0252e+03 3.2995e+03 1.3008e+01 1.1839e+03
1.6076e+04 3.7438e+01 1.0650e+03 3.2915e+03 5.6580e+01 1.1403e+03
-2.2727e+06 3.7185e+01 1.1075e+03 3.2819e+03 -1.0010e+02 1.0995e+03
-3.2633e+06 3.6985e+01 1.1532e+03 3.2704e+03 -2.0967e+02 1.0471e+03
-4.7470e+06 3.6774e+01 1.2022e+03 3.2567e+03 -1.9094e+02 9.9311e+02
-4.5092e+06 3.6607e+01 1.2550e+03 3.2406e+03 -1.1457e+02 9.4157e+02
-5.4055e+06 3.6499e+01 1.3120e+03 3.2216e+03 -5.9153e+01 8.9123e+02
-4.3617e+06 3.6430e+01 1.3735e+03 3.1993e+03 -3.6185e+01 8.3927e+02
-6.0132e+06 3.6384e+01 1.4401e+03 3.1732e+03 -4.9508e+01 7.8761e+02
-5.0301e+06 3.6353e+01 1.5123e+03 3.1425e+03 -2.5427e+01 7.3690e+02
-4.8950e+06 3.6332e+01 1.5908e+03 3.1064e+03 -4.2854e+00 6.8509e+02
-5.5368e+06 3.6320e+01 1.6762e+03 3.0639e+03 -2.9011e+01 6.3285e+02
-5.3702e+06 3.6316e+01 1.7692e+03 3.0137e+03 -2.1417e+01 5.8146e+02
-4.8155e+06 3.6314e+01 1.8704e+03 2.9543e+03 -7.1326e+00 5.2972e+02
-5.4412e+06 3.6310e+01 1.9807e+03 2.8837e+03 -2.5187e+01 4.7691e+02
-5.2342e+06 3.6305e+01 2.1006e+03 2.7996e+03 -2.5185e+01 4.2368e+02
-4.8592e+06 3.6302e+01 2.2306e+03 2.6991e+03 -1.1129e+01 3.6958e+02
-5.0169e+06 3.6301e+01 2.3705e+03 2.5788e+03 -2.2554e+01 3.1385e+02
-5.2672e+06 3.6303e+01 2.5199e+03 2.4346e+03 -4.1454e+01 2.5720e+02
-5.2746e+06 3.6305e+01 2.6770e+03 2.2621e+03 -4.9879e+01 1.9987e+02
-5.3742e+06 3.6307e+01 2.8390e+03 2.0565e+03 -5.4719e+01 1.4222e+02
-5.3731e+06 3.6307e+01 3.0009e+03 1.8133e+03 -5.6230e+01 8.6638e+01
-5.4387e+06 3.6307e+01 3.1555e+03 1.5294e+03 -5.2283e+01 3.5734e+01
-5.3915e+06 3.6306e+01 3.2936e+03 1.2044e+03 -4.0838e+01 -8.5200e+00
-5.3794e+06 3.6304e+01 3.4045e+03 8.4176e+02 -2.4695e+01 -4.0569e+01
-5.3182e+06 3.6301e+01 3.4780e+03 4.5010e+02 -1.0020e+01 -7.2533e+01
-5.3152e+06 3.6302e+01 3.5066e+03 4.2686e+01 -6.7524e+00 -7.3178e+01
9.2544e+06 3.0694e+01 7.3396e+02 3.3446e+03 8.8801e+02 1.4995e+03
1.0746e+07 3.2769e+01 7.5865e+02 3.3450e+03 8.8418e+02 1.4505e+03
9.3067e+06 3.6022e+01 7.8484e+02 3.3447e+03 2.8642e+02 1.4071e+03
5.1779e+06 3.8133e+01 8.1269e+02 3.3435e+03 -1.3105e+02 1.3567e+03
3.2012e+06 3.8411e+01 8.4234e+02 3.3414e+03 -9.0186e+01 1.2941e+03
2.3260e+06 3.7839e+01 8.7397e+02 3.3383e+03 6.6145e+01 1.2325e+03
-3.6289e+05 3.7389e+01 9.0777e+02 3.3340e+03 2.8178e+01 1.1908e+03
-2.4477e+06 3.7160e+01 9.4396e+02 3.3286e+03 -1.4046e+02 1.1492e+03
-3.5459e+06 3.6946e+01 9.8279e+02 3.3217e+03 -2.2140e+02 1.0951e+03
-4.7606e+06 3.6736e+01 1.0245e+03 3.3132e+03 -1.7649e+02 1.0416e+03
-4.4619e+06 3.6581e+01 1.0695e+03 3.3029e+03 -9.1983e+01 9.9127e+02
-5.1943e+06 3.6481e+01 1.1182e+03 3.2906e+03 -4.9024e+01 9.4008e+02
-4.6866e+06 3.6418e+01 1.1708e+03 3.2758e+03 -4.0497e+01 8.8842e+02
-5.7815e+06 3.6377e+01 1.2279e+03 3.2582e+03 -3.5045e+01 8.3696e+02
-4.4746e+06 3.6351e+01 1.2901e+03 3.2372e+03 -6.9272e+00 7.8564e+02
-5.3542e+06 3.6332e+01 1.3579e+03 3.2124e+03 -1.5034e+01 7.3466e+02
-5.4203e+06 3.6319e+01 1.4321e+03 3.1828e+03 -2.6012e+01 6.8381e+02
-4.9459e+06 3.6313e+01 1.5133e+03 3.1476e+03 -4.1740e+00 6.3165e+02
-5.0763e+06 3.6312e+01 1.6026e+03 3.1055e+03 -1.4104e+01 5.8022e+02
-5.5757e+06 3.6314e+01 1.7009e+03 3.0551e+03 -3.3147e+01 5.2858e+02
-5.0241e+06 3.6312e+01 1.8091e+03 2.9944e+03 -2.3263e+01 4.7537e+02
-5.1539e+06 3.6306e+01 1.9284e+03 2.9209e+03 -2.6364e+01 4.2195e+02
-5.3828e+06 3.6301e+01 2.0597e+03 2.8317e+03 -4.4269e+01 3.6714e+02
-5.2463e+06 3.6301e+01 2.2037e+03 2.7228e+03 -4.6377e+01 3.0976e+02
-5.0244e+06 3.6303e+01 2.3606e+03 2.5894e+03 -4.3246e+01 2.5039e+02
-5.0229e+06 3.6305e+01 2.5297e+03 2.4258e+03 -4.6188e+01 1.8862e+02
-4.9187e+06 3.6307e+01 2.7086e+03 2.2254e+03 -4.8091e+01 1.2479e+02
-4.9068e+06 3.6307e+01 2.8927e+03 1.9813e+03 -4.5904e+01 6.1430e+01
-4.8207e+06 3.6306e+01 3.0739e+03 1.6874e+03 -3.7521e+01 2.8703e+00
-4.8391e+06 3.6305e+01 3.2406e+03 1.3405e+03 -2.2115e+01 -4.6224e+01
-4.8121e+06 3.6304e+01 3.3779e+03 9.4271e+02 -1.0925e+00 -7.4581e+01
-4.8280e+06 3.6303e+01 3.4706e+03 5.0401e+02 1.9062e+01 -9.8257e+01
-4.8052e+06 3.6304e+01 3.5066e+03 4.2427e+01 2.6404e+01 -8.2656e+01
1.0381e+07 3.3276e+01 6.3327e+02 3.3657e+03 8.1984e+02 1.4835e+03
9.1524e+06 3.6501e+01 6.5504e+02 3.3673e+03 2.1548e+02 1.4689e+03
5.0762e+06 3.8255e+01 6.7817e+02 3.3684e+03 -1.0813e+02 1.4025e+03
3.7521e+06 3.8276e+01 7.0279e+02 3.3687e+03 -2.3893e+01 1.3398e+03
1.7102e+06 3.7730e+01 7.2905e+02 3.3683e+03 7.5656e+01 1.2819e+03
-1.1924e+06 3.7362e+01 7.5710e+02 3.3670e+03 -2.7108e+01 1.2417e+03
-2.6266e+06 3.7138e+01 7.8713e+02 3.3649e+03 -1.8649e+02 1.1981e+03
-3.8061e+06 3.6908e+01 8.1936e+02 3.3617e+03 -2.2414e+02 1.1432e+03
-4.6599e+06 3.6702e+01 8.5401e+02 3.3574e+03 -1.5505e+02 1.0900e+03
-4.5253e+06 3.6558e+01 8.9137e+02 3.3518e+03 -7.8622e+01 1.0402e+03
-5.1995e+06 3.6466e+01 9.3175e+02 3.3447e+03 -4.8636e+01 9.8876e+02
-4.8547e+06 3.6409e+01 9.7551e+02 3.3359e+03 -3.9007e+01 9.3728e+02
-5.4645e+06 3.6372e+01 1.0231e+03 3.3251e+03 -2.4009e+01 8.8595e+02
-4.6404e+06 3.6347e+01 1.0749e+03 3.3120e+03 -1.4145e+01 8.3482e+02
-5.7686e+06 3.6331e+01 1.1316e+03 3.2962e+03 -2.7836e+01 7.8370e+02
-5.0350e+06 3.6321e+01 1.1937e+03 3.2771e+03 -1.6001e+01 7.3314e+02
-4.9879e+06 3.6313e+01 1.2621e+03 3.2541e+03 -3.3801e+00 6.8218e+02
-5.3427e+06 3.6308e+01 1.3376e+03 3.2263e+03 -2.1202e+01 6.3084e+02
-5.2748e+06 3.6309e+01 1.4213e+03 3.1927e+03 -1.8759e+01 5.7950e+02
-4.8916e+06 3.6313e+01 1.5142e+03 3.1519e+03 -1.4447e+01 5.2788e+02
-5.3399e+06 3.6312e+01 1.6178e+03 3.1020e+03 -3.0907e+01 4.7505e+02
-5.1563e+06 3.6307e+01 1.7336e+03 3.0407e+03 -3.3078e+01 4.2117e+02
-4.9259e+06 3.6303e+01 1.8630e+03 2.9648e+03 -2.7341e+01 3.6568e+02
-5.0006e+06 3.6302e+01 2.0078e+03 2.8703e+03 -4.1682e+01 3.0724e+02
-5.1762e+06 3.6303e+01 2.1691e+03 2.7518e+03 -6.3102e+01 2.4506e+02
-5.1562e+06 3.6305e+01 2.3477e+03 2.6024e+03 -7.9176e+01 1.7802e+02
-5.2278e+06 3.6306e+01 2.5426e+03 2.4134e+03 -9.3522e+01 1.0541e+02
-5.2024e+06 3.6305e+01 2.7502e+03 2.1748e+03 -1.0325e+02 2.9330e+01
-5.2485e+06 3.6303e+01 2.9627e+03 1.8759e+03 -1.0283e+02 -4.5261e+01
-5.2096e+06 3.6302e+01 3.1658e+03 1.5086e+03 -8.5533e+01 -1.0749e+02
-5.2172e+06 3.6303e+01 3.3394e+03 1.0712e+03 -5.1340e+01 -1.3740e+02
-5.1702e+06 3.6303e+01 3.4597e+03 5.7408e+02 -1.3381e+01 -1.3562e+02
-5.1636e+06 3.6303e+01 3.5066e+03 4.2168e+01 2.0756e+00 -7.4226e+01
9.0829e+06 3.6937e+01 5.3109e+02 3.3838e+03 1.6798e+02 1.4999e+03
4.9453e+06 3.8396e+01 5.4978e+02 3.3866e+03 -6.4377e+01 1.4604e+03
3.8169e+06 3.8198e+01 5.6966e+02 3.3889e+03 3.3076e+01 1.3826e+03
1.1442e+06 3.7643e+01 5.9085e+02 3.3906e+03 7.5121e+01 1.3320e+03
-1.0585e+06 3.7333e+01 6.1347e+02 3.3916e+03 -6.1047e+01 1.2943e+03
-2.4420e+06 3.7111e+01 6.3768e+02 3.3921e+03 -2.0767e+02 1.2454e+03
-4.0096e+06 3.6873e+01 6.6364e+02 3.3917e+03 -2.2033e+02 1.1906e+03
-4.5881e+06 3.6673e+01 6.9154e+02 3.3906e+03 -1.3928e+02 1.1390e+03
-4.6387e+06 3.6539e+01 7.2161e+02 3.3886e+03 -7.0102e+01 1.0889e+03
-5.1430e+06 3.6454e+01 7.5410e+02 3.3855e+03 -4.7492e+01 1.0375e+03
-4.8404e+06 3.6401e+01 7.8930e+02 3.3813e+03 -3.1339e+01 9.8603e+02
-5.2927e+06 3.6366e+01 8.2756e+02 3.3758e+03 -2.0010e+01 9.3466e+02
-4.8649e+06 3.6344e+01 8.6928e+02 3.3687e+03 -1.7243e+01 8.8382e+02
-5.5951e+06 3.6329e+01 9.1492e+02 3.3599e+03 -1.7762e+01 8.3301e+02
-4.6723e+06 3.6320e+01 9.6503e+02 3.3489e+03 -8.8417e-01 7.8224e+02
-5.2697e+06 3.6313e+01 1.0203e+03 3.3353e+03 -8.3238e+00 7.3136e+02
-5.2666e+06 3.6308e+01 1.0814e+03 3.3186e+03 -1.7139e+01 6.8113e+02
-4.9693e+06 3.6304e+01 1.1494e+03 3.2982e+03 -2.8918e+00 6.3033e+02
-5.0229e+06 3.6305e+01 1.2253e+03 3.2730e+03 -1.0895e+01 5.7897e+02
-5.3763e+06 3.6308e+01 1.3104e+03 3.2420e+03 -2.7049e+01 5.2770e+02
-4.9985e+06 3.6309e+01 1.4063e+03 3.2035e+03 -2.4076e+01 4.7582e+02
-5.1048e+06 3.6306e+01 1.5149e+03 3.1554e+03 -3.0652e+01 4.2224e+02
-5.2370e+06 3.6303e+01 1.6384e+03 3.0947e+03 -4.8984e+01 3.6647e+02
-5.1593e+06 3.6303e+01 1.7792e+03 3.0174e+03 -5.9207e+01 3.0740e+02
-4.9976e+06 3.6304e+01 1.9400e+03 2.9179e+03 -6.9417e+01 2.4305e+02
-5.0028e+06 3.6305e+01 2.1231e+03 2.7886e+03 -8.8358e+01 1.7051e+02
-4.9170e+06 3.6305e+01 2.3302e+03 2.6191e+03 -1.1099e+02 8.7073e+01
-4.9094e+06 3.6304e+01 2.5603e+03 2.3955e+03 -1.3308e+02 -9.0085e+00
-4.8439e+06 3.6303e+01 2.8074e+03 2.1012e+03 -1.4566e+02 -1.1411e+02
-4.8713e+06 3.6304e+01 3.0565e+03 1.7193e+03 -1.3288e+02 -2.1199e+02
-4.8543e+06 3.6306e+01 3.2807e+03 1.2393e+03 -8.2228e+01 -2.5703e+02
-4.8597e+06 3.6304e+01 3.4426e+03 6.6870e+02 -1.1894e+01 -2.2576e+02
-4.8247e+06 3.6303e+01 3.5066e+03 4.1908e+01 2.0746e+01 -8.3604e+01
4.8744e+06 3.8450e+01 4.2764e+02 3.3990e+03 -3.6645e+01 1.4922e+03
3.7351e+06 3.8102e+01 4.4312e+02 3.4027e+03 6.7146e+01 1.4465e+03
1.0541e+06 3.7597e+01 4.5959e+02 3.4060e+03 6.8895e+01 1.3816e+03
-1.1525e+06 3.7316e+01 4.7716e+02 3.4089e+03 -1.0688e+02 1.3424e+03
-2.9261e+06 3.7082e+01 4.9595e+02 3.4112e+03 -2.4019e+02 1.2928e+03
-4.5365e+06 3.6837e+01 5.1607e+02 3.4130e+03 -2.2024e+02 1.2381e+03
-4.4648e+06 3.6646e+01 5.3768e+02 3.4143e+03 -1.1868e+02 1.1877e+03
-4.7841e+06 3.6522e+01 5.6095e+02 3.4150e+03 -5.9466e+01 1.1369e+03
-5.0064e+06 3.6444e+01 5.8606e+02 3.4149e+03 -4.0249e+01 1.0853e+03
-4.9259e+06 3.6395e+01 6.1325e+02 3.4141e+03 -2.6223e+01 1.0340e+03
-5.2474e+06 3.6362e+01 6.4278e+02 3.4125e+03 -1.7978e+01 9.8290e+02
-5.0040e+06 3.6341e+01 6.7495e+02 3.4098e+03 -1.3802e+01 9.3191e+02
-5.3544e+06 3.6327e+01 7.1013e+02 3.4060e+03 -6.9235e+00 8.8116e+02
-4.7964e+06 3.6318e+01 7.4873e+02 3.4009e+03 -1.9367e+00 8.3055e+02
-5.5118e+06 3.6312e+01 7.9129e+02 3.3943e+03 -1.2333e+01 7.8008e+02
-5.0238e+06 3.6308e+01 8.3840e+02 3.3857e+03 -5.8701e+00 7.2979e+02
-4.9861e+06 3.6306e+01 8.9081e+02 3.3749e+03 1.7623e+00 6.7963e+02
-5.2093e+06 3.6303e+01 9.4942e+02 3.3613e+03 -1.1850e+01 6.2946e+02
-5.1610e+06 3.6304e+01 1.0153e+03 3.3442e+03 -1.0904e+01 5.7859e+02
-4.8953e+06 3.6306e+01 1.0899e+03 3.3227e+03 -7.9874e+00 5.2782e+02
-5.1905e+06 3.6306e+01 1.1749e+03 3.2955e+03 -2.1041e+01 4.7679e+02
-5.0761e+06 3.6305e+01 1.2722e+03 3.2609e+03 -2.8421e+01 4.2399e+02
-4.9407e+06 3.6304e+01 1.3847e+03 3.2163e+03 -3.2284e+01 3.6905e+02
-4.9835e+06 3.6303e+01 1.5154e+03 3.1582e+03 -5.1691e+01 3.1048e+02
-5.0983e+06 3.6304e+01 1.6683e+03 3.0814e+03 -8.0965e+01 2.4551e+02
-5.0747e+06 3.6304e+01 1.8479e+03 2.9782e+03 -1.1531e+02 1.6947e+02
-5.1194e+06 3.6304e+01 2.0590e+03 2.8373e+03 -1.6082e+02 7.5423e+01
-5.0929e+06 3.6303e+01 2.3052e+03 2.6419e+03 -2.1747e+02 -4.6378e+01
-5.1307e+06 3.6303e+01 2.5861e+03 2.3682e+03 -2.7461e+02 -2.0518e+02
-5.1092e+06 3.6305e+01 2.8903e+03 1.9861e+03 -2.9615e+02 -3.8778e+02
-5.1179e+06 3.6307e+01 3.1857e+03 1.4665e+03 -2.3197e+02 -5.0917e+02
-5.0705e+06 3.6304e+01 3.4138e+03 8.0306e+02 -9.0206e+01 -4.3017e+02
-5.0524e+06 3.6302e+01 3.5066e+03 4.1649e+01 -1.1615e+01 -7.5378e+01
3.4694e+06 3.8036e+01 3.2320e+02 3.4111e+03 7.4461e+01 1.4823e+03
8.3277e+05 3.7552e+01 3.3534e+02 3.4155e+03 4.1451e+01 1.4486e+03
-1.6358e+06 3.7299e+01 3.4827e+02 3.4197e+03 -1.5736e+02 1.3891e+03
-3.2682e+06 3.7051e+01 3.6208e+02 3.4234e+03 -2.5885e+02 1.3397e+03
-4.4206e+06 3.6804e+01 3.7685e+02 3.4268e+03 -1.9707e+02 1.2850e+03
-4.0860e+06 3.6622e+01 3.9269e+02 3.4298e+03 -8.9039e+01 1.2354e+03
-4.9245e+06 3.6507e+01 4.0972e+02 3.4324e+03 -5.2598e+01 1.1835e+03
-4.8691e+06 3.6435e+01 4.2808e+02 3.4345e+03 -3.6330e+01 1.1328e+03
-5.0528e+06 3.6388e+01 4.4792e+02 3.4361e+03 -2.4705e+01 1.0808e+03
-5.1483e+06 3.6357e+01 4.6944e+02 3.4371e+03 -1.5183e+01 1.0304e+03
-5.0367e+06 3.6337e+01 4.9285e+02 3.4376e+03 -9.0949e+00 9.7907e+02
-5.2024e+06 3.6325e+01 5.1841e+02 3.4373e+03 -2.8721e+00 9.2865e+02
-4.9717e+06 3.6316e+01 5.4642e+02 3.4363e+03 -4.0054e+00 8.7785e+02
-5.3727e+06 3.6310e+01 5.7725e+02 3.4344e+03 -4.1555e+00 8.2783e+02
-4.8105e+06 3.6307e+01 6.1134e+02 3.4314e+03 4.5705e+00 7.7745e+02
-5.1562e+06 3.6305e+01 6.4921e+02 3.4272e+03 -4.7324e-01 7.2761e+02
-5.1832e+06 3.6304e+01 6.9153e+02 3.4214e+03 -8.9036e+00 6.7764e+02
-4.9716e+06 3.6305e+01 7.3910e+02 3.4138e+03 -3.6167e-01 6.2812e+02
-5.0144e+06 3.6305e+01 7.9293e+02 3.4039e+03 -6.1744e+00 5.7788e+02
-5.2153e+06 3.6306e+01 8.5428e+02 3.3910e+03 -1.5455e+01 5.2812e+02
-4.9725e+06 3.6306e+01 9.2478e+02 3.3743e+03 -1.5121e+01 4.7762e+02
-5.0412e+06 3.6304e+01 1.0065e+03 3.3525e+03 -2.3463e+01 4.2644e+02
-5.1337e+06 3.6303e+01 1.1022e+03 3.3237e+03 -4.1943e+01 3.7301e+02
-5.0807e+06 3.6302e+01 1.2155e+03 3.2853e+03 -5.7469e+01 3.1673e+02
-4.9756e+06 3.6303e+01 1.3511e+03 3.2331e+03 -7.9977e+01 2.5369e+02
-4.9781e+06 3.6303e+01 1.5153e+03 3.1605e+03 -1.2057e+02 1.7866e+02
-4.9209e+06 3.6304e+01 1.7161e+03 3.0569e+03 -1.8625e+02 7.9828e+01
-4.9190e+06 3.6304e+01 1.9634e+03 2.9050e+03 -2.8911e+02 -6.4817e+01
-4.8784e+06 3.6304e+01 2.2665e+03 2.6757e+03 -4.3600e+02 -2.9639e+02
-4.9000e+06 3.6307e+01 2.6271e+03 2.3231e+03 -5.9010e+02 -6.5909e+02
-4.8811e+06 3.6308e+01 3.0195e+03 1.7837e+03 -5.9579e+02 -1.0620e+03
-4.8755e+06 3.6305e+01 3.3592e+03 1.0074e+03 -3.0859e+02 -1.0247e+03
-4.8449e+06 3.6304e+01 3.5066e+03 4.1389e+01 -9.4144e+01 -8.6064e+01
5.1521e+05 3.7525e+01 2.1804e+02 3.4199e+03 8.7642e+00 1.4872e+03
-1.9042e+06 3.7279e+01 2.2675e+02 3.4249e+03 -2.0499e+02 1.4479e+03
-3.3551e+06 3.7022e+01 2.3603e+02 3.4297e+03 -2.7651e+02 1.3877e+03
-4.3287e+06 3.6776e+01 2.4595e+02 3.4341e+03 -1.9297e+02 1.3300e+03
-4.3184e+06 3.6605e+01 2.5657e+02 3.4383e+03 -9.8945e+01 1.2853e+03
-5.2379e+06 3.6497e+01 2.6797e+02 3.4422e+03 -7.2049e+01 1.2295e+03
-4.7962e+06 3.6430e+01 2.8024e+02 3.4457e+03 -4.5770e+01 1.1825e+03
-5.1519e+06 3.6386e+01 2.9347e+02 3.4489e+03 -3.3485e+01 1.1271e+03
-5.0623e+06 3.6357e+01 3.0780e+02 3.4517e+03 -2.4482e+01 1.0795e+03
-5.1071e+06 3.6339e+01 3.2334e+02 3.4542e+03 -1.9222e+01 1.0256e+03
-5.1782e+06 3.6326e+01 3.4028e+02 3.4562e+03 -1.5286e+01 9.7746e+02
-5.0809e+06 3.6318e+01 3.5880e+02 3.4578e+03 -1.5128e+01 9.2483e+02
-5.2264e+06 3.6313e+01 3.7914e+02 3.4589e+03 -1.0729e+01 8.7646e+02
-4.9099e+06 3.6309e+01 4.0157e+02 3.4595e+03 -9.4694e+00 8.2461e+02
-5.3229e+06 3.6307e+01 4.2642e+02 3.4594e+03 -1.6458e+01 7.7631e+02
-5.0418e+06 3.6306e+01 4.5412e+02 3.4586e+03 -1.3837e+01 7.2535e+02
-4.9914e+06 3.6307e+01 4.8518e+02 3.4569e+03 -8.8739e+00 6.7718e+02
-5.1566e+06 3.6307e+01 5.2022e+02 3.4541e+03 -1.8680e+01 6.2646e+02
-5.1032e+06 3.6308e+01 5.6007e+02 3.4500e+03 -1.7712e+01 5.7870e+02
-4.9352e+06 3.6309e+01 6.0576e+02 3.4442e+03 -1.5875e+01 5.2829e+02
-5.1115e+06 3.6309e+01 6.5864e+02 3.4363e+03 -2.5170e+01 4.8012e+02
-5.0438e+06 3.6308e+01 7.2051e+02 3.4254e+03 -3.2299e+01 4.2926e+02
-4.9511e+06 3.6307e+01 7.9381e+02 3.4106e+03 -3.7686e+01 3.7961e+02
-4.9802e+06 3.6306e+01 8.8187e+02 3.3902e+03 -5.6120e+01 3.2559e+02
-5.0511e+06 3.6306e+01 9.8940e+02 3.3615e+03 -8.7147e+01 2.6895e+02
-5.0377e+06 3.6307e+01 1.1232e+03 3.3201e+03 -1.3481e+02 2.0012e+02
-5.0696e+06 3.6308e+01 1.2931e+03 3.2585e+03 -2.1836e+02 1.1067e+02
-5.0552e+06 3.6309e+01 1.5140e+03 3.1625e+03 -3.7270e+02 -3.4654e+01
-5.0815e+06 3.6310e+01 1.8069e+03 3.0053e+03 -6.6674e+02 -3.1463e+02
-5.0607e+06 3.6312e+01 2.1986e+03 2.7322e+03 -1.1897e+03 -9.4284e+02
-5.0631e+06 3.6311e+01 2.7022e+03 2.2355e+03 -1.7910e+03 -2.2654e+03
-5.0264e+06 3.6308e+01 3.2368e+03 1.3497e+03 -1.4331e+03 -3.1610e+03
-5.0074e+06 3.6307e+01 3.5066e+03 4.1129e+01 -8.3507e+02 -8.5612e+01
-1.9332e+06 3.7256e+01 1.1242e+02 3.4256e+03 -2.2091e+02 1.4666e+03
-3.5914e+06 3.6992e+01 1.1764e+02 3.4309e+03 -2.7489e+02 1.4551e+03
-4.2998e+06 3.6753e+01 1.2321e+02 3.4361e+03 -1.7787e+02 1.3618e+03
-4.5578e+06 3.6591e+01 1.2916e+02 3.4409e+03 -1.0059e+02 1.3429e+03
-5.0237e+06 3.6491e+01 1.3554e+02 3.4456e+03 -6.7320e+01 1.2638e+03
-4.6290e+06 3.6428e+01 1.4239e+02 3.4500e+03 -4.1463e+01 1.2378e+03
-5.1613e+06 3.6386e+01 1.4976e+02 3.4542e+03 -3.0999e+01 1.1630e+03
-5.0154e+06 3.6359e+01 1.5771e+02 3.4581e+03 -2.8391e+01 1.1326e+03
-5.1431e+06 3.6342e+01 1.6633e+02 3.4617e+03 -2.1058e+01 1.0639e+03
-5.1400e+06 3.6330e+01 1.7569e+02 3.4651e+03 -1.9668e+01 1.0287e+03
-5.0763e+06 3.6323e+01 1.8590e+02 3.4682e+03 -1.5272e+01 9.6476e+02
-5.1450e+06 3.6318e+01 1.9708e+02 3.4710e+03 -1.3393e+01 9.2634e+02
-5.0064e+06 3.6314e+01 2.0936e+02 3.4735e+03 -1.4442e+01 8.6575e+02
-5.2416e+06 3.6311e+01 2.2293e+02 3.4757e+03 -1.6020e+01 8.2526e+02
-4.8914e+06 3.6310e+01 2.3799e+02 3.4776e+03 -1.0151e+01 7.6710e+02
-5.0986e+06 3.6310e+01 2.5481e+02 3.4791e+03 -1.3532e+01 7.2576e+02
-5.1226e+06 3.6310e+01 2.7370e+02 3.4801e+03 -1.8853e+01 6.6881e+02
-4.9771e+06 3.6311e+01 2.9508e+02 3.4806e+03 -1.3028e+01 6.2758e+02
-5.0050e+06 3.6312e+01 3.1948e+02 3.4806e+03 -1.6053e+01 5.7170e+02
-5.1266e+06 3.6313e+01 3.4756e+02 3.4798e+03 -2.2530e+01 5.2997e+02
-4.9703e+06 3.6313e+01 3.8023e+02 3.4782e+03 -2.2005e+01 4.7546e+02
-5.0084e+06 3.6312e+01 4.1870e+02 3.4753e+03 -2.6855e+01 4.3326e+02
-5.0645e+06 3.6311e+01 4.6465e+02 3.4709e+03 -3.8293e+01 3.7907e+02
-5.0277e+06 3.6310e+01 5.2046e+02 3.4642e+03 -4.8678e+01 3.3561e+02
-4.9613e+06 3.6310e+01 5.8963e+02 3.4541e+03 -6.6042e+01 2.7915e+02
-4.9686e+06 3.6312e+01 6.7747e+02 3.4389e+03 -1.0262e+02 2.2808e+02
-4.9343e+06 3.6313e+01 7.9245e+02 3.4149e+03 -1.7455e+02 1.5392e+02
-4.9368e+06 3.6315e+01 9.4880e+02 3.3754e+03 -3.3043e+02 5.2319e+01
-4.9065e+06 3.6316e+01 1.1718e+03 3.3051e+03 -7.0648e+02 -1.7905e+02
-4.9192e+06 3.6317e+01 1.5091e+03 3.1656e+03 -1.7478e+03 -8.5802e+02
-4.8923e+06 3.6317e+01 2.0493e+03 2.8460e+03 -5.0558e+03 -3.7188e+03
-4.8895e+06 3.6312e+01 2.8817e+03 1.9986e+03 -9.9721e+03 -1.7071e+04
-4.8809e+06 3.6310e+01 3.5066e+03 4.0869e+01 -1.2681e+04 -2.3545e+02
-4.0005e+06 3.6967e+01 6.6490e+00 3.4279e+03 -2.7485e+02 1.4392e+03
-3.9591e+06 3.6731e+01 8.3489e+00 3.4334e+03 -1.3979e+02 1.4768e+03
-4.7161e+06 3.6572e+01 1.0162e+01 3.4387e+03 -8.8340e+01 1.3402e+03
-4.6374e+06 3.6478e+01 1.2100e+01 3.4438e+03 -3.6394e+01 1.3663e+03
-4.9110e+06 3.6416e+01 1.4177e+01 3.4486e+03 -4.3120e+01 1.2426e+03
-5.1503e+06 3.6377e+01 1.6407e+01 3.4533e+03 -2.0143e+01 1.2580e+03
-5.0576e+06 3.6351e+01 1.8809e+01 3.4577e+03 -2.1086e+01 1.1477e+03
-5.0485e+06 3.6336e+01 2.1403e+01 3.4619e+03 -2.1937e+00 1.1473e+03
-5.1391e+06 3.6325e+01 2.4213e+01 3.4659e+03 -9.1700e+00 1.0531e+03
-5.0023e+06 3.6318e+01 2.7267e+01 3.4697e+03 1.9533e+00 1.0398e+03
-5.1582e+06 3.6313e+01 3.0599e+01 3.4733e+03 -3.6343e+00 9.5712e+02
-4.9790e+06 3.6310e+01 3.4248e+01 3.4767e+03 1.7542e+00 9.3527e+02
-5.1565e+06 3.6308e+01 3.8262e+01 3.4798e+03 -8.8154e-01 8.6046e+02
-4.8730e+06 3.6306e+01 4.2697e+01 3.4828e+03 3.7450e+00 8.3240e+02
-5.1958e+06 3.6305e+01 4.7626e+01 3.4856e+03 -4.3358e+00 7.6314e+02
-4.9564e+06 3.6304e+01 5.3133e+01 3.4881e+03 1.3409e+00 7.3336e+02
-4.9695e+06 3.6304e+01 5.9328e+01 3.4905e+03 2.4066e+00 6.6488e+02
-5.0313e+06 3.6305e+01 6.6349e+01 3.4926e+03 -1.8364e+00 6.3536e+02
-5.0310e+06 3.6306e+01 7.4370e+01 3.4945e+03 -1.5259e+00 5.6951e+02
-4.8873e+06 3.6307e+01 8.3624e+01 3.4962e+03 2.1912e+00 5.3732e+02
-5.0231e+06 3.6307e+01 9.4418e+01 3.4977e+03 -2.6778e+00 4.7474e+02
-4.9468e+06 3.6306e+01 1.0717e+02 3.4988e+03 -2.9785e+00 4.4221e+02
-4.9039e+06 3.6304e+01 1.2246e+02 3.4997e+03 -2.3723e+00 3.8112e+02
-4.8989e+06 3.6303e+01 1.4114e+02 3.5002e+03 -7.0958e+00 3.4830e+02
-4.9653e+06 3.6304e+01 1.6448e+02 3.5002e+03 -1.7655e+01 2.8915e+02
-4.9479e+06 3.6306e+01 1.9444e+02 3.4996e+03 -3.2826e+01 2.5464e+02
-4.9867e+06 3.6308e+01 2.3431e+02 3.4979e+03 -6.2315e+01 1.9414e+02
-4.9618e+06 3.6308e+01 2.8995e+02 3.4943e+03 -1.2824e+02 1.4593e+02
-4.9898e+06 3.6309e+01 3.7295e+02 3.4868e+03 -3.1130e+02 3.0896e+01
-4.9649e+06 3.6311e+01 5.0973e+02 3.4697e+03 -9.3062e+02 -3.1315e+02
-4.9716e+06 3.6309e+01 7.7537e+02 3.4202e+03 -3.4874e+03 -2.7904e+03
-4.9320e+06 3.6306e+01 1.4793e+03 3.1797e+03 -8.3867e+03 -3.3411e+04
-4.9439e+06 3.6306e+01 3.5066e+03 4.0609e+01 -1.1939e+04 -2.1915e+02
