  1    1089
-4.0414e+06 5.2176e+01 -7.2318e+02 -8.1899e+03 -5.5559e-01 1.1897e+04
-3.9938e+06 5.3488e+01 -6.7169e+02 -8.1562e+03 1.6609e-01 1.2001e+04
-3.9872e+06 5.4297e+01 -6.2028e+02 -8.1222e+03 1.0829e+00 1.2108e+04
-3.9699e+06 5.4546e+01 -5.6896e+02 -8.0877e+03 -2.9221e-03 1.2207e+04
-3.9755e+06 5.4560e+01 -5.1775e+02 -8.0528e+03 -2.6464e-01 1.2308e+04
-3.9774e+06 5.4552e+01 -4.6663e+02 -8.0175e+03 -5.2962e-01 1.2408e+04
-3.9902e+06 5.4594e+01 -4.1563e+02 -7.9818e+03 -6.7848e-01 1.2507e+04
-3.9935e+06 5.4711e+01 -3.6475e+02 -7.9458e+03 -3.4347e-01 1.2605e+04
-4.0008e+06 5.4879e+01 -3.1399e+02 -7.9094e+03 -2.7832e-01 1.2701e+04
-3.9965e+06 5.5069e+01 -2.6337e+02 -7.8727e+03 2.7256e-02 1.2797e+04
-3.9952e+06 5.5259e+01 -2.1289e+02 -7.8356e+03 2.6578e-01 1.2891e+04
-3.9867e+06 5.5365e+01 -1.6255e+02 -7.7983e+03 5.4762e-02 1.2984e+04
-3.9932e+06 5.5343e+01 -1.1236e+02 -7.7607e+03 -5.2100e-01 1.3077e+04
-3.9942e+06 5.5317e+01 -6.2337e+01 -7.7228e+03 -7.3959e-01 1.3167e+04
-3.9947e+06 5.5424e+01 -1.2474e+01 -7.6846e+03 -4.6994e-01 1.3257e+04
-3.9824e+06 5.5617e+01 3.7219e+01 -7.6462e+03 -4.0275e-01 1.3345e+04
-3.9826e+06 5.5783e+01 8.6735e+01 -7.6076e+03 -6.2096e-01 1.3432e+04
-3.9762e+06 5.5923e+01 1.3607e+02 -7.5688e+03 -8.5733e-01 1.3518e+04
-3.9764e+06 5.6115e+01 1.8522e+02 -7.5298e+03 -6.5996e-01 1.3602e+04
-3.9675e+06 5.6383e+01 2.3417e+02 -7.4906e+03 -3.5298e-01 1.3686e+04
-3.9764e+06 5.6628e+01 2.8293e+02 -7.4512e+03 -7.8056e-01 1.3768e+04
-3.9694e+06 5.6724e+01 3.3148e+02 -7.4118e+03 -7.5231e-01 1.3849e+04
-3.9650e+06 5.6699e+01 3.7982e+02 -7.3721e+03 -1.9563e-01 1.3928e+04
-3.9544e+06 5.6722e+01 4.2795e+02 -7.3324e+03 -1.0709e+00 1.4006e+04
-3.9469e+06 5.6903e+01 4.7587e+02 -7.2926e+03 -1.1630e+00 1.4083e+04
-3.9185e+06 5.7174e+01 5.2356e+02 -7.2527e+03 5.6353e-01 1.4158e+04
-3.9118e+06 5.7396e+01 5.7102e+02 -7.2128e+03 9.3995e-01 1.4232e+04
-3.9098e+06 5.7523e+01 6.1825e+02 -7.1728e+03 -1.7175e+00 1.4305e+04
-3.8949e+06 5.7902e+01 6.6525e+02 -7.1327e+03 -1.5242e+00 1.4376e+04
-3.8468e+06 5.9352e+01 7.1201e+02 -7.0927e+03 -3.0453e-01 1.4446e+04
-3.7717e+06 6.2146e+01 7.5853e+02 -7.0526e+03 -1.9243e+00 1.4512e+04
-3.6763e+06 6.5249e+01 8.0479e+02 -7.0126e+03 3.1180e+00 1.4582e+04
-3.5959e+06 6.7529e+01 8.5081e+02 -6.9726e+03 5.1298e+00 1.4646e+04
-4.0195e+06 5.2526e+01 -7.7392e+02 -8.1573e+03 -2.5209e+00 1.1973e+04
-3.9911e+06 5.3876e+01 -7.2236e+02 -8.1234e+03 2.8850e+00 1.2079e+04
-3.9648e+06 5.4858e+01 -6.7087e+02 -8.0891e+03 6.4162e+00 1.2177e+04
-3.9527e+06 5.5222e+01 -6.1947e+02 -8.0544e+03 4.3563e+00 1.2280e+04
-3.9529e+06 5.5270e+01 -5.6816e+02 -8.0192e+03 3.4661e+00 1.2381e+04
-3.9592e+06 5.5321e+01 -5.1695e+02 -7.9837e+03 3.1572e+00 1.2482e+04
-3.9644e+06 5.5428e+01 -4.6585e+02 -7.9478e+03 3.1864e+00 1.2581e+04
-3.9746e+06 5.5549e+01 -4.1487e+02 -7.9115e+03 3.4431e+00 1.2679e+04
-3.9775e+06 5.5695e+01 -3.6400e+02 -7.8749e+03 2.9334e+00 1.2776e+04
-3.9820e+06 5.5895e+01 -3.1326e+02 -7.8379e+03 2.7268e+00 1.2872e+04
-3.9749e+06 5.6132e+01 -2.6266e+02 -7.8006e+03 3.0248e+00 1.2967e+04
-3.9697e+06 5.6316e+01 -2.1220e+02 -7.7630e+03 3.4561e+00 1.3060e+04
-3.9628e+06 5.6353e+01 -1.6188e+02 -7.7252e+03 3.4114e+00 1.3153e+04
-3.9688e+06 5.6291e+01 -1.1172e+02 -7.6870e+03 3.0293e+00 1.3244e+04
-3.9678e+06 5.6307e+01 -6.1720e+01 -7.6486e+03 2.6279e+00 1.3334e+04
-3.9714e+06 5.6475e+01 -1.1885e+01 -7.6100e+03 2.3294e+00 1.3422e+04
-3.9595e+06 5.6702e+01 3.7778e+01 -7.5711e+03 2.3648e+00 1.3510e+04
-3.9547e+06 5.6884e+01 8.7264e+01 -7.5321e+03 2.5113e+00 1.3596e+04
-3.9471e+06 5.7022e+01 1.3657e+02 -7.4928e+03 2.4658e+00 1.3681e+04
-3.9548e+06 5.7214e+01 1.8568e+02 -7.4534e+03 2.0373e+00 1.3764e+04
-3.9526e+06 5.7508e+01 2.3460e+02 -7.4138e+03 1.4109e+00 1.3846e+04
-3.9496e+06 5.7790e+01 2.8332e+02 -7.3741e+03 1.8003e+00 1.3927e+04
-3.9295e+06 5.7909e+01 3.3183e+02 -7.3343e+03 2.5916e+00 1.4007e+04
-3.9320e+06 5.7890e+01 3.8013e+02 -7.2943e+03 1.6566e+00 1.4085e+04
-3.9207e+06 5.7917e+01 4.2822e+02 -7.2543e+03 1.1762e+00 1.4162e+04
-3.9071e+06 5.8107e+01 4.7609e+02 -7.2142e+03 2.4968e+00 1.4238e+04
-3.8863e+06 5.8370e+01 5.2374e+02 -7.1740e+03 2.4398e+00 1.4312e+04
-3.8937e+06 5.8538e+01 5.7116e+02 -7.1338e+03 5.3345e-01 1.4386e+04
-3.8818e+06 5.8722e+01 6.1835e+02 -7.0935e+03 4.2195e-01 1.4457e+04
-3.8610e+06 5.9565e+01 6.6530e+02 -7.0533e+03 1.3176e+00 1.4527e+04
-3.7939e+06 6.1707e+01 7.1201e+02 -7.0130e+03 -1.8325e+00 1.4593e+04
-3.6921e+06 6.4918e+01 7.5847e+02 -6.9727e+03 7.7017e-02 1.4661e+04
-3.5784e+06 6.8189e+01 8.0469e+02 -6.9325e+03 1.6162e+00 1.4731e+04
-4.0298e+06 5.2744e+01 -8.2478e+02 -8.1242e+03 -6.3351e-01 1.2046e+04
-3.9819e+06 5.4029e+01 -7.7315e+02 -8.0901e+03 4.4328e+00 1.2162e+04
-3.9443e+06 5.5277e+01 -7.2159e+02 -8.0556e+03 2.7505e+00 1.2258e+04
-3.9267e+06 5.5930e+01 -6.7011e+02 -8.0206e+03 2.0022e+00 1.2362e+04
-3.9254e+06 5.6053e+01 -6.1872e+02 -7.9852e+03 1.8929e+00 1.2464e+04
-3.9290e+06 5.6093e+01 -5.6742e+02 -7.9494e+03 8.2929e-01 1.2564e+04
-3.9401e+06 5.6208e+01 -5.1623e+02 -7.9133e+03 9.5448e-01 1.2664e+04
-3.9470e+06 5.6328e+01 -4.6514e+02 -7.8768e+03 9.6063e-01 1.2763e+04
-3.9586e+06 5.6470e+01 -4.1417e+02 -7.8399e+03 7.4625e-01 1.2860e+04
-3.9581e+06 5.6684e+01 -3.6332e+02 -7.8027e+03 9.2426e-01 1.2956e+04
-3.9567e+06 5.6942e+01 -3.1260e+02 -7.7652e+03 1.1957e+00 1.3051e+04
-3.9425e+06 5.7211e+01 -2.6202e+02 -7.7273e+03 1.7428e+00 1.3145e+04
-3.9383e+06 5.7400e+01 -2.1158e+02 -7.6892e+03 2.4070e+00 1.3238e+04
-3.9339e+06 5.7414e+01 -1.6129e+02 -7.6508e+03 2.3483e+00 1.3330e+04
-3.9381e+06 5.7365e+01 -1.1115e+02 -7.6122e+03 1.4834e+00 1.3420e+04
-3.9318e+06 5.7458e+01 -6.1180e+01 -7.5733e+03 9.0506e-01 1.3509e+04
-3.9301e+06 5.7717e+01 -1.1374e+01 -7.5342e+03 1.1153e+00 1.3596e+04
-3.9178e+06 5.7981e+01 3.8258e+01 -7.4949e+03 1.6224e+00 1.3683e+04
-3.9169e+06 5.8131e+01 8.7711e+01 -7.4554e+03 1.7406e+00 1.3768e+04
-3.9113e+06 5.8226e+01 1.3698e+02 -7.4158e+03 1.3784e+00 1.3852e+04
-3.9148e+06 5.8424e+01 1.8606e+02 -7.3760e+03 1.1511e+00 1.3934e+04
-3.9025e+06 5.8770e+01 2.3494e+02 -7.3360e+03 1.4357e+00 1.4015e+04
-3.8958e+06 5.9097e+01 2.8362e+02 -7.2959e+03 2.0095e+00 1.4095e+04
-3.8831e+06 5.9221e+01 3.3209e+02 -7.2558e+03 1.9038e+00 1.4174e+04
-3.8825e+06 5.9191e+01 3.8035e+02 -7.2155e+03 1.5300e+00 1.4251e+04
-3.8714e+06 5.9223e+01 4.2840e+02 -7.1751e+03 8.7621e-01 1.4327e+04
-3.8696e+06 5.9417e+01 4.7623e+02 -7.1347e+03 4.5691e-01 1.4401e+04
-3.8557e+06 5.9648e+01 5.2383e+02 -7.0943e+03 4.3365e-01 1.4474e+04
-3.8488e+06 5.9841e+01 5.7120e+02 -7.0538e+03 1.3340e+00 1.4547e+04
-3.8213e+06 6.0331e+01 6.1834e+02 -7.0134e+03 2.6872e+00 1.4617e+04
-3.7857e+06 6.1771e+01 6.6524e+02 -6.9729e+03 -2.7373e+00 1.4685e+04
-3.6900e+06 6.4537e+01 7.1190e+02 -6.9324e+03 -3.3935e+00 1.4746e+04
-3.5995e+06 6.8197e+01 7.5832e+02 -6.8920e+03 3.7371e+00 1.4813e+04
-4.0055e+06 5.2886e+01 -8.7575e+02 -8.0907e+03 -6.5641e-01 1.2124e+04
-3.9799e+06 5.3908e+01 -8.2406e+02 -8.0564e+03 2.1198e+00 1.2238e+04
-3.9424e+06 5.5389e+01 -7.7243e+02 -8.0216e+03 -6.3393e-01 1.2335e+04
-3.9106e+06 5.6517e+01 -7.2088e+02 -7.9864e+03 -4.8599e-01 1.2438e+04
-3.8995e+06 5.6885e+01 -6.6941e+02 -7.9508e+03 1.2028e-01 1.2541e+04
-3.9061e+06 5.6929e+01 -6.1803e+02 -7.9147e+03 -8.4485e-01 1.2642e+04
-3.9143e+06 5.7006e+01 -5.6674e+02 -7.8783e+03 -8.6590e-01 1.2742e+04
-3.9256e+06 5.7118e+01 -5.1556e+02 -7.8416e+03 -1.3382e+00 1.2841e+04
-3.9309e+06 5.7291e+01 -4.6449e+02 -7.8045e+03 -1.5158e+00 1.2939e+04
-3.9371e+06 5.7541e+01 -4.1353e+02 -7.7670e+03 -8.0754e-01 1.3036e+04
-3.9355e+06 5.7793e+01 -3.6271e+02 -7.7292e+03 -6.8758e-01 1.3132e+04
-3.9344e+06 5.8071e+01 -3.1201e+02 -7.6912e+03 -1.0722e+00 1.3226e+04
-3.9221e+06 5.8390e+01 -2.6145e+02 -7.6528e+03 -6.6550e-01 1.3319e+04
-3.9121e+06 5.8584e+01 -2.1103e+02 -7.6142e+03 1.3851e-01 1.3410e+04
-3.9046e+06 5.8602e+01 -1.6077e+02 -7.5753e+03 -9.3208e-02 1.3501e+04
-3.9071e+06 5.8642e+01 -1.1066e+02 -7.5362e+03 -6.8794e-01 1.3590e+04
-3.8969e+06 5.8842e+01 -6.0717e+01 -7.4968e+03 -7.0600e-01 1.3678e+04
-3.8915e+06 5.9109e+01 -1.0942e+01 -7.4573e+03 -4.7456e-01 1.3765e+04
-3.8824e+06 5.9307e+01 3.8658e+01 -7.4176e+03 -4.4693e-01 1.3851e+04
-3.8841e+06 5.9406e+01 8.8076e+01 -7.3777e+03 -5.8980e-01 1.3935e+04
-3.8746e+06 5.9513e+01 1.3731e+02 -7.3376e+03 -6.3059e-01 1.4017e+04
-3.8704e+06 5.9783e+01 1.8635e+02 -7.2974e+03 -5.8961e-01 1.4099e+04
-3.8550e+06 6.0193e+01 2.3519e+02 -7.2571e+03 -3.0696e-01 1.4179e+04
-3.8523e+06 6.0510e+01 2.8383e+02 -7.2167e+03 -9.0721e-02 1.4258e+04
-3.8423e+06 6.0590e+01 3.3227e+02 -7.1762e+03 -2.5180e-01 1.4335e+04
-3.8428e+06 6.0572e+01 3.8049e+02 -7.1357e+03 -7.0214e-01 1.4411e+04
-3.8259e+06 6.0678e+01 4.2849e+02 -7.0951e+03 -7.5408e-01 1.4486e+04
-3.8267e+06 6.0911e+01 4.7627e+02 -7.0544e+03 -7.7948e-01 1.4559e+04
-3.8116e+06 6.1139e+01 5.2383e+02 -7.0137e+03 -4.5953e-01 1.4632e+04
-3.8051e+06 6.1506e+01 5.7115e+02 -6.9730e+03 -1.3716e-01 1.4702e+04
-3.7533e+06 6.2538e+01 6.1824e+02 -6.9323e+03 -5.0594e+00 1.4770e+04
-3.6805e+06 6.4754e+01 6.6510e+02 -6.8917e+03 -4.7691e+00 1.4832e+04
-3.5836e+06 6.8160e+01 7.1170e+02 -6.8510e+03 1.2837e+00 1.4899e+04
-4.0036e+06 5.3296e+01 -9.2683e+02 -8.0568e+03 -6.4989e-01 1.2198e+04
-3.9738e+06 5.4069e+01 -8.7508e+02 -8.0222e+03 1.5125e+00 1.2313e+04
-3.9324e+06 5.5617e+01 -8.2339e+02 -7.9872e+03 -1.7188e-01 1.2410e+04
-3.8871e+06 5.7118e+01 -7.7177e+02 -7.9517e+03 5.8764e-01 1.2515e+04
-3.8714e+06 5.7782e+01 -7.2023e+02 -7.9159e+03 1.0420e+00 1.2618e+04
-3.8744e+06 5.7900e+01 -6.6876e+02 -7.8796e+03 1.5783e-01 1.2719e+04
-3.8872e+06 5.7958e+01 -6.1739e+02 -7.8430e+03 1.1648e-01 1.2820e+04
-3.8942e+06 5.8077e+01 -5.6612e+02 -7.8059e+03 -5.2519e-01 1.2919e+04
-3.9034e+06 5.8306e+01 -5.1496e+02 -7.7686e+03 -7.6697e-01 1.3018e+04
-3.9039e+06 5.8610e+01 -4.6390e+02 -7.7309e+03 -7.9294e-02 1.3115e+04
-3.9110e+06 5.8854e+01 -4.1297e+02 -7.6929e+03 -3.2666e-01 1.3210e+04
-3.9180e+06 5.9077e+01 -3.6216e+02 -7.6546e+03 -1.8596e+00 1.3305e+04
-3.9250e+06 5.9390e+01 -3.1148e+02 -7.6159e+03 -2.6720e+00 1.3399e+04
-3.9035e+06 5.9693e+01 -2.6095e+02 -7.5771e+03 -1.2652e+00 1.3491e+04
-3.8818e+06 5.9856e+01 -2.1056e+02 -7.5380e+03 2.9401e-01 1.3582e+04
-3.8654e+06 5.9944e+01 -1.6032e+02 -7.4986e+03 3.6341e-01 1.3671e+04
-3.8661e+06 6.0060e+01 -1.1024e+02 -7.4590e+03 -1.4283e-01 1.3759e+04
-3.8605e+06 6.0218e+01 -6.0332e+01 -7.4192e+03 -4.1604e-01 1.3846e+04
-3.8583e+06 6.0416e+01 -1.0589e+01 -7.3793e+03 -3.0714e-01 1.3932e+04
-3.8456e+06 6.0606e+01 3.8977e+01 -7.3391e+03 -8.2754e-02 1.4016e+04
-3.8464e+06 6.0739e+01 8.8360e+01 -7.2989e+03 -2.4018e-01 1.4099e+04
-3.8365e+06 6.0930e+01 1.3756e+02 -7.2584e+03 -5.0911e-01 1.4181e+04
-3.8322e+06 6.1288e+01 1.8656e+02 -7.2179e+03 -5.9232e-02 1.4261e+04
-3.8144e+06 6.1686e+01 2.3536e+02 -7.1773e+03 3.8388e-01 1.4340e+04
-3.8102e+06 6.1930e+01 2.8396e+02 -7.1366e+03 3.8600e-01 1.4418e+04
-3.8009e+06 6.2013e+01 3.3235e+02 -7.0958e+03 -3.4345e-01 1.4494e+04
-3.8058e+06 6.2133e+01 3.8053e+02 -7.0549e+03 -7.2597e-01 1.4569e+04
-3.7855e+06 6.2392e+01 4.2849e+02 -7.0140e+03 -5.2017e-01 1.4643e+04
-3.7813e+06 6.2654e+01 4.7622e+02 -6.9731e+03 2.4199e-01 1.4716e+04
-3.7560e+06 6.2934e+01 5.2373e+02 -6.9322e+03 5.1603e-01 1.4786e+04
-3.7456e+06 6.3684e+01 5.7101e+02 -6.8913e+03 -5.5025e+00 1.4854e+04
-3.6709e+06 6.5489e+01 6.1805e+02 -6.8505e+03 -5.8489e+00 1.4916e+04
-3.5900e+06 6.8612e+01 6.6485e+02 -6.8096e+03 1.7392e+00 1.4982e+04
-3.9893e+06 5.3969e+01 -9.7801e+02 -8.0224e+03 -1.6554e+00 1.2273e+04
-3.9678e+06 5.4702e+01 -9.2621e+02 -7.9876e+03 5.7519e-01 1.2388e+04
-3.9119e+06 5.6272e+01 -8.7446e+02 -7.9523e+03 1.1555e-01 1.2486e+04
-3.8569e+06 5.7965e+01 -8.2278e+02 -7.9166e+03 2.3368e+00 1.2590e+04
-3.8350e+06 5.8831e+01 -7.7116e+02 -7.8805e+03 2.5487e+00 1.2694e+04
-3.8457e+06 5.9018e+01 -7.1963e+02 -7.8440e+03 6.2725e-01 1.2796e+04
-3.8547e+06 5.9069e+01 -6.6818e+02 -7.8071e+03 1.5984e-01 1.2897e+04
-3.8639e+06 5.9202e+01 -6.1682e+02 -7.7699e+03 -3.0137e-01 1.2997e+04
-3.8649e+06 5.9472e+01 -5.6557e+02 -7.7323e+03 -4.4744e-01 1.3095e+04
-3.8683e+06 5.9805e+01 -5.1442e+02 -7.6943e+03 2.1106e-01 1.3193e+04
-3.8729e+06 6.0064e+01 -4.6338e+02 -7.6561e+03 2.3118e-02 1.3289e+04
-3.8981e+06 6.0257e+01 -4.1247e+02 -7.6175e+03 -1.6048e+00 1.3384e+04
-3.9231e+06 6.0490e+01 -3.6168e+02 -7.5787e+03 -3.5723e+00 1.3478e+04
-3.9080e+06 6.0759e+01 -3.1103e+02 -7.5395e+03 -3.0304e+00 1.3570e+04
-3.8610e+06 6.1006e+01 -2.6052e+02 -7.5002e+03 -6.3964e-01 1.3662e+04
-3.8403e+06 6.1213e+01 -2.1016e+02 -7.4606e+03 6.0174e-01 1.3752e+04
-3.8268e+06 6.1342e+01 -1.5995e+02 -7.4208e+03 4.7337e-01 1.3840e+04
-3.8283e+06 6.1405e+01 -1.0990e+02 -7.3807e+03 -2.3684e-01 1.3927e+04
-3.8227e+06 6.1552e+01 -6.0024e+01 -7.3405e+03 -6.0159e-01 1.4013e+04
-3.8211e+06 6.1808e+01 -1.0315e+01 -7.3002e+03 -3.6611e-01 1.4098e+04
-3.8070e+06 6.2007e+01 3.9215e+01 -7.2597e+03 -3.6285e-02 1.4181e+04
-3.8039e+06 6.2166e+01 8.8562e+01 -7.2190e+03 -8.8754e-03 1.4263e+04
-3.7920e+06 6.2451e+01 1.3772e+02 -7.1783e+03 -1.3626e-01 1.4343e+04
-3.7915e+06 6.2857e+01 1.8668e+02 -7.1374e+03 -6.2367e-01 1.4423e+04
-3.7763e+06 6.3223e+01 2.3544e+02 -7.0964e+03 -1.0501e+00 1.4500e+04
-3.7729e+06 6.3443e+01 2.8400e+02 -7.0554e+03 -8.2971e-01 1.4577e+04
-3.7501e+06 6.3629e+01 3.3235e+02 -7.0144e+03 -6.6748e-01 1.4652e+04
-3.7540e+06 6.3958e+01 3.8048e+02 -6.9733e+03 -1.0216e+00 1.4726e+04
-3.7362e+06 6.4340e+01 4.2839e+02 -6.9322e+03 -1.4062e+00 1.4799e+04
-3.7391e+06 6.4638e+01 4.7608e+02 -6.8910e+03 -7.1790e-01 1.4870e+04
-3.6964e+06 6.5125e+01 5.2354e+02 -6.8499e+03 -3.7366e+00 1.4938e+04
-3.6492e+06 6.6458e+01 5.7077e+02 -6.8089e+03 -2.9024e+00 1.5001e+04
-3.5624e+06 6.9273e+01 6.1776e+02 -6.7678e+03 1.9402e+00 1.5066e+04
-3.9672e+06 5.4662e+01 -1.0293e+03 -7.9876e+03 -1.0772e+00 1.2347e+04
-3.9492e+06 5.5322e+01 -9.7743e+02 -7.9526e+03 -2.2867e-01 1.2462e+04
-3.8991e+06 5.6763e+01 -9.2563e+02 -7.9171e+03 -3.0145e-01 1.2560e+04
-3.8355e+06 5.8565e+01 -8.7389e+02 -7.8811e+03 2.6256e+00 1.2665e+04
-3.8141e+06 5.9763e+01 -8.2221e+02 -7.8448e+03 3.0451e+00 1.2769e+04
-3.8163e+06 6.0155e+01 -7.7061e+02 -7.8080e+03 8.3193e-01 1.2872e+04
-3.8283e+06 6.0220e+01 -7.1909e+02 -7.7709e+03 -9.4319e-02 1.2973e+04
-3.8316e+06 6.0341e+01 -6.6765e+02 -7.7334e+03 -3.2449e-01 1.3074e+04
-3.8372e+06 6.0614e+01 -6.1631e+02 -7.6955e+03 -4.4736e-01 1.3173e+04
-3.8348e+06 6.0944e+01 -5.6507e+02 -7.6573e+03 3.7941e-01 1.3270e+04
-3.8417e+06 6.1228e+01 -5.1394e+02 -7.6188e+03 8.6230e-01 1.3367e+04
-3.8597e+06 6.1447e+01 -4.6293e+02 -7.5800e+03 -5.4338e-01 1.3462e+04
-3.8914e+06 6.1631e+01 -4.1204e+02 -7.5409e+03 -2.6772e+00 1.3556e+04
-3.8787e+06 6.1831e+01 -3.6127e+02 -7.5016e+03 -2.4418e+00 1.3649e+04
-3.8367e+06 6.2096e+01 -3.1065e+02 -7.4620e+03 -7.3473e-01 1.3741e+04
-3.8036e+06 6.2417e+01 -2.6017e+02 -7.4221e+03 2.8008e-01 1.3831e+04
-3.7955e+06 6.2677e+01 -2.0983e+02 -7.3821e+03 3.8222e-01 1.3920e+04
-3.7905e+06 6.2801e+01 -1.5966e+02 -7.3418e+03 -8.6386e-02 1.4008e+04
-3.7917e+06 6.2941e+01 -1.0964e+02 -7.3014e+03 -3.1201e-01 1.4094e+04
-3.7789e+06 6.3189e+01 -5.9794e+01 -7.2608e+03 -3.2338e-01 1.4179e+04
-3.7797e+06 6.3369e+01 -1.0120e+01 -7.2200e+03 -7.5855e-01 1.4262e+04
-3.7727e+06 6.3458e+01 3.9373e+01 -7.1792e+03 -1.5108e+00 1.4344e+04
-3.7698e+06 6.3683e+01 8.8682e+01 -7.1382e+03 -1.6010e+00 1.4425e+04
-3.7488e+06 6.4128e+01 1.3780e+02 -7.0971e+03 -1.3167e+00 1.4504e+04
-3.7402e+06 6.4627e+01 1.8672e+02 -7.0559e+03 -1.0586e+00 1.4582e+04
-3.7281e+06 6.4975e+01 2.3544e+02 -7.0147e+03 -2.0717e+00 1.4659e+04
-3.7355e+06 6.5197e+01 2.8395e+02 -6.9734e+03 -3.1760e+00 1.4734e+04
-3.7088e+06 6.5532e+01 3.3226e+02 -6.9321e+03 -2.1914e+00 1.4808e+04
-3.7017e+06 6.6035e+01 3.8034e+02 -6.8908e+03 1.7064e-01 1.4881e+04
-3.6711e+06 6.6500e+01 4.2821e+02 -6.8494e+03 1.2584e+00 1.4952e+04
-3.6851e+06 6.6900e+01 4.7585e+02 -6.8081e+03 -4.4724e+00 1.5020e+04
-3.6397e+06 6.7737e+01 5.2326e+02 -6.7668e+03 -7.3848e+00 1.5083e+04
-3.5761e+06 6.9895e+01 5.7043e+02 -6.7256e+03 -5.9788e-01 1.5149e+04
-3.9378e+06 5.5404e+01 -1.0806e+03 -7.9524e+03 4.8895e-02 1.2420e+04
-3.9393e+06 5.5822e+01 -1.0287e+03 -7.9171e+03 6.8950e-02 1.2536e+04
-3.8998e+06 5.6829e+01 -9.7689e+02 -7.8814e+03 -1.2012e+00 1.2634e+04
-3.8489e+06 5.8509e+01 -9.2510e+02 -7.8452e+03 3.2660e-01 1.2740e+04
-3.8110e+06 6.0165e+01 -8.7337e+02 -7.8086e+03 1.5617e+00 1.2844e+04
-3.7982e+06 6.1070e+01 -8.2171e+02 -7.7716e+03 8.9863e-01 1.2947e+04
-3.7989e+06 6.1311e+01 -7.7011e+02 -7.7342e+03 5.2308e-02 1.3049e+04
-3.8048e+06 6.1433e+01 -7.1860e+02 -7.6965e+03 -2.4696e-01 1.3150e+04
-3.8051e+06 6.1694e+01 -6.6718e+02 -7.6584e+03 -3.8919e-01 1.3249e+04
-3.8051e+06 6.2025e+01 -6.1586e+02 -7.6199e+03 7.0271e-01 1.3347e+04
-3.8120e+06 6.2351e+01 -5.6464e+02 -7.5812e+03 1.2423e+00 1.3444e+04
-3.8407e+06 6.2621e+01 -5.1353e+02 -7.5421e+03 -1.7741e+00 1.3540e+04
-3.8479e+06 6.2801e+01 -4.6254e+02 -7.5028e+03 -3.0762e+00 1.3634e+04
-3.8214e+06 6.2973e+01 -4.1167e+02 -7.4632e+03 -9.0485e-01 1.3728e+04
-3.7949e+06 6.3245e+01 -3.6093e+02 -7.4234e+03 -4.8985e-01 1.3819e+04
-3.7788e+06 6.3633e+01 -3.1034e+02 -7.3833e+03 -3.9501e-01 1.3910e+04
-3.7580e+06 6.4052e+01 -2.5988e+02 -7.3430e+03 3.6008e-01 1.3999e+04
-3.7537e+06 6.4351e+01 -2.0958e+02 -7.3025e+03 -5.9253e-02 1.4087e+04
-3.7514e+06 6.4551e+01 -1.5943e+02 -7.2618e+03 -1.2109e+00 1.4174e+04
-3.7518e+06 6.4742e+01 -1.0945e+02 -7.2210e+03 -1.6042e+00 1.4259e+04
-3.7378e+06 6.4830e+01 -5.9641e+01 -7.1800e+03 -1.2473e+00 1.4342e+04
-3.7348e+06 6.4845e+01 -1.0005e+01 -7.1389e+03 -1.3426e+00 1.4425e+04
-3.7253e+06 6.5054e+01 3.9451e+01 -7.0977e+03 -2.0037e+00 1.4506e+04
-3.7242e+06 6.5572e+01 8.8720e+01 -7.0564e+03 -2.7030e+00 1.4585e+04
-3.7052e+06 6.6232e+01 1.3780e+02 -7.0150e+03 -2.3265e+00 1.4663e+04
-3.6929e+06 6.6742e+01 1.8668e+02 -6.9735e+03 -8.9980e-01 1.4740e+04
-3.6633e+06 6.7014e+01 2.3535e+02 -6.9320e+03 -3.5180e-01 1.4815e+04
-3.6745e+06 6.7320e+01 2.8382e+02 -6.8905e+03 -1.2435e+00 1.4889e+04
-3.6607e+06 6.7900e+01 3.3208e+02 -6.8489e+03 -3.4254e+00 1.4961e+04
-3.6645e+06 6.8569e+01 3.8011e+02 -6.8074e+03 -2.5342e+00 1.5033e+04
-3.6125e+06 6.9049e+01 4.2793e+02 -6.7659e+03 -1.6208e+00 1.5102e+04
-3.5832e+06 6.9624e+01 4.7552e+02 -6.7244e+03 -7.5029e-02 1.5165e+04
-3.5286e+06 7.1117e+01 5.2288e+02 -6.6830e+03 8.9677e-02 1.5229e+04
-3.9270e+06 5.6281e+01 -1.1320e+03 -7.9168e+03 -6.8066e-01 1.2492e+04
-3.9265e+06 5.6472e+01 -1.0801e+03 -7.8813e+03 9.8957e-02 1.2609e+04
-3.9078e+06 5.7044e+01 -1.0282e+03 -7.8453e+03 -1.4383e+00 1.2708e+04
-3.8607e+06 5.8421e+01 -9.7641e+02 -7.8089e+03 -1.6012e+00 1.2813e+04
-3.8161e+06 6.0335e+01 -9.2463e+02 -7.7720e+03 2.0706e-01 1.2918e+04
-3.7796e+06 6.1789e+01 -8.7290e+02 -7.7348e+03 8.8983e-01 1.3022e+04
-3.7749e+06 6.2362e+01 -8.2125e+02 -7.6972e+03 2.8194e-01 1.3124e+04
-3.7728e+06 6.2567e+01 -7.6967e+02 -7.6592e+03 -2.9326e-02 1.3225e+04
-3.7782e+06 6.2828e+01 -7.1818e+02 -7.6208e+03 -4.7333e-01 1.3325e+04
-3.7755e+06 6.3171e+01 -6.6677e+02 -7.5821e+03 -1.8916e-02 1.3423e+04
-3.7825e+06 6.3563e+01 -6.1547e+02 -7.5431e+03 1.3950e-01 1.3521e+04
-3.7986e+06 6.3907e+01 -5.6427e+02 -7.5038e+03 -2.2510e+00 1.3617e+04
-3.7988e+06 6.4104e+01 -5.1318e+02 -7.4643e+03 -2.6393e+00 1.3712e+04
-3.7724e+06 6.4264e+01 -4.6221e+02 -7.4244e+03 -6.2624e-01 1.3805e+04
-3.7551e+06 6.4547e+01 -4.1137e+02 -7.3843e+03 -8.4319e-01 1.3897e+04
-3.7392e+06 6.4994e+01 -3.6066e+02 -7.3440e+03 -1.4478e+00 1.3988e+04
-3.7318e+06 6.5552e+01 -3.1009e+02 -7.3035e+03 -1.3382e+00 1.4078e+04
-3.7189e+06 6.6002e+01 -2.5967e+02 -7.2627e+03 -1.2942e+00 1.4166e+04
-3.7129e+06 6.6208e+01 -2.0940e+02 -7.2218e+03 -1.1008e+00 1.4253e+04
-3.7004e+06 6.6279e+01 -1.5929e+02 -7.1808e+03 -1.1313e+00 1.4338e+04
-3.7071e+06 6.6313e+01 -1.0934e+02 -7.1396e+03 -2.0769e+00 1.4422e+04
-3.7015e+06 6.6406e+01 -5.9566e+01 -7.0982e+03 -2.9276e+00 1.4504e+04
-3.6956e+06 6.6722e+01 -9.9679e+00 -7.0568e+03 -2.3127e+00 1.4585e+04
-3.6678e+06 6.7333e+01 3.9448e+01 -7.0152e+03 -8.8634e-01 1.4665e+04
-3.6545e+06 6.8134e+01 8.8676e+01 -6.9736e+03 -4.0559e-01 1.4742e+04
-3.6420e+06 6.8819e+01 1.3771e+02 -6.9319e+03 -3.0755e+00 1.4818e+04
-3.6537e+06 6.9188e+01 1.8655e+02 -6.8902e+03 -5.4190e+00 1.4894e+04
-3.6184e+06 6.9553e+01 2.3518e+02 -6.8485e+03 -2.8916e+00 1.4969e+04
-3.6038e+06 7.0315e+01 2.8360e+02 -6.8067e+03 2.2824e+00 1.5041e+04
-3.5606e+06 7.1236e+01 3.3181e+02 -6.7650e+03 3.2966e+00 1.5112e+04
-3.5971e+06 7.1816e+01 3.7980e+02 -6.7233e+03 -5.5966e+00 1.5181e+04
-3.5675e+06 7.2294e+01 4.2756e+02 -6.6816e+03 -1.2675e+01 1.5247e+04
-3.5152e+06 7.3446e+01 4.7510e+02 -6.6400e+03 -1.3595e+00 1.5315e+04
-3.8979e+06 5.7155e+01 -1.1835e+03 -7.8809e+03 -2.2053e-01 1.2564e+04
-3.9087e+06 5.7224e+01 -1.1316e+03 -7.8451e+03 5.3646e-01 1.2681e+04
-3.8915e+06 5.7638e+01 -1.0797e+03 -7.8088e+03 -1.4217e+00 1.2781e+04
-3.8565e+06 5.8877e+01 -1.0278e+03 -7.7721e+03 -1.9704e+00 1.2886e+04
-3.8004e+06 6.0901e+01 -9.7598e+02 -7.7351e+03 4.0883e-01 1.2992e+04
-3.7605e+06 6.2705e+01 -9.2420e+02 -7.6976e+03 1.2462e+00 1.3095e+04
-3.7426e+06 6.3560e+01 -8.7249e+02 -7.6597e+03 3.0891e-01 1.3198e+04
-3.7428e+06 6.3853e+01 -8.2085e+02 -7.6214e+03 -3.7981e-01 1.3300e+04
-3.7423e+06 6.4107e+01 -7.6929e+02 -7.5829e+03 -1.0142e+00 1.3400e+04
-3.7442e+06 6.4445e+01 -7.1781e+02 -7.5439e+03 -1.4268e+00 1.3499e+04
-3.7444e+06 6.4877e+01 -6.6642e+02 -7.5047e+03 -1.3426e+00 1.3597e+04
-3.7456e+06 6.5286e+01 -6.1514e+02 -7.4652e+03 -1.2632e+00 1.3693e+04
-3.7380e+06 6.5516e+01 -5.6396e+02 -7.4253e+03 -8.8425e-01 1.3788e+04
-3.7252e+06 6.5691e+01 -5.1290e+02 -7.3852e+03 -6.8271e-01 1.3882e+04
-3.7165e+06 6.6020e+01 -4.6195e+02 -7.3449e+03 -1.3912e+00 1.3974e+04
-3.7071e+06 6.6556e+01 -4.1114e+02 -7.3043e+03 -1.3036e+00 1.4065e+04
-3.6855e+06 6.7252e+01 -3.6046e+02 -7.2636e+03 -7.5175e-01 1.4155e+04
-3.6776e+06 6.7806e+01 -3.0992e+02 -7.2226e+03 -1.4556e+00 1.4243e+04
-3.6755e+06 6.7951e+01 -2.5953e+02 -7.1815e+03 -3.0749e+00 1.4330e+04
-3.6804e+06 6.7916e+01 -2.0929e+02 -7.1402e+03 -3.5967e+00 1.4416e+04
-3.6592e+06 6.8053e+01 -1.5922e+02 -7.0987e+03 -2.1062e+00 1.4500e+04
-3.6473e+06 6.8408e+01 -1.0931e+02 -7.0572e+03 -9.9756e-01 1.4582e+04
-3.6368e+06 6.8896e+01 -5.9569e+01 -7.0155e+03 -2.3189e+00 1.4663e+04
-3.6401e+06 6.9596e+01 -1.0010e+01 -6.9737e+03 -5.0374e+00 1.4742e+04
-3.6201e+06 7.0564e+01 3.9365e+01 -6.9319e+03 -5.3555e+00 1.4821e+04
-3.5904e+06 7.1445e+01 8.8550e+01 -6.8900e+03 -6.8959e-01 1.4898e+04
-3.5506e+06 7.1903e+01 1.3754e+02 -6.8481e+03 2.0258e+00 1.4974e+04
-3.5678e+06 7.2347e+01 1.8633e+02 -6.8061e+03 -7.6164e-01 1.5047e+04
-3.5587e+06 7.3316e+01 2.3492e+02 -6.7641e+03 -6.7730e+00 1.5121e+04
-3.5640e+06 7.4460e+01 2.8329e+02 -6.7222e+03 -5.9571e+00 1.5192e+04
-3.4799e+06 7.5108e+01 3.3145e+02 -6.6803e+03 5.4896e+00 1.5264e+04
-3.4572e+06 7.5490e+01 3.7939e+02 -6.6384e+03 7.7222e+00 1.5327e+04
-3.4355e+06 7.6340e+01 4.2710e+02 -6.5966e+03 2.5864e-03 1.5396e+04
-3.8789e+06 5.7922e+01 -1.2351e+03 -7.8445e+03 4.6778e-04 1.2635e+04
-3.8803e+06 5.7967e+01 -1.1831e+03 -7.8084e+03 7.6154e-01 1.2752e+04
-3.8699e+06 5.8370e+01 -1.1312e+03 -7.7720e+03 -6.8938e-01 1.2853e+04
-3.8291e+06 5.9566e+01 -1.0793e+03 -7.7350e+03 -1.3863e+00 1.2959e+04
-3.7812e+06 6.1648e+01 -1.0274e+03 -7.6977e+03 4.9291e-01 1.3065e+04
-3.7309e+06 6.3760e+01 -9.7559e+02 -7.6600e+03 1.0108e+00 1.3168e+04
-3.7095e+06 6.4955e+01 -9.2383e+02 -7.6218e+03 4.9564e-02 1.3272e+04
-3.7014e+06 6.5355e+01 -8.7213e+02 -7.5833e+03 -5.6931e-01 1.3374e+04
-3.7062e+06 6.5564e+01 -8.2050e+02 -7.5445e+03 -1.4205e+00 1.3474e+04
-3.7111e+06 6.5864e+01 -7.6895e+02 -7.5053e+03 -2.1827e+00 1.3574e+04
-3.7156e+06 6.6277e+01 -7.1750e+02 -7.4659e+03 -2.4838e+00 1.3672e+04
-3.7064e+06 6.6689e+01 -6.6613e+02 -7.4261e+03 -1.8648e+00 1.3768e+04
-3.6925e+06 6.6976e+01 -6.1487e+02 -7.3860e+03 -1.3728e+00 1.3864e+04
-3.6862e+06 6.7273e+01 -5.6371e+02 -7.3457e+03 -1.4113e+00 1.3957e+04
-3.6738e+06 6.7727e+01 -5.1267e+02 -7.3051e+03 -1.6114e+00 1.4050e+04
-3.6617e+06 6.8332e+01 -4.6176e+02 -7.2643e+03 -2.5125e+00 1.4141e+04
-3.6546e+06 6.9100e+01 -4.1097e+02 -7.2233e+03 -3.2381e+00 1.4231e+04
-3.6366e+06 6.9746e+01 -3.6032e+02 -7.1821e+03 -2.2775e+00 1.4319e+04
-3.6250e+06 6.9937e+01 -3.0982e+02 -7.1407e+03 -6.4142e-01 1.4407e+04
-3.6124e+06 7.0033e+01 -2.5946e+02 -7.0992e+03 -1.0710e+00 1.4492e+04
-3.6176e+06 7.0533e+01 -2.0926e+02 -7.0575e+03 -4.2050e+00 1.4576e+04
-3.6071e+06 7.1240e+01 -1.5922e+02 -7.0157e+03 -5.8761e+00 1.4659e+04
-3.5907e+06 7.1796e+01 -1.0935e+02 -6.9738e+03 -3.7409e+00 1.4741e+04
-3.5565e+06 7.2466e+01 -5.9650e+01 -6.9318e+03 1.1688e+00 1.4821e+04
-3.5333e+06 7.3542e+01 -1.0132e+01 -6.8898e+03 2.6585e+00 1.4899e+04
-3.5333e+06 7.4554e+01 3.9201e+01 -6.8477e+03 -3.5138e+00 1.4976e+04
-3.5550e+06 7.5035e+01 8.8342e+01 -6.8055e+03 -8.3186e+00 1.5053e+04
-3.5029e+06 7.5468e+01 1.3729e+02 -6.7633e+03 1.5288e-01 1.5127e+04
-3.4708e+06 7.6428e+01 1.8603e+02 -6.7212e+03 1.2163e+01 1.5201e+04
-3.4170e+06 7.7534e+01 2.3457e+02 -6.6790e+03 1.1873e+01 1.5270e+04
-3.5054e+06 7.8171e+01 2.8289e+02 -6.6369e+03 -6.4581e+00 1.5343e+04
-3.5081e+06 7.8468e+01 3.3100e+02 -6.5948e+03 -2.3655e+01 1.5405e+04
-3.4492e+06 7.8881e+01 3.7889e+02 -6.5528e+03 2.2841e+00 1.5481e+04
-3.8619e+06 5.8702e+01 -1.2867e+03 -7.8077e+03 -9.9833e-01 1.2705e+04
-3.8650e+06 5.8785e+01 -1.2347e+03 -7.7715e+03 5.8454e-01 1.2823e+04
-3.8410e+06 5.9166e+01 -1.1828e+03 -7.7347e+03 3.8683e-01 1.2924e+04
-3.8180e+06 6.0182e+01 -1.1308e+03 -7.6975e+03 -1.2488e+00 1.3030e+04
-3.7677e+06 6.2096e+01 -1.0789e+03 -7.6600e+03 -6.5338e-01 1.3136e+04
-3.7168e+06 6.4448e+01 -1.0271e+03 -7.6220e+03 7.8760e-02 1.3241e+04
-3.6763e+06 6.6212e+01 -9.7525e+02 -7.5836e+03 5.5542e-01 1.3344e+04
-3.6653e+06 6.6969e+01 -9.2350e+02 -7.5449e+03 -1.8734e-01 1.3446e+04
-3.6653e+06 6.7220e+01 -8.7182e+02 -7.5058e+03 -1.6602e+00 1.3547e+04
-3.6701e+06 6.7500e+01 -8.2021e+02 -7.4664e+03 -2.0215e+00 1.3647e+04
-3.6757e+06 6.7895e+01 -7.6868e+02 -7.4266e+03 -2.2641e+00 1.3745e+04
-3.6720e+06 6.8315e+01 -7.1724e+02 -7.3866e+03 -2.9935e+00 1.3842e+04
-3.6584e+06 6.8756e+01 -6.6590e+02 -7.3463e+03 -3.3041e+00 1.3937e+04
-3.6410e+06 6.9313e+01 -6.1466e+02 -7.3057e+03 -3.0959e+00 1.4031e+04
-3.6301e+06 6.9948e+01 -5.6353e+02 -7.2649e+03 -3.3419e+00 1.4124e+04
-3.6160e+06 7.0576e+01 -5.1252e+02 -7.2239e+03 -2.2191e+00 1.4216e+04
-3.5888e+06 7.1333e+01 -4.6163e+02 -7.1826e+03 -2.6884e-01 1.4306e+04
-3.5793e+06 7.2044e+01 -4.1088e+02 -7.1412e+03 -1.1578e+00 1.4395e+04
-3.5801e+06 7.2405e+01 -3.6026e+02 -7.0996e+03 -4.1996e+00 1.4483e+04
-3.5815e+06 7.2842e+01 -3.0978e+02 -7.0578e+03 -4.5590e+00 1.4569e+04
-3.5383e+06 7.3778e+01 -2.5946e+02 -7.0159e+03 -6.0966e-01 1.4653e+04
-3.5120e+06 7.4723e+01 -2.0930e+02 -6.9739e+03 2.4446e+00 1.4736e+04
-3.5118e+06 7.5207e+01 -1.5930e+02 -6.9318e+03 1.1364e-01 1.4818e+04
-3.5321e+06 7.5690e+01 -1.0946e+02 -6.8896e+03 -5.7255e+00 1.4898e+04
-3.5247e+06 7.6596e+01 -5.9808e+01 -6.8473e+03 -6.0572e+00 1.4977e+04
-3.4733e+06 7.7456e+01 -1.0332e+01 -6.8050e+03 6.4142e+00 1.5055e+04
-3.4214e+06 7.7870e+01 3.8956e+01 -6.7626e+03 1.5512e+01 1.5131e+04
-3.4659e+06 7.8277e+01 8.8053e+01 -6.7202e+03 7.8176e+00 1.5203e+04
-3.5028e+06 7.9107e+01 1.3695e+02 -6.6779e+03 -1.1719e+01 1.5277e+04
-3.5226e+06 8.0044e+01 1.8565e+02 -6.6355e+03 -1.1419e+01 1.5349e+04
-3.3684e+06 8.0596e+01 2.3414e+02 -6.5932e+03 1.7602e+01 1.5426e+04
-3.3131e+06 8.0777e+01 2.8241e+02 -6.5509e+03 2.9037e+01 1.5482e+04
-3.3649e+06 8.0925e+01 3.3047e+02 -6.5087e+03 4.3383e+00 1.5553e+04
-3.8480e+06 5.9645e+01 -1.3384e+03 -7.7706e+03 -1.0648e+00 1.2774e+04
-3.8402e+06 5.9753e+01 -1.2864e+03 -7.7341e+03 2.2970e-01 1.2893e+04
-3.8290e+06 6.0095e+01 -1.2344e+03 -7.6971e+03 3.3505e-01 1.2994e+04
-3.8076e+06 6.0907e+01 -1.1824e+03 -7.6597e+03 -1.7680e+00 1.3101e+04
-3.7734e+06 6.2516e+01 -1.1305e+03 -7.6219e+03 -2.3755e+00 1.3207e+04
-3.7095e+06 6.4897e+01 -1.0786e+03 -7.5836e+03 -1.0062e+00 1.3312e+04
-3.6581e+06 6.7207e+01 -1.0268e+03 -7.5450e+03 7.8549e-01 1.3415e+04
-3.6286e+06 6.8553e+01 -9.7496e+02 -7.5060e+03 7.9364e-02 1.3518e+04
-3.6234e+06 6.9107e+01 -9.2322e+02 -7.4667e+03 -2.1666e+00 1.3620e+04
-3.6259e+06 6.9504e+01 -8.7156e+02 -7.4270e+03 -3.0686e+00 1.3720e+04
-3.6252e+06 6.9940e+01 -8.1997e+02 -7.3871e+03 -3.3806e+00 1.3818e+04
-3.6157e+06 7.0472e+01 -7.6846e+02 -7.3468e+03 -3.1660e+00 1.3915e+04
-3.5955e+06 7.1212e+01 -7.1704e+02 -7.3062e+03 -2.4870e+00 1.4011e+04
-3.5831e+06 7.2072e+01 -6.6572e+02 -7.2654e+03 -1.4771e+00 1.4106e+04
-3.5638e+06 7.2802e+01 -6.1451e+02 -7.2244e+03 -9.7608e-01 1.4199e+04
-3.5559e+06 7.3398e+01 -5.6341e+02 -7.1831e+03 -2.2496e+00 1.4290e+04
-3.5522e+06 7.4121e+01 -5.1242e+02 -7.1416e+03 -5.2166e+00 1.4381e+04
-3.5296e+06 7.4844e+01 -4.6157e+02 -7.0999e+03 -5.7394e+00 1.4471e+04
-3.5064e+06 7.5335e+01 -4.1084e+02 -7.0581e+03 -1.0518e-01 1.4559e+04
-3.4861e+06 7.6010e+01 -3.6026e+02 -7.0161e+03 3.6159e+00 1.4644e+04
-3.5011e+06 7.7087e+01 -3.0982e+02 -6.9740e+03 -2.4930e+00 1.4729e+04
-3.5013e+06 7.7969e+01 -2.5954e+02 -6.9317e+03 -5.6620e+00 1.4813e+04
-3.4766e+06 7.8326e+01 -2.0941e+02 -6.8894e+03 2.7114e+00 1.4895e+04
-3.4359e+06 7.8621e+01 -1.5945e+02 -6.8469e+03 1.4593e+01 1.4975e+04
-3.4198e+06 7.9186e+01 -1.0966e+02 -6.8045e+03 1.4677e+01 1.5053e+04
-3.4760e+06 7.9746e+01 -6.0044e+01 -6.7619e+03 -4.1301e-01 1.5129e+04
-3.5376e+06 8.0100e+01 -1.0612e+01 -6.7193e+03 -1.3222e+01 1.5207e+04
-3.4590e+06 8.0535e+01 3.8631e+01 -6.6768e+03 1.1487e+00 1.5283e+04
-3.3670e+06 8.1379e+01 8.7681e+01 -6.6342e+03 2.5006e+01 1.5358e+04
-3.2862e+06 8.2383e+01 1.3653e+02 -6.5916e+03 2.6227e+01 1.5423e+04
-3.4988e+06 8.2854e+01 1.8518e+02 -6.5491e+03 -2.3163e+01 1.5496e+04
-3.5621e+06 8.2811e+01 2.3362e+02 -6.5066e+03 -5.1598e+01 1.5559e+04
-3.4349e+06 8.3291e+01 2.8184e+02 -6.4642e+03 -1.4959e+01 1.5643e+04
-3.8174e+06 6.0767e+01 -1.3900e+03 -7.7332e+03 -8.9556e-01 1.2843e+04
-3.8282e+06 6.0877e+01 -1.3380e+03 -7.6964e+03 -7.1327e-02 1.2962e+04
-3.8100e+06 6.1178e+01 -1.2861e+03 -7.6592e+03 5.6273e-01 1.3064e+04
-3.8032e+06 6.1829e+01 -1.2341e+03 -7.6215e+03 -1.5404e+00 1.3171e+04
-3.7647e+06 6.3178e+01 -1.1821e+03 -7.5834e+03 -2.4494e+00 1.3277e+04
-3.7031e+06 6.5538e+01 -1.1302e+03 -7.5449e+03 -1.1770e+00 1.3382e+04
-3.6385e+06 6.8328e+01 -1.0783e+03 -7.5061e+03 4.4267e-01 1.3485e+04
-3.5984e+06 7.0359e+01 -1.0265e+03 -7.4668e+03 -5.7893e-01 1.3588e+04
-3.5789e+06 7.1428e+01 -9.7472e+02 -7.4273e+03 -2.4433e+00 1.3691e+04
-3.5670e+06 7.2079e+01 -9.2300e+02 -7.3874e+03 -2.6680e+00 1.3792e+04
-3.5638e+06 7.2584e+01 -8.7135e+02 -7.3471e+03 -2.5528e+00 1.3891e+04
-3.5563e+06 7.3249e+01 -8.1978e+02 -7.3066e+03 -2.9440e+00 1.3988e+04
-3.5464e+06 7.4248e+01 -7.6829e+02 -7.2658e+03 -3.0232e+00 1.4084e+04
-3.5271e+06 7.5221e+01 -7.1690e+02 -7.2248e+03 -3.2519e+00 1.4179e+04
-3.5245e+06 7.5849e+01 -6.6561e+02 -7.1835e+03 -3.6089e+00 1.4273e+04
-3.5029e+06 7.6320e+01 -6.1442e+02 -7.1420e+03 3.3825e-01 1.4365e+04
-3.4706e+06 7.6935e+01 -5.6335e+02 -7.1002e+03 3.6252e+00 1.4455e+04
-3.4657e+06 7.7562e+01 -5.1239e+02 -7.0583e+03 -3.8554e-01 1.4544e+04
-3.4825e+06 7.8068e+01 -4.6157e+02 -7.0163e+03 -5.1375e+00 1.4632e+04
-3.4933e+06 7.8769e+01 -4.1088e+02 -6.9740e+03 -1.3003e+00 1.4719e+04
-3.4388e+06 7.9714e+01 -3.6033e+02 -6.9317e+03 9.9131e+00 1.4805e+04
-3.4111e+06 8.0420e+01 -3.0993e+02 -6.8892e+03 1.6391e+01 1.4888e+04
-3.4435e+06 8.0682e+01 -2.5968e+02 -6.8466e+03 7.2361e+00 1.4969e+04
-3.5010e+06 8.0851e+01 -2.0960e+02 -6.8040e+03 -1.1356e+01 1.5048e+04
-3.5265e+06 8.1296e+01 -1.5968e+02 -6.7613e+03 -1.4897e+01 1.5130e+04
-3.4135e+06 8.1917e+01 -1.0993e+02 -6.7185e+03 1.1947e+01 1.5210e+04
-3.3233e+06 8.2343e+01 -6.0357e+01 -6.6758e+03 2.5994e+01 1.5284e+04
-3.3979e+06 8.2828e+01 -1.0971e+01 -6.6330e+03 3.9776e+00 1.5354e+04
-3.5341e+06 8.4190e+01 3.8226e+01 -6.5902e+03 -4.6033e+01 1.5429e+04
-3.5298e+06 8.6102e+01 8.7228e+01 -6.5474e+03 -3.7562e+01 1.5508e+04
-3.2260e+06 8.6834e+01 1.3603e+02 -6.5047e+03 2.7467e+01 1.5590e+04
-3.0033e+06 8.6471e+01 1.8463e+02 -6.4620e+03 7.8207e+01 1.5630e+04
-3.2873e+06 8.7762e+01 2.3301e+02 -6.4194e+03 -1.5384e+01 1.5693e+04
-3.7942e+06 6.2006e+01 -1.4418e+03 -7.6954e+03 -7.6818e-01 1.2911e+04
-3.7951e+06 6.2139e+01 -1.3898e+03 -7.6584e+03 9.8804e-02 1.3030e+04
-3.7926e+06 6.2421e+01 -1.3378e+03 -7.6209e+03 1.4830e+00 1.3132e+04
-3.7769e+06 6.2903e+01 -1.2858e+03 -7.5830e+03 -3.7486e-01 1.3240e+04
-3.7622e+06 6.3894e+01 -1.2338e+03 -7.5446e+03 -2.4086e+00 1.3347e+04
-3.7033e+06 6.6064e+01 -1.1819e+03 -7.5059e+03 -2.3350e+00 1.3451e+04
-3.6302e+06 6.9312e+01 -1.1300e+03 -7.4668e+03 2.7875e-01 1.3553e+04
-3.5643e+06 7.2287e+01 -1.0781e+03 -7.4273e+03 8.4122e-01 1.3657e+04
-3.5287e+06 7.4126e+01 -1.0263e+03 -7.3875e+03 -1.2473e+00 1.3761e+04
-3.5157e+06 7.5072e+01 -9.7452e+02 -7.3473e+03 -2.5185e+00 1.3862e+04
-3.5103e+06 7.5596e+01 -9.2282e+02 -7.3069e+03 -2.7863e+00 1.3962e+04
-3.5013e+06 7.6277e+01 -8.7120e+02 -7.2661e+03 -1.5592e+00 1.4060e+04
-3.4811e+06 7.7243e+01 -8.1965e+02 -7.2251e+03 -2.9882e-01 1.4156e+04
-3.4751e+06 7.8020e+01 -7.6818e+02 -7.1838e+03 2.4663e+00 1.4252e+04
-3.4553e+06 7.8454e+01 -7.1682e+02 -7.1423e+03 5.1607e+00 1.4345e+04
-3.4677e+06 7.8815e+01 -6.6555e+02 -7.1005e+03 2.2457e+00 1.4437e+04
-3.4876e+06 7.9259e+01 -6.1439e+02 -7.0585e+03 -3.0269e+00 1.4528e+04
-3.4684e+06 7.9732e+01 -5.6335e+02 -7.0164e+03 4.6133e-02 1.4618e+04
-3.4318e+06 8.0210e+01 -5.1243e+02 -6.9741e+03 1.1740e+01 1.4707e+04
-3.4070e+06 8.0841e+01 -4.6164e+02 -6.9316e+03 1.4863e+01 1.4792e+04
-3.4742e+06 8.1693e+01 -4.1098e+02 -6.8891e+03 -1.7838e+00 1.4877e+04
-3.5062e+06 8.2411e+01 -3.6047e+02 -6.8464e+03 -1.3693e+01 1.4962e+04
-3.4590e+06 8.2596e+01 -3.1011e+02 -6.8036e+03 -5.2446e+00 1.5047e+04
-3.3531e+06 8.2755e+01 -2.5990e+02 -6.7607e+03 2.1342e+01 1.5127e+04
-3.3125e+06 8.3891e+01 -2.0985e+02 -6.7178e+03 1.7770e+01 1.5203e+04
-3.4509e+06 8.5643e+01 -1.5998e+02 -6.6748e+03 -1.7002e+01 1.5279e+04
-3.5985e+06 8.6489e+01 -1.1027e+02 -6.6318e+03 -5.8126e+01 1.5361e+04
-3.3772e+06 8.6903e+01 -6.0748e+01 -6.5888e+03 -7.1629e-01 1.5440e+04
-3.1497e+06 8.9314e+01 -1.1408e+01 -6.5459e+03 3.7477e+01 1.5521e+04
-2.9060e+06 9.3439e+01 3.7741e+01 -6.5029e+03 8.9250e+01 1.5560e+04
-3.5386e+06 9.5568e+01 8.6693e+01 -6.4600e+03 -1.0379e+02 1.5649e+04
-3.5017e+06 9.5171e+01 1.3544e+02 -6.4171e+03 -3.8284e+01 1.5691e+04
-3.5767e+06 9.6878e+01 1.8399e+02 -6.3743e+03 -2.1068e+02 1.5897e+04
-3.7583e+06 6.3240e+01 -1.4935e+03 -7.6573e+03 -3.6573e-01 1.2978e+04
-3.7715e+06 6.3435e+01 -1.4415e+03 -7.6200e+03 1.3528e-01 1.3098e+04
-3.7543e+06 6.3756e+01 -1.3895e+03 -7.5823e+03 9.1035e-01 1.3200e+04
-3.7544e+06 6.4154e+01 -1.3375e+03 -7.5441e+03 -1.3960e+00 1.3308e+04
-3.7406e+06 6.4731e+01 -1.2856e+03 -7.5055e+03 -2.5521e+00 1.3415e+04
-3.7033e+06 6.6247e+01 -1.2336e+03 -7.4665e+03 -2.7568e+00 1.3521e+04
-3.6416e+06 6.9349e+01 -1.1817e+03 -7.4272e+03 -8.6498e-01 1.3622e+04
-3.5626e+06 7.3214e+01 -1.1298e+03 -7.3875e+03 1.1419e-01 1.3725e+04
-3.5018e+06 7.6228e+01 -1.0779e+03 -7.3474e+03 -1.1995e+00 1.3830e+04
-3.4673e+06 7.7716e+01 -1.0261e+03 -7.3070e+03 -1.5613e-01 1.3933e+04
-3.4616e+06 7.8285e+01 -9.7438e+02 -7.2663e+03 1.3698e+00 1.4032e+04
-3.4561e+06 7.8882e+01 -9.2270e+02 -7.2253e+03 1.5410e+00 1.4130e+04
-3.4598e+06 7.9607e+01 -8.7109e+02 -7.1840e+03 2.8617e+00 1.4227e+04
-3.4544e+06 8.0078e+01 -8.1957e+02 -7.1425e+03 2.5459e+00 1.4322e+04
-3.4857e+06 8.0416e+01 -7.6813e+02 -7.1007e+03 8.3139e-02 1.4416e+04
-3.4520e+06 8.0811e+01 -7.1679e+02 -7.0587e+03 6.8015e+00 1.4509e+04
-3.4115e+06 8.1252e+01 -6.6555e+02 -7.0165e+03 1.4656e+01 1.4601e+04
-3.4284e+06 8.1766e+01 -6.1442e+02 -6.9742e+03 6.9550e+00 1.4689e+04
-3.4891e+06 8.2290e+01 -5.6341e+02 -6.9316e+03 -1.2672e+01 1.4777e+04
-3.5095e+06 8.2961e+01 -5.1253e+02 -6.8889e+03 -1.4112e+01 1.4867e+04
-3.3891e+06 8.4153e+01 -4.6177e+02 -6.8461e+03 6.8599e+00 1.4954e+04
-3.3002e+06 8.5356e+01 -4.1115e+02 -6.8032e+03 2.1340e+01 1.5036e+04
-3.3851e+06 8.5593e+01 -3.6068e+02 -6.7602e+03 -5.2664e+00 1.5115e+04
-3.5009e+06 8.6027e+01 -3.1036e+02 -6.7171e+03 -3.9522e+01 1.5196e+04
-3.5587e+06 8.8962e+01 -2.6019e+02 -6.6740e+03 -5.0116e+01 1.5284e+04
-3.1725e+06 9.3301e+01 -2.1019e+02 -6.6308e+03 3.4318e+01 1.5367e+04
-3.0437e+06 9.5340e+01 -1.6035e+02 -6.5876e+03 4.6598e+01 1.5435e+04
-3.0907e+06 9.5581e+01 -1.1069e+02 -6.5444e+03 3.9810e+01 1.5493e+04
-3.7025e+06 9.8583e+01 -6.1216e+01 -6.5012e+03 -1.8143e+02 1.5555e+04
-3.2616e+06 1.0456e+02 -1.1925e+01 -6.4581e+03 3.2586e+00 1.5626e+04
-3.1759e+06 1.0833e+02 3.7175e+01 -6.4150e+03 -4.4934e+01 1.5824e+04
-1.6190e+06 1.0856e+02 8.6077e+01 -6.3719e+03 4.8706e+02 1.5651e+04
-4.1086e+06 1.1040e+02 1.3478e+02 -6.3289e+03 -7.6211e+02 1.5743e+04
-3.7429e+06 6.4397e+01 -1.5453e+03 -7.6189e+03 -1.1108e+00 1.3044e+04
-3.7377e+06 6.4674e+01 -1.4933e+03 -7.5813e+03 -4.6823e-01 1.3164e+04
-3.7303e+06 6.5087e+01 -1.4413e+03 -7.5433e+03 5.8780e-01 1.3267e+04
-3.7136e+06 6.5537e+01 -1.3893e+03 -7.5049e+03 -1.3145e+00 1.3375e+04
-3.7176e+06 6.5911e+01 -1.3373e+03 -7.4661e+03 -2.6007e+00 1.3483e+04
-3.7008e+06 6.6683e+01 -1.2854e+03 -7.4269e+03 -3.9125e+00 1.3589e+04
-3.6573e+06 6.8897e+01 -1.2334e+03 -7.3873e+03 -2.1121e+00 1.3691e+04
-3.5742e+06 7.2797e+01 -1.1815e+03 -7.3473e+03 7.8364e-01 1.3793e+04
-3.4959e+06 7.6878e+01 -1.1296e+03 -7.3070e+03 1.2326e+00 1.3899e+04
-3.4568e+06 7.9391e+01 -1.0778e+03 -7.2663e+03 1.4025e+00 1.4002e+04
-3.4457e+06 8.0382e+01 -1.0260e+03 -7.2254e+03 2.7041e+00 1.4102e+04
-3.4411e+06 8.1002e+01 -9.7428e+02 -7.1841e+03 6.0593e+00 1.4200e+04
-3.4370e+06 8.1565e+01 -9.2263e+02 -7.1426e+03 6.8285e+00 1.4297e+04
-3.4550e+06 8.1868e+01 -8.7104e+02 -7.1009e+03 7.8754e+00 1.4393e+04
-3.4131e+06 8.2203e+01 -8.1954e+02 -7.0588e+03 8.7675e+00 1.4487e+04
-3.4504e+06 8.2826e+01 -7.6813e+02 -7.0166e+03 -3.4156e+00 1.4579e+04
-3.5027e+06 8.3735e+01 -7.1682e+02 -6.9742e+03 -1.8836e+01 1.4672e+04
-3.4495e+06 8.4743e+01 -6.6561e+02 -6.9316e+03 -1.0084e+01 1.4765e+04
-3.3378e+06 8.5524e+01 -6.1452e+02 -6.8888e+03 1.6111e+01 1.4854e+04
-3.2723e+06 8.6601e+01 -5.6354e+02 -6.8459e+03 1.9417e+01 1.4936e+04
-3.4223e+06 8.8917e+01 -5.1269e+02 -6.8029e+03 -2.0118e+01 1.5021e+04
-3.4757e+06 9.1462e+01 -4.6197e+02 -6.7597e+03 -3.9867e+01 1.5110e+04
-3.3485e+06 9.2403e+01 -4.1139e+02 -6.7165e+03 -1.1627e+01 1.5198e+04
-3.0629e+06 9.3525e+01 -3.6096e+02 -6.6732e+03 6.2420e+01 1.5281e+04
-2.9698e+06 9.8280e+01 -3.1067e+02 -6.6299e+03 3.9866e+01 1.5336e+04
-3.2519e+06 1.0491e+02 -2.6055e+02 -6.5865e+03 -9.5427e+01 1.5356e+04
-3.6026e+06 1.0819e+02 -2.1059e+02 -6.5431e+03 -2.4766e+02 1.5487e+04
-3.0689e+06 1.0846e+02 -1.6080e+02 -6.4997e+03 -1.6446e+01 1.5649e+04
-2.7005e+06 1.1096e+02 -1.1119e+02 -6.4563e+03 1.5116e+02 1.5641e+04
-2.1450e+06 1.1640e+02 -6.1762e+01 -6.4129e+03 3.0089e+02 1.5535e+04
-3.9244e+06 1.2043e+02 -1.2520e+01 -6.3696e+03 -6.6877e+02 1.5654e+04
-3.2645e+06 1.2183e+02 3.6529e+01 -6.3264e+03 -4.2883e+02 1.5628e+04
-4.2694e+06 1.2413e+02 8.5379e+01 -6.2833e+03 -1.0750e+03 1.5829e+04
-3.7070e+06 6.5639e+01 -1.5970e+03 -7.5801e+03 -1.7669e+00 1.3109e+04
-3.7173e+06 6.5977e+01 -1.5451e+03 -7.5424e+03 -7.4647e-01 1.3230e+04
-3.6955e+06 6.6481e+01 -1.4931e+03 -7.5041e+03 2.3858e-01 1.3333e+04
-3.6930e+06 6.6990e+01 -1.4411e+03 -7.4655e+03 -1.9460e+00 1.3441e+04
-3.6852e+06 6.7306e+01 -1.3892e+03 -7.4264e+03 -1.9903e+00 1.3550e+04
-3.6742e+06 6.7706e+01 -1.3372e+03 -7.3869e+03 -2.6808e+00 1.3656e+04
-3.6558e+06 6.9178e+01 -1.2852e+03 -7.3471e+03 -3.4242e+00 1.3758e+04
-3.5964e+06 7.2500e+01 -1.2333e+03 -7.3068e+03 -1.1208e+00 1.3861e+04
-3.5149e+06 7.6870e+01 -1.1814e+03 -7.2663e+03 2.1529e+00 1.3966e+04
-3.4502e+06 8.0349e+01 -1.1295e+03 -7.2254e+03 4.5244e+00 1.4071e+04
-3.4312e+06 8.2164e+01 -1.0777e+03 -7.1842e+03 4.1276e+00 1.4171e+04
-3.4327e+06 8.3161e+01 -1.0259e+03 -7.1427e+03 1.0929e+00 1.4269e+04
-3.4459e+06 8.3822e+01 -9.7424e+02 -7.1010e+03 -1.2449e+00 1.4367e+04
-3.4292e+06 8.4068e+01 -9.2260e+02 -7.0589e+03 -7.9029e+00 1.4462e+04
-3.4854e+06 8.4565e+01 -8.7104e+02 -7.0167e+03 -1.5845e+01 1.4557e+04
-3.3904e+06 8.6055e+01 -8.1957e+02 -6.9742e+03 -2.5417e-01 1.4654e+04
-3.2618e+06 8.8306e+01 -7.6819e+02 -6.9316e+03 2.1941e+01 1.4745e+04
-3.2929e+06 9.0332e+01 -7.1691e+02 -6.8887e+03 8.2236e+00 1.4831e+04
-3.4432e+06 9.1645e+01 -6.6573e+02 -6.8458e+03 -3.4749e+01 1.4919e+04
-3.4737e+06 9.3515e+01 -6.1467e+02 -6.8026e+03 -3.6953e+01 1.5013e+04
-3.1512e+06 9.7199e+01 -5.6373e+02 -6.7594e+03 2.3308e+01 1.5107e+04
-2.9449e+06 1.0117e+02 -5.1291e+02 -6.7160e+03 6.0245e+01 1.5178e+04
-3.1282e+06 1.0333e+02 -4.6223e+02 -6.6726e+03 -1.9466e+01 1.5223e+04
-3.4487e+06 1.0552e+02 -4.1169e+02 -6.6290e+03 -1.8049e+02 1.5276e+04
-3.5055e+06 1.1073e+02 -3.6130e+02 -6.5855e+03 -2.1222e+02 1.5400e+04
-2.7657e+06 1.1689e+02 -3.1106e+02 -6.5419e+03 5.5380e+01 1.5490e+04
-2.3452e+06 1.1990e+02 -2.6098e+02 -6.4983e+03 1.8533e+02 1.5522e+04
-2.8283e+06 1.2064e+02 -2.1107e+02 -6.4547e+03 -1.0551e+02 1.5525e+04
-3.9294e+06 1.2285e+02 -1.6133e+02 -6.4111e+03 -7.1737e+02 1.5551e+04
-3.7231e+06 1.2678e+02 -1.1176e+02 -6.3676e+03 -4.8220e+02 1.5683e+04
-2.1682e+06 1.3015e+02 -6.2385e+01 -6.3241e+03 1.1236e+02 1.5793e+04
-4.1180e+05 1.3284e+02 -1.3194e+01 -6.2806e+03 5.4778e+02 1.5306e+04
-3.5196e+06 1.3646e+02 3.5803e+01 -6.2373e+03 -1.8373e+03 1.5042e+04
-3.6824e+06 6.7256e+01 -1.6488e+03 -7.5411e+03 -1.4853e+00 1.3172e+04
-3.6766e+06 6.7601e+01 -1.5968e+03 -7.5031e+03 -1.4770e+00 1.3293e+04
-3.6691e+06 6.8137e+01 -1.5449e+03 -7.4646e+03 -7.7127e-01 1.3398e+04
-3.6490e+06 6.8658e+01 -1.4929e+03 -7.4257e+03 -2.4091e+00 1.3506e+04
-3.6592e+06 6.8927e+01 -1.4410e+03 -7.3864e+03 -3.7976e+00 1.3615e+04
-3.6616e+06 6.9284e+01 -1.3890e+03 -7.3467e+03 -5.7602e+00 1.3722e+04
-3.6357e+06 7.0628e+01 -1.3371e+03 -7.3066e+03 -4.0164e+00 1.3826e+04
-3.5708e+06 7.3561e+01 -1.2851e+03 -7.2661e+03 1.1057e+00 1.3929e+04
-3.5110e+06 7.7600e+01 -1.2332e+03 -7.2253e+03 2.2452e+00 1.4035e+04
-3.4666e+06 8.1383e+01 -1.1813e+03 -7.1842e+03 -2.7422e+00 1.4138e+04
-3.4291e+06 8.4066e+01 -1.1295e+03 -7.1427e+03 -4.8736e+00 1.4240e+04
-3.3851e+06 8.6088e+01 -1.0777e+03 -7.1010e+03 -2.9071e-01 1.4339e+04
-3.3532e+06 8.7405e+01 -1.0259e+03 -7.0590e+03 -4.4735e-01 1.4436e+04
-3.3795e+06 8.7636e+01 -9.7424e+02 -7.0167e+03 2.7647e+00 1.4533e+04
-3.2805e+06 8.8530e+01 -9.2263e+02 -6.9743e+03 1.1315e+01 1.4627e+04
-3.3421e+06 9.1959e+01 -8.7110e+02 -6.9316e+03 -1.0471e+01 1.4715e+04
-3.4344e+06 9.6588e+01 -8.1965e+02 -6.8887e+03 -4.6709e+01 1.4806e+04
-3.3091e+06 9.9753e+01 -7.6830e+02 -6.8456e+03 -2.6194e+01 1.4909e+04
-3.0321e+06 1.0142e+02 -7.1705e+02 -6.8024e+03 5.1130e+01 1.5007e+04
-2.9127e+06 1.0398e+02 -6.6591e+02 -6.7590e+03 4.1251e+01 1.5046e+04
-3.2788e+06 1.0825e+02 -6.1489e+02 -6.7156e+03 -1.2509e+02 1.5092e+04
-3.4451e+06 1.1235e+02 -5.6398e+02 -6.6720e+03 -2.4140e+02 1.5220e+04
-3.1096e+06 1.1500e+02 -5.1320e+02 -6.6283e+03 -1.0516e+02 1.5348e+04
-2.5082e+06 1.1786e+02 -4.6256e+02 -6.5846e+03 1.6844e+02 1.5362e+04
-2.3424e+06 1.2235e+02 -4.1206e+02 -6.5408e+03 7.6500e+01 1.5304e+04
-3.3892e+06 1.2666e+02 -3.6172e+02 -6.4970e+03 -5.0521e+02 1.5372e+04
-4.0828e+06 1.2893e+02 -3.1152e+02 -6.4532e+03 -8.4467e+02 1.5569e+04
-3.0642e+06 1.3036e+02 -2.6149e+02 -6.4094e+03 -3.0864e+02 1.5704e+04
-1.2797e+06 1.3283e+02 -2.1162e+02 -6.3656e+03 4.8096e+02 1.5590e+04
-1.2189e+06 1.3669e+02 -1.6193e+02 -6.3219e+03 8.6359e+01 1.5129e+04
-4.5057e+06 1.4074e+02 -1.1241e+02 -6.2782e+03 -2.0321e+03 1.4848e+04
-6.1733e+06 1.4379e+02 -6.3085e+01 -6.2346e+03 -3.7085e+03 1.4470e+04
-2.7795e+06 1.4515e+02 -1.3946e+01 -6.1911e+03 -3.8096e+03 1.4792e+04
-3.6204e+06 6.9414e+01 -1.7005e+03 -7.5019e+03 1.0450e+00 1.3234e+04
-3.6362e+06 6.9804e+01 -1.6486e+03 -7.4636e+03 -1.5864e+00 1.3352e+04
-3.6205e+06 7.0371e+01 -1.5967e+03 -7.4248e+03 -3.6746e+00 1.3461e+04
-3.6196e+06 7.0933e+01 -1.5448e+03 -7.3857e+03 -5.1819e+00 1.3571e+04
-3.6097e+06 7.1210e+01 -1.4928e+03 -7.3461e+03 -3.5704e+00 1.3681e+04
-3.6043e+06 7.1652e+01 -1.4409e+03 -7.3061e+03 -1.5581e+00 1.3787e+04
-3.5942e+06 7.3018e+01 -1.3889e+03 -7.2658e+03 -3.4189e+00 1.3892e+04
-3.5709e+06 7.5530e+01 -1.3370e+03 -7.2251e+03 -4.1274e+00 1.3997e+04
-3.5058e+06 7.8945e+01 -1.2850e+03 -7.1840e+03 -1.2058e+00 1.4102e+04
-3.4235e+06 8.2856e+01 -1.2331e+03 -7.1427e+03 3.5240e+00 1.4206e+04
-3.3626e+06 8.7003e+01 -1.1813e+03 -7.1010e+03 2.7193e+00 1.4305e+04
-3.3385e+06 9.1376e+01 -1.1294e+03 -7.0590e+03 -4.9282e+00 1.4405e+04
-3.3297e+06 9.4534e+01 -1.0777e+03 -7.0168e+03 -6.1775e+00 1.4502e+04
-3.3040e+06 9.5094e+01 -1.0259e+03 -6.9743e+03 -1.5474e+01 1.4597e+04
-3.4093e+06 9.6175e+01 -9.7429e+02 -6.9316e+03 -2.6897e+01 1.4691e+04
-3.1781e+06 1.0127e+02 -9.2271e+02 -6.8886e+03 1.5599e+01 1.4795e+04
-2.8778e+06 1.0778e+02 -8.7121e+02 -6.8455e+03 6.0329e+01 1.4863e+04
-2.9902e+06 1.1146e+02 -8.1979e+02 -6.8022e+03 -3.2233e+01 1.4909e+04
-3.3600e+06 1.1308e+02 -7.6847e+02 -6.7588e+03 -2.3829e+02 1.4993e+04
-3.4254e+06 1.1585e+02 -7.1726e+02 -6.7152e+03 -2.7704e+02 1.5116e+04
-2.7495e+06 1.1980e+02 -6.6615e+02 -6.6715e+03 -4.1520e+01 1.5206e+04
-2.3827e+06 1.2305e+02 -6.1516e+02 -6.6277e+03 7.5945e+01 1.5227e+04
-2.8804e+06 1.2556e+02 -5.6429e+02 -6.5838e+03 -2.8716e+02 1.5211e+04
-3.8517e+06 1.2862e+02 -5.1356e+02 -6.5399e+03 -9.3557e+02 1.5241e+04
-3.9789e+06 1.3235e+02 -4.6296e+02 -6.4959e+03 -9.6389e+02 1.5423e+04
-2.0783e+06 1.3557e+02 -4.1250e+02 -6.4519e+03 -1.9273e+02 1.5540e+04
-8.1704e+05 1.3804e+02 -3.6220e+02 -6.4079e+03 1.8940e+02 1.5317e+04
-2.6587e+06 1.4068e+02 -3.1205e+02 -6.3639e+03 -1.2088e+03 1.4948e+04
-5.5466e+06 1.4361e+02 -2.6206e+02 -6.3199e+03 -2.8259e+03 1.4613e+04
-5.6692e+06 1.4625e+02 -2.1224e+02 -6.2760e+03 -3.5233e+03 1.4412e+04
6.2197e+05 1.4658e+02 -1.6260e+02 -6.2321e+03 -1.1080e+03 1.4138e+04
5.3770e+06 1.4204e+02 -1.1314e+02 -6.1883e+03 2.4047e+04 1.8400e+04
3.0823e+06 1.3386e+02 -6.3862e+01 -6.1446e+03 8.1755e+04 1.1512e+04
-3.5795e+06 7.2068e+01 -1.7522e+03 -7.4623e+03 -6.7202e-01 1.3298e+04
-3.5753e+06 7.2568e+01 -1.7004e+03 -7.4238e+03 -2.9763e+00 1.3413e+04
-3.5745e+06 7.3228e+01 -1.6485e+03 -7.3848e+03 -1.2434e+00 1.3524e+04
-3.5503e+06 7.3864e+01 -1.5966e+03 -7.3454e+03 -8.2188e-01 1.3634e+04
-3.5682e+06 7.4158e+01 -1.5447e+03 -7.3056e+03 -3.7386e+00 1.3744e+04
-3.5748e+06 7.4629e+01 -1.4927e+03 -7.2654e+03 -5.9766e+00 1.3851e+04
-3.5526e+06 7.5772e+01 -1.4408e+03 -7.2248e+03 -1.9182e+00 1.3957e+04
-3.5037e+06 7.7458e+01 -1.3888e+03 -7.1838e+03 4.5652e+00 1.4063e+04
-3.4835e+06 7.9938e+01 -1.3369e+03 -7.1425e+03 4.3350e+00 1.4167e+04
-3.4637e+06 8.4189e+01 -1.2850e+03 -7.1009e+03 -4.2275e+00 1.4269e+04
-3.3814e+06 9.0974e+01 -1.2331e+03 -7.0590e+03 -6.0251e+00 1.4369e+04
-3.2184e+06 9.9371e+01 -1.1813e+03 -7.0168e+03 1.3154e+00 1.4465e+04
-3.0975e+06 1.0556e+02 -1.1295e+03 -6.9743e+03 -1.2311e+01 1.4561e+04
-3.0991e+06 1.0700e+02 -1.0777e+03 -6.9316e+03 5.4656e+00 1.4683e+04
-2.9346e+06 1.0787e+02 -1.0260e+03 -6.8886e+03 1.7941e+01 1.4744e+04
-3.1506e+06 1.1271e+02 -9.7439e+02 -6.8455e+03 -1.5244e+02 1.4756e+04
-3.4377e+06 1.1880e+02 -9.2283e+02 -6.8021e+03 -3.6418e+02 1.4860e+04
-3.1766e+06 1.2204e+02 -8.7136e+02 -6.7586e+03 -2.8135e+02 1.5019e+04
-2.5122e+06 1.2378e+02 -8.1998e+02 -6.7149e+03 2.5043e+01 1.5080e+04
-2.3671e+06 1.2691e+02 -7.6870e+02 -6.6711e+03 -9.8949e+01 1.4996e+04
-3.4017e+06 1.3090e+02 -7.1752e+02 -6.6272e+03 -8.2248e+02 1.4963e+04
-3.9625e+06 1.3404e+02 -6.6645e+02 -6.5832e+03 -1.3583e+03 1.5149e+04
-2.9821e+06 1.3658e+02 -6.1549e+02 -6.5391e+03 -9.3195e+02 1.5340e+04
-1.2490e+06 1.3959e+02 -5.6467e+02 -6.4950e+03 -1.9381e+02 1.5246e+04
-9.6858e+05 1.4314e+02 -5.1397e+02 -6.4508e+03 -7.5130e+02 1.4782e+04
-4.3648e+06 1.4622e+02 -4.6342e+02 -6.4066e+03 -3.2961e+03 1.4626e+04
-6.1100e+06 1.4802e+02 -4.1301e+02 -6.3624e+03 -4.9644e+03 1.4627e+04
-3.4251e+06 1.4811e+02 -3.6275e+02 -6.3182e+03 -4.7116e+03 1.4616e+04
3.9483e+06 1.4509e+02 -3.1265e+02 -6.2740e+03 6.1832e+03 1.5357e+04
4.8537e+06 1.3783e+02 -2.6271e+02 -6.2299e+03 4.7780e+04 1.6759e+04
2.7000e+06 1.2701e+02 -2.1294e+02 -6.1858e+03 1.1853e+05 -2.4337e+03
-1.5446e+05 1.1719e+02 -1.6335e+02 -6.1419e+03 2.1176e+05 -1.5013e+04
-6.9857e+06 1.1415e+02 9.8659e+02 -5.8223e+03 3.1608e+05 -1.5674e+04
-3.5231e+06 7.4910e+01 -1.8039e+03 -7.4226e+03 -4.6123e+00 1.3360e+04
-3.5266e+06 7.5420e+01 -1.7521e+03 -7.3838e+03 -8.2764e-01 1.3475e+04
-3.5164e+06 7.6090e+01 -1.7003e+03 -7.3445e+03 -4.0391e+00 1.3585e+04
-3.5282e+06 7.6712e+01 -1.6484e+03 -7.3049e+03 -5.4450e+00 1.3697e+04
-3.4998e+06 7.7007e+01 -1.5965e+03 -7.2648e+03 -9.6914e-01 1.3807e+04
-3.4937e+06 7.7460e+01 -1.5446e+03 -7.2243e+03 3.4633e+00 1.3914e+04
-3.5044e+06 7.8320e+01 -1.4927e+03 -7.1835e+03 3.3256e-01 1.4020e+04
-3.5451e+06 7.9249e+01 -1.4407e+03 -7.1423e+03 -3.8408e+00 1.4126e+04
-3.5155e+06 8.0708e+01 -1.3888e+03 -7.1008e+03 2.6412e+00 1.4232e+04
-3.4147e+06 8.4633e+01 -1.3369e+03 -7.0589e+03 1.4620e+01 1.4333e+04
-3.2728e+06 9.3311e+01 -1.2850e+03 -7.0167e+03 1.2613e+01 1.4433e+04
-3.2003e+06 1.0584e+02 -1.2331e+03 -6.9743e+03 -5.1483e+01 1.4480e+04
-3.1354e+06 1.1595e+02 -1.1813e+03 -6.9316e+03 -1.6189e+02 1.4556e+04
-3.1083e+06 1.1927e+02 -1.1295e+03 -6.8886e+03 -2.6708e+02 1.4710e+04
-3.3186e+06 1.2013e+02 -1.0778e+03 -6.8455e+03 -3.1272e+02 1.4816e+04
-2.8690e+06 1.2359e+02 -1.0261e+03 -6.8021e+03 -1.6000e+02 1.4853e+04
-2.2852e+06 1.2805e+02 -9.7454e+02 -6.7585e+03 2.3046e+01 1.4894e+04
-2.6657e+06 1.3096e+02 -9.2301e+02 -6.7147e+03 -2.9482e+02 1.4914e+04
-3.7803e+06 1.3350e+02 -8.7157e+02 -6.6709e+03 -1.1114e+03 1.4865e+04
-3.9005e+06 1.3744e+02 -8.2023e+02 -6.6268e+03 -1.4356e+03 1.4915e+04
-1.9900e+06 1.4221e+02 -7.6898e+02 -6.5827e+03 -9.4828e+02 1.4946e+04
-1.0015e+06 1.4637e+02 -7.1783e+02 -6.5385e+03 -1.0441e+03 1.4749e+04
-2.7197e+06 1.4963e+02 -6.6680e+02 -6.4942e+03 -3.4873e+03 1.4327e+04
-5.6265e+06 1.5195e+02 -6.1589e+02 -6.4498e+03 -7.0410e+03 1.4197e+04
-5.8250e+06 1.5255e+02 -5.6511e+02 -6.4054e+03 -8.7486e+03 1.4925e+04
1.9538e+05 1.4988e+02 -5.1445e+02 -6.3610e+03 -6.4856e+03 1.4831e+04
5.5841e+06 1.4299e+02 -4.6394e+02 -6.3166e+03 1.8391e+04 1.7588e+04
3.4998e+06 1.3257e+02 -4.1358e+02 -6.2722e+03 7.7450e+04 9.7803e+03
1.8262e+06 1.1902e+02 -3.6337e+02 -6.2279e+03 1.6128e+05 -1.4851e+04
-3.6565e+06 1.0361e+02 -8.6229e+00 -6.1050e+03 2.6662e+05 -1.9833e+04
-1.0101e+07 9.3918e+01 1.5641e+03 -5.6763e+03 3.6768e+05 -3.0490e+04
-1.2609e+07 9.9938e+01 3.1093e+03 -5.2683e+03 4.4048e+05 -4.6064e+04
-1.1022e+07 1.1859e+02 4.6237e+03 -4.8818e+03 4.8481e+05 -3.8756e+04
-3.4923e+06 7.7545e+01 -1.8556e+03 -7.3826e+03 -6.4366e+00 1.3420e+04
-3.4718e+06 7.7969e+01 -1.8038e+03 -7.3435e+03 -1.1501e-01 1.3538e+04
-3.4692e+06 7.8533e+01 -1.7521e+03 -7.3040e+03 1.6063e+00 1.3645e+04
-3.4434e+06 7.9043e+01 -1.7002e+03 -7.2641e+03 3.1060e+00 1.3758e+04
-3.4760e+06 7.9395e+01 -1.6484e+03 -7.2238e+03 -2.1049e+00 1.3866e+04
-3.4989e+06 7.9958e+01 -1.5965e+03 -7.1831e+03 -4.1070e+00 1.3976e+04
-3.4871e+06 8.0736e+01 -1.5446e+03 -7.1420e+03 7.1276e+00 1.4084e+04
-3.4415e+06 8.1326e+01 -1.4926e+03 -7.1006e+03 1.7666e+01 1.4189e+04
-3.4650e+06 8.2064e+01 -1.4407e+03 -7.0588e+03 1.0366e+01 1.4293e+04
-3.5213e+06 8.4717e+01 -1.3888e+03 -7.0167e+03 -1.8595e+01 1.4393e+04
-3.4557e+06 9.2349e+01 -1.3369e+03 -6.9743e+03 -2.2262e+01 1.4500e+04
-3.1426e+06 1.0611e+02 -1.2850e+03 -6.9316e+03 5.3309e+00 1.4522e+04
-2.9122e+06 1.2060e+02 -1.2332e+03 -6.8887e+03 -1.1268e+02 1.4493e+04
-2.7873e+06 1.2855e+02 -1.1814e+03 -6.8455e+03 -2.3969e+02 1.4691e+04
-2.4504e+06 1.3100e+02 -1.1296e+03 -6.8021e+03 -3.2887e+02 1.4837e+04
-3.1843e+06 1.3356e+02 -1.0779e+03 -6.7584e+03 -8.1791e+02 1.4732e+04
-4.1203e+06 1.3709e+02 -1.0263e+03 -6.7146e+03 -1.4591e+03 1.4780e+04
-3.2965e+06 1.4013e+02 -9.7473e+02 -6.6707e+03 -1.2653e+03 1.4939e+04
-1.3454e+06 1.4357e+02 -9.2324e+02 -6.6266e+03 -6.6684e+02 1.4864e+04
-1.0527e+06 1.4876e+02 -8.7184e+02 -6.5823e+03 -1.8603e+03 1.3951e+04
-4.4005e+06 1.5449e+02 -8.2052e+02 -6.5380e+03 -6.9016e+03 1.2902e+04
-5.4421e+06 1.5792e+02 -7.6931e+02 -6.4935e+03 -1.1919e+04 1.2904e+04
-3.0881e+06 1.5741e+02 -7.1821e+02 -6.4490e+03 -1.4148e+04 1.3892e+04
3.9237e+06 1.5191e+02 -6.6722e+02 -6.4045e+03 -6.2912e+03 1.5727e+04
5.4677e+06 1.4103e+02 -6.1635e+02 -6.3599e+03 3.5531e+04 2.1600e+04
2.8290e+06 1.2708e+02 -5.6560e+02 -6.3153e+03 1.1215e+05 3.5510e+03
3.6538e+04 1.1580e+02 -5.1500e+02 -6.2706e+03 2.1349e+05 -1.6265e+04
-6.8571e+06 1.0846e+02 5.7242e+02 -5.9560e+03 3.2628e+05 -2.0555e+04
-1.1315e+07 9.8369e+01 2.1832e+03 -5.5164e+03 4.2016e+05 -4.2056e+04
-1.4073e+07 8.6375e+01 3.7637e+03 -5.0982e+03 4.8256e+05 -4.9066e+04
-8.8910e+06 8.8261e+01 5.3137e+03 -4.7014e+03 5.0743e+05 -4.1827e+04
-1.5312e+06 1.1139e+02 6.8329e+03 -4.3261e+03 5.0909e+05 -4.2954e+04
-2.0396e+05 1.3848e+02 8.3210e+03 -3.9721e+03 5.1044e+05 -4.4762e+04
-3.4301e+06 7.9918e+01 -1.9072e+03 -7.3424e+03 9.2939e-01 1.3479e+04
-3.4446e+06 8.0343e+01 -1.8555e+03 -7.3031e+03 7.0036e+00 1.3598e+04
-3.4557e+06 8.0870e+01 -1.8038e+03 -7.2633e+03 -4.2810e+00 1.3703e+04
-3.4884e+06 8.1313e+01 -1.7520e+03 -7.2232e+03 -4.3425e+00 1.3818e+04
-3.4140e+06 8.1763e+01 -1.7002e+03 -7.1826e+03 1.1341e+01 1.3928e+04
-3.3924e+06 8.2503e+01 -1.6483e+03 -7.1417e+03 2.0888e+01 1.4036e+04
-3.4599e+06 8.3269e+01 -1.5964e+03 -7.1003e+03 2.7113e+00 1.4142e+04
-3.5607e+06 8.3683e+01 -1.5445e+03 -7.0586e+03 -1.9125e+01 1.4249e+04
-3.5164e+06 8.4244e+01 -1.4926e+03 -7.0166e+03 -1.4391e+01 1.4358e+04
-3.3626e+06 8.6194e+01 -1.4407e+03 -6.9743e+03 1.8016e+01 1.4458e+04
-3.2194e+06 9.1507e+01 -1.3888e+03 -6.9316e+03 1.7599e+01 1.4559e+04
-3.3364e+06 1.0284e+02 -1.3370e+03 -6.8887e+03 9.4133e-01 1.4606e+04
-3.2710e+06 1.1958e+02 -1.2851e+03 -6.8455e+03 -1.6249e+02 1.4374e+04
-3.2507e+06 1.3427e+02 -1.2333e+03 -6.8021e+03 -9.4764e+02 1.4188e+04
-3.7402e+06 1.4130e+02 -1.1815e+03 -6.7585e+03 -1.7936e+03 1.4607e+04
-2.3489e+06 1.4431e+02 -1.1298e+03 -6.7146e+03 -1.4643e+03 1.5003e+04
-7.8831e+05 1.4752e+02 -1.0781e+03 -6.6706e+03 -9.4661e+02 1.4800e+04
-2.1342e+06 1.5108e+02 -1.0265e+03 -6.6264e+03 -2.8659e+03 1.4177e+04
-5.5204e+06 1.5467e+02 -9.7498e+02 -6.5821e+03 -8.3597e+03 1.2196e+04
-5.7191e+06 1.5771e+02 -9.2352e+02 -6.5376e+03 -1.4996e+04 1.0851e+04
8.4971e+03 1.5779e+02 -8.7215e+02 -6.4931e+03 -1.7108e+04 1.0683e+04
5.2764e+06 1.5275e+02 -8.2088e+02 -6.4484e+03 6.0259e+03 1.5867e+04
3.8057e+06 1.4251e+02 -7.6970e+02 -6.4037e+03 6.6274e+04 1.5052e+04
2.6855e+06 1.2704e+02 -7.1864e+02 -6.3589e+03 1.5457e+05 -6.9815e+03
-2.9744e+06 1.0950e+02 -4.7634e+02 -6.2631e+03 2.7050e+05 -1.0645e+04
-1.0317e+07 9.9997e+01 1.1983e+03 -5.7922e+03 3.8631e+05 -2.1820e+04
-1.3220e+07 1.0599e+02 2.8436e+03 -5.3426e+03 4.7274e+05 -4.5241e+04
-1.2280e+07 1.1737e+02 4.4590e+03 -4.9143e+03 5.2546e+05 -4.1990e+04
-5.0586e+06 1.1801e+02 6.0443e+03 -4.5074e+03 5.4050e+05 -4.0057e+04
-9.2700e+04 1.1113e+02 7.5991e+03 -4.1220e+03 5.3653e+05 -4.3503e+04
-8.7052e+05 1.1484e+02 9.1227e+03 -3.7567e+03 5.2785e+05 -4.7533e+04
-5.8665e+06 1.3429e+02 1.0616e+04 -3.4143e+03 5.1912e+05 -5.2841e+04
-1.1020e+07 1.5409e+02 1.2079e+04 -3.0968e+03 5.0355e+05 -6.0138e+04
-3.4462e+06 8.2111e+01 -1.9588e+03 -7.3020e+03 9.9998e-01 1.3538e+04
-3.4315e+06 8.2655e+01 -1.9071e+03 -7.2624e+03 5.2247e+00 1.3659e+04
-3.4175e+06 8.3271e+01 -1.8555e+03 -7.2224e+03 9.9890e+00 1.3762e+04
-3.3752e+06 8.3667e+01 -1.8037e+03 -7.1820e+03 1.4620e+01 1.3877e+04
-3.4593e+06 8.4136e+01 -1.7520e+03 -7.1412e+03 -3.1500e+00 1.3985e+04
-3.5253e+06 8.4888e+01 -1.7002e+03 -7.1000e+03 -2.0842e+01 1.4096e+04
-3.4517e+06 8.5495e+01 -1.6483e+03 -7.0584e+03 -3.3822e+00 1.4206e+04
-3.3223e+06 8.6014e+01 -1.5964e+03 -7.0165e+03 1.8816e+01 1.4312e+04
-3.3683e+06 8.7463e+01 -1.5446e+03 -6.9742e+03 8.6385e+00 1.4411e+04
-3.5152e+06 9.0597e+01 -1.4927e+03 -6.9317e+03 -4.6125e+01 1.4514e+04
-3.5490e+06 9.5322e+01 -1.4408e+03 -6.8888e+03 -4.0028e+01 1.4623e+04
-3.0549e+06 1.0366e+02 -1.3889e+03 -6.8456e+03 5.1474e+01 1.4733e+04
-2.7467e+06 1.1955e+02 -1.3371e+03 -6.8022e+03 -4.8036e+01 1.4305e+04
-2.3238e+06 1.3887e+02 -1.2852e+03 -6.7586e+03 -8.8806e+02 1.3450e+04
-1.3465e+06 1.5162e+02 -1.2334e+03 -6.7147e+03 -2.7107e+03 1.3581e+04
-3.7574e+06 1.5653e+02 -1.1817e+03 -6.6706e+03 -6.9634e+03 1.4030e+04
-5.8514e+06 1.5796e+02 -1.1300e+03 -6.6264e+03 -1.1911e+04 1.3703e+04
-3.9714e+06 1.5706e+02 -1.0783e+03 -6.5820e+03 -1.5810e+04 1.3456e+04
3.6914e+06 1.5281e+02 -1.0268e+03 -6.5374e+03 -1.2958e+04 1.0527e+04
6.3241e+06 1.4531e+02 -9.7527e+02 -6.4927e+03 2.3617e+04 1.6469e+04
3.6008e+06 1.3752e+02 -9.2385e+02 -6.4480e+03 1.0326e+05 5.6586e+03
3.8755e+05 1.3188e+02 -8.6822e+02 -6.4019e+03 2.1359e+05 -1.1462e+04
-6.7694e+06 1.2469e+02 1.5753e+02 -6.0948e+03 3.3570e+05 -1.1552e+04
-1.1604e+07 1.1050e+02 1.8657e+03 -5.6144e+03 4.4054e+05 -3.1760e+04
-1.4891e+07 9.6687e+01 3.5449e+03 -5.1551e+03 5.1772e+05 -4.2258e+04
-1.0146e+07 1.0169e+02 5.1948e+03 -4.7169e+03 5.5658e+05 -3.7486e+04
-1.9592e+06 1.2555e+02 6.8150e+03 -4.3000e+03 5.6473e+05 -4.0974e+04
-1.8568e+05 1.4416e+02 8.4051e+03 -3.9045e+03 5.6420e+05 -4.4167e+04
-3.0058e+06 1.4695e+02 9.9642e+03 -3.5287e+03 5.5587e+05 -4.8949e+04
-9.5377e+06 1.4514e+02 1.1494e+04 -3.1776e+03 5.4042e+05 -5.4382e+04
-1.2713e+07 1.4708e+02 1.2993e+04 -2.8513e+03 5.0105e+05 -6.7481e+04
-9.8514e+06 1.5379e+02 1.4463e+04 -2.5500e+03 4.3021e+05 -6.4886e+04
-6.8610e+06 1.6323e+02 1.5902e+04 -2.2739e+03 3.3865e+05 -4.1123e+04
-3.3710e+06 8.4203e+01 -2.0103e+03 -7.2614e+03 8.0105e+00 1.3596e+04
-3.3940e+06 8.5225e+01 -1.9587e+03 -7.2216e+03 1.0162e+01 1.3716e+04
-3.4444e+06 8.6249e+01 -1.9071e+03 -7.1814e+03 -1.8324e+01 1.3818e+04
-3.5128e+06 8.6529e+01 -1.8554e+03 -7.1407e+03 -2.2627e+01 1.3938e+04
-3.3615e+06 8.6819e+01 -1.8037e+03 -7.0996e+03 5.8333e+00 1.4050e+04
-3.2764e+06 8.7352e+01 -1.7520e+03 -7.0582e+03 2.0323e+01 1.4155e+04
-3.4038e+06 8.7668e+01 -1.7002e+03 -7.0164e+03 -1.6440e+01 1.4259e+04
-3.6044e+06 8.9095e+01 -1.6483e+03 -6.9742e+03 -5.2091e+01 1.4369e+04
-3.4281e+06 9.3037e+01 -1.5965e+03 -6.9317e+03 -1.9915e+01 1.4484e+04
-3.1011e+06 9.8636e+01 -1.5446e+03 -6.8889e+03 7.6641e+01 1.4590e+04
-2.8768e+06 1.0392e+02 -1.4927e+03 -6.8458e+03 2.8202e+01 1.4659e+04
-3.4579e+06 1.1062e+02 -1.4409e+03 -6.8024e+03 -1.7401e+02 1.4666e+04
-3.5370e+06 1.2540e+02 -1.3890e+03 -6.7587e+03 -9.7887e+02 1.4194e+04
-3.9715e+06 1.4614e+02 -1.3372e+03 -6.7149e+03 -6.3376e+03 1.1277e+04
-4.7790e+06 1.5949e+02 -1.2854e+03 -6.6708e+03 -1.4711e+04 1.1250e+04
-6.9163e+05 1.5994e+02 -1.2336e+03 -6.6265e+03 -1.7033e+04 1.5202e+04
5.8928e+06 1.5251e+02 -1.1819e+03 -6.5820e+03 6.1600e+03 1.9545e+04
4.9897e+06 1.4197e+02 -1.1302e+03 -6.5374e+03 6.5900e+04 1.5811e+04
3.6499e+06 1.2990e+02 -1.0786e+03 -6.4926e+03 1.5447e+05 -1.1637e+04
-2.4862e+06 1.2045e+02 -9.3582e+02 -6.4227e+03 2.7492e+05 -1.4054e+04
-1.0147e+07 1.2002e+02 8.3292e+02 -5.9124e+03 4.0019e+05 -1.5350e+04
-1.2838e+07 1.2735e+02 2.5739e+03 -5.4228e+03 4.9508e+05 -3.8530e+04
-1.2932e+07 1.3066e+02 4.2866e+03 -4.9540e+03 5.5478e+05 -3.8227e+04
-5.9575e+06 1.2098e+02 5.9705e+03 -4.5061e+03 5.7734e+05 -3.6754e+04
-2.8093e+05 1.0913e+02 7.6251e+03 -4.0795e+03 5.8101e+05 -4.1320e+04
-7.8528e+05 1.1626e+02 9.2497e+03 -3.6728e+03 5.7754e+05 -4.6001e+04
-6.4204e+06 1.4027e+02 1.0845e+04 -3.2884e+03 5.6758e+05 -5.1011e+04
-1.2172e+07 1.5626e+02 1.2410e+04 -2.9283e+03 5.4344e+05 -5.9751e+04
-1.1889e+07 1.5873e+02 1.3946e+04 -2.5929e+03 4.8625e+05 -6.7216e+04
-8.9497e+06 1.6174e+02 1.5452e+04 -2.2824e+03 3.9908e+05 -4.8809e+04
-3.6755e+06 1.6672e+02 1.6929e+04 -1.9969e+03 2.8725e+05 -3.9276e+04
1.6669e+06 1.6901e+02 1.7157e+04 -2.0042e+03 1.7266e+05 -3.5921e+04
3.1697e+06 1.7166e+02 1.7079e+04 -2.0809e+03 8.3088e+04 -8.2562e+03
-3.4185e+06 8.7051e+01 -2.0617e+03 -7.2206e+03 -9.6007e+00 1.3651e+04
-3.3659e+06 8.9648e+01 -2.0102e+03 -7.1806e+03 -3.1206e+00 1.3777e+04
-3.2616e+06 9.2015e+01 -1.9587e+03 -7.1401e+03 1.4379e+01 1.3879e+04
-3.1644e+06 9.2514e+01 -1.9071e+03 -7.0992e+03 3.0337e+01 1.3991e+04
-3.4053e+06 9.2692e+01 -1.8554e+03 -7.0579e+03 -2.2894e+01 1.4097e+04
-3.5202e+06 9.3082e+01 -1.8037e+03 -7.0162e+03 -4.1126e+01 1.4213e+04
-3.3560e+06 9.3040e+01 -1.7520e+03 -6.9742e+03 -8.5416e+00 1.4330e+04
-2.9703e+06 9.5628e+01 -1.7002e+03 -6.9318e+03 8.9856e+01 1.4426e+04
-3.2040e+06 1.0244e+02 -1.6484e+03 -6.8890e+03 -7.3802e+01 1.4492e+04
-3.3586e+06 1.0973e+02 -1.5965e+03 -6.8460e+03 -1.8776e+02 1.4573e+04
-3.8616e+06 1.1421e+02 -1.5447e+03 -6.8026e+03 -3.8245e+02 1.4770e+04
-2.2263e+06 1.1861e+02 -1.4928e+03 -6.7590e+03 2.1056e+02 1.4793e+04
-2.8549e+06 1.3112e+02 -1.4410e+03 -6.7151e+03 -5.8067e+02 1.3843e+04
8.4923e+05 1.4714e+02 -1.3892e+03 -6.6710e+03 -3.0067e+03 7.1719e+03
5.5367e+06 1.5067e+02 -1.3374e+03 -6.6267e+03 2.8897e+04 1.4602e+04
4.2450e+06 1.4257e+02 -1.2856e+03 -6.5822e+03 1.1029e+05 1.1156e+04
3.7337e+05 1.3333e+02 -1.2121e+03 -6.5314e+03 2.1847e+05 -7.6640e+03
-8.1480e+06 1.2530e+02 -2.5109e+02 -6.2351e+03 3.4231e+05 -1.1239e+04
-1.2799e+07 1.1799e+02 1.5491e+03 -5.7163e+03 4.5755e+05 -3.3408e+04
-1.5405e+07 1.1721e+02 3.3222e+03 -5.2177e+03 5.4488e+05 -4.4188e+04
-1.0964e+07 1.2700e+02 5.0677e+03 -4.7397e+03 5.8891e+05 -3.5688e+04
-2.8242e+06 1.3912e+02 6.7850e+03 -4.2824e+03 5.9711e+05 -3.9066e+04
-6.8824e+05 1.4210e+02 8.4737e+03 -3.8461e+03 5.9560e+05 -4.3303e+04
-3.1858e+06 1.3399e+02 1.0133e+04 -3.4291e+03 5.8806e+05 -4.8049e+04
-1.0571e+07 1.2637e+02 1.1763e+04 -3.0358e+03 5.7388e+05 -5.3269e+04
-1.3888e+07 1.3198e+02 1.3364e+04 -2.6666e+03 5.3119e+05 -6.7172e+04
-1.0407e+07 1.4857e+02 1.4936e+04 -2.3218e+03 4.5220e+05 -6.3069e+04
-6.7585e+06 1.6097e+02 1.6479e+04 -2.0018e+03 3.4981e+05 -4.0453e+04
-5.3810e+05 1.6503e+02 1.7465e+04 -1.8271e+03 2.3009e+05 -3.7081e+04
3.0120e+06 1.6972e+02 1.7389e+04 -1.9017e+03 1.2159e+05 -1.8426e+04
4.5530e+06 1.7481e+02 1.7312e+04 -1.9771e+03 4.1316e+04 -1.0048e+02
3.5299e+06 1.7533e+02 1.7235e+04 -2.0532e+03 -5.3572e+03 -7.1625e+03
-1.6362e+06 1.7280e+02 1.7158e+04 -2.1299e+03 -1.7421e+04 -1.0336e+04
-3.2427e+06 9.1911e+01 -2.1130e+03 -7.1797e+03 1.0616e+01 1.3707e+04
-3.1774e+06 9.7004e+01 -2.0617e+03 -7.1395e+03 1.5812e+01 1.3826e+04
-3.2302e+06 1.0127e+02 -2.0102e+03 -7.0987e+03 -5.3287e+01 1.3921e+04
-3.3028e+06 1.0261e+02 -1.9587e+03 -7.0576e+03 -5.6788e+01 1.4058e+04
-3.1244e+06 1.0328e+02 -1.9071e+03 -7.0160e+03 6.3548e+00 1.4192e+04
-2.8321e+06 1.0425e+02 -1.8554e+03 -6.9741e+03 6.7490e+01 1.4271e+04
-3.3328e+06 1.0443e+02 -1.8037e+03 -6.9318e+03 -1.0458e+02 1.4329e+04
-3.4916e+06 1.0748e+02 -1.7520e+03 -6.8892e+03 -2.1530e+02 1.4427e+04
-3.5172e+06 1.1479e+02 -1.7002e+03 -6.8462e+03 -3.0767e+02 1.4578e+04
-2.1689e+06 1.2107e+02 -1.6484e+03 -6.8029e+03 2.0555e+02 1.4697e+04
-2.8907e+06 1.2365e+02 -1.5966e+03 -6.7593e+03 -1.4226e+02 1.4742e+04
-2.8452e+06 1.2559e+02 -1.5448e+03 -6.7155e+03 -5.3751e+02 1.4838e+04
-5.9759e+06 1.3273e+02 -1.4930e+03 -6.6714e+03 3.2606e+02 1.4477e+04
9.8388e+05 1.3783e+02 -1.4411e+03 -6.6270e+03 4.0374e+04 1.7437e+04
-5.6180e+06 1.3158e+02 -1.3411e+03 -6.5690e+03 1.9972e+05 5.5344e+04
-1.5278e+07 1.2772e+02 4.7424e+02 -6.0338e+03 4.0170e+05 3.1272e+04
-1.0942e+07 1.3184e+02 2.3050e+03 -5.5067e+03 5.2306e+05 -3.7173e+04
-1.1365e+07 1.3315e+02 4.1095e+03 -4.9996e+03 5.8806e+05 -4.1467e+04
-4.5918e+06 1.3039e+02 5.8871e+03 -4.5127e+03 6.1368e+05 -3.7818e+04
-3.5372e+05 1.3169e+02 7.6373e+03 -4.0462e+03 6.1506e+05 -4.1440e+04
-5.9179e+05 1.3975e+02 9.3590e+03 -3.5993e+03 6.1076e+05 -4.5586e+04
-6.6396e+06 1.4698e+02 1.1052e+04 -3.1736e+03 5.9832e+05 -5.0221e+04
-1.2901e+07 1.4655e+02 1.2717e+04 -2.7713e+03 5.6884e+05 -5.9184e+04
-1.2484e+07 1.4201e+02 1.4354e+04 -2.3928e+03 5.0487e+05 -6.5176e+04
-9.4056e+06 1.4335e+02 1.5962e+04 -2.0384e+03 4.1188e+05 -4.4372e+04
-3.4706e+06 1.5329e+02 1.7534e+04 -1.7101e+03 2.9232e+05 -3.7967e+04
2.2729e+06 1.6563e+02 1.7689e+04 -1.7278e+03 1.7201e+05 -3.5658e+04
3.6092e+06 1.7262e+02 1.7616e+04 -1.8007e+03 7.8568e+04 -7.5760e+03
4.8946e+06 1.7372e+02 1.7541e+04 -1.8745e+03 1.1403e+04 -1.5625e+03
8.0682e+05 1.7360e+02 1.7466e+04 -1.9491e+03 -1.8325e+04 -6.8672e+03
-3.8940e+06 1.7187e+02 1.7390e+04 -2.0245e+03 -2.1272e+04 -9.5022e+03
-4.8113e+06 1.6688e+02 1.7314e+04 -2.1006e+03 -1.7933e+04 -1.5357e+04
-3.1824e+06 1.6024e+02 1.7237e+04 -2.1774e+03 -9.6731e+03 -1.8296e+04
-3.3283e+06 9.9615e+01 -2.1643e+03 -7.1387e+03 -5.3303e+01 1.3753e+04
-3.1906e+06 1.0608e+02 -2.1130e+03 -7.0982e+03 -5.0053e+01 1.3892e+04
-2.8905e+06 1.1067e+02 -2.0617e+03 -7.0572e+03 8.2145e+00 1.3997e+04
-2.7125e+06 1.1255e+02 -2.0102e+03 -7.0158e+03 2.0441e+01 1.4094e+04
-3.2456e+06 1.1407e+02 -1.9587e+03 -6.9740e+03 -2.1804e+02 1.4168e+04
-3.5334e+06 1.1612e+02 -1.9071e+03 -6.9319e+03 -3.3860e+02 1.4324e+04
-3.0721e+06 1.1750e+02 -1.8555e+03 -6.8893e+03 -1.5162e+02 1.4487e+04
-2.3082e+06 1.2061e+02 -1.8038e+03 -6.8464e+03 1.3448e+02 1.4453e+04
-2.8825e+06 1.2617e+02 -1.7521e+03 -6.8032e+03 -4.4195e+02 1.4455e+04
-3.7592e+06 1.3030e+02 -1.7003e+03 -6.7597e+03 -8.9848e+02 1.4630e+04
-4.7012e+06 1.3229e+02 -1.6485e+03 -6.7159e+03 -1.2024e+03 1.4925e+04
-8.3806e+05 1.3404e+02 -1.5967e+03 -6.6718e+03 -8.3773e+01 1.4909e+04
-2.2624e+06 1.3712e+02 -1.5449e+03 -6.6275e+03 9.0410e+02 1.6208e+04
-3.3354e+05 1.3556e+02 -1.4488e+03 -6.5707e+03 4.9595e+04 5.7454e+04
-1.9774e+07 1.2956e+02 3.3448e+02 -6.0477e+03 2.3405e+05 1.9413e+05
-2.2132e+07 1.3989e+02 4.7160e+03 -4.8285e+03 4.4453e+05 2.0885e+05
-9.3656e+06 1.6023e+02 6.7437e+03 -4.2735e+03 5.5626e+05 6.9412e+04
-1.2252e+07 1.6140e+02 8.5260e+03 -3.7982e+03 6.1159e+05 -1.9248e+04
-5.9144e+06 1.5096e+02 1.0280e+04 -3.3413e+03 6.2057e+05 -5.2029e+04
-1.2367e+07 1.4790e+02 1.2007e+04 -2.9068e+03 6.0426e+05 -5.4598e+04
-1.4325e+07 1.4881e+02 1.3707e+04 -2.4953e+03 5.5814e+05 -6.7052e+04
-1.1316e+07 1.4929e+02 1.5378e+04 -2.1072e+03 4.7008e+05 -5.9839e+04
-6.8098e+06 1.5015e+02 1.7020e+04 -1.7433e+03 3.5922e+05 -3.6057e+04
-2.2473e+05 1.5373e+02 1.7980e+04 -1.5603e+03 2.3248e+05 -3.3128e+04
3.3529e+06 1.6209e+02 1.7908e+04 -1.6304e+03 1.1993e+05 -1.3478e+04
5.1396e+06 1.7191e+02 1.7836e+04 -1.7016e+03 3.6143e+04 2.1456e+03
3.6039e+06 1.7785e+02 1.7764e+04 -1.7736e+03 -9.6858e+03 -6.6252e+03
-1.9445e+06 1.7697e+02 1.7690e+04 -1.8466e+03 -2.0251e+04 -8.9698e+03
-4.8040e+06 1.7141e+02 1.7617e+04 -1.9204e+03 -2.0029e+04 -1.1316e+04
-4.5530e+06 1.6511e+02 1.7542e+04 -1.9950e+03 -1.4816e+04 -1.4669e+04
-1.7939e+06 1.5893e+02 1.7467e+04 -2.0703e+03 -7.5309e+03 -1.7118e+04
-1.5958e+06 1.5214e+02 1.7391e+04 -2.1464e+03 -4.0934e+03 -1.9514e+04
-2.9397e+06 1.4548e+02 1.7315e+04 -2.2232e+03 -2.3100e+03 -2.0814e+04
-2.9178e+06 1.0975e+02 -2.2155e+03 -7.0976e+03 -9.6434e+01 1.3842e+04
-2.9388e+06 1.1514e+02 -2.1643e+03 -7.0568e+03 -7.1902e+01 1.3963e+04
-3.3082e+06 1.1818e+02 -2.1130e+03 -7.0156e+03 -2.8586e+02 1.4016e+04
-3.4964e+06 1.1987e+02 -2.0617e+03 -6.9740e+03 -3.2505e+02 1.4190e+04
-2.8076e+06 1.2178e+02 -2.0102e+03 -6.9319e+03 -5.4324e+01 1.4295e+04
-2.2182e+06 1.2428e+02 -1.9587e+03 -6.8895e+03 8.5746e+01 1.4335e+04
-3.2548e+06 1.2699e+02 -1.9071e+03 -6.8468e+03 -5.3009e+02 1.4365e+04
-4.0528e+06 1.3069e+02 -1.8555e+03 -6.8036e+03 -1.0535e+03 1.4411e+04
-3.7032e+06 1.3491e+02 -1.8038e+03 -6.7602e+03 -1.0568e+03 1.4659e+04
-7.2963e+05 1.3808e+02 -1.7521e+03 -6.7164e+03 -3.6428e+01 1.4760e+04
-1.6337e+06 1.4132e+02 -1.7004e+03 -6.6724e+03 -1.6179e+03 1.4398e+04
-3.9617e+06 1.4464e+02 -1.6486e+03 -6.6281e+03 -4.2782e+03 1.3791e+04
-8.6876e+06 1.4542e+02 -1.5969e+03 -6.5835e+03 -7.9017e+03 1.6454e+04
7.5050e+06 1.3953e+02 -1.5228e+03 -6.5327e+03 5.0448e+03 6.9118e+04
1.1697e+07 1.3381e+02 -4.5654e+02 -6.2127e+03 9.5023e+04 2.8603e+05
6.3985e+06 1.5516e+02 4.6075e+03 -4.8288e+03 2.0296e+05 4.5079e+05
2.4012e+06 1.9085e+02 9.5424e+03 -3.5165e+03 2.7608e+05 3.6652e+05
-1.3028e+07 1.9226e+02 1.2996e+04 -2.6291e+03 3.7594e+05 2.0065e+05
-1.2581e+07 1.6981e+02 1.4729e+04 -2.2083e+03 4.4867e+05 5.8440e+04
-1.1291e+07 1.5846e+02 1.6435e+04 -1.8104e+03 4.1830e+05 -1.1679e+04
-2.7540e+06 1.5650e+02 1.8085e+04 -1.4429e+03 3.0093e+05 -3.7484e+04
2.4321e+06 1.5768e+02 1.8190e+04 -1.4672e+03 1.7182e+05 -3.1644e+04
4.0422e+06 1.6188e+02 1.8121e+04 -1.5353e+03 7.6213e+04 -2.3881e+03
5.1084e+06 1.6751e+02 1.8051e+04 -1.6045e+03 9.4517e+03 1.0345e+03
5.8674e+05 1.7206e+02 1.7980e+04 -1.6747e+03 -1.8340e+04 -5.4929e+03
-4.0773e+06 1.7328e+02 1.7909e+04 -1.7458e+03 -2.1249e+04 -8.0440e+03
-4.9431e+06 1.7061e+02 1.7837e+04 -1.8178e+03 -1.8408e+04 -1.2559e+04
-3.1880e+06 1.6427e+02 1.7765e+04 -1.8908e+03 -1.1289e+04 -1.5529e+04
-1.5939e+06 1.5657e+02 1.7691e+04 -1.9646e+03 -5.1112e+03 -1.6893e+04
-2.2111e+06 1.5007e+02 1.7618e+04 -2.0392e+03 -2.9885e+03 -1.8283e+04
-3.6716e+06 1.4478e+02 1.7543e+04 -2.1145e+03 -2.5758e+03 -1.9785e+04
-3.6077e+06 1.3949e+02 1.7468e+04 -2.1906e+03 -2.0231e+03 -2.1094e+04
-2.8279e+06 1.3434e+02 1.7393e+04 -2.2674e+03 -8.1600e+02 -2.1474e+04
-3.2357e+06 1.1976e+02 -2.2666e+03 -7.0564e+03 -3.4940e+02 1.3831e+04
-3.1566e+06 1.2325e+02 -2.2155e+03 -7.0153e+03 -2.5008e+02 1.4098e+04
-2.5621e+06 1.2512e+02 -2.1643e+03 -6.9739e+03 -4.3310e+01 1.4090e+04
-2.2036e+06 1.2704e+02 -2.1130e+03 -6.9320e+03 -1.1701e+02 1.4127e+04
-3.5286e+06 1.2946e+02 -2.0617e+03 -6.8897e+03 -8.3142e+02 1.4163e+04
-4.2885e+06 1.3204e+02 -2.0103e+03 -6.8471e+03 -1.1939e+03 1.4399e+04
-2.8065e+06 1.3523e+02 -1.9588e+03 -6.8041e+03 -8.1421e+02 1.4552e+04
-7.3852e+05 1.3944e+02 -1.9072e+03 -6.7607e+03 -3.4850e+02 1.4338e+04
-2.4865e+06 1.4365e+02 -1.8556e+03 -6.7170e+03 -2.2595e+03 1.4291e+04
-5.5244e+06 1.4655e+02 -1.8039e+03 -6.6731e+03 -4.6507e+03 1.4075e+04
-7.2163e+06 1.4782e+02 -1.7522e+03 -6.6288e+03 -8.2731e+03 1.3501e+04
3.0227e+06 1.4464e+02 -1.7005e+03 -6.5842e+03 -5.9889e+03 1.3801e+04
5.5920e+06 1.3364e+02 -1.6488e+03 -6.5395e+03 3.1379e+04 2.4166e+04
4.2802e+06 1.1613e+02 -1.5970e+03 -6.4945e+03 1.1231e+05 2.9448e+04
-1.5197e+06 1.0982e+02 -1.4658e+03 -6.4284e+03 2.1702e+05 1.5002e+05
-2.1601e+06 1.4357e+02 1.8935e+03 -5.5170e+03 2.3846e+05 3.6581e+05
1.8356e+07 1.9138e+02 6.9021e+03 -4.2049e+03 1.5196e+05 4.6839e+05
1.7041e+07 1.9534e+02 1.1847e+04 -2.9471e+03 1.3552e+05 4.6553e+05
4.8832e+06 1.6978e+02 1.6634e+04 -1.7688e+03 1.8024e+05 3.2845e+05
4.9969e+06 1.5996e+02 1.8393e+04 -1.3768e+03 1.3177e+05 1.0744e+05
7.1438e+06 1.6562e+02 1.8326e+04 -1.4428e+03 3.3736e+04 1.4020e+03
2.9237e+06 1.7007e+02 1.8259e+04 -1.5098e+03 -1.3106e+04 -6.5798e+03
-2.2121e+06 1.7015e+02 1.8190e+04 -1.5779e+03 -1.9707e+04 -9.0265e+03
-5.3665e+06 1.6792e+02 1.8121e+04 -1.6471e+03 -1.8374e+04 -1.2070e+04
-4.3758e+06 1.6431e+02 1.8052e+04 -1.7172e+03 -1.2405e+04 -1.4462e+04
-1.6666e+06 1.5977e+02 1.7981e+04 -1.7884e+03 -6.2956e+03 -1.5697e+04
-1.7125e+06 1.5436e+02 1.7910e+04 -1.8604e+03 -3.9075e+03 -1.6968e+04
-3.2120e+06 1.4785e+02 1.7838e+04 -1.9333e+03 -3.1536e+03 -1.8725e+04
-3.9057e+06 1.4149e+02 1.7766e+04 -2.0071e+03 -2.1829e+03 -1.9749e+04
-3.3019e+06 1.3671e+02 1.7693e+04 -2.0817e+03 -1.2245e+03 -2.0252e+04
-2.4083e+06 1.3299e+02 1.7619e+04 -2.1571e+03 -4.8540e+02 -2.0523e+04
-2.5308e+06 1.2912e+02 1.7545e+04 -2.2332e+03 -3.0076e+02 -2.1056e+04
-2.9839e+06 1.2507e+02 1.7470e+04 -2.3100e+03 -2.7562e+02 -2.1286e+04
-2.5710e+06 1.2782e+02 -2.3175e+03 -7.0151e+03 -3.2736e+02 1.3931e+04
-2.6849e+06 1.3067e+02 -2.2666e+03 -6.9738e+03 -4.3717e+02 1.4142e+04
-3.8757e+06 1.3317e+02 -2.2155e+03 -6.9321e+03 -1.2476e+03 1.4153e+04
-4.2730e+06 1.3609e+02 -2.1643e+03 -6.8900e+03 -1.5965e+03 1.4339e+04
-2.1378e+06 1.3918e+02 -2.1131e+03 -6.8475e+03 -1.1542e+03 1.4581e+04
-5.5631e+05 1.4225e+02 -2.0617e+03 -6.8046e+03 -1.3696e+03 1.4449e+04
-3.7192e+06 1.4563e+02 -2.0103e+03 -6.7613e+03 -4.3579e+03 1.4090e+04
-5.9873e+06 1.4827e+02 -1.9588e+03 -6.7177e+03 -7.0505e+03 1.4220e+04
-4.7922e+06 1.4795e+02 -1.9073e+03 -6.6738e+03 -8.7138e+03 1.4961e+04
4.7323e+06 1.4207e+02 -1.8557e+03 -6.6296e+03 5.5849e+02 1.6064e+04
5.9312e+06 1.2887e+02 -1.8040e+03 -6.5851e+03 4.7894e+04 2.0089e+04
4.1056e+06 1.0933e+02 -1.7524e+03 -6.5404e+03 1.4122e+05 2.7669e+03
-2.1983e+06 8.6150e+01 -1.7007e+03 -6.4953e+03 2.7377e+05 -2.9018e+03
-1.1991e+07 6.7918e+01 1.7411e+02 -5.9715e+03 4.1453e+05 -1.1750e+04
-1.5752e+07 7.5902e+01 2.2056e+03 -5.4202e+03 5.1290e+05 -3.5948e+03
-1.7245e+07 1.2237e+02 4.2856e+03 -4.8710e+03 5.1331e+05 8.0744e+04
-9.9069e+06 1.6904e+02 6.3374e+03 -4.3443e+03 4.0927e+05 1.8784e+05
-4.9217e+05 1.6753e+02 9.1899e+03 -3.6264e+03 3.1589e+05 3.3559e+05
-2.0280e+06 1.4389e+02 1.4224e+04 -2.4050e+03 2.3395e+05 3.8267e+05
2.2272e+06 1.4767e+02 1.8459e+04 -1.4178e+03 8.1509e+04 1.6419e+05
-7.5994e+05 1.6511e+02 1.8393e+04 -1.4837e+03 -1.9903e+04 -1.0275e+04
-7.6470e+06 1.6837e+02 1.8327e+04 -1.5507e+03 -1.8435e+04 -1.3149e+04
-1.6023e+06 1.6234e+02 1.8259e+04 -1.6188e+03 -8.2558e+03 -1.5673e+04
-2.1345e+06 1.5566e+02 1.8191e+04 -1.6880e+03 -4.6100e+03 -1.6787e+04
-1.8613e+06 1.4995e+02 1.8122e+04 -1.7581e+03 -2.1726e+03 -1.7406e+04
-4.1045e+06 1.4515e+02 1.8052e+04 -1.8293e+03 -2.6645e+03 -1.8418e+04
-3.6791e+06 1.4022e+02 1.7982e+04 -1.9013e+03 -1.8849e+03 -1.9273e+04
-2.8607e+06 1.3478e+02 1.7911e+04 -1.9742e+03 -9.7477e+02 -1.9709e+04
-2.3709e+06 1.2969e+02 1.7839e+04 -2.0480e+03 -2.8729e+02 -1.9916e+04
-2.8073e+06 1.2596e+02 1.7767e+04 -2.1226e+03 -3.2807e+02 -2.0211e+04
-3.3004e+06 1.2317e+02 1.7694e+04 -2.1980e+03 -4.3229e+02 -2.0512e+04
-3.2467e+06 1.2004e+02 1.7620e+04 -2.2741e+03 -3.8893e+02 -2.0967e+04
-2.9936e+06 1.1633e+02 1.7546e+04 -2.3509e+03 -6.4899e+01 -2.1196e+04
-3.5981e+06 1.3591e+02 -2.3684e+03 -6.9737e+03 -1.0071e+03 1.3925e+04
-3.3389e+06 1.3905e+02 -2.3175e+03 -6.9322e+03 -1.3349e+03 1.4138e+04
-1.3331e+06 1.4234e+02 -2.2666e+03 -6.8903e+03 -1.0235e+03 1.4124e+04
-6.8383e+05 1.4623e+02 -2.2155e+03 -6.8479e+03 -2.0159e+03 1.3880e+04
-4.5406e+06 1.5005e+02 -2.1643e+03 -6.8052e+03 -6.1004e+03 1.3359e+04
-6.5930e+06 1.5166e+02 -2.1131e+03 -6.7620e+03 -1.1055e+04 1.3548e+04
-1.7668e+06 1.4899e+02 -2.0618e+03 -6.7185e+03 -1.2537e+04 1.4846e+04
5.8410e+06 1.3987e+02 -2.0103e+03 -6.6747e+03 9.8287e+03 2.1030e+04
4.6856e+06 1.2340e+02 -1.9589e+03 -6.6306e+03 7.4040e+04 1.9674e+04
2.7857e+06 1.0416e+02 -1.9073e+03 -6.5861e+03 1.7552e+05 -4.2226e+03
-3.2606e+06 8.9691e+01 -1.4757e+03 -6.4396e+03 3.1090e+05 -8.0799e+03
-1.2064e+07 7.6196e+01 5.8079e+02 -5.8660e+03 4.5109e+05 -1.6622e+04
-1.6936e+07 5.8691e+01 2.6130e+03 -5.3124e+03 5.5761e+05 -3.4256e+04
-1.3216e+07 5.5793e+01 4.6531e+03 -4.7709e+03 6.1694e+05 -3.2722e+04
-3.6381e+06 8.3727e+01 6.6720e+03 -4.2494e+03 6.3466e+05 -3.5562e+04
-2.4817e+06 1.2695e+02 8.6636e+03 -3.7491e+03 6.4026e+05 -3.5228e+04
-1.1462e+07 1.5448e+02 1.0676e+04 -3.2563e+03 6.2690e+05 -2.2480e+04
-1.7531e+07 1.4307e+02 1.2679e+04 -2.7828e+03 5.7165e+05 5.1146e+04
-2.6604e+07 1.2116e+02 1.5122e+04 -2.2214e+03 4.0519e+05 1.5292e+05
-5.6993e+06 1.3335e+02 1.8525e+04 -1.4571e+03 1.3752e+05 8.6555e+04
4.3387e+06 1.5478e+02 1.8460e+04 -1.5230e+03 -6.9301e+03 -1.7005e+04
-5.4911e+06 1.5600e+02 1.8394e+04 -1.5900e+03 -5.0708e+03 -1.4914e+04
-8.2045e+05 1.4948e+02 1.8327e+04 -1.6581e+03 -1.7822e+03 -1.7025e+04
-5.2050e+06 1.4329e+02 1.8260e+04 -1.7272e+03 -3.2406e+03 -1.8026e+04
-2.5216e+06 1.3787e+02 1.8192e+04 -1.7973e+03 -1.0307e+03 -1.8711e+04
-2.8811e+06 1.3342e+02 1.8123e+04 -1.8685e+03 -6.3418e+02 -1.8970e+04
-2.2419e+06 1.2910e+02 1.8053e+04 -1.9405e+03 -5.8267e+01 -1.9241e+04
-3.3010e+06 1.2451e+02 1.7983e+04 -2.0134e+03 -4.2240e+02 -1.9578e+04
-3.2770e+06 1.2019e+02 1.7912e+04 -2.0872e+03 -3.1681e+02 -1.9923e+04
-3.2485e+06 1.1713e+02 1.7840e+04 -2.1618e+03 -2.0842e+02 -2.0205e+04
-2.8387e+06 1.1494e+02 1.7768e+04 -2.2372e+03 2.9619e+00 -2.0433e+04
-2.9609e+06 1.1201e+02 1.7695e+04 -2.3133e+03 1.4558e+01 -2.0655e+04
-3.0530e+06 1.0812e+02 1.7622e+04 -2.3901e+03 -9.9315e+00 -2.0915e+04
