  1    1089
-5.1247e+06 3.6311e+01 1.5738e+03 -2.5904e+03 1.2034e+00 -3.5286e+03
-5.0772e+06 3.6284e+01 1.5340e+03 -2.6157e+03 -4.8093e-01 -3.5249e+03
-5.0443e+06 3.6080e+01 1.4936e+03 -2.6405e+03 -1.0603e+01 -3.5177e+03
-4.9353e+06 3.5707e+01 1.4526e+03 -2.6649e+03 -3.3219e+01 -3.5133e+03
-4.6984e+06 3.5077e+01 1.4109e+03 -2.6889e+03 -5.8404e+01 -3.5077e+03
-4.2524e+06 3.3765e+01 1.3686e+03 -2.7124e+03 -8.4982e+01 -3.5024e+03
-3.5229e+06 3.1979e+01 1.3257e+03 -2.7354e+03 -9.6955e+01 -3.4973e+03
-2.4078e+06 3.1597e+01 1.2822e+03 -2.7578e+03 -5.2069e+01 -3.4915e+03
-1.0947e+06 3.3015e+01 1.2382e+03 -2.7798e+03 4.9882e+01 -3.4853e+03
-2.2328e+05 3.2717e+01 1.1935e+03 -2.8011e+03 1.1931e+02 -3.4799e+03
-1.8460e+05 3.0269e+01 1.1483e+03 -2.8219e+03 9.7949e+01 -3.4736e+03
-7.5017e+05 2.9555e+01 1.1026e+03 -2.8421e+03 4.0750e+01 -3.4668e+03
-1.3459e+06 3.1455e+01 1.0564e+03 -2.8616e+03 1.5661e+01 -3.4599e+03
-1.8252e+06 3.3556e+01 1.0096e+03 -2.8805e+03 1.1238e+01 -3.4529e+03
-2.1654e+06 3.4918e+01 9.6239e+02 -2.8988e+03 3.3606e+00 -3.4464e+03
-2.3169e+06 3.6005e+01 9.1472e+02 -2.9163e+03 4.0016e+00 -3.4395e+03
-2.3175e+06 3.6402e+01 8.6661e+02 -2.9331e+03 9.3660e+00 -3.4319e+03
-2.3553e+06 3.6327e+01 8.1810e+02 -2.9492e+03 1.0732e+01 -3.4242e+03
-2.4850e+06 3.6331e+01 7.6921e+02 -2.9645e+03 -9.8549e-01 -3.4165e+03
-2.7706e+06 3.6342e+01 7.1997e+02 -2.9791e+03 -3.3856e+01 -3.4080e+03
-2.9689e+06 3.6349e+01 6.7040e+02 -2.9929e+03 -7.3642e+01 -3.3993e+03
-2.7468e+06 3.6344e+01 6.2054e+02 -3.0060e+03 -7.5660e+01 -3.3918e+03
-1.9252e+06 3.4719e+01 5.7041e+02 -3.0182e+03 -2.5924e+01 -3.3846e+03
-9.1935e+05 3.1214e+01 5.2004e+02 -3.0296e+03 2.6312e+01 -3.3765e+03
-1.6281e+05 2.8434e+01 4.6946e+02 -3.0402e+03 4.1365e+01 -3.3676e+03
2.2622e+05 2.6893e+01 4.1871e+02 -3.0500e+03 2.8403e+01 -3.3583e+03
4.7432e+05 2.6243e+01 3.6782e+02 -3.0589e+03 1.4577e+01 -3.3497e+03
6.2281e+05 2.6242e+01 3.1681e+02 -3.0671e+03 7.5606e+00 -3.3412e+03
7.5233e+05 2.6241e+01 2.6573e+02 -3.0743e+03 9.3622e+00 -3.3326e+03
8.2376e+05 2.6239e+01 2.1460e+02 -3.0808e+03 1.4898e+01 -3.3238e+03
8.4488e+05 2.6313e+01 1.6346e+02 -3.0863e+03 1.5097e+01 -3.3146e+03
7.6776e+05 2.6072e+01 1.1233e+02 -3.0911e+03 1.2150e+01 -3.3060e+03
6.8288e+05 2.5236e+01 6.1266e+01 -3.0950e+03 1.3913e+01 -3.3018e+03
-5.1228e+06 3.6308e+01 1.5948e+03 -2.5959e+03 3.5467e-01 -3.4747e+03
-5.0456e+06 3.6308e+01 1.5547e+03 -2.6215e+03 3.7441e+00 -3.4744e+03
-5.0819e+06 3.6317e+01 1.5140e+03 -2.6467e+03 -2.0626e+00 -3.4785e+03
-5.0296e+06 3.6313e+01 1.4726e+03 -2.6715e+03 -8.6129e+00 -3.4725e+03
-4.9844e+06 3.6308e+01 1.4306e+03 -2.6959e+03 -1.9571e+01 -3.4675e+03
-4.8005e+06 3.6092e+01 1.3879e+03 -2.7198e+03 -3.8525e+01 -3.4623e+03
-4.4606e+06 3.5426e+01 1.3446e+03 -2.7432e+03 -6.6203e+01 -3.4573e+03
-3.8086e+06 3.5250e+01 1.3007e+03 -2.7660e+03 -7.3732e+01 -3.4515e+03
-2.9850e+06 3.5961e+01 1.2561e+03 -2.7883e+03 -3.9553e+01 -3.4461e+03
-2.1992e+06 3.5795e+01 1.2110e+03 -2.8101e+03 1.3816e+01 -3.4412e+03
-1.8229e+06 3.4628e+01 1.1653e+03 -2.8312e+03 3.9424e+01 -3.4344e+03
-1.8169e+06 3.4329e+01 1.1190e+03 -2.8517e+03 4.5824e+01 -3.4268e+03
-2.0557e+06 3.5209e+01 1.0722e+03 -2.8716e+03 4.4102e+01 -3.4193e+03
-2.4220e+06 3.6141e+01 1.0248e+03 -2.8909e+03 2.3557e+01 -3.4125e+03
-2.7994e+06 3.6394e+01 9.7700e+02 -2.9094e+03 -3.4299e-01 -3.4066e+03
-3.0165e+06 3.6338e+01 9.2868e+02 -2.9272e+03 -8.1116e+00 -3.3999e+03
-3.1786e+06 3.6341e+01 8.7991e+02 -2.9443e+03 -9.3464e+00 -3.3927e+03
-3.3618e+06 3.6343e+01 8.3071e+02 -2.9607e+03 -1.7899e+01 -3.3849e+03
-3.6180e+06 3.6353e+01 7.8111e+02 -2.9763e+03 -4.1367e+01 -3.3767e+03
-3.7661e+06 3.6364e+01 7.3114e+02 -2.9912e+03 -7.3561e+01 -3.3687e+03
-3.5174e+06 3.6354e+01 6.8082e+02 -3.0052e+03 -8.5022e+01 -3.3616e+03
-2.5546e+06 3.6380e+01 6.3019e+02 -3.0184e+03 -3.3133e+01 -3.3541e+03
-1.1957e+06 3.4059e+01 5.7927e+02 -3.0309e+03 4.0175e+01 -3.3453e+03
-1.9447e+05 2.9072e+01 5.2810e+02 -3.0424e+03 5.1153e+01 -3.3366e+03
2.2942e+05 2.6302e+01 4.7671e+02 -3.0532e+03 2.2501e+01 -3.3280e+03
4.3408e+05 2.6201e+01 4.2513e+02 -3.0631e+03 6.1738e+00 -3.3195e+03
5.8148e+05 2.6244e+01 3.7340e+02 -3.0721e+03 4.8192e+00 -3.3111e+03
7.0619e+05 2.6242e+01 3.2155e+02 -3.0803e+03 5.7695e+00 -3.3023e+03
7.6999e+05 2.6242e+01 2.6961e+02 -3.0876e+03 7.5804e+00 -3.2934e+03
8.0174e+05 2.6239e+01 2.1762e+02 -3.0941e+03 1.2138e+01 -3.2848e+03
7.4789e+05 2.5874e+01 1.6561e+02 -3.0997e+03 9.2893e+00 -3.2765e+03
6.0865e+05 2.4278e+01 1.1362e+02 -3.1044e+03 3.2176e+00 -3.2650e+03
4.1613e+05 2.1827e+01 6.1684e+01 -3.1082e+03 -4.0940e-01 -3.2554e+03
-5.1577e+06 3.6306e+01 1.6162e+03 -2.6007e+03 -1.3113e+00 -3.4209e+03
-5.0728e+06 3.6304e+01 1.5759e+03 -2.6267e+03 6.2294e+00 -3.4090e+03
-5.0705e+06 3.6311e+01 1.5348e+03 -2.6524e+03 -2.2745e+00 -3.4098e+03
-5.0056e+06 3.6317e+01 1.4931e+03 -2.6776e+03 -2.1105e+00 -3.4047e+03
-4.9916e+06 3.6321e+01 1.4507e+03 -2.7023e+03 -4.4515e+00 -3.3998e+03
-4.9125e+06 3.6328e+01 1.4077e+03 -2.7266e+03 -1.1468e+01 -3.3949e+03
-4.8201e+06 3.6341e+01 1.3639e+03 -2.7504e+03 -2.9307e+01 -3.3896e+03
-4.6203e+06 3.6356e+01 1.3196e+03 -2.7736e+03 -5.2765e+01 -3.3833e+03
-4.3609e+06 3.6362e+01 1.2745e+03 -2.7963e+03 -7.4072e+01 -3.3776e+03
-3.9786e+06 3.6352e+01 1.2289e+03 -2.8185e+03 -6.9653e+01 -3.3731e+03
-3.5563e+06 3.6381e+01 1.1827e+03 -2.8400e+03 -4.2678e+01 -3.3678e+03
-3.2254e+06 3.6407e+01 1.1358e+03 -2.8609e+03 -3.5034e+00 -3.3604e+03
-3.1730e+06 3.6345e+01 1.0884e+03 -2.8812e+03 1.0643e+01 -3.3523e+03
-3.4057e+06 3.6314e+01 1.0405e+03 -2.9007e+03 -1.1107e+01 -3.3457e+03
-3.6300e+06 3.6336e+01 9.9203e+02 -2.9196e+03 -2.6435e+01 -3.3397e+03
-3.7712e+06 3.6340e+01 9.4305e+02 -2.9378e+03 -2.2978e+01 -3.3329e+03
-3.9274e+06 3.6343e+01 8.9360e+02 -2.9552e+03 -2.5185e+01 -3.3255e+03
-4.1019e+06 3.6350e+01 8.4370e+02 -2.9719e+03 -3.5560e+01 -3.3181e+03
-4.1806e+06 3.6358e+01 7.9337e+02 -2.9878e+03 -5.1839e+01 -3.3107e+03
-3.9896e+06 3.6356e+01 7.4264e+02 -3.0029e+03 -6.7999e+01 -3.3037e+03
-3.2314e+06 3.6325e+01 6.9156e+02 -3.0172e+03 -4.9847e+01 -3.2968e+03
-1.8935e+06 3.5772e+01 6.4013e+02 -3.0306e+03 1.7579e+01 -3.2880e+03
-5.6855e+05 3.2756e+01 5.8841e+02 -3.0432e+03 6.0014e+01 -3.2797e+03
1.1732e+05 2.8263e+01 5.3641e+02 -3.0550e+03 3.5434e+01 -3.2722e+03
3.7852e+05 2.6252e+01 4.8418e+02 -3.0659e+03 6.9353e+00 -3.2639e+03
5.3798e+05 2.6243e+01 4.3175e+02 -3.0759e+03 5.3348e+00 -3.2556e+03
6.9051e+05 2.6241e+01 3.7916e+02 -3.0851e+03 1.0818e+01 -3.2473e+03
7.5618e+05 2.6240e+01 3.2643e+02 -3.0933e+03 1.0155e+01 -3.2389e+03
7.8497e+05 2.6240e+01 2.7361e+02 -3.1007e+03 6.7619e+00 -3.2298e+03
7.6172e+05 2.6237e+01 2.2073e+02 -3.1072e+03 1.1713e+01 -3.2211e+03
6.5930e+05 2.4812e+01 1.6783e+02 -3.1128e+03 6.3053e+00 -3.2126e+03
4.1766e+05 2.1282e+01 1.1495e+02 -3.1174e+03 -9.2968e+00 -3.2052e+03
1.6458e+05 1.8309e+01 6.2116e+01 -3.1212e+03 -1.3504e+01 -3.1986e+03
-5.1470e+06 3.6305e+01 1.6381e+03 -2.6049e+03 -4.8029e-01 -3.3651e+03
-5.0130e+06 3.6303e+01 1.5975e+03 -2.6313e+03 7.7460e+00 -3.3556e+03
-5.0978e+06 3.6309e+01 1.5561e+03 -2.6573e+03 -2.9774e+00 -3.3570e+03
-5.0068e+06 3.6312e+01 1.5141e+03 -2.6829e+03 -2.3009e+00 -3.3517e+03
-5.0144e+06 3.6313e+01 1.4713e+03 -2.7081e+03 -3.6333e+00 -3.3470e+03
-4.9197e+06 3.6317e+01 1.4279e+03 -2.7328e+03 -4.9140e+00 -3.3419e+03
-4.9064e+06 3.6322e+01 1.3837e+03 -2.7570e+03 -1.1642e+01 -3.3367e+03
-4.8157e+06 3.6332e+01 1.3389e+03 -2.7807e+03 -1.7871e+01 -3.3312e+03
-4.7767e+06 3.6341e+01 1.2934e+03 -2.8038e+03 -3.1576e+01 -3.3253e+03
-4.6256e+06 3.6344e+01 1.2473e+03 -2.8263e+03 -4.2458e+01 -3.3196e+03
-4.4659e+06 3.6338e+01 1.2005e+03 -2.8483e+03 -4.6538e+01 -3.3141e+03
-4.2408e+06 3.6327e+01 1.1531e+03 -2.8696e+03 -3.3869e+01 -3.3079e+03
-4.1519e+06 3.6323e+01 1.1052e+03 -2.8902e+03 -2.3370e+01 -3.3015e+03
-4.1731e+06 3.6328e+01 1.0566e+03 -2.9102e+03 -2.6656e+01 -3.2951e+03
-4.2400e+06 3.6329e+01 1.0075e+03 -2.9294e+03 -2.7652e+01 -3.2884e+03
-4.2500e+06 3.6328e+01 9.5784e+02 -2.9479e+03 -1.9748e+01 -3.2815e+03
-4.3080e+06 3.6333e+01 9.0769e+02 -2.9657e+03 -2.1308e+01 -3.2745e+03
-4.3285e+06 3.6343e+01 8.5707e+02 -2.9827e+03 -3.2639e+01 -3.2674e+03
-4.2163e+06 3.6350e+01 8.0599e+02 -2.9989e+03 -5.2444e+01 -3.2602e+03
-3.7188e+06 3.6333e+01 7.5450e+02 -3.0142e+03 -6.2831e+01 -3.2529e+03
-2.6414e+06 3.6286e+01 7.0262e+02 -3.0288e+03 -2.2099e+01 -3.2449e+03
-1.2537e+06 3.4440e+01 6.5039e+02 -3.0425e+03 3.7176e+01 -3.2366e+03
-2.4578e+05 3.0124e+01 5.9783e+02 -3.0553e+03 4.0620e+01 -3.2295e+03
2.4019e+05 2.6935e+01 5.4499e+02 -3.0673e+03 1.4266e+01 -3.2218e+03
4.6200e+05 2.6244e+01 4.9190e+02 -3.0783e+03 6.5231e+00 -3.2133e+03
6.3285e+05 2.6240e+01 4.3859e+02 -3.0885e+03 1.0796e+01 -3.2052e+03
7.2894e+05 2.6239e+01 3.8510e+02 -3.0978e+03 1.2095e+01 -3.1969e+03
7.7778e+05 2.6239e+01 3.3148e+02 -3.1061e+03 1.0334e+01 -3.1887e+03
7.7984e+05 2.6236e+01 2.7775e+02 -3.1135e+03 1.2793e+01 -3.1798e+03
7.5794e+05 2.6435e+01 2.2395e+02 -3.1200e+03 2.3603e+01 -3.1711e+03
5.9517e+05 2.4598e+01 1.7013e+02 -3.1256e+03 1.7463e+01 -3.1626e+03
3.0354e+05 1.9967e+01 1.1632e+02 -3.1303e+03 -1.1873e+00 -3.1575e+03
2.9625e+04 1.7072e+01 6.2562e+01 -3.1341e+03 6.3065e+00 -3.1525e+03
-5.1684e+06 3.6306e+01 1.6604e+03 -2.6083e+03 -1.2499e+00 -3.3104e+03
-5.0628e+06 3.6305e+01 1.6196e+03 -2.6351e+03 6.4355e+00 -3.3008e+03
-5.0753e+06 3.6310e+01 1.5779e+03 -2.6616e+03 -1.8340e+00 -3.3021e+03
-4.9865e+06 3.6312e+01 1.5356e+03 -2.6877e+03 -6.6546e-01 -3.2969e+03
-4.9838e+06 3.6310e+01 1.4925e+03 -2.7133e+03 -5.3449e-01 -3.2922e+03
-4.8989e+06 3.6309e+01 1.4486e+03 -2.7384e+03 6.3478e-01 -3.2873e+03
-4.8877e+06 3.6311e+01 1.4041e+03 -2.7631e+03 -2.1172e+00 -3.2823e+03
-4.8290e+06 3.6317e+01 1.3588e+03 -2.7872e+03 -1.8390e+00 -3.2771e+03
-4.7918e+06 3.6322e+01 1.3128e+03 -2.8107e+03 -3.7023e+00 -3.2715e+03
-4.7193e+06 3.6324e+01 1.2662e+03 -2.8337e+03 -6.5208e+00 -3.2655e+03
-4.6576e+06 3.6324e+01 1.2189e+03 -2.8560e+03 -1.4030e+01 -3.2594e+03
-4.5815e+06 3.6324e+01 1.1709e+03 -2.8777e+03 -1.6154e+01 -3.2535e+03
-4.5176e+06 3.6323e+01 1.1224e+03 -2.8988e+03 -1.3624e+01 -3.2478e+03
-4.4851e+06 3.6322e+01 1.0732e+03 -2.9191e+03 -1.0973e+01 -3.2416e+03
-4.4640e+06 3.6320e+01 1.0234e+03 -2.9387e+03 -9.1620e+00 -3.2347e+03
-4.4414e+06 3.6320e+01 9.7307e+02 -2.9576e+03 -8.6341e+00 -3.2275e+03
-4.3933e+06 3.6327e+01 9.2221e+02 -2.9757e+03 -1.9030e+01 -3.2208e+03
-4.2340e+06 3.6334e+01 8.7084e+02 -2.9931e+03 -3.4901e+01 -3.2144e+03
-3.8232e+06 3.6399e+01 8.1900e+02 -3.0096e+03 -4.9950e+01 -3.2073e+03
-3.0463e+06 3.6236e+01 7.6672e+02 -3.0252e+03 -4.4836e+01 -3.1997e+03
-1.8639e+06 3.5274e+01 7.1403e+02 -3.0401e+03 1.9078e+00 -3.1920e+03
-7.1264e+05 3.2247e+01 6.6097e+02 -3.0540e+03 3.8870e+01 -3.1848e+03
-1.8277e+04 2.8093e+01 6.0756e+02 -3.0671e+03 2.3415e+01 -3.1774e+03
3.1245e+05 2.6237e+01 5.5384e+02 -3.0792e+03 5.6084e+00 -3.1693e+03
5.3034e+05 2.6241e+01 4.9986e+02 -3.0905e+03 8.2794e+00 -3.1613e+03
6.5118e+05 2.6239e+01 4.4565e+02 -3.1008e+03 1.0758e+01 -3.1533e+03
7.0882e+05 2.6240e+01 3.9124e+02 -3.1102e+03 5.7729e+00 -3.1452e+03
7.1453e+05 2.6239e+01 3.3669e+02 -3.1186e+03 4.4714e+00 -3.1371e+03
7.3504e+05 2.6234e+01 2.8202e+02 -3.1261e+03 1.5773e+01 -3.1285e+03
6.6559e+05 2.6093e+01 2.2728e+02 -3.1327e+03 2.9321e+01 -3.1199e+03
4.4326e+05 2.3718e+01 1.7250e+02 -3.1383e+03 2.3090e+01 -3.1115e+03
7.7906e+04 2.1472e+01 1.1774e+02 -3.1429e+03 2.2044e+01 -3.1063e+03
-2.4058e+05 2.2634e+01 6.3022e+01 -3.1467e+03 5.6734e+01 -3.0974e+03
-5.0550e+06 3.6306e+01 1.6833e+03 -2.6110e+03 4.7230e+00 -3.2551e+03
-5.0510e+06 3.6305e+01 1.6422e+03 -2.6383e+03 6.5030e+00 -3.2459e+03
-5.0507e+06 3.6311e+01 1.6002e+03 -2.6652e+03 -2.5516e-01 -3.2472e+03
-5.0513e+06 3.6313e+01 1.5576e+03 -2.6917e+03 -4.2761e+00 -3.2421e+03
-4.9756e+06 3.6311e+01 1.5141e+03 -2.7178e+03 2.0545e-01 -3.2374e+03
-4.9184e+06 3.6307e+01 1.4699e+03 -2.7434e+03 9.0758e-01 -3.2326e+03
-4.8511e+06 3.6306e+01 1.4249e+03 -2.7685e+03 1.4825e+00 -3.2276e+03
-4.8193e+06 3.6309e+01 1.3792e+03 -2.7930e+03 -9.1906e-01 -3.2226e+03
-4.7825e+06 3.6312e+01 1.3328e+03 -2.8170e+03 -1.4199e+00 -3.2172e+03
-4.7287e+06 3.6312e+01 1.2856e+03 -2.8404e+03 -1.3001e+00 -3.2116e+03
-4.6833e+06 3.6311e+01 1.2378e+03 -2.8632e+03 -1.1982e+00 -3.2058e+03
-4.6392e+06 3.6312e+01 1.1892e+03 -2.8854e+03 -2.3753e+00 -3.1998e+03
-4.6149e+06 3.6315e+01 1.1400e+03 -2.9068e+03 -2.5491e+00 -3.1937e+03
-4.5916e+06 3.6317e+01 1.0902e+03 -2.9276e+03 -3.1692e+00 -3.1876e+03
-4.5763e+06 3.6320e+01 1.0398e+03 -2.9476e+03 -4.3736e+00 -3.1811e+03
-4.5323e+06 3.6326e+01 9.8875e+02 -2.9669e+03 -1.5370e+01 -3.1738e+03
-4.3431e+06 3.6329e+01 9.3716e+02 -2.9854e+03 -3.1403e+01 -3.1674e+03
-3.7551e+06 3.6317e+01 8.8504e+02 -3.0030e+03 -2.4328e+01 -3.1615e+03
-2.8628e+06 3.6001e+01 8.3242e+02 -3.0199e+03 -1.9136e+00 -3.1540e+03
-1.8908e+06 3.4649e+01 7.7933e+02 -3.0359e+03 1.3246e+01 -3.1465e+03
-9.9524e+05 3.1974e+01 7.2581e+02 -3.0510e+03 2.6052e+01 -3.1394e+03
-2.9309e+05 2.8877e+01 6.7188e+02 -3.0652e+03 2.5111e+01 -3.1323e+03
1.2908e+05 2.6820e+01 6.1760e+02 -3.0785e+03 1.0704e+01 -3.1246e+03
3.9103e+05 2.6236e+01 5.6298e+02 -3.0909e+03 5.3203e+00 -3.1167e+03
5.4804e+05 2.6239e+01 5.0809e+02 -3.1024e+03 8.0053e+00 -3.1090e+03
6.4319e+05 2.6240e+01 4.5294e+02 -3.1128e+03 7.4274e+00 -3.1011e+03
6.5656e+05 2.6240e+01 3.9759e+02 -3.1224e+03 3.8500e+00 -3.0934e+03
6.6750e+05 2.6238e+01 3.4207e+02 -3.1309e+03 4.4745e+00 -3.0853e+03
6.3288e+05 2.6231e+01 2.8643e+02 -3.1385e+03 1.6930e+01 -3.0770e+03
4.8785e+05 2.4794e+01 2.3071e+02 -3.1451e+03 3.0166e+01 -3.0686e+03
5.6448e+04 2.0986e+01 1.7496e+02 -3.1507e+03 2.1685e+01 -3.0608e+03
-5.8390e+05 2.3294e+01 1.1920e+02 -3.1554e+03 2.3113e+01 -3.0575e+03
-1.2256e+06 3.1723e+01 6.3499e+01 -3.1590e+03 5.0069e+01 -3.0487e+03
-5.0366e+06 3.6304e+01 1.7067e+03 -2.6129e+03 3.5320e+00 -3.1996e+03
-5.1428e+06 3.6303e+01 1.6653e+03 -2.6407e+03 3.6134e+00 -3.1905e+03
-4.9882e+06 3.6310e+01 1.6231e+03 -2.6681e+03 9.5671e-01 -3.1920e+03
-5.0415e+06 3.6312e+01 1.5801e+03 -2.6950e+03 -2.7414e+00 -3.1872e+03
-4.9305e+06 3.6311e+01 1.5363e+03 -2.7216e+03 1.8942e+00 -3.1826e+03
-4.9417e+06 3.6309e+01 1.4917e+03 -2.7476e+03 4.2575e-01 -3.1778e+03
-4.8520e+06 3.6307e+01 1.4463e+03 -2.7732e+03 1.5054e+00 -3.1726e+03
-4.8570e+06 3.6307e+01 1.4001e+03 -2.7982e+03 -9.9095e-01 -3.1676e+03
-4.7659e+06 3.6306e+01 1.3532e+03 -2.8227e+03 -6.7399e-01 -3.1624e+03
-4.7524e+06 3.6304e+01 1.3055e+03 -2.8466e+03 -1.5276e+00 -3.1571e+03
-4.6762e+06 3.6303e+01 1.2571e+03 -2.8698e+03 1.2200e-01 -3.1515e+03
-4.6819e+06 3.6306e+01 1.2080e+03 -2.8924e+03 -3.8319e-02 -3.1456e+03
-4.6506e+06 3.6311e+01 1.1582e+03 -2.9144e+03 -1.8537e-01 -3.1396e+03
-4.6709e+06 3.6316e+01 1.1078e+03 -2.9355e+03 -1.9746e+00 -3.1336e+03
-4.6451e+06 3.6322e+01 1.0566e+03 -2.9560e+03 -5.9515e+00 -3.1273e+03
-4.6064e+06 3.6334e+01 1.0049e+03 -2.9757e+03 -2.8212e+01 -3.1202e+03
-4.1428e+06 3.6331e+01 9.5257e+02 -2.9946e+03 -3.7759e+01 -3.1141e+03
-3.0044e+06 3.6296e+01 8.9968e+02 -3.0126e+03 1.6874e+01 -3.1080e+03
-1.7106e+06 3.5147e+01 8.4626e+02 -3.0298e+03 6.6763e+01 -3.1003e+03
-9.1464e+05 3.1942e+01 7.9234e+02 -3.0461e+03 5.1251e+01 -3.0933e+03
-4.0910e+05 2.8453e+01 7.3796e+02 -3.0616e+03 2.3917e+01 -3.0864e+03
-4.9107e+04 2.6625e+01 6.8316e+02 -3.0761e+03 1.0107e+01 -3.0792e+03
2.4741e+05 2.6223e+01 6.2797e+02 -3.0897e+03 6.1589e+00 -3.0718e+03
4.4096e+05 2.6240e+01 5.7243e+02 -3.1023e+03 9.2111e+00 -3.0642e+03
5.7173e+05 2.6238e+01 5.1659e+02 -3.1139e+03 1.0250e+01 -3.0566e+03
5.9996e+05 2.6240e+01 4.6048e+02 -3.1246e+03 7.1002e+00 -3.0491e+03
6.2305e+05 2.6239e+01 4.0415e+02 -3.1343e+03 6.2306e+00 -3.0414e+03
5.9122e+05 2.6234e+01 3.4764e+02 -3.1430e+03 9.3738e+00 -3.0334e+03
5.3592e+05 2.6237e+01 2.9100e+02 -3.1506e+03 2.4324e+01 -3.0250e+03
2.3600e+05 2.4013e+01 2.3427e+02 -3.1573e+03 4.3305e+01 -3.0174e+03
-5.3559e+05 1.9393e+01 1.7749e+02 -3.1630e+03 2.1372e+01 -3.0107e+03
-1.7728e+06 2.2744e+01 1.2072e+02 -3.1676e+03 -2.6640e+01 -3.0035e+03
-2.7883e+06 3.3436e+01 6.3991e+01 -3.1712e+03 -4.5339e+01 -2.9944e+03
-5.0434e+06 3.6301e+01 1.7305e+03 -2.6141e+03 5.7933e+00 -3.1441e+03
-4.9968e+06 3.6301e+01 1.6889e+03 -2.6423e+03 7.2294e+00 -3.1350e+03
-5.0554e+06 3.6307e+01 1.6464e+03 -2.6702e+03 7.1854e-01 -3.1366e+03
-5.0306e+06 3.6309e+01 1.6031e+03 -2.6976e+03 -2.8725e+00 -3.1318e+03
-5.0005e+06 3.6310e+01 1.5590e+03 -2.7247e+03 -3.4126e-01 -3.1274e+03
-4.9512e+06 3.6312e+01 1.5140e+03 -2.7512e+03 -1.6067e+00 -3.1227e+03
-4.9071e+06 3.6312e+01 1.4682e+03 -2.7773e+03 -3.5724e-01 -3.1178e+03
-4.8421e+06 3.6310e+01 1.4216e+03 -2.8028e+03 -2.8428e-01 -3.1128e+03
-4.8010e+06 3.6305e+01 1.3742e+03 -2.8278e+03 2.8705e-01 -3.1076e+03
-4.7333e+06 3.6300e+01 1.3260e+03 -2.8521e+03 -6.5029e-02 -3.1024e+03
-4.7111e+06 3.6299e+01 1.2771e+03 -2.8759e+03 5.8170e-01 -3.0969e+03
-4.6898e+06 3.6303e+01 1.2274e+03 -2.8989e+03 1.0497e-01 -3.0913e+03
-4.7097e+06 3.6310e+01 1.1770e+03 -2.9213e+03 -4.2483e-01 -3.0854e+03
-4.7051e+06 3.6315e+01 1.1258e+03 -2.9430e+03 -9.5921e-01 -3.0793e+03
-4.7166e+06 3.6322e+01 1.0740e+03 -2.9639e+03 -5.2837e+00 -3.0731e+03
-4.6288e+06 3.6359e+01 1.0216e+03 -2.9840e+03 -3.1317e+01 -3.0663e+03
-3.9914e+06 3.6409e+01 9.6847e+02 -3.0033e+03 -3.0192e+01 -3.0599e+03
-2.4921e+06 3.5858e+01 9.1479e+02 -3.0217e+03 5.6246e+01 -3.0538e+03
-1.1214e+06 3.3525e+01 8.6054e+02 -3.0393e+03 1.0921e+02 -3.0471e+03
-4.8948e+05 2.9774e+01 8.0578e+02 -3.0560e+03 6.2764e+01 -3.0401e+03
-1.8538e+05 2.7013e+01 7.5052e+02 -3.0718e+03 1.8697e+01 -3.0332e+03
1.0577e+05 2.6236e+01 6.9481e+02 -3.0866e+03 1.0727e+01 -3.0262e+03
3.2963e+05 2.6235e+01 6.3869e+02 -3.1005e+03 1.3243e+01 -3.0191e+03
4.8185e+05 2.6236e+01 5.8219e+02 -3.1133e+03 1.2773e+01 -3.0116e+03
5.2173e+05 2.6239e+01 5.2538e+02 -3.1252e+03 6.9171e+00 -3.0043e+03
5.4842e+05 2.6241e+01 4.6827e+02 -3.1361e+03 2.5200e+00 -2.9967e+03
5.4526e+05 2.6238e+01 4.1093e+02 -3.1460e+03 4.8801e+00 -2.9890e+03
5.4422e+05 2.6266e+01 3.5340e+02 -3.1548e+03 1.4090e+01 -2.9815e+03
3.9529e+05 2.5725e+01 2.9572e+02 -3.1625e+03 3.3429e+01 -2.9733e+03
-8.4116e+04 2.2799e+01 2.3795e+02 -3.1693e+03 5.3403e+01 -2.9658e+03
-1.3071e+06 1.8645e+01 1.8012e+02 -3.1749e+03 1.1093e+01 -2.9587e+03
-2.9494e+06 2.1866e+01 1.2229e+02 -3.1796e+03 -8.2948e+01 -2.9527e+03
-3.9949e+06 3.1829e+01 6.4502e+01 -3.1832e+03 -1.0687e+02 -2.9468e+03
-5.0688e+06 3.6300e+01 1.7549e+03 -2.6145e+03 1.6306e+00 -3.0882e+03
-5.1270e+06 3.6301e+01 1.7131e+03 -2.6432e+03 4.3038e+00 -3.0793e+03
-4.9943e+06 3.6305e+01 1.6703e+03 -2.6715e+03 1.0847e+00 -3.0810e+03
-5.0022e+06 3.6306e+01 1.6267e+03 -2.6995e+03 -1.5031e-01 -3.0763e+03
-4.9542e+06 3.6308e+01 1.5822e+03 -2.7270e+03 6.4619e-01 -3.0719e+03
-4.9694e+06 3.6312e+01 1.5369e+03 -2.7541e+03 -1.9778e+00 -3.0674e+03
-4.9204e+06 3.6314e+01 1.4907e+03 -2.7806e+03 -1.9740e+00 -3.0628e+03
-4.8893e+06 3.6311e+01 1.4436e+03 -2.8067e+03 -6.7962e-01 -3.0580e+03
-4.7907e+06 3.6306e+01 1.3958e+03 -2.8322e+03 1.7188e+00 -3.0528e+03
-4.7629e+06 3.6300e+01 1.3471e+03 -2.8570e+03 1.9265e+00 -3.0475e+03
-4.7153e+06 3.6299e+01 1.2976e+03 -2.8813e+03 1.5935e+00 -3.0420e+03
-4.7424e+06 3.6304e+01 1.2473e+03 -2.9049e+03 -2.1928e-01 -3.0365e+03
-4.7402e+06 3.6310e+01 1.1962e+03 -2.9277e+03 -1.9749e+00 -3.0309e+03
-4.7607e+06 3.6313e+01 1.1444e+03 -2.9499e+03 -1.6435e+00 -3.0250e+03
-4.7477e+06 3.6318e+01 1.0919e+03 -2.9713e+03 -2.3822e+00 -3.0195e+03
-4.7431e+06 3.5731e+01 1.0387e+03 -2.9918e+03 -2.9964e+01 -3.0139e+03
-4.2749e+06 3.4558e+01 9.8486e+02 -3.0116e+03 -5.0045e+01 -3.0069e+03
-2.9924e+06 3.2901e+01 9.3038e+02 -3.0304e+03 1.4323e+01 -2.9996e+03
-1.5002e+06 3.0128e+01 8.7529e+02 -3.0484e+03 8.6749e+01 -2.9932e+03
-5.9088e+05 2.7575e+01 8.1965e+02 -3.0655e+03 7.8559e+01 -2.9866e+03
-1.1714e+05 2.6473e+01 7.6349e+02 -3.0816e+03 4.1485e+01 -2.9798e+03
1.7208e+05 2.6225e+01 7.0685e+02 -3.0968e+03 2.5257e+01 -2.9730e+03
3.8478e+05 2.6227e+01 6.4977e+02 -3.1109e+03 2.3409e+01 -2.9660e+03
4.5328e+05 2.6232e+01 5.9229e+02 -3.1241e+03 1.2773e+01 -2.9588e+03
4.6280e+05 2.6242e+01 5.3447e+02 -3.1362e+03 -8.2568e-01 -2.9515e+03
4.6570e+05 2.6244e+01 4.7634e+02 -3.1473e+03 4.2053e-01 -2.9441e+03
5.1243e+05 2.6235e+01 4.1796e+02 -3.1573e+03 1.1774e+01 -2.9367e+03
4.8115e+05 2.6353e+01 3.5937e+02 -3.1663e+03 2.9549e+01 -2.9293e+03
2.5877e+05 2.4718e+01 3.0062e+02 -3.1742e+03 5.0276e+01 -2.9211e+03
-5.1047e+05 2.0456e+01 2.4176e+02 -3.1810e+03 5.9232e+01 -2.9135e+03
-2.0186e+06 1.7524e+01 1.8284e+02 -3.1867e+03 -2.1915e+00 -2.9070e+03
-3.7815e+06 2.2085e+01 1.2391e+02 -3.1914e+03 -1.0828e+02 -2.9010e+03
-4.5689e+06 3.1846e+01 6.5030e+01 -3.1949e+03 -1.0700e+02 -2.8933e+03
-5.0609e+06 3.6303e+01 1.7799e+03 -2.6140e+03 5.6993e+00 -3.0324e+03
-4.9908e+06 3.6303e+01 1.7378e+03 -2.6432e+03 8.6391e+00 -3.0234e+03
-5.0750e+06 3.6306e+01 1.6948e+03 -2.6720e+03 -1.0664e-01 -3.0251e+03
-5.0429e+06 3.6305e+01 1.6509e+03 -2.7005e+03 -2.6292e+00 -3.0205e+03
-5.0221e+06 3.6306e+01 1.6061e+03 -2.7286e+03 -1.5453e+00 -3.0164e+03
-4.9789e+06 3.6310e+01 1.5604e+03 -2.7562e+03 -2.5130e+00 -3.0120e+03
-4.9358e+06 3.6311e+01 1.5138e+03 -2.7833e+03 -2.0450e+00 -3.0074e+03
-4.8604e+06 3.6309e+01 1.4663e+03 -2.8098e+03 4.6992e-01 -3.0028e+03
-4.8206e+06 3.6305e+01 1.4179e+03 -2.8359e+03 2.2059e+00 -2.9978e+03
-4.7653e+06 3.6302e+01 1.3687e+03 -2.8613e+03 2.6171e+00 -2.9925e+03
-4.7698e+06 3.6303e+01 1.3187e+03 -2.8861e+03 1.4521e+00 -2.9871e+03
-4.7652e+06 3.6306e+01 1.2678e+03 -2.9102e+03 -4.7244e-01 -2.9818e+03
-4.7855e+06 3.6309e+01 1.2161e+03 -2.9336e+03 -2.7439e+00 -2.9763e+03
-4.7696e+06 3.6309e+01 1.1636e+03 -2.9562e+03 -1.0443e+00 -2.9705e+03
-4.7840e+06 3.6310e+01 1.1104e+03 -2.9781e+03 3.6296e+00 -2.9653e+03
-4.8815e+06 3.4406e+01 1.0564e+03 -2.9991e+03 -2.3862e+01 -2.9606e+03
-4.9097e+06 3.0629e+01 1.0018e+03 -3.0193e+03 -8.5461e+01 -2.9533e+03
-4.2057e+06 2.8282e+01 9.4647e+02 -3.0387e+03 -8.6874e+01 -2.9453e+03
-2.7384e+06 2.7114e+01 8.9052e+02 -3.0571e+03 -2.5536e+00 -2.9391e+03
-1.2353e+06 2.6293e+01 8.3399e+02 -3.0746e+03 7.2143e+01 -2.9331e+03
-3.2627e+05 2.6188e+01 7.7690e+02 -3.0911e+03 7.4053e+01 -2.9266e+03
1.1976e+05 2.6216e+01 7.1930e+02 -3.1066e+03 4.2750e+01 -2.9198e+03
3.3324e+05 2.6471e+01 6.6123e+02 -3.1211e+03 2.5860e+01 -2.9127e+03
4.2593e+05 2.6775e+01 6.0274e+02 -3.1345e+03 1.4546e+01 -2.9056e+03
4.0256e+05 2.6654e+01 5.4388e+02 -3.1469e+03 7.5511e+00 -2.8985e+03
3.8774e+05 2.6460e+01 4.8469e+02 -3.1582e+03 1.6609e+01 -2.8912e+03
3.4608e+05 2.6591e+01 4.2523e+02 -3.1685e+03 3.6504e+01 -2.8838e+03
3.2732e+05 2.7241e+01 3.6554e+02 -3.1776e+03 7.1787e+01 -2.8764e+03
9.6822e+03 2.5511e+01 3.0568e+02 -3.1856e+03 1.0533e+02 -2.8689e+03
-9.8972e+05 2.0370e+01 2.4571e+02 -3.1925e+03 8.5706e+01 -2.8610e+03
-2.7322e+06 1.8284e+01 1.8566e+02 -3.1982e+03 -1.4876e+01 -2.8538e+03
-4.2696e+06 2.3978e+01 1.2560e+02 -3.2029e+03 -1.1016e+02 -2.8492e+03
-4.7578e+06 3.2590e+01 6.5577e+01 -3.2064e+03 -8.2576e+01 -2.8439e+03
-5.1555e+06 3.6305e+01 1.8054e+03 -2.6126e+03 4.8942e-01 -2.9763e+03
-5.1480e+06 3.6304e+01 1.7631e+03 -2.6423e+03 4.1974e+00 -2.9674e+03
-5.0357e+06 3.6307e+01 1.7198e+03 -2.6717e+03 8.4360e-01 -2.9693e+03
-4.9870e+06 3.6305e+01 1.6756e+03 -2.7007e+03 5.6948e-01 -2.9647e+03
-4.9786e+06 3.6305e+01 1.6305e+03 -2.7293e+03 1.3725e+00 -2.9606e+03
-4.9602e+06 3.6308e+01 1.5844e+03 -2.7575e+03 -1.0679e+00 -2.9563e+03
-4.9421e+06 3.6309e+01 1.5374e+03 -2.7851e+03 -1.3925e+00 -2.9519e+03
-4.8832e+06 3.6305e+01 1.4895e+03 -2.8123e+03 4.8383e-01 -2.9473e+03
-4.8127e+06 3.6302e+01 1.4407e+03 -2.8389e+03 2.2403e+00 -2.9425e+03
-4.7996e+06 3.6302e+01 1.3910e+03 -2.8648e+03 1.7703e+00 -2.9375e+03
-4.7877e+06 3.6305e+01 1.3403e+03 -2.8902e+03 8.1746e-01 -2.9324e+03
-4.8042e+06 3.6307e+01 1.2889e+03 -2.9148e+03 -6.7177e-01 -2.9271e+03
-4.7980e+06 3.6308e+01 1.2365e+03 -2.9388e+03 -2.5039e+00 -2.9217e+03
-4.7981e+06 3.6306e+01 1.1834e+03 -2.9620e+03 -9.1922e-01 -2.9159e+03
-4.7933e+06 3.6306e+01 1.1294e+03 -2.9843e+03 7.8550e+00 -2.9100e+03
-4.9408e+06 3.4170e+01 1.0747e+03 -3.0059e+03 -4.5232e+00 -2.9051e+03
-5.1953e+06 2.9520e+01 1.0193e+03 -3.0266e+03 -6.3839e+01 -2.8984e+03
-5.0992e+06 2.6653e+01 9.6309e+02 -3.0464e+03 -1.1698e+02 -2.8912e+03
-4.1245e+06 2.6294e+01 9.0627e+02 -3.0653e+03 -8.7407e+01 -2.8857e+03
-2.5056e+06 2.6262e+01 8.4881e+02 -3.0832e+03 1.0489e+01 -2.8796e+03
-1.0096e+06 2.6213e+01 7.9077e+02 -3.1001e+03 7.6737e+01 -2.8732e+03
-1.4328e+05 2.6590e+01 7.3218e+02 -3.1160e+03 6.9275e+01 -2.8663e+03
2.6191e+05 2.7893e+01 6.7310e+02 -3.1308e+03 4.2148e+01 -2.8593e+03
3.9823e+05 2.8867e+01 6.1356e+02 -3.1446e+03 3.0390e+01 -2.8527e+03
3.3745e+05 2.8221e+01 5.5363e+02 -3.1573e+03 2.8167e+01 -2.8459e+03
1.1117e+04 2.7489e+01 4.9335e+02 -3.1688e+03 2.3717e+01 -2.8387e+03
-3.8175e+05 2.7806e+01 4.3277e+02 -3.1793e+03 2.1981e+01 -2.8315e+03
-6.3485e+05 2.8848e+01 3.7195e+02 -3.1886e+03 6.0330e+01 -2.8244e+03
-9.0939e+05 2.8432e+01 3.1094e+02 -3.1967e+03 1.1672e+02 -2.8159e+03
-1.9551e+06 2.4478e+01 2.4980e+02 -3.2037e+03 8.2796e+01 -2.8064e+03
-3.5093e+06 2.2948e+01 1.8858e+02 -3.2096e+03 -3.5761e+01 -2.7998e+03
-4.5551e+06 2.8421e+01 1.2735e+02 -3.2142e+03 -9.0948e+01 -2.7953e+03
-4.6838e+06 3.4469e+01 6.6145e+01 -3.2177e+03 -4.2728e+01 -2.7891e+03
-5.0233e+06 3.6304e+01 1.8314e+03 -2.6103e+03 7.6846e+00 -2.9204e+03
-5.0289e+06 3.6303e+01 1.7889e+03 -2.6406e+03 1.0010e+01 -2.9114e+03
-5.0781e+06 3.6307e+01 1.7455e+03 -2.6705e+03 -5.1864e-01 -2.9132e+03
-5.1188e+06 3.6306e+01 1.7010e+03 -2.7001e+03 -4.3271e+00 -2.9088e+03
-5.0262e+06 3.6305e+01 1.6556e+03 -2.7293e+03 -1.6519e+00 -2.9048e+03
-5.0157e+06 3.6307e+01 1.6091e+03 -2.7580e+03 -1.8875e+00 -2.9006e+03
-4.9228e+06 3.6308e+01 1.5618e+03 -2.7862e+03 -4.7004e-01 -2.8963e+03
-4.8794e+06 3.6304e+01 1.5134e+03 -2.8139e+03 1.3441e+00 -2.8917e+03
-4.8353e+06 3.6301e+01 1.4641e+03 -2.8411e+03 1.4645e+00 -2.8870e+03
-4.8144e+06 3.6302e+01 1.4139e+03 -2.8677e+03 1.0301e+00 -2.8822e+03
-4.8121e+06 3.6304e+01 1.3627e+03 -2.8936e+03 5.5122e-01 -2.8772e+03
-4.8126e+06 3.6306e+01 1.3106e+03 -2.9188e+03 -1.9453e-01 -2.8721e+03
-4.8194e+06 3.6307e+01 1.2576e+03 -2.9433e+03 -1.4542e+00 -2.8668e+03
-4.8106e+06 3.6307e+01 1.2038e+03 -2.9671e+03 -1.2978e+00 -2.8612e+03
-4.8155e+06 3.6305e+01 1.1491e+03 -2.9900e+03 6.8465e+00 -2.8552e+03
-4.8809e+06 3.5249e+01 1.0936e+03 -3.0121e+03 1.4185e+01 -2.8504e+03
-5.1295e+06 3.1702e+01 1.0373e+03 -3.0334e+03 -1.2081e+01 -2.8442e+03
-5.3481e+06 2.7764e+01 9.8027e+02 -3.0537e+03 -7.4346e+01 -2.8375e+03
-5.0759e+06 2.6316e+01 9.2254e+02 -3.0730e+03 -1.1470e+02 -2.8322e+03
-3.9399e+06 2.6453e+01 8.6414e+02 -3.0914e+03 -7.6432e+01 -2.8259e+03
-2.2472e+06 2.6975e+01 8.0512e+02 -3.1087e+03 1.9464e+01 -2.8195e+03
-7.4553e+05 2.8376e+01 7.4552e+02 -3.1250e+03 8.5308e+01 -2.8128e+03
5.8927e+04 3.0394e+01 6.8539e+02 -3.1402e+03 8.4240e+01 -2.8059e+03
3.0805e+05 3.1393e+01 6.2478e+02 -3.1543e+03 5.9557e+01 -2.7993e+03
1.3345e+05 3.0510e+01 5.6373e+02 -3.1673e+03 4.6533e+01 -2.7929e+03
-5.5299e+05 2.9291e+01 5.0232e+02 -3.1792e+03 1.4107e+01 -2.7864e+03
-1.6341e+06 2.8746e+01 4.4059e+02 -3.1898e+03 -5.5748e+01 -2.7798e+03
-2.3842e+06 2.9410e+01 3.7859e+02 -3.1993e+03 -7.2183e+01 -2.7725e+03
-2.7217e+06 3.1227e+01 3.1639e+02 -3.2076e+03 -4.7738e+00 -2.7624e+03
-3.3101e+06 3.0456e+01 2.5404e+02 -3.2147e+03 9.2707e+00 -2.7535e+03
-4.2053e+06 2.9438e+01 1.9161e+02 -3.2206e+03 -5.0267e+01 -2.7481e+03
-4.6225e+06 3.2643e+01 1.2916e+02 -3.2253e+03 -5.8117e+01 -2.7456e+03
-4.5934e+06 3.5738e+01 6.6734e+01 -3.2288e+03 -1.3941e+01 -2.7409e+03
-5.2649e+06 3.6303e+01 1.8581e+03 -2.6071e+03 -9.0460e-01 -2.8636e+03
-5.1455e+06 3.6301e+01 1.8154e+03 -2.6379e+03 5.1017e+00 -2.8547e+03
-5.1048e+06 3.6307e+01 1.7717e+03 -2.6684e+03 -8.1203e-01 -2.8571e+03
-4.9622e+06 3.6306e+01 1.7270e+03 -2.6986e+03 1.0809e+00 -2.8528e+03
-5.0219e+06 3.6305e+01 1.6812e+03 -2.7283e+03 1.3490e+00 -2.8490e+03
-4.9390e+06 3.6307e+01 1.6345e+03 -2.7576e+03 6.5334e-01 -2.8448e+03
-4.9883e+06 3.6309e+01 1.5867e+03 -2.7865e+03 -1.6798e+00 -2.8405e+03
-4.9058e+06 3.6307e+01 1.5379e+03 -2.8148e+03 -4.3428e-01 -2.8361e+03
-4.8753e+06 3.6304e+01 1.4882e+03 -2.8426e+03 3.3165e-02 -2.8315e+03
-4.8320e+06 3.6303e+01 1.4374e+03 -2.8697e+03 9.4028e-01 -2.8267e+03
-4.8307e+06 3.6303e+01 1.3857e+03 -2.8963e+03 4.3788e-01 -2.8219e+03
-4.8212e+06 3.6305e+01 1.3330e+03 -2.9221e+03 3.0157e-01 -2.8169e+03
-4.8308e+06 3.6307e+01 1.2793e+03 -2.9472e+03 -7.9500e-01 -2.8117e+03
-4.8273e+06 3.6308e+01 1.2248e+03 -2.9716e+03 -1.5259e+00 -2.8064e+03
-4.8205e+06 3.6306e+01 1.1694e+03 -2.9951e+03 2.9657e+00 -2.8009e+03
-4.8365e+06 3.6096e+01 1.1131e+03 -3.0178e+03 1.7668e+01 -2.7958e+03
-5.0191e+06 3.3385e+01 1.0559e+03 -3.0396e+03 9.6881e+00 -2.7900e+03
-5.3500e+06 2.8592e+01 9.9804e+02 -3.0604e+03 -4.1213e+01 -2.7840e+03
-5.4192e+06 2.6607e+01 9.3938e+02 -3.0803e+03 -9.5587e+01 -2.7787e+03
-4.8810e+06 2.7618e+01 8.8001e+02 -3.0991e+03 -1.1296e+02 -2.7724e+03
-3.5833e+06 2.9238e+01 8.1998e+02 -3.1169e+03 -6.0552e+01 -2.7659e+03
-1.9059e+06 3.1142e+01 7.5934e+02 -3.1336e+03 3.8969e+01 -2.7596e+03
-6.2872e+05 3.2433e+01 6.9812e+02 -3.1493e+03 9.3960e+01 -2.7525e+03
-1.0834e+05 3.2530e+01 6.3640e+02 -3.1637e+03 8.2072e+01 -2.7456e+03
-1.2812e+05 3.2009e+01 5.7421e+02 -3.1771e+03 6.6718e+01 -2.7392e+03
-8.1899e+05 3.0600e+01 5.1163e+02 -3.1892e+03 3.4468e+01 -2.7326e+03
-2.2044e+06 2.8335e+01 4.4870e+02 -3.2001e+03 -7.6273e+01 -2.7267e+03
-3.5113e+06 2.8992e+01 3.8548e+02 -3.2098e+03 -1.6286e+02 -2.7196e+03
-4.0380e+06 3.3112e+01 3.2205e+02 -3.2183e+03 -1.2414e+02 -2.7109e+03
-4.2908e+06 3.4629e+01 2.5845e+02 -3.2255e+03 -6.3647e+01 -2.7045e+03
-4.5310e+06 3.3790e+01 1.9476e+02 -3.2315e+03 -5.1239e+01 -2.6986e+03
-4.6212e+06 3.4759e+01 1.3104e+02 -3.2362e+03 -3.4570e+01 -2.6932e+03
-4.5331e+06 3.6057e+01 6.7346e+01 -3.2396e+03 -6.9575e+00 -2.6861e+03
-5.0257e+06 3.6304e+01 1.8853e+03 -2.6029e+03 9.3513e+00 -2.8072e+03
-5.0400e+06 3.6303e+01 1.8424e+03 -2.6343e+03 1.1110e+01 -2.7985e+03
-5.1162e+06 3.6307e+01 1.7985e+03 -2.6654e+03 -9.8899e-01 -2.8006e+03
-5.1776e+06 3.6307e+01 1.7536e+03 -2.6961e+03 -5.8735e+00 -2.7964e+03
-5.0516e+06 3.6306e+01 1.7076e+03 -2.7265e+03 -2.0184e+00 -2.7927e+03
-5.0431e+06 3.6308e+01 1.6605e+03 -2.7564e+03 -1.3397e+00 -2.7887e+03
-4.9391e+06 3.6310e+01 1.6123e+03 -2.7859e+03 -2.6688e-01 -2.7846e+03
-4.9200e+06 3.6309e+01 1.5632e+03 -2.8148e+03 5.2404e-01 -2.7803e+03
-4.8873e+06 3.6307e+01 1.5129e+03 -2.8432e+03 4.0499e-01 -2.7759e+03
-4.8602e+06 3.6305e+01 1.4616e+03 -2.8710e+03 7.1506e-01 -2.7713e+03
-4.8444e+06 3.6304e+01 1.4093e+03 -2.8982e+03 6.3907e-01 -2.7665e+03
-4.8353e+06 3.6305e+01 1.3560e+03 -2.9247e+03 5.8453e-02 -2.7616e+03
-4.8390e+06 3.6307e+01 1.3017e+03 -2.9504e+03 -1.4852e-01 -2.7565e+03
-4.8314e+06 3.6308e+01 1.2465e+03 -2.9754e+03 -8.6449e-01 -2.7514e+03
-4.8252e+06 3.6307e+01 1.1903e+03 -2.9996e+03 1.4088e+00 -2.7462e+03
-4.8126e+06 3.6301e+01 1.1332e+03 -3.0228e+03 1.3297e+01 -2.7406e+03
-4.9480e+06 3.4324e+01 1.0752e+03 -3.0452e+03 1.0983e+01 -2.7347e+03
-5.2152e+06 3.0246e+01 1.0164e+03 -3.0666e+03 -2.4033e+01 -2.7287e+03
-5.3313e+06 2.8724e+01 9.5681e+02 -3.0870e+03 -5.7019e+01 -2.7235e+03
-5.0780e+06 3.0524e+01 8.9645e+02 -3.1064e+03 -7.7822e+01 -2.7181e+03
-4.4029e+06 3.2445e+01 8.3538e+02 -3.1247e+03 -8.2490e+01 -2.7117e+03
-3.2243e+06 3.3642e+01 7.7366e+02 -3.1419e+03 -3.4015e+01 -2.7056e+03
-1.9281e+06 3.3833e+01 7.1133e+02 -3.1579e+03 3.7540e+01 -2.6992e+03
-1.0077e+06 3.2897e+01 6.4845e+02 -3.1728e+03 7.0470e+01 -2.6924e+03
-5.7226e+05 3.2291e+01 5.8509e+02 -3.1864e+03 8.5130e+01 -2.6854e+03
-6.9525e+05 3.1407e+01 5.2129e+02 -3.1989e+03 8.8758e+01 -2.6786e+03
-1.6388e+06 2.9613e+01 4.5712e+02 -3.2101e+03 2.3593e+01 -2.6727e+03
-2.9450e+06 3.0679e+01 3.9264e+02 -3.2200e+03 -7.7726e+01 -2.6658e+03
-3.8697e+06 3.4498e+01 3.2792e+02 -3.2286e+03 -1.0930e+02 -2.6593e+03
-4.2705e+06 3.6130e+01 2.6303e+02 -3.2360e+03 -8.2379e+01 -2.6538e+03
-4.4945e+06 3.5767e+01 1.9803e+02 -3.2420e+03 -6.1426e+01 -2.6461e+03
-4.5527e+06 3.5873e+01 1.3299e+02 -3.2468e+03 -4.1915e+01 -2.6414e+03
-4.5243e+06 3.6216e+01 6.7982e+01 -3.2503e+03 -1.6580e+01 -2.6366e+03
-5.3204e+06 3.6306e+01 1.9131e+03 -2.5978e+03 -4.4285e+00 -2.7503e+03
-5.2764e+06 3.6305e+01 1.8701e+03 -2.6297e+03 2.0082e+00 -2.7418e+03
-5.1022e+06 3.6309e+01 1.8260e+03 -2.6614e+03 2.8759e-01 -2.7444e+03
-4.9831e+06 3.6308e+01 1.7808e+03 -2.6927e+03 2.1121e+00 -2.7403e+03
-5.0057e+06 3.6306e+01 1.7346e+03 -2.7237e+03 3.1110e+00 -2.7367e+03
-4.9538e+06 3.6307e+01 1.6872e+03 -2.7542e+03 2.0127e+00 -2.7327e+03
-4.9909e+06 3.6308e+01 1.6387e+03 -2.7843e+03 -3.0704e-01 -2.7286e+03
-4.9444e+06 3.6306e+01 1.5891e+03 -2.8140e+03 -2.4009e-01 -2.7244e+03
-4.8927e+06 3.6305e+01 1.5384e+03 -2.8430e+03 4.5477e-01 -2.7201e+03
-4.8779e+06 3.6305e+01 1.4866e+03 -2.8715e+03 7.0160e-01 -2.7156e+03
-4.8567e+06 3.6306e+01 1.4337e+03 -2.8993e+03 3.4646e-01 -2.7110e+03
-4.8585e+06 3.6307e+01 1.3798e+03 -2.9265e+03 5.9605e-02 -2.7062e+03
-4.8460e+06 3.6309e+01 1.3248e+03 -2.9529e+03 -1.6237e-01 -2.7013e+03
-4.8499e+06 3.6310e+01 1.2689e+03 -2.9785e+03 -2.5865e-01 -2.6963e+03
-4.8253e+06 3.6308e+01 1.2119e+03 -3.0033e+03 6.8703e-01 -2.6911e+03
-4.8212e+06 3.6303e+01 1.1540e+03 -3.0272e+03 7.7085e+00 -2.6856e+03
-4.8573e+06 3.5513e+01 1.0952e+03 -3.0502e+03 1.0740e+01 -2.6799e+03
-4.9869e+06 3.3629e+01 1.0354e+03 -3.0722e+03 -2.6295e+00 -2.6736e+03
-5.0205e+06 3.2784e+01 9.7485e+02 -3.0932e+03 -1.5637e+01 -2.6680e+03
-4.8937e+06 3.3965e+01 9.1347e+02 -3.1131e+03 -2.3575e+01 -2.6635e+03
-4.6060e+06 3.5189e+01 8.5134e+02 -3.1320e+03 -4.4809e+01 -2.6577e+03
-4.0959e+06 3.5584e+01 7.8851e+02 -3.1496e+03 -5.6508e+01 -2.6515e+03
-3.2907e+06 3.5173e+01 7.2503e+02 -3.1661e+03 -3.3840e+01 -2.6456e+03
-2.3635e+06 3.3943e+01 6.6097e+02 -3.1814e+03 8.8467e+00 -2.6391e+03
-1.4570e+06 3.2981e+01 5.9638e+02 -3.1955e+03 6.2155e+01 -2.6320e+03
-8.6960e+05 3.2775e+01 5.3132e+02 -3.2082e+03 1.1206e+02 -2.6257e+03
-9.1184e+05 3.3269e+01 4.6587e+02 -3.2197e+03 1.1995e+02 -2.6195e+03
-1.6539e+06 3.4464e+01 4.0008e+02 -3.2299e+03 6.2698e+01 -2.6121e+03
-2.5515e+06 3.5761e+01 3.3403e+02 -3.2387e+03 -1.7416e+00 -2.6055e+03
-3.3104e+06 3.6349e+01 2.6780e+02 -3.2462e+03 -3.3787e+01 -2.6001e+03
-3.9251e+06 3.6379e+01 2.0144e+02 -3.2524e+03 -6.2853e+01 -2.5934e+03
-4.3503e+06 3.6360e+01 1.3503e+02 -3.2572e+03 -7.2464e+01 -2.5878e+03
-4.4775e+06 3.6342e+01 6.8643e+01 -3.2607e+03 -4.6353e+01 -2.5818e+03
-5.1021e+06 3.6308e+01 1.9415e+03 -2.5915e+03 8.6238e+00 -2.6940e+03
-4.9996e+06 3.6307e+01 1.8984e+03 -2.6240e+03 1.2705e+01 -2.6854e+03
-5.2031e+06 3.6310e+01 1.8542e+03 -2.6563e+03 -1.0295e+00 -2.6877e+03
-5.2057e+06 3.6309e+01 1.8088e+03 -2.6883e+03 -6.1532e+00 -2.6836e+03
-5.1051e+06 3.6306e+01 1.7622e+03 -2.7199e+03 -2.4321e+00 -2.6801e+03
-5.0391e+06 3.6305e+01 1.7145e+03 -2.7511e+03 -2.3309e-01 -2.6764e+03
-4.9487e+06 3.6303e+01 1.6657e+03 -2.7819e+03 6.0449e-01 -2.6726e+03
-4.8987e+06 3.6300e+01 1.6157e+03 -2.8122e+03 1.0728e+00 -2.6687e+03
-4.9099e+06 3.6298e+01 1.5645e+03 -2.8420e+03 -2.7273e-01 -2.6644e+03
-4.8673e+06 3.6301e+01 1.5122e+03 -2.8711e+03 4.5144e-01 -2.6600e+03
-4.8841e+06 3.6306e+01 1.4588e+03 -2.8997e+03 5.6619e-01 -2.6555e+03
-4.8626e+06 3.6310e+01 1.4043e+03 -2.9275e+03 1.8350e-01 -2.6508e+03
-4.8812e+06 3.6312e+01 1.3487e+03 -2.9546e+03 -8.6902e-01 -2.6460e+03
-4.8534e+06 3.6312e+01 1.2920e+03 -2.9810e+03 -1.0679e+00 -2.6411e+03
-4.8524e+06 3.6310e+01 1.2343e+03 -3.0064e+03 -6.6201e-01 -2.6361e+03
-4.8116e+06 3.6306e+01 1.1755e+03 -3.0310e+03 2.5274e+00 -2.6310e+03
-4.8146e+06 3.6230e+01 1.1158e+03 -3.0546e+03 6.8797e+00 -2.6262e+03
-4.8078e+06 3.5929e+01 1.0551e+03 -3.0773e+03 6.8620e+00 -2.6205e+03
-4.8042e+06 3.5678e+01 9.9354e+02 -3.0989e+03 3.9411e+00 -2.6144e+03
-4.7266e+06 3.5909e+01 9.3112e+02 -3.1194e+03 4.3643e-01 -2.6090e+03
-4.6305e+06 3.6269e+01 8.6790e+02 -3.1388e+03 -1.3560e+01 -2.6037e+03
-4.4646e+06 3.6355e+01 8.0392e+02 -3.1570e+03 -3.7596e+01 -2.5977e+03
-4.1571e+06 3.6079e+01 7.3926e+02 -3.1740e+03 -5.6229e+01 -2.5918e+03
-3.5834e+06 3.5573e+01 6.7397e+02 -3.1897e+03 -4.7067e+01 -2.5856e+03
-2.7215e+06 3.4806e+01 6.0811e+02 -3.2042e+03 -2.4070e+00 -2.5792e+03
-1.7683e+06 3.4460e+01 5.4175e+02 -3.2173e+03 6.2188e+01 -2.5731e+03
-1.1046e+06 3.5437e+01 4.7496e+02 -3.2291e+03 1.1403e+02 -2.5668e+03
-9.9692e+05 3.6294e+01 4.0782e+02 -3.2395e+03 1.1638e+02 -2.5600e+03
-1.3191e+06 3.6308e+01 3.4039e+02 -3.2486e+03 9.1212e+01 -2.5525e+03
-1.8962e+06 3.6281e+01 2.7275e+02 -3.2562e+03 6.0080e+01 -2.5463e+03
-2.7544e+06 3.6310e+01 2.0498e+02 -3.2625e+03 1.9547e+00 -2.5405e+03
-3.6173e+06 3.6342e+01 1.3714e+02 -3.2674e+03 -5.9873e+01 -2.5364e+03
-4.2214e+06 3.6358e+01 6.9331e+01 -3.2708e+03 -7.2363e+01 -2.5320e+03
-5.3855e+06 3.6307e+01 1.9706e+03 -2.5842e+03 -7.8524e+00 -2.6369e+03
-5.4140e+06 3.6307e+01 1.9274e+03 -2.6173e+03 -1.0909e+00 -2.6286e+03
-5.0899e+06 3.6310e+01 1.8830e+03 -2.6502e+03 1.2385e+00 -2.6313e+03
-4.9765e+06 3.6308e+01 1.8374e+03 -2.6828e+03 4.9912e+00 -2.6274e+03
-4.9765e+06 3.6304e+01 1.7906e+03 -2.7151e+03 5.7203e+00 -2.6238e+03
-4.9541e+06 3.6302e+01 1.7426e+03 -2.7470e+03 3.0460e+00 -2.6200e+03
-4.9828e+06 3.6297e+01 1.6934e+03 -2.7785e+03 -7.4252e-01 -2.6163e+03
-4.9528e+06 3.6292e+01 1.6431e+03 -2.8095e+03 -2.0157e+00 -2.6127e+03
-4.8737e+06 3.6291e+01 1.5915e+03 -2.8400e+03 -8.9363e-01 -2.6086e+03
-4.8925e+06 3.6296e+01 1.5387e+03 -2.8699e+03 1.7215e-01 -2.6043e+03
-4.8706e+06 3.6305e+01 1.4847e+03 -2.8991e+03 8.7029e-01 -2.5999e+03
-4.8974e+06 3.6312e+01 1.4296e+03 -2.9277e+03 3.2249e-01 -2.5954e+03
-4.8749e+06 3.6314e+01 1.3733e+03 -2.9556e+03 -1.3498e+00 -2.5907e+03
-4.8798e+06 3.6312e+01 1.3159e+03 -2.9826e+03 -1.9416e+00 -2.5859e+03
-4.8363e+06 3.6309e+01 1.2574e+03 -3.0088e+03 -1.3133e+00 -2.5810e+03
-4.8257e+06 3.6306e+01 1.1978e+03 -3.0341e+03 8.6177e-02 -2.5760e+03
-4.7838e+06 3.6304e+01 1.1371e+03 -3.0584e+03 1.5674e+00 -2.5711e+03
-4.7775e+06 3.6313e+01 1.0755e+03 -3.0817e+03 2.2094e+00 -2.5661e+03
-4.7400e+06 3.6325e+01 1.0129e+03 -3.1040e+03 1.6780e+00 -2.5604e+03
-4.7126e+06 3.6320e+01 9.4943e+02 -3.1251e+03 -7.7633e-02 -2.5546e+03
-4.6605e+06 3.6316e+01 8.8508e+02 -3.1451e+03 -5.2727e+00 -2.5491e+03
-4.6062e+06 3.6325e+01 8.1993e+02 -3.1638e+03 -1.6696e+01 -2.5435e+03
-4.4989e+06 3.6333e+01 7.5404e+02 -3.1814e+03 -3.4680e+01 -2.5379e+03
-4.2597e+06 3.6351e+01 6.8748e+02 -3.1976e+03 -4.9704e+01 -2.5320e+03
-3.7913e+06 3.6088e+01 6.2031e+02 -3.2125e+03 -4.7544e+01 -2.5261e+03
-3.0386e+06 3.5774e+01 5.5260e+02 -3.2260e+03 -1.5730e+01 -2.5199e+03
-2.1583e+06 3.5991e+01 4.8443e+02 -3.2381e+03 4.1358e+01 -2.5137e+03
-1.4521e+06 3.6247e+01 4.1587e+02 -3.2489e+03 8.4972e+01 -2.5075e+03
-1.0833e+06 3.6249e+01 3.4701e+02 -3.2582e+03 1.0472e+02 -2.5004e+03
-1.0965e+06 3.6255e+01 2.7791e+02 -3.2660e+03 1.1040e+02 -2.4935e+03
-1.5398e+06 3.6272e+01 2.0866e+02 -3.2724e+03 8.5745e+01 -2.4876e+03
-2.4176e+06 3.6306e+01 1.3935e+02 -3.2773e+03 2.3098e+01 -2.4830e+03
-3.4610e+06 3.6341e+01 7.0048e+01 -3.2808e+03 -4.5848e+01 -2.4769e+03
-5.1154e+06 3.6307e+01 2.0002e+03 -2.5757e+03 1.0665e+01 -2.5807e+03
-4.9251e+06 3.6305e+01 1.9569e+03 -2.6095e+03 1.6081e+01 -2.5721e+03
-5.2647e+06 3.6306e+01 1.9124e+03 -2.6430e+03 -2.5604e+00 -2.5746e+03
-5.2482e+06 3.6303e+01 1.8667e+03 -2.6763e+03 -6.8975e+00 -2.5706e+03
-5.1547e+06 3.6300e+01 1.8197e+03 -2.7092e+03 -4.2603e+00 -2.5674e+03
-5.0576e+06 3.6299e+01 1.7714e+03 -2.7418e+03 -4.6804e-01 -2.5638e+03
-4.9558e+06 3.6295e+01 1.7219e+03 -2.7740e+03 -1.3481e-02 -2.5603e+03
-4.8741e+06 3.6289e+01 1.6712e+03 -2.8058e+03 2.0047e+00 -2.5566e+03
-4.9156e+06 3.6288e+01 1.6192e+03 -2.8370e+03 -6.5195e-01 -2.5525e+03
-4.8664e+06 3.6295e+01 1.5659e+03 -2.8677e+03 4.1007e-01 -2.5482e+03
-4.9160e+06 3.6306e+01 1.5114e+03 -2.8977e+03 1.4199e-02 -2.5441e+03
-4.8775e+06 3.6312e+01 1.4557e+03 -2.9271e+03 1.0071e+00 -2.5398e+03
-4.8947e+06 3.6312e+01 1.3987e+03 -2.9557e+03 -1.9425e-01 -2.5353e+03
-4.8452e+06 3.6308e+01 1.3406e+03 -2.9835e+03 -5.3030e-01 -2.5306e+03
-4.8484e+06 3.6305e+01 1.2813e+03 -3.0104e+03 -6.9867e-01 -2.5259e+03
-4.7999e+06 3.6303e+01 1.2208e+03 -3.0365e+03 3.8555e-01 -2.5210e+03
-4.7968e+06 3.6302e+01 1.1593e+03 -3.0615e+03 5.7100e-01 -2.5160e+03
-4.7616e+06 3.6303e+01 1.0966e+03 -3.0855e+03 1.8253e-01 -2.5109e+03
-4.7618e+06 3.6307e+01 1.0330e+03 -3.1085e+03 -9.2482e-01 -2.5057e+03
-4.7314e+06 3.6310e+01 9.6843e+02 -3.1303e+03 -1.9960e+00 -2.5003e+03
-4.7131e+06 3.6315e+01 9.0292e+02 -3.1509e+03 -3.2651e+00 -2.4949e+03
-4.6736e+06 3.6321e+01 8.3656e+02 -3.1702e+03 -6.3268e+00 -2.4893e+03
-4.6271e+06 3.6328e+01 7.6941e+02 -3.1883e+03 -1.4314e+01 -2.4838e+03
-4.5487e+06 3.6334e+01 7.0153e+02 -3.2050e+03 -2.8786e+01 -2.4781e+03
-4.3705e+06 3.6329e+01 6.3300e+02 -3.2204e+03 -4.7279e+01 -2.4724e+03
-4.0144e+06 3.6310e+01 5.6390e+02 -3.2343e+03 -5.2779e+01 -2.4664e+03
-3.3718e+06 3.6286e+01 4.9429e+02 -3.2469e+03 -2.6494e+01 -2.4603e+03
-2.5990e+06 3.6265e+01 4.2426e+02 -3.2579e+03 1.9292e+01 -2.4542e+03
-1.8676e+06 3.6261e+01 3.5390e+02 -3.2674e+03 5.6840e+01 -2.4476e+03
-1.3561e+06 3.6261e+01 2.8329e+02 -3.2755e+03 8.4649e+01 -2.4411e+03
-1.1352e+06 3.6258e+01 2.1251e+02 -3.2820e+03 1.0532e+02 -2.4348e+03
-1.4287e+06 3.6271e+01 1.4165e+02 -3.2870e+03 9.4412e+01 -2.4319e+03
-2.4254e+06 3.6304e+01 7.0796e+01 -3.2905e+03 2.2774e+01 -2.4261e+03
-5.4338e+06 3.6305e+01 2.0306e+03 -2.5661e+03 -2.6934e+00 -2.5228e+03
-5.5631e+06 3.6301e+01 1.9872e+03 -2.6004e+03 -9.2564e+00 -2.5149e+03
-5.0357e+06 3.6301e+01 1.9426e+03 -2.6346e+03 7.9755e+00 -2.5179e+03
-4.9437e+06 3.6298e+01 1.8967e+03 -2.6686e+03 4.2006e+00 -2.5145e+03
-4.9445e+06 3.6297e+01 1.8495e+03 -2.7023e+03 1.0978e+01 -2.5110e+03
-4.9751e+06 3.6298e+01 1.8010e+03 -2.7356e+03 3.5541e-01 -2.5076e+03
-5.0076e+06 3.6297e+01 1.7512e+03 -2.7685e+03 2.6050e+00 -2.5040e+03
-4.9985e+06 3.6293e+01 1.7001e+03 -2.8010e+03 -1.4671e+00 -2.5004e+03
-4.8831e+06 3.6293e+01 1.6477e+03 -2.8330e+03 3.9192e+00 -2.4964e+03
-4.9372e+06 3.6299e+01 1.5940e+03 -2.8645e+03 -7.7246e-01 -2.4923e+03
-4.8995e+06 3.6308e+01 1.5389e+03 -2.8953e+03 7.2544e-01 -2.4883e+03
-4.9209e+06 3.6310e+01 1.4826e+03 -2.9255e+03 -2.8090e-01 -2.4842e+03
-4.8528e+06 3.6307e+01 1.4250e+03 -2.9549e+03 2.9208e+00 -2.4799e+03
-4.8596e+06 3.6303e+01 1.3661e+03 -2.9835e+03 8.5754e-01 -2.4754e+03
-4.8178e+06 3.6302e+01 1.3060e+03 -3.0113e+03 9.2511e-01 -2.4707e+03
-4.8268e+06 3.6302e+01 1.2447e+03 -3.0381e+03 -6.0062e-02 -2.4660e+03
-4.7873e+06 3.6302e+01 1.1822e+03 -3.0639e+03 1.1088e+00 -2.4611e+03
-4.7957e+06 3.6303e+01 1.1186e+03 -3.0887e+03 -1.0079e-01 -2.4561e+03
-4.7723e+06 3.6307e+01 1.0539e+03 -3.1124e+03 -5.6730e-01 -2.4510e+03
-4.7760e+06 3.6311e+01 9.8816e+02 -3.1349e+03 -2.2618e+00 -2.4458e+03
-4.7497e+06 3.6315e+01 9.2146e+02 -3.1561e+03 -3.1729e+00 -2.4405e+03
-4.7297e+06 3.6318e+01 8.5385e+02 -3.1761e+03 -4.1056e+00 -2.4351e+03
-4.6931e+06 3.6322e+01 7.8539e+02 -3.1948e+03 -5.7727e+00 -2.4297e+03
-4.6553e+06 3.6327e+01 7.1616e+02 -3.2121e+03 -1.2935e+01 -2.4242e+03
-4.6080e+06 3.6334e+01 6.4622e+02 -3.2279e+03 -2.6924e+01 -2.4186e+03
-4.4689e+06 3.6352e+01 5.7567e+02 -3.2423e+03 -4.2841e+01 -2.4129e+03
-4.1994e+06 3.6123e+01 5.0457e+02 -3.2552e+03 -4.8124e+01 -2.4070e+03
-3.7171e+06 3.5850e+01 4.3301e+02 -3.2666e+03 -3.6509e+01 -2.4014e+03
-3.0962e+06 3.6057e+01 3.6109e+02 -3.2765e+03 -9.4920e+00 -2.3950e+03
-2.3559e+06 3.6284e+01 2.8890e+02 -3.2847e+03 2.4803e+01 -2.3884e+03
-1.6424e+06 3.6271e+01 2.1652e+02 -3.2914e+03 6.8596e+01 -2.3821e+03
-1.2494e+06 3.6262e+01 1.4405e+02 -3.2965e+03 1.0344e+02 -2.3796e+03
-1.5776e+06 3.6287e+01 7.1575e+01 -3.3000e+03 8.8799e+01 -2.3733e+03
-4.5505e+06 3.6308e+01 2.0615e+03 -2.5552e+03 3.0928e+01 -2.4662e+03
-5.2837e+06 3.6301e+01 2.0181e+03 -2.5902e+03 8.8009e+00 -2.4585e+03
-4.9451e+06 3.6299e+01 1.9735e+03 -2.6251e+03 9.3791e+00 -2.4606e+03
-5.6518e+06 3.6295e+01 1.9274e+03 -2.6597e+03 -1.9060e+01 -2.4576e+03
-4.9747e+06 3.6296e+01 1.8801e+03 -2.6941e+03 2.5556e-01 -2.4542e+03
-5.3497e+06 3.6300e+01 1.8314e+03 -2.7282e+03 -9.0073e+00 -2.4512e+03
-4.8252e+06 3.6302e+01 1.7813e+03 -2.7619e+03 6.4687e+00 -2.4477e+03
-5.0655e+06 3.6301e+01 1.7299e+03 -2.7952e+03 9.1762e-01 -2.4444e+03
-4.8700e+06 3.6302e+01 1.6770e+03 -2.8280e+03 6.1973e+00 -2.4402e+03
-5.0248e+06 3.6305e+01 1.6228e+03 -2.8603e+03 -1.9090e+00 -2.4366e+03
-4.8864e+06 3.6309e+01 1.5673e+03 -2.8920e+03 1.3177e+00 -2.4326e+03
-4.9672e+06 3.6308e+01 1.5103e+03 -2.9229e+03 -2.2823e+00 -2.4286e+03
-4.8426e+06 3.6304e+01 1.4521e+03 -2.9532e+03 3.4540e+00 -2.4242e+03
-4.8819e+06 3.6301e+01 1.3925e+03 -2.9827e+03 6.1058e-01 -2.4199e+03
-4.8204e+06 3.6301e+01 1.3316e+03 -3.0112e+03 1.3696e+00 -2.4154e+03
-4.8498e+06 3.6302e+01 1.2694e+03 -3.0389e+03 -1.3212e+00 -2.4109e+03
-4.8095e+06 3.6303e+01 1.2059e+03 -3.0656e+03 5.2640e-01 -2.4061e+03
-4.8252e+06 3.6306e+01 1.1413e+03 -3.0911e+03 -1.0026e+00 -2.4013e+03
-4.8004e+06 3.6308e+01 1.0755e+03 -3.1156e+03 -5.2477e-01 -2.3964e+03
-4.8066e+06 3.6312e+01 1.0087e+03 -3.1388e+03 -2.6400e+00 -2.3914e+03
-4.7811e+06 3.6315e+01 9.4074e+02 -3.1608e+03 -2.6225e+00 -2.3862e+03
-4.7654e+06 3.6316e+01 8.7184e+02 -3.1815e+03 -3.2288e+00 -2.3810e+03
-4.7216e+06 3.6316e+01 8.0204e+02 -3.2008e+03 -2.3225e+00 -2.3758e+03
-4.7057e+06 3.6318e+01 7.3140e+02 -3.2187e+03 -5.9734e+00 -2.3705e+03
-4.6703e+06 3.6329e+01 6.6000e+02 -3.2351e+03 -1.1690e+01 -2.3650e+03
-4.6390e+06 3.6431e+01 5.8794e+02 -3.2500e+03 -1.8513e+01 -2.3594e+03
-4.5457e+06 3.5806e+01 5.1529e+02 -3.2633e+03 -3.2991e+01 -2.3536e+03
-4.4135e+06 3.4985e+01 4.4214e+02 -3.2751e+03 -5.1761e+01 -2.3484e+03
-4.0339e+06 3.5600e+01 3.6860e+02 -3.2852e+03 -4.9762e+01 -2.3423e+03
-3.4550e+06 3.6310e+01 2.9475e+02 -3.2937e+03 -2.6685e+01 -2.3357e+03
-2.6612e+06 3.6294e+01 2.2070e+02 -3.3005e+03 9.6575e+00 -2.3296e+03
-1.9060e+06 3.6194e+01 1.4655e+02 -3.3057e+03 6.0006e+01 -2.3280e+03
-1.4488e+06 3.5868e+01 7.2390e+01 -3.3092e+03 1.0607e+02 -2.3223e+03
-5.9288e+06 3.6309e+01 2.0931e+03 -2.5430e+03 -2.3673e+01 -2.4094e+03
-5.4865e+06 3.6303e+01 2.0497e+03 -2.5787e+03 -1.4585e+00 -2.4013e+03
-5.2802e+06 3.6300e+01 2.0050e+03 -2.6143e+03 -1.9918e+00 -2.4049e+03
-4.7249e+06 3.6297e+01 1.9589e+03 -2.6496e+03 1.6364e+01 -2.4017e+03
-5.1175e+06 3.6298e+01 1.9114e+03 -2.6848e+03 5.1881e+00 -2.3983e+03
-4.8885e+06 3.6303e+01 1.8625e+03 -2.7196e+03 6.2635e+00 -2.3947e+03
-5.2062e+06 3.6306e+01 1.8122e+03 -2.7541e+03 -3.9847e+00 -2.3915e+03
-5.0299e+06 3.6307e+01 1.7605e+03 -2.7882e+03 4.4715e-01 -2.3879e+03
-5.0414e+06 3.6308e+01 1.7073e+03 -2.8219e+03 -1.0164e+00 -2.3845e+03
-4.9609e+06 3.6308e+01 1.6526e+03 -2.8550e+03 1.5257e+00 -2.3808e+03
-4.9876e+06 3.6308e+01 1.5965e+03 -2.8875e+03 -2.4587e+00 -2.3770e+03
-4.9274e+06 3.6307e+01 1.5390e+03 -2.9194e+03 -2.3172e-01 -2.3728e+03
-4.9187e+06 3.6305e+01 1.4801e+03 -2.9506e+03 -5.1771e-01 -2.3687e+03
-4.8722e+06 3.6302e+01 1.4198e+03 -2.9809e+03 1.8806e+00 -2.3646e+03
-4.8677e+06 3.6302e+01 1.3580e+03 -3.0104e+03 -2.9257e-01 -2.3603e+03
-4.8562e+06 3.6304e+01 1.2950e+03 -3.0389e+03 -1.9254e-01 -2.3557e+03
-4.8540e+06 3.6306e+01 1.2306e+03 -3.0664e+03 -1.5321e+00 -2.3512e+03
-4.8454e+06 3.6308e+01 1.1649e+03 -3.0928e+03 -8.6067e-01 -2.3465e+03
-4.8323e+06 3.6310e+01 1.0980e+03 -3.1181e+03 -1.6578e+00 -2.3418e+03
-4.8208e+06 3.6312e+01 1.0300e+03 -3.1422e+03 -1.8389e+00 -2.3369e+03
-4.8032e+06 3.6314e+01 9.6080e+02 -3.1649e+03 -2.5831e+00 -2.3320e+03
-4.7776e+06 3.6314e+01 8.9058e+02 -3.1863e+03 -1.6600e+00 -2.3269e+03
-4.7471e+06 3.6313e+01 8.1938e+02 -3.2063e+03 -2.0569e+00 -2.3217e+03
-4.7191e+06 3.6313e+01 7.4728e+02 -3.2248e+03 -4.1951e+00 -2.3166e+03
-4.7022e+06 3.6333e+01 6.7438e+02 -3.2418e+03 -5.1937e+00 -2.3114e+03
-4.6702e+06 3.6224e+01 6.0074e+02 -3.2572e+03 -2.8175e+00 -2.3059e+03
-4.6929e+06 3.5101e+01 5.2648e+02 -3.2710e+03 -1.5261e+01 -2.3005e+03
-4.6748e+06 3.4224e+01 4.5168e+02 -3.2832e+03 -3.8747e+01 -2.2951e+03
-4.5042e+06 3.5337e+01 3.7644e+02 -3.2936e+03 -4.5069e+01 -2.2889e+03
-4.1326e+06 3.6326e+01 3.0087e+02 -3.3024e+03 -4.0295e+01 -2.2827e+03
-3.6220e+06 3.6326e+01 2.2508e+02 -3.3094e+03 -3.1196e+01 -2.2773e+03
-2.9061e+06 3.5972e+01 1.4917e+02 -3.3147e+03 2.0813e+00 -2.2748e+03
-2.1305e+06 3.4834e+01 7.3242e+01 -3.3183e+03 5.8210e+01 -2.2686e+03
-5.3290e+06 3.6314e+01 2.1254e+03 -2.5296e+03 8.1938e+00 -2.3540e+03
-4.5084e+06 3.6307e+01 2.0820e+03 -2.5659e+03 3.1421e+01 -2.3448e+03
-5.6508e+06 3.6304e+01 2.0373e+03 -2.6022e+03 -1.3060e+01 -2.3480e+03
-5.3630e+06 3.6301e+01 1.9912e+03 -2.6383e+03 -1.0449e+01 -2.3440e+03
-5.5030e+06 3.6301e+01 1.9436e+03 -2.6742e+03 -1.6540e+01 -2.3412e+03
-5.1369e+06 3.6306e+01 1.8945e+03 -2.7098e+03 -1.7515e-01 -2.3378e+03
-5.1710e+06 3.6309e+01 1.8440e+03 -2.7451e+03 -4.1147e+00 -2.3353e+03
-4.9020e+06 3.6310e+01 1.7919e+03 -2.7801e+03 6.0950e+00 -2.3317e+03
-5.1566e+06 3.6308e+01 1.7384e+03 -2.8146e+03 -3.8030e+00 -2.3285e+03
-4.9169e+06 3.6306e+01 1.6833e+03 -2.8486e+03 1.8106e+00 -2.3249e+03
-5.0634e+06 3.6305e+01 1.6267e+03 -2.8820e+03 -3.3021e+00 -2.3211e+03
-4.8960e+06 3.6306e+01 1.5686e+03 -2.9148e+03 4.3871e-01 -2.3171e+03
-4.9960e+06 3.6306e+01 1.5091e+03 -2.9469e+03 -2.0684e+00 -2.3133e+03
-4.8600e+06 3.6305e+01 1.4480e+03 -2.9782e+03 1.6999e+00 -2.3092e+03
-4.9361e+06 3.6304e+01 1.3855e+03 -3.0086e+03 -8.0675e-01 -2.3049e+03
-4.8504e+06 3.6306e+01 1.3215e+03 -3.0380e+03 1.6968e-01 -2.3005e+03
-4.9116e+06 3.6309e+01 1.2562e+03 -3.0665e+03 -2.0974e+00 -2.2963e+03
-4.8405e+06 3.6310e+01 1.1894e+03 -3.0938e+03 -7.0851e-01 -2.2917e+03
-4.8698e+06 3.6310e+01 1.1214e+03 -3.1199e+03 -1.6491e+00 -2.2872e+03
-4.8114e+06 3.6311e+01 1.0522e+03 -3.1448e+03 -1.3414e+00 -2.2825e+03
-4.8267e+06 3.6313e+01 9.8169e+02 -3.1684e+03 -2.5419e+00 -2.2777e+03
-4.7759e+06 3.6314e+01 9.1010e+02 -3.1906e+03 -1.1938e+00 -2.2727e+03
-4.7675e+06 3.6314e+01 8.3746e+02 -3.2113e+03 -1.6377e+00 -2.2677e+03
-4.7255e+06 3.6313e+01 7.6386e+02 -3.2305e+03 -3.2446e+00 -2.2625e+03
-4.7058e+06 3.6364e+01 6.8938e+02 -3.2481e+03 -1.1743e+00 -2.2574e+03
-4.6970e+06 3.5710e+01 6.1412e+02 -3.2641e+03 2.0387e+00 -2.2521e+03
-4.7501e+06 3.3963e+01 5.3817e+02 -3.2784e+03 -9.8674e+00 -2.2469e+03
-4.7761e+06 3.3599e+01 4.6164e+02 -3.2910e+03 -2.5330e+01 -2.2417e+03
-4.6352e+06 3.5272e+01 3.8464e+02 -3.3018e+03 -2.3632e+01 -2.2358e+03
-4.4386e+06 3.6087e+01 3.0728e+02 -3.3108e+03 -2.3351e+01 -2.2301e+03
-4.1651e+06 3.5657e+01 2.2966e+02 -3.3180e+03 -3.6179e+01 -2.2247e+03
-3.7680e+06 3.4919e+01 1.5191e+02 -3.3234e+03 -3.4737e+01 -2.2220e+03
-3.1272e+06 3.3661e+01 7.4133e+01 -3.3271e+03 -7.0952e+00 -2.2171e+03
-5.4972e+06 3.6325e+01 2.1583e+03 -2.5147e+03 -8.9524e+00 -2.2951e+03
-6.2691e+06 3.6315e+01 2.1150e+03 -2.5518e+03 -3.1000e+01 -2.2876e+03
-4.8899e+06 3.6315e+01 2.0703e+03 -2.5887e+03 1.0048e+01 -2.2905e+03
-5.0404e+06 3.6312e+01 2.0242e+03 -2.6255e+03 5.1364e+00 -2.2881e+03
-4.8503e+06 3.6310e+01 1.9765e+03 -2.6622e+03 1.8364e+01 -2.2846e+03
-5.1607e+06 3.6311e+01 1.9273e+03 -2.6987e+03 -3.1626e+00 -2.2818e+03
-5.1048e+06 3.6312e+01 1.8766e+03 -2.7348e+03 1.5357e+00 -2.2786e+03
-5.2997e+06 3.6309e+01 1.8243e+03 -2.7707e+03 -9.7624e+00 -2.2757e+03
-4.9458e+06 3.6307e+01 1.7704e+03 -2.8061e+03 2.6270e+00 -2.2723e+03
-5.1232e+06 3.6304e+01 1.7149e+03 -2.8410e+03 -3.8235e+00 -2.2689e+03
-4.9199e+06 3.6304e+01 1.6579e+03 -2.8754e+03 1.4494e+00 -2.2650e+03
-5.0535e+06 3.6306e+01 1.5992e+03 -2.9091e+03 -3.3912e+00 -2.2615e+03
-4.8997e+06 3.6307e+01 1.5390e+03 -2.9422e+03 1.1135e+00 -2.2577e+03
-4.9929e+06 3.6307e+01 1.4772e+03 -2.9744e+03 -1.9595e+00 -2.2538e+03
-4.8810e+06 3.6308e+01 1.4139e+03 -3.0058e+03 3.6620e-01 -2.2497e+03
-4.9551e+06 3.6310e+01 1.3491e+03 -3.0362e+03 -2.6351e+00 -2.2455e+03
-4.8687e+06 3.6311e+01 1.2827e+03 -3.0656e+03 -9.5581e-01 -2.2413e+03
-4.9080e+06 3.6311e+01 1.2149e+03 -3.0939e+03 -2.0513e+00 -2.2369e+03
-4.8291e+06 3.6310e+01 1.1458e+03 -3.1210e+03 -4.3012e-01 -2.2324e+03
-4.8506e+06 3.6311e+01 1.0752e+03 -3.1468e+03 -2.2338e+00 -2.2279e+03
-4.7950e+06 3.6313e+01 1.0035e+03 -3.1712e+03 -1.8082e+00 -2.2233e+03
-4.8021e+06 3.6315e+01 9.3045e+02 -3.1942e+03 -1.6161e+00 -2.2186e+03
-4.7474e+06 3.6315e+01 8.5633e+02 -3.2157e+03 -4.1484e-01 -2.2137e+03
-4.7351e+06 3.6313e+01 7.8117e+02 -3.2357e+03 -1.8792e+00 -2.2088e+03
-4.6891e+06 3.6384e+01 7.0506e+02 -3.2540e+03 2.2695e+00 -2.2038e+03
-4.7001e+06 3.5468e+01 6.2810e+02 -3.2705e+03 4.2342e+00 -2.1983e+03
-4.7669e+06 3.3425e+01 5.5041e+02 -3.2854e+03 -7.5573e+00 -2.1931e+03
-4.7907e+06 3.3065e+01 4.7208e+02 -3.2984e+03 -1.8415e+01 -2.1885e+03
-4.6857e+06 3.4736e+01 3.9323e+02 -3.3096e+03 -1.0436e+01 -2.1834e+03
-4.5518e+06 3.5332e+01 3.1398e+02 -3.3190e+03 -7.1104e+00 -2.1776e+03
-4.4657e+06 3.4180e+01 2.3446e+02 -3.3264e+03 -2.9039e+01 -2.1719e+03
-4.3082e+06 3.3180e+01 1.5478e+02 -3.3320e+03 -4.9903e+01 -2.1690e+03
-3.9422e+06 3.2730e+01 7.5066e+01 -3.3356e+03 -4.5025e+01 -2.1639e+03
-4.4548e+06 3.6361e+01 2.1919e+03 -2.4985e+03 2.5698e+01 -2.2393e+03
-5.0434e+06 3.6346e+01 2.1487e+03 -2.5362e+03 1.3106e+01 -2.2315e+03
-5.2365e+06 3.6340e+01 2.1041e+03 -2.5738e+03 -7.5352e+00 -2.2333e+03
-6.1020e+06 3.6331e+01 2.0580e+03 -2.6114e+03 -3.8458e+01 -2.2306e+03
-5.2647e+06 3.6324e+01 2.0103e+03 -2.6489e+03 -1.5602e+01 -2.2280e+03
-5.6041e+06 3.6319e+01 1.9610e+03 -2.6862e+03 -1.5842e+01 -2.2257e+03
-4.9338e+06 3.6316e+01 1.9101e+03 -2.7232e+03 4.1634e-01 -2.2226e+03
-5.1434e+06 3.6312e+01 1.8575e+03 -2.7599e+03 -1.0706e+00 -2.2198e+03
-5.0149e+06 3.6307e+01 1.8034e+03 -2.7963e+03 1.8532e+00 -2.2163e+03
-5.0920e+06 3.6304e+01 1.7475e+03 -2.8321e+03 -2.3589e+00 -2.2131e+03
-4.9766e+06 3.6305e+01 1.6900e+03 -2.8675e+03 7.2118e-01 -2.2093e+03
-5.0320e+06 3.6307e+01 1.6308e+03 -2.9022e+03 -2.7149e+00 -2.2060e+03
-4.9562e+06 3.6308e+01 1.5700e+03 -2.9363e+03 4.1425e-01 -2.2022e+03
-4.9773e+06 3.6308e+01 1.5075e+03 -2.9696e+03 -2.1287e+00 -2.1985e+03
-4.9377e+06 3.6310e+01 1.4434e+03 -3.0020e+03 -1.1032e+00 -2.1945e+03
-4.9426e+06 3.6312e+01 1.3776e+03 -3.0334e+03 -3.1922e+00 -2.1905e+03
-4.9072e+06 3.6312e+01 1.3103e+03 -3.0639e+03 -1.4744e+00 -2.1863e+03
-4.8849e+06 3.6311e+01 1.2414e+03 -3.0932e+03 -1.8424e+00 -2.1822e+03
-4.8469e+06 3.6310e+01 1.1711e+03 -3.1212e+03 -6.5097e-01 -2.1779e+03
-4.8246e+06 3.6310e+01 1.0993e+03 -3.1480e+03 -1.9869e+00 -2.1735e+03
-4.8014e+06 3.6313e+01 1.0261e+03 -3.1734e+03 -1.2893e+00 -2.1689e+03
-4.7784e+06 3.6315e+01 9.5170e+02 -3.1973e+03 -8.1329e-01 -2.1643e+03
-4.7437e+06 3.6314e+01 8.7604e+02 -3.2196e+03 -1.1739e-01 -2.1597e+03
-4.7137e+06 3.6312e+01 7.9926e+02 -3.2403e+03 -1.2618e+00 -2.1551e+03
-4.6739e+06 3.6339e+01 7.2146e+02 -3.2593e+03 2.9538e+00 -2.1504e+03
-4.6856e+06 3.5398e+01 6.4274e+02 -3.2766e+03 5.5775e+00 -2.1452e+03
-4.7428e+06 3.3415e+01 5.6322e+02 -3.2920e+03 -3.9623e+00 -2.1401e+03
-4.7962e+06 3.2621e+01 4.8300e+02 -3.3055e+03 -1.5278e+01 -2.1352e+03
-4.7123e+06 3.3812e+01 4.0223e+02 -3.3172e+03 -8.3098e+00 -2.1304e+03
-4.6136e+06 3.4566e+01 3.2101e+02 -3.3268e+03 8.7777e-01 -2.1247e+03
-4.5798e+06 3.3347e+01 2.3949e+02 -3.3345e+03 -1.8112e+01 -2.1188e+03
-4.5564e+06 3.2355e+01 1.5779e+02 -3.3402e+03 -4.1402e+01 -2.1171e+03
-4.3618e+06 3.2383e+01 7.6045e+01 -3.3440e+03 -4.5363e+01 -2.1123e+03
-7.0390e+06 3.6447e+01 2.2261e+03 -2.4807e+03 -1.0879e+02 -2.1816e+03
-5.6044e+06 3.6419e+01 2.1831e+03 -2.5191e+03 -4.7235e+01 -2.1722e+03
-5.7428e+06 3.6395e+01 2.1386e+03 -2.5575e+03 -4.2989e+01 -2.1773e+03
-4.1872e+06 3.6371e+01 2.0925e+03 -2.5958e+03 2.0483e+01 -2.1747e+03
-5.3977e+06 3.6349e+01 2.0448e+03 -2.6341e+03 -8.5659e+00 -2.1727e+03
-4.6391e+06 3.6336e+01 1.9955e+03 -2.6722e+03 6.5626e+00 -2.1691e+03
-5.5763e+06 3.6325e+01 1.9445e+03 -2.7101e+03 -1.9203e+01 -2.1664e+03
-5.0478e+06 3.6318e+01 1.8917e+03 -2.7478e+03 -3.3462e+00 -2.1632e+03
-5.2281e+06 3.6311e+01 1.8373e+03 -2.7851e+03 -7.8416e+00 -2.1605e+03
-4.9376e+06 3.6308e+01 1.7811e+03 -2.8220e+03 4.7806e+00 -2.1569e+03
-5.1275e+06 3.6308e+01 1.7232e+03 -2.8583e+03 -5.4644e+00 -2.1537e+03
-4.9427e+06 3.6309e+01 1.6635e+03 -2.8941e+03 1.6984e+00 -2.1503e+03
-5.0447e+06 3.6308e+01 1.6020e+03 -2.9292e+03 -3.9374e+00 -2.1469e+03
-4.9239e+06 3.6308e+01 1.5389e+03 -2.9636e+03 1.2068e+00 -2.1430e+03
-4.9867e+06 3.6309e+01 1.4739e+03 -2.9971e+03 -4.1965e+00 -2.1393e+03
-4.9101e+06 3.6311e+01 1.4073e+03 -3.0296e+03 -9.2022e-01 -2.1353e+03
-4.9282e+06 3.6311e+01 1.3390e+03 -3.0611e+03 -3.0872e+00 -2.1314e+03
-4.8541e+06 3.6309e+01 1.2690e+03 -3.0915e+03 5.1131e-01 -2.1275e+03
-4.8417e+06 3.6307e+01 1.1975e+03 -3.1206e+03 -1.2017e+00 -2.1235e+03
-4.7961e+06 3.6308e+01 1.1244e+03 -3.1484e+03 1.2316e-01 -2.1191e+03
-4.7921e+06 3.6312e+01 1.0498e+03 -3.1748e+03 -9.8089e-01 -2.1147e+03
-4.7525e+06 3.6313e+01 9.7389e+02 -3.1996e+03 8.7800e-01 -2.1102e+03
-4.7304e+06 3.6312e+01 8.9664e+02 -3.2229e+03 -9.6461e-01 -2.1057e+03
-4.6892e+06 3.6309e+01 8.1819e+02 -3.2444e+03 -1.6060e+00 -2.1012e+03
-4.6607e+06 3.6302e+01 7.3863e+02 -3.2642e+03 1.7603e+00 -2.0968e+03
-4.6493e+06 3.5326e+01 6.5807e+02 -3.2822e+03 6.0833e+00 -2.0918e+03
-4.7243e+06 3.3376e+01 5.7664e+02 -3.2982e+03 -2.1835e+00 -2.0869e+03
-4.7667e+06 3.2401e+01 4.9446e+02 -3.3123e+03 -1.3569e+01 -2.0820e+03
-4.7277e+06 3.3375e+01 4.1166e+02 -3.3244e+03 -8.9700e+00 -2.0771e+03
-4.6139e+06 3.4332e+01 3.2839e+02 -3.3344e+03 5.8238e+00 -2.0718e+03
-4.6041e+06 3.3340e+01 2.4477e+02 -3.3424e+03 -6.2373e+00 -2.0665e+03
-4.5942e+06 3.2383e+01 1.6095e+02 -3.3483e+03 -2.4182e+01 -2.0646e+03
-4.5200e+06 3.2402e+01 7.7074e+01 -3.3521e+03 -2.7808e+01 -2.0595e+03
-4.4433e+06 3.6603e+01 2.2610e+03 -2.4614e+03 -2.3585e+01 -2.1300e+03
-4.1707e+06 3.6554e+01 2.2182e+03 -2.5005e+03 -2.2471e+01 -2.1171e+03
-5.5412e+06 3.6499e+01 2.1739e+03 -2.5396e+03 -7.3984e+01 -2.1172e+03
-6.0068e+06 3.6439e+01 2.1279e+03 -2.5787e+03 -8.3953e+01 -2.1148e+03
-5.5382e+06 3.6391e+01 2.0802e+03 -2.6178e+03 -5.0277e+01 -2.1143e+03
-5.4665e+06 3.6362e+01 2.0309e+03 -2.6568e+03 -2.6706e+01 -2.1122e+03
-5.0494e+06 3.6343e+01 1.9798e+03 -2.6956e+03 -1.3073e+01 -2.1103e+03
-4.9650e+06 3.6331e+01 1.9269e+03 -2.7342e+03 -2.3967e+00 -2.1071e+03
-5.1858e+06 3.6321e+01 1.8722e+03 -2.7725e+03 -5.7501e+00 -2.1042e+03
-5.0141e+06 3.6316e+01 1.8157e+03 -2.8104e+03 -2.7894e+00 -2.1010e+03
-5.1050e+06 3.6313e+01 1.7574e+03 -2.8478e+03 -2.9473e+00 -2.0979e+03
-4.9750e+06 3.6311e+01 1.6972e+03 -2.8847e+03 -1.9593e+00 -2.0946e+03
-5.0369e+06 3.6308e+01 1.6352e+03 -2.9209e+03 -1.4031e+00 -2.0914e+03
-4.9192e+06 3.6306e+01 1.5713e+03 -2.9564e+03 -2.2201e-01 -2.0877e+03
-4.9746e+06 3.6306e+01 1.5056e+03 -2.9910e+03 -1.3010e+00 -2.0842e+03
-4.8903e+06 3.6307e+01 1.4381e+03 -3.0247e+03 -1.8070e+00 -2.0804e+03
-4.9194e+06 3.6308e+01 1.3688e+03 -3.0574e+03 -1.1305e+00 -2.0767e+03
-4.8295e+06 3.6306e+01 1.2977e+03 -3.0889e+03 3.8346e-01 -2.0728e+03
-4.8315e+06 3.6305e+01 1.2250e+03 -3.1191e+03 5.7934e-01 -2.0688e+03
-4.7728e+06 3.6307e+01 1.1505e+03 -3.1480e+03 1.8713e-01 -2.0647e+03
-4.7794e+06 3.6310e+01 1.0746e+03 -3.1754e+03 8.4181e-02 -2.0605e+03
-4.7257e+06 3.6310e+01 9.9709e+02 -3.2013e+03 3.2423e-01 -2.0561e+03
-4.7121e+06 3.6308e+01 9.1820e+02 -3.2255e+03 -1.1912e+00 -2.0517e+03
-4.6654e+06 3.6306e+01 8.3801e+02 -3.2480e+03 -2.1745e+00 -2.0473e+03
-4.6290e+06 3.6301e+01 7.5662e+02 -3.2686e+03 2.3053e+00 -2.0431e+03
-4.6184e+06 3.5293e+01 6.7415e+02 -3.2873e+03 5.9001e+00 -2.0384e+03
-4.6798e+06 3.3306e+01 5.9073e+02 -3.3040e+03 -1.8640e+00 -2.0339e+03
-4.7444e+06 3.2359e+01 5.0649e+02 -3.3187e+03 -1.2619e+01 -2.0291e+03
-4.6974e+06 3.3440e+01 4.2158e+02 -3.3313e+03 -6.4537e+00 -2.0239e+03
-4.5999e+06 3.4496e+01 3.3613e+02 -3.3417e+03 9.7923e+00 -2.0189e+03
-4.5829e+06 3.3451e+01 2.5031e+02 -3.3500e+03 4.8376e-01 -2.0140e+03
-4.6068e+06 3.2396e+01 1.6427e+02 -3.3561e+03 -1.5142e+01 -2.0123e+03
-4.5561e+06 3.2395e+01 7.8154e+01 -3.3599e+03 -1.4425e+01 -2.0077e+03
-4.5028e+06 3.6818e+01 2.2965e+03 -2.4405e+03 -5.2244e+01 -2.0741e+03
-6.5286e+06 3.6732e+01 2.2540e+03 -2.4802e+03 -9.8043e+01 -2.0711e+03
-3.7653e+06 3.6650e+01 2.2099e+03 -2.5201e+03 -3.4932e+01 -2.0625e+03
-4.5025e+06 3.6553e+01 2.1641e+03 -2.5600e+03 -5.8494e+01 -2.0571e+03
-4.1852e+06 3.6464e+01 2.1165e+03 -2.5999e+03 -1.2901e+01 -2.0566e+03
-5.0617e+06 3.6406e+01 2.0672e+03 -2.6398e+03 -3.3759e+01 -2.0563e+03
-4.9579e+06 3.6374e+01 2.0160e+03 -2.6795e+03 -1.3231e+01 -2.0534e+03
-5.5750e+06 3.6351e+01 1.9631e+03 -2.7191e+03 -3.3872e+01 -2.0518e+03
-4.8149e+06 3.6338e+01 1.9082e+03 -2.7584e+03 -3.2472e+00 -2.0486e+03
-5.3259e+06 3.6328e+01 1.8514e+03 -2.7974e+03 -1.4315e+01 -2.0460e+03
-4.8604e+06 3.6322e+01 1.7928e+03 -2.8359e+03 2.8047e-01 -2.0425e+03
-5.2001e+06 3.6316e+01 1.7321e+03 -2.8739e+03 -8.1825e+00 -2.0396e+03
-4.8401e+06 3.6310e+01 1.6695e+03 -2.9113e+03 2.6968e+00 -2.0361e+03
-5.0727e+06 3.6304e+01 1.6050e+03 -2.9479e+03 -3.1354e+00 -2.0329e+03
-4.8146e+06 3.6302e+01 1.5385e+03 -2.9838e+03 2.7643e+00 -2.0293e+03
-4.9875e+06 3.6303e+01 1.4701e+03 -3.0187e+03 -2.7792e+00 -2.0259e+03
-4.8055e+06 3.6306e+01 1.3998e+03 -3.0525e+03 1.7679e+00 -2.0222e+03
-4.9070e+06 3.6306e+01 1.3276e+03 -3.0852e+03 -8.0136e-01 -2.0184e+03
-4.7585e+06 3.6306e+01 1.2536e+03 -3.1166e+03 2.1897e+00 -2.0143e+03
-4.8227e+06 3.6307e+01 1.1779e+03 -3.1467e+03 -9.2884e-01 -2.0105e+03
-4.7149e+06 3.6307e+01 1.1004e+03 -3.1752e+03 6.8010e-01 -2.0066e+03
-4.7413e+06 3.6306e+01 1.0214e+03 -3.2022e+03 -1.0101e+00 -2.0025e+03
-4.6540e+06 3.6305e+01 9.4077e+02 -3.2274e+03 -5.6048e-01 -1.9983e+03
-4.6583e+06 3.6303e+01 8.5878e+02 -3.2509e+03 -1.9740e+00 -1.9940e+03
-4.5798e+06 3.6299e+01 7.7549e+02 -3.2724e+03 2.9796e+00 -1.9897e+03
-4.5860e+06 3.5515e+01 6.9103e+02 -3.2920e+03 5.7191e+00 -1.9850e+03
-4.6203e+06 3.3753e+01 6.0553e+02 -3.3094e+03 4.0623e-01 -1.9804e+03
-4.6920e+06 3.2581e+01 5.1914e+02 -3.3248e+03 -1.0228e+01 -1.9762e+03
-4.6691e+06 3.3251e+01 4.3200e+02 -3.3379e+03 -4.7864e+00 -1.9717e+03
-4.6036e+06 3.4122e+01 3.4429e+02 -3.3488e+03 9.1124e+00 -1.9670e+03
-4.5984e+06 3.3261e+01 2.5615e+02 -3.3573e+03 5.7448e-01 -1.9620e+03
-4.6054e+06 3.2391e+01 1.6776e+02 -3.3636e+03 -1.1697e+01 -1.9600e+03
-4.5688e+06 3.2388e+01 7.9292e+01 -3.3676e+03 -6.7125e+00 -1.9552e+03
-2.2705e+06 3.7521e+01 2.3327e+03 -2.4179e+03 -2.2435e+01 -2.0125e+03
-1.6974e+06 3.7238e+01 2.2905e+03 -2.4583e+03 4.5737e+01 -2.0275e+03
-4.0998e+06 3.6898e+01 2.2467e+03 -2.4989e+03 -4.1994e+01 -2.0224e+03
-5.3623e+06 3.6716e+01 2.2010e+03 -2.5396e+03 -1.5294e+02 -1.9951e+03
-5.1668e+06 3.6578e+01 2.1536e+03 -2.5803e+03 -1.2742e+02 -1.9979e+03
-5.2467e+06 3.6483e+01 2.1044e+03 -2.6211e+03 -6.4099e+01 -2.0016e+03
-4.8308e+06 3.6426e+01 2.0533e+03 -2.6618e+03 -3.9273e+01 -1.9994e+03
-4.7706e+06 3.6391e+01 2.0002e+03 -2.7024e+03 -2.0024e+01 -1.9967e+03
-5.2054e+06 3.6366e+01 1.9452e+03 -2.7427e+03 -2.4180e+01 -1.9937e+03
-4.9662e+06 3.6349e+01 1.8882e+03 -2.7828e+03 -1.1993e+01 -1.9911e+03
-5.1519e+06 3.6337e+01 1.8292e+03 -2.8224e+03 -1.2941e+01 -1.9879e+03
-4.9504e+06 3.6327e+01 1.7682e+03 -2.8616e+03 -4.3628e+00 -1.9849e+03
-5.0704e+06 3.6317e+01 1.7051e+03 -2.9002e+03 -5.5862e+00 -1.9817e+03
-4.8933e+06 3.6308e+01 1.6399e+03 -2.9381e+03 -1.3916e-02 -1.9785e+03
-4.9819e+06 3.6303e+01 1.5727e+03 -2.9752e+03 -2.2561e+00 -1.9750e+03
-4.8631e+06 3.6304e+01 1.5034e+03 -3.0113e+03 4.8130e-01 -1.9715e+03
-4.9285e+06 3.6308e+01 1.4321e+03 -3.0465e+03 -1.0343e+00 -1.9679e+03
-4.8298e+06 3.6310e+01 1.3588e+03 -3.0804e+03 1.0329e+00 -1.9642e+03
-4.8540e+06 3.6310e+01 1.2835e+03 -3.1131e+03 -5.7496e-01 -1.9604e+03
-4.7644e+06 3.6308e+01 1.2064e+03 -3.1444e+03 1.4120e-01 -1.9567e+03
-4.7575e+06 3.6326e+01 1.1275e+03 -3.1742e+03 -9.1128e-01 -1.9529e+03
-4.6766e+06 3.6343e+01 1.0468e+03 -3.2023e+03 2.5625e-01 -1.9491e+03
-4.6618e+06 3.6322e+01 9.6444e+02 -3.2287e+03 -6.7242e-01 -1.9452e+03
-4.6027e+06 3.6301e+01 8.8058e+02 -3.2532e+03 -2.6497e-01 -1.9412e+03
-4.5724e+06 3.6299e+01 7.9531e+02 -3.2757e+03 1.5660e+00 -1.9370e+03
-4.5335e+06 3.6049e+01 7.0877e+02 -3.2961e+03 6.6427e+00 -1.9325e+03
-4.5544e+06 3.4811e+01 6.2109e+02 -3.3144e+03 5.2899e+00 -1.9280e+03
-4.6314e+06 3.3089e+01 5.3244e+02 -3.3304e+03 -4.4241e+00 -1.9239e+03
-4.6613e+06 3.2661e+01 4.4298e+02 -3.3441e+03 -5.6054e+00 -1.9195e+03
-4.6476e+06 3.2968e+01 3.5287e+02 -3.3555e+03 1.7158e+00 -1.9150e+03
-4.6381e+06 3.2679e+01 2.6230e+02 -3.3644e+03 -4.8931e+00 -1.9100e+03
-4.6330e+06 3.2387e+01 1.7145e+02 -3.3709e+03 -1.0954e+01 -1.9076e+03
-4.5721e+06 3.2383e+01 8.0491e+01 -3.3750e+03 -2.4141e+00 -1.9031e+03
-4.3005e+06 3.7270e+01 2.3696e+03 -2.3936e+03 -2.7254e+02 -1.9608e+03
-2.2749e+06 3.7776e+01 2.3277e+03 -2.4346e+03 -2.1496e+02 -1.9815e+03
-2.6314e+06 3.7416e+01 2.2842e+03 -2.4759e+03 -1.2157e+02 -1.9911e+03
-8.7637e+05 3.7004e+01 2.2388e+03 -2.5174e+03 -9.5833e+01 -1.9433e+03
-4.3265e+06 3.6783e+01 2.1916e+03 -2.5590e+03 -1.6387e+02 -1.9394e+03
-3.3725e+06 3.6619e+01 2.1425e+03 -2.6007e+03 -9.5612e+01 -1.9427e+03
-5.5047e+06 3.6521e+01 2.0915e+03 -2.6423e+03 -7.4687e+01 -1.9435e+03
-4.7374e+06 3.6462e+01 2.0384e+03 -2.6839e+03 -5.0740e+01 -1.9407e+03
-5.2295e+06 3.6418e+01 1.9833e+03 -2.7254e+03 -4.0729e+01 -1.9393e+03
-4.7964e+06 3.6388e+01 1.9262e+03 -2.7665e+03 -1.6967e+01 -1.9358e+03
-5.2079e+06 3.6365e+01 1.8669e+03 -2.8074e+03 -2.3946e+01 -1.9330e+03
-4.8879e+06 3.6346e+01 1.8055e+03 -2.8478e+03 -8.1375e+00 -1.9296e+03
-5.1119e+06 3.6330e+01 1.7419e+03 -2.8876e+03 -1.1906e+01 -1.9268e+03
-4.8912e+06 3.6319e+01 1.6761e+03 -2.9268e+03 -6.9154e-01 -1.9234e+03
-5.0302e+06 3.6313e+01 1.6081e+03 -2.9652e+03 -6.5061e+00 -1.9203e+03
-4.8889e+06 3.6313e+01 1.5380e+03 -3.0027e+03 4.8394e-01 -1.9168e+03
-4.9726e+06 3.6315e+01 1.4657e+03 -3.0392e+03 -3.5296e+00 -1.9135e+03
-4.8575e+06 3.6316e+01 1.3913e+03 -3.0745e+03 1.0144e+00 -1.9099e+03
-4.8829e+06 3.6314e+01 1.3148e+03 -3.1085e+03 -2.6571e+00 -1.9065e+03
-4.7745e+06 3.6311e+01 1.2362e+03 -3.1412e+03 1.8948e-01 -1.9028e+03
-4.7571e+06 3.6358e+01 1.1558e+03 -3.1722e+03 -6.4814e-01 -1.8991e+03
-4.6607e+06 3.6412e+01 1.0734e+03 -3.2016e+03 3.1071e+00 -1.8950e+03
-4.6467e+06 3.6366e+01 9.8926e+02 -3.2291e+03 1.1519e+00 -1.8914e+03
-4.5831e+06 3.6308e+01 9.0347e+02 -3.2548e+03 1.4470e+00 -1.8877e+03
-4.5622e+06 3.6300e+01 8.1615e+02 -3.2783e+03 1.3139e+00 -1.8838e+03
-4.4970e+06 3.6311e+01 7.2743e+02 -3.2997e+03 6.5533e+00 -1.8798e+03
-4.5174e+06 3.5575e+01 6.3748e+02 -3.3189e+03 8.2415e+00 -1.8756e+03
-4.5691e+06 3.3832e+01 5.4647e+02 -3.3357e+03 1.1982e+00 -1.8710e+03
-4.6597e+06 3.2598e+01 4.5455e+02 -3.3500e+03 -3.7821e+00 -1.8662e+03
-4.6679e+06 3.2357e+01 3.6193e+02 -3.3619e+03 1.2702e-01 -1.8617e+03
-4.6839e+06 3.2368e+01 2.6880e+02 -3.3712e+03 -4.7743e+00 -1.8570e+03
-4.6508e+06 3.2384e+01 1.7534e+02 -3.3780e+03 -7.3339e+00 -1.8548e+03
-4.6141e+06 3.2381e+01 8.1757e+01 -3.3822e+03 1.5029e+00 -1.8504e+03
4.9504e+06 3.4013e+01 2.4070e+03 -2.3674e+03 3.8065e+02 -1.9117e+03
3.3976e+06 3.6558e+01 2.3656e+03 -2.4092e+03 3.2378e+02 -1.9656e+03
1.5554e+06 3.7646e+01 2.3224e+03 -2.4512e+03 -1.3711e+00 -1.9746e+03
-4.1138e+06 3.7458e+01 2.2774e+03 -2.4934e+03 -3.8091e+02 -1.8863e+03
-2.9841e+06 3.7117e+01 2.2304e+03 -2.5359e+03 -3.1385e+02 -1.8703e+03
-5.1215e+06 3.6838e+01 2.1816e+03 -2.5784e+03 -1.6116e+02 -1.8861e+03
-3.5107e+06 3.6688e+01 2.1306e+03 -2.6211e+03 -8.5377e+01 -1.8897e+03
-4.6942e+06 3.6596e+01 2.0777e+03 -2.6637e+03 -9.3626e+01 -1.8861e+03
-4.5868e+06 3.6524e+01 2.0225e+03 -2.7062e+03 -6.7874e+01 -1.8810e+03
-5.0687e+06 3.6462e+01 1.9653e+03 -2.7485e+03 -5.8671e+01 -1.8778e+03
-4.8046e+06 3.6415e+01 1.9058e+03 -2.7906e+03 -2.5295e+01 -1.8744e+03
-5.0933e+06 3.6379e+01 1.8440e+03 -2.8322e+03 -2.6545e+01 -1.8712e+03
-4.9116e+06 3.6352e+01 1.7800e+03 -2.8734e+03 -1.0295e+01 -1.8683e+03
-5.0563e+06 3.6334e+01 1.7136e+03 -2.9139e+03 -1.2383e+01 -1.8651e+03
-4.9369e+06 3.6325e+01 1.6450e+03 -2.9537e+03 -3.4426e+00 -1.8619e+03
-5.0228e+06 3.6322e+01 1.5740e+03 -2.9926e+03 -7.1863e+00 -1.8589e+03
-4.9240e+06 3.6321e+01 1.5007e+03 -3.0305e+03 -1.0877e+00 -1.8556e+03
-4.9499e+06 3.6319e+01 1.4252e+03 -3.0673e+03 -4.3482e+00 -1.8525e+03
-4.8489e+06 3.6317e+01 1.3474e+03 -3.1028e+03 -1.3931e+00 -1.8491e+03
-4.8287e+06 3.6313e+01 1.2675e+03 -3.1368e+03 -5.6522e+00 -1.8457e+03
-4.7206e+06 3.6352e+01 1.1854e+03 -3.1692e+03 -4.6898e+00 -1.8422e+03
-4.6908e+06 3.6130e+01 1.1013e+03 -3.1999e+03 -9.2970e+00 -1.8387e+03
-4.6361e+06 3.5821e+01 1.0153e+03 -3.2288e+03 -1.2802e+01 -1.8351e+03
-4.6106e+06 3.6040e+01 9.2754e+02 -3.2556e+03 -1.1693e+01 -1.8310e+03
-4.5222e+06 3.6302e+01 8.3808e+02 -3.2804e+03 -2.1069e+00 -1.8271e+03
-4.4904e+06 3.6294e+01 7.4710e+02 -3.3028e+03 4.5025e+00 -1.8234e+03
-4.4601e+06 3.6054e+01 6.5477e+02 -3.3229e+03 1.0050e+01 -1.8197e+03
-4.5498e+06 3.4838e+01 5.6126e+02 -3.3405e+03 6.0303e+00 -1.8156e+03
-4.6276e+06 3.3114e+01 4.6677e+02 -3.3556e+03 1.2807e+00 -1.8107e+03
-4.6987e+06 3.2374e+01 3.7150e+02 -3.3680e+03 3.1465e+00 -1.8063e+03
-4.7115e+06 3.2251e+01 2.7565e+02 -3.3778e+03 -1.6227e-01 -1.8028e+03
-4.7604e+06 3.1856e+01 1.7945e+02 -3.3848e+03 -6.8393e+00 -1.8021e+03
-4.7265e+06 3.1757e+01 8.3095e+01 -3.3892e+03 -1.8673e+00 -1.7971e+03
8.3645e+05 3.0659e+01 2.4451e+03 -2.3394e+03 3.2585e+02 -1.8820e+03
3.7274e+06 3.3761e+01 2.4041e+03 -2.3818e+03 4.5956e+02 -2.0042e+03
7.3549e+06 3.6829e+01 2.3614e+03 -2.4245e+03 3.9763e+02 -2.0046e+03
3.9737e+06 3.7938e+01 2.3167e+03 -2.4675e+03 -2.3816e+02 -1.8710e+03
-9.0937e+05 3.7709e+01 2.2701e+03 -2.5108e+03 -5.9767e+02 -1.8256e+03
-2.5059e+06 3.7247e+01 2.2215e+03 -2.5543e+03 -4.0840e+02 -1.8393e+03
-3.6925e+06 3.6969e+01 2.1708e+03 -2.5979e+03 -1.5576e+02 -1.8406e+03
-4.4573e+06 3.6814e+01 2.1180e+03 -2.6416e+03 -1.4617e+02 -1.8452e+03
-3.9690e+06 3.6701e+01 2.0629e+03 -2.6852e+03 -1.0501e+02 -1.8365e+03
-4.8337e+06 3.6600e+01 2.0055e+03 -2.7287e+03 -1.1760e+02 -1.8273e+03
-4.5924e+06 3.6508e+01 1.9459e+03 -2.7720e+03 -7.2498e+01 -1.8220e+03
-5.0641e+06 3.6436e+01 1.8838e+03 -2.8150e+03 -4.8029e+01 -1.8195e+03
-4.7976e+06 3.6387e+01 1.8194e+03 -2.8575e+03 -2.3310e+01 -1.8161e+03
-5.1072e+06 3.6357e+01 1.7525e+03 -2.8994e+03 -2.1882e+01 -1.8130e+03
-4.8889e+06 3.6341e+01 1.6832e+03 -2.9406e+03 -1.0050e+01 -1.8098e+03
-5.0862e+06 3.6332e+01 1.6115e+03 -2.9810e+03 -1.2925e+01 -1.8069e+03
-4.9021e+06 3.6327e+01 1.5372e+03 -3.0204e+03 -6.8873e+00 -1.8037e+03
-4.9959e+06 3.6323e+01 1.4606e+03 -3.0587e+03 -9.6917e+00 -1.8006e+03
-4.8290e+06 3.6321e+01 1.3815e+03 -3.0957e+03 -8.2022e+00 -1.7972e+03
-4.8412e+06 3.6343e+01 1.3002e+03 -3.1312e+03 -1.5671e+01 -1.7935e+03
-4.6411e+06 3.6317e+01 1.2165e+03 -3.1652e+03 -1.7839e+01 -1.7900e+03
-4.5493e+06 3.5840e+01 1.1307e+03 -3.1973e+03 -2.0813e+01 -1.7872e+03
-4.4482e+06 3.5457e+01 1.0428e+03 -3.2276e+03 -2.9010e+01 -1.7828e+03
-4.5090e+06 3.5907e+01 9.5288e+02 -3.2557e+03 -3.6637e+01 -1.7788e+03
-4.4738e+06 3.6305e+01 8.6119e+02 -3.2817e+03 -2.0747e+01 -1.7762e+03
-4.4543e+06 3.6293e+01 7.6784e+02 -3.3053e+03 -1.8563e+00 -1.7727e+03
-4.4494e+06 3.6317e+01 6.7301e+02 -3.3264e+03 8.2778e+00 -1.7688e+03
-4.5350e+06 3.5371e+01 5.7689e+02 -3.3449e+03 6.3593e+00 -1.7652e+03
-4.6609e+06 3.3381e+01 4.7969e+02 -3.3608e+03 1.9058e+00 -1.7604e+03
-4.7487e+06 3.2293e+01 3.8162e+02 -3.3738e+03 4.1472e+00 -1.7561e+03
-4.8353e+06 3.1583e+01 2.8291e+02 -3.3841e+03 -4.4138e-01 -1.7540e+03
-4.9241e+06 3.0101e+01 1.8380e+02 -3.3914e+03 -1.3899e+01 -1.7540e+03
-4.9704e+06 2.9581e+01 8.4511e+01 -3.3959e+03 -1.7949e+01 -1.7482e+03
-1.4095e+06 3.0815e+01 2.4837e+03 -2.3094e+03 -3.8577e+02 -2.0236e+03
1.1620e+07 3.2533e+01 2.4433e+03 -2.3524e+03 1.4910e+03 -1.8602e+03
1.2619e+07 3.5877e+01 2.4010e+03 -2.3958e+03 1.6795e+03 -2.0232e+03
5.3855e+06 3.8203e+01 2.3569e+03 -2.4396e+03 1.6844e+02 -1.9422e+03
1.2305e+06 3.8485e+01 2.3107e+03 -2.4837e+03 -7.5945e+02 -1.8028e+03
-1.9671e+06 3.7917e+01 2.2624e+03 -2.5281e+03 -7.1374e+02 -1.7879e+03
-1.9489e+06 3.7416e+01 2.2120e+03 -2.5727e+03 -3.3643e+02 -1.7674e+03
-1.9343e+06 3.7090e+01 2.1593e+03 -2.6174e+03 -1.0749e+02 -1.7633e+03
-3.3481e+06 3.6892e+01 2.1043e+03 -2.6622e+03 -5.0988e+01 -1.7744e+03
-3.4407e+06 3.6775e+01 2.0470e+03 -2.7069e+03 -9.2511e+01 -1.7680e+03
-4.6095e+06 3.6656e+01 1.9873e+03 -2.7515e+03 -1.3668e+02 -1.7573e+03
-4.5189e+06 3.6534e+01 1.9250e+03 -2.7958e+03 -9.0058e+01 -1.7527e+03
-5.0154e+06 3.6443e+01 1.8602e+03 -2.8397e+03 -4.9153e+01 -1.7486e+03
-4.7975e+06 3.6391e+01 1.7929e+03 -2.8831e+03 -2.4727e+01 -1.7450e+03
-5.0909e+06 3.6361e+01 1.7230e+03 -2.9259e+03 -2.1754e+01 -1.7421e+03
-4.8861e+06 3.6343e+01 1.6504e+03 -2.9678e+03 -1.1611e+01 -1.7395e+03
-5.0388e+06 3.6333e+01 1.5753e+03 -3.0088e+03 -1.4781e+01 -1.7362e+03
-4.8522e+06 3.6328e+01 1.4976e+03 -3.0487e+03 -1.4711e+01 -1.7330e+03
-4.9018e+06 3.6328e+01 1.4173e+03 -3.0873e+03 -2.4669e+01 -1.7296e+03
-4.6813e+06 3.6390e+01 1.3344e+03 -3.1244e+03 -3.3764e+01 -1.7259e+03
-4.4938e+06 3.5707e+01 1.2492e+03 -3.1599e+03 -3.6283e+01 -1.7232e+03
-3.9753e+06 3.4891e+01 1.1615e+03 -3.1936e+03 2.7849e+00 -1.7214e+03
-3.7336e+06 3.5568e+01 1.0716e+03 -3.2254e+03 2.6622e+01 -1.7167e+03
-3.9490e+06 3.6313e+01 9.7959e+02 -3.2550e+03 -1.9129e+01 -1.7125e+03
-4.3434e+06 3.6309e+01 8.8558e+02 -3.2823e+03 -4.7264e+01 -1.7112e+03
-4.4309e+06 3.6298e+01 7.8975e+02 -3.3071e+03 -1.5636e+01 -1.7084e+03
-4.4691e+06 3.6142e+01 6.9231e+02 -3.3294e+03 6.2068e+00 -1.7041e+03
-4.5834e+06 3.5031e+01 5.9344e+02 -3.3489e+03 6.2707e+00 -1.7004e+03
-4.7351e+06 3.3068e+01 4.9338e+02 -3.3655e+03 6.6938e-01 -1.6962e+03
-4.8812e+06 3.1511e+01 3.9235e+02 -3.3793e+03 1.5808e+00 -1.6924e+03
-5.0022e+06 2.9844e+01 2.9061e+02 -3.3901e+03 -5.2962e+00 -1.6897e+03
-5.1289e+06 2.7864e+01 1.8841e+02 -3.3978e+03 -1.8207e+01 -1.6910e+03
-5.1687e+06 2.7133e+01 8.6014e+01 -3.4024e+03 -2.5442e+01 -1.6901e+03
-2.7509e+07 3.4610e+01 2.5228e+03 -2.2774e+03 -3.6288e+04 -2.8995e+04
-1.0703e+07 3.5618e+01 2.4831e+03 -2.3210e+03 -1.5987e+04 -8.8182e+03
1.0797e+07 3.7046e+01 2.4414e+03 -2.3651e+03 -1.4777e+03 -2.7288e+03
1.9569e+07 3.8233e+01 2.3978e+03 -2.4096e+03 1.4282e+03 -1.9196e+03
9.5355e+06 3.8520e+01 2.3521e+03 -2.4545e+03 4.8516e+02 -1.7232e+03
5.1104e+06 3.8226e+01 2.3042e+03 -2.4998e+03 -3.9206e+02 -1.7329e+03
-3.3540e+05 3.7985e+01 2.2541e+03 -2.5454e+03 -4.6412e+02 -1.7111e+03
-1.0871e+06 3.7594e+01 2.2017e+03 -2.5912e+03 -2.1126e+02 -1.6988e+03
-1.2004e+06 3.7131e+01 2.1470e+03 -2.6371e+03 -3.3706e+00 -1.7150e+03
-2.1405e+06 3.6915e+01 2.0897e+03 -2.6830e+03 5.3394e+01 -1.7235e+03
-3.3771e+06 3.6811e+01 2.0299e+03 -2.7289e+03 -8.9411e+01 -1.7174e+03
-4.3217e+06 3.6674e+01 1.9676e+03 -2.7746e+03 -1.3257e+02 -1.7107e+03
-4.7014e+06 3.6532e+01 1.9025e+03 -2.8200e+03 -9.4627e+01 -1.7073e+03
-4.8612e+06 3.6440e+01 1.8348e+03 -2.8649e+03 -3.4501e+01 -1.7016e+03
-4.9405e+06 3.6387e+01 1.7643e+03 -2.9092e+03 -2.7806e+01 -1.6996e+03
-4.9377e+06 3.6356e+01 1.6911e+03 -2.9528e+03 -1.1409e+01 -1.6963e+03
-4.9104e+06 3.6338e+01 1.6150e+03 -2.9955e+03 -1.5050e+01 -1.6937e+03
-4.8392e+06 3.6331e+01 1.5362e+03 -3.0371e+03 -2.1857e+01 -1.6908e+03
-4.6649e+06 3.6327e+01 1.4546e+03 -3.0774e+03 -3.3723e+01 -1.6878e+03
-4.3477e+06 3.6409e+01 1.3704e+03 -3.1162e+03 -3.0840e+01 -1.6844e+03
-3.9525e+06 3.4561e+01 1.2834e+03 -3.1534e+03 -3.6382e+01 -1.6826e+03
-3.3245e+06 3.2700e+01 1.1940e+03 -3.1888e+03 2.3742e+01 -1.6804e+03
-2.6892e+06 3.4710e+01 1.1020e+03 -3.2222e+03 1.1692e+02 -1.6764e+03
-3.0674e+06 3.6472e+01 1.0078e+03 -3.2533e+03 5.1219e+01 -1.6718e+03
-4.0230e+06 3.6309e+01 9.1134e+02 -3.2821e+03 -6.8217e+01 -1.6686e+03
-4.4404e+06 3.6313e+01 8.1293e+02 -3.3083e+03 -5.1249e+01 -1.6657e+03
-4.5383e+06 3.5896e+01 7.1274e+02 -3.3317e+03 -1.3979e+00 -1.6618e+03
-4.6743e+06 3.4260e+01 6.1098e+02 -3.3523e+03 6.8136e+00 -1.6589e+03
-4.9085e+06 3.1746e+01 5.0789e+02 -3.3699e+03 -2.9388e+00 -1.6558e+03
-5.0786e+06 2.9470e+01 4.0374e+02 -3.3844e+03 -7.5310e+00 -1.6520e+03
-5.2197e+06 2.7659e+01 2.9878e+02 -3.3958e+03 -1.2612e+01 -1.6477e+03
-5.2607e+06 2.6555e+01 1.9331e+02 -3.4039e+03 -1.5548e+01 -1.6448e+03
-5.2624e+06 2.6254e+01 8.7610e+01 -3.4087e+03 -1.6074e+01 -1.6438e+03
