  1    1089
1.0337e+07 1.1114e+02 -6.3914e+03 6.3527e+01 -1.1541e+05 -1.2773e+05
3.3273e+06 1.1677e+02 -7.0416e+03 6.4181e+02 -5.3007e+04 -6.4149e+04
-7.7072e+06 9.5071e+01 -7.1066e+03 4.2658e+02 -4.5710e+03 -1.6274e+04
1.7719e+06 8.5495e+01 -7.1649e+03 2.0829e+02 7.4896e+02 -1.4101e+04
-4.9377e+06 8.9406e+01 -7.2166e+03 -1.2467e+01 -1.0006e+03 -1.4342e+04
-2.1963e+06 9.0285e+01 -7.2615e+03 -2.3508e+02 4.1672e+02 -1.4147e+04
-3.8829e+06 8.6270e+01 -7.2997e+03 -4.5892e+02 -2.6923e+02 -1.4082e+04
-3.0529e+06 8.3074e+01 -7.3311e+03 -6.8339e+02 1.3232e+02 -1.3965e+04
-3.5244e+06 8.0555e+01 -7.3558e+03 -9.0790e+02 -7.7501e+01 -1.3870e+04
-3.2739e+06 7.8398e+01 -7.3740e+03 -1.1319e+03 4.0148e+01 -1.3757e+04
-3.5135e+06 7.6530e+01 -7.3859e+03 -1.3548e+03 -1.2521e+01 -1.3654e+04
-3.4705e+06 7.5071e+01 -7.3917e+03 -1.5761e+03 5.6688e+00 -1.3544e+04
-3.5840e+06 7.3977e+01 -7.3917e+03 -1.7953e+03 -9.6915e+00 -1.3434e+04
-3.5893e+06 7.2919e+01 -7.3860e+03 -2.0121e+03 -3.2758e-01 -1.3322e+04
-3.7020e+06 7.1671e+01 -7.3752e+03 -2.2260e+03 -1.8853e+00 -1.3209e+04
-3.7427e+06 7.0313e+01 -7.3593e+03 -2.4367e+03 2.4943e-01 -1.3095e+04
-3.8077e+06 6.9051e+01 -7.3389e+03 -2.6439e+03 -6.3792e+00 -1.2980e+04
-3.8262e+06 6.7996e+01 -7.3143e+03 -2.8473e+03 -4.3337e+00 -1.2864e+04
-3.8818e+06 6.7293e+01 -7.2857e+03 -3.0467e+03 -5.0847e+00 -1.2746e+04
-3.8626e+06 6.7163e+01 -7.2536e+03 -3.2420e+03 -4.6681e+00 -1.2627e+04
-3.8852e+06 6.7621e+01 -7.2183e+03 -3.4330e+03 -2.7134e+00 -1.2506e+04
-3.8242e+06 6.8743e+01 -7.1800e+03 -3.6196e+03 2.2603e-01 -1.2384e+04
-3.8143e+06 7.0288e+01 -7.1391e+03 -3.8017e+03 2.6520e+00 -1.2260e+04
-3.7671e+06 7.1204e+01 -7.0960e+03 -3.9794e+03 -1.0056e+00 -1.2133e+04
-3.7915e+06 7.0785e+01 -7.0508e+03 -4.1525e+03 -4.8023e+00 -1.2005e+04
-3.7930e+06 6.9596e+01 -7.0040e+03 -4.3211e+03 -5.2657e+00 -1.1875e+04
-3.8280e+06 6.8366e+01 -6.9556e+03 -4.4853e+03 -5.7777e+00 -1.1745e+04
-3.8399e+06 6.7228e+01 -6.9060e+03 -4.6450e+03 -4.7713e+00 -1.1613e+04
-3.8738e+06 6.6165e+01 -6.8553e+03 -4.8003e+03 -3.0086e+00 -1.1480e+04
-3.8851e+06 6.5163e+01 -6.8039e+03 -4.9514e+03 -3.6732e+00 -1.1345e+04
-3.9056e+06 6.4215e+01 -6.7517e+03 -5.0982e+03 -6.5852e+00 -1.1208e+04
-3.9157e+06 6.3313e+01 -6.6991e+03 -5.2408e+03 -4.7320e-01 -1.1070e+04
-3.9462e+06 6.2466e+01 -6.6462e+03 -5.3794e+03 -1.5426e+00 -1.0932e+04
1.0896e+07 1.0157e+02 -6.2566e+03 -1.5006e+02 -1.2016e+05 -1.3467e+05
7.6982e+06 1.1785e+02 -7.0358e+03 6.0027e+02 -6.0528e+04 -7.6300e+04
-8.8612e+06 9.9638e+01 -7.1036e+03 3.8129e+02 -5.4428e+03 -1.9858e+04
2.4873e+06 9.1102e+01 -7.1606e+03 1.6991e+02 1.6348e+03 -1.4065e+04
-5.6403e+06 9.6198e+01 -7.2113e+03 -4.3868e+01 -1.1119e+03 -1.4227e+04
-1.8762e+06 9.6267e+01 -7.2556e+03 -2.5950e+02 5.8404e+02 -1.4135e+04
-3.9859e+06 9.0855e+01 -7.2936e+03 -4.7642e+02 -3.2321e+02 -1.4102e+04
-2.8820e+06 8.6649e+01 -7.3252e+03 -6.9408e+02 1.6538e+02 -1.3982e+04
-3.4544e+06 8.3540e+01 -7.3506e+03 -9.1193e+02 -7.5799e+01 -1.3882e+04
-3.2766e+06 8.0870e+01 -7.3698e+03 -1.1294e+03 4.3318e+01 -1.3773e+04
-3.4812e+06 7.8583e+01 -7.3831e+03 -1.3461e+03 -1.9979e+01 -1.3663e+04
-3.4536e+06 7.6710e+01 -7.3905e+03 -1.5615e+03 1.0653e+01 -1.3554e+04
-3.5116e+06 7.5319e+01 -7.3923e+03 -1.7751e+03 -8.2965e+00 -1.3447e+04
-3.5572e+06 7.4203e+01 -7.3889e+03 -1.9866e+03 5.6370e+00 -1.3333e+04
-3.6239e+06 7.3111e+01 -7.3803e+03 -2.1955e+03 -6.9919e-02 -1.3220e+04
-3.6805e+06 7.2132e+01 -7.3670e+03 -2.4016e+03 2.7094e+00 -1.3107e+04
-3.7239e+06 7.1402e+01 -7.3493e+03 -2.6046e+03 -5.1768e-01 -1.2992e+04
-3.7585e+06 7.0716e+01 -7.3274e+03 -2.8041e+03 9.6073e-01 -1.2878e+04
-3.7790e+06 6.9849e+01 -7.3016e+03 -3.0000e+03 6.2650e-01 -1.2761e+04
-3.8152e+06 6.9210e+01 -7.2723e+03 -3.1922e+03 1.9398e-03 -1.2642e+04
-3.8009e+06 6.9131e+01 -7.2398e+03 -3.3803e+03 -1.4475e+00 -1.2521e+04
-3.8101e+06 6.9757e+01 -7.2044e+03 -3.5645e+03 1.0322e+00 -1.2396e+04
-3.7589e+06 7.1007e+01 -7.1664e+03 -3.7445e+03 2.2309e+00 -1.2269e+04
-3.7557e+06 7.2005e+01 -7.1260e+03 -3.9203e+03 9.3853e-01 -1.2140e+04
-3.7338e+06 7.2023e+01 -7.0835e+03 -4.0918e+03 -4.0323e-01 -1.2013e+04
-3.7572e+06 7.1249e+01 -7.0393e+03 -4.2592e+03 -1.7506e+00 -1.1885e+04
-3.7623e+06 7.0131e+01 -6.9934e+03 -4.4223e+03 -9.6551e-01 -1.1756e+04
-3.7939e+06 6.8931e+01 -6.9462e+03 -4.5811e+03 -7.7847e-01 -1.1626e+04
-3.8061e+06 6.7782e+01 -6.8979e+03 -4.7359e+03 5.3122e-01 -1.1493e+04
-3.8441e+06 6.6702e+01 -6.8486e+03 -4.8865e+03 -5.3833e-01 -1.1358e+04
-3.8483e+06 6.5685e+01 -6.7985e+03 -5.0330e+03 -5.4400e+00 -1.1223e+04
-3.8779e+06 6.4725e+01 -6.7479e+03 -5.1756e+03 -1.8345e+00 -1.1080e+04
-3.9257e+06 6.3811e+01 -6.6968e+03 -5.3143e+03 -4.4041e+00 -1.0935e+04
8.2752e+06 1.1296e+02 -6.1214e+03 -3.5947e+02 -1.2234e+05 -1.4277e+05
1.1844e+07 1.4437e+02 -6.9295e+03 4.4038e+02 -6.7632e+04 -8.8945e+04
-1.0158e+07 1.2694e+02 -7.0941e+03 3.5069e+02 -9.5047e+03 -2.5553e+04
1.9369e+06 1.1253e+02 -7.1547e+03 1.3446e+02 2.6233e+03 -1.3269e+04
-4.9175e+06 1.1183e+02 -7.2062e+03 -7.6951e+01 -1.1778e+02 -1.3979e+04
-2.0975e+06 1.0712e+02 -7.2499e+03 -2.8601e+02 8.6640e+02 -1.4135e+04
-3.6570e+06 9.8923e+01 -7.2877e+03 -4.9640e+02 -2.1400e+02 -1.4115e+04
-2.9087e+06 9.2756e+01 -7.3195e+03 -7.0761e+02 1.1928e+02 -1.3993e+04
-3.4410e+06 8.7832e+01 -7.3454e+03 -9.1915e+02 -7.0668e+01 -1.3876e+04
-3.2514e+06 8.3878e+01 -7.3655e+03 -1.1305e+03 3.8585e+01 -1.3778e+04
-3.4789e+06 8.1100e+01 -7.3799e+03 -1.3413e+03 -1.9596e+01 -1.3672e+04
-3.3792e+06 7.8851e+01 -7.3887e+03 -1.5510e+03 1.3341e+01 -1.3564e+04
-3.4993e+06 7.6964e+01 -7.3923e+03 -1.7592e+03 -4.4138e+00 -1.3452e+04
-3.5202e+06 7.5445e+01 -7.3908e+03 -1.9655e+03 2.0614e+00 -1.3341e+04
-3.6185e+06 7.4283e+01 -7.3844e+03 -2.1696e+03 -2.5783e+00 -1.3228e+04
-3.6195e+06 7.3780e+01 -7.3734e+03 -2.3712e+03 -5.8371e-01 -1.3114e+04
-3.6624e+06 7.3834e+01 -7.3581e+03 -2.5700e+03 4.3365e-01 -1.2998e+04
-3.6722e+06 7.3714e+01 -7.3387e+03 -2.7657e+03 2.7218e+00 -1.2880e+04
-3.7198e+06 7.2678e+01 -7.3156e+03 -2.9581e+03 1.8989e+00 -1.2762e+04
-3.7440e+06 7.0983e+01 -7.2889e+03 -3.1471e+03 1.9048e+00 -1.2641e+04
-3.7977e+06 6.9662e+01 -7.2591e+03 -3.3324e+03 -2.2303e+00 -1.2520e+04
-3.7809e+06 6.9607e+01 -7.2264e+03 -3.5140e+03 -3.4414e+00 -1.2397e+04
-3.7898e+06 7.0633e+01 -7.1910e+03 -3.6917e+03 -6.4901e-01 -1.2273e+04
-3.7422e+06 7.1663e+01 -7.1533e+03 -3.8656e+03 3.7372e-01 -1.2147e+04
-3.7518e+06 7.2179e+01 -7.1134e+03 -4.0355e+03 1.3454e+00 -1.2017e+04
-3.7399e+06 7.2179e+01 -7.0717e+03 -4.2014e+03 -1.6103e-01 -1.1888e+04
-3.7594e+06 7.1636e+01 -7.0283e+03 -4.3633e+03 -7.2755e-01 -1.1757e+04
-3.7490e+06 7.0669e+01 -6.9834e+03 -4.5212e+03 8.7484e-01 -1.1624e+04
-3.7770e+06 6.9512e+01 -6.9373e+03 -4.6752e+03 8.2781e-01 -1.1490e+04
-3.7892e+06 6.8344e+01 -6.8902e+03 -4.8252e+03 2.2538e-01 -1.1354e+04
-3.8235e+06 6.7246e+01 -6.8422e+03 -4.9714e+03 -5.2755e+00 -1.1216e+04
-3.8200e+06 6.6218e+01 -6.7935e+03 -5.1137e+03 -4.4048e+00 -1.1078e+04
-3.8943e+06 6.5241e+01 -6.7443e+03 -5.2523e+03 -4.2520e+00 -1.0940e+04
1.4957e+06 1.0715e+02 -5.9839e+03 -5.6845e+02 -1.2534e+05 -1.4932e+05
1.8793e+07 1.6162e+02 -6.7655e+03 2.1078e+02 -7.6672e+04 -1.0350e+05
-3.6270e+06 1.6617e+02 -7.0846e+03 3.2064e+02 -1.0222e+04 -3.6259e+04
-1.4766e+06 1.4928e+02 -7.1438e+03 1.1051e+02 9.6855e+03 -1.8885e+04
-3.1787e+06 1.3740e+02 -7.1975e+03 -1.0242e+02 1.3573e+03 -2.1860e+04
-2.6727e+06 1.2513e+02 -7.2444e+03 -3.1444e+02 1.9132e+02 -1.6330e+04
-3.1892e+06 1.1262e+02 -7.2820e+03 -5.1865e+02 5.0807e+02 -1.4045e+04
-2.9364e+06 1.0330e+02 -7.3139e+03 -7.2376e+02 1.7546e+02 -1.3999e+04
-3.2165e+06 9.5215e+01 -7.3402e+03 -9.2930e+02 -1.0617e+01 -1.3897e+04
-3.3107e+06 8.8790e+01 -7.3610e+03 -1.1348e+03 5.0596e+00 -1.3788e+04
-3.3589e+06 8.4498e+01 -7.3764e+03 -1.3399e+03 -3.4015e+00 -1.3680e+04
-3.3918e+06 8.1382e+01 -7.3866e+03 -1.5442e+03 6.8890e+00 -1.3573e+04
-3.4394e+06 7.9005e+01 -7.3917e+03 -1.7471e+03 -9.1652e-01 -1.3460e+04
-3.5278e+06 7.7114e+01 -7.3919e+03 -1.9485e+03 -2.5509e+00 -1.3349e+04
-3.5560e+06 7.5861e+01 -7.3875e+03 -2.1480e+03 -2.5819e+00 -1.3237e+04
-3.5924e+06 7.5812e+01 -7.3786e+03 -2.3452e+03 -2.5689e+00 -1.3121e+04
-3.5942e+06 7.6512e+01 -7.3655e+03 -2.5399e+03 -3.6338e+00 -1.3003e+04
-3.6131e+06 7.6805e+01 -7.3485e+03 -2.7318e+03 -3.6347e-01 -1.2886e+04
-3.6424e+06 7.5895e+01 -7.3278e+03 -2.9207e+03 1.2893e+00 -1.2766e+04
-3.6989e+06 7.3675e+01 -7.3037e+03 -3.1065e+03 8.4291e-01 -1.2646e+04
-3.7463e+06 7.1086e+01 -7.2764e+03 -3.2889e+03 5.7039e-01 -1.2523e+04
-3.7929e+06 6.9688e+01 -7.2462e+03 -3.4679e+03 -2.6235e+00 -1.2401e+04
-3.7832e+06 6.9857e+01 -7.2134e+03 -3.6434e+03 -2.8503e+00 -1.2277e+04
-3.7910e+06 7.0631e+01 -7.1782e+03 -3.8152e+03 -4.5797e-02 -1.2149e+04
-3.7749e+06 7.1379e+01 -7.1408e+03 -3.9833e+03 -7.3287e-01 -1.2022e+04
-3.8210e+06 7.1977e+01 -7.1014e+03 -4.1476e+03 -4.7233e+00 -1.1891e+04
-3.7922e+06 7.2229e+01 -7.0604e+03 -4.3082e+03 -5.2441e+00 -1.1761e+04
-3.7583e+06 7.1956e+01 -7.0178e+03 -4.4650e+03 -5.8502e-01 -1.1628e+04
-3.7316e+06 7.1172e+01 -6.9739e+03 -4.6181e+03 2.0332e+00 -1.1492e+04
-3.7648e+06 7.0076e+01 -6.9289e+03 -4.7674e+03 4.1710e-01 -1.1356e+04
-3.7700e+06 6.8911e+01 -6.8830e+03 -4.9131e+03 -4.9247e+00 -1.1219e+04
-3.7921e+06 6.7798e+01 -6.8362e+03 -5.0550e+03 -3.1426e+00 -1.1080e+04
-3.8156e+06 6.6750e+01 -6.7888e+03 -5.1934e+03 -3.0251e-01 -1.0941e+04
-1.3938e+07 8.3887e+01 -5.7921e+03 -8.4476e+02 -1.3448e+05 -1.4535e+05
1.7260e+07 1.6096e+02 -6.5594e+03 -6.6848e+01 -9.3531e+04 -1.1413e+05
3.0575e+06 2.0067e+02 -7.0751e+03 2.9097e+02 -1.3628e+04 -4.6337e+04
-6.4279e+06 1.9025e+02 -7.1330e+03 8.6593e+01 1.6735e+04 -2.2524e+04
-1.2283e+06 1.6877e+02 -7.1858e+03 -1.2051e+02 -8.9046e+02 -2.9139e+04
-3.5198e+06 1.5008e+02 -7.2334e+03 -3.2996e+02 -2.1214e+03 -2.1358e+04
-2.3348e+06 1.3357e+02 -7.2758e+03 -5.4134e+02 2.8011e+03 -1.5073e+04
-3.1423e+06 1.2013e+02 -7.3083e+03 -7.4232e+02 1.3653e+03 -1.4081e+04
-2.9023e+06 1.0796e+02 -7.3350e+03 -9.4217e+02 4.3043e+02 -1.3851e+04
-3.1952e+06 9.8365e+01 -7.3564e+03 -1.1421e+03 1.6630e+01 -1.3806e+04
-3.2730e+06 9.0740e+01 -7.3727e+03 -1.3418e+03 8.2873e+00 -1.3687e+04
-3.3420e+06 8.5127e+01 -7.3841e+03 -1.5408e+03 -4.3026e+00 -1.3578e+04
-3.3912e+06 8.1890e+01 -7.3906e+03 -1.7388e+03 8.5047e+00 -1.3468e+04
-3.4259e+06 7.9958e+01 -7.3924e+03 -1.9354e+03 8.7128e-02 -1.3357e+04
-3.4542e+06 7.9013e+01 -7.3897e+03 -2.1303e+03 5.8288e+00 -1.3243e+04
-3.4782e+06 7.9399e+01 -7.3828e+03 -2.3232e+03 2.9749e+00 -1.3126e+04
-3.5186e+06 8.0229e+01 -7.3718e+03 -2.5139e+03 1.6877e+00 -1.3011e+04
-3.5303e+06 8.0281e+01 -7.3569e+03 -2.7021e+03 -1.0997e-01 -1.2893e+04
-3.5681e+06 7.9211e+01 -7.3385e+03 -2.8876e+03 2.8488e+00 -1.2773e+04
-3.6201e+06 7.7139e+01 -7.3167e+03 -3.0702e+03 3.3615e+00 -1.2652e+04
-3.6937e+06 7.4358e+01 -7.2918e+03 -3.2497e+03 6.8456e-01 -1.2529e+04
-3.7446e+06 7.1699e+01 -7.2640e+03 -3.4261e+03 8.8699e-01 -1.2404e+04
-3.7926e+06 7.0033e+01 -7.2336e+03 -3.5992e+03 -2.2747e+00 -1.2280e+04
-3.7926e+06 6.9705e+01 -7.2008e+03 -3.7688e+03 -2.4494e+00 -1.2154e+04
-3.8132e+06 7.0296e+01 -7.1657e+03 -3.9351e+03 3.2595e-02 -1.2025e+04
-3.8213e+06 7.1075e+01 -7.1287e+03 -4.0978e+03 -3.2372e+00 -1.1896e+04
-3.8166e+06 7.1741e+01 -7.0899e+03 -4.2570e+03 -3.0050e+00 -1.1764e+04
-3.7459e+06 7.2170e+01 -7.0496e+03 -4.4126e+03 -2.2352e-01 -1.1631e+04
-3.7357e+06 7.2129e+01 -7.0079e+03 -4.5646e+03 1.9180e+00 -1.1496e+04
-3.7282e+06 7.1513e+01 -6.9649e+03 -4.7131e+03 8.0983e-01 -1.1359e+04
-3.7511e+06 7.0536e+01 -6.9210e+03 -4.8581e+03 -4.7684e+00 -1.1222e+04
-3.7405e+06 6.9447e+01 -6.8761e+03 -4.9996e+03 -2.9504e+00 -1.1084e+04
-3.7754e+06 6.8340e+01 -6.8305e+03 -5.1375e+03 -1.5407e+00 -1.0945e+04
-1.0940e+07 7.6498e+01 -5.6448e+03 -1.0697e+03 -1.6005e+05 -1.0019e+05
2.1972e+07 1.5233e+02 -6.4594e+03 -2.0490e+02 -1.1500e+05 -8.2075e+04
6.3711e+06 2.0134e+02 -7.0656e+03 2.6170e+02 -2.5798e+04 -3.2579e+04
-5.5998e+06 2.0319e+02 -7.1223e+03 6.2770e+01 1.3442e+04 -6.6523e+03
-8.2003e+05 1.8958e+02 -7.1741e+03 -1.3881e+02 -2.8313e+03 -1.2982e+04
-2.9947e+06 1.7571e+02 -7.2211e+03 -3.4271e+02 -4.6006e+03 -2.0659e+04
-2.0898e+06 1.6247e+02 -7.2632e+03 -5.4855e+02 3.8246e+03 -1.6959e+04
-2.8900e+06 1.4588e+02 -7.3003e+03 -7.5596e+02 4.7626e+03 -1.4392e+04
-2.6043e+06 1.2775e+02 -7.3298e+03 -9.5755e+02 2.6605e+03 -1.3657e+04
-3.0214e+06 1.1428e+02 -7.3518e+03 -1.1522e+03 7.6036e+02 -1.3650e+04
-3.0689e+06 1.0246e+02 -7.3689e+03 -1.3467e+03 1.4762e+02 -1.3678e+04
-3.2804e+06 9.2989e+01 -7.3813e+03 -1.5407e+03 9.5811e+00 -1.3587e+04
-3.2886e+06 8.7423e+01 -7.3890e+03 -1.7339e+03 2.5375e-01 -1.3472e+04
-3.3685e+06 8.4619e+01 -7.3923e+03 -1.9259e+03 -3.0454e+00 -1.3359e+04
-3.3583e+06 8.3825e+01 -7.3912e+03 -2.1164e+03 5.0764e+00 -1.3245e+04
-3.4074e+06 8.4406e+01 -7.3861e+03 -2.3051e+03 2.4265e+00 -1.3133e+04
-3.4407e+06 8.4750e+01 -7.3770e+03 -2.4919e+03 5.7924e-01 -1.3017e+04
-3.4760e+06 8.3977e+01 -7.3642e+03 -2.6764e+03 -3.9153e+00 -1.2898e+04
-3.5084e+06 8.2332e+01 -7.3479e+03 -2.8585e+03 -2.8974e+00 -1.2778e+04
-3.5628e+06 8.0324e+01 -7.3282e+03 -3.0379e+03 3.0854e+00 -1.2656e+04
-3.6092e+06 7.8049e+01 -7.3056e+03 -3.2146e+03 4.9930e+00 -1.2533e+04
-3.6803e+06 7.5310e+01 -7.2801e+03 -3.3883e+03 3.2094e+00 -1.2409e+04
-3.7402e+06 7.2366e+01 -7.2519e+03 -3.5589e+03 1.8175e+00 -1.2283e+04
-3.7956e+06 7.0303e+01 -7.2213e+03 -3.7264e+03 -4.8611e+00 -1.2156e+04
-3.8122e+06 6.9713e+01 -7.1886e+03 -3.8907e+03 -6.7379e+00 -1.2028e+04
-3.8334e+06 7.0040e+01 -7.1538e+03 -4.0517e+03 -4.2847e+00 -1.1898e+04
-3.7930e+06 7.0717e+01 -7.1172e+03 -4.2094e+03 -1.9437e+00 -1.1766e+04
-3.7656e+06 7.1437e+01 -7.0790e+03 -4.3637e+03 1.4949e+00 -1.1632e+04
-3.7233e+06 7.1932e+01 -7.0393e+03 -4.5146e+03 3.2297e+00 -1.1497e+04
-3.7327e+06 7.2009e+01 -6.9984e+03 -4.6622e+03 2.1849e+00 -1.1360e+04
-3.7144e+06 7.1674e+01 -6.9564e+03 -4.8064e+03 -1.9813e+00 -1.1223e+04
-3.7253e+06 7.0994e+01 -6.9134e+03 -4.9472e+03 -1.9762e+00 -1.1085e+04
-3.7357e+06 6.9997e+01 -6.8696e+03 -5.0847e+03 -2.4795e+00 -1.0945e+04
-2.9513e+06 6.8904e+01 -5.9767e+03 -6.5580e+02 -1.7389e+05 -6.0328e+04
1.6687e+07 1.2665e+02 -6.7710e+03 1.5503e+02 -1.1036e+05 -4.2702e+04
5.5732e+06 1.6526e+02 -7.0562e+03 2.3307e+02 -2.5887e+04 -1.6370e+04
-3.4244e+06 1.7976e+02 -7.1116e+03 3.9169e+01 7.4331e+03 -3.3010e+02
-2.3280e+06 1.8781e+02 -7.1626e+03 -1.5724e+02 4.5529e+02 2.3743e+03
-2.6861e+06 1.8979e+02 -7.2089e+03 -3.5586e+02 -6.0725e+03 -1.1857e+04
-2.2706e+06 1.8964e+02 -7.2506e+03 -5.5643e+02 -6.0185e+02 -1.4746e+04
-2.7043e+06 1.7799e+02 -7.2877e+03 -7.5860e+02 6.3830e+03 -1.3028e+04
-2.6980e+06 1.5654e+02 -7.3200e+03 -9.6204e+02 6.9730e+03 -1.2244e+04
-2.7040e+06 1.3766e+02 -7.3472e+03 -1.1649e+03 4.3747e+03 -1.2940e+04
-2.8799e+06 1.2111e+02 -7.3650e+03 -1.3544e+03 1.4589e+03 -1.3384e+04
-3.0531e+06 1.0821e+02 -7.3782e+03 -1.5436e+03 3.6463e+02 -1.3492e+04
-3.1454e+06 9.8461e+01 -7.3871e+03 -1.7321e+03 7.3872e+01 -1.3483e+04
-3.2472e+06 9.2264e+01 -7.3917e+03 -1.9197e+03 -6.0578e+00 -1.3366e+04
-3.3104e+06 9.0156e+01 -7.3921e+03 -2.1059e+03 -2.5906e+00 -1.3254e+04
-3.3380e+06 8.9950e+01 -7.3886e+03 -2.2906e+03 1.5594e+00 -1.3137e+04
-3.3636e+06 8.9286e+01 -7.3812e+03 -2.4736e+03 7.9675e-01 -1.3021e+04
-3.3940e+06 8.7657e+01 -7.3703e+03 -2.6545e+03 -6.3550e+00 -1.2904e+04
-3.4451e+06 8.5484e+01 -7.3560e+03 -2.8332e+03 -6.8230e+00 -1.2783e+04
-3.5009e+06 8.3239e+01 -7.3384e+03 -3.0095e+03 -6.8654e-01 -1.2661e+04
-3.5782e+06 8.1075e+01 -7.3178e+03 -3.1832e+03 -3.7923e-02 -1.2537e+04
-3.6181e+06 7.8771e+01 -7.2944e+03 -3.3543e+03 -1.7127e+00 -1.2413e+04
-3.6814e+06 7.6125e+01 -7.2684e+03 -3.5225e+03 -1.3896e+00 -1.2286e+04
-3.7304e+06 7.3399e+01 -7.2400e+03 -3.6878e+03 -9.0165e-01 -1.2157e+04
-3.7802e+06 7.1089e+01 -7.2094e+03 -3.8501e+03 -1.6629e+00 -1.2028e+04
-3.7981e+06 6.9747e+01 -7.1767e+03 -4.0093e+03 -3.0813e+00 -1.1899e+04
-3.8064e+06 6.9726e+01 -7.1423e+03 -4.1654e+03 -2.8247e+00 -1.1767e+04
-3.7740e+06 7.0371e+01 -7.1061e+03 -4.3183e+03 -9.4652e-01 -1.1634e+04
-3.7727e+06 7.1035e+01 -7.0685e+03 -4.4680e+03 1.5555e+00 -1.1498e+04
-3.7341e+06 7.1621e+01 -7.0295e+03 -4.6145e+03 4.8519e-01 -1.1362e+04
-3.7305e+06 7.2019e+01 -6.9894e+03 -4.7579e+03 -2.5764e+00 -1.1224e+04
-3.6953e+06 7.2038e+01 -6.9483e+03 -4.8979e+03 -1.0962e+00 -1.1085e+04
-3.7075e+06 7.1500e+01 -6.9062e+03 -5.0349e+03 -1.1845e+00 -1.0944e+04
-4.6366e+06 5.5690e+01 -6.3284e+03 -2.2983e+02 -1.5331e+05 -5.3805e+04
5.7198e+06 9.5754e+01 -6.9927e+03 3.8093e+02 -7.2403e+04 -3.2178e+04
3.5167e+06 1.2499e+02 -7.0470e+03 2.0514e+02 -1.0047e+04 -1.4536e+04
-1.9358e+05 1.4556e+02 -7.1012e+03 1.5992e+01 3.8327e+03 -9.0063e+03
-2.8372e+06 1.6801e+02 -7.1511e+03 -1.7559e+02 2.4966e+03 -1.5957e+03
-2.2301e+06 1.8359e+02 -7.1968e+03 -3.6931e+02 -5.7162e+03 -6.2868e+03
-2.4729e+06 1.9773e+02 -7.2382e+03 -5.6486e+02 -5.7713e+03 -1.1280e+04
-2.1347e+06 2.0187e+02 -7.2751e+03 -7.6204e+02 1.6245e+03 -1.0970e+04
-2.3812e+06 1.8934e+02 -7.3076e+03 -9.6053e+02 7.0845e+03 -9.6347e+03
-2.6250e+06 1.6916e+02 -7.3357e+03 -1.1600e+03 8.6896e+03 -1.0450e+04
-2.6613e+06 1.4849e+02 -7.3594e+03 -1.3602e+03 5.6506e+03 -1.1494e+04
-2.8053e+06 1.3173e+02 -7.3750e+03 -1.5493e+03 2.8395e+03 -1.2742e+04
-2.9809e+06 1.1642e+02 -7.3848e+03 -1.7334e+03 9.6076e+02 -1.3372e+04
-3.0816e+06 1.0513e+02 -7.3906e+03 -1.9166e+03 1.5861e+02 -1.3324e+04
-3.2159e+06 9.9879e+01 -7.3924e+03 -2.0987e+03 1.3031e+01 -1.3249e+04
-3.2483e+06 9.7064e+01 -7.3904e+03 -2.2795e+03 1.0403e+01 -1.3142e+04
-3.3041e+06 9.4531e+01 -7.3847e+03 -2.4587e+03 -5.5604e+00 -1.3027e+04
-3.3382e+06 9.1910e+01 -7.3755e+03 -2.6361e+03 -1.3336e+01 -1.2907e+04
-3.3947e+06 8.9105e+01 -7.3630e+03 -2.8115e+03 -1.2560e+01 -1.2786e+04
-3.4571e+06 8.6461e+01 -7.3473e+03 -2.9847e+03 -1.9357e+00 -1.2664e+04
-3.4895e+06 8.4000e+01 -7.3287e+03 -3.1556e+03 5.5168e+00 -1.2541e+04
-3.5650e+06 8.1694e+01 -7.3073e+03 -3.3240e+03 2.8064e+00 -1.2416e+04
-3.6122e+06 7.9513e+01 -7.2833e+03 -3.4897e+03 -2.1301e+00 -1.2289e+04
-3.6756e+06 7.7294e+01 -7.2570e+03 -3.6528e+03 -3.2529e-01 -1.2159e+04
-3.7375e+06 7.4653e+01 -7.2284e+03 -3.8131e+03 4.6274e+00 -1.2029e+04
-3.7939e+06 7.1867e+01 -7.1978e+03 -3.9704e+03 -1.6320e+00 -1.1901e+04
-3.8027e+06 7.0141e+01 -7.1653e+03 -4.1249e+03 -7.5863e+00 -1.1769e+04
-3.7991e+06 6.9702e+01 -7.1312e+03 -4.2763e+03 -4.0781e+00 -1.1634e+04
-3.7589e+06 7.0192e+01 -7.0955e+03 -4.4247e+03 1.1690e+00 -1.1499e+04
-3.7527e+06 7.1115e+01 -7.0584e+03 -4.5701e+03 2.3869e+00 -1.1362e+04
-3.7111e+06 7.1892e+01 -7.0202e+03 -4.7124e+03 -5.2056e-01 -1.1224e+04
-3.7045e+06 7.2325e+01 -6.9808e+03 -4.8517e+03 -1.2036e+00 -1.1084e+04
-3.6822e+06 7.2303e+01 -6.9405e+03 -4.9879e+03 -6.9198e-01 -1.0942e+04
4.8388e+06 5.7696e+01 -6.6845e+03 1.8395e+02 -1.1601e+05 -3.8201e+04
5.1292e+06 8.1943e+01 -6.9920e+03 3.2964e+02 -3.3995e+04 -2.1508e+04
7.0737e+06 1.0081e+02 -7.0442e+03 1.6072e+02 -9.2211e+02 -1.3918e+04
-1.1525e+06 1.1893e+02 -7.0923e+03 -1.0422e+01 5.6262e+02 -1.2254e+04
-2.8278e+06 1.4270e+02 -7.1400e+03 -1.9370e+02 1.5639e+03 -8.8605e+03
-2.9165e+06 1.6313e+02 -7.1849e+03 -3.8280e+02 -2.6977e+03 -8.2703e+03
-2.4787e+06 1.8410e+02 -7.2258e+03 -5.7371e+02 -4.7810e+03 -1.1441e+04
-2.3868e+06 2.0211e+02 -7.2625e+03 -7.6616e+02 -2.8735e+03 -1.2967e+04
-2.1805e+06 2.0647e+02 -7.2951e+03 -9.5991e+02 1.9717e+03 -1.1932e+04
-2.2174e+06 1.9920e+02 -7.3235e+03 -1.1547e+03 6.5987e+03 -8.6756e+03
-2.5142e+06 1.8502e+02 -7.3478e+03 -1.3504e+03 8.1716e+03 -6.4412e+03
-2.6973e+06 1.6471e+02 -7.3679e+03 -1.5465e+03 7.8385e+03 -8.3218e+03
-2.7640e+06 1.4152e+02 -7.3824e+03 -1.7374e+03 4.7252e+03 -1.1364e+04
-2.8664e+06 1.2447e+02 -7.3892e+03 -1.9165e+03 1.5075e+03 -1.2765e+04
-3.0241e+06 1.1480e+02 -7.3922e+03 -2.0946e+03 3.3198e+02 -1.3070e+04
-3.1430e+06 1.0762e+02 -7.3916e+03 -2.2716e+03 1.0341e+02 -1.3094e+04
-3.1625e+06 1.0208e+02 -7.3874e+03 -2.4472e+03 2.8406e+01 -1.3011e+04
-3.2170e+06 9.7736e+01 -7.3798e+03 -2.6211e+03 6.0351e+00 -1.2909e+04
-3.2772e+06 9.3572e+01 -7.3690e+03 -2.7933e+03 6.8097e+00 -1.2789e+04
-3.3890e+06 9.0068e+01 -7.3551e+03 -2.9634e+03 1.0433e+00 -1.2667e+04
-3.5001e+06 8.7199e+01 -7.3383e+03 -3.1314e+03 -6.6548e+00 -1.2544e+04
-3.5289e+06 8.4729e+01 -7.3188e+03 -3.2971e+03 -7.6527e+00 -1.2418e+04
-3.5878e+06 8.2466e+01 -7.2968e+03 -3.4604e+03 -7.7615e+00 -1.2290e+04
-3.6197e+06 8.0433e+01 -7.2724e+03 -3.6212e+03 -1.3721e+00 -1.2161e+04
-3.6505e+06 7.8529e+01 -7.2458e+03 -3.7794e+03 1.3672e+01 -1.2032e+04
-3.6816e+06 7.6120e+01 -7.2171e+03 -3.9349e+03 1.4382e+01 -1.1903e+04
-3.7277e+06 7.3220e+01 -7.1866e+03 -4.0876e+03 5.8363e-01 -1.1771e+04
-3.7693e+06 7.0872e+01 -7.1543e+03 -4.2375e+03 -6.1879e+00 -1.1637e+04
-3.8008e+06 7.0310e+01 -7.1205e+03 -4.3846e+03 -5.9569e+00 -1.1499e+04
-3.7582e+06 7.1048e+01 -7.0853e+03 -4.5288e+03 -4.4974e+00 -1.1362e+04
-3.7488e+06 7.1859e+01 -7.0488e+03 -4.6700e+03 -4.6145e+00 -1.1223e+04
-3.7020e+06 7.2253e+01 -7.0112e+03 -4.8084e+03 -4.3402e+00 -1.1082e+04
-3.6915e+06 7.2264e+01 -6.9726e+03 -4.9438e+03 -8.1361e-01 -1.0940e+04
5.9308e+06 8.1975e+01 -6.9365e+03 4.4020e+02 -6.6039e+04 -1.9479e+04
3.5693e+06 8.2901e+01 -6.9912e+03 2.7805e+02 -1.0397e+04 -1.3361e+04
6.4261e+06 8.9324e+01 -7.0422e+03 1.1348e+02 -6.6011e+02 -1.3801e+04
-3.0118e+06 1.0279e+02 -7.0894e+03 -5.3246e+01 -3.8916e+02 -1.3410e+04
-1.8774e+06 1.2278e+02 -7.1326e+03 -2.2185e+02 1.1459e+03 -1.2750e+04
-3.4495e+06 1.4100e+02 -7.1732e+03 -3.9621e+02 2.8282e+02 -1.1603e+04
-2.8329e+06 1.6010e+02 -7.2136e+03 -5.8270e+02 -1.3501e+03 -1.2023e+04
-2.6490e+06 1.8029e+02 -7.2500e+03 -7.7074e+02 -2.8677e+03 -1.4424e+04
-2.2654e+06 1.9611e+02 -7.2826e+03 -9.6005e+02 -2.5458e+03 -1.5568e+04
-2.3240e+06 2.0958e+02 -7.3113e+03 -1.1504e+03 -1.5101e+03 -1.2580e+04
-2.1874e+06 2.1530e+02 -7.3360e+03 -1.3416e+03 2.7467e+03 -7.0243e+03
-2.3129e+06 2.0080e+02 -7.3568e+03 -1.5334e+03 9.2038e+03 -3.8362e+03
-2.5503e+06 1.7320e+02 -7.3738e+03 -1.7256e+03 1.0337e+04 -5.8610e+03
-2.6073e+06 1.5017e+02 -7.3871e+03 -1.9180e+03 6.1423e+03 -9.6373e+03
-2.7670e+06 1.3484e+02 -7.3916e+03 -2.0934e+03 2.4658e+03 -1.1910e+04
-2.9690e+06 1.2247e+02 -7.3922e+03 -2.2667e+03 7.7828e+02 -1.2710e+04
-3.1078e+06 1.1296e+02 -7.3894e+03 -2.4387e+03 1.6963e+02 -1.2938e+04
-3.1572e+06 1.0607e+02 -7.3833e+03 -2.6093e+03 1.5439e+01 -1.2877e+04
-3.2639e+06 9.9804e+01 -7.3741e+03 -2.7782e+03 1.5275e+00 -1.2782e+04
-3.3553e+06 9.4485e+01 -7.3619e+03 -2.9454e+03 3.1577e+00 -1.2666e+04
-3.3710e+06 9.0739e+01 -7.3468e+03 -3.1105e+03 9.9860e+00 -1.2543e+04
-3.4607e+06 8.8143e+01 -7.3291e+03 -3.2736e+03 8.3558e+00 -1.2419e+04
-3.5021e+06 8.5745e+01 -7.3089e+03 -3.4345e+03 1.7213e+00 -1.2292e+04
-3.5728e+06 8.3459e+01 -7.2863e+03 -3.5930e+03 -4.2588e+00 -1.2164e+04
-3.6306e+06 8.1761e+01 -7.2616e+03 -3.7491e+03 -9.4958e+00 -1.2034e+04
-3.6652e+06 8.0074e+01 -7.2348e+03 -3.9026e+03 -1.0910e+01 -1.1902e+04
-3.6825e+06 7.7432e+01 -7.2061e+03 -4.0536e+03 -9.2585e+00 -1.1769e+04
-3.7043e+06 7.4353e+01 -7.1757e+03 -4.2019e+03 -2.2295e+00 -1.1634e+04
-3.6988e+06 7.2405e+01 -7.1437e+03 -4.3475e+03 5.6735e+00 -1.1498e+04
-3.7293e+06 7.1958e+01 -7.1103e+03 -4.4904e+03 3.9847e+00 -1.1361e+04
-3.6988e+06 7.2270e+01 -7.0755e+03 -4.6306e+03 9.9599e-01 -1.1222e+04
-3.7079e+06 7.2277e+01 -7.0396e+03 -4.7679e+03 -1.1444e+00 -1.1080e+04
-3.6992e+06 7.1801e+01 -7.0027e+03 -4.9025e+03 -1.3286e+00 -1.0938e+04
3.9929e+06 1.0367e+02 -6.9372e+03 3.8428e+02 -2.0058e+04 -1.3283e+04
2.8883e+06 8.5799e+01 -6.9906e+03 2.2618e+02 -1.6646e+03 -1.3424e+04
-2.1792e+06 8.5019e+01 -7.0404e+03 6.5742e+01 -1.2550e+03 -1.3674e+04
-3.2685e+06 9.6652e+01 -7.0865e+03 -9.6777e+01 -5.8179e+02 -1.3364e+04
-3.0594e+06 1.1197e+02 -7.1290e+03 -2.6112e+02 5.9644e+01 -1.3349e+04
-2.5778e+06 1.2409e+02 -7.1676e+03 -4.2704e+02 5.1261e+02 -1.3029e+04
-2.4816e+06 1.3729e+02 -7.2024e+03 -5.9426e+02 6.3502e+02 -1.2569e+04
-2.4013e+06 1.5314e+02 -7.2378e+03 -7.7557e+02 -1.1809e+02 -1.2942e+04
-2.4825e+06 1.7141e+02 -7.2702e+03 -9.6069e+02 -2.5089e+03 -1.4085e+04
-2.3141e+06 1.9515e+02 -7.2990e+03 -1.1469e+03 -5.7833e+03 -1.6842e+04
-2.3319e+06 2.1612e+02 -7.3241e+03 -1.3339e+03 -4.5938e+03 -1.6243e+04
-2.3545e+06 2.1850e+02 -7.3455e+03 -1.5215e+03 2.1710e+03 -9.0563e+03
-2.5654e+06 2.0197e+02 -7.3632e+03 -1.7097e+03 8.5152e+03 -3.2214e+03
-2.6626e+06 1.7953e+02 -7.3774e+03 -1.8980e+03 9.4794e+03 -3.9871e+03
-2.6051e+06 1.6039e+02 -7.3881e+03 -2.0864e+03 6.7128e+03 -7.4466e+03
-2.7267e+06 1.4384e+02 -7.3924e+03 -2.2646e+03 3.7753e+03 -1.0225e+04
-2.8268e+06 1.2896e+02 -7.3909e+03 -2.4332e+03 1.4804e+03 -1.2201e+04
-2.9964e+06 1.1785e+02 -7.3862e+03 -2.6004e+03 2.8870e+02 -1.2733e+04
-3.1044e+06 1.0913e+02 -7.3784e+03 -2.7662e+03 7.5433e+01 -1.2726e+04
-3.2630e+06 1.0155e+02 -7.3678e+03 -2.9304e+03 1.8560e+01 -1.2656e+04
-3.4379e+06 9.6155e+01 -7.3543e+03 -3.0928e+03 -1.1716e+01 -1.2542e+04
-3.4504e+06 9.2744e+01 -7.3383e+03 -3.2533e+03 -1.0807e+01 -1.2418e+04
-3.5060e+06 8.9773e+01 -7.3198e+03 -3.4116e+03 -7.3754e+00 -1.2291e+04
-3.5173e+06 8.6928e+01 -7.2990e+03 -3.5679e+03 -3.0181e+00 -1.2162e+04
-3.5087e+06 8.4800e+01 -7.2760e+03 -3.7218e+03 7.0992e+00 -1.2032e+04
-3.5263e+06 8.3064e+01 -7.2509e+03 -3.8734e+03 1.1394e+01 -1.1901e+04
-3.5742e+06 8.0890e+01 -7.2240e+03 -4.0226e+03 6.5421e+00 -1.1768e+04
-3.6427e+06 7.8305e+01 -7.1954e+03 -4.1693e+03 -3.8143e+00 -1.1633e+04
-3.7217e+06 7.5856e+01 -7.1651e+03 -4.3135e+03 -1.0568e+01 -1.1496e+04
-3.7173e+06 7.4170e+01 -7.1334e+03 -4.4550e+03 -1.0535e+01 -1.1358e+04
-3.7422e+06 7.3484e+01 -7.1004e+03 -4.5939e+03 -1.1096e+01 -1.1218e+04
-3.7140e+06 7.2551e+01 -7.0661e+03 -4.7302e+03 -7.7900e+00 -1.1075e+04
-3.7273e+06 7.1158e+01 -7.0308e+03 -4.8639e+03 -3.2762e+00 -1.0933e+04
-4.3014e+05 9.4085e+01 -6.9378e+03 3.2828e+02 -2.4748e+03 -1.3996e+04
-2.3204e+06 8.3913e+01 -6.9899e+03 1.7403e+02 -7.7999e+02 -1.3814e+04
-9.1769e+05 8.5607e+01 -7.0386e+03 1.7540e+01 2.4973e+02 -1.3651e+04
-1.8274e+06 9.7230e+01 -7.0838e+03 -1.4097e+02 3.0549e+02 -1.3561e+04
-2.2114e+06 1.0777e+02 -7.1255e+03 -3.0126e+02 2.1730e+02 -1.3477e+04
-3.0895e+06 1.1373e+02 -7.1636e+03 -4.6308e+02 -4.8235e+01 -1.3386e+04
-3.3784e+06 1.2180e+02 -7.1980e+03 -6.2620e+02 1.4703e+02 -1.3316e+04
-3.8309e+06 1.3306e+02 -7.2288e+03 -7.9036e+02 4.5899e+02 -1.3013e+04
-3.5142e+06 1.4820e+02 -7.2580e+03 -9.6167e+02 -6.1133e+02 -1.2911e+04
-2.9424e+06 1.6898e+02 -7.2868e+03 -1.1439e+03 -3.3777e+03 -1.5862e+04
-2.2366e+06 1.9162e+02 -7.3121e+03 -1.3269e+03 -4.8321e+03 -2.0592e+04
-2.0002e+06 2.0863e+02 -7.3340e+03 -1.5107e+03 -2.7291e+03 -1.8895e+04
-1.8902e+06 2.1190e+02 -7.3524e+03 -1.6949e+03 3.1358e+03 -1.0534e+04
-2.1619e+06 2.0104e+02 -7.3674e+03 -1.8794e+03 7.9087e+03 -4.7831e+03
-2.5628e+06 1.8745e+02 -7.3790e+03 -2.0641e+03 8.4293e+03 -3.5605e+03
-2.8109e+06 1.7294e+02 -7.3874e+03 -2.2487e+03 7.7940e+03 -4.4072e+03
-2.8826e+06 1.5344e+02 -7.3918e+03 -2.4304e+03 5.5881e+03 -7.9665e+03
-2.8781e+06 1.3575e+02 -7.3884e+03 -2.5944e+03 2.2927e+03 -1.1453e+04
-3.0923e+06 1.2311e+02 -7.3820e+03 -2.7572e+03 5.9034e+02 -1.2487e+04
-3.1510e+06 1.1316e+02 -7.3728e+03 -2.9184e+03 1.3561e+02 -1.2539e+04
-3.1510e+06 1.0570e+02 -7.3609e+03 -3.0780e+03 6.8560e+01 -1.2508e+04
-3.2896e+06 1.0026e+02 -7.3465e+03 -3.2359e+03 3.8557e+01 -1.2413e+04
-3.3680e+06 9.5629e+01 -7.3296e+03 -3.3919e+03 1.3028e+01 -1.2290e+04
-3.4680e+06 9.1457e+01 -7.3104e+03 -3.5458e+03 -4.9592e+00 -1.2164e+04
-3.5879e+06 8.8255e+01 -7.2891e+03 -3.6976e+03 -2.3690e+01 -1.2032e+04
-3.6211e+06 8.5954e+01 -7.2657e+03 -3.8473e+03 -2.8347e+01 -1.1899e+04
-3.6098e+06 8.3857e+01 -7.2405e+03 -3.9946e+03 -1.8276e+01 -1.1764e+04
-3.5804e+06 8.1559e+01 -7.2136e+03 -4.1396e+03 8.2808e-01 -1.1629e+04
-3.5519e+06 7.9141e+01 -7.1850e+03 -4.2823e+03 1.4372e+01 -1.1492e+04
-3.6218e+06 7.7009e+01 -7.1549e+03 -4.4224e+03 1.2343e+01 -1.1355e+04
-3.6162e+06 7.5563e+01 -7.1235e+03 -4.5601e+03 8.8054e+00 -1.1215e+04
-3.6816e+06 7.3734e+01 -7.0909e+03 -4.6953e+03 1.0645e+00 -1.1073e+04
-3.7336e+06 7.1354e+01 -7.0571e+03 -4.8279e+03 -5.7394e+00 -1.0930e+04
1.1418e+06 7.7543e+01 -6.9384e+03 2.7220e+02 7.2298e+02 -1.3190e+04
-7.5679e+06 8.3141e+01 -6.9893e+03 1.2163e+02 -6.0448e+02 -1.3535e+04
-4.6632e+06 8.9482e+01 -7.0369e+03 -3.1097e+01 1.9410e+02 -1.3673e+04
-6.6596e+06 9.9500e+01 -7.0812e+03 -1.8578e+02 -7.5621e+02 -1.3699e+04
-3.9135e+06 1.0614e+02 -7.1221e+03 -3.4220e+02 1.2101e+02 -1.3486e+04
-3.3843e+06 1.0798e+02 -7.1597e+03 -5.0012e+02 7.1749e+01 -1.3354e+04
-1.7034e+06 1.1239e+02 -7.1937e+03 -6.5932e+02 5.4590e+02 -1.3296e+04
-1.3157e+06 1.2029e+02 -7.2243e+03 -8.1956e+02 7.3389e+02 -1.3260e+04
-1.7000e+06 1.3073e+02 -7.2514e+03 -9.8061e+02 9.6024e+02 -1.3238e+04
-2.5947e+06 1.4453e+02 -7.2750e+03 -1.1423e+03 8.9942e+01 -1.3755e+04
-3.1847e+06 1.6347e+02 -7.3002e+03 -1.3206e+03 -2.2077e+03 -1.7177e+04
-3.0523e+06 1.8500e+02 -7.3224e+03 -1.5006e+03 -3.5293e+03 -2.0886e+04
-2.9411e+06 1.9931e+02 -7.3413e+03 -1.6811e+03 3.3302e+02 -1.9070e+04
-2.5164e+06 2.0210e+02 -7.3571e+03 -1.8620e+03 4.3883e+03 -1.4748e+04
-2.2078e+06 2.0293e+02 -7.3696e+03 -2.0430e+03 5.2519e+03 -9.5334e+03
-2.2236e+06 2.0072e+02 -7.3790e+03 -2.2242e+03 8.4226e+03 -2.7661e+03
-2.4579e+06 1.8611e+02 -7.3853e+03 -2.4052e+03 1.0218e+04 -1.0768e+03
-2.6674e+06 1.6479e+02 -7.3886e+03 -2.5859e+03 7.7443e+03 -4.9453e+03
-2.6994e+06 1.4492e+02 -7.3850e+03 -2.7508e+03 4.1609e+03 -9.4144e+03
-2.9383e+06 1.2985e+02 -7.3771e+03 -2.9092e+03 1.2124e+03 -1.1835e+04
-3.2928e+06 1.1963e+02 -7.3667e+03 -3.0661e+03 1.2916e+02 -1.2215e+04
-3.3459e+06 1.1159e+02 -7.3537e+03 -3.2214e+03 2.9126e+01 -1.2312e+04
-3.3811e+06 1.0462e+02 -7.3383e+03 -3.3749e+03 2.5094e+00 -1.2258e+04
-3.4129e+06 9.8452e+01 -7.3207e+03 -3.5266e+03 -1.5496e+00 -1.2152e+04
-3.3470e+06 9.3267e+01 -7.3010e+03 -3.6763e+03 3.0018e+01 -1.2026e+04
-3.3858e+06 8.9491e+01 -7.2792e+03 -3.8240e+03 3.4974e+01 -1.1897e+04
-3.4331e+06 8.6948e+01 -7.2556e+03 -3.9695e+03 2.1065e+01 -1.1765e+04
-3.5563e+06 8.4636e+01 -7.2303e+03 -4.1128e+03 -7.4596e+00 -1.1629e+04
-3.6783e+06 8.2146e+01 -7.2033e+03 -4.2539e+03 -2.6796e+01 -1.1490e+04
-3.6574e+06 7.9827e+01 -7.1749e+03 -4.3926e+03 -2.5693e+01 -1.1350e+04
-3.7108e+06 7.8004e+01 -7.1451e+03 -4.5290e+03 -2.2215e+01 -1.1210e+04
-3.6777e+06 7.6084e+01 -7.1140e+03 -4.6629e+03 -1.3559e+01 -1.1067e+04
-3.6821e+06 7.3469e+01 -7.0817e+03 -4.7945e+03 -2.9183e+00 -1.0925e+04
4.7018e+06 6.8950e+01 -6.9390e+03 2.1605e+02 2.9275e+04 2.5968e+04
-5.3096e+06 8.1405e+01 -6.9887e+03 6.8999e+01 1.9319e+04 2.1881e+03
1.3381e+06 8.9790e+01 -7.0353e+03 -8.0142e+01 1.0436e+04 -9.0526e+03
-2.9831e+06 9.6636e+01 -7.0787e+03 -2.3117e+02 1.8344e+03 -1.2094e+04
-2.8538e+06 1.0054e+02 -7.1189e+03 -3.8389e+02 1.6188e+03 -1.2540e+04
-4.8937e+06 1.0099e+02 -7.1559e+03 -5.3808e+02 6.8425e+02 -1.2930e+04
-6.1581e+06 1.0408e+02 -7.1896e+03 -6.9353e+02 2.3195e+02 -1.3154e+04
-6.5864e+06 1.1050e+02 -7.2199e+03 -8.5002e+02 -2.1367e+02 -1.3250e+04
-5.0532e+06 1.1758e+02 -7.2469e+03 -1.0073e+03 -1.7571e+02 -1.3307e+04
-3.6186e+06 1.2566e+02 -7.2706e+03 -1.1653e+03 3.3951e+02 -1.3361e+04
-2.2858e+06 1.4030e+02 -7.2911e+03 -1.3236e+03 2.0105e+02 -1.4081e+04
-1.7085e+06 1.6039e+02 -7.3108e+03 -1.4910e+03 -9.3010e+02 -1.6305e+04
-1.6524e+06 1.7643e+02 -7.3302e+03 -1.6680e+03 1.3059e+02 -1.8083e+04
-2.0993e+06 1.8674e+02 -7.3465e+03 -1.8454e+03 1.0269e+03 -1.9515e+04
-2.3640e+06 1.9921e+02 -7.3598e+03 -2.0231e+03 1.1575e+02 -1.8786e+04
-2.5974e+06 2.1118e+02 -7.3701e+03 -2.2008e+03 1.5944e+03 -1.1114e+04
-2.7080e+06 2.1286e+02 -7.3775e+03 -2.3785e+03 5.2701e+03 -2.7069e+03
-2.5989e+06 1.9999e+02 -7.3820e+03 -2.5561e+03 9.7805e+03 8.3243e+02
-2.6754e+06 1.7526e+02 -7.3837e+03 -2.7333e+03 1.0745e+04 -1.8993e+03
-2.6158e+06 1.5221e+02 -7.3808e+03 -2.9027e+03 6.6617e+03 -8.2765e+03
-2.5695e+06 1.3747e+02 -7.3716e+03 -3.0569e+03 2.5752e+03 -1.1432e+04
-2.9463e+06 1.2645e+02 -7.3601e+03 -3.2096e+03 7.3903e+02 -1.2022e+04
-3.1016e+06 1.1704e+02 -7.3461e+03 -3.3608e+03 2.3530e+02 -1.2235e+04
-3.2888e+06 1.0881e+02 -7.3300e+03 -3.5102e+03 1.3443e+01 -1.2150e+04
-3.5851e+06 1.0138e+02 -7.3118e+03 -3.6578e+03 -5.2339e+01 -1.2023e+04
-3.6575e+06 9.5218e+01 -7.2916e+03 -3.8034e+03 -6.0992e+01 -1.1886e+04
-3.6047e+06 9.1161e+01 -7.2695e+03 -3.9471e+03 -3.9728e+01 -1.1753e+04
-3.4664e+06 8.8233e+01 -7.2457e+03 -4.0887e+03 5.7628e+00 -1.1618e+04
-3.3692e+06 8.5364e+01 -7.2203e+03 -4.2281e+03 3.4057e+01 -1.1484e+04
-3.4767e+06 8.2717e+01 -7.1934e+03 -4.3654e+03 3.3526e+01 -1.1347e+04
-3.4727e+06 8.0583e+01 -7.1651e+03 -4.5004e+03 2.7239e+01 -1.1207e+04
-3.5892e+06 7.8838e+01 -7.1355e+03 -4.6332e+03 6.1878e+00 -1.1064e+04
-3.6551e+06 7.6660e+01 -7.1047e+03 -4.7636e+03 -3.0840e+00 -1.0918e+04
-1.5680e+05 6.3013e+01 -6.7745e+03 7.4939e+02 8.7407e+04 1.0723e+05
-8.0924e+06 7.5359e+01 -6.9104e+03 2.9528e+02 7.7970e+04 8.1247e+04
-1.6013e+06 8.0600e+01 -7.0337e+03 -1.2957e+02 6.2882e+04 6.4691e+04
-2.8306e+06 8.3394e+01 -7.0763e+03 -2.7710e+02 4.5103e+04 4.8147e+04
-2.2369e+06 8.5622e+01 -7.1158e+03 -4.2628e+02 3.6865e+04 2.8774e+04
-1.6415e+06 8.7163e+01 -7.1522e+03 -5.7690e+02 2.7330e+04 9.2758e+03
-7.4967e+05 9.2020e+01 -7.1855e+03 -7.2876e+02 1.5044e+04 -5.0784e+03
-8.0968e+05 9.9099e+01 -7.2156e+03 -8.8167e+02 5.0395e+03 -1.0838e+04
-2.5840e+06 1.0499e+02 -7.2426e+03 -1.0354e+03 1.8189e+03 -1.2097e+04
-3.6832e+06 1.1031e+02 -7.2663e+03 -1.1898e+03 1.2986e+03 -1.2816e+04
-5.3330e+06 1.2061e+02 -7.2869e+03 -1.3446e+03 8.1446e+01 -1.3537e+04
-5.5354e+06 1.3628e+02 -7.3044e+03 -1.4997e+03 -1.4777e+03 -1.4148e+04
-4.8345e+06 1.5126e+02 -7.3190e+03 -1.6556e+03 -2.0297e+03 -1.4936e+04
-3.6586e+06 1.6553e+02 -7.3358e+03 -1.8297e+03 -2.4827e+03 -1.6183e+04
-2.6206e+06 1.8324e+02 -7.3497e+03 -2.0040e+03 -2.9413e+03 -2.0109e+04
-1.6709e+06 2.0195e+02 -7.3608e+03 -2.1785e+03 -2.2159e+03 -2.0077e+04
-1.5678e+06 2.1745e+02 -7.3692e+03 -2.3530e+03 -9.2752e+01 -1.4130e+04
-2.1227e+06 2.2044e+02 -7.3747e+03 -2.5275e+03 6.2011e+03 -5.6010e+03
-2.4807e+06 2.0331e+02 -7.3776e+03 -2.7017e+03 1.1843e+04 -2.0069e+02
-2.9151e+06 1.8010e+02 -7.3779e+03 -2.8756e+03 1.0716e+04 -3.3104e+03
-3.1220e+06 1.6223e+02 -7.3756e+03 -3.0490e+03 6.4980e+03 -7.5849e+03
-3.0887e+06 1.4665e+02 -7.3657e+03 -3.2005e+03 2.8327e+03 -1.0417e+04
-3.2181e+06 1.3309e+02 -7.3531e+03 -3.3492e+03 7.9298e+02 -1.2042e+04
-3.1328e+06 1.2227e+02 -7.3384e+03 -3.4964e+03 1.8608e+02 -1.2041e+04
-2.9573e+06 1.1293e+02 -7.3216e+03 -3.6418e+03 9.1993e+01 -1.1947e+04
-2.9872e+06 1.0498e+02 -7.3028e+03 -3.7855e+03 1.1288e+02 -1.1895e+04
-3.1532e+06 9.8945e+01 -7.2822e+03 -3.9273e+03 6.3817e+01 -1.1770e+04
-3.4655e+06 9.3978e+01 -7.2599e+03 -4.0671e+03 -1.4051e+01 -1.1625e+04
-3.7346e+06 8.9598e+01 -7.2360e+03 -4.2050e+03 -6.0389e+01 -1.1481e+04
-3.6726e+06 8.6034e+01 -7.2106e+03 -4.3407e+03 -6.3473e+01 -1.1339e+04
-3.7453e+06 8.3373e+01 -7.1837e+03 -4.4744e+03 -5.2799e+01 -1.1199e+04
-3.6497e+06 8.1538e+01 -7.1556e+03 -4.6059e+03 -3.6623e+01 -1.1054e+04
-3.5649e+06 7.9751e+01 -7.1263e+03 -4.7351e+03 -2.9974e+00 -1.0912e+04
-2.2026e+06 6.3357e+01 -6.3803e+03 2.1194e+03 1.2163e+05 1.5586e+05
-6.4753e+06 6.9705e+01 -6.5120e+03 1.6828e+03 1.2249e+05 1.5183e+05
-4.8838e+06 6.7203e+01 -6.6429e+03 1.2359e+03 1.1871e+05 1.4513e+05
-5.4464e+06 6.5795e+01 -6.7728e+03 7.7837e+02 1.0980e+05 1.3020e+05
-3.6616e+06 6.7844e+01 -6.9015e+03 3.0981e+02 1.0389e+05 1.0982e+05
-3.5079e+06 7.2885e+01 -7.0287e+03 -1.7015e+02 9.7314e+04 8.9686e+04
-1.8422e+06 8.0811e+01 -7.1541e+03 -6.6185e+02 8.1887e+04 7.1535e+04
1.8331e+05 8.6654e+01 -7.2115e+03 -9.1442e+02 6.1360e+04 5.5529e+04
-2.2413e+06 8.9644e+01 -7.2383e+03 -1.0647e+03 4.6741e+04 3.7886e+04
-2.0647e+06 9.3467e+01 -7.2621e+03 -1.2157e+03 3.6366e+04 1.7494e+04
-1.5581e+06 1.0078e+02 -7.2829e+03 -1.3671e+03 2.3823e+04 -1.0465e+03
-4.7512e+05 1.1191e+02 -7.3006e+03 -1.5188e+03 9.4405e+03 -1.0962e+04
-1.0680e+06 1.2480e+02 -7.3154e+03 -1.6706e+03 1.3862e+03 -1.2888e+04
-2.7036e+06 1.3987e+02 -7.3273e+03 -1.8224e+03 -8.1771e+02 -1.4070e+04
-3.2094e+06 1.5944e+02 -7.3396e+03 -1.9857e+03 -3.8016e+03 -1.7223e+04
-4.2618e+06 1.8122e+02 -7.3513e+03 -2.1571e+03 -5.5286e+03 -2.1284e+04
-3.8819e+06 2.0206e+02 -7.3604e+03 -2.3286e+03 -4.3345e+03 -2.3047e+04
-2.8336e+06 2.1577e+02 -7.3669e+03 -2.5000e+03 -2.9301e+02 -1.7447e+04
-2.5427e+06 2.1584e+02 -7.3709e+03 -2.6713e+03 3.7161e+03 -8.0062e+03
-2.3592e+06 2.0917e+02 -7.3723e+03 -2.8423e+03 7.8113e+03 -2.5845e+03
-2.1910e+06 1.9725e+02 -7.3713e+03 -3.0130e+03 9.9256e+03 -2.5174e+03
-2.4148e+06 1.7585e+02 -7.3680e+03 -3.1832e+03 5.3939e+03 -5.3454e+03
-2.6112e+06 1.5480e+02 -7.3593e+03 -3.3402e+03 1.6284e+03 -8.1529e+03
-2.9605e+06 1.3954e+02 -7.3459e+03 -3.4851e+03 7.6790e+02 -1.0570e+04
-3.5682e+06 1.2733e+02 -7.3304e+03 -3.6284e+03 -2.5433e+02 -1.1837e+04
-3.7161e+06 1.1825e+02 -7.3131e+03 -3.7701e+03 -4.5559e+02 -1.1834e+04
-3.5815e+06 1.1111e+02 -7.2939e+03 -3.9100e+03 -2.3767e+02 -1.1680e+04
-3.2611e+06 1.0390e+02 -7.2730e+03 -4.0481e+03 -2.9501e+01 -1.1568e+04
-3.0089e+06 9.6997e+01 -7.2505e+03 -4.1843e+03 8.2444e+01 -1.1474e+04
-3.2036e+06 9.1035e+01 -7.2265e+03 -4.3186e+03 8.8559e+01 -1.1337e+04
-3.2166e+06 8.6672e+01 -7.2011e+03 -4.4508e+03 7.5916e+01 -1.1196e+04
-3.4354e+06 8.4269e+01 -7.1743e+03 -4.5809e+03 2.4934e+01 -1.1056e+04
-3.5923e+06 8.2598e+01 -7.1464e+03 -4.7090e+03 -8.2658e+00 -1.0909e+04
-1.2052e+06 6.2896e+01 -5.9767e+03 3.5435e+03 1.2434e+05 1.6835e+05
-9.3391e+05 6.3710e+01 -6.1041e+03 3.1246e+03 1.2836e+05 1.6500e+05
-1.0255e+06 5.7136e+01 -6.2311e+03 2.6959e+03 1.3259e+05 1.6208e+05
-4.1228e+06 5.4364e+01 -6.3575e+03 2.2575e+03 1.3506e+05 1.5945e+05
-2.6811e+06 5.8599e+01 -6.4831e+03 1.8089e+03 1.4023e+05 1.5650e+05
-5.4901e+06 6.8294e+01 -6.6078e+03 1.3497e+03 1.4386e+05 1.5428e+05
-1.1482e+07 7.7049e+01 -6.7313e+03 8.7966e+02 1.3828e+05 1.4862e+05
-3.8342e+06 7.7300e+01 -6.8533e+03 3.9834e+02 1.3264e+05 1.3747e+05
-1.7208e+06 7.4152e+01 -6.9738e+03 -9.4602e+01 1.2382e+05 1.2000e+05
-2.9285e+06 7.6173e+01 -7.0925e+03 -5.9950e+02 1.1420e+05 9.8298e+04
-5.0904e+06 8.1696e+01 -7.2092e+03 -1.1167e+03 1.0320e+05 7.7801e+04
-5.9183e+06 8.9117e+01 -7.2968e+03 -1.5396e+03 7.9816e+04 6.1961e+04
-1.7589e+06 9.9566e+01 -7.3120e+03 -1.6882e+03 5.8869e+04 4.6795e+04
-1.0009e+06 1.1155e+02 -7.3244e+03 -1.8368e+03 4.7206e+04 2.4903e+04
-1.0922e+06 1.2695e+02 -7.3340e+03 -1.9852e+03 3.0416e+04 2.7847e+03
8.8290e+05 1.4807e+02 -7.3417e+03 -2.1363e+03 1.0207e+04 -1.3828e+04
8.4994e+05 1.7052e+02 -7.3515e+03 -2.3049e+03 -1.4722e+03 -2.1758e+04
-1.2116e+06 1.8963e+02 -7.3587e+03 -2.4734e+03 -2.6526e+03 -2.2231e+04
-1.7885e+06 2.0612e+02 -7.3636e+03 -2.6419e+03 -3.1357e+03 -1.8296e+04
-2.9092e+06 2.2318e+02 -7.3662e+03 -2.8102e+03 -2.5344e+03 -1.1626e+04
-3.5838e+06 2.2897e+02 -7.3663e+03 -2.9782e+03 2.0038e+02 -5.8454e+03
-3.3076e+06 2.1320e+02 -7.3642e+03 -3.1458e+03 -2.6235e+02 -1.5755e+03
-3.1427e+06 1.8915e+02 -7.3598e+03 -3.3130e+03 1.1582e+03 -1.6864e+02
-2.8152e+06 1.6570e+02 -7.3526e+03 -3.4762e+03 2.3782e+03 -4.4423e+03
-2.1151e+06 1.4603e+02 -7.3384e+03 -3.6175e+03 1.1335e+03 -9.7744e+03
-2.1124e+06 1.3350e+02 -7.3224e+03 -3.7572e+03 5.9291e+02 -1.1597e+04
-2.5463e+06 1.2487e+02 -7.3046e+03 -3.8952e+03 2.1951e+02 -1.1749e+04
-3.2779e+06 1.1702e+02 -7.2850e+03 -4.0315e+03 -1.3706e+02 -1.1643e+04
-3.8531e+06 1.0899e+02 -7.2639e+03 -4.1661e+03 -2.5260e+02 -1.1462e+04
-3.7796e+06 1.0001e+02 -7.2412e+03 -4.2988e+03 -1.9521e+02 -1.1283e+04
-3.9391e+06 9.2088e+01 -7.2172e+03 -4.4295e+03 -1.2239e+02 -1.1185e+04
-3.6866e+06 8.7864e+01 -7.1918e+03 -4.5584e+03 -7.4678e+01 -1.1029e+04
-3.4292e+06 8.5808e+01 -7.1652e+03 -4.6852e+03 -3.8843e+00 -1.0892e+04
-6.9178e+06 5.8021e+01 -5.5696e+03 5.0360e+03 1.1873e+05 1.7815e+05
-4.4073e+06 5.6875e+01 -5.6897e+03 4.6278e+03 1.2852e+05 1.7776e+05
-3.1552e+06 5.2210e+01 -5.8105e+03 4.2128e+03 1.3356e+05 1.7487e+05
-1.2555e+06 5.0961e+01 -5.9318e+03 3.7906e+03 1.3762e+05 1.7229e+05
3.2464e+06 5.7466e+01 -6.0537e+03 3.3610e+03 1.4501e+05 1.7024e+05
-2.2224e+06 6.9449e+01 -6.1758e+03 2.9232e+03 1.4719e+05 1.6729e+05
-1.4826e+07 7.5798e+01 -6.2967e+03 2.4745e+03 1.4284e+05 1.6371e+05
-3.7384e+06 7.0658e+01 -6.4168e+03 2.0154e+03 1.5395e+05 1.6142e+05
-1.6709e+06 6.4056e+01 -6.5358e+03 1.5454e+03 1.6032e+05 1.5871e+05
-4.6357e+06 6.4973e+01 -6.6536e+03 1.0643e+03 1.6060e+05 1.5598e+05
-3.0382e+06 6.9250e+01 -6.7698e+03 5.7167e+02 1.6580e+05 1.5197e+05
-1.1270e+07 7.2764e+01 -6.8845e+03 6.7155e+01 1.5602e+05 1.4399e+05
-1.0100e+07 8.0249e+01 -6.9973e+03 -4.4956e+02 1.4235e+05 1.3115e+05
-2.7159e+06 9.0895e+01 -7.1081e+03 -9.7880e+02 1.3993e+05 1.0848e+05
-4.2140e+06 9.8795e+01 -7.2168e+03 -1.5209e+03 1.2905e+05 8.4059e+04
-5.5119e+06 1.0953e+02 -7.3231e+03 -2.0761e+03 1.0127e+05 6.7500e+04
-2.6249e+06 1.2764e+02 -7.3440e+03 -2.2883e+03 7.3518e+04 5.1204e+04
-1.6802e+06 1.4944e+02 -7.3503e+03 -2.4476e+03 5.5538e+04 2.9304e+04
-2.6366e+05 1.7366e+02 -7.3560e+03 -2.6134e+03 4.1513e+04 4.9011e+03
1.0064e+06 2.0225e+02 -7.3594e+03 -2.7790e+03 2.6819e+04 -1.3085e+04
1.7125e+06 2.2597e+02 -7.3606e+03 -2.9444e+03 1.1793e+04 -1.5402e+04
-8.5774e+04 2.3383e+02 -7.3596e+03 -3.1094e+03 3.9600e+03 -9.1249e+03
-1.4817e+06 2.2472e+02 -7.3565e+03 -3.2742e+03 4.9760e+03 -3.4143e+03
-2.6378e+06 1.9972e+02 -7.3513e+03 -3.4384e+03 2.2874e+03 -2.7367e+03
-4.1379e+06 1.7285e+02 -7.3441e+03 -3.6021e+03 -3.0477e+03 -6.1399e+03
-4.5456e+06 1.5406e+02 -7.3309e+03 -3.7465e+03 -3.6093e+03 -8.8442e+03
-4.0751e+06 1.4034e+02 -7.3143e+03 -3.8827e+03 -1.8547e+03 -1.0914e+04
-3.0038e+06 1.3059e+02 -7.2960e+03 -4.0172e+03 -6.1202e+02 -1.1457e+04
-2.3053e+06 1.2291e+02 -7.2762e+03 -4.1501e+03 2.7087e+01 -1.1297e+04
-2.6074e+06 1.1313e+02 -7.2549e+03 -4.2812e+03 2.5758e+02 -1.1180e+04
-2.6152e+06 1.0207e+02 -7.2321e+03 -4.4106e+03 2.7457e+02 -1.1207e+04
-3.0940e+06 9.4759e+01 -7.2080e+03 -4.5380e+03 1.1604e+02 -1.1072e+04
-3.5355e+06 9.1136e+01 -7.1827e+03 -4.6636e+03 -1.0121e+01 -1.0894e+04
-5.5208e+06 5.6916e+01 -5.1699e+03 6.6235e+03 8.1769e+04 1.3013e+05
-4.5706e+06 5.5822e+01 -5.2826e+03 6.2243e+03 9.8733e+04 1.5218e+05
-6.0872e+06 5.4012e+01 -5.3958e+03 5.8188e+03 1.1081e+05 1.6835e+05
-6.9093e+06 5.3865e+01 -5.5096e+03 5.4069e+03 1.2573e+05 1.7939e+05
-4.1705e+06 5.8583e+01 -5.6239e+03 4.9881e+03 1.4042e+05 1.8279e+05
-2.5547e+06 6.7267e+01 -5.7386e+03 4.5621e+03 1.4811e+05 1.7937e+05
-1.0413e+07 7.0194e+01 -5.8537e+03 4.1287e+03 1.4915e+05 1.7669e+05
-2.3140e+04 6.4424e+01 -5.9691e+03 3.6874e+03 1.5751e+05 1.7505e+05
2.3910e+06 6.0291e+01 -6.0849e+03 3.2381e+03 1.6312e+05 1.7175e+05
-6.0287e+06 6.0960e+01 -6.2010e+03 2.7803e+03 1.6415e+05 1.6894e+05
6.7269e+06 6.3846e+01 -6.3166e+03 2.3124e+03 1.7356e+05 1.6654e+05
5.6230e+05 6.7402e+01 -6.4308e+03 1.8329e+03 1.7901e+05 1.6123e+05
-1.0743e+07 7.4982e+01 -6.5436e+03 1.3419e+03 1.7316e+05 1.6099e+05
-5.3942e+06 8.5187e+01 -6.6550e+03 8.3909e+02 1.7736e+05 1.6233e+05
-5.6713e+06 8.6733e+01 -6.7648e+03 3.2413e+02 1.9360e+05 1.5745e+05
-6.7285e+06 8.4863e+01 -6.8728e+03 -2.0330e+02 1.9241e+05 1.5082e+05
-9.0319e+06 9.4645e+01 -6.9788e+03 -7.4353e+02 1.7072e+05 1.3897e+05
-7.6927e+06 1.1524e+02 -7.0828e+03 -1.2969e+03 1.5330e+05 1.1961e+05
-5.0615e+06 1.3471e+02 -7.1859e+03 -1.8692e+03 1.4457e+05 9.1441e+04
-4.9128e+06 1.5448e+02 -7.2909e+03 -2.4726e+03 1.3027e+05 6.6924e+04
-2.4153e+06 1.8008e+02 -7.3544e+03 -2.9115e+03 1.0672e+05 5.3640e+04
-1.2789e+05 2.0666e+02 -7.3545e+03 -3.0741e+03 8.3343e+04 4.0101e+04
7.4024e+03 2.2200e+02 -7.3525e+03 -3.2363e+03 6.4960e+04 2.3323e+04
2.3636e+05 2.1725e+02 -7.3484e+03 -3.3983e+03 4.4700e+04 5.5417e+03
1.0607e+06 2.0072e+02 -7.3425e+03 -3.5597e+03 2.0750e+04 -5.2203e+03
6.7490e+05 1.7925e+02 -7.3346e+03 -3.7206e+03 4.8562e+03 -7.8967e+03
-1.0472e+06 1.5723e+02 -7.3232e+03 -3.8724e+03 3.9814e+02 -9.9172e+03
-3.1089e+06 1.4264e+02 -7.3062e+03 -4.0052e+03 -3.3554e+02 -1.0444e+04
-4.7636e+06 1.3526e+02 -7.2876e+03 -4.1364e+03 -4.8060e+02 -1.1184e+04
-4.3088e+06 1.2751e+02 -7.2675e+03 -4.2659e+03 -9.8884e+02 -1.1642e+04
-4.3832e+06 1.1646e+02 -7.2460e+03 -4.3938e+03 -1.2825e+03 -1.1412e+04
-3.8433e+06 1.0674e+02 -7.2232e+03 -4.5198e+03 -6.3270e+02 -1.0910e+04
-3.2103e+06 1.0069e+02 -7.1991e+03 -4.6441e+03 -3.8461e+01 -1.0809e+04
-1.1594e+06 6.0427e+01 -5.0400e+03 7.2440e+03 2.6480e+04 5.4365e+04
-1.2369e+06 6.0576e+01 -5.0675e+03 7.1735e+03 3.6384e+04 7.5301e+04
-1.8809e+06 6.1132e+01 -5.0934e+03 7.1044e+03 4.6586e+04 9.3276e+04
-2.5556e+06 6.1778e+01 -5.1174e+03 7.0367e+03 6.5923e+04 1.0840e+05
-4.6072e+06 6.2861e+01 -5.2043e+03 6.7111e+03 8.8329e+04 1.2227e+05
-1.3523e+06 6.4954e+01 -5.3120e+03 6.2968e+03 1.0578e+05 1.3737e+05
-3.0388e+06 6.4924e+01 -5.4201e+03 5.8756e+03 1.1986e+05 1.5454e+05
-3.4314e+06 6.2401e+01 -5.5286e+03 5.4472e+03 1.3380e+05 1.7215e+05
-4.7865e+06 6.2773e+01 -5.6374e+03 5.0113e+03 1.5059e+05 1.8196e+05
-1.1927e+07 6.3114e+01 -5.7465e+03 4.5676e+03 1.6235e+05 1.8156e+05
-1.4667e+06 6.2500e+01 -5.8559e+03 4.1158e+03 1.7023e+05 1.7960e+05
1.8772e+06 6.7415e+01 -5.9656e+03 3.6554e+03 1.8161e+05 1.7481e+05
-6.6352e+06 7.8946e+01 -6.0756e+03 3.1863e+03 1.7912e+05 1.7110e+05
-5.5950e+06 8.5455e+01 -6.1858e+03 2.7081e+03 1.6914e+05 1.7387e+05
-3.1451e+05 8.0610e+01 -6.2964e+03 2.2204e+03 1.8793e+05 1.6969e+05
4.1672e+05 7.6328e+01 -6.4053e+03 1.7205e+03 2.0887e+05 1.6262e+05
-5.1028e+06 8.2447e+01 -6.5128e+03 1.2084e+03 1.9378e+05 1.6053e+05
-5.8403e+06 9.6402e+01 -6.6188e+03 6.8386e+02 1.9022e+05 1.6626e+05
-8.9313e+06 1.0403e+02 -6.7230e+03 1.4651e+02 2.0632e+05 1.6084e+05
-9.0132e+06 1.0871e+02 -6.8254e+03 -4.0393e+02 2.0338e+05 1.4670e+05
-7.0778e+06 1.2527e+02 -6.9303e+03 -9.8663e+02 1.9496e+05 1.3793e+05
-6.3459e+06 1.5038e+02 -7.0343e+03 -1.5884e+03 1.9036e+05 1.2224e+05
-4.6036e+06 1.7695e+02 -7.1362e+03 -2.2049e+03 1.8409e+05 1.0342e+05
-4.1566e+06 2.0159e+02 -7.2358e+03 -2.8364e+03 1.6811e+05 8.5370e+04
-2.9736e+06 2.1229e+02 -7.3328e+03 -3.4832e+03 1.3145e+05 7.4355e+04
-8.8097e+05 1.9704e+02 -7.3334e+03 -3.6770e+03 9.3347e+04 6.1030e+04
-2.1132e+05 1.6806e+02 -7.3250e+03 -3.8353e+03 6.9897e+04 4.0595e+04
1.0266e+06 1.4723e+02 -7.3150e+03 -3.9929e+03 4.9671e+04 1.7190e+04
1.3511e+06 1.3918e+02 -7.2980e+03 -4.1248e+03 2.7009e+04 -3.8282e+03
1.3347e+05 1.3415e+02 -7.2792e+03 -4.2527e+03 8.8615e+03 -1.0408e+04
-1.2025e+06 1.2645e+02 -7.2589e+03 -4.3791e+03 2.0139e+03 -1.0268e+04
-2.2481e+06 1.1880e+02 -7.2373e+03 -4.5037e+03 1.1961e+03 -1.0787e+04
-3.2539e+06 1.1314e+02 -7.2144e+03 -4.6267e+03 1.6022e+02 -1.0920e+04
-4.4500e+06 6.2517e+01 -5.0403e+03 7.3576e+03 1.1336e+03 2.9068e+04
-4.0330e+06 6.3921e+01 -5.0673e+03 7.2896e+03 1.6576e+03 2.9664e+04
-1.9920e+06 6.6525e+01 -5.0926e+03 7.2229e+03 2.6801e+03 3.0331e+04
-8.6319e+05 6.8886e+01 -5.1163e+03 7.1575e+03 9.6252e+03 3.3035e+04
-1.3052e+06 6.9627e+01 -5.1382e+03 7.0937e+03 2.1561e+04 4.3001e+04
-1.3417e+06 6.9539e+01 -5.1584e+03 7.0316e+03 3.2893e+04 6.0090e+04
-2.5841e+06 6.9265e+01 -5.1769e+03 6.9711e+03 4.3925e+04 7.8427e+04
-1.0712e+06 6.9382e+01 -5.1937e+03 6.9126e+03 5.7297e+04 9.6624e+04
-1.6510e+06 7.0608e+01 -5.2086e+03 6.8560e+03 8.1371e+04 1.1096e+05
-4.4604e+06 6.9921e+01 -5.3053e+03 6.4514e+03 1.0618e+05 1.2390e+05
-2.3121e+06 6.7566e+01 -5.4083e+03 6.0143e+03 1.2228e+05 1.4092e+05
-2.7638e+06 7.1325e+01 -5.5115e+03 5.5692e+03 1.4211e+05 1.5902e+05
-7.3884e+06 8.2098e+01 -5.6150e+03 5.1159e+03 1.6086e+05 1.7349e+05
-1.4726e+07 8.4977e+01 -5.7187e+03 4.6542e+03 1.6728e+05 1.8306e+05
-9.7734e+06 7.7203e+01 -5.8227e+03 4.1835e+03 1.8150e+05 1.8015e+05
-1.0144e+07 7.5564e+01 -5.9270e+03 3.7037e+03 2.0028e+05 1.7622e+05
-3.5467e+06 8.1794e+01 -6.0316e+03 3.2145e+03 1.9338e+05 1.6777e+05
2.2489e+06 8.6179e+01 -6.1366e+03 2.7154e+03 1.9828e+05 1.6955e+05
-3.4447e+06 8.2410e+01 -6.2418e+03 2.2063e+03 2.1939e+05 1.7219e+05
-1.9750e+06 7.9571e+01 -6.3469e+03 1.6860e+03 2.1847e+05 1.6255e+05
-4.0834e+06 9.0327e+01 -6.4500e+03 1.1524e+03 2.1459e+05 1.5900e+05
-5.3502e+06 1.0675e+02 -6.5535e+03 5.9722e+02 2.2065e+05 1.5363e+05
-7.1154e+06 1.2921e+02 -6.6590e+03 1.2161e+01 2.3841e+05 1.5505e+05
-6.8310e+06 1.6412e+02 -6.7627e+03 -5.8735e+02 2.4989e+05 1.5956e+05
-5.9999e+06 1.9209e+02 -6.8645e+03 -1.2016e+03 2.3020e+05 1.5940e+05
-6.2393e+06 1.9394e+02 -6.9642e+03 -1.8309e+03 2.0645e+05 1.4746e+05
-6.5042e+06 1.7533e+02 -7.0617e+03 -2.4755e+03 1.9632e+05 1.2782e+05
-5.8840e+06 1.5223e+02 -7.1567e+03 -3.1356e+03 1.7937e+05 1.0247e+05
-5.0330e+06 1.3546e+02 -7.2493e+03 -3.8116e+03 1.4529e+05 7.8684e+04
6.9656e+04 1.2650e+02 -7.2900e+03 -4.2416e+03 1.1068e+05 5.9133e+04
-7.0814e+05 1.2386e+02 -7.2708e+03 -4.3664e+03 7.9763e+04 1.9001e+04
-1.1673e+06 1.2487e+02 -7.2504e+03 -4.4897e+03 3.4338e+04 -1.0462e+04
-1.3977e+06 1.2497e+02 -7.2287e+03 -4.6112e+03 1.7457e+03 -1.1299e+04
-4.8897e+06 6.2522e+01 -5.0406e+03 7.4709e+03 1.1220e+02 2.8444e+04
-5.6382e+06 6.4175e+01 -5.0670e+03 7.4053e+03 -7.7968e+01 2.8450e+04
-6.8022e+06 6.7117e+01 -5.0919e+03 7.3409e+03 -2.8732e+02 2.8445e+04
-7.0581e+06 7.0418e+01 -5.1151e+03 7.2779e+03 -2.1894e+02 2.8517e+04
-6.3264e+06 7.2990e+01 -5.1367e+03 7.2163e+03 2.9043e+02 2.8799e+04
-4.6002e+06 7.5142e+01 -5.1567e+03 7.1564e+03 1.1841e+03 2.9260e+04
-4.2042e+06 7.6923e+01 -5.1750e+03 7.0981e+03 1.6920e+03 2.9779e+04
-1.6191e+06 7.8308e+01 -5.1916e+03 7.0417e+03 2.9345e+03 3.0274e+04
-2.6897e+05 7.9051e+01 -5.2065e+03 6.9872e+03 1.2021e+04 3.3093e+04
-1.0283e+06 7.8787e+01 -5.2198e+03 6.9347e+03 2.6643e+04 4.4625e+04
-7.2232e+05 7.8584e+01 -5.2313e+03 6.8843e+03 3.9813e+04 6.3044e+04
-1.9767e+05 8.1200e+01 -5.2412e+03 6.8362e+03 5.3989e+04 8.2602e+04
3.1749e+06 8.6478e+01 -5.2494e+03 6.7904e+03 7.3693e+04 1.0035e+05
2.0541e+05 8.8068e+01 -5.2673e+03 6.6967e+03 9.9776e+04 1.1421e+05
-4.0888e+06 8.3761e+01 -5.3653e+03 6.2430e+03 1.2431e+05 1.2696e+05
-5.9960e+06 8.2564e+01 -5.4636e+03 5.7807e+03 1.4510e+05 1.4469e+05
-7.0670e+06 8.5610e+01 -5.5622e+03 5.3094e+03 1.6224e+05 1.5662e+05
-9.3191e+06 8.3462e+01 -5.6610e+03 4.8289e+03 1.8409e+05 1.6987e+05
-1.1290e+07 7.5167e+01 -5.7601e+03 4.3388e+03 2.1024e+05 1.8064e+05
-9.8593e+06 7.0540e+01 -5.8596e+03 3.8389e+03 2.2133e+05 1.8053e+05
-8.8290e+06 7.6523e+01 -5.9595e+03 3.3288e+03 2.2296e+05 1.7825e+05
-5.4037e+06 8.7246e+01 -6.0597e+03 2.8081e+03 2.2216e+05 1.7162e+05
-1.3088e+06 1.0294e+02 -6.1604e+03 2.2768e+03 2.2883e+05 1.7006e+05
6.0977e+05 1.2762e+02 -6.2667e+03 1.7113e+03 2.4325e+05 1.7094e+05
-1.5841e+06 1.5031e+02 -6.3725e+03 1.1296e+03 2.4532e+05 1.6709e+05
-2.6181e+06 1.6508e+02 -6.4766e+03 5.3295e+02 2.4905e+05 1.6400e+05
-3.3459e+06 1.7388e+02 -6.5789e+03 -7.8464e+01 2.6638e+05 1.6600e+05
-5.4088e+06 1.7266e+02 -6.6793e+03 -7.0500e+02 2.8459e+05 1.6608e+05
-8.4664e+06 1.5598e+02 -6.7777e+03 -1.3469e+03 2.7801e+05 1.6203e+05
-8.6143e+06 1.3338e+02 -6.8739e+03 -2.0044e+03 2.5961e+05 1.1568e+05
-1.7906e+07 1.2499e+02 -7.0110e+03 -2.8925e+03 2.1598e+05 8.3377e+03
-6.1012e+06 1.3133e+02 -7.2626e+03 -4.4775e+03 9.6903e+04 -3.3345e+04
1.1222e+06 1.3709e+02 -7.2421e+03 -4.5978e+03 5.4885e+03 -1.1532e+04
-3.5091e+06 6.2169e+01 -5.0408e+03 7.5840e+03 1.6044e+02 2.8256e+04
-3.2339e+06 6.3719e+01 -5.0667e+03 7.5206e+03 3.0222e+02 2.8341e+04
-2.2757e+06 6.5771e+01 -5.0911e+03 7.4585e+03 5.0360e+02 2.8403e+04
-2.2086e+06 6.8539e+01 -5.1140e+03 7.3977e+03 5.8843e+02 2.8473e+04
-3.0044e+06 7.1919e+01 -5.1353e+03 7.3383e+03 3.9975e+02 2.8522e+04
-4.4302e+06 7.5580e+01 -5.1550e+03 7.2805e+03 9.3569e+01 2.8521e+04
-5.3395e+06 7.8772e+01 -5.1731e+03 7.2244e+03 -2.0675e+02 2.8493e+04
-7.1543e+06 8.1247e+01 -5.1896e+03 7.1701e+03 -4.6370e+02 2.8484e+04
-7.4308e+06 8.3063e+01 -5.2045e+03 7.1176e+03 -2.5314e+02 2.8600e+04
-6.0215e+06 8.4705e+01 -5.2177e+03 7.0670e+03 4.3468e+02 2.8913e+04
-4.2300e+06 8.6772e+01 -5.2293e+03 7.0186e+03 1.2894e+03 2.9433e+04
-2.9867e+06 8.9319e+01 -5.2393e+03 6.9722e+03 1.7527e+03 2.9902e+04
6.6456e+03 9.1723e+01 -5.2477e+03 6.9281e+03 4.1782e+03 3.0306e+04
2.7026e+06 9.3368e+01 -5.2545e+03 6.8864e+03 1.6356e+04 3.3772e+04
2.3586e+06 9.4003e+01 -5.2597e+03 6.8470e+03 3.3355e+04 4.6909e+04
2.0075e+06 9.4068e+01 -5.2634e+03 6.8101e+03 4.8958e+04 6.6467e+04
1.6180e+06 9.3133e+01 -5.2655e+03 6.7758e+03 6.6343e+04 8.5850e+04
2.2906e+06 8.9065e+01 -5.2661e+03 6.7440e+03 8.8186e+04 1.0360e+05
2.2149e+06 8.3575e+01 -5.2967e+03 6.5673e+03 1.1888e+05 1.1628e+05
-5.9755e+05 8.0456e+01 -5.3906e+03 6.0867e+03 1.4739e+05 1.3036e+05
-4.3493e+06 8.1421e+01 -5.4847e+03 5.5965e+03 1.6980e+05 1.4938e+05
-1.0072e+07 8.6985e+01 -5.5792e+03 5.0963e+03 1.9061e+05 1.6744e+05
-1.1479e+07 9.6899e+01 -5.6741e+03 4.5858e+03 2.0736e+05 1.8046e+05
-1.1707e+07 1.0950e+02 -5.7694e+03 4.0647e+03 2.2397e+05 1.8286e+05
-9.6550e+06 1.2052e+02 -5.8676e+03 3.5210e+03 2.3720e+05 1.7721e+05
-4.6836e+06 1.3226e+02 -5.9697e+03 2.9509e+03 2.4933e+05 1.7516e+05
-3.4342e+06 1.5130e+02 -6.0723e+03 2.3686e+03 2.6408e+05 1.7960e+05
-2.7594e+06 1.8070e+02 -6.1756e+03 1.7738e+03 2.8649e+05 1.7092e+05
-3.5946e+06 1.9793e+02 -6.2794e+03 1.1660e+03 2.9263e+05 1.1425e+05
-1.2579e+06 1.8250e+02 -6.3810e+03 5.4268e+02 2.9001e+05 -7.6913e+03
-1.1215e+07 1.6262e+02 -6.7681e+03 -1.5548e+03 2.5875e+05 -1.2335e+05
-2.2281e+06 1.5856e+02 -7.2364e+03 -4.2602e+03 1.2245e+05 -9.1131e+04
2.0712e+06 1.5725e+02 -7.2545e+03 -4.5861e+03 7.5353e+03 -1.6150e+04
-4.0841e+06 6.1339e+01 -5.0411e+03 7.6968e+03 -2.7404e+01 2.8190e+04
-4.2316e+06 6.2922e+01 -5.0665e+03 7.6356e+03 -1.0044e+02 2.8236e+04
-4.7984e+06 6.4325e+01 -5.0904e+03 7.5756e+03 -1.9270e+02 2.8272e+04
-4.7391e+06 6.6307e+01 -5.1129e+03 7.5170e+03 -2.1883e+02 2.8324e+04
-4.2207e+06 6.9414e+01 -5.1339e+03 7.4598e+03 -8.7805e+01 2.8355e+04
-3.2304e+06 7.3233e+01 -5.1534e+03 7.4041e+03 1.2847e+02 2.8391e+04
-2.7026e+06 7.6985e+01 -5.1713e+03 7.3500e+03 3.8487e+02 2.8447e+04
-1.6270e+06 8.0196e+01 -5.1876e+03 7.2976e+03 6.6014e+02 2.8501e+04
-1.6816e+06 8.2593e+01 -5.2024e+03 7.2471e+03 6.9026e+02 2.8558e+04
-2.9217e+06 8.4940e+01 -5.2156e+03 7.1985e+03 3.8830e+02 2.8579e+04
-4.2740e+06 8.7880e+01 -5.2273e+03 7.1518e+03 2.8943e+01 2.8560e+04
-5.5519e+06 9.0744e+01 -5.2374e+03 7.1073e+03 -2.9786e+02 2.8535e+04
-7.1692e+06 9.3194e+01 -5.2460e+03 7.0649e+03 -6.3174e+02 2.8602e+04
-7.2278e+06 9.5799e+01 -5.2530e+03 7.0248e+03 -5.7206e+02 2.8754e+04
-4.9119e+06 9.8669e+01 -5.2585e+03 6.9870e+03 1.8197e+02 2.8945e+04
-3.0563e+06 1.0057e+02 -5.2625e+03 6.9515e+03 1.2365e+03 2.9248e+04
-1.0718e+06 1.0033e+02 -5.2650e+03 6.9186e+03 2.2532e+03 2.9656e+04
1.0728e+06 9.8336e+01 -5.2661e+03 6.8882e+03 6.8074e+03 3.0693e+04
1.9638e+06 9.6627e+01 -5.2657e+03 6.8603e+03 2.0456e+04 3.6129e+04
3.0513e+06 9.6083e+01 -5.2640e+03 6.8351e+03 3.9322e+04 5.0811e+04
2.0673e+06 9.6270e+01 -5.2609e+03 6.8126e+03 5.7749e+04 7.0902e+04
2.4912e+06 9.8551e+01 -5.2565e+03 6.7928e+03 7.9667e+04 9.1152e+04
-1.6799e+05 1.0330e+02 -5.2508e+03 6.7758e+03 1.0726e+05 1.0743e+05
-4.0144e+06 1.0866e+02 -5.2979e+03 6.4899e+03 1.3814e+05 1.1921e+05
-5.9234e+06 1.1411e+02 -5.3882e+03 5.9795e+03 1.6329e+05 1.3472e+05
-7.0905e+06 1.2115e+02 -5.4789e+03 5.4584e+03 1.8447e+05 1.5513e+05
-7.0451e+06 1.3109e+02 -5.5758e+03 4.8988e+03 2.1060e+05 1.4435e+05
-3.9843e+06 1.6262e+02 -5.6734e+03 4.3270e+03 2.2933e+05 7.3846e+04
-2.7610e+06 2.0946e+02 -5.8887e+03 3.1760e+03 2.2621e+05 -6.0221e+04
-4.8525e+05 2.2704e+02 -6.4004e+03 5.3211e+02 2.2486e+05 -1.9238e+05
-4.3754e+06 2.1803e+02 -6.8956e+03 -2.1676e+03 1.9902e+05 -2.1750e+05
-6.5087e+05 2.0699e+02 -7.2742e+03 -4.4059e+03 9.3657e+04 -1.0687e+05
6.5345e+05 1.9259e+02 -7.2618e+03 -4.5540e+03 7.6491e+03 -1.4050e+04
-3.6799e+06 5.9926e+01 -5.0413e+03 7.8092e+03 3.3102e+01 2.8020e+04
-3.5646e+06 6.1658e+01 -5.0662e+03 7.7502e+03 7.9184e+01 2.8086e+04
-3.1214e+06 6.2929e+01 -5.0898e+03 7.6923e+03 1.3521e+02 2.8143e+04
-3.0971e+06 6.4431e+01 -5.1119e+03 7.6358e+03 1.4704e+02 2.8188e+04
-3.2941e+06 6.6894e+01 -5.1326e+03 7.5806e+03 7.0644e+01 2.8243e+04
-3.8383e+06 7.0156e+01 -5.1518e+03 7.5270e+03 -5.0304e+01 2.8289e+04
-4.0189e+06 7.4187e+01 -5.1695e+03 7.4749e+03 -1.9937e+02 2.8326e+04
-4.6098e+06 7.8204e+01 -5.1857e+03 7.4245e+03 -3.5280e+02 2.8367e+04
-4.5442e+06 8.0653e+01 -5.2004e+03 7.3758e+03 -3.4297e+02 2.8393e+04
-3.7869e+06 8.2621e+01 -5.2136e+03 7.3290e+03 -1.1710e+02 2.8424e+04
-2.9152e+06 8.5559e+01 -5.2253e+03 7.2842e+03 1.5299e+02 2.8469e+04
-2.1054e+06 8.8498e+01 -5.2355e+03 7.2414e+03 4.4494e+02 2.8511e+04
-1.1477e+06 9.1163e+01 -5.2443e+03 7.2006e+03 7.3388e+02 2.8546e+04
-1.2430e+06 9.4430e+01 -5.2515e+03 7.1621e+03 7.1248e+02 2.8588e+04
-2.9184e+06 9.7848e+01 -5.2572e+03 7.1258e+03 3.2322e+02 2.8637e+04
-4.3383e+06 1.0067e+02 -5.2616e+03 7.0918e+03 -1.0236e+02 2.8630e+04
-6.4414e+06 1.0268e+02 -5.2644e+03 7.0603e+03 -5.1889e+02 2.8594e+04
-8.0434e+06 1.0363e+02 -5.2659e+03 7.0311e+03 -6.3790e+02 2.8621e+04
-7.8434e+06 1.0405e+02 -5.2660e+03 7.0045e+03 -3.3821e+02 2.8790e+04
-5.3052e+06 1.0470e+02 -5.2648e+03 6.9804e+03 5.2374e+02 2.9239e+04
-2.7574e+06 1.0594e+02 -5.2622e+03 6.9590e+03 1.1267e+03 2.9589e+04
3.7856e+05 1.0830e+02 -5.2583e+03 6.9401e+03 2.7525e+03 2.9979e+04
2.5571e+06 1.1179e+02 -5.2532e+03 6.9240e+03 1.0877e+04 3.1177e+04
3.4686e+06 1.1579e+02 -5.2469e+03 6.9105e+03 2.9538e+04 3.9067e+04
-7.2250e+05 1.2075e+02 -5.2395e+03 6.8998e+03 4.6691e+04 5.7287e+04
1.6421e+06 1.2511e+02 -5.2309e+03 6.8919e+03 6.6589e+04 7.2239e+04
1.7349e+06 1.2817e+02 -5.2212e+03 6.8867e+03 1.2921e+05 8.9610e+03
-3.4910e+06 1.4628e+02 -5.5661e+03 5.0359e+03 1.8009e+05 -1.0673e+05
1.5963e+05 1.8279e+02 -6.0651e+03 2.4284e+03 1.7105e+05 -2.0759e+05
-3.3666e+06 2.1083e+02 -6.5764e+03 -2.6007e+02 1.6540e+05 -2.6531e+05
-4.4954e+06 2.2506e+02 -7.0643e+03 -2.9972e+03 1.3273e+05 -2.0220e+05
-1.2809e+05 2.3370e+02 -7.2756e+03 -4.3554e+03 5.4437e+04 -7.0349e+04
-1.7497e+06 2.2894e+02 -7.2643e+03 -4.5019e+03 1.1286e+04 -7.2348e+03
-4.0013e+06 5.8417e+01 -5.0415e+03 7.9213e+03 -1.3087e+01 2.7929e+04
-4.0095e+06 6.0382e+01 -5.0660e+03 7.8643e+03 -4.2081e+01 2.7978e+04
-4.2534e+06 6.1892e+01 -5.0891e+03 7.8085e+03 -7.6311e+01 2.8017e+04
-4.1671e+06 6.3148e+01 -5.1109e+03 7.7540e+03 -8.4018e+01 2.8063e+04
-3.9776e+06 6.4815e+01 -5.1313e+03 7.7009e+03 -3.9977e+01 2.8101e+04
-3.4847e+06 6.7059e+01 -5.1502e+03 7.6492e+03 3.1610e+01 2.8139e+04
-3.2812e+06 7.0842e+01 -5.1677e+03 7.5990e+03 1.2673e+02 2.8183e+04
-2.7802e+06 7.5572e+01 -5.1838e+03 7.5505e+03 2.2787e+02 2.8224e+04
-2.7566e+06 7.8483e+01 -5.1985e+03 7.5037e+03 2.2094e+02 2.8270e+04
-3.1487e+06 8.0240e+01 -5.2117e+03 7.4587e+03 8.1869e+01 2.8317e+04
-3.6184e+06 8.2861e+01 -5.2234e+03 7.4156e+03 -8.4120e+01 2.8352e+04
-4.0389e+06 8.5601e+01 -5.2337e+03 7.3745e+03 -2.5655e+02 2.8390e+04
-4.5592e+06 8.8053e+01 -5.2425e+03 7.3354e+03 -4.0994e+02 2.8420e+04
-4.3323e+06 9.1338e+01 -5.2500e+03 7.2984e+03 -3.4543e+02 2.8436e+04
-3.1692e+06 9.5104e+01 -5.2560e+03 7.2636e+03 -6.6618e+01 2.8452e+04
-2.2720e+06 9.8400e+01 -5.2606e+03 7.2310e+03 2.8025e+02 2.8486e+04
-1.2421e+06 1.0126e+02 -5.2638e+03 7.2008e+03 6.2080e+02 2.8525e+04
-3.4600e+05 1.0349e+02 -5.2656e+03 7.1729e+03 9.0781e+02 2.8569e+04
-1.0530e+06 1.0495e+02 -5.2661e+03 7.1475e+03 7.5580e+02 2.8595e+04
-2.4571e+06 1.0597e+02 -5.2653e+03 7.1245e+03 3.5891e+02 2.8604e+04
-4.7992e+06 1.0718e+02 -5.2633e+03 7.1041e+03 -3.5403e+02 2.8618e+04
-5.4508e+06 1.0922e+02 -5.2599e+03 7.0862e+03 -8.3229e+02 2.8696e+04
-7.1898e+06 1.1250e+02 -5.2554e+03 7.0709e+03 -1.7487e+03 2.8700e+04
-3.8233e+06 1.1765e+02 -5.2497e+03 7.0582e+03 -5.3131e+02 2.9033e+04
-4.1511e+06 1.2336e+02 -5.2428e+03 7.0482e+03 -2.6653e+03 2.8999e+04
3.9347e+06 1.2249e+02 -5.2348e+03 7.0409e+03 1.3045e+04 2.5825e+03
5.1072e+05 1.1858e+02 -5.2647e+03 6.8302e+03 1.0187e+05 -1.1125e+05
-9.7302e+06 1.2803e+02 -5.7407e+03 4.2878e+03 1.7913e+05 -2.1356e+05
8.6297e+05 1.4651e+02 -6.2443e+03 1.6527e+03 1.7192e+05 -2.3949e+05
-6.8209e+06 1.6285e+02 -6.7491e+03 -1.0746e+03 1.4546e+05 -2.5048e+05
-4.1956e+06 1.8675e+02 -7.2297e+03 -3.8497e+03 8.1854e+04 -1.6180e+05
1.0462e+06 2.1851e+02 -7.2762e+03 -4.3055e+03 1.6002e+04 -4.2534e+04
-3.7922e+06 2.3965e+02 -7.2659e+03 -4.4504e+03 9.5397e+03 -1.0966e+04
-3.8407e+06 5.7052e+01 -5.0418e+03 8.0330e+03 1.0186e+01 2.7771e+04
-3.7915e+06 5.9167e+01 -5.0658e+03 7.9780e+03 2.8364e+01 2.7835e+04
-3.5232e+06 6.1011e+01 -5.0885e+03 7.9242e+03 5.2077e+01 2.7887e+04
-3.5349e+06 6.2234e+01 -5.1099e+03 7.8717e+03 5.3497e+01 2.7930e+04
-3.5672e+06 6.3371e+01 -5.1300e+03 7.8205e+03 2.3978e+01 2.7975e+04
-3.8309e+06 6.4773e+01 -5.1487e+03 7.7707e+03 -1.8615e+01 2.8018e+04
-3.8179e+06 6.7588e+01 -5.1660e+03 7.7225e+03 -7.4552e+01 2.8062e+04
-4.0021e+06 7.2169e+01 -5.1820e+03 7.6758e+03 -1.3753e+02 2.8095e+04
-3.8931e+06 7.6075e+01 -5.1965e+03 7.6308e+03 -1.3547e+02 2.8126e+04
-3.5959e+06 7.8322e+01 -5.2097e+03 7.5875e+03 -5.0920e+01 2.8164e+04
-3.2334e+06 8.0448e+01 -5.2215e+03 7.5461e+03 5.0441e+01 2.8198e+04
-2.9114e+06 8.2755e+01 -5.2318e+03 7.5066e+03 1.5947e+02 2.8231e+04
-2.5261e+06 8.4990e+01 -5.2408e+03 7.4691e+03 2.5670e+02 2.8268e+04
-2.5299e+06 8.8127e+01 -5.2484e+03 7.4336e+03 2.1450e+02 2.8311e+04
-3.1110e+06 9.2043e+01 -5.2546e+03 7.4003e+03 4.5225e+01 2.8347e+04
-3.6144e+06 9.5544e+01 -5.2595e+03 7.3691e+03 -1.6309e+02 2.8380e+04
-4.2633e+06 9.8556e+01 -5.2630e+03 7.3402e+03 -3.6698e+02 2.8404e+04
-4.8475e+06 1.0132e+02 -5.2652e+03 7.3136e+03 -5.2988e+02 2.8423e+04
-4.4140e+06 1.0354e+02 -5.2661e+03 7.2893e+03 -3.9457e+02 2.8426e+04
-3.4721e+06 1.0503e+02 -5.2657e+03 7.2674e+03 -1.2843e+02 2.8457e+04
-2.0199e+06 1.0607e+02 -5.2641e+03 7.2480e+03 3.0061e+02 2.8457e+04
-1.4669e+06 1.0723e+02 -5.2613e+03 7.2310e+03 4.8347e+02 2.8522e+04
-6.4695e+05 1.0900e+02 -5.2573e+03 7.2166e+03 8.5782e+02 2.8386e+04
-2.3466e+06 1.1249e+02 -5.2521e+03 7.2047e+03 3.3709e+02 2.8887e+04
-3.3388e+06 1.1461e+02 -5.2458e+03 7.1954e+03 -6.0782e+02 2.7251e+04
2.0133e+06 1.0690e+02 -5.2385e+03 7.1886e+03 4.3691e+04 -3.0011e+04
-6.3287e+06 9.5267e+01 -5.4354e+03 6.0909e+03 1.4196e+05 -1.5796e+05
-1.0511e+07 9.7814e+01 -5.9213e+03 3.4948e+03 1.9599e+05 -2.3892e+05
-4.0922e+06 1.1072e+02 -6.4294e+03 8.1276e+02 1.9113e+05 -2.5013e+05
-6.3847e+06 1.2467e+02 -6.9206e+03 -1.9225e+03 1.5593e+05 -2.2375e+05
1.4637e+06 1.4972e+02 -7.2843e+03 -4.1123e+03 6.6781e+04 -1.1237e+05
2.9252e+06 1.8532e+02 -7.2760e+03 -4.2561e+03 4.1258e+03 -2.4451e+04
-2.2196e+06 2.1873e+02 -7.2667e+03 -4.3995e+03 6.7681e+03 -1.7248e+04
-4.0308e+06 5.5973e+01 -5.0420e+03 8.1443e+03 -5.4685e+00 2.7664e+04
-3.9928e+06 5.7891e+01 -5.0656e+03 8.0913e+03 -1.8989e+01 2.7715e+04
-4.0805e+06 5.9812e+01 -5.0879e+03 8.0394e+03 -3.1214e+01 2.7754e+04
-3.9939e+06 6.1236e+01 -5.1090e+03 7.9888e+03 -3.4411e+01 2.7798e+04
-3.9181e+06 6.2411e+01 -5.1288e+03 7.9395e+03 -1.7647e+01 2.7838e+04
-3.6655e+06 6.3550e+01 -5.1472e+03 7.8916e+03 5.2445e+00 2.7879e+04
-3.5956e+06 6.5190e+01 -5.1644e+03 7.8452e+03 3.4067e+01 2.7912e+04
-3.3298e+06 6.8578e+01 -5.1802e+03 7.8003e+03 7.5530e+01 2.7952e+04
-3.2866e+06 7.2976e+01 -5.1947e+03 7.7570e+03 8.1878e+01 2.7997e+04
-3.3819e+06 7.6090e+01 -5.2078e+03 7.7155e+03 2.7559e+01 2.8033e+04
-3.5350e+06 7.8201e+01 -5.2196e+03 7.6757e+03 -3.4454e+01 2.8069e+04
-3.6685e+06 8.0311e+01 -5.2300e+03 7.6378e+03 -1.0337e+02 2.8104e+04
-3.8213e+06 8.2450e+01 -5.2391e+03 7.6018e+03 -1.5408e+02 2.8135e+04
-3.7790e+06 8.5311e+01 -5.2468e+03 7.5678e+03 -1.3963e+02 2.8159e+04
-3.2624e+06 8.9040e+01 -5.2532e+03 7.5359e+03 -7.2139e+00 2.8184e+04
-3.0006e+06 9.2592e+01 -5.2584e+03 7.5061e+03 8.3708e+01 2.8212e+04
-2.3909e+06 9.5542e+01 -5.2622e+03 7.4785e+03 2.8033e+02 2.8237e+04
-2.2786e+06 9.8379e+01 -5.2647e+03 7.4530e+03 2.7322e+02 2.8271e+04
-1.9984e+06 1.0122e+02 -5.2660e+03 7.4299e+03 3.7348e+02 2.8300e+04
-3.3656e+06 1.0361e+02 -5.2660e+03 7.4091e+03 -1.0216e+02 2.8336e+04
-2.8051e+06 1.0523e+02 -5.2648e+03 7.3907e+03 1.1459e+02 2.8345e+04
-5.4847e+06 1.0629e+02 -5.2625e+03 7.3746e+03 -8.5852e+02 2.8395e+04
-2.1724e+06 1.0726e+02 -5.2589e+03 7.3610e+03 3.7826e+02 2.8351e+04
-7.6900e+06 1.0840e+02 -5.2543e+03 7.3499e+03 -1.4974e+03 2.8395e+04
7.0132e+05 1.0429e+02 -5.2486e+03 7.3413e+03 4.0732e+03 1.9585e+04
-2.9817e+06 8.9514e+01 -5.2418e+03 7.3352e+03 8.3953e+04 -6.7544e+04
-1.3357e+07 7.2815e+01 -5.6090e+03 5.3218e+03 1.8402e+05 -1.9037e+05
-3.8825e+05 6.8280e+01 -6.1047e+03 2.6724e+03 2.0652e+05 -2.3228e+05
-1.1418e+06 7.6294e+01 -6.6115e+03 -5.3255e+01 2.0823e+05 -1.9429e+05
-5.1543e+06 9.1405e+01 -7.0951e+03 -2.8262e+03 2.0136e+05 -9.6102e+04
-2.3464e+06 1.1506e+02 -7.2873e+03 -4.0884e+03 1.4342e+05 1.2788e+04
1.2250e+06 1.4391e+02 -7.2754e+03 -4.2070e+03 8.9632e+04 4.3904e+04
-2.5015e+05 1.7341e+02 -7.2668e+03 -4.3489e+03 7.0429e+04 1.4284e+04
-3.9462e+06 5.5252e+01 -5.0422e+03 8.2551e+03 5.0201e+00 2.7512e+04
-3.9263e+06 5.6646e+01 -5.0653e+03 8.2040e+03 1.2250e+01 2.7574e+04
-3.7580e+06 5.8309e+01 -5.0873e+03 8.1541e+03 2.1480e+01 2.7622e+04
-3.7510e+06 5.9955e+01 -5.1081e+03 8.1053e+03 2.3871e+01 2.7663e+04
-3.7110e+06 6.1481e+01 -5.1276e+03 8.0579e+03 1.1991e+01 2.7704e+04
-3.8371e+06 6.2814e+01 -5.1458e+03 8.0118e+03 -6.2245e+00 2.7744e+04
-3.7993e+06 6.3851e+01 -5.1628e+03 7.9671e+03 -2.4321e+01 2.7784e+04
-3.8911e+06 6.5804e+01 -5.1784e+03 7.9240e+03 -4.6537e+01 2.7824e+04
-3.7736e+06 6.9366e+01 -5.1928e+03 7.8824e+03 -4.7893e+01 2.7855e+04
-3.6233e+06 7.2881e+01 -5.2059e+03 7.8425e+03 -2.1031e+01 2.7885e+04
-3.4240e+06 7.5703e+01 -5.2177e+03 7.8044e+03 1.8324e+01 2.7922e+04
-3.2978e+06 7.8205e+01 -5.2282e+03 7.7680e+03 5.2677e+01 2.7955e+04
-3.1058e+06 8.0419e+01 -5.2374e+03 7.7335e+03 9.3428e+01 2.7987e+04
-3.1185e+06 8.2893e+01 -5.2452e+03 7.7010e+03 6.6636e+01 2.8022e+04
-3.2504e+06 8.6167e+01 -5.2518e+03 7.6704e+03 2.4133e+01 2.8053e+04
-3.5177e+06 8.9683e+01 -5.2572e+03 7.6420e+03 -9.2863e+01 2.8080e+04
-3.5259e+06 9.2600e+01 -5.2613e+03 7.6156e+03 -1.0705e+02 2.8107e+04
-4.0601e+06 9.5211e+01 -5.2641e+03 7.5914e+03 -2.8041e+02 2.8126e+04
-3.3210e+06 9.8054e+01 -5.2657e+03 7.5693e+03 -4.4062e+01 2.8145e+04
-3.8956e+06 1.0103e+02 -5.2661e+03 7.5496e+03 -2.4870e+02 2.8156e+04
-1.7335e+06 1.0363e+02 -5.2654e+03 7.5321e+03 4.5512e+02 2.8185e+04
-4.2076e+06 1.0531e+02 -5.2634e+03 7.5170e+03 -3.7710e+02 2.8168e+04
4.8568e+05 1.0626e+02 -5.2604e+03 7.5043e+03 1.3423e+03 2.8256e+04
-8.1587e+06 1.0575e+02 -5.2562e+03 7.4939e+03 -1.2229e+03 2.7995e+04
5.0401e+06 9.6416e+01 -5.2510e+03 7.4860e+03 1.7872e+04 3.6840e+03
2.3872e+06 7.5448e+01 -5.3074e+03 7.1386e+03 1.2209e+05 -9.8930e+04
-4.5291e+06 5.4888e+01 -5.7855e+03 4.5232e+03 2.1881e+05 -1.6960e+05
-4.4869e+06 4.6346e+01 -6.2908e+03 1.8210e+03 2.3773e+05 -1.1561e+05
-1.5395e+07 4.8633e+01 -6.6981e+03 -4.1632e+02 2.5008e+05 -4.6571e+03
-1.0473e+07 5.8586e+01 -6.7998e+03 -1.1036e+03 2.5934e+05 9.9913e+04
-1.3908e+07 7.7834e+01 -6.8996e+03 -1.8063e+03 2.4786e+05 1.4794e+05
-8.2207e+06 1.0063e+02 -6.9974e+03 -2.5246e+03 2.2758e+05 1.4218e+05
-8.5500e+06 1.2236e+02 -7.0932e+03 -3.2585e+03 2.1313e+05 1.1139e+05
-4.0667e+06 5.4778e+01 -5.0424e+03 8.3655e+03 -2.0390e+00 2.7396e+04
-4.0263e+06 5.5671e+01 -5.0651e+03 8.3163e+03 -6.3612e+00 2.7448e+04
-4.0638e+06 5.6916e+01 -5.0868e+03 8.2682e+03 -1.4184e+01 2.7486e+04
-3.9847e+06 5.8441e+01 -5.1072e+03 8.2212e+03 -1.6687e+01 2.7528e+04
-3.9270e+06 6.0214e+01 -5.1264e+03 8.1756e+03 -6.5672e+00 2.7568e+04
-3.7562e+06 6.2010e+01 -5.1444e+03 8.1312e+03 5.4976e+00 2.7607e+04
-3.7334e+06 6.3135e+01 -5.1612e+03 8.0883e+03 1.2179e+01 2.7644e+04
-3.6091e+06 6.4188e+01 -5.1767e+03 8.0468e+03 2.0476e+01 2.7680e+04
-3.5877e+06 6.6323e+01 -5.1910e+03 8.0069e+03 2.3313e+01 2.7716e+04
-3.5749e+06 6.9383e+01 -5.2041e+03 7.9687e+03 7.8970e+00 2.7752e+04
-3.5963e+06 7.2822e+01 -5.2158e+03 7.9321e+03 -1.0226e+01 2.7784e+04
-3.5832e+06 7.6096e+01 -5.2264e+03 7.8972e+03 -3.6160e+01 2.7817e+04
-3.6113e+06 7.8705e+01 -5.2356e+03 7.8642e+03 -5.2768e+01 2.7848e+04
-3.5752e+06 8.0852e+01 -5.2436e+03 7.8331e+03 -5.4819e+01 2.7874e+04
-3.3538e+06 8.3528e+01 -5.2504e+03 7.8039e+03 5.4996e+00 2.7901e+04
-3.2427e+06 8.6899e+01 -5.2560e+03 7.7767e+03 1.7095e+01 2.7927e+04
-2.9511e+06 8.9898e+01 -5.2603e+03 7.7516e+03 1.2804e+02 2.7952e+04
-2.9624e+06 9.2326e+01 -5.2634e+03 7.7285e+03 6.1408e+01 2.7977e+04
-2.6965e+06 9.4741e+01 -5.2653e+03 7.7076e+03 2.0849e+02 2.8004e+04
-3.4457e+06 9.7676e+01 -5.2661e+03 7.6889e+03 -1.5923e+02 2.8025e+04
-2.7318e+06 1.0120e+02 -5.2657e+03 7.6724e+03 2.3959e+02 2.8047e+04
-4.6265e+06 1.0399e+02 -5.2642e+03 7.6582e+03 -6.5162e+02 2.8048e+04
-1.8397e+06 1.0540e+02 -5.2616e+03 7.6462e+03 8.1548e+02 2.8103e+04
-8.3139e+06 1.0381e+02 -5.2580e+03 7.6366e+03 -1.0426e+03 2.7815e+04
3.2800e+06 9.1423e+01 -5.2532e+03 7.6294e+03 3.7389e+04 1.3109e+04
-1.0120e+07 6.7113e+01 -5.4138e+03 6.6968e+03 1.6928e+05 -3.8690e+04
-9.8201e+06 4.5324e+01 -5.8648e+03 4.2019e+03 2.6541e+05 -2.1394e+04
2.5327e+06 3.6733e+01 -6.0964e+03 2.9203e+03 2.7590e+05 8.4082e+04
-8.5595e+06 3.6046e+01 -6.2025e+03 2.2791e+03 2.8845e+05 1.6190e+05
-3.3278e+06 3.8996e+01 -6.3089e+03 1.6248e+03 2.8830e+05 1.8855e+05
-4.6542e+06 5.0317e+01 -6.4134e+03 9.5500e+02 2.8072e+05 1.8823e+05
-5.8867e+06 6.8993e+01 -6.5164e+03 2.7003e+02 2.8526e+05 1.8592e+05
-1.3423e+07 8.9436e+01 -6.6176e+03 -4.3030e+02 2.9436e+05 1.8029e+05
-4.0188e+06 5.4393e+01 -5.0426e+03 8.4754e+03 3.4996e+00 2.7247e+04
-4.0058e+06 5.5029e+01 -5.0649e+03 8.4280e+03 9.4697e+00 2.7304e+04
-3.9079e+06 5.5889e+01 -5.0862e+03 8.3817e+03 1.1024e+01 2.7349e+04
-3.8994e+06 5.7005e+01 -5.1063e+03 8.3365e+03 1.0628e+01 2.7389e+04
-3.8406e+06 5.8765e+01 -5.1253e+03 8.2926e+03 6.4863e+00 2.7429e+04
-3.8749e+06 6.0960e+01 -5.1431e+03 8.2499e+03 1.8273e+00 2.7468e+04
-3.8158e+06 6.2425e+01 -5.1597e+03 8.2087e+03 -4.2943e+00 2.7505e+04
-3.8626e+06 6.3277e+01 -5.1751e+03 8.1689e+03 -1.2402e+01 2.7541e+04
-3.7948e+06 6.4495e+01 -5.1893e+03 8.1306e+03 -1.2785e+01 2.7575e+04
-3.7268e+06 6.6622e+01 -5.2022e+03 8.0939e+03 -5.4237e+00 2.7608e+04
-3.5807e+06 6.9843e+01 -5.2140e+03 8.0588e+03 9.1271e+00 2.7639e+04
-3.5006e+06 7.3667e+01 -5.2246e+03 8.0255e+03 1.9943e+01 2.7668e+04
-3.3553e+06 7.6961e+01 -5.2339e+03 7.9939e+03 3.8199e+01 2.7699e+04
-3.3625e+06 7.9166e+01 -5.2420e+03 7.9641e+03 2.0355e+01 2.7728e+04
-3.3346e+06 8.1327e+01 -5.2490e+03 7.9363e+03 1.5320e+01 2.7755e+04
-3.4954e+06 8.4343e+01 -5.2547e+03 7.9103e+03 -4.7971e+01 2.7779e+04
-3.3335e+06 8.7379e+01 -5.2593e+03 7.8864e+03 -2.1189e+01 2.7804e+04
-3.7340e+06 8.9754e+01 -5.2627e+03 7.8645e+03 -1.4134e+02 2.7823e+04
-3.0928e+06 9.1806e+01 -5.2649e+03 7.8447e+03 3.6063e+01 2.7843e+04
-3.8570e+06 9.4441e+01 -5.2660e+03 7.8270e+03 -1.9266e+02 2.7856e+04
-2.0832e+06 9.8398e+01 -5.2660e+03 7.8114e+03 3.3106e+02 2.7881e+04
-4.5075e+06 1.0224e+02 -5.2649e+03 7.7981e+03 -3.9781e+02 2.7882e+04
-3.7472e+05 1.0434e+02 -5.2627e+03 7.7870e+03 1.0074e+03 2.7934e+04
-8.6421e+06 1.0314e+02 -5.2595e+03 7.7781e+03 -6.7735e+02 2.7753e+04
3.4482e+06 9.2949e+01 -5.2552e+03 7.7716e+03 2.6528e+04 2.9808e+04
-9.0041e+06 7.2923e+01 -5.2538e+03 7.7453e+03 1.3452e+05 3.4709e+04
-1.6358e+07 5.4809e+01 -5.5043e+03 6.2896e+03 2.2215e+05 9.5964e+04
1.2316e+06 4.6251e+01 -5.6075e+03 5.6631e+03 2.3976e+05 1.7953e+05
-5.7711e+06 4.3263e+01 -5.7073e+03 5.0439e+03 2.7004e+05 2.0632e+05
-1.2224e+07 4.3441e+01 -5.8081e+03 4.4125e+03 2.9055e+05 2.0465e+05
-1.5364e+07 4.5821e+01 -5.9098e+03 3.7687e+03 2.8285e+05 2.0268e+05
-6.3473e+06 5.5768e+01 -6.0124e+03 3.1122e+03 2.8483e+05 1.9840e+05
-4.5114e+06 7.6567e+01 -6.1160e+03 2.4430e+03 2.9442e+05 1.9380e+05
-4.1105e+06 5.3957e+01 -5.0428e+03 8.5848e+03 7.7896e-01 2.7122e+04
-4.0361e+06 5.4563e+01 -5.0648e+03 8.5392e+03 1.5981e+00 2.7174e+04
-4.0831e+06 5.5213e+01 -5.0857e+03 8.4946e+03 -4.8760e+00 2.7215e+04
-4.0039e+06 5.6026e+01 -5.1055e+03 8.4511e+03 -6.6724e+00 2.7255e+04
-3.9811e+06 5.7556e+01 -5.1242e+03 8.4089e+03 -2.5823e+00 2.7293e+04
-3.8375e+06 5.9720e+01 -5.1417e+03 8.3679e+03 4.4422e+00 2.7330e+04
-3.8287e+06 6.1459e+01 -5.1582e+03 8.3283e+03 7.3698e+00 2.7366e+04
-3.7348e+06 6.2577e+01 -5.1734e+03 8.2901e+03 1.0103e+01 2.7401e+04
-3.7432e+06 6.3534e+01 -5.1875e+03 8.2534e+03 8.0352e+00 2.7435e+04
-3.7103e+06 6.4863e+01 -5.2005e+03 8.2182e+03 1.6342e+00 2.7467e+04
-3.7108e+06 6.7257e+01 -5.2122e+03 8.1847e+03 -4.4887e+00 2.7498e+04
-3.6316e+06 7.0866e+01 -5.2228e+03 8.1527e+03 -1.2639e+01 2.7525e+04
-3.6064e+06 7.4690e+01 -5.2322e+03 8.1225e+03 -1.9235e+01 2.7551e+04
-3.5359e+06 7.7434e+01 -5.2404e+03 8.0941e+03 -2.3543e+01 2.7578e+04
-3.4397e+06 7.9447e+01 -5.2475e+03 8.0676e+03 1.1940e+00 2.7606e+04
-3.3496e+06 8.2054e+01 -5.2534e+03 8.0429e+03 4.9155e+00 2.7630e+04
-3.2331e+06 8.5034e+01 -5.2582e+03 8.0201e+03 5.1503e+01 2.7657e+04
-3.2018e+06 8.7431e+01 -5.2618e+03 7.9993e+03 1.8652e+01 2.7676e+04
-3.0740e+06 8.9335e+01 -5.2644e+03 7.9805e+03 9.1556e+01 2.7705e+04
-3.3649e+06 9.1649e+01 -5.2658e+03 7.9638e+03 -7.6064e+01 2.7712e+04
-2.9666e+06 9.5416e+01 -5.2661e+03 7.9492e+03 1.3091e+02 2.7750e+04
-3.8899e+06 9.9757e+01 -5.2654e+03 7.9368e+03 -2.8453e+02 2.7730e+04
-2.4592e+06 1.0266e+02 -5.2636e+03 7.9265e+03 4.3665e+02 2.7796e+04
-5.6705e+06 1.0307e+02 -5.2608e+03 7.9184e+03 -1.9957e+02 2.7695e+04
-1.2833e+06 9.8798e+01 -5.2570e+03 7.9125e+03 3.6355e+03 2.7868e+04
3.1917e+06 8.8917e+01 -5.2522e+03 7.9088e+03 3.8967e+04 3.3582e+04
1.3857e+06 7.7614e+01 -5.2465e+03 7.9074e+03 8.0019e+04 6.6558e+04
2.2028e+06 6.7512e+01 -5.2399e+03 7.9082e+03 1.0213e+05 1.0690e+05
7.6807e+05 6.0176e+01 -5.2345e+03 7.8988e+03 1.4205e+05 1.2313e+05
1.0266e+06 5.9596e+01 -5.3294e+03 7.2894e+03 1.8929e+05 1.3759e+05
-5.8047e+06 6.0752e+01 -5.4252e+03 6.6680e+03 2.1593e+05 1.6191e+05
-1.7780e+07 6.4087e+01 -5.5218e+03 6.0342e+03 2.3883e+05 1.8492e+05
-1.4684e+07 7.7056e+01 -5.6193e+03 5.3880e+03 2.6102e+05 2.0087e+05
-4.0825e+06 5.3396e+01 -5.0429e+03 8.6937e+03 3.5579e+00 2.6970e+04
-4.0478e+06 5.4146e+01 -5.0646e+03 8.6498e+03 4.9463e+00 2.7027e+04
-3.9963e+06 5.4768e+01 -5.0852e+03 8.6069e+03 2.6764e+00 2.7069e+04
-3.9853e+06 5.5495e+01 -5.1047e+03 8.5651e+03 2.8670e+00 2.7107e+04
-3.9331e+06 5.6677e+01 -5.1231e+03 8.5245e+03 6.2780e-01 2.7145e+04
-3.9352e+06 5.8469e+01 -5.1405e+03 8.4852e+03 -1.4771e+00 2.7180e+04
-3.8689e+06 6.0409e+01 -5.1567e+03 8.4472e+03 -3.2376e+00 2.7215e+04
-3.8769e+06 6.1932e+01 -5.1718e+03 8.4105e+03 -6.7751e+00 2.7249e+04
-3.8370e+06 6.2868e+01 -5.1858e+03 8.3753e+03 -9.0015e+00 2.7282e+04
-3.7988e+06 6.3796e+01 -5.1987e+03 8.3416e+03 -6.4472e+00 2.7313e+04
-3.7186e+06 6.5405e+01 -5.2104e+03 8.3095e+03 -1.5875e+00 2.7342e+04
-3.6437e+06 6.8153e+01 -5.2210e+03 8.2790e+03 8.8617e+00 2.7370e+04
-3.5372e+06 7.1863e+01 -5.2305e+03 8.2502e+03 1.4942e+01 2.7399e+04
-3.4862e+06 7.5097e+01 -5.2388e+03 8.2231e+03 7.8840e+00 2.7425e+04
-3.4727e+06 7.7325e+01 -5.2460e+03 8.1977e+03 -3.3093e+00 2.7452e+04
-3.4580e+06 7.9834e+01 -5.2521e+03 8.1743e+03 -1.3145e+01 2.7476e+04
-3.4572e+06 8.2811e+01 -5.2571e+03 8.1526e+03 -2.6567e+01 2.7499e+04
-3.4359e+06 8.5236e+01 -5.2610e+03 8.1330e+03 -3.1879e+01 2.7518e+04
-3.4214e+06 8.7121e+01 -5.2638e+03 8.1152e+03 -2.9987e+01 2.7537e+04
-3.2635e+06 8.9174e+01 -5.2655e+03 8.0995e+03 -8.0992e+00 2.7551e+04
-3.2944e+06 9.2378e+01 -5.2661e+03 8.0858e+03 1.0510e+01 2.7573e+04
-2.9620e+06 9.6627e+01 -5.2657e+03 8.0742e+03 4.5540e+01 2.7577e+04
-3.3976e+06 1.0013e+02 -5.2643e+03 8.0647e+03 7.5564e+01 2.7603e+04
-2.8893e+06 1.0197e+02 -5.2620e+03 8.0573e+03 2.5471e+02 2.7608e+04
-5.7171e+06 1.0221e+02 -5.2586e+03 8.0521e+03 7.5823e+01 2.7660e+04
-7.0892e+06 9.9793e+01 -5.2543e+03 8.0490e+03 6.6364e+02 2.7921e+04
-5.5040e+06 9.3428e+01 -5.2490e+03 8.0482e+03 1.9691e+03 2.8484e+04
-6.5652e+05 8.3812e+01 -5.2429e+03 8.0495e+03 4.6335e+03 2.9229e+04
2.3451e+06 7.5195e+01 -5.2358e+03 8.0530e+03 1.9370e+04 3.1628e+04
4.1139e+06 7.2292e+01 -5.2280e+03 8.0588e+03 4.6060e+04 4.5598e+04
8.0458e+06 7.5134e+01 -5.2193e+03 8.0668e+03 7.4018e+04 7.0156e+04
3.5407e+06 8.1264e+01 -5.2098e+03 8.0769e+03 1.0128e+05 9.6947e+04
4.8826e+05 8.8620e+01 -5.1995e+03 8.0893e+03 1.3061e+05 1.1601e+05
