  1    1089
-2.0352e+05 3.5478e+01 -3.8884e+03 1.1784e+04 -8.3384e+02 2.2740e+04
5.0609e+06 3.8218e+01 -3.9116e+03 1.1855e+04 -3.9189e+02 2.2543e+04
-1.3775e+06 3.9323e+01 -3.9340e+03 1.1927e+04 -5.8067e+02 2.2389e+04
-5.7797e+05 3.8946e+01 -3.9557e+03 1.1999e+04 -5.1499e+02 2.2234e+04
-3.7056e+06 3.8521e+01 -3.9767e+03 1.2071e+04 -3.5605e+02 2.2059e+04
-4.2016e+06 3.8249e+01 -3.9971e+03 1.2143e+04 -2.3740e+02 2.1884e+04
-5.8652e+06 3.8040e+01 -4.0169e+03 1.2214e+04 -1.6002e+02 2.1707e+04
-3.2046e+06 3.7897e+01 -4.0361e+03 1.2286e+04 -4.3370e+01 2.1529e+04
-4.4758e+06 3.7787e+01 -4.0548e+03 1.2357e+04 -2.0154e+01 2.1352e+04
-5.3347e+06 3.7690e+01 -4.0729e+03 1.2428e+04 -4.4671e+01 2.1174e+04
-6.2369e+06 3.7617e+01 -4.0904e+03 1.2498e+04 -5.6707e+01 2.0994e+04
-5.4650e+06 3.7573e+01 -4.1075e+03 1.2568e+04 -2.8871e+01 2.0812e+04
-5.7641e+06 3.7543e+01 -4.1241e+03 1.2638e+04 -1.6809e+01 2.0628e+04
-5.0806e+06 3.7519e+01 -4.1402e+03 1.2708e+04 3.6120e+00 2.0443e+04
-5.3206e+06 3.7499e+01 -4.1558e+03 1.2777e+04 9.6175e+00 2.0257e+04
-4.8583e+06 3.7480e+01 -4.1711e+03 1.2845e+04 2.3910e+01 2.0070e+04
-4.7598e+06 3.7462e+01 -4.1859e+03 1.2913e+04 3.4469e+01 1.9882e+04
-4.4688e+06 3.7442e+01 -4.2003e+03 1.2981e+04 3.8423e+01 1.9693e+04
-4.9413e+06 3.7417e+01 -4.2143e+03 1.3048e+04 2.5006e+01 1.9503e+04
-5.3723e+06 3.7398e+01 -4.2280e+03 1.3114e+04 -5.1263e+00 1.9314e+04
-6.3207e+06 3.7385e+01 -4.2413e+03 1.3180e+04 -4.2670e+01 1.9123e+04
-6.1167e+06 3.7376e+01 -4.2542e+03 1.3246e+04 -3.7743e+01 1.8929e+04
-5.2724e+06 3.7370e+01 -4.2668e+03 1.3310e+04 6.0734e+00 1.8734e+04
-4.6083e+06 3.7357e+01 -4.2791e+03 1.3374e+04 2.7164e+01 1.8540e+04
-5.4668e+06 3.7330e+01 -4.2911e+03 1.3437e+04 1.5320e+00 1.8346e+04
-5.5885e+06 3.7302e+01 -4.3027e+03 1.3500e+04 -1.0530e+01 1.8151e+04
-5.2646e+06 3.7282e+01 -4.3141e+03 1.3562e+04 4.1277e-01 1.7954e+04
-5.3342e+06 3.7266e+01 -4.3252e+03 1.3623e+04 1.0093e+00 1.7757e+04
-5.4354e+06 3.7251e+01 -4.3361e+03 1.3683e+04 -4.6636e+00 1.7560e+04
-5.3700e+06 3.7237e+01 -4.3466e+03 1.3743e+04 -2.1318e+00 1.7363e+04
-5.2622e+06 3.7222e+01 -4.3569e+03 1.3801e+04 3.7629e+00 1.7166e+04
-5.3286e+06 3.7207e+01 -4.3670e+03 1.3859e+04 2.2410e+00 1.6967e+04
-5.4042e+06 3.7177e+01 -4.3768e+03 1.3916e+04 -2.9916e+00 1.6769e+04
2.3157e+07 3.2979e+01 -3.8436e+03 1.1882e+04 2.2495e+03 2.2460e+04
1.0257e+07 3.6568e+01 -3.8675e+03 1.1952e+04 5.5105e+02 2.2334e+04
8.7506e+06 3.8046e+01 -3.8907e+03 1.2023e+04 -5.3064e+01 2.2237e+04
2.0908e+06 3.7529e+01 -3.9132e+03 1.2094e+04 -3.7005e+02 2.2052e+04
7.5848e+04 3.7664e+01 -3.9349e+03 1.2165e+04 -5.1783e+02 2.1889e+04
-1.5266e+06 3.8128e+01 -3.9560e+03 1.2235e+04 -3.1740e+02 2.1712e+04
-1.9892e+06 3.8082e+01 -3.9765e+03 1.2306e+04 -1.7344e+02 2.1533e+04
-5.7800e+06 3.7852e+01 -3.9964e+03 1.2376e+04 -1.5048e+02 2.1359e+04
-5.5863e+06 3.7683e+01 -4.0157e+03 1.2446e+04 -1.2695e+02 2.1179e+04
-4.6625e+06 3.7562e+01 -4.0345e+03 1.2516e+04 -3.1527e+01 2.0998e+04
-4.3099e+06 3.7476e+01 -4.0527e+03 1.2586e+04 4.3811e-01 2.0816e+04
-5.1304e+06 3.7419e+01 -4.0703e+03 1.2655e+04 1.8034e+00 2.0634e+04
-5.2087e+06 3.7381e+01 -4.0875e+03 1.2724e+04 -1.2134e+01 2.0451e+04
-5.8779e+06 3.7353e+01 -4.1042e+03 1.2792e+04 -2.0186e+01 2.0266e+04
-5.8559e+06 3.7330e+01 -4.1205e+03 1.2860e+04 -3.0853e+01 2.0080e+04
-6.2643e+06 3.7311e+01 -4.1363e+03 1.2928e+04 -4.0136e+01 1.9894e+04
-6.5233e+06 3.7293e+01 -4.1516e+03 1.2995e+04 -5.8901e+01 1.9706e+04
-6.6629e+06 3.7268e+01 -4.1666e+03 1.3061e+04 -5.7265e+01 1.9516e+04
-6.0144e+06 3.7237e+01 -4.1812e+03 1.3127e+04 -2.8077e+01 1.9325e+04
-5.3530e+06 3.7220e+01 -4.1953e+03 1.3193e+04 1.1923e+01 1.9132e+04
-4.3892e+06 3.7218e+01 -4.2091e+03 1.3258e+04 3.8175e+01 1.8938e+04
-4.6106e+06 3.7209e+01 -4.2226e+03 1.3322e+04 3.0479e+01 1.8745e+04
-5.6533e+06 3.7197e+01 -4.2357e+03 1.3386e+04 -1.6203e+01 1.8553e+04
-6.3917e+06 3.7184e+01 -4.2484e+03 1.3448e+04 -3.9076e+01 1.8359e+04
-5.4067e+06 3.7166e+01 -4.2609e+03 1.3511e+04 -1.1966e+01 1.8162e+04
-5.2082e+06 3.7146e+01 -4.2730e+03 1.3572e+04 3.6219e+00 1.7966e+04
-5.6211e+06 3.7127e+01 -4.2848e+03 1.3633e+04 -9.4739e+00 1.7770e+04
-5.4942e+06 3.7112e+01 -4.2964e+03 1.3693e+04 -9.7704e+00 1.7573e+04
-5.3868e+06 3.7098e+01 -4.3076e+03 1.3753e+04 -4.5383e+00 1.7375e+04
-5.4344e+06 3.7084e+01 -4.3186e+03 1.3811e+04 -7.4692e+00 1.7178e+04
-5.5676e+06 3.7070e+01 -4.3293e+03 1.3869e+04 -9.8213e+00 1.6980e+04
-5.4709e+06 3.7056e+01 -4.3398e+03 1.3926e+04 -6.8413e+00 1.6784e+04
-5.4104e+06 3.7030e+01 -4.3500e+03 1.3982e+04 -2.7252e+00 1.6576e+04
1.6761e+06 3.4288e+01 -3.7987e+03 1.1979e+04 -4.1174e+03 2.2400e+04
1.7037e+07 3.5343e+01 -3.8234e+03 1.2049e+04 -1.7777e+02 2.2289e+04
1.1825e+07 3.4704e+01 -3.8473e+03 1.2119e+04 6.8637e+02 2.2100e+04
1.0461e+07 3.3481e+01 -3.8705e+03 1.2189e+04 2.2461e+02 2.1894e+04
3.3713e+06 3.4654e+01 -3.8930e+03 1.2258e+04 -2.7210e+02 2.1704e+04
-1.4379e+06 3.6956e+01 -3.9148e+03 1.2328e+04 -6.5516e+02 2.1537e+04
-4.4537e+06 3.7955e+01 -3.9359e+03 1.2397e+04 -4.7973e+02 2.1354e+04
-1.9143e+06 3.7874e+01 -3.9565e+03 1.2467e+04 -1.6233e+02 2.1169e+04
-3.3810e+06 3.7639e+01 -3.9764e+03 1.2536e+04 -6.4831e+01 2.0990e+04
-5.4060e+06 3.7464e+01 -3.9958e+03 1.2605e+04 -1.0179e+02 2.0812e+04
-6.3090e+06 3.7347e+01 -4.0147e+03 1.2673e+04 -8.7610e+01 2.0630e+04
-5.7243e+06 3.7272e+01 -4.0330e+03 1.2741e+04 -5.9695e+01 2.0446e+04
-5.7721e+06 3.7224e+01 -4.0507e+03 1.2809e+04 -2.0362e+01 2.0261e+04
-5.1389e+06 3.7190e+01 -4.0680e+03 1.2877e+04 -1.6801e+00 2.0075e+04
-5.1658e+06 3.7165e+01 -4.0849e+03 1.2944e+04 2.0867e+01 1.9888e+04
-4.7698e+06 3.7145e+01 -4.1012e+03 1.3010e+04 3.0275e+01 1.9699e+04
-4.3905e+06 3.7128e+01 -4.1171e+03 1.3076e+04 5.3439e+01 1.9509e+04
-4.1137e+06 3.7103e+01 -4.1326e+03 1.3142e+04 6.0237e+01 1.9319e+04
-4.5937e+06 3.7072e+01 -4.1477e+03 1.3207e+04 5.2791e+01 1.9129e+04
-5.3649e+06 3.7055e+01 -4.1624e+03 1.3271e+04 5.9095e+00 1.8939e+04
-6.6469e+06 3.7048e+01 -4.1767e+03 1.3335e+04 -4.7762e+01 1.8748e+04
-6.4948e+06 3.7037e+01 -4.1907e+03 1.3398e+04 -4.9047e+01 1.8553e+04
-5.2286e+06 3.7027e+01 -4.2042e+03 1.3461e+04 9.3175e+00 1.8357e+04
-4.3577e+06 3.7017e+01 -4.2175e+03 1.3523e+04 3.7958e+01 1.8160e+04
-5.5202e+06 3.7003e+01 -4.2304e+03 1.3584e+04 6.4566e+00 1.7966e+04
-5.7690e+06 3.6986e+01 -4.2430e+03 1.3644e+04 -1.2055e+01 1.7770e+04
-5.2368e+06 3.6970e+01 -4.2552e+03 1.3704e+04 4.6769e+00 1.7572e+04
-5.3778e+06 3.6954e+01 -4.2672e+03 1.3763e+04 5.3154e+00 1.7375e+04
-5.4853e+06 3.6940e+01 -4.2789e+03 1.3822e+04 -1.6105e+00 1.7177e+04
-5.4228e+06 3.6927e+01 -4.2903e+03 1.3879e+04 1.0879e+00 1.6980e+04
-5.2339e+06 3.6913e+01 -4.3014e+03 1.3936e+04 9.7904e+00 1.6778e+04
-5.3716e+06 3.6901e+01 -4.3123e+03 1.3992e+04 7.2363e+00 1.6592e+04
-5.4570e+06 3.6884e+01 -4.3229e+03 1.4048e+04 -1.1981e+00 1.6385e+04
3.8266e+06 4.0667e+01 -3.7537e+03 1.2077e+04 -7.8236e+04 2.7065e+04
-2.8221e+06 3.7414e+01 -3.7791e+03 1.2145e+04 -2.7715e+04 2.9735e+04
1.5729e+07 3.3194e+01 -3.8038e+03 1.2214e+04 -1.8977e+03 2.2241e+04
1.3301e+07 3.0619e+01 -3.8276e+03 1.2283e+04 8.9800e+02 2.1734e+04
1.2501e+07 3.1212e+01 -3.8508e+03 1.2352e+04 3.9285e+02 2.1541e+04
5.6516e+06 3.4141e+01 -3.8733e+03 1.2420e+04 -8.4388e+01 2.1353e+04
2.3858e+06 3.6816e+01 -3.8952e+03 1.2489e+04 -5.2919e+02 2.1170e+04
-5.1515e+06 3.7751e+01 -3.9164e+03 1.2557e+04 -4.5528e+02 2.0992e+04
-4.7176e+06 3.7658e+01 -3.9370e+03 1.2625e+04 -2.4751e+02 2.0811e+04
-4.2054e+06 3.7419e+01 -3.9570e+03 1.2693e+04 -7.8171e+01 2.0624e+04
-3.4434e+06 3.7255e+01 -3.9765e+03 1.2760e+04 -9.4431e+00 2.0442e+04
-5.1034e+06 3.7150e+01 -3.9954e+03 1.2827e+04 -9.2206e+00 2.0258e+04
-4.9630e+06 3.7083e+01 -4.0138e+03 1.2894e+04 -1.5819e+01 2.0075e+04
-6.1592e+06 3.7038e+01 -4.0316e+03 1.2960e+04 -2.8904e+01 1.9889e+04
-5.9694e+06 3.7007e+01 -4.0490e+03 1.3026e+04 -3.9721e+01 1.9702e+04
-6.6782e+06 3.6983e+01 -4.0659e+03 1.3092e+04 -5.4218e+01 1.9514e+04
-6.9726e+06 3.6965e+01 -4.0824e+03 1.3157e+04 -7.9162e+01 1.9326e+04
-7.2778e+06 3.6945e+01 -4.0985e+03 1.3221e+04 -8.0392e+01 1.9135e+04
-6.4117e+06 3.6926e+01 -4.1141e+03 1.3285e+04 -4.7815e+01 1.8943e+04
-5.5188e+06 3.6911e+01 -4.1293e+03 1.3349e+04 6.5432e+00 1.8748e+04
-4.0034e+06 3.6897e+01 -4.1441e+03 1.3412e+04 5.7951e+01 1.8552e+04
-4.2470e+06 3.6879e+01 -4.1585e+03 1.3474e+04 5.3009e+01 1.8359e+04
-5.7473e+06 3.6864e+01 -4.1726e+03 1.3535e+04 -1.4145e+01 1.8167e+04
-6.8506e+06 3.6856e+01 -4.1863e+03 1.3596e+04 -5.0137e+01 1.7972e+04
-5.4536e+06 3.6846e+01 -4.1997e+03 1.3657e+04 -1.0321e+01 1.7774e+04
-5.1505e+06 3.6832e+01 -4.2127e+03 1.3716e+04 1.2529e+01 1.7576e+04
-5.7560e+06 3.6814e+01 -4.2254e+03 1.3775e+04 -5.0701e+00 1.7380e+04
-5.5468e+06 3.6797e+01 -4.2378e+03 1.3833e+04 -4.0208e+00 1.7182e+04
-5.3964e+06 3.6785e+01 -4.2499e+03 1.3891e+04 4.8291e+00 1.6982e+04
-5.4838e+06 3.6775e+01 -4.2617e+03 1.3947e+04 -1.0163e+00 1.6785e+04
-5.6940e+06 3.6762e+01 -4.2733e+03 1.4003e+04 -3.9559e+00 1.6585e+04
-5.5380e+06 3.6753e+01 -4.2845e+03 1.4058e+04 4.4636e-01 1.6396e+04
-5.4364e+06 3.6743e+01 -4.2955e+03 1.4113e+04 4.4650e+00 1.6188e+04
-2.8478e+07 5.0047e+01 -3.8326e+03 1.1134e+04 -2.5868e+05 5.5287e+04
-1.1390e+07 4.3304e+01 -3.7348e+03 1.2241e+04 -1.2942e+05 5.9427e+04
-8.9001e+06 3.5855e+01 -3.7601e+03 1.2309e+04 -3.1782e+04 3.0704e+04
1.5604e+07 3.1500e+01 -3.7847e+03 1.2377e+04 -1.5584e+03 2.1800e+04
1.3070e+07 2.9952e+01 -3.8086e+03 1.2444e+04 6.7017e+02 2.1381e+04
9.9539e+06 3.1023e+01 -3.8318e+03 1.2512e+04 2.3423e+02 2.1195e+04
7.7805e+05 3.4012e+01 -3.8543e+03 1.2579e+04 -3.5887e+02 2.1012e+04
2.5326e+06 3.6618e+01 -3.8761e+03 1.2647e+04 -4.7150e+02 2.0808e+04
-2.1217e+06 3.7525e+01 -3.8974e+03 1.2714e+04 -3.2981e+02 2.0619e+04
-4.3908e+06 3.7428e+01 -3.9180e+03 1.2780e+04 -2.1322e+02 2.0443e+04
-6.7940e+06 3.7199e+01 -3.9381e+03 1.2847e+04 -1.7971e+02 2.0257e+04
-5.3405e+06 3.7055e+01 -3.9576e+03 1.2913e+04 -1.0285e+02 2.0073e+04
-6.1047e+06 3.6965e+01 -3.9766e+03 1.2979e+04 -5.7877e+01 1.9885e+04
-4.7091e+06 3.6906e+01 -3.9950e+03 1.3044e+04 -5.4634e+00 1.9699e+04
-5.1858e+06 3.6867e+01 -4.0130e+03 1.3109e+04 1.5729e+01 1.9509e+04
-4.2847e+06 3.6840e+01 -4.0305e+03 1.3174e+04 4.4123e+01 1.9320e+04
-4.0207e+06 3.6820e+01 -4.0475e+03 1.3238e+04 6.9871e+01 1.9128e+04
-3.5332e+06 3.6804e+01 -4.0640e+03 1.3301e+04 7.7111e+01 1.8937e+04
-4.5226e+06 3.6788e+01 -4.0802e+03 1.3364e+04 4.4729e+01 1.8746e+04
-5.5221e+06 3.6772e+01 -4.0959e+03 1.3426e+04 -1.7893e+01 1.8556e+04
-7.3025e+06 3.6751e+01 -4.1112e+03 1.3488e+04 -7.9460e+01 1.8364e+04
-6.9224e+06 3.6727e+01 -4.1261e+03 1.3549e+04 -6.6074e+01 1.8169e+04
-5.1319e+06 3.6712e+01 -4.1407e+03 1.3610e+04 1.4061e+01 1.7971e+04
-3.8815e+06 3.6707e+01 -4.1549e+03 1.3670e+04 5.2684e+01 1.7773e+04
-5.6022e+06 3.6696e+01 -4.1687e+03 1.3729e+04 4.0851e+00 1.7578e+04
-5.9662e+06 3.6681e+01 -4.1822e+03 1.3788e+04 -1.8563e+01 1.7382e+04
-5.1862e+06 3.6665e+01 -4.1953e+03 1.3846e+04 6.3451e+00 1.7183e+04
-5.3930e+06 3.6649e+01 -4.2082e+03 1.3903e+04 9.1950e+00 1.6985e+04
-5.5764e+06 3.6638e+01 -4.2207e+03 1.3959e+04 -3.1979e+00 1.6786e+04
-5.5122e+06 3.6631e+01 -4.2330e+03 1.4015e+04 -4.6512e-01 1.6588e+04
-5.2546e+06 3.6620e+01 -4.2449e+03 1.4070e+04 1.0013e+01 1.6387e+04
-5.4444e+06 3.6612e+01 -4.2566e+03 1.4124e+04 8.2168e+00 1.6198e+04
-5.5800e+06 3.6602e+01 -4.2680e+03 1.4177e+04 -3.9864e+00 1.5990e+04
4.2553e+06 5.3851e+01 -4.0586e+03 8.7457e+03 -5.0332e+05 1.4447e+05
-3.0388e+07 4.9048e+01 -3.8192e+03 1.1190e+04 -2.8255e+05 1.0647e+05
-1.3225e+06 4.1366e+01 -3.7164e+03 1.2403e+04 -1.2744e+05 6.1692e+04
-1.2139e+07 3.5461e+01 -3.7417e+03 1.2470e+04 -3.3063e+04 3.0135e+04
2.0662e+07 3.1400e+01 -3.7662e+03 1.2537e+04 -7.2511e+02 2.1543e+04
1.2057e+07 2.9795e+01 -3.7901e+03 1.2603e+04 5.9671e+02 2.0990e+04
1.7610e+07 3.0984e+01 -3.8132e+03 1.2670e+04 8.5537e+02 2.0838e+04
-3.2477e+06 3.4191e+01 -3.8357e+03 1.2736e+04 -5.6277e+02 2.0633e+04
2.6246e+05 3.6784e+01 -3.8576e+03 1.2802e+04 -3.9622e+02 2.0451e+04
-5.1001e+06 3.7440e+01 -3.8788e+03 1.2868e+04 -4.0919e+02 2.0245e+04
-1.1324e+05 3.7215e+01 -3.8995e+03 1.2933e+04 5.7878e+01 2.0067e+04
-6.2255e+06 3.7009e+01 -3.9196e+03 1.2998e+04 -1.4743e+02 1.9877e+04
-3.1645e+06 3.6897e+01 -3.9392e+03 1.3063e+04 4.4676e+01 1.9695e+04
-7.4861e+06 3.6806e+01 -3.9582e+03 1.3127e+04 -1.5087e+02 1.9505e+04
-5.1147e+06 3.6753e+01 -3.9767e+03 1.3191e+04 -7.3120e+00 1.9321e+04
-7.9396e+06 3.6712e+01 -3.9948e+03 1.3255e+04 -1.6382e+02 1.9129e+04
-6.8841e+06 3.6689e+01 -4.0123e+03 1.3318e+04 -7.6525e+01 1.8943e+04
-8.6264e+06 3.6666e+01 -4.0294e+03 1.3380e+04 -1.7792e+02 1.8749e+04
-6.4414e+06 3.6654e+01 -4.0461e+03 1.3442e+04 -5.2220e+01 1.8557e+04
-6.0076e+06 3.6645e+01 -4.0623e+03 1.3503e+04 -4.0982e+01 1.8359e+04
-3.0669e+06 3.6636e+01 -4.0781e+03 1.3564e+04 1.0218e+02 1.8163e+04
-3.9081e+06 3.6609e+01 -4.0935e+03 1.3624e+04 5.6073e+01 1.7967e+04
-5.6040e+06 3.6580e+01 -4.1086e+03 1.3684e+04 9.2712e-02 1.7777e+04
-7.6370e+06 3.6563e+01 -4.1232e+03 1.3743e+04 -9.1115e+01 1.7581e+04
-5.3616e+06 3.6553e+01 -4.1375e+03 1.3801e+04 -9.9579e+00 1.7382e+04
-5.1549e+06 3.6536e+01 -4.1514e+03 1.3859e+04 1.4688e+00 1.7183e+04
-5.8591e+06 3.6520e+01 -4.1651e+03 1.3916e+04 -4.2317e+00 1.6986e+04
-5.7606e+06 3.6508e+01 -4.1783e+03 1.3972e+04 -1.9764e+01 1.6787e+04
-5.4278e+06 3.6499e+01 -4.1913e+03 1.4027e+04 5.9459e+00 1.6587e+04
-5.6803e+06 3.6489e+01 -4.2039e+03 1.4082e+04 -1.3846e+01 1.6389e+04
-5.8925e+06 3.6478e+01 -4.2163e+03 1.4136e+04 -1.0005e+01 1.6189e+04
-5.7457e+06 3.6468e+01 -4.2284e+03 1.4189e+04 -1.0398e+01 1.5998e+04
-5.5325e+06 3.6457e+01 -4.2402e+03 1.4241e+04 1.0372e+00 1.5790e+04
2.2279e+07 4.6208e+01 -4.2858e+03 6.4375e+03 -5.6876e+05 3.0269e+05
-7.0420e+07 4.8656e+01 -4.0472e+03 8.8750e+03 -3.8917e+05 1.3751e+05
3.2461e+07 4.6305e+01 -3.8028e+03 1.1347e+04 -2.6991e+05 1.0583e+05
-4.5105e+07 4.1410e+01 -3.6986e+03 1.2563e+04 -1.3358e+05 6.1228e+04
1.9786e+07 3.5329e+01 -3.7238e+03 1.2629e+04 -3.0891e+04 2.9670e+04
-1.2758e+07 3.1174e+01 -3.7483e+03 1.2694e+04 -3.3883e+03 2.1077e+04
2.7086e+07 2.9791e+01 -3.7721e+03 1.2760e+04 9.1059e+02 2.0705e+04
-2.7933e+06 3.1643e+01 -3.7952e+03 1.2825e+04 -2.3505e+02 2.0448e+04
1.6235e+07 3.5200e+01 -3.8177e+03 1.2890e+04 5.9562e+01 2.0281e+04
-1.3724e+07 3.7227e+01 -3.8396e+03 1.2955e+04 -8.9125e+02 2.0051e+04
2.8650e+06 3.7314e+01 -3.8608e+03 1.3019e+04 -1.2029e+02 1.9888e+04
-1.2635e+07 3.7032e+01 -3.8815e+03 1.3083e+04 -4.5616e+02 1.9681e+04
7.8400e+05 3.6895e+01 -3.9017e+03 1.3147e+04 5.2646e+01 1.9509e+04
-9.6956e+06 3.6764e+01 -3.9213e+03 1.3210e+04 -2.5342e+02 1.9305e+04
3.7050e+02 3.6695e+01 -3.9403e+03 1.3273e+04 1.4505e+02 1.9128e+04
-7.4385e+06 3.6634e+01 -3.9589e+03 1.3335e+04 -1.0222e+02 1.8926e+04
2.3122e+05 3.6609e+01 -3.9770e+03 1.3397e+04 2.0683e+02 1.8741e+04
-5.2518e+06 3.6580e+01 -3.9946e+03 1.3459e+04 -5.2838e+00 1.8541e+04
-1.6318e+06 3.6568e+01 -4.0118e+03 1.3520e+04 1.2958e+02 1.8356e+04
-7.3610e+06 3.6553e+01 -4.0285e+03 1.3580e+04 -1.1875e+02 1.8160e+04
-6.3997e+06 3.6544e+01 -4.0448e+03 1.3640e+04 -7.4588e+01 1.7974e+04
-8.8644e+06 3.6513e+01 -4.0607e+03 1.3699e+04 -1.6362e+02 1.7774e+04
-3.8695e+06 3.6487e+01 -4.0762e+03 1.3758e+04 4.4832e+01 1.7576e+04
-4.1048e+06 3.6464e+01 -4.0914e+03 1.3816e+04 2.7977e+01 1.7375e+04
-4.8561e+06 3.6445e+01 -4.1061e+03 1.3873e+04 2.7320e+01 1.7183e+04
-6.8416e+06 3.6424e+01 -4.1205e+03 1.3929e+04 -5.8687e+01 1.6984e+04
-4.5671e+06 3.6413e+01 -4.1345e+03 1.3985e+04 2.1141e+01 1.6786e+04
-5.8976e+06 3.6401e+01 -4.1483e+03 1.4040e+04 -1.3322e+01 1.6585e+04
-5.3608e+06 3.6391e+01 -4.1616e+03 1.4095e+04 2.4013e+00 1.6387e+04
-5.9007e+06 3.6380e+01 -4.1747e+03 1.4149e+04 -1.5350e+01 1.6187e+04
-4.9767e+06 3.6370e+01 -4.1875e+03 1.4202e+04 2.1608e+01 1.5986e+04
-5.7078e+06 3.6360e+01 -4.1999e+03 1.4254e+04 1.1834e-01 1.5796e+04
-5.5336e+06 3.6352e+01 -4.2121e+03 1.4305e+04 -5.3600e-01 1.5588e+04
-1.1383e+07 3.5427e+01 -4.5214e+03 4.1063e+03 -4.5896e+05 3.4149e+05
-6.1905e+07 4.1121e+01 -4.2795e+03 6.5385e+03 -4.1763e+05 1.3966e+05
1.3212e+07 4.6168e+01 -4.0359e+03 9.0038e+03 -3.7552e+05 1.3232e+05
-2.1431e+07 4.6291e+01 -3.7866e+03 1.1502e+04 -2.7872e+05 1.0609e+05
1.6897e+05 4.0722e+01 -3.6813e+03 1.2720e+04 -1.2960e+05 6.0920e+04
-8.3033e+06 3.4346e+01 -3.7064e+03 1.2785e+04 -3.0628e+04 2.9479e+04
2.7053e+07 3.0397e+01 -3.7309e+03 1.2849e+04 2.2981e+02 2.0709e+04
8.9402e+05 3.0084e+01 -3.7546e+03 1.2913e+04 2.5911e+02 2.0224e+04
1.1017e+07 3.3279e+01 -3.7777e+03 1.2977e+04 -4.2882e+01 2.0096e+04
-4.3926e+06 3.6683e+01 -3.8002e+03 1.3041e+04 -7.9512e+02 1.9887e+04
5.4731e+06 3.7539e+01 -3.8220e+03 1.3104e+04 -9.9484e+01 1.9687e+04
-6.9567e+06 3.7193e+01 -3.8433e+03 1.3167e+04 -2.3593e+02 1.9480e+04
3.4619e+05 3.6988e+01 -3.8640e+03 1.3230e+04 8.1856e+01 1.9308e+04
-8.7380e+06 3.6827e+01 -3.8841e+03 1.3292e+04 -2.7653e+02 1.9106e+04
-3.1350e+06 3.6735e+01 -3.9038e+03 1.3354e+04 -3.6889e+01 1.8931e+04
-9.2818e+06 3.6659e+01 -3.9229e+03 1.3416e+04 -3.2758e+02 1.8732e+04
-6.1162e+06 3.6620e+01 -3.9415e+03 1.3477e+04 -1.5898e+02 1.8552e+04
-1.0126e+07 3.6585e+01 -3.9596e+03 1.3537e+04 -3.3698e+02 1.8353e+04
-5.8031e+06 3.6570e+01 -3.9773e+03 1.3597e+04 -1.1163e+02 1.8164e+04
-6.2950e+06 3.6552e+01 -3.9946e+03 1.3656e+04 -1.1551e+02 1.7961e+04
-1.3167e+06 3.6535e+01 -4.0114e+03 1.3715e+04 1.1816e+02 1.7765e+04
-3.4387e+06 3.6501e+01 -4.0277e+03 1.3773e+04 2.6698e+01 1.7566e+04
-5.3116e+06 3.6469e+01 -4.0437e+03 1.3831e+04 -2.9813e+01 1.7378e+04
-8.7346e+06 3.6438e+01 -4.0593e+03 1.3888e+04 -1.6313e+02 1.7180e+04
-5.0227e+06 3.6419e+01 -4.0745e+03 1.3944e+04 -2.6516e+01 1.6981e+04
-5.0961e+06 3.6398e+01 -4.0894e+03 1.4000e+04 -1.8454e+01 1.6780e+04
-5.8666e+06 3.6383e+01 -4.1038e+03 1.4054e+04 -1.5996e+01 1.6584e+04
-6.0111e+06 3.6368e+01 -4.1180e+03 1.4109e+04 -4.4746e+01 1.6383e+04
-5.3056e+06 3.6356e+01 -4.1318e+03 1.4162e+04 3.4723e+00 1.6184e+04
-5.8560e+06 3.6344e+01 -4.1453e+03 1.4215e+04 -2.6275e+01 1.5985e+04
-5.9962e+06 3.6333e+01 -4.1584e+03 1.4267e+04 -1.4625e+01 1.5784e+04
-5.9452e+06 3.6324e+01 -4.1713e+03 1.4318e+04 -1.9240e+01 1.5593e+04
-5.5141e+06 3.6322e+01 -4.1839e+03 1.4369e+04 3.9961e+00 1.5384e+04
-4.8336e+06 3.2598e+01 -4.7941e+03 1.7470e+03 -3.8283e+05 2.2953e+05
-4.7760e+07 3.3782e+01 -4.5200e+03 4.1792e+03 -4.1546e+05 1.3228e+05
-1.8604e+07 4.0095e+01 -4.2731e+03 6.6396e+03 -4.1205e+05 1.3496e+05
-1.9898e+07 4.5932e+01 -4.0247e+03 9.1321e+03 -3.7969e+05 1.4287e+05
8.3022e+06 4.4876e+01 -3.7708e+03 1.1657e+04 -2.5673e+05 1.3058e+05
-2.3814e+07 3.8557e+01 -3.6646e+03 1.2875e+04 -9.1671e+04 6.8462e+04
5.1216e+06 3.2485e+01 -3.6896e+03 1.2938e+04 -5.8320e+03 2.1399e+04
1.7526e+07 2.9922e+01 -3.7139e+03 1.3001e+04 9.7614e+02 2.0006e+04
1.8662e+07 3.1577e+01 -3.7376e+03 1.3064e+04 3.0591e+02 1.9862e+04
-1.5154e+05 3.5463e+01 -3.7607e+03 1.3127e+04 -7.3565e+02 1.9680e+04
-1.3723e+06 3.7651e+01 -3.7831e+03 1.3189e+04 -1.2348e+03 1.9503e+04
-5.8060e+06 3.7694e+01 -3.8050e+03 1.3251e+04 -8.3532e+02 1.9302e+04
-2.1845e+06 3.7395e+01 -3.8262e+03 1.3313e+04 -4.4806e+02 1.9116e+04
-4.1336e+06 3.7179e+01 -3.8469e+03 1.3374e+04 -3.0713e+02 1.8915e+04
-1.2952e+06 3.7034e+01 -3.8671e+03 1.3435e+04 -6.9174e+01 1.8728e+04
-2.7233e+06 3.6926e+01 -3.8867e+03 1.3495e+04 -9.5688e+00 1.8530e+04
4.5612e+05 3.6854e+01 -3.9059e+03 1.3555e+04 1.5867e+02 1.8337e+04
-1.0172e+06 3.6799e+01 -3.9245e+03 1.3615e+04 1.1596e+02 1.8137e+04
-1.3842e+06 3.6755e+01 -3.9427e+03 1.3674e+04 7.6977e+01 1.7948e+04
-5.1963e+06 3.6707e+01 -3.9604e+03 1.3732e+04 -1.1494e+02 1.7757e+04
-7.8020e+06 3.6659e+01 -3.9777e+03 1.3790e+04 -2.2861e+02 1.7570e+04
-8.4064e+06 3.6613e+01 -3.9946e+03 1.3847e+04 -2.4937e+02 1.7373e+04
-4.0087e+06 3.6577e+01 -4.0110e+03 1.3904e+04 -5.9328e+01 1.7171e+04
-2.1643e+06 3.6538e+01 -4.0271e+03 1.3959e+04 2.2720e+01 1.6970e+04
-5.0869e+06 3.6497e+01 -4.0427e+03 1.4015e+04 -3.6821e+01 1.6777e+04
-6.5476e+06 3.6460e+01 -4.0580e+03 1.4069e+04 -9.0375e+01 1.6579e+04
-4.5648e+06 3.6432e+01 -4.0729e+03 1.4123e+04 -1.9356e+01 1.6378e+04
-5.4627e+06 3.6405e+01 -4.0875e+03 1.4176e+04 -1.7992e+01 1.6178e+04
-5.5844e+06 3.6380e+01 -4.1017e+03 1.4229e+04 -2.5612e+01 1.5979e+04
-5.6464e+06 3.6361e+01 -4.1156e+03 1.4281e+04 -1.6029e+01 1.5779e+04
-4.9661e+06 3.6347e+01 -4.1292e+03 1.4332e+04 1.2482e+01 1.5577e+04
-5.5240e+06 3.6335e+01 -4.1425e+03 1.4382e+04 3.8206e+00 1.5387e+04
-5.7307e+06 3.6330e+01 -4.1555e+03 1.4431e+04 -1.2866e+01 1.5179e+04
-2.1109e+07 3.6191e+01 -5.1085e+03 -6.4029e+02 -2.9537e+05 1.2254e+05
-3.2963e+07 3.3304e+01 -4.7971e+03 1.7922e+03 -3.9277e+05 1.2300e+05
-2.4712e+07 3.3897e+01 -4.5184e+03 4.2528e+03 -4.1079e+05 1.4235e+05
-2.8664e+07 4.0332e+01 -4.2668e+03 6.7408e+03 -4.0115e+05 1.7720e+05
-5.0812e+06 4.5419e+01 -3.9504e+03 9.8191e+03 -3.4427e+05 2.0068e+05
-8.0446e+06 4.2852e+01 -3.6227e+03 1.2964e+04 -1.9174e+05 1.2431e+05
-4.3025e+06 3.6023e+01 -3.6483e+03 1.3026e+04 -4.4667e+04 3.3515e+04
1.5469e+07 3.1154e+01 -3.6732e+03 1.3089e+04 -7.8080e+02 2.0105e+04
1.1756e+07 3.0414e+01 -3.6975e+03 1.3150e+04 6.3168e+02 1.9702e+04
1.8416e+07 3.3033e+01 -3.7211e+03 1.3212e+04 4.8858e+02 1.9482e+04
7.9215e+06 3.5995e+01 -3.7441e+03 1.3274e+04 -2.6935e+02 1.9284e+04
5.5180e+06 3.7124e+01 -3.7665e+03 1.3335e+04 -5.4014e+02 1.9063e+04
-5.5585e+05 3.7296e+01 -3.7883e+03 1.3395e+04 -7.1534e+02 1.8886e+04
-1.2721e+06 3.7402e+01 -3.8096e+03 1.3456e+04 -7.7902e+02 1.8704e+04
-4.8112e+06 3.7446e+01 -3.8303e+03 1.3515e+04 -9.1145e+02 1.8517e+04
-4.7579e+06 3.7424e+01 -3.8504e+03 1.3575e+04 -9.3664e+02 1.8330e+04
-8.2968e+06 3.7364e+01 -3.8701e+03 1.3634e+04 -1.0057e+03 1.8144e+04
-7.5965e+06 3.7275e+01 -3.8893e+03 1.3692e+04 -8.8763e+02 1.7959e+04
-6.9052e+06 3.7187e+01 -3.9079e+03 1.3750e+04 -6.7075e+02 1.7767e+04
-3.1369e+06 3.7114e+01 -3.9262e+03 1.3807e+04 -3.2603e+02 1.7567e+04
8.0965e+04 3.7024e+01 -3.9439e+03 1.3864e+04 -3.5236e+01 1.7358e+04
5.7878e+04 3.6920e+01 -3.9613e+03 1.3920e+04 4.6768e+01 1.7157e+04
-5.3560e+06 3.6821e+01 -3.9782e+03 1.3976e+04 -1.2892e+02 1.6965e+04
-8.2196e+06 3.6735e+01 -3.9947e+03 1.4031e+04 -2.2225e+02 1.6772e+04
-4.9138e+06 3.6664e+01 -4.0108e+03 1.4085e+04 -1.2106e+02 1.6570e+04
-3.6350e+06 3.6600e+01 -4.0265e+03 1.4138e+04 -4.4933e+01 1.6370e+04
-6.1752e+06 3.6540e+01 -4.0419e+03 1.4191e+04 -9.5527e+01 1.6173e+04
-5.4352e+06 3.6488e+01 -4.0569e+03 1.4244e+04 -7.8125e+01 1.5973e+04
-5.3544e+06 3.6443e+01 -4.0715e+03 1.4295e+04 -3.9686e+01 1.5771e+04
-5.5107e+06 3.6406e+01 -4.0858e+03 1.4346e+04 -4.0987e+01 1.5573e+04
-6.3447e+06 3.6378e+01 -4.0998e+03 1.4396e+04 -4.8026e+01 1.5372e+04
-5.8580e+06 3.6358e+01 -4.1135e+03 1.4445e+04 -2.7945e+01 1.5181e+04
-5.6534e+06 3.6347e+01 -4.1268e+03 1.4494e+04 -1.1618e+01 1.4971e+04
-3.1167e+07 3.8016e+01 -5.3501e+03 -2.2467e+03 -1.5962e+05 4.8090e+04
-2.4181e+07 3.6935e+01 -5.1152e+03 -6.2237e+02 -3.0480e+05 1.0790e+05
-3.1868e+07 3.2971e+01 -4.7975e+03 1.8744e+03 -3.8103e+05 1.6848e+05
-3.7374e+07 3.4461e+01 -4.4460e+03 4.9862e+03 -3.9109e+05 2.0725e+05
-1.4321e+07 4.2323e+01 -4.1198e+03 8.1302e+03 -3.8039e+05 2.2459e+05
4.1468e+06 4.5593e+01 -3.7837e+03 1.1320e+04 -2.8932e+05 1.8104e+05
-1.6083e+07 4.0661e+01 -3.6070e+03 1.3114e+04 -1.1819e+05 7.9813e+04
9.6111e+06 3.4240e+01 -3.6325e+03 1.3175e+04 -1.3796e+04 2.3179e+04
2.8245e+07 3.0961e+01 -3.6573e+03 1.3236e+04 1.0712e+03 1.9481e+04
1.5865e+07 3.0955e+01 -3.6815e+03 1.3297e+04 3.7015e+02 1.9219e+04
1.1733e+07 3.2473e+01 -3.7051e+03 1.3357e+04 -3.6641e+02 1.9093e+04
7.6623e+06 3.3720e+01 -3.7280e+03 1.3417e+04 -7.7447e+02 1.8896e+04
7.6489e+06 3.4398e+01 -3.7504e+03 1.3477e+04 -4.6342e+02 1.8694e+04
7.1748e+06 3.4950e+01 -3.7721e+03 1.3536e+04 -2.9849e+02 1.8490e+04
7.5306e+06 3.5352e+01 -3.7934e+03 1.3595e+04 -1.0635e+02 1.8303e+04
7.0632e+06 3.5592e+01 -3.8141e+03 1.3654e+04 1.5561e+01 1.8113e+04
8.8899e+06 3.5758e+01 -3.8342e+03 1.3711e+04 1.6133e+02 1.7914e+04
7.6219e+06 3.5848e+01 -3.8539e+03 1.3769e+04 6.6731e+01 1.7710e+04
4.5526e+06 3.6037e+01 -3.8731e+03 1.3826e+04 -2.3646e+02 1.7513e+04
-9.2033e+05 3.6556e+01 -3.8918e+03 1.3882e+04 -6.8268e+02 1.7331e+04
-6.7396e+06 3.7092e+01 -3.9100e+03 1.3938e+04 -9.9337e+02 1.7160e+04
-7.3374e+06 3.7307e+01 -3.9278e+03 1.3993e+04 -9.2060e+02 1.6975e+04
-2.0598e+06 3.7281e+01 -3.9452e+03 1.4047e+04 -4.9325e+02 1.6770e+04
1.0142e+06 3.7156e+01 -3.9621e+03 1.4101e+04 -1.8535e+02 1.6560e+04
-3.7883e+06 3.7000e+01 -3.9787e+03 1.4155e+04 -1.8170e+02 1.6361e+04
-5.7223e+06 3.6856e+01 -3.9949e+03 1.4207e+04 -2.0049e+02 1.6164e+04
-3.3967e+06 3.6740e+01 -4.0107e+03 1.4259e+04 -9.4882e+01 1.5962e+04
-4.6365e+06 3.6642e+01 -4.0261e+03 1.4310e+04 -7.4152e+01 1.5763e+04
-5.2550e+06 3.6558e+01 -4.0411e+03 1.4361e+04 -8.4976e+01 1.5564e+04
-5.2637e+06 3.6491e+01 -4.0559e+03 1.4410e+04 -5.2224e+01 1.5363e+04
-4.5863e+06 3.6440e+01 -4.0702e+03 1.4460e+04 -9.6400e+00 1.5160e+04
-5.2614e+06 3.6401e+01 -4.0843e+03 1.4508e+04 -8.1256e+00 1.4970e+04
-5.7483e+06 3.6374e+01 -4.0980e+03 1.4555e+04 -2.6778e+01 1.4762e+04
-4.3953e+07 3.5770e+01 -5.3701e+03 -2.1987e+03 -4.5558e+04 1.1735e+04
-4.0217e+07 3.8382e+01 -5.3565e+03 -2.2310e+03 -1.7130e+05 7.5678e+04
-2.6998e+07 3.5454e+01 -5.0246e+03 1.5609e+02 -3.1914e+05 1.7137e+05
-2.5948e+07 3.2141e+01 -4.6391e+03 3.2788e+03 -3.8356e+05 2.1674e+05
-3.4437e+07 3.7532e+01 -4.2960e+03 6.4275e+03 -3.8848e+05 2.2243e+05
-1.2576e+07 4.5532e+01 -3.9569e+03 9.6155e+03 -3.5685e+05 2.0985e+05
-9.4078e+06 4.5941e+01 -3.6078e+03 1.2848e+04 -2.3633e+05 1.2098e+05
-2.5076e+07 4.0419e+01 -3.5918e+03 1.3262e+04 -9.3883e+04 3.8214e+04
3.2996e+06 3.5009e+01 -3.6172e+03 1.3321e+04 -2.2392e+04 2.4271e+04
2.2226e+07 3.1913e+01 -3.6419e+03 1.3381e+04 -5.1311e+02 1.9483e+04
3.3252e+07 3.0717e+01 -3.6660e+03 1.3441e+04 3.1579e+03 1.8997e+04
2.3402e+07 3.0601e+01 -3.6895e+03 1.3500e+04 2.4748e+03 1.8748e+04
2.2341e+07 3.0772e+01 -3.7124e+03 1.3558e+04 1.7065e+03 1.8485e+04
1.3631e+07 3.0995e+01 -3.7347e+03 1.3616e+04 7.7666e+02 1.8257e+04
1.3107e+07 3.1220e+01 -3.7564e+03 1.3674e+04 2.1743e+02 1.8061e+04
7.3780e+06 3.1426e+01 -3.7776e+03 1.3732e+04 -4.3920e+02 1.7858e+04
5.0435e+06 3.1680e+01 -3.7982e+03 1.3789e+04 -8.2709e+02 1.7688e+04
1.9933e+06 3.1891e+01 -3.8184e+03 1.3845e+04 -9.0370e+02 1.7524e+04
5.0399e+06 3.2279e+01 -3.8381e+03 1.3901e+04 -5.0069e+02 1.7339e+04
7.0947e+06 3.3313e+01 -3.8572e+03 1.3956e+04 -6.5412e+01 1.7137e+04
1.2133e+07 3.4612e+01 -3.8760e+03 1.4011e+04 2.3406e+02 1.6922e+04
8.4633e+06 3.5610e+01 -3.8942e+03 1.4065e+04 -3.1236e+01 1.6709e+04
1.9018e+05 3.6333e+01 -3.9121e+03 1.4118e+04 -5.9167e+02 1.6525e+04
-6.5557e+06 3.6821e+01 -3.9295e+03 1.4171e+04 -9.2187e+02 1.6352e+04
-1.8394e+06 3.7058e+01 -3.9465e+03 1.4224e+04 -6.8053e+02 1.6165e+04
-1.2602e+06 3.7109e+01 -3.9631e+03 1.4275e+04 -4.0473e+02 1.5960e+04
-4.7035e+06 3.7051e+01 -3.9793e+03 1.4326e+04 -3.0842e+02 1.5757e+04
-4.5128e+06 3.6915e+01 -3.9951e+03 1.4376e+04 -2.1669e+02 1.5554e+04
-4.2221e+06 3.6760e+01 -4.0106e+03 1.4426e+04 -1.1641e+02 1.5352e+04
-5.1062e+06 3.6637e+01 -4.0257e+03 1.4475e+04 -1.1595e+02 1.5154e+04
-6.1348e+06 3.6541e+01 -4.0405e+03 1.4523e+04 -1.0534e+02 1.4952e+04
-5.8651e+06 3.6470e+01 -4.0549e+03 1.4570e+04 -7.0835e+01 1.4760e+04
-5.3765e+06 3.6423e+01 -4.0691e+03 1.4617e+04 -3.0022e+01 1.4550e+04
-7.0198e+06 3.2857e+01 -5.3892e+03 -2.1514e+03 -4.9407e+03 9.5750e+02
-4.2364e+07 3.7013e+01 -5.3759e+03 -2.1842e+03 -7.0321e+04 3.1236e+04
-2.9095e+07 3.8000e+01 -5.2754e+03 -1.5823e+03 -2.2952e+05 1.2926e+05
-2.8114e+07 3.3786e+01 -4.8560e+03 1.5508e+03 -3.5884e+05 2.0694e+05
-3.2804e+07 3.3630e+01 -4.4811e+03 4.7099e+03 -3.9408e+05 2.0846e+05
-1.6967e+07 4.1855e+01 -4.1368e+03 7.8979e+03 -4.0381e+05 1.7456e+05
-7.7459e+06 4.8459e+01 -3.8523e+03 1.0571e+04 -3.7280e+05 1.0655e+05
-9.0659e+05 4.7727e+01 -3.6397e+03 1.2609e+04 -2.7124e+05 5.1867e+04
-9.8480e+06 4.3031e+01 -3.5770e+03 1.3406e+04 -1.4679e+05 4.0196e+04
-1.1648e+07 3.8142e+01 -3.6023e+03 1.3465e+04 -5.0726e+04 2.9705e+04
-3.9375e+06 3.4963e+01 -3.6269e+03 1.3523e+04 -1.0308e+04 1.8050e+04
7.8173e+06 3.3504e+01 -3.6509e+03 1.3581e+04 -5.8988e+03 1.7776e+04
1.0245e+07 3.2618e+01 -3.6743e+03 1.3639e+04 -3.8959e+03 1.7879e+04
1.8683e+07 3.1739e+01 -3.6971e+03 1.3696e+04 -1.2235e+03 1.7902e+04
2.1044e+07 3.0996e+01 -3.7193e+03 1.3753e+04 6.9147e+02 1.7859e+04
2.6135e+07 3.0443e+01 -3.7410e+03 1.3809e+04 2.3469e+03 1.7822e+04
2.8856e+07 3.0080e+01 -3.7622e+03 1.3865e+04 3.3673e+03 1.7654e+04
2.9510e+07 2.9867e+01 -3.7828e+03 1.3921e+04 3.4103e+03 1.7364e+04
2.3775e+07 2.9833e+01 -3.8030e+03 1.3975e+04 2.4294e+03 1.7078e+04
1.7024e+07 3.0170e+01 -3.8226e+03 1.4030e+04 1.0530e+03 1.6831e+04
6.5900e+06 3.0812e+01 -3.8418e+03 1.4083e+04 -1.7619e+02 1.6670e+04
5.4724e+06 3.1642e+01 -3.8605e+03 1.4136e+04 -4.9778e+02 1.6542e+04
1.0726e+07 3.2667e+01 -3.8788e+03 1.4189e+04 -5.8568e+01 1.6352e+04
1.3769e+07 3.3761e+01 -3.8967e+03 1.4241e+04 1.8322e+02 1.6126e+04
3.7780e+06 3.4797e+01 -3.9141e+03 1.4292e+04 -2.6927e+02 1.5909e+04
-1.1606e+06 3.5843e+01 -3.9311e+03 1.4343e+04 -6.7405e+02 1.5731e+04
1.4272e+05 3.6800e+01 -3.9477e+03 1.4393e+04 -6.1122e+02 1.5551e+04
-2.2647e+06 3.7211e+01 -3.9640e+03 1.4442e+04 -4.2039e+02 1.5348e+04
-3.9438e+06 3.7100e+01 -3.9799e+03 1.4490e+04 -2.8515e+02 1.5141e+04
-4.0223e+06 3.6886e+01 -3.9954e+03 1.4538e+04 -1.4887e+02 1.4939e+04
-3.5902e+06 3.6716e+01 -4.0106e+03 1.4585e+04 -7.7473e+01 1.4735e+04
-4.5640e+06 3.6590e+01 -4.0254e+03 1.4632e+04 -5.6434e+01 1.4545e+04
-5.5941e+06 3.6501e+01 -4.0399e+03 1.4677e+04 -7.2180e+01 1.4337e+04
4.1829e+04 3.1238e+01 -5.4077e+03 -2.1065e+03 -4.4527e+03 1.0800e+03
-2.5477e+07 3.4626e+01 -5.3945e+03 -2.1381e+03 -2.1882e+04 5.5819e+03
-4.0401e+07 3.8817e+01 -5.3815e+03 -2.1701e+03 -1.3347e+05 6.6506e+04
-2.1971e+07 3.7654e+01 -5.0963e+03 -1.9716e+02 -3.0697e+05 1.5711e+05
-3.6211e+07 3.3449e+01 -4.6880e+03 2.9725e+03 -4.0481e+05 1.6423e+05
-3.9670e+07 3.5915e+01 -4.3879e+03 5.5840e+03 -4.3029e+05 1.0844e+05
-2.0403e+07 4.3362e+01 -4.1769e+03 7.5964e+03 -4.4015e+05 7.0908e+04
-1.4352e+07 4.8869e+01 -3.9650e+03 9.6284e+03 -4.1563e+05 5.6426e+04
-4.5211e+06 4.9884e+01 -3.7524e+03 1.1679e+04 -3.4301e+05 4.4476e+04
-1.4871e+07 4.7349e+01 -3.5626e+03 1.3548e+04 -2.4400e+05 7.2087e+02
-1.8694e+07 4.4390e+01 -3.5878e+03 1.3605e+04 -1.7321e+05 -3.0475e+04
-1.0082e+07 4.2521e+01 -3.6123e+03 1.3662e+04 -1.3995e+05 -1.7710e+04
-1.5594e+07 4.1007e+01 -3.6362e+03 1.3719e+04 -1.0919e+05 -4.4809e+03
-1.2255e+07 3.9353e+01 -3.6595e+03 1.3775e+04 -7.8858e+04 4.0000e+03
-1.4617e+07 3.7842e+01 -3.6823e+03 1.3831e+04 -5.5340e+04 9.9143e+03
-1.1094e+07 3.6561e+01 -3.7044e+03 1.3886e+04 -3.6512e+04 1.6977e+04
-1.5571e+07 3.5394e+01 -3.7261e+03 1.3941e+04 -2.0079e+04 1.8217e+04
-9.3269e+06 3.4284e+01 -3.7472e+03 1.3995e+04 -1.0528e+04 1.6194e+04
-2.7350e+05 3.3132e+01 -3.7678e+03 1.4049e+04 -6.4823e+03 1.6444e+04
1.4896e+07 3.1838e+01 -3.7879e+03 1.4103e+04 -1.9868e+03 1.6740e+04
2.8142e+07 3.0647e+01 -3.8075e+03 1.4155e+04 1.7796e+03 1.6691e+04
2.9950e+07 2.9987e+01 -3.8267e+03 1.4207e+04 2.9000e+03 1.6361e+04
1.7349e+07 2.9934e+01 -3.8454e+03 1.4259e+04 1.6840e+03 1.6070e+04
8.3002e+06 3.0290e+01 -3.8637e+03 1.4310e+04 3.5064e+02 1.5897e+04
1.2042e+07 3.0973e+01 -3.8816e+03 1.4360e+04 1.5228e+02 1.5747e+04
1.1848e+07 3.2336e+01 -3.8990e+03 1.4410e+04 1.7944e+02 1.5518e+04
2.3351e+06 3.4433e+01 -3.9161e+03 1.4458e+04 -3.6885e+02 1.5305e+04
3.8775e+05 3.6264e+01 -3.9328e+03 1.4507e+04 -7.3525e+02 1.5126e+04
-1.6206e+06 3.7116e+01 -3.9491e+03 1.4554e+04 -6.3542e+02 1.4934e+04
-3.1412e+06 3.7211e+01 -3.9650e+03 1.4601e+04 -4.1649e+02 1.4731e+04
-5.4516e+06 3.6997e+01 -3.9806e+03 1.4647e+04 -2.7484e+02 1.4525e+04
-5.0644e+06 3.6781e+01 -3.9958e+03 1.4693e+04 -1.6083e+02 1.4333e+04
-4.8985e+06 3.6628e+01 -4.0107e+03 1.4737e+04 -8.9142e+01 1.4122e+04
8.9057e+06 3.0570e+01 -5.4332e+03 -2.1152e+03 -6.7315e+03 1.6564e+03
-3.5046e+06 3.2204e+01 -5.4130e+03 -2.0980e+03 -7.1817e+03 1.0937e+03
-3.3516e+07 3.7286e+01 -5.3996e+03 -2.1252e+03 -5.5952e+04 1.8066e+04
-2.7282e+07 4.0026e+01 -5.3597e+03 -1.9644e+03 -2.0591e+05 7.3092e+04
-9.9507e+06 3.7059e+01 -4.9957e+03 6.0305e+02 -3.6404e+05 9.0188e+04
-3.0776e+07 3.4063e+01 -4.7396e+03 2.5881e+03 -4.3273e+05 6.0884e+04
-3.5683e+07 3.5642e+01 -4.5050e+03 4.5945e+03 -4.4882e+05 5.3617e+04
-3.3809e+07 4.1073e+01 -4.2898e+03 6.6211e+03 -4.5136e+05 5.4680e+04
-9.7544e+06 4.6574e+01 -4.0778e+03 8.6664e+03 -4.4092e+05 1.7304e+04
3.9248e+06 4.8824e+01 -3.9441e+03 1.0029e+04 -4.1356e+05 -5.7259e+04
8.0128e+06 4.8927e+01 -3.8897e+03 1.0713e+04 -3.8040e+05 -8.8369e+04
3.6886e+05 4.8824e+01 -3.8371e+03 1.1402e+04 -3.5075e+05 -7.4621e+04
-2.9705e+06 4.8567e+01 -3.7862e+03 1.2095e+04 -3.2108e+05 -6.2731e+04
-9.2649e+06 4.7942e+01 -3.7391e+03 1.2771e+04 -2.9100e+05 -6.0797e+04
-1.2966e+07 4.7200e+01 -3.7211e+03 1.3191e+04 -2.6724e+05 -5.9595e+04
-1.4365e+07 4.6506e+01 -3.7041e+03 1.3612e+04 -2.4934e+05 -5.2222e+04
-1.4691e+07 4.5631e+01 -3.6899e+03 1.4016e+04 -2.2465e+05 -4.4780e+04
-1.3180e+07 4.4272e+01 -3.7115e+03 1.4070e+04 -1.8716e+05 -2.7973e+04
-1.1831e+07 4.2316e+01 -3.7326e+03 1.4123e+04 -1.3894e+05 -3.4847e+03
-1.4323e+07 3.9720e+01 -3.7531e+03 1.4175e+04 -8.4797e+04 1.8416e+04
-1.7251e+07 3.6878e+01 -3.7732e+03 1.4227e+04 -3.5588e+04 2.2292e+04
-8.6727e+06 3.4436e+01 -3.7928e+03 1.4278e+04 -9.8943e+03 1.5661e+04
1.3439e+07 3.2529e+01 -3.8120e+03 1.4328e+04 -3.7126e+03 1.5774e+04
2.5704e+07 3.0978e+01 -3.8307e+03 1.4378e+04 2.2570e+01 1.5801e+04
1.9528e+07 2.9932e+01 -3.8490e+03 1.4427e+04 1.2992e+03 1.5489e+04
1.3198e+07 2.9836e+01 -3.8669e+03 1.4476e+04 6.8286e+02 1.5291e+04
1.6104e+07 3.0977e+01 -3.8843e+03 1.4524e+04 4.7129e+02 1.5124e+04
8.4945e+06 3.3056e+01 -3.9014e+03 1.4571e+04 5.6473e+01 1.4909e+04
3.0195e+06 3.5206e+01 -3.9181e+03 1.4618e+04 -4.6911e+02 1.4702e+04
-5.2405e+05 3.6612e+01 -3.9344e+03 1.4663e+04 -6.2014e+02 1.4512e+04
-7.0917e+05 3.7098e+01 -3.9504e+03 1.4708e+04 -4.0091e+02 1.4310e+04
-3.2002e+06 3.7038e+01 -3.9660e+03 1.4753e+04 -2.3452e+02 1.4115e+04
-4.6428e+06 3.6827e+01 -3.9813e+03 1.4796e+04 -1.6705e+02 1.3907e+04
7.9948e+06 3.1699e+01 -5.4582e+03 -2.1252e+03 -8.1835e+03 1.5297e+03
7.6438e+06 3.1110e+01 -5.4381e+03 -2.1085e+03 -7.4081e+03 4.8958e+02
-1.4129e+07 3.4387e+01 -5.4212e+03 -2.1110e+03 -1.5720e+04 1.4795e+03
-4.0319e+07 3.7937e+01 -5.4046e+03 -2.1138e+03 -7.7831e+04 1.5104e+04
-3.6987e+07 3.9094e+01 -5.3919e+03 -2.1427e+03 -2.0657e+05 3.4269e+04
-2.3780e+07 3.7730e+01 -5.1413e+03 -4.3383e+02 -3.3405e+05 3.7923e+04
-2.9589e+07 3.5323e+01 -4.8740e+03 1.5661e+03 -4.1595e+05 4.2215e+04
-3.2819e+07 3.4808e+01 -4.6280e+03 3.5869e+03 -4.5231e+05 3.4616e+04
-5.1653e+07 3.7161e+01 -4.4114e+03 5.5500e+03 -4.5217e+05 -3.0353e+04
-5.4858e+07 3.9802e+01 -4.3490e+03 6.2185e+03 -4.4741e+05 -9.1709e+04
-4.1371e+07 4.1576e+01 -4.2886e+03 6.8925e+03 -4.4940e+05 -1.0294e+05
-2.9977e+07 4.3154e+01 -4.2302e+03 7.5714e+03 -4.4851e+05 -1.0162e+05
-1.5463e+07 4.4629e+01 -4.1735e+03 8.2549e+03 -4.4558e+05 -1.0655e+05
-5.8490e+06 4.5788e+01 -4.1301e+03 8.8265e+03 -4.4099e+05 -1.1989e+05
2.9953e+06 4.6693e+01 -4.1050e+03 9.2357e+03 -4.3788e+05 -1.2744e+05
9.9747e+06 4.7692e+01 -4.0809e+03 9.6470e+03 -4.3745e+05 -1.2599e+05
1.1279e+07 4.8884e+01 -4.0578e+03 1.0060e+04 -4.3302e+05 -1.0455e+05
5.7305e+06 4.9899e+01 -3.9935e+03 1.0928e+04 -4.0781e+05 -6.6331e+04
-7.9785e+06 5.0110e+01 -3.9058e+03 1.2058e+04 -3.6135e+05 -3.6151e+04
-8.9049e+06 4.9100e+01 -3.8198e+03 1.3192e+04 -3.0725e+05 -1.3360e+04
-1.1862e+07 4.6966e+01 -3.7388e+03 1.4297e+04 -2.3805e+05 -1.4525e+04
-1.5460e+07 4.4188e+01 -3.7589e+03 1.4347e+04 -1.6890e+05 -1.5162e+04
-1.6531e+07 4.0988e+01 -3.7785e+03 1.4397e+04 -1.1083e+05 1.4004e+04
-2.0930e+07 3.7279e+01 -3.7976e+03 1.4446e+04 -4.9349e+04 2.4597e+04
5.8954e+06 3.3648e+01 -3.8163e+03 1.4494e+04 -9.2435e+03 1.6305e+04
2.1225e+07 3.1075e+01 -3.8346e+03 1.4541e+04 -1.7443e+02 1.5202e+04
1.6728e+07 2.9907e+01 -3.8525e+03 1.4588e+04 9.0926e+02 1.4897e+04
1.5475e+07 3.0141e+01 -3.8700e+03 1.4635e+04 7.0492e+02 1.4724e+04
1.1696e+07 3.1679e+01 -3.8870e+03 1.4680e+04 2.1022e+02 1.4514e+04
4.7456e+06 3.3959e+01 -3.9038e+03 1.4725e+04 -2.7906e+02 1.4300e+04
-1.4098e+06 3.6010e+01 -3.9201e+03 1.4769e+04 -6.6253e+02 1.4098e+04
-3.2750e+06 3.7042e+01 -3.9361e+03 1.4812e+04 -5.4455e+02 1.3906e+04
-3.2711e+06 3.7104e+01 -3.9517e+03 1.4855e+04 -2.7055e+02 1.3690e+04
1.3179e+07 3.4349e+01 -5.4827e+03 -2.1365e+03 -8.3058e+03 7.1862e+02
8.0936e+06 3.1476e+01 -5.4649e+03 -2.1350e+03 -8.2968e+03 -4.0406e+02
7.2057e+06 3.1383e+01 -5.4484e+03 -2.1400e+03 -8.7339e+03 -8.1555e+02
-1.6096e+07 3.3299e+01 -5.4319e+03 -2.1433e+03 -1.4189e+04 -4.3513e+02
-4.1568e+07 3.6217e+01 -5.4154e+03 -2.1452e+03 -5.4598e+04 9.8251e+03
-4.6028e+07 3.8738e+01 -5.3990e+03 -2.1455e+03 -1.4832e+05 1.8369e+04
-2.8757e+07 3.9000e+01 -5.2919e+03 -1.4874e+03 -2.7332e+05 2.4405e+04
-1.6098e+07 3.7355e+01 -5.0136e+03 5.2725e+02 -3.7632e+05 -7.0286e+03
-1.1490e+07 3.5881e+01 -4.8591e+03 1.7219e+03 -4.2342e+05 -7.6315e+04
-1.0323e+07 3.5313e+01 -4.7786e+03 2.3750e+03 -4.3674e+05 -1.0726e+05
-2.1282e+07 3.5165e+01 -4.7022e+03 3.0349e+03 -4.4244e+05 -1.0755e+05
-3.1151e+07 3.5294e+01 -4.6298e+03 3.7012e+03 -4.4772e+05 -1.0787e+05
-4.1232e+07 3.5857e+01 -4.5614e+03 4.3735e+03 -4.4928e+05 -1.1804e+05
-5.1942e+07 3.6683e+01 -4.5187e+03 4.8370e+03 -4.5004e+05 -1.3195e+05
-5.5694e+07 3.7624e+01 -4.4846e+03 5.2357e+03 -4.5336e+05 -1.3614e+05
-6.5544e+07 3.8817e+01 -4.4524e+03 5.6374e+03 -4.5694e+05 -1.2933e+05
-5.8206e+07 4.0606e+01 -4.4195e+03 6.0687e+03 -4.6714e+05 -9.4513e+04
-4.0512e+07 4.3185e+01 -4.3269e+03 7.1904e+03 -4.7406e+05 -6.0377e+04
-2.1607e+07 4.6061e+01 -4.2362e+03 8.3172e+03 -4.7029e+05 -5.3184e+04
-2.2844e+06 4.8656e+01 -4.1473e+03 9.4486e+03 -4.6510e+05 -5.1102e+04
6.5524e+06 5.0362e+01 -4.0603e+03 1.0584e+04 -4.4002e+05 -5.5365e+04
-6.4497e+06 5.0761e+01 -3.9751e+03 1.1723e+04 -3.9276e+05 -4.7052e+04
1.5475e+06 4.9734e+01 -3.8917e+03 1.2864e+04 -3.3733e+05 1.8410e+03
-4.0593e+06 4.6728e+01 -3.7737e+03 1.4410e+04 -2.4108e+05 2.8128e+04
-2.3075e+07 4.1822e+01 -3.7836e+03 1.4560e+04 -1.2207e+05 2.5578e+04
-5.7247e+06 3.6657e+01 -3.8023e+03 1.4606e+04 -3.9533e+04 2.3975e+04
1.1206e+07 3.2745e+01 -3.8205e+03 1.4652e+04 -4.4232e+03 1.5073e+04
2.2222e+07 3.0483e+01 -3.8384e+03 1.4697e+04 8.1133e+02 1.4515e+04
1.4447e+07 2.9844e+01 -3.8559e+03 1.4742e+04 7.3095e+02 1.4306e+04
1.4932e+07 3.0836e+01 -3.8730e+03 1.4786e+04 5.9889e+02 1.4093e+04
6.9626e+06 3.3362e+01 -3.8897e+03 1.4829e+04 -1.4349e+02 1.3873e+04
3.0034e+06 3.6031e+01 -3.9061e+03 1.4871e+04 -5.1414e+02 1.3689e+04
-3.9595e+06 3.7197e+01 -3.9221e+03 1.4913e+04 -6.4895e+02 1.3471e+04
2.8626e+06 3.7010e+01 -5.5083e+03 -2.1577e+03 -8.7280e+03 -3.9921e+02
9.0806e+06 3.3458e+01 -5.4917e+03 -2.1649e+03 -8.6202e+03 -1.0600e+03
7.3218e+06 3.0534e+01 -5.4751e+03 -2.1704e+03 -8.5034e+03 -1.0360e+03
6.2516e+05 3.0217e+01 -5.4587e+03 -2.1743e+03 -8.8174e+03 -9.0703e+02
-3.7775e+06 3.1982e+01 -5.4424e+03 -2.1767e+03 -1.1257e+04 -5.2020e+02
-3.2538e+07 3.4853e+01 -5.4261e+03 -2.1775e+03 -3.1658e+04 3.5688e+03
-4.3648e+07 3.7657e+01 -5.4098e+03 -2.1766e+03 -9.1719e+04 7.5913e+03
-3.7999e+07 3.9104e+01 -5.3936e+03 -2.1743e+03 -1.6852e+05 -1.6871e+04
-3.7887e+07 3.9044e+01 -5.3711e+03 -2.1236e+03 -2.2948e+05 -4.5371e+04
-3.6614e+07 3.8592e+01 -5.2721e+03 -1.4856e+03 -2.7247e+05 -5.5730e+04
-3.3563e+07 3.8103e+01 -5.1775e+03 -8.4054e+02 -3.0549e+05 -6.9192e+04
-2.3698e+07 3.7385e+01 -5.0872e+03 -1.8834e+02 -3.3710e+05 -8.4021e+04
-1.7253e+07 3.6806e+01 -5.0046e+03 4.4293e+02 -3.6217e+05 -1.0585e+05
-1.2175e+07 3.6501e+01 -4.9544e+03 8.2518e+02 -3.8186e+05 -1.2529e+05
-6.0183e+06 3.6424e+01 -4.9063e+03 1.2113e+03 -4.0287e+05 -1.3465e+05
-6.1782e+06 3.6335e+01 -4.8601e+03 1.6012e+03 -4.2704e+05 -1.2158e+05
-1.0380e+07 3.6046e+01 -4.7832e+03 2.3081e+03 -4.5207e+05 -8.2620e+04
-2.8124e+07 3.6049e+01 -4.6719e+03 3.4227e+03 -4.6825e+05 -5.9834e+04
-4.3664e+07 3.7040e+01 -4.5679e+03 4.5443e+03 -4.7561e+05 -5.8903e+04
-5.7007e+07 3.9220e+01 -4.4711e+03 5.6721e+03 -4.8102e+05 -5.8017e+04
-4.8164e+07 4.2081e+01 -4.3807e+03 6.8055e+03 -4.8130e+05 -5.6392e+04
-3.3065e+07 4.5272e+01 -4.2926e+03 7.9427e+03 -4.7761e+05 -4.1796e+04
-1.4954e+07 4.8901e+01 -4.2017e+03 9.1388e+03 -4.7496e+05 6.2516e+03
-3.8358e+06 5.1382e+01 -4.0379e+03 1.1198e+04 -4.3452e+05 3.9909e+04
-4.3498e+06 5.0216e+01 -3.8737e+03 1.3266e+04 -3.3312e+05 4.3494e+04
-1.5041e+07 4.5622e+01 -3.7698e+03 1.4670e+04 -2.0191e+05 3.8635e+04
-2.2126e+07 3.9820e+01 -3.7885e+03 1.4715e+04 -8.5060e+04 2.5865e+04
2.2490e+06 3.4724e+01 -3.8068e+03 1.4760e+04 -2.0896e+04 1.8565e+04
1.3129e+07 3.1331e+01 -3.8246e+03 1.4803e+04 -1.9104e+03 1.4304e+04
1.8143e+07 2.9825e+01 -3.8421e+03 1.4846e+04 7.0326e+02 1.3901e+04
9.3841e+06 3.0689e+01 -3.8592e+03 1.4888e+04 4.2290e+02 1.3679e+04
5.8207e+06 3.3660e+01 -3.8760e+03 1.4930e+04 -1.8638e+02 1.3499e+04
4.9552e+05 3.6411e+01 -3.8923e+03 1.4970e+04 -5.3140e+02 1.3270e+04
2.5077e+06 3.8440e+01 -5.5351e+03 -2.1884e+03 -5.9600e+03 -8.6333e+02
3.6564e+06 3.6624e+01 -5.5184e+03 -2.1961e+03 -7.4303e+03 -1.3326e+03
9.8720e+06 3.3318e+01 -5.5019e+03 -2.2021e+03 -8.0101e+03 -1.3060e+03
1.0429e+07 3.0734e+01 -5.4854e+03 -2.2066e+03 -8.4787e+03 -1.0273e+03
1.3427e+06 3.0032e+01 -5.4690e+03 -2.2095e+03 -8.8481e+03 -9.1587e+02
8.7766e+05 3.1007e+01 -5.4527e+03 -2.2107e+03 -9.8559e+03 -7.4694e+02
-1.0215e+07 3.2760e+01 -5.4365e+03 -2.2104e+03 -1.3340e+04 -6.0933e+02
-3.5108e+07 3.4481e+01 -5.4203e+03 -2.2086e+03 -2.0231e+04 -6.1378e+02
-4.6616e+07 3.5827e+01 -5.4043e+03 -2.2055e+03 -3.7772e+04 1.9437e+03
-4.3325e+07 3.7027e+01 -5.3883e+03 -2.2009e+03 -6.6736e+04 -2.2577e+03
-4.5010e+07 3.8045e+01 -5.3733e+03 -2.2026e+03 -9.8676e+04 -1.5957e+04
-4.3088e+07 3.8524e+01 -5.3586e+03 -2.2036e+03 -1.2964e+05 -3.0445e+04
-4.5530e+07 3.8687e+01 -5.3466e+03 -2.2257e+03 -1.5564e+05 -4.6130e+04
-4.4734e+07 3.8829e+01 -5.3347e+03 -2.2470e+03 -1.7567e+05 -5.8348e+04
-4.9417e+07 3.9104e+01 -5.3227e+03 -2.2673e+03 -1.9593e+05 -6.6092e+04
-4.7140e+07 3.9419e+01 -5.3108e+03 -2.2865e+03 -2.3463e+05 -5.3892e+04
-3.8535e+07 3.9263e+01 -5.2038e+03 -1.4712e+03 -2.9298e+05 -3.6385e+04
-2.9733e+07 3.8416e+01 -5.0711e+03 -3.6427e+02 -3.5171e+05 -4.6354e+04
-1.8397e+07 3.7364e+01 -4.9461e+03 7.5029e+02 -4.0649e+05 -6.3537e+04
-1.1341e+07 3.6562e+01 -4.8286e+03 1.8718e+03 -4.5036e+05 -6.4530e+04
-2.1481e+07 3.6220e+01 -4.7183e+03 2.9997e+03 -4.7121e+05 -5.4397e+04
-4.0703e+07 3.6842e+01 -4.6152e+03 4.1332e+03 -4.7949e+05 -2.0157e+04
-4.4493e+07 3.9813e+01 -4.4658e+03 5.9027e+03 -4.8607e+05 3.0831e+04
-3.6812e+07 4.5350e+01 -4.3018e+03 7.9663e+03 -4.8578e+05 5.4955e+04
-1.9953e+07 5.0378e+01 -4.1377e+03 1.0036e+04 -4.6611e+05 5.4500e+04
-1.0134e+06 5.1608e+01 -3.9735e+03 1.2110e+04 -4.0282e+05 5.2058e+04
-4.9797e+06 4.8293e+01 -3.8093e+03 1.4188e+04 -2.8096e+05 5.2510e+04
-1.7661e+07 4.2052e+01 -3.7751e+03 1.4821e+04 -1.3411e+05 4.1723e+04
-1.4152e+06 3.5927e+01 -3.7933e+03 1.4864e+04 -3.3625e+04 2.2362e+04
1.3802e+07 3.2136e+01 -3.8112e+03 1.4906e+04 -1.7582e+03 1.3972e+04
2.1493e+07 3.0961e+01 -3.8286e+03 1.4947e+04 9.1274e+02 1.3457e+04
1.3380e+07 3.2383e+01 -3.8457e+03 1.4987e+04 3.4353e+02 1.3254e+04
4.4464e+06 3.5386e+01 -3.8625e+03 1.5027e+04 -7.0770e+02 1.3049e+04
-2.7757e+06 3.8110e+01 -5.5526e+03 -2.1658e+03 -1.7779e+03 -7.1603e+02
1.3192e+06 3.8347e+01 -5.5410e+03 -2.2028e+03 -3.3163e+03 -1.0201e+03
2.1469e+06 3.7200e+01 -5.5286e+03 -2.2352e+03 -5.0992e+03 -9.3219e+02
7.1834e+06 3.4629e+01 -5.5121e+03 -2.2402e+03 -6.3148e+03 -9.2304e+02
1.3481e+07 3.2025e+01 -5.4956e+03 -2.2436e+03 -7.2262e+03 -1.1294e+03
8.0823e+06 3.0619e+01 -5.4793e+03 -2.2452e+03 -8.2516e+03 -9.6004e+02
4.0767e+06 3.0251e+01 -5.4630e+03 -2.2454e+03 -8.2652e+03 -8.1432e+02
1.1517e+07 3.0377e+01 -5.4468e+03 -2.2442e+03 -7.4515e+03 -6.3415e+02
8.3014e+06 3.0864e+01 -5.4308e+03 -2.2415e+03 -7.9241e+03 -5.8221e+02
-1.4351e+06 3.1658e+01 -5.4153e+03 -2.2410e+03 -9.9914e+03 -9.7110e+02
-1.0618e+07 3.2551e+01 -5.4004e+03 -2.2437e+03 -1.2671e+04 -1.3883e+03
-1.7100e+07 3.3231e+01 -5.3857e+03 -2.2452e+03 -1.4741e+04 -1.7108e+03
-2.5459e+07 3.3720e+01 -5.3710e+03 -2.2455e+03 -1.6151e+04 -1.7919e+03
-2.9516e+07 3.4274e+01 -5.3563e+03 -2.2445e+03 -1.6681e+04 -1.4510e+03
-3.8356e+07 3.5059e+01 -5.3418e+03 -2.2425e+03 -1.8098e+04 -1.0019e+03
-4.3994e+07 3.6261e+01 -5.3286e+03 -2.2495e+03 -3.5599e+04 4.2358e+03
-4.4594e+07 3.7734e+01 -5.3168e+03 -2.2681e+03 -7.7639e+04 2.7467e+03
-4.2656e+07 3.8935e+01 -5.3051e+03 -2.2858e+03 -1.3066e+05 -1.5582e+04
-4.5156e+07 3.9622e+01 -5.2933e+03 -2.3025e+03 -1.9227e+05 -3.0914e+04
-3.8601e+07 3.9806e+01 -5.2408e+03 -1.9458e+03 -2.6481e+05 -2.9611e+04
-3.6233e+07 3.9417e+01 -5.1098e+03 -8.2355e+02 -3.3881e+05 -2.9204e+04
-2.6321e+07 3.7905e+01 -4.9579e+03 5.8944e+02 -4.1653e+05 2.4849e+02
-2.5581e+07 3.6069e+01 -4.7561e+03 2.6481e+03 -4.7181e+05 4.2518e+04
-4.1513e+07 3.6973e+01 -4.5710e+03 4.7140e+03 -4.8702e+05 5.1697e+04
-3.6543e+07 4.1679e+01 -4.4017e+03 6.7858e+03 -4.8942e+05 5.4043e+04
-3.4489e+07 4.7661e+01 -4.2374e+03 8.8626e+03 -4.8369e+05 6.8286e+04
-1.5462e+06 5.1034e+01 -4.0730e+03 1.0944e+04 -4.3759e+05 9.9039e+04
2.5716e+04 4.8914e+01 -3.8467e+03 1.3728e+04 -3.0656e+05 1.0180e+05
-1.7275e+07 4.2925e+01 -3.7619e+03 1.4923e+04 -1.3354e+05 5.6775e+04
-3.2111e+05 3.7475e+01 -3.7801e+03 1.4964e+04 -2.7434e+04 2.0302e+04
1.1980e+07 3.4266e+01 -3.7980e+03 1.5004e+04 -1.3298e+03 1.3432e+04
1.5548e+07 3.3231e+01 -3.8154e+03 1.5044e+04 3.6497e+02 1.3033e+04
1.3622e+07 3.4336e+01 -3.8326e+03 1.5083e+04 1.8923e+02 1.2824e+04
-7.5218e+04 3.7306e+01 -5.5664e+03 -2.1261e+03 5.0087e+01 -7.7903e+02
-5.6016e+05 3.7861e+01 -5.5552e+03 -2.1633e+03 -2.3127e+02 -6.8727e+02
1.1970e+06 3.8357e+01 -5.5437e+03 -2.1993e+03 -1.1362e+03 -4.8660e+02
3.1476e+06 3.7934e+01 -5.5322e+03 -2.2340e+03 -2.6157e+03 -6.1622e+02
3.1530e+06 3.6148e+01 -5.5205e+03 -2.2676e+03 -4.0270e+03 -7.8081e+02
1.2525e+07 3.4031e+01 -5.5058e+03 -2.2810e+03 -5.1760e+03 -7.0872e+02
1.2879e+07 3.2619e+01 -5.4895e+03 -2.2817e+03 -6.8860e+03 -8.9168e+02
4.1190e+06 3.1700e+01 -5.4732e+03 -2.2809e+03 -8.8735e+03 -9.3151e+02
1.2690e+06 3.0999e+01 -5.4571e+03 -2.2787e+03 -9.5292e+03 -1.0877e+03
7.3307e+06 3.0496e+01 -5.4421e+03 -2.2829e+03 -8.9053e+03 -1.3813e+03
8.8191e+06 3.0202e+01 -5.4273e+03 -2.2861e+03 -8.2702e+03 -1.3350e+03
1.1863e+07 3.0084e+01 -5.4125e+03 -2.2880e+03 -7.6532e+03 -1.1743e+03
1.1657e+07 3.0051e+01 -5.3978e+03 -2.2888e+03 -7.1563e+03 -1.0094e+03
1.3339e+07 3.0174e+01 -5.3832e+03 -2.2883e+03 -6.6806e+03 -8.2865e+02
1.0993e+07 3.0504e+01 -5.3687e+03 -2.2867e+03 -6.4785e+03 -4.8714e+02
9.0403e+06 3.1161e+01 -5.3537e+03 -2.2797e+03 -7.0060e+03 7.9155e+01
-7.6517e+06 3.2237e+01 -5.3383e+03 -2.2677e+03 -9.2980e+03 5.9396e+02
-2.0953e+07 3.3605e+01 -5.3231e+03 -2.2545e+03 -1.2063e+04 4.4173e+02
-4.1933e+07 3.5266e+01 -5.3111e+03 -2.2669e+03 -2.3328e+04 2.5422e+03
-4.4793e+07 3.7278e+01 -5.2995e+03 -2.2830e+03 -5.6257e+04 5.5590e+03
-5.0757e+07 3.9458e+01 -5.2880e+03 -2.2982e+03 -1.1658e+05 -3.1236e+03
-4.0502e+07 4.0613e+01 -5.2765e+03 -2.3126e+03 -2.2383e+05 1.3737e+04
-2.7035e+07 3.9492e+01 -5.0883e+03 -6.2578e+02 -3.5238e+05 3.5247e+04
-2.9981e+07 3.7028e+01 -4.8767e+03 1.4421e+03 -4.4512e+05 4.0309e+04
-3.4306e+07 3.5800e+01 -4.6818e+03 3.5166e+03 -4.8265e+05 6.1606e+04
-3.5270e+07 3.8606e+01 -4.5029e+03 5.5964e+03 -4.8172e+05 9.8578e+04
-3.5751e+07 4.5458e+01 -4.2830e+03 8.3234e+03 -4.7230e+05 1.4257e+05
-1.4985e+07 5.0589e+01 -4.0477e+03 1.1214e+04 -4.2637e+05 1.5418e+05
-4.3860e+06 4.9414e+01 -3.8093e+03 1.4111e+04 -2.8969e+05 1.1360e+05
-1.7780e+07 4.3857e+01 -3.7490e+03 1.5022e+04 -1.1639e+05 5.1190e+04
1.3401e+07 3.7670e+01 -3.7673e+03 1.5061e+04 -1.9678e+04 1.7837e+04
2.0881e+07 3.3581e+01 -3.7851e+03 1.5100e+04 -2.6736e+02 1.2853e+04
1.9761e+07 3.2323e+01 -3.8025e+03 1.5138e+04 -1.0482e+02 1.2528e+04
-4.4456e+06 3.6961e+01 -5.5795e+03 -2.0873e+03 -1.2254e+02 -8.2973e+02
-1.1040e+06 3.7143e+01 -5.5687e+03 -2.1247e+03 7.4919e+01 -7.5194e+02
-1.1230e+06 3.7531e+01 -5.5576e+03 -2.1609e+03 3.3735e+00 -6.4527e+02
-2.7021e+05 3.8016e+01 -5.5464e+03 -2.1958e+03 -2.3812e+02 -5.4259e+02
3.7106e+06 3.7877e+01 -5.5351e+03 -2.2296e+03 -7.0233e+02 -3.5515e+02
2.7851e+06 3.7276e+01 -5.5236e+03 -2.2621e+03 -1.7150e+03 -3.6775e+02
4.0472e+06 3.6844e+01 -5.5121e+03 -2.2935e+03 -3.0963e+03 -6.7134e+02
1.2528e+07 3.6266e+01 -5.4997e+03 -2.3189e+03 -4.5507e+03 -6.5216e+02
1.4802e+07 3.5349e+01 -5.4840e+03 -2.3210e+03 -5.8722e+03 -8.7392e+02
1.2183e+07 3.4391e+01 -5.4691e+03 -2.3259e+03 -7.0969e+03 -1.4849e+03
1.0720e+07 3.3613e+01 -5.4542e+03 -2.3296e+03 -8.3747e+03 -1.5610e+03
9.8073e+06 3.3043e+01 -5.4393e+03 -2.3321e+03 -9.2146e+03 -1.3507e+03
8.2474e+06 3.2574e+01 -5.4246e+03 -2.3332e+03 -9.5762e+03 -1.2219e+03
8.4427e+06 3.2167e+01 -5.4099e+03 -2.3332e+03 -9.7548e+03 -1.0141e+03
7.2543e+06 3.1641e+01 -5.3953e+03 -2.3317e+03 -9.9454e+03 -5.0990e+02
8.0975e+06 3.0863e+01 -5.3798e+03 -2.3212e+03 -9.6445e+03 -4.7248e+01
1.1174e+07 3.0219e+01 -5.3644e+03 -2.3095e+03 -8.7527e+03 1.3290e+02
1.4774e+07 3.0144e+01 -5.3492e+03 -2.2967e+03 -7.1187e+03 2.0818e+02
1.1444e+07 3.0740e+01 -5.3340e+03 -2.2828e+03 -6.1766e+03 7.6737e+02
1.9626e+06 3.2038e+01 -5.3186e+03 -2.2638e+03 -6.2995e+03 1.3703e+03
-2.5358e+07 3.4256e+01 -5.3055e+03 -2.2637e+03 -1.0977e+04 1.6537e+03
-4.6727e+07 3.7188e+01 -5.2942e+03 -2.2784e+03 -5.0309e+04 1.1846e+04
-4.7022e+07 3.9704e+01 -5.2828e+03 -2.2922e+03 -1.4292e+05 1.6900e+04
-3.2959e+07 4.0405e+01 -5.2233e+03 -1.8479e+03 -2.7610e+05 2.6764e+04
-2.4198e+07 3.8228e+01 -5.0023e+03 2.2903e+02 -4.0410e+05 7.7274e+04
-4.3932e+07 3.5400e+01 -4.7439e+03 2.9033e+03 -4.6495e+05 1.3325e+05
-3.0508e+07 3.7884e+01 -4.4897e+03 5.7939e+03 -4.7212e+05 1.5785e+05
-2.5404e+07 4.5842e+01 -4.2528e+03 8.6877e+03 -4.6852e+05 1.6386e+05
-3.7793e+06 5.1423e+01 -4.0134e+03 1.1588e+04 -4.2028e+05 1.5459e+05
-7.2303e+06 4.9273e+01 -3.7714e+03 1.4494e+04 -2.7379e+05 1.0810e+05
-1.7868e+07 4.1635e+01 -3.7365e+03 1.5118e+04 -9.8955e+04 4.5477e+04
1.5786e+07 3.4569e+01 -3.7546e+03 1.5155e+04 -1.1544e+04 1.5613e+04
2.9641e+07 3.1313e+01 -3.7725e+03 1.5192e+04 2.5701e+03 1.2665e+04
-2.9621e+06 3.6756e+01 -5.5919e+03 -2.0494e+03 -1.6421e+02 -8.8466e+02
-3.9869e+06 3.6894e+01 -5.5815e+03 -2.0870e+03 -1.5669e+02 -8.0589e+02
-1.9110e+06 3.7006e+01 -5.5708e+03 -2.1233e+03 -3.1270e+01 -7.0531e+02
-1.3454e+06 3.7199e+01 -5.5600e+03 -2.1584e+03 -6.1008e+01 -5.9487e+02
-2.3149e+06 3.7438e+01 -5.5490e+03 -2.1924e+03 -1.4369e+02 -4.8402e+02
1.7818e+06 3.7719e+01 -5.5379e+03 -2.2251e+03 -8.4400e+01 -4.4123e+02
2.6948e+06 3.8086e+01 -5.5267e+03 -2.2567e+03 -4.1965e+02 -3.2854e+02
-3.3503e+06 3.8310e+01 -5.5153e+03 -2.2871e+03 -1.5289e+03 -1.2061e+02
-3.0230e+06 3.8263e+01 -5.5039e+03 -2.3165e+03 -2.7652e+03 -3.1434e+02
9.6010e+05 3.8124e+01 -5.4923e+03 -2.3447e+03 -3.7388e+03 -8.1277e+02
4.3456e+06 3.8009e+01 -5.4807e+03 -2.3718e+03 -4.9401e+03 -7.9651e+02
6.4647e+06 3.7838e+01 -5.4662e+03 -2.3772e+03 -6.1883e+03 -7.1317e+02
9.5601e+06 3.7542e+01 -5.4514e+03 -2.3788e+03 -7.1573e+03 -1.0530e+03
1.1278e+07 3.7178e+01 -5.4366e+03 -2.3792e+03 -8.0864e+03 -1.0502e+03
1.4643e+07 3.6504e+01 -5.4214e+03 -2.3738e+03 -8.7449e+03 -5.0444e+02
1.5505e+07 3.5169e+01 -5.4058e+03 -2.3636e+03 -9.0378e+03 -7.6542e+01
1.4187e+07 3.3534e+01 -5.3903e+03 -2.3523e+03 -9.2677e+03 8.5083e+01
1.0053e+07 3.2166e+01 -5.3750e+03 -2.3398e+03 -9.6099e+03 3.6619e+02
9.3353e+06 3.1082e+01 -5.3597e+03 -2.3251e+03 -9.6325e+03 8.6648e+02
7.3662e+06 3.0353e+01 -5.3438e+03 -2.3027e+03 -8.6946e+03 1.1526e+03
1.1197e+07 3.0656e+01 -5.3280e+03 -2.2791e+03 -6.8234e+03 1.3837e+03
-8.3763e+05 3.2383e+01 -5.3123e+03 -2.2546e+03 -7.4656e+03 1.7013e+03
-2.8476e+07 3.5185e+01 -5.3001e+03 -2.2587e+03 -2.1652e+04 4.5942e+03
-6.0431e+07 3.8648e+01 -5.2889e+03 -2.2719e+03 -8.2413e+04 1.3081e+04
-4.4507e+07 4.0594e+01 -5.2778e+03 -2.2843e+03 -2.3067e+05 6.0173e+04
-1.5475e+07 3.8273e+01 -4.9983e+03 3.4969e+02 -3.9585e+05 1.2960e+05
-4.6404e+07 3.5308e+01 -4.7175e+03 3.2495e+03 -4.6853e+05 1.5875e+05
-3.8103e+07 3.8697e+01 -4.4622e+03 6.1509e+03 -4.7487e+05 1.6113e+05
-3.1912e+07 4.6903e+01 -4.2215e+03 9.0549e+03 -4.7063e+05 1.6477e+05
1.1690e+07 5.0751e+01 -3.9784e+03 1.1964e+04 -4.0796e+05 1.6851e+05
9.3887e+06 4.6331e+01 -3.7329e+03 1.4877e+04 -2.3113e+05 1.1238e+05
-1.9684e+06 3.9106e+01 -3.7242e+03 1.5210e+04 -6.0395e+04 3.3349e+04
1.2982e+07 3.5188e+01 -3.7423e+03 1.5245e+04 -7.7875e+03 1.1107e+04
-4.8744e+06 3.6548e+01 -5.6036e+03 -2.0124e+03 -1.7906e+02 -9.2195e+02
-3.9490e+06 3.6684e+01 -5.5936e+03 -2.0501e+03 -1.9067e+02 -8.4249e+02
-4.9725e+06 3.6787e+01 -5.5833e+03 -2.0866e+03 -1.9826e+02 -7.3981e+02
-4.0148e+06 3.6879e+01 -5.5729e+03 -2.1218e+03 -1.5008e+02 -6.5279e+02
-2.0047e+06 3.6996e+01 -5.5622e+03 -2.1559e+03 -1.2856e+02 -5.5735e+02
-3.0715e+06 3.7134e+01 -5.5515e+03 -2.1889e+03 -1.1317e+02 -4.7064e+02
-2.5259e+06 3.7303e+01 -5.5406e+03 -2.2206e+03 3.6201e+00 -3.7489e+02
3.9859e+06 3.7525e+01 -5.5296e+03 -2.2513e+03 1.9400e+02 -2.7310e+02
4.2099e+06 3.7775e+01 -5.5184e+03 -2.2808e+03 1.5927e+02 -1.9300e+02
2.5085e+06 3.8048e+01 -5.5072e+03 -2.3092e+03 -8.7571e+01 -1.0582e+02
1.3906e+05 3.8326e+01 -5.4959e+03 -2.3365e+03 -7.7523e+02 8.8575e+01
8.2640e+05 3.8550e+01 -5.4844e+03 -2.3628e+03 -1.9057e+03 7.3415e+01
-1.1527e+06 3.8702e+01 -5.4730e+03 -2.3879e+03 -3.2163e+03 -2.9626e+02
7.6069e+05 3.8856e+01 -5.4614e+03 -2.4121e+03 -4.8363e+03 -3.0018e+02
-7.9693e+05 3.8995e+01 -5.4475e+03 -2.4169e+03 -6.8521e+03 -5.3696e+01
2.5622e+06 3.8889e+01 -5.4318e+03 -2.4071e+03 -8.5661e+03 -2.2873e+02
5.1062e+06 3.8291e+01 -5.4162e+03 -2.3961e+03 -9.6391e+03 -1.9879e+02
1.3718e+07 3.7225e+01 -5.4008e+03 -2.3840e+03 -9.7568e+03 3.8730e+02
1.5656e+07 3.5602e+01 -5.3848e+03 -2.3646e+03 -9.3228e+03 9.5396e+02
2.0830e+07 3.3286e+01 -5.3688e+03 -2.3424e+03 -8.9918e+03 1.2823e+03
1.1113e+07 3.1105e+01 -5.3529e+03 -2.3191e+03 -9.1541e+03 1.4239e+03
8.3702e+06 3.0307e+01 -5.3372e+03 -2.2948e+03 -8.6316e+03 1.3349e+03
9.7495e+05 3.1322e+01 -5.3216e+03 -2.2696e+03 -7.4783e+03 1.6150e+03
-8.2986e+06 3.4156e+01 -5.3063e+03 -2.2433e+03 -1.0874e+04 2.4300e+03
-5.5735e+07 3.8140e+01 -5.2948e+03 -2.2519e+03 -7.3803e+04 2.0382e+04
-3.7611e+07 4.0200e+01 -5.2791e+03 -2.2188e+03 -2.4060e+05 8.1525e+04
-1.8080e+07 3.7843e+01 -4.9716e+03 6.8978e+02 -4.0737e+05 1.4202e+05
-2.8564e+07 3.5222e+01 -4.6902e+03 3.6004e+03 -4.6642e+05 1.6744e+05
-2.9178e+07 3.9190e+01 -4.4338e+03 6.5116e+03 -4.5824e+05 1.9348e+05
-1.6801e+07 4.7054e+01 -4.1887e+03 9.4291e+03 -4.2723e+05 2.4123e+05
-1.0995e+06 4.9553e+01 -3.8613e+03 1.3210e+04 -3.1723e+05 1.7409e+05
-2.4936e+07 4.6271e+01 -3.6936e+03 1.5263e+04 -1.8242e+05 5.5051e+03
-1.2807e+07 4.3809e+01 -3.7121e+03 1.5298e+04 -1.5260e+05 -7.5280e+04
-1.6881e+06 3.6403e+01 -5.6147e+03 -1.9763e+03 2.1445e+01 -9.6784e+02
-4.1142e+06 3.6505e+01 -5.6050e+03 -2.0141e+03 -1.0486e+02 -8.8760e+02
-4.3410e+06 3.6595e+01 -5.5952e+03 -2.0507e+03 -1.4350e+02 -7.8057e+02
-4.5118e+06 3.6662e+01 -5.5851e+03 -2.0861e+03 -1.5915e+02 -6.8991e+02
-5.7939e+06 3.6730e+01 -5.5748e+03 -2.1203e+03 -1.8650e+02 -5.9728e+02
-3.1017e+06 3.6806e+01 -5.5644e+03 -2.1534e+03 -1.1858e+02 -5.0698e+02
-2.5018e+06 3.6880e+01 -5.5539e+03 -2.1853e+03 -1.1278e+02 -4.1783e+02
-6.0686e+06 3.6959e+01 -5.5432e+03 -2.2161e+03 -2.1367e+02 -3.2312e+02
-5.9515e+06 3.7038e+01 -5.5323e+03 -2.2458e+03 -2.1273e+02 -2.2827e+02
-2.7058e+06 3.7117e+01 -5.5214e+03 -2.2744e+03 -6.7024e+01 -1.3677e+02
-8.3326e+05 3.7213e+01 -5.5104e+03 -2.3019e+03 3.3770e+01 -4.3637e+01
4.6343e+05 3.7343e+01 -5.4993e+03 -2.3284e+03 6.5328e+01 4.6514e+01
1.5106e+06 3.7518e+01 -5.4881e+03 -2.3538e+03 1.1091e+01 1.3627e+02
2.2785e+06 3.7756e+01 -5.4768e+03 -2.3781e+03 -4.1098e+02 3.2126e+02
3.5684e+06 3.8119e+01 -5.4655e+03 -2.4014e+03 -1.5108e+03 3.7041e+02
4.3195e+06 3.8618e+01 -5.4541e+03 -2.4238e+03 -3.2005e+03 8.7863e+01
2.6096e+06 3.9044e+01 -5.4421e+03 -2.4409e+03 -5.5932e+03 2.5121e+02
1.3503e+06 3.9275e+01 -5.4262e+03 -2.4258e+03 -8.0873e+03 5.6356e+02
1.3783e+06 3.9136e+01 -5.4099e+03 -2.4050e+03 -9.9783e+03 7.7270e+02
5.7473e+06 3.7898e+01 -5.3937e+03 -2.3830e+03 -1.0465e+04 1.1108e+03
1.4682e+07 3.5221e+01 -5.3777e+03 -2.3600e+03 -9.7267e+03 1.2503e+03
2.1283e+07 3.2108e+01 -5.3619e+03 -2.3360e+03 -8.8675e+03 1.4214e+03
1.0202e+07 3.0400e+01 -5.3463e+03 -2.3109e+03 -9.2560e+03 1.8082e+03
-2.9111e+06 3.1135e+01 -5.3305e+03 -2.2824e+03 -8.9331e+03 2.3512e+03
-1.7300e+07 3.4074e+01 -5.3139e+03 -2.2437e+03 -1.4275e+04 3.4789e+03
-5.1835e+07 3.8290e+01 -5.3005e+03 -2.2320e+03 -8.7820e+04 2.9065e+04
-4.1904e+07 4.0196e+01 -5.2515e+03 -1.8840e+03 -2.5763e+05 1.0922e+05
-2.3993e+07 3.6327e+01 -4.9440e+03 1.0355e+03 -3.9349e+05 2.0142e+05
-4.3805e+07 3.4283e+01 -4.6243e+03 4.3921e+03 -4.1688e+05 2.6378e+05
-2.2881e+07 4.1792e+01 -4.2740e+03 8.3411e+03 -4.0139e+05 2.6888e+05
-2.1486e+07 4.9714e+01 -3.9253e+03 1.2301e+04 -3.6805e+05 1.0020e+05
-7.3567e+06 5.0312e+01 -3.8744e+03 1.3051e+04 -3.3698e+05 -1.2747e+05
1.4553e+07 4.8347e+01 -3.9561e+03 1.2334e+04 -3.5319e+05 -2.1683e+05
-1.8947e+06 3.6073e+01 -5.6251e+03 -1.9411e+03 1.6277e+01 -1.0047e+03
-2.8075e+06 3.6384e+01 -5.6158e+03 -1.9789e+03 -2.7947e+01 -9.2939e+02
-4.8283e+06 3.6464e+01 -5.6064e+03 -2.0156e+03 -1.0198e+02 -8.2393e+02
-5.3490e+06 3.6524e+01 -5.5967e+03 -2.0511e+03 -9.4952e+01 -7.3179e+02
-4.1184e+06 3.6571e+01 -5.5868e+03 -2.0854e+03 -8.4159e+01 -6.3977e+02
-5.8496e+06 3.6620e+01 -5.5767e+03 -2.1187e+03 -1.5294e+02 -5.4480e+02
-5.6890e+06 3.6678e+01 -5.5665e+03 -2.1507e+03 -1.6301e+02 -4.5306e+02
-1.9503e+06 3.6738e+01 -5.5562e+03 -2.1817e+03 -7.4227e+01 -3.6786e+02
-1.3119e+06 3.6791e+01 -5.5457e+03 -2.2115e+03 -5.8654e+01 -2.7900e+02
-3.1323e+06 3.6841e+01 -5.5350e+03 -2.2403e+03 -1.3406e+02 -1.8644e+02
-3.7915e+06 3.6893e+01 -5.5243e+03 -2.2680e+03 -1.8453e+02 -9.4346e+01
-3.9267e+06 3.6956e+01 -5.5135e+03 -2.2946e+03 -1.9462e+02 -2.5845e+00
-3.9531e+06 3.7041e+01 -5.5025e+03 -2.3202e+03 -1.9110e+02 9.1752e+01
-3.5873e+06 3.7155e+01 -5.4915e+03 -2.3448e+03 -2.0329e+02 1.8705e+02
-3.3889e+06 3.7297e+01 -5.4805e+03 -2.3683e+03 -2.3256e+02 2.7847e+02
-2.9071e+06 3.7495e+01 -5.4693e+03 -2.3908e+03 -4.0330e+02 3.9318e+02
6.3271e+04 3.7800e+01 -5.4581e+03 -2.4124e+03 -1.1760e+03 6.2899e+02
3.5471e+06 3.8268e+01 -5.4469e+03 -2.4330e+03 -2.8740e+03 6.2318e+02
6.4612e+06 3.8892e+01 -5.4348e+03 -2.4463e+03 -5.4183e+03 7.7305e+02
6.5183e+06 3.9357e+01 -5.4186e+03 -2.4246e+03 -8.1732e+03 9.4684e+02
5.0385e+06 3.8779e+01 -5.4025e+03 -2.4018e+03 -9.9603e+03 1.0090e+03
7.0105e+06 3.6344e+01 -5.3865e+03 -2.3780e+03 -1.0151e+04 1.4565e+03
1.8263e+07 3.2845e+01 -5.3708e+03 -2.3530e+03 -8.9940e+03 2.1661e+03
1.6286e+07 3.0630e+01 -5.3538e+03 -2.3154e+03 -8.9829e+03 2.9080e+03
-1.8477e+06 3.1271e+01 -5.3371e+03 -2.2769e+03 -9.3855e+03 2.6849e+03
-2.3997e+07 3.4848e+01 -5.3207e+03 -2.2374e+03 -2.3462e+04 4.1172e+03
-5.4197e+07 3.9191e+01 -5.3094e+03 -2.2444e+03 -1.2505e+05 6.8775e+04
-3.6717e+07 3.7707e+01 -5.1201e+03 -5.4459e+02 -2.9791e+05 2.1675e+05
-3.4054e+07 3.3105e+01 -4.7209e+03 3.4112e+03 -3.9304e+05 2.9422e+05
-3.0822e+07 3.6275e+01 -4.3569e+03 7.3556e+03 -4.0271e+05 1.6458e+05
-1.7748e+07 4.2735e+01 -4.1977e+03 9.2046e+03 -4.0995e+05 -8.8797e+04
-2.8318e+07 4.3770e+01 -4.2727e+03 8.4850e+03 -4.2341e+05 -2.4896e+05
-4.0589e+07 4.1635e+01 -4.3440e+03 7.7648e+03 -4.3364e+05 -2.7838e+05
-5.0609e+04 3.4997e+01 -5.6349e+03 -1.9067e+03 7.8153e+01 -1.0500e+03
-2.2667e+06 3.6038e+01 -5.6260e+03 -1.9446e+03 -3.2583e+00 -9.6916e+02
-3.6486e+06 3.6388e+01 -5.6170e+03 -1.9814e+03 -7.9043e+01 -8.6582e+02
-4.4804e+06 3.6443e+01 -5.6076e+03 -2.0170e+03 -9.7487e+01 -7.7545e+02
-5.8255e+06 3.6467e+01 -5.5981e+03 -2.0514e+03 -9.6225e+01 -6.8115e+02
-4.1530e+06 3.6492e+01 -5.5884e+03 -2.0847e+03 -5.6635e+01 -5.8967e+02
-4.4001e+06 3.6530e+01 -5.5786e+03 -2.1169e+03 -1.0604e+02 -4.9839e+02
-7.2203e+06 3.6563e+01 -5.5685e+03 -2.1480e+03 -2.1175e+02 -4.0168e+02
-7.6509e+06 3.6588e+01 -5.5584e+03 -2.1780e+03 -2.6224e+02 -3.0739e+02
-5.3303e+06 3.6614e+01 -5.5481e+03 -2.2069e+03 -2.0932e+02 -2.1722e+02
-4.5685e+06 3.6648e+01 -5.5376e+03 -2.2348e+03 -1.9402e+02 -1.2840e+02
-3.5862e+06 3.6691e+01 -5.5271e+03 -2.2615e+03 -1.6618e+02 -3.7364e+01
-3.5297e+06 3.6742e+01 -5.5164e+03 -2.2873e+03 -1.8137e+02 5.1138e+01
-2.5480e+06 3.6815e+01 -5.5057e+03 -2.3120e+03 -1.3967e+02 1.4085e+02
-2.2652e+06 3.6917e+01 -5.4949e+03 -2.3357e+03 -1.1478e+02 2.2733e+02
-5.9560e+05 3.7058e+01 -5.4840e+03 -2.3585e+03 -5.1854e+01 3.1839e+02
-2.3320e+06 3.7245e+01 -5.4731e+03 -2.3802e+03 -1.5676e+02 4.1502e+02
-2.2224e+06 3.7489e+01 -5.4621e+03 -2.4010e+03 -4.1609e+02 5.5216e+02
-3.3725e+06 3.7821e+01 -5.4510e+03 -2.4208e+03 -1.5083e+03 7.9281e+02
1.0833e+06 3.8376e+01 -5.4399e+03 -2.4397e+03 -3.4656e+03 8.4543e+02
4.3292e+06 3.9026e+01 -5.4272e+03 -2.4444e+03 -6.1714e+03 9.2900e+02
1.0942e+07 3.9011e+01 -5.4111e+03 -2.4208e+03 -8.5791e+03 1.6165e+03
7.1682e+06 3.6755e+01 -5.3941e+03 -2.3866e+03 -9.7905e+03 2.5069e+03
1.2068e+07 3.2630e+01 -5.3771e+03 -2.3492e+03 -9.2208e+03 2.9036e+03
7.6687e+06 3.0527e+01 -5.3602e+03 -2.3108e+03 -9.4789e+03 1.7322e+03
-9.1354e+06 3.2523e+01 -5.3458e+03 -2.2912e+03 -1.1784e+04 -8.2951e+02
-3.8174e+07 3.7126e+01 -5.3355e+03 -2.3075e+03 -6.9077e+04 2.6912e+04
-3.3173e+07 3.8572e+01 -5.2460e+03 -1.5859e+03 -2.4818e+05 1.6378e+05
-2.0008e+07 3.5039e+01 -4.8286e+03 2.3818e+03 -4.0664e+05 2.0020e+05
-4.8361e+07 3.3426e+01 -4.5415e+03 5.3318e+03 -4.2703e+05 -2.7369e+04
-4.0188e+07 3.4717e+01 -4.6123e+03 4.6103e+03 -4.1864e+05 -2.3122e+05
-2.7292e+07 3.5343e+01 -4.6808e+03 3.8897e+03 -4.2560e+05 -2.7991e+05
-1.8276e+07 3.5296e+01 -4.7469e+03 3.1703e+03 -4.2417e+05 -2.8054e+05
-6.0013e+05 3.3854e+01 -5.6441e+03 -1.8733e+03 1.4435e+01 -1.0905e+03
-1.0389e+06 3.5565e+01 -5.6356e+03 -1.9112e+03 2.7101e+01 -1.0115e+03
-3.2460e+06 3.6336e+01 -5.6269e+03 -1.9480e+03 -7.5661e+01 -9.0646e+02
-4.0345e+06 3.6376e+01 -5.6180e+03 -1.9837e+03 -1.0417e+02 -8.1517e+02
-3.3495e+06 3.6376e+01 -5.6089e+03 -2.0182e+03 -5.3605e+01 -7.2369e+02
-4.2735e+06 3.6379e+01 -5.5996e+03 -2.0516e+03 -4.8544e+01 -6.3135e+02
-4.9148e+06 3.6418e+01 -5.5900e+03 -2.0839e+03 -8.8777e+01 -5.3961e+02
-2.2649e+06 3.6458e+01 -5.5803e+03 -2.1151e+03 -2.9232e+01 -4.4864e+02
-2.2502e+06 3.6464e+01 -5.5705e+03 -2.1452e+03 -2.0361e+01 -3.5702e+02
-2.7791e+06 3.6460e+01 -5.5605e+03 -2.1742e+03 -3.0438e+01 -2.6250e+02
-3.9832e+06 3.6472e+01 -5.5504e+03 -2.2022e+03 -9.7767e+01 -1.7035e+02
-3.9209e+06 3.6509e+01 -5.5401e+03 -2.2291e+03 -1.3280e+02 -7.7407e+01
-5.7813e+06 3.6548e+01 -5.5298e+03 -2.2550e+03 -2.2452e+02 1.4048e+01
-5.0237e+06 3.6585e+01 -5.5193e+03 -2.2799e+03 -2.0393e+02 1.0947e+02
-6.6842e+06 3.6627e+01 -5.5088e+03 -2.3038e+03 -2.7659e+02 2.0100e+02
-4.9720e+06 3.6708e+01 -5.4981e+03 -2.3267e+03 -2.4571e+02 2.9288e+02
-5.0372e+06 3.6849e+01 -5.4874e+03 -2.3486e+03 -2.7816e+02 3.7623e+02
-4.0393e+05 3.7064e+01 -5.4767e+03 -2.3696e+03 -1.3384e+02 4.6288e+02
-7.9516e+05 3.7320e+01 -5.4658e+03 -2.3896e+03 -1.7319e+02 5.5225e+02
3.0698e+06 3.7602e+01 -5.4550e+03 -2.4087e+03 -3.2511e+02 7.2811e+02
-1.6462e+06 3.8033e+01 -5.4441e+03 -2.4269e+03 -1.7833e+03 8.9276e+02
2.8207e+06 3.8944e+01 -5.4331e+03 -2.4441e+03 -4.5150e+03 1.4606e+03
4.6965e+06 3.8830e+01 -5.4174e+03 -2.4210e+03 -8.0008e+03 2.2364e+03
1.7805e+07 3.5717e+01 -5.4002e+03 -2.3837e+03 -8.9643e+03 2.2801e+03
7.6792e+06 3.2453e+01 -5.3832e+03 -2.3454e+03 -9.1806e+03 9.6769e+01
1.1904e+07 3.2743e+01 -5.3720e+03 -2.3548e+03 -8.4668e+03 -2.6759e+03
-3.0127e+07 3.6547e+01 -5.3617e+03 -2.3713e+03 -3.4768e+04 2.9003e+03
-3.0482e+07 3.9942e+01 -5.3517e+03 -2.3894e+03 -1.7754e+05 7.3901e+04
1.4717e+06 3.9367e+01 -5.0666e+03 1.3943e+02 -3.4191e+05 4.5690e+04
-1.7824e+07 3.7211e+01 -5.0010e+03 7.3255e+02 -3.6889e+05 -1.3394e+05
-1.6559e+07 3.6388e+01 -5.0686e+03 1.2608e+01 -3.2932e+05 -2.1453e+05
-2.9822e+07 3.6720e+01 -5.1337e+03 -7.0574e+02 -2.9615e+05 -2.0018e+05
-3.3919e+07 3.7380e+01 -5.1964e+03 -1.4222e+03 -2.6302e+05 -1.8351e+05
7.4690e+05 3.3582e+01 -5.6527e+03 -1.8407e+03 5.8036e+01 -1.1355e+03
-3.0676e+05 3.5426e+01 -5.6447e+03 -1.8787e+03 5.0716e+01 -1.0542e+03
-1.2513e+06 3.6300e+01 -5.6364e+03 -1.9155e+03 6.4185e+00 -9.4889e+02
-2.0016e+06 3.6312e+01 -5.6278e+03 -1.9512e+03 -3.9399e+01 -8.5718e+02
-2.7313e+06 3.6299e+01 -5.6191e+03 -1.9857e+03 -1.5231e+01 -7.6407e+02
-1.3335e+06 3.6294e+01 -5.6101e+03 -2.0192e+03 4.7857e+01 -6.7352e+02
-1.7899e+06 3.6320e+01 -5.6009e+03 -2.0516e+03 -1.6232e+01 -5.8143e+02
-3.9612e+06 3.6379e+01 -5.5916e+03 -2.0829e+03 -1.1029e+02 -4.8648e+02
-3.9073e+06 3.6283e+01 -5.5820e+03 -2.1131e+03 -9.9182e+01 -3.9436e+02
-1.7684e+06 3.6129e+01 -5.5724e+03 -2.1422e+03 7.1980e+00 -3.0393e+02
-1.1660e+06 3.6245e+01 -5.5626e+03 -2.1703e+03 4.7810e+01 -2.1319e+02
-1.1793e+06 3.6391e+01 -5.5526e+03 -2.1974e+03 3.3294e+01 -1.2150e+02
-2.3183e+06 3.6426e+01 -5.5425e+03 -2.2234e+03 -5.0041e+01 -3.0658e+01
-2.7699e+06 3.6477e+01 -5.5324e+03 -2.2485e+03 -7.3557e+01 6.2280e+01
-3.4584e+06 3.6507e+01 -5.5221e+03 -2.2725e+03 -9.3769e+01 1.5262e+02
-2.8230e+06 3.6525e+01 -5.5117e+03 -2.2956e+03 -4.3165e+01 2.4501e+02
-4.5630e+06 3.6576e+01 -5.5013e+03 -2.3176e+03 -1.2418e+02 3.3838e+02
-5.0032e+06 3.6706e+01 -5.4907e+03 -2.3388e+03 -2.1160e+02 4.3305e+02
-6.4392e+06 3.6922e+01 -5.4802e+03 -2.3589e+03 -3.7162e+02 5.2177e+02
-3.1027e+06 3.7201e+01 -5.4695e+03 -2.3782e+03 -2.4520e+02 6.1637e+02
-9.3138e+04 3.7468e+01 -5.4588e+03 -2.3966e+03 -1.1392e+02 6.9480e+02
4.6041e+06 3.8035e+01 -5.4481e+03 -2.4140e+03 -9.1122e+02 1.0011e+03
4.0323e+05 3.8720e+01 -5.4373e+03 -2.4306e+03 -3.9198e+03 1.5648e+03
6.6648e+06 3.7971e+01 -5.4232e+03 -2.4189e+03 -6.3262e+03 1.4092e+03
1.4461e+07 3.6070e+01 -5.4086e+03 -2.4020e+03 -6.7636e+03 -6.6335e+02
1.7941e+07 3.5351e+01 -5.3983e+03 -2.4191e+03 -5.0406e+03 -2.4354e+03
1.1438e+06 3.6966e+01 -5.3880e+03 -2.4359e+03 -1.0825e+04 -1.9416e+03
-1.8564e+07 3.9482e+01 -5.3780e+03 -2.4556e+03 -6.8397e+04 1.2334e+04
-2.8754e+07 4.0139e+01 -5.3689e+03 -2.4818e+03 -1.4395e+05 -1.3664e+04
-4.6166e+07 3.8945e+01 -5.3596e+03 -2.5073e+03 -1.5750e+05 -6.9459e+04
-4.9513e+07 3.7831e+01 -5.3504e+03 -2.5320e+03 -1.2839e+05 -7.7216e+04
-5.0799e+07 3.7099e+01 -5.3397e+03 -2.5429e+03 -9.3945e+04 -6.0753e+04
-5.0446e+07 3.6306e+01 -5.3288e+03 -2.5515e+03 -5.9365e+04 -4.4321e+04
3.4715e+05 3.2428e+01 -5.6608e+03 -1.8090e+03 1.5016e+01 -1.1775e+03
4.5740e+05 3.4155e+01 -5.6531e+03 -1.8470e+03 4.5174e+01 -1.0985e+03
-2.4612e+05 3.5754e+01 -5.6452e+03 -1.8838e+03 3.5267e+01 -9.9305e+02
-5.6594e+05 3.6143e+01 -5.6371e+03 -1.9195e+03 2.9446e+01 -9.0147e+02
2.7313e+05 3.6202e+01 -5.6287e+03 -1.9541e+03 5.8239e+01 -8.0895e+02
-5.0987e+05 3.6219e+01 -5.6201e+03 -1.9876e+03 5.3473e+01 -7.1624e+02
-6.2820e+05 3.6240e+01 -5.6112e+03 -2.0200e+03 4.5729e+01 -6.2480e+02
1.1217e+06 3.6118e+01 -5.6022e+03 -2.0514e+03 9.9014e+01 -5.3482e+02
1.7534e+06 3.5399e+01 -5.5930e+03 -2.0817e+03 1.3239e+02 -4.4277e+02
1.0138e+06 3.4775e+01 -5.5837e+03 -2.1109e+03 1.0996e+02 -3.4829e+02
6.4657e+05 3.5369e+01 -5.5742e+03 -2.1392e+03 9.0510e+01 -2.5442e+02
-5.3866e+04 3.6189e+01 -5.5645e+03 -2.1663e+03 7.2465e+01 -1.6238e+02
-1.0921e+06 3.5808e+01 -5.5548e+03 -2.1925e+03 2.3904e+01 -7.0964e+01
-2.4805e+06 3.5473e+01 -5.5449e+03 -2.2176e+03 -6.2558e+01 1.9740e+01
-3.8494e+06 3.6039e+01 -5.5349e+03 -2.2418e+03 -1.5487e+02 1.1135e+02
-4.8184e+06 3.6438e+01 -5.5248e+03 -2.2650e+03 -1.7493e+02 2.0347e+02
-4.1540e+06 3.6487e+01 -5.5146e+03 -2.2872e+03 -1.3643e+02 2.9358e+02
-3.4285e+06 3.6559e+01 -5.5043e+03 -2.3085e+03 -8.7265e+01 3.8285e+02
-2.4909e+06 3.6669e+01 -5.4939e+03 -2.3289e+03 -1.0582e+02 4.7493e+02
-3.0469e+06 3.6859e+01 -5.4835e+03 -2.3483e+03 -2.0418e+02 5.6841e+02
-3.5616e+06 3.7106e+01 -5.4730e+03 -2.3668e+03 -2.1664e+02 6.5769e+02
-3.1620e+06 3.7422e+01 -5.4625e+03 -2.3844e+03 -1.4790e+02 7.4734e+02
2.0922e+06 3.7934e+01 -5.4519e+03 -2.4012e+03 -7.9418e+02 1.0082e+03
5.5429e+06 3.8342e+01 -5.4413e+03 -2.4171e+03 -2.1838e+03 9.8988e+02
8.4643e+06 3.8230e+01 -5.4307e+03 -2.4321e+03 -2.5061e+03 2.5026e+02
1.5788e+07 3.7754e+01 -5.4200e+03 -2.4463e+03 -1.4065e+03 -2.4372e+02
1.6697e+07 3.7395e+01 -5.4093e+03 -2.4597e+03 -1.3223e+03 -1.9848e+02
5.1704e+06 3.7267e+01 -5.3986e+03 -2.4723e+03 -4.2583e+03 -4.1160e+01
-1.5052e+07 3.6342e+01 -5.3879e+03 -2.4842e+03 -7.8268e+03 -2.7107e+02
-2.0912e+07 3.4355e+01 -5.3772e+03 -2.4952e+03 -8.1943e+03 -5.2287e+02
-1.7908e+07 3.2682e+01 -5.3665e+03 -2.5055e+03 -5.8787e+03 -1.4310e+01
-1.1483e+07 3.1727e+01 -5.3558e+03 -2.5151e+03 -2.8977e+03 6.3693e+02
-2.6826e+06 3.0961e+01 -5.3451e+03 -2.5239e+03 6.0781e+01 1.0976e+03
9.2215e+05 2.9472e+01 -5.6683e+03 -1.7782e+03 2.2498e+01 -1.2216e+03
5.4795e+05 3.0987e+01 -5.6610e+03 -1.8161e+03 1.3088e+01 -1.1417e+03
7.0285e+05 3.3880e+01 -5.6535e+03 -1.8529e+03 3.6265e+01 -1.0331e+03
7.4405e+05 3.5040e+01 -5.6457e+03 -1.8886e+03 3.7272e+01 -9.4269e+02
2.4404e+05 3.5160e+01 -5.6377e+03 -1.9233e+03 3.1932e+01 -8.4910e+02
1.1704e+06 3.5207e+01 -5.6295e+03 -1.9568e+03 5.6072e+01 -7.5755e+02
1.2308e+06 3.5243e+01 -5.6210e+03 -1.9893e+03 5.0665e+01 -6.6547e+02
-6.4788e+04 3.4942e+01 -5.6123e+03 -2.0207e+03 8.8047e+00 -5.7124e+02
-1.3104e+05 3.3428e+01 -5.6035e+03 -2.0511e+03 6.7053e-01 -4.7815e+02
9.0917e+05 3.1773e+01 -5.5945e+03 -2.0804e+03 2.3915e+01 -3.8629e+02
1.3302e+06 3.2211e+01 -5.5853e+03 -2.1087e+03 5.6417e+01 -2.9491e+02
1.6557e+06 3.3517e+01 -5.5759e+03 -2.1359e+03 1.0537e+02 -2.0348e+02
1.5460e+06 3.2754e+01 -5.5665e+03 -2.1622e+03 1.3975e+02 -1.1165e+02
1.0618e+06 3.2079e+01 -5.5569e+03 -2.1875e+03 1.2989e+02 -2.0321e+01
2.7094e+05 3.3854e+01 -5.5471e+03 -2.2117e+03 9.4418e+01 7.1124e+01
-5.5976e+05 3.5809e+01 -5.5373e+03 -2.2351e+03 3.2081e+01 1.6247e+02
-2.6701e+06 3.6411e+01 -5.5273e+03 -2.2574e+03 -8.2044e+01 2.5310e+02
-4.4808e+06 3.6472e+01 -5.5173e+03 -2.2788e+03 -1.8380e+02 3.4560e+02
-5.8840e+06 3.6547e+01 -5.5072e+03 -2.2993e+03 -2.1814e+02 4.3796e+02
-5.2007e+06 3.6644e+01 -5.4970e+03 -2.3189e+03 -2.0057e+02 5.2867e+02
-3.4398e+06 3.6811e+01 -5.4868e+03 -2.3376e+03 -1.6148e+02 6.1743e+02
-1.4289e+06 3.7055e+01 -5.4765e+03 -2.3554e+03 -1.4017e+02 6.9911e+02
-3.5065e+06 3.7369e+01 -5.4661e+03 -2.3723e+03 -2.4562e+02 7.9363e+02
-2.9651e+06 3.7793e+01 -5.4557e+03 -2.3883e+03 -4.9028e+02 8.9079e+02
1.1542e+06 3.8279e+01 -5.4452e+03 -2.4035e+03 -6.3524e+02 9.7847e+02
4.9244e+06 3.8486e+01 -5.4348e+03 -2.4179e+03 -2.8463e+02 1.0463e+03
1.1499e+07 3.8001e+01 -5.4243e+03 -2.4315e+03 8.1173e+02 1.0590e+03
1.7416e+07 3.6850e+01 -5.4137e+03 -2.4443e+03 2.4005e+03 1.0903e+03
2.1378e+07 3.4831e+01 -5.4032e+03 -2.4563e+03 3.3506e+03 1.2966e+03
1.4144e+07 3.2050e+01 -5.3926e+03 -2.4675e+03 2.8612e+03 1.5794e+03
7.4207e+06 3.0149e+01 -5.3821e+03 -2.4780e+03 1.9747e+03 1.7008e+03
4.8720e+06 2.9807e+01 -5.3715e+03 -2.4877e+03 1.3316e+03 1.7390e+03
3.0342e+06 3.0084e+01 -5.3609e+03 -2.4968e+03 6.5461e+02 1.7573e+03
3.8591e+05 2.6992e+01 -5.6753e+03 -1.7483e+03 -1.6474e+01 -1.2598e+03
6.4004e+05 2.8364e+01 -5.6684e+03 -1.7861e+03 -3.5027e+00 -1.1816e+03
6.0673e+05 3.1412e+01 -5.6613e+03 -1.8229e+03 8.0209e+00 -1.0853e+03
7.1434e+05 3.2947e+01 -5.6539e+03 -1.8586e+03 2.1435e+01 -9.9252e+02
1.3151e+06 3.3182e+01 -5.6463e+03 -1.8932e+03 3.0687e+01 -9.0038e+02
6.9125e+05 3.3274e+01 -5.6384e+03 -1.9268e+03 1.2554e+01 -8.0698e+02
7.7363e+05 3.2919e+01 -5.6303e+03 -1.9593e+03 1.5884e+01 -7.1443e+02
2.0932e+06 3.2114e+01 -5.6219e+03 -1.9907e+03 6.0386e+01 -6.2339e+02
2.3677e+06 3.0495e+01 -5.6134e+03 -2.0211e+03 6.9114e+01 -5.3150e+02
1.5450e+06 2.8455e+01 -5.6047e+03 -2.0505e+03 2.8483e+01 -4.3760e+02
1.2380e+06 2.7986e+01 -5.5958e+03 -2.0789e+03 1.8897e+00 -3.4407e+02
1.0587e+06 2.8610e+01 -5.5868e+03 -2.1062e+03 9.1810e+00 -2.5151e+02
9.4376e+05 2.8233e+01 -5.5776e+03 -2.1326e+03 2.1898e+01 -1.5928e+02
7.4470e+05 2.8007e+01 -5.5683e+03 -2.1579e+03 4.6279e+01 -6.7616e+01
5.2075e+05 2.9923e+01 -5.5589e+03 -2.1823e+03 8.0060e+01 2.5015e+01
-6.4135e+04 3.3344e+01 -5.5493e+03 -2.2057e+03 9.4935e+01 1.1676e+02
-1.7345e+05 3.5907e+01 -5.5396e+03 -2.2282e+03 8.2422e+01 2.0599e+02
-6.8674e+05 3.6272e+01 -5.5298e+03 -2.2498e+03 5.6506e+01 2.9589e+02
-1.5661e+06 3.5860e+01 -5.5200e+03 -2.2704e+03 -1.8459e+01 3.8533e+02
-3.4936e+06 3.6202e+01 -5.5100e+03 -2.2901e+03 -1.0810e+02 4.7456e+02
-5.3623e+06 3.6634e+01 -5.5000e+03 -2.3089e+03 -1.8382e+02 5.6636e+02
-6.3229e+06 3.6786e+01 -5.4899e+03 -2.3268e+03 -2.1782e+02 6.5822e+02
-3.5653e+06 3.7001e+01 -5.4798e+03 -2.3439e+03 -2.0739e+02 7.3914e+02
-2.5419e+06 3.7268e+01 -5.4696e+03 -2.3601e+03 -2.7425e+02 8.2176e+02
-3.8596e+06 3.7622e+01 -5.4593e+03 -2.3754e+03 -5.2338e+02 9.2365e+02
-1.5503e+06 3.8038e+01 -5.4490e+03 -2.3900e+03 -7.0897e+02 1.0295e+03
1.4525e+06 3.8230e+01 -5.4387e+03 -2.4037e+03 -4.1209e+02 1.1036e+03
5.6302e+06 3.7968e+01 -5.4283e+03 -2.4167e+03 5.5895e+01 1.1254e+03
4.8087e+06 3.6835e+01 -5.4180e+03 -2.4288e+03 1.5299e+02 1.1498e+03
6.1728e+06 3.4834e+01 -5.4076e+03 -2.4402e+03 1.4879e+01 1.2815e+03
7.4466e+06 3.3509e+01 -5.3972e+03 -2.4509e+03 1.2543e+02 1.4185e+03
9.1076e+06 3.3586e+01 -5.3867e+03 -2.4608e+03 4.5856e+02 1.5008e+03
1.1000e+07 3.4234e+01 -5.3763e+03 -2.4700e+03 7.4795e+02 1.5824e+03
7.6920e+05 2.6262e+01 -5.6818e+03 -1.7192e+03 -1.8694e-01 -1.3048e+03
5.8218e+05 2.7214e+01 -5.6753e+03 -1.7570e+03 -4.8732e+00 -1.2112e+03
8.1112e+05 2.9128e+01 -5.6686e+03 -1.7937e+03 8.1796e+00 -1.1219e+03
9.3940e+05 3.0347e+01 -5.6616e+03 -1.8294e+03 7.3684e+00 -1.0274e+03
5.6854e+05 3.0760e+01 -5.6543e+03 -1.8640e+03 4.0738e+00 -9.3483e+02
1.2648e+06 3.0813e+01 -5.6468e+03 -1.8976e+03 2.2681e+01 -8.4244e+02
1.2778e+06 2.9996e+01 -5.6390e+03 -1.9301e+03 1.3257e+01 -7.4993e+02
2.7250e+05 2.8615e+01 -5.6310e+03 -1.9615e+03 -2.9552e+01 -6.5611e+02
1.3934e+05 2.7512e+01 -5.6228e+03 -1.9920e+03 -3.4798e+01 -5.6320e+02
9.1967e+05 2.6638e+01 -5.6145e+03 -2.0214e+03 -1.1297e+01 -4.7120e+02
1.2060e+06 2.6214e+01 -5.6059e+03 -2.0498e+03 1.9130e+00 -3.7897e+02
1.4866e+06 2.6229e+01 -5.5972e+03 -2.0772e+03 1.0926e+01 -2.8694e+02
1.5491e+06 2.6230e+01 -5.5883e+03 -2.1036e+03 1.3753e+01 -1.9529e+02
1.7273e+06 2.6312e+01 -5.5793e+03 -2.1290e+03 2.4937e+01 -1.0406e+02
1.8903e+06 2.6953e+01 -5.5701e+03 -2.1535e+03 6.4018e+01 -1.3041e+01
2.1345e+06 2.9480e+01 -5.5608e+03 -2.1770e+03 1.0781e+02 7.8589e+01
1.3221e+06 3.2932e+01 -5.5514e+03 -2.1996e+03 1.3190e+02 1.7206e+02
9.4382e+04 3.3590e+01 -5.5419e+03 -2.2213e+03 1.1129e+02 2.6566e+02
-2.1504e+06 3.3273e+01 -5.5323e+03 -2.2420e+03 1.1200e+01 3.5597e+02
-3.6990e+06 3.5140e+01 -5.5226e+03 -2.2618e+03 -1.0068e+02 4.4413e+02
-4.1665e+06 3.6537e+01 -5.5128e+03 -2.2807e+03 -1.2783e+02 5.3019e+02
-3.8860e+06 3.6621e+01 -5.5029e+03 -2.2988e+03 -1.1443e+02 6.1712e+02
-6.3064e+06 3.6734e+01 -5.4930e+03 -2.3160e+03 -1.6916e+02 7.0860e+02
-6.6982e+06 3.6894e+01 -5.4830e+03 -2.3323e+03 -1.9749e+02 7.9887e+02
-4.9080e+06 3.7097e+01 -5.4729e+03 -2.3479e+03 -2.1598e+02 8.9172e+02
-4.9855e+06 3.7363e+01 -5.4628e+03 -2.3625e+03 -4.0411e+02 9.9586e+02
-3.5692e+06 3.7707e+01 -5.4527e+03 -2.3764e+03 -5.9031e+02 1.1008e+03
-9.8090e+05 3.8098e+01 -5.4425e+03 -2.3895e+03 -4.1614e+02 1.1296e+03
3.9810e+06 3.8208e+01 -5.4323e+03 -2.4018e+03 -1.6342e+01 1.1552e+03
3.6402e+06 3.7868e+01 -5.4221e+03 -2.4134e+03 9.9843e+01 1.2900e+03
1.6943e+06 3.7604e+01 -5.4118e+03 -2.4242e+03 -1.9427e+01 1.4215e+03
1.5702e+05 3.7645e+01 -5.4016e+03 -2.4343e+03 -1.8100e+02 1.5007e+03
-1.8357e+06 3.7774e+01 -5.3913e+03 -2.4436e+03 -3.9031e+02 1.5825e+03
