  1    1089
-4.5448e+06 4.4627e+01 -2.3684e+03 -8.3581e+03 7.9733e+00 -1.0483e+04
-5.0577e+06 4.4266e+01 -2.1527e+03 -8.4296e+03 -5.0382e+01 -1.0445e+04
-4.2437e+06 4.3932e+01 -1.9351e+03 -8.4957e+03 -2.6099e+01 -1.0401e+04
-4.8976e+06 4.3618e+01 -1.7160e+03 -8.5562e+03 -1.2876e+02 -1.0356e+04
-3.2184e+06 4.3164e+01 -1.4961e+03 -8.6111e+03 -1.9639e+02 -1.0315e+04
-2.9876e+06 4.0722e+01 -1.2760e+03 -8.6602e+03 -3.0817e+02 -1.0265e+04
1.5029e+06 3.5642e+01 -1.0563e+03 -8.7037e+03 1.1713e+02 -1.0222e+04
1.7584e+06 3.2039e+01 -8.3771e+02 -8.7415e+03 -6.8226e+02 -1.0311e+04
5.0222e+06 3.2086e+01 -6.2017e+02 -8.7691e+03 -1.9181e+03 -1.0564e+04
-5.7532e+06 3.4220e+01 -4.0315e+02 -8.7724e+03 -1.0495e+04 -1.1500e+04
-1.0482e+07 3.6598e+01 -1.8956e+02 -8.7702e+03 -7.0522e+04 -8.5456e+03
-3.1215e+06 3.6142e+01 6.9347e+01 -7.9248e+03 -1.6053e+05 -4.5737e+03
-1.7332e+07 3.0264e+01 3.1347e+02 -6.5882e+03 -2.0286e+05 -1.7468e+03
-2.1949e+07 2.3195e+01 5.0721e+02 -5.2238e+03 -2.0608e+05 3.4954e+03
-2.3896e+07 2.3574e+01 6.4722e+02 -3.8361e+03 -2.0266e+05 9.1553e+03
-1.6810e+07 2.9655e+01 7.3824e+02 -2.4448e+03 -1.5958e+05 1.5564e+04
-3.0908e+07 3.2669e+01 7.9678e+02 -1.5393e+03 -6.7475e+04 1.3838e+04
-2.5674e+07 3.1348e+01 8.6465e+02 -1.4998e+03 -6.8626e+03 9.1867e+03
-8.7790e+06 2.9238e+01 9.3038e+02 -1.4583e+03 3.0979e+02 9.6322e+03
-4.4229e+06 2.9829e+01 9.9394e+02 -1.4151e+03 2.6215e+02 9.6255e+03
-2.8695e+05 3.3795e+01 1.0553e+03 -1.3703e+03 5.2145e+02 9.6447e+03
-3.6947e+06 3.6957e+01 1.1146e+03 -1.3240e+03 2.9080e+01 9.6476e+03
-3.1559e+06 3.7305e+01 1.1717e+03 -1.2763e+03 7.4169e+01 9.6377e+03
-6.0500e+06 3.6912e+01 1.2267e+03 -1.2274e+03 -8.1302e+01 9.6376e+03
-6.1536e+06 3.6710e+01 1.2796e+03 -1.1775e+03 -1.0038e+02 9.6369e+03
-7.1210e+06 3.6532e+01 1.3305e+03 -1.1266e+03 -9.8153e+01 9.6318e+03
-6.8259e+06 3.6420e+01 1.3794e+03 -1.0748e+03 -1.3684e+01 9.6283e+03
-7.1959e+06 3.6363e+01 1.4263e+03 -1.0223e+03 -1.9328e+01 9.6252e+03
-7.0867e+06 3.6335e+01 1.4714e+03 -9.6921e+02 1.6725e+00 9.6193e+03
-7.4370e+06 3.6321e+01 1.5147e+03 -9.1552e+02 -1.7474e+01 9.6133e+03
-6.9441e+06 3.6313e+01 1.5562e+03 -8.6136e+02 3.6301e+00 9.6035e+03
-7.0645e+06 3.6307e+01 1.5960e+03 -8.0680e+02 2.2872e+00 9.6000e+03
-6.9420e+06 3.6304e+01 1.6342e+03 -7.5191e+02 1.0272e+01 9.5906e+03
-5.2472e+06 4.4372e+01 -2.3684e+03 -8.3977e+03 -3.8356e+01 -1.0361e+04
-4.1040e+06 4.4017e+01 -2.1596e+03 -8.4671e+03 2.3459e+01 -1.0319e+04
-5.4534e+06 4.3681e+01 -1.9489e+03 -8.5315e+03 -8.2870e+01 -1.0277e+04
-3.3535e+06 4.3381e+01 -1.7369e+03 -8.5907e+03 -2.7566e+00 -1.0231e+04
-5.3129e+06 4.3035e+01 -1.5240e+03 -8.6446e+03 -2.2010e+02 -1.0189e+04
-1.6389e+06 4.1712e+01 -1.3108e+03 -8.6932e+03 -2.2970e+02 -1.0141e+04
-2.8432e+06 3.7526e+01 -1.0979e+03 -8.7365e+03 -1.7915e+02 -1.0088e+04
4.4742e+06 3.2659e+01 -8.8591e+02 -8.7745e+03 9.1634e+01 -1.0104e+04
8.4146e+05 3.1371e+01 -6.7527e+02 -8.8073e+03 -9.4171e+02 -1.0217e+04
5.3542e+06 3.2960e+01 -4.6544e+02 -8.8240e+03 -4.1258e+03 -1.0575e+04
-1.2477e+07 3.5452e+01 -2.5725e+02 -8.8228e+03 -3.7857e+04 -1.3697e+04
-2.8454e+06 3.6892e+01 -3.4567e+01 -8.5371e+03 -1.2527e+05 -9.4365e+03
-9.8289e+06 3.3874e+01 2.2399e+02 -7.1922e+03 -1.9542e+05 -1.8459e+03
-1.9975e+07 2.6232e+01 4.3344e+02 -5.8195e+03 -2.0811e+05 1.2568e+03
-2.5613e+07 2.2397e+01 5.9199e+02 -4.4195e+03 -2.0792e+05 6.3430e+03
-1.7490e+07 2.7305e+01 7.0086e+02 -3.0044e+03 -1.8990e+05 1.3281e+04
-2.3362e+07 3.2436e+01 7.6337e+02 -1.5794e+03 -1.1047e+05 9.4459e+03
-3.2916e+07 3.2236e+01 8.2885e+02 -1.4757e+03 -2.6050e+04 5.3557e+03
-1.0790e+07 2.9931e+01 8.9370e+02 -1.4358e+03 -1.0747e+03 9.5338e+03
-9.8534e+06 2.9466e+01 9.5653e+02 -1.3940e+03 8.5354e+01 9.6787e+03
7.3499e+05 3.2757e+01 1.0173e+03 -1.3507e+03 5.8878e+02 9.6509e+03
-3.5156e+06 3.6707e+01 1.0761e+03 -1.3058e+03 1.1544e+02 9.6768e+03
-1.5413e+06 3.7615e+01 1.1329e+03 -1.2595e+03 1.1762e+02 9.6592e+03
-5.7768e+06 3.7061e+01 1.1876e+03 -1.2120e+03 -3.5136e+01 9.6506e+03
-4.6455e+06 3.6815e+01 1.2404e+03 -1.1634e+03 -5.5974e+01 9.6603e+03
-7.9368e+06 3.6623e+01 1.2912e+03 -1.1137e+03 -1.5344e+02 9.6540e+03
-6.1135e+06 3.6472e+01 1.3402e+03 -1.0632e+03 -2.4540e+01 9.6513e+03
-7.9348e+06 3.6388e+01 1.3872e+03 -1.0118e+03 -3.7567e+01 9.6471e+03
-6.4178e+06 3.6349e+01 1.4325e+03 -9.5980e+02 2.0126e+01 9.6433e+03
-7.5419e+06 3.6325e+01 1.4760e+03 -9.0715e+02 -1.1059e+01 9.6349e+03
-6.9000e+06 3.6314e+01 1.5178e+03 -8.5397e+02 1.4563e+01 9.6294e+03
-7.5964e+06 3.6307e+01 1.5580e+03 -8.0033e+02 -1.6493e+01 9.6153e+03
-6.7897e+06 3.6304e+01 1.5966e+03 -7.4630e+02 1.2166e+01 9.6180e+03
-5.0465e+06 4.4144e+01 -2.3684e+03 -8.4370e+03 -3.6590e+01 -1.0229e+04
-4.3423e+06 4.3792e+01 -2.1661e+03 -8.5044e+03 1.4297e+01 -1.0186e+04
-5.2238e+06 4.3458e+01 -1.9620e+03 -8.5672e+03 -7.1170e+01 -1.0144e+04
-3.8638e+06 4.3158e+01 -1.7565e+03 -8.6251e+03 -1.1414e+01 -1.0098e+04
-5.1188e+06 4.2812e+01 -1.5502e+03 -8.6781e+03 -1.6346e+02 -1.0053e+04
-2.3907e+06 4.2134e+01 -1.3435e+03 -8.7261e+03 -1.8607e+02 -1.0008e+04
-3.2661e+06 3.9239e+01 -1.1371e+03 -8.7691e+03 -3.1437e+02 -9.9528e+03
2.8884e+06 3.4185e+01 -9.3132e+02 -8.8072e+03 2.1092e+02 -9.9078e+03
9.3187e+05 3.1321e+01 -7.2674e+02 -8.8405e+03 -3.3275e+02 -9.9545e+03
5.8243e+06 3.1895e+01 -5.2380e+02 -8.8689e+03 -1.3648e+03 -1.0259e+04
-8.5030e+06 3.4157e+01 -3.2144e+02 -8.8752e+03 -1.5158e+04 -1.2593e+04
-8.8919e+06 3.6736e+01 -1.2163e+02 -8.8699e+03 -8.5530e+04 -8.5839e+03
-3.8000e+06 3.6458e+01 1.3022e+02 -7.8089e+03 -1.7427e+05 -3.1837e+03
-1.9163e+07 3.0300e+01 3.5470e+02 -6.4277e+03 -2.0816e+05 -3.0039e+03
-2.2016e+07 2.3530e+01 5.3090e+02 -5.0192e+03 -2.1109e+05 -1.9822e+03
-2.3171e+07 2.4851e+01 6.5690e+02 -3.5964e+03 -2.0733e+05 -1.7848e+03
-1.8298e+07 3.0747e+01 7.3851e+02 -2.2374e+03 -1.5749e+05 3.8161e+02
-3.1719e+07 3.2878e+01 7.9460e+02 -1.4503e+03 -6.5273e+04 4.7991e+03
-2.2598e+07 3.1153e+01 8.5855e+02 -1.4117e+03 -8.5363e+03 8.3738e+03
-8.1128e+06 2.9452e+01 9.2061e+02 -1.3714e+03 7.5887e+01 9.6973e+03
-2.8669e+06 3.1003e+01 9.8078e+02 -1.3294e+03 4.0254e+02 9.6784e+03
-1.5239e+06 3.5163e+01 1.0390e+03 -1.2859e+03 3.7654e+02 9.6988e+03
-2.1097e+06 3.7531e+01 1.0954e+03 -1.2409e+03 6.5473e+01 9.6962e+03
-3.6724e+06 3.7356e+01 1.1498e+03 -1.1947e+03 7.5481e+01 9.6840e+03
-5.2634e+06 3.6938e+01 1.2024e+03 -1.1474e+03 -6.1027e+01 9.6898e+03
-6.1828e+06 3.6747e+01 1.2531e+03 -1.0990e+03 -1.3871e+02 9.6869e+03
-6.9924e+06 3.6561e+01 1.3020e+03 -1.0496e+03 -1.1025e+02 9.6815e+03
-6.8807e+06 3.6442e+01 1.3492e+03 -9.9940e+02 -3.6199e+01 9.6773e+03
-7.2980e+06 3.6380e+01 1.3946e+03 -9.4844e+02 -2.3550e+01 9.6747e+03
-7.3021e+06 3.6345e+01 1.4383e+03 -8.9682e+02 -1.3486e+01 9.6654e+03
-7.0025e+06 3.6327e+01 1.4803e+03 -8.4461e+02 5.1239e-01 9.6627e+03
-6.9664e+06 3.6316e+01 1.5208e+03 -7.9190e+02 3.9623e+00 9.6365e+03
-7.1192e+06 3.6308e+01 1.5597e+03 -7.3874e+02 1.4698e+00 9.6427e+03
-4.5384e+06 4.4080e+01 -2.3684e+03 -8.4759e+03 4.1116e+00 -1.0095e+04
-5.0099e+06 4.3693e+01 -2.1722e+03 -8.5415e+03 -3.0714e+01 -1.0055e+04
-4.3493e+06 4.3310e+01 -1.9743e+03 -8.6027e+03 -5.9654e+00 -1.0013e+04
-5.0218e+06 4.2945e+01 -1.7750e+03 -8.6593e+03 -6.8940e+01 -9.9678e+03
-3.7521e+06 4.2595e+01 -1.5749e+03 -8.7114e+03 -5.1210e+01 -9.9199e+03
-4.7193e+06 4.2211e+01 -1.3744e+03 -8.7588e+03 -2.2141e+02 -9.8770e+03
-1.9040e+06 4.0690e+01 -1.1740e+03 -8.8016e+03 -2.6515e+02 -9.8232e+03
-1.2952e+06 3.6423e+01 -9.7418e+02 -8.8397e+03 -5.5326e+01 -9.7653e+03
4.3032e+06 3.2084e+01 -7.7535e+02 -8.8733e+03 2.0362e+02 -9.7455e+03
2.6974e+06 3.1300e+01 -5.7796e+02 -8.9023e+03 -1.5836e+02 -9.8132e+03
2.0885e+06 3.3121e+01 -3.8240e+02 -8.9270e+03 -4.5594e+03 -1.0148e+04
-1.2266e+07 3.5952e+01 -1.8727e+02 -8.9231e+03 -4.8260e+04 -1.2710e+04
-1.1919e+06 3.7776e+01 3.2420e+01 -8.4383e+03 -1.3996e+05 -1.2971e+04
-1.1121e+07 3.4569e+01 2.7094e+02 -7.0559e+03 -2.0273e+05 -1.3017e+04
-2.0894e+07 2.6654e+01 4.6106e+02 -5.7213e+03 -2.1297e+05 -1.4689e+04
-2.5793e+07 2.3060e+01 6.0530e+02 -4.3612e+03 -2.1339e+05 -1.2861e+04
-1.9015e+07 2.7762e+01 7.0574e+02 -2.9762e+03 -1.9443e+05 -5.0162e+03
-2.3308e+07 3.2599e+01 7.6520e+02 -1.5942e+03 -1.1859e+05 1.1481e+03
-3.2353e+07 3.2531e+01 8.2485e+02 -1.3863e+03 -3.3115e+04 5.1956e+03
-1.3391e+07 3.0250e+01 8.8612e+02 -1.3473e+03 -1.9689e+03 9.5675e+03
-8.1170e+06 2.9552e+01 9.4561e+02 -1.3066e+03 2.0377e+02 9.7282e+03
1.1024e+06 3.2584e+01 1.0033e+03 -1.2644e+03 5.3537e+02 9.7037e+03
-3.1514e+06 3.6601e+01 1.0592e+03 -1.2207e+03 1.7782e+02 9.7271e+03
-1.1513e+06 3.7670e+01 1.1133e+03 -1.1758e+03 1.0971e+02 9.7175e+03
-4.9618e+06 3.7120e+01 1.1656e+03 -1.1296e+03 1.3209e+01 9.7097e+03
-5.0440e+06 3.6869e+01 1.2162e+03 -1.0824e+03 -7.4145e+01 9.7111e+03
-7.2881e+06 3.6689e+01 1.2650e+03 -1.0342e+03 -1.6784e+02 9.7053e+03
-6.6805e+06 3.6529e+01 1.3122e+03 -9.8513e+02 -7.9100e+01 9.7028e+03
-7.4363e+06 3.6429e+01 1.3576e+03 -9.3524e+02 -4.8258e+01 9.6991e+03
-6.6313e+06 3.6375e+01 1.4015e+03 -8.8463e+02 -3.4417e+00 9.6919e+03
-7.7588e+06 3.6342e+01 1.4437e+03 -8.3340e+02 -3.3694e+01 9.6874e+03
-7.1363e+06 3.6324e+01 1.4844e+03 -7.8160e+02 -9.4484e+00 9.6650e+03
-7.4065e+06 3.6311e+01 1.5236e+03 -7.2931e+02 -1.1410e+01 9.6695e+03
-4.4562e+06 4.4277e+01 -2.3684e+03 -8.5145e+03 1.3357e+01 -9.9652e+03
-5.0465e+06 4.3810e+01 -2.1779e+03 -8.5783e+03 -2.7241e+01 -9.9247e+03
-4.3120e+06 4.3313e+01 -1.9858e+03 -8.6380e+03 4.6600e+00 -9.8815e+03
-5.1854e+06 4.2833e+01 -1.7924e+03 -8.6934e+03 -6.9898e+01 -9.8360e+03
-3.8095e+06 4.2491e+01 -1.5982e+03 -8.7446e+03 -2.2955e+01 -9.7880e+03
-4.8797e+06 4.2279e+01 -1.4035e+03 -8.7914e+03 -1.6709e+02 -9.7414e+03
-2.2953e+06 4.1755e+01 -1.2089e+03 -8.8339e+03 -2.1510e+02 -9.6941e+03
-2.6947e+06 3.8776e+01 -1.0147e+03 -8.8720e+03 -2.6535e+02 -9.6371e+03
3.2516e+06 3.3925e+01 -8.2132e+02 -8.9058e+03 2.5014e+02 -9.5857e+03
1.6553e+06 3.1847e+01 -6.2922e+02 -8.9353e+03 7.4538e+01 -9.5227e+03
5.6770e+06 3.2949e+01 -4.3873e+02 -8.9607e+03 -1.0109e+03 -9.6798e+03
-8.3085e+06 3.5136e+01 -2.4975e+02 -8.9759e+03 -1.8970e+04 -1.3602e+04
-7.4937e+06 3.7755e+01 -6.2071e+01 -8.9681e+03 -9.2875e+04 -1.6941e+04
-1.6010e+06 3.7512e+01 1.7532e+02 -7.8499e+03 -1.7977e+05 -2.0294e+04
-1.8849e+07 3.1188e+01 3.8224e+02 -6.5091e+03 -2.1272e+05 -2.1663e+04
-2.0982e+07 2.4032e+01 5.4603e+02 -5.1387e+03 -2.1584e+05 -1.6862e+04
-2.5343e+07 2.4600e+01 6.6449e+02 -3.7423e+03 -2.1296e+05 -1.1670e+04
-1.6646e+07 3.0514e+01 7.4242e+02 -2.3420e+03 -1.6964e+05 -3.8501e+03
-3.0366e+07 3.3317e+01 7.9253e+02 -1.3596e+03 -7.8309e+04 3.0454e+03
-2.3549e+07 3.1700e+01 8.5299e+02 -1.3218e+03 -1.3128e+04 7.2645e+03
-8.2925e+06 2.9510e+01 9.1178e+02 -1.2824e+03 -1.2038e+02 9.7194e+03
-4.5677e+06 3.0480e+01 9.6888e+02 -1.2414e+03 3.5618e+02 9.7389e+03
-2.2079e+04 3.4651e+01 1.0243e+03 -1.1990e+03 4.2899e+02 9.7438e+03
-2.6106e+06 3.7466e+01 1.0780e+03 -1.1552e+03 7.6824e+01 9.7454e+03
-2.9495e+06 3.7475e+01 1.1300e+03 -1.1103e+03 8.4278e+01 9.7378e+03
-4.5489e+06 3.7020e+01 1.1804e+03 -1.0642e+03 6.9189e+00 9.7397e+03
-5.9400e+06 3.6832e+01 1.2291e+03 -1.0171e+03 -7.0609e+01 9.7325e+03
-6.6700e+06 3.6654e+01 1.2762e+03 -9.6913e+02 -1.1420e+02 9.7260e+03
-7.2147e+06 3.6512e+01 1.3216e+03 -9.2028e+02 -6.9060e+01 9.7238e+03
-7.4633e+06 3.6420e+01 1.3655e+03 -8.7068e+02 -4.2333e+01 9.7174e+03
-6.8941e+06 3.6367e+01 1.4079e+03 -8.2040e+02 -7.4859e+00 9.7124e+03
-7.0143e+06 3.6336e+01 1.4488e+03 -7.6952e+02 -4.8154e-01 9.6898e+03
-7.1207e+06 3.6317e+01 1.4882e+03 -7.1811e+02 1.6668e+00 9.6949e+03
-4.8482e+06 4.4716e+01 -2.3684e+03 -8.5527e+03 -1.0617e+01 -9.8388e+03
-4.5024e+06 4.4201e+01 -2.1834e+03 -8.6148e+03 2.1034e+00 -9.7935e+03
-4.9581e+06 4.3641e+01 -1.9968e+03 -8.6730e+03 -2.3169e+01 -9.7488e+03
-4.3272e+06 4.3112e+01 -1.8089e+03 -8.7274e+03 -1.8037e+01 -9.7025e+03
-4.9271e+06 4.2787e+01 -1.6202e+03 -8.7777e+03 -6.3911e+01 -9.6548e+03
-3.8132e+06 4.2610e+01 -1.4311e+03 -8.8239e+03 -7.2869e+01 -9.6054e+03
-4.4399e+06 4.2451e+01 -1.2419e+03 -8.8660e+03 -2.2201e+02 -9.5608e+03
-1.8141e+06 4.0855e+01 -1.0530e+03 -8.9040e+03 -2.7857e+02 -9.5082e+03
-7.4014e+05 3.6764e+01 -8.6487e+02 -8.9379e+03 -4.5020e+01 -9.4438e+03
4.6717e+06 3.3500e+01 -6.7780e+02 -8.9679e+03 2.5977e+02 -9.4049e+03
3.6478e+06 3.3233e+01 -4.9217e+02 -8.9939e+03 1.6364e+02 -9.3885e+03
1.9370e+06 3.4323e+01 -3.0831e+02 -9.0161e+03 -3.9282e+03 -9.7395e+03
-1.2358e+07 3.6680e+01 -1.2567e+02 -9.0216e+03 -4.5280e+04 -1.4062e+04
-2.9982e+06 3.8643e+01 7.3736e+01 -8.6572e+03 -1.3474e+05 -1.9120e+04
-9.1804e+06 3.5999e+01 2.9692e+02 -7.3057e+03 -2.0209e+05 -2.0904e+04
-2.0323e+07 2.8231e+01 4.7791e+02 -5.9282e+03 -2.1735e+05 -1.9210e+04
-2.4699e+07 2.3362e+01 6.1532e+02 -4.5250e+03 -2.1786e+05 -1.4391e+04
-2.1588e+07 2.7267e+01 7.1093e+02 -3.1064e+03 -2.0276e+05 -7.9898e+03
-2.2340e+07 3.2684e+01 7.6822e+02 -1.6863e+03 -1.3480e+05 -1.2999e+03
-3.4088e+07 3.3070e+01 8.2115e+02 -1.2951e+03 -4.4823e+04 5.3710e+03
-1.7022e+07 3.0712e+01 8.7922e+02 -1.2568e+03 -3.3990e+03 9.5400e+03
-6.7688e+06 2.9634e+01 9.3571e+02 -1.2170e+03 3.1298e+02 9.7815e+03
-1.2039e+06 3.2031e+01 9.9059e+02 -1.1758e+03 4.5648e+02 9.7527e+03
-1.4836e+06 3.5936e+01 1.0439e+03 -1.1332e+03 3.0159e+02 9.7653e+03
-1.5262e+06 3.7737e+01 1.0956e+03 -1.0894e+03 7.6657e+01 9.7549e+03
-4.7344e+06 3.7567e+01 1.1457e+03 -1.0444e+03 1.4484e+01 9.7664e+03
-4.6329e+06 3.7109e+01 1.1942e+03 -9.9844e+02 -1.9638e+01 9.7712e+03
-7.0259e+06 3.6805e+01 1.2411e+03 -9.5149e+02 -6.3949e+01 9.7565e+03
-6.2444e+06 3.6627e+01 1.2866e+03 -9.0367e+02 -6.7903e+01 9.7487e+03
-7.2118e+06 3.6495e+01 1.3305e+03 -8.5506e+02 -6.0092e+01 9.7408e+03
-7.2884e+06 3.6407e+01 1.3730e+03 -8.0573e+02 -4.0418e+01 9.7385e+03
-7.7555e+06 3.6356e+01 1.4140e+03 -7.5575e+02 -3.4441e+01 9.7151e+03
-7.0848e+06 3.6329e+01 1.4536e+03 -7.0520e+02 -3.6678e+00 9.7199e+03
-4.6907e+06 4.5368e+01 -2.3684e+03 -8.5905e+03 -9.0433e+00 -9.7031e+03
-4.6550e+06 4.4885e+01 -2.1885e+03 -8.6510e+03 -2.1651e+00 -9.6603e+03
-4.7378e+06 4.4375e+01 -2.0071e+03 -8.7079e+03 -1.4146e+01 -9.6150e+03
-4.6094e+06 4.3888e+01 -1.8245e+03 -8.7611e+03 -1.5739e+01 -9.5679e+03
-4.6673e+06 4.3534e+01 -1.6411e+03 -8.8105e+03 -4.1928e+01 -9.5196e+03
-4.2280e+06 4.3219e+01 -1.4572e+03 -8.8561e+03 -4.9440e+01 -9.4704e+03
-4.1851e+06 4.2994e+01 -1.2731e+03 -8.8978e+03 -1.3825e+02 -9.4215e+03
-3.1140e+06 4.2324e+01 -1.0894e+03 -8.9357e+03 -2.6704e+02 -9.3732e+03
-1.8193e+06 3.9546e+01 -9.0616e+02 -8.9697e+03 -2.7655e+02 -9.3142e+03
2.0261e+06 3.5358e+01 -7.2391e+02 -9.0000e+03 1.5675e+02 -9.2664e+03
3.7781e+06 3.3005e+01 -5.4293e+02 -9.0265e+03 2.7565e+02 -9.2243e+03
5.1017e+06 3.3139e+01 -3.6353e+02 -9.0494e+03 -5.1892e+02 -9.2835e+03
-4.2010e+06 3.5120e+01 -1.8594e+02 -9.0678e+03 -1.5001e+04 -1.1843e+04
-1.0056e+07 3.8118e+01 -8.8392e+00 -9.0535e+03 -8.0754e+04 -1.7346e+04
-6.3262e+04 3.8907e+01 2.0518e+02 -8.1180e+03 -1.7207e+05 -2.2134e+04
-1.5705e+07 3.3642e+01 4.0258e+02 -6.7340e+03 -2.1624e+05 -2.2231e+04
-2.0099e+07 2.5628e+01 5.5862e+02 -5.3242e+03 -2.1999e+05 -2.0240e+04
-2.6535e+07 2.4440e+01 6.7142e+02 -3.8890e+03 -2.1687e+05 -2.1029e+04
-1.7409e+07 2.9928e+01 7.4699e+02 -2.5305e+03 -1.8640e+05 -1.6818e+04
-2.7006e+07 3.3418e+01 7.9055e+02 -1.2672e+03 -1.0421e+05 -6.8993e+03
-3.0258e+07 3.2482e+01 8.4789e+02 -1.2300e+03 -2.6513e+04 3.5422e+03
-1.2365e+07 3.0291e+01 9.0373e+02 -1.1913e+03 -1.7101e+03 9.5901e+03
-5.9912e+06 3.0019e+01 9.5807e+02 -1.1512e+03 2.3980e+02 9.7986e+03
9.3126e+04 3.2855e+01 1.0109e+03 -1.1098e+03 5.7149e+02 9.7763e+03
-2.9312e+06 3.6224e+01 1.0622e+03 -1.0670e+03 1.8925e+02 9.7721e+03
-2.0250e+06 3.7612e+01 1.1120e+03 -1.0232e+03 -3.6592e+00 9.7748e+03
-5.6656e+06 3.7619e+01 1.1603e+03 -9.7824e+02 -8.3388e+01 9.7870e+03
-4.5524e+06 3.7161e+01 1.2071e+03 -9.3232e+02 -9.5757e+00 9.7804e+03
-7.2527e+06 3.6765e+01 1.2525e+03 -8.8549e+02 -6.3699e+01 9.7739e+03
-6.7812e+06 3.6599e+01 1.2964e+03 -8.3785e+02 -8.5748e+01 9.7665e+03
-7.2033e+06 3.6470e+01 1.3388e+03 -7.8945e+02 -5.6888e+01 9.7612e+03
-6.5550e+06 3.6391e+01 1.3799e+03 -7.4037e+02 -3.1291e+00 9.7390e+03
-7.4776e+06 3.6347e+01 1.4197e+03 -6.9067e+02 -1.5756e+01 9.7439e+03
-4.5217e+06 4.6024e+01 -2.3684e+03 -8.6279e+03 7.5115e+00 -9.5665e+03
-4.8593e+06 4.5587e+01 -2.1934e+03 -8.6869e+03 -1.7199e+01 -9.5257e+03
-4.4272e+06 4.5130e+01 -2.0170e+03 -8.7425e+03 1.0221e+01 -9.4807e+03
-4.9554e+06 4.4672e+01 -1.8393e+03 -8.7946e+03 -3.1425e+01 -9.4331e+03
-4.1691e+06 4.4234e+01 -1.6609e+03 -8.8432e+03 2.0183e+00 -9.3836e+03
-5.0669e+06 4.3772e+01 -1.4819e+03 -8.8881e+03 -7.7207e+01 -9.3344e+03
-3.5962e+06 4.3424e+01 -1.3028e+03 -8.9295e+03 -5.6988e+01 -9.2829e+03
-4.7395e+06 4.3088e+01 -1.1238e+03 -8.9671e+03 -2.5058e+02 -9.2357e+03
-1.5024e+06 4.1515e+01 -9.4538e+02 -9.0012e+03 -2.7654e+02 -9.1800e+03
-1.3116e+06 3.7399e+01 -7.6773e+02 -9.0317e+03 -1.4266e+02 -9.1225e+03
5.1448e+06 3.3219e+01 -5.9120e+02 -9.0586e+03 3.3086e+02 -9.0889e+03
2.2515e+06 3.2182e+01 -4.1608e+02 -9.0822e+03 3.0568e+01 -9.0149e+03
3.8461e+06 3.3629e+01 -2.4265e+02 -9.1024e+03 -3.1588e+03 -8.9404e+03
-1.1556e+07 3.6490e+01 -6.9916e+01 -9.0988e+03 -3.4849e+04 -1.3881e+04
-4.5178e+06 3.9131e+01 1.0723e+02 -8.9465e+03 -1.2118e+05 -1.9371e+04
-3.5416e+06 3.7501e+01 3.2050e+02 -7.5558e+03 -1.9927e+05 -2.5118e+04
-2.0555e+07 3.0136e+01 4.9270e+02 -6.1628e+03 -2.2008e+05 -3.1581e+04
-2.2493e+07 2.3888e+01 6.2393e+02 -4.8196e+03 -2.1989e+05 -3.3233e+04
-2.5319e+07 2.5696e+01 7.1738e+02 -3.4791e+03 -2.1378e+05 -3.1033e+04
-1.6468e+07 3.1333e+01 7.7724e+02 -2.1251e+03 -1.6803e+05 -2.1444e+04
-3.1082e+07 3.3550e+01 8.1771e+02 -1.2021e+03 -8.0423e+04 -5.9981e+03
-2.2976e+07 3.1958e+01 8.7290e+02 -1.1645e+03 -1.6984e+04 6.0143e+03
-1.0859e+07 2.9908e+01 9.2667e+02 -1.1254e+03 -7.8886e+02 9.7385e+03
-3.3404e+06 3.0221e+01 9.7901e+02 -1.0850e+03 5.0852e+02 9.8225e+03
-6.9199e+05 3.2587e+01 1.0299e+03 -1.0434e+03 5.7245e+02 9.8139e+03
-3.0735e+06 3.5204e+01 1.0794e+03 -1.0005e+03 1.3628e+02 9.8069e+03
-3.8817e+06 3.7154e+01 1.1274e+03 -9.5661e+02 -8.8682e+01 9.8034e+03
-5.3028e+06 3.7427e+01 1.1741e+03 -9.1169e+02 -3.5642e+01 9.7916e+03
-5.2763e+06 3.6921e+01 1.2193e+03 -8.6583e+02 -6.2209e+00 9.7887e+03
-6.2235e+06 3.6725e+01 1.2631e+03 -8.1913e+02 -7.2322e+01 9.7913e+03
-7.5357e+06 3.6558e+01 1.3056e+03 -7.7164e+02 -1.1395e+02 9.7860e+03
-7.6411e+06 3.6438e+01 1.3467e+03 -7.2344e+02 -6.1892e+01 9.7634e+03
-7.3005e+06 3.6372e+01 1.3865e+03 -6.7460e+02 -2.0792e+01 9.7674e+03
-4.5930e+06 4.6286e+01 -2.3684e+03 -8.6649e+03 2.0863e+00 -9.4350e+03
-4.6989e+06 4.5854e+01 -2.1980e+03 -8.7224e+03 -7.2901e+00 -9.3914e+03
-4.6156e+06 4.5398e+01 -2.0263e+03 -8.7768e+03 1.2509e+00 -9.3451e+03
-4.7049e+06 4.4938e+01 -1.8534e+03 -8.8279e+03 -1.5221e+01 -9.2971e+03
-4.5519e+06 4.4470e+01 -1.6796e+03 -8.8756e+03 -6.0768e+00 -9.2471e+03
-4.6223e+06 4.4011e+01 -1.5054e+03 -8.9200e+03 -4.4000e+01 -9.1965e+03
-4.2847e+06 4.3654e+01 -1.3310e+03 -8.9608e+03 -5.1457e+01 -9.1444e+03
-4.2017e+06 4.3390e+01 -1.1566e+03 -8.9983e+03 -1.4505e+02 -9.0939e+03
-3.2861e+06 4.2659e+01 -9.8266e+02 -9.0323e+03 -2.5891e+02 -9.0431e+03
-1.9862e+06 3.9714e+01 -8.0941e+02 -9.0630e+03 -2.9974e+02 -8.9869e+03
1.5843e+06 3.4891e+01 -6.3715e+02 -9.0903e+03 1.4860e+02 -8.9313e+03
3.7078e+06 3.2011e+01 -4.6615e+02 -9.1143e+03 1.6352e+02 -8.8889e+03
4.9153e+06 3.2357e+01 -2.9666e+02 -9.1352e+03 -8.4722e+02 -8.6880e+03
-2.8633e+06 3.4530e+01 -1.2815e+02 -9.1408e+03 -1.0292e+04 -9.3778e+03
-1.1144e+07 3.7495e+01 3.9207e+01 -9.1220e+03 -6.4543e+04 -1.5272e+04
-1.5713e+06 3.8658e+01 2.2891e+02 -8.4679e+03 -1.5461e+05 -2.8826e+04
-1.2773e+07 3.4836e+01 4.1622e+02 -7.1445e+03 -2.1058e+05 -3.9230e+04
-2.0539e+07 2.7287e+01 5.6648e+02 -5.7970e+03 -2.2115e+05 -3.9464e+04
-2.5780e+07 2.3423e+01 6.7863e+02 -4.4477e+03 -2.2034e+05 -3.5692e+04
-2.2125e+07 2.7262e+01 7.5598e+02 -3.0885e+03 -2.0697e+05 -2.8116e+04
-2.0328e+07 3.2555e+01 8.0113e+02 -1.7075e+03 -1.4713e+05 -1.4695e+04
-3.2907e+07 3.3523e+01 8.4316e+02 -1.1365e+03 -5.9313e+04 -2.1447e+02
-2.0588e+07 3.1683e+01 8.9635e+02 -1.0984e+03 -9.4699e+03 8.0185e+03
-1.0602e+07 3.0298e+01 9.4818e+02 -1.0591e+03 -3.7237e+02 9.7932e+03
-4.9275e+06 3.0135e+01 9.9865e+02 -1.0184e+03 3.5589e+02 9.8528e+03
-1.5320e+06 3.1587e+01 1.0478e+03 -9.7657e+02 4.7681e+02 9.8519e+03
-2.9618e+06 3.4882e+01 1.0955e+03 -9.3364e+02 1.5274e+02 9.8362e+03
-3.2647e+06 3.7153e+01 1.1419e+03 -8.8968e+02 2.3891e+01 9.8236e+03
-5.0942e+06 3.7221e+01 1.1870e+03 -8.4477e+02 2.3765e+00 9.8132e+03
-6.3182e+06 3.6868e+01 1.2307e+03 -7.9898e+02 -6.0559e+01 9.8134e+03
-6.1671e+06 3.6672e+01 1.2731e+03 -7.5239e+02 -9.8341e+01 9.8104e+03
-6.6139e+06 3.6510e+01 1.3143e+03 -7.0506e+02 -5.3716e+01 9.7843e+03
-7.1350e+06 3.6411e+01 1.3541e+03 -6.5705e+02 -2.9246e+01 9.7905e+03
-4.6423e+06 4.6107e+01 -2.3684e+03 -8.7015e+03 -4.2188e+00 -9.2997e+03
-4.5798e+06 4.5676e+01 -2.2024e+03 -8.7577e+03 -7.8335e-01 -9.2548e+03
-4.7211e+06 4.5230e+01 -2.0351e+03 -8.8108e+03 -4.4934e+00 -9.2082e+03
-4.5725e+06 4.4793e+01 -1.8667e+03 -8.8609e+03 -4.2349e+00 -9.1599e+03
-4.7312e+06 4.4369e+01 -1.6975e+03 -8.9078e+03 -1.0626e+01 -9.1092e+03
-4.4870e+06 4.3978e+01 -1.5277e+03 -8.9515e+03 -2.0865e+01 -9.0578e+03
-4.6456e+06 4.3646e+01 -1.3577e+03 -8.9920e+03 -4.7012e+01 -9.0055e+03
-4.0409e+06 4.3373e+01 -1.1878e+03 -9.0292e+03 -6.7048e+01 -8.9527e+03
-4.0406e+06 4.2989e+01 -1.0181e+03 -9.0632e+03 -1.8860e+02 -8.9012e+03
-2.3806e+06 4.1428e+01 -8.4911e+02 -9.0939e+03 -2.7890e+02 -8.8475e+03
-9.1306e+05 3.7325e+01 -6.8094e+02 -9.1215e+03 -1.2751e+02 -8.7930e+03
2.8080e+06 3.2860e+01 -5.1389e+02 -9.1460e+03 1.5559e+02 -8.7469e+03
2.7033e+06 3.1559e+01 -3.4821e+02 -9.1674e+03 -4.9052e+02 -8.6016e+03
3.6387e+06 3.2820e+01 -1.8358e+02 -9.1779e+03 -3.6960e+03 -8.0787e+03
-5.2074e+06 3.5151e+01 -1.9477e+01 -9.1597e+03 -2.3403e+04 -1.2414e+04
-9.4913e+06 3.7590e+01 1.4185e+02 -9.1382e+03 -8.9879e+04 -2.6674e+04
-1.2623e+06 3.7536e+01 3.3114e+02 -8.1455e+03 -1.7747e+05 -4.0079e+04
-1.7060e+07 3.2702e+01 4.9919e+02 -6.7937e+03 -2.2005e+05 -4.2369e+04
-2.1029e+07 2.5781e+01 6.3085e+02 -5.4360e+03 -2.2282e+05 -3.8950e+04
-2.5036e+07 2.4172e+01 7.2554e+02 -4.0720e+03 -2.2066e+05 -3.6549e+04
-1.9243e+07 2.9019e+01 7.8786e+02 -2.6858e+03 -1.9896e+05 -3.1995e+04
-2.4190e+07 3.3373e+01 8.2097e+02 -1.3384e+03 -1.2953e+05 -1.8840e+04
-3.3719e+07 3.3700e+01 8.6706e+02 -1.0704e+03 -4.7363e+04 -1.2350e+03
-1.9523e+07 3.2003e+01 9.1837e+02 -1.0319e+03 -7.3473e+03 8.5172e+03
-1.1234e+07 3.0153e+01 9.6839e+02 -9.9225e+02 -3.4472e+02 9.8589e+03
-5.0461e+06 2.9647e+01 1.0171e+03 -9.5138e+02 3.8149e+02 9.8554e+03
-2.1552e+06 3.2521e+01 1.0645e+03 -9.0939e+02 4.0723e+02 9.8513e+03
-2.6983e+06 3.6516e+01 1.1107e+03 -8.6637e+02 1.5160e+02 9.8593e+03
-3.5029e+06 3.7689e+01 1.1556e+03 -8.2238e+02 2.2724e+01 9.8422e+03
-4.1792e+06 3.7136e+01 1.1991e+03 -7.7749e+02 -1.1496e+01 9.8277e+03
-7.0494e+06 3.6804e+01 1.2415e+03 -7.3177e+02 -1.3399e+02 9.8354e+03
-7.3198e+06 3.6615e+01 1.2826e+03 -6.8529e+02 -1.4451e+02 9.8090e+03
-7.3694e+06 3.6473e+01 1.3224e+03 -6.3810e+02 -5.6473e+01 9.8125e+03
-4.4941e+06 4.5809e+01 -2.3684e+03 -8.7376e+03 2.8118e+00 -9.1608e+03
-4.7439e+06 4.5393e+01 -2.2066e+03 -8.7925e+03 -6.8130e+00 -9.1174e+03
-4.5433e+06 4.4979e+01 -2.0436e+03 -8.8445e+03 -7.1624e-01 -9.0705e+03
-4.8922e+06 4.4571e+01 -1.8794e+03 -8.8936e+03 -1.9130e+01 -9.0217e+03
-4.4360e+06 4.4177e+01 -1.7145e+03 -8.9397e+03 2.9865e+00 -8.9704e+03
-4.8993e+06 4.3804e+01 -1.5490e+03 -8.9828e+03 -2.6275e+01 -8.9189e+03
-4.1608e+06 4.3461e+01 -1.3832e+03 -9.0228e+03 -1.5377e+01 -8.8663e+03
-4.8141e+06 4.3145e+01 -1.2175e+03 -9.0597e+03 -6.5722e+01 -8.8126e+03
-3.5440e+06 4.2788e+01 -1.0520e+03 -9.0936e+03 -9.6359e+01 -8.7578e+03
-4.2899e+06 4.2054e+01 -8.8696e+02 -9.1244e+03 -2.5050e+02 -8.7057e+03
-1.3259e+06 3.9489e+01 -7.2272e+02 -9.1522e+03 -2.2888e+02 -8.6530e+03
-7.0978e+05 3.5056e+01 -5.5947e+02 -9.1771e+03 -5.2090e+01 -8.5909e+03
4.3990e+06 3.1945e+01 -3.9745e+02 -9.1990e+03 -1.8800e+02 -8.5450e+03
2.1973e+06 3.1633e+01 -2.3662e+02 -9.2145e+03 -2.4538e+03 -8.0732e+03
3.5619e+06 3.2989e+01 -7.5677e+01 -9.1968e+03 -6.0192e+03 -7.9635e+03
-1.1724e+07 3.5268e+01 8.2572e+01 -9.1780e+03 -3.2764e+04 -1.5212e+04
-7.3656e+06 3.7146e+01 2.3799e+02 -9.1570e+03 -1.1410e+05 -2.7872e+04
-2.5668e+06 3.6142e+01 4.2282e+02 -7.8179e+03 -1.9658e+05 -3.8693e+04
-2.1278e+07 3.0787e+01 5.7255e+02 -6.4433e+03 -2.2267e+05 -4.4624e+04
-2.1169e+07 2.4946e+01 6.8671e+02 -5.0754e+03 -2.2219e+05 -4.7859e+04
-2.5190e+07 2.4971e+01 7.6665e+02 -3.7803e+03 -2.1990e+05 -5.1172e+04
-1.6464e+07 2.9842e+01 8.1896e+02 -2.5020e+03 -1.9458e+05 -4.4620e+04
-2.5750e+07 3.3305e+01 8.4406e+02 -1.2043e+03 -1.2349e+05 -2.0717e+04
-3.3658e+07 3.3056e+01 8.8954e+02 -1.0037e+03 -4.1728e+04 2.4664e+03
-2.1106e+07 3.0989e+01 9.3908e+02 -9.6498e+02 -3.8344e+03 9.6194e+03
-8.7586e+06 2.9506e+01 9.8740e+02 -9.2503e+02 1.3919e+02 9.8719e+03
-3.3729e+06 3.0977e+01 1.0345e+03 -8.8396e+02 4.0415e+02 9.8428e+03
-7.6555e+05 3.5033e+01 1.0804e+03 -8.4183e+02 3.8951e+02 9.8742e+03
-2.9682e+06 3.7586e+01 1.1250e+03 -7.9873e+02 4.1216e+01 9.8667e+03
-4.1992e+06 3.7466e+01 1.1684e+03 -7.5471e+02 3.5328e+01 9.8419e+03
-4.3943e+06 3.6967e+01 1.2106e+03 -7.0984e+02 -7.1015e+01 9.8470e+03
-5.7171e+06 3.6773e+01 1.2517e+03 -6.6419e+02 -1.2576e+02 9.8315e+03
-6.9411e+06 3.6585e+01 1.2915e+03 -6.1782e+02 -1.1783e+02 9.8332e+03
-4.5939e+06 4.5562e+01 -2.3684e+03 -8.7734e+03 3.2425e+00 -9.0247e+03
-4.6264e+06 4.5158e+01 -2.2106e+03 -8.8270e+03 -2.7512e+00 -8.9797e+03
-4.7049e+06 4.4757e+01 -2.0516e+03 -8.8779e+03 -4.0941e+00 -8.9320e+03
-4.7056e+06 4.4359e+01 -1.8915e+03 -8.9260e+03 -1.3234e+01 -8.8825e+03
-4.6893e+06 4.3965e+01 -1.7307e+03 -8.9714e+03 -1.8862e+00 -8.8309e+03
-4.6590e+06 4.3586e+01 -1.5693e+03 -9.0138e+03 -1.6002e+01 -8.7784e+03
-4.6150e+06 4.3222e+01 -1.4076e+03 -9.0534e+03 -1.8155e+01 -8.7253e+03
-4.5113e+06 4.2857e+01 -1.2458e+03 -9.0900e+03 -4.7806e+01 -8.6710e+03
-4.2663e+06 4.2452e+01 -1.0842e+03 -9.1237e+03 -6.3834e+01 -8.6159e+03
-3.8833e+06 4.1968e+01 -9.2308e+02 -9.1545e+03 -1.4871e+02 -8.5622e+03
-3.1097e+06 4.0799e+01 -7.6261e+02 -9.1825e+03 -2.1810e+02 -8.5084e+03
-1.7473e+06 3.8009e+01 -6.0302e+02 -9.2076e+03 -2.3820e+02 -8.4510e+03
6.5900e+05 3.4174e+01 -4.4454e+02 -9.2300e+03 -1.5964e+02 -8.4054e+03
3.3716e+06 3.1614e+01 -2.8736e+02 -9.2497e+03 -1.7002e+03 -8.1850e+03
6.1984e+06 3.1553e+01 -1.3005e+02 -9.2409e+03 -3.4909e+03 -8.0010e+03
-1.0208e+04 3.3025e+01 2.5336e+01 -9.2235e+03 -7.8766e+03 -8.2687e+03
-1.2871e+07 3.4977e+01 1.7816e+02 -9.2031e+03 -4.9864e+04 -1.4113e+04
-6.8594e+06 3.6325e+01 3.3765e+02 -8.8618e+03 -1.3721e+05 -3.1596e+04
-6.2163e+06 3.4934e+01 5.0489e+02 -7.4835e+03 -2.0358e+05 -5.1801e+04
-2.1620e+07 2.9797e+01 6.3654e+02 -6.2303e+03 -2.2144e+05 -6.1034e+04
-2.1133e+07 2.4735e+01 7.3690e+02 -4.9704e+03 -2.2267e+05 -6.0608e+04
-2.8089e+07 2.5113e+01 8.0626e+02 -3.6894e+03 -2.2292e+05 -5.3910e+04
-1.2960e+07 2.9767e+01 8.4877e+02 -2.3887e+03 -1.9644e+05 -3.3882e+04
-2.7036e+07 3.2868e+01 8.6165e+02 -9.7460e+02 -1.1195e+05 -1.0894e+04
-3.3083e+07 3.2239e+01 9.1071e+02 -9.3665e+02 -2.8620e+04 3.4899e+03
-1.4833e+07 3.0278e+01 9.5860e+02 -8.9759e+02 -1.9372e+03 9.7039e+03
-7.9570e+06 2.9848e+01 1.0053e+03 -8.5739e+02 1.3336e+02 9.8797e+03
-4.7760e+05 3.2475e+01 1.0509e+03 -8.1614e+02 5.2962e+02 9.8734e+03
-1.7429e+06 3.6123e+01 1.0953e+03 -7.7389e+02 2.2606e+02 9.8978e+03
-3.2268e+05 3.7468e+01 1.1385e+03 -7.3072e+02 1.6091e+02 9.8716e+03
-5.5107e+06 3.7202e+01 1.1806e+03 -6.8668e+02 -3.1278e+01 9.8602e+03
-5.6904e+06 3.6964e+01 1.2215e+03 -6.4184e+02 -1.7550e+02 9.8502e+03
-7.3614e+06 3.6776e+01 1.2613e+03 -5.9626e+02 -2.0777e+02 9.8507e+03
-4.5952e+06 4.5342e+01 -2.3684e+03 -8.8086e+03 -6.9985e-01 -8.8857e+03
-4.6213e+06 4.4944e+01 -2.2144e+03 -8.8610e+03 3.2625e+00 -8.8410e+03
-4.6912e+06 4.4542e+01 -2.0592e+03 -8.9109e+03 -3.9320e+00 -8.7926e+03
-4.6711e+06 4.4145e+01 -1.9031e+03 -8.9581e+03 -3.5773e-01 -8.7422e+03
-4.7234e+06 4.3755e+01 -1.7461e+03 -9.0027e+03 -6.5354e+00 -8.6902e+03
-4.6127e+06 4.3379e+01 -1.5886e+03 -9.0445e+03 -1.1703e+00 -8.6371e+03
-4.7062e+06 4.3000e+01 -1.4308e+03 -9.0836e+03 -1.9688e+01 -8.5834e+03
-4.4906e+06 4.2582e+01 -1.2728e+03 -9.1199e+03 -2.1723e+01 -8.5284e+03
-4.5890e+06 4.2117e+01 -1.1150e+03 -9.1535e+03 -5.8964e+01 -8.4730e+03
-4.1196e+06 4.1656e+01 -9.5759e+02 -9.1843e+03 -8.2693e+01 -8.4168e+03
-4.0156e+06 4.1179e+01 -8.0074e+02 -9.2123e+03 -1.7718e+02 -8.3628e+03
-2.6324e+06 4.0169e+01 -6.4467e+02 -9.2377e+03 -2.3817e+02 -8.3058e+03
-1.3528e+06 3.7410e+01 -4.8959e+02 -9.2604e+03 -2.8222e+02 -8.2464e+03
1.9160e+06 3.3438e+01 -3.3570e+02 -9.2805e+03 -1.0072e+03 -8.2350e+03
3.3227e+06 3.1205e+01 -1.8232e+02 -9.2854e+03 -3.0019e+03 -8.1268e+03
5.1915e+06 3.1506e+01 -2.9682e+01 -9.2684e+03 -4.6377e+03 -8.0113e+03
-1.9056e+06 3.2822e+01 1.2059e+02 -9.2486e+03 -1.5690e+04 -1.0629e+04
-1.1289e+07 3.4699e+01 2.6823e+02 -9.2260e+03 -6.6051e+04 -2.3025e+04
-5.3340e+06 3.6362e+01 4.2427e+02 -8.7164e+03 -1.4666e+05 -4.6750e+04
-1.0115e+07 3.5065e+01 5.7495e+02 -7.4523e+03 -2.0498e+05 -6.3357e+04
-1.8182e+07 2.9528e+01 6.9479e+02 -6.1830e+03 -2.2446e+05 -6.0352e+04
-2.3391e+07 2.4274e+01 7.8385e+02 -4.9004e+03 -2.2918e+05 -4.6084e+04
-2.4039e+07 2.5458e+01 8.3938e+02 -3.4446e+03 -2.2831e+05 -3.0285e+04
-1.6442e+07 3.0800e+01 8.6518e+02 -1.9285e+03 -1.8083e+05 -1.6009e+04
-3.1440e+07 3.3117e+01 8.8322e+02 -9.0734e+02 -8.3601e+04 -2.5642e+03
-2.5242e+07 3.1592e+01 9.3068e+02 -8.6911e+02 -1.5689e+04 6.8510e+03
-1.0260e+07 2.9748e+01 9.7702e+02 -8.2976e+02 -4.5996e+02 9.8839e+03
-3.6175e+06 3.0234e+01 1.0223e+03 -7.8935e+02 4.2050e+02 9.8991e+03
-1.3740e+05 3.3589e+01 1.0664e+03 -7.4793e+02 4.8956e+02 9.9056e+03
-2.0833e+06 3.6757e+01 1.1094e+03 -7.0558e+02 2.0804e+02 9.9018e+03
-2.5964e+05 3.7469e+01 1.1513e+03 -6.6235e+02 1.9171e+02 9.8884e+03
-3.1968e+06 3.7170e+01 1.1921e+03 -6.1830e+02 4.0575e+01 9.8663e+03
-5.1901e+06 3.6987e+01 1.2318e+03 -5.7349e+02 -1.2198e+02 9.8705e+03
-4.6183e+06 4.5128e+01 -2.3684e+03 -8.8435e+03 -7.6004e-01 -8.7453e+03
-4.6173e+06 4.4734e+01 -2.2181e+03 -8.8947e+03 1.9813e+00 -8.7007e+03
-4.6753e+06 4.4335e+01 -2.0666e+03 -8.9435e+03 4.1885e-01 -8.6524e+03
-4.6647e+06 4.3942e+01 -1.9141e+03 -8.9899e+03 3.6751e-01 -8.6011e+03
-4.6986e+06 4.3555e+01 -1.7608e+03 -9.0337e+03 -2.1176e+00 -8.5484e+03
-4.6804e+06 4.3175e+01 -1.6071e+03 -9.0749e+03 -4.2798e+00 -8.4948e+03
-4.6945e+06 4.2776e+01 -1.4529e+03 -9.1135e+03 -1.1126e+01 -8.4404e+03
-4.6417e+06 4.2311e+01 -1.2987e+03 -9.1495e+03 -1.8760e+01 -8.3851e+03
-4.5697e+06 4.1806e+01 -1.1445e+03 -9.1828e+03 -3.4421e+01 -8.3291e+03
-4.3797e+06 4.1352e+01 -9.9060e+02 -9.2136e+03 -5.6073e+01 -8.2721e+03
-4.1228e+06 4.1034e+01 -8.3721e+02 -9.2417e+03 -1.0120e+02 -8.2154e+03
-3.7575e+06 4.0806e+01 -6.8453e+02 -9.2672e+03 -1.9670e+02 -8.1585e+03
-2.8331e+06 3.9682e+01 -5.3274e+02 -9.2903e+03 -3.0910e+02 -8.1049e+03
-7.6144e+05 3.6355e+01 -3.8203e+02 -9.3108e+03 -5.8481e+02 -8.1353e+03
2.8338e+06 3.2425e+01 -2.3256e+02 -9.3289e+03 -2.1405e+03 -8.0990e+03
4.9908e+06 3.0844e+01 -8.2611e+01 -9.3128e+03 -3.9080e+03 -8.2785e+03
2.0850e+06 3.1359e+01 6.4966e+01 -9.2969e+03 -5.5636e+03 -8.8940e+03
-3.2562e+06 3.2911e+01 2.1000e+02 -9.2839e+03 -1.9784e+04 -1.3051e+04
-1.2601e+07 3.5378e+01 3.5263e+02 -9.2684e+03 -7.1219e+04 -2.7867e+04
-5.2163e+06 3.7075e+01 5.0180e+02 -8.7155e+03 -1.5304e+05 -4.4842e+04
-1.3332e+07 3.4906e+01 6.4093e+02 -7.4079e+03 -2.1430e+05 -4.6201e+04
-1.9811e+07 2.8272e+01 7.4795e+02 -5.9221e+03 -2.3329e+05 -3.5539e+04
-2.4846e+07 2.3915e+01 8.1969e+02 -4.4231e+03 -2.3492e+05 -2.6211e+04
-2.1914e+07 2.7196e+01 8.6032e+02 -2.9011e+03 -2.2071e+05 -1.7153e+04
-2.1492e+07 3.2263e+01 8.7313e+02 -1.3567e+03 -1.5162e+05 -4.3095e+03
-3.4504e+07 3.3007e+01 9.0360e+02 -8.3967e+02 -5.2987e+04 6.1246e+03
-1.9186e+07 3.1006e+01 9.4955e+02 -8.0113e+02 -4.0212e+03 9.7190e+03
-9.0196e+06 2.9625e+01 9.9443e+02 -7.6152e+02 2.5546e+02 9.9141e+03
-1.2706e+06 3.1075e+01 1.0383e+03 -7.2091e+02 3.5060e+02 9.9004e+03
1.1413e+06 3.4752e+01 1.0810e+03 -6.7935e+02 5.0625e+02 9.9115e+03
-1.8333e+06 3.7237e+01 1.1227e+03 -6.3690e+02 1.6633e+02 9.9009e+03
-3.3129e+06 3.7574e+01 1.1633e+03 -5.9362e+02 6.1608e+01 9.8811e+03
-3.9971e+06 3.7350e+01 1.2029e+03 -5.4956e+02 -2.5598e+01 9.9015e+03
-4.5869e+06 4.4917e+01 -2.3684e+03 -8.8778e+03 1.4184e+00 -8.6062e+03
-4.6663e+06 4.4529e+01 -2.2215e+03 -8.9279e+03 -1.9743e+00 -8.5607e+03
-4.6332e+06 4.4134e+01 -2.0735e+03 -8.9758e+03 2.6355e+00 -8.5108e+03
-4.7251e+06 4.3746e+01 -1.9246e+03 -9.0212e+03 -5.4917e+00 -8.4594e+03
-4.6476e+06 4.3359e+01 -1.7749e+03 -9.0643e+03 2.4618e+00 -8.4059e+03
-4.7455e+06 4.2958e+01 -1.6247e+03 -9.1049e+03 -8.0134e+00 -8.3518e+03
-4.6292e+06 4.2524e+01 -1.4741e+03 -9.1430e+03 3.5735e-01 -8.2965e+03
-4.7630e+06 4.2029e+01 -1.3234e+03 -9.1787e+03 -2.0085e+01 -8.2409e+03
-4.5771e+06 4.1521e+01 -1.1727e+03 -9.2118e+03 -1.5528e+01 -8.1838e+03
-4.7146e+06 4.1099e+01 -1.0222e+03 -9.2424e+03 -5.4011e+01 -8.1268e+03
-4.2890e+06 4.0799e+01 -8.7214e+02 -9.2706e+03 -5.3638e+01 -8.0680e+03
-4.2146e+06 4.0641e+01 -7.2272e+02 -9.2963e+03 -1.3665e+02 -8.0109e+03
-3.2292e+06 4.0383e+01 -5.7410e+02 -9.3195e+03 -1.9117e+02 -7.9507e+03
-2.6978e+06 3.8746e+01 -4.2645e+02 -9.3404e+03 -3.8214e+02 -7.8993e+03
-4.3386e+05 3.5167e+01 -2.7995e+02 -9.3590e+03 -1.2755e+03 -7.9649e+03
2.7448e+06 3.1896e+01 -1.3405e+02 -9.3644e+03 -2.7612e+03 -8.5093e+03
6.4838e+06 3.0784e+01 1.0845e+01 -9.3546e+03 -3.7690e+03 -9.1213e+03
3.7943e+06 3.1415e+01 1.5368e+02 -9.3422e+03 -5.3525e+03 -9.3755e+03
-3.1342e+06 3.3340e+01 2.9431e+02 -9.3275e+03 -2.1072e+04 -1.3295e+04
-1.4305e+07 3.6002e+01 4.3257e+02 -9.3104e+03 -8.2846e+04 -2.5187e+04
-2.4923e+06 3.7131e+01 5.7783e+02 -8.4420e+03 -1.7678e+05 -3.3680e+04
-1.5375e+07 3.3483e+01 7.0221e+02 -6.9406e+03 -2.3166e+05 -3.2836e+04
-2.1850e+07 2.6681e+01 7.9222e+02 -5.4197e+03 -2.3885e+05 -2.9092e+04
-2.5555e+07 2.4766e+01 8.4777e+02 -3.8922e+03 -2.3719e+05 -2.3951e+04
-1.7071e+07 2.9613e+01 8.7512e+02 -2.3419e+03 -2.0848e+05 -1.6862e+04
-2.7720e+07 3.3510e+01 8.7734e+02 -8.0932e+02 -1.2174e+05 -8.7476e+03
-3.5446e+07 3.2955e+01 9.2288e+02 -7.7155e+02 -3.4051e+04 2.1531e+03
-1.2789e+07 3.0831e+01 9.6740e+02 -7.3272e+02 -2.6972e+03 9.6232e+03
-9.3894e+06 2.9930e+01 1.0109e+03 -6.9288e+02 5.5947e+01 9.9351e+03
-1.1236e+06 3.1886e+01 1.0534e+03 -6.5209e+02 4.7585e+02 9.9199e+03
5.3343e+05 3.5406e+01 1.0949e+03 -6.1040e+02 4.9118e+02 9.9242e+03
2.0709e+06 3.7431e+01 1.1353e+03 -5.6787e+02 4.4044e+02 9.8796e+03
-3.0831e+06 3.7722e+01 1.1748e+03 -5.2455e+02 1.1130e+02 9.8911e+03
-4.5801e+06 4.4709e+01 -2.3684e+03 -8.9117e+03 3.2624e+00 -8.4625e+03
-4.6962e+06 4.4326e+01 -2.2248e+03 -8.9607e+03 -3.8256e+00 -8.4182e+03
-4.6009e+06 4.3937e+01 -2.0802e+03 -9.0076e+03 3.7175e+00 -8.3688e+03
-4.7737e+06 4.3553e+01 -1.9347e+03 -9.0522e+03 -7.6255e+00 -8.3166e+03
-4.5809e+06 4.3168e+01 -1.7884e+03 -9.0946e+03 5.1112e+00 -8.2624e+03
-4.8583e+06 4.2746e+01 -1.6416e+03 -9.1346e+03 -1.0487e+01 -8.2077e+03
-4.5289e+06 4.2274e+01 -1.4944e+03 -9.1722e+03 6.0189e+00 -8.1518e+03
-4.9724e+06 4.1761e+01 -1.3470e+03 -9.2075e+03 -2.1175e+01 -8.0958e+03
-4.3945e+06 4.1272e+01 -1.1996e+03 -9.2404e+03 7.5009e-01 -8.0380e+03
-5.0403e+06 4.0890e+01 -1.0524e+03 -9.2709e+03 -4.4781e+01 -7.9804e+03
-4.0503e+06 4.0604e+01 -9.0562e+02 -9.2990e+03 -2.1683e+01 -7.9209e+03
-5.0260e+06 4.0400e+01 -7.5934e+02 -9.3248e+03 -1.0659e+02 -7.8623e+03
-3.3540e+06 4.0300e+01 -6.1378e+02 -9.3483e+03 -1.1303e+02 -7.8000e+03
-4.2175e+06 3.9821e+01 -4.6910e+02 -9.3695e+03 -2.5896e+02 -7.7457e+03
-6.6485e+05 3.8003e+01 -3.2545e+02 -9.3884e+03 -5.3439e+02 -7.7765e+03
-1.1891e+06 3.4933e+01 -1.8300e+02 -9.4052e+03 -1.4765e+03 -8.0781e+03
4.5272e+06 3.1992e+01 -4.1438e+01 -9.4120e+03 -2.5148e+03 -8.6311e+03
4.3896e+06 3.0592e+01 9.9239e+01 -9.4002e+03 -3.7374e+03 -9.0089e+03
6.4139e+06 3.1348e+01 2.3785e+02 -9.3861e+03 -5.3967e+03 -9.2755e+03
-9.3731e+06 3.3837e+01 3.7429e+02 -9.3697e+03 -2.9558e+04 -1.5144e+04
-9.4100e+06 3.6616e+01 5.0834e+02 -9.3544e+03 -1.1305e+05 -2.3892e+04
-2.8730e+06 3.6731e+01 6.4752e+02 -7.9921e+03 -2.0575e+05 -3.0821e+04
-1.9914e+07 3.1591e+01 7.5507e+02 -6.4626e+03 -2.4013e+05 -3.2923e+04
-2.2392e+07 2.5583e+01 8.2833e+02 -4.9090e+03 -2.4084e+05 -3.3781e+04
-2.6657e+07 2.6150e+01 8.6939e+02 -3.3455e+03 -2.3407e+05 -4.2084e+04
-1.5894e+07 3.1125e+01 8.9148e+02 -1.9770e+03 -1.9549e+05 -4.3889e+04
-2.8343e+07 3.3814e+01 8.9698e+02 -7.4109e+02 -1.1328e+05 -2.3221e+04
-3.2960e+07 3.2978e+01 9.4113e+02 -7.0300e+02 -3.5346e+04 1.3353e+03
-1.4649e+07 3.0868e+01 9.8431e+02 -6.6391e+02 -3.3762e+03 9.5650e+03
-6.0865e+06 3.0261e+01 1.0265e+03 -6.2386e+02 1.3908e+02 9.9089e+03
-3.9048e+06 3.2368e+01 1.0678e+03 -5.8290e+02 2.4550e+02 9.9104e+03
-2.9453e+06 3.5078e+01 1.1080e+03 -5.4110e+02 3.0766e+02 9.8992e+03
-1.0618e+06 3.5962e+01 1.1473e+03 -4.9849e+02 3.0001e+02 9.9040e+03
-4.6166e+06 4.4505e+01 -2.3684e+03 -8.9451e+03 8.3573e-01 -8.3230e+03
-4.6524e+06 4.4128e+01 -2.2280e+03 -8.9931e+03 -5.0584e-01 -8.2765e+03
-4.6671e+06 4.3743e+01 -2.0866e+03 -9.0390e+03 -4.8670e-01 -8.2256e+03
-4.6893e+06 4.3367e+01 -1.9444e+03 -9.0829e+03 -2.1587e+00 -8.1728e+03
-4.6976e+06 4.2985e+01 -1.8013e+03 -9.1245e+03 1.1760e-01 -8.1182e+03
-4.7108e+06 4.2557e+01 -1.6578e+03 -9.1639e+03 -1.6554e+00 -8.0627e+03
-4.7252e+06 4.2059e+01 -1.5138e+03 -9.2011e+03 -7.6141e-03 -8.0065e+03
-4.7461e+06 4.1530e+01 -1.3697e+03 -9.2360e+03 -7.3350e+00 -7.9495e+03
-4.7644e+06 4.1065e+01 -1.2255e+03 -9.2686e+03 -8.2702e+00 -7.8916e+03
-4.7512e+06 4.0719e+01 -1.0815e+03 -9.2989e+03 -2.2135e+01 -7.8328e+03
-4.7008e+06 4.0445e+01 -9.3773e+02 -9.3270e+03 -2.7653e+01 -7.7734e+03
-4.5147e+06 4.0216e+01 -7.9448e+02 -9.3529e+03 -5.4656e+01 -7.7128e+03
-4.2444e+06 4.0063e+01 -6.5187e+02 -9.3765e+03 -8.5850e+01 -7.6524e+03
-3.8952e+06 3.9916e+01 -5.1006e+02 -9.3979e+03 -1.4486e+02 -7.5910e+03
-3.4704e+06 3.9408e+01 -3.6919e+02 -9.4172e+03 -2.5775e+02 -7.5382e+03
-2.0080e+06 3.7893e+01 -2.2941e+02 -9.4344e+03 -6.0523e+02 -7.5449e+03
1.4174e+06 3.4707e+01 -9.0851e+01 -9.4495e+03 -1.1652e+03 -7.8013e+03
4.4065e+06 3.1246e+01 4.6583e+01 -9.4579e+03 -2.3360e+03 -8.4108e+03
7.0417e+06 3.0232e+01 1.8322e+02 -9.4444e+03 -3.3493e+03 -8.9816e+03
-1.5989e+04 3.1809e+01 3.1772e+02 -9.4315e+03 -7.3221e+03 -9.5141e+03
-1.2679e+07 3.4722e+01 4.5008e+02 -9.4182e+03 -5.0635e+04 -1.4624e+04
-7.2834e+06 3.7125e+01 5.8392e+02 -9.0614e+03 -1.4710e+05 -2.5338e+04
-6.1917e+06 3.5704e+01 7.0873e+02 -7.5274e+03 -2.2259e+05 -3.9465e+04
-2.2612e+07 2.9908e+01 7.9994e+02 -5.9759e+03 -2.3954e+05 -5.5393e+04
-2.1695e+07 2.5279e+01 8.6349e+02 -4.6645e+03 -2.3757e+05 -6.6288e+04
-2.8141e+07 2.6571e+01 9.0195e+02 -3.3358e+03 -2.3258e+05 -6.7541e+04
-1.3250e+07 3.1085e+01 9.1910e+02 -2.0078e+03 -1.9867e+05 -5.4968e+04
-2.6326e+07 3.3668e+01 9.1560e+02 -6.7241e+02 -1.1926e+05 -3.0174e+04
-3.3837e+07 3.2990e+01 9.5844e+02 -6.3403e+02 -4.2259e+04 -4.8935e+03
-1.8878e+07 3.1215e+01 1.0004e+03 -5.9470e+02 -8.8173e+03 8.0056e+03
-8.4717e+06 3.0777e+01 1.0413e+03 -5.5446e+02 -7.0127e+02 9.8928e+03
-1.3720e+06 3.1740e+01 1.0814e+03 -5.1336e+02 7.8753e+02 9.9860e+03
-3.4131e+06 3.1986e+01 1.1205e+03 -4.7145e+02 6.9077e+02 9.9369e+03
-4.6548e+06 4.4304e+01 -2.3684e+03 -8.9780e+03 -2.2115e+00 -8.1784e+03
-4.6126e+06 4.3933e+01 -2.2311e+03 -9.0250e+03 2.1622e+00 -8.1323e+03
-4.7130e+06 4.3555e+01 -2.0928e+03 -9.0700e+03 -3.7840e+00 -8.0820e+03
-4.6280e+06 4.3185e+01 -1.9536e+03 -9.1130e+03 3.1940e+00 -8.0282e+03
-4.7678e+06 4.2808e+01 -1.8137e+03 -9.1540e+03 -4.2057e+00 -7.9732e+03
-4.6352e+06 4.2377e+01 -1.6733e+03 -9.1928e+03 5.6237e+00 -7.9169e+03
-4.8535e+06 4.1860e+01 -1.5325e+03 -9.2295e+03 -8.0679e+00 -7.8603e+03
-4.6306e+06 4.1323e+01 -1.3914e+03 -9.2640e+03 5.4839e+00 -7.8024e+03
-4.9477e+06 4.0884e+01 -1.2503e+03 -9.2964e+03 -1.7106e+01 -7.7442e+03
-4.5498e+06 4.0566e+01 -1.1093e+03 -9.3265e+03 2.7399e+00 -7.6844e+03
-4.9978e+06 4.0298e+01 -9.6855e+02 -9.3545e+03 -3.4945e+01 -7.6248e+03
-4.3724e+06 4.0057e+01 -8.2822e+02 -9.3804e+03 -1.8873e+01 -7.5630e+03
-5.0041e+06 3.9853e+01 -6.8847e+02 -9.4041e+03 -8.7830e+01 -7.5024e+03
-3.6885e+06 3.9679e+01 -5.4943e+02 -9.4257e+03 -6.7024e+01 -7.4387e+03
-4.1359e+06 3.9494e+01 -4.1125e+02 -9.4453e+03 -1.4869e+02 -7.3791e+03
-2.2524e+06 3.9048e+01 -2.7406e+02 -9.4628e+03 -2.8421e+02 -7.3197e+03
-2.9326e+06 3.7140e+01 -1.3801e+02 -9.4784e+03 -5.8728e+02 -7.2945e+03
3.1070e+06 3.3250e+01 -3.1987e+00 -9.4920e+03 -7.6765e+02 -7.5456e+03
3.3776e+06 3.0209e+01 1.3024e+02 -9.5038e+03 -1.8811e+03 -8.1332e+03
7.8078e+06 3.0289e+01 2.6285e+02 -9.4943e+03 -3.2267e+03 -8.8236e+03
-4.6837e+06 3.2449e+01 3.9354e+02 -9.4817e+03 -1.6193e+04 -1.1617e+04
-1.0451e+07 3.5343e+01 5.2219e+02 -9.4671e+03 -7.7204e+04 -2.1178e+04
-3.1208e+06 3.7165e+01 6.5284e+02 -8.6794e+03 -1.6659e+05 -4.6488e+04
-1.1813e+07 3.5193e+01 7.6384e+02 -7.3911e+03 -2.2156e+05 -7.2012e+04
-2.0090e+07 2.9665e+01 8.4780e+02 -6.0828e+03 -2.3740e+05 -7.8115e+04
-2.2490e+07 2.5325e+01 9.0429e+02 -4.7538e+03 -2.3949e+05 -7.5777e+04
-2.6294e+07 2.6142e+01 9.3578e+02 -3.4051e+03 -2.3623e+05 -7.4637e+04
-1.6181e+07 3.0369e+01 9.4807e+02 -2.0880e+03 -2.0353e+05 -6.7847e+04
-2.3875e+07 3.3331e+01 9.4388e+02 -8.3100e+02 -1.3103e+05 -4.8542e+04
-3.0674e+07 3.3325e+01 9.7488e+02 -5.6467e+02 -6.3915e+04 -1.8494e+04
-2.4856e+07 3.2089e+01 1.0156e+03 -5.2511e+02 -2.3570e+04 3.7549e+03
-2.1602e+07 3.1097e+01 1.0554e+03 -4.8470e+02 -4.2480e+03 8.9444e+03
-1.0272e+07 3.0201e+01 1.0943e+03 -4.4347e+02 -1.1179e+03 9.5404e+03
-4.6327e+06 4.4107e+01 -2.3684e+03 -9.0104e+03 -1.5107e+00 -8.0362e+03
-4.6356e+06 4.3742e+01 -2.2340e+03 -9.0564e+03 9.3630e-01 -7.9890e+03
-4.6822e+06 4.3372e+01 -2.0987e+03 -9.1006e+03 -2.0334e+00 -7.9372e+03
-4.6622e+06 4.3010e+01 -1.9625e+03 -9.1428e+03 1.7761e+00 -7.8830e+03
-4.7310e+06 4.2634e+01 -1.8256e+03 -9.1831e+03 -1.4187e+00 -7.8272e+03
-4.6831e+06 4.2177e+01 -1.6882e+03 -9.2213e+03 3.4049e+00 -7.7703e+03
-4.8042e+06 4.1632e+01 -1.5503e+03 -9.2575e+03 -4.4604e+00 -7.7130e+03
-4.7124e+06 4.1113e+01 -1.4123e+03 -9.2916e+03 1.9584e+00 -7.6547e+03
-4.8865e+06 4.0717e+01 -1.2741e+03 -9.3237e+03 -1.0251e+01 -7.5956e+03
-4.7130e+06 4.0418e+01 -1.1360e+03 -9.3537e+03 -2.2909e+00 -7.5355e+03
-4.9320e+06 4.0151e+01 -9.9816e+02 -9.3816e+03 -2.1182e+01 -7.4748e+03
-4.5669e+06 3.9900e+01 -8.6065e+02 -9.4074e+03 -1.3295e+01 -7.4131e+03
-4.7954e+06 3.9672e+01 -7.2365e+02 -9.4312e+03 -4.7605e+01 -7.3509e+03
-4.2565e+06 3.9445e+01 -5.8729e+02 -9.4530e+03 -5.9121e+01 -7.2877e+03
-4.5519e+06 3.9204e+01 -4.5172e+02 -9.4728e+03 -1.0185e+02 -7.2233e+03
-3.3079e+06 3.8984e+01 -3.1706e+02 -9.4906e+03 -1.4861e+02 -7.1613e+03
-2.5815e+06 3.8295e+01 -1.8343e+02 -9.5065e+03 -3.3441e+02 -7.0978e+03
-2.1011e+04 3.5378e+01 -5.0961e+01 -9.5206e+03 -2.3596e+02 -7.0341e+03
2.5735e+06 3.1145e+01 8.0246e+01 -9.5328e+03 -4.2160e+02 -7.1408e+03
4.8499e+06 2.9684e+01 2.1008e+02 -9.5433e+03 -1.1574e+03 -7.6089e+03
1.4556e+06 3.0982e+01 3.3865e+02 -9.5447e+03 -4.0655e+03 -8.4319e+03
-3.7996e+06 3.2975e+01 4.6578e+02 -9.5309e+03 -2.5285e+04 -1.4327e+04
-1.2237e+07 3.5591e+01 5.9088e+02 -9.5158e+03 -8.4027e+04 -3.3724e+04
-3.2874e+06 3.7225e+01 7.1451e+02 -8.8317e+03 -1.6267e+05 -6.0555e+04
-1.2176e+07 3.5385e+01 8.1789e+02 -7.5240e+03 -2.1948e+05 -7.7529e+04
-1.8110e+07 3.0215e+01 8.9456e+02 -6.1958e+03 -2.3851e+05 -8.2917e+04
-2.5233e+07 2.5642e+01 9.4557e+02 -4.8915e+03 -2.3998e+05 -8.5569e+04
-1.9952e+07 2.5510e+01 9.7479e+02 -3.6305e+03 -2.3485e+05 -9.0273e+04
-2.3160e+07 2.8779e+01 9.8475e+02 -2.3532e+03 -2.0632e+05 -9.6044e+04
-2.0285e+07 3.1843e+01 9.9162e+02 -1.3704e+03 -1.6094e+05 -8.1792e+04
-2.3889e+07 3.2948e+01 9.9051e+02 -4.9492e+02 -1.0519e+05 -5.9245e+04
-3.0087e+07 3.2560e+01 1.0301e+03 -4.5517e+02 -6.0030e+04 -4.0261e+04
-2.1090e+07 3.1703e+01 1.0688e+03 -4.1460e+02 -3.9592e+04 -1.3049e+04
-4.6174e+06 4.3914e+01 -2.3684e+03 -9.0422e+03 -2.6360e-01 -7.8893e+03
-4.6511e+06 4.3556e+01 -2.2368e+03 -9.0874e+03 -5.5437e-01 -7.8434e+03
-4.6514e+06 4.3193e+01 -2.1043e+03 -9.1307e+03 1.5443e-01 -7.7918e+03
-4.6984e+06 4.2839e+01 -1.9710e+03 -9.1722e+03 -6.3758e-01 -7.7369e+03
-4.6793e+06 4.2457e+01 -1.8370e+03 -9.2117e+03 1.8912e+00 -7.6804e+03
-4.7625e+06 4.1959e+01 -1.7025e+03 -9.2494e+03 -7.2279e-01 -7.6230e+03
-4.7236e+06 4.1380e+01 -1.5675e+03 -9.2851e+03 1.2154e+00 -7.5650e+03
-4.8417e+06 4.0899e+01 -1.4323e+03 -9.3188e+03 -3.4207e+00 -7.5063e+03
-4.7395e+06 4.0559e+01 -1.2970e+03 -9.3506e+03 5.1679e-01 -7.4465e+03
-4.8866e+06 4.0276e+01 -1.1617e+03 -9.3803e+03 -7.0776e+00 -7.3860e+03
-4.7136e+06 4.0008e+01 -1.0266e+03 -9.4081e+03 -5.3571e+00 -7.3243e+03
-4.9219e+06 3.9750e+01 -8.9184e+02 -9.4339e+03 -1.9745e+01 -7.2623e+03
-4.6448e+06 3.9509e+01 -7.5750e+02 -9.4577e+03 -2.3707e+01 -7.1987e+03
-4.7639e+06 3.9254e+01 -6.2374e+02 -9.4796e+03 -4.8273e+01 -7.1356e+03
-4.0385e+06 3.8961e+01 -4.9069e+02 -9.4996e+03 -5.1976e+01 -7.0701e+03
-4.1809e+06 3.8711e+01 -3.5848e+02 -9.5177e+03 -1.0252e+02 -7.0056e+03
-3.4644e+06 3.8488e+01 -2.2722e+02 -9.5339e+03 -2.0602e+02 -6.9399e+03
-2.3588e+06 3.6919e+01 -9.7025e+01 -9.5484e+03 -2.9207e+02 -6.8734e+03
7.7005e+05 3.3146e+01 3.1998e+01 -9.5611e+03 -1.0129e+02 -6.8081e+03
3.7684e+06 3.0571e+01 1.5975e+02 -9.5721e+03 3.1228e+01 -6.8111e+03
6.4036e+06 3.0652e+01 2.8613e+02 -9.5814e+03 -5.4695e+02 -7.0803e+03
1.6430e+06 3.1097e+01 4.1106e+02 -9.5892e+03 -3.4488e+03 -7.8631e+03
-4.9343e+06 3.2582e+01 5.3464e+02 -9.5811e+03 -2.2619e+04 -1.3313e+04
-1.2759e+07 3.5285e+01 6.5638e+02 -9.5660e+03 -7.7474e+04 -3.1632e+04
-4.4468e+06 3.7007e+01 7.7431e+02 -8.9879e+03 -1.5516e+05 -6.1683e+04
-8.9585e+06 3.5852e+01 8.7090e+02 -7.7036e+03 -2.1487e+05 -8.5781e+04
-1.8803e+07 3.1377e+01 9.4369e+02 -6.4635e+03 -2.3648e+05 -9.6508e+04
-2.3138e+07 2.6419e+01 9.9235e+02 -5.2049e+03 -2.3397e+05 -1.0782e+05
-2.2566e+07 2.4724e+01 1.0270e+03 -4.1640e+03 -2.2630e+05 -1.2141e+05
-1.7646e+07 2.6233e+01 1.0501e+03 -3.2004e+03 -2.1678e+05 -1.2891e+05
-1.2744e+07 2.8156e+01 1.0589e+03 -2.2278e+03 -1.8649e+05 -1.3480e+05
-2.6537e+07 2.9647e+01 1.0763e+03 -1.6154e+03 -1.5466e+05 -1.2250e+05
-1.2221e+07 3.0817e+01 1.0863e+03 -1.0274e+03 -1.3332e+05 -8.7581e+04
-4.6089e+06 4.3726e+01 -2.3684e+03 -9.0736e+03 1.2087e+00 -7.7464e+03
-4.6468e+06 4.3374e+01 -2.2395e+03 -9.1178e+03 -6.4914e-01 -7.6987e+03
-4.6489e+06 4.3017e+01 -2.1098e+03 -9.1603e+03 1.0460e+00 -7.6453e+03
-4.6951e+06 4.2656e+01 -1.9792e+03 -9.2010e+03 -1.5903e+00 -7.5900e+03
-4.6877e+06 4.2242e+01 -1.8480e+03 -9.2400e+03 3.4234e+00 -7.5329e+03
-4.7578e+06 4.1712e+01 -1.7162e+03 -9.2770e+03 -1.3082e+00 -7.4750e+03
-4.7580e+06 4.1144e+01 -1.5840e+03 -9.3123e+03 2.8311e+00 -7.4163e+03
-4.8409e+06 4.0712e+01 -1.4516e+03 -9.3456e+03 -4.9004e+00 -7.3570e+03
-4.7806e+06 4.0411e+01 -1.3190e+03 -9.3770e+03 4.3001e+00 -7.2965e+03
-4.8761e+06 4.0139e+01 -1.1864e+03 -9.4066e+03 -8.2175e+00 -7.2354e+03
-4.7737e+06 3.9870e+01 -1.0540e+03 -9.4342e+03 2.8864e-01 -7.1731e+03
-4.8817e+06 3.9608e+01 -9.2185e+02 -9.4599e+03 -1.6027e+01 -7.1105e+03
-4.6497e+06 3.9350e+01 -7.9008e+02 -9.4837e+03 -5.5275e+00 -7.0464e+03
-4.8916e+06 3.9059e+01 -6.5884e+02 -9.5057e+03 -4.3012e+01 -6.9822e+03
-4.5528e+06 3.8743e+01 -5.2824e+02 -9.5258e+03 -4.5537e+01 -6.9162e+03
-4.5233e+06 3.8494e+01 -3.9841e+02 -9.5441e+03 -8.1632e+01 -6.8508e+03
-3.3176e+06 3.8357e+01 -2.6945e+02 -9.5606e+03 -1.0092e+02 -6.7835e+03
-3.4130e+06 3.7803e+01 -1.4147e+02 -9.5754e+03 -2.2717e+02 -6.7203e+03
-1.2543e+06 3.5572e+01 -1.4584e+01 -9.5885e+03 -2.5443e+02 -6.6511e+03
2.6810e+05 3.2911e+01 1.1112e+02 -9.5999e+03 -7.0145e+01 -6.5805e+03
4.0271e+06 3.1296e+01 2.3555e+02 -9.6097e+03 2.3037e+02 -6.5238e+03
6.1582e+06 2.9906e+01 3.5863e+02 -9.6180e+03 9.6122e+01 -6.5767e+03
4.4351e+06 2.9998e+01 4.8026e+02 -9.6247e+03 -2.1451e+03 -7.1400e+03
-4.3814e+06 3.1979e+01 6.0038e+02 -9.6301e+03 -1.8719e+04 -1.1741e+04
-1.1455e+07 3.4496e+01 7.1893e+02 -9.6154e+03 -6.5492e+04 -3.0345e+04
-8.9471e+06 3.6468e+01 8.3341e+02 -9.2968e+03 -1.3868e+05 -6.3494e+04
-3.6724e+05 3.6071e+01 9.2595e+02 -8.0597e+03 -1.9927e+05 -9.8523e+04
-1.7959e+07 3.2858e+01 9.9876e+02 -6.9740e+03 -2.2147e+05 -1.2319e+05
-1.7022e+07 2.8721e+01 1.0573e+03 -6.0302e+03 -2.2341e+05 -1.3313e+05
-2.8829e+07 2.5545e+01 1.0987e+03 -5.0742e+03 -2.1857e+05 -1.4326e+05
-2.1512e+07 2.4069e+01 1.1330e+03 -4.3010e+03 -2.0605e+05 -1.5964e+05
-2.6832e+07 2.4333e+01 1.1673e+03 -3.7155e+03 -2.0639e+05 -1.5773e+05
-9.5887e+05 2.5116e+01 1.1810e+03 -2.9464e+03 -2.0010e+05 -1.4753e+05
-4.6033e+06 4.3542e+01 -2.3684e+03 -9.1044e+03 3.2039e+00 -7.5979e+03
-4.6517e+06 4.3198e+01 -2.2421e+03 -9.1477e+03 2.5796e-01 -7.5513e+03
-4.6293e+06 4.2846e+01 -2.1150e+03 -9.1894e+03 2.0386e+00 -7.4985e+03
-4.7146e+06 4.2453e+01 -1.9871e+03 -9.2294e+03 -2.1580e+00 -7.4424e+03
-4.6604e+06 4.1967e+01 -1.8585e+03 -9.2677e+03 4.6454e+00 -7.3846e+03
-4.8150e+06 4.1422e+01 -1.7294e+03 -9.3042e+03 -2.9630e+00 -7.3262e+03
-4.7678e+06 4.0929e+01 -1.5999e+03 -9.3390e+03 -1.1732e+00 -7.2668e+03
-4.9584e+06 4.0562e+01 -1.4701e+03 -9.3719e+03 -1.0902e+01 -7.2069e+03
-4.7071e+06 4.0277e+01 -1.3402e+03 -9.4030e+03 6.6504e+00 -7.1456e+03
-4.9651e+06 4.0005e+01 -1.2102e+03 -9.4323e+03 -8.6398e+00 -7.0841e+03
-4.6375e+06 3.9737e+01 -1.0804e+03 -9.4597e+03 6.6356e+00 -7.0211e+03
-5.0705e+06 3.9466e+01 -9.5075e+02 -9.4854e+03 -1.8859e+01 -6.9580e+03
-4.5669e+06 3.9189e+01 -8.2147e+02 -9.5092e+03 2.8829e+00 -6.8931e+03
-5.1356e+06 3.8862e+01 -6.9267e+02 -9.5312e+03 -3.6722e+01 -6.8286e+03
-4.1985e+06 3.8528e+01 -5.6444e+02 -9.5514e+03 -8.6014e+00 -6.7618e+03
-5.0270e+06 3.8308e+01 -4.3692e+02 -9.5699e+03 -7.7307e+01 -6.6959e+03
-3.8493e+06 3.8204e+01 -3.1020e+02 -9.5866e+03 -6.0568e+01 -6.6276e+03
-4.5222e+06 3.8058e+01 -1.8438e+02 -9.6017e+03 -1.6234e+02 -6.5609e+03
-2.1918e+06 3.7207e+01 -5.9579e+01 -9.6151e+03 -2.1691e+02 -6.4935e+03
-2.2947e+06 3.5668e+01 6.4127e+01 -9.6269e+03 -3.0204e+02 -6.4289e+03
2.8144e+06 3.3510e+01 1.8664e+02 -9.6371e+03 -8.3213e+00 -6.3611e+03
2.3093e+06 3.0590e+01 3.0789e+02 -9.6459e+03 2.0752e+02 -6.2983e+03
7.5423e+06 2.8927e+01 4.2779e+02 -9.6531e+03 3.8054e+02 -6.2528e+03
2.1262e+06 2.9442e+01 5.4627e+02 -9.6590e+03 -1.2388e+03 -6.4349e+03
1.4275e+05 3.1066e+01 6.6327e+02 -9.6634e+03 -1.1393e+04 -9.2960e+03
-1.5011e+07 3.3201e+01 7.7871e+02 -9.6642e+03 -4.6123e+04 -2.4891e+04
-6.9833e+06 3.5167e+01 8.9232e+02 -9.6462e+03 -1.0490e+05 -5.6732e+04
-6.1352e+06 3.5979e+01 9.8942e+02 -8.8595e+03 -1.5746e+05 -9.7456e+04
-4.4559e+06 3.4597e+01 1.0680e+03 -7.9237e+03 -1.9138e+05 -1.3151e+05
-9.3328e+06 3.1632e+01 1.1299e+03 -7.0009e+03 -2.0289e+05 -1.5565e+05
-1.7520e+07 2.9124e+01 1.1925e+03 -6.4314e+03 -2.0118e+05 -1.6649e+05
-2.5041e+07 2.6872e+01 1.2453e+03 -5.8578e+03 -2.1540e+05 -1.5325e+05
-1.2947e+07 2.3464e+01 1.2634e+03 -4.8640e+03 -2.0312e+05 -1.5837e+05
-4.6189e+06 4.3363e+01 -2.3684e+03 -9.1346e+03 2.2709e+00 -7.4534e+03
-4.6405e+06 4.3024e+01 -2.2446e+03 -9.1771e+03 2.1448e+00 -7.4050e+03
-4.6348e+06 4.2670e+01 -2.1200e+03 -9.2181e+03 1.5544e+00 -7.3508e+03
-4.7018e+06 4.2231e+01 -1.9947e+03 -9.2574e+03 -1.2651e+00 -7.2941e+03
-4.6810e+06 4.1675e+01 -1.8687e+03 -9.2950e+03 3.3488e+00 -7.2357e+03
-4.7916e+06 4.1139e+01 -1.7421e+03 -9.3310e+03 -1.4547e+00 -7.1766e+03
-4.7935e+06 4.0733e+01 -1.6152e+03 -9.3652e+03 -1.9105e+00 -7.1167e+03
-4.9141e+06 4.0423e+01 -1.4880e+03 -9.3977e+03 -8.5932e+00 -7.0559e+03
-4.7518e+06 4.0147e+01 -1.3606e+03 -9.4285e+03 5.2303e+00 -6.9943e+03
-4.9134e+06 3.9875e+01 -1.2331e+03 -9.4575e+03 -6.0586e+00 -6.9321e+03
-4.7207e+06 3.9609e+01 -1.1058e+03 -9.4848e+03 4.9009e+00 -6.8687e+03
-4.9634e+06 3.9322e+01 -9.7860e+02 -9.5103e+03 -1.0497e+01 -6.8047e+03
-4.6291e+06 3.9010e+01 -8.5173e+02 -9.5341e+03 6.0295e+00 -6.7394e+03
-5.0480e+06 3.8673e+01 -7.2529e+02 -9.5561e+03 -2.3349e+01 -6.6739e+03
-4.5747e+06 3.8356e+01 -5.9937e+02 -9.5764e+03 -1.0064e+01 -6.6067e+03
-5.0115e+06 3.8157e+01 -4.7408e+02 -9.5950e+03 -4.8319e+01 -6.5397e+03
-3.8777e+06 3.8058e+01 -3.4954e+02 -9.6119e+03 -2.9469e+01 -6.4714e+03
-4.6817e+06 3.7974e+01 -2.2583e+02 -9.6272e+03 -1.0001e+02 -6.4032e+03
-3.1252e+06 3.7769e+01 -1.0306e+02 -9.6409e+03 -1.1241e+02 -6.3339e+03
-4.1199e+06 3.7361e+01 1.8688e+01 -9.6531e+03 -3.0439e+02 -6.2648e+03
-1.2368e+06 3.6231e+01 1.3933e+02 -9.6637e+03 -2.8430e+02 -6.1970e+03
-3.4484e+04 3.3503e+01 2.5878e+02 -9.6728e+03 -1.3618e+02 -6.1368e+03
5.1847e+06 3.0324e+01 3.7698e+02 -9.6805e+03 3.2282e+02 -6.0640e+03
4.0887e+06 2.8719e+01 4.9383e+02 -9.6868e+03 3.0292e+02 -6.0057e+03
7.3400e+06 2.8804e+01 6.0930e+02 -9.6918e+03 1.4569e+02 -6.0174e+03
-1.5750e+06 2.9876e+01 7.2330e+02 -9.6955e+03 -3.4566e+03 -6.5228e+03
-6.8006e+06 3.1558e+01 8.3580e+02 -9.6979e+03 -2.2770e+04 -1.2409e+04
-1.4058e+07 3.3402e+01 9.4667e+02 -9.6942e+03 -5.6077e+04 -3.6555e+04
-8.5277e+06 3.4490e+01 1.0556e+03 -9.6772e+03 -9.7894e+04 -7.0744e+04
-6.0499e+06 3.4685e+01 1.1475e+03 -9.1461e+03 -1.3108e+05 -1.0448e+05
-1.2767e+07 3.4696e+01 1.2290e+03 -8.5909e+03 -1.5602e+05 -1.3183e+05
-5.8383e+06 3.3301e+01 1.2909e+03 -7.7991e+03 -1.9455e+05 -1.3989e+05
4.1518e+05 2.9090e+01 1.3287e+03 -6.8103e+03 -1.8196e+05 -1.6831e+05
-4.6345e+06 4.3190e+01 -2.3684e+03 -9.1644e+03 1.7686e+00 -7.3043e+03
-4.6151e+06 4.2855e+01 -2.2470e+03 -9.2060e+03 3.2434e+00 -7.2564e+03
-4.6605e+06 4.2475e+01 -2.1249e+03 -9.2462e+03 -9.8332e-02 -7.2027e+03
-4.6695e+06 4.1982e+01 -2.0020e+03 -9.2848e+03 3.1023e-01 -7.1450e+03
-4.7226e+06 4.1405e+01 -1.8784e+03 -9.3218e+03 1.5603e-01 -7.0861e+03
-4.7294e+06 4.0917e+01 -1.7544e+03 -9.3572e+03 1.5225e+00 -7.0263e+03
-4.7984e+06 4.0571e+01 -1.6299e+03 -9.3910e+03 3.3265e-01 -6.9660e+03
-4.7781e+06 4.0288e+01 -1.5052e+03 -9.4231e+03 1.0928e+00 -6.9045e+03
-4.8368e+06 4.0017e+01 -1.3802e+03 -9.4535e+03 2.7845e-01 -6.8423e+03
-4.7819e+06 3.9749e+01 -1.2552e+03 -9.4823e+03 4.8059e-01 -6.7793e+03
-4.8701e+06 3.9487e+01 -1.1303e+03 -9.5093e+03 -1.1325e+00 -6.7154e+03
-4.7912e+06 3.9180e+01 -1.0055e+03 -9.5347e+03 -6.1216e-01 -6.6505e+03
-4.9357e+06 3.8814e+01 -8.8092e+02 -9.5584e+03 -5.8415e+00 -6.5850e+03
-4.7552e+06 3.8475e+01 -7.5676e+02 -9.5804e+03 -4.0585e+00 -6.5185e+03
-4.8538e+06 3.8218e+01 -6.3307e+02 -9.6007e+03 -9.3744e+00 -6.4514e+03
-4.6243e+06 3.8047e+01 -5.0997e+02 -9.6195e+03 -1.9706e+01 -6.3828e+03
-4.9645e+06 3.7925e+01 -3.8754e+02 -9.6365e+03 -4.1015e+01 -6.3143e+03
-4.2944e+06 3.7824e+01 -2.6589e+02 -9.6521e+03 -5.2068e+01 -6.2441e+03
-4.4578e+06 3.7741e+01 -1.4510e+02 -9.6660e+03 -7.8846e+01 -6.1746e+03
-3.2887e+06 3.7678e+01 -2.5266e+01 -9.6784e+03 -1.1359e+02 -6.1040e+03
-3.2929e+06 3.7442e+01 9.3538e+01 -9.6894e+03 -2.3896e+02 -6.0323e+03
-1.9566e+06 3.6235e+01 2.1123e+02 -9.6989e+03 -3.1750e+02 -5.9628e+03
-7.6282e+05 3.3686e+01 3.2774e+02 -9.7070e+03 -1.7519e+02 -5.8995e+03
3.1603e+06 3.0757e+01 4.4300e+02 -9.7137e+03 1.3973e+02 -5.8365e+03
3.7197e+06 2.8826e+01 5.5695e+02 -9.7191e+03 3.7696e+02 -5.7647e+03
5.8601e+06 2.8363e+01 6.6952e+02 -9.7233e+03 4.3246e+02 -5.6908e+03
5.0762e+06 2.8767e+01 7.8067e+02 -9.7262e+03 -3.2115e+02 -5.7678e+03
8.7116e+05 2.9710e+01 8.9034e+02 -9.7279e+03 -3.2831e+03 -6.4366e+03
-1.1042e+07 3.0943e+01 9.9850e+02 -9.7286e+03 -1.7092e+04 -1.0685e+04
-8.8084e+06 3.2114e+01 1.1051e+03 -9.7281e+03 -3.6878e+04 -2.6482e+04
-1.7678e+07 3.3383e+01 1.2098e+03 -9.7162e+03 -6.2105e+04 -5.2111e+04
-7.6395e+06 3.3929e+01 1.3126e+03 -9.7006e+03 -1.0839e+05 -7.5361e+04
1.7616e+06 3.2890e+01 1.3771e+03 -8.8894e+03 -1.1184e+05 -1.1391e+05
-4.6035e+06 4.3020e+01 -2.3684e+03 -9.1935e+03 3.1129e+00 -7.1583e+03
-4.6212e+06 4.2678e+01 -2.2494e+03 -9.2344e+03 2.4740e+00 -7.1089e+03
-4.6496e+06 4.2248e+01 -2.1295e+03 -9.2738e+03 3.8975e-02 -7.0536e+03
-4.6803e+06 4.1707e+01 -2.0090e+03 -9.3117e+03 2.9447e-01 -6.9954e+03
-4.7120e+06 4.1158e+01 -1.8879e+03 -9.3482e+03 -7.6780e-01 -6.9358e+03
-4.7310e+06 4.0739e+01 -1.7662e+03 -9.3830e+03 6.7847e-01 -6.8755e+03
-4.7580e+06 4.0433e+01 -1.6441e+03 -9.4163e+03 5.6446e-01 -6.8144e+03
-4.7739e+06 4.0159e+01 -1.5217e+03 -9.4480e+03 1.4912e+00 -6.7524e+03
-4.8224e+06 3.9891e+01 -1.3992e+03 -9.4781e+03 -3.7433e+00 -6.6895e+03
-4.8245e+06 3.9625e+01 -1.2765e+03 -9.5065e+03 -2.1000e+00 -6.6259e+03
-4.8417e+06 3.9363e+01 -1.1539e+03 -9.5334e+03 -1.5041e+00 -6.5614e+03
-4.8239e+06 3.9045e+01 -1.0314e+03 -9.5586e+03 1.9331e+00 -6.4959e+03
-4.8948e+06 3.8645e+01 -9.0909e+02 -9.5821e+03 -8.6276e+00 -6.4298e+03
-4.8800e+06 3.8304e+01 -7.8714e+02 -9.6041e+03 -7.0937e+00 -6.3627e+03
-4.9661e+06 3.8097e+01 -6.6563e+02 -9.6245e+03 -1.5250e+01 -6.2947e+03
-4.7951e+06 3.7950e+01 -5.4464e+02 -9.6432e+03 -8.9397e+00 -6.2259e+03
-4.6733e+06 3.7814e+01 -4.2427e+02 -9.6605e+03 -2.1041e+01 -6.1566e+03
-4.5759e+06 3.7689e+01 -3.0462e+02 -9.6761e+03 -2.4713e+01 -6.0860e+03
-4.5390e+06 3.7583e+01 -1.8577e+02 -9.6903e+03 -5.5303e+01 -6.0151e+03
-4.3630e+06 3.7503e+01 -6.7803e+01 -9.7030e+03 -7.0815e+01 -5.9428e+03
-4.2588e+06 3.7439e+01 4.9201e+01 -9.7142e+03 -1.2738e+02 -5.8708e+03
-3.1414e+06 3.7203e+01 1.6517e+02 -9.7240e+03 -1.9450e+02 -5.7968e+03
-2.5919e+06 3.6361e+01 2.8002e+02 -9.7325e+03 -2.9896e+02 -5.7263e+03
-9.1041e+05 3.4353e+01 3.9371e+02 -9.7396e+03 -1.9000e+02 -5.6650e+03
7.9193e+05 3.1761e+01 5.0615e+02 -9.7454e+03 -2.9674e+01 -5.6010e+03
3.2091e+06 2.9990e+01 6.1730e+02 -9.7500e+03 1.4535e+02 -5.5170e+03
2.2200e+06 2.8996e+01 7.2711e+02 -9.7533e+03 2.9295e+02 -5.4558e+03
5.6568e+06 2.8404e+01 8.3552e+02 -9.7556e+03 7.5854e+02 -5.3608e+03
6.2240e+06 2.8426e+01 9.4249e+02 -9.7566e+03 2.8115e+02 -5.3251e+03
3.7830e+06 2.8872e+01 1.0480e+03 -9.7567e+03 -7.2924e+02 -5.5920e+03
-7.0799e+06 2.9654e+01 1.1520e+03 -9.7557e+03 -4.6298e+03 -6.4257e+03
-1.1775e+07 3.0669e+01 1.2544e+03 -9.7537e+03 -2.2244e+04 -1.1905e+04
-7.4539e+06 3.2157e+01 1.3553e+03 -9.7508e+03 -2.8351e+04 -2.9158e+04
-4.5950e+06 4.2841e+01 -2.3684e+03 -9.2221e+03 1.9583e+00 -7.0078e+03
-4.6166e+06 4.2447e+01 -2.2516e+03 -9.2622e+03 1.6560e+00 -6.9590e+03
-4.6523e+06 4.1942e+01 -2.1341e+03 -9.3009e+03 7.0557e-01 -6.9040e+03
-4.6784e+06 4.1400e+01 -2.0158e+03 -9.3382e+03 1.3668e-01 -6.8451e+03
-4.7088e+06 4.0933e+01 -1.8969e+03 -9.3740e+03 -3.9555e-01 -6.7849e+03
-4.7277e+06 4.0583e+01 -1.7776e+03 -9.4083e+03 -2.5085e-01 -6.7238e+03
-4.7494e+06 4.0300e+01 -1.6578e+03 -9.4411e+03 5.1720e-01 -6.6621e+03
-4.7735e+06 4.0030e+01 -1.5377e+03 -9.4724e+03 -2.0706e-01 -6.5995e+03
-4.8081e+06 3.9765e+01 -1.4174e+03 -9.5021e+03 -3.1694e+00 -6.5361e+03
-4.8184e+06 3.9500e+01 -1.2971e+03 -9.5302e+03 -3.3185e+00 -6.4719e+03
-4.8214e+06 3.9221e+01 -1.1767e+03 -9.5568e+03 6.2159e-01 -6.4068e+03
-4.8408e+06 3.8891e+01 -1.0564e+03 -9.5819e+03 2.3132e-01 -6.3407e+03
-4.9054e+06 3.8512e+01 -9.3629e+02 -9.6053e+03 -6.5778e+00 -6.2739e+03
-4.8959e+06 3.8196e+01 -8.1649e+02 -9.6272e+03 -6.8961e+00 -6.2062e+03
-4.8471e+06 3.8004e+01 -6.9708e+02 -9.6476e+03 -4.0506e+00 -6.1378e+03
-4.8536e+06 3.7861e+01 -5.7815e+02 -9.6664e+03 -8.9584e+00 -6.0684e+03
-4.9176e+06 3.7717e+01 -4.5979e+02 -9.6837e+03 -1.6023e+01 -5.9980e+03
-4.7575e+06 3.7578e+01 -3.4209e+02 -9.6995e+03 -2.1775e+01 -5.9270e+03
-4.6920e+06 3.7451e+01 -2.2513e+02 -9.7139e+03 -2.9262e+01 -5.8550e+03
-4.3534e+06 3.7340e+01 -1.0899e+02 -9.7268e+03 -3.6492e+01 -5.7828e+03
-4.1454e+06 3.7248e+01 6.2563e+00 -9.7382e+03 -5.3941e+01 -5.7093e+03
-4.2229e+06 3.7172e+01 1.2053e+02 -9.7483e+03 -9.8185e+01 -5.6354e+03
-3.8947e+06 3.7060e+01 2.3376e+02 -9.7571e+03 -1.7118e+02 -5.5596e+03
-3.2356e+06 3.6501e+01 3.4589e+02 -9.7645e+03 -2.5305e+02 -5.4837e+03
-2.4316e+06 3.5247e+01 4.5685e+02 -9.7707e+03 -2.8445e+02 -5.4191e+03
-1.1798e+06 3.3900e+01 5.6660e+02 -9.7757e+03 -1.4648e+02 -5.3508e+03
1.8348e+06 3.2530e+01 6.7507e+02 -9.7794e+03 2.7236e+01 -5.2781e+03
1.6345e+06 3.0760e+01 7.8223e+02 -9.7821e+03 1.3495e+01 -5.2106e+03
4.3529e+05 2.9426e+01 8.8802e+02 -9.7836e+03 8.1164e+01 -5.1417e+03
1.8915e+06 2.8856e+01 9.9241e+02 -9.7840e+03 5.0408e+02 -5.0498e+03
4.5965e+06 2.8386e+01 1.0954e+03 -9.7834e+03 7.2074e+02 -4.9554e+03
3.0759e+06 2.8694e+01 1.1968e+03 -9.7819e+03 9.6209e+01 -4.9697e+03
-8.6624e+05 3.1033e+01 1.2968e+03 -9.7794e+03 -2.7290e+02 -5.0707e+03
-4.5874e+06 4.2646e+01 -2.3684e+03 -9.2501e+03 1.1388e+00 -6.8604e+03
-4.6212e+06 4.2151e+01 -2.2538e+03 -9.2895e+03 1.5522e+00 -6.8102e+03
-4.6494e+06 4.1564e+01 -2.1384e+03 -9.3275e+03 4.7519e-01 -6.7536e+03
-4.6836e+06 4.1079e+01 -2.0224e+03 -9.3641e+03 4.9495e-02 -6.6943e+03
-4.6999e+06 4.0731e+01 -1.9057e+03 -9.3993e+03 2.8953e-02 -6.6335e+03
-4.7218e+06 4.0443e+01 -1.7886e+03 -9.4331e+03 3.9109e-01 -6.5718e+03
-4.7335e+06 4.0171e+01 -1.6710e+03 -9.4654e+03 1.0951e+00 -6.5094e+03
-4.7584e+06 3.9903e+01 -1.5532e+03 -9.4962e+03 1.0769e+00 -6.4462e+03
-4.7783e+06 3.9640e+01 -1.4351e+03 -9.5256e+03 -1.3406e-01 -6.3822e+03
-4.7993e+06 3.9373e+01 -1.3169e+03 -9.5534e+03 -3.9593e-01 -6.3173e+03
-4.8034e+06 3.9068e+01 -1.1987e+03 -9.5798e+03 1.2558e+00 -6.2515e+03
-4.8245e+06 3.8718e+01 -1.0805e+03 -9.6046e+03 2.4849e+00 -6.1849e+03
-4.8354e+06 3.8378e+01 -9.6257e+02 -9.6279e+03 1.5174e+00 -6.1175e+03
-4.8684e+06 3.8115e+01 -8.4486e+02 -9.6497e+03 2.2674e-01 -6.0492e+03
-4.8930e+06 3.7932e+01 -7.2749e+02 -9.6701e+03 -1.8302e+00 -5.9801e+03
-4.8548e+06 3.7780e+01 -6.1056e+02 -9.6889e+03 -2.3943e+00 -5.9101e+03
-4.7489e+06 3.7630e+01 -4.9415e+02 -9.7063e+03 -3.5781e+00 -5.8394e+03
-4.8017e+06 3.7484e+01 -3.7835e+02 -9.7222e+03 -9.0179e+00 -5.7677e+03
-4.7490e+06 3.7345e+01 -2.6323e+02 -9.7367e+03 -1.7819e+01 -5.6953e+03
-4.8411e+06 3.7214e+01 -1.4887e+02 -9.7497e+03 -3.1502e+01 -5.6217e+03
-4.7586e+06 3.7096e+01 -3.5357e+01 -9.7614e+03 -4.2707e+01 -5.5475e+03
-4.3081e+06 3.6992e+01 7.7253e+01 -9.7718e+03 -4.4848e+01 -5.4730e+03
-4.1354e+06 3.6902e+01 1.8889e+02 -9.7808e+03 -6.1551e+01 -5.3979e+03
-3.9928e+06 3.6802e+01 2.9949e+02 -9.7886e+03 -1.0513e+02 -5.3213e+03
-3.6875e+06 3.6606e+01 4.0899e+02 -9.7951e+03 -1.6843e+02 -5.2422e+03
-3.1782e+06 3.6320e+01 5.1735e+02 -9.8004e+03 -2.7317e+02 -5.1647e+03
-3.8538e+06 3.5787e+01 6.2450e+02 -9.8045e+03 -3.1265e+02 -5.0965e+03
-1.8568e+06 3.4571e+01 7.3040e+02 -9.8075e+03 -1.6892e+02 -5.0297e+03
7.6564e+05 3.3361e+01 8.3502e+02 -9.8094e+03 1.1582e+01 -4.9468e+03
7.6246e+05 3.2506e+01 9.3830e+02 -9.8102e+03 3.1666e+01 -4.8757e+03
-1.7703e+06 3.1040e+01 1.0402e+03 -9.8100e+03 -5.8021e+01 -4.8282e+03
-3.0805e+06 3.0091e+01 1.1407e+03 -9.8089e+03 -4.9713e+01 -4.7613e+03
-1.9779e+06 3.1656e+01 1.2398e+03 -9.8068e+03 -4.6021e+01 -4.5893e+03
-4.5946e+06 4.2448e+01 -2.3684e+03 -9.2776e+03 9.7220e-01 -6.7084e+03
-4.6231e+06 4.1872e+01 -2.2559e+03 -9.3162e+03 1.1538e+00 -6.6593e+03
-4.6640e+06 4.1252e+01 -2.1426e+03 -9.3535e+03 -4.2645e-01 -6.6033e+03
-4.6850e+06 4.0832e+01 -2.0287e+03 -9.3894e+03 -6.2294e-01 -6.5431e+03
-4.7055e+06 4.0564e+01 -1.9142e+03 -9.4241e+03 2.9111e-01 -6.4816e+03
-4.7173e+06 4.0310e+01 -1.7992e+03 -9.4573e+03 6.8723e-01 -6.4193e+03
-4.7366e+06 4.0044e+01 -1.6838e+03 -9.4891e+03 8.9789e-01 -6.3564e+03
-4.7487e+06 3.9778e+01 -1.5681e+03 -9.5196e+03 1.2791e+00 -6.2926e+03
-4.7676e+06 3.9516e+01 -1.4521e+03 -9.5485e+03 1.6069e+00 -6.2279e+03
-4.7806e+06 3.9244e+01 -1.3361e+03 -9.5761e+03 1.5978e+00 -6.1623e+03
-4.8030e+06 3.8921e+01 -1.2200e+03 -9.6022e+03 2.3276e+00 -6.0960e+03
-4.8296e+06 3.8561e+01 -1.1039e+03 -9.6268e+03 2.5818e+00 -6.0288e+03
-4.8768e+06 3.8254e+01 -9.8798e+02 -9.6500e+03 4.5984e-01 -5.9608e+03
-4.8717e+06 3.8032e+01 -8.7229e+02 -9.6717e+03 1.6940e+00 -5.8920e+03
-4.8384e+06 3.7860e+01 -7.5690e+02 -9.6919e+03 4.1801e+00 -5.8222e+03
-4.8601e+06 3.7705e+01 -6.4192e+02 -9.7107e+03 -7.0892e-01 -5.7515e+03
-4.9341e+06 3.7552e+01 -5.2741e+02 -9.7281e+03 -6.0363e+00 -5.6801e+03
-4.8623e+06 3.7402e+01 -4.1345e+02 -9.7441e+03 -7.1294e+00 -5.6080e+03
-4.8445e+06 3.7256e+01 -3.0014e+02 -9.7587e+03 -7.6844e+00 -5.5349e+03
-4.6834e+06 3.7115e+01 -1.8753e+02 -9.7719e+03 -8.0263e+00 -5.4611e+03
-4.6114e+06 3.6981e+01 -7.5697e+01 -9.7838e+03 -1.5344e+01 -5.3864e+03
-4.8017e+06 3.6855e+01 3.5284e+01 -9.7944e+03 -3.2901e+01 -5.3105e+03
-4.6663e+06 3.6738e+01 1.4535e+02 -9.8037e+03 -4.3206e+01 -5.2342e+03
-4.4804e+06 3.6634e+01 2.5445e+02 -9.8117e+03 -4.7017e+01 -5.1576e+03
-4.3268e+06 3.6574e+01 3.6251e+02 -9.8185e+03 -6.5780e+01 -5.0800e+03
-4.2927e+06 3.6583e+01 4.6949e+02 -9.8241e+03 -8.0395e+01 -5.0014e+03
-3.0564e+06 3.6599e+01 5.7534e+02 -9.8285e+03 -1.1449e+02 -4.9193e+03
-3.8003e+06 3.6406e+01 6.8000e+02 -9.8318e+03 -2.2735e+02 -4.8364e+03
-5.0352e+06 3.6124e+01 7.8344e+02 -9.8341e+03 -3.3010e+02 -4.7581e+03
-4.1520e+06 3.5768e+01 8.8562e+02 -9.8353e+03 -2.4328e+02 -4.6870e+03
-1.5984e+06 3.4797e+01 9.8649e+02 -9.8354e+03 -1.5651e+01 -4.6142e+03
-8.6855e+05 3.3624e+01 1.0860e+03 -9.8346e+03 4.5814e+01 -4.5547e+03
-2.8794e+06 3.3751e+01 1.1842e+03 -9.8329e+03 -5.0904e+01 -4.4493e+03
-4.5893e+06 4.2254e+01 -2.3684e+03 -9.3044e+03 8.3021e-01 -6.5588e+03
-4.6289e+06 4.1665e+01 -2.2579e+03 -9.3423e+03 1.2869e+00 -6.5090e+03
-4.6593e+06 4.1082e+01 -2.1467e+03 -9.3789e+03 -9.1370e-02 -6.4523e+03
-4.6863e+06 4.0698e+01 -2.0348e+03 -9.4142e+03 -7.8024e-02 -6.3915e+03
-4.6989e+06 4.0436e+01 -1.9224e+03 -9.4483e+03 1.4238e+00 -6.3293e+03
-4.7147e+06 4.0182e+01 -1.8094e+03 -9.4810e+03 2.3107e+00 -6.2663e+03
-4.7274e+06 3.9918e+01 -1.6961e+03 -9.5124e+03 3.0342e+00 -6.2027e+03
-4.7444e+06 3.9656e+01 -1.5825e+03 -9.5424e+03 3.4413e+00 -6.1385e+03
-4.7605e+06 3.9391e+01 -1.4686e+03 -9.5710e+03 3.1769e+00 -6.0732e+03
-4.7813e+06 3.9104e+01 -1.3546e+03 -9.5982e+03 2.0791e+00 -6.0070e+03
-4.8001e+06 3.8773e+01 -1.2405e+03 -9.6240e+03 3.2723e+00 -5.9400e+03
-4.8471e+06 3.8431e+01 -1.1265e+03 -9.6484e+03 1.8578e+00 -5.8723e+03
-4.9258e+06 3.8153e+01 -1.0126e+03 -9.6714e+03 -7.7709e+00 -5.8036e+03
-4.9521e+06 3.7953e+01 -8.9882e+02 -9.6930e+03 -8.3501e+00 -5.7341e+03
-4.9136e+06 3.7787e+01 -7.8537e+02 -9.7132e+03 5.8738e-01 -5.6636e+03
-4.8706e+06 3.7631e+01 -6.7227e+02 -9.7319e+03 2.6067e+00 -5.5926e+03
-4.8213e+06 3.7478e+01 -5.5961e+02 -9.7493e+03 6.6388e-01 -5.5207e+03
-4.8713e+06 3.7327e+01 -4.4746e+02 -9.7654e+03 -1.4168e+00 -5.4478e+03
-4.8655e+06 3.7177e+01 -3.3590e+02 -9.7800e+03 -4.6974e+00 -5.3741e+03
-4.9505e+06 3.7031e+01 -2.2499e+02 -9.7934e+03 -1.0682e+01 -5.2995e+03
-4.9578e+06 3.6889e+01 -1.1482e+02 -9.8054e+03 -1.3838e+01 -5.2241e+03
-4.6981e+06 3.6751e+01 -5.4316e+00 -9.8161e+03 -1.1573e+01 -5.1481e+03
-4.6951e+06 3.6618e+01 1.0310e+02 -9.8256e+03 -1.6765e+01 -5.0712e+03
-4.6629e+06 3.6505e+01 2.1072e+02 -9.8339e+03 -2.7906e+01 -4.9933e+03
-4.5999e+06 3.6447e+01 3.1736e+02 -9.8409e+03 -2.8526e+01 -4.9150e+03
-4.3885e+06 3.6449e+01 4.2298e+02 -9.8468e+03 -4.1046e+01 -4.8358e+03
-5.1916e+06 3.6475e+01 5.2754e+02 -9.8515e+03 -6.0669e+01 -4.7557e+03
-4.3702e+06 3.6500e+01 6.3097e+02 -9.8552e+03 -3.5641e+01 -4.6747e+03
-3.1063e+06 3.6524e+01 7.3324e+02 -9.8577e+03 -1.5352e+01 -4.5913e+03
-3.5363e+06 3.6522e+01 8.3431e+02 -9.8592e+03 -8.8117e+01 -4.5071e+03
-5.2860e+06 3.6385e+01 9.3415e+02 -9.8597e+03 -1.9380e+02 -4.4189e+03
-5.8323e+06 3.5939e+01 1.0327e+03 -9.8592e+03 -1.7796e+02 -4.3587e+03
-4.5979e+06 3.5593e+01 1.1300e+03 -9.8578e+03 -9.9782e+01 -4.2614e+03
-4.5810e+06 4.2035e+01 -2.3684e+03 -9.3307e+03 2.7258e+00 -6.4056e+03
-4.6094e+06 4.1473e+01 -2.2598e+03 -9.3678e+03 2.9380e+00 -6.3556e+03
-4.6469e+06 4.0959e+01 -2.1506e+03 -9.4038e+03 1.9751e+00 -6.2990e+03
-4.6644e+06 4.0598e+01 -2.0407e+03 -9.4385e+03 2.5621e+00 -6.2375e+03
-4.6853e+06 4.0318e+01 -1.9303e+03 -9.4720e+03 4.4631e+00 -6.1748e+03
-4.7039e+06 4.0055e+01 -1.8194e+03 -9.5042e+03 4.8821e+00 -6.1112e+03
-4.7400e+06 3.9794e+01 -1.7080e+03 -9.5351e+03 2.9155e+00 -6.0469e+03
-4.7525e+06 3.9535e+01 -1.5964e+03 -9.5646e+03 3.4606e+00 -5.9821e+03
-4.7577e+06 3.9260e+01 -1.4845e+03 -9.5929e+03 5.9708e+00 -5.9161e+03
-4.7650e+06 3.8948e+01 -1.3725e+03 -9.6198e+03 4.8980e+00 -5.8491e+03
-4.7905e+06 3.8611e+01 -1.2604e+03 -9.6453e+03 5.4338e+00 -5.7816e+03
-4.8388e+06 3.8301e+01 -1.1483e+03 -9.6694e+03 4.0304e+00 -5.7131e+03
-4.9304e+06 3.8059e+01 -1.0363e+03 -9.6922e+03 -5.9668e+00 -5.6439e+03
-4.9295e+06 3.7874e+01 -9.2451e+02 -9.7137e+03 -5.8299e+00 -5.5738e+03
-4.8614e+06 3.7713e+01 -8.1293e+02 -9.7338e+03 3.8980e+00 -5.5030e+03
-4.8606e+06 3.7558e+01 -7.0167e+02 -9.7525e+03 3.5938e+00 -5.4312e+03
-4.9209e+06 3.7405e+01 -5.9081e+02 -9.7699e+03 -3.1460e-02 -5.3585e+03
-4.8877e+06 3.7253e+01 -4.8042e+02 -9.7859e+03 -4.1560e-01 -5.2851e+03
-4.8919e+06 3.7102e+01 -3.7057e+02 -9.8006e+03 -2.0680e-01 -5.2109e+03
-4.8064e+06 3.6954e+01 -2.6133e+02 -9.8141e+03 1.8303e+00 -5.1358e+03
-4.7696e+06 3.6808e+01 -1.5277e+02 -9.8262e+03 8.8882e-03 -5.0600e+03
-4.9509e+06 3.6664e+01 -4.4947e+01 -9.8371e+03 -7.9565e+00 -4.9831e+03
-4.8920e+06 3.6525e+01 6.2074e+01 -9.8468e+03 -1.1859e+01 -4.9055e+03
-4.8523e+06 3.6416e+01 1.6824e+02 -9.8552e+03 -1.2287e+01 -4.8272e+03
-4.8004e+06 3.6373e+01 2.7348e+02 -9.8625e+03 -2.1150e+01 -4.7478e+03
-4.8589e+06 3.6376e+01 3.7777e+02 -9.8686e+03 -1.8489e+01 -4.6679e+03
-4.0616e+06 3.6390e+01 4.8104e+02 -9.8736e+03 -6.6163e+00 -4.5875e+03
-4.6151e+06 3.6401e+01 5.8326e+02 -9.8774e+03 -3.2167e+01 -4.5055e+03
-5.6044e+06 3.6408e+01 6.8437e+02 -9.8803e+03 -6.4800e+01 -4.4221e+03
-5.2040e+06 3.6413e+01 7.8435e+02 -9.8821e+03 -3.6059e+01 -4.3416e+03
-3.7508e+06 3.6417e+01 8.8315e+02 -9.8829e+03 2.4447e+01 -4.2554e+03
-3.2785e+06 3.6369e+01 9.8074e+02 -9.8827e+03 2.7925e+01 -4.1846e+03
-4.3817e+06 3.6273e+01 1.0771e+03 -9.8816e+03 -2.3710e+00 -4.0868e+03
-4.5753e+06 4.1757e+01 -2.3684e+03 -9.3563e+03 9.9958e-01 -6.2571e+03
-4.6156e+06 4.1239e+01 -2.2617e+03 -9.3928e+03 -1.5763e+00 -6.2054e+03
-4.6499e+06 4.0800e+01 -2.1544e+03 -9.4281e+03 -5.0614e+00 -6.1481e+03
-4.6743e+06 4.0475e+01 -2.0464e+03 -9.4622e+03 -5.0896e+00 -6.0862e+03
-4.6915e+06 4.0196e+01 -1.9379e+03 -9.4951e+03 -2.7760e+00 -6.0228e+03
-4.7330e+06 3.9933e+01 -1.8289e+03 -9.5268e+03 -5.0278e+00 -5.9585e+03
-4.7960e+06 3.9680e+01 -1.7196e+03 -9.5572e+03 -1.4226e+01 -5.8936e+03
-4.8140e+06 3.9420e+01 -1.6099e+03 -9.5864e+03 -1.3760e+01 -5.8279e+03
-4.7850e+06 3.9125e+01 -1.5000e+03 -9.6142e+03 -4.2938e+00 -5.7613e+03
-4.7819e+06 3.8785e+01 -1.3899e+03 -9.6408e+03 -2.8827e+00 -5.6939e+03
-4.8048e+06 3.8448e+01 -1.2797e+03 -9.6660e+03 -4.3065e+00 -5.6257e+03
-4.8316e+06 3.8173e+01 -1.1695e+03 -9.6899e+03 -3.2655e+00 -5.5568e+03
-4.8638e+06 3.7968e+01 -1.0594e+03 -9.7125e+03 -5.2574e+00 -5.4869e+03
-4.8815e+06 3.7800e+01 -9.4939e+02 -9.7338e+03 -6.3449e+00 -5.4160e+03
-4.8883e+06 3.7643e+01 -8.3963e+02 -9.7537e+03 -5.2527e+00 -5.3445e+03
-4.8751e+06 3.7489e+01 -7.3015e+02 -9.7724e+03 -5.1177e+00 -5.2723e+03
-4.8512e+06 3.7336e+01 -6.2104e+02 -9.7897e+03 -5.4051e+00 -5.1991e+03
-4.8908e+06 3.7185e+01 -5.1237e+02 -9.8057e+03 -6.4400e+00 -5.1251e+03
-4.9036e+06 3.7035e+01 -4.0419e+02 -9.8205e+03 -8.2697e+00 -5.0502e+03
-4.9701e+06 3.6886e+01 -2.9658e+02 -9.8340e+03 -1.1836e+01 -4.9744e+03
-5.0032e+06 3.6738e+01 -1.8960e+02 -9.8462e+03 -1.2357e+01 -4.8979e+03
-4.8270e+06 3.6593e+01 -8.3311e+01 -9.8572e+03 -8.6027e+00 -4.8207e+03
-4.8647e+06 3.6457e+01 2.2228e+01 -9.8670e+03 -9.2052e+00 -4.7427e+03
-4.8551e+06 3.6364e+01 1.2696e+02 -9.8756e+03 -1.3357e+01 -4.6636e+03
-4.8672e+06 3.6336e+01 2.3084e+02 -9.8831e+03 -1.1488e+01 -4.5840e+03
-4.7619e+06 3.6340e+01 3.3380e+02 -9.8894e+03 -1.9481e+01 -4.5033e+03
-5.3758e+06 3.6345e+01 4.3581e+02 -9.8946e+03 -3.6040e+01 -4.4214e+03
-4.8590e+06 3.6351e+01 5.3682e+02 -9.8987e+03 -1.9093e+01 -4.3393e+03
-3.9624e+06 3.6356e+01 6.3678e+02 -9.9018e+03 1.1580e+01 -4.2568e+03
-4.2549e+06 3.6357e+01 7.3566e+02 -9.9039e+03 -4.2277e+00 -4.1750e+03
-5.4889e+06 3.6357e+01 8.3343e+02 -9.9049e+03 -5.4964e+01 -4.0854e+03
-5.9431e+06 3.6355e+01 9.3005e+02 -9.9050e+03 -6.1731e+01 -4.0182e+03
-5.0983e+06 3.6348e+01 1.0255e+03 -9.9042e+03 -3.3331e+01 -3.9170e+03
-4.6068e+06 4.1454e+01 -2.3684e+03 -9.3814e+03 -5.0573e+00 -6.1040e+03
-4.6302e+06 4.0993e+01 -2.2635e+03 -9.4172e+03 -6.8336e+00 -6.0520e+03
-4.6568e+06 4.0625e+01 -2.1581e+03 -9.4518e+03 -8.9517e+00 -5.9906e+03
-4.6723e+06 4.0338e+01 -2.0520e+03 -9.4854e+03 -8.7342e+00 -5.9282e+03
-4.6920e+06 4.0072e+01 -1.9453e+03 -9.5177e+03 -5.8458e+00 -5.8641e+03
-4.7333e+06 3.9815e+01 -1.8382e+03 -9.5489e+03 -8.1782e+00 -5.7994e+03
-4.8017e+06 3.9566e+01 -1.7307e+03 -9.5788e+03 -1.8565e+01 -5.7338e+03
-4.8150e+06 3.9303e+01 -1.6229e+03 -9.6075e+03 -1.9380e+01 -5.6674e+03
-4.7874e+06 3.8985e+01 -1.5149e+03 -9.6350e+03 -1.0415e+01 -5.6002e+03
-4.7842e+06 3.8626e+01 -1.4067e+03 -9.6612e+03 -8.5277e+00 -5.5321e+03
-4.8077e+06 3.8301e+01 -1.2983e+03 -9.6861e+03 -1.0107e+01 -5.4632e+03
-4.8256e+06 3.8062e+01 -1.1900e+03 -9.7098e+03 -8.8158e+00 -5.3934e+03
-4.8412e+06 3.7887e+01 -1.0817e+03 -9.7321e+03 -7.4967e+00 -5.3227e+03
-4.8491e+06 3.7732e+01 -9.7349e+02 -9.7532e+03 -7.4291e+00 -5.2514e+03
-4.8501e+06 3.7578e+01 -8.6550e+02 -9.7731e+03 -8.2042e+00 -5.1793e+03
-4.8711e+06 3.7425e+01 -7.5777e+02 -9.7916e+03 -9.9731e+00 -5.1064e+03
-4.9126e+06 3.7273e+01 -6.5036e+02 -9.8089e+03 -1.1678e+01 -5.0325e+03
-4.9040e+06 3.7122e+01 -5.4336e+02 -9.8249e+03 -1.2208e+01 -4.9578e+03
-4.9094e+06 3.6973e+01 -4.3681e+02 -9.8396e+03 -1.1556e+01 -4.8823e+03
-4.8649e+06 3.6824e+01 -3.3079e+02 -9.8531e+03 -9.2341e+00 -4.8062e+03
-4.8415e+06 3.6677e+01 -2.2536e+02 -9.8655e+03 -1.0158e+01 -4.7292e+03
-4.9927e+06 3.6531e+01 -1.2057e+02 -9.8765e+03 -1.4941e+01 -4.6513e+03
-4.9455e+06 3.6406e+01 -1.6484e+01 -9.8865e+03 -1.5892e+01 -4.5726e+03
-4.9432e+06 3.6338e+01 8.6845e+01 -9.8952e+03 -1.4208e+01 -4.4931e+03
-4.9150e+06 3.6324e+01 1.8937e+02 -9.9028e+03 -1.7709e+01 -4.4128e+03
-4.9848e+06 3.6326e+01 2.9103e+02 -9.9093e+03 -1.3074e+01 -4.3319e+03
-4.4527e+06 3.6328e+01 3.9179e+02 -9.9147e+03 -1.8960e+00 -4.2503e+03
-4.8473e+06 3.6329e+01 4.9160e+02 -9.9191e+03 -1.8158e+01 -4.1673e+03
-5.5644e+06 3.6329e+01 5.9043e+02 -9.9224e+03 -4.3003e+01 -4.0828e+03
-5.3145e+06 3.6331e+01 6.8823e+02 -9.9246e+03 -2.9666e+01 -4.0000e+03
-4.3385e+06 3.6335e+01 7.8497e+02 -9.9259e+03 7.1320e+00 -3.9133e+03
-3.9938e+06 3.6334e+01 8.8061e+02 -9.9263e+03 2.0781e+01 -3.8405e+03
-4.7460e+06 3.6330e+01 9.7513e+02 -9.9257e+03 8.5961e+00 -3.7496e+03
-4.6051e+06 4.1194e+01 -2.3684e+03 -9.4058e+03 -3.9110e+00 -5.9537e+03
-4.6342e+06 4.0792e+01 -2.2653e+03 -9.4409e+03 -2.1906e+00 -5.9060e+03
-4.6405e+06 4.0467e+01 -2.1616e+03 -9.4750e+03 2.9174e+00 -5.8400e+03
-4.6610e+06 4.0201e+01 -2.0573e+03 -9.5079e+03 4.7473e+00 -5.7773e+03
-4.6868e+06 3.9944e+01 -1.9525e+03 -9.5397e+03 5.6833e+00 -5.7125e+03
-4.7117e+06 3.9688e+01 -1.8472e+03 -9.5704e+03 6.8308e+00 -5.6475e+03
-4.7235e+06 3.9433e+01 -1.7416e+03 -9.5998e+03 4.8133e+00 -5.5814e+03
-4.7256e+06 3.9151e+01 -1.6356e+03 -9.6281e+03 4.2456e+00 -5.5143e+03
-4.7294e+06 3.8818e+01 -1.5293e+03 -9.6552e+03 4.9868e+00 -5.4466e+03
-4.7574e+06 3.8470e+01 -1.4229e+03 -9.6810e+03 3.3430e+00 -5.3781e+03
-4.7799e+06 3.8179e+01 -1.3164e+03 -9.7057e+03 4.1273e+00 -5.3087e+03
-4.8007e+06 3.7970e+01 -1.2098e+03 -9.7290e+03 5.7699e+00 -5.2384e+03
-4.8288e+06 3.7811e+01 -1.1033e+03 -9.7512e+03 4.1273e+00 -5.1672e+03
-4.8472e+06 3.7660e+01 -9.9686e+02 -9.7721e+03 4.1622e+00 -5.0955e+03
-4.8510e+06 3.7506e+01 -8.9058e+02 -9.7917e+03 6.1463e+00 -5.0227e+03
-4.8390e+06 3.7353e+01 -7.8454e+02 -9.8102e+03 6.2013e+00 -4.9492e+03
-4.8256e+06 3.7202e+01 -6.7880e+02 -9.8273e+03 5.3845e+00 -4.8749e+03
-4.8553e+06 3.7053e+01 -5.7342e+02 -9.8433e+03 4.8943e+00 -4.7997e+03
-4.8741e+06 3.6904e+01 -4.6847e+02 -9.8580e+03 3.8123e+00 -4.7236e+03
-4.9256e+06 3.6757e+01 -3.6401e+02 -9.8716e+03 1.3605e+00 -4.6468e+03
-4.9597e+06 3.6610e+01 -2.6009e+02 -9.8839e+03 1.8332e+00 -4.5692e+03
-4.8345e+06 3.6468e+01 -1.5677e+02 -9.8951e+03 4.9998e+00 -4.4909e+03
-4.8762e+06 3.6360e+01 -5.4107e+01 -9.9051e+03 4.9397e+00 -4.4117e+03
-4.8686e+06 3.6317e+01 4.7843e+01 -9.9139e+03 2.9132e+00 -4.3316e+03
-4.8932e+06 3.6313e+01 1.4903e+02 -9.9217e+03 5.0377e+00 -4.2509e+03
-4.8276e+06 3.6313e+01 2.4942e+02 -9.9283e+03 2.8840e-01 -4.1694e+03
-5.2620e+06 3.6313e+01 3.4894e+02 -9.9339e+03 -1.0683e+01 -4.0864e+03
-4.9215e+06 3.6314e+01 4.4758e+02 -9.9384e+03 2.6122e+00 -4.0032e+03
-4.3006e+06 3.6315e+01 5.4527e+02 -9.9419e+03 2.6740e+01 -3.9201e+03
-4.5320e+06 3.6317e+01 6.4200e+02 -9.9444e+03 1.6298e+01 -3.8361e+03
-5.3957e+06 3.6317e+01 7.3771e+02 -9.9459e+03 -2.1591e+01 -3.7519e+03
-5.7337e+06 3.6317e+01 8.3239e+02 -9.9464e+03 -3.0794e+01 -3.6618e+03
-5.1405e+06 3.6316e+01 9.2599e+02 -9.9461e+03 -1.2598e+01 -3.5768e+03
