  1    1089
2.1538e+07 3.1135e+01 -2.0174e+04 6.6084e+03 7.3716e+02 2.2308e+04
1.0259e+07 3.0050e+01 -2.0120e+04 6.6281e+03 2.4686e+02 2.2948e+04
1.0619e+07 3.0267e+01 -2.0065e+04 6.6493e+03 4.6246e+01 2.2973e+04
1.9249e+07 3.1874e+01 -2.0009e+04 6.6720e+03 5.3975e+02 2.2831e+04
1.1582e+07 3.4216e+01 -1.9953e+04 6.6961e+03 1.3525e+02 2.3033e+04
-6.2797e+06 3.6124e+01 -1.9896e+04 6.7218e+03 -6.9403e+02 2.3493e+04
-3.9409e+06 3.7397e+01 -1.9839e+04 6.7488e+03 -5.7167e+02 2.3480e+04
-1.0854e+06 3.8497e+01 -1.9781e+04 6.7773e+03 -2.5715e+02 2.3585e+04
-4.2440e+06 3.9327e+01 -1.9722e+04 6.8072e+03 -1.5556e+02 2.3853e+04
-3.4616e+06 3.9695e+01 -1.9664e+04 6.8385e+03 -9.9371e+01 2.3917e+04
-4.7551e+06 3.9829e+01 -1.9604e+04 6.8711e+03 -8.0558e+01 2.4143e+04
-4.9206e+06 3.9949e+01 -1.9544e+04 6.9050e+03 -6.8768e+01 2.4253e+04
-4.9684e+06 4.0100e+01 -1.9484e+04 6.9403e+03 -2.8414e+01 2.4447e+04
-4.5462e+06 4.0283e+01 -1.9423e+04 6.9768e+03 -1.0974e+01 2.4549e+04
-5.1519e+06 4.0486e+01 -1.9362e+04 7.0146e+03 -2.0546e+01 2.4752e+04
-4.8163e+06 4.0699e+01 -1.9300e+04 7.0536e+03 -1.4872e+01 2.4852e+04
-5.0013e+06 4.0919e+01 -1.9238e+04 7.0939e+03 -8.7537e+00 2.5041e+04
-4.8037e+06 4.1147e+01 -1.9176e+04 7.1353e+03 -9.3232e+00 2.5146e+04
-4.9829e+06 4.1383e+01 -1.9113e+04 7.1779e+03 -8.6334e+00 2.5326e+04
-4.8002e+06 4.1626e+01 -1.9050e+04 7.2217e+03 -8.0883e+00 2.5431e+04
-4.9360e+06 4.1876e+01 -1.8986e+04 7.2665e+03 -7.4730e+00 2.5603e+04
-4.7940e+06 4.2132e+01 -1.8923e+04 7.3124e+03 -7.0811e+00 2.5709e+04
-4.8856e+06 4.2397e+01 -1.8859e+04 7.3594e+03 -6.9154e+00 2.5872e+04
-4.7827e+06 4.2677e+01 -1.8794e+04 7.4074e+03 -6.9364e+00 2.5979e+04
-4.8469e+06 4.2972e+01 -1.8729e+04 7.4564e+03 -6.9136e+00 2.6133e+04
-4.7631e+06 4.3271e+01 -1.8664e+04 7.5064e+03 -5.6220e+00 2.6241e+04
-4.8049e+06 4.3571e+01 -1.8599e+04 7.5573e+03 -6.6922e+00 2.6386e+04
-4.7270e+06 4.3879e+01 -1.8534e+04 7.6091e+03 -2.1616e+00 2.6494e+04
-4.7566e+06 4.4200e+01 -1.8468e+04 7.6619e+03 -4.4828e+00 2.6633e+04
-4.7220e+06 4.4533e+01 -1.8402e+04 7.7154e+03 -1.2574e+01 2.6740e+04
-4.7466e+06 4.4858e+01 -1.8336e+04 7.7699e+03 -9.8769e-01 2.6870e+04
-4.6407e+06 4.5193e+01 -1.8269e+04 7.8251e+03 8.1843e-01 2.6976e+04
-4.6877e+06 4.5611e+01 -1.8203e+04 7.8811e+03 -5.1350e+00 2.7104e+04
7.9146e+06 2.9495e+01 -2.0225e+04 6.6916e+03 7.1088e+01 2.2238e+04
1.4590e+07 3.0406e+01 -2.0171e+04 6.7109e+03 1.8995e+02 2.2502e+04
1.0058e+07 3.2735e+01 -2.0117e+04 6.7317e+03 6.5128e+01 2.2652e+04
-3.7785e+06 3.5584e+01 -2.0061e+04 6.7541e+03 -6.9399e+02 2.2769e+04
-4.4687e+06 3.7246e+01 -2.0006e+04 6.7779e+03 -7.5083e+02 2.2928e+04
4.1782e+06 3.7605e+01 -1.9949e+04 6.8032e+03 -3.1984e+02 2.3154e+04
-3.0361e+05 3.7958e+01 -1.9893e+04 6.8299e+03 -1.9896e+02 2.3244e+04
-4.6583e+06 3.8731e+01 -1.9835e+04 6.8581e+03 -1.8066e+02 2.3409e+04
-3.2506e+06 3.9436e+01 -1.9777e+04 6.8876e+03 -9.1623e+01 2.3609e+04
-4.8805e+06 3.9782e+01 -1.9719e+04 6.9186e+03 -9.2979e+01 2.3724e+04
-4.4142e+06 3.9924e+01 -1.9660e+04 6.9508e+03 -4.6454e+01 2.3911e+04
-4.6178e+06 4.0052e+01 -1.9601e+04 6.9845e+03 -1.6975e+01 2.4045e+04
-4.7174e+06 4.0217e+01 -1.9541e+04 7.0194e+03 -2.0130e+01 2.4217e+04
-5.1372e+06 4.0411e+01 -1.9480e+04 7.0556e+03 -2.6877e+01 2.4347e+04
-4.7318e+06 4.0623e+01 -1.9420e+04 7.0931e+03 -9.1382e+00 2.4520e+04
-4.9589e+06 4.0841e+01 -1.9358e+04 7.1319e+03 -9.9226e+00 2.4647e+04
-4.8489e+06 4.1066e+01 -1.9297e+04 7.1718e+03 -1.0505e+01 2.4812e+04
-4.9457e+06 4.1297e+01 -1.9235e+04 7.2130e+03 -1.0550e+01 2.4939e+04
-4.8275e+06 4.1535e+01 -1.9172e+04 7.2553e+03 -8.3745e+00 2.5097e+04
-4.9025e+06 4.1781e+01 -1.9110e+04 7.2987e+03 -8.9925e+00 2.5222e+04
-4.8128e+06 4.2036e+01 -1.9046e+04 7.3433e+03 -6.9631e+00 2.5375e+04
-4.8570e+06 4.2298e+01 -1.8983e+04 7.3889e+03 -7.8895e+00 2.5499e+04
-4.8006e+06 4.2570e+01 -1.8919e+04 7.4356e+03 -7.0385e+00 2.5646e+04
-4.8169e+06 4.2858e+01 -1.8855e+04 7.4833e+03 -7.3419e+00 2.5768e+04
-4.7799e+06 4.3157e+01 -1.8791e+04 7.5320e+03 -6.6811e+00 2.5908e+04
-4.7795e+06 4.3455e+01 -1.8726e+04 7.5818e+03 -6.2774e+00 2.6028e+04
-4.7581e+06 4.3756e+01 -1.8661e+04 7.6324e+03 -7.1427e+00 2.6163e+04
-4.7341e+06 4.4065e+01 -1.8596e+04 7.6840e+03 -4.2791e+00 2.6281e+04
-4.7199e+06 4.4380e+01 -1.8530e+04 7.7364e+03 -7.8582e+00 2.6410e+04
-4.7136e+06 4.4706e+01 -1.8465e+04 7.7898e+03 -1.7974e+01 2.6527e+04
-4.6879e+06 4.5032e+01 -1.8399e+04 7.8439e+03 5.1486e-01 2.6659e+04
-4.6489e+06 4.5360e+01 -1.8333e+04 7.8989e+03 1.3180e+01 2.6763e+04
-4.6947e+06 4.5744e+01 -1.8266e+04 7.9546e+03 -4.9854e+00 2.6844e+04
1.1244e+07 3.0707e+01 -2.0275e+04 6.7745e+03 2.5255e+02 2.1996e+04
1.4182e+06 3.3465e+01 -2.0222e+04 6.7935e+03 -3.0231e+02 2.2095e+04
1.1625e+06 3.6686e+01 -2.0168e+04 6.8140e+03 -4.4128e+02 2.2286e+04
6.0216e+06 3.8336e+01 -2.0113e+04 6.8360e+03 -1.5707e+02 2.2450e+04
2.3981e+06 3.8116e+01 -2.0058e+04 6.8595e+03 -2.5408e+02 2.2587e+04
-7.8987e+06 3.7775e+01 -2.0002e+04 6.8844e+03 -4.8648e+02 2.2742e+04
-5.1702e+06 3.8247e+01 -1.9946e+04 6.9108e+03 -2.5339e+02 2.2939e+04
-2.9134e+06 3.9041e+01 -1.9889e+04 6.9386e+03 -5.6674e+01 2.3101e+04
-4.6314e+06 3.9628e+01 -1.9832e+04 6.9678e+03 -6.1290e+01 2.3248e+04
-4.2425e+06 3.9888e+01 -1.9774e+04 6.9984e+03 -4.9102e+01 2.3417e+04
-4.7992e+06 4.0002e+01 -1.9715e+04 7.0304e+03 -2.8672e+01 2.3569e+04
-4.9590e+06 4.0137e+01 -1.9657e+04 7.0637e+03 -3.2425e+01 2.3730e+04
-4.8910e+06 4.0319e+01 -1.9597e+04 7.0983e+03 -9.9698e+00 2.3882e+04
-4.7019e+06 4.0523e+01 -1.9537e+04 7.1342e+03 -1.0087e+00 2.4039e+04
-4.9718e+06 4.0739e+01 -1.9477e+04 7.1714e+03 -3.9490e+00 2.4185e+04
-4.8462e+06 4.0963e+01 -1.9416e+04 7.2098e+03 -5.9508e+00 2.4339e+04
-4.8847e+06 4.1190e+01 -1.9355e+04 7.2495e+03 -2.6236e-01 2.4483e+04
-4.8196e+06 4.1422e+01 -1.9293e+04 7.2903e+03 -1.3120e+00 2.4632e+04
-4.8733e+06 4.1661e+01 -1.9231e+04 7.3323e+03 -1.8242e-01 2.4772e+04
-4.8039e+06 4.1911e+01 -1.9169e+04 7.3754e+03 -2.3292e-01 2.4917e+04
-4.8409e+06 4.2172e+01 -1.9106e+04 7.4197e+03 2.4059e-01 2.5054e+04
-4.7851e+06 4.2441e+01 -1.9043e+04 7.4651e+03 -2.3216e-01 2.5195e+04
-4.8012e+06 4.2719e+01 -1.8980e+04 7.5115e+03 2.6458e-01 2.5328e+04
-4.7609e+06 4.3010e+01 -1.8916e+04 7.5589e+03 2.0910e-01 2.5465e+04
-4.7668e+06 4.3308e+01 -1.8852e+04 7.6074e+03 6.5303e-01 2.5595e+04
-4.7369e+06 4.3606e+01 -1.8787e+04 7.6568e+03 1.8211e-02 2.5727e+04
-4.7414e+06 4.3907e+01 -1.8723e+04 7.7072e+03 -1.3131e+00 2.5854e+04
-4.7068e+06 4.4216e+01 -1.8658e+04 7.7585e+03 1.3256e+00 2.5981e+04
-4.6952e+06 4.4527e+01 -1.8593e+04 7.8107e+03 -4.8393e-01 2.6101e+04
-4.7022e+06 4.4851e+01 -1.8527e+04 7.8638e+03 -1.4362e+01 2.6226e+04
-4.6478e+06 4.5181e+01 -1.8462e+04 7.9177e+03 1.0309e+01 2.6341e+04
-4.6446e+06 4.5517e+01 -1.8396e+04 7.9724e+03 3.2129e+01 2.6481e+04
-4.6440e+06 4.5910e+01 -1.8330e+04 8.0279e+03 -4.7161e+00 2.6596e+04
-1.0389e+06 3.3824e+01 -2.0325e+04 6.8572e+03 -4.3021e+02 2.1660e+04
3.6436e+06 3.7112e+01 -2.0272e+04 6.8758e+03 -2.6122e+02 2.1803e+04
4.8927e+05 3.9057e+01 -2.0219e+04 6.8960e+03 -2.8152e+02 2.1991e+04
-6.8813e+06 3.8678e+01 -2.0165e+04 6.9176e+03 -5.6663e+02 2.2133e+04
-6.5344e+06 3.7837e+01 -2.0110e+04 6.9407e+03 -4.5865e+02 2.2308e+04
3.7025e+05 3.7994e+01 -2.0055e+04 6.9653e+03 -9.0005e+00 2.2493e+04
-2.3585e+06 3.8743e+01 -1.9999e+04 6.9914e+03 4.8970e+01 2.2647e+04
-4.8102e+06 3.9433e+01 -1.9943e+04 7.0188e+03 -6.1288e+01 2.2809e+04
-4.0937e+06 3.9825e+01 -1.9886e+04 7.0477e+03 -4.5648e+01 2.2976e+04
-4.8760e+06 3.9976e+01 -1.9829e+04 7.0780e+03 -3.1803e+01 2.3134e+04
-4.6629e+06 4.0079e+01 -1.9771e+04 7.1096e+03 -2.0180e+01 2.3295e+04
-4.6770e+06 4.0234e+01 -1.9712e+04 7.1426e+03 3.9945e+00 2.3451e+04
-4.7736e+06 4.0429e+01 -1.9653e+04 7.1769e+03 -2.4357e+00 2.3608e+04
-4.9765e+06 4.0642e+01 -1.9594e+04 7.2125e+03 -5.4784e+00 2.3760e+04
-4.7707e+06 4.0865e+01 -1.9534e+04 7.2493e+03 -1.6149e+00 2.3913e+04
-4.8682e+06 4.1093e+01 -1.9474e+04 7.2875e+03 1.9521e+00 2.4062e+04
-4.8182e+06 4.1322e+01 -1.9413e+04 7.3268e+03 -9.9909e-01 2.4211e+04
-4.8682e+06 4.1552e+01 -1.9352e+04 7.3673e+03 4.1511e-01 2.4357e+04
-4.8045e+06 4.1788e+01 -1.9290e+04 7.4090e+03 1.1483e+00 2.4502e+04
-4.8427e+06 4.2042e+01 -1.9228e+04 7.4519e+03 2.2182e+00 2.4644e+04
-4.7849e+06 4.2311e+01 -1.9166e+04 7.4958e+03 2.2120e+00 2.4785e+04
-4.8060e+06 4.2589e+01 -1.9103e+04 7.5409e+03 2.4994e+00 2.4923e+04
-4.7648e+06 4.2872e+01 -1.9040e+04 7.5870e+03 1.9761e+00 2.5060e+04
-4.7703e+06 4.3163e+01 -1.8977e+04 7.6342e+03 2.3872e+00 2.5195e+04
-4.7403e+06 4.3460e+01 -1.8913e+04 7.6824e+03 1.9814e+00 2.5328e+04
-4.7381e+06 4.3759e+01 -1.8849e+04 7.7315e+03 2.0466e+00 2.5458e+04
-4.7211e+06 4.4062e+01 -1.8784e+04 7.7816e+03 7.0207e-01 2.5587e+04
-4.6962e+06 4.4373e+01 -1.8720e+04 7.8327e+03 4.2123e+00 2.5714e+04
-4.6837e+06 4.4685e+01 -1.8655e+04 7.8846e+03 2.1557e+00 2.5837e+04
-4.6826e+06 4.5012e+01 -1.8590e+04 7.9374e+03 -1.1938e+01 2.5960e+04
-4.6464e+06 4.5349e+01 -1.8524e+04 7.9910e+03 1.2263e+01 2.6080e+04
-4.6136e+06 4.5698e+01 -1.8459e+04 8.0455e+03 3.1900e+01 2.6212e+04
-4.6466e+06 4.6111e+01 -1.8393e+04 8.1007e+03 -3.9142e+00 2.6319e+04
5.1877e+05 3.6488e+01 -2.0374e+04 6.9396e+03 -2.4046e+02 2.1349e+04
-3.7594e+06 3.8679e+01 -2.0322e+04 6.9579e+03 -3.5523e+02 2.1505e+04
-3.9642e+06 3.8891e+01 -2.0269e+04 6.9777e+03 -2.9140e+02 2.1692e+04
5.9411e+05 3.7938e+01 -2.0216e+04 6.9989e+03 -3.5712e+01 2.1852e+04
-1.4534e+06 3.7771e+01 -2.0162e+04 7.0217e+03 -4.5667e+01 2.2024e+04
-7.0169e+06 3.8442e+01 -2.0107e+04 7.0460e+03 -1.7967e+02 2.2191e+04
-5.5399e+06 3.9207e+01 -2.0052e+04 7.0717e+03 -1.4283e+02 2.2360e+04
-3.7337e+06 3.9706e+01 -1.9996e+04 7.0988e+03 -2.0608e+01 2.2526e+04
-4.9270e+06 3.9920e+01 -1.9940e+04 7.1273e+03 -2.9216e+01 2.2688e+04
-4.4590e+06 4.0027e+01 -1.9883e+04 7.1572e+03 -2.1481e+01 2.2850e+04
-4.9476e+06 4.0160e+01 -1.9825e+04 7.1885e+03 -1.8753e+01 2.3009e+04
-4.8421e+06 4.0337e+01 -1.9768e+04 7.2212e+03 -1.4631e+01 2.3167e+04
-4.9094e+06 4.0542e+01 -1.9709e+04 7.2552e+03 -6.2532e+00 2.3324e+04
-4.7017e+06 4.0763e+01 -1.9650e+04 7.2904e+03 6.5437e-01 2.3478e+04
-4.9283e+06 4.0989e+01 -1.9591e+04 7.3270e+03 -4.5652e+00 2.3631e+04
-4.7489e+06 4.1217e+01 -1.9531e+04 7.3648e+03 -4.8332e-01 2.3781e+04
-4.8292e+06 4.1448e+01 -1.9470e+04 7.4038e+03 6.4729e-01 2.3931e+04
-4.7709e+06 4.1682e+01 -1.9410e+04 7.4440e+03 -3.6811e-01 2.4077e+04
-4.8620e+06 4.1920e+01 -1.9349e+04 7.4854e+03 -2.2709e+00 2.4222e+04
-4.7847e+06 4.2177e+01 -1.9287e+04 7.5280e+03 -3.3917e-01 2.4366e+04
-4.8301e+06 4.2455e+01 -1.9225e+04 7.5716e+03 -6.4152e-01 2.4507e+04
-4.7653e+06 4.2740e+01 -1.9163e+04 7.6164e+03 1.1833e-01 2.4647e+04
-4.7898e+06 4.3028e+01 -1.9100e+04 7.6622e+03 -2.0541e-01 2.4784e+04
-4.7423e+06 4.3321e+01 -1.9037e+04 7.7091e+03 2.4292e-02 2.4919e+04
-4.7545e+06 4.3619e+01 -1.8974e+04 7.7570e+03 -2.0262e-01 2.5053e+04
-4.7192e+06 4.3921e+01 -1.8910e+04 7.8059e+03 -1.0359e-01 2.5185e+04
-4.7263e+06 4.4230e+01 -1.8846e+04 7.8557e+03 -1.2559e+00 2.5314e+04
-4.6868e+06 4.4547e+01 -1.8782e+04 7.9065e+03 1.7980e+00 2.5442e+04
-4.6758e+06 4.4864e+01 -1.8717e+04 7.9581e+03 -2.3995e-01 2.5565e+04
-4.6792e+06 4.5196e+01 -1.8652e+04 8.0107e+03 -1.3994e+01 2.5690e+04
-4.6307e+06 4.5542e+01 -1.8587e+04 8.0640e+03 9.9486e+00 2.5810e+04
-4.6211e+06 4.5907e+01 -1.8522e+04 8.1182e+03 2.8217e+01 2.5944e+04
-4.6300e+06 4.6349e+01 -1.8456e+04 8.1732e+03 -5.2696e+00 2.6054e+04
-5.0481e+06 3.7181e+01 -2.0423e+04 7.0217e+03 -3.0600e+02 2.1050e+04
-1.8167e+06 3.8138e+01 -2.0371e+04 7.0396e+03 -1.4469e+02 2.1214e+04
-3.0970e+06 3.7874e+01 -2.0319e+04 7.0590e+03 -1.6505e+02 2.1387e+04
-7.2733e+06 3.7574e+01 -2.0266e+04 7.0799e+03 -3.1812e+02 2.1554e+04
-6.3217e+06 3.8106e+01 -2.0213e+04 7.1024e+03 -1.8282e+02 2.1734e+04
-1.9520e+06 3.8914e+01 -2.0159e+04 7.1262e+03 5.3428e+01 2.1907e+04
-3.5817e+06 3.9520e+01 -2.0104e+04 7.1516e+03 3.2697e+01 2.2070e+04
-5.0841e+06 3.9820e+01 -2.0049e+04 7.1784e+03 -4.3071e+01 2.2233e+04
-4.4632e+06 3.9954e+01 -1.9993e+04 7.2066e+03 -1.9510e+01 2.2398e+04
-4.9564e+06 4.0083e+01 -1.9937e+04 7.2362e+03 -1.5552e+01 2.2561e+04
-4.7354e+06 4.0255e+01 -1.9880e+04 7.2671e+03 -1.0763e+01 2.2721e+04
-4.7815e+06 4.0449e+01 -1.9822e+04 7.2994e+03 6.4687e-01 2.2880e+04
-4.7738e+06 4.0659e+01 -1.9764e+04 7.3331e+03 -1.8321e+00 2.3037e+04
-4.9314e+06 4.0884e+01 -1.9706e+04 7.3680e+03 -5.1375e+00 2.3192e+04
-4.7368e+06 4.1108e+01 -1.9647e+04 7.4042e+03 2.6288e-03 2.3346e+04
-4.7542e+06 4.1329e+01 -1.9588e+04 7.4417e+03 7.8525e+00 2.3497e+04
-4.6841e+06 4.1564e+01 -1.9528e+04 7.4804e+03 8.6302e+00 2.3647e+04
-4.8089e+06 4.1812e+01 -1.9467e+04 7.5203e+03 1.6002e+00 2.3794e+04
-4.7901e+06 4.2060e+01 -1.9407e+04 7.5614e+03 -2.1125e+00 2.3940e+04
-4.8390e+06 4.2321e+01 -1.9346e+04 7.6037e+03 -1.6967e+00 2.4084e+04
-4.7782e+06 4.2603e+01 -1.9284e+04 7.6470e+03 -6.5441e-01 2.4227e+04
-4.8033e+06 4.2892e+01 -1.9222e+04 7.6915e+03 -4.2610e-01 2.4367e+04
-4.7551e+06 4.3183e+01 -1.9160e+04 7.7370e+03 -3.5905e-01 2.4505e+04
-4.7678e+06 4.3479e+01 -1.9097e+04 7.7836e+03 4.1696e-01 2.4641e+04
-4.7285e+06 4.3781e+01 -1.9034e+04 7.8312e+03 7.9856e-01 2.4775e+04
-4.7344e+06 4.4089e+01 -1.8971e+04 7.8798e+03 4.7600e-01 2.4908e+04
-4.7070e+06 4.4405e+01 -1.8907e+04 7.9294e+03 -1.0793e+00 2.5039e+04
-4.6934e+06 4.4727e+01 -1.8843e+04 7.9799e+03 1.4491e+00 2.5167e+04
-4.6651e+06 4.5051e+01 -1.8779e+04 8.0313e+03 -3.5717e-01 2.5291e+04
-4.6778e+06 4.5390e+01 -1.8714e+04 8.0835e+03 -1.4088e+01 2.5416e+04
-4.6221e+06 4.5748e+01 -1.8650e+04 8.1366e+03 1.0214e+01 2.5537e+04
-4.6122e+06 4.6134e+01 -1.8585e+04 8.1906e+03 2.8947e+01 2.5672e+04
-4.6173e+06 4.6602e+01 -1.8519e+04 8.2453e+03 -4.7743e+00 2.5782e+04
-2.3720e+06 3.6825e+01 -2.0471e+04 7.1034e+03 -4.2971e+01 2.0750e+04
-6.0372e+06 3.7278e+01 -2.0420e+04 7.1210e+03 -2.2309e+02 2.0902e+04
-4.7733e+06 3.7515e+01 -2.0368e+04 7.1400e+03 -1.1952e+02 2.1092e+04
-2.2299e+06 3.7899e+01 -2.0316e+04 7.1606e+03 6.9478e+01 2.1270e+04
-2.7292e+06 3.8571e+01 -2.0263e+04 7.1826e+03 5.6009e+01 2.1439e+04
-6.7309e+06 3.9226e+01 -2.0210e+04 7.2062e+03 -1.1497e+02 2.1604e+04
-5.3371e+06 3.9654e+01 -2.0156e+04 7.2312e+03 -8.6330e+01 2.1772e+04
-4.5213e+06 3.9861e+01 -2.0101e+04 7.2576e+03 -1.6291e+01 2.1941e+04
-4.8807e+06 4.0000e+01 -2.0046e+04 7.2854e+03 -7.1894e+00 2.2105e+04
-4.7398e+06 4.0168e+01 -1.9990e+04 7.3147e+03 -8.5966e+00 2.2268e+04
-4.8394e+06 4.0364e+01 -1.9934e+04 7.3453e+03 -8.3630e-01 2.2429e+04
-4.9276e+06 4.0569e+01 -1.9877e+04 7.3773e+03 -9.7386e+00 2.2589e+04
-4.8519e+06 4.0784e+01 -1.9820e+04 7.4106e+03 -1.2189e-01 2.2746e+04
-4.8064e+06 4.1009e+01 -1.9762e+04 7.4452e+03 -1.0260e+00 2.2902e+04
-4.8340e+06 4.1233e+01 -1.9703e+04 7.4811e+03 1.1273e+00 2.3056e+04
-4.7145e+06 4.1454e+01 -1.9644e+04 7.5183e+03 7.7966e+00 2.3208e+04
-4.7031e+06 4.1694e+01 -1.9585e+04 7.5566e+03 1.2661e+01 2.3359e+04
-4.7542e+06 4.1952e+01 -1.9525e+04 7.5962e+03 3.3186e+00 2.3508e+04
-4.8202e+06 4.2211e+01 -1.9465e+04 7.6370e+03 -6.9152e-01 2.3655e+04
-4.7973e+06 4.2476e+01 -1.9404e+04 7.6790e+03 -9.5390e-01 2.3799e+04
-4.8043e+06 4.2757e+01 -1.9343e+04 7.7220e+03 5.9031e-01 2.3942e+04
-4.7691e+06 4.3044e+01 -1.9281e+04 7.7662e+03 -3.5460e-02 2.4083e+04
-4.7708e+06 4.3336e+01 -1.9219e+04 7.8114e+03 1.1504e+00 2.4222e+04
-4.7442e+06 4.3637e+01 -1.9157e+04 7.8577e+03 1.9060e+00 2.4359e+04
-4.7530e+06 4.3945e+01 -1.9094e+04 7.9050e+03 1.2062e+00 2.4495e+04
-4.7264e+06 4.4258e+01 -1.9031e+04 7.9533e+03 7.6612e-01 2.4628e+04
-4.7157e+06 4.4580e+01 -1.8968e+04 8.0026e+03 4.1364e-01 2.4759e+04
-4.6765e+06 4.4906e+01 -1.8905e+04 8.0528e+03 2.4743e+00 2.4888e+04
-4.6619e+06 4.5235e+01 -1.8841e+04 8.1039e+03 5.7659e-03 2.5013e+04
-4.6626e+06 4.5583e+01 -1.8776e+04 8.1559e+03 -1.3373e+01 2.5139e+04
-4.6170e+06 4.5954e+01 -1.8712e+04 8.2088e+03 1.0344e+01 2.5261e+04
-4.5967e+06 4.6360e+01 -1.8647e+04 8.2624e+03 2.9233e+01 2.5396e+04
-4.6066e+06 4.6846e+01 -1.8582e+04 8.3169e+03 -3.7310e+00 2.5507e+04
-5.8142e+06 3.6556e+01 -2.0518e+04 7.1847e+03 -1.2154e+02 2.0442e+04
-3.6330e+06 3.7026e+01 -2.0468e+04 7.2019e+03 -4.2814e+01 2.0603e+04
-4.1509e+06 3.7777e+01 -2.0417e+04 7.2206e+03 -1.1578e+01 2.0793e+04
-6.5734e+06 3.8452e+01 -2.0366e+04 7.2408e+03 -1.1665e+02 2.0963e+04
-5.9797e+06 3.8982e+01 -2.0314e+04 7.2625e+03 -8.7277e+01 2.1136e+04
-3.2359e+06 3.9427e+01 -2.0261e+04 7.2857e+03 4.2188e+01 2.1309e+04
-4.2390e+06 3.9720e+01 -2.0207e+04 7.3103e+03 3.5633e+01 2.1476e+04
-5.1103e+06 3.9905e+01 -2.0153e+04 7.3364e+03 -2.2040e+01 2.1642e+04
-4.7207e+06 4.0078e+01 -2.0099e+04 7.3639e+03 -1.1111e+01 2.1808e+04
-4.9400e+06 4.0271e+01 -2.0043e+04 7.3928e+03 -4.5795e+00 2.1972e+04
-4.7906e+06 4.0477e+01 -1.9988e+04 7.4231e+03 -9.2216e-02 2.2134e+04
-4.8386e+06 4.0690e+01 -1.9931e+04 7.4547e+03 1.6535e+00 2.2294e+04
-4.8432e+06 4.0910e+01 -1.9874e+04 7.4877e+03 -1.6593e+00 2.2453e+04
-4.9208e+06 4.1136e+01 -1.9817e+04 7.5220e+03 -4.1787e+00 2.2609e+04
-4.8004e+06 4.1364e+01 -1.9759e+04 7.5575e+03 -1.6060e+00 2.2764e+04
-4.8104e+06 4.1596e+01 -1.9700e+04 7.5944e+03 2.5331e+00 2.2917e+04
-4.7534e+06 4.1842e+01 -1.9641e+04 7.6324e+03 3.2785e+00 2.3068e+04
-4.8159e+06 4.2101e+01 -1.9582e+04 7.6717e+03 -3.9569e-01 2.3218e+04
-4.7937e+06 4.2363e+01 -1.9522e+04 7.7122e+03 -2.0177e+00 2.3366e+04
-4.8207e+06 4.2633e+01 -1.9462e+04 7.7538e+03 -1.0007e+00 2.3511e+04
-4.7725e+06 4.2911e+01 -1.9401e+04 7.7966e+03 -3.0743e-01 2.3655e+04
-4.7872e+06 4.3194e+01 -1.9340e+04 7.8404e+03 -2.2190e-01 2.3797e+04
-4.7465e+06 4.3487e+01 -1.9279e+04 7.8854e+03 7.6993e-01 2.3937e+04
-4.7669e+06 4.3796e+01 -1.9217e+04 7.9314e+03 4.0476e-01 2.4074e+04
-4.7667e+06 4.4112e+01 -1.9154e+04 7.9784e+03 -4.8277e+00 2.4210e+04
-4.7691e+06 4.4428e+01 -1.9092e+04 8.0264e+03 -4.6835e+00 2.4344e+04
-4.7087e+06 4.4752e+01 -1.9029e+04 8.0754e+03 -8.5155e-01 2.4476e+04
-4.6802e+06 4.5084e+01 -1.8966e+04 8.1253e+03 2.6405e+00 2.4606e+04
-4.6510e+06 4.5420e+01 -1.8902e+04 8.1761e+03 -4.6955e-01 2.4732e+04
-4.6609e+06 4.5780e+01 -1.8838e+04 8.2278e+03 -1.3167e+01 2.4858e+04
-4.6071e+06 4.6165e+01 -1.8774e+04 8.2804e+03 9.7610e+00 2.4982e+04
-4.5905e+06 4.6586e+01 -1.8710e+04 8.3338e+03 2.9204e+01 2.5117e+04
-4.5949e+06 4.7085e+01 -1.8645e+04 8.3880e+03 -4.3340e+00 2.5229e+04
-4.2636e+06 3.6515e+01 -2.0565e+04 7.2656e+03 -1.7400e+01 2.0140e+04
-5.5934e+06 3.7132e+01 -2.0516e+04 7.2824e+03 -9.4482e+01 2.0296e+04
-5.3201e+06 3.8177e+01 -2.0466e+04 7.3008e+03 -3.9396e+01 2.0490e+04
-3.0834e+06 3.8959e+01 -2.0415e+04 7.3206e+03 8.5029e+01 2.0664e+04
-3.8871e+06 3.9322e+01 -2.0363e+04 7.3419e+03 2.9402e+01 2.0835e+04
-5.9917e+06 3.9570e+01 -2.0311e+04 7.3648e+03 -6.3996e+01 2.1003e+04
-5.3786e+06 3.9789e+01 -2.0258e+04 7.3890e+03 -5.4742e+01 2.1174e+04
-4.6296e+06 3.9989e+01 -2.0205e+04 7.4148e+03 -8.3122e-01 2.1342e+04
-5.0200e+06 4.0180e+01 -2.0151e+04 7.4419e+03 -7.9885e+00 2.1508e+04
-4.7534e+06 4.0381e+01 -2.0096e+04 7.4705e+03 -1.5693e+00 2.1672e+04
-4.9431e+06 4.0592e+01 -2.0041e+04 7.5004e+03 -4.3119e+00 2.1835e+04
-4.8850e+06 4.0809e+01 -1.9985e+04 7.5317e+03 -5.2808e+00 2.1996e+04
-4.9268e+06 4.1032e+01 -1.9929e+04 7.5643e+03 -4.1710e+00 2.2155e+04
-4.8196e+06 4.1261e+01 -1.9872e+04 7.5983e+03 -5.2002e-01 2.2313e+04
-4.9086e+06 4.1493e+01 -1.9814e+04 7.6335e+03 -3.7232e+00 2.2469e+04
-4.8188e+06 4.1733e+01 -1.9756e+04 7.6700e+03 -1.8999e+00 2.2623e+04
-4.8522e+06 4.1986e+01 -1.9698e+04 7.7078e+03 -1.9118e+00 2.2774e+04
-4.8005e+06 4.2247e+01 -1.9639e+04 7.7467e+03 -1.5389e+00 2.2924e+04
-4.8363e+06 4.2512e+01 -1.9579e+04 7.7869e+03 -2.0790e+00 2.3073e+04
-4.7818e+06 4.2784e+01 -1.9520e+04 7.8282e+03 -3.0380e-01 2.3219e+04
-4.8009e+06 4.3062e+01 -1.9459e+04 7.8706e+03 -3.0972e-01 2.3364e+04
-4.7502e+06 4.3347e+01 -1.9399e+04 7.9142e+03 2.4052e-01 2.3506e+04
-4.7635e+06 4.3647e+01 -1.9338e+04 7.9588e+03 9.9538e-01 2.3647e+04
-4.7375e+06 4.3966e+01 -1.9276e+04 8.0045e+03 4.9139e-01 2.3786e+04
-4.7828e+06 4.4287e+01 -1.9214e+04 8.0512e+03 -4.8572e+00 2.3922e+04
-4.7470e+06 4.4602e+01 -1.9152e+04 8.0990e+03 -4.0220e+00 2.4057e+04
-4.7228e+06 4.4925e+01 -1.9089e+04 8.1477e+03 4.5745e-03 2.4190e+04
-4.6606e+06 4.5263e+01 -1.9027e+04 8.1973e+03 3.8270e+00 2.4321e+04
-4.6575e+06 4.5612e+01 -1.8963e+04 8.2478e+03 2.1868e-01 2.4447e+04
-4.6411e+06 4.5987e+01 -1.8900e+04 8.2993e+03 -1.1986e+01 2.4575e+04
-4.6114e+06 4.6386e+01 -1.8836e+04 8.3515e+03 1.1165e+01 2.4699e+04
-4.5682e+06 4.6820e+01 -1.8772e+04 8.4046e+03 3.1641e+01 2.4835e+04
-4.5934e+06 4.7331e+01 -1.8708e+04 8.4586e+03 -2.2452e+00 2.4948e+04
-5.9722e+06 3.6563e+01 -2.0612e+04 7.3461e+03 -7.7370e+01 1.9829e+04
-4.1832e+06 3.7439e+01 -2.0563e+04 7.3625e+03 -1.8740e+01 1.9990e+04
-4.7299e+06 3.8649e+01 -2.0514e+04 7.3805e+03 -2.6230e+00 2.0181e+04
-5.9650e+06 3.9361e+01 -2.0463e+04 7.3999e+03 -6.1136e+01 2.0352e+04
-5.7592e+06 3.9564e+01 -2.0412e+04 7.4209e+03 -5.4478e+01 2.0527e+04
-3.8536e+06 3.9709e+01 -2.0361e+04 7.4434e+03 3.8617e+01 2.0700e+04
-4.6013e+06 3.9899e+01 -2.0309e+04 7.4673e+03 2.6426e+01 2.0869e+04
-5.0027e+06 4.0097e+01 -2.0256e+04 7.4927e+03 -1.0945e+01 2.1037e+04
-4.8490e+06 4.0292e+01 -2.0202e+04 7.5195e+03 -9.8937e+00 2.1204e+04
-4.9151e+06 4.0496e+01 -2.0148e+04 7.5477e+03 -3.7617e+00 2.1369e+04
-4.8763e+06 4.0711e+01 -2.0094e+04 7.5773e+03 -3.7880e+00 2.1533e+04
-4.8494e+06 4.0931e+01 -2.0038e+04 7.6082e+03 1.0011e+00 2.1695e+04
-4.8811e+06 4.1159e+01 -1.9982e+04 7.6405e+03 -3.1051e+00 2.1855e+04
-4.8984e+06 4.1393e+01 -1.9926e+04 7.6741e+03 -2.6469e+00 2.2013e+04
-4.8535e+06 4.1625e+01 -1.9869e+04 7.7090e+03 -2.1629e+00 2.2169e+04
-4.8637e+06 4.1866e+01 -1.9812e+04 7.7452e+03 -9.4082e-01 2.2324e+04
-4.8410e+06 4.2123e+01 -1.9754e+04 7.7826e+03 -1.9418e+00 2.2477e+04
-4.8407e+06 4.2389e+01 -1.9695e+04 7.8212e+03 -1.0637e+00 2.2628e+04
-4.8076e+06 4.2655e+01 -1.9636e+04 7.8611e+03 -1.0508e+00 2.2777e+04
-4.8060e+06 4.2927e+01 -1.9577e+04 7.9021e+03 2.2010e-02 2.2924e+04
-4.7661e+06 4.3212e+01 -1.9517e+04 7.9442e+03 -1.9400e-01 2.3069e+04
-4.7619e+06 4.3509e+01 -1.9457e+04 7.9874e+03 3.1919e-01 2.3213e+04
-4.7314e+06 4.3824e+01 -1.9396e+04 8.0318e+03 6.5650e-01 2.3354e+04
-4.7388e+06 4.4154e+01 -1.9335e+04 8.0772e+03 1.6205e+00 2.3494e+04
-4.7262e+06 4.4476e+01 -1.9274e+04 8.1236e+03 2.9776e-01 2.3631e+04
-4.7253e+06 4.4785e+01 -1.9212e+04 8.1710e+03 1.3528e+00 2.3767e+04
-4.6995e+06 4.5104e+01 -1.9150e+04 8.2194e+03 9.9424e-01 2.3901e+04
-4.6788e+06 4.5444e+01 -1.9087e+04 8.2687e+03 2.7394e+00 2.4032e+04
-4.6516e+06 4.5805e+01 -1.9024e+04 8.3190e+03 -7.7708e-01 2.4159e+04
-4.6471e+06 4.6195e+01 -1.8961e+04 8.3701e+03 -1.1044e+01 2.4288e+04
-4.6053e+06 4.6610e+01 -1.8898e+04 8.4221e+03 1.2203e+01 2.4413e+04
-4.5988e+06 4.7060e+01 -1.8834e+04 8.4750e+03 3.0601e+01 2.4550e+04
-4.6058e+06 4.7585e+01 -1.8770e+04 8.5286e+03 -3.0733e+00 2.4664e+04
-4.3508e+06 3.6789e+01 -2.0658e+04 7.4260e+03 9.8667e+00 1.9516e+04
-5.7722e+06 3.8034e+01 -2.0610e+04 7.4420e+03 -7.0823e+01 1.9676e+04
-5.0419e+06 3.9228e+01 -2.0561e+04 7.4596e+03 -7.4195e+00 1.9869e+04
-4.0482e+06 3.9663e+01 -2.0511e+04 7.4787e+03 5.3968e+01 2.0045e+04
-4.1923e+06 3.9715e+01 -2.0461e+04 7.4994e+03 2.7778e+01 2.0218e+04
-5.7592e+06 3.9822e+01 -2.0410e+04 7.5215e+03 -4.2937e+01 2.0389e+04
-5.0937e+06 4.0008e+01 -2.0359e+04 7.5450e+03 -2.9367e+01 2.0560e+04
-4.7989e+06 4.0204e+01 -2.0306e+04 7.5700e+03 -3.1898e+00 2.0730e+04
-4.8725e+06 4.0404e+01 -2.0253e+04 7.5965e+03 4.7832e-02 2.0897e+04
-4.8626e+06 4.0617e+01 -2.0200e+04 7.6243e+03 -5.7577e+00 2.1063e+04
-4.8786e+06 4.0836e+01 -2.0146e+04 7.6536e+03 -1.6514e+00 2.1227e+04
-4.9092e+06 4.1059e+01 -2.0091e+04 7.6842e+03 -4.4526e+00 2.1390e+04
-4.8642e+06 4.1295e+01 -2.0036e+04 7.7161e+03 -1.0506e+00 2.1550e+04
-4.8543e+06 4.1536e+01 -1.9980e+04 7.7494e+03 -1.4289e+00 2.1709e+04
-4.8734e+06 4.1770e+01 -1.9924e+04 7.7840e+03 -5.8298e-01 2.1867e+04
-4.8560e+06 4.2007e+01 -1.9867e+04 7.8198e+03 -1.3675e+00 2.2022e+04
-4.8506e+06 4.2263e+01 -1.9809e+04 7.8569e+03 -6.9832e-02 2.2176e+04
-4.8268e+06 4.2530e+01 -1.9751e+04 7.8952e+03 -7.4881e-01 2.2328e+04
-4.8244e+06 4.2793e+01 -1.9693e+04 7.9347e+03 -2.9856e-01 2.2478e+04
-4.7868e+06 4.3063e+01 -1.9634e+04 7.9754e+03 -8.5882e-02 2.2626e+04
-4.7791e+06 4.3356e+01 -1.9575e+04 8.0172e+03 3.9203e-01 2.2772e+04
-4.7313e+06 4.3674e+01 -1.9515e+04 8.0601e+03 1.8431e-01 2.2916e+04
-4.7334e+06 4.4008e+01 -1.9455e+04 8.1041e+03 7.3750e-01 2.3058e+04
-4.7099e+06 4.4345e+01 -1.9394e+04 8.1492e+03 1.3505e+00 2.3198e+04
-4.7241e+06 4.4665e+01 -1.9333e+04 8.1953e+03 1.5135e+00 2.3337e+04
-4.6938e+06 4.4971e+01 -1.9272e+04 8.2425e+03 1.8622e+00 2.3473e+04
-4.7144e+06 4.5288e+01 -1.9210e+04 8.2906e+03 -5.7924e-01 2.3608e+04
-4.6777e+06 4.5630e+01 -1.9148e+04 8.3396e+03 -4.7653e-01 2.3740e+04
-4.6768e+06 4.5997e+01 -1.9085e+04 8.3896e+03 -3.2954e+00 2.3868e+04
-4.6342e+06 4.6401e+01 -1.9022e+04 8.4404e+03 -1.0661e+01 2.3997e+04
-4.6330e+06 4.6836e+01 -1.8959e+04 8.4921e+03 1.0398e+01 2.4123e+04
-4.6570e+06 4.7307e+01 -1.8896e+04 8.5447e+03 1.9795e+01 2.4261e+04
-4.6861e+06 4.7844e+01 -1.8832e+04 8.5980e+03 -1.3198e+01 2.4376e+04
-5.3912e+06 3.7103e+01 -2.0703e+04 7.5054e+03 -3.0864e+01 1.9199e+04
-4.8416e+06 3.8708e+01 -2.0656e+04 7.5211e+03 -2.6034e+01 1.9363e+04
-4.6469e+06 3.9710e+01 -2.0608e+04 7.5383e+03 1.3760e+01 1.9555e+04
-5.8163e+06 3.9789e+01 -2.0559e+04 7.5570e+03 -4.1745e+01 1.9729e+04
-5.3641e+06 3.9783e+01 -2.0509e+04 7.5773e+03 -2.7716e+01 1.9903e+04
-4.4361e+06 3.9926e+01 -2.0459e+04 7.5990e+03 1.4715e+01 2.0078e+04
-4.6221e+06 4.0115e+01 -2.0408e+04 7.6222e+03 2.2219e+01 2.0249e+04
-4.9226e+06 4.0306e+01 -2.0356e+04 7.6469e+03 7.7439e+00 2.0418e+04
-4.6877e+06 4.0514e+01 -2.0304e+04 7.6729e+03 1.6700e+01 2.0586e+04
-4.9180e+06 4.0738e+01 -2.0251e+04 7.7004e+03 -3.5965e+00 2.0753e+04
-4.8206e+06 4.0960e+01 -2.0198e+04 7.7293e+03 -3.1330e+00 2.0918e+04
-4.8394e+06 4.1184e+01 -2.0144e+04 7.7596e+03 1.3524e+00 2.1081e+04
-4.7924e+06 4.1424e+01 -2.0089e+04 7.7912e+03 3.3754e+00 2.1243e+04
-4.8719e+06 4.1675e+01 -2.0034e+04 7.8241e+03 -1.6492e+00 2.1403e+04
-4.8259e+06 4.1917e+01 -1.9978e+04 7.8583e+03 3.3079e-01 2.1561e+04
-4.8688e+06 4.2155e+01 -1.9921e+04 7.8938e+03 -6.5215e-01 2.1717e+04
-4.8307e+06 4.2409e+01 -1.9865e+04 7.9306e+03 -1.9430e-01 2.1871e+04
-4.8475e+06 4.2675e+01 -1.9807e+04 7.9686e+03 -1.0445e+00 2.2024e+04
-4.8029e+06 4.2936e+01 -1.9749e+04 8.0077e+03 -2.8899e-01 2.2175e+04
-4.8076e+06 4.3202e+01 -1.9691e+04 8.0481e+03 -3.5576e-02 2.2323e+04
-4.7571e+06 4.3499e+01 -1.9632e+04 8.0896e+03 6.0236e-01 2.2470e+04
-4.7495e+06 4.3833e+01 -1.9573e+04 8.1322e+03 4.6372e-01 2.2615e+04
-4.7121e+06 4.4181e+01 -1.9513e+04 8.1759e+03 9.0288e-01 2.2758e+04
-4.7245e+06 4.4518e+01 -1.9453e+04 8.2207e+03 7.6118e-01 2.2900e+04
-4.7036e+06 4.4836e+01 -1.9392e+04 8.2665e+03 4.7630e-01 2.3039e+04
-4.7089e+06 4.5147e+01 -1.9331e+04 8.3133e+03 6.0991e-01 2.3176e+04
-4.6980e+06 4.5471e+01 -1.9270e+04 8.3611e+03 -1.2668e+00 2.3311e+04
-4.6979e+06 4.5816e+01 -1.9208e+04 8.4099e+03 -6.7490e-01 2.3445e+04
-4.6694e+06 4.6191e+01 -1.9146e+04 8.4595e+03 -3.4894e+00 2.3574e+04
-4.6548e+06 4.6613e+01 -1.9083e+04 8.5101e+03 -1.1190e+01 2.3704e+04
-4.6135e+06 4.7070e+01 -1.9021e+04 8.5615e+03 1.0223e+01 2.3830e+04
-4.6644e+06 4.7558e+01 -1.8958e+04 8.6138e+03 1.8693e+01 2.3968e+04
-4.6610e+06 4.8107e+01 -1.8894e+04 8.6669e+03 -1.3514e+01 2.4085e+04
-4.8388e+06 3.7110e+01 -2.0748e+04 7.5842e+03 4.7167e-01 1.8880e+04
-5.4612e+06 3.8721e+01 -2.0701e+04 7.5995e+03 -4.8446e+01 1.9042e+04
-5.1413e+06 3.9692e+01 -2.0654e+04 7.6163e+03 -3.9638e+00 1.9236e+04
-4.3670e+06 3.9778e+01 -2.0606e+04 7.6347e+03 4.2566e+01 1.9412e+04
-4.5720e+06 3.9842e+01 -2.0557e+04 7.6546e+03 1.6732e+01 1.9587e+04
-5.4418e+06 4.0036e+01 -2.0507e+04 7.6759e+03 -2.5679e+01 1.9760e+04
-5.0531e+06 4.0233e+01 -2.0457e+04 7.6988e+03 -1.7089e+01 1.9932e+04
-4.7313e+06 4.0426e+01 -2.0406e+04 7.7231e+03 1.5550e+01 2.0103e+04
-4.7967e+06 4.0638e+01 -2.0354e+04 7.7488e+03 1.4803e+01 2.0272e+04
-4.8050e+06 4.0861e+01 -2.0302e+04 7.7759e+03 -1.9248e+00 2.0440e+04
-4.8407e+06 4.1081e+01 -2.0249e+04 7.8045e+03 -3.7573e+00 2.0606e+04
-4.7632e+06 4.1299e+01 -2.0196e+04 7.8344e+03 5.8318e+00 2.0769e+04
-4.7468e+06 4.1536e+01 -2.0141e+04 7.8656e+03 6.9522e+00 2.0932e+04
-4.7820e+06 4.1794e+01 -2.0087e+04 7.8982e+03 2.6192e-01 2.1093e+04
-4.8481e+06 4.2049e+01 -2.0032e+04 7.9321e+03 -9.1018e-01 2.1251e+04
-4.8350e+06 4.2297e+01 -1.9976e+04 7.9673e+03 1.9602e-02 2.1408e+04
-4.8504e+06 4.2557e+01 -1.9919e+04 8.0037e+03 -8.2593e-01 2.1563e+04
-4.8218e+06 4.2828e+01 -1.9862e+04 8.0413e+03 -7.3023e-01 2.1717e+04
-4.8271e+06 4.3095e+01 -1.9805e+04 8.0802e+03 -4.3264e-01 2.1868e+04
-4.7862e+06 4.3361e+01 -1.9747e+04 8.1202e+03 -2.7973e-02 2.2018e+04
-4.7858e+06 4.3654e+01 -1.9689e+04 8.1614e+03 1.9938e-01 2.2166e+04
-4.7380e+06 4.3986e+01 -1.9630e+04 8.2037e+03 6.8059e-01 2.2311e+04
-4.7407e+06 4.4334e+01 -1.9571e+04 8.2471e+03 7.6980e-01 2.2455e+04
-4.7099e+06 4.4667e+01 -1.9511e+04 8.2915e+03 5.4928e-01 2.2597e+04
-4.7222e+06 4.4986e+01 -1.9451e+04 8.3370e+03 1.6170e-01 2.2737e+04
-4.6914e+06 4.5309e+01 -1.9390e+04 8.3835e+03 4.1176e-01 2.2875e+04
-4.7173e+06 4.5647e+01 -1.9329e+04 8.4310e+03 -1.3117e+00 2.3012e+04
-4.6788e+06 4.6006e+01 -1.9268e+04 8.4795e+03 5.7648e-01 2.3146e+04
-4.6900e+06 4.6399e+01 -1.9206e+04 8.5289e+03 -3.4539e+00 2.3276e+04
-4.6527e+06 4.6843e+01 -1.9144e+04 8.5791e+03 -1.3945e+01 2.3407e+04
-4.6078e+06 4.7317e+01 -1.9082e+04 8.6303e+03 1.1081e+01 2.3534e+04
-4.5635e+06 4.7816e+01 -1.9019e+04 8.6823e+03 2.8477e+01 2.3673e+04
-4.5796e+06 4.8376e+01 -1.8956e+04 8.7350e+03 -2.5675e+00 2.3790e+04
-5.7836e+06 3.6756e+01 -2.0792e+04 7.6624e+03 -4.1929e+01 1.8555e+04
-4.7124e+06 3.7948e+01 -2.0746e+04 7.6773e+03 -1.7767e+01 1.8720e+04
-5.0936e+06 3.9107e+01 -2.0699e+04 7.6938e+03 8.2597e-01 1.8915e+04
-5.3157e+06 3.9643e+01 -2.0652e+04 7.7118e+03 -1.3584e+01 1.9090e+04
-5.4134e+06 3.9888e+01 -2.0604e+04 7.7313e+03 -2.5282e+01 1.9266e+04
-4.5188e+06 4.0131e+01 -2.0555e+04 7.7523e+03 1.5956e+01 1.9441e+04
-4.8911e+06 4.0353e+01 -2.0505e+04 7.7748e+03 6.2395e+00 1.9614e+04
-4.8536e+06 4.0557e+01 -2.0455e+04 7.7987e+03 6.7126e-01 1.9785e+04
-4.8535e+06 4.0767e+01 -2.0404e+04 7.8240e+03 -1.9125e+00 1.9955e+04
-4.8170e+06 4.0983e+01 -2.0352e+04 7.8508e+03 -2.2407e+00 2.0123e+04
-4.8194e+06 4.1199e+01 -2.0300e+04 7.8790e+03 -2.1983e+00 2.0289e+04
-4.6761e+06 4.1414e+01 -2.0247e+04 7.9086e+03 7.7862e+00 2.0454e+04
-4.7095e+06 4.1645e+01 -2.0194e+04 7.9395e+03 3.1489e+00 2.0617e+04
-4.7546e+06 4.1905e+01 -2.0139e+04 7.9717e+03 -1.1733e+00 2.0779e+04
-4.8196e+06 4.2174e+01 -2.0085e+04 8.0052e+03 -1.3502e+00 2.0938e+04
-4.8276e+06 4.2436e+01 -2.0029e+04 8.0401e+03 5.7890e-01 2.1096e+04
-4.8423e+06 4.2704e+01 -1.9974e+04 8.0761e+03 -1.6645e+00 2.1252e+04
-4.8300e+06 4.2983e+01 -1.9917e+04 8.1135e+03 -6.5169e-01 2.1406e+04
-4.8135e+06 4.3261e+01 -1.9860e+04 8.1520e+03 -7.5793e-01 2.1558e+04
-4.7997e+06 4.3535e+01 -1.9803e+04 8.1917e+03 1.4394e-01 2.1709e+04
-4.7732e+06 4.3824e+01 -1.9745e+04 8.2325e+03 -2.4257e-01 2.1858e+04
-4.7613e+06 4.4141e+01 -1.9687e+04 8.2745e+03 4.3733e-01 2.2004e+04
-4.7332e+06 4.4477e+01 -1.9628e+04 8.3176e+03 1.8000e-01 2.2149e+04
-4.7305e+06 4.4808e+01 -1.9569e+04 8.3617e+03 1.7222e-01 2.2292e+04
-4.7045e+06 4.5131e+01 -1.9509e+04 8.4069e+03 1.2943e-02 2.2432e+04
-4.7054e+06 4.5464e+01 -1.9449e+04 8.4531e+03 3.5701e-01 2.2571e+04
-4.6912e+06 4.5820e+01 -1.9388e+04 8.5003e+03 -1.2679e+00 2.2709e+04
-4.6841e+06 4.6202e+01 -1.9327e+04 8.5484e+03 1.0694e+00 2.2844e+04
-4.6581e+06 4.6619e+01 -1.9266e+04 8.5975e+03 -2.8006e+00 2.2974e+04
-4.6623e+06 4.7084e+01 -1.9205e+04 8.6475e+03 -1.4731e+01 2.3106e+04
-4.5739e+06 4.7573e+01 -1.9143e+04 8.6983e+03 1.0140e+01 2.3234e+04
-4.5419e+06 4.8081e+01 -1.9080e+04 8.7500e+03 3.0132e+01 2.3374e+04
-4.5122e+06 4.8654e+01 -1.9018e+04 8.8025e+03 3.0065e-01 2.3492e+04
-5.1168e+06 3.6442e+01 -2.0835e+04 7.7399e+03 -1.2936e+01 1.8230e+04
-5.4010e+06 3.7132e+01 -2.0790e+04 7.7544e+03 -4.5180e+01 1.8394e+04
-5.2046e+06 3.8307e+01 -2.0744e+04 7.7705e+03 -4.3921e+00 1.8589e+04
-4.6216e+06 3.9254e+01 -2.0698e+04 7.7882e+03 3.5919e+01 1.8766e+04
-4.7769e+06 3.9757e+01 -2.0650e+04 7.8073e+03 1.0369e+01 1.8943e+04
-5.2705e+06 4.0098e+01 -2.0602e+04 7.8279e+03 -1.2390e+01 1.9117e+04
-5.0443e+06 4.0389e+01 -2.0553e+04 7.8500e+03 -1.1359e+01 1.9291e+04
-4.8553e+06 4.0640e+01 -2.0503e+04 7.8736e+03 1.6181e+00 1.9463e+04
-4.8811e+06 4.0859e+01 -2.0453e+04 7.8986e+03 -6.1215e-01 1.9633e+04
-4.8219e+06 4.1078e+01 -2.0402e+04 7.9250e+03 1.3179e+00 1.9802e+04
-4.8011e+06 4.1307e+01 -2.0350e+04 7.9529e+03 1.9176e+00 1.9970e+04
-4.7374e+06 4.1535e+01 -2.0298e+04 7.9821e+03 1.6626e+00 2.0135e+04
-4.7155e+06 4.1766e+01 -2.0245e+04 8.0126e+03 1.0361e-01 2.0299e+04
-4.7403e+06 4.2026e+01 -2.0192e+04 8.0445e+03 5.7532e-01 2.0462e+04
-4.8033e+06 4.2304e+01 -2.0138e+04 8.0777e+03 5.4555e-01 2.0622e+04
-4.8160e+06 4.2577e+01 -2.0083e+04 8.1122e+03 5.7785e-01 2.0780e+04
-4.8361e+06 4.2850e+01 -2.0028e+04 8.1479e+03 -1.2763e+00 2.0937e+04
-4.8223e+06 4.3133e+01 -1.9972e+04 8.1849e+03 -1.3573e+00 2.1092e+04
-4.8210e+06 4.3420e+01 -1.9915e+04 8.2231e+03 -7.7999e-01 2.1245e+04
-4.7901e+06 4.3706e+01 -1.9859e+04 8.2624e+03 -1.6922e-01 2.1396e+04
-4.7862e+06 4.3997e+01 -1.9801e+04 8.3030e+03 -4.1597e-01 2.1546e+04
-4.7498e+06 4.4305e+01 -1.9743e+04 8.3446e+03 1.2822e-02 2.1693e+04
-4.7464e+06 4.4630e+01 -1.9685e+04 8.3874e+03 -8.1353e-02 2.1839e+04
-4.7171e+06 4.4960e+01 -1.9626e+04 8.4312e+03 -2.0390e-02 2.1983e+04
-4.7174e+06 4.5289e+01 -1.9567e+04 8.4761e+03 8.4029e-02 2.2124e+04
-4.6857e+06 4.5630e+01 -1.9507e+04 8.5220e+03 2.5610e-01 2.2264e+04
-4.6905e+06 4.6004e+01 -1.9447e+04 8.5688e+03 -1.0086e+00 2.2402e+04
-4.6452e+06 4.6414e+01 -1.9387e+04 8.6167e+03 1.6539e+00 2.2538e+04
-4.6400e+06 4.6852e+01 -1.9326e+04 8.6654e+03 -4.9116e-01 2.2669e+04
-4.6185e+06 4.7329e+01 -1.9265e+04 8.7151e+03 -1.2367e+01 2.2802e+04
-4.5720e+06 4.7828e+01 -1.9203e+04 8.7657e+03 1.0493e+01 2.2932e+04
-4.5168e+06 4.8344e+01 -1.9141e+04 8.8171e+03 2.7887e+01 2.3072e+04
-4.5022e+06 4.8924e+01 -1.9079e+04 8.8693e+03 -1.9381e+00 2.3191e+04
-5.4136e+06 3.6329e+01 -2.0878e+04 7.8167e+03 -2.2902e+01 1.7901e+04
-5.1607e+06 3.6654e+01 -2.0834e+04 7.8309e+03 -3.3474e+01 1.8066e+04
-5.0355e+06 3.7469e+01 -2.0789e+04 7.8466e+03 3.7576e+00 1.8261e+04
-5.3952e+06 3.8457e+01 -2.0743e+04 7.8639e+03 -9.8855e+00 1.8438e+04
-5.2070e+06 3.9250e+01 -2.0696e+04 7.8826e+03 -1.1545e+01 1.8615e+04
-4.8119e+06 3.9806e+01 -2.0648e+04 7.9029e+03 7.7547e+00 1.8791e+04
-4.8849e+06 4.0233e+01 -2.0600e+04 7.9246e+03 1.0238e+01 1.8965e+04
-4.9724e+06 4.0592e+01 -2.0551e+04 7.9478e+03 -3.7064e-01 1.9138e+04
-4.8664e+06 4.0871e+01 -2.0502e+04 7.9725e+03 2.6380e+00 1.9309e+04
-4.8893e+06 4.1123e+01 -2.0451e+04 7.9985e+03 7.0049e-01 1.9479e+04
-4.8136e+06 4.1400e+01 -2.0400e+04 8.0260e+03 3.3686e+00 1.9647e+04
-4.7808e+06 4.1667e+01 -2.0349e+04 8.0549e+03 3.1195e+00 1.9813e+04
-4.7432e+06 4.1904e+01 -2.0296e+04 8.0851e+03 4.2208e+00 1.9978e+04
-4.7726e+06 4.2161e+01 -2.0243e+04 8.1166e+03 2.7668e+00 2.0141e+04
-4.7772e+06 4.2445e+01 -2.0190e+04 8.1494e+03 2.8492e+00 2.0302e+04
-4.8096e+06 4.2722e+01 -2.0136e+04 8.1836e+03 2.1565e+00 2.0461e+04
-4.8112e+06 4.2995e+01 -2.0081e+04 8.2190e+03 3.9511e-01 2.0619e+04
-4.8328e+06 4.3277e+01 -2.0026e+04 8.2556e+03 -1.6696e+00 2.0774e+04
-4.8015e+06 4.3569e+01 -1.9970e+04 8.2934e+03 -7.5070e-01 2.0928e+04
-4.8008e+06 4.3866e+01 -1.9914e+04 8.3325e+03 -1.8021e-01 2.1081e+04
-4.7672e+06 4.4166e+01 -1.9857e+04 8.3727e+03 -2.1776e-01 2.1231e+04
-4.7664e+06 4.4475e+01 -1.9800e+04 8.4140e+03 3.5517e-02 2.1379e+04
-4.7297e+06 4.4798e+01 -1.9742e+04 8.4564e+03 2.7394e-01 2.1526e+04
-4.7329e+06 4.5131e+01 -1.9683e+04 8.4999e+03 1.4575e-01 2.1670e+04
-4.6968e+06 4.5467e+01 -1.9625e+04 8.5445e+03 3.1357e-01 2.1813e+04
-4.6982e+06 4.5822e+01 -1.9565e+04 8.5901e+03 -1.7042e-01 2.1953e+04
-4.6626e+06 4.6222e+01 -1.9506e+04 8.6366e+03 -1.6684e+00 2.2092e+04
-4.6504e+06 4.6660e+01 -1.9446e+04 8.6842e+03 9.7982e-01 2.2229e+04
-4.6034e+06 4.7109e+01 -1.9385e+04 8.7326e+03 -4.3707e-01 2.2361e+04
-4.6180e+06 4.7585e+01 -1.9324e+04 8.7820e+03 -1.1872e+01 2.2495e+04
-4.5399e+06 4.8085e+01 -1.9263e+04 8.8323e+03 1.1142e+01 2.2625e+04
-4.5221e+06 4.8603e+01 -1.9202e+04 8.8834e+03 2.7310e+01 2.2766e+04
-4.4621e+06 4.9185e+01 -1.9140e+04 8.9353e+03 -3.3276e+00 2.2887e+04
-5.0965e+06 3.6315e+01 -2.0920e+04 7.8928e+03 -7.7292e+00 1.7568e+04
-5.4905e+06 3.6409e+01 -2.0877e+04 7.9066e+03 -4.6451e+01 1.7733e+04
-5.2051e+06 3.6753e+01 -2.0832e+04 7.9220e+03 -6.4346e+00 1.7929e+04
-4.9453e+06 3.7496e+01 -2.0787e+04 7.9388e+03 1.7813e+01 1.8107e+04
-4.9019e+06 3.8432e+01 -2.0741e+04 7.9572e+03 5.8049e+00 1.8285e+04
-5.2716e+06 3.9228e+01 -2.0694e+04 7.9771e+03 -9.3043e+00 1.8461e+04
-5.0290e+06 3.9840e+01 -2.0647e+04 7.9985e+03 -4.4731e+00 1.8636e+04
-4.9810e+06 4.0354e+01 -2.0598e+04 8.0213e+03 -5.9470e-01 1.8809e+04
-4.9370e+06 4.0750e+01 -2.0549e+04 8.0456e+03 -8.4714e-01 1.8981e+04
-4.9283e+06 4.1078e+01 -2.0500e+04 8.0713e+03 -2.1961e+00 1.9151e+04
-4.8699e+06 4.1443e+01 -2.0450e+04 8.0984e+03 7.7456e-02 1.9320e+04
-4.8566e+06 4.1802e+01 -2.0399e+04 8.1269e+03 1.3682e+00 1.9487e+04
-4.7889e+06 4.2076e+01 -2.0347e+04 8.1567e+03 3.9988e+00 1.9653e+04
-4.7870e+06 4.2326e+01 -2.0295e+04 8.1879e+03 3.5214e+00 1.9816e+04
-4.7856e+06 4.2605e+01 -2.0242e+04 8.2204e+03 2.5892e+00 1.9978e+04
-4.8028e+06 4.2880e+01 -2.0188e+04 8.2542e+03 1.8311e+00 2.0139e+04
-4.8160e+06 4.3140e+01 -2.0134e+04 8.2892e+03 8.2127e-02 2.0297e+04
-4.8207e+06 4.3415e+01 -2.0079e+04 8.3255e+03 -1.7554e+00 2.0454e+04
-4.8003e+06 4.3714e+01 -2.0024e+04 8.3630e+03 7.8938e-02 2.0608e+04
-4.7788e+06 4.4021e+01 -1.9968e+04 8.4017e+03 8.6194e-01 2.0761e+04
-4.7783e+06 4.4330e+01 -1.9912e+04 8.4416e+03 -6.7227e-02 2.0912e+04
-4.7543e+06 4.4645e+01 -1.9855e+04 8.4826e+03 -5.0985e-02 2.1061e+04
-4.7454e+06 4.4970e+01 -1.9798e+04 8.5247e+03 4.8424e-02 2.1209e+04
-4.7179e+06 4.5308e+01 -1.9740e+04 8.5679e+03 1.1362e-01 2.1354e+04
-4.7109e+06 4.5660e+01 -1.9682e+04 8.6121e+03 2.5810e-01 2.1498e+04
-4.6782e+06 4.6041e+01 -1.9623e+04 8.6574e+03 1.3115e-01 2.1639e+04
-4.6748e+06 4.6471e+01 -1.9564e+04 8.7036e+03 -1.6498e+00 2.1779e+04
-4.6256e+06 4.6930e+01 -1.9504e+04 8.7509e+03 7.1452e-01 2.1917e+04
-4.6125e+06 4.7385e+01 -1.9444e+04 8.7990e+03 -9.3524e-01 2.2050e+04
-4.5931e+06 4.7854e+01 -1.9384e+04 8.8481e+03 -1.2051e+01 2.2184e+04
-4.5526e+06 4.8351e+01 -1.9323e+04 8.8981e+03 1.0492e+01 2.2316e+04
-4.5003e+06 4.8870e+01 -1.9262e+04 8.9489e+03 2.7228e+01 2.2457e+04
-4.4723e+06 4.9452e+01 -1.9201e+04 9.0005e+03 -2.9861e+00 2.2579e+04
-5.5129e+06 3.6317e+01 -2.0962e+04 7.9681e+03 -2.1408e+01 1.7230e+04
-5.1301e+06 3.6336e+01 -2.0919e+04 7.9816e+03 -3.3835e+01 1.7398e+04
-5.2461e+06 3.6428e+01 -2.0875e+04 7.9965e+03 -4.0195e+00 1.7594e+04
-5.2997e+06 3.6858e+01 -2.0831e+04 8.0130e+03 -6.8478e+00 1.7772e+04
-5.3056e+06 3.7670e+01 -2.0785e+04 8.0310e+03 -1.3146e+01 1.7950e+04
-4.9127e+06 3.8572e+01 -2.0739e+04 8.0506e+03 3.1837e+00 1.8127e+04
-5.0333e+06 3.9339e+01 -2.0693e+04 8.0716e+03 4.9263e+00 1.8303e+04
-5.0003e+06 3.9966e+01 -2.0645e+04 8.0940e+03 -1.5931e+00 1.8477e+04
-5.0014e+06 4.0459e+01 -2.0597e+04 8.1179e+03 -1.5981e+00 1.8650e+04
-4.9469e+06 4.0863e+01 -2.0548e+04 8.1433e+03 -1.9106e+00 1.8821e+04
-4.9398e+06 4.1315e+01 -2.0498e+04 8.1700e+03 -1.1601e+00 1.8990e+04
-4.8742e+06 4.1816e+01 -2.0448e+04 8.1981e+03 -7.7818e-01 1.9158e+04
-4.8556e+06 4.2211e+01 -2.0397e+04 8.2276e+03 2.4974e-01 1.9324e+04
-4.7965e+06 4.2496e+01 -2.0345e+04 8.2584e+03 3.9907e+00 1.9489e+04
-4.7962e+06 4.2774e+01 -2.0293e+04 8.2906e+03 4.4605e+00 1.9651e+04
-4.8110e+06 4.3053e+01 -2.0240e+04 8.3240e+03 4.6748e-01 1.9812e+04
-4.8297e+06 4.3303e+01 -2.0187e+04 8.3587e+03 -1.9709e+00 1.9972e+04
-4.8198e+06 4.3561e+01 -2.0133e+04 8.3947e+03 -1.5010e+00 2.0129e+04
-4.7945e+06 4.3861e+01 -2.0078e+04 8.4318e+03 9.1259e-02 2.0285e+04
-4.7813e+06 4.4179e+01 -2.0023e+04 8.4702e+03 5.0561e-01 2.0438e+04
-4.7689e+06 4.4494e+01 -1.9967e+04 8.5097e+03 -6.0838e-01 2.0590e+04
-4.7642e+06 4.4810e+01 -1.9911e+04 8.5504e+03 -5.7223e-01 2.0741e+04
-4.7376e+06 4.5138e+01 -1.9854e+04 8.5922e+03 -5.4298e-01 2.0889e+04
-4.7294e+06 4.5484e+01 -1.9797e+04 8.6350e+03 -2.2382e-01 2.1035e+04
-4.6973e+06 4.5853e+01 -1.9739e+04 8.6789e+03 -2.9734e-02 2.1179e+04
-4.6876e+06 4.6260e+01 -1.9680e+04 8.7239e+03 5.5145e-01 2.1322e+04
-4.6569e+06 4.6709e+01 -1.9622e+04 8.7698e+03 -1.0304e+00 2.1463e+04
-4.6332e+06 4.7179e+01 -1.9563e+04 8.8167e+03 1.4376e+00 2.1601e+04
-4.5926e+06 4.7641e+01 -1.9503e+04 8.8646e+03 -7.8143e-01 2.1735e+04
-4.5989e+06 4.8116e+01 -1.9443e+04 8.9134e+03 -1.1761e+01 2.1870e+04
-4.5391e+06 4.8616e+01 -1.9383e+04 8.9630e+03 9.2244e+00 2.2003e+04
-4.5138e+06 4.9143e+01 -1.9322e+04 9.0135e+03 2.7677e+01 2.2145e+04
-4.4769e+06 4.9733e+01 -1.9261e+04 9.0649e+03 -1.4842e+00 2.2268e+04
-5.0925e+06 3.6327e+01 -2.1002e+04 8.0426e+03 -9.5249e+00 1.6890e+04
-5.4921e+06 3.6380e+01 -2.0960e+04 8.0557e+03 -4.2909e+01 1.7058e+04
-5.1644e+06 3.6462e+01 -2.0918e+04 8.0703e+03 -3.7038e+00 1.7255e+04
-5.1057e+06 3.6721e+01 -2.0874e+04 8.0864e+03 1.1884e+01 1.7434e+04
-4.9973e+06 3.7323e+01 -2.0829e+04 8.1040e+03 -1.3081e+00 1.7613e+04
-5.2929e+06 3.8177e+01 -2.0784e+04 8.1232e+03 -9.1739e+00 1.7790e+04
-5.0429e+06 3.8984e+01 -2.0738e+04 8.1438e+03 -2.4574e+00 1.7966e+04
-5.0654e+06 3.9600e+01 -2.0691e+04 8.1659e+03 -9.0920e-01 1.8142e+04
-4.9834e+06 4.0074e+01 -2.0644e+04 8.1894e+03 -8.1042e-01 1.8315e+04
-5.0130e+06 4.0482e+01 -2.0595e+04 8.2144e+03 -1.6249e+00 1.8487e+04
-4.9364e+06 4.0953e+01 -2.0546e+04 8.2408e+03 -4.0219e-01 1.8657e+04
-4.9543e+06 4.1553e+01 -2.0497e+04 8.2685e+03 -2.4233e+00 1.8825e+04
-4.8728e+06 4.2127e+01 -2.0446e+04 8.2977e+03 -9.4306e-01 1.8992e+04
-4.8485e+06 4.2533e+01 -2.0395e+04 8.3281e+03 3.2368e+00 1.9157e+04
-4.8083e+06 4.2852e+01 -2.0344e+04 8.3599e+03 4.1301e+00 1.9321e+04
-4.8335e+06 4.3176e+01 -2.0292e+04 8.3930e+03 -5.6755e-01 1.9483e+04
-4.8242e+06 4.3469e+01 -2.0239e+04 8.4274e+03 -1.7510e+00 1.9643e+04
-4.8193e+06 4.3730e+01 -2.0185e+04 8.4630e+03 -9.2240e-01 1.9801e+04
-4.7988e+06 4.4025e+01 -2.0131e+04 8.4998e+03 -4.5419e-01 1.9958e+04
-4.7842e+06 4.4351e+01 -2.0076e+04 8.5378e+03 -6.8090e-01 2.0112e+04
-4.7755e+06 4.4666e+01 -2.0021e+04 8.5770e+03 -1.0380e+00 2.0265e+04
-4.7530e+06 4.4976e+01 -1.9965e+04 8.6173e+03 -9.0615e-01 2.0416e+04
-4.7463e+06 4.5302e+01 -1.9909e+04 8.6588e+03 -8.7006e-01 2.0565e+04
-4.7161e+06 4.5652e+01 -1.9852e+04 8.7013e+03 -4.9791e-01 2.0712e+04
-4.7109e+06 4.6034e+01 -1.9795e+04 8.7449e+03 -3.9691e-01 2.0857e+04
-4.6712e+06 4.6456e+01 -1.9737e+04 8.7895e+03 4.1230e-01 2.1001e+04
-4.6720e+06 4.6913e+01 -1.9679e+04 8.8352e+03 -1.0200e+00 2.1143e+04
-4.6129e+06 4.7384e+01 -1.9621e+04 8.8818e+03 1.6716e+00 2.1282e+04
-4.6078e+06 4.7858e+01 -1.9562e+04 8.9293e+03 -1.0700e+00 2.1417e+04
-4.5762e+06 4.8353e+01 -1.9502e+04 8.9778e+03 -1.1789e+01 2.1553e+04
-4.5590e+06 4.8869e+01 -1.9442e+04 9.0271e+03 7.6744e+00 2.1686e+04
-4.4960e+06 4.9410e+01 -1.9382e+04 9.0773e+03 2.7220e+01 2.1830e+04
-4.5099e+06 5.0016e+01 -1.9321e+04 9.1284e+03 -2.2920e+00 2.1953e+04
-5.4393e+06 3.6418e+01 -2.1042e+04 8.1163e+03 -1.9879e+01 1.6547e+04
-5.1510e+06 3.6567e+01 -2.1001e+04 8.1289e+03 -3.5569e+01 1.6716e+04
-5.2332e+06 3.6670e+01 -2.0959e+04 8.1431e+03 -2.2953e+00 1.6912e+04
-5.2255e+06 3.6906e+01 -2.0916e+04 8.1589e+03 -3.0862e-01 1.7092e+04
-5.2620e+06 3.7457e+01 -2.0872e+04 8.1762e+03 -8.9825e+00 1.7272e+04
-4.9815e+06 3.8235e+01 -2.0828e+04 8.1949e+03 1.1432e+00 1.7450e+04
-5.0730e+06 3.8951e+01 -2.0783e+04 8.2152e+03 3.4274e+00 1.7627e+04
-5.0275e+06 3.9433e+01 -2.0737e+04 8.2369e+03 -1.5007e+00 1.7803e+04
-5.0499e+06 3.9777e+01 -2.0690e+04 8.2601e+03 -1.6688e+00 1.7977e+04
-4.9950e+06 4.0114e+01 -2.0642e+04 8.2847e+03 -1.6135e+00 1.8149e+04
-5.0039e+06 4.0521e+01 -2.0594e+04 8.3107e+03 -1.1218e+00 1.8320e+04
-4.9435e+06 4.1083e+01 -2.0545e+04 8.3381e+03 -1.2274e+00 1.8489e+04
-4.9399e+06 4.1735e+01 -2.0495e+04 8.3668e+03 -1.0649e+00 1.8657e+04
-4.8826e+06 4.2273e+01 -2.0445e+04 8.3970e+03 -3.3625e-02 1.8823e+04
-4.8702e+06 4.2676e+01 -2.0394e+04 8.4284e+03 -4.4247e-01 1.8987e+04
-4.8391e+06 4.3092e+01 -2.0342e+04 8.4611e+03 -1.4991e+00 1.9150e+04
-4.8279e+06 4.3515e+01 -2.0290e+04 8.4951e+03 -6.2060e-01 1.9311e+04
-4.8010e+06 4.3864e+01 -2.0237e+04 8.5304e+03 4.1391e-01 1.9470e+04
-4.7937e+06 4.4186e+01 -2.0184e+04 8.5669e+03 1.7441e-01 1.9627e+04
-4.7768e+06 4.4529e+01 -2.0130e+04 8.6045e+03 -1.3835e-01 1.9783e+04
-4.7630e+06 4.4856e+01 -2.0075e+04 8.6434e+03 -7.3281e-01 1.9936e+04
-4.7507e+06 4.5157e+01 -2.0020e+04 8.6834e+03 -6.7332e-01 2.0088e+04
-4.7328e+06 4.5469e+01 -1.9964e+04 8.7245e+03 -7.4435e-01 2.0238e+04
-4.7209e+06 4.5815e+01 -1.9908e+04 8.7667e+03 -4.3394e-01 2.0386e+04
-4.6973e+06 4.6205e+01 -1.9851e+04 8.8100e+03 -6.5371e-01 2.0532e+04
-4.6807e+06 4.6642e+01 -1.9794e+04 8.8543e+03 1.6032e-01 2.0676e+04
-4.6571e+06 4.7107e+01 -1.9736e+04 8.8996e+03 -1.1880e+00 2.0819e+04
-4.6258e+06 4.7579e+01 -1.9678e+04 8.9459e+03 1.5607e+00 2.0959e+04
-4.5909e+06 4.8068e+01 -1.9620e+04 8.9931e+03 -1.8009e+00 2.1096e+04
-4.5818e+06 4.8589e+01 -1.9561e+04 9.0413e+03 -1.1850e+01 2.1233e+04
-4.5367e+06 4.9120e+01 -1.9501e+04 9.0903e+03 7.7358e+00 2.1367e+04
-4.5085e+06 4.9669e+01 -1.9441e+04 9.1402e+03 2.6716e+01 2.1511e+04
-4.5051e+06 5.0290e+01 -1.9381e+04 9.1909e+03 -4.0265e+00 2.1635e+04
-5.1666e+06 3.6737e+01 -2.1082e+04 8.1890e+03 -1.2759e+01 1.6200e+04
-5.3405e+06 3.6864e+01 -2.1041e+04 8.2013e+03 -3.9327e+01 1.6369e+04
-5.1686e+06 3.6884e+01 -2.1000e+04 8.2151e+03 -4.2118e+00 1.6566e+04
-5.0557e+06 3.7236e+01 -2.0958e+04 8.2305e+03 1.1091e+01 1.6747e+04
-5.0228e+06 3.7903e+01 -2.0915e+04 8.2474e+03 -9.3021e-02 1.6927e+04
-5.1830e+06 3.8615e+01 -2.0871e+04 8.2658e+03 -3.5127e+00 1.7106e+04
-5.0503e+06 3.9161e+01 -2.0827e+04 8.2857e+03 -9.7531e-01 1.7284e+04
-5.0560e+06 3.9473e+01 -2.0781e+04 8.3070e+03 -7.8636e-01 1.7460e+04
-5.0211e+06 3.9685e+01 -2.0735e+04 8.3298e+03 -1.2994e+00 1.7635e+04
-5.0328e+06 3.9937e+01 -2.0688e+04 8.3540e+03 -1.5490e+00 1.7808e+04
-4.9936e+06 4.0257e+01 -2.0641e+04 8.3797e+03 -1.6708e+00 1.7980e+04
-4.9979e+06 4.0675e+01 -2.0593e+04 8.4067e+03 -2.0740e+00 1.8150e+04
-4.9515e+06 4.1215e+01 -2.0544e+04 8.4351e+03 -1.6911e+00 1.8318e+04
-4.9376e+06 4.1762e+01 -2.0494e+04 8.4649e+03 -2.1493e+00 1.8485e+04
-4.8990e+06 4.2226e+01 -2.0444e+04 8.4959e+03 -2.5713e+00 1.8650e+04
-4.8655e+06 4.2720e+01 -2.0393e+04 8.5283e+03 -1.6353e+00 1.8814e+04
-4.8158e+06 4.3292e+01 -2.0341e+04 8.5620e+03 8.7870e-01 1.8976e+04
-4.7930e+06 4.3820e+01 -2.0289e+04 8.5969e+03 1.8881e+00 1.9135e+04
-4.7827e+06 4.4258e+01 -2.0236e+04 8.6330e+03 6.7230e-01 1.9294e+04
-4.7613e+06 4.4662e+01 -2.0183e+04 8.6704e+03 5.4161e-01 1.9450e+04
-4.7491e+06 4.5037e+01 -2.0129e+04 8.7089e+03 2.6995e-01 1.9605e+04
-4.7269e+06 4.5356e+01 -2.0074e+04 8.7485e+03 1.2102e-01 1.9757e+04
-4.7261e+06 4.5651e+01 -2.0019e+04 8.7893e+03 -1.6272e-01 1.9908e+04
-4.7028e+06 4.5985e+01 -1.9963e+04 8.8312e+03 -1.3051e-01 2.0057e+04
-4.7042e+06 4.6387e+01 -1.9907e+04 8.8741e+03 -6.2217e-01 2.0204e+04
-4.6657e+06 4.6848e+01 -1.9850e+04 8.9181e+03 4.0384e-02 2.0349e+04
-4.6682e+06 4.7331e+01 -1.9793e+04 8.9631e+03 -1.3192e+00 2.0493e+04
-4.6089e+06 4.7813e+01 -1.9735e+04 9.0090e+03 1.1847e+00 2.0634e+04
-4.6001e+06 4.8318e+01 -1.9677e+04 9.0560e+03 -2.1000e+00 2.0771e+04
-4.5512e+06 4.8859e+01 -1.9619e+04 9.1038e+03 -1.0252e+01 2.0909e+04
-4.5367e+06 4.9393e+01 -1.9560e+04 9.1525e+03 9.9268e+00 2.1044e+04
-4.4865e+06 4.9932e+01 -1.9500e+04 9.2021e+03 2.7428e+01 2.1189e+04
-4.5194e+06 5.0555e+01 -1.9441e+04 9.2526e+03 -4.1502e+00 2.1314e+04
-5.2663e+06 3.7072e+01 -2.1120e+04 8.2608e+03 -1.5066e+01 1.5849e+04
-5.1826e+06 3.7012e+01 -2.1081e+04 8.2727e+03 -3.6260e+01 1.6020e+04
-5.1152e+06 3.7077e+01 -2.1040e+04 8.2861e+03 -9.6484e-01 1.6217e+04
-5.1588e+06 3.7687e+01 -2.0999e+04 8.3011e+03 3.3302e+00 1.6398e+04
-5.1161e+06 3.8451e+01 -2.0957e+04 8.3177e+03 -3.2387e+00 1.6579e+04
-4.9891e+06 3.9035e+01 -2.0914e+04 8.3357e+03 1.6602e+00 1.6759e+04
-5.0219e+06 3.9389e+01 -2.0870e+04 8.3552e+03 2.9541e+00 1.6937e+04
-5.0302e+06 3.9588e+01 -2.0825e+04 8.3761e+03 -1.5284e+00 1.7114e+04
-5.0263e+06 3.9749e+01 -2.0780e+04 8.3986e+03 -4.1745e-01 1.7290e+04
-5.0146e+06 3.9958e+01 -2.0734e+04 8.4224e+03 -1.2829e+00 1.7464e+04
-5.0112e+06 4.0217e+01 -2.0687e+04 8.4477e+03 -1.1698e+00 1.7636e+04
-4.9889e+06 4.0504e+01 -2.0640e+04 8.4744e+03 -2.0920e+00 1.7807e+04
-4.9828e+06 4.0858e+01 -2.0591e+04 8.5024e+03 -1.9818e+00 1.7976e+04
-4.9524e+06 4.1288e+01 -2.0542e+04 8.5318e+03 -2.3512e+00 1.8144e+04
-4.9189e+06 4.1734e+01 -2.0493e+04 8.5625e+03 -9.9865e-01 1.8310e+04
-4.8753e+06 4.2225e+01 -2.0442e+04 8.5945e+03 1.5599e-01 1.8474e+04
-4.8368e+06 4.2837e+01 -2.0392e+04 8.6279e+03 1.2749e+00 1.8636e+04
-4.8065e+06 4.3517e+01 -2.0340e+04 8.6624e+03 1.1340e+00 1.8797e+04
-4.7849e+06 4.4140e+01 -2.0288e+04 8.6982e+03 3.8985e-01 1.8956e+04
-4.7447e+06 4.4672e+01 -2.0235e+04 8.7352e+03 1.6374e+00 1.9114e+04
-4.7150e+06 4.5138e+01 -2.0181e+04 8.7734e+03 2.6716e+00 1.9269e+04
-4.7149e+06 4.5528e+01 -2.0127e+04 8.8127e+03 1.8282e+00 1.9423e+04
-4.7058e+06 4.5849e+01 -2.0073e+04 8.8531e+03 6.0127e-01 1.9574e+04
-4.7043e+06 4.6183e+01 -2.0018e+04 8.8947e+03 8.2855e-02 1.9724e+04
-4.6853e+06 4.6597e+01 -1.9962e+04 8.9373e+03 -5.5501e-01 1.9872e+04
-4.6727e+06 4.7082e+01 -1.9906e+04 8.9809e+03 1.8076e-01 2.0018e+04
-4.6487e+06 4.7582e+01 -1.9849e+04 9.0256e+03 -1.1640e+00 2.0163e+04
-4.6190e+06 4.8074e+01 -1.9792e+04 9.0712e+03 1.2818e+00 2.0305e+04
-4.5785e+06 4.8594e+01 -1.9735e+04 9.1179e+03 -1.4418e+00 2.0442e+04
-4.5595e+06 4.9150e+01 -1.9676e+04 9.1654e+03 -9.0313e+00 2.0581e+04
-4.5152e+06 4.9682e+01 -1.9618e+04 9.2138e+03 1.0815e+01 2.0717e+04
-4.4997e+06 5.0205e+01 -1.9559e+04 9.2631e+03 2.7986e+01 2.0863e+04
-4.5014e+06 5.0819e+01 -1.9500e+04 9.3132e+03 -2.9526e+00 2.0990e+04
-5.1719e+06 3.6976e+01 -2.1158e+04 8.3316e+03 -1.5044e+01 1.5495e+04
-5.2473e+06 3.6968e+01 -2.1119e+04 8.3431e+03 -3.9975e+01 1.5667e+04
-5.0947e+06 3.7363e+01 -2.1080e+04 8.3562e+03 -4.7826e-01 1.5865e+04
-4.9821e+06 3.8192e+01 -2.1039e+04 8.3708e+03 1.2077e+01 1.6047e+04
-4.9769e+06 3.8919e+01 -2.0998e+04 8.3869e+03 2.4460e-01 1.6228e+04
-5.0859e+06 3.9320e+01 -2.0956e+04 8.4046e+03 -2.1856e+00 1.6408e+04
-5.0067e+06 3.9524e+01 -2.0913e+04 8.4237e+03 -3.4384e-01 1.6588e+04
-5.0168e+06 3.9688e+01 -2.0869e+04 8.4443e+03 -6.4034e-01 1.6765e+04
-4.9960e+06 3.9866e+01 -2.0824e+04 8.4664e+03 -1.5628e-01 1.6941e+04
-5.0098e+06 4.0071e+01 -2.0779e+04 8.4898e+03 -6.5451e-01 1.7116e+04
-4.9881e+06 4.0301e+01 -2.0733e+04 8.5148e+03 -1.0026e+00 1.7289e+04
-5.0007e+06 4.0530e+01 -2.0686e+04 8.5411e+03 -1.5375e+00 1.7461e+04
-4.9763e+06 4.0767e+01 -2.0639e+04 8.5687e+03 -5.8245e-01 1.7631e+04
-4.9691e+06 4.1068e+01 -2.0590e+04 8.5978e+03 1.8302e-01 1.7799e+04
-4.9315e+06 4.1439e+01 -2.0541e+04 8.6281e+03 1.3357e+00 1.7966e+04
-4.9038e+06 4.1858e+01 -2.0492e+04 8.6598e+03 6.7270e-01 1.8131e+04
-4.8745e+06 4.2379e+01 -2.0441e+04 8.6927e+03 -1.1065e+00 1.8294e+04
-4.8459e+06 4.3056e+01 -2.0390e+04 8.7269e+03 -1.6986e+00 1.8456e+04
-4.8027e+06 4.3808e+01 -2.0339e+04 8.7624e+03 -9.8608e-01 1.8616e+04
-4.7456e+06 4.4507e+01 -2.0287e+04 8.7990e+03 1.9560e+00 1.8774e+04
-4.7168e+06 4.5112e+01 -2.0234e+04 8.8369e+03 3.2590e+00 1.8930e+04
-4.7076e+06 4.5613e+01 -2.0180e+04 8.8758e+03 1.6027e+00 1.9085e+04
-4.7135e+06 4.6020e+01 -2.0126e+04 8.9159e+03 8.4912e-02 1.9237e+04
-4.6910e+06 4.6402e+01 -2.0072e+04 8.9572e+03 -2.2710e-02 1.9388e+04
-4.6901e+06 4.6829e+01 -2.0017e+04 8.9994e+03 -3.7224e-01 1.9537e+04
-4.6556e+06 4.7315e+01 -1.9961e+04 9.0428e+03 1.5074e-01 1.9684e+04
-4.6571e+06 4.7818e+01 -1.9905e+04 9.0871e+03 -1.3257e+00 1.9829e+04
-4.5998e+06 4.8314e+01 -1.9848e+04 9.1324e+03 1.2214e+00 1.9972e+04
-4.5895e+06 4.8843e+01 -1.9791e+04 9.1787e+03 -1.4587e+00 2.0111e+04
-4.5534e+06 4.9413e+01 -1.9734e+04 9.2259e+03 -1.0337e+01 2.0251e+04
-4.5443e+06 4.9953e+01 -1.9676e+04 9.2741e+03 8.6564e+00 2.0388e+04
-4.4968e+06 5.0478e+01 -1.9617e+04 9.3231e+03 2.6433e+01 2.0535e+04
-4.5131e+06 5.1096e+01 -1.9559e+04 9.3729e+03 -2.0080e+00 2.0662e+04
-5.2479e+06 3.6694e+01 -2.1195e+04 8.4013e+03 -2.1020e+01 1.5139e+04
-5.1429e+06 3.7005e+01 -2.1157e+04 8.4125e+03 -3.8782e+01 1.5311e+04
-5.0445e+06 3.7665e+01 -2.1118e+04 8.4252e+03 1.8955e+00 1.5509e+04
-5.0397e+06 3.8522e+01 -2.1079e+04 8.4394e+03 7.9798e+00 1.5691e+04
-5.0323e+06 3.9165e+01 -2.1038e+04 8.4552e+03 -3.1577e+00 1.5874e+04
-4.9465e+06 3.9452e+01 -2.0997e+04 8.4725e+03 6.4158e-01 1.6055e+04
-4.9768e+06 3.9602e+01 -2.0955e+04 8.4912e+03 2.1822e+00 1.6235e+04
-4.9771e+06 3.9777e+01 -2.0912e+04 8.5114e+03 -5.9745e-01 1.6413e+04
-4.9846e+06 3.9978e+01 -2.0868e+04 8.5331e+03 2.0609e-01 1.6590e+04
-4.9745e+06 4.0188e+01 -2.0823e+04 8.5562e+03 -5.1822e-01 1.6765e+04
-4.9814e+06 4.0408e+01 -2.0778e+04 8.5808e+03 -5.3303e-01 1.6939e+04
-4.9693e+06 4.0627e+01 -2.0732e+04 8.6067e+03 1.8400e-01 1.7112e+04
-4.9845e+06 4.0840e+01 -2.0685e+04 8.6340e+03 1.4643e+00 1.7282e+04
-4.9866e+06 4.1080e+01 -2.0638e+04 8.6627e+03 -3.4912e-01 1.7452e+04
-4.9748e+06 4.1377e+01 -2.0589e+04 8.6927e+03 -9.1558e-01 1.7619e+04
-4.9360e+06 4.1711e+01 -2.0540e+04 8.7240e+03 -9.3155e-03 1.7785e+04
-4.9056e+06 4.2100e+01 -2.0491e+04 8.7566e+03 -1.6161e+00 1.7949e+04
-4.8677e+06 4.2640e+01 -2.0440e+04 8.7904e+03 -2.9625e+00 1.8112e+04
-4.8150e+06 4.3360e+01 -2.0389e+04 8.8255e+03 -1.1167e+00 1.8272e+04
-4.7643e+06 4.4169e+01 -2.0338e+04 8.8618e+03 1.5007e+00 1.8431e+04
-4.7313e+06 4.4929e+01 -2.0286e+04 8.8993e+03 1.4180e+00 1.8588e+04
-4.7270e+06 4.5553e+01 -2.0233e+04 8.9379e+03 -3.1759e-01 1.8743e+04
-4.7103e+06 4.6073e+01 -2.0180e+04 8.9777e+03 -7.1262e-01 1.8897e+04
-4.6990e+06 4.6560e+01 -2.0126e+04 9.0186e+03 -2.0084e-01 1.9049e+04
-4.6719e+06 4.7037e+01 -2.0071e+04 9.0605e+03 -6.7041e-01 1.9198e+04
-4.6607e+06 4.7522e+01 -2.0016e+04 9.1035e+03 -4.5481e-01 1.9346e+04
-4.6346e+06 4.8025e+01 -1.9960e+04 9.1476e+03 -1.6478e+00 1.9493e+04
-4.6073e+06 4.8539e+01 -1.9904e+04 9.1926e+03 6.7397e-01 1.9637e+04
-4.5672e+06 4.9083e+01 -1.9848e+04 9.2385e+03 -1.5285e+00 1.9776e+04
-4.5706e+06 4.9662e+01 -1.9791e+04 9.2854e+03 -1.1385e+01 1.9918e+04
-4.5298e+06 5.0216e+01 -1.9733e+04 9.3332e+03 7.5867e+00 2.0055e+04
-4.5252e+06 5.0763e+01 -1.9675e+04 9.3819e+03 2.4330e+01 2.0203e+04
-4.4963e+06 5.1403e+01 -1.9617e+04 9.4315e+03 -1.2190e+00 2.0331e+04
-5.1360e+06 3.6798e+01 -2.1231e+04 8.4700e+03 -1.8229e+01 1.4779e+04
-5.1873e+06 3.7228e+01 -2.1194e+04 8.4808e+03 -4.0242e+01 1.4951e+04
-5.0157e+06 3.7872e+01 -2.1156e+04 8.4931e+03 1.2524e+00 1.5150e+04
-4.9418e+06 3.8629e+01 -2.1117e+04 8.5070e+03 1.0942e+01 1.5333e+04
-4.9287e+06 3.9209e+01 -2.1078e+04 8.5224e+03 -2.0507e+00 1.5516e+04
-5.0168e+06 3.9500e+01 -2.1037e+04 8.5393e+03 -2.1628e+00 1.5698e+04
-4.9424e+06 3.9679e+01 -2.0996e+04 8.5576e+03 6.4692e-01 1.5878e+04
-4.9652e+06 3.9874e+01 -2.0954e+04 8.5775e+03 -2.0758e-01 1.6057e+04
-4.9412e+06 4.0083e+01 -2.0911e+04 8.5988e+03 -3.3829e-02 1.6235e+04
-4.9623e+06 4.0295e+01 -2.0867e+04 8.6215e+03 -4.9381e-01 1.6411e+04
-4.9403e+06 4.0514e+01 -2.0822e+04 8.6457e+03 6.3925e-02 1.6586e+04
-4.9626e+06 4.0735e+01 -2.0777e+04 8.6713e+03 1.3868e+00 1.6759e+04
-4.9727e+06 4.0958e+01 -2.0731e+04 8.6982e+03 2.0444e-01 1.6930e+04
-5.0396e+06 4.1192e+01 -2.0684e+04 8.7265e+03 -8.7611e+00 1.7100e+04
-5.0315e+06 4.1445e+01 -2.0637e+04 8.7561e+03 -1.0070e+01 1.7269e+04
-4.9726e+06 4.1711e+01 -2.0588e+04 8.7871e+03 -2.0686e+00 1.7435e+04
-4.9152e+06 4.2006e+01 -2.0539e+04 8.8193e+03 -2.5308e-01 1.7600e+04
-4.8778e+06 4.2397e+01 -2.0490e+04 8.8528e+03 -2.3320e+00 1.7764e+04
-4.8228e+06 4.2957e+01 -2.0439e+04 8.8876e+03 4.7179e-02 1.7925e+04
-4.7741e+06 4.3710e+01 -2.0389e+04 8.9235e+03 2.7484e+00 1.8085e+04
-4.7546e+06 4.4541e+01 -2.0337e+04 8.9607e+03 6.5254e-01 1.8243e+04
-4.7346e+06 4.5266e+01 -2.0285e+04 8.9990e+03 -1.4241e+00 1.8399e+04
-4.7236e+06 4.5881e+01 -2.0232e+04 9.0384e+03 -1.0041e+00 1.8554e+04
-4.6887e+06 4.6495e+01 -2.0179e+04 9.0789e+03 -6.2938e-01 1.8706e+04
-4.6696e+06 4.7095e+01 -2.0125e+04 9.1205e+03 -3.5531e-01 1.8857e+04
-4.6357e+06 4.7647e+01 -2.0070e+04 9.1632e+03 9.5777e-02 1.9005e+04
-4.6367e+06 4.8194e+01 -2.0015e+04 9.2069e+03 -1.7828e+00 1.9153e+04
-4.5857e+06 4.8774e+01 -1.9960e+04 9.2516e+03 5.5206e-01 1.9298e+04
-4.5675e+06 4.9367e+01 -1.9904e+04 9.2973e+03 -1.2942e+00 1.9438e+04
-4.5488e+06 4.9950e+01 -1.9847e+04 9.3438e+03 -1.1328e+01 1.9581e+04
-4.5303e+06 5.0498e+01 -1.9790e+04 9.3913e+03 8.1322e+00 1.9719e+04
-4.5034e+06 5.1062e+01 -1.9733e+04 9.4397e+03 2.4318e+01 1.9868e+04
-4.4941e+06 5.1733e+01 -1.9675e+04 9.4889e+03 2.5963e-02 1.9997e+04
-5.1738e+06 3.7251e+01 -2.1267e+04 8.5376e+03 -1.8890e+01 1.4416e+04
-5.0669e+06 3.7538e+01 -2.1230e+04 8.5480e+03 -3.7705e+01 1.4588e+04
-4.9956e+06 3.8098e+01 -2.1193e+04 8.5600e+03 1.4394e+00 1.4787e+04
-4.9565e+06 3.8745e+01 -2.1155e+04 8.5734e+03 7.4590e+00 1.4971e+04
-4.9784e+06 3.9259e+01 -2.1117e+04 8.5884e+03 -4.5081e+00 1.5155e+04
-4.8989e+06 3.9568e+01 -2.1077e+04 8.6049e+03 -7.2978e-02 1.5337e+04
-4.9290e+06 3.9778e+01 -2.1036e+04 8.6229e+03 1.8128e+00 1.5518e+04
-4.9145e+06 3.9981e+01 -2.0995e+04 8.6424e+03 -3.9436e-01 1.5698e+04
-4.9336e+06 4.0190e+01 -2.0953e+04 8.6633e+03 -3.8207e-01 1.5876e+04
-4.9151e+06 4.0404e+01 -2.0910e+04 8.6857e+03 -4.5010e-01 1.6053e+04
-4.9292e+06 4.0623e+01 -2.0866e+04 8.7095e+03 -8.2575e-02 1.6228e+04
-4.9154e+06 4.0846e+01 -2.0821e+04 8.7347e+03 7.6238e-01 1.6402e+04
-4.9613e+06 4.1076e+01 -2.0776e+04 8.7613e+03 -2.1931e+00 1.6574e+04
-5.0176e+06 4.1313e+01 -2.0730e+04 8.7892e+03 -1.2344e+01 1.6745e+04
-5.0315e+06 4.1549e+01 -2.0683e+04 8.8185e+03 -1.2283e+01 1.6914e+04
-4.9689e+06 4.1779e+01 -2.0636e+04 8.8491e+03 -2.8074e+00 1.7082e+04
-4.9211e+06 4.2029e+01 -2.0587e+04 8.8810e+03 -5.3816e-01 1.7248e+04
-4.8773e+06 4.2337e+01 -2.0539e+04 8.9141e+03 -1.6928e+00 1.7412e+04
-4.8297e+06 4.2733e+01 -2.0489e+04 8.9485e+03 -7.5661e-02 1.7574e+04
-4.7898e+06 4.3289e+01 -2.0439e+04 8.9841e+03 1.4218e+00 1.7735e+04
-4.7618e+06 4.4012e+01 -2.0388e+04 9.0209e+03 -1.4686e-01 1.7894e+04
-4.7483e+06 4.4743e+01 -2.0336e+04 9.0588e+03 -8.8063e-01 1.8051e+04
-4.7238e+06 4.5398e+01 -2.0284e+04 9.0979e+03 -1.3499e+00 1.8206e+04
-4.6972e+06 4.6081e+01 -2.0231e+04 9.1381e+03 -1.8062e+00 1.8359e+04
-4.6374e+06 4.6830e+01 -2.0178e+04 9.1794e+03 2.2219e-01 1.8511e+04
-4.6190e+06 4.7548e+01 -2.0124e+04 9.2218e+03 1.2239e+00 1.8661e+04
-4.6101e+06 4.8221e+01 -2.0070e+04 9.2651e+03 -1.3096e+00 1.8809e+04
-4.5842e+06 4.8926e+01 -2.0015e+04 9.3095e+03 1.0951e+00 1.8955e+04
-4.5407e+06 4.9627e+01 -1.9959e+04 9.3548e+03 -5.2077e-01 1.9097e+04
-4.5452e+06 5.0237e+01 -1.9903e+04 9.4011e+03 -1.0969e+01 1.9240e+04
-4.5009e+06 5.0762e+01 -1.9847e+04 9.4483e+03 8.7363e+00 1.9380e+04
-4.4903e+06 5.1327e+01 -1.9790e+04 9.4964e+03 2.5639e+01 1.9529e+04
-4.4607e+06 5.2035e+01 -1.9733e+04 9.5453e+03 1.3788e+00 1.9660e+04
-5.0472e+06 3.7632e+01 -2.1301e+04 8.6041e+03 -1.5982e+01 1.4051e+04
-5.0923e+06 3.7874e+01 -2.1266e+04 8.6141e+03 -3.8754e+01 1.4224e+04
-4.9446e+06 3.8440e+01 -2.1230e+04 8.6256e+03 1.4969e+00 1.4423e+04
-4.8907e+06 3.9002e+01 -2.1193e+04 8.6387e+03 1.0096e+01 1.4608e+04
-4.8841e+06 3.9420e+01 -2.1155e+04 8.6533e+03 -2.8073e+00 1.4792e+04
-4.9504e+06 3.9690e+01 -2.1116e+04 8.6695e+03 -2.0005e+00 1.4975e+04
-4.8883e+06 3.9895e+01 -2.1076e+04 8.6871e+03 2.8600e-01 1.5157e+04
-4.9104e+06 4.0094e+01 -2.1036e+04 8.7062e+03 -8.5876e-01 1.5337e+04
-4.8867e+06 4.0302e+01 -2.0994e+04 8.7267e+03 -7.0280e-01 1.5516e+04
-4.9057e+06 4.0517e+01 -2.0952e+04 8.7487e+03 -1.0941e+00 1.5694e+04
-4.8838e+06 4.0736e+01 -2.0909e+04 8.7722e+03 -1.1268e+00 1.5870e+04
-4.9000e+06 4.0961e+01 -2.0865e+04 8.7970e+03 -1.7038e+00 1.6045e+04
-4.8868e+06 4.1190e+01 -2.0821e+04 8.8232e+03 -1.4106e+00 1.6218e+04
-4.9179e+06 4.1425e+01 -2.0775e+04 8.8508e+03 -3.1351e+00 1.6389e+04
-4.9218e+06 4.1661e+01 -2.0729e+04 8.8797e+03 -2.8659e+00 1.6559e+04
-4.9184e+06 4.1888e+01 -2.0682e+04 8.9099e+03 -1.2772e+00 1.6727e+04
-4.8931e+06 4.2126e+01 -2.0635e+04 8.9414e+03 -1.5063e+00 1.6894e+04
-4.8646e+06 4.2409e+01 -2.0587e+04 8.9742e+03 -1.8672e+00 1.7059e+04
-4.8333e+06 4.2723e+01 -2.0538e+04 9.0082e+03 -2.1352e+00 1.7222e+04
-4.7996e+06 4.3089e+01 -2.0488e+04 9.0435e+03 -2.4840e+00 1.7383e+04
-4.7752e+06 4.3589e+01 -2.0438e+04 9.0799e+03 -2.3254e+00 1.7543e+04
-4.7467e+06 4.4195e+01 -2.0387e+04 9.1176e+03 -1.1717e+00 1.7701e+04
-4.7332e+06 4.4790e+01 -2.0336e+04 9.1563e+03 -2.5023e+00 1.7857e+04
-4.6921e+06 4.5413e+01 -2.0283e+04 9.1962e+03 -4.2795e+00 1.8012e+04
-4.6338e+06 4.6193e+01 -2.0231e+04 9.2371e+03 -1.1371e+00 1.8164e+04
-4.5914e+06 4.7075e+01 -2.0178e+04 9.2791e+03 7.6811e-01 1.8315e+04
-4.6118e+06 4.7921e+01 -2.0124e+04 9.3222e+03 -2.8146e+00 1.8465e+04
-4.5689e+06 4.8757e+01 -2.0069e+04 9.3662e+03 2.8406e-01 1.8611e+04
-4.5398e+06 4.9606e+01 -2.0014e+04 9.4112e+03 -6.6814e-01 1.8754e+04
-4.5230e+06 5.0349e+01 -1.9959e+04 9.4572e+03 -1.1161e+01 1.8898e+04
-4.4965e+06 5.0927e+01 -1.9903e+04 9.5041e+03 8.1344e+00 1.9039e+04
-4.4667e+06 5.1515e+01 -1.9847e+04 9.5518e+03 2.4565e+01 1.9189e+04
-4.4525e+06 5.2284e+01 -1.9790e+04 9.6005e+03 2.8953e-01 1.9321e+04
-5.0351e+06 3.7816e+01 -2.1335e+04 8.6693e+03 -1.4969e+01 1.3684e+04
-4.9852e+06 3.8267e+01 -2.1300e+04 8.6789e+03 -3.6486e+01 1.3859e+04
-4.8968e+06 3.8844e+01 -2.1265e+04 8.6901e+03 2.4314e+00 1.4058e+04
-4.8726e+06 3.9295e+01 -2.1229e+04 8.7028e+03 8.7317e+00 1.4243e+04
-4.8908e+06 3.9599e+01 -2.1192e+04 8.7170e+03 -3.4395e+00 1.4428e+04
-4.8451e+06 3.9818e+01 -2.1154e+04 8.7328e+03 1.4941e-01 1.4612e+04
-4.8593e+06 4.0015e+01 -2.1115e+04 8.7500e+03 1.7917e+00 1.4794e+04
-4.8517e+06 4.0211e+01 -2.1075e+04 8.7688e+03 -6.8101e-02 1.4975e+04
-4.8618e+06 4.0416e+01 -2.1035e+04 8.7889e+03 9.2030e-04 1.5155e+04
-4.8476e+06 4.0631e+01 -2.0993e+04 8.8106e+03 -2.4062e-01 1.5333e+04
-4.8552e+06 4.0851e+01 -2.0951e+04 8.8336e+03 -5.7046e-01 1.5510e+04
-4.8328e+06 4.1076e+01 -2.0908e+04 8.8581e+03 -1.0912e+00 1.5685e+04
-4.8077e+06 4.1304e+01 -2.0864e+04 8.8839e+03 3.7777e+00 1.5859e+04
-4.7675e+06 4.1539e+01 -2.0820e+04 8.9111e+03 8.7983e+00 1.6031e+04
-4.7912e+06 4.1779e+01 -2.0775e+04 8.9396e+03 5.4896e+00 1.6202e+04
-4.8244e+06 4.2015e+01 -2.0728e+04 8.9695e+03 -6.2118e-01 1.6371e+04
-4.8323e+06 4.2256e+01 -2.0682e+04 9.0007e+03 -1.9460e+00 1.6538e+04
-4.8148e+06 4.2534e+01 -2.0634e+04 9.0331e+03 -1.4527e+00 1.6704e+04
-4.7954e+06 4.2832e+01 -2.0586e+04 9.0668e+03 -1.7323e+00 1.6868e+04
-4.7761e+06 4.3118e+01 -2.0537e+04 9.1017e+03 -2.0116e+00 1.7030e+04
-4.7493e+06 4.3447e+01 -2.0488e+04 9.1378e+03 -2.3048e+00 1.7191e+04
-4.7223e+06 4.3876e+01 -2.0437e+04 9.1751e+03 -8.6068e-01 1.7350e+04
-4.6973e+06 4.4341e+01 -2.0386e+04 9.2135e+03 -1.2624e+00 1.7507e+04
-4.6677e+06 4.4811e+01 -2.0335e+04 9.2530e+03 -2.4164e+00 1.7663e+04
-4.5800e+06 4.5445e+01 -2.0283e+04 9.2936e+03 3.7977e+00 1.7816e+04
-4.5469e+06 4.6316e+01 -2.0230e+04 9.3353e+03 5.9717e+00 1.7968e+04
-4.5721e+06 4.7238e+01 -2.0177e+04 9.3780e+03 -1.8187e+00 1.8118e+04
-4.5572e+06 4.8103e+01 -2.0123e+04 9.4217e+03 -2.8176e-01 1.8265e+04
-4.5123e+06 4.9023e+01 -2.0069e+04 9.4664e+03 -2.7503e-01 1.8409e+04
-4.5017e+06 4.9990e+01 -2.0014e+04 9.5121e+03 -9.6295e+00 1.8554e+04
-4.4610e+06 5.0795e+01 -1.9959e+04 9.5586e+03 9.7373e+00 1.8694e+04
-4.4433e+06 5.1507e+01 -1.9903e+04 9.6061e+03 2.6789e+01 1.8846e+04
-4.4164e+06 5.2402e+01 -1.9846e+04 9.6544e+03 5.0430e-01 1.8980e+04
-4.9697e+06 3.8083e+01 -2.1368e+04 8.7333e+03 -1.5046e+01 1.3309e+04
-4.9424e+06 3.8713e+01 -2.1334e+04 8.7425e+03 -3.8128e+01 1.3485e+04
-4.8649e+06 3.9199e+01 -2.1300e+04 8.7533e+03 -1.8834e-01 1.3687e+04
-4.7902e+06 3.9507e+01 -2.1264e+04 8.7657e+03 8.2634e+00 1.3872e+04
-4.8206e+06 3.9723e+01 -2.1228e+04 8.7795e+03 -4.4831e+00 1.4057e+04
-4.8477e+06 3.9921e+01 -2.1191e+04 8.7949e+03 -2.5490e+00 1.4241e+04
-4.8191e+06 4.0122e+01 -2.1153e+04 8.8117e+03 -1.1905e+00 1.4424e+04
-4.8204e+06 4.0321e+01 -2.1114e+04 8.8301e+03 -1.6999e+00 1.4606e+04
-4.8136e+06 4.0526e+01 -2.1075e+04 8.8499e+03 -1.8878e+00 1.4786e+04
-4.8151e+06 4.0744e+01 -2.1034e+04 8.8711e+03 -1.7167e+00 1.4965e+04
-4.8059e+06 4.0967e+01 -2.0993e+04 8.8938e+03 -2.1057e+00 1.5143e+04
-4.8010e+06 4.1194e+01 -2.0951e+04 8.9179e+03 -2.6573e+00 1.5319e+04
-4.7579e+06 4.1423e+01 -2.0908e+04 8.9434e+03 1.3517e+00 1.5493e+04
-4.7214e+06 4.1660e+01 -2.0864e+04 8.9702e+03 5.0036e+00 1.5666e+04
-4.7282e+06 4.1902e+01 -2.0819e+04 8.9984e+03 5.8069e-01 1.5838e+04
-4.7464e+06 4.2141e+01 -2.0774e+04 9.0279e+03 -3.9153e+00 1.6008e+04
-4.7495e+06 4.2383e+01 -2.0728e+04 9.0587e+03 -3.7332e+00 1.6176e+04
-4.7466e+06 4.2656e+01 -2.0681e+04 9.0908e+03 -3.6337e+00 1.6343e+04
-4.7484e+06 4.2956e+01 -2.0634e+04 9.1241e+03 -3.5406e+00 1.6507e+04
-4.7287e+06 4.3246e+01 -2.0585e+04 9.1586e+03 -3.3953e+00 1.6671e+04
-4.7154e+06 4.3524e+01 -2.0537e+04 9.1944e+03 -4.3514e+00 1.6832e+04
-4.6733e+06 4.3843e+01 -2.0487e+04 9.2313e+03 -2.5979e+00 1.6992e+04
-4.6573e+06 4.4200e+01 -2.0437e+04 9.2694e+03 -2.6427e+00 1.7150e+04
-4.6254e+06 4.4548e+01 -2.0386e+04 9.3086e+03 -4.3064e+00 1.7307e+04
-4.5672e+06 4.4978e+01 -2.0335e+04 9.3489e+03 9.7070e-01 1.7461e+04
-4.5162e+06 4.5637e+01 -2.0283e+04 9.3902e+03 3.4782e+00 1.7614e+04
-4.5509e+06 4.6424e+01 -2.0230e+04 9.4326e+03 -3.7647e+00 1.7765e+04
-4.5265e+06 4.7147e+01 -2.0177e+04 9.4760e+03 -3.8253e+00 1.7914e+04
-4.4997e+06 4.7952e+01 -2.0123e+04 9.5204e+03 -3.9690e+00 1.8058e+04
-4.4811e+06 4.9033e+01 -2.0069e+04 9.5657e+03 -1.0469e+01 1.8203e+04
-4.4495e+06 5.0118e+01 -2.0014e+04 9.6120e+03 1.0849e+01 1.8345e+04
-4.4190e+06 5.1041e+01 -1.9959e+04 9.6591e+03 2.7786e+01 1.8498e+04
-4.4024e+06 5.2125e+01 -1.9903e+04 9.7071e+03 -2.8845e+00 1.8631e+04
-4.9552e+06 3.8549e+01 -2.1399e+04 8.7960e+03 -1.7668e+01 1.2927e+04
-4.9026e+06 3.9111e+01 -2.1367e+04 8.8048e+03 -3.8998e+01 1.3099e+04
-4.8352e+06 3.9436e+01 -2.1334e+04 8.8153e+03 -4.6999e+00 1.3297e+04
-4.8057e+06 3.9633e+01 -2.1299e+04 8.8272e+03 1.5707e+00 1.3484e+04
-4.8324e+06 3.9814e+01 -2.1264e+04 8.8407e+03 -1.0032e+01 1.3670e+04
-4.7941e+06 4.0013e+01 -2.1228e+04 8.8557e+03 -7.0978e+00 1.3854e+04
-4.8077e+06 4.0219e+01 -2.1191e+04 8.8722e+03 -5.8069e+00 1.4038e+04
-4.7951e+06 4.0421e+01 -2.1153e+04 8.8901e+03 -6.9972e+00 1.4221e+04
-4.8063e+06 4.0629e+01 -2.1114e+04 8.9095e+03 -6.6618e+00 1.4402e+04
-4.7910e+06 4.0852e+01 -2.1074e+04 8.9304e+03 -6.6129e+00 1.4581e+04
-4.7991e+06 4.1084e+01 -2.1033e+04 8.9527e+03 -6.6260e+00 1.4760e+04
-4.7811e+06 4.1316e+01 -2.0992e+04 8.9764e+03 -7.5737e+00 1.4937e+04
-4.7779e+06 4.1550e+01 -2.0950e+04 9.0015e+03 -7.5831e+00 1.5112e+04
-4.7551e+06 4.1790e+01 -2.0907e+04 9.0280e+03 -8.6279e+00 1.5286e+04
-4.7405e+06 4.2034e+01 -2.0863e+04 9.0558e+03 -1.0325e+01 1.5458e+04
-4.6859e+06 4.2276e+01 -2.0819e+04 9.0850e+03 -5.7443e+00 1.5629e+04
-4.6539e+06 4.2524e+01 -2.0773e+04 9.1154e+03 -1.4677e+00 1.5798e+04
-4.6749e+06 4.2795e+01 -2.0727e+04 9.1471e+03 -5.3285e+00 1.5966e+04
-4.7039e+06 4.3089e+01 -2.0681e+04 9.1801e+03 -8.7155e+00 1.6132e+04
-4.7027e+06 4.3392e+01 -2.0633e+04 9.2143e+03 -8.7075e+00 1.6297e+04
-4.6763e+06 4.3681e+01 -2.0585e+04 9.2497e+03 -8.6612e+00 1.6459e+04
-4.6350e+06 4.3971e+01 -2.0536e+04 9.2863e+03 -5.3322e+00 1.6620e+04
-4.6120e+06 4.4285e+01 -2.0487e+04 9.3240e+03 -4.6388e+00 1.6780e+04
-4.6161e+06 4.4597e+01 -2.0436e+04 9.3629e+03 -9.1948e+00 1.6937e+04
-4.5908e+06 4.4911e+01 -2.0386e+04 9.4028e+03 -1.0309e+01 1.7092e+04
-4.5596e+06 4.5335e+01 -2.0334e+04 9.4438e+03 -7.8982e+00 1.7246e+04
-4.5377e+06 4.5882e+01 -2.0282e+04 9.4859e+03 -8.7587e+00 1.7398e+04
-4.5142e+06 4.6399e+01 -2.0230e+04 9.5290e+03 -6.9376e+00 1.7548e+04
-4.4945e+06 4.6984e+01 -2.0177e+04 9.5730e+03 -7.0933e+00 1.7693e+04
-4.5034e+06 4.7940e+01 -2.0123e+04 9.6180e+03 -1.5523e+01 1.7842e+04
-4.4547e+06 4.9088e+01 -2.0069e+04 9.6640e+03 5.8014e+00 1.7987e+04
-4.4053e+06 5.0117e+01 -2.0014e+04 9.7108e+03 2.5002e+01 1.8142e+04
-4.3868e+06 5.1287e+01 -1.9959e+04 9.7585e+03 -6.7875e+00 1.8276e+04
-4.9119e+06 3.9002e+01 -2.1431e+04 8.8573e+03 -2.5762e+00 1.2536e+04
-4.8896e+06 3.9369e+01 -2.1399e+04 8.8658e+03 -2.7870e+01 1.2721e+04
-4.8044e+06 3.9554e+01 -2.1366e+04 8.8759e+03 9.9681e+00 1.2935e+04
-4.7602e+06 3.9713e+01 -2.1333e+04 8.8874e+03 1.7858e+01 1.3118e+04
-4.7615e+06 3.9901e+01 -2.1299e+04 8.9005e+03 6.2824e+00 1.3306e+04
-4.7968e+06 4.0104e+01 -2.1263e+04 8.9151e+03 8.0760e+00 1.3491e+04
-4.7576e+06 4.0308e+01 -2.1227e+04 8.9312e+03 9.3287e+00 1.3675e+04
-4.7701e+06 4.0508e+01 -2.1190e+04 8.9488e+03 8.1993e+00 1.3858e+04
-4.7518e+06 4.0716e+01 -2.1152e+04 8.9679e+03 8.3962e+00 1.4040e+04
-4.7619e+06 4.0943e+01 -2.1113e+04 8.9884e+03 8.0880e+00 1.4220e+04
-4.7469e+06 4.1184e+01 -2.1073e+04 9.0103e+03 8.1386e+00 1.4399e+04
-4.7569e+06 4.1427e+01 -2.1033e+04 9.0337e+03 7.1684e+00 1.4576e+04
-4.7445e+06 4.1667e+01 -2.0992e+04 9.0584e+03 6.6309e+00 1.4753e+04
-4.7497e+06 4.1912e+01 -2.0949e+04 9.0845e+03 4.1691e+00 1.4927e+04
-4.7144e+06 4.2162e+01 -2.0906e+04 9.1119e+03 3.2248e+00 1.5100e+04
-4.6328e+06 4.2417e+01 -2.0863e+04 9.1407e+03 1.0757e+01 1.5272e+04
-4.5695e+06 4.2684e+01 -2.0818e+04 9.1708e+03 1.5835e+01 1.5442e+04
-4.5931e+06 4.2963e+01 -2.0773e+04 9.2022e+03 1.0510e+01 1.5610e+04
-4.6348e+06 4.3248e+01 -2.0727e+04 9.2348e+03 5.6661e+00 1.5777e+04
-4.6424e+06 4.3548e+01 -2.0680e+04 9.2686e+03 4.7832e+00 1.5942e+04
-4.6197e+06 4.3846e+01 -2.0633e+04 9.3037e+03 5.7202e+00 1.6105e+04
-4.5741e+06 4.4134e+01 -2.0584e+04 9.3399e+03 1.0226e+01 1.6266e+04
-4.5630e+06 4.4435e+01 -2.0536e+04 9.3773e+03 1.0243e+01 1.6426e+04
-4.5694e+06 4.4750e+01 -2.0486e+04 9.4158e+03 5.3507e+00 1.6584e+04
-4.5722e+06 4.5046e+01 -2.0436e+04 9.4554e+03 2.9492e+00 1.6741e+04
-4.5399e+06 4.5360e+01 -2.0385e+04 9.4961e+03 4.1471e+00 1.6895e+04
-4.5210e+06 4.5753e+01 -2.0334e+04 9.5379e+03 3.5933e+00 1.7047e+04
-4.4795e+06 4.6164e+01 -2.0282e+04 9.5806e+03 4.7989e+00 1.7198e+04
-4.4769e+06 4.6618e+01 -2.0230e+04 9.6244e+03 5.9344e+00 1.7347e+04
-4.4816e+06 4.7337e+01 -2.0176e+04 9.6691e+03 -6.3459e+00 1.7497e+04
-4.4070e+06 4.8275e+01 -2.0123e+04 9.7147e+03 1.2475e+01 1.7645e+04
-4.3846e+06 4.9174e+01 -2.0069e+04 9.7612e+03 3.5400e+01 1.7794e+04
-4.3975e+06 5.0180e+01 -2.0014e+04 9.8086e+03 -1.1717e+00 1.7911e+04
-4.8827e+06 3.9261e+01 -2.1461e+04 8.9173e+03 2.4028e+00 1.2178e+04
-4.8583e+06 3.9488e+01 -2.1430e+04 8.9254e+03 -7.9967e+00 1.2326e+04
-4.8166e+06 3.9624e+01 -2.1398e+04 8.9351e+03 1.5505e+01 1.2499e+04
-4.7748e+06 3.9796e+01 -2.1366e+04 8.9463e+03 2.1449e+01 1.2697e+04
-4.7902e+06 3.9998e+01 -2.1333e+04 8.9590e+03 1.3540e+01 1.2883e+04
-4.7555e+06 4.0202e+01 -2.1298e+04 8.9732e+03 1.6007e+01 1.3070e+04
-4.7599e+06 4.0401e+01 -2.1263e+04 8.9890e+03 1.7227e+01 1.3255e+04
-4.7465e+06 4.0599e+01 -2.1227e+04 9.0062e+03 1.5503e+01 1.3439e+04
-4.7477e+06 4.0807e+01 -2.1189e+04 9.0249e+03 1.5354e+01 1.3622e+04
-4.7341e+06 4.1036e+01 -2.1151e+04 9.0450e+03 1.5169e+01 1.3804e+04
-4.7363e+06 4.1280e+01 -2.1113e+04 9.0665e+03 1.5081e+01 1.3984e+04
-4.7260e+06 4.1530e+01 -2.1073e+04 9.0895e+03 1.4689e+01 1.4162e+04
-4.7302e+06 4.1777e+01 -2.1032e+04 9.1139e+03 1.5039e+01 1.4340e+04
-4.7249e+06 4.2027e+01 -2.0991e+04 9.1396e+03 1.3263e+01 1.4515e+04
-4.7022e+06 4.2284e+01 -2.0949e+04 9.1667e+03 1.1583e+01 1.4689e+04
-4.6287e+06 4.2551e+01 -2.0906e+04 9.1951e+03 1.5942e+01 1.4862e+04
-4.5692e+06 4.2838e+01 -2.0862e+04 9.2248e+03 1.9203e+01 1.5033e+04
-4.5652e+06 4.3133e+01 -2.0818e+04 9.2558e+03 1.6277e+01 1.5202e+04
-4.5803e+06 4.3417e+01 -2.0772e+04 9.2881e+03 1.4041e+01 1.5370e+04
-4.5917e+06 4.3711e+01 -2.0726e+04 9.3216e+03 1.3929e+01 1.5536e+04
-4.5757e+06 4.4011e+01 -2.0680e+04 9.3563e+03 1.4127e+01 1.5700e+04
-4.5583e+06 4.4299e+01 -2.0632e+04 9.3922e+03 1.4937e+01 1.5862e+04
-4.5434e+06 4.4593e+01 -2.0584e+04 9.4292e+03 1.3553e+01 1.6023e+04
-4.5410e+06 4.4904e+01 -2.0535e+04 9.4674e+03 1.2183e+01 1.6183e+04
-4.5270e+06 4.5207e+01 -2.0486e+04 9.5067e+03 1.1995e+01 1.6341e+04
-4.5112e+06 4.5506e+01 -2.0436e+04 9.5471e+03 1.2332e+01 1.6496e+04
-4.4833e+06 4.5858e+01 -2.0385e+04 9.5885e+03 1.0808e+01 1.6650e+04
-4.4449e+06 4.6266e+01 -2.0334e+04 9.6309e+03 1.3339e+01 1.6802e+04
-4.4222e+06 4.6709e+01 -2.0282e+04 9.6743e+03 1.4765e+01 1.6953e+04
-4.4288e+06 4.7267e+01 -2.0230e+04 9.7187e+03 4.6448e+00 1.7101e+04
-4.3878e+06 4.7941e+01 -2.0176e+04 9.7640e+03 1.5753e+01 1.7236e+04
-4.3683e+06 4.8619e+01 -2.0123e+04 9.8102e+03 2.3533e+01 1.7408e+04
-4.3479e+06 4.9352e+01 -2.0069e+04 9.8573e+03 4.6208e-01 1.7579e+04
-4.9099e+06 3.9340e+01 -2.1490e+04 8.9759e+03 -5.4516e+00 1.1787e+04
-4.9491e+06 3.9553e+01 -2.1460e+04 8.9836e+03 -3.4155e+00 1.1975e+04
-4.8139e+06 3.9715e+01 -2.1430e+04 8.9929e+03 -7.9897e+00 1.2159e+04
-4.8171e+06 3.9909e+01 -2.1398e+04 9.0037e+03 -3.0731e+00 1.2350e+04
-4.8044e+06 4.0116e+01 -2.1366e+04 9.0161e+03 -7.8318e+00 1.2538e+04
-4.8209e+06 4.0321e+01 -2.1332e+04 9.0299e+03 -7.5232e+00 1.2725e+04
-4.7865e+06 4.0521e+01 -2.1298e+04 9.0453e+03 -4.7019e+00 1.2910e+04
-4.7781e+06 4.0722e+01 -2.1262e+04 9.0621e+03 -6.2637e+00 1.3094e+04
-4.7624e+06 4.0937e+01 -2.1226e+04 9.0804e+03 -6.3042e+00 1.3277e+04
-4.7526e+06 4.1166e+01 -2.1189e+04 9.1002e+03 -6.3027e+00 1.3459e+04
-4.7424e+06 4.1407e+01 -2.1151e+04 9.1213e+03 -5.9400e+00 1.3639e+04
-4.7390e+06 4.1657e+01 -2.1112e+04 9.1439e+03 -5.6440e+00 1.3818e+04
-4.7349e+06 4.1908e+01 -2.1072e+04 9.1679e+03 -4.9405e+00 1.3995e+04
-4.7342e+06 4.2163e+01 -2.1032e+04 9.1933e+03 -6.2565e+00 1.4171e+04
-4.7166e+06 4.2426e+01 -2.0991e+04 9.2200e+03 -7.3062e+00 1.4346e+04
-4.6561e+06 4.2694e+01 -2.0948e+04 9.2481e+03 -3.6552e+00 1.4519e+04
-4.6085e+06 4.2985e+01 -2.0906e+04 9.2774e+03 -1.3539e+00 1.4691e+04
-4.5834e+06 4.3288e+01 -2.0862e+04 9.3081e+03 -3.6058e+00 1.4861e+04
-4.5838e+06 4.3577e+01 -2.0817e+04 9.3400e+03 -4.2320e+00 1.5029e+04
-4.5731e+06 4.3865e+01 -2.0772e+04 9.3731e+03 -2.5779e+00 1.5196e+04
-4.5723e+06 4.4166e+01 -2.0726e+04 9.4075e+03 -3.1149e+00 1.5361e+04
-4.5626e+06 4.4462e+01 -2.0679e+04 9.4430e+03 -5.1834e+00 1.5525e+04
-4.5499e+06 4.4760e+01 -2.0632e+04 9.4798e+03 -5.0807e+00 1.5686e+04
-4.5195e+06 4.5072e+01 -2.0584e+04 9.5176e+03 -3.0092e+00 1.5846e+04
-4.5100e+06 4.5384e+01 -2.0535e+04 9.5565e+03 -3.2121e+00 1.6005e+04
-4.4892e+06 4.5689e+01 -2.0486e+04 9.5966e+03 -3.2545e+00 1.6161e+04
-4.4603e+06 4.6035e+01 -2.0436e+04 9.6377e+03 -2.6246e+00 1.6315e+04
-4.3889e+06 4.6450e+01 -2.0385e+04 9.6798e+03 4.1215e+00 1.6469e+04
-4.3718e+06 4.6914e+01 -2.0334e+04 9.7229e+03 2.9820e+00 1.6621e+04
-4.3681e+06 4.7420e+01 -2.0282e+04 9.7669e+03 -4.7999e+00 1.6770e+04
-4.4094e+06 4.7956e+01 -2.0230e+04 9.8119e+03 2.0583e-01 1.6916e+04
-4.2978e+06 4.8500e+01 -2.0177e+04 9.8578e+03 -5.3050e+00 1.7061e+04
-4.3189e+06 4.9072e+01 -2.0123e+04 9.9046e+03 -1.5330e+00 1.7214e+04
