  1    1089
-4.5448e+06 4.4627e+01 -2.3684e+03 -8.3581e+03 7.9733e+00 -1.0483e+04
-5.2472e+06 4.4372e+01 -2.3684e+03 -8.3977e+03 -3.8356e+01 -1.0361e+04
-5.0465e+06 4.4144e+01 -2.3684e+03 -8.4370e+03 -3.6590e+01 -1.0229e+04
-4.5384e+06 4.4080e+01 -2.3684e+03 -8.4759e+03 4.1116e+00 -1.0095e+04
-4.4562e+06 4.4277e+01 -2.3684e+03 -8.5145e+03 1.3357e+01 -9.9652e+03
-4.8482e+06 4.4716e+01 -2.3684e+03 -8.5527e+03 -1.0617e+01 -9.8388e+03
-4.6907e+06 4.5368e+01 -2.3684e+03 -8.5905e+03 -9.0433e+00 -9.7031e+03
-4.5217e+06 4.6024e+01 -2.3684e+03 -8.6279e+03 7.5115e+00 -9.5665e+03
-4.5930e+06 4.6286e+01 -2.3684e+03 -8.6649e+03 2.0863e+00 -9.4350e+03
-4.6423e+06 4.6107e+01 -2.3684e+03 -8.7015e+03 -4.2188e+00 -9.2997e+03
-4.4941e+06 4.5809e+01 -2.3684e+03 -8.7376e+03 2.8118e+00 -9.1608e+03
-4.5939e+06 4.5562e+01 -2.3684e+03 -8.7734e+03 3.2425e+00 -9.0247e+03
-4.5952e+06 4.5342e+01 -2.3684e+03 -8.8086e+03 -6.9985e-01 -8.8857e+03
-4.6183e+06 4.5128e+01 -2.3684e+03 -8.8435e+03 -7.6004e-01 -8.7453e+03
-4.5869e+06 4.4917e+01 -2.3684e+03 -8.8778e+03 1.4184e+00 -8.6062e+03
-4.5801e+06 4.4709e+01 -2.3684e+03 -8.9117e+03 3.2624e+00 -8.4625e+03
-4.6166e+06 4.4505e+01 -2.3684e+03 -8.9451e+03 8.3573e-01 -8.3230e+03
-4.6548e+06 4.4304e+01 -2.3684e+03 -8.9780e+03 -2.2115e+00 -8.1784e+03
-4.6327e+06 4.4107e+01 -2.3684e+03 -9.0104e+03 -1.5107e+00 -8.0362e+03
-4.6174e+06 4.3914e+01 -2.3684e+03 -9.0422e+03 -2.6360e-01 -7.8893e+03
-4.6089e+06 4.3726e+01 -2.3684e+03 -9.0736e+03 1.2087e+00 -7.7464e+03
-4.6033e+06 4.3542e+01 -2.3684e+03 -9.1044e+03 3.2039e+00 -7.5979e+03
-4.6189e+06 4.3363e+01 -2.3684e+03 -9.1346e+03 2.2709e+00 -7.4534e+03
-4.6345e+06 4.3190e+01 -2.3684e+03 -9.1644e+03 1.7686e+00 -7.3043e+03
-4.6035e+06 4.3020e+01 -2.3684e+03 -9.1935e+03 3.1129e+00 -7.1583e+03
-4.5950e+06 4.2841e+01 -2.3684e+03 -9.2221e+03 1.9583e+00 -7.0078e+03
-4.5874e+06 4.2646e+01 -2.3684e+03 -9.2501e+03 1.1388e+00 -6.8604e+03
-4.5946e+06 4.2448e+01 -2.3684e+03 -9.2776e+03 9.7220e-01 -6.7084e+03
-4.5893e+06 4.2254e+01 -2.3684e+03 -9.3044e+03 8.3021e-01 -6.5588e+03
-4.5810e+06 4.2035e+01 -2.3684e+03 -9.3307e+03 2.7258e+00 -6.4056e+03
-4.5753e+06 4.1757e+01 -2.3684e+03 -9.3563e+03 9.9958e-01 -6.2571e+03
-4.6068e+06 4.1454e+01 -2.3684e+03 -9.3814e+03 -5.0573e+00 -6.1040e+03
-4.6051e+06 4.1194e+01 -2.3684e+03 -9.4058e+03 -3.9110e+00 -5.9537e+03
-4.9576e+06 4.4993e+01 -2.5818e+03 -8.2881e+03 -2.5268e+01 -1.0509e+04
-4.3535e+06 4.4731e+01 -2.5750e+03 -8.3303e+03 2.6446e+01 -1.0384e+04
-4.5038e+06 4.4503e+01 -2.5687e+03 -8.3721e+03 1.8600e+01 -1.0257e+04
-4.8608e+06 4.4501e+01 -2.5627e+03 -8.4134e+03 -1.6453e+01 -1.0126e+04
-4.8789e+06 4.4835e+01 -2.5570e+03 -8.4541e+03 -1.8506e+01 -9.9947e+03
-4.5290e+06 4.5385e+01 -2.5517e+03 -8.4944e+03 1.1678e+00 -9.8646e+03
-4.6095e+06 4.6016e+01 -2.5466e+03 -8.5342e+03 1.0731e+00 -9.7305e+03
-4.6857e+06 4.6550e+01 -2.5418e+03 -8.5735e+03 -8.7366e+00 -9.5957e+03
-4.6032e+06 4.6710e+01 -2.5373e+03 -8.6123e+03 -4.1207e+00 -9.4617e+03
-4.5243e+06 4.6504e+01 -2.5330e+03 -8.6506e+03 -1.2921e-01 -9.3258e+03
-4.6188e+06 4.6207e+01 -2.5288e+03 -8.6884e+03 -4.2017e+00 -9.1877e+03
-4.5426e+06 4.5956e+01 -2.5249e+03 -8.7256e+03 -2.2697e+00 -9.0507e+03
-4.5601e+06 4.5726e+01 -2.5212e+03 -8.7624e+03 6.3014e-01 -8.9117e+03
-4.5529e+06 4.5502e+01 -2.5176e+03 -8.7986e+03 -1.3411e-01 -8.7717e+03
-4.5959e+06 4.5284e+01 -2.5142e+03 -8.8344e+03 -1.5660e+00 -8.6315e+03
-4.6125e+06 4.5070e+01 -2.5109e+03 -8.8695e+03 -2.8584e+00 -8.4889e+03
-4.6010e+06 4.4861e+01 -2.5077e+03 -8.9041e+03 -8.6052e-01 -8.3474e+03
-4.5777e+06 4.4654e+01 -2.5047e+03 -8.9382e+03 1.1741e+00 -8.2035e+03
-4.5995e+06 4.4451e+01 -2.5018e+03 -8.9717e+03 1.8531e-01 -8.0601e+03
-4.6072e+06 4.4252e+01 -2.4991e+03 -9.0047e+03 -1.6490e+00 -7.9145e+03
-4.6072e+06 4.4057e+01 -2.4964e+03 -9.0371e+03 -2.2710e-01 -7.7699e+03
-4.6298e+06 4.3867e+01 -2.4938e+03 -9.0689e+03 -1.6471e+00 -7.6227e+03
-4.6913e+06 4.3685e+01 -2.4914e+03 -9.1001e+03 -1.0657e+01 -7.4764e+03
-4.6700e+06 4.3504e+01 -2.4890e+03 -9.1308e+03 -9.3846e+00 -7.3277e+03
-4.6051e+06 4.3324e+01 -2.4867e+03 -9.1608e+03 5.2153e-01 -7.1798e+03
-4.5698e+06 4.3151e+01 -2.4845e+03 -9.1903e+03 1.2101e+00 -7.0301e+03
-4.5717e+06 4.2983e+01 -2.4823e+03 -9.2191e+03 -5.6750e-01 -6.8813e+03
-4.5658e+06 4.2818e+01 -2.4803e+03 -9.2474e+03 -2.4635e-01 -6.7305e+03
-4.5720e+06 4.2652e+01 -2.4783e+03 -9.2750e+03 -7.1868e-01 -6.5804e+03
-4.5624e+06 4.2458e+01 -2.4763e+03 -9.3020e+03 1.4929e-01 -6.4292e+03
-4.5681e+06 4.2210e+01 -2.4745e+03 -9.3283e+03 -2.8273e+00 -6.2788e+03
-4.5679e+06 4.1929e+01 -2.4726e+03 -9.3540e+03 -6.5266e+00 -6.1255e+03
-4.5618e+06 4.1654e+01 -2.4709e+03 -9.3791e+03 -1.6095e-01 -5.9686e+03
-4.5975e+06 4.5370e+01 -2.7927e+03 -8.2128e+03 6.8848e+00 -1.0530e+04
-4.9922e+06 4.5088e+01 -2.7794e+03 -8.2581e+03 -1.7573e+01 -1.0401e+04
-4.8458e+06 4.4875e+01 -2.7669e+03 -8.3026e+03 -1.7730e+01 -1.0273e+04
-4.5637e+06 4.4978e+01 -2.7551e+03 -8.3465e+03 3.9009e+00 -1.0143e+04
-4.4971e+06 4.5473e+01 -2.7439e+03 -8.3898e+03 8.7727e+00 -1.0012e+04
-4.7000e+06 4.6120e+01 -2.7334e+03 -8.4324e+03 -4.7202e+00 -9.8788e+03
-4.5808e+06 4.6709e+01 -2.7234e+03 -8.4744e+03 -2.6589e+00 -9.7456e+03
-4.4798e+06 4.7105e+01 -2.7139e+03 -8.5158e+03 6.7333e+00 -9.6113e+03
-4.5040e+06 4.7144e+01 -2.7049e+03 -8.5566e+03 4.4611e+00 -9.4753e+03
-4.5456e+06 4.6898e+01 -2.6963e+03 -8.5967e+03 2.7303e+00 -9.3387e+03
-4.4705e+06 4.6604e+01 -2.6881e+03 -8.6363e+03 4.4387e+00 -9.2014e+03
-4.5352e+06 4.6347e+01 -2.6804e+03 -8.6753e+03 1.2857e+00 -9.0626e+03
-4.5286e+06 4.6106e+01 -2.6729e+03 -8.7136e+03 -1.8337e+00 -8.9231e+03
-4.5491e+06 4.5872e+01 -2.6658e+03 -8.7514e+03 -1.2891e+00 -8.7827e+03
-4.5295e+06 4.5646e+01 -2.6590e+03 -8.7886e+03 4.4473e-01 -8.6413e+03
-4.5356e+06 4.5425e+01 -2.6525e+03 -8.8252e+03 1.5832e+00 -8.4992e+03
-4.5585e+06 4.5209e+01 -2.6463e+03 -8.8611e+03 1.6471e-01 -8.3558e+03
-4.5915e+06 4.4996e+01 -2.6403e+03 -8.8965e+03 -1.3894e+00 -8.2121e+03
-4.5825e+06 4.4787e+01 -2.6346e+03 -8.9312e+03 -1.0570e+00 -8.0673e+03
-4.5816e+06 4.4582e+01 -2.6291e+03 -8.9654e+03 -9.9775e-01 -7.9219e+03
-4.5747e+06 4.4381e+01 -2.6238e+03 -8.9989e+03 9.3329e-01 -7.7753e+03
-4.5967e+06 4.4185e+01 -2.6187e+03 -9.0318e+03 3.5065e-01 -7.6285e+03
-4.6564e+06 4.3996e+01 -2.6137e+03 -9.0641e+03 -9.4578e+00 -7.4806e+03
-4.6638e+06 4.3809e+01 -2.6090e+03 -9.0957e+03 -1.0279e+01 -7.3323e+03
-4.5836e+06 4.3623e+01 -2.6044e+03 -9.1267e+03 -6.2043e-01 -7.1831e+03
-4.5581e+06 4.3444e+01 -2.6000e+03 -9.1571e+03 7.5881e-01 -7.0336e+03
-4.5478e+06 4.3270e+01 -2.5958e+03 -9.1868e+03 -6.4787e-01 -6.8832e+03
-4.5506e+06 4.3100e+01 -2.5917e+03 -9.2159e+03 -2.9481e-01 -6.7322e+03
-4.5430e+06 4.2936e+01 -2.5877e+03 -9.2443e+03 -3.9759e-01 -6.5801e+03
-4.5414e+06 4.2762e+01 -2.5839e+03 -9.2721e+03 1.2843e+00 -6.4288e+03
-4.5394e+06 4.2568e+01 -2.5801e+03 -9.2992e+03 -3.7090e+00 -6.2756e+03
-4.5361e+06 4.2364e+01 -2.5766e+03 -9.3256e+03 -8.2940e+00 -6.1261e+03
-4.5134e+06 4.2150e+01 -2.5731e+03 -9.3514e+03 2.0864e+00 -5.9717e+03
-4.7962e+06 4.5762e+01 -3.0008e+03 -8.1326e+03 -1.0116e+01 -1.0551e+04
-4.4321e+06 4.5462e+01 -2.9811e+03 -8.1811e+03 2.2121e+01 -1.0422e+04
-4.5312e+06 4.5284e+01 -2.9626e+03 -8.2288e+03 1.1012e+01 -1.0292e+04
-4.7077e+06 4.5528e+01 -2.9452e+03 -8.2756e+03 -1.0914e+01 -1.0161e+04
-4.7142e+06 4.6195e+01 -2.9287e+03 -8.3216e+03 -7.6770e+00 -1.0029e+04
-4.4873e+06 4.6901e+01 -2.9130e+03 -8.3668e+03 4.0334e+00 -9.8966e+03
-4.5240e+06 4.7401e+01 -2.8982e+03 -8.4112e+03 1.5526e+00 -9.7624e+03
-4.5433e+06 4.7646e+01 -2.8842e+03 -8.4548e+03 -4.0771e+00 -9.6272e+03
-4.5154e+06 4.7581e+01 -2.8708e+03 -8.4978e+03 -4.2158e-01 -9.4911e+03
-4.4743e+06 4.7305e+01 -2.8581e+03 -8.5400e+03 1.9154e+00 -9.3540e+03
-4.5411e+06 4.7011e+01 -2.8460e+03 -8.5815e+03 -6.1222e-01 -9.2158e+03
-4.4907e+06 4.6748e+01 -2.8344e+03 -8.6223e+03 -7.8475e-01 -9.0768e+03
-4.5072e+06 4.6496e+01 -2.8234e+03 -8.6624e+03 -3.1981e-01 -8.9368e+03
-4.4910e+06 4.6252e+01 -2.8129e+03 -8.7019e+03 -1.6177e-01 -8.7958e+03
-4.5220e+06 4.6017e+01 -2.8028e+03 -8.7406e+03 -6.4056e-01 -8.6539e+03
-4.5302e+06 4.5788e+01 -2.7931e+03 -8.7787e+03 -1.2801e+00 -8.5110e+03
-4.5384e+06 4.5565e+01 -2.7838e+03 -8.8161e+03 -3.3598e-01 -8.3673e+03
-4.5287e+06 4.5346e+01 -2.7750e+03 -8.8529e+03 4.2943e-01 -8.2228e+03
-4.5542e+06 4.5132e+01 -2.7664e+03 -8.8889e+03 -3.2020e-01 -8.0776e+03
-4.5616e+06 4.4921e+01 -2.7582e+03 -8.9243e+03 -1.2867e+00 -7.9314e+03
-4.5706e+06 4.4714e+01 -2.7503e+03 -8.9590e+03 -3.4010e-01 -7.7844e+03
-4.5745e+06 4.4511e+01 -2.7427e+03 -8.9931e+03 1.0778e+00 -7.6368e+03
-4.5927e+06 4.4313e+01 -2.7354e+03 -9.0265e+03 -2.7573e-02 -7.4885e+03
-4.5710e+06 4.4120e+01 -2.7284e+03 -9.0592e+03 -8.6344e-02 -7.3392e+03
-4.5521e+06 4.3930e+01 -2.7216e+03 -9.0912e+03 1.2586e+00 -7.1896e+03
-4.5324e+06 4.3746e+01 -2.7150e+03 -9.1225e+03 3.2858e-01 -7.0392e+03
-4.5316e+06 4.3565e+01 -2.7087e+03 -9.1532e+03 2.3689e-01 -6.8883e+03
-4.5227e+06 4.3389e+01 -2.7026e+03 -9.1831e+03 1.5463e+00 -6.7364e+03
-4.5247e+06 4.3216e+01 -2.6966e+03 -9.2124e+03 3.4956e+00 -6.5838e+03
-4.5054e+06 4.3043e+01 -2.6909e+03 -9.2410e+03 7.4949e+00 -6.4318e+03
-4.5060e+06 4.2874e+01 -2.6854e+03 -9.2689e+03 1.8114e+00 -6.2781e+03
-4.4982e+06 4.2716e+01 -2.6800e+03 -9.2961e+03 -6.8619e+00 -6.1273e+03
-4.4804e+06 4.2553e+01 -2.6748e+03 -9.3227e+03 1.8015e+00 -5.9718e+03
-4.5601e+06 4.6172e+01 -3.2052e+03 -8.0477e+03 4.8694e+00 -1.0570e+04
-4.7804e+06 4.5867e+01 -3.1796e+03 -8.0998e+03 -7.2389e+00 -1.0441e+04
-4.6879e+06 4.5765e+01 -3.1553e+03 -8.1509e+03 -1.0491e+01 -1.0311e+04
-4.5230e+06 4.6192e+01 -3.1325e+03 -8.2008e+03 1.1046e+00 -1.0180e+04
-4.4615e+06 4.7025e+01 -3.1108e+03 -8.2498e+03 6.3004e+00 -1.0047e+04
-4.5576e+06 4.7739e+01 -3.0903e+03 -8.2977e+03 -7.0289e-01 -9.9137e+03
-4.4757e+06 4.8101e+01 -3.0709e+03 -8.3447e+03 -6.4060e-01 -9.7794e+03
-4.4269e+06 4.8178e+01 -3.0524e+03 -8.3909e+03 3.9587e+00 -9.6437e+03
-4.4402e+06 4.8015e+01 -3.0348e+03 -8.4361e+03 3.2970e+00 -9.5069e+03
-4.4781e+06 4.7720e+01 -3.0181e+03 -8.4805e+03 2.8353e+00 -9.3694e+03
-4.4390e+06 4.7428e+01 -3.0022e+03 -8.5241e+03 2.9347e+00 -9.2308e+03
-4.4809e+06 4.7159e+01 -2.9870e+03 -8.5669e+03 2.3469e-01 -9.0910e+03
-4.4697e+06 4.6898e+01 -2.9724e+03 -8.6089e+03 -1.4610e+00 -8.9504e+03
-4.4827e+06 4.6645e+01 -2.9585e+03 -8.6501e+03 -6.8100e-01 -8.8089e+03
-4.4672e+06 4.6399e+01 -2.9452e+03 -8.6906e+03 5.4888e-01 -8.6664e+03
-4.4766e+06 4.6162e+01 -2.9325e+03 -8.7302e+03 1.2095e+00 -8.5230e+03
-4.4927e+06 4.5931e+01 -2.9202e+03 -8.7692e+03 8.3140e-02 -8.3786e+03
-4.5237e+06 4.5706e+01 -2.9085e+03 -8.8074e+03 -1.2986e+00 -8.2335e+03
-4.5267e+06 4.5486e+01 -2.8972e+03 -8.8448e+03 -1.2285e+00 -8.0876e+03
-4.5364e+06 4.5270e+01 -2.8864e+03 -8.8816e+03 -6.7062e-01 -7.9409e+03
-4.5375e+06 4.5058e+01 -2.8760e+03 -8.9176e+03 -1.5202e-01 -7.7932e+03
-4.5400e+06 4.4848e+01 -2.8659e+03 -8.9528e+03 6.7573e-01 -7.6450e+03
-4.5327e+06 4.4642e+01 -2.8563e+03 -8.9874e+03 1.2877e+00 -7.4960e+03
-4.5367e+06 4.4442e+01 -2.8469e+03 -9.0212e+03 8.6500e-01 -7.3461e+03
-4.5233e+06 4.4247e+01 -2.8379e+03 -9.0543e+03 2.1892e-01 -7.1956e+03
-4.5204e+06 4.4056e+01 -2.8293e+03 -9.0866e+03 -3.4367e-01 -7.0446e+03
-4.5060e+06 4.3869e+01 -2.8209e+03 -9.1183e+03 1.3627e+00 -6.8932e+03
-4.5186e+06 4.3688e+01 -2.8128e+03 -9.1492e+03 2.3269e+00 -6.7408e+03
-4.5372e+06 4.3511e+01 -2.8049e+03 -9.1794e+03 -3.8875e-01 -6.5876e+03
-4.5278e+06 4.3331e+01 -2.7974e+03 -9.2089e+03 3.0203e+00 -6.4351e+03
-4.4883e+06 4.3153e+01 -2.7900e+03 -9.2376e+03 2.2724e+00 -6.2804e+03
-4.4716e+06 4.2991e+01 -2.7829e+03 -9.2656e+03 -5.6097e+00 -6.1285e+03
-4.4472e+06 4.2830e+01 -2.7760e+03 -9.2929e+03 1.7580e+00 -5.9727e+03
-4.6539e+06 4.6610e+01 -3.4057e+03 -7.9585e+03 -5.3997e+00 -1.0590e+04
-4.4463e+06 4.6346e+01 -3.3742e+03 -8.0145e+03 1.4870e+01 -1.0460e+04
-4.4893e+06 4.6382e+01 -3.3446e+03 -8.0691e+03 5.8412e+00 -1.0329e+04
-4.5689e+06 4.7032e+01 -3.3166e+03 -8.1224e+03 -8.0601e+00 -1.0198e+04
-4.5444e+06 4.7998e+01 -3.2900e+03 -8.1745e+03 -4.3490e+00 -1.0065e+04
-4.4005e+06 4.8625e+01 -3.2649e+03 -8.2254e+03 2.5413e+00 -9.9309e+03
-4.4193e+06 4.8775e+01 -3.2410e+03 -8.2753e+03 2.0572e+00 -9.7960e+03
-4.4381e+06 4.8680e+01 -3.2183e+03 -8.3240e+03 -1.8263e-01 -9.6599e+03
-4.4583e+06 4.8450e+01 -3.1967e+03 -8.3717e+03 -4.2358e-01 -9.5226e+03
-4.4447e+06 4.8150e+01 -3.1761e+03 -8.4185e+03 1.4264e-01 -9.3845e+03
-4.4737e+06 4.7858e+01 -3.1564e+03 -8.4643e+03 2.4508e-01 -9.2452e+03
-4.4411e+06 4.7583e+01 -3.1377e+03 -8.5091e+03 -5.7706e-01 -9.1050e+03
-4.4548e+06 4.7314e+01 -3.1197e+03 -8.5531e+03 -8.6569e-01 -8.9639e+03
-4.4385e+06 4.7050e+01 -3.1026e+03 -8.5962e+03 -4.5095e-01 -8.8217e+03
-4.4547e+06 4.6794e+01 -3.0862e+03 -8.6385e+03 -5.5106e-01 -8.6786e+03
-4.4578e+06 4.6547e+01 -3.0704e+03 -8.6798e+03 -6.1501e-01 -8.5346e+03
-4.4695e+06 4.6308e+01 -3.0553e+03 -8.7204e+03 -2.1126e-01 -8.3897e+03
-4.4710e+06 4.6075e+01 -3.0408e+03 -8.7601e+03 -8.7100e-02 -8.2440e+03
-4.4957e+06 4.5848e+01 -3.0269e+03 -8.7991e+03 -3.6580e-01 -8.0974e+03
-4.5090e+06 4.5627e+01 -3.0135e+03 -8.8372e+03 -4.6195e-01 -7.9500e+03
-4.5226e+06 4.5408e+01 -3.0006e+03 -8.8746e+03 -6.3892e-01 -7.8018e+03
-4.5243e+06 4.5193e+01 -2.9881e+03 -8.9111e+03 -1.3533e+00 -7.6528e+03
-4.5253e+06 4.4981e+01 -2.9762e+03 -8.9469e+03 -1.6460e+00 -7.5032e+03
-4.5101e+06 4.4773e+01 -2.9646e+03 -8.9819e+03 -1.3546e+00 -7.3529e+03
-4.5055e+06 4.4571e+01 -2.9535e+03 -9.0161e+03 -8.2770e-01 -7.2018e+03
-4.4934e+06 4.4374e+01 -2.9427e+03 -9.0495e+03 -7.8782e-01 -7.0500e+03
-4.4871e+06 4.4181e+01 -2.9323e+03 -9.0822e+03 2.3289e+00 -6.8980e+03
-4.5167e+06 4.3997e+01 -2.9223e+03 -9.1141e+03 -3.5212e-01 -6.7451e+03
-4.5988e+06 4.3820e+01 -2.9126e+03 -9.1452e+03 -1.5309e+01 -6.5912e+03
-4.5856e+06 4.3630e+01 -2.9032e+03 -9.1756e+03 -1.3543e+01 -6.4376e+03
-4.4964e+06 4.3433e+01 -2.8941e+03 -9.2052e+03 -2.4841e+00 -6.2822e+03
-4.4429e+06 4.3256e+01 -2.8852e+03 -9.2341e+03 -4.2983e+00 -6.1297e+03
-4.4228e+06 4.3087e+01 -2.8767e+03 -9.2622e+03 2.2456e+00 -5.9729e+03
-4.5119e+06 4.7087e+01 -3.6015e+03 -7.8653e+03 2.8702e+00 -1.0609e+04
-4.6207e+06 4.6931e+01 -3.5647e+03 -7.9254e+03 -1.8935e+00 -1.0478e+04
-4.5578e+06 4.7175e+01 -3.5300e+03 -7.9839e+03 -6.1348e+00 -1.0348e+04
-4.4368e+06 4.8021e+01 -3.4971e+03 -8.0407e+03 -1.9490e-01 -1.0216e+04
-4.3742e+06 4.9002e+01 -3.4659e+03 -8.0962e+03 3.9535e+00 -1.0082e+04
-4.4116e+06 4.9463e+01 -3.4363e+03 -8.1502e+03 -2.1301e-01 -9.9477e+03
-4.3678e+06 4.9407e+01 -3.4082e+03 -8.2029e+03 1.7045e+00 -9.8123e+03
-4.3762e+06 4.9178e+01 -3.3815e+03 -8.2544e+03 2.7979e+00 -9.6758e+03
-4.4614e+06 4.8903e+01 -3.3560e+03 -8.3048e+03 -8.7641e+00 -9.5378e+03
-4.4944e+06 4.8601e+01 -3.3317e+03 -8.3540e+03 -9.3924e+00 -9.3991e+03
-4.4155e+06 4.8304e+01 -3.3085e+03 -8.4021e+03 1.1534e+00 -9.2593e+03
-4.4249e+06 4.8020e+01 -3.2864e+03 -8.4492e+03 1.2827e+00 -9.1185e+03
-4.4230e+06 4.7742e+01 -3.2652e+03 -8.4952e+03 -1.5228e+00 -8.9769e+03
-4.4260e+06 4.7468e+01 -3.2449e+03 -8.5403e+03 -1.0590e+00 -8.8341e+03
-4.4130e+06 4.7202e+01 -3.2254e+03 -8.5844e+03 -4.7040e-01 -8.6905e+03
-4.4176e+06 4.6945e+01 -3.2068e+03 -8.6276e+03 2.2991e-01 -8.5459e+03
-4.4287e+06 4.6696e+01 -3.1889e+03 -8.6699e+03 -1.7172e-01 -8.4004e+03
-4.4521e+06 4.6454e+01 -3.1717e+03 -8.7112e+03 -6.6022e-01 -8.2540e+03
-4.4624e+06 4.6220e+01 -3.1552e+03 -8.7517e+03 -3.8866e-01 -8.1068e+03
-4.4753e+06 4.5991e+01 -3.1393e+03 -8.7913e+03 -1.2946e-01 -7.9588e+03
-4.4833e+06 4.5766e+01 -3.1240e+03 -8.8301e+03 -1.8901e-01 -7.8099e+03
-4.4889e+06 4.5544e+01 -3.1092e+03 -8.8679e+03 -5.6358e-01 -7.6604e+03
-4.4861e+06 4.5325e+01 -3.0950e+03 -8.9050e+03 -1.0074e+00 -7.5101e+03
-4.4870e+06 4.5111e+01 -3.0813e+03 -8.9412e+03 -1.2355e+00 -7.3591e+03
-4.4762e+06 4.4903e+01 -3.0681e+03 -8.9766e+03 -8.9954e-01 -7.2073e+03
-4.4708e+06 4.4700e+01 -3.0553e+03 -9.0112e+03 -9.5371e-01 -7.0550e+03
-4.4592e+06 4.4500e+01 -3.0429e+03 -9.0449e+03 2.4259e+00 -6.9019e+03
-4.4969e+06 4.4309e+01 -3.0310e+03 -9.0779e+03 2.4881e-01 -6.7481e+03
-4.5706e+06 4.4126e+01 -3.0194e+03 -9.1100e+03 -1.4343e+01 -6.5935e+03
-4.5612e+06 4.3930e+01 -3.0082e+03 -9.1413e+03 -1.3063e+01 -6.4392e+03
-4.4832e+06 4.3727e+01 -2.9974e+03 -9.1718e+03 -3.8239e+00 -6.2839e+03
-4.4378e+06 4.3543e+01 -2.9869e+03 -9.2015e+03 -4.9073e+00 -6.1310e+03
-4.4069e+06 4.3365e+01 -2.9767e+03 -9.2305e+03 2.4091e+00 -5.9730e+03
-4.5552e+06 4.7562e+01 -3.7924e+03 -7.7687e+03 -3.9901e+00 -1.0628e+04
-4.4228e+06 4.7515e+01 -3.7507e+03 -7.8331e+03 9.9676e+00 -1.0497e+04
-4.4288e+06 4.8005e+01 -3.7112e+03 -7.8955e+03 3.2266e+00 -1.0366e+04
-4.4403e+06 4.9026e+01 -3.6737e+03 -7.9560e+03 -3.9182e+00 -1.0233e+04
-4.4057e+06 4.9928e+01 -3.6382e+03 -8.0149e+03 -3.9904e-01 -1.0099e+04
-4.3134e+06 5.0184e+01 -3.6044e+03 -8.0722e+03 2.6171e+00 -9.9643e+03
-4.3305e+06 4.9987e+01 -3.5723e+03 -8.1280e+03 2.9806e+00 -9.8281e+03
-4.3612e+06 4.9688e+01 -3.5418e+03 -8.1824e+03 3.7094e-01 -9.6908e+03
-4.4411e+06 4.9378e+01 -3.5126e+03 -8.2355e+03 -9.1077e+00 -9.5527e+03
-4.4355e+06 4.9065e+01 -3.4848e+03 -8.2872e+03 -9.4447e+00 -9.4134e+03
-4.4110e+06 4.8761e+01 -3.4582e+03 -8.3378e+03 -6.7647e-01 -9.2732e+03
-4.3812e+06 4.8468e+01 -3.4328e+03 -8.3871e+03 6.7945e-01 -9.1319e+03
-4.4014e+06 4.8181e+01 -3.4085e+03 -8.4354e+03 -8.9812e-01 -8.9894e+03
-4.3862e+06 4.7897e+01 -3.3852e+03 -8.4825e+03 -6.9341e-01 -8.8462e+03
-4.3972e+06 4.7621e+01 -3.3629e+03 -8.5286e+03 -1.0061e+00 -8.7019e+03
-4.3943e+06 4.7354e+01 -3.3414e+03 -8.5736e+03 -9.5766e-01 -8.5568e+03
-4.4053e+06 4.7095e+01 -3.3209e+03 -8.6177e+03 -4.8209e-01 -8.4107e+03
-4.4059e+06 4.6845e+01 -3.3011e+03 -8.6607e+03 -1.0552e-01 -8.2637e+03
-4.4277e+06 4.6601e+01 -3.2820e+03 -8.7028e+03 -2.8263e-01 -8.1159e+03
-4.4391e+06 4.6364e+01 -3.2637e+03 -8.7439e+03 -6.1832e-01 -7.9673e+03
-4.4539e+06 4.6131e+01 -3.2461e+03 -8.7842e+03 -6.7471e-01 -7.8178e+03
-4.4549e+06 4.5902e+01 -3.2291e+03 -8.8234e+03 -8.4608e-01 -7.6676e+03
-4.4583e+06 4.5677e+01 -3.2127e+03 -8.8618e+03 -9.4136e-01 -7.5167e+03
-4.4458e+06 4.5456e+01 -3.1969e+03 -8.8993e+03 -1.0127e+00 -7.3650e+03
-4.4429e+06 4.5241e+01 -3.1816e+03 -8.9359e+03 -8.8530e-01 -7.2126e+03
-4.4321e+06 4.5031e+01 -3.1668e+03 -8.9717e+03 -9.4547e-01 -7.0596e+03
-4.4285e+06 4.4826e+01 -3.1526e+03 -9.0065e+03 1.5138e+00 -6.9058e+03
-4.4384e+06 4.4625e+01 -3.1388e+03 -9.0405e+03 3.1774e+00 -6.7517e+03
-4.4650e+06 4.4430e+01 -3.1254e+03 -9.0737e+03 9.0802e-01 -6.5964e+03
-4.4619e+06 4.4232e+01 -3.1125e+03 -9.1060e+03 1.9539e+00 -6.4410e+03
-4.4863e+06 4.4038e+01 -3.0999e+03 -9.1375e+03 -5.6369e+00 -6.2850e+03
-4.4674e+06 4.3852e+01 -3.0878e+03 -9.1681e+03 -1.2011e+01 -6.1315e+03
-4.3997e+06 4.3655e+01 -3.0760e+03 -9.1979e+03 8.3196e-01 -5.9729e+03
-4.4686e+06 4.8117e+01 -3.9779e+03 -7.6690e+03 -5.9684e-01 -1.0647e+04
-4.5066e+06 4.8165e+01 -3.9316e+03 -7.7378e+03 1.5788e-01 -1.0515e+04
-4.4553e+06 4.8791e+01 -3.8878e+03 -7.8042e+03 -3.4012e+00 -1.0383e+04
-4.3615e+06 4.9885e+01 -3.8461e+03 -7.8686e+03 1.4878e+00 -1.0250e+04
-4.3087e+06 5.0701e+01 -3.8065e+03 -7.9311e+03 5.2633e+00 -1.0116e+04
-4.3213e+06 5.0814e+01 -3.7689e+03 -7.9918e+03 1.4586e+00 -9.9802e+03
-4.2957e+06 5.0540e+01 -3.7331e+03 -8.0507e+03 1.4659e+00 -9.8436e+03
-4.2931e+06 5.0205e+01 -3.6989e+03 -8.1081e+03 4.4066e+00 -9.7060e+03
-4.3221e+06 4.9868e+01 -3.6663e+03 -8.1640e+03 1.9924e+00 -9.5674e+03
-4.3460e+06 4.9540e+01 -3.6351e+03 -8.2184e+03 7.1638e-01 -9.4273e+03
-4.3287e+06 4.9229e+01 -3.6054e+03 -8.2715e+03 1.8554e+00 -9.2865e+03
-4.3507e+06 4.8927e+01 -3.5769e+03 -8.3232e+03 4.6712e-01 -9.1447e+03
-4.3539e+06 4.8630e+01 -3.5496e+03 -8.3737e+03 -4.8547e-01 -9.0017e+03
-4.3620e+06 4.8338e+01 -3.5234e+03 -8.4230e+03 -2.0615e-01 -8.8579e+03
-4.3567e+06 4.8052e+01 -3.4983e+03 -8.4711e+03 -2.9838e-01 -8.7131e+03
-4.3616e+06 4.7775e+01 -3.4742e+03 -8.5181e+03 -2.9007e-01 -8.5673e+03
-4.3668e+06 4.7506e+01 -3.4510e+03 -8.5639e+03 -6.4049e-01 -8.4206e+03
-4.3823e+06 4.7246e+01 -3.4288e+03 -8.6087e+03 -9.7169e-01 -8.2731e+03
-4.3902e+06 4.6993e+01 -3.4073e+03 -8.6525e+03 -1.0453e+00 -8.1247e+03
-4.4001e+06 4.6746e+01 -3.3867e+03 -8.6952e+03 -1.0324e+00 -7.9755e+03
-4.4044e+06 4.6504e+01 -3.3668e+03 -8.7369e+03 -7.4267e-01 -7.8253e+03
-4.4084e+06 4.6268e+01 -3.3476e+03 -8.7777e+03 -4.7820e-01 -7.6744e+03
-4.4052e+06 4.6036e+01 -3.3291e+03 -8.8174e+03 -5.5872e-01 -7.5229e+03
-4.4064e+06 4.5809e+01 -3.3113e+03 -8.8562e+03 -9.8669e-01 -7.3706e+03
-4.3980e+06 4.5587e+01 -3.2940e+03 -8.8941e+03 -9.7458e-01 -7.2175e+03
-4.3952e+06 4.5370e+01 -3.2773e+03 -8.9311e+03 -7.9485e-01 -7.0639e+03
-4.3872e+06 4.5158e+01 -3.2612e+03 -8.9671e+03 4.5437e-01 -6.9096e+03
-4.3905e+06 4.4951e+01 -3.2456e+03 -9.0022e+03 1.7497e+00 -6.7548e+03
-4.3841e+06 4.4748e+01 -3.2305e+03 -9.0364e+03 4.0314e+00 -6.5989e+03
-4.3907e+06 4.4548e+01 -3.2158e+03 -9.0697e+03 6.3251e+00 -6.4429e+03
-4.4435e+06 4.4356e+01 -3.2017e+03 -9.1022e+03 -5.5500e+00 -6.2859e+03
-4.4465e+06 4.4166e+01 -3.1879e+03 -9.1337e+03 -1.3643e+01 -6.1316e+03
-4.3782e+06 4.3953e+01 -3.1746e+03 -9.1644e+03 9.9373e-02 -5.9725e+03
-4.4754e+06 4.8781e+01 -4.1578e+03 -7.5668e+03 -4.0360e+00 -1.0665e+04
-4.3894e+06 4.8944e+01 -4.1073e+03 -7.6399e+03 7.9314e+00 -1.0533e+04
-4.3732e+06 4.9537e+01 -4.0595e+03 -7.7106e+03 3.3342e+00 -1.0400e+04
-4.3675e+06 5.0426e+01 -4.0140e+03 -7.7789e+03 -3.6026e-01 -1.0267e+04
-4.3365e+06 5.1045e+01 -3.9707e+03 -7.8450e+03 1.9765e+00 -1.0132e+04
-4.2787e+06 5.1132e+01 -3.9295e+03 -7.9091e+03 2.2537e+00 -9.9959e+03
-4.2801e+06 5.0950e+01 -3.8902e+03 -7.9714e+03 9.4802e-01 -9.8587e+03
-4.2730e+06 5.0690e+01 -3.8527e+03 -8.0318e+03 1.5546e+00 -9.7206e+03
-4.2746e+06 5.0373e+01 -3.8168e+03 -8.0906e+03 3.4824e+00 -9.5813e+03
-4.2721e+06 5.0037e+01 -3.7825e+03 -8.1477e+03 3.8793e+00 -9.4408e+03
-4.3011e+06 4.9711e+01 -3.7497e+03 -8.2033e+03 2.2591e+00 -9.2996e+03
-4.3037e+06 4.9397e+01 -3.7183e+03 -8.2575e+03 1.0590e+00 -9.1573e+03
-4.3222e+06 4.9092e+01 -3.6882e+03 -8.3103e+03 4.3405e-01 -9.0137e+03
-4.3227e+06 4.8791e+01 -3.6593e+03 -8.3618e+03 1.8911e-01 -8.8693e+03
-4.3353e+06 4.8497e+01 -3.6316e+03 -8.4120e+03 -1.8937e-01 -8.7238e+03
-4.3354e+06 4.8209e+01 -3.6049e+03 -8.4610e+03 -6.0098e-01 -8.5775e+03
-4.3414e+06 4.7930e+01 -3.5793e+03 -8.5087e+03 -6.3948e-01 -8.4303e+03
-4.3406e+06 4.7659e+01 -3.5547e+03 -8.5553e+03 -6.0020e-01 -8.2821e+03
-4.3543e+06 4.7396e+01 -3.5309e+03 -8.6008e+03 -9.0944e-01 -8.1331e+03
-4.3605e+06 4.7140e+01 -3.5080e+03 -8.6452e+03 -1.1656e+00 -7.9832e+03
-4.3658e+06 4.6888e+01 -3.4860e+03 -8.6884e+03 -9.1529e-01 -7.8324e+03
-4.3637e+06 4.6643e+01 -3.4647e+03 -8.7307e+03 -6.3124e-01 -7.6809e+03
-4.3642e+06 4.6404e+01 -3.4442e+03 -8.7719e+03 -5.1991e-01 -7.5288e+03
-4.3543e+06 4.6169e+01 -3.4243e+03 -8.8120e+03 -7.5697e-01 -7.3758e+03
-4.3511e+06 4.5940e+01 -3.4052e+03 -8.8512e+03 -8.4532e-01 -7.2221e+03
-4.3437e+06 4.5716e+01 -3.3866e+03 -8.8894e+03 -6.7085e-01 -7.0677e+03
-4.3431e+06 4.5498e+01 -3.3687e+03 -8.9266e+03 -1.6715e-02 -6.9129e+03
-4.3449e+06 4.5286e+01 -3.3514e+03 -8.9629e+03 -2.3834e-01 -6.7571e+03
-4.3490e+06 4.5079e+01 -3.3345e+03 -8.9982e+03 3.7446e-01 -6.6003e+03
-4.3443e+06 4.4873e+01 -3.3183e+03 -9.0325e+03 4.3278e+00 -6.4442e+03
-4.3659e+06 4.4675e+01 -3.3025e+03 -9.0660e+03 -1.1232e+00 -6.2867e+03
-4.3702e+06 4.4480e+01 -3.2872e+03 -9.0985e+03 -8.4716e+00 -6.1314e+03
-4.3493e+06 4.4265e+01 -3.2723e+03 -9.1301e+03 4.7940e-02 -5.9717e+03
-4.4266e+06 4.9348e+01 -4.3316e+03 -7.4623e+03 -1.9125e+00 -1.0682e+04
-4.4366e+06 4.9509e+01 -4.2775e+03 -7.5400e+03 9.9311e-01 -1.0550e+04
-4.3977e+06 4.9968e+01 -4.2261e+03 -7.6149e+03 -9.7508e-01 -1.0417e+04
-4.3362e+06 5.0545e+01 -4.1771e+03 -7.6871e+03 1.1992e+00 -1.0283e+04
-4.3067e+06 5.0910e+01 -4.1305e+03 -7.7570e+03 2.7961e+00 -1.0148e+04
-4.3020e+06 5.1022e+01 -4.0860e+03 -7.8246e+03 -6.6377e-02 -1.0011e+04
-4.2736e+06 5.1051e+01 -4.0434e+03 -7.8901e+03 -5.0346e-01 -9.8735e+03
-4.2491e+06 5.1006e+01 -4.0028e+03 -7.9537e+03 2.2045e+00 -9.7349e+03
-4.2494e+06 5.0829e+01 -3.9640e+03 -8.0154e+03 2.9013e+00 -9.5950e+03
-4.2750e+06 5.0545e+01 -3.9268e+03 -8.0753e+03 7.9037e-01 -9.4540e+03
-4.2780e+06 5.0216e+01 -3.8912e+03 -8.1336e+03 7.1114e-01 -9.3124e+03
-4.2808e+06 4.9885e+01 -3.8570e+03 -8.1903e+03 2.2555e+00 -9.1693e+03
-4.2811e+06 4.9567e+01 -3.8243e+03 -8.2455e+03 1.1267e+00 -9.0251e+03
-4.2955e+06 4.9257e+01 -3.7928e+03 -8.2992e+03 -1.5943e-02 -8.8802e+03
-4.2979e+06 4.8954e+01 -3.7626e+03 -8.3515e+03 -4.0920e-02 -8.7342e+03
-4.3032e+06 4.8656e+01 -3.7335e+03 -8.4025e+03 -9.8083e-02 -8.5874e+03
-4.3041e+06 4.8366e+01 -3.7056e+03 -8.4522e+03 -1.9591e-01 -8.4395e+03
-4.3111e+06 4.8085e+01 -3.6786e+03 -8.5007e+03 -1.7998e-01 -8.2907e+03
-4.3137e+06 4.7811e+01 -3.6527e+03 -8.5479e+03 -3.8964e-01 -8.1410e+03
-4.3166e+06 4.7544e+01 -3.6277e+03 -8.5939e+03 -7.2151e-01 -7.9906e+03
-4.3143e+06 4.7283e+01 -3.6036e+03 -8.6388e+03 -5.7362e-01 -7.8393e+03
-4.3139e+06 4.7030e+01 -3.5803e+03 -8.6826e+03 -2.6583e-01 -7.6872e+03
-4.3082e+06 4.6782e+01 -3.5578e+03 -8.7252e+03 -1.4083e-01 -7.5343e+03
-4.3069e+06 4.6539e+01 -3.5361e+03 -8.7668e+03 -3.5990e-01 -7.3807e+03
-4.2987e+06 4.6302e+01 -3.5150e+03 -8.8073e+03 -3.6949e-01 -7.2263e+03
-4.2964e+06 4.6071e+01 -3.4947e+03 -8.8468e+03 -2.2020e-01 -7.0713e+03
-4.2926e+06 4.5846e+01 -3.4750e+03 -8.8852e+03 2.2790e-01 -6.9158e+03
-4.3015e+06 4.5628e+01 -3.4560e+03 -8.9226e+03 -1.4204e-01 -6.7594e+03
-4.3054e+06 4.5415e+01 -3.4375e+03 -8.9590e+03 -2.1584e-01 -6.6020e+03
-4.3044e+06 4.5205e+01 -3.4197e+03 -8.9945e+03 3.1141e+00 -6.4451e+03
-4.3130e+06 4.5001e+01 -3.4023e+03 -9.0289e+03 -7.9803e-01 -6.2868e+03
-4.3279e+06 4.4802e+01 -3.3855e+03 -9.0624e+03 -7.6908e+00 -6.1310e+03
-4.3260e+06 4.4593e+01 -3.3692e+03 -9.0950e+03 -7.8499e-01 -5.9706e+03
-4.4406e+06 4.9793e+01 -4.4993e+03 -7.3563e+03 -6.9710e+00 -1.0700e+04
-4.4024e+06 4.9832e+01 -4.4420e+03 -7.4384e+03 1.2005e+00 -1.0567e+04
-4.3670e+06 5.0098e+01 -4.3874e+03 -7.5175e+03 7.6294e-03 -1.0433e+04
-4.3586e+06 5.0403e+01 -4.3353e+03 -7.5937e+03 -2.0464e+00 -1.0299e+04
-4.3379e+06 5.0579e+01 -4.2856e+03 -7.6673e+03 -6.0942e-01 -1.0163e+04
-4.2991e+06 5.0698e+01 -4.2381e+03 -7.7385e+03 -4.2370e-01 -1.0026e+04
-4.2824e+06 5.0858e+01 -4.1927e+03 -7.8074e+03 -1.0096e+00 -9.8878e+03
-4.2581e+06 5.1009e+01 -4.1493e+03 -7.8741e+03 1.4945e+00 -9.7487e+03
-4.2607e+06 5.1053e+01 -4.1077e+03 -7.9387e+03 1.3727e+00 -9.6085e+03
-4.2960e+06 5.0948e+01 -4.0678e+03 -8.0015e+03 -6.9531e+00 -9.4670e+03
-4.3078e+06 5.0706e+01 -4.0296e+03 -8.0624e+03 -7.8356e+00 -9.3244e+03
-4.2613e+06 5.0387e+01 -3.9929e+03 -8.1217e+03 5.0660e-01 -9.1808e+03
-4.2542e+06 5.0057e+01 -3.9576e+03 -8.1793e+03 1.7586e+00 -9.0362e+03
-4.2621e+06 4.9736e+01 -3.9238e+03 -8.2353e+03 -3.1817e-01 -8.8908e+03
-4.2750e+06 4.9423e+01 -3.8912e+03 -8.2898e+03 -3.9653e-01 -8.7443e+03
-4.2764e+06 4.9116e+01 -3.8598e+03 -8.3429e+03 -2.1825e-01 -8.5968e+03
-4.2775e+06 4.8815e+01 -3.8297e+03 -8.3945e+03 2.4847e-01 -8.4483e+03
-4.2723e+06 4.8522e+01 -3.8006e+03 -8.4448e+03 6.4395e-01 -8.2989e+03
-4.2749e+06 4.8237e+01 -3.7726e+03 -8.4939e+03 3.0041e-01 -8.1487e+03
-4.2755e+06 4.7960e+01 -3.7455e+03 -8.5416e+03 -3.4203e-01 -7.9975e+03
-4.2755e+06 4.7690e+01 -3.7194e+03 -8.5881e+03 -3.5744e-01 -7.8457e+03
-4.2714e+06 4.7428e+01 -3.6942e+03 -8.6334e+03 -2.6958e-02 -7.6930e+03
-4.2671e+06 4.7171e+01 -3.6698e+03 -8.6776e+03 2.7254e-01 -7.5394e+03
-4.2560e+06 4.6920e+01 -3.6463e+03 -8.7206e+03 3.2467e-01 -7.3852e+03
-4.2496e+06 4.6675e+01 -3.6235e+03 -8.7624e+03 4.0642e-01 -7.2302e+03
-4.2431e+06 4.6436e+01 -3.6015e+03 -8.8032e+03 3.8729e-01 -7.0745e+03
-4.2434e+06 4.6203e+01 -3.5801e+03 -8.8429e+03 5.3828e-01 -6.9184e+03
-4.2519e+06 4.5977e+01 -3.5594e+03 -8.8815e+03 -4.8261e-02 -6.7613e+03
-4.2640e+06 4.5759e+01 -3.5394e+03 -8.9191e+03 -4.2237e-01 -6.6033e+03
-4.2659e+06 4.5543e+01 -3.5200e+03 -8.9556e+03 2.2079e+00 -6.4456e+03
-4.2821e+06 4.5334e+01 -3.5011e+03 -8.9911e+03 -1.9863e+00 -6.2867e+03
-4.2977e+06 4.5132e+01 -3.4828e+03 -9.0256e+03 -8.1981e+00 -6.1302e+03
-4.2996e+06 4.4923e+01 -3.4651e+03 -9.0591e+03 -6.6409e-01 -5.9692e+03
-4.4157e+06 5.0242e+01 -4.6606e+03 -7.2490e+03 -4.8600e+00 -1.0716e+04
-4.4189e+06 5.0063e+01 -4.6006e+03 -7.3356e+03 -1.1409e+00 -1.0583e+04
-4.3919e+06 5.0085e+01 -4.5432e+03 -7.4189e+03 -2.2571e+00 -1.0449e+04
-4.3493e+06 5.0172e+01 -4.4884e+03 -7.4991e+03 -1.6550e+00 -1.0314e+04
-4.3357e+06 5.0235e+01 -4.4360e+03 -7.5764e+03 2.0505e-01 -1.0178e+04
-4.3206e+06 5.0352e+01 -4.3858e+03 -7.6511e+03 -8.3385e-01 -1.0040e+04
-4.2961e+06 5.0548e+01 -4.3378e+03 -7.7233e+03 -1.3698e+00 -9.9017e+03
-4.2623e+06 5.0765e+01 -4.2918e+03 -7.7931e+03 1.3928e+00 -9.7619e+03
-4.2641e+06 5.0950e+01 -4.2477e+03 -7.8608e+03 8.9704e-01 -9.6211e+03
-4.2988e+06 5.1053e+01 -4.2053e+03 -7.9264e+03 -7.1592e+00 -9.4792e+03
-4.2897e+06 5.1015e+01 -4.1647e+03 -7.9901e+03 -7.6684e+00 -9.3362e+03
-4.2433e+06 5.0832e+01 -4.1256e+03 -8.0518e+03 4.1428e-01 -9.1923e+03
-4.2271e+06 5.0553e+01 -4.0881e+03 -8.1119e+03 1.7428e+00 -9.0471e+03
-4.2383e+06 5.0231e+01 -4.0520e+03 -8.1702e+03 -1.2965e-01 -8.9009e+03
-4.2443e+06 4.9906e+01 -4.0172e+03 -8.2269e+03 -1.7243e-01 -8.7538e+03
-4.2475e+06 4.9588e+01 -3.9838e+03 -8.2821e+03 6.8865e-02 -8.6058e+03
-4.2462e+06 4.9277e+01 -3.9515e+03 -8.3357e+03 4.3957e-01 -8.4567e+03
-4.2452e+06 4.8972e+01 -3.9204e+03 -8.3880e+03 5.7780e-01 -8.3068e+03
-4.2418e+06 4.8676e+01 -3.8904e+03 -8.4388e+03 1.1723e-01 -8.1559e+03
-4.2384e+06 4.8389e+01 -3.8614e+03 -8.4883e+03 -4.0260e-01 -8.0042e+03
-4.2348e+06 4.8110e+01 -3.8335e+03 -8.5365e+03 -9.5188e-02 -7.8517e+03
-4.2304e+06 4.7839e+01 -3.8064e+03 -8.5834e+03 5.3236e-01 -7.6983e+03
-4.2214e+06 4.7573e+01 -3.7803e+03 -8.6290e+03 8.8734e-01 -7.5441e+03
-4.2148e+06 4.7313e+01 -3.7550e+03 -8.6734e+03 9.0569e-01 -7.3892e+03
-4.2044e+06 4.7059e+01 -3.7305e+03 -8.7167e+03 9.0107e-01 -7.2336e+03
-4.1993e+06 4.6811e+01 -3.7068e+03 -8.7588e+03 6.6658e-01 -7.0773e+03
-4.1964e+06 4.6570e+01 -3.6839e+03 -8.7997e+03 6.8557e-01 -6.9205e+03
-4.2067e+06 4.6337e+01 -3.6616e+03 -8.8396e+03 1.5184e-02 -6.7628e+03
-4.2157e+06 4.6111e+01 -3.6401e+03 -8.8783e+03 -5.4859e-01 -6.6041e+03
-4.2213e+06 4.5889e+01 -3.6191e+03 -8.9160e+03 1.8734e+00 -6.4458e+03
-4.2377e+06 4.5673e+01 -3.5988e+03 -8.9525e+03 -2.0646e+00 -6.2862e+03
-4.2583e+06 4.5465e+01 -3.5791e+03 -8.9881e+03 -7.8058e+00 -6.1290e+03
-4.2647e+06 4.5252e+01 -3.5600e+03 -9.0225e+03 -1.6383e-01 -5.9673e+03
-4.3880e+06 5.0499e+01 -4.8155e+03 -7.1410e+03 -2.2623e+00 -1.0733e+04
-4.3886e+06 5.0053e+01 -4.7531e+03 -7.2320e+03 3.7770e+00 -1.0599e+04
-4.3742e+06 4.9855e+01 -4.6934e+03 -7.3193e+03 -1.0992e-01 -1.0464e+04
-4.3798e+06 4.9833e+01 -4.6362e+03 -7.4034e+03 -3.0694e+00 -1.0329e+04
-4.3571e+06 4.9880e+01 -4.5814e+03 -7.4845e+03 -1.0428e+00 -1.0192e+04
-4.3309e+06 5.0021e+01 -4.5289e+03 -7.5626e+03 -5.6238e-01 -1.0054e+04
-4.3082e+06 5.0230e+01 -4.4786e+03 -7.6382e+03 -1.1652e+00 -9.9152e+03
-4.2865e+06 5.0448e+01 -4.4303e+03 -7.7112e+03 -1.5009e-01 -9.7749e+03
-4.2669e+06 5.0662e+01 -4.3839e+03 -7.7818e+03 1.5398e+00 -9.6336e+03
-4.2609e+06 5.0861e+01 -4.3393e+03 -7.8503e+03 4.6431e-01 -9.4913e+03
-4.2483e+06 5.1007e+01 -4.2965e+03 -7.9166e+03 8.0490e-04 -9.3475e+03
-4.2236e+06 5.1054e+01 -4.2553e+03 -7.9810e+03 1.6947e+00 -9.2029e+03
-4.2166e+06 5.0963e+01 -4.2156e+03 -8.0435e+03 1.3967e+00 -9.0574e+03
-4.2195e+06 5.0731e+01 -4.1774e+03 -8.1041e+03 5.5077e-01 -8.9106e+03
-4.2267e+06 5.0413e+01 -4.1407e+03 -8.1630e+03 7.4518e-02 -8.7630e+03
-4.2284e+06 5.0078e+01 -4.1052e+03 -8.2203e+03 -2.3473e-01 -8.6143e+03
-4.2260e+06 4.9752e+01 -4.0710e+03 -8.2760e+03 1.7765e-01 -8.4647e+03
-4.2194e+06 4.9436e+01 -4.0380e+03 -8.3302e+03 4.5123e-01 -8.3141e+03
-4.2157e+06 4.9129e+01 -4.0061e+03 -8.3828e+03 -5.4958e-02 -8.1627e+03
-4.2134e+06 4.8832e+01 -3.9753e+03 -8.4341e+03 -3.5994e-01 -8.0104e+03
-4.2094e+06 4.8544e+01 -3.9456e+03 -8.4839e+03 2.4043e-01 -7.8573e+03
-4.2024e+06 4.8263e+01 -3.9168e+03 -8.5324e+03 8.2275e-01 -7.7033e+03
-4.1934e+06 4.7987e+01 -3.8890e+03 -8.5796e+03 9.5543e-01 -7.5485e+03
-4.1790e+06 4.7717e+01 -3.8621e+03 -8.6255e+03 9.4144e-01 -7.3930e+03
-4.1676e+06 4.7454e+01 -3.8360e+03 -8.6702e+03 1.0624e+00 -7.2367e+03
-4.1580e+06 4.7197e+01 -3.8107e+03 -8.7136e+03 9.5361e-01 -7.0797e+03
-4.1551e+06 4.6948e+01 -3.7862e+03 -8.7558e+03 1.1174e+00 -6.9223e+03
-4.1618e+06 4.6707e+01 -3.7625e+03 -8.7969e+03 6.3132e-01 -6.7640e+03
-4.1728e+06 4.6473e+01 -3.7394e+03 -8.8368e+03 7.4955e-02 -6.6047e+03
-4.1763e+06 4.6242e+01 -3.7171e+03 -8.8756e+03 2.2251e+00 -6.4457e+03
-4.1943e+06 4.6019e+01 -3.6954e+03 -8.9133e+03 -1.9093e+00 -6.2853e+03
-4.2122e+06 4.5805e+01 -3.6743e+03 -8.9498e+03 -7.7217e+00 -6.1275e+03
-4.2209e+06 4.5585e+01 -3.6538e+03 -8.9853e+03 -1.8578e-01 -5.9652e+03
-4.3955e+06 5.0211e+01 -4.9639e+03 -7.0328e+03 -1.4680e+00 -1.0749e+04
-4.4133e+06 4.9580e+01 -4.8996e+03 -7.1279e+03 1.2329e+00 -1.0614e+04
-4.4203e+06 4.9345e+01 -4.8379e+03 -7.2193e+03 -3.0019e+00 -1.0479e+04
-4.3877e+06 4.9355e+01 -4.7787e+03 -7.3072e+03 -3.5961e+00 -1.0343e+04
-4.3710e+06 4.9474e+01 -4.7219e+03 -7.3919e+03 -1.1641e+00 -1.0206e+04
-4.3470e+06 4.9682e+01 -4.6674e+03 -7.4735e+03 -1.5507e+00 -1.0068e+04
-4.3261e+06 4.9916e+01 -4.6150e+03 -7.5523e+03 -1.2968e+00 -9.9281e+03
-4.2950e+06 5.0136e+01 -4.5646e+03 -7.6284e+03 -3.7542e-01 -9.7874e+03
-4.2773e+06 5.0346e+01 -4.5162e+03 -7.7021e+03 3.9672e-01 -9.6456e+03
-4.2575e+06 5.0557e+01 -4.4697e+03 -7.7734e+03 1.4268e+00 -9.5027e+03
-4.2424e+06 5.0768e+01 -4.4248e+03 -7.8424e+03 1.7066e+00 -9.3584e+03
-4.2285e+06 5.0962e+01 -4.3817e+03 -7.9093e+03 1.0626e+00 -9.2132e+03
-4.2187e+06 5.1088e+01 -4.3401e+03 -7.9742e+03 6.2668e-01 -9.0671e+03
-4.2138e+06 5.1062e+01 -4.3000e+03 -8.0372e+03 8.8282e-01 -8.9199e+03
-4.2126e+06 5.0864e+01 -4.2613e+03 -8.0984e+03 8.6135e-01 -8.7716e+03
-4.2107e+06 5.0567e+01 -4.2241e+03 -8.1577e+03 6.4766e-01 -8.6224e+03
-4.2067e+06 5.0242e+01 -4.1880e+03 -8.2155e+03 7.7164e-01 -8.4722e+03
-4.2021e+06 4.9909e+01 -4.1533e+03 -8.2715e+03 7.2846e-01 -8.3212e+03
-4.1980e+06 4.9582e+01 -4.1197e+03 -8.3261e+03 1.8246e-01 -8.1691e+03
-4.1923e+06 4.9276e+01 -4.0872e+03 -8.3791e+03 -1.4954e-03 -8.0162e+03
-4.1871e+06 4.8985e+01 -4.0558e+03 -8.4306e+03 5.9715e-01 -7.8625e+03
-4.1789e+06 4.8698e+01 -4.0254e+03 -8.4807e+03 8.9775e-01 -7.7079e+03
-4.1675e+06 4.8413e+01 -3.9959e+03 -8.5294e+03 6.6774e-01 -7.5525e+03
-4.1563e+06 4.8133e+01 -3.9674e+03 -8.5768e+03 5.0218e-01 -7.3963e+03
-4.1425e+06 4.7860e+01 -3.9398e+03 -8.6229e+03 8.1654e-01 -7.2394e+03
-4.1317e+06 4.7595e+01 -3.9131e+03 -8.6677e+03 1.1740e+00 -7.0818e+03
-4.1234e+06 4.7338e+01 -3.8871e+03 -8.7112e+03 1.9041e+00 -6.9237e+03
-4.1258e+06 4.7088e+01 -3.8619e+03 -8.7535e+03 1.7113e+00 -6.7648e+03
-4.1292e+06 4.6845e+01 -3.8375e+03 -8.7947e+03 1.1347e+00 -6.6048e+03
-4.1285e+06 4.6604e+01 -3.8138e+03 -8.8346e+03 3.1422e+00 -6.4451e+03
-4.1416e+06 4.6370e+01 -3.7907e+03 -8.8733e+03 -1.1076e+00 -6.2842e+03
-4.1596e+06 4.6146e+01 -3.7684e+03 -8.9110e+03 -7.2130e+00 -6.1257e+03
-4.1711e+06 4.5921e+01 -3.7466e+03 -8.9475e+03 -1.7460e-01 -5.9626e+03
-4.4118e+06 4.9504e+01 -5.1057e+03 -6.9246e+03 -4.1399e+00 -1.0764e+04
-4.4431e+06 4.8743e+01 -5.0399e+03 -7.0238e+03 1.8999e-01 -1.0629e+04
-4.4278e+06 4.8618e+01 -4.9766e+03 -7.1191e+03 -3.2838e+00 -1.0493e+04
-4.4270e+06 4.8771e+01 -4.9158e+03 -7.2108e+03 -4.8299e+00 -1.0357e+04
-4.3896e+06 4.9002e+01 -4.8573e+03 -7.2990e+03 -2.5124e+00 -1.0220e+04
-4.3673e+06 4.9293e+01 -4.8010e+03 -7.3840e+03 -2.0031e+00 -1.0081e+04
-4.3359e+06 4.9577e+01 -4.7469e+03 -7.4660e+03 -1.2591e+00 -9.9406e+03
-4.3198e+06 4.9820e+01 -4.6948e+03 -7.5452e+03 -8.1511e-01 -9.7994e+03
-4.2931e+06 5.0037e+01 -4.6446e+03 -7.6217e+03 -9.6779e-01 -9.6569e+03
-4.2777e+06 5.0248e+01 -4.5962e+03 -7.6958e+03 -2.8802e-01 -9.5134e+03
-4.2591e+06 5.0461e+01 -4.5497e+03 -7.7675e+03 6.9946e-01 -9.3689e+03
-4.2484e+06 5.0678e+01 -4.5047e+03 -7.8370e+03 7.2355e-01 -9.2233e+03
-4.2332e+06 5.0888e+01 -4.4614e+03 -7.9043e+03 9.0802e-02 -9.0765e+03
-4.2253e+06 5.1038e+01 -4.4196e+03 -7.9696e+03 5.0763e-01 -8.9288e+03
-4.2194e+06 5.1065e+01 -4.3792e+03 -8.0330e+03 1.3538e+00 -8.7798e+03
-4.2170e+06 5.0952e+01 -4.3402e+03 -8.0945e+03 1.6275e+00 -8.6300e+03
-4.2045e+06 5.0719e+01 -4.3026e+03 -8.1542e+03 2.1174e+00 -8.4794e+03
-4.1932e+06 5.0394e+01 -4.2662e+03 -8.2122e+03 2.1030e+00 -8.3277e+03
-4.1857e+06 5.0036e+01 -4.2309e+03 -8.2686e+03 8.8781e-01 -8.1750e+03
-4.1856e+06 4.9712e+01 -4.1969e+03 -8.3234e+03 1.0643e-01 -8.0215e+03
-4.1790e+06 4.9428e+01 -4.1639e+03 -8.3766e+03 4.4662e-01 -7.8672e+03
-4.1713e+06 4.9146e+01 -4.1320e+03 -8.4283e+03 5.6429e-01 -7.7119e+03
-4.1587e+06 4.8852e+01 -4.1010e+03 -8.4786e+03 1.8276e-01 -7.5560e+03
-4.1437e+06 4.8561e+01 -4.0711e+03 -8.5275e+03 -1.3947e-01 -7.3992e+03
-4.1279e+06 4.8279e+01 -4.0420e+03 -8.5750e+03 7.3235e-02 -7.2417e+03
-4.1145e+06 4.8005e+01 -4.0138e+03 -8.6212e+03 7.3190e-01 -7.0835e+03
-4.1024e+06 4.7739e+01 -3.9865e+03 -8.6660e+03 2.0034e+00 -6.9247e+03
-4.1000e+06 4.7480e+01 -3.9600e+03 -8.7096e+03 2.0978e+00 -6.7651e+03
-4.0984e+06 4.7228e+01 -3.9342e+03 -8.7519e+03 1.5647e+00 -6.6045e+03
-4.0906e+06 4.6973e+01 -3.9092e+03 -8.7930e+03 3.6766e+00 -6.4442e+03
-4.0965e+06 4.6717e+01 -3.8848e+03 -8.8328e+03 -3.2244e-01 -6.2827e+03
-4.1089e+06 4.6477e+01 -3.8612e+03 -8.8715e+03 -6.4145e+00 -6.1234e+03
-4.1174e+06 4.6252e+01 -3.8382e+03 -8.9090e+03 2.1694e-01 -5.9597e+03
-4.4474e+06 4.8778e+01 -5.2411e+03 -6.8170e+03 -5.2800e+00 -1.0778e+04
-4.4564e+06 4.8008e+01 -5.1741e+03 -6.9201e+03 -7.9891e-01 -1.0644e+04
-4.4631e+06 4.7966e+01 -5.1096e+03 -7.0191e+03 -3.2228e+00 -1.0507e+04
-4.4294e+06 4.8213e+01 -5.0475e+03 -7.1144e+03 -4.2613e+00 -1.0371e+04
-4.4140e+06 4.8517e+01 -4.9876e+03 -7.2060e+03 -2.1654e+00 -1.0232e+04
-4.3795e+06 4.8852e+01 -4.9299e+03 -7.2943e+03 -2.2042e+00 -1.0093e+04
-4.3607e+06 4.9177e+01 -4.8743e+03 -7.3794e+03 -1.3925e+00 -9.9526e+03
-4.3270e+06 4.9465e+01 -4.8207e+03 -7.4616e+03 -8.2356e-01 -9.8109e+03
-4.3149e+06 4.9714e+01 -4.7689e+03 -7.5411e+03 -1.3098e+00 -9.6680e+03
-4.2941e+06 4.9937e+01 -4.7190e+03 -7.6179e+03 -9.0105e-01 -9.5239e+03
-4.2829e+06 5.0150e+01 -4.6709e+03 -7.6922e+03 2.8910e-01 -9.3789e+03
-4.2639e+06 5.0360e+01 -4.6244e+03 -7.7642e+03 4.0544e-01 -9.2327e+03
-4.2527e+06 5.0570e+01 -4.5795e+03 -7.8339e+03 -4.2672e-01 -9.0854e+03
-4.2410e+06 5.0779e+01 -4.5361e+03 -7.9015e+03 2.8443e-01 -8.9372e+03
-4.2456e+06 5.0962e+01 -4.4942e+03 -7.9671e+03 5.5460e-01 -8.7877e+03
-4.2503e+06 5.1069e+01 -4.4537e+03 -8.0307e+03 -1.5220e+00 -8.6373e+03
-4.2327e+06 5.1036e+01 -4.4145e+03 -8.0924e+03 -6.1760e-01 -8.4861e+03
-4.1987e+06 5.0835e+01 -4.3766e+03 -8.1524e+03 2.1575e+00 -8.3338e+03
-4.1849e+06 5.0517e+01 -4.3399e+03 -8.2106e+03 1.4310e+00 -8.1805e+03
-4.1793e+06 5.0191e+01 -4.3044e+03 -8.2671e+03 -6.0791e-02 -8.0265e+03
-4.1749e+06 4.9900e+01 -4.2699e+03 -8.3220e+03 1.3099e-02 -7.8715e+03
-4.1653e+06 4.9611e+01 -4.2366e+03 -8.3754e+03 9.6040e-02 -7.7157e+03
-4.1531e+06 4.9307e+01 -4.2042e+03 -8.4272e+03 -1.9795e-01 -7.5591e+03
-4.1410e+06 4.9005e+01 -4.1729e+03 -8.4776e+03 -6.5103e-01 -7.4017e+03
-4.1263e+06 4.8712e+01 -4.1425e+03 -8.5265e+03 -6.2167e-01 -7.2435e+03
-4.1124e+06 4.8429e+01 -4.1130e+03 -8.5741e+03 -5.1998e-02 -7.0847e+03
-4.0966e+06 4.8153e+01 -4.0843e+03 -8.6202e+03 1.0854e+00 -6.9253e+03
-4.0885e+06 4.7884e+01 -4.0565e+03 -8.6651e+03 1.1512e+00 -6.7650e+03
-4.0772e+06 4.7620e+01 -4.0294e+03 -8.7086e+03 8.1452e-01 -6.6038e+03
-4.0610e+06 4.7350e+01 -4.0032e+03 -8.7508e+03 3.2071e+00 -6.4429e+03
-4.0575e+06 4.7072e+01 -3.9776e+03 -8.7918e+03 -2.9213e-01 -6.2807e+03
-4.0649e+06 4.6815e+01 -3.9528e+03 -8.8315e+03 -5.8613e+00 -6.1208e+03
-4.0702e+06 4.6588e+01 -3.9286e+03 -8.8701e+03 7.8819e-01 -5.9564e+03
-4.4405e+06 4.8411e+01 -5.3700e+03 -6.7102e+03 -7.1054e+00 -1.0792e+04
-4.4764e+06 4.7564e+01 -5.3023e+03 -6.8171e+03 -1.0119e+00 -1.0657e+04
-4.4562e+06 4.7482e+01 -5.2369e+03 -6.9197e+03 -3.2466e+00 -1.0521e+04
-4.4654e+06 4.7728e+01 -5.1738e+03 -7.0183e+03 -5.0162e+00 -1.0383e+04
-4.4246e+06 4.8052e+01 -5.1128e+03 -7.1133e+03 -2.6032e+00 -1.0245e+04
-4.4076e+06 4.8389e+01 -5.0540e+03 -7.2047e+03 -2.1548e+00 -1.0105e+04
-4.3714e+06 4.8720e+01 -4.9971e+03 -7.2929e+03 -1.6950e+00 -9.9640e+03
-4.3588e+06 4.9041e+01 -4.9422e+03 -7.3781e+03 -1.5779e+00 -9.8218e+03
-4.3295e+06 4.9338e+01 -4.8892e+03 -7.4603e+03 -1.9869e+00 -9.6785e+03
-4.3190e+06 4.9603e+01 -4.8380e+03 -7.5398e+03 -2.1316e+00 -9.5340e+03
-4.2963e+06 4.9838e+01 -4.7885e+03 -7.6167e+03 -1.7576e+00 -9.3884e+03
-4.2864e+06 5.0052e+01 -4.7406e+03 -7.6911e+03 -1.3052e+00 -9.2416e+03
-4.2671e+06 5.0260e+01 -4.6943e+03 -7.7632e+03 -1.0867e+00 -9.0938e+03
-4.2621e+06 5.0471e+01 -4.6496e+03 -7.8331e+03 5.4316e-01 -8.9450e+03
-4.2724e+06 5.0688e+01 -4.6063e+03 -7.9008e+03 -5.8118e-01 -8.7951e+03
-4.3061e+06 5.0893e+01 -4.5644e+03 -7.9665e+03 -7.2987e+00 -8.6441e+03
-4.2823e+06 5.1036e+01 -4.5238e+03 -8.0302e+03 -7.0847e+00 -8.4923e+03
-4.2239e+06 5.1057e+01 -4.4845e+03 -8.0921e+03 -5.6690e-02 -8.3394e+03
-4.1886e+06 5.0936e+01 -4.4464e+03 -8.1521e+03 1.4363e+00 -8.1856e+03
-4.1865e+06 5.0704e+01 -4.4096e+03 -8.2104e+03 1.8892e-03 -8.0310e+03
-4.1776e+06 5.0414e+01 -4.3738e+03 -8.2670e+03 -6.9104e-02 -7.8754e+03
-4.1715e+06 5.0098e+01 -4.3391e+03 -8.3220e+03 -1.7818e-01 -7.7190e+03
-4.1577e+06 4.9777e+01 -4.3055e+03 -8.3754e+03 -3.8765e-01 -7.5618e+03
-4.1451e+06 4.9464e+01 -4.2728e+03 -8.4272e+03 -6.8833e-01 -7.4037e+03
-4.1291e+06 4.9161e+01 -4.2411e+03 -8.4776e+03 -7.5417e-01 -7.2450e+03
-4.1168e+06 4.8868e+01 -4.2104e+03 -8.5265e+03 -5.8435e-01 -7.0856e+03
-4.0990e+06 4.8581e+01 -4.1805e+03 -8.5740e+03 1.6563e-01 -6.9255e+03
-4.0887e+06 4.8301e+01 -4.1514e+03 -8.6201e+03 2.2048e-01 -6.7646e+03
-4.0726e+06 4.8026e+01 -4.1232e+03 -8.6648e+03 8.8497e-02 -6.6026e+03
-4.0501e+06 4.7748e+01 -4.0958e+03 -8.7082e+03 2.4923e+00 -6.4411e+03
-4.0382e+06 4.7466e+01 -4.0691e+03 -8.7503e+03 -9.2337e-01 -6.2783e+03
-4.0366e+06 4.7200e+01 -4.0431e+03 -8.7911e+03 -6.0233e+00 -6.1177e+03
-4.0344e+06 4.6958e+01 -4.0178e+03 -8.8307e+03 8.7946e-01 -5.9528e+03
-4.4363e+06 4.9020e+01 -5.4926e+03 -6.6047e+03 -6.4907e+00 -1.0806e+04
-4.4599e+06 4.7611e+01 -5.4245e+03 -6.7151e+03 -3.3131e+00 -1.0671e+04
-4.4843e+06 4.7146e+01 -5.3585e+03 -6.8211e+03 -6.2957e+00 -1.0534e+04
-4.4619e+06 4.7301e+01 -5.2947e+03 -6.9230e+03 -7.2435e+00 -1.0396e+04
-4.4521e+06 4.7601e+01 -5.2330e+03 -7.0211e+03 -3.8150e+00 -1.0257e+04
-4.4173e+06 4.7925e+01 -5.1732e+03 -7.1156e+03 -3.0176e+00 -1.0117e+04
-4.4035e+06 4.8251e+01 -5.1154e+03 -7.2067e+03 -2.4107e+00 -9.9750e+03
-4.3699e+06 4.8576e+01 -5.0595e+03 -7.2946e+03 -2.1201e+00 -9.8323e+03
-4.3586e+06 4.8901e+01 -5.0054e+03 -7.3796e+03 -2.0897e+00 -9.6885e+03
-4.3349e+06 4.9213e+01 -4.9530e+03 -7.4617e+03 -1.9269e+00 -9.5434e+03
-4.3238e+06 4.9493e+01 -4.9024e+03 -7.5411e+03 -1.9956e+00 -9.3973e+03
-4.2999e+06 4.9734e+01 -4.8533e+03 -7.6179e+03 -2.0075e+00 -9.2501e+03
-4.2885e+06 4.9953e+01 -4.8059e+03 -7.6923e+03 -1.6043e+00 -9.1017e+03
-4.2741e+06 5.0164e+01 -4.7599e+03 -7.7644e+03 4.1154e-01 -8.9523e+03
-4.2892e+06 5.0376e+01 -4.7153e+03 -7.8343e+03 -5.2991e-02 -8.8019e+03
-4.3204e+06 5.0592e+01 -4.6722e+03 -7.9020e+03 -6.5544e+00 -8.6504e+03
-4.3085e+06 5.0797e+01 -4.6304e+03 -7.9677e+03 -7.4026e+00 -8.4979e+03
-4.2450e+06 5.0972e+01 -4.5899e+03 -8.0314e+03 -1.2118e+00 -8.3446e+03
-4.2098e+06 5.1074e+01 -4.5506e+03 -8.0933e+03 7.7346e-01 -8.1903e+03
-4.1934e+06 5.1041e+01 -4.5124e+03 -8.1533e+03 1.4610e-01 -8.0349e+03
-4.1839e+06 5.0860e+01 -4.4754e+03 -8.2116e+03 2.2815e-01 -7.8788e+03
-4.1722e+06 5.0579e+01 -4.4396e+03 -8.2682e+03 -9.4715e-02 -7.7218e+03
-4.1603e+06 5.0259e+01 -4.4047e+03 -8.3231e+03 -4.4040e-01 -7.5640e+03
-4.1491e+06 4.9938e+01 -4.3709e+03 -8.3765e+03 -6.3693e-01 -7.4053e+03
-4.1374e+06 4.9624e+01 -4.3380e+03 -8.4282e+03 -6.9179e-01 -7.2460e+03
-4.1256e+06 4.9320e+01 -4.3061e+03 -8.4785e+03 -8.3372e-01 -7.0860e+03
-4.1097e+06 4.9024e+01 -4.2750e+03 -8.5273e+03 -2.0797e-01 -6.9253e+03
-4.0964e+06 4.8734e+01 -4.2448e+03 -8.5746e+03 7.8694e-02 -6.7637e+03
-4.0764e+06 4.8449e+01 -4.2155e+03 -8.6206e+03 6.4522e-02 -6.6011e+03
-4.0487e+06 4.8165e+01 -4.1869e+03 -8.6651e+03 2.1357e+00 -6.4389e+03
-4.0321e+06 4.7887e+01 -4.1591e+03 -8.7083e+03 -1.5436e+00 -6.2756e+03
-4.0245e+06 4.7621e+01 -4.1321e+03 -8.7502e+03 -6.5967e+00 -6.1143e+03
-4.0176e+06 4.7360e+01 -4.1057e+03 -8.7908e+03 3.3533e-01 -5.9487e+03
-4.3607e+06 5.0757e+01 -5.6090e+03 -6.5008e+03 -3.4795e+00 -1.0819e+04
-4.4276e+06 4.8969e+01 -5.5408e+03 -6.6144e+03 -1.1152e+00 -1.0683e+04
-4.4369e+06 4.7750e+01 -5.4746e+03 -6.7235e+03 -6.4301e+00 -1.0546e+04
-4.4729e+06 4.7348e+01 -5.4103e+03 -6.8285e+03 -9.0660e+00 -1.0408e+04
-4.4456e+06 4.7335e+01 -5.3480e+03 -6.9296e+03 -5.9361e+00 -1.0268e+04
-4.4444e+06 4.7505e+01 -5.2877e+03 -7.0270e+03 -4.5779e+00 -1.0127e+04
-4.4121e+06 4.7792e+01 -5.2292e+03 -7.1210e+03 -3.6502e+00 -9.9854e+03
-4.4064e+06 4.8112e+01 -5.1724e+03 -7.2116e+03 -3.0610e+00 -9.8422e+03
-4.3741e+06 4.8438e+01 -5.1175e+03 -7.2992e+03 -1.9180e+00 -9.6979e+03
-4.3643e+06 4.8765e+01 -5.0642e+03 -7.3838e+03 -5.3153e-01 -9.5524e+03
-4.3357e+06 4.9080e+01 -5.0126e+03 -7.4656e+03 -5.0972e-01 -9.4058e+03
-4.3255e+06 4.9370e+01 -4.9626e+03 -7.5448e+03 -1.3528e+00 -9.2580e+03
-4.3024e+06 4.9628e+01 -4.9141e+03 -7.6215e+03 -1.4769e+00 -9.1092e+03
-4.2976e+06 4.9857e+01 -4.8670e+03 -7.6957e+03 -1.1553e-01 -8.9592e+03
-4.2946e+06 5.0071e+01 -4.8214e+03 -7.7677e+03 7.3658e-01 -8.8082e+03
-4.3151e+06 5.0282e+01 -4.7772e+03 -7.8374e+03 -1.4446e+00 -8.6563e+03
-4.2982e+06 5.0492e+01 -4.7343e+03 -7.9050e+03 -2.2836e+00 -8.5031e+03
-4.2633e+06 5.0700e+01 -4.6926e+03 -7.9706e+03 -6.2381e-01 -8.3492e+03
-4.2298e+06 5.0897e+01 -4.6522e+03 -8.0343e+03 -2.0044e-01 -8.1944e+03
-4.2167e+06 5.1037e+01 -4.6130e+03 -8.0960e+03 -2.1016e-01 -8.0384e+03
-4.1945e+06 5.1068e+01 -4.5748e+03 -8.1559e+03 5.0653e-02 -7.8817e+03
-4.1806e+06 5.0961e+01 -4.5378e+03 -8.2141e+03 -1.3537e-01 -7.7241e+03
-4.1618e+06 5.0730e+01 -4.5019e+03 -8.2706e+03 -3.9476e-01 -7.5657e+03
-4.1503e+06 5.0427e+01 -4.4669e+03 -8.3254e+03 -6.0227e-01 -7.4065e+03
-4.1371e+06 5.0102e+01 -4.4330e+03 -8.3785e+03 -7.2628e-01 -7.2466e+03
-4.1300e+06 4.9785e+01 -4.3999e+03 -8.4302e+03 -9.8480e-01 -7.0859e+03
-4.1155e+06 4.9478e+01 -4.3678e+03 -8.4803e+03 -4.7828e-01 -6.9246e+03
-4.1068e+06 4.9179e+01 -4.3366e+03 -8.5289e+03 -1.5201e-01 -6.7624e+03
-4.0886e+06 4.8885e+01 -4.3062e+03 -8.5760e+03 2.3327e-03 -6.5993e+03
-4.0626e+06 4.8594e+01 -4.2766e+03 -8.6217e+03 2.0565e+00 -6.4364e+03
-4.0432e+06 4.8311e+01 -4.2477e+03 -8.6660e+03 -1.6830e+00 -6.2724e+03
-4.0310e+06 4.8041e+01 -4.2197e+03 -8.7090e+03 -6.8262e+00 -6.1104e+03
-4.0162e+06 4.7771e+01 -4.1923e+03 -8.7506e+03 -1.0268e-01 -5.9442e+03
-4.3218e+06 5.2600e+01 -5.7194e+03 -6.3986e+03 -1.4405e+00 -1.0832e+04
-4.3332e+06 5.1312e+01 -5.6513e+03 -6.5153e+03 3.3544e+00 -1.0695e+04
-4.3873e+06 4.9773e+01 -5.5851e+03 -6.6274e+03 -2.2837e+00 -1.0557e+04
-4.4046e+06 4.8583e+01 -5.5207e+03 -6.7353e+03 -7.0032e+00 -1.0419e+04
-4.4350e+06 4.7837e+01 -5.4582e+03 -6.8392e+03 -6.2543e+00 -1.0279e+04
-4.4277e+06 4.7433e+01 -5.3974e+03 -6.9394e+03 -6.5621e+00 -1.0138e+04
-4.4362e+06 4.7402e+01 -5.3384e+03 -7.0360e+03 -6.0077e+00 -9.9953e+03
-4.4108e+06 4.7649e+01 -5.2811e+03 -7.1292e+03 -4.8386e+00 -9.8516e+03
-4.4042e+06 4.7978e+01 -5.2255e+03 -7.2193e+03 -2.8591e+00 -9.7068e+03
-4.3772e+06 4.8301e+01 -5.1715e+03 -7.3063e+03 -8.1454e-01 -9.5609e+03
-4.3659e+06 4.8623e+01 -5.1191e+03 -7.3905e+03 -4.8578e-01 -9.4138e+03
-4.3387e+06 4.8941e+01 -5.0683e+03 -7.4719e+03 -1.3211e+00 -9.2654e+03
-4.3289e+06 4.9245e+01 -5.0189e+03 -7.5508e+03 -1.4257e+00 -9.1160e+03
-4.3119e+06 4.9519e+01 -4.9710e+03 -7.6271e+03 -5.3682e-01 -8.9656e+03
-4.3103e+06 4.9762e+01 -4.9244e+03 -7.7011e+03 3.0112e-01 -8.8141e+03
-4.3026e+06 4.9980e+01 -4.8792e+03 -7.7728e+03 6.2467e-01 -8.6616e+03
-4.2942e+06 5.0186e+01 -4.8354e+03 -7.8423e+03 8.0192e-01 -8.5078e+03
-4.2709e+06 5.0391e+01 -4.7927e+03 -7.9097e+03 5.4850e-01 -8.3534e+03
-4.2544e+06 5.0599e+01 -4.7513e+03 -7.9751e+03 -2.0787e-01 -8.1980e+03
-4.2291e+06 5.0804e+01 -4.7111e+03 -8.0386e+03 -6.2755e-01 -8.0415e+03
-4.2069e+06 5.0984e+01 -4.6720e+03 -8.1001e+03 -5.2069e-01 -7.8842e+03
-4.1795e+06 5.1084e+01 -4.6339e+03 -8.1598e+03 -3.7375e-01 -7.7261e+03
-4.1580e+06 5.1046e+01 -4.5970e+03 -8.2178e+03 -2.7117e-01 -7.5670e+03
-4.1414e+06 5.0863e+01 -4.5610e+03 -8.2740e+03 -4.0062e-01 -7.4072e+03
-4.1320e+06 5.0582e+01 -4.5260e+03 -8.3286e+03 -6.3316e-01 -7.2466e+03
-4.1246e+06 5.0265e+01 -4.4920e+03 -8.3816e+03 -1.0350e+00 -7.0854e+03
-4.1171e+06 4.9946e+01 -4.4589e+03 -8.4330e+03 -8.0840e-01 -6.9235e+03
-4.1113e+06 4.9638e+01 -4.4267e+03 -8.4828e+03 -7.9158e-01 -6.7607e+03
-4.0989e+06 4.9339e+01 -4.3953e+03 -8.5311e+03 -5.9068e-01 -6.5969e+03
-4.0755e+06 4.9038e+01 -4.3647e+03 -8.5780e+03 1.7884e+00 -6.4335e+03
-4.0596e+06 4.8744e+01 -4.3349e+03 -8.6234e+03 -1.6053e+00 -6.2688e+03
-4.0465e+06 4.8466e+01 -4.3059e+03 -8.6675e+03 -6.4698e+00 -6.1061e+03
-4.0304e+06 4.8194e+01 -4.2776e+03 -8.7101e+03 3.2800e-01 -5.9394e+03
-4.2578e+06 5.3784e+01 -5.8239e+03 -6.2986e+03 -2.8205e+00 -1.0844e+04
-4.2895e+06 5.3095e+01 -5.7562e+03 -6.4180e+03 4.4245e+00 -1.0707e+04
-4.2920e+06 5.2041e+01 -5.6903e+03 -6.5329e+03 1.1631e+00 -1.0568e+04
-4.3472e+06 5.0823e+01 -5.6260e+03 -6.6435e+03 -3.0977e+00 -1.0429e+04
-4.3575e+06 4.9657e+01 -5.5634e+03 -6.7500e+03 -3.2395e+00 -1.0289e+04
-4.3952e+06 4.8655e+01 -5.5025e+03 -6.8528e+03 -5.1133e+00 -1.0147e+04
-4.3997e+06 4.7934e+01 -5.4432e+03 -6.9519e+03 -6.2581e+00 -1.0005e+04
-4.4214e+06 4.7539e+01 -5.3855e+03 -7.0476e+03 -6.8794e+00 -9.8606e+03
-4.4072e+06 4.7536e+01 -5.3295e+03 -7.1400e+03 -5.9941e+00 -9.7153e+03
-4.4028e+06 4.7821e+01 -5.2750e+03 -7.2294e+03 -3.9626e+00 -9.5687e+03
-4.3760e+06 4.8158e+01 -5.2220e+03 -7.3158e+03 -2.7917e+00 -9.4210e+03
-4.3677e+06 4.8480e+01 -5.1705e+03 -7.3994e+03 -2.3632e+00 -9.2722e+03
-4.3457e+06 4.8803e+01 -5.1204e+03 -7.4804e+03 -1.6956e+00 -9.1224e+03
-4.3407e+06 4.9119e+01 -5.0717e+03 -7.5588e+03 -1.1252e+00 -8.9714e+03
-4.3267e+06 4.9410e+01 -5.0244e+03 -7.6347e+03 -7.0248e-01 -8.8194e+03
-4.3275e+06 4.9661e+01 -4.9784e+03 -7.7083e+03 -2.3139e-01 -8.6664e+03
-4.3229e+06 4.9883e+01 -4.9337e+03 -7.7797e+03 -6.1852e-01 -8.5122e+03
-4.3091e+06 5.0092e+01 -4.8902e+03 -7.8489e+03 -1.2028e-01 -8.3571e+03
-4.2702e+06 5.0298e+01 -4.8479e+03 -7.9160e+03 4.9514e-01 -8.2011e+03
-4.2462e+06 5.0506e+01 -4.8068e+03 -7.9811e+03 -6.8481e-01 -8.0441e+03
-4.2144e+06 5.0716e+01 -4.7668e+03 -8.0442e+03 -1.0950e+00 -7.8862e+03
-4.1860e+06 5.0909e+01 -4.7278e+03 -8.1055e+03 -7.3404e-01 -7.7275e+03
-4.1540e+06 5.1047e+01 -4.6900e+03 -8.1649e+03 -4.1506e-01 -7.5679e+03
-4.1316e+06 5.1074e+01 -4.6531e+03 -8.2226e+03 -1.2624e-01 -7.4075e+03
-4.1141e+06 5.0957e+01 -4.6172e+03 -8.2785e+03 -1.2953e-01 -7.2463e+03
-4.1084e+06 5.0719e+01 -4.5822e+03 -8.3328e+03 -6.2910e-01 -7.0844e+03
-4.1028e+06 5.0419e+01 -4.5482e+03 -8.3855e+03 -7.4801e-01 -6.9220e+03
-4.1064e+06 5.0111e+01 -4.5150e+03 -8.4365e+03 -1.1411e+00 -6.7585e+03
-4.1026e+06 4.9812e+01 -4.4827e+03 -8.4860e+03 -1.1987e+00 -6.5940e+03
-4.0889e+06 4.9507e+01 -4.4512e+03 -8.5340e+03 1.2167e+00 -6.4300e+03
-4.0784e+06 4.9198e+01 -4.4206e+03 -8.5806e+03 -1.9143e+00 -6.2647e+03
-4.0677e+06 4.8906e+01 -4.3906e+03 -8.6256e+03 -6.3864e+00 -6.1014e+03
-4.0504e+06 4.8626e+01 -4.3615e+03 -8.6693e+03 5.8864e-01 -5.9341e+03
-4.2440e+06 5.4679e+01 -5.9227e+03 -6.2008e+03 -3.8464e+00 -1.0855e+04
-4.2316e+06 5.4144e+01 -5.8557e+03 -6.3228e+03 2.7627e+00 -1.0718e+04
-4.2600e+06 5.3555e+01 -5.7902e+03 -6.4402e+03 1.0491e+00 -1.0579e+04
-4.2616e+06 5.2842e+01 -5.7262e+03 -6.5533e+03 -1.3840e+00 -1.0439e+04
-4.2969e+06 5.1986e+01 -5.6638e+03 -6.6623e+03 -1.1508e-01 -1.0299e+04
-4.3018e+06 5.1061e+01 -5.6029e+03 -6.7674e+03 -6.0976e-01 -1.0156e+04
-4.3402e+06 5.0038e+01 -5.5436e+03 -6.8689e+03 -1.8241e+00 -1.0013e+04
-4.3565e+06 4.8894e+01 -5.4858e+03 -6.9670e+03 -4.3109e+00 -9.8686e+03
-4.3942e+06 4.8006e+01 -5.4294e+03 -7.0617e+03 -6.6389e+00 -9.7230e+03
-4.3930e+06 4.7680e+01 -5.3746e+03 -7.1532e+03 -6.8019e+00 -9.5761e+03
-4.3983e+06 4.7778e+01 -5.3211e+03 -7.2418e+03 -5.4305e+00 -9.4279e+03
-4.3776e+06 4.8033e+01 -5.2691e+03 -7.3275e+03 -3.9146e+00 -9.2786e+03
-4.3747e+06 4.8338e+01 -5.2185e+03 -7.4105e+03 -2.6640e+00 -9.1282e+03
-4.3584e+06 4.8668e+01 -5.1693e+03 -7.4908e+03 -2.0683e+00 -8.9767e+03
-4.3547e+06 4.8989e+01 -5.1213e+03 -7.5687e+03 -1.0386e+00 -8.8242e+03
-4.3552e+06 4.9286e+01 -5.0746e+03 -7.6441e+03 -1.4374e+00 -8.6706e+03
-4.4009e+06 4.9553e+01 -5.0292e+03 -7.7173e+03 -6.5478e+00 -8.5159e+03
-4.3758e+06 4.9788e+01 -4.9850e+03 -7.7882e+03 -5.8850e+00 -8.3602e+03
-4.2999e+06 5.0000e+01 -4.9420e+03 -7.8569e+03 -3.5134e-01 -8.2036e+03
-4.2466e+06 5.0203e+01 -4.9000e+03 -7.9236e+03 -4.3532e-01 -8.0461e+03
-4.2185e+06 5.0406e+01 -4.8592e+03 -7.9883e+03 -1.2564e+00 -7.8877e+03
-4.1790e+06 5.0610e+01 -4.8195e+03 -8.0511e+03 -7.2084e-01 -7.7284e+03
-4.1482e+06 5.0813e+01 -4.7808e+03 -8.1120e+03 -4.2228e-01 -7.5683e+03
-4.1182e+06 5.0983e+01 -4.7431e+03 -8.1710e+03 4.3935e-02 -7.4072e+03
-4.1001e+06 5.1067e+01 -4.7064e+03 -8.2283e+03 2.8044e-01 -7.2454e+03
-4.0862e+06 5.1028e+01 -4.6706e+03 -8.2839e+03 -4.5558e-02 -7.0830e+03
-4.0829e+06 5.0855e+01 -4.6357e+03 -8.3378e+03 -2.4793e-01 -6.9199e+03
-4.0872e+06 5.0588e+01 -4.6017e+03 -8.3901e+03 -8.7381e-01 -6.7559e+03
-4.0926e+06 5.0288e+01 -4.5685e+03 -8.4408e+03 -1.2795e+00 -6.5908e+03
-4.0861e+06 4.9977e+01 -4.5362e+03 -8.4899e+03 6.8407e-01 -6.4261e+03
-4.0866e+06 4.9659e+01 -4.5047e+03 -8.5375e+03 -2.6877e+00 -6.2603e+03
-4.0827e+06 4.9353e+01 -4.4739e+03 -8.5836e+03 -7.2752e+00 -6.0963e+03
-4.0737e+06 4.9053e+01 -4.4439e+03 -8.6283e+03 -6.6230e-01 -5.9284e+03
-4.1848e+06 5.5629e+01 -6.0161e+03 -6.1056e+03 -3.6119e+00 -1.0865e+04
-4.2120e+06 5.5078e+01 -5.9499e+03 -6.2298e+03 2.0173e+00 -1.0728e+04
-4.2029e+06 5.4564e+01 -5.8851e+03 -6.3495e+03 4.8897e-01 -1.0589e+04
-4.2346e+06 5.4064e+01 -5.8216e+03 -6.4649e+03 -2.0312e+00 -1.0449e+04
-4.2309e+06 5.3531e+01 -5.7596e+03 -6.5762e+03 -6.1091e-01 -1.0308e+04
-4.2535e+06 5.2954e+01 -5.6989e+03 -6.6836e+03 1.1528e-01 -1.0165e+04
-4.2552e+06 5.2293e+01 -5.6397e+03 -6.7873e+03 8.3075e-01 -1.0021e+04
-4.2885e+06 5.1349e+01 -5.5819e+03 -6.8875e+03 7.2517e-01 -9.8762e+03
-4.3136e+06 4.9997e+01 -5.5254e+03 -6.9843e+03 -1.7617e+00 -9.7300e+03
-4.3602e+06 4.8705e+01 -5.4704e+03 -7.0780e+03 -4.9648e+00 -9.5827e+03
-4.3711e+06 4.8047e+01 -5.4167e+03 -7.1686e+03 -5.6636e+00 -9.4342e+03
-4.3872e+06 4.7888e+01 -5.3644e+03 -7.2562e+03 -4.8875e+00 -9.2844e+03
-4.3818e+06 4.7967e+01 -5.3134e+03 -7.3412e+03 -4.1576e+00 -9.1335e+03
-4.3859e+06 4.8215e+01 -5.2636e+03 -7.4234e+03 -3.4158e+00 -8.9815e+03
-4.3733e+06 4.8531e+01 -5.2152e+03 -7.5031e+03 -1.4402e+00 -8.8284e+03
-4.3847e+06 4.8854e+01 -5.1680e+03 -7.5803e+03 -1.0285e+00 -8.6742e+03
-4.4163e+06 4.9163e+01 -5.1220e+03 -7.6551e+03 -6.3252e+00 -8.5191e+03
-4.3946e+06 4.9442e+01 -5.0771e+03 -7.7277e+03 -6.3013e+00 -8.3629e+03
-4.3041e+06 4.9688e+01 -5.0334e+03 -7.7981e+03 -6.9858e-01 -8.2058e+03
-4.2568e+06 4.9907e+01 -4.9909e+03 -7.8664e+03 -2.7894e-01 -8.0477e+03
-4.2166e+06 5.0109e+01 -4.9494e+03 -7.9326e+03 -8.9720e-01 -7.8886e+03
-4.1800e+06 5.0309e+01 -4.9089e+03 -7.9968e+03 -4.0128e-01 -7.7288e+03
-4.1413e+06 5.0513e+01 -4.8695e+03 -8.0591e+03 -1.4422e-01 -7.5681e+03
-4.1109e+06 5.0714e+01 -4.8310e+03 -8.1195e+03 2.7251e-01 -7.4065e+03
-4.0839e+06 5.0900e+01 -4.7936e+03 -8.1781e+03 3.7214e-01 -7.2441e+03
-4.0676e+06 5.1059e+01 -4.7570e+03 -8.2350e+03 -5.9061e-02 -7.0811e+03
-4.0553e+06 5.1125e+01 -4.7214e+03 -8.2901e+03 -1.1257e-01 -6.9174e+03
-4.0617e+06 5.1013e+01 -4.6866e+03 -8.3436e+03 -5.8180e-01 -6.7528e+03
-4.0708e+06 5.0752e+01 -4.6527e+03 -8.3954e+03 -1.1780e+00 -6.5871e+03
-4.0749e+06 5.0435e+01 -4.6196e+03 -8.4457e+03 3.5944e-01 -6.4219e+03
-4.0824e+06 5.0114e+01 -4.5873e+03 -8.4943e+03 -3.2665e+00 -6.2554e+03
-4.0883e+06 4.9802e+01 -4.5558e+03 -8.5415e+03 -8.2122e+00 -6.0907e+03
-4.0853e+06 4.9487e+01 -4.5250e+03 -8.5871e+03 -2.3231e+00 -5.9222e+03
-4.1608e+06 5.6626e+01 -6.1042e+03 -6.0130e+03 -3.2080e+00 -1.0875e+04
-4.1623e+06 5.6040e+01 -6.0391e+03 -6.1392e+03 1.2333e+00 -1.0738e+04
-4.1841e+06 5.5493e+01 -5.9751e+03 -6.2610e+03 1.5886e-01 -1.0598e+04
-4.1832e+06 5.4969e+01 -5.9123e+03 -6.3785e+03 -2.4451e+00 -1.0458e+04
-4.2071e+06 5.4463e+01 -5.8508e+03 -6.4918e+03 -1.2955e+00 -1.0316e+04
-4.2017e+06 5.3976e+01 -5.7905e+03 -6.6013e+03 -9.0139e-01 -1.0173e+04
-4.2224e+06 5.3530e+01 -5.7316e+03 -6.7070e+03 -2.5435e-01 -1.0029e+04
-4.2195e+06 5.3019e+01 -5.6739e+03 -6.8093e+03 9.3448e-01 -9.8836e+03
-4.2537e+06 5.2102e+01 -5.6176e+03 -6.9081e+03 9.4873e-01 -9.7368e+03
-4.2808e+06 5.0752e+01 -5.5625e+03 -7.0037e+03 -7.8835e-01 -9.5888e+03
-4.3278e+06 4.9476e+01 -5.5087e+03 -7.0962e+03 -2.7756e+00 -9.4398e+03
-4.3483e+06 4.8594e+01 -5.4562e+03 -7.1858e+03 -4.1029e+00 -9.2897e+03
-4.3789e+06 4.8079e+01 -5.4049e+03 -7.2726e+03 -5.2543e+00 -9.1383e+03
-4.3854e+06 4.7934e+01 -5.3549e+03 -7.3566e+03 -5.3355e+00 -8.9858e+03
-4.3929e+06 4.8102e+01 -5.3060e+03 -7.4380e+03 -3.5820e+00 -8.8321e+03
-4.3825e+06 4.8400e+01 -5.2584e+03 -7.5169e+03 -1.5735e+00 -8.6774e+03
-4.3826e+06 4.8718e+01 -5.2119e+03 -7.5934e+03 -1.8854e+00 -8.5218e+03
-4.3509e+06 4.9033e+01 -5.1666e+03 -7.6676e+03 -1.8182e+00 -8.3651e+03
-4.3072e+06 4.9327e+01 -5.1224e+03 -7.7396e+03 -5.9515e-01 -8.2074e+03
-4.2570e+06 4.9586e+01 -5.0792e+03 -7.8093e+03 -6.3964e-01 -8.0488e+03
-4.2181e+06 4.9809e+01 -5.0371e+03 -7.8770e+03 -5.1385e-01 -7.8891e+03
-4.1725e+06 5.0014e+01 -4.9961e+03 -7.9427e+03 -1.2667e-01 -7.7287e+03
-4.1369e+06 5.0214e+01 -4.9560e+03 -8.0063e+03 8.6401e-02 -7.5675e+03
-4.1037e+06 5.0402e+01 -4.9169e+03 -8.0681e+03 3.0721e-01 -7.4053e+03
-4.0799e+06 5.0596e+01 -4.8788e+03 -8.1280e+03 1.1961e-01 -7.2424e+03
-4.0549e+06 5.0887e+01 -4.8415e+03 -8.1861e+03 -4.0290e-01 -7.0787e+03
-4.0357e+06 5.1238e+01 -4.8052e+03 -8.2425e+03 -7.7559e-02 -6.9144e+03
-4.0302e+06 5.1391e+01 -4.7697e+03 -8.2971e+03 -2.7996e-01 -6.7492e+03
-4.0387e+06 5.1236e+01 -4.7351e+03 -8.3500e+03 -1.0586e+00 -6.5830e+03
-4.0445e+06 5.0921e+01 -4.7013e+03 -8.4014e+03 2.0486e-01 -6.4172e+03
-4.0609e+06 5.0585e+01 -4.6683e+03 -8.4511e+03 -3.3479e+00 -6.2501e+03
-4.0747e+06 5.0262e+01 -4.6361e+03 -8.4992e+03 -8.3057e+00 -6.0847e+03
-4.0834e+06 4.9944e+01 -4.6046e+03 -8.5459e+03 -2.8248e+00 -5.9157e+03
-4.1020e+06 5.7660e+01 -6.1872e+03 -5.9231e+03 -2.4289e+00 -1.0885e+04
-4.1402e+06 5.7049e+01 -6.1233e+03 -6.0512e+03 7.8084e-01 -1.0747e+04
-4.1332e+06 5.6467e+01 -6.0603e+03 -6.1748e+03 3.7408e-02 -1.0607e+04
-4.1629e+06 5.5909e+01 -5.9984e+03 -6.2942e+03 -2.5794e+00 -1.0466e+04
-4.1613e+06 5.5371e+01 -5.9376e+03 -6.4094e+03 -1.4155e+00 -1.0324e+04
-4.1833e+06 5.4855e+01 -5.8779e+03 -6.5208e+03 -1.0946e+00 -1.0180e+04
-4.1804e+06 5.4358e+01 -5.8194e+03 -6.6284e+03 -1.0659e+00 -1.0036e+04
-4.1981e+06 5.3885e+01 -5.7620e+03 -6.7325e+03 -4.8457e-01 -9.8898e+03
-4.1981e+06 5.3375e+01 -5.7059e+03 -6.8332e+03 3.5042e-02 -9.7427e+03
-4.2283e+06 5.2593e+01 -5.6509e+03 -6.9306e+03 6.3921e-01 -9.5944e+03
-4.2499e+06 5.1489e+01 -5.5971e+03 -7.0250e+03 9.7727e-02 -9.4448e+03
-4.2952e+06 5.0359e+01 -5.5446e+03 -7.1163e+03 -1.4232e+00 -9.2940e+03
-4.3224e+06 4.9379e+01 -5.4932e+03 -7.2048e+03 -3.4102e+00 -9.1422e+03
-4.3625e+06 4.8572e+01 -5.4429e+03 -7.2906e+03 -5.2469e+00 -8.9893e+03
-4.3806e+06 4.8054e+01 -5.3939e+03 -7.3736e+03 -6.2635e+00 -8.8352e+03
-4.3938e+06 4.7983e+01 -5.3459e+03 -7.4542e+03 -5.5655e+00 -8.6800e+03
-4.3740e+06 4.8247e+01 -5.2991e+03 -7.5323e+03 -3.9587e+00 -8.5238e+03
-4.3528e+06 4.8577e+01 -5.2534e+03 -7.6080e+03 -2.9419e+00 -8.3665e+03
-4.3110e+06 4.8896e+01 -5.2087e+03 -7.6814e+03 -2.2992e+00 -8.2082e+03
-4.2730e+06 4.9200e+01 -5.1651e+03 -7.7527e+03 -1.5237e+00 -8.0491e+03
-4.2210e+06 4.9469e+01 -5.1225e+03 -7.8218e+03 -6.5065e-01 -7.8890e+03
-4.1799e+06 4.9705e+01 -5.0809e+03 -7.8888e+03 -1.9071e-01 -7.7280e+03
-4.1367e+06 4.9912e+01 -5.0403e+03 -7.9538e+03 2.7243e-02 -7.5662e+03
-4.1060e+06 5.0086e+01 -5.0007e+03 -8.0169e+03 -7.8203e-02 -7.4034e+03
-4.0738e+06 5.0310e+01 -4.9620e+03 -8.0780e+03 -4.3735e-01 -7.2399e+03
-4.0453e+06 5.0773e+01 -4.9241e+03 -8.1373e+03 -4.6341e-01 -7.0757e+03
-4.0100e+06 5.1423e+01 -4.8872e+03 -8.1948e+03 6.0269e-01 -6.9108e+03
-3.9980e+06 5.1834e+01 -4.8511e+03 -8.2506e+03 6.2296e-01 -6.7451e+03
-3.9993e+06 5.1787e+01 -4.8158e+03 -8.3047e+03 -4.9213e-01 -6.5783e+03
-4.0088e+06 5.1476e+01 -4.7814e+03 -8.3570e+03 4.1078e-01 -6.4118e+03
-4.0261e+06 5.1111e+01 -4.7477e+03 -8.4078e+03 -3.1529e+00 -6.2441e+03
-4.0473e+06 5.0753e+01 -4.7149e+03 -8.4569e+03 -7.9629e+00 -6.0782e+03
-4.0612e+06 5.0416e+01 -4.6827e+03 -8.5045e+03 -2.3989e+00 -5.9085e+03
-4.0802e+06 5.8651e+01 -6.2655e+03 -5.8362e+03 -1.7230e+00 -1.0894e+04
-4.0921e+06 5.8090e+01 -6.2029e+03 -5.9659e+03 4.8729e-01 -1.0756e+04
-4.1119e+06 5.7489e+01 -6.1410e+03 -6.0911e+03 6.5854e-02 -1.0615e+04
-4.1140e+06 5.6896e+01 -6.0801e+03 -6.2121e+03 -2.4421e+00 -1.0474e+04
-4.1408e+06 5.6323e+01 -6.0201e+03 -6.3290e+03 -2.0745e+00 -1.0331e+04
-4.1496e+06 5.5776e+01 -5.9611e+03 -6.4421e+03 -2.9225e+00 -1.0188e+04
-4.1677e+06 5.5250e+01 -5.9032e+03 -6.5515e+03 -2.6809e+00 -1.0043e+04
-4.1546e+06 5.4745e+01 -5.8463e+03 -6.6573e+03 -8.2661e-01 -9.8961e+03
-4.1702e+06 5.4267e+01 -5.7905e+03 -6.7597e+03 -5.9545e-01 -9.7485e+03
-4.1766e+06 5.3761e+01 -5.7357e+03 -6.8589e+03 -1.8221e-01 -9.5998e+03
-4.2032e+06 5.3127e+01 -5.6821e+03 -6.9549e+03 6.1699e-01 -9.4497e+03
-4.2193e+06 5.2368e+01 -5.6296e+03 -7.0479e+03 7.2590e-01 -9.2984e+03
-4.2542e+06 5.1545e+01 -5.5782e+03 -7.1380e+03 2.5632e-01 -9.1460e+03
-4.2847e+06 5.0532e+01 -5.5279e+03 -7.2254e+03 -1.2110e+00 -8.9926e+03
-4.3342e+06 4.9294e+01 -5.4787e+03 -7.3100e+03 -4.2442e+00 -8.8381e+03
-4.3629e+06 4.8348e+01 -5.4306e+03 -7.3921e+03 -6.3795e+00 -8.6824e+03
-4.3733e+06 4.8083e+01 -5.3835e+03 -7.4717e+03 -6.0698e+00 -8.5258e+03
-4.3532e+06 4.8223e+01 -5.3375e+03 -7.5489e+03 -4.9186e+00 -8.3681e+03
-4.3249e+06 4.8455e+01 -5.2925e+03 -7.6238e+03 -4.1162e+00 -8.2093e+03
-4.2776e+06 4.8740e+01 -5.2486e+03 -7.6964e+03 -3.1354e+00 -8.0495e+03
-4.2319e+06 4.9055e+01 -5.2056e+03 -7.7669e+03 -1.8026e+00 -7.8888e+03
-4.1822e+06 4.9342e+01 -5.1636e+03 -7.8352e+03 -8.8562e-01 -7.7272e+03
-4.1428e+06 4.9571e+01 -5.1225e+03 -7.9015e+03 -4.1897e-01 -7.5648e+03
-4.1083e+06 4.9775e+01 -5.0824e+03 -7.9659e+03 -5.3269e-01 -7.4015e+03
-4.0748e+06 5.0139e+01 -5.0431e+03 -8.0282e+03 -7.8032e-01 -7.2374e+03
-4.0317e+06 5.0850e+01 -5.0048e+03 -8.0887e+03 -4.8203e-01 -7.0726e+03
-3.9884e+06 5.1732e+01 -4.9673e+03 -8.1474e+03 9.1339e-01 -6.9072e+03
-3.9620e+06 5.2326e+01 -4.9307e+03 -8.2042e+03 1.2714e+00 -6.7410e+03
-3.9565e+06 5.2398e+01 -4.8948e+03 -8.2594e+03 4.2345e-01 -6.5736e+03
-3.9596e+06 5.2115e+01 -4.8598e+03 -8.3128e+03 1.1189e+00 -6.4065e+03
-3.9796e+06 5.1714e+01 -4.8256e+03 -8.3645e+03 -2.6942e+00 -6.2383e+03
-4.0034e+06 5.1290e+01 -4.7921e+03 -8.4146e+03 -7.4767e+00 -6.0716e+03
-4.0259e+06 5.0892e+01 -4.7594e+03 -8.4632e+03 -2.0353e+00 -5.9014e+03
-4.0337e+06 5.9409e+01 -6.3392e+03 -5.7523e+03 -1.1929e+00 -1.0903e+04
-4.0726e+06 5.9018e+01 -6.2779e+03 -5.8833e+03 7.2993e-01 -1.0765e+04
-4.0638e+06 5.8502e+01 -6.2174e+03 -6.0099e+03 6.3012e-01 -1.0624e+04
-4.0908e+06 5.7924e+01 -6.1575e+03 -6.1324e+03 -1.7367e+00 -1.0482e+04
-4.0948e+06 5.7324e+01 -6.0985e+03 -6.2509e+03 -2.2015e+00 -1.0339e+04
-4.1257e+06 5.6738e+01 -6.0403e+03 -6.3655e+03 -3.6223e+00 -1.0195e+04
-4.1238e+06 5.6179e+01 -5.9831e+03 -6.4764e+03 -3.5060e+00 -1.0049e+04
-4.1319e+06 5.5643e+01 -5.9268e+03 -6.5838e+03 -1.6233e+00 -9.9024e+03
-4.1278e+06 5.5130e+01 -5.8714e+03 -6.6878e+03 -1.4808e+00 -9.7543e+03
-4.1492e+06 5.4644e+01 -5.8171e+03 -6.7885e+03 -1.4601e+00 -9.6050e+03
-4.1533e+06 5.4174e+01 -5.7637e+03 -6.8861e+03 -9.2552e-01 -9.4544e+03
-4.1796e+06 5.3686e+01 -5.7114e+03 -6.9807e+03 -3.7059e-01 -9.3027e+03
-4.1904e+06 5.3180e+01 -5.6602e+03 -7.0723e+03 2.1692e-01 -9.1498e+03
-4.2226e+06 5.2558e+01 -5.6099e+03 -7.1612e+03 8.6290e-01 -8.9958e+03
-4.2518e+06 5.1522e+01 -5.5607e+03 -7.2473e+03 2.3517e-01 -8.8406e+03
-4.3027e+06 5.0142e+01 -5.5125e+03 -7.3309e+03 -2.0406e+00 -8.6844e+03
-4.3245e+06 4.9089e+01 -5.4653e+03 -7.4119e+03 -3.8185e+00 -8.5272e+03
-4.3305e+06 4.8655e+01 -5.4191e+03 -7.4905e+03 -4.2951e+00 -8.3690e+03
-4.3059e+06 4.8510e+01 -5.3738e+03 -7.5668e+03 -4.7167e+00 -8.2098e+03
-4.2820e+06 4.8506e+01 -5.3296e+03 -7.6407e+03 -4.8033e+00 -8.0496e+03
-4.2362e+06 4.8685e+01 -5.2863e+03 -7.7125e+03 -3.9318e+00 -7.8883e+03
-4.1974e+06 4.8940e+01 -5.2439e+03 -7.7821e+03 -2.8025e+00 -7.7261e+03
-4.1529e+06 4.9166e+01 -5.2025e+03 -7.8496e+03 -1.8922e+00 -7.5631e+03
-4.1164e+06 4.9494e+01 -5.1620e+03 -7.9152e+03 -1.4343e+00 -7.3994e+03
-4.0662e+06 5.0175e+01 -5.1223e+03 -7.9787e+03 -1.1743e+00 -7.2348e+03
-4.0160e+06 5.1191e+01 -5.0835e+03 -8.0403e+03 -9.5516e-01 -7.0695e+03
-3.9606e+06 5.2225e+01 -5.0456e+03 -8.1001e+03 5.8647e-02 -6.9035e+03
-3.9302e+06 5.2926e+01 -5.0084e+03 -8.1580e+03 8.3306e-01 -6.7367e+03
-3.9137e+06 5.3088e+01 -4.9721e+03 -8.2142e+03 7.4426e-01 -6.5687e+03
-3.9145e+06 5.2818e+01 -4.9366e+03 -8.2686e+03 1.5565e+00 -6.4008e+03
-3.9280e+06 5.2380e+01 -4.9018e+03 -8.3213e+03 -2.2734e+00 -6.2317e+03
-3.9531e+06 5.1903e+01 -4.8678e+03 -8.3724e+03 -7.3019e+00 -6.0644e+03
-3.9750e+06 5.1452e+01 -4.8345e+03 -8.4218e+03 -2.2063e+00 -5.8940e+03
-4.0305e+06 5.9861e+01 -6.4085e+03 -5.6715e+03 -8.2013e-01 -1.0909e+04
-4.0397e+06 5.9635e+01 -6.3488e+03 -5.8036e+03 1.1061e+00 -1.0771e+04
-4.0505e+06 5.9309e+01 -6.2895e+03 -5.9314e+03 1.6310e+00 -1.0630e+04
-4.0474e+06 5.8879e+01 -6.2309e+03 -6.0552e+03 -2.4798e-01 -1.0488e+04
-4.0694e+06 5.8343e+01 -6.1729e+03 -6.1749e+03 -1.0764e+00 -1.0345e+04
-4.0721e+06 5.7747e+01 -6.1157e+03 -6.2909e+03 -1.7244e+00 -1.0200e+04
-4.0896e+06 5.7154e+01 -6.0592e+03 -6.4033e+03 -1.8740e+00 -1.0054e+04
-4.0866e+06 5.6590e+01 -6.0036e+03 -6.5121e+03 -1.3629e+00 -9.9066e+03
-4.1035e+06 5.6049e+01 -5.9488e+03 -6.6175e+03 -1.6209e+00 -9.7581e+03
-4.1097e+06 5.5523e+01 -5.8950e+03 -6.7197e+03 -1.5017e+00 -9.6083e+03
-4.1299e+06 5.5019e+01 -5.8420e+03 -6.8187e+03 -1.1910e+00 -9.4573e+03
-4.1384e+06 5.4543e+01 -5.7900e+03 -6.9147e+03 -9.1304e-01 -9.3051e+03
-4.1608e+06 5.4093e+01 -5.7390e+03 -7.0078e+03 -7.2126e-01 -9.1518e+03
-4.1753e+06 5.3672e+01 -5.6889e+03 -7.0980e+03 -2.2083e-01 -8.9973e+03
-4.2025e+06 5.3130e+01 -5.6397e+03 -7.1856e+03 5.8687e-01 -8.8417e+03
-4.2269e+06 5.2223e+01 -5.5915e+03 -7.2705e+03 7.2191e-01 -8.6849e+03
-4.2578e+06 5.1124e+01 -5.5443e+03 -7.3529e+03 -3.4461e-01 -8.5271e+03
-4.2658e+06 5.0283e+01 -5.4980e+03 -7.4328e+03 -1.4342e+00 -8.3683e+03
-4.2624e+06 4.9678e+01 -5.4526e+03 -7.5104e+03 -2.2091e+00 -8.2085e+03
-4.2444e+06 4.9123e+01 -5.4082e+03 -7.5856e+03 -3.2566e+00 -8.0478e+03
-4.2249e+06 4.8805e+01 -5.3647e+03 -7.6586e+03 -3.8803e+00 -7.8862e+03
-4.1921e+06 4.8770e+01 -5.3220e+03 -7.7295e+03 -3.7444e+00 -7.7236e+03
-4.1594e+06 4.8900e+01 -5.2803e+03 -7.7982e+03 -3.1867e+00 -7.5602e+03
-4.1152e+06 4.9432e+01 -5.2394e+03 -7.8649e+03 -2.3214e+00 -7.3959e+03
-4.0575e+06 5.0544e+01 -5.1994e+03 -7.9295e+03 -1.2593e+00 -7.2308e+03
-3.9907e+06 5.1884e+01 -5.1603e+03 -7.9923e+03 -6.3748e-01 -7.0649e+03
-3.9333e+06 5.3032e+01 -5.1219e+03 -8.0531e+03 1.8028e-01 -6.8983e+03
-3.8927e+06 5.3748e+01 -5.0844e+03 -8.1121e+03 1.1666e+00 -6.7308e+03
-3.8744e+06 5.3863e+01 -5.0476e+03 -8.1692e+03 1.3118e+00 -6.5621e+03
-3.8661e+06 5.3531e+01 -5.0117e+03 -8.2246e+03 1.9685e+00 -6.3936e+03
-3.8773e+06 5.3074e+01 -4.9764e+03 -8.2783e+03 -1.3208e+00 -6.2242e+03
-3.8943e+06 5.2610e+01 -4.9419e+03 -8.3303e+03 -6.1562e+00 -6.0564e+03
-3.9158e+06 5.2175e+01 -4.9082e+03 -8.3806e+03 -1.3248e+00 -5.8850e+03
-4.0000e+06 6.0158e+01 -6.4736e+03 -5.5937e+03 -1.0190e+00 -1.0915e+04
-4.0349e+06 5.9977e+01 -6.4155e+03 -5.7267e+03 1.6417e+00 -1.0776e+04
-4.0190e+06 5.9791e+01 -6.3577e+03 -5.8556e+03 2.2253e+00 -1.0634e+04
-4.0370e+06 5.9550e+01 -6.3003e+03 -5.9804e+03 -3.5446e-01 -1.0492e+04
-4.0311e+06 5.9201e+01 -6.2435e+03 -6.1014e+03 -4.8180e-01 -1.0348e+04
-4.0471e+06 5.8717e+01 -6.1873e+03 -6.2185e+03 -3.3915e-01 -1.0203e+04
-4.0457e+06 5.8156e+01 -6.1318e+03 -6.3321e+03 -4.9074e-01 -1.0056e+04
-4.0639e+06 5.7588e+01 -6.0769e+03 -6.4422e+03 -5.4698e-01 -9.9088e+03
-4.0648e+06 5.7024e+01 -6.0228e+03 -6.5489e+03 -9.3439e-01 -9.7599e+03
-4.0847e+06 5.6460e+01 -5.9696e+03 -6.6524e+03 -7.8839e-01 -9.6097e+03
-4.0903e+06 5.5913e+01 -5.9171e+03 -6.7527e+03 -5.3472e-01 -9.4582e+03
-4.1138e+06 5.5401e+01 -5.8655e+03 -6.8501e+03 -4.5918e-01 -9.3056e+03
-4.1235e+06 5.4911e+01 -5.8148e+03 -6.9445e+03 -6.2911e-01 -9.1518e+03
-4.1496e+06 5.4435e+01 -5.7649e+03 -7.0360e+03 -9.8334e-01 -8.9968e+03
-4.1632e+06 5.3992e+01 -5.7159e+03 -7.1249e+03 -1.1854e+00 -8.8408e+03
-4.1871e+06 5.3499e+01 -5.6678e+03 -7.2111e+03 -7.0747e-01 -8.6837e+03
-4.1958e+06 5.2839e+01 -5.6206e+03 -7.2948e+03 -4.8728e-01 -8.5253e+03
-4.2060e+06 5.2149e+01 -5.5743e+03 -7.3759e+03 -4.7655e-01 -8.3659e+03
-4.1949e+06 5.1463e+01 -5.5289e+03 -7.4547e+03 -1.7168e-01 -8.2056e+03
-4.1947e+06 5.0598e+01 -5.4844e+03 -7.5312e+03 -6.7313e-01 -8.0443e+03
-4.1837e+06 4.9741e+01 -5.4407e+03 -7.6054e+03 -2.1628e+00 -7.8821e+03
-4.1750e+06 4.9214e+01 -5.3979e+03 -7.6774e+03 -3.6073e+00 -7.7190e+03
-4.1445e+06 4.9204e+01 -5.3560e+03 -7.7472e+03 -4.0845e+00 -7.5551e+03
-4.0987e+06 4.9964e+01 -5.3149e+03 -7.8150e+03 -3.0780e+00 -7.3903e+03
-4.0248e+06 5.1415e+01 -5.2746e+03 -7.8808e+03 -8.8585e-01 -7.2248e+03
-3.9557e+06 5.2972e+01 -5.2351e+03 -7.9445e+03 4.4296e-01 -7.0585e+03
-3.8925e+06 5.4136e+01 -5.1964e+03 -8.0064e+03 1.1268e+00 -6.8913e+03
-3.8587e+06 5.4690e+01 -5.1585e+03 -8.0664e+03 1.3367e+00 -6.7231e+03
-3.8377e+06 5.4631e+01 -5.1214e+03 -8.1245e+03 6.7835e-01 -6.5539e+03
-3.8279e+06 5.4234e+01 -5.0850e+03 -8.1809e+03 2.0770e+00 -6.3853e+03
-3.8301e+06 5.3784e+01 -5.0494e+03 -8.2354e+03 -5.4410e-01 -6.2156e+03
-3.8463e+06 5.3356e+01 -5.0145e+03 -8.2883e+03 -5.8849e+00 -6.0473e+03
-3.8567e+06 5.2953e+01 -4.9803e+03 -8.3395e+03 -6.9899e-01 -5.8752e+03
-3.9972e+06 6.0558e+01 -6.5348e+03 -5.5191e+03 -1.2573e+00 -1.0917e+04
-4.0051e+06 6.0276e+01 -6.4783e+03 -5.6529e+03 2.3073e+00 -1.0779e+04
-4.0089e+06 6.0088e+01 -6.4220e+03 -5.7825e+03 2.5622e+00 -1.0639e+04
-4.0011e+06 5.9921e+01 -6.3660e+03 -5.9083e+03 5.6641e-02 -1.0495e+04
-4.0165e+06 5.9726e+01 -6.3104e+03 -6.0302e+03 7.1668e-01 -1.0351e+04
-4.0080e+06 5.9442e+01 -6.2553e+03 -6.1484e+03 1.2964e+00 -1.0206e+04
-4.0221e+06 5.9041e+01 -6.2008e+03 -6.2631e+03 1.5232e+00 -1.0059e+04
-4.0188e+06 5.8559e+01 -6.1468e+03 -6.3743e+03 1.4904e+00 -9.9111e+03
-4.0355e+06 5.8020e+01 -6.0935e+03 -6.4822e+03 9.9747e-01 -9.7619e+03
-4.0414e+06 5.7433e+01 -6.0409e+03 -6.5868e+03 1.0040e+00 -9.6114e+03
-4.0624e+06 5.6846e+01 -5.9890e+03 -6.6883e+03 8.8346e-01 -9.4596e+03
-4.0720e+06 5.6296e+01 -5.9379e+03 -6.7869e+03 7.4506e-01 -9.3068e+03
-4.0928e+06 5.5777e+01 -5.8876e+03 -6.8825e+03 4.7236e-01 -9.1528e+03
-4.1056e+06 5.5277e+01 -5.8380e+03 -6.9753e+03 2.2177e-01 -8.9975e+03
-4.1268e+06 5.4799e+01 -5.7893e+03 -7.0653e+03 -1.8783e-01 -8.8412e+03
-4.1380e+06 5.4338e+01 -5.7414e+03 -7.1527e+03 -5.1126e-01 -8.6838e+03
-4.1511e+06 5.3869e+01 -5.6944e+03 -7.2376e+03 -6.6405e-01 -8.5253e+03
-4.1492e+06 5.3396e+01 -5.6482e+03 -7.3199e+03 -5.1715e-01 -8.3657e+03
-4.1447e+06 5.2872e+01 -5.6028e+03 -7.3999e+03 2.3953e-01 -8.2049e+03
-4.1307e+06 5.2140e+01 -5.5582e+03 -7.4775e+03 7.6147e-01 -8.0432e+03
-4.1274e+06 5.1210e+01 -5.5145e+03 -7.5528e+03 -6.8904e-02 -7.8804e+03
-4.1184e+06 5.0437e+01 -5.4716e+03 -7.6259e+03 -2.0536e+00 -7.7167e+03
-4.0986e+06 5.0348e+01 -5.4295e+03 -7.6968e+03 -3.6456e+00 -7.5522e+03
-4.0489e+06 5.1238e+01 -5.3882e+03 -7.7657e+03 -3.2645e+00 -7.3867e+03
-3.9786e+06 5.2822e+01 -5.3477e+03 -7.8325e+03 -8.5812e-01 -7.2202e+03
-3.9034e+06 5.4442e+01 -5.3080e+03 -7.8972e+03 1.5732e+00 -7.0527e+03
-3.8451e+06 5.5473e+01 -5.2691e+03 -7.9601e+03 3.4133e+00 -6.8848e+03
-3.8138e+06 5.5689e+01 -5.2309e+03 -8.0210e+03 2.8958e+00 -6.7164e+03
-3.7987e+06 5.5392e+01 -5.1935e+03 -8.0801e+03 7.4748e-01 -6.5473e+03
-3.7859e+06 5.4953e+01 -5.1568e+03 -8.1373e+03 2.9713e+00 -6.3784e+03
-3.7916e+06 5.4510e+01 -5.1208e+03 -8.1928e+03 6.0829e-01 -6.2090e+03
-3.7978e+06 5.4087e+01 -5.0855e+03 -8.2465e+03 -6.3689e+00 -6.0391e+03
-3.8057e+06 5.3678e+01 -5.0509e+03 -8.2986e+03 -3.3192e-01 -5.8631e+03
-3.9537e+06 6.1318e+01 -6.5923e+03 -5.4477e+03 -1.7125e+00 -1.0926e+04
-3.9930e+06 6.0796e+01 -6.5375e+03 -5.5820e+03 -1.0228e+00 -1.0782e+04
-3.9832e+06 6.0440e+01 -6.4827e+03 -5.7123e+03 4.9057e-01 -1.0635e+04
-4.0017e+06 6.0200e+01 -6.4282e+03 -5.8387e+03 -1.5444e+00 -1.0493e+04
-3.9935e+06 6.0027e+01 -6.3739e+03 -5.9615e+03 -6.5768e-01 -1.0349e+04
-4.0032e+06 5.9858e+01 -6.3199e+03 -6.0806e+03 3.1021e-01 -1.0203e+04
-3.9959e+06 5.9630e+01 -6.2664e+03 -6.1962e+03 5.4552e-01 -1.0056e+04
-4.0066e+06 5.9321e+01 -6.2134e+03 -6.3084e+03 7.9680e-01 -9.9071e+03
-4.0043e+06 5.8917e+01 -6.1609e+03 -6.4173e+03 6.6315e-01 -9.7573e+03
-4.0220e+06 5.8401e+01 -6.1091e+03 -6.5230e+03 7.0046e-01 -9.6063e+03
-4.0325e+06 5.7815e+01 -6.0579e+03 -6.6256e+03 2.1172e-01 -9.4541e+03
-4.0545e+06 5.7235e+01 -6.0073e+03 -6.7252e+03 3.9886e-02 -9.3008e+03
-4.0603e+06 5.6684e+01 -5.9575e+03 -6.8219e+03 1.9459e-01 -9.1461e+03
-4.0792e+06 5.6155e+01 -5.9084e+03 -6.9158e+03 3.2025e-01 -8.9903e+03
-4.0899e+06 5.5650e+01 -5.8600e+03 -7.0070e+03 3.1759e-01 -8.8334e+03
-4.1088e+06 5.5165e+01 -5.8124e+03 -7.0955e+03 1.1119e-01 -8.6753e+03
-4.1130e+06 5.4696e+01 -5.7656e+03 -7.1814e+03 -9.9987e-02 -8.5162e+03
-4.1172e+06 5.4244e+01 -5.7195e+03 -7.2649e+03 -1.9670e-01 -8.3561e+03
-4.1042e+06 5.3790e+01 -5.6742e+03 -7.3459e+03 1.3483e-01 -8.1951e+03
-4.0961e+06 5.3258e+01 -5.6297e+03 -7.4246e+03 7.4888e-01 -8.0329e+03
-4.0779e+06 5.2630e+01 -5.5860e+03 -7.5010e+03 9.5076e-01 -7.8697e+03
-4.0659e+06 5.2130e+01 -5.5431e+03 -7.5751e+03 8.7761e-02 -7.7055e+03
-4.0345e+06 5.2191e+01 -5.5009e+03 -7.6471e+03 -1.3799e+00 -7.5403e+03
-3.9872e+06 5.3093e+01 -5.4595e+03 -7.7169e+03 -1.9012e+00 -7.3741e+03
-3.9158e+06 5.4625e+01 -5.4189e+03 -7.7847e+03 -5.7574e-01 -7.2069e+03
-3.8522e+06 5.6112e+01 -5.3790e+03 -7.8504e+03 1.5992e+00 -7.0391e+03
-3.8018e+06 5.6819e+01 -5.3399e+03 -7.9142e+03 3.5369e+00 -6.8711e+03
-3.7830e+06 5.6671e+01 -5.3015e+03 -7.9761e+03 2.8066e+00 -6.7025e+03
-3.7712e+06 5.6191e+01 -5.2638e+03 -8.0360e+03 9.5267e-01 -6.5330e+03
-3.7608e+06 5.5709e+01 -5.2268e+03 -8.0941e+03 2.6198e+00 -6.3626e+03
-3.7583e+06 5.5249e+01 -5.1905e+03 -8.1505e+03 1.1783e+00 -6.1895e+03
-3.7597e+06 5.4810e+01 -5.1549e+03 -8.2050e+03 -2.0979e+00 -6.0240e+03
-3.7598e+06 5.4382e+01 -5.1200e+03 -8.2578e+03 1.3090e+00 -5.8582e+03
-3.9462e+06 6.2466e+01 -6.6462e+03 -5.3794e+03 -1.5426e+00 -1.0932e+04
-3.9525e+06 6.1714e+01 -6.5931e+03 -5.5140e+03 -5.3599e+00 -1.0791e+04
-3.9886e+06 6.1092e+01 -6.5400e+03 -5.6448e+03 -1.8090e+00 -1.0648e+04
-3.9742e+06 6.0635e+01 -6.4869e+03 -5.7719e+03 -4.2825e+00 -1.0504e+04
-3.9956e+06 6.0344e+01 -6.4339e+03 -5.8952e+03 -4.1428e+00 -1.0360e+04
-3.9825e+06 6.0143e+01 -6.3812e+03 -6.0151e+03 -2.9843e+00 -1.0213e+04
-3.9950e+06 5.9971e+01 -6.3288e+03 -6.1315e+03 -2.9804e+00 -1.0066e+04
-3.9849e+06 5.9785e+01 -6.2768e+03 -6.2445e+03 -2.3194e+00 -9.9169e+03
-3.9964e+06 5.9550e+01 -6.2253e+03 -6.3543e+03 -2.1774e+00 -9.7668e+03
-3.9996e+06 5.9216e+01 -6.1742e+03 -6.4609e+03 -2.0191e+00 -9.6154e+03
-4.0273e+06 5.8750e+01 -6.1238e+03 -6.5645e+03 -2.9461e+00 -9.4627e+03
-4.0346e+06 5.8203e+01 -6.0739e+03 -6.6651e+03 -3.1113e+00 -9.3087e+03
-4.0428e+06 5.7636e+01 -6.0246e+03 -6.7628e+03 -2.5565e+00 -9.1535e+03
-4.0466e+06 5.7080e+01 -5.9760e+03 -6.8577e+03 -2.0975e+00 -8.9972e+03
-4.0644e+06 5.6550e+01 -5.9280e+03 -6.9499e+03 -2.0413e+00 -8.8397e+03
-4.0737e+06 5.6037e+01 -5.8808e+03 -7.0394e+03 -2.1832e+00 -8.6810e+03
-4.0882e+06 5.5536e+01 -5.8342e+03 -7.1264e+03 -2.2031e+00 -8.5213e+03
-4.0864e+06 5.5052e+01 -5.7884e+03 -7.2109e+03 -2.0783e+00 -8.3604e+03
-4.0836e+06 5.4574e+01 -5.7433e+03 -7.2929e+03 -2.0270e+00 -8.1985e+03
-4.0650e+06 5.4093e+01 -5.6989e+03 -7.3726e+03 -2.0545e+00 -8.0357e+03
-4.0503e+06 5.3714e+01 -5.6553e+03 -7.4499e+03 -1.9804e+00 -7.8720e+03
-4.0187e+06 5.3662e+01 -5.6124e+03 -7.5250e+03 -1.7301e+00 -7.7075e+03
-3.9790e+06 5.4136e+01 -5.5702e+03 -7.5980e+03 -1.7134e+00 -7.5421e+03
-3.9195e+06 5.5212e+01 -5.5288e+03 -7.6688e+03 -1.4773e+00 -7.3757e+03
-3.8575e+06 5.6649e+01 -5.4881e+03 -7.7375e+03 -1.4046e-01 -7.2085e+03
-3.8046e+06 5.7744e+01 -5.4481e+03 -7.8041e+03 3.7829e-01 -7.0406e+03
-3.7785e+06 5.7963e+01 -5.4088e+03 -7.8688e+03 2.4399e-01 -6.8718e+03
-3.7661e+06 5.7553e+01 -5.3702e+03 -7.9315e+03 -5.8567e-01 -6.7023e+03
-3.7547e+06 5.7009e+01 -5.3323e+03 -7.9923e+03 -9.1426e-01 -6.5323e+03
-3.7422e+06 5.6498e+01 -5.2951e+03 -8.0513e+03 -4.8014e-01 -6.3617e+03
-3.7261e+06 5.6013e+01 -5.2586e+03 -8.1084e+03 -9.9310e-01 -6.1899e+03
-3.7369e+06 5.5553e+01 -5.2228e+03 -8.1638e+03 1.6148e+00 -6.0181e+03
-3.7288e+06 5.5105e+01 -5.1876e+03 -8.2174e+03 1.1545e+00 -5.8469e+03
