  1    1089
-3.6417e+06 6.0962e+01 -3.8908e+03 -7.9923e+03 -8.7813e-01 9.7910e+03
-3.6340e+06 6.1284e+01 -3.8473e+03 -7.9710e+03 -1.6832e+00 9.9278e+03
-3.6518e+06 6.1573e+01 -3.8036e+03 -7.9490e+03 1.4795e+00 1.0068e+04
-3.6482e+06 6.1844e+01 -3.7595e+03 -7.9262e+03 -5.0481e-02 1.0203e+04
-3.6623e+06 6.2154e+01 -3.7151e+03 -7.9028e+03 -1.0261e+00 1.0341e+04
-3.6393e+06 6.3052e+01 -3.6704e+03 -7.8786e+03 -2.9073e+00 1.0477e+04
-3.6056e+06 6.5206e+01 -3.6254e+03 -7.8537e+03 -2.4797e+00 1.0614e+04
-3.5253e+06 6.8080e+01 -3.5801e+03 -7.8281e+03 2.3489e+00 1.0750e+04
-3.4696e+06 7.0349e+01 -3.5345e+03 -7.8018e+03 3.7154e-01 1.0885e+04
-3.4290e+06 7.1723e+01 -3.4886e+03 -7.7747e+03 -7.0550e+00 1.1021e+04
-3.4190e+06 7.2845e+01 -3.4424e+03 -7.7470e+03 -7.5549e+00 1.1158e+04
-3.4130e+06 7.3831e+01 -3.3960e+03 -7.7186e+03 -4.2555e+00 1.1293e+04
-3.4182e+06 7.4380e+01 -3.3493e+03 -7.6894e+03 -3.4329e+00 1.1427e+04
-3.4058e+06 7.4795e+01 -3.3023e+03 -7.6596e+03 -2.5673e+00 1.1560e+04
-3.3793e+06 7.5523e+01 -3.2551e+03 -7.6291e+03 -3.7819e+00 1.1692e+04
-3.3566e+06 7.6239e+01 -3.2076e+03 -7.5979e+03 -8.0578e+00 1.1825e+04
-3.3222e+06 7.6693e+01 -3.1599e+03 -7.5660e+03 -1.1803e+01 1.1959e+04
-3.3236e+06 7.7379e+01 -3.1119e+03 -7.5335e+03 -1.2806e+01 1.2091e+04
-3.3074e+06 7.8441e+01 -3.0637e+03 -7.5004e+03 -1.2336e+01 1.2222e+04
-3.3578e+06 7.9400e+01 -3.0153e+03 -7.4665e+03 -9.9371e+00 1.2353e+04
-3.3368e+06 8.0086e+01 -2.9666e+03 -7.4321e+03 -5.2178e+00 1.2483e+04
-3.4115e+06 8.0714e+01 -2.9178e+03 -7.3970e+03 -1.1594e+00 1.2612e+04
-3.3901e+06 8.1353e+01 -2.8687e+03 -7.3613e+03 -1.1242e-01 1.2739e+04
-3.4462e+06 8.1919e+01 -2.8195e+03 -7.3250e+03 2.1587e+00 1.2867e+04
-3.3717e+06 8.2429e+01 -2.7700e+03 -7.2882e+03 2.4348e+00 1.2993e+04
-3.5307e+06 8.2894e+01 -2.7204e+03 -7.2507e+03 -4.7901e-01 1.3119e+04
-3.4800e+06 8.3947e+01 -2.6706e+03 -7.2127e+03 -1.3415e+01 1.3236e+04
-3.4717e+06 8.8287e+01 -2.6206e+03 -7.1741e+03 -1.1634e+00 1.3368e+04
-3.1338e+06 9.8759e+01 -2.5704e+03 -7.1350e+03 -7.6626e+00 1.3444e+04
-3.0830e+06 1.1333e+02 -2.5201e+03 -7.0954e+03 -9.8812e+01 1.3402e+04
-2.7427e+06 1.2557e+02 -2.4697e+03 -7.0553e+03 -9.3485e+01 1.3525e+04
-2.3183e+06 1.3228e+02 -2.4191e+03 -7.0148e+03 -2.9769e+02 1.3708e+04
-3.5981e+06 1.3591e+02 -2.3684e+03 -6.9737e+03 -1.0071e+03 1.3925e+04
-3.6494e+06 6.1837e+01 -3.9347e+03 -7.9590e+03 -2.9398e+00 9.8288e+03
-3.6683e+06 6.2178e+01 -3.8915e+03 -7.9374e+03 -1.3863e+00 9.9677e+03
-3.6680e+06 6.2491e+01 -3.8480e+03 -7.9151e+03 3.5320e+00 1.0100e+04
-3.6720e+06 6.2797e+01 -3.8042e+03 -7.8921e+03 1.9722e+00 1.0237e+04
-3.6762e+06 6.3070e+01 -3.7601e+03 -7.8684e+03 8.0301e-01 1.0375e+04
-3.6774e+06 6.3534e+01 -3.7156e+03 -7.8440e+03 -2.8370e-01 1.0512e+04
-3.6465e+06 6.4802e+01 -3.6709e+03 -7.8189e+03 -1.2066e+00 1.0649e+04
-3.5920e+06 6.7184e+01 -3.6258e+03 -7.7930e+03 -2.8468e-01 1.0785e+04
-3.5132e+06 7.0138e+01 -3.5805e+03 -7.7664e+03 -2.8335e+00 1.0919e+04
-3.4505e+06 7.2836e+01 -3.5349e+03 -7.7391e+03 -7.0980e+00 1.1056e+04
-3.3990e+06 7.4913e+01 -3.4890e+03 -7.7111e+03 -5.8280e+00 1.1196e+04
-3.3870e+06 7.6268e+01 -3.4428e+03 -7.6824e+03 -1.5279e+00 1.1332e+04
-3.3906e+06 7.6891e+01 -3.3963e+03 -7.6530e+03 -6.2248e-02 1.1467e+04
-3.3895e+06 7.7216e+01 -3.3496e+03 -7.6230e+03 4.3208e-01 1.1601e+04
-3.3699e+06 7.7746e+01 -3.3026e+03 -7.5922e+03 -5.6813e-01 1.1734e+04
-3.3345e+06 7.8324e+01 -3.2553e+03 -7.5608e+03 -3.6389e+00 1.1867e+04
-3.3234e+06 7.8774e+01 -3.2078e+03 -7.5286e+03 -6.5273e+00 1.2000e+04
-3.2933e+06 7.9463e+01 -3.1601e+03 -7.4959e+03 -5.8362e+00 1.2131e+04
-3.3136e+06 8.0409e+01 -3.1121e+03 -7.4624e+03 -1.4072e+00 1.2262e+04
-3.2970e+06 8.1218e+01 -3.0638e+03 -7.4284e+03 1.6468e+00 1.2393e+04
-3.3815e+06 8.1884e+01 -3.0154e+03 -7.3937e+03 2.6763e+00 1.2522e+04
-3.3524e+06 8.2581e+01 -2.9667e+03 -7.3583e+03 7.1455e+00 1.2652e+04
-3.3976e+06 8.3302e+01 -2.9179e+03 -7.3224e+03 1.5648e+01 1.2779e+04
-3.3414e+06 8.3987e+01 -2.8688e+03 -7.2858e+03 1.2515e+01 1.2906e+04
-3.4843e+06 8.4624e+01 -2.8195e+03 -7.2487e+03 6.2688e+00 1.3033e+04
-3.3926e+06 8.5163e+01 -2.7700e+03 -7.2110e+03 5.2662e+00 1.3161e+04
-3.4685e+06 8.5770e+01 -2.7204e+03 -7.1728e+03 2.1141e+01 1.3282e+04
-3.2764e+06 8.8017e+01 -2.6706e+03 -7.1340e+03 4.3722e+00 1.3398e+04
-3.4536e+06 9.5647e+01 -2.6206e+03 -7.0946e+03 1.3116e+01 1.3514e+04
-3.0073e+06 1.1120e+02 -2.5704e+03 -7.0548e+03 -1.5774e+02 1.3411e+04
-3.2735e+06 1.2899e+02 -2.5201e+03 -7.0144e+03 -1.0854e+03 1.3052e+04
-3.8584e+06 1.4019e+02 -2.4697e+03 -6.9736e+03 -2.0552e+03 1.3345e+04
-1.6042e+06 1.4524e+02 -2.4191e+03 -6.9323e+03 -2.1434e+03 1.4133e+04
-3.6865e+06 6.2799e+01 -3.9783e+03 -7.9256e+03 1.0253e+00 9.8646e+03
-3.6798e+06 6.3136e+01 -3.9354e+03 -7.9038e+03 3.2233e+00 1.0012e+04
-3.6749e+06 6.3466e+01 -3.8922e+03 -7.8813e+03 3.9551e+00 1.0143e+04
-3.6775e+06 6.3807e+01 -3.8486e+03 -7.8580e+03 2.0732e+00 1.0280e+04
-3.6877e+06 6.4123e+01 -3.8048e+03 -7.8341e+03 1.4490e+00 1.0418e+04
-3.6728e+06 6.4459e+01 -3.7606e+03 -7.8094e+03 9.4366e-01 1.0555e+04
-3.6658e+06 6.5133e+01 -3.7161e+03 -7.7840e+03 1.9450e-01 1.0692e+04
-3.6221e+06 6.6638e+01 -3.6713e+03 -7.7579e+03 -3.4120e-01 1.0827e+04
-3.5698e+06 6.9268e+01 -3.6263e+03 -7.7310e+03 -2.5859e-01 1.0957e+04
-3.4825e+06 7.2689e+01 -3.5809e+03 -7.7035e+03 -3.3530e-01 1.1092e+04
-3.4205e+06 7.5939e+01 -3.5352e+03 -7.6752e+03 -2.7216e-02 1.1234e+04
-3.3741e+06 7.8117e+01 -3.4893e+03 -7.6463e+03 9.6378e-01 1.1372e+04
-3.3735e+06 7.9075e+01 -3.4431e+03 -7.6166e+03 1.0709e+00 1.1509e+04
-3.3703e+06 7.9410e+01 -3.3966e+03 -7.5863e+03 6.3406e-01 1.1643e+04
-3.3606e+06 7.9793e+01 -3.3498e+03 -7.5553e+03 -1.1276e+00 1.1777e+04
-3.3365e+06 8.0318e+01 -3.3028e+03 -7.5236e+03 -5.3610e+00 1.1911e+04
-3.3073e+06 8.0860e+01 -3.2555e+03 -7.4912e+03 -9.0912e+00 1.2044e+04
-3.3053e+06 8.1608e+01 -3.2080e+03 -7.4582e+03 -9.4693e+00 1.2177e+04
-3.2876e+06 8.2496e+01 -3.1602e+03 -7.4245e+03 -8.7824e+00 1.2308e+04
-3.3356e+06 8.3244e+01 -3.1122e+03 -7.3902e+03 -3.8418e+00 1.2440e+04
-3.2897e+06 8.3948e+01 -3.0640e+03 -7.3552e+03 7.6368e+00 1.2570e+04
-3.3850e+06 8.4697e+01 -3.0155e+03 -7.3196e+03 6.5921e+00 1.2698e+04
-3.3824e+06 8.5459e+01 -2.9668e+03 -7.2834e+03 -2.6933e+00 1.2827e+04
-3.4684e+06 8.6289e+01 -2.9179e+03 -7.2466e+03 -4.0869e+00 1.2956e+04
-3.3004e+06 8.7104e+01 -2.8688e+03 -7.2092e+03 7.2521e+00 1.3083e+04
-3.4721e+06 8.7722e+01 -2.8195e+03 -7.1713e+03 -1.8729e+00 1.3206e+04
-3.3757e+06 8.8424e+01 -2.7701e+03 -7.1328e+03 -2.2327e+01 1.3332e+04
-3.5872e+06 9.0649e+01 -2.7204e+03 -7.0937e+03 -1.3002e+01 1.3455e+04
-2.9572e+06 9.8169e+01 -2.6706e+03 -7.0542e+03 1.6644e+01 1.3582e+04
-3.2813e+06 1.1525e+02 -2.6206e+03 -7.0141e+03 -4.3177e+02 1.3368e+04
-2.0615e+06 1.3677e+02 -2.5704e+03 -6.9735e+03 -1.4836e+03 1.2879e+04
-1.5617e+06 1.5087e+02 -2.5201e+03 -6.9324e+03 -4.9843e+03 1.3069e+04
-4.1328e+06 1.5538e+02 -2.4697e+03 -6.8909e+03 -9.3559e+03 1.4208e+04
-3.6842e+06 6.3803e+01 -4.0216e+03 -7.8923e+03 -1.0647e+00 9.9027e+03
-3.6960e+06 6.4128e+01 -3.9790e+03 -7.8702e+03 6.9714e-01 1.0049e+04
-3.6855e+06 6.4464e+01 -3.9360e+03 -7.8474e+03 9.1205e-01 1.0181e+04
-3.6862e+06 6.4841e+01 -3.8928e+03 -7.8239e+03 -1.6133e+00 1.0318e+04
-3.6809e+06 6.5218e+01 -3.8492e+03 -7.7997e+03 -1.5586e+00 1.0456e+04
-3.6861e+06 6.5564e+01 -3.8053e+03 -7.7747e+03 -1.9087e+00 1.0594e+04
-3.6683e+06 6.6026e+01 -3.7611e+03 -7.7491e+03 -2.2339e+00 1.0731e+04
-3.6512e+06 6.6926e+01 -3.7166e+03 -7.7227e+03 -2.1626e+00 1.0868e+04
-3.5959e+06 6.8806e+01 -3.6718e+03 -7.6956e+03 -1.2009e+00 1.0999e+04
-3.5336e+06 7.2049e+01 -3.6267e+03 -7.6678e+03 1.1954e+00 1.1131e+04
-3.4358e+06 7.6008e+01 -3.5812e+03 -7.6393e+03 1.3320e+00 1.1272e+04
-3.3821e+06 7.9223e+01 -3.5356e+03 -7.6101e+03 7.1619e-01 1.1412e+04
-3.3546e+06 8.0853e+01 -3.4896e+03 -7.5802e+03 1.6542e+00 1.1548e+04
-3.3623e+06 8.1383e+01 -3.4433e+03 -7.5496e+03 2.2315e+00 1.1684e+04
-3.3415e+06 8.1797e+01 -3.3968e+03 -7.5183e+03 4.0213e-02 1.1818e+04
-3.3202e+06 8.2439e+01 -3.3500e+03 -7.4864e+03 -3.1050e+00 1.1952e+04
-3.2978e+06 8.3135e+01 -3.3030e+03 -7.4537e+03 -4.0811e+00 1.2085e+04
-3.2679e+06 8.3907e+01 -3.2557e+03 -7.4204e+03 -3.2412e+00 1.2218e+04
-3.2681e+06 8.4684e+01 -3.2081e+03 -7.3865e+03 2.2728e+00 1.2349e+04
-3.2671e+06 8.5346e+01 -3.1603e+03 -7.3519e+03 3.7925e+00 1.2480e+04
-3.3978e+06 8.6080e+01 -3.1123e+03 -7.3167e+03 -9.5543e-01 1.2610e+04
-3.3781e+06 8.6886e+01 -3.0640e+03 -7.2809e+03 -6.1525e-01 1.2741e+04
-3.3770e+06 8.7775e+01 -3.0156e+03 -7.2444e+03 1.1776e+01 1.2869e+04
-3.3246e+06 8.8964e+01 -2.9669e+03 -7.2074e+03 -2.3051e+00 1.2996e+04
-3.4922e+06 9.0170e+01 -2.9180e+03 -7.1698e+03 -1.3968e+01 1.3121e+04
-3.3601e+06 9.0995e+01 -2.8689e+03 -7.1316e+03 -1.9672e+01 1.3254e+04
-3.3657e+06 9.2099e+01 -2.8196e+03 -7.0928e+03 3.4493e+01 1.3373e+04
-3.1668e+06 9.5180e+01 -2.7701e+03 -7.0535e+03 -1.9436e+01 1.3500e+04
-3.5866e+06 1.0316e+02 -2.7204e+03 -7.0137e+03 -8.3015e+00 1.3562e+04
-3.0686e+06 1.2039e+02 -2.6706e+03 -6.9733e+03 -5.8031e+02 1.3250e+04
-4.0167e+06 1.4202e+02 -2.6206e+03 -6.9325e+03 -5.2889e+03 1.0562e+04
-5.2776e+06 1.5273e+02 -2.5704e+03 -6.8912e+03 -1.5869e+04 8.6878e+03
3.5682e+06 1.4735e+02 -2.5201e+03 -6.8494e+03 -6.2328e+03 1.7153e+04
-3.7012e+06 6.4819e+01 -4.0646e+03 -7.8589e+03 -1.5662e+00 9.9380e+03
-3.7021e+06 6.5114e+01 -4.0222e+03 -7.8366e+03 -1.1562e+00 1.0084e+04
-3.6990e+06 6.5434e+01 -3.9796e+03 -7.8135e+03 -3.1340e-01 1.0217e+04
-3.6928e+06 6.5848e+01 -3.9366e+03 -7.7898e+03 -1.8033e+00 1.0354e+04
-3.6985e+06 6.6321e+01 -3.8933e+03 -7.7653e+03 -1.2498e+00 1.0493e+04
-3.6813e+06 6.6740e+01 -3.8497e+03 -7.7401e+03 -1.3187e+00 1.0631e+04
-3.6878e+06 6.7144e+01 -3.8058e+03 -7.7141e+03 -2.0884e+00 1.0768e+04
-3.6616e+06 6.7779e+01 -3.7615e+03 -7.6875e+03 -2.9556e+00 1.0905e+04
-3.6373e+06 6.9144e+01 -3.7170e+03 -7.6602e+03 -2.2921e+00 1.1038e+04
-3.5585e+06 7.1867e+01 -3.6721e+03 -7.6321e+03 -6.4597e-01 1.1172e+04
-3.4849e+06 7.5816e+01 -3.6270e+03 -7.6033e+03 -2.1446e+00 1.1310e+04
-3.3912e+06 7.9695e+01 -3.5816e+03 -7.5739e+03 -2.9000e+00 1.1449e+04
-3.3646e+06 8.2196e+01 -3.5358e+03 -7.5437e+03 1.0403e+00 1.1587e+04
-3.3428e+06 8.3307e+01 -3.4898e+03 -7.5129e+03 2.4642e+00 1.1723e+04
-3.3451e+06 8.3996e+01 -3.4436e+03 -7.4813e+03 1.4755e+00 1.1858e+04
-3.3079e+06 8.4795e+01 -3.3970e+03 -7.4491e+03 1.2501e+00 1.1992e+04
-3.2924e+06 8.5558e+01 -3.3502e+03 -7.4162e+03 1.6314e+00 1.2125e+04
-3.2885e+06 8.6272e+01 -3.3031e+03 -7.3827e+03 -3.2638e+00 1.2258e+04
-3.2770e+06 8.6990e+01 -3.2558e+03 -7.3485e+03 -3.1105e+00 1.2390e+04
-3.3462e+06 8.7663e+01 -3.2082e+03 -7.3137e+03 -6.1843e-01 1.2523e+04
-3.2550e+06 8.8405e+01 -3.1604e+03 -7.2782e+03 2.1924e+01 1.2653e+04
-3.3674e+06 8.9308e+01 -3.1124e+03 -7.2421e+03 -1.8335e-01 1.2781e+04
-3.3735e+06 9.0687e+01 -3.0641e+03 -7.2054e+03 -5.5823e+00 1.2909e+04
-3.4707e+06 9.2757e+01 -3.0156e+03 -7.1681e+03 -2.3874e+01 1.3044e+04
-3.1017e+06 9.4718e+01 -2.9669e+03 -7.1303e+03 4.4759e+01 1.3166e+04
-3.4767e+06 9.6061e+01 -2.9180e+03 -7.0918e+03 -3.0605e+01 1.3292e+04
-3.1615e+06 9.7981e+01 -2.8689e+03 -7.0528e+03 8.9367e+00 1.3399e+04
-3.8626e+06 1.0197e+02 -2.8196e+03 -7.0133e+03 -1.1123e+02 1.3569e+04
-2.2061e+06 1.0870e+02 -2.7701e+03 -6.9732e+03 2.0270e+02 1.3658e+04
-4.1652e+06 1.2100e+02 -2.7204e+03 -6.9326e+03 -6.7222e+02 1.3314e+04
1.7499e+06 1.3365e+02 -2.6706e+03 -6.8916e+03 1.6100e+03 7.9385e+03
7.6091e+06 1.2925e+02 -2.6205e+03 -6.8500e+03 6.5278e+04 2.0689e+04
6.5584e+06 1.0994e+02 -2.5704e+03 -6.8080e+03 2.0695e+05 1.4093e+04
-3.6865e+06 6.5894e+01 -4.1073e+03 -7.8255e+03 -1.2585e+00 9.9732e+03
-3.7009e+06 6.6119e+01 -4.0652e+03 -7.8029e+03 -1.2515e+00 1.0120e+04
-3.6892e+06 6.6412e+01 -4.0229e+03 -7.7796e+03 -1.5083e-01 1.0253e+04
-3.6897e+06 6.6858e+01 -3.9802e+03 -7.7556e+03 -1.2008e+00 1.0390e+04
-3.6799e+06 6.7423e+01 -3.9372e+03 -7.7309e+03 -1.1836e+00 1.0529e+04
-3.6879e+06 6.7943e+01 -3.8938e+03 -7.7054e+03 -2.0107e+00 1.0667e+04
-3.6723e+06 6.8347e+01 -3.8502e+03 -7.6792e+03 -3.1986e+00 1.0805e+04
-3.6741e+06 6.8809e+01 -3.8062e+03 -7.6523e+03 -3.7983e+00 1.0942e+04
-3.6374e+06 6.9811e+01 -3.7619e+03 -7.6247e+03 -2.9616e+00 1.1076e+04
-3.6034e+06 7.2050e+01 -3.7174e+03 -7.5964e+03 -1.5436e+00 1.1211e+04
-3.5009e+06 7.5729e+01 -3.6725e+03 -7.5674e+03 -2.2342e+00 1.1348e+04
-3.4313e+06 7.9934e+01 -3.6273e+03 -7.5377e+03 -2.7273e+00 1.1487e+04
-3.3537e+06 8.3301e+01 -3.5818e+03 -7.5073e+03 2.6118e-01 1.1625e+04
-3.3500e+06 8.5334e+01 -3.5361e+03 -7.4762e+03 2.7569e+00 1.1761e+04
-3.3160e+06 8.6558e+01 -3.4901e+03 -7.4444e+03 2.9580e+00 1.1897e+04
-3.3309e+06 8.7465e+01 -3.4438e+03 -7.4119e+03 1.4634e+00 1.2030e+04
-3.3058e+06 8.8149e+01 -3.3972e+03 -7.3788e+03 -5.1651e-01 1.2164e+04
-3.2993e+06 8.8899e+01 -3.3503e+03 -7.3450e+03 -1.6339e+00 1.2297e+04
-3.2360e+06 9.0054e+01 -3.3033e+03 -7.3105e+03 1.2983e+01 1.2431e+04
-3.2563e+06 9.1301e+01 -3.2559e+03 -7.2754e+03 5.0729e+00 1.2560e+04
-3.3882e+06 9.2173e+01 -3.2083e+03 -7.2397e+03 -1.1429e+01 1.2691e+04
-3.4191e+06 9.3178e+01 -3.1605e+03 -7.2034e+03 -1.5174e+01 1.2824e+04
-3.1738e+06 9.5451e+01 -3.1124e+03 -7.1664e+03 3.4445e+01 1.2957e+04
-3.2787e+06 9.8847e+01 -3.0641e+03 -7.1289e+03 -1.2378e+01 1.3068e+04
-3.3158e+06 1.0166e+02 -3.0156e+03 -7.0908e+03 -3.6164e+01 1.3205e+04
-3.4728e+06 1.0344e+02 -2.9669e+03 -7.0521e+03 -6.7098e+01 1.3356e+04
-2.7738e+06 1.0595e+02 -2.9180e+03 -7.0128e+03 1.1344e+02 1.3474e+04
-3.3488e+06 1.1018e+02 -2.8689e+03 -6.9731e+03 -1.9290e+02 1.3540e+04
-3.1244e+06 1.1515e+02 -2.8195e+03 -6.9328e+03 -1.4289e+02 1.3714e+04
-4.1723e+06 1.2133e+02 -2.7700e+03 -6.8919e+03 -9.1911e+02 1.3661e+04
-2.4641e+05 1.2185e+02 -2.7204e+03 -6.8506e+03 3.4907e+04 1.9207e+04
-1.9126e+07 1.0274e+02 -2.6705e+03 -6.8088e+03 2.3082e+05 1.0165e+05
-2.6659e+07 8.4554e+01 7.8730e+02 -5.8340e+03 4.9863e+05 8.8663e+04
-3.6893e+06 6.7043e+01 -4.1496e+03 -7.7922e+03 -1.4346e+00 1.0007e+04
-3.6897e+06 6.7232e+01 -4.1079e+03 -7.7693e+03 -1.5395e+00 1.0154e+04
-3.6869e+06 6.7554e+01 -4.0658e+03 -7.7458e+03 -6.5782e-01 1.0287e+04
-3.6824e+06 6.8057e+01 -4.0234e+03 -7.7215e+03 -2.8308e+00 1.0425e+04
-3.6888e+06 6.8651e+01 -3.9807e+03 -7.6965e+03 -3.0832e+00 1.0564e+04
-3.6713e+06 6.9192e+01 -3.9377e+03 -7.6708e+03 -3.5551e+00 1.0702e+04
-3.6813e+06 6.9595e+01 -3.8943e+03 -7.6443e+03 -4.1049e+00 1.0840e+04
-3.6636e+06 6.9949e+01 -3.8506e+03 -7.6172e+03 -4.1080e+00 1.0978e+04
-3.6627e+06 7.0631e+01 -3.8066e+03 -7.5893e+03 -3.7533e+00 1.1114e+04
-3.6058e+06 7.2322e+01 -3.7623e+03 -7.5607e+03 -1.9900e+00 1.1249e+04
-3.5609e+06 7.5548e+01 -3.7177e+03 -7.5315e+03 -2.9563e-01 1.1385e+04
-3.4481e+06 7.9933e+01 -3.6728e+03 -7.5015e+03 8.7908e-01 1.1523e+04
-3.3894e+06 8.4216e+01 -3.6276e+03 -7.4708e+03 4.0683e+00 1.1662e+04
-3.3228e+06 8.7317e+01 -3.5821e+03 -7.4395e+03 4.5452e+00 1.1799e+04
-3.3373e+06 8.9090e+01 -3.5363e+03 -7.4074e+03 1.4292e+00 1.1935e+04
-3.2894e+06 8.9993e+01 -3.4902e+03 -7.3747e+03 -3.9416e-01 1.2069e+04
-3.3093e+06 9.0662e+01 -3.4439e+03 -7.3413e+03 -1.3247e+00 1.2202e+04
-3.2867e+06 9.1863e+01 -3.3973e+03 -7.3073e+03 -5.3388e+00 1.2335e+04
-3.2948e+06 9.4202e+01 -3.3505e+03 -7.2726e+03 -1.2238e+01 1.2467e+04
-3.2870e+06 9.6964e+01 -3.3033e+03 -7.2372e+03 -7.1709e+00 1.2604e+04
-3.0912e+06 9.8589e+01 -3.2560e+03 -7.2013e+03 3.7239e+01 1.2732e+04
-3.1813e+06 9.9744e+01 -3.2084e+03 -7.1647e+03 4.7233e+00 1.2858e+04
-3.3987e+06 1.0265e+02 -3.1605e+03 -7.1275e+03 -4.1371e+01 1.2973e+04
-3.2832e+06 1.0693e+02 -3.1124e+03 -7.0897e+03 -7.3369e+01 1.3135e+04
-2.9060e+06 1.1022e+02 -3.0641e+03 -7.0513e+03 6.7134e+01 1.3268e+04
-3.1202e+06 1.1216e+02 -3.0156e+03 -7.0124e+03 -1.6093e+02 1.3354e+04
-3.4035e+06 1.1458e+02 -2.9669e+03 -6.9729e+03 -1.8908e+02 1.3491e+04
-3.6183e+06 1.1811e+02 -2.9180e+03 -6.9329e+03 -4.3991e+02 1.3675e+04
-1.8088e+06 1.2178e+02 -2.8688e+03 -6.8923e+03 4.1537e+02 1.3728e+04
-4.1667e+06 1.2568e+02 -2.8195e+03 -6.8513e+03 -1.5681e+03 1.3703e+04
3.7992e+05 1.2391e+02 -2.7700e+03 -6.8097e+03 2.9014e+04 4.8045e+04
-1.4066e+07 1.0901e+02 -1.3170e+03 -6.3863e+03 1.9793e+05 2.5395e+05
-1.0546e+07 1.0818e+02 4.5262e+03 -4.7888e+03 3.9487e+05 3.4723e+05
-3.6644e+06 6.8198e+01 -4.1917e+03 -7.7588e+03 -4.7878e-01 1.0039e+04
-3.6774e+06 6.8492e+01 -4.1503e+03 -7.7357e+03 -2.1330e+00 1.0186e+04
-3.6663e+06 6.8925e+01 -4.1085e+03 -7.7119e+03 -2.2332e+00 1.0321e+04
-3.6672e+06 6.9503e+01 -4.0664e+03 -7.6874e+03 -3.6326e+00 1.0459e+04
-3.6587e+06 7.0074e+01 -4.0240e+03 -7.6621e+03 -3.6061e+00 1.0598e+04
-3.6722e+06 7.0557e+01 -3.9812e+03 -7.6361e+03 -3.3437e+00 1.0737e+04
-3.6552e+06 7.0938e+01 -3.9381e+03 -7.6095e+03 -3.0947e+00 1.0875e+04
-3.6658e+06 7.1280e+01 -3.8947e+03 -7.5820e+03 -2.7741e+00 1.1013e+04
-3.6384e+06 7.1813e+01 -3.8510e+03 -7.5539e+03 -2.6760e+00 1.1150e+04
-3.6485e+06 7.2942e+01 -3.8070e+03 -7.5251e+03 -2.1313e+00 1.1287e+04
-3.5903e+06 7.5222e+01 -3.7626e+03 -7.4956e+03 -6.7900e-01 1.1422e+04
-3.5465e+06 7.9081e+01 -3.7180e+03 -7.4653e+03 1.9168e+00 1.1559e+04
-3.4170e+06 8.4053e+01 -3.6730e+03 -7.4344e+03 4.4027e+00 1.1698e+04
-3.3720e+06 8.8538e+01 -3.6278e+03 -7.4028e+03 5.4498e+00 1.1837e+04
-3.2771e+06 9.1142e+01 -3.5823e+03 -7.3705e+03 3.0743e+00 1.1972e+04
-3.2933e+06 9.2239e+01 -3.5365e+03 -7.3375e+03 -3.9956e+00 1.2105e+04
-3.2474e+06 9.3375e+01 -3.4904e+03 -7.3039e+03 -3.8767e+00 1.2240e+04
-3.2700e+06 9.5512e+01 -3.4440e+03 -7.2696e+03 1.5287e+00 1.2374e+04
-3.1224e+06 9.8984e+01 -3.3974e+03 -7.2346e+03 2.2916e+01 1.2509e+04
-3.1075e+06 1.0321e+02 -3.3505e+03 -7.1990e+03 -1.4806e+01 1.2626e+04
-3.3176e+06 1.0620e+02 -3.3034e+03 -7.1628e+03 -8.0105e+01 1.2761e+04
-3.3328e+06 1.0795e+02 -3.2560e+03 -7.1260e+03 -5.8973e+01 1.2930e+04
-2.7987e+06 1.1085e+02 -3.2084e+03 -7.0886e+03 5.7164e+01 1.3039e+04
-3.1034e+06 1.1500e+02 -3.1605e+03 -7.0505e+03 -1.2294e+02 1.3115e+04
-3.2807e+06 1.1838e+02 -3.1124e+03 -7.0119e+03 -2.9193e+02 1.3263e+04
-3.5662e+06 1.2059e+02 -3.0641e+03 -6.9727e+03 -3.1695e+02 1.3480e+04
-1.9497e+06 1.2277e+02 -3.0156e+03 -6.9330e+03 1.2109e+02 1.3596e+04
-3.5677e+06 1.2562e+02 -2.9669e+03 -6.8928e+03 -5.9367e+02 1.3578e+04
-3.1420e+06 1.2879e+02 -2.9179e+03 -6.8520e+03 -6.0939e+02 1.3883e+04
-5.0780e+06 1.3256e+02 -2.8688e+03 -6.8107e+03 -1.7508e+03 1.3542e+04
4.5353e+06 1.3609e+02 -2.8195e+03 -6.7689e+03 -8.1133e+02 4.2707e+04
7.7464e+06 1.3881e+02 -2.6664e+03 -6.6992e+03 3.6438e+04 2.7011e+05
2.4333e+06 1.5723e+02 2.2994e+03 -5.3537e+03 8.3842e+04 5.2159e+05
-3.6592e+06 6.9339e+01 -4.2335e+03 -7.7255e+03 -1.7098e+00 1.0071e+04
-3.6584e+06 6.9817e+01 -4.1923e+03 -7.7022e+03 -3.4448e+00 1.0216e+04
-3.6587e+06 7.0372e+01 -4.1509e+03 -7.6781e+03 -2.8324e+00 1.0354e+04
-3.6521e+06 7.0997e+01 -4.1090e+03 -7.6533e+03 -3.4233e+00 1.0492e+04
-3.6617e+06 7.1542e+01 -4.0669e+03 -7.6278e+03 -3.2102e+00 1.0632e+04
-3.6439e+06 7.1980e+01 -4.0244e+03 -7.6016e+03 -2.5346e+00 1.0770e+04
-3.6580e+06 7.2350e+01 -3.9816e+03 -7.5746e+03 -2.5590e+00 1.0909e+04
-3.6393e+06 7.2711e+01 -3.9385e+03 -7.5470e+03 -2.1290e+00 1.1047e+04
-3.6515e+06 7.3228e+01 -3.8951e+03 -7.5186e+03 -1.6384e+00 1.1185e+04
-3.6334e+06 7.3993e+01 -3.8513e+03 -7.4895e+03 -2.5920e+00 1.1323e+04
-3.6899e+06 7.5197e+01 -3.8073e+03 -7.4597e+03 -3.2032e+00 1.1459e+04
-3.6109e+06 7.7649e+01 -3.7629e+03 -7.4292e+03 7.4702e-01 1.1595e+04
-3.5207e+06 8.2170e+01 -3.7182e+03 -7.3980e+03 4.5228e+00 1.1734e+04
-3.3639e+06 8.7842e+01 -3.6732e+03 -7.3662e+03 4.6841e+00 1.1872e+04
-3.3271e+06 9.2360e+01 -3.6280e+03 -7.3336e+03 9.4733e-01 1.2007e+04
-3.1944e+06 9.5140e+01 -3.5824e+03 -7.3004e+03 -2.9096e+00 1.2141e+04
-3.2093e+06 9.7837e+01 -3.5366e+03 -7.2665e+03 -4.5301e+00 1.2274e+04
-3.1915e+06 1.0116e+02 -3.4905e+03 -7.2320e+03 -2.4445e+01 1.2407e+04
-3.2871e+06 1.0475e+02 -3.4441e+03 -7.1968e+03 -7.2953e+01 1.2541e+04
-3.2285e+06 1.0883e+02 -3.3975e+03 -7.1609e+03 -3.9525e+01 1.2696e+04
-2.7792e+06 1.1262e+02 -3.3506e+03 -7.1245e+03 6.4713e+01 1.2832e+04
-2.8881e+06 1.1535e+02 -3.3034e+03 -7.0874e+03 -2.6390e+01 1.2915e+04
-3.5102e+06 1.1830e+02 -3.2560e+03 -7.0497e+03 -2.9872e+02 1.3042e+04
-3.1638e+06 1.2196e+02 -3.2084e+03 -7.0114e+03 -2.3578e+02 1.3199e+04
-2.5375e+06 1.2529e+02 -3.1605e+03 -6.9726e+03 -4.6773e+01 1.3328e+04
-2.6413e+06 1.2796e+02 -3.1124e+03 -6.9332e+03 -3.9547e+02 1.3396e+04
-4.5012e+06 1.3052e+02 -3.0641e+03 -6.8932e+03 -1.1645e+03 1.3614e+04
-2.9818e+06 1.3345e+02 -3.0156e+03 -6.8527e+03 -8.2983e+02 1.3808e+04
-1.6296e+06 1.3703e+02 -2.9668e+03 -6.8117e+03 -8.2223e+02 1.3998e+04
-1.5836e+06 1.4044e+02 -2.9179e+03 -6.7701e+03 -2.2744e+03 1.3497e+04
-9.7788e+06 1.4429e+02 -2.8687e+03 -6.7281e+03 -5.1832e+03 1.7592e+04
-5.4485e+06 1.4986e+02 -2.7686e+03 -6.6724e+03 -1.3097e+04 1.2667e+05
4.1574e+06 1.6827e+02 -1.3270e+03 -6.2663e+03 -8.3252e+03 4.0560e+05
-3.6455e+06 7.0611e+01 -4.2749e+03 -7.6923e+03 -2.7326e+00 1.0103e+04
-3.6470e+06 7.1198e+01 -4.2341e+03 -7.6687e+03 -2.8670e+00 1.0246e+04
-3.6409e+06 7.1806e+01 -4.1929e+03 -7.6444e+03 -2.4489e+00 1.0385e+04
-3.6354e+06 7.2438e+01 -4.1514e+03 -7.6193e+03 -2.9389e+00 1.0524e+04
-3.6291e+06 7.2969e+01 -4.1095e+03 -7.5935e+03 -2.3178e+00 1.0664e+04
-3.6425e+06 7.3383e+01 -4.0674e+03 -7.5670e+03 -1.7713e+00 1.0803e+04
-3.6269e+06 7.3747e+01 -4.0248e+03 -7.5398e+03 -1.7415e+00 1.0942e+04
-3.6378e+06 7.4117e+01 -3.9820e+03 -7.5119e+03 -1.4581e+00 1.1080e+04
-3.6168e+06 7.4638e+01 -3.9389e+03 -7.4833e+03 -1.8792e+00 1.1219e+04
-3.6546e+06 7.5254e+01 -3.8954e+03 -7.4539e+03 -2.7980e+00 1.1357e+04
-3.6529e+06 7.5842e+01 -3.8516e+03 -7.4239e+03 -2.2258e+00 1.1494e+04
-3.6747e+06 7.6968e+01 -3.8075e+03 -7.3932e+03 2.1123e+00 1.1631e+04
-3.5617e+06 7.9908e+01 -3.7631e+03 -7.3617e+03 3.2699e+00 1.1769e+04
-3.4936e+06 8.5351e+01 -3.7184e+03 -7.3296e+03 2.3784e+00 1.1905e+04
-3.2847e+06 9.2252e+01 -3.6734e+03 -7.2968e+03 1.4652e+00 1.2041e+04
-3.2194e+06 9.8983e+01 -3.6281e+03 -7.2633e+03 -7.8955e+00 1.2168e+04
-3.1038e+06 1.0487e+02 -3.5826e+03 -7.2292e+03 -4.6506e+01 1.2302e+04
-3.0720e+06 1.0934e+02 -3.5367e+03 -7.1944e+03 -4.6362e+01 1.2469e+04
-2.9071e+06 1.1220e+02 -3.4906e+03 -7.1589e+03 2.0372e+01 1.2619e+04
-2.9073e+06 1.1502e+02 -3.4442e+03 -7.1229e+03 -8.3590e+01 1.2702e+04
-3.5674e+06 1.1860e+02 -3.3975e+03 -7.0862e+03 -3.4411e+02 1.2841e+04
-3.2662e+06 1.2192e+02 -3.3506e+03 -7.0488e+03 -2.1285e+02 1.3053e+04
-2.3686e+06 1.2500e+02 -3.3034e+03 -7.0109e+03 5.4095e+00 1.3114e+04
-2.7382e+06 1.2845e+02 -3.2560e+03 -6.9724e+03 -3.7790e+02 1.3128e+04
-4.1401e+06 1.3174e+02 -3.2084e+03 -6.9333e+03 -1.0780e+03 1.3351e+04
-3.2922e+06 1.3460e+02 -3.1605e+03 -6.8937e+03 -6.7495e+02 1.3576e+04
-1.1281e+06 1.3781e+02 -3.1124e+03 -6.8535e+03 -7.0722e+02 1.3600e+04
-2.0993e+06 1.4147e+02 -3.0640e+03 -6.8127e+03 -2.1662e+03 1.3475e+04
-7.0693e+06 1.4428e+02 -3.0155e+03 -6.7715e+03 -6.1222e+03 1.3262e+04
-2.0759e+06 1.4203e+02 -2.9667e+03 -6.7297e+03 -6.5198e+03 1.4385e+04
5.6388e+06 1.3249e+02 -2.9178e+03 -6.6875e+03 2.1128e+04 2.2674e+04
1.0356e+07 1.1751e+02 -2.8686e+03 -6.6447e+03 9.7380e+04 3.7611e+04
8.7619e+05 1.1922e+02 -2.7046e+03 -6.5724e+03 2.1047e+05 1.6731e+05
-3.6387e+06 7.2103e+01 -4.3160e+03 -7.6591e+03 -2.6508e+00 1.0135e+04
-3.6314e+06 7.2698e+01 -4.2755e+03 -7.6353e+03 -2.7211e+00 1.0276e+04
-3.6290e+06 7.3305e+01 -4.2346e+03 -7.6107e+03 -3.4570e+00 1.0416e+04
-3.6247e+06 7.3923e+01 -4.1934e+03 -7.5854e+03 -3.7463e+00 1.0556e+04
-3.6289e+06 7.4419e+01 -4.1518e+03 -7.5593e+03 -2.3299e+00 1.0696e+04
-3.6126e+06 7.4800e+01 -4.1100e+03 -7.5326e+03 -1.2971e+00 1.0835e+04
-3.6260e+06 7.5179e+01 -4.0678e+03 -7.5051e+03 -2.1118e+00 1.0974e+04
-3.6080e+06 7.5617e+01 -4.0252e+03 -7.4769e+03 -2.6566e+00 1.1113e+04
-3.6192e+06 7.6210e+01 -3.9823e+03 -7.4481e+03 -1.7202e+00 1.1251e+04
-3.5885e+06 7.6811e+01 -3.9392e+03 -7.4185e+03 -2.5041e+00 1.1389e+04
-3.6392e+06 7.7217e+01 -3.8957e+03 -7.3882e+03 -2.3300e+00 1.1527e+04
-3.6166e+06 7.7755e+01 -3.8518e+03 -7.3572e+03 -4.2563e-01 1.1665e+04
-3.6765e+06 7.9285e+01 -3.8077e+03 -7.3255e+03 -1.3556e+00 1.1803e+04
-3.5431e+06 8.3267e+01 -3.7633e+03 -7.2931e+03 -7.1169e+00 1.1936e+04
-3.4285e+06 9.1045e+01 -3.7186e+03 -7.2601e+03 -5.3399e+00 1.2075e+04
-3.1611e+06 1.0178e+02 -3.6735e+03 -7.2263e+03 -1.8967e+01 1.2193e+04
-3.0681e+06 1.1183e+02 -3.6282e+03 -7.1920e+03 -1.0589e+02 1.2293e+04
-3.0522e+06 1.1782e+02 -3.5826e+03 -7.1569e+03 -2.4347e+02 1.2452e+04
-3.3560e+06 1.2021e+02 -3.5368e+03 -7.1212e+03 -4.0157e+02 1.2659e+04
-3.2414e+06 1.2225e+02 -3.4906e+03 -7.0849e+03 -2.4264e+02 1.2864e+04
-2.1735e+06 1.2561e+02 -3.4442e+03 -7.0479e+03 5.9745e+01 1.2975e+04
-2.6048e+06 1.2931e+02 -3.3975e+03 -7.0104e+03 -3.3833e+02 1.2988e+04
-4.1650e+06 1.3257e+02 -3.3506e+03 -6.9722e+03 -1.1970e+03 1.3199e+04
-3.3088e+06 1.3573e+02 -3.3034e+03 -6.9335e+03 -9.5782e+02 1.3452e+04
-1.2467e+06 1.3882e+02 -3.2560e+03 -6.8941e+03 -7.8506e+02 1.3462e+04
-2.1712e+06 1.4162e+02 -3.2083e+03 -6.8543e+03 -2.2639e+03 1.3335e+04
-6.8818e+06 1.4384e+02 -3.1604e+03 -6.8138e+03 -5.9139e+03 1.3129e+04
-2.9068e+06 1.4276e+02 -3.1123e+03 -6.7728e+03 -7.8542e+03 1.3534e+04
4.9823e+06 1.3331e+02 -3.0639e+03 -6.7314e+03 1.5441e+04 1.9923e+04
6.3509e+06 1.1308e+02 -3.0154e+03 -6.6894e+03 9.4696e+04 1.9776e+04
-9.1737e+05 8.5098e+01 -2.9666e+03 -6.6469e+03 2.3200e+05 1.2322e+04
-1.2978e+07 5.8899e+01 -1.7057e+03 -6.2922e+03 4.0226e+05 3.3086e+03
-1.8287e+07 6.3185e+01 8.5011e+02 -5.6155e+03 5.4973e+05 1.7510e+04
-3.6255e+06 7.3632e+01 -4.3568e+03 -7.6260e+03 -4.5131e+00 1.0165e+04
-3.6166e+06 7.4191e+01 -4.3166e+03 -7.6019e+03 -3.3259e+00 1.0307e+04
-3.6154e+06 7.4798e+01 -4.2760e+03 -7.5770e+03 -3.3876e+00 1.0446e+04
-3.6052e+06 7.5395e+01 -4.2351e+03 -7.5515e+03 -2.5486e+00 1.0586e+04
-3.6005e+06 7.5830e+01 -4.1938e+03 -7.5252e+03 -2.3769e+00 1.0726e+04
-3.6129e+06 7.6186e+01 -4.1523e+03 -7.4982e+03 -2.7196e+00 1.0866e+04
-3.5948e+06 7.6663e+01 -4.1103e+03 -7.4705e+03 -2.8754e+00 1.1005e+04
-3.5990e+06 7.7281e+01 -4.0681e+03 -7.4420e+03 -2.8437e+00 1.1144e+04
-3.5761e+06 7.8031e+01 -4.0255e+03 -7.4129e+03 -3.3049e+00 1.1282e+04
-3.5979e+06 7.8684e+01 -3.9826e+03 -7.3831e+03 -2.2435e+00 1.1421e+04
-3.5542e+06 7.9044e+01 -3.9394e+03 -7.3525e+03 4.2159e-01 1.1560e+04
-3.6305e+06 7.9461e+01 -3.8959e+03 -7.3213e+03 7.3644e-01 1.1698e+04
-3.6267e+06 8.0435e+01 -3.8520e+03 -7.2893e+03 -5.7005e+00 1.1835e+04
-3.6195e+06 8.3150e+01 -3.8079e+03 -7.2567e+03 -5.5583e+00 1.1967e+04
-3.3656e+06 9.0017e+01 -3.7634e+03 -7.2234e+03 -2.4275e+00 1.2109e+04
-3.2787e+06 1.0199e+02 -3.7187e+03 -7.1894e+03 -2.3708e+01 1.2200e+04
-3.0761e+06 1.1520e+02 -3.6736e+03 -7.1548e+03 -1.5661e+02 1.2238e+04
-2.9137e+06 1.2393e+02 -3.6283e+03 -7.1195e+03 -2.2705e+02 1.2441e+04
-2.4149e+06 1.2749e+02 -3.5827e+03 -7.0836e+03 -1.7403e+02 1.2718e+04
-2.6091e+06 1.2978e+02 -3.5368e+03 -7.0470e+03 -6.5768e+02 1.2772e+04
-4.4509e+06 1.3330e+02 -3.4906e+03 -7.0098e+03 -1.6204e+03 1.2893e+04
-3.4832e+06 1.3747e+02 -3.4442e+03 -6.9720e+03 -1.4357e+03 1.3238e+04
-1.0803e+06 1.4121e+02 -3.3975e+03 -6.9336e+03 -1.0965e+03 1.3534e+04
-2.1242e+06 1.4421e+02 -3.3505e+03 -6.8946e+03 -2.5988e+03 1.3485e+04
-6.3020e+06 1.4538e+02 -3.3033e+03 -6.8551e+03 -5.6336e+03 1.3499e+04
-3.0890e+06 1.4258e+02 -3.2559e+03 -6.8150e+03 -6.9170e+03 1.3999e+04
5.2684e+06 1.3243e+02 -3.2082e+03 -6.7743e+03 1.4272e+04 1.9158e+04
6.2346e+06 1.1282e+02 -3.1603e+03 -6.7331e+03 8.8309e+04 1.8424e+04
1.3829e+06 8.6596e+01 -3.1122e+03 -6.6914e+03 2.2418e+05 1.1579e+04
-8.0436e+06 5.8815e+01 -1.9050e+03 -6.3493e+03 3.9838e+05 9.2484e+03
-1.6063e+07 3.5038e+01 6.1367e+02 -5.6779e+03 5.5540e+05 -3.4165e+03
-1.4346e+07 3.0020e+01 3.1169e+03 -5.0249e+03 6.5575e+05 -1.3855e+04
-7.3690e+06 5.8414e+01 5.6055e+03 -4.3902e+03 7.0091e+05 -9.6959e+03
-3.6181e+06 7.5060e+01 -4.3972e+03 -7.5930e+03 -4.6683e+00 1.0194e+04
-3.6101e+06 7.5567e+01 -4.3573e+03 -7.5686e+03 -3.0294e+00 1.0337e+04
-3.6022e+06 7.6201e+01 -4.3171e+03 -7.5435e+03 -3.6963e+00 1.0475e+04
-3.6058e+06 7.6805e+01 -4.2765e+03 -7.5177e+03 -2.6297e+00 1.0616e+04
-3.6014e+06 7.7209e+01 -4.2355e+03 -7.4912e+03 -2.4678e+00 1.0756e+04
-3.5887e+06 7.7565e+01 -4.1942e+03 -7.4639e+03 -2.8405e+00 1.0895e+04
-3.5946e+06 7.8144e+01 -4.1526e+03 -7.4359e+03 -4.0416e+00 1.1034e+04
-3.5758e+06 7.8946e+01 -4.1107e+03 -7.4072e+03 -4.6198e+00 1.1174e+04
-3.5766e+06 7.9838e+01 -4.0684e+03 -7.3779e+03 -1.5857e+00 1.1313e+04
-3.5375e+06 8.0538e+01 -4.0258e+03 -7.3478e+03 3.8519e-01 1.1452e+04
-3.5978e+06 8.0890e+01 -3.9829e+03 -7.3170e+03 2.4325e-01 1.1590e+04
-3.5482e+06 8.1289e+01 -3.9396e+03 -7.2855e+03 2.6432e+00 1.1728e+04
-3.5909e+06 8.2102e+01 -3.8960e+03 -7.2533e+03 2.3505e+00 1.1865e+04
-3.4929e+06 8.4278e+01 -3.8522e+03 -7.2204e+03 -6.1632e+00 1.1997e+04
-3.5158e+06 9.0256e+01 -3.8080e+03 -7.1869e+03 -1.2682e+01 1.2140e+04
-3.2029e+06 1.0176e+02 -3.7635e+03 -7.1527e+03 -1.9126e+01 1.2232e+04
-3.1110e+06 1.1629e+02 -3.7187e+03 -7.1178e+03 -2.0897e+02 1.2166e+04
-3.1260e+06 1.2817e+02 -3.6737e+03 -7.0822e+03 -8.7046e+02 1.2179e+04
-3.9912e+06 1.3468e+02 -3.6283e+03 -7.0461e+03 -1.7146e+03 1.2566e+04
-3.3824e+06 1.3817e+02 -3.5827e+03 -7.0093e+03 -1.3399e+03 1.3088e+04
-4.6791e+05 1.4171e+02 -3.5368e+03 -6.9718e+03 -9.5064e+02 1.3069e+04
-1.8317e+06 1.4585e+02 -3.4906e+03 -6.9338e+03 -3.1244e+03 1.2691e+04
-6.3985e+06 1.4832e+02 -3.4441e+03 -6.8952e+03 -6.7516e+03 1.3367e+04
-3.1378e+06 1.4535e+02 -3.3974e+03 -6.8559e+03 -6.7586e+03 1.4745e+04
5.3171e+06 1.3412e+02 -3.3505e+03 -6.8161e+03 1.7792e+04 2.0416e+04
6.3316e+06 1.1279e+02 -3.3032e+03 -6.7758e+03 9.2478e+04 1.8381e+04
1.8733e+06 8.4751e+01 -3.2558e+03 -6.7349e+03 2.2316e+05 5.6957e+03
-7.1899e+06 6.3216e+01 -2.0956e+03 -6.4040e+03 3.9205e+05 2.1254e+03
-1.4936e+07 5.3068e+01 4.4171e+02 -5.7245e+03 5.5234e+05 -3.9258e+03
-1.4604e+07 4.3481e+01 2.9655e+03 -5.0623e+03 6.5859e+05 -7.4929e+03
-6.5024e+06 3.7359e+01 5.4745e+03 -4.4181e+03 7.0547e+05 -7.4379e+03
-9.8385e+05 5.6039e+01 8.0097e+03 -3.7822e+03 7.1683e+05 -1.5796e+04
-4.0797e+06 9.8456e+01 1.0535e+04 -3.1603e+03 7.1740e+05 -1.6507e+04
-3.6110e+06 7.6506e+01 -4.4373e+03 -7.5601e+03 -1.9377e+00 1.0222e+04
-3.5925e+06 7.6989e+01 -4.3977e+03 -7.5355e+03 -5.0283e-01 1.0366e+04
-3.5971e+06 7.7676e+01 -4.3578e+03 -7.5101e+03 -3.4443e+00 1.0503e+04
-3.5787e+06 7.8346e+01 -4.3175e+03 -7.4840e+03 -1.6005e+00 1.0645e+04
-3.5784e+06 7.8814e+01 -4.2769e+03 -7.4572e+03 -2.0309e+00 1.0785e+04
-3.5879e+06 7.9206e+01 -4.2359e+03 -7.4297e+03 -2.1332e+00 1.0925e+04
-3.5697e+06 7.9782e+01 -4.1946e+03 -7.4015e+03 4.6131e-01 1.1064e+04
-3.5693e+06 8.0622e+01 -4.1529e+03 -7.3726e+03 1.2211e+00 1.1202e+04
-3.5519e+06 8.1611e+01 -4.1109e+03 -7.3429e+03 -1.2589e-02 1.1342e+04
-3.5830e+06 8.2410e+01 -4.0686e+03 -7.3126e+03 1.2114e+00 1.1481e+04
-3.5253e+06 8.2829e+01 -4.0260e+03 -7.2815e+03 3.0011e+00 1.1619e+04
-3.5876e+06 8.3278e+01 -3.9830e+03 -7.2498e+03 -3.0512e+00 1.1756e+04
-3.5406e+06 8.4182e+01 -3.9398e+03 -7.2173e+03 -1.2655e+01 1.1894e+04
-3.5548e+06 8.6504e+01 -3.8962e+03 -7.1842e+03 -2.0899e+00 1.2029e+04
-3.3102e+06 9.2624e+01 -3.8523e+03 -7.1504e+03 2.3660e+00 1.2170e+04
-3.3474e+06 1.0405e+02 -3.8081e+03 -7.1160e+03 -4.7750e+01 1.2226e+04
-3.1250e+06 1.1902e+02 -3.7636e+03 -7.0809e+03 -4.1622e+02 1.2065e+04
-2.6666e+06 1.3307e+02 -3.7188e+03 -7.0451e+03 -9.7749e+02 1.1908e+04
-1.1464e+06 1.4260e+02 -3.6737e+03 -7.0087e+03 -1.6196e+03 1.2288e+04
-2.0804e+06 1.4735e+02 -3.6283e+03 -6.9716e+03 -3.9009e+03 1.2597e+04
-7.3594e+06 1.4866e+02 -3.5826e+03 -6.9340e+03 -9.3044e+03 1.2242e+04
-4.1059e+06 1.4621e+02 -3.5367e+03 -6.8957e+03 -1.3222e+04 1.2606e+04
5.4286e+06 1.3533e+02 -3.4905e+03 -6.8568e+03 9.8335e+03 2.0653e+04
6.2124e+06 1.1283e+02 -3.4440e+03 -6.8174e+03 8.9435e+04 2.4419e+04
3.0500e+05 8.2677e+01 -3.3973e+03 -6.7773e+03 2.2742e+05 1.2406e+04
-8.8593e+06 5.1128e+01 -2.2772e+03 -6.4562e+03 3.9739e+05 1.4526e+03
-1.5778e+07 3.5845e+01 2.7629e+02 -5.7696e+03 5.5331e+05 -1.2410e+04
-1.4515e+07 5.1158e+01 2.8181e+03 -5.0994e+03 6.5862e+05 -1.5399e+04
-6.1723e+06 7.5274e+01 5.3469e+03 -4.4461e+03 7.1006e+05 -8.5636e+03
-6.2716e+05 8.1637e+01 7.9069e+03 -3.7995e+03 7.2523e+05 -1.2433e+04
-4.7009e+06 8.1843e+01 1.0456e+04 -3.1667e+03 7.2697e+05 -1.6241e+04
-1.3162e+07 1.0492e+02 1.2987e+04 -2.5485e+03 7.0670e+05 -2.3991e+04
-1.4279e+07 1.4817e+02 1.5499e+04 -1.9464e+03 6.3273e+05 -3.2689e+04
-3.5946e+06 7.8057e+01 -4.4771e+03 -7.5273e+03 -6.0885e-01 1.0250e+04
-3.5928e+06 7.8590e+01 -4.4378e+03 -7.5024e+03 1.1542e+00 1.0395e+04
-3.5755e+06 7.9329e+01 -4.3982e+03 -7.4768e+03 -4.2364e+00 1.0530e+04
-3.5909e+06 8.0064e+01 -4.3582e+03 -7.4504e+03 -3.1867e+00 1.0673e+04
-3.5718e+06 8.0657e+01 -4.3179e+03 -7.4234e+03 4.6415e-01 1.0813e+04
-3.5670e+06 8.1148e+01 -4.2772e+03 -7.3956e+03 4.2602e+00 1.0953e+04
-3.5796e+06 8.1663e+01 -4.2362e+03 -7.3672e+03 3.7084e+00 1.1091e+04
-3.5761e+06 8.2418e+01 -4.1949e+03 -7.3380e+03 3.2819e+00 1.1231e+04
-3.5639e+06 8.3501e+01 -4.1532e+03 -7.3081e+03 4.9495e+00 1.1370e+04
-3.5301e+06 8.4494e+01 -4.1112e+03 -7.2775e+03 9.7827e-01 1.1509e+04
-3.5993e+06 8.5038e+01 -4.0688e+03 -7.2462e+03 -1.0151e+01 1.1647e+04
-3.5197e+06 8.5796e+01 -4.0261e+03 -7.2142e+03 -7.9917e+00 1.1786e+04
-3.5166e+06 8.7670e+01 -3.9832e+03 -7.1815e+03 -1.4200e+00 1.1923e+04
-3.4027e+06 9.1334e+01 -3.9399e+03 -7.1482e+03 -4.2597e+00 1.2056e+04
-3.5388e+06 9.8038e+01 -3.8962e+03 -7.1141e+03 -2.6327e+01 1.2192e+04
-3.1176e+06 1.0855e+02 -3.8523e+03 -7.0794e+03 -2.0250e+01 1.2235e+04
-3.1399e+06 1.2250e+02 -3.8081e+03 -7.0441e+03 -4.4479e+02 1.1881e+04
-3.4890e+06 1.3741e+02 -3.7636e+03 -7.0081e+03 -3.2785e+03 1.0809e+04
-6.1333e+06 1.4756e+02 -3.7187e+03 -6.9714e+03 -8.1478e+03 1.0712e+04
-3.5655e+06 1.4819e+02 -3.6736e+03 -6.9341e+03 -8.8995e+03 1.3274e+04
7.0000e+06 1.3716e+02 -3.6282e+03 -6.8962e+03 1.3512e+04 1.8200e+04
7.8917e+06 1.1505e+02 -3.5826e+03 -6.8577e+03 8.5595e+04 1.7202e+04
3.3086e+06 8.5763e+01 -3.5366e+03 -6.8186e+03 2.1969e+05 1.2436e+04
-6.9403e+06 5.2483e+01 -2.4492e+03 -6.5057e+03 3.9373e+05 1.7312e+04
-1.7796e+07 2.1489e+01 1.1785e+02 -5.8130e+03 5.5466e+05 3.9626e+03
-1.7129e+07 9.1777e+00 2.6751e+03 -5.1358e+03 6.6127e+05 -1.3990e+04
-6.9477e+06 3.4109e+01 5.2213e+03 -4.4746e+03 7.1202e+05 -1.2973e+04
-3.7701e+05 8.1104e+01 7.8037e+03 -3.8181e+03 7.2923e+05 -1.3874e+04
-4.6574e+06 1.1429e+02 1.0374e+04 -3.1754e+03 7.3388e+05 -1.5914e+04
-1.3249e+07 1.2811e+02 1.2928e+04 -2.5459e+03 7.1536e+05 -2.0978e+04
-1.4372e+07 1.3769e+02 1.5465e+04 -1.9311e+03 6.4118e+05 -3.2163e+04
-1.0420e+07 1.6110e+02 1.7984e+04 -1.3320e+03 5.0473e+05 -2.1574e+04
-2.0819e+06 1.9888e+02 1.9969e+04 -8.7451e+02 3.2852e+05 -1.6378e+04
-3.5887e+06 7.9674e+01 -4.5166e+03 -7.4946e+03 -2.3917e+00 1.0277e+04
-3.5613e+06 8.0287e+01 -4.4776e+03 -7.4694e+03 3.2407e+00 1.0423e+04
-3.5768e+06 8.1060e+01 -4.4383e+03 -7.4436e+03 -6.3212e-01 1.0557e+04
-3.5499e+06 8.1810e+01 -4.3986e+03 -7.4170e+03 2.8918e+00 1.0701e+04
-3.5693e+06 8.2476e+01 -4.3586e+03 -7.3897e+03 3.3046e+00 1.0840e+04
-3.5832e+06 8.3053e+01 -4.3182e+03 -7.3617e+03 1.3259e+00 1.0980e+04
-3.5702e+06 8.3538e+01 -4.2775e+03 -7.3330e+03 5.0687e+00 1.1119e+04
-3.5563e+06 8.4347e+01 -4.2365e+03 -7.3035e+03 4.2919e+00 1.1258e+04
-3.5655e+06 8.5742e+01 -4.1951e+03 -7.2734e+03 -5.3952e+00 1.1397e+04
-3.5745e+06 8.7059e+01 -4.1534e+03 -7.2426e+03 -9.0825e+00 1.1538e+04
-3.4730e+06 8.7849e+01 -4.1113e+03 -7.2110e+03 -1.0600e+00 1.1675e+04
-3.5144e+06 8.9381e+01 -4.0689e+03 -7.1788e+03 -9.1906e+00 1.1812e+04
-3.4673e+06 9.3179e+01 -4.0262e+03 -7.1459e+03 -1.7614e+01 1.1948e+04
-3.4284e+06 9.8962e+01 -3.9832e+03 -7.1123e+03 -1.8231e+00 1.2096e+04
-3.1287e+06 1.0564e+02 -3.9399e+03 -7.0780e+03 -7.1809e+00 1.2197e+04
-3.3759e+06 1.1302e+02 -3.8963e+03 -7.0430e+03 -1.3636e+02 1.2291e+04
-3.1555e+06 1.2270e+02 -3.8523e+03 -7.0075e+03 -3.2248e+02 1.1914e+04
-1.4667e+06 1.3252e+02 -3.8081e+03 -6.9712e+03 -7.1180e+02 8.4895e+03
6.1117e+06 1.3237e+02 -3.7635e+03 -6.9343e+03 1.8922e+04 1.1860e+04
7.5721e+06 1.1550e+02 -3.7187e+03 -6.8968e+03 9.1204e+04 1.4793e+04
-5.0717e+04 8.7881e+01 -3.6735e+03 -6.8587e+03 2.2235e+05 3.6990e+03
-9.0535e+06 6.4254e+01 -2.6114e+03 -6.5522e+03 3.9336e+05 7.9701e+01
-1.5665e+07 4.9464e+01 -3.3228e+01 -5.8546e+03 5.5802e+05 -3.7533e+03
-1.4876e+07 3.2381e+01 2.5370e+03 -5.1714e+03 6.6642e+05 -2.7404e+03
-7.5503e+06 1.6194e+01 5.0987e+03 -4.5031e+03 7.1544e+05 -3.7938e+02
-1.1484e+06 2.6751e+01 7.7006e+03 -3.8380e+03 7.3200e+05 -1.1712e+04
-3.7198e+06 7.2735e+01 1.0290e+04 -3.1864e+03 7.3919e+05 -1.6464e+04
-1.2935e+07 1.2344e+02 1.2864e+04 -2.5466e+03 7.2719e+05 -1.9868e+04
-1.4507e+07 1.5436e+02 1.5424e+04 -1.9200e+03 6.5684e+05 -3.2155e+04
-1.0585e+07 1.7518e+02 1.7967e+04 -1.3078e+03 5.1738e+05 -1.9355e+04
-2.6421e+06 1.9536e+02 2.0062e+04 -8.1644e+02 3.3442e+05 -1.5599e+04
4.9496e+06 2.1699e+02 2.0083e+04 -8.3882e+02 1.6357e+05 -1.1654e+04
5.6639e+06 2.3803e+02 2.0103e+04 -8.6320e+02 4.8400e+04 1.4319e+03
-3.5612e+06 8.1500e+01 -4.5557e+03 -7.4620e+03 -1.5882e+00 1.0302e+04
-3.5758e+06 8.2164e+01 -4.5170e+03 -7.4366e+03 5.3293e+00 1.0450e+04
-3.5532e+06 8.2988e+01 -4.4780e+03 -7.4105e+03 2.5345e-02 1.0582e+04
-3.6001e+06 8.3773e+01 -4.4386e+03 -7.3837e+03 -1.0260e-01 1.0726e+04
-3.5636e+06 8.4433e+01 -4.3989e+03 -7.3561e+03 2.6788e+00 1.0866e+04
-3.5643e+06 8.5005e+01 -4.3589e+03 -7.3279e+03 7.4360e-01 1.1006e+04
-3.5709e+06 8.5671e+01 -4.3185e+03 -7.2989e+03 -7.4968e+00 1.1145e+04
-3.5832e+06 8.7147e+01 -4.2777e+03 -7.2692e+03 -1.0250e+01 1.1286e+04
-3.4957e+06 8.9479e+01 -4.2367e+03 -7.2388e+03 1.9693e+00 1.1426e+04
-3.4636e+06 9.1420e+01 -4.1952e+03 -7.2078e+03 -1.0143e+00 1.1563e+04
-3.5170e+06 9.2754e+01 -4.1535e+03 -7.1760e+03 -9.1624e+00 1.1700e+04
-3.4445e+06 9.5509e+01 -4.1114e+03 -7.1435e+03 -1.0032e+01 1.1842e+04
-3.2757e+06 1.0109e+02 -4.0690e+03 -7.1103e+03 1.2834e+01 1.1969e+04
-3.3098e+06 1.0779e+02 -4.0263e+03 -7.0765e+03 -1.2196e+02 1.2087e+04
-3.3983e+06 1.1314e+02 -3.9833e+03 -7.0420e+03 -1.0989e+02 1.2223e+04
-3.1502e+06 1.1713e+02 -3.9399e+03 -7.0068e+03 -1.7645e+02 1.2359e+04
-2.9898e+06 1.2126e+02 -3.8962e+03 -6.9710e+03 -1.0261e+02 1.2371e+04
4.5113e+05 1.1845e+02 -3.8523e+03 -6.9345e+03 3.6034e+04 1.7170e+04
-2.3407e+06 9.6444e+01 -3.8080e+03 -6.8974e+03 1.8219e+05 4.3365e+04
-9.8977e+06 5.9431e+01 -2.7634e+03 -6.5955e+03 4.0535e+05 3.1012e+04
-1.0166e+07 3.7859e+01 -1.7659e+02 -5.8941e+03 5.8534e+05 -1.6424e+04
-1.0465e+07 4.9398e+01 2.4040e+03 -5.2060e+03 6.8795e+05 -1.9584e+04
-5.3023e+06 6.7910e+01 4.9816e+03 -4.5310e+03 7.3302e+05 -9.5129e+03
-9.7632e+04 6.9161e+01 7.5977e+03 -3.8589e+03 7.4227e+05 -1.1657e+04
-3.4338e+06 6.6436e+01 1.0203e+04 -3.1995e+03 7.4493e+05 -1.4417e+04
-1.2816e+07 8.6862e+01 1.2796e+04 -2.5504e+03 7.3427e+05 -1.8527e+04
-1.4640e+07 1.3047e+02 1.5375e+04 -1.9132e+03 6.6940e+05 -3.2175e+04
-1.1050e+07 1.7399e+02 1.7939e+04 -1.2888e+03 5.3699e+05 -1.8666e+04
-2.9871e+06 2.0366e+02 2.0144e+04 -7.6342e+02 3.5463e+05 -1.4683e+04
4.7669e+06 2.2348e+02 2.0169e+04 -7.8223e+02 1.7616e+05 -1.0236e+04
6.0278e+06 2.3858e+02 2.0193e+04 -8.0304e+02 5.3430e+04 2.9898e+03
2.0060e+06 2.4656e+02 2.0216e+04 -8.2585e+02 -3.3040e+03 -9.1026e+03
-4.6324e+06 2.4467e+02 2.0209e+04 -8.5712e+02 -1.3001e+04 -6.9648e+03
-3.5880e+06 8.3639e+01 -4.5944e+03 -7.4296e+03 -3.3142e+00 1.0328e+04
-3.5358e+06 8.4383e+01 -4.5561e+03 -7.4040e+03 9.1020e+00 1.0477e+04
-3.5653e+06 8.5417e+01 -4.5174e+03 -7.3776e+03 4.1809e+00 1.0607e+04
-3.5128e+06 8.6478e+01 -4.4783e+03 -7.3505e+03 5.1213e+00 1.0752e+04
-3.5540e+06 8.7264e+01 -4.4389e+03 -7.3227e+03 -1.6871e+00 1.0890e+04
-3.5620e+06 8.7981e+01 -4.3992e+03 -7.2942e+03 -1.0612e+01 1.1031e+04
-3.5191e+06 8.9424e+01 -4.3591e+03 -7.2650e+03 5.2796e-01 1.1172e+04
-3.4348e+06 9.2509e+01 -4.3187e+03 -7.2351e+03 5.5379e+00 1.1311e+04
-3.4801e+06 9.6410e+01 -4.2779e+03 -7.2045e+03 -1.2307e+01 1.1446e+04
-3.4594e+06 9.9039e+01 -4.2368e+03 -7.1731e+03 -1.7389e+01 1.1591e+04
-3.3069e+06 1.0085e+02 -4.1954e+03 -7.1411e+03 4.5029e-01 1.1729e+04
-3.3464e+06 1.0452e+02 -4.1536e+03 -7.1084e+03 -5.4886e+01 1.1834e+04
-3.3663e+06 1.1049e+02 -4.1115e+03 -7.0750e+03 -1.5148e+02 1.1972e+04
-3.2366e+06 1.1613e+02 -4.0690e+03 -7.0409e+03 -1.1179e+02 1.2119e+04
-2.8418e+06 1.1959e+02 -4.0263e+03 -7.0062e+03 -6.0071e+01 1.2267e+04
-3.5196e+06 1.2213e+02 -3.9832e+03 -6.9708e+03 -3.0641e+02 1.2283e+04
-3.7030e+06 1.2395e+02 -3.9398e+03 -6.9347e+03 -1.0975e+03 1.2788e+04
1.7196e+05 1.1381e+02 -3.8962e+03 -6.8980e+03 6.2182e+04 5.5225e+04
-2.1428e+07 8.1032e+01 -2.4411e+03 -6.4901e+03 2.9427e+05 1.8816e+05
-3.6653e+07 4.6603e+01 2.2392e+03 -5.2492e+03 5.7355e+05 1.9625e+05
-2.0124e+07 5.4506e+01 4.8677e+03 -4.5587e+03 7.0817e+05 5.0207e+04
-1.0990e+07 9.2674e+01 7.4957e+03 -3.8808e+03 7.3985e+05 -1.6890e+04
-8.2953e+06 1.1306e+02 1.0115e+04 -3.2146e+03 7.4994e+05 -2.0075e+04
-1.4057e+07 1.1880e+02 1.2723e+04 -2.5573e+03 7.3880e+05 -2.0542e+04
-1.4800e+07 1.3012e+02 1.5319e+04 -1.9105e+03 6.7566e+05 -3.3359e+04
-1.1467e+07 1.5760e+02 1.7902e+04 -1.2750e+03 5.4594e+05 -1.8293e+04
-3.2907e+06 1.9590e+02 2.0217e+04 -7.1551e+02 3.6708e+05 -1.4183e+04
4.7740e+06 2.2774e+02 2.0246e+04 -7.3075e+02 1.9259e+05 -1.0122e+04
6.1925e+06 2.4513e+02 2.0274e+04 -7.4798e+02 6.8303e+04 4.6923e+03
2.3163e+06 2.5017e+02 2.0300e+04 -7.6719e+02 5.2897e+03 -7.5163e+03
-4.9463e+06 2.4821e+02 2.0294e+04 -7.9550e+02 -7.5130e+03 -6.8334e+03
-3.0964e+06 2.3865e+02 2.0266e+04 -8.3035e+02 -6.8660e+03 -4.8452e+03
-1.4077e+06 2.2293e+02 2.0238e+04 -8.6685e+02 -5.1803e+03 -1.0825e+03
-3.5432e+06 8.5840e+01 -4.6328e+03 -7.3974e+03 -3.4742e-01 1.0353e+04
-3.5728e+06 8.6833e+01 -4.5948e+03 -7.3715e+03 4.5642e+00 1.0502e+04
-3.5245e+06 8.8385e+01 -4.5564e+03 -7.3448e+03 -8.9025e+00 1.0630e+04
-3.5892e+06 9.0147e+01 -4.5177e+03 -7.3175e+03 -1.2326e+01 1.0776e+04
-3.4948e+06 9.1561e+01 -4.4786e+03 -7.2895e+03 -3.1338e+00 1.0916e+04
-3.4640e+06 9.3013e+01 -4.4392e+03 -7.2607e+03 7.5421e+00 1.1055e+04
-3.4607e+06 9.5850e+01 -4.3994e+03 -7.2313e+03 -1.1597e+01 1.1192e+04
-3.4796e+06 1.0074e+02 -4.3593e+03 -7.2011e+03 -2.5149e+01 1.1324e+04
-3.2938e+06 1.0583e+02 -4.3188e+03 -7.1702e+03 -3.4440e+01 1.1469e+04
-3.2515e+06 1.0874e+02 -4.2780e+03 -7.1387e+03 -4.7004e+01 1.1596e+04
-3.4213e+06 1.1060e+02 -4.2369e+03 -7.1064e+03 -1.5742e+02 1.1740e+04
-3.2243e+06 1.1411e+02 -4.1954e+03 -7.0735e+03 -8.0375e+01 1.1865e+04
-3.1022e+06 1.1898e+02 -4.1536e+03 -7.0398e+03 -1.8509e+02 1.1978e+04
-3.0843e+06 1.2306e+02 -4.1115e+03 -7.0055e+03 -2.1634e+02 1.2076e+04
-3.9939e+06 1.2575e+02 -4.0690e+03 -6.9705e+03 -6.6968e+02 1.2322e+04
-2.1305e+06 1.2847e+02 -4.0262e+03 -6.9349e+03 1.5238e+02 1.2409e+04
-3.7023e+06 1.3162e+02 -3.9831e+03 -6.8986e+03 -1.9624e+03 1.2359e+04
3.1427e+06 1.2730e+02 -3.9397e+03 -6.8617e+03 2.2803e+04 7.6489e+04
3.4126e+06 1.0936e+02 -2.3813e+03 -6.4318e+03 1.5476e+05 3.3950e+05
-6.3464e+06 9.9843e+01 3.8740e+03 -4.8034e+03 3.0759e+05 5.1114e+05
5.4436e+05 1.2775e+02 9.6654e+03 -3.3144e+03 3.8074e+05 3.7232e+05
-8.9008e+06 1.6211e+02 1.2646e+04 -2.5672e+03 4.7761e+05 2.1147e+05
-1.6674e+07 1.6713e+02 1.5257e+04 -1.9117e+03 5.7498e+05 1.0548e+05
-1.2069e+07 1.7080e+02 1.7857e+04 -1.2663e+03 5.3488e+05 2.7656e+04
-3.8118e+06 1.9104e+02 2.0281e+04 -6.7277e+02 3.6826e+05 -1.6507e+04
4.6255e+06 2.2033e+02 2.0313e+04 -6.8445e+02 1.9180e+05 -1.0873e+04
6.4475e+06 2.4695e+02 2.0344e+04 -6.9808e+02 7.0718e+04 5.7631e+03
2.6704e+06 2.5834e+02 2.0374e+04 -7.1369e+02 1.2544e+04 -6.9072e+03
-4.9823e+06 2.5407e+02 2.0369e+04 -7.3903e+02 -5.2246e+00 -6.5604e+03
-3.2683e+06 2.4085e+02 2.0345e+04 -7.7048e+02 -3.7035e+03 -5.1612e+03
-1.8167e+06 2.2634e+02 2.0320e+04 -8.0360e+02 -4.6096e+03 -3.6560e+03
-1.8521e+06 2.1142e+02 2.0294e+04 -8.3838e+02 -4.6199e+03 -1.7358e+03
-3.3724e+06 1.9706e+02 2.0266e+04 -8.7482e+02 -6.4141e+03 2.0680e+03
-3.5555e+06 8.8237e+01 -4.6709e+03 -7.3653e+03 -3.1047e+00 1.0375e+04
-3.4797e+06 8.9858e+01 -4.6332e+03 -7.3391e+03 6.5074e+00 1.0526e+04
-3.5138e+06 9.2154e+01 -4.5951e+03 -7.3122e+03 2.4983e+00 1.0655e+04
-3.3779e+06 9.4751e+01 -4.5567e+03 -7.2847e+03 1.3968e+01 1.0800e+04
-3.4607e+06 9.7228e+01 -4.5180e+03 -7.2564e+03 -1.0477e+00 1.0935e+04
-3.4545e+06 9.9978e+01 -4.4788e+03 -7.2274e+03 -1.9895e+01 1.1076e+04
-3.3734e+06 1.0407e+02 -4.4394e+03 -7.1977e+03 -1.0544e+01 1.1211e+04
-3.1914e+06 1.0942e+02 -4.3996e+03 -7.1673e+03 -3.9432e+01 1.1316e+04
-3.3923e+06 1.1417e+02 -4.3594e+03 -7.1362e+03 -1.5585e+02 1.1452e+04
-3.2663e+06 1.1705e+02 -4.3189e+03 -7.1044e+03 -1.5328e+02 1.1623e+04
-3.1518e+06 1.1929e+02 -4.2781e+03 -7.0719e+03 -1.4257e+02 1.1745e+04
-3.0783e+06 1.2240e+02 -4.2369e+03 -7.0387e+03 -2.7557e+02 1.1835e+04
-3.7461e+06 1.2599e+02 -4.1954e+03 -7.0048e+03 -5.4067e+02 1.1996e+04
-2.6997e+06 1.2932e+02 -4.1536e+03 -6.9703e+03 -1.8358e+02 1.2191e+04
-2.8087e+06 1.3257e+02 -4.1114e+03 -6.9351e+03 -4.3493e+02 1.2171e+04
-3.1156e+06 1.3609e+02 -4.0689e+03 -6.8992e+03 -1.0255e+03 1.2371e+04
-5.1907e+06 1.4043e+02 -4.0261e+03 -6.8627e+03 -2.5564e+03 1.1881e+04
5.4573e+05 1.4479e+02 -3.9830e+03 -6.8255e+03 -7.7682e+03 4.1716e+04
6.1040e+06 1.4815e+02 -3.9271e+03 -6.7846e+03 2.3634e+03 2.7167e+05
7.4103e+05 1.6183e+02 4.1361e+02 -5.6546e+03 1.6607e+04 5.9815e+05
8.7561e+06 1.9688e+02 6.1835e+03 -4.1779e+03 2.8862e+04 6.8009e+05
9.7812e+06 2.2599e+02 1.1897e+04 -2.7353e+03 1.1859e+05 5.8841e+05
-2.2026e+06 2.2585e+02 1.7608e+04 -1.3140e+03 2.2823e+05 4.2803e+05
1.6834e+06 2.2291e+02 2.0371e+04 -6.4335e+02 1.8808e+05 1.7475e+05
8.9568e+06 2.3552e+02 2.0406e+04 -6.5341e+02 6.1772e+04 1.3103e+04
2.4217e+06 2.5101e+02 2.0439e+04 -6.6543e+02 9.8723e+02 -8.4559e+03
-4.4464e+06 2.5581e+02 2.0435e+04 -6.8779e+02 -4.8606e+03 -6.9141e+03
-3.5739e+06 2.4638e+02 2.0414e+04 -7.1581e+02 -3.0653e+03 -5.8818e+03
-1.5656e+06 2.2876e+02 2.0392e+04 -7.4551e+02 -3.1854e+03 -4.7033e+03
-2.1248e+06 2.1153e+02 2.0369e+04 -7.7690e+02 -8.0507e+03 -3.6105e+03
-3.5961e+06 1.9810e+02 2.0345e+04 -8.0995e+02 -1.1316e+04 -3.2540e+03
-2.9105e+06 1.8691e+02 2.0320e+04 -8.4467e+02 -8.9757e+03 -3.4741e+03
-2.8800e+06 1.7797e+02 2.0294e+04 -8.8104e+02 -6.6671e+03 -1.2604e+03
-3.4675e+06 9.1881e+01 -4.7086e+03 -7.3333e+03 1.3635e+00 1.0398e+04
-3.5064e+06 9.4710e+01 -4.6712e+03 -7.3069e+03 3.4106e+00 1.0550e+04
-3.4216e+06 9.7695e+01 -4.6335e+03 -7.2798e+03 -1.4580e+01 1.0674e+04
-3.5507e+06 1.0061e+02 -4.5954e+03 -7.2520e+03 -3.1778e+01 1.0818e+04
-3.3626e+06 1.0384e+02 -4.5569e+03 -7.2235e+03 -1.7337e+01 1.0959e+04
-3.2793e+06 1.0765e+02 -4.5181e+03 -7.1943e+03 -2.9582e+01 1.1076e+04
-3.3220e+06 1.1206e+02 -4.4790e+03 -7.1643e+03 -1.2550e+02 1.1184e+04
-3.4349e+06 1.1640e+02 -4.4395e+03 -7.1337e+03 -1.7616e+02 1.1336e+04
-3.0600e+06 1.1983e+02 -4.3997e+03 -7.1023e+03 -8.4030e+01 1.1476e+04
-3.1609e+06 1.2285e+02 -4.3595e+03 -7.0703e+03 -2.1463e+02 1.1565e+04
-3.4064e+06 1.2630e+02 -4.3189e+03 -7.0376e+03 -5.0234e+02 1.1667e+04
-3.2949e+06 1.2987e+02 -4.2781e+03 -7.0042e+03 -5.1713e+02 1.1886e+04
-2.3273e+06 1.3310e+02 -4.2369e+03 -6.9701e+03 -3.3208e+02 1.2021e+04
-3.8053e+06 1.3642e+02 -4.1954e+03 -6.9353e+03 -1.1817e+03 1.2033e+04
-3.8708e+06 1.4028e+02 -4.1535e+03 -6.8999e+03 -1.5141e+03 1.2123e+04
-2.6900e+06 1.4431e+02 -4.1113e+03 -6.8638e+03 -1.5253e+03 1.2490e+04
1.1338e+05 1.4831e+02 -4.0688e+03 -6.8270e+03 -2.0285e+03 1.1748e+04
-9.0023e+06 1.5324e+02 -4.0260e+03 -6.7896e+03 -8.6404e+03 1.1168e+04
-2.6086e+06 1.5750e+02 -3.9828e+03 -6.7516e+03 -2.2269e+04 9.7720e+04
2.9502e+06 1.6961e+02 -3.2439e+03 -6.5381e+03 -6.0009e+03 3.9379e+05
-2.2997e+06 2.0735e+02 2.5878e+03 -5.0525e+03 9.5115e+03 6.7726e+05
4.3735e+06 2.4995e+02 8.3867e+03 -3.5957e+03 8.6209e+02 7.4551e+05
-1.8723e+06 2.6053e+02 1.4131e+04 -2.1735e+03 1.2680e+04 6.8224e+05
-5.5739e+05 2.4988e+02 1.9842e+04 -7.8182e+02 7.4765e+02 3.9961e+05
-3.5332e+06 2.4370e+02 2.0492e+04 -6.4184e+02 -2.4617e+04 8.1780e+04
-5.6015e+06 2.3895e+02 2.0474e+04 -6.6642e+02 -1.7398e+04 -8.6940e+03
-9.3945e+05 2.2780e+02 2.0455e+04 -6.9268e+02 -9.2017e+03 -5.8537e+03
-2.3827e+06 2.1301e+02 2.0435e+04 -7.2064e+02 -9.1067e+03 -5.6473e+03
-3.2437e+06 1.9825e+02 2.0414e+04 -7.5027e+02 -1.2049e+04 -4.4272e+03
-3.0951e+06 1.8649e+02 2.0392e+04 -7.8159e+02 -1.3418e+04 -3.5724e+03
-2.5433e+06 1.7783e+02 2.0369e+04 -8.1458e+02 -1.0693e+04 -4.1208e+03
-3.1187e+06 1.7045e+02 2.0345e+04 -8.4922e+02 -8.1735e+03 -5.4760e+03
-3.4875e+06 1.6398e+02 2.0320e+04 -8.8553e+02 -6.1545e+03 -5.5182e+03
-3.4733e+06 9.7783e+01 -4.7460e+03 -7.3016e+03 -9.2304e+00 1.0421e+04
-3.3273e+06 1.0204e+02 -4.7089e+03 -7.2749e+03 -4.7738e+00 1.0565e+04
-3.3752e+06 1.0535e+02 -4.6715e+03 -7.2476e+03 -1.4079e+01 1.0699e+04
-3.1731e+06 1.0792e+02 -4.6337e+03 -7.2195e+03 -6.3197e+00 1.0835e+04
-3.3311e+06 1.1111e+02 -4.5956e+03 -7.1908e+03 -9.5107e+01 1.0931e+04
-3.3978e+06 1.1500e+02 -4.5571e+03 -7.1613e+03 -1.8122e+02 1.1077e+04
-3.1652e+06 1.1889e+02 -4.5183e+03 -7.1311e+03 -1.0592e+02 1.1216e+04
-2.9911e+06 1.2221e+02 -4.4791e+03 -7.1003e+03 -1.4612e+02 1.1323e+04
-3.4736e+06 1.2508e+02 -4.4396e+03 -7.0687e+03 -4.0986e+02 1.1433e+04
-3.3611e+06 1.2863e+02 -4.3997e+03 -7.0364e+03 -5.3202e+02 1.1535e+04
-2.6708e+06 1.3321e+02 -4.3595e+03 -7.0035e+03 -5.5232e+02 1.1580e+04
-3.1822e+06 1.3754e+02 -4.3189e+03 -6.9698e+03 -1.1712e+03 1.1709e+04
-4.1916e+06 1.4083e+02 -4.2780e+03 -6.9355e+03 -1.6265e+03 1.2068e+04
-2.3906e+06 1.4414e+02 -4.2368e+03 -6.9005e+03 -1.3158e+03 1.2130e+04
-8.5839e+05 1.4841e+02 -4.1952e+03 -6.8648e+03 -2.1536e+03 1.1806e+04
-5.3069e+06 1.5175e+02 -4.1533e+03 -6.8285e+03 -6.9951e+03 1.1417e+04
-5.7541e+06 1.5049e+02 -4.1111e+03 -6.7916e+03 -1.1461e+04 1.1759e+04
3.2649e+06 1.4150e+02 -4.0686e+03 -6.7540e+03 4.1424e+03 1.3765e+04
8.8807e+06 1.2526e+02 -4.0258e+03 -6.7157e+03 8.4185e+04 2.4604e+04
-6.0995e+05 1.1816e+02 -3.9412e+03 -6.6667e+03 2.3091e+05 1.5681e+05
-2.8976e+06 1.5178e+02 -1.0844e+03 -5.9299e+03 3.0027e+05 4.0671e+05
6.6038e+06 2.0964e+02 4.7368e+03 -4.4734e+03 2.0043e+05 5.6918e+05
9.7353e+06 2.3498e+02 1.0527e+04 -3.0462e+03 8.9690e+04 6.5426e+05
3.8460e+06 2.2414e+02 1.6275e+04 -1.6517e+03 6.1101e+04 5.8367e+05
4.6747e+06 2.1079e+02 2.0508e+04 -6.4515e+02 2.1682e+04 2.4424e+05
1.5436e+06 2.0524e+02 2.0491e+04 -6.6967e+02 -1.8066e+04 1.0581e+04
-4.3593e+06 1.9795e+02 2.0474e+04 -6.9587e+02 -1.7086e+04 -4.1934e+03
-2.4490e+06 1.8736e+02 2.0455e+04 -7.2376e+02 -1.2616e+04 -4.6895e+03
-3.0681e+06 1.7808e+02 2.0435e+04 -7.5333e+02 -1.1414e+04 -4.7515e+03
-2.7570e+06 1.7012e+02 2.0414e+04 -7.8457e+02 -9.2968e+03 -4.3156e+03
-3.6691e+06 1.6368e+02 2.0392e+04 -8.1748e+02 -7.7635e+03 -4.5017e+03
-3.1544e+06 1.5826e+02 2.0369e+04 -8.5206e+02 -5.1218e+03 -5.7790e+03
-3.0801e+06 1.5287e+02 2.0345e+04 -8.8828e+02 -2.8101e+03 -6.3194e+03
-3.2953e+06 1.0546e+02 -4.7830e+03 -7.2700e+03 -5.8221e+01 1.0425e+04
-3.3851e+06 1.1028e+02 -4.7462e+03 -7.2432e+03 -8.3385e+01 1.0576e+04
-3.3066e+06 1.1339e+02 -4.7091e+03 -7.2156e+03 -1.6660e+02 1.0690e+04
-3.5246e+06 1.1553e+02 -4.6717e+03 -7.1873e+03 -2.3955e+02 1.0836e+04
-3.2187e+06 1.1832e+02 -4.6339e+03 -7.1583e+03 -1.7296e+02 1.0956e+04
-3.0377e+06 1.2167e+02 -4.5957e+03 -7.1286e+03 -1.5328e+02 1.1058e+04
-3.3968e+06 1.2502e+02 -4.5572e+03 -7.0982e+03 -4.3551e+02 1.1147e+04
-3.5797e+06 1.2839e+02 -4.5183e+03 -7.0671e+03 -5.9250e+02 1.1297e+04
-2.7511e+06 1.3196e+02 -4.4791e+03 -7.0353e+03 -5.3344e+02 1.1412e+04
-2.8545e+06 1.3625e+02 -4.4396e+03 -7.0028e+03 -1.0060e+03 1.1303e+04
-4.0488e+06 1.4111e+02 -4.3997e+03 -6.9696e+03 -2.0765e+03 1.1382e+04
-2.8572e+06 1.4537e+02 -4.3594e+03 -6.9357e+03 -1.7125e+03 1.1840e+04
-1.4549e+06 1.4873e+02 -4.3188e+03 -6.9012e+03 -2.1170e+03 1.1973e+04
-3.9747e+06 1.5159e+02 -4.2779e+03 -6.8659e+03 -5.1467e+03 1.1287e+04
-7.2455e+06 1.5256e+02 -4.2366e+03 -6.8301e+03 -1.0417e+04 1.1626e+04
2.6284e+06 1.4547e+02 -4.1951e+03 -6.7935e+03 -6.1848e+03 1.2490e+04
7.7796e+06 1.2659e+02 -4.1532e+03 -6.7563e+03 5.6209e+04 2.2264e+04
3.2843e+06 1.0071e+02 -4.1109e+03 -6.7185e+03 2.0018e+05 1.3478e+04
-6.2416e+06 7.6925e+01 -3.3467e+03 -6.4978e+03 4.0299e+05 5.1538e+03
-1.7496e+07 6.5630e+01 -5.4161e+02 -5.7702e+03 5.8887e+05 2.6183e+04
-2.0605e+07 9.0963e+01 2.3638e+03 -5.0324e+03 6.5059e+05 9.7627e+04
-1.5397e+07 1.4366e+02 5.2838e+03 -4.3061e+03 5.5921e+05 1.9549e+05
9.5757e+05 1.6931e+02 8.1971e+03 -3.5971e+03 4.5484e+05 3.2704e+05
-1.1172e+07 1.6240e+02 1.3336e+04 -2.3602e+03 3.8321e+05 4.6650e+05
-4.9034e+06 1.6116e+02 1.9584e+04 -8.7214e+02 1.8694e+05 2.7757e+05
3.4394e+06 1.7455e+02 2.0508e+04 -6.7123e+02 4.3224e+03 1.9795e+04
-5.3336e+06 1.7918e+02 2.0491e+04 -6.9737e+02 -1.6239e+04 -3.6719e+03
-1.5629e+06 1.7182e+02 2.0473e+04 -7.2519e+02 -7.5421e+03 -3.4827e+03
-4.4284e+06 1.6471e+02 2.0455e+04 -7.5468e+02 -8.5146e+03 -4.4309e+03
-2.7363e+06 1.5811e+02 2.0435e+04 -7.8585e+02 -4.5701e+03 -5.1929e+03
-3.3942e+06 1.5245e+02 2.0414e+04 -8.1869e+02 -3.1206e+03 -5.3152e+03
-2.9942e+06 1.4775e+02 2.0392e+04 -8.5318e+02 -1.9088e+03 -5.9545e+03
-3.2729e+06 1.4317e+02 2.0369e+04 -8.8933e+02 -1.5574e+03 -6.2125e+03
-3.3196e+06 1.1312e+02 -4.8196e+03 -7.2387e+03 -1.5883e+02 1.0442e+04
-3.1360e+06 1.1725e+02 -4.7832e+03 -7.2116e+03 -8.5444e+01 1.0622e+04
-3.2014e+06 1.1990e+02 -4.7464e+03 -7.1837e+03 -5.8058e+01 1.0707e+04
-2.8780e+06 1.2217e+02 -4.7093e+03 -7.1552e+03 -1.8060e+01 1.0840e+04
-3.3340e+06 1.2494e+02 -4.6718e+03 -7.1260e+03 -3.0340e+02 1.0884e+04
-3.5566e+06 1.2793e+02 -4.6340e+03 -7.0961e+03 -5.4311e+02 1.1031e+04
-2.8872e+06 1.3133e+02 -4.5958e+03 -7.0654e+03 -4.4004e+02 1.1142e+04
-2.4857e+06 1.3561e+02 -4.5572e+03 -7.0341e+03 -7.3990e+02 1.1028e+04
-4.0188e+06 1.4027e+02 -4.5183e+03 -7.0020e+03 -2.0682e+03 1.1039e+04
-3.3493e+06 1.4497e+02 -4.4791e+03 -6.9693e+03 -2.3076e+03 1.1202e+04
-1.9530e+06 1.4969e+02 -4.4395e+03 -6.9359e+03 -2.9789e+03 1.1237e+04
-2.7412e+06 1.5308e+02 -4.3996e+03 -6.9018e+03 -5.2989e+03 1.1121e+04
-7.1689e+06 1.5331e+02 -4.3593e+03 -6.8670e+03 -1.0954e+04 1.1492e+04
1.6109e+06 1.4748e+02 -4.3187e+03 -6.8316e+03 -9.3806e+03 1.2600e+04
6.2178e+06 1.3197e+02 -4.2777e+03 -6.7955e+03 4.1141e+04 2.3833e+04
5.3303e+06 1.0603e+02 -4.2364e+03 -6.7588e+03 1.6400e+05 7.9446e+03
-2.9020e+06 8.0804e+01 -4.0526e+03 -6.6852e+03 3.5761e+05 5.9446e+03
-1.5276e+07 6.8238e+01 -1.2460e+03 -5.9520e+03 5.6255e+05 8.2132e+03
-1.3723e+07 6.5055e+01 1.5586e+03 -5.2328e+03 7.0146e+05 -3.6997e+03
-1.0091e+07 6.3839e+01 4.3904e+03 -4.5211e+03 7.6154e+05 4.5511e+03
-1.7573e+06 7.7146e+01 7.2450e+03 -3.8185e+03 7.7290e+05 2.8572e+03
-1.0073e+07 1.1024e+02 1.0115e+04 -3.1239e+03 7.6110e+05 2.0419e+03
-1.9109e+07 1.2959e+02 1.3020e+04 -2.4269e+03 7.3221e+05 4.2920e+04
-3.0453e+07 1.2527e+02 1.5923e+04 -1.7377e+03 5.8874e+05 1.6590e+05
-8.5882e+06 1.3360e+02 2.0368e+04 -6.8740e+02 2.5928e+05 1.2676e+05
3.6673e+06 1.5852e+02 2.0524e+04 -6.7114e+02 1.4078e+04 1.3460e+03
-7.1437e+06 1.6652e+02 2.0508e+04 -6.9720e+02 -1.4355e+04 -3.6150e+03
-1.5673e+06 1.5940e+02 2.0491e+04 -7.2494e+02 -3.5742e+03 -3.5907e+03
-4.0852e+06 1.5368e+02 2.0473e+04 -7.5436e+02 -3.4945e+03 -4.4044e+03
-2.4559e+06 1.4825e+02 2.0454e+04 -7.8545e+02 -1.4145e+03 -5.0624e+03
-3.4496e+06 1.4318e+02 2.0435e+04 -8.1820e+02 -1.5952e+03 -5.3009e+03
-2.8947e+06 1.3906e+02 2.0414e+04 -8.5262e+02 -9.1265e+02 -5.8598e+03
-3.2525e+06 1.3516e+02 2.0391e+04 -8.8868e+02 -6.2502e+02 -6.0648e+03
-3.1626e+06 1.1967e+02 -4.8559e+03 -7.2075e+03 -2.0622e+02 1.0408e+04
-3.3888e+06 1.2293e+02 -4.8198e+03 -7.1802e+03 -2.5863e+02 1.0654e+04
-3.4087e+06 1.2535e+02 -4.7834e+03 -7.1521e+03 -5.0414e+02 1.0656e+04
-3.8598e+06 1.2802e+02 -4.7466e+03 -7.1234e+03 -7.1665e+02 1.0793e+04
-3.1147e+06 1.3124e+02 -4.7094e+03 -7.0939e+03 -5.8106e+02 1.0898e+04
-2.5275e+06 1.3470e+02 -4.6719e+03 -7.0638e+03 -6.2014e+02 1.0880e+04
-3.8956e+06 1.3877e+02 -4.6340e+03 -7.0329e+03 -1.8747e+03 1.0709e+04
-3.9883e+06 1.4387e+02 -4.5958e+03 -7.0013e+03 -2.5701e+03 1.0722e+04
-2.0476e+06 1.4920e+02 -4.5572e+03 -6.9691e+03 -2.9767e+03 1.0843e+04
-1.8790e+06 1.5358e+02 -4.5183e+03 -6.9361e+03 -4.9119e+03 1.0386e+04
-6.3998e+06 1.5525e+02 -4.4790e+03 -6.9025e+03 -1.1012e+04 1.0127e+04
-5.5093e+05 1.5032e+02 -4.4394e+03 -6.8682e+03 -1.1629e+04 1.1190e+04
5.0004e+06 1.3541e+02 -4.3994e+03 -6.8332e+03 2.8229e+04 1.9931e+04
6.3418e+06 1.1008e+02 -4.3591e+03 -6.7975e+03 1.3596e+05 1.0455e+04
-1.3436e+06 7.9974e+01 -4.3185e+03 -6.7612e+03 3.1480e+05 1.0593e+04
-1.3798e+07 6.0120e+01 -1.9415e+03 -6.1331e+03 5.2150e+05 2.5229e+03
-1.6415e+07 6.2492e+01 8.6377e+02 -5.4085e+03 6.8542e+05 -7.8887e+03
-1.0357e+07 7.7713e+01 3.6865e+03 -4.6930e+03 7.6527e+05 6.0238e+03
-2.6025e+06 8.8380e+01 6.5457e+03 -3.9827e+03 7.7661e+05 3.4862e+03
-3.4168e+06 9.4400e+01 9.4007e+03 -3.2860e+03 7.7231e+05 1.0009e+03
-1.0693e+07 1.0894e+02 1.2249e+04 -2.5965e+03 7.6074e+05 -1.0191e+03
-1.3033e+07 1.3617e+02 1.5088e+04 -1.9149e+03 6.9839e+05 -1.5158e+04
-7.2791e+06 1.5604e+02 1.7918e+04 -1.2423e+03 5.6309e+05 -4.1225e+03
-2.9556e+06 1.5297e+02 2.0454e+04 -6.4814e+02 3.4543e+05 2.5440e+04
4.9636e+06 1.5043e+02 2.0552e+04 -6.4508e+02 1.0511e+05 6.6757e+03
-2.3133e+05 1.5860e+02 2.0538e+04 -6.6939e+02 -9.6005e+03 -1.1270e+04
-4.6865e+06 1.5690e+02 2.0523e+04 -6.9537e+02 -7.7976e+03 -4.1711e+03
-2.4375e+06 1.4881e+02 2.0508e+04 -7.2303e+02 -7.1526e+02 -3.7597e+03
-3.5272e+06 1.4419e+02 2.0491e+04 -7.5237e+02 -1.5126e+03 -4.3782e+03
-2.9524e+06 1.3990e+02 2.0473e+04 -7.8338e+02 -8.0315e+02 -4.8209e+03
-3.2506e+06 1.3554e+02 2.0454e+04 -8.1605e+02 -7.6048e+02 -5.0816e+03
-3.1350e+06 1.3179e+02 2.0434e+04 -8.5037e+02 -4.7296e+02 -5.6058e+03
-3.2465e+06 1.2835e+02 2.0413e+04 -8.8635e+02 -3.4392e+02 -5.8313e+03
-3.3686e+06 1.2578e+02 -4.8919e+03 -7.1766e+03 -4.1815e+02 1.0378e+04
-2.9560e+06 1.2878e+02 -4.8561e+03 -7.1490e+03 -3.2693e+02 1.0646e+04
-2.8686e+06 1.3123e+02 -4.8200e+03 -7.1207e+03 -2.6022e+02 1.0685e+04
-2.1006e+06 1.3434e+02 -4.7835e+03 -7.0918e+03 -1.7942e+02 1.0737e+04
-3.4720e+06 1.3828e+02 -4.7466e+03 -7.0621e+03 -1.2238e+03 1.0553e+04
-4.1107e+06 1.4248e+02 -4.7094e+03 -7.0317e+03 -2.1884e+03 1.0599e+04
-2.0790e+06 1.4729e+02 -4.6719e+03 -7.0006e+03 -2.3508e+03 1.0450e+04
-1.1632e+06 1.5270e+02 -4.6340e+03 -6.9688e+03 -4.2701e+03 9.7261e+03
-5.7353e+06 1.5605e+02 -4.5957e+03 -6.9363e+03 -1.0681e+04 9.2264e+03
-3.2052e+06 1.5301e+02 -4.5571e+03 -6.9032e+03 -1.4348e+04 9.7599e+03
4.0600e+06 1.3974e+02 -4.5181e+03 -6.8693e+03 1.4079e+04 1.6306e+04
6.5466e+06 1.1531e+02 -4.4788e+03 -6.8348e+03 1.0998e+05 1.4368e+04
1.8955e+05 8.3480e+01 -4.4392e+03 -6.7996e+03 2.8048e+05 9.6416e+03
-1.1214e+07 5.4356e+01 -2.6264e+03 -6.3128e+03 4.8354e+05 6.2031e+01
-1.6775e+07 4.2580e+01 1.7664e+02 -5.5840e+03 6.5334e+05 -5.4875e+03
-1.1511e+07 5.6171e+01 2.9877e+03 -4.8661e+03 7.5002e+05 3.5745e+03
-3.1316e+06 8.1880e+01 5.8485e+03 -4.1492e+03 7.8035e+05 4.1573e+03
-3.0010e+06 1.0077e+02 8.7074e+03 -3.4461e+03 7.8247e+05 2.4256e+03
-9.1124e+06 1.1282e+02 1.1561e+04 -2.7499e+03 7.6970e+05 9.0534e+02
-1.2909e+07 1.2892e+02 1.4409e+04 -2.0599e+03 7.1764e+05 -1.0090e+04
-1.3305e+07 1.5702e+02 1.7249e+04 -1.3773e+03 5.9821e+05 -2.0089e+03
-5.8511e+06 1.9284e+02 2.0080e+04 -7.0313e+02 4.0775e+05 -5.1773e+03
1.8491e+06 2.1859e+02 2.0490e+04 -6.2086e+02 2.0369e+05 -2.5927e+03
5.9942e+06 2.1372e+02 2.0538e+04 -6.2803e+02 5.3433e+04 2.2785e+03
1.6629e+06 1.8763e+02 2.0564e+04 -6.4178e+02 -1.5577e+04 -1.9024e+04
-5.4319e+06 1.6585e+02 2.0551e+04 -6.6600e+02 -1.7989e+04 -1.5136e+04
-3.0077e+06 1.5044e+02 2.0538e+04 -6.9191e+02 -4.0210e+03 -5.8328e+03
-3.2655e+06 1.4073e+02 2.0523e+04 -7.1949e+02 -3.4991e+02 -3.6608e+03
-3.0556e+06 1.3654e+02 2.0507e+04 -7.4874e+02 -6.3368e+02 -4.2711e+03
-3.2175e+06 1.3255e+02 2.0491e+04 -7.7966e+02 -4.1219e+02 -4.5787e+03
-3.1441e+06 1.2847e+02 2.0473e+04 -8.1224e+02 -3.4809e+02 -4.8739e+03
-3.2083e+06 1.2514e+02 2.0454e+04 -8.4647e+02 -2.6578e+02 -5.3205e+03
-3.2043e+06 1.2218e+02 2.0434e+04 -8.8235e+02 -1.1177e+02 -5.5488e+03
-3.0859e+06 1.3215e+02 -4.9274e+03 -7.1459e+03 -4.7611e+02 1.0119e+04
-3.6025e+06 1.3554e+02 -4.8920e+03 -7.1181e+03 -1.0395e+03 1.0451e+04
-3.9233e+06 1.3819e+02 -4.8562e+03 -7.0896e+03 -1.9085e+03 1.0459e+04
-4.9772e+06 1.4131e+02 -4.8200e+03 -7.0604e+03 -2.9411e+03 1.0403e+04
-2.7023e+06 1.4583e+02 -4.7835e+03 -7.0305e+03 -2.9003e+03 1.0368e+04
-1.3331e+06 1.5101e+02 -4.7466e+03 -6.9999e+03 -4.2198e+03 9.8835e+03
-5.2289e+06 1.5490e+02 -4.7094e+03 -6.9686e+03 -9.8516e+03 8.5918e+03
-5.6178e+06 1.5427e+02 -4.6718e+03 -6.9365e+03 -1.5506e+04 8.6643e+03
3.1382e+06 1.4390e+02 -4.6339e+03 -6.9039e+03 5.9109e+02 1.1737e+04
7.1250e+06 1.2148e+02 -4.5956e+03 -6.8705e+03 7.9474e+04 1.5837e+04
2.1164e+06 9.0617e+01 -4.5569e+03 -6.8364e+03 2.3810e+05 1.2381e+04
-9.0878e+06 5.7580e+01 -3.2994e+03 -6.4902e+03 4.4270e+05 5.9495e+03
-1.7113e+07 3.0992e+01 -5.0118e+02 -5.7586e+03 6.2581e+05 -2.7855e+03
-1.2626e+07 2.6603e+01 2.2995e+03 -5.0385e+03 7.3526e+05 -3.1251e+03
-4.9562e+06 5.0427e+01 5.1552e+03 -4.3174e+03 7.7699e+05 3.2241e+03
-2.5945e+06 8.3634e+01 8.0150e+03 -3.6086e+03 7.8572e+05 2.7510e+03
-7.1895e+06 1.0822e+02 1.0872e+04 -2.9072e+03 7.7859e+05 2.2176e+03
-1.2083e+07 1.2707e+02 1.3725e+04 -2.2103e+03 7.4219e+05 -5.1245e+03
-1.3849e+07 1.4855e+02 1.6571e+04 -1.5192e+03 6.4004e+05 -6.3335e+03
-7.4681e+06 1.7426e+02 1.9412e+04 -8.3498e+02 4.5870e+05 -5.5280e+03
1.6099e+06 2.0666e+02 2.0502e+04 -5.8301e+02 2.5323e+05 3.0317e+03
7.4600e+06 2.3842e+02 2.0552e+04 -5.8664e+02 9.2947e+04 8.3728e+03
4.1455e+06 2.5324e+02 2.0596e+04 -5.9359e+02 8.5435e+03 -1.7350e+03
-2.8421e+06 2.3895e+02 2.0586e+04 -6.1439e+02 -1.6842e+04 -7.0234e+03
-2.7835e+06 2.0312e+02 2.0576e+04 -6.3686e+02 -2.2034e+04 -1.3741e+04
-3.5571e+06 1.7036e+02 2.0564e+04 -6.6101e+02 -1.5977e+04 -1.3750e+04
-3.3831e+06 1.4798e+02 2.0551e+04 -6.8682e+02 -4.0985e+03 -6.4397e+03
-3.0109e+06 1.3488e+02 2.0538e+04 -7.1431e+02 -6.6240e+01 -3.5765e+03
-3.3384e+06 1.2937e+02 2.0523e+04 -7.4348e+02 -4.3317e+02 -4.0603e+03
-3.1642e+06 1.2540e+02 2.0507e+04 -7.7430e+02 -2.2244e+02 -4.3334e+03
-3.2721e+06 1.2180e+02 2.0491e+04 -8.0679e+02 -1.5988e+02 -4.6315e+03
-3.2250e+06 1.1897e+02 2.0473e+04 -8.4092e+02 -1.3378e+02 -5.0245e+03
-3.2880e+06 1.1648e+02 2.0454e+04 -8.7671e+02 -6.7202e+01 -5.2659e+03
-3.5399e+06 1.3906e+02 -4.9627e+03 -7.1155e+03 -1.3355e+03 1.0080e+04
-2.5805e+06 1.4294e+02 -4.9275e+03 -7.0874e+03 -1.5566e+03 1.0261e+04
-1.6182e+06 1.4611e+02 -4.8921e+03 -7.0587e+03 -1.0533e+03 1.0506e+04
-2.6801e+05 1.5017e+02 -4.8562e+03 -7.0293e+03 -2.0707e+03 1.0039e+04
-3.4853e+06 1.5446e+02 -4.8200e+03 -6.9991e+03 -7.6853e+03 7.8691e+03
-6.5344e+06 1.5484e+02 -4.7835e+03 -6.9683e+03 -1.6201e+04 8.6732e+03
2.8735e+06 1.4648e+02 -4.7466e+03 -6.9368e+03 -1.0408e+04 9.8075e+03
7.3722e+06 1.2654e+02 -4.7093e+03 -6.9045e+03 5.5385e+04 1.9553e+04
3.7041e+06 9.7593e+01 -4.6717e+03 -6.8716e+03 2.0027e+05 8.5747e+03
-5.8124e+06 7.0921e+01 -3.9589e+03 -6.6649e+03 3.9912e+05 1.0594e+03
-1.5303e+07 5.2669e+01 -1.1682e+03 -5.9316e+03 5.9409e+05 3.8433e+03
-1.3413e+07 3.5928e+01 1.6267e+03 -5.2087e+03 7.2156e+05 6.2426e+01
-7.6546e+06 2.4719e+01 4.4675e+03 -4.4865e+03 7.7627e+05 3.3859e+03
-3.0718e+06 4.0113e+01 7.3251e+03 -3.7727e+03 7.8962e+05 1.0056e+03
-5.2129e+06 8.0644e+01 1.0183e+04 -3.0675e+03 7.8939e+05 2.2576e+03
-1.1531e+07 1.1741e+02 1.3037e+04 -2.3653e+03 7.6670e+05 -5.1967e+02
-1.4169e+07 1.4236e+02 1.5888e+04 -1.6672e+03 6.7538e+05 -1.1055e+04
-9.8190e+06 1.6947e+02 1.8734e+04 -9.7445e+02 5.0881e+05 -6.5181e+03
-7.6692e+05 1.9916e+02 2.0504e+04 -5.5052e+02 3.0962e+05 2.2122e+03
6.4250e+06 2.2201e+02 2.0558e+04 -5.5063e+02 1.3027e+05 3.9597e+03
3.9890e+06 2.3937e+02 2.0611e+04 -5.5260e+02 2.2323e+04 3.2252e+03
-2.4122e+06 2.4871e+02 2.0612e+04 -5.6821e+02 -1.2401e+04 -2.4444e+03
-4.3685e+06 2.4130e+02 2.0604e+04 -5.8726e+02 -1.6950e+04 -1.2888e+03
-1.3312e+06 2.1984e+02 2.0595e+04 -6.0797e+02 -1.6887e+04 -9.4609e+00
-2.2162e+06 1.9391e+02 2.0586e+04 -6.3036e+02 -1.8088e+04 -4.4050e+03
-4.0345e+06 1.6935e+02 2.0575e+04 -6.5441e+02 -1.4945e+04 -8.7301e+03
-3.3724e+06 1.4683e+02 2.0564e+04 -6.8014e+02 -4.9035e+03 -5.5224e+03
-3.0847e+06 1.3094e+02 2.0551e+04 -7.0754e+02 2.4098e+01 -3.5362e+03
-3.2852e+06 1.2317e+02 2.0538e+04 -7.3660e+02 -2.3287e+02 -3.8599e+03
-3.2556e+06 1.1887e+02 2.0523e+04 -7.6733e+02 -3.9373e+01 -4.0911e+03
-3.3000e+06 1.1598e+02 2.0507e+04 -7.9972e+02 -9.1002e+01 -4.3828e+03
-3.2868e+06 1.1384e+02 2.0490e+04 -8.3375e+02 -6.2315e+01 -4.7348e+03
-3.2750e+06 1.1193e+02 2.0472e+04 -8.6943e+02 -1.3605e+01 -4.9831e+03
-2.5044e+06 1.4656e+02 -4.9975e+03 -7.0852e+03 -3.0789e+03 9.4158e+03
-4.6280e+06 1.5115e+02 -4.9627e+03 -7.0570e+03 -5.5165e+03 1.0108e+04
-5.2958e+06 1.5350e+02 -4.9276e+03 -7.0280e+03 -8.8109e+03 9.4264e+03
-9.2545e+06 1.5292e+02 -4.8921e+03 -6.9984e+03 -1.7628e+04 7.6579e+03
7.1552e+05 1.4686e+02 -4.8562e+03 -6.9680e+03 -1.8353e+04 5.7077e+03
6.0897e+06 1.3062e+02 -4.8200e+03 -6.9370e+03 3.6047e+04 2.0334e+04
5.1672e+06 1.0237e+02 -4.7834e+03 -6.9052e+03 1.6687e+05 6.8669e+03
-3.5394e+06 7.0052e+01 -4.6038e+03 -6.8361e+03 3.6220e+05 1.6477e+03
-1.5235e+07 5.0593e+01 -1.8231e+03 -6.1023e+03 5.6564e+05 1.5522e+03
-1.4242e+07 5.3632e+01 9.6360e+02 -5.3779e+03 7.0731e+05 -8.1044e+03
-8.7736e+06 6.6386e+01 3.7870e+03 -4.6557e+03 7.7604e+05 5.3286e+03
-2.9257e+06 6.8593e+01 6.6397e+03 -3.9382e+03 7.9319e+05 4.0665e+03
-4.3931e+06 6.5422e+01 9.4946e+03 -3.2300e+03 7.9766e+05 2.5959e+03
-1.0810e+07 8.2172e+01 1.2348e+04 -2.5239e+03 7.8964e+05 2.0838e+03
-1.3889e+07 1.2159e+02 1.5200e+04 -1.8204e+03 7.1832e+05 -1.2351e+04
-1.1991e+07 1.6085e+02 1.8049e+04 -1.1206e+03 5.6241e+05 -2.2967e+03
-3.1819e+06 1.8893e+02 2.0499e+04 -5.2335e+02 3.4738e+05 1.0161e+03
5.8648e+06 2.1298e+02 2.0555e+04 -5.1999e+02 1.5239e+05 -1.0543e+03
4.9439e+06 2.3300e+02 2.0611e+04 -5.1845e+02 3.8952e+04 8.0637e+03
-7.0203e+04 2.3978e+02 2.0628e+04 -5.2744e+02 -8.3435e+03 -1.5421e+03
-4.0420e+06 2.3549e+02 2.0623e+04 -5.4309e+02 -1.8318e+04 -1.1386e+03
-1.8002e+06 2.2570e+02 2.0618e+04 -5.6039e+02 -1.5804e+04 -1.1831e+03
-1.8854e+06 2.1129e+02 2.0611e+04 -5.7936e+02 -1.4906e+04 -5.7561e+02
-3.0066e+06 1.9580e+02 2.0604e+04 -5.9999e+02 -1.4422e+04 1.6908e+03
-2.9118e+06 1.8149e+02 2.0595e+04 -6.2228e+02 -1.4251e+04 -8.3599e+01
-3.6717e+06 1.6476e+02 2.0586e+04 -6.4625e+02 -1.1103e+04 -3.9063e+03
-3.5538e+06 1.4496e+02 2.0575e+04 -6.7188e+02 -3.8362e+03 -3.8781e+03
-2.9823e+06 1.2889e+02 2.0564e+04 -6.9918e+02 -4.7133e+01 -3.4643e+03
-3.4483e+06 1.1938e+02 2.0551e+04 -7.2814e+02 -1.4177e+02 -3.6197e+03
-3.2415e+06 1.1434e+02 2.0537e+04 -7.5877e+02 -4.0776e-01 -3.8585e+03
-3.4025e+06 1.1182e+02 2.0523e+04 -7.9105e+02 -4.4396e+01 -4.1199e+03
-3.2962e+06 1.1029e+02 2.0507e+04 -8.2498e+02 -2.9845e+01 -4.4403e+03
-3.3398e+06 1.0906e+02 2.0490e+04 -8.6056e+02 -9.7853e+00 -4.7003e+03
-3.6936e+06 1.5110e+02 -5.0320e+03 -7.0553e+03 -8.7113e+03 8.2090e+03
-2.0321e+06 1.5166e+02 -4.9976e+03 -7.0268e+03 -1.1747e+04 8.9636e+03
3.3614e+06 1.4795e+02 -4.9627e+03 -6.9976e+03 -6.4152e+03 1.1880e+04
8.6177e+06 1.3607e+02 -4.9275e+03 -6.9678e+03 3.7002e+04 1.4296e+04
7.9388e+06 1.1215e+02 -4.8920e+03 -6.9372e+03 1.4220e+05 -2.0391e+03
-1.6219e+06 8.0018e+01 -4.8561e+03 -6.9059e+03 3.2296e+05 6.8256e+03
-1.4139e+07 4.8548e+01 -2.4645e+03 -6.2702e+03 5.3195e+05 2.7825e+03
-1.6675e+07 3.3678e+01 3.1143e+02 -5.5454e+03 6.9252e+05 -1.2693e+04
-1.0694e+07 4.7869e+01 3.1151e+03 -4.8244e+03 7.7362e+05 2.0564e+03
-3.2177e+06 7.6750e+01 5.9604e+03 -4.1044e+03 7.9329e+05 3.5792e+03
-3.8895e+06 9.9867e+01 8.8099e+03 -3.3940e+03 8.0011e+05 3.3984e+03
-9.0602e+06 1.1318e+02 1.1660e+04 -2.6854e+03 7.9705e+05 2.7998e+03
-1.2685e+07 1.2283e+02 1.4510e+04 -1.9779e+03 7.4668e+05 -8.0325e+03
-1.3559e+07 1.4185e+02 1.7359e+04 -1.2726e+03 6.1806e+05 2.7730e+03
-5.3827e+06 1.7482e+02 2.0206e+04 -5.7058e+02 4.1128e+05 -1.6986e+02
4.4684e+06 2.0842e+02 2.0544e+04 -4.9466e+02 1.9769e+05 1.0219e+03
6.4634e+06 2.2805e+02 2.0602e+04 -4.8968e+02 4.5665e+04 1.2941e+04
2.0207e+06 2.3357e+02 2.0636e+04 -4.9204e+02 -2.3922e+04 -2.2780e+02
-4.1870e+06 2.3043e+02 2.0634e+04 -5.0433e+02 -3.0174e+04 -5.6501e+02
-2.3726e+06 2.2029e+02 2.0632e+04 -5.1825e+02 -2.4390e+04 -1.4423e+03
-1.9643e+06 2.0872e+02 2.0628e+04 -5.3382e+02 -2.1683e+04 -1.5749e+03
-2.9705e+06 1.9923e+02 2.0623e+04 -5.5104e+02 -1.8249e+04 -1.8132e+03
-3.1120e+06 1.9045e+02 2.0618e+04 -5.6992e+02 -1.3425e+04 -2.3377e+03
-2.8229e+06 1.8192e+02 2.0611e+04 -5.9046e+02 -7.7938e+03 -7.0976e+02
-3.1955e+06 1.7265e+02 2.0604e+04 -6.1266e+02 -6.8895e+03 -1.1798e+03
-3.3441e+06 1.5959e+02 2.0595e+04 -6.3653e+02 -5.4025e+03 -3.1265e+03
-3.3602e+06 1.4307e+02 2.0586e+04 -6.6206e+02 -1.7426e+03 -3.2746e+03
-3.1080e+06 1.2834e+02 2.0575e+04 -6.8926e+02 -1.7204e+02 -3.2988e+03
-3.3197e+06 1.1826e+02 2.0563e+04 -7.1812e+02 -6.6641e+01 -3.3475e+03
-3.3096e+06 1.1238e+02 2.0551e+04 -7.4864e+02 -8.4521e+00 -3.5966e+03
-3.3611e+06 1.0939e+02 2.0537e+04 -7.8081e+02 -2.6716e+01 -3.8430e+03
-3.3496e+06 1.0802e+02 2.0522e+04 -8.1463e+02 -1.7771e+01 -4.1420e+03
-3.3361e+06 1.0732e+02 2.0507e+04 -8.5009e+02 -6.3344e+00 -4.4065e+03
1.7562e+06 1.3635e+02 -5.0662e+03 -7.0256e+03 3.3671e+04 2.1736e+04
1.1071e+06 1.2881e+02 -5.0320e+03 -6.9969e+03 8.0724e+04 1.9309e+04
-1.9202e+06 1.2048e+02 -4.9975e+03 -6.9675e+03 1.0993e+05 1.3474e+04
-8.9045e+06 1.0245e+02 -4.8475e+03 -6.8619e+03 1.7487e+05 4.3213e+04
-1.8098e+07 7.5390e+01 -3.0915e+03 -6.4347e+03 4.0915e+05 1.0206e+05
-1.9089e+07 5.1261e+01 -3.2850e+02 -5.7106e+03 6.6654e+05 6.5618e+04
-9.5896e+06 3.9482e+01 2.4534e+03 -4.9919e+03 7.6574e+05 3.5386e+03
-4.7805e+06 5.0261e+01 5.2887e+03 -4.2705e+03 7.8968e+05 2.9132e+03
-2.9348e+06 7.9427e+01 8.1300e+03 -3.5586e+03 8.0134e+05 2.7827e+03
-7.2524e+06 1.0937e+02 1.0975e+04 -2.8489e+03 7.9873e+05 3.2446e+03
-1.2038e+07 1.3379e+02 1.3820e+04 -2.1389e+03 7.6623e+05 -3.6953e+03
-1.3991e+07 1.5743e+02 1.6666e+04 -1.4295e+03 6.6044e+05 -2.4594e+03
-7.5372e+06 1.7960e+02 1.9512e+04 -7.2190e+02 4.7252e+05 -1.6101e+03
2.0396e+06 2.0114e+02 2.0524e+04 -4.7452e+02 2.5667e+05 7.6026e+03
7.2842e+06 2.2294e+02 2.0585e+04 -4.6619e+02 8.1289e+04 1.3868e+04
3.2287e+06 2.3795e+02 2.0635e+04 -4.6195e+02 -9.7085e+03 2.2805e+03
-3.9416e+06 2.3767e+02 2.0636e+04 -4.7092e+02 -3.0641e+04 1.2462e+03
-3.0979e+06 2.2434e+02 2.0637e+04 -4.8151e+02 -3.2193e+04 2.6349e+03
-1.8477e+06 2.0826e+02 2.0636e+04 -4.9372e+02 -3.1490e+04 1.7490e+03
-2.4067e+06 1.9517e+02 2.0634e+04 -5.0756e+02 -2.8467e+04 -8.6743e+02
-2.9790e+06 1.8687e+02 2.0632e+04 -5.2304e+02 -2.2680e+04 -3.1881e+03
-2.6537e+06 1.8208e+02 2.0628e+04 -5.4018e+02 -1.4716e+04 -3.8462e+03
-2.8176e+06 1.7713e+02 2.0623e+04 -5.5896e+02 -8.1364e+03 -2.9763e+03
-3.3625e+06 1.7054e+02 2.0618e+04 -5.7940e+02 -4.8111e+03 -1.6834e+03
-3.1828e+06 1.6318e+02 2.0611e+04 -6.0151e+02 -3.5475e+03 -1.7220e+03
-3.0417e+06 1.5391e+02 2.0604e+04 -6.2527e+02 -2.1255e+03 -2.5304e+03
-3.0932e+06 1.4168e+02 2.0595e+04 -6.5070e+02 -8.9504e+02 -3.0853e+03
-3.2066e+06 1.2891e+02 2.0585e+04 -6.7779e+02 -2.7851e+02 -3.0931e+03
-3.2740e+06 1.1886e+02 2.0575e+04 -7.0655e+02 -5.5371e+01 -3.1255e+03
-3.3230e+06 1.1219e+02 2.0563e+04 -7.3695e+02 -3.3136e+01 -3.3326e+03
-3.3661e+06 1.0818e+02 2.0551e+04 -7.6901e+02 -1.3397e+01 -3.5745e+03
-3.3642e+06 1.0629e+02 2.0537e+04 -8.0272e+02 -1.4378e+01 -3.8569e+03
-3.3510e+06 1.0555e+02 2.0522e+04 -8.3806e+02 4.5475e-01 -4.1186e+03
-4.7270e+06 1.0563e+02 -4.5571e+03 -6.6411e+03 2.2661e+05 4.6707e+04
-6.3146e+06 9.6373e+01 -3.7889e+03 -6.1347e+03 2.8431e+05 4.2374e+04
-1.2631e+07 8.1951e+01 -3.0168e+03 -5.6284e+03 3.2554e+05 3.2380e+04
2.6056e+07 5.9969e+01 -2.2409e+03 -5.1226e+03 4.2272e+05 5.0291e+04
1.1820e+07 4.9570e+01 -1.6816e+03 -4.7559e+03 7.3054e+05 2.2544e+05
-8.7802e+06 5.3864e+01 4.6259e+03 -4.4360e+03 9.0187e+05 1.9097e+05
5.5550e+06 6.8186e+01 7.4566e+03 -3.7230e+03 8.1423e+05 3.9875e+03
-9.4512e+06 9.4721e+01 1.0293e+04 -3.0136e+03 7.9395e+05 3.7693e+03
-9.7245e+06 1.2149e+02 1.3131e+04 -2.3024e+03 7.8674e+05 1.5966e+03
-1.5218e+07 1.5004e+02 1.5972e+04 -1.5904e+03 6.9357e+05 -7.3320e+03
-9.3013e+06 1.7905e+02 1.8814e+04 -8.7871e+02 5.2599e+05 -2.5237e+03
-6.5965e+05 2.0527e+02 2.0496e+04 -4.5946e+02 3.1361e+05 6.7384e+03
6.6664e+06 2.2512e+02 2.0560e+04 -4.4787e+02 1.2807e+05 9.1181e+03
3.7256e+06 2.3677e+02 2.0623e+04 -4.3796e+02 1.6084e+04 7.0887e+03
-2.6162e+06 2.3978e+02 2.0630e+04 -4.4280e+02 -2.4297e+04 2.0227e+03
-3.7011e+06 2.3281e+02 2.0633e+04 -4.5010e+02 -2.9796e+04 3.5696e+03
-1.4756e+06 2.1846e+02 2.0635e+04 -4.5900e+02 -2.5789e+04 5.1931e+03
-2.2326e+06 2.0288e+02 2.0636e+04 -4.6950e+02 -2.5023e+04 6.6531e+03
-2.7829e+06 1.9055e+02 2.0637e+04 -4.8163e+02 -2.5726e+04 4.9618e+03
-2.6407e+06 1.8172e+02 2.0636e+04 -4.9539e+02 -2.1309e+04 1.5717e+03
-2.5405e+06 1.7589e+02 2.0634e+04 -5.1078e+02 -1.5548e+04 -1.1058e+03
-3.1839e+06 1.7114e+02 2.0632e+04 -5.2782e+02 -1.1842e+04 -2.1650e+03
-3.3518e+06 1.6574e+02 2.0628e+04 -5.4651e+02 -6.7653e+03 -2.0704e+03
-2.8812e+06 1.5923e+02 2.0623e+04 -5.6685e+02 -3.1689e+03 -1.7079e+03
-3.1062e+06 1.5294e+02 2.0618e+04 -5.8885e+02 -1.8620e+03 -1.5242e+03
-3.0924e+06 1.4674e+02 2.0611e+04 -6.1251e+02 -1.4281e+03 -1.7346e+03
-3.1318e+06 1.3893e+02 2.0604e+04 -6.3783e+02 -9.4650e+02 -2.3770e+03
-3.1780e+06 1.2913e+02 2.0595e+04 -6.6481e+02 -4.3835e+02 -2.6781e+03
-3.2554e+06 1.1968e+02 2.0585e+04 -6.9345e+02 -1.4968e+02 -2.8133e+03
-3.3173e+06 1.1222e+02 2.0575e+04 -7.2374e+02 -7.7778e+01 -3.0129e+03
-3.3554e+06 1.0708e+02 2.0563e+04 -7.5568e+02 -3.6266e+01 -3.2748e+03
-3.3846e+06 1.0434e+02 2.0550e+04 -7.8927e+02 -1.7896e+01 -3.5593e+03
-3.3493e+06 1.0301e+02 2.0537e+04 -8.2449e+02 4.1942e+00 -3.8338e+03
-1.8548e+07 9.3303e+01 -1.9424e+03 -4.9062e+03 3.7964e+05 5.4931e+04
5.8278e+06 8.0343e+01 -1.1595e+03 -4.4015e+03 4.2859e+05 5.3901e+04
6.3541e+04 6.1236e+01 -3.8186e+02 -3.9032e+03 6.7087e+05 9.8024e+04
-1.2256e+07 4.7610e+01 4.1926e+02 -3.4115e+03 9.9595e+05 -9.5846e+04
-3.9577e+07 5.1084e+01 1.0058e+03 -3.0634e+03 1.2119e+06 -1.5075e+05
-2.3986e+07 6.9728e+01 9.6162e+03 -3.1788e+03 1.0875e+06 1.8949e+04
2.7283e+06 1.0274e+02 1.2446e+04 -2.4677e+03 8.1845e+05 4.2739e+03
-1.9966e+07 1.4319e+02 1.5279e+04 -1.7545e+03 7.1768e+05 -1.1526e+04
-9.1339e+06 1.7227e+02 1.8115e+04 -1.0401e+03 5.8035e+05 -1.0435e+03
-4.2056e+06 2.0087e+02 2.0461e+04 -4.4934e+02 3.6153e+05 4.8252e+03
6.4852e+06 2.2572e+02 2.0527e+04 -4.3460e+02 1.6920e+05 3.4790e+03
4.3902e+06 2.4041e+02 2.0592e+04 -4.2147e+02 4.1317e+04 1.1536e+04
-3.1004e+05 2.4307e+02 2.0616e+04 -4.1986e+02 -1.2726e+04 2.6175e+03
-4.0052e+06 2.3523e+02 2.0622e+04 -4.2394e+02 -2.5664e+04 4.3955e+03
-1.6372e+06 2.2191e+02 2.0626e+04 -4.2958e+02 -2.7061e+04 6.4454e+03
-2.0250e+06 2.0755e+02 2.0630e+04 -4.3681e+02 -2.7600e+04 7.6039e+03
-2.8816e+06 1.9536e+02 2.0633e+04 -4.4563e+02 -2.3770e+04 7.4200e+03
-2.9194e+06 1.8608e+02 2.0635e+04 -4.5605e+02 -1.8913e+04 6.5702e+03
-2.5247e+06 1.7926e+02 2.0636e+04 -4.6810e+02 -1.4760e+04 4.9001e+03
-2.9256e+06 1.7307e+02 2.0637e+04 -4.8176e+02 -1.2488e+04 3.1402e+03
-3.4161e+06 1.6730e+02 2.0636e+04 -4.9706e+02 -1.0027e+04 9.5482e+02
-3.1283e+06 1.6144e+02 2.0634e+04 -5.1400e+02 -6.5060e+03 -4.4366e+02
-3.0282e+06 1.5576e+02 2.0631e+04 -5.3259e+02 -2.9102e+03 -1.1171e+03
-3.1584e+06 1.4975e+02 2.0628e+04 -5.5283e+02 -1.6407e+03 -1.4491e+03
-3.0308e+06 1.4400e+02 2.0623e+04 -5.7472e+02 -9.9304e+02 -1.5500e+03
-3.1078e+06 1.3903e+02 2.0618e+04 -5.9827e+02 -6.9163e+02 -1.5797e+03
-3.1189e+06 1.3398e+02 2.0611e+04 -6.2348e+02 -5.3644e+02 -1.9057e+03
-3.1860e+06 1.2716e+02 2.0603e+04 -6.5034e+02 -3.6539e+02 -2.2739e+03
-3.2232e+06 1.1905e+02 2.0595e+04 -6.7886e+02 -1.2930e+02 -2.5317e+03
-3.2934e+06 1.1128e+02 2.0585e+04 -7.0903e+02 -3.9572e+01 -2.7323e+03
-3.3224e+06 1.0525e+02 2.0574e+04 -7.4085e+02 -5.0981e+00 -2.9888e+03
-3.3698e+06 1.0167e+02 2.0563e+04 -7.7431e+02 -1.2763e-01 -3.2651e+03
-3.3836e+06 9.9755e+01 2.0550e+04 -8.0941e+02 3.0939e-01 -3.5437e+03
