  1    1089
4.0032e+05 2.4009e+01 -5.6807e+03 -1.8357e+03 -9.1642e+00 3.0483e+02
6.7225e+05 2.6171e+01 -5.6762e+03 -1.8455e+03 9.9677e+00 3.8937e+02
8.0211e+05 2.6243e+01 -5.6716e+03 -1.8548e+03 3.5017e+00 4.7146e+02
7.9284e+05 2.6247e+01 -5.6669e+03 -1.8635e+03 -2.1778e+00 5.5702e+02
8.1350e+05 2.6249e+01 -5.6620e+03 -1.8717e+03 -5.5800e+00 6.3989e+02
8.2061e+05 2.6248e+01 -5.6569e+03 -1.8793e+03 -2.1103e+00 7.2318e+02
8.5119e+05 2.6248e+01 -5.6518e+03 -1.8864e+03 -3.5669e-01 8.0571e+02
8.2539e+05 2.6248e+01 -5.6465e+03 -1.8930e+03 -2.5457e+00 8.8756e+02
8.4822e+05 2.6247e+01 -5.6411e+03 -1.8990e+03 2.4263e+00 9.6910e+02
8.1442e+05 2.6247e+01 -5.6356e+03 -1.9046e+03 1.1136e+00 1.0499e+03
7.9369e+05 2.6249e+01 -5.6300e+03 -1.9097e+03 -5.3442e+00 1.1303e+03
7.7420e+05 2.6248e+01 -5.6243e+03 -1.9143e+03 -3.1865e+00 1.2101e+03
7.8489e+05 2.6248e+01 -5.6185e+03 -1.9184e+03 -3.7278e+00 1.2893e+03
7.6497e+05 2.6248e+01 -5.6126e+03 -1.9221e+03 -5.4329e+00 1.3682e+03
8.0166e+05 2.6246e+01 -5.6065e+03 -1.9253e+03 5.5093e-01 1.4463e+03
7.6122e+05 2.6246e+01 -5.6005e+03 -1.9280e+03 1.5650e+00 1.5238e+03
7.3287e+05 2.6248e+01 -5.5943e+03 -1.9304e+03 -5.0567e+00 1.6008e+03
6.5866e+05 2.6248e+01 -5.5880e+03 -1.9323e+03 -5.9815e+00 1.6772e+03
6.5621e+05 2.6246e+01 -5.5817e+03 -1.9338e+03 -8.0159e-01 1.7531e+03
5.4252e+05 2.6245e+01 -5.5753e+03 -1.9348e+03 -1.5700e+00 1.8283e+03
5.1082e+05 2.6246e+01 -5.5688e+03 -1.9355e+03 -4.9729e+00 1.9028e+03
5.4034e+05 2.6245e+01 -5.5622e+03 -1.9358e+03 -3.4530e+00 1.9769e+03
4.8162e+05 2.6244e+01 -5.5556e+03 -1.9357e+03 -2.0788e+00 2.0502e+03
4.8301e+05 2.6242e+01 -5.5490e+03 -1.9352e+03 1.0115e+00 2.1228e+03
4.3463e+05 2.6241e+01 -5.5422e+03 -1.9344e+03 1.3752e+00 2.1949e+03
3.0572e+05 2.6240e+01 -5.5354e+03 -1.9332e+03 -2.7798e+00 2.2665e+03
3.6597e+05 2.6239e+01 -5.5286e+03 -1.9317e+03 -1.5804e+00 2.3372e+03
1.1340e+05 2.6237e+01 -5.5217e+03 -1.9298e+03 1.2280e+00 2.4072e+03
2.0032e+05 2.6238e+01 -5.5148e+03 -1.9276e+03 2.0296e+00 2.4770e+03
2.6895e+05 2.6237e+01 -5.5078e+03 -1.9251e+03 3.3494e+00 2.5461e+03
-9.3975e+02 2.6486e+01 -5.5008e+03 -1.9223e+03 4.4846e+00 2.6152e+03
7.7927e+04 2.7962e+01 -5.4937e+03 -1.9192e+03 5.0818e+00 2.6818e+03
-4.6518e+04 3.0479e+01 -5.4866e+03 -1.9158e+03 1.4181e+01 2.7521e+03
5.6867e+05 2.5148e+01 -5.6850e+03 -1.8240e+03 7.3090e+00 2.6622e+02
7.9978e+05 2.6239e+01 -5.6807e+03 -1.8338e+03 8.0560e+00 3.5133e+02
8.5319e+05 2.6244e+01 -5.6763e+03 -1.8429e+03 1.0973e+00 4.4596e+02
8.6336e+05 2.6248e+01 -5.6717e+03 -1.8516e+03 -2.9401e+00 5.2863e+02
8.5297e+05 2.6249e+01 -5.6670e+03 -1.8597e+03 -5.7096e+00 6.1182e+02
8.8623e+05 2.6247e+01 -5.6621e+03 -1.8673e+03 2.3424e-01 6.9478e+02
8.5982e+05 2.6248e+01 -5.6571e+03 -1.8744e+03 -1.1729e+00 7.7718e+02
8.2679e+05 2.6250e+01 -5.6520e+03 -1.8809e+03 -8.7325e+00 8.5906e+02
8.1450e+05 2.6249e+01 -5.6468e+03 -1.8870e+03 -3.5691e+00 9.4052e+02
8.3616e+05 2.6247e+01 -5.6415e+03 -1.8925e+03 2.7827e+00 1.0212e+03
8.0138e+05 2.6248e+01 -5.6360e+03 -1.8976e+03 -1.8970e-01 1.1018e+03
7.7816e+05 2.6248e+01 -5.6305e+03 -1.9022e+03 -3.6792e+00 1.1816e+03
7.4794e+05 2.6248e+01 -5.6248e+03 -1.9063e+03 -3.4553e+00 1.2607e+03
7.5051e+05 2.6248e+01 -5.6191e+03 -1.9099e+03 -5.2062e+00 1.3395e+03
7.3584e+05 2.6247e+01 -5.6132e+03 -1.9131e+03 -4.8970e+00 1.4177e+03
7.7104e+05 2.6246e+01 -5.6073e+03 -1.9159e+03 5.5561e-01 1.4952e+03
7.3534e+05 2.6246e+01 -5.6012e+03 -1.9182e+03 1.2663e+00 1.5722e+03
7.3421e+05 2.6246e+01 -5.5951e+03 -1.9201e+03 -1.5569e+00 1.6486e+03
6.8677e+05 2.6246e+01 -5.5889e+03 -1.9216e+03 -1.1896e+00 1.7244e+03
7.1207e+05 2.6246e+01 -5.5827e+03 -1.9227e+03 -2.3402e+00 1.7994e+03
6.4249e+05 2.6245e+01 -5.5763e+03 -1.9234e+03 -1.9489e+00 1.8740e+03
5.4029e+05 2.6244e+01 -5.5699e+03 -1.9237e+03 8.2130e-03 1.9481e+03
5.1344e+05 2.6243e+01 -5.5634e+03 -1.9236e+03 -4.4365e+00 2.0214e+03
4.5124e+05 2.6241e+01 -5.5569e+03 -1.9232e+03 -3.0712e+00 2.0942e+03
4.5228e+05 2.6237e+01 -5.5503e+03 -1.9224e+03 6.8984e+00 2.1663e+03
4.5394e+05 2.6235e+01 -5.5436e+03 -1.9212e+03 7.1235e+00 2.2379e+03
2.4599e+05 2.6235e+01 -5.5369e+03 -1.9197e+03 1.8866e+00 2.3088e+03
3.4132e+05 2.6235e+01 -5.5301e+03 -1.9178e+03 1.3741e+00 2.3786e+03
1.0711e+05 2.6234e+01 -5.5233e+03 -1.9157e+03 -4.6023e+00 2.4481e+03
-1.0958e+05 2.6233e+01 -5.5165e+03 -1.9132e+03 -6.8797e+00 2.5176e+03
1.0080e+05 2.6249e+01 -5.5096e+03 -1.9104e+03 4.5565e+00 2.5873e+03
-3.6707e+04 2.6678e+01 -5.5026e+03 -1.9073e+03 5.0937e+00 2.6546e+03
-6.7851e+04 2.8646e+01 -5.4956e+03 -1.9039e+03 -7.7172e+00 2.7153e+03
7.5790e+05 2.6175e+01 -5.6890e+03 -1.8127e+03 1.9486e+01 2.2977e+02
8.5601e+05 2.6239e+01 -5.6849e+03 -1.8224e+03 6.5151e+00 3.0211e+02
8.9391e+05 2.6244e+01 -5.6807e+03 -1.8315e+03 1.4765e+00 3.9585e+02
8.9725e+05 2.6245e+01 -5.6763e+03 -1.8401e+03 1.8431e+00 4.7886e+02
9.1891e+05 2.6246e+01 -5.6717e+03 -1.8482e+03 1.1989e+00 5.6209e+02
9.1741e+05 2.6245e+01 -5.6671e+03 -1.8557e+03 5.4605e+00 6.4493e+02
9.0614e+05 2.6246e+01 -5.6623e+03 -1.8627e+03 3.7536e+00 7.2713e+02
8.4400e+05 2.6249e+01 -5.6573e+03 -1.8692e+03 -5.0899e+00 8.0915e+02
8.4647e+05 2.6249e+01 -5.6523e+03 -1.8753e+03 -5.9833e+00 8.9050e+02
8.6064e+05 2.6247e+01 -5.6471e+03 -1.8808e+03 1.5908e+00 9.7117e+02
8.7160e+05 2.6246e+01 -5.6418e+03 -1.8858e+03 2.1785e+00 1.0516e+03
8.3826e+05 2.6247e+01 -5.6364e+03 -1.8904e+03 -3.3776e+00 1.1313e+03
8.6518e+05 2.6246e+01 -5.6309e+03 -1.8945e+03 3.8716e-01 1.2105e+03
8.6799e+05 2.6245e+01 -5.6253e+03 -1.8981e+03 3.2811e+00 1.2893e+03
8.7912e+05 2.6244e+01 -5.6196e+03 -1.9013e+03 8.4502e-01 1.3673e+03
8.4934e+05 2.6243e+01 -5.6139e+03 -1.9041e+03 4.9528e+00 1.4447e+03
8.3311e+05 2.6243e+01 -5.6080e+03 -1.9064e+03 6.4575e+00 1.5217e+03
7.1941e+05 2.6244e+01 -5.6020e+03 -1.9083e+03 1.1263e+00 1.5983e+03
6.7309e+05 2.6244e+01 -5.5960e+03 -1.9098e+03 -3.7097e-01 1.6741e+03
5.7062e+05 2.6243e+01 -5.5898e+03 -1.9109e+03 7.7646e-01 1.7491e+03
5.6877e+05 2.6241e+01 -5.5836e+03 -1.9116e+03 1.8794e+00 1.8239e+03
5.6299e+05 2.6241e+01 -5.5774e+03 -1.9119e+03 -2.4265e-01 1.8979e+03
4.6335e+05 2.6241e+01 -5.5710e+03 -1.9119e+03 -5.8374e+00 1.9711e+03
4.5529e+05 2.6238e+01 -5.5646e+03 -1.9114e+03 -3.2675e+00 2.0440e+03
4.2106e+05 2.6233e+01 -5.5581e+03 -1.9106e+03 6.2816e+00 2.1159e+03
2.9527e+05 2.6231e+01 -5.5516e+03 -1.9095e+03 6.7964e+00 2.1875e+03
2.9086e+05 2.6231e+01 -5.5450e+03 -1.9080e+03 -1.7410e+00 2.2586e+03
1.0653e+04 2.6230e+01 -5.5383e+03 -1.9062e+03 -6.2724e+00 2.3286e+03
1.0700e+05 2.6227e+01 -5.5316e+03 -1.9041e+03 -2.6402e+00 2.3974e+03
2.5430e+05 2.6224e+01 -5.5249e+03 -1.9016e+03 3.7604e+00 2.4669e+03
-7.3351e+04 2.6220e+01 -5.5181e+03 -1.8988e+03 1.0277e+01 2.5352e+03
-1.1224e+05 2.6230e+01 -5.5113e+03 -1.8958e+03 9.0502e+00 2.6105e+03
-1.1023e+05 2.7858e+01 -5.5044e+03 -1.8924e+03 1.3219e+01 2.6739e+03
8.6353e+05 2.6363e+01 -5.6928e+03 -1.8017e+03 1.4567e+01 1.8951e+02
9.4445e+05 2.6243e+01 -5.6889e+03 -1.8114e+03 4.6665e+00 2.6493e+02
9.4099e+05 2.6245e+01 -5.6849e+03 -1.8204e+03 2.5826e+00 3.5833e+02
9.5733e+05 2.6245e+01 -5.6807e+03 -1.8290e+03 3.9777e+00 4.4105e+02
9.3727e+05 2.6246e+01 -5.6763e+03 -1.8370e+03 8.8930e-01 5.2431e+02
9.3427e+05 2.6247e+01 -5.6718e+03 -1.8445e+03 -3.5128e-02 6.0713e+02
9.0234e+05 2.6247e+01 -5.6672e+03 -1.8515e+03 5.6418e-01 6.8939e+02
8.7683e+05 2.6248e+01 -5.6624e+03 -1.8580e+03 -3.5007e+00 7.7119e+02
8.4322e+05 2.6249e+01 -5.6575e+03 -1.8639e+03 -5.2859e+00 8.5247e+02
8.6729e+05 2.6247e+01 -5.6525e+03 -1.8694e+03 -1.8004e-01 9.3324e+02
8.4773e+05 2.6247e+01 -5.6474e+03 -1.8745e+03 -6.4634e-01 1.0134e+03
8.3968e+05 2.6247e+01 -5.6422e+03 -1.8790e+03 -4.3486e+00 1.0931e+03
8.3413e+05 2.6245e+01 -5.6368e+03 -1.8831e+03 8.9997e-01 1.1723e+03
8.5472e+05 2.6244e+01 -5.6314e+03 -1.8867e+03 3.4953e+00 1.2509e+03
8.3256e+05 2.6243e+01 -5.6259e+03 -1.8899e+03 4.2326e+00 1.3289e+03
8.5688e+05 2.6242e+01 -5.6202e+03 -1.8926e+03 8.9614e+00 1.4065e+03
7.8103e+05 2.6242e+01 -5.6145e+03 -1.8950e+03 5.9861e+00 1.4834e+03
7.3375e+05 2.6245e+01 -5.6087e+03 -1.8969e+03 -2.9114e+00 1.5597e+03
6.5870e+05 2.6245e+01 -5.6028e+03 -1.8984e+03 -5.2386e+00 1.6355e+03
7.2331e+05 2.6241e+01 -5.5968e+03 -1.8995e+03 2.7234e+00 1.7106e+03
6.6691e+05 2.6238e+01 -5.5907e+03 -1.9002e+03 5.9591e+00 1.7854e+03
5.6634e+05 2.6237e+01 -5.5846e+03 -1.9005e+03 4.0437e-01 1.8592e+03
5.2322e+05 2.6236e+01 -5.5784e+03 -1.9004e+03 -8.1357e-01 1.9325e+03
4.3379e+05 2.6233e+01 -5.5721e+03 -1.9000e+03 5.3040e-01 2.0055e+03
3.8473e+05 2.6230e+01 -5.5657e+03 -1.8992e+03 3.5299e+00 2.0774e+03
3.6038e+05 2.6228e+01 -5.5593e+03 -1.8981e+03 1.8589e+00 2.1490e+03
1.3869e+05 2.6227e+01 -5.5528e+03 -1.8966e+03 -4.6290e+00 2.2199e+03
2.5289e+05 2.6223e+01 -5.5463e+03 -1.8948e+03 -9.7292e-01 2.2900e+03
3.0466e+04 2.6218e+01 -5.5397e+03 -1.8927e+03 3.6942e-01 2.3592e+03
-2.4490e+05 2.6212e+01 -5.5331e+03 -1.8903e+03 3.3144e+00 2.4286e+03
-3.1671e+04 2.6209e+01 -5.5264e+03 -1.8876e+03 1.4806e+01 2.4972e+03
-1.8501e+05 2.6211e+01 -5.5197e+03 -1.8845e+03 7.3878e+00 2.5716e+03
-3.8108e+05 2.7869e+01 -5.5129e+03 -1.8812e+03 -1.1791e+01 2.6355e+03
9.0856e+05 2.6241e+01 -5.6964e+03 -1.7912e+03 4.4377e+00 1.5187e+02
9.4509e+05 2.6246e+01 -5.6927e+03 -1.8008e+03 -2.9964e+00 2.2670e+02
9.6288e+05 2.6247e+01 -5.6888e+03 -1.8098e+03 -1.8597e+00 3.2002e+02
9.6690e+05 2.6247e+01 -5.6848e+03 -1.8183e+03 -3.0663e-01 4.0282e+02
9.6175e+05 2.6248e+01 -5.6806e+03 -1.8262e+03 -3.9435e+00 4.8581e+02
9.4837e+05 2.6248e+01 -5.6763e+03 -1.8337e+03 -4.1913e+00 5.6848e+02
9.3924e+05 2.6248e+01 -5.6719e+03 -1.8406e+03 -2.4531e+00 6.5080e+02
9.1939e+05 2.6248e+01 -5.6673e+03 -1.8470e+03 -2.4279e+00 7.3229e+02
9.2242e+05 2.6248e+01 -5.6626e+03 -1.8530e+03 -4.1349e-01 8.1345e+02
9.2291e+05 2.6247e+01 -5.6577e+03 -1.8585e+03 7.3673e-01 8.9433e+02
9.1509e+05 2.6247e+01 -5.6528e+03 -1.8634e+03 -1.7167e+00 9.7445e+02
9.1888e+05 2.6246e+01 -5.6477e+03 -1.8680e+03 1.5932e-01 1.0541e+03
9.3293e+05 2.6245e+01 -5.6425e+03 -1.8720e+03 4.0802e+00 1.1332e+03
9.0685e+05 2.6245e+01 -5.6372e+03 -1.8756e+03 -7.0918e-01 1.2117e+03
9.0195e+05 2.6245e+01 -5.6319e+03 -1.8788e+03 -4.3459e-01 1.2897e+03
8.7958e+05 2.6242e+01 -5.6264e+03 -1.8815e+03 6.9887e+00 1.3673e+03
8.1979e+05 2.6243e+01 -5.6208e+03 -1.8839e+03 3.4337e+00 1.4442e+03
6.8385e+05 2.6245e+01 -5.6151e+03 -1.8858e+03 -7.4037e+00 1.5205e+03
6.2892e+05 2.6245e+01 -5.6093e+03 -1.8873e+03 -1.0728e+01 1.5963e+03
5.9480e+05 2.6239e+01 -5.6035e+03 -1.8883e+03 1.4657e+00 1.6716e+03
6.3153e+05 2.6234e+01 -5.5976e+03 -1.8891e+03 1.0759e+01 1.7462e+03
6.2001e+05 2.6232e+01 -5.5916e+03 -1.8894e+03 8.0372e+00 1.8199e+03
4.9996e+05 2.6230e+01 -5.5855e+03 -1.8893e+03 5.8649e+00 1.8933e+03
4.5983e+05 2.6228e+01 -5.5793e+03 -1.8889e+03 1.3721e+00 1.9661e+03
3.3393e+05 2.6225e+01 -5.5731e+03 -1.8882e+03 -1.4345e+00 2.0384e+03
2.0719e+05 2.6221e+01 -5.5668e+03 -1.8870e+03 9.2294e-01 2.1100e+03
2.0176e+05 2.6217e+01 -5.5605e+03 -1.8856e+03 5.4019e-01 2.1808e+03
-5.1750e+04 2.6211e+01 -5.5541e+03 -1.8838e+03 2.5449e+00 2.2509e+03
2.3744e+04 2.6204e+01 -5.5476e+03 -1.8817e+03 1.1631e+01 2.3198e+03
2.2146e+05 2.6198e+01 -5.5411e+03 -1.8793e+03 2.0145e+01 2.3890e+03
-3.2632e+05 2.6194e+01 -5.5345e+03 -1.8766e+03 8.6833e+00 2.4584e+03
-4.6288e+05 2.6418e+01 -5.5279e+03 -1.8736e+03 -3.9901e+00 2.5325e+03
-2.9411e+05 2.8317e+01 -5.5213e+03 -1.8703e+03 2.3101e+01 2.5959e+03
9.9542e+05 2.6241e+01 -5.6998e+03 -1.7811e+03 9.7678e+00 1.1378e+02
1.0232e+06 2.6246e+01 -5.6963e+03 -1.7905e+03 -3.9099e-01 1.8854e+02
9.9861e+05 2.6247e+01 -5.6926e+03 -1.7995e+03 -2.5906e+00 2.8169e+02
1.0205e+06 2.6247e+01 -5.6888e+03 -1.8079e+03 -1.1658e+00 3.6454e+02
1.0169e+06 2.6246e+01 -5.6848e+03 -1.8158e+03 4.3255e-01 4.4746e+02
1.0379e+06 2.6245e+01 -5.6806e+03 -1.8232e+03 5.0191e+00 5.2998e+02
9.8629e+05 2.6247e+01 -5.6763e+03 -1.8301e+03 9.6059e-01 6.1205e+02
9.6110e+05 2.6248e+01 -5.6719e+03 -1.8365e+03 -4.1087e+00 6.9365e+02
9.4878e+05 2.6247e+01 -5.6674e+03 -1.8424e+03 1.3607e+00 7.7488e+02
9.6457e+05 2.6246e+01 -5.6627e+03 -1.8478e+03 3.2408e+00 8.5552e+02
9.2804e+05 2.6246e+01 -5.6579e+03 -1.8528e+03 -5.3543e-01 9.3556e+02
9.3433e+05 2.6245e+01 -5.6530e+03 -1.8573e+03 1.0317e+00 1.0151e+03
8.9619e+05 2.6245e+01 -5.6480e+03 -1.8613e+03 2.7943e+00 1.0943e+03
8.6816e+05 2.6246e+01 -5.6429e+03 -1.8649e+03 -4.4865e+00 1.1729e+03
8.2201e+05 2.6245e+01 -5.6376e+03 -1.8681e+03 -4.7160e+00 1.2508e+03
8.5580e+05 2.6242e+01 -5.6323e+03 -1.8708e+03 3.9875e+00 1.3281e+03
7.6604e+05 2.6243e+01 -5.6269e+03 -1.8731e+03 4.3488e-01 1.4051e+03
7.2186e+05 2.6244e+01 -5.6213e+03 -1.8750e+03 -7.8203e+00 1.4814e+03
6.5202e+05 2.6242e+01 -5.6157e+03 -1.8765e+03 -5.1491e+00 1.5571e+03
7.2566e+05 2.6236e+01 -5.6100e+03 -1.8776e+03 5.4659e+00 1.6322e+03
6.4970e+05 2.6232e+01 -5.6042e+03 -1.8783e+03 1.0123e+01 1.7067e+03
5.8530e+05 2.6229e+01 -5.5984e+03 -1.8786e+03 9.9996e+00 1.7808e+03
5.3730e+05 2.6224e+01 -5.5924e+03 -1.8786e+03 1.0131e+01 1.8542e+03
4.1164e+05 2.6220e+01 -5.5864e+03 -1.8782e+03 4.7402e+00 1.9269e+03
3.3461e+05 2.6215e+01 -5.5803e+03 -1.8774e+03 4.4734e+00 1.9992e+03
3.2553e+05 2.6209e+01 -5.5741e+03 -1.8763e+03 9.3582e+00 2.0705e+03
1.0714e+05 2.6202e+01 -5.5679e+03 -1.8749e+03 1.2390e+01 2.1415e+03
2.1518e+05 2.6195e+01 -5.5616e+03 -1.8731e+03 1.7587e+01 2.2116e+03
-1.0419e+05 2.6187e+01 -5.5553e+03 -1.8710e+03 9.8127e+00 2.2807e+03
-5.5116e+05 2.6177e+01 -5.5489e+03 -1.8686e+03 6.6603e+00 2.3508e+03
-3.1954e+05 2.6140e+01 -5.5424e+03 -1.8659e+03 1.9946e+01 2.4196e+03
-4.7296e+05 2.6978e+01 -5.5359e+03 -1.8629e+03 1.4270e+01 2.4935e+03
-8.9921e+05 2.9488e+01 -5.5294e+03 -1.8597e+03 -1.2273e+01 2.5571e+03
1.0192e+06 2.6244e+01 -5.7030e+03 -1.7713e+03 6.6851e+00 7.5993e+01
1.0365e+06 2.6246e+01 -5.6997e+03 -1.7807e+03 1.9086e+00 1.5086e+02
1.0536e+06 2.6246e+01 -5.6962e+03 -1.7896e+03 2.1252e+00 2.4394e+02
1.0704e+06 2.6245e+01 -5.6925e+03 -1.7979e+03 4.2181e+00 3.2631e+02
1.0916e+06 2.6245e+01 -5.6887e+03 -1.8058e+03 5.7971e+00 4.0916e+02
1.0897e+06 2.6244e+01 -5.6847e+03 -1.8131e+03 8.9420e+00 4.9175e+02
1.0450e+06 2.6246e+01 -5.6806e+03 -1.8200e+03 2.3352e+00 5.7369e+02
9.9806e+05 2.6248e+01 -5.6763e+03 -1.8263e+03 -5.0970e+00 6.5535e+02
1.0073e+06 2.6247e+01 -5.6720e+03 -1.8322e+03 5.8540e-01 7.3637e+02
1.0165e+06 2.6245e+01 -5.6675e+03 -1.8376e+03 5.9090e+00 8.1679e+02
9.9392e+05 2.6246e+01 -5.6628e+03 -1.8425e+03 1.6638e+00 8.9700e+02
9.8198e+05 2.6245e+01 -5.6581e+03 -1.8470e+03 1.1392e+00 9.7641e+02
9.7599e+05 2.6244e+01 -5.6532e+03 -1.8510e+03 4.3201e+00 1.0554e+03
9.2541e+05 2.6246e+01 -5.6483e+03 -1.8545e+03 -3.1801e+00 1.1338e+03
9.0431e+05 2.6245e+01 -5.6432e+03 -1.8577e+03 -3.4354e+00 1.2119e+03
8.9389e+05 2.6241e+01 -5.6380e+03 -1.8604e+03 8.2391e+00 1.2894e+03
8.4371e+05 2.6240e+01 -5.6327e+03 -1.8627e+03 5.2032e+00 1.3660e+03
7.2654e+05 2.6241e+01 -5.6273e+03 -1.8645e+03 -2.8384e+00 1.4421e+03
6.8123e+05 2.6238e+01 -5.6219e+03 -1.8660e+03 -4.4141e-01 1.5180e+03
5.8617e+05 2.6235e+01 -5.6163e+03 -1.8671e+03 3.0032e+00 1.5931e+03
5.4840e+05 2.6232e+01 -5.6107e+03 -1.8678e+03 9.4498e-01 1.6677e+03
4.9493e+05 2.6229e+01 -5.6049e+03 -1.8681e+03 -1.3814e+00 1.7417e+03
3.9831e+05 2.6221e+01 -5.5991e+03 -1.8681e+03 5.5275e+00 1.8149e+03
4.2349e+05 2.6212e+01 -5.5932e+03 -1.8677e+03 1.3710e+01 1.8878e+03
3.0298e+05 2.6203e+01 -5.5873e+03 -1.8670e+03 1.4820e+01 1.9601e+03
1.4655e+05 2.6194e+01 -5.5812e+03 -1.8659e+03 1.7569e+01 2.0315e+03
8.8497e+04 2.6185e+01 -5.5752e+03 -1.8644e+03 1.4890e+01 2.1024e+03
-2.7871e+05 2.6176e+01 -5.5690e+03 -1.8627e+03 6.8691e+00 2.1726e+03
-2.3767e+05 2.6162e+01 -5.5628e+03 -1.8606e+03 2.2362e+01 2.2419e+03
2.4192e+04 2.6145e+01 -5.5565e+03 -1.8582e+03 4.1785e+01 2.3113e+03
-7.2423e+05 2.6154e+01 -5.5502e+03 -1.8556e+03 2.9577e+01 2.3815e+03
-9.6148e+05 2.7537e+01 -5.5438e+03 -1.8526e+03 3.3892e+01 2.4553e+03
-6.2622e+05 3.0423e+01 -5.5373e+03 -1.8493e+03 8.4600e+01 2.5174e+03
1.0054e+06 2.6248e+01 -5.7060e+03 -1.7619e+03 -6.1765e+00 3.8355e+01
1.0541e+06 2.6248e+01 -5.7029e+03 -1.7713e+03 -4.9328e+00 1.1300e+02
1.0769e+06 2.6246e+01 -5.6995e+03 -1.7801e+03 1.4461e+00 2.0611e+02
1.1151e+06 2.6244e+01 -5.6960e+03 -1.7884e+03 6.5568e+00 2.8842e+02
1.1109e+06 2.6245e+01 -5.6924e+03 -1.7961e+03 5.3442e+00 3.7127e+02
1.1014e+06 2.6245e+01 -5.6886e+03 -1.8034e+03 2.7641e+00 4.5372e+02
1.0721e+06 2.6246e+01 -5.6846e+03 -1.8102e+03 2.5513e+00 5.3549e+02
1.0562e+06 2.6246e+01 -5.6806e+03 -1.8165e+03 2.1062e+00 6.1701e+02
1.0233e+06 2.6246e+01 -5.6764e+03 -1.8223e+03 1.7711e+00 6.9793e+02
1.0095e+06 2.6246e+01 -5.6720e+03 -1.8277e+03 2.6046e+00 7.7831e+02
9.7351e+05 2.6246e+01 -5.6676e+03 -1.8325e+03 -3.8696e-02 8.5843e+02
9.7579e+05 2.6245e+01 -5.6630e+03 -1.8370e+03 1.8465e+00 9.3777e+02
9.6320e+05 2.6243e+01 -5.6583e+03 -1.8410e+03 6.5365e+00 1.0167e+03
9.2701e+05 2.6244e+01 -5.6535e+03 -1.8445e+03 -1.0470e+00 1.0951e+03
8.7208e+05 2.6244e+01 -5.6485e+03 -1.8476e+03 -2.9947e+00 1.1730e+03
8.8286e+05 2.6241e+01 -5.6435e+03 -1.8503e+03 3.8071e+00 1.2504e+03
8.1627e+05 2.6239e+01 -5.6384e+03 -1.8526e+03 3.4480e+00 1.3271e+03
7.9420e+05 2.6238e+01 -5.6331e+03 -1.8544e+03 2.1206e+00 1.4035e+03
7.0059e+05 2.6235e+01 -5.6278e+03 -1.8559e+03 2.1891e+00 1.4792e+03
6.6669e+05 2.6224e+01 -5.6224e+03 -1.8570e+03 1.6590e+00 1.5541e+03
4.8106e+05 2.6202e+01 -5.6169e+03 -1.8577e+03 -5.9815e+00 1.6284e+03
3.5872e+05 2.6194e+01 -5.6113e+03 -1.8580e+03 -1.3622e+01 1.7023e+03
3.5923e+05 2.6202e+01 -5.6056e+03 -1.8580e+03 -2.1579e+00 1.7756e+03
2.6414e+05 2.6202e+01 -5.5999e+03 -1.8576e+03 1.0785e+01 1.8485e+03
1.9858e+05 2.6190e+01 -5.5940e+03 -1.8568e+03 1.4029e+01 1.9208e+03
1.3093e+05 2.6177e+01 -5.5881e+03 -1.8557e+03 1.7977e+01 1.9923e+03
-1.6336e+05 2.6164e+01 -5.5822e+03 -1.8543e+03 1.9563e+01 2.0636e+03
-1.1583e+05 2.6149e+01 -5.5761e+03 -1.8526e+03 2.3417e+01 2.1334e+03
-5.0221e+05 2.6123e+01 -5.5700e+03 -1.8505e+03 2.2888e+01 2.2025e+03
-1.1620e+06 2.6097e+01 -5.5639e+03 -1.8482e+03 2.9118e+01 2.2749e+03
-8.4628e+05 2.6685e+01 -5.5577e+03 -1.8455e+03 5.3534e+01 2.3432e+03
-1.1822e+06 2.8776e+01 -5.5514e+03 -1.8425e+03 2.4146e+01 2.4136e+03
-2.1508e+06 3.1179e+01 -5.5450e+03 -1.8393e+03 -7.2661e+01 2.4738e+03
1.0248e+06 2.6249e+01 -5.7088e+03 -1.7529e+03 -6.0890e+00 1.1331e+00
1.0515e+06 2.6249e+01 -5.7058e+03 -1.7622e+03 -4.9659e+00 7.5458e+01
1.0852e+06 2.6247e+01 -5.7027e+03 -1.7709e+03 -2.6748e+00 1.6836e+02
1.0916e+06 2.6246e+01 -5.6994e+03 -1.7791e+03 1.3454e+00 2.5078e+02
1.1055e+06 2.6246e+01 -5.6959e+03 -1.7868e+03 2.8851e+00 3.3349e+02
1.0829e+06 2.6246e+01 -5.6923e+03 -1.7941e+03 1.4980e+00 4.1571e+02
1.0960e+06 2.6245e+01 -5.6885e+03 -1.8008e+03 5.1023e+00 4.9737e+02
1.0834e+06 2.6245e+01 -5.6846e+03 -1.8070e+03 7.6125e+00 5.7880e+02
1.0547e+06 2.6246e+01 -5.6805e+03 -1.8128e+03 2.6081e+00 6.5971e+02
1.0008e+06 2.6247e+01 -5.6764e+03 -1.8181e+03 -1.3833e+00 7.4005e+02
9.7994e+05 2.6248e+01 -5.6721e+03 -1.8229e+03 -4.5101e+00 8.1995e+02
9.8417e+05 2.6246e+01 -5.6676e+03 -1.8273e+03 -6.3576e-01 8.9941e+02
1.0316e+06 2.6242e+01 -5.6631e+03 -1.8313e+03 8.9670e+00 9.7827e+02
1.0004e+06 2.6241e+01 -5.6584e+03 -1.8348e+03 6.6717e+00 1.0566e+03
9.6845e+05 2.6242e+01 -5.6537e+03 -1.8379e+03 7.5063e-01 1.1343e+03
8.8730e+05 2.6241e+01 -5.6488e+03 -1.8406e+03 -3.7452e+00 1.2116e+03
8.6827e+05 2.6239e+01 -5.6438e+03 -1.8428e+03 -3.4006e+00 1.2884e+03
7.8953e+05 2.6234e+01 -5.6387e+03 -1.8447e+03 4.2594e+00 1.3647e+03
7.3382e+05 2.6231e+01 -5.6335e+03 -1.8461e+03 5.4995e+00 1.4403e+03
5.5707e+05 2.6373e+01 -5.6283e+03 -1.8472e+03 3.4203e+00 1.5153e+03
4.8601e+05 2.6719e+01 -5.6229e+03 -1.8479e+03 -1.3459e+00 1.5895e+03
3.5496e+05 2.6929e+01 -5.6175e+03 -1.8482e+03 -7.9116e+00 1.6631e+03
2.3515e+05 2.6838e+01 -5.6119e+03 -1.8481e+03 9.0182e-01 1.7364e+03
2.1694e+05 2.6557e+01 -5.6063e+03 -1.8478e+03 1.0997e+01 1.8089e+03
2.1730e+04 2.6244e+01 -5.6006e+03 -1.8470e+03 8.8969e+00 1.8812e+03
-2.3903e+05 2.6122e+01 -5.5948e+03 -1.8459e+03 1.7895e+01 1.9530e+03
-3.5458e+05 2.6126e+01 -5.5890e+03 -1.8445e+03 1.9207e+01 2.0236e+03
-8.9477e+05 2.6106e+01 -5.5831e+03 -1.8428e+03 1.4317e+01 2.0947e+03
-8.3625e+05 2.6068e+01 -5.5771e+03 -1.8407e+03 5.8650e+01 2.1657e+03
-5.3093e+05 2.6055e+01 -5.5711e+03 -1.8384e+03 8.4262e+01 2.2342e+03
-1.7284e+06 2.7491e+01 -5.5650e+03 -1.8357e+03 3.3523e+01 2.3062e+03
-2.2334e+06 3.0392e+01 -5.5588e+03 -1.8328e+03 4.3448e+01 2.3803e+03
-1.5501e+06 3.1911e+01 -5.5526e+03 -1.8295e+03 1.7132e+02 2.4369e+03
1.0738e+06 2.6248e+01 -5.7115e+03 -1.7443e+03 -1.5281e+00 -3.5845e+01
1.1163e+06 2.6247e+01 -5.7086e+03 -1.7535e+03 1.9217e+00 3.8408e+01
1.1017e+06 2.6246e+01 -5.7056e+03 -1.7621e+03 1.9867e+00 1.3104e+02
1.0875e+06 2.6247e+01 -5.7025e+03 -1.7703e+03 -1.7130e-01 2.1324e+02
1.0637e+06 2.6247e+01 -5.6992e+03 -1.7779e+03 -1.1199e+00 2.9567e+02
1.0638e+06 2.6247e+01 -5.6957e+03 -1.7851e+03 -1.5783e+00 3.7782e+02
1.0661e+06 2.6247e+01 -5.6921e+03 -1.7917e+03 8.9888e-01 4.5967e+02
1.0711e+06 2.6246e+01 -5.6884e+03 -1.7979e+03 2.8863e+00 5.4100e+02
1.0300e+06 2.6247e+01 -5.6845e+03 -1.8036e+03 6.6022e-01 6.2166e+02
9.9013e+05 2.6248e+01 -5.6805e+03 -1.8089e+03 -2.2422e+00 7.0195e+02
9.3899e+05 2.6249e+01 -5.6764e+03 -1.8137e+03 -8.1297e+00 7.8167e+02
9.5054e+05 2.6247e+01 -5.6721e+03 -1.8180e+03 -5.4234e+00 8.6108e+02
9.8142e+05 2.6242e+01 -5.6677e+03 -1.8220e+03 7.3892e+00 9.3984e+02
9.8444e+05 2.6241e+01 -5.6632e+03 -1.8254e+03 6.8206e+00 1.0181e+03
9.3134e+05 2.6240e+01 -5.6586e+03 -1.8285e+03 1.5612e+00 1.0960e+03
9.3806e+05 2.6238e+01 -5.6539e+03 -1.8311e+03 3.1883e+00 1.1731e+03
8.8206e+05 2.6235e+01 -5.6491e+03 -1.8334e+03 5.4150e+00 1.2498e+03
8.5652e+05 2.6230e+01 -5.6441e+03 -1.8352e+03 7.7018e+00 1.3259e+03
7.1927e+05 2.6241e+01 -5.6391e+03 -1.8366e+03 5.9246e+00 1.4015e+03
6.5118e+05 2.6977e+01 -5.6340e+03 -1.8377e+03 2.8456e+00 1.4766e+03
4.7249e+05 2.8510e+01 -5.6287e+03 -1.8384e+03 3.8722e+00 1.5506e+03
3.9160e+05 2.9285e+01 -5.6234e+03 -1.8387e+03 1.0612e+01 1.6243e+03
3.3423e+05 2.9048e+01 -5.6180e+03 -1.8386e+03 1.8555e+01 1.6975e+03
5.8451e+04 2.8499e+01 -5.6125e+03 -1.8382e+03 1.5690e+01 1.7699e+03
-1.4119e+05 2.7646e+01 -5.6070e+03 -1.8375e+03 1.6193e+01 1.8419e+03
-3.1743e+05 2.6822e+01 -5.6013e+03 -1.8364e+03 2.6096e+01 1.9135e+03
-7.6644e+05 2.6392e+01 -5.5956e+03 -1.8350e+03 3.7696e+01 1.9846e+03
-7.8737e+05 2.6198e+01 -5.5898e+03 -1.8333e+03 4.5417e+01 2.0532e+03
-1.4768e+06 2.6017e+01 -5.5840e+03 -1.8312e+03 1.3480e+01 2.1243e+03
-2.5442e+06 2.6257e+01 -5.5780e+03 -1.8289e+03 1.1731e+01 2.2037e+03
-2.0002e+06 2.8234e+01 -5.5721e+03 -1.8262e+03 5.3467e+01 2.2597e+03
-2.4382e+06 3.0968e+01 -5.5660e+03 -1.8233e+03 -8.8931e+01 2.3195e+03
-4.0163e+06 3.1806e+01 -5.5599e+03 -1.8201e+03 -3.3612e+02 2.3997e+03
1.0956e+06 2.6248e+01 -5.7139e+03 -1.7361e+03 -1.8752e+00 -7.2821e+01
1.1096e+06 2.6247e+01 -5.7112e+03 -1.7451e+03 2.6291e+00 1.2918e+00
1.1193e+06 2.6245e+01 -5.7084e+03 -1.7537e+03 6.5502e+00 9.3792e+01
1.0671e+06 2.6247e+01 -5.7054e+03 -1.7618e+03 1.1359e+00 1.7595e+02
1.0370e+06 2.6249e+01 -5.7023e+03 -1.7693e+03 -6.4843e+00 2.5837e+02
1.0211e+06 2.6249e+01 -5.6990e+03 -1.7764e+03 -7.2001e+00 3.4038e+02
1.0537e+06 2.6248e+01 -5.6956e+03 -1.7830e+03 -2.3364e+00 4.2205e+02
1.0517e+06 2.6247e+01 -5.6920e+03 -1.7891e+03 2.5621e-02 5.0315e+02
1.0443e+06 2.6247e+01 -5.6883e+03 -1.7948e+03 3.2370e-01 5.8375e+02
1.0058e+06 2.6248e+01 -5.6845e+03 -1.8000e+03 -4.1447e-01 6.6401e+02
9.8624e+05 2.6248e+01 -5.6805e+03 -1.8048e+03 -3.8709e+00 7.4354e+02
9.7024e+05 2.6246e+01 -5.6764e+03 -1.8091e+03 -3.8697e+00 8.2281e+02
9.8809e+05 2.6244e+01 -5.6722e+03 -1.8130e+03 -1.6033e+00 9.0157e+02
9.5661e+05 2.6243e+01 -5.6678e+03 -1.8164e+03 -5.1041e+00 9.7977e+02
9.9313e+05 2.6239e+01 -5.6634e+03 -1.8194e+03 -8.6143e-02 1.0576e+03
9.9402e+05 2.6233e+01 -5.6588e+03 -1.8221e+03 1.3910e+01 1.1346e+03
9.8491e+05 2.6229e+01 -5.6541e+03 -1.8243e+03 1.5930e+01 1.2113e+03
8.1847e+05 2.6226e+01 -5.6493e+03 -1.8261e+03 7.0453e+00 1.2875e+03
7.2455e+05 2.6322e+01 -5.6444e+03 -1.8275e+03 1.9154e+00 1.3632e+03
5.4887e+05 2.7789e+01 -5.6394e+03 -1.8285e+03 2.3778e+00 1.4379e+03
5.5326e+05 3.0429e+01 -5.6343e+03 -1.8292e+03 1.0769e+01 1.5121e+03
4.0891e+05 3.1615e+01 -5.6292e+03 -1.8295e+03 1.6264e+01 1.5862e+03
2.0219e+05 3.1453e+01 -5.6239e+03 -1.8294e+03 2.6720e+01 1.6601e+03
5.4660e+04 3.1212e+01 -5.6186e+03 -1.8290e+03 3.2343e+01 1.7323e+03
-3.2243e+05 3.0413e+01 -5.6131e+03 -1.8283e+03 2.9410e+01 1.8046e+03
-8.3754e+05 2.9104e+01 -5.6076e+03 -1.8272e+03 3.2721e+01 1.8759e+03
-1.1004e+06 2.8237e+01 -5.6020e+03 -1.8258e+03 2.5453e+01 1.9447e+03
-2.0420e+06 2.7750e+01 -5.5964e+03 -1.8241e+03 4.5918e+00 2.0193e+03
-1.9159e+06 2.7023e+01 -5.5906e+03 -1.8220e+03 8.5629e+01 2.0963e+03
-1.4619e+06 2.7323e+01 -5.5848e+03 -1.8197e+03 1.1376e+02 2.1501e+03
-2.9540e+06 2.9266e+01 -5.5790e+03 -1.8171e+03 2.0349e+02 2.2437e+03
-2.6027e+06 3.0632e+01 -5.5730e+03 -1.8141e+03 9.4896e+02 2.3447e+03
1.0071e+06 3.0407e+01 -5.5670e+03 -1.8109e+03 3.0943e+03 2.6796e+03
1.0978e+06 2.6248e+01 -5.7161e+03 -1.7282e+03 -2.8754e+00 -1.0959e+02
1.0850e+06 2.6249e+01 -5.7137e+03 -1.7371e+03 -4.9203e+00 -3.5615e+01
1.0751e+06 2.6247e+01 -5.7110e+03 -1.7456e+03 -1.0229e+00 5.6798e+01
1.0526e+06 2.6248e+01 -5.7082e+03 -1.7536e+03 -2.3471e+00 1.3896e+02
1.0319e+06 2.6249e+01 -5.7053e+03 -1.7611e+03 -6.8588e+00 2.2123e+02
1.0462e+06 2.6248e+01 -5.7021e+03 -1.7681e+03 -2.5149e+00 3.0303e+02
1.0804e+06 2.6246e+01 -5.6989e+03 -1.7747e+03 4.6409e+00 3.8446e+02
1.0623e+06 2.6247e+01 -5.6955e+03 -1.7807e+03 2.1896e+00 4.6543e+02
1.0372e+06 2.6248e+01 -5.6919e+03 -1.7863e+03 -1.5146e+00 5.4601e+02
1.0115e+06 2.6247e+01 -5.6882e+03 -1.7915e+03 -1.6271e+00 6.2615e+02
1.0116e+06 2.6246e+01 -5.6844e+03 -1.7962e+03 1.1152e+00 7.0583e+02
9.8443e+05 2.6244e+01 -5.6805e+03 -1.8005e+03 9.8012e-01 7.8502e+02
9.5142e+05 2.6244e+01 -5.6764e+03 -1.8043e+03 -4.9181e+00 8.6358e+02
9.2408e+05 2.6242e+01 -5.6722e+03 -1.8077e+03 -8.4708e+00 9.4151e+02
9.5518e+05 2.6237e+01 -5.6679e+03 -1.8107e+03 2.9979e-01 1.0192e+03
9.7943e+05 2.6231e+01 -5.6635e+03 -1.8133e+03 1.1059e+01 1.0964e+03
9.3205e+05 2.6226e+01 -5.6589e+03 -1.8155e+03 1.2976e+01 1.1729e+03
8.1874e+05 2.6210e+01 -5.6543e+03 -1.8173e+03 4.5645e+00 1.2491e+03
7.0131e+05 2.6693e+01 -5.6496e+03 -1.8187e+03 1.6363e+00 1.3248e+03
6.2534e+05 2.8764e+01 -5.6447e+03 -1.8197e+03 9.4096e+00 1.3996e+03
4.8032e+05 3.1354e+01 -5.6398e+03 -1.8203e+03 1.6005e+01 1.4738e+03
2.6586e+05 3.2308e+01 -5.6347e+03 -1.8206e+03 1.6426e+01 1.5480e+03
2.1653e+05 3.2250e+01 -5.6296e+03 -1.8206e+03 3.0705e+01 1.6219e+03
-3.0533e+05 3.2243e+01 -5.6244e+03 -1.8201e+03 4.0506e+01 1.6953e+03
-5.6697e+05 3.1966e+01 -5.6191e+03 -1.8194e+03 4.2400e+01 1.7683e+03
-1.1384e+06 3.1346e+01 -5.6137e+03 -1.8183e+03 2.3384e+01 1.8415e+03
-1.7255e+06 3.0920e+01 -5.6082e+03 -1.8169e+03 3.3119e+01 1.9152e+03
-1.7729e+06 3.0445e+01 -5.6027e+03 -1.8152e+03 3.9198e+01 1.9825e+03
-2.5379e+06 2.9337e+01 -5.5971e+03 -1.8131e+03 -5.8900e+01 2.0474e+03
-3.5986e+06 2.8939e+01 -5.5914e+03 -1.8108e+03 5.3832e+02 2.2711e+03
2.9144e+05 2.9474e+01 -5.5857e+03 -1.8082e+03 6.1013e+03 4.4574e+03
1.9584e+06 2.8984e+01 -5.5799e+03 -1.8052e+03 1.9848e+04 5.7359e+03
2.3039e+06 2.7610e+01 -5.5740e+03 -1.8020e+03 3.7353e+04 2.3427e+03
1.0707e+06 2.6250e+01 -5.7182e+03 -1.7206e+03 -8.6352e+00 -1.4599e+02
1.0323e+06 2.6252e+01 -5.7159e+03 -1.7295e+03 -1.3053e+01 -7.2083e+01
1.0694e+06 2.6249e+01 -5.7134e+03 -1.7379e+03 -5.9617e+00 2.0130e+01
1.0616e+06 2.6247e+01 -5.7108e+03 -1.7458e+03 -9.9473e-01 1.0197e+02
1.0757e+06 2.6248e+01 -5.7080e+03 -1.7532e+03 -1.6053e+00 1.8406e+02
1.0637e+06 2.6247e+01 -5.7051e+03 -1.7602e+03 2.4915e+00 2.6582e+02
1.0967e+06 2.6246e+01 -5.7020e+03 -1.7666e+03 6.5336e+00 3.4723e+02
1.0548e+06 2.6247e+01 -5.6987e+03 -1.7726e+03 1.4018e+00 4.2814e+02
1.0667e+06 2.6247e+01 -5.6954e+03 -1.7782e+03 -8.7528e-01 5.0862e+02
1.0441e+06 2.6246e+01 -5.6918e+03 -1.7833e+03 1.2850e+00 5.8846e+02
1.0727e+06 2.6244e+01 -5.6882e+03 -1.7880e+03 3.6867e+00 6.6803e+02
1.0156e+06 2.6243e+01 -5.6844e+03 -1.7922e+03 1.6429e+00 7.4708e+02
1.0324e+06 2.6242e+01 -5.6805e+03 -1.7960e+03 1.0764e+00 8.2560e+02
9.7673e+05 2.6239e+01 -5.6764e+03 -1.7993e+03 1.5239e+00 9.0358e+02
1.0230e+06 2.6235e+01 -5.6723e+03 -1.8023e+03 4.3795e+00 9.8116e+02
9.1581e+05 2.6230e+01 -5.6680e+03 -1.8049e+03 3.0607e+00 1.0582e+03
9.2694e+05 2.6225e+01 -5.6636e+03 -1.8070e+03 7.1112e+00 1.1349e+03
7.4229e+05 2.6330e+01 -5.6591e+03 -1.8088e+03 6.5630e+00 1.2109e+03
7.4170e+05 2.7583e+01 -5.6545e+03 -1.8101e+03 1.1383e+01 1.2864e+03
5.2155e+05 3.0136e+01 -5.6498e+03 -1.8112e+03 1.7595e+01 1.3612e+03
5.3938e+05 3.1901e+01 -5.6450e+03 -1.8118e+03 3.0807e+01 1.4353e+03
1.5344e+05 3.2229e+01 -5.6401e+03 -1.8121e+03 2.1162e+01 1.5097e+03
-1.6557e+05 3.2173e+01 -5.6351e+03 -1.8120e+03 3.6861e+01 1.5840e+03
-5.0964e+05 3.2111e+01 -5.6300e+03 -1.8116e+03 4.0072e+01 1.6576e+03
-1.0352e+06 3.2044e+01 -5.6249e+03 -1.8108e+03 3.8661e+01 1.7320e+03
-1.9004e+06 3.1961e+01 -5.6196e+03 -1.8097e+03 -6.7212e-01 1.8088e+03
-1.9575e+06 3.1841e+01 -5.6143e+03 -1.8083e+03 2.6340e+01 1.8784e+03
-3.0685e+06 3.1412e+01 -5.6089e+03 -1.8066e+03 1.2711e+02 1.9766e+03
-8.1082e+05 3.0329e+01 -5.6034e+03 -1.8045e+03 1.6080e+03 2.2281e+03
3.2685e+06 2.8994e+01 -5.5978e+03 -1.8022e+03 1.1644e+04 6.6893e+03
2.4512e+06 2.7629e+01 -5.5922e+03 -1.7996e+03 3.4649e+04 1.2728e+04
-1.7503e+06 2.5931e+01 -5.4153e+03 -1.7119e+03 6.2680e+04 1.4066e+04
-3.9253e+06 2.4314e+01 -5.1050e+03 -1.5587e+03 8.4799e+04 6.8088e+03
1.0736e+06 2.6251e+01 -5.7201e+03 -1.7134e+03 -1.0285e+01 -1.8219e+02
1.0653e+06 2.6251e+01 -5.7180e+03 -1.7222e+03 -9.0501e+00 -1.0849e+02
1.1180e+06 2.6247e+01 -5.7157e+03 -1.7305e+03 1.9839e+00 -1.6483e+01
1.1061e+06 2.6246e+01 -5.7132e+03 -1.7383e+03 5.5730e+00 6.5120e+01
1.1029e+06 2.6247e+01 -5.7106e+03 -1.7457e+03 -8.7388e-01 1.4714e+02
1.0560e+06 2.6248e+01 -5.7078e+03 -1.7525e+03 -3.5651e+00 2.2893e+02
1.0813e+06 2.6248e+01 -5.7049e+03 -1.7589e+03 -2.3356e+00 3.1025e+02
1.0355e+06 2.6248e+01 -5.7018e+03 -1.7649e+03 -3.5227e+00 3.9089e+02
1.0856e+06 2.6246e+01 -5.6986e+03 -1.7704e+03 1.0019e+00 4.7123e+02
1.0563e+06 2.6244e+01 -5.6952e+03 -1.7754e+03 5.0502e+00 5.5112e+02
1.0923e+06 2.6243e+01 -5.6917e+03 -1.7800e+03 4.5066e+00 6.3054e+02
9.9950e+05 2.6242e+01 -5.6881e+03 -1.7842e+03 -1.5234e+00 7.0940e+02
1.0429e+06 2.6240e+01 -5.6843e+03 -1.7880e+03 3.0174e-01 7.8777e+02
9.6647e+05 2.6236e+01 -5.6804e+03 -1.7913e+03 2.9175e+00 8.6584e+02
1.0057e+06 2.6232e+01 -5.6764e+03 -1.7942e+03 4.8063e+00 9.4336e+02
8.5185e+05 2.6228e+01 -5.6723e+03 -1.7967e+03 -2.2597e-01 1.0203e+03
8.5833e+05 2.6206e+01 -5.6681e+03 -1.7989e+03 1.6282e+00 1.0969e+03
6.8637e+05 2.6751e+01 -5.6637e+03 -1.8006e+03 5.1982e+00 1.1727e+03
7.3662e+05 2.8831e+01 -5.6593e+03 -1.8019e+03 2.0549e+01 1.2483e+03
4.5076e+05 3.1288e+01 -5.6547e+03 -1.8029e+03 1.8343e+01 1.3231e+03
3.3339e+05 3.2219e+01 -5.6500e+03 -1.8035e+03 2.6254e+01 1.3976e+03
-2.2170e+05 3.2181e+01 -5.6453e+03 -1.8038e+03 2.6923e+01 1.4723e+03
-1.9598e+05 3.2120e+01 -5.6404e+03 -1.8037e+03 3.8601e+01 1.5471e+03
-1.3988e+06 3.2043e+01 -5.6355e+03 -1.8033e+03 3.0007e+00 1.6214e+03
-1.2864e+06 3.1930e+01 -5.6304e+03 -1.8025e+03 2.8747e+01 1.7014e+03
-2.2391e+06 3.1716e+01 -5.6253e+03 -1.8014e+03 9.3931e+00 1.7696e+03
-1.3126e+06 3.1231e+01 -5.6201e+03 -1.8000e+03 7.1856e+02 1.9730e+03
5.8513e+05 3.0251e+01 -5.6148e+03 -1.7982e+03 6.2718e+03 4.2598e+03
3.9186e+06 2.8680e+01 -5.6095e+03 -1.7962e+03 2.2266e+04 6.5652e+03
1.0108e+06 2.6706e+01 -5.6040e+03 -1.7939e+03 4.9421e+04 1.4807e+04
-2.0506e+06 2.4742e+01 -5.2368e+03 -1.6128e+03 7.7182e+04 2.2973e+04
4.5579e+05 2.3175e+01 -4.8568e+03 -1.4274e+03 9.5007e+04 2.3119e+04
5.5106e+06 2.2149e+01 -4.4792e+03 -1.2451e+03 1.0258e+05 1.5471e+04
1.1002e+06 2.6249e+01 -5.7218e+03 -1.7065e+03 -4.5700e+00 -2.1829e+02
1.1306e+06 2.6248e+01 -5.7199e+03 -1.7152e+03 1.8627e-01 -1.4465e+02
1.1575e+06 2.6245e+01 -5.7178e+03 -1.7235e+03 5.7146e+00 -5.2736e+01
1.1365e+06 2.6245e+01 -5.7155e+03 -1.7312e+03 5.3932e+00 2.8856e+01
1.1096e+06 2.6247e+01 -5.7130e+03 -1.7385e+03 -1.6473e+00 1.1070e+02
1.0794e+06 2.6248e+01 -5.7104e+03 -1.7453e+03 -3.9516e+00 1.9219e+02
1.0694e+06 2.6248e+01 -5.7076e+03 -1.7516e+03 -5.7132e+00 2.7326e+02
1.0547e+06 2.6248e+01 -5.7047e+03 -1.7575e+03 -7.4017e+00 3.5377e+02
1.0799e+06 2.6246e+01 -5.7016e+03 -1.7629e+03 -3.2255e+00 4.3402e+02
1.0858e+06 2.6244e+01 -5.6984e+03 -1.7679e+03 1.1242e-01 5.1395e+02
1.0881e+06 2.6242e+01 -5.6951e+03 -1.7724e+03 1.6660e+00 5.9326e+02
1.0572e+06 2.6241e+01 -5.6916e+03 -1.7766e+03 -2.2552e-01 6.7205e+02
1.0562e+06 2.6238e+01 -5.6880e+03 -1.7803e+03 -2.0477e-02 7.5032e+02
1.0362e+06 2.6233e+01 -5.6843e+03 -1.7836e+03 4.5450e+00 8.2818e+02
1.0155e+06 2.6228e+01 -5.6804e+03 -1.7864e+03 7.2292e+00 9.0544e+02
8.8729e+05 2.6224e+01 -5.6765e+03 -1.7889e+03 4.2539e+00 9.8250e+02
7.9418e+05 2.6202e+01 -5.6724e+03 -1.7910e+03 -3.3069e+00 1.0590e+03
6.5957e+05 2.7312e+01 -5.6682e+03 -1.7927e+03 2.8753e+00 1.1350e+03
6.1291e+05 2.9985e+01 -5.6638e+03 -1.7940e+03 1.6015e+01 1.2103e+03
3.4115e+05 3.1891e+01 -5.6594e+03 -1.7950e+03 1.6627e+01 1.2856e+03
1.6302e+05 3.2211e+01 -5.6549e+03 -1.7956e+03 2.5159e+01 1.3607e+03
-2.8381e+05 3.2133e+01 -5.6503e+03 -1.7958e+03 3.3957e+01 1.4364e+03
-1.0592e+06 3.2055e+01 -5.6456e+03 -1.7957e+03 1.7961e+01 1.5130e+03
-1.2969e+06 3.1943e+01 -5.6407e+03 -1.7953e+03 2.5102e+01 1.5914e+03
-1.9803e+06 3.1723e+01 -5.6358e+03 -1.7945e+03 1.3085e+01 1.6633e+03
-1.4701e+06 3.1179e+01 -5.6309e+03 -1.7934e+03 7.5776e+02 1.8877e+03
1.3377e+06 2.9996e+01 -5.6258e+03 -1.7919e+03 9.0927e+03 5.7258e+03
2.2575e+06 2.8115e+01 -5.6206e+03 -1.7902e+03 3.1975e+04 1.3815e+04
-7.1115e+05 2.5909e+01 -5.4343e+03 -1.6986e+03 6.3033e+04 1.8635e+04
-1.7955e+06 2.3942e+01 -5.0574e+03 -1.5141e+03 8.8141e+04 2.3049e+04
3.4877e+06 2.2584e+01 -4.6779e+03 -1.3303e+03 9.9442e+04 2.7340e+04
6.1778e+06 2.1846e+01 -4.2989e+03 -1.1486e+03 1.0167e+05 2.7408e+04
3.8125e+06 2.1522e+01 -3.9204e+03 -9.6923e+02 1.0272e+05 2.2077e+04
1.1446e+06 2.6247e+01 -5.7234e+03 -1.7000e+03 2.7864e+00 -2.5398e+02
1.1749e+06 2.6246e+01 -5.7216e+03 -1.7086e+03 4.2851e+00 -1.8057e+02
1.1324e+06 2.6246e+01 -5.7197e+03 -1.7167e+03 1.0569e-01 -8.8819e+01
1.1261e+06 2.6247e+01 -5.7175e+03 -1.7244e+03 -5.1774e-01 -7.3992e+00
1.1212e+06 2.6247e+01 -5.7152e+03 -1.7316e+03 1.1692e+00 7.4352e+01
1.1530e+06 2.6245e+01 -5.7128e+03 -1.7383e+03 6.2095e+00 1.5572e+02
1.1246e+06 2.6246e+01 -5.7102e+03 -1.7446e+03 2.1083e+00 2.3657e+02
1.1178e+06 2.6246e+01 -5.7074e+03 -1.7504e+03 -4.1944e+00 3.1707e+02
1.1015e+06 2.6245e+01 -5.7045e+03 -1.7557e+03 -1.8989e+00 3.9724e+02
1.1151e+06 2.6243e+01 -5.7015e+03 -1.7607e+03 -3.2523e-01 4.7687e+02
1.0633e+06 2.6242e+01 -5.6983e+03 -1.7652e+03 -1.1085e+00 5.5597e+02
1.0691e+06 2.6240e+01 -5.6950e+03 -1.7692e+03 -9.1624e-01 6.3458e+02
1.0286e+06 2.6236e+01 -5.6915e+03 -1.7729e+03 1.8265e+00 7.1294e+02
1.0685e+06 2.6230e+01 -5.6879e+03 -1.7761e+03 8.6803e+00 7.9086e+02
9.5894e+05 2.6224e+01 -5.6842e+03 -1.7790e+03 1.1623e+01 8.6801e+02
9.1497e+05 2.6215e+01 -5.6804e+03 -1.7814e+03 5.6167e+00 9.4494e+02
7.0006e+05 2.6599e+01 -5.6765e+03 -1.7835e+03 -2.4583e+00 1.0214e+03
7.3277e+05 2.8437e+01 -5.6724e+03 -1.7851e+03 9.1570e+00 1.0976e+03
4.7971e+05 3.1000e+01 -5.6682e+03 -1.7864e+03 2.1848e+01 1.1730e+03
3.4609e+05 3.2152e+01 -5.6640e+03 -1.7874e+03 2.1894e+01 1.2482e+03
-3.0072e+05 3.2150e+01 -5.6596e+03 -1.7879e+03 2.6894e+01 1.3245e+03
-6.3247e+05 3.2067e+01 -5.6551e+03 -1.7882e+03 4.0358e+01 1.4010e+03
-1.1932e+06 3.1960e+01 -5.6505e+03 -1.7880e+03 1.6348e+01 1.4788e+03
-1.9277e+06 3.1755e+01 -5.6458e+03 -1.7876e+03 -8.3262e+00 1.5602e+03
-1.4371e+06 3.1230e+01 -5.6411e+03 -1.7868e+03 6.5185e+02 1.7584e+03
1.7518e+06 3.0028e+01 -5.6362e+03 -1.7856e+03 8.5888e+03 5.4324e+03
2.6323e+06 2.8034e+01 -5.6313e+03 -1.7842e+03 3.2971e+04 1.8616e+04
-1.3993e+06 2.5693e+01 -5.3301e+03 -1.6367e+03 6.6384e+04 3.1964e+04
5.1073e+05 2.3683e+01 -4.8802e+03 -1.4173e+03 9.0220e+04 3.3188e+04
6.1730e+06 2.2405e+01 -4.5013e+03 -1.2349e+03 9.9484e+04 2.9221e+04
5.1556e+06 2.1833e+01 -4.1228e+03 -1.0546e+03 1.0128e+05 2.7800e+04
4.9095e+06 2.1743e+01 -3.7450e+03 -8.7558e+02 1.0158e+05 2.8275e+04
5.5780e+06 2.1991e+01 -3.3688e+03 -6.9324e+02 1.0176e+05 2.7374e+04
1.1567e+06 2.6246e+01 -5.7248e+03 -1.6938e+03 6.1179e+00 -2.8939e+02
1.1478e+06 2.6247e+01 -5.7232e+03 -1.7023e+03 1.8084e+00 -2.1632e+02
1.1229e+06 2.6248e+01 -5.7214e+03 -1.7103e+03 -4.8359e+00 -1.2467e+02
1.1075e+06 2.6248e+01 -5.7194e+03 -1.7179e+03 -3.4213e+00 -4.3486e+01
1.1444e+06 2.6247e+01 -5.7173e+03 -1.7250e+03 7.6039e-01 3.8124e+01
1.1553e+06 2.6245e+01 -5.7150e+03 -1.7317e+03 5.5067e+00 1.1948e+02
1.1751e+06 2.6244e+01 -5.7126e+03 -1.7378e+03 4.5777e+00 2.0016e+02
1.1712e+06 2.6243e+01 -5.7100e+03 -1.7436e+03 4.2354e+00 2.8061e+02
1.2016e+06 2.6241e+01 -5.7072e+03 -1.7489e+03 8.7332e+00 3.6051e+02
1.1467e+06 2.6241e+01 -5.7043e+03 -1.7538e+03 4.7823e+00 4.3985e+02
1.1038e+06 2.6241e+01 -5.7013e+03 -1.7582e+03 -4.2516e+00 5.1907e+02
1.0536e+06 2.6239e+01 -5.6982e+03 -1.7622e+03 -5.4852e+00 5.9760e+02
1.1006e+06 2.6234e+01 -5.6949e+03 -1.7658e+03 2.8880e+00 6.7570e+02
1.0437e+06 2.6228e+01 -5.6914e+03 -1.7690e+03 8.1799e+00 7.5346e+02
1.0127e+06 2.6222e+01 -5.6879e+03 -1.7718e+03 6.5222e+00 8.3075e+02
8.1862e+05 2.6209e+01 -5.6842e+03 -1.7742e+03 6.9400e-01 9.0755e+02
8.1264e+05 2.7369e+01 -5.6804e+03 -1.7762e+03 2.5774e+00 9.8419e+02
6.4833e+05 3.0056e+01 -5.6765e+03 -1.7779e+03 2.1273e+01 1.0603e+03
6.1711e+05 3.1890e+01 -5.6725e+03 -1.7791e+03 4.2202e+01 1.1360e+03
1.0660e+05 3.2165e+01 -5.6683e+03 -1.7800e+03 6.3723e+01 1.2118e+03
-1.7629e+05 3.2083e+01 -5.6641e+03 -1.7806e+03 6.9514e+01 1.2863e+03
-1.0845e+06 3.1983e+01 -5.6597e+03 -1.7808e+03 3.8623e+01 1.3631e+03
-1.6683e+06 3.1794e+01 -5.6553e+03 -1.7806e+03 3.8920e+01 1.4531e+03
-1.0425e+06 3.1316e+01 -5.6507e+03 -1.7802e+03 6.2260e+02 1.6360e+03
1.4288e+06 3.0175e+01 -5.6461e+03 -1.7793e+03 7.8502e+03 4.9952e+03
2.6738e+06 2.8207e+01 -5.6414e+03 -1.7782e+03 3.1190e+04 1.7776e+04
-6.8509e+05 2.5865e+01 -5.3644e+03 -1.6424e+03 6.3726e+04 3.6225e+04
2.7059e+06 2.3900e+01 -4.8756e+03 -1.4046e+03 8.5871e+04 4.6415e+04
5.8160e+06 2.2702e+01 -4.3875e+03 -1.1702e+03 9.4139e+04 4.3669e+04
3.6711e+06 2.2174e+01 -3.9492e+03 -9.6224e+02 9.7722e+04 3.5482e+04
4.8373e+06 2.2157e+01 -3.5723e+03 -7.8185e+02 9.9881e+04 3.0287e+04
2.4217e+06 2.2688e+01 -3.1972e+03 -5.9752e+02 9.8226e+04 2.9136e+04
-2.8782e+06 2.3747e+01 -2.8240e+03 -4.0934e+02 8.7651e+04 2.6071e+04
1.1138e+06 2.6247e+01 -5.7261e+03 -1.6879e+03 1.1840e+00 -3.2451e+02
1.1110e+06 2.6249e+01 -5.7246e+03 -1.6963e+03 -4.4716e+00 -2.5170e+02
1.0937e+06 2.6248e+01 -5.7230e+03 -1.7043e+03 -5.0612e+00 -1.6022e+02
1.1236e+06 2.6247e+01 -5.7212e+03 -1.7118e+03 9.9716e-01 -7.9127e+01
1.1406e+06 2.6246e+01 -5.7192e+03 -1.7188e+03 2.1331e+00 2.2839e+00
1.1522e+06 2.6246e+01 -5.7171e+03 -1.7253e+03 -1.3430e+00 8.3352e+01
1.1759e+06 2.6244e+01 -5.7148e+03 -1.7314e+03 9.9924e-01 1.6377e+02
1.2305e+06 2.6240e+01 -5.7124e+03 -1.7371e+03 1.0168e+01 2.4419e+02
1.2263e+06 2.6238e+01 -5.7098e+03 -1.7424e+03 1.2567e+01 3.2411e+02
1.1754e+06 2.6239e+01 -5.7070e+03 -1.7472e+03 4.4735e+00 4.0330e+02
1.0918e+06 2.6240e+01 -5.7042e+03 -1.7515e+03 -5.0620e+00 4.8237e+02
1.0823e+06 2.6237e+01 -5.7012e+03 -1.7555e+03 -5.0790e+00 5.6083e+02
1.0816e+06 2.6231e+01 -5.6980e+03 -1.7591e+03 7.5913e+00 6.3881e+02
1.0659e+06 2.6225e+01 -5.6947e+03 -1.7622e+03 9.3331e+00 7.1633e+02
8.9924e+05 2.6221e+01 -5.6913e+03 -1.7650e+03 -2.8464e+00 7.9340e+02
8.4008e+05 2.6369e+01 -5.6878e+03 -1.7673e+03 -7.7257e+00 8.7029e+02
7.2546e+05 2.8071e+01 -5.6841e+03 -1.7693e+03 2.1682e+00 9.4718e+02
7.8402e+05 3.0968e+01 -5.6804e+03 -1.7709e+03 3.0528e+01 1.0235e+03
4.9277e+05 3.2225e+01 -5.6765e+03 -1.7721e+03 7.9452e+01 1.0985e+03
4.8049e+04 3.2100e+01 -5.6725e+03 -1.7730e+03 9.6298e+01 1.1752e+03
-1.4016e+06 3.2034e+01 -5.6684e+03 -1.7735e+03 1.0151e+01 1.2476e+03
-1.8473e+06 3.1897e+01 -5.6642e+03 -1.7737e+03 -1.0137e+01 1.3317e+03
-1.3546e+06 3.1481e+01 -5.6599e+03 -1.7735e+03 3.1962e+02 1.4788e+03
6.4284e+05 3.0440e+01 -5.6555e+03 -1.7730e+03 5.9718e+03 4.1562e+03
2.8955e+06 2.8545e+01 -5.6510e+03 -1.7722e+03 2.7862e+04 1.7280e+04
-3.9349e+05 2.6185e+01 -5.3995e+03 -1.6489e+03 6.1055e+04 3.6223e+04
2.3205e+06 2.4191e+01 -4.9126e+03 -1.4115e+03 8.4028e+04 4.7330e+04
4.0244e+06 2.3054e+01 -4.4257e+03 -1.1769e+03 9.0894e+04 5.0154e+04
4.7476e+06 2.2639e+01 -3.9401e+03 -9.4612e+02 9.2352e+04 4.9301e+04
5.0762e+06 2.2752e+01 -3.4556e+03 -7.1299e+02 9.4030e+04 4.4526e+04
4.3359e+05 2.3471e+01 -3.0286e+03 -5.0190e+02 9.0341e+04 3.4109e+04
-2.6434e+06 2.4841e+01 -2.6564e+03 -3.1178e+02 7.4318e+04 2.6096e+04
4.4675e+05 2.6570e+01 -2.3339e+03 -1.4246e+02 4.8223e+04 1.8058e+04
1.0656e+06 2.6249e+01 -5.7272e+03 -1.6824e+03 -3.8232e+00 -3.5959e+02
1.0822e+06 2.6249e+01 -5.7259e+03 -1.6907e+03 -5.9641e+00 -2.8691e+02
1.1173e+06 2.6247e+01 -5.7244e+03 -1.6985e+03 -7.2986e-01 -1.9571e+02
1.1393e+06 2.6245e+01 -5.7228e+03 -1.7059e+03 5.9243e+00 -1.1468e+02
1.1445e+06 2.6245e+01 -5.7210e+03 -1.7128e+03 3.7823e+00 -3.3405e+01
1.1142e+06 2.6246e+01 -5.7190e+03 -1.7193e+03 -3.7077e+00 4.7465e+01
1.1612e+06 2.6243e+01 -5.7169e+03 -1.7254e+03 1.2686e+00 1.2792e+02
1.2050e+06 2.6240e+01 -5.7146e+03 -1.7310e+03 9.8640e+00 2.0804e+02
1.2178e+06 2.6239e+01 -5.7122e+03 -1.7361e+03 7.2089e+00 2.8773e+02
1.1643e+06 2.6239e+01 -5.7096e+03 -1.7409e+03 2.5964e+00 3.6698e+02
1.1577e+06 2.6237e+01 -5.7069e+03 -1.7452e+03 2.9392e+00 4.4575e+02
1.1085e+06 2.6234e+01 -5.7040e+03 -1.7491e+03 5.8389e-01 5.2398e+02
1.1429e+06 2.6229e+01 -5.7010e+03 -1.7526e+03 9.6430e+00 6.0202e+02
1.0356e+06 2.6224e+01 -5.6979e+03 -1.7557e+03 7.3559e+00 6.7954e+02
9.8360e+05 2.6251e+01 -5.6946e+03 -1.7584e+03 1.9719e-01 7.5659e+02
8.0060e+05 2.7015e+01 -5.6912e+03 -1.7607e+03 -8.2205e+00 8.3334e+02
8.7726e+05 2.9241e+01 -5.6877e+03 -1.7627e+03 8.0879e+00 9.1024e+02
6.9501e+05 3.1471e+01 -5.6841e+03 -1.7642e+03 4.8880e+01 9.8589e+02
6.1499e+05 3.2138e+01 -5.6804e+03 -1.7654e+03 1.3570e+02 1.0646e+03
-7.8404e+05 3.2047e+01 -5.6765e+03 -1.7663e+03 8.3520e+01 1.1434e+03
-2.1938e+06 3.2007e+01 -5.6725e+03 -1.7668e+03 -1.0123e+02 1.2199e+03
-3.1247e+06 3.1741e+01 -5.6685e+03 -1.7669e+03 -1.4335e+02 1.3088e+03
-3.9754e+05 3.0821e+01 -5.6643e+03 -1.7667e+03 2.8073e+03 2.5300e+03
3.8643e+06 2.9032e+01 -5.6600e+03 -1.7662e+03 2.0484e+04 1.5124e+04
6.4113e+05 2.6704e+01 -5.4712e+03 -1.6740e+03 5.3768e+04 3.8181e+04
1.2113e+06 2.4616e+01 -4.9506e+03 -1.4190e+03 8.0198e+04 5.1105e+04
4.2796e+06 2.3363e+01 -4.4650e+03 -1.1844e+03 8.9408e+04 5.1525e+04
5.3495e+06 2.2924e+01 -3.9805e+03 -9.5333e+02 9.1030e+04 5.0887e+04
4.9614e+06 2.3135e+01 -3.4971e+03 -7.2036e+02 9.0748e+04 5.1667e+04
-4.4587e+05 2.4073e+01 -3.0147e+03 -4.8102e+02 8.3348e+04 4.7656e+04
-1.3810e+05 2.5689e+01 -2.5336e+03 -2.3540e+02 6.1959e+04 3.1410e+04
2.9273e+06 2.7588e+01 -2.3548e+03 -1.3884e+02 3.3264e+04 1.6555e+04
2.3513e+06 2.9242e+01 -2.3411e+03 -1.2607e+02 1.1278e+04 9.6062e+03
1.0576e+06 2.6248e+01 -5.7282e+03 -1.6771e+03 -2.7971e-01 -3.9441e+02
1.0619e+06 2.6248e+01 -5.7270e+03 -1.6853e+03 -1.6506e+00 -3.2185e+02
1.1119e+06 2.6245e+01 -5.7257e+03 -1.6931e+03 3.5590e+00 -2.3088e+02
1.1080e+06 2.6244e+01 -5.7242e+03 -1.7004e+03 5.6774e+00 -1.4996e+02
1.1232e+06 2.6245e+01 -5.7226e+03 -1.7072e+03 -4.1126e-02 -6.8958e+01
1.0853e+06 2.6245e+01 -5.7208e+03 -1.7136e+03 -4.7334e+00 1.1733e+01
1.1495e+06 2.6243e+01 -5.7188e+03 -1.7196e+03 -8.7051e-02 9.2226e+01
1.1442e+06 2.6241e+01 -5.7167e+03 -1.7251e+03 3.5052e+00 1.7213e+02
1.1808e+06 2.6240e+01 -5.7144e+03 -1.7302e+03 1.8481e-01 2.5153e+02
1.1279e+06 2.6239e+01 -5.7120e+03 -1.7349e+03 -6.9938e-01 3.3071e+02
1.1679e+06 2.6237e+01 -5.7094e+03 -1.7391e+03 9.8675e-01 4.0934e+02
1.0905e+06 2.6234e+01 -5.7067e+03 -1.7430e+03 -7.0089e-01 4.8762e+02
1.1286e+06 2.6230e+01 -5.7038e+03 -1.7464e+03 2.4114e+00 5.6554e+02
9.9744e+05 2.6221e+01 -5.7009e+03 -1.7495e+03 7.1948e-01 6.4278e+02
9.9281e+05 2.6417e+01 -5.6977e+03 -1.7521e+03 -1.1592e+00 7.1979e+02
8.6843e+05 2.8010e+01 -5.6945e+03 -1.7544e+03 -6.6559e-02 7.9687e+02
9.6468e+05 3.0695e+01 -5.6911e+03 -1.7563e+03 2.5169e+01 8.7302e+02
7.9904e+05 3.2051e+01 -5.6877e+03 -1.7578e+03 1.0844e+02 9.4927e+02
2.6727e+05 3.2065e+01 -5.6841e+03 -1.7590e+03 1.6878e+02 1.0342e+03
-1.6811e+06 3.2005e+01 -5.6803e+03 -1.7598e+03 3.7233e+01 1.1177e+03
-3.9548e+06 3.1882e+01 -5.6765e+03 -1.7603e+03 -2.7223e+02 1.1868e+03
-2.7437e+06 3.1205e+01 -5.6726e+03 -1.7604e+03 8.3770e+02 1.5159e+03
3.8016e+06 2.9567e+01 -5.6685e+03 -1.7602e+03 1.4050e+04 9.8308e+03
2.9433e+06 2.7269e+01 -5.6027e+03 -1.7289e+03 4.5343e+04 3.3950e+04
2.0224e+06 2.5131e+01 -5.0790e+03 -1.4714e+03 7.4117e+04 5.4510e+04
5.7973e+06 2.3782e+01 -4.5521e+03 -1.2154e+03 8.4995e+04 5.8054e+04
5.8600e+06 2.3245e+01 -4.0272e+03 -9.6373e+02 8.7572e+04 5.5670e+04
4.1718e+06 2.3358e+01 -3.5399e+03 -7.2855e+02 8.8854e+04 5.3700e+04
4.6231e+05 2.4281e+01 -3.0586e+03 -4.8942e+02 8.2356e+04 5.0046e+04
6.6185e+05 2.6043e+01 -2.5783e+03 -2.4401e+02 5.8958e+04 3.7358e+04
3.2687e+06 2.8113e+01 -2.3779e+03 -1.3641e+02 2.7163e+04 1.8989e+04
6.2223e+05 2.9800e+01 -2.3656e+03 -1.2439e+02 6.7051e+03 7.8278e+03
-3.6080e+06 3.0796e+01 -2.3539e+03 -1.1260e+02 7.3478e+02 5.3701e+03
9.9838e+05 2.6247e+01 -5.7290e+03 -1.6722e+03 -3.1179e-01 -4.2877e+02
1.0526e+06 2.6248e+01 -5.7280e+03 -1.6803e+03 -1.0946e+00 -3.5640e+02
1.0704e+06 2.6245e+01 -5.7268e+03 -1.6879e+03 4.6267e+00 -2.6558e+02
1.1132e+06 2.6243e+01 -5.7255e+03 -1.6951e+03 5.7533e+00 -1.8495e+02
1.0757e+06 2.6244e+01 -5.7240e+03 -1.7019e+03 1.6636e-01 -1.0421e+02
1.0907e+06 2.6244e+01 -5.7224e+03 -1.7082e+03 -3.1736e+00 -2.3504e+01
1.0529e+06 2.6244e+01 -5.7206e+03 -1.7141e+03 -5.5588e+00 5.6713e+01
1.1166e+06 2.6243e+01 -5.7186e+03 -1.7195e+03 -5.0670e+00 1.3635e+02
1.1109e+06 2.6240e+01 -5.7165e+03 -1.7246e+03 -2.4306e+00 2.1571e+02
1.1892e+06 2.6238e+01 -5.7142e+03 -1.7292e+03 -1.1480e+00 2.9484e+02
1.1202e+06 2.6237e+01 -5.7118e+03 -1.7334e+03 -6.0447e+00 3.7323e+02
1.1829e+06 2.6235e+01 -5.7092e+03 -1.7372e+03 -5.9917e+00 4.5131e+02
1.0829e+06 2.6231e+01 -5.7065e+03 -1.7405e+03 -2.6642e+00 5.2898e+02
1.1220e+06 2.6198e+01 -5.7037e+03 -1.7435e+03 -4.7426e+00 6.0630e+02
9.4265e+05 2.6817e+01 -5.7007e+03 -1.7462e+03 -1.2488e+01 6.8291e+02
1.0764e+06 2.9066e+01 -5.6976e+03 -1.7484e+03 -7.5882e-01 7.6056e+02
9.7011e+05 3.1496e+01 -5.6944e+03 -1.7502e+03 6.2040e+01 8.3580e+02
8.9922e+05 3.2198e+01 -5.6910e+03 -1.7517e+03 1.7486e+02 9.1550e+02
-7.4244e+05 3.2038e+01 -5.6876e+03 -1.7529e+03 1.4915e+02 1.0044e+03
-2.8357e+06 3.1956e+01 -5.6840e+03 -1.7536e+03 -6.4462e+01 1.0903e+03
-3.6448e+06 3.1510e+01 -5.6803e+03 -1.7541e+03 4.4778e+02 1.2747e+03
1.5249e+06 3.0131e+01 -5.6765e+03 -1.7541e+03 9.9396e+03 5.8423e+03
3.2682e+06 2.7883e+01 -5.6726e+03 -1.7539e+03 3.8030e+04 2.6321e+04
5.7333e+05 2.5620e+01 -5.2145e+03 -1.5276e+03 6.9458e+04 5.0729e+04
4.9891e+06 2.4137e+01 -4.6891e+03 -1.2708e+03 8.3043e+04 5.9360e+04
5.8632e+06 2.3538e+01 -4.1653e+03 -1.0178e+03 8.4539e+04 5.9901e+04
5.4728e+06 2.3581e+01 -3.6428e+03 -7.6567e+02 8.4934e+04 5.9886e+04
3.3507e+06 2.4369e+01 -3.1205e+03 -5.0656e+02 8.0306e+04 5.5915e+04
1.0951e+06 2.6052e+01 -2.6245e+03 -2.5352e+02 5.9665e+04 4.0665e+04
2.7052e+06 2.8186e+01 -2.4027e+03 -1.3491e+02 2.8223e+04 1.9977e+04
4.9198e+05 2.9975e+01 -2.3899e+03 -1.2273e+02 6.8137e+03 8.1181e+03
-2.3260e+06 3.0985e+01 -2.3782e+03 -1.1103e+02 6.7784e+02 5.2860e+03
-2.2844e+06 3.1416e+01 -2.3666e+03 -9.9312e+01 2.8205e+02 5.1822e+03
9.7139e+05 2.6248e+01 -5.7297e+03 -1.6675e+03 -3.5428e+00 -4.6321e+02
9.4411e+05 2.6249e+01 -5.7288e+03 -1.6755e+03 -7.8302e+00 -3.9091e+02
1.0044e+06 2.6246e+01 -5.7278e+03 -1.6831e+03 -3.1756e+00 -3.0018e+02
1.0160e+06 2.6244e+01 -5.7267e+03 -1.6902e+03 1.4032e+00 -2.1986e+02
1.1036e+06 2.6242e+01 -5.7253e+03 -1.6969e+03 4.2843e+00 -1.3915e+02
1.0613e+06 2.6242e+01 -5.7238e+03 -1.7031e+03 4.8915e-01 -5.8543e+01
1.0896e+06 2.6244e+01 -5.7222e+03 -1.7089e+03 -7.6468e+00 2.1439e+01
1.0525e+06 2.6243e+01 -5.7203e+03 -1.7143e+03 -7.8320e+00 1.0092e+02
1.1829e+06 2.6239e+01 -5.7184e+03 -1.7192e+03 1.3545e+00 1.8014e+02
1.1600e+06 2.6236e+01 -5.7163e+03 -1.7238e+03 2.7012e+00 2.5900e+02
1.2458e+06 2.6235e+01 -5.7140e+03 -1.7279e+03 -2.7253e+00 3.3740e+02
1.1551e+06 2.6234e+01 -5.7116e+03 -1.7316e+03 -7.5204e+00 4.1512e+02
1.2588e+06 2.6229e+01 -5.7090e+03 -1.7350e+03 -4.7302e+00 4.9267e+02
1.0915e+06 2.6229e+01 -5.7063e+03 -1.7379e+03 -1.7236e+01 5.6990e+02
1.1964e+06 2.7423e+01 -5.7035e+03 -1.7405e+03 -1.3355e+01 6.4708e+02
1.0717e+06 3.0123e+01 -5.7006e+03 -1.7426e+03 1.5586e+01 7.2378e+02
1.2388e+06 3.1901e+01 -5.6975e+03 -1.7445e+03 1.2782e+02 8.0037e+02
2.6691e+05 3.2104e+01 -5.6943e+03 -1.7459e+03 2.1215e+02 8.8339e+02
-1.7085e+06 3.2024e+01 -5.6910e+03 -1.7470e+03 8.5206e+01 9.8054e+02
-4.8139e+06 3.1851e+01 -5.6875e+03 -1.7477e+03 -1.1398e+02 1.0903e+03
-2.8775e+06 3.0955e+01 -5.6840e+03 -1.7481e+03 4.7666e+03 3.4938e+03
2.5405e+05 2.8955e+01 -5.6803e+03 -1.7482e+03 2.7591e+04 2.0703e+04
-7.2387e+05 2.6504e+01 -5.3500e+03 -1.5847e+03 6.1378e+04 4.6480e+04
5.4815e+06 2.4658e+01 -4.8262e+03 -1.3270e+03 8.0709e+04 5.8495e+04
7.0417e+06 2.3811e+01 -4.3039e+03 -1.0730e+03 8.4125e+04 5.9786e+04
6.2970e+06 2.3716e+01 -3.7830e+03 -8.2141e+02 8.4291e+04 6.0643e+04
4.3730e+06 2.4360e+01 -3.2622e+03 -5.6383e+02 8.0989e+04 6.0661e+04
2.9467e+05 2.5929e+01 -2.7417e+03 -2.9902e+02 6.2759e+04 4.8025e+04
3.2884e+06 2.8056e+01 -2.4276e+03 -1.3355e+02 3.0968e+04 2.3796e+04
1.9944e+06 2.9927e+01 -2.4140e+03 -1.2108e+02 7.6613e+03 8.4577e+03
-1.8984e+06 3.1025e+01 -2.4023e+03 -1.0949e+02 8.1182e+02 5.2550e+03
-3.3573e+06 3.1528e+01 -2.3907e+03 -9.7860e+01 1.6434e+02 5.1617e+03
-5.1383e+06 3.2081e+01 -2.3791e+03 -8.6201e+01 -4.7710e+00 5.1753e+03
9.0900e+05 2.6248e+01 -5.7302e+03 -1.6632e+03 -2.2167e+00 -4.9719e+02
9.0704e+05 2.6250e+01 -5.7296e+03 -1.6711e+03 -8.9901e+00 -4.2496e+02
9.3848e+05 2.6248e+01 -5.7287e+03 -1.6785e+03 -9.6563e+00 -3.3461e+02
9.9414e+05 2.6245e+01 -5.7277e+03 -1.6856e+03 -2.0689e+00 -2.5445e+02
1.0919e+06 2.6240e+01 -5.7265e+03 -1.6921e+03 9.0289e+00 -1.7377e+02
1.0747e+06 2.6240e+01 -5.7251e+03 -1.6983e+03 3.1848e+00 -9.3654e+01
1.0579e+06 2.6243e+01 -5.7236e+03 -1.7040e+03 -1.0681e+01 -1.3891e+01
1.0652e+06 2.6242e+01 -5.7220e+03 -1.7093e+03 -1.2401e+01 6.5702e+01
1.1927e+06 2.6237e+01 -5.7201e+03 -1.7142e+03 -1.7680e-01 1.4485e+02
1.2388e+06 2.6233e+01 -5.7182e+03 -1.7186e+03 3.1717e+00 2.2345e+02
1.3246e+06 2.6232e+01 -5.7160e+03 -1.7227e+03 1.1390e+00 3.0173e+02
1.3359e+06 2.6227e+01 -5.7138e+03 -1.7264e+03 -5.9511e-01 3.7960e+02
1.4512e+06 2.6215e+01 -5.7114e+03 -1.7297e+03 6.8176e+00 4.5729e+02
1.4161e+06 2.6701e+01 -5.7088e+03 -1.7325e+03 4.1450e+00 5.3409e+02
1.5380e+06 2.8665e+01 -5.7062e+03 -1.7350e+03 3.8613e+01 6.1091e+02
1.3605e+06 3.1134e+01 -5.7033e+03 -1.7372e+03 9.4670e+01 6.8594e+02
9.1969e+05 3.2135e+01 -5.7004e+03 -1.7389e+03 1.6693e+02 7.6441e+02
-6.7207e+05 3.2093e+01 -5.6973e+03 -1.7403e+03 1.9378e+02 8.5405e+02
-3.2869e+06 3.2012e+01 -5.6942e+03 -1.7414e+03 -2.9968e+01 9.4359e+02
-5.3780e+06 3.1677e+01 -5.6909e+03 -1.7421e+03 2.0363e+02 1.2282e+03
-2.7503e+06 3.0456e+01 -5.6875e+03 -1.7425e+03 1.0749e+04 1.1615e+04
-2.2522e+06 2.8268e+01 -5.5282e+03 -1.6647e+03 3.9007e+04 4.3824e+04
6.8295e+05 2.6054e+01 -4.9632e+03 -1.3842e+03 6.6464e+04 6.6212e+04
2.9250e+06 2.4697e+01 -4.4426e+03 -1.1292e+03 7.8327e+04 6.4584e+04
3.0906e+06 2.4207e+01 -3.9233e+03 -8.7753e+02 8.2075e+04 6.1954e+04
3.1868e+06 2.4475e+01 -3.4043e+03 -6.2151e+02 8.2159e+04 6.1691e+04
-1.5378e+06 2.5735e+01 -2.8854e+03 -3.5827e+02 6.8801e+04 5.3442e+04
1.9047e+06 2.7777e+01 -2.4541e+03 -1.3306e+02 3.7582e+04 2.9500e+04
1.8079e+06 2.9753e+01 -2.4379e+03 -1.1946e+02 1.0127e+04 9.8572e+03
-2.4283e+06 3.0979e+01 -2.4263e+03 -1.0797e+02 9.2632e+02 5.2655e+03
-3.8000e+06 3.1553e+01 -2.4146e+03 -9.6434e+01 1.0890e+02 5.1098e+03
-4.7804e+06 3.2179e+01 -2.4030e+03 -8.4868e+01 -3.3058e+01 5.1218e+03
-5.2762e+06 3.3420e+01 -2.3915e+03 -7.3271e+01 -1.2374e+02 5.1375e+03
8.8064e+05 2.6247e+01 -5.7306e+03 -1.6591e+03 5.6435e-01 -5.3073e+02
8.6298e+05 2.6248e+01 -5.7301e+03 -1.6669e+03 -4.3616e+00 -4.5877e+02
8.6932e+05 2.6248e+01 -5.7294e+03 -1.6743e+03 -1.1020e+01 -3.6879e+02
9.4125e+05 2.6244e+01 -5.7286e+03 -1.6812e+03 -2.2845e+00 -2.8866e+02
1.0697e+06 2.6240e+01 -5.7275e+03 -1.6877e+03 7.5823e+00 -2.0825e+02
1.1043e+06 2.6239e+01 -5.7263e+03 -1.6937e+03 3.8102e+00 -1.2829e+02
1.1323e+06 2.6240e+01 -5.7250e+03 -1.6994e+03 -6.0281e+00 -4.8605e+01
1.1549e+06 2.6238e+01 -5.7234e+03 -1.7046e+03 -7.3082e+00 3.0760e+01
1.2372e+06 2.6234e+01 -5.7218e+03 -1.7094e+03 -3.5646e+00 1.0962e+02
1.2929e+06 2.6230e+01 -5.7199e+03 -1.7138e+03 2.0495e+00 1.8819e+02
1.3887e+06 2.6226e+01 -5.7180e+03 -1.7178e+03 3.5367e+00 2.6638e+02
1.5000e+06 2.6215e+01 -5.7158e+03 -1.7214e+03 2.2402e+01 3.4446e+02
1.6790e+06 2.6187e+01 -5.7136e+03 -1.7246e+03 4.6785e+01 4.2174e+02
1.7891e+06 2.7509e+01 -5.7112e+03 -1.7275e+03 8.6546e+01 4.9789e+02
1.7889e+06 3.0365e+01 -5.7086e+03 -1.7299e+03 1.3045e+02 5.7397e+02
1.3235e+06 3.2029e+01 -5.7060e+03 -1.7320e+03 1.8761e+02 6.4974e+02
-1.1315e+05 3.2167e+01 -5.7032e+03 -1.7337e+03 1.2333e+02 7.2899e+02
-2.2282e+06 3.2120e+01 -5.7003e+03 -1.7351e+03 1.0811e+02 8.2883e+02
-4.8850e+06 3.2001e+01 -5.6972e+03 -1.7361e+03 -1.8234e+02 8.7996e+02
-5.6812e+06 3.1506e+01 -5.6941e+03 -1.7367e+03 5.7386e+02 1.5095e+03
-3.8452e+06 3.0149e+01 -5.6908e+03 -1.7371e+03 1.4302e+04 2.3882e+04
-3.0022e+06 2.8121e+01 -5.3593e+03 -1.5731e+03 4.0360e+04 6.4436e+04
1.9136e+06 2.6369e+01 -4.7348e+03 -1.2639e+03 5.8008e+04 8.1830e+04
4.0773e+06 2.5439e+01 -4.1160e+03 -9.5957e+02 6.5102e+04 7.7627e+04
2.8849e+06 2.5224e+01 -3.5465e+03 -6.7957e+02 7.0770e+04 7.2364e+04
-1.4266e+06 2.5878e+01 -3.0293e+03 -4.1792e+02 6.7373e+04 6.4046e+04
-3.9030e+05 2.7524e+01 -2.5123e+03 -1.4916e+02 4.3292e+04 3.9193e+04
2.1601e+06 2.9486e+01 -2.4617e+03 -1.1786e+02 1.3911e+04 1.2873e+04
-2.5641e+06 3.0861e+01 -2.4500e+03 -1.0647e+02 1.3611e+03 5.3446e+03
-3.8637e+06 3.1526e+01 -2.4384e+03 -9.5033e+01 1.4050e+02 5.0711e+03
-5.3300e+06 3.2198e+01 -2.4268e+03 -8.3562e+01 -3.0889e+01 5.0719e+03
-6.2357e+06 3.3474e+01 -2.4152e+03 -7.2056e+01 -1.6472e+02 5.0949e+03
-6.9146e+06 3.4954e+01 -2.4037e+03 -6.0520e+01 -1.7150e+02 5.1144e+03
8.0408e+05 2.6246e+01 -5.7309e+03 -1.6553e+03 1.5973e+00 -5.6431e+02
8.8940e+05 2.6248e+01 -5.7306e+03 -1.6630e+03 -3.5871e+00 -4.9262e+02
8.2537e+05 2.6247e+01 -5.7300e+03 -1.6703e+03 -1.1711e+01 -4.0266e+02
9.8849e+05 2.6244e+01 -5.7293e+03 -1.6771e+03 -3.6644e+00 -3.2249e+02
9.8638e+05 2.6240e+01 -5.7284e+03 -1.6835e+03 -3.2520e+00 -2.4248e+02
1.1650e+06 2.6237e+01 -5.7274e+03 -1.6895e+03 -6.6766e-01 -1.6254e+02
1.1305e+06 2.6232e+01 -5.7261e+03 -1.6950e+03 3.3707e+00 -8.2984e+01
1.3439e+06 2.6228e+01 -5.7248e+03 -1.7002e+03 1.3414e+01 -3.8424e+00
1.2321e+06 2.6225e+01 -5.7232e+03 -1.7049e+03 7.9731e+00 7.4831e+01
1.4576e+06 2.6221e+01 -5.7216e+03 -1.7092e+03 1.6855e+01 1.5317e+02
1.3173e+06 2.6215e+01 -5.7197e+03 -1.7132e+03 2.0310e+01 2.3092e+02
1.6930e+06 2.6201e+01 -5.7178e+03 -1.7167e+03 5.9770e+01 3.0873e+02
1.4929e+06 2.6173e+01 -5.7156e+03 -1.7199e+03 8.4049e+01 3.8529e+02
1.8531e+06 2.7494e+01 -5.7134e+03 -1.7226e+03 1.4897e+02 4.6172e+02
1.0726e+06 3.0402e+01 -5.7110e+03 -1.7250e+03 1.5073e+02 5.3794e+02
6.8557e+05 3.2134e+01 -5.7085e+03 -1.7271e+03 1.9522e+02 6.1589e+02
-1.9407e+06 3.2237e+01 -5.7058e+03 -1.7287e+03 3.9937e+01 6.9466e+02
-3.3254e+06 3.2134e+01 -5.7030e+03 -1.7301e+03 5.2655e+01 8.0923e+02
-6.5351e+06 3.1960e+01 -5.7001e+03 -1.7310e+03 -2.3173e+02 8.3694e+02
-4.5689e+06 3.1308e+01 -5.6971e+03 -1.7316e+03 1.6089e+03 2.0585e+03
-3.7658e+06 2.9863e+01 -5.6940e+03 -1.7319e+03 1.8122e+04 3.5600e+04
-4.1302e+06 2.8060e+01 -5.2106e+03 -1.4906e+03 4.1926e+04 7.7969e+04
6.6990e+05 2.6771e+01 -4.5902e+03 -1.1819e+03 5.2182e+04 8.8009e+04
2.6765e+06 2.6260e+01 -3.9745e+03 -8.7731e+02 5.4060e+04 8.7550e+04
1.2937e+06 2.6421e+01 -3.3581e+03 -5.6848e+02 5.6240e+04 8.5423e+04
-1.1499e+06 2.7444e+01 -2.7386e+03 -2.5108e+02 4.5223e+04 6.2780e+04
1.5160e+06 2.9154e+01 -2.4852e+03 -1.1627e+02 1.9264e+04 2.4406e+04
-3.5694e+06 3.0696e+01 -2.4735e+03 -1.0499e+02 2.5551e+03 6.0679e+03
-5.9430e+06 3.1529e+01 -2.4619e+03 -9.3657e+01 -1.3352e+01 5.0344e+03
-6.6068e+06 3.2221e+01 -2.4504e+03 -8.2283e+01 -8.8485e+01 5.0518e+03
-6.9806e+06 3.3498e+01 -2.4388e+03 -7.0872e+01 -1.7560e+02 5.0457e+03
-6.4969e+06 3.4973e+01 -2.4273e+03 -5.9426e+01 -1.1302e+02 5.0704e+03
-5.8079e+06 3.5801e+01 -2.4158e+03 -4.7949e+01 -6.3428e-01 5.0854e+03
7.7116e+05 2.6246e+01 -5.7311e+03 -1.6518e+03 4.6260e-01 -5.9748e+02
8.3404e+05 2.6247e+01 -5.7309e+03 -1.6594e+03 -6.8758e+00 -5.2610e+02
7.8469e+05 2.6245e+01 -5.7305e+03 -1.6666e+03 -1.2986e+01 -4.3624e+02
9.6457e+05 2.6242e+01 -5.7299e+03 -1.6733e+03 -5.7825e+00 -3.5631e+02
1.0018e+06 2.6237e+01 -5.7292e+03 -1.6796e+03 -3.7684e+00 -2.7659e+02
1.2481e+06 2.6231e+01 -5.7283e+03 -1.6855e+03 8.2292e+00 -1.9675e+02
1.2312e+06 2.6223e+01 -5.7272e+03 -1.6910e+03 1.7034e+01 -1.1746e+02
1.4401e+06 2.6217e+01 -5.7260e+03 -1.6960e+03 3.4332e+01 -3.8520e+01
1.2512e+06 2.6212e+01 -5.7246e+03 -1.7007e+03 3.1141e+01 4.0134e+01
1.4247e+06 2.6208e+01 -5.7231e+03 -1.7049e+03 4.3775e+01 1.1820e+02
1.1415e+06 2.6202e+01 -5.7214e+03 -1.7088e+03 4.6265e+01 1.9551e+02
1.3628e+06 2.6198e+01 -5.7195e+03 -1.7123e+03 8.3680e+01 2.7316e+02
8.0382e+05 2.6192e+01 -5.7176e+03 -1.7154e+03 8.8363e+01 3.4972e+02
7.9449e+05 2.6648e+01 -5.7154e+03 -1.7181e+03 1.2383e+02 4.2674e+02
-5.8113e+05 2.8611e+01 -5.7132e+03 -1.7204e+03 6.6164e+01 5.0270e+02
-1.0815e+06 3.1167e+01 -5.7108e+03 -1.7224e+03 9.1494e+01 5.8163e+02
-3.6134e+06 3.2201e+01 -5.7083e+03 -1.7240e+03 -2.2874e+01 6.5980e+02
-4.2624e+06 3.2127e+01 -5.7056e+03 -1.7253e+03 1.9832e+01 7.7915e+02
-6.8264e+06 3.1868e+01 -5.7029e+03 -1.7262e+03 -3.1485e+01 8.6871e+02
-3.9040e+06 3.1031e+01 -5.7000e+03 -1.7268e+03 5.4283e+03 4.7501e+03
-5.2764e+06 2.9492e+01 -5.6805e+03 -1.7187e+03 2.6006e+04 4.5166e+04
-4.0819e+06 2.7898e+01 -5.0637e+03 -1.4085e+03 4.6456e+04 8.5156e+04
-2.8391e+05 2.6985e+01 -4.4475e+03 -1.1002e+03 5.1631e+04 8.8441e+04
-1.2037e+05 2.6822e+01 -3.8352e+03 -7.9503e+02 5.1929e+04 8.9440e+04
-2.6407e+06 2.7356e+01 -3.2207e+03 -4.8346e+02 4.9289e+04 8.9541e+04
-4.3249e+06 2.8652e+01 -2.6028e+03 -1.6332e+02 3.1520e+04 5.4960e+04
-3.3744e+06 3.0235e+01 -2.4969e+03 -1.0353e+02 8.7915e+03 1.3117e+04
-7.1814e+06 3.1328e+01 -2.4853e+03 -9.2305e+01 2.5878e+02 5.1124e+03
-6.9617e+06 3.2098e+01 -2.4737e+03 -8.1032e+01 -1.5265e+02 5.0241e+03
-8.0166e+06 3.3414e+01 -2.4622e+03 -6.9717e+01 -2.2314e+02 5.0222e+03
-6.4503e+06 3.4955e+01 -2.4507e+03 -5.8364e+01 -8.5062e+01 5.0257e+03
-6.7535e+06 3.5803e+01 -2.4393e+03 -4.6976e+01 -5.0129e+00 5.0495e+03
-5.5910e+06 3.6005e+01 -2.4278e+03 -3.5558e+01 7.9763e+01 5.0686e+03
7.1690e+05 2.6246e+01 -5.7312e+03 -1.6486e+03 -3.6574e+00 -6.2996e+02
8.5017e+05 2.6245e+01 -5.7311e+03 -1.6561e+03 -2.2789e+00 -5.5888e+02
8.6665e+05 2.6241e+01 -5.7308e+03 -1.6632e+03 -2.3096e+00 -4.6935e+02
1.0365e+06 2.6235e+01 -5.7304e+03 -1.6698e+03 6.0316e+00 -3.8964e+02
1.0971e+06 2.6227e+01 -5.7298e+03 -1.6760e+03 1.8016e+01 -3.1003e+02
1.2633e+06 2.6219e+01 -5.7290e+03 -1.6818e+03 3.1290e+01 -2.3046e+02
1.1832e+06 2.6213e+01 -5.7281e+03 -1.6872e+03 3.0587e+01 -1.5131e+02
1.2664e+06 2.6207e+01 -5.7270e+03 -1.6922e+03 4.3192e+01 -7.2723e+01
1.0712e+06 2.6203e+01 -5.7258e+03 -1.6967e+03 4.9421e+01 5.7676e+00
1.0631e+06 2.6201e+01 -5.7244e+03 -1.7009e+03 6.4522e+01 8.3844e+01
6.7404e+05 2.6201e+01 -5.7229e+03 -1.7047e+03 7.3006e+01 1.6106e+02
4.6431e+05 2.6213e+01 -5.7212e+03 -1.7081e+03 8.9790e+01 2.3834e+02
-4.8857e+05 2.6234e+01 -5.7193e+03 -1.7111e+03 5.8742e+01 3.1513e+02
-1.1769e+06 2.6189e+01 -5.7174e+03 -1.7138e+03 2.7729e+01 3.9143e+02
-2.6403e+06 2.7458e+01 -5.7152e+03 -1.7161e+03 -4.6149e+01 4.6762e+02
-3.2459e+06 3.0346e+01 -5.7130e+03 -1.7180e+03 -2.9775e+01 5.4646e+02
-4.7602e+06 3.2047e+01 -5.7106e+03 -1.7196e+03 -3.9704e+01 6.3013e+02
-5.1632e+06 3.2122e+01 -5.7081e+03 -1.7208e+03 -3.2953e+01 7.2430e+02
-6.2369e+06 3.1787e+01 -5.7055e+03 -1.7217e+03 2.7183e+02 1.0070e+03
-3.9270e+06 3.0828e+01 -5.7027e+03 -1.7222e+03 8.8375e+03 1.1804e+04
-6.4990e+06 2.9317e+01 -5.5343e+03 -1.6380e+03 3.0274e+04 5.5008e+04
-4.2845e+06 2.7976e+01 -4.9187e+03 -1.3267e+03 4.6150e+04 8.8871e+04
-1.4434e+06 2.7330e+01 -4.3066e+03 -1.0187e+03 4.8769e+04 8.9976e+04
-2.2582e+06 2.7354e+01 -3.6971e+03 -7.1228e+02 4.9396e+04 9.0861e+04
-5.5467e+06 2.8104e+01 -3.0846e+03 -3.9804e+02 4.3534e+04 8.6714e+04
-5.3516e+06 2.9495e+01 -2.5233e+03 -1.0379e+02 2.2594e+04 4.6025e+04
-4.2116e+06 3.0867e+01 -2.5084e+03 -9.0976e+01 3.8589e+03 7.4924e+03
-9.0624e+06 3.1611e+01 -2.4969e+03 -7.9806e+01 -1.5891e+02 4.9487e+03
-7.4255e+06 3.2501e+01 -2.4854e+03 -6.8590e+01 -9.4170e+01 4.9970e+03
-7.9562e+06 3.4277e+01 -2.4739e+03 -5.7333e+01 -1.3052e+02 4.9790e+03
-5.9514e+06 3.5652e+01 -2.4625e+03 -4.6037e+01 7.6408e+01 4.9998e+03
-5.7525e+06 3.6006e+01 -2.4511e+03 -3.4707e+01 9.6237e+01 5.0253e+03
-4.7601e+06 3.6077e+01 -2.4397e+03 -2.3347e+01 1.0866e+02 5.0406e+03
7.1490e+05 2.6244e+01 -5.7311e+03 -1.6456e+03 -6.2860e+00 -6.6216e+02
7.8922e+05 2.6240e+01 -5.7312e+03 -1.6530e+03 -2.8276e+00 -5.9084e+02
8.5981e+05 2.6233e+01 -5.7310e+03 -1.6600e+03 2.9434e+00 -5.0145e+02
9.8695e+05 2.6225e+01 -5.7308e+03 -1.6665e+03 1.7423e+01 -4.2207e+02
1.1014e+06 2.6216e+01 -5.7303e+03 -1.6726e+03 3.7783e+01 -3.4254e+02
1.1476e+06 2.6210e+01 -5.7297e+03 -1.6783e+03 5.2687e+01 -2.6326e+02
1.0226e+06 2.6208e+01 -5.7289e+03 -1.6836e+03 4.9903e+01 -1.8436e+02
8.7289e+05 2.6206e+01 -5.7280e+03 -1.6885e+03 5.7441e+01 -1.0611e+02
5.6560e+05 2.6207e+01 -5.7269e+03 -1.6930e+03 6.5584e+01 -2.7743e+01
1.8349e+05 2.6216e+01 -5.7256e+03 -1.6971e+03 6.8276e+01 5.0365e+01
-4.0216e+05 2.6227e+01 -5.7242e+03 -1.7009e+03 7.0514e+01 1.2724e+02
-1.1642e+06 2.6248e+01 -5.7227e+03 -1.7042e+03 5.0360e+01 2.0446e+02
-2.3970e+06 2.6264e+01 -5.7210e+03 -1.7072e+03 -2.7318e+01 2.8168e+02
-3.4618e+06 2.6498e+01 -5.7191e+03 -1.7098e+03 -9.0820e+01 3.5696e+02
-4.3621e+06 2.8124e+01 -5.7172e+03 -1.7120e+03 -1.0204e+02 4.3336e+02
-4.7005e+06 3.0775e+01 -5.7151e+03 -1.7139e+03 -5.5260e+01 5.1214e+02
-5.2936e+06 3.2113e+01 -5.7128e+03 -1.7154e+03 -1.6736e+00 6.0424e+02
-5.7137e+06 3.2113e+01 -5.7104e+03 -1.7166e+03 -5.2290e+01 6.6796e+02
-5.8587e+06 3.1754e+01 -5.7079e+03 -1.7174e+03 4.3194e+02 1.1771e+03
-3.8072e+06 3.0830e+01 -5.7053e+03 -1.7179e+03 8.9184e+03 1.9425e+04
-4.3017e+06 2.9478e+01 -5.4465e+03 -1.5873e+03 2.6920e+04 6.4643e+04
-2.9211e+06 2.8389e+01 -4.8201e+03 -1.2690e+03 3.8822e+04 9.2930e+04
-1.9323e+06 2.7921e+01 -4.1995e+03 -9.5399e+02 4.0743e+04 9.3907e+04
-3.3789e+06 2.8031e+01 -3.5807e+03 -6.3841e+02 4.1123e+04 9.4783e+04
-6.3701e+06 2.8835e+01 -2.9573e+03 -3.1513e+02 3.3810e+04 8.3327e+04
-5.6923e+06 3.0150e+01 -2.5318e+03 -8.9924e+01 1.4621e+04 3.9244e+04
-6.9149e+06 3.1279e+01 -2.5198e+03 -7.8606e+01 1.0922e+03 5.9638e+03
-8.5686e+06 3.1776e+01 -2.5084e+03 -6.7493e+01 -2.3187e+02 4.9050e+03
-6.7237e+06 3.2473e+01 -2.4969e+03 -5.6333e+01 8.3634e+01 4.9685e+03
-6.7181e+06 3.4145e+01 -2.4855e+03 -4.5132e+01 2.7494e+01 4.9486e+03
-5.4854e+06 3.5627e+01 -2.4741e+03 -3.3893e+01 1.2151e+02 4.9725e+03
-5.8392e+06 3.6089e+01 -2.4627e+03 -2.2619e+01 5.8889e+01 5.0030e+03
-5.2650e+06 3.6156e+01 -2.4514e+03 -1.1315e+01 4.7776e+01 5.0207e+03
7.1637e+05 2.6235e+01 -5.7309e+03 -1.6429e+03 3.3550e+00 -6.9518e+02
8.2967e+05 2.6231e+01 -5.7311e+03 -1.6502e+03 7.6324e+00 -6.2380e+02
9.0355e+05 2.6223e+01 -5.7311e+03 -1.6571e+03 2.1567e+01 -5.3394e+02
9.4702e+05 2.6213e+01 -5.7310e+03 -1.6635e+03 3.8446e+01 -4.5503e+02
8.7541e+05 2.6207e+01 -5.7307e+03 -1.6695e+03 5.0292e+01 -3.7546e+02
6.6453e+05 2.6209e+01 -5.7302e+03 -1.6751e+03 5.6558e+01 -2.9639e+02
3.5424e+05 2.6217e+01 -5.7296e+03 -1.6804e+03 5.5984e+01 -2.1785e+02
2.8749e+04 2.6222e+01 -5.7288e+03 -1.6852e+03 6.6711e+01 -1.3990e+02
-4.5157e+05 2.6232e+01 -5.7278e+03 -1.6896e+03 6.8203e+01 -6.1963e+01
-1.2675e+06 2.6248e+01 -5.7267e+03 -1.6936e+03 2.4446e+01 1.5956e+01
-2.1924e+06 2.6287e+01 -5.7254e+03 -1.6973e+03 -1.5963e+01 9.3383e+01
-3.1992e+06 2.6296e+01 -5.7240e+03 -1.7006e+03 -5.7052e+01 1.7125e+02
-4.2836e+06 2.6214e+01 -5.7225e+03 -1.7035e+03 -1.1721e+02 2.4817e+02
-4.9676e+06 2.7175e+01 -5.7208e+03 -1.7060e+03 -1.3019e+02 3.2260e+02
-5.1097e+06 2.9733e+01 -5.7189e+03 -1.7082e+03 -6.2970e+01 3.9928e+02
-5.2105e+06 3.1771e+01 -5.7170e+03 -1.7100e+03 -1.3227e+01 4.7800e+02
-5.3778e+06 3.2223e+01 -5.7149e+03 -1.7115e+03 4.7746e+01 5.7413e+02
-5.9404e+06 3.2214e+01 -5.7126e+03 -1.7126e+03 -4.9906e+01 6.2551e+02
-5.6866e+06 3.2230e+01 -5.7103e+03 -1.7134e+03 4.8596e+02 1.2849e+03
-4.4862e+06 3.1540e+01 -5.7078e+03 -1.7138e+03 8.7640e+03 2.3839e+04
-5.7558e+06 3.0020e+01 -5.4096e+03 -1.5619e+03 2.4496e+04 7.0121e+04
-3.7687e+06 2.8829e+01 -4.7867e+03 -1.2429e+03 3.3703e+04 9.5291e+04
-2.1947e+06 2.8441e+01 -4.1694e+03 -9.2716e+02 3.4642e+04 9.6522e+04
-3.1100e+06 2.8602e+01 -3.5533e+03 -6.1025e+02 3.4171e+04 9.7603e+04
-5.7511e+06 2.9379e+01 -2.9324e+03 -2.8567e+02 2.6796e+04 8.1027e+04
-6.3585e+06 3.0558e+01 -2.5426e+03 -7.7431e+01 1.0840e+04 3.5301e+04
-6.7325e+06 3.1496e+01 -2.5311e+03 -6.6422e+01 6.4802e+02 5.7437e+03
-8.0078e+06 3.1873e+01 -2.5197e+03 -5.5364e+01 -1.4192e+02 4.8906e+03
-6.5390e+06 3.2393e+01 -2.5083e+03 -4.4260e+01 1.1293e+02 4.9453e+03
-6.3744e+06 3.3924e+01 -2.4970e+03 -3.3114e+01 5.1273e+01 4.9286e+03
-5.3879e+06 3.5577e+01 -2.4856e+03 -2.1930e+01 8.8981e+01 4.9504e+03
-5.1623e+06 3.6176e+01 -2.4743e+03 -1.0711e+01 5.6727e+01 4.9784e+03
-4.8387e+06 3.6211e+01 -2.4630e+03 5.3865e-01 4.6848e+01 4.9938e+03
7.4555e+05 2.6241e+01 -5.7306e+03 -1.6405e+03 3.6324e+01 -7.2845e+02
6.9122e+05 2.6217e+01 -5.7310e+03 -1.6476e+03 3.3996e+01 -6.5823e+02
6.5847e+05 2.6398e+01 -5.7311e+03 -1.6544e+03 4.5602e+01 -5.6903e+02
5.6001e+05 2.6670e+01 -5.7311e+03 -1.6607e+03 6.4466e+01 -4.9006e+02
3.2567e+05 2.6530e+01 -5.7310e+03 -1.6667e+03 6.7645e+01 -4.1089e+02
-1.8521e+05 2.6286e+01 -5.7306e+03 -1.6722e+03 5.0760e+01 -3.3188e+02
-7.4832e+05 2.6244e+01 -5.7301e+03 -1.6773e+03 3.4406e+01 -2.5379e+02
-1.3351e+06 2.6325e+01 -5.7295e+03 -1.6821e+03 3.4729e+01 -1.7572e+02
-2.0052e+06 2.6431e+01 -5.7286e+03 -1.6864e+03 2.1911e+01 -9.7466e+01
-3.1269e+06 2.6517e+01 -5.7277e+03 -1.6904e+03 -5.9521e+01 -1.9713e+01
-4.1140e+06 2.7034e+01 -5.7265e+03 -1.6940e+03 -1.1886e+02 5.7655e+01
-4.8515e+06 2.7651e+01 -5.7253e+03 -1.6972e+03 -1.2313e+02 1.3428e+02
-5.2070e+06 2.7696e+01 -5.7239e+03 -1.7000e+03 -1.0275e+02 2.0983e+02
-5.4265e+06 2.8729e+01 -5.7223e+03 -1.7025e+03 -7.1421e+01 2.8534e+02
-5.2136e+06 3.1047e+01 -5.7206e+03 -1.7046e+03 -7.1683e-01 3.6313e+02
-5.3588e+06 3.2243e+01 -5.7188e+03 -1.7064e+03 9.4730e+00 4.4023e+02
-5.3396e+06 3.2221e+01 -5.7168e+03 -1.7078e+03 7.6836e+01 5.3942e+02
-6.0815e+06 3.2584e+01 -5.7147e+03 -1.7089e+03 -6.3237e+01 5.8898e+02
-5.5602e+06 3.3428e+01 -5.7124e+03 -1.7096e+03 5.4039e+02 1.3591e+03
-4.6351e+06 3.3023e+01 -5.7101e+03 -1.7100e+03 9.4019e+03 2.6911e+04
-5.4550e+06 3.0921e+01 -5.3731e+03 -1.5367e+03 2.4903e+04 7.3243e+04
-4.0380e+06 2.9180e+01 -4.7539e+03 -1.2171e+03 3.3095e+04 9.5442e+04
-3.6114e+06 2.8695e+01 -4.1401e+03 -9.0072e+02 3.3713e+04 9.6638e+04
-4.9543e+06 2.8904e+01 -3.5268e+03 -5.8258e+02 3.3054e+04 9.7693e+04
-6.8401e+06 2.9648e+01 -2.9087e+03 -2.5685e+02 2.5309e+04 7.8540e+04
-5.4747e+06 3.0731e+01 -2.5537e+03 -6.5379e+01 9.9271e+03 3.2684e+04
-6.5306e+06 3.1573e+01 -2.5423e+03 -5.4424e+01 6.4229e+02 5.6171e+03
-7.1487e+06 3.2089e+01 -2.5309e+03 -4.3419e+01 -7.2761e+01 4.8588e+03
-6.0675e+06 3.3030e+01 -2.5196e+03 -3.2369e+01 1.0128e+02 4.9153e+03
-5.9288e+06 3.4613e+01 -2.5083e+03 -2.1277e+01 2.9804e+01 4.9076e+03
-5.5233e+06 3.5845e+01 -2.4970e+03 -1.0147e+01 4.1447e+01 4.9273e+03
-5.6952e+06 3.6211e+01 -2.4857e+03 1.0176e+00 5.3395e+00 4.9545e+03
-5.3417e+06 3.6240e+01 -2.4745e+03 1.2213e+01 6.3333e+00 4.9718e+03
5.0410e+05 2.7583e+01 -5.7302e+03 -1.6383e+03 7.3481e+01 -7.6277e+02
3.9703e+05 2.7802e+01 -5.7307e+03 -1.6453e+03 7.1004e+01 -6.9223e+02
2.2119e+05 2.8134e+01 -5.7310e+03 -1.6520e+03 7.7814e+01 -6.0044e+02
-1.0452e+05 2.8707e+01 -5.7311e+03 -1.6582e+03 8.7343e+01 -5.2270e+02
-6.5272e+05 2.8450e+01 -5.7311e+03 -1.6641e+03 7.2869e+01 -4.4343e+02
-1.6015e+06 2.7621e+01 -5.7309e+03 -1.6695e+03 1.5530e+01 -3.6408e+02
-2.5421e+06 2.7080e+01 -5.7306e+03 -1.6745e+03 -4.1700e+01 -2.8586e+02
-3.3314e+06 2.7468e+01 -5.7300e+03 -1.6792e+03 -6.2276e+01 -2.0774e+02
-3.8496e+06 2.8141e+01 -5.7293e+03 -1.6835e+03 -6.1821e+01 -1.2940e+02
-4.6269e+06 2.8445e+01 -5.7285e+03 -1.6873e+03 -9.5677e+01 -5.2736e+01
-5.0638e+06 2.9353e+01 -5.7275e+03 -1.6909e+03 -9.5389e+01 2.3765e+01
-5.3012e+06 3.0517e+01 -5.7264e+03 -1.6940e+03 -5.8887e+01 9.9495e+01
-5.1982e+06 3.0814e+01 -5.7251e+03 -1.6968e+03 -1.2059e+01 1.7560e+02
-5.3445e+06 3.1136e+01 -5.7237e+03 -1.6992e+03 -3.4151e+00 2.5255e+02
-5.1038e+06 3.1934e+01 -5.7221e+03 -1.7013e+03 3.4784e+01 3.3026e+02
-5.4631e+06 3.2294e+01 -5.7204e+03 -1.7030e+03 1.2823e+01 4.0542e+02
-5.2637e+06 3.2229e+01 -5.7186e+03 -1.7043e+03 9.8666e+01 5.0931e+02
-6.2268e+06 3.2792e+01 -5.7166e+03 -1.7054e+03 -7.8112e+01 5.5467e+02
-5.3567e+06 3.4043e+01 -5.7145e+03 -1.7061e+03 6.0555e+02 1.4249e+03
-4.8618e+06 3.3757e+01 -5.7123e+03 -1.7064e+03 1.0035e+04 2.9939e+04
-5.7708e+06 3.1357e+01 -5.3370e+03 -1.5116e+03 2.5378e+04 7.6295e+04
-3.6921e+06 2.9364e+01 -4.7214e+03 -1.1915e+03 3.2798e+04 9.5522e+04
-2.7942e+06 2.8852e+01 -4.1110e+03 -8.7444e+02 3.3368e+04 9.6677e+04
-3.7154e+06 2.9090e+01 -3.5006e+03 -5.5504e+02 3.2719e+04 9.7700e+04
-5.3896e+06 2.9818e+01 -2.8854e+03 -2.2819e+02 2.4487e+04 7.6065e+04
-4.7269e+06 3.0832e+01 -2.5646e+03 -5.3513e+01 9.2581e+03 3.0133e+04
-5.8946e+06 3.1763e+01 -2.5533e+03 -4.2610e+01 6.1426e+02 5.5047e+03
-6.8261e+06 3.2892e+01 -2.5420e+03 -3.1658e+01 -6.1366e+01 4.8321e+03
-6.2138e+06 3.4424e+01 -2.5307e+03 -2.0661e+01 5.0477e+01 4.8900e+03
-5.9120e+06 3.5654e+01 -2.5195e+03 -9.6221e+00 2.2653e+01 4.8873e+03
-5.1419e+06 3.6134e+01 -2.5082e+03 1.4551e+00 6.6585e+01 4.9061e+03
-4.8383e+06 3.6225e+01 -2.4970e+03 1.2567e+01 5.9120e+01 4.9321e+03
-4.7808e+06 3.6257e+01 -2.4858e+03 2.3710e+01 3.6928e+01 4.9449e+03
-1.9336e+05 3.0311e+01 -5.7297e+03 -1.6363e+03 7.8786e+01 -7.9214e+02
-6.1147e+05 3.0950e+01 -5.7303e+03 -1.6432e+03 5.8879e+01 -7.2567e+02
-1.0622e+06 3.1063e+01 -5.7308e+03 -1.6498e+03 4.2517e+01 -6.4627e+02
-1.6078e+06 3.1376e+01 -5.7310e+03 -1.6559e+03 2.8874e+01 -5.6591e+02
-2.2160e+06 3.1279e+01 -5.7312e+03 -1.6617e+03 1.2711e+01 -4.8709e+02
-3.1722e+06 3.0373e+01 -5.7311e+03 -1.6670e+03 -4.0028e+01 -4.0771e+02
-4.0803e+06 2.9445e+01 -5.7309e+03 -1.6720e+03 -9.3425e+01 -3.2979e+02
-4.7371e+06 2.9993e+01 -5.7305e+03 -1.6766e+03 -1.0232e+02 -2.5189e+02
-4.9636e+06 3.1042e+01 -5.7299e+03 -1.6808e+03 -7.3602e+01 -1.7457e+02
-5.2546e+06 3.1409e+01 -5.7292e+03 -1.6846e+03 -5.6319e+01 -9.8123e+01
-5.2061e+06 3.1783e+01 -5.7284e+03 -1.6880e+03 -2.0450e+01 -2.1459e+01
-5.3169e+06 3.2241e+01 -5.7274e+03 -1.6911e+03 -2.3302e-01 5.5306e+01
-5.0707e+06 3.2373e+01 -5.7262e+03 -1.6938e+03 2.6815e+01 1.3177e+02
-5.3388e+06 3.2345e+01 -5.7249e+03 -1.6961e+03 8.6646e+00 2.0850e+02
-5.0979e+06 3.2331e+01 -5.7235e+03 -1.6982e+03 3.7089e+01 2.8526e+02
-5.5509e+06 3.2295e+01 -5.7219e+03 -1.6998e+03 4.1069e+00 3.5975e+02
-5.2460e+06 3.2230e+01 -5.7202e+03 -1.7011e+03 1.0537e+02 4.6697e+02
-6.3664e+06 3.2570e+01 -5.7184e+03 -1.7021e+03 -9.5284e+01 5.0126e+02
-5.2395e+06 3.3618e+01 -5.7164e+03 -1.7027e+03 6.5496e+02 1.4613e+03
-4.8964e+06 3.3398e+01 -5.7143e+03 -1.7031e+03 1.0146e+04 3.2624e+04
-5.5262e+06 3.1078e+01 -5.3011e+03 -1.4868e+03 2.4461e+04 7.9257e+04
-3.7976e+06 2.9366e+01 -4.6892e+03 -1.1660e+03 3.0649e+04 9.6113e+04
-3.6957e+06 2.9104e+01 -4.0823e+03 -8.4828e+02 3.1037e+04 9.7277e+04
-4.7771e+06 2.9341e+01 -3.4747e+03 -5.2765e+02 3.0376e+04 9.8289e+04
-5.8434e+06 3.0016e+01 -2.8624e+03 -1.9968e+02 2.2252e+04 7.4464e+04
-4.3471e+06 3.1086e+01 -2.5755e+03 -4.1831e+01 8.0836e+03 2.8194e+04
-6.1012e+06 3.2552e+01 -2.5642e+03 -3.0980e+01 4.6822e+02 5.4128e+03
-6.4751e+06 3.4287e+01 -2.5530e+03 -2.0080e+01 -8.2414e+01 4.8081e+03
-5.8561e+06 3.5615e+01 -2.5417e+03 -9.1349e+00 5.0042e+01 4.8582e+03
-5.4335e+06 3.6133e+01 -2.5305e+03 1.8523e+00 4.4423e+01 4.8537e+03
-5.5996e+06 3.6214e+01 -2.5193e+03 1.2878e+01 2.6578e+01 4.8712e+03
-5.6376e+06 3.6239e+01 -2.5082e+03 2.3938e+01 -6.0253e+00 4.9000e+03
-5.4596e+06 3.6269e+01 -2.4970e+03 3.5029e+01 -1.7058e+01 4.9252e+03
-1.5954e+06 3.1959e+01 -5.7291e+03 -1.6345e+03 2.6666e+01 -8.2723e+02
-2.0364e+06 3.2464e+01 -5.7299e+03 -1.6414e+03 2.9433e+00 -7.4703e+02
-2.5857e+06 3.2436e+01 -5.7304e+03 -1.6479e+03 -3.2601e+01 -6.6803e+02
-3.2615e+06 3.2457e+01 -5.7308e+03 -1.6539e+03 -5.8100e+01 -5.8771e+02
-3.8580e+06 3.2476e+01 -5.7311e+03 -1.6596e+03 -6.5064e+01 -5.1000e+02
-4.6151e+06 3.2151e+01 -5.7312e+03 -1.6648e+03 -8.3281e+01 -4.3176e+02
-5.1001e+06 3.1716e+01 -5.7311e+03 -1.6697e+03 -8.7365e+01 -3.5455e+02
-5.3412e+06 3.1944e+01 -5.7308e+03 -1.6742e+03 -6.3336e+01 -2.7644e+02
-5.2118e+06 3.2404e+01 -5.7304e+03 -1.6783e+03 -2.4036e+01 -1.9958e+02
-5.2982e+06 3.2540e+01 -5.7298e+03 -1.6820e+03 -1.1650e+01 -1.2193e+02
-5.1148e+06 3.2493e+01 -5.7291e+03 -1.6854e+03 8.6197e+00 -4.5486e+01
-5.2454e+06 3.2402e+01 -5.7282e+03 -1.6884e+03 2.6929e+00 3.1785e+01
-5.0642e+06 3.2362e+01 -5.7272e+03 -1.6910e+03 1.7683e+01 1.0684e+02
-5.3642e+06 3.2355e+01 -5.7261e+03 -1.6933e+03 -3.2777e+00 1.8344e+02
-5.0928e+06 3.2340e+01 -5.7248e+03 -1.6953e+03 2.8108e+01 2.5958e+02
-5.6520e+06 3.2306e+01 -5.7233e+03 -1.6969e+03 -7.8174e+00 3.3484e+02
-5.2569e+06 3.2240e+01 -5.7217e+03 -1.6981e+03 9.7966e+01 4.4066e+02
-6.4379e+06 3.2590e+01 -5.7200e+03 -1.6991e+03 -1.0765e+02 4.7319e+02
-5.0869e+06 3.3683e+01 -5.7182e+03 -1.6997e+03 6.5432e+02 1.4678e+03
-4.9766e+06 3.3494e+01 -5.7162e+03 -1.6999e+03 9.6345e+03 3.3453e+04
-5.3177e+06 3.1208e+01 -5.2882e+03 -1.4744e+03 2.2313e+04 8.0576e+04
-3.2296e+06 2.9604e+01 -4.6797e+03 -1.1529e+03 2.7250e+04 9.7131e+04
-2.7219e+06 2.9407e+01 -4.0764e+03 -8.3404e+02 2.7573e+04 9.8308e+04
-3.2410e+06 2.9621e+01 -3.4722e+03 -5.1221e+02 2.7000e+04 9.9301e+04
-4.8463e+06 3.0396e+01 -2.8629e+03 -1.8352e+02 1.9544e+04 7.4853e+04
-4.5419e+06 3.1985e+01 -2.5862e+03 -3.0334e+01 6.9025e+03 2.8094e+04
-6.3587e+06 3.4010e+01 -2.5750e+03 -1.9534e+01 2.9719e+02 5.4141e+03
-6.4046e+06 3.5496e+01 -2.5638e+03 -8.6845e+00 -1.0836e+02 4.8081e+03
-5.9876e+06 3.6069e+01 -2.5526e+03 2.2102e+00 3.1243e+01 4.8463e+03
-5.5369e+06 3.6190e+01 -2.5415e+03 1.3147e+01 3.6215e+01 4.8376e+03
-4.8687e+06 3.6234e+01 -2.5303e+03 2.4121e+01 5.0574e+01 4.8593e+03
-4.5425e+06 3.6267e+01 -2.5192e+03 3.5130e+01 4.4318e+01 4.8789e+03
-4.7250e+06 3.6296e+01 -2.5081e+03 4.6171e+01 -8.6868e+00 4.9026e+03
