  1    1089
1.0337e+07 1.1114e+02 -6.3914e+03 6.3527e+01 -1.1541e+05 -1.2773e+05
1.0896e+07 1.0157e+02 -6.2566e+03 -1.5006e+02 -1.2016e+05 -1.3467e+05
8.2752e+06 1.1296e+02 -6.1214e+03 -3.5947e+02 -1.2234e+05 -1.4277e+05
1.4957e+06 1.0715e+02 -5.9839e+03 -5.6845e+02 -1.2534e+05 -1.4932e+05
-1.3938e+07 8.3887e+01 -5.7921e+03 -8.4476e+02 -1.3448e+05 -1.4535e+05
-1.0940e+07 7.6498e+01 -5.6448e+03 -1.0697e+03 -1.6005e+05 -1.0019e+05
-2.9513e+06 6.8904e+01 -5.9767e+03 -6.5580e+02 -1.7389e+05 -6.0328e+04
-4.6366e+06 5.5690e+01 -6.3284e+03 -2.2983e+02 -1.5331e+05 -5.3805e+04
4.8388e+06 5.7696e+01 -6.6845e+03 1.8395e+02 -1.1601e+05 -3.8201e+04
5.9308e+06 8.1975e+01 -6.9365e+03 4.4020e+02 -6.6039e+04 -1.9479e+04
3.9929e+06 1.0367e+02 -6.9372e+03 3.8428e+02 -2.0058e+04 -1.3283e+04
-4.3014e+05 9.4085e+01 -6.9378e+03 3.2828e+02 -2.4748e+03 -1.3996e+04
1.1418e+06 7.7543e+01 -6.9384e+03 2.7220e+02 7.2298e+02 -1.3190e+04
4.7018e+06 6.8950e+01 -6.9390e+03 2.1605e+02 2.9275e+04 2.5968e+04
-1.5680e+05 6.3013e+01 -6.7745e+03 7.4939e+02 8.7407e+04 1.0723e+05
-2.2026e+06 6.3357e+01 -6.3803e+03 2.1194e+03 1.2163e+05 1.5586e+05
-1.2052e+06 6.2896e+01 -5.9767e+03 3.5435e+03 1.2434e+05 1.6835e+05
-6.9178e+06 5.8021e+01 -5.5696e+03 5.0360e+03 1.1873e+05 1.7815e+05
-5.5208e+06 5.6916e+01 -5.1699e+03 6.6235e+03 8.1769e+04 1.3013e+05
-1.1594e+06 6.0427e+01 -5.0400e+03 7.2440e+03 2.6480e+04 5.4365e+04
-4.4500e+06 6.2517e+01 -5.0403e+03 7.3576e+03 1.1336e+03 2.9068e+04
-4.8897e+06 6.2522e+01 -5.0406e+03 7.4709e+03 1.1220e+02 2.8444e+04
-3.5091e+06 6.2169e+01 -5.0408e+03 7.5840e+03 1.6044e+02 2.8256e+04
-4.0841e+06 6.1339e+01 -5.0411e+03 7.6968e+03 -2.7404e+01 2.8190e+04
-3.6799e+06 5.9926e+01 -5.0413e+03 7.8092e+03 3.3102e+01 2.8020e+04
-4.0013e+06 5.8417e+01 -5.0415e+03 7.9213e+03 -1.3087e+01 2.7929e+04
-3.8407e+06 5.7052e+01 -5.0418e+03 8.0330e+03 1.0186e+01 2.7771e+04
-4.0308e+06 5.5973e+01 -5.0420e+03 8.1443e+03 -5.4685e+00 2.7664e+04
-3.9462e+06 5.5252e+01 -5.0422e+03 8.2551e+03 5.0201e+00 2.7512e+04
-4.0667e+06 5.4778e+01 -5.0424e+03 8.3655e+03 -2.0390e+00 2.7396e+04
-4.0188e+06 5.4393e+01 -5.0426e+03 8.4754e+03 3.4996e+00 2.7247e+04
-4.1105e+06 5.3957e+01 -5.0428e+03 8.5848e+03 7.7896e-01 2.7122e+04
-4.0825e+06 5.3396e+01 -5.0429e+03 8.6937e+03 3.5579e+00 2.6970e+04
-1.2538e+07 6.3054e+01 -5.6189e+03 -8.6553e+02 -1.4076e+05 -1.4124e+05
-1.3500e+07 4.9604e+01 -5.5033e+03 -1.0304e+03 -1.3748e+05 -1.3974e+05
-1.3110e+07 4.7830e+01 -5.3763e+03 -1.2376e+03 -1.3478e+05 -1.4415e+05
-1.6988e+07 4.3773e+01 -5.2240e+03 -1.4833e+03 -1.3187e+05 -1.4754e+05
-2.7827e+07 3.2637e+01 -5.0505e+03 -1.7802e+03 -1.3615e+05 -1.3402e+05
-2.2567e+07 3.0464e+01 -5.0069e+03 -1.8822e+03 -1.6180e+05 -8.4550e+04
-2.2710e+07 3.1155e+01 -5.3309e+03 -1.4291e+03 -1.8356e+05 -5.0558e+04
-2.6138e+07 3.1152e+01 -5.6608e+03 -9.8615e+02 -1.8268e+05 -4.9088e+04
-1.1660e+07 4.1566e+01 -5.9964e+03 -5.5352e+02 -1.7390e+05 -3.9368e+04
8.7435e+06 8.1088e+01 -6.4605e+03 3.2920e+01 -1.4073e+05 -2.3832e+04
1.8396e+07 1.1837e+02 -6.8804e+03 5.2689e+02 -7.6552e+04 -1.6821e+04
-1.5396e+06 1.0312e+02 -6.8825e+03 4.6673e+02 -2.3465e+04 -1.5515e+04
-3.7490e+06 7.3500e+01 -6.8845e+03 4.0666e+02 8.2876e+03 -5.9450e+03
-4.6671e+06 6.0191e+01 -6.8864e+03 3.4668e+02 5.1102e+04 5.9232e+04
-8.1816e+06 5.4034e+01 -6.5346e+03 1.5483e+03 9.8014e+04 1.3570e+05
-3.2945e+06 5.6215e+01 -6.1398e+03 2.9257e+03 1.1779e+05 1.6092e+05
-3.1101e+06 5.8900e+01 -5.7365e+03 4.3597e+03 1.1977e+05 1.7366e+05
-1.9292e+06 5.7863e+01 -5.3365e+03 5.8815e+03 1.0102e+05 1.6633e+05
2.2995e+05 5.8640e+01 -5.0099e+03 7.2374e+03 5.2090e+04 9.7725e+04
-3.1189e+06 6.1127e+01 -5.0108e+03 7.3495e+03 1.1342e+04 3.6110e+04
-5.8144e+06 6.1706e+01 -5.0117e+03 7.4614e+03 3.6843e+02 2.8570e+04
-3.9330e+06 6.1047e+01 -5.0126e+03 7.5731e+03 2.1879e+02 2.8365e+04
-4.1158e+06 6.0245e+01 -5.0134e+03 7.6846e+03 2.9115e+00 2.8194e+04
-3.7410e+06 5.9190e+01 -5.0142e+03 7.7959e+03 2.9266e+01 2.8097e+04
-3.9876e+06 5.7872e+01 -5.0150e+03 7.9069e+03 -9.9315e+00 2.7953e+04
-3.8802e+06 5.6596e+01 -5.0158e+03 8.0176e+03 5.4323e+00 2.7839e+04
-4.0464e+06 5.5518e+01 -5.0165e+03 8.1279e+03 -8.4071e+00 2.7699e+04
-3.9827e+06 5.4739e+01 -5.0172e+03 8.2379e+03 1.1919e+00 2.7577e+04
-4.0805e+06 5.4267e+01 -5.0178e+03 8.3475e+03 -3.8586e+00 2.7437e+04
-4.0420e+06 5.3975e+01 -5.0185e+03 8.4567e+03 6.0774e-01 2.7310e+04
-4.1031e+06 5.3646e+01 -5.0191e+03 8.5655e+03 1.7585e-01 2.7168e+04
-4.0835e+06 5.2922e+01 -5.0197e+03 8.6738e+03 5.7955e+00 2.7038e+04
-4.1925e+06 5.1713e+01 -5.0203e+03 8.7816e+03 1.4563e+00 2.6889e+04
-2.7971e+07 2.5529e+01 -4.9395e+03 -1.8283e+03 -1.4274e+05 -1.3611e+05
-3.1197e+07 2.0352e+01 -4.8351e+03 -1.9545e+03 -1.4142e+05 -1.3732e+05
-3.0734e+07 1.9167e+01 -4.6815e+03 -2.2352e+03 -1.3836e+05 -1.4113e+05
-3.0164e+07 2.2184e+01 -4.5609e+03 -2.4565e+03 -1.3346e+05 -1.4153e+05
-3.1930e+07 2.4206e+01 -4.3923e+03 -2.7455e+03 -1.4078e+05 -1.2160e+05
-2.9386e+07 2.3812e+01 -4.4362e+03 -2.7077e+03 -1.6584e+05 -7.3077e+04
-2.9357e+07 2.2370e+01 -4.7465e+03 -2.2414e+03 -1.8178e+05 -4.5895e+04
-2.7639e+07 2.2904e+01 -5.0566e+03 -1.7826e+03 -1.8253e+05 -3.8611e+04
-2.6478e+07 3.0927e+01 -5.4285e+03 -1.2448e+03 -1.8446e+05 -2.4777e+04
-7.8060e+06 6.1484e+01 -5.8880e+03 -6.0145e+02 -1.7780e+05 -1.8188e+04
1.5352e+07 9.4285e+01 -6.3584e+03 2.5145e+01 -1.4405e+05 -2.0190e+04
1.0639e+07 9.4882e+01 -6.8237e+03 6.0291e+02 -8.2680e+04 -1.8844e+04
3.7486e+06 7.9068e+01 -6.8273e+03 5.3894e+02 -2.4676e+03 1.8266e+04
9.4106e+06 6.3094e+01 -6.6780e+03 1.0148e+03 7.1097e+04 9.9076e+04
1.1013e+07 5.5259e+01 -6.2921e+03 2.3444e+03 1.0755e+05 1.5323e+05
4.2697e+06 5.8790e+01 -5.8973e+03 3.7300e+03 1.1330e+05 1.6743e+05
-6.0916e+06 6.0591e+01 -5.4984e+03 5.1852e+03 1.0886e+05 1.7739e+05
-6.9145e+06 5.9278e+01 -5.1056e+03 6.7375e+03 7.6616e+04 1.3629e+05
-1.3628e+06 6.0212e+01 -4.9782e+03 7.3460e+03 2.5733e+04 6.0867e+04
-3.3988e+06 6.1374e+01 -4.9799e+03 7.4563e+03 1.3185e+03 2.9168e+04
-4.9764e+06 6.0421e+01 -4.9815e+03 7.5665e+03 1.6265e+02 2.8344e+04
-3.2144e+06 5.9050e+01 -4.9830e+03 7.6766e+03 1.9932e+02 2.8242e+04
-4.2721e+06 5.7947e+01 -4.9845e+03 7.7865e+03 -4.8445e+01 2.8118e+04
-3.6623e+06 5.6992e+01 -4.9859e+03 7.8962e+03 3.3840e+01 2.7992e+04
-4.1482e+06 5.6111e+01 -4.9873e+03 8.0058e+03 -2.8662e+01 2.7869e+04
-3.8666e+06 5.5295e+01 -4.9886e+03 8.1150e+03 9.5512e+00 2.7739e+04
-4.1114e+06 5.4546e+01 -4.9899e+03 8.2240e+03 -1.0921e+01 2.7611e+04
-3.9919e+06 5.3883e+01 -4.9911e+03 8.3327e+03 5.1713e+00 2.7478e+04
-4.1321e+06 5.3233e+01 -4.9923e+03 8.4410e+03 -2.4824e+00 2.7345e+04
-4.0904e+06 5.2500e+01 -4.9934e+03 8.5490e+03 3.8241e+00 2.7210e+04
-4.1905e+06 5.1657e+01 -4.9945e+03 8.6566e+03 -8.9335e-01 2.7072e+04
-4.2295e+06 5.0474e+01 -4.9955e+03 8.7637e+03 1.9650e+00 2.6941e+04
-4.2897e+06 4.8896e+01 -4.9966e+03 8.8704e+03 -4.1127e+00 2.6794e+04
-2.3690e+07 2.4042e+01 -4.3282e+03 -2.8381e+03 -1.3674e+05 -1.3416e+05
-2.3402e+07 2.4312e+01 -4.1938e+03 -3.0346e+03 -1.3578e+05 -1.3449e+05
-1.9881e+07 2.5211e+01 -4.0727e+03 -3.2570e+03 -1.3193e+05 -1.3113e+05
-2.3850e+07 2.7615e+01 -3.9497e+03 -3.4748e+03 -1.2119e+05 -1.2162e+05
-2.6847e+07 3.0384e+01 -3.7834e+03 -3.7560e+03 -1.2444e+05 -9.8557e+04
-2.1042e+07 3.0697e+01 -3.9089e+03 -3.5622e+03 -1.5348e+05 -6.1329e+04
-2.7121e+07 2.7682e+01 -4.2061e+03 -3.0829e+03 -1.7590e+05 -4.0180e+04
-3.1119e+07 2.3461e+01 -4.5074e+03 -2.6072e+03 -1.8195e+05 -2.6461e+04
-2.5987e+07 2.3130e+01 -4.9357e+03 -1.9349e+03 -1.8458e+05 -1.4017e+04
-2.4362e+07 3.3445e+01 -5.3659e+03 -1.2695e+03 -1.8403e+05 -1.3243e+04
-1.1797e+07 5.2221e+01 -5.8073e+03 -6.2169e+02 -1.7875e+05 -1.7840e+04
6.2936e+06 7.4457e+01 -6.2604e+03 7.6297e+00 -1.4874e+05 -1.8986e+04
2.9128e+06 8.2647e+01 -6.7238e+03 6.0933e+02 -6.0218e+04 5.8667e+04
-6.8550e+06 6.6066e+01 -6.4330e+03 1.8002e+03 5.1283e+04 1.4573e+05
2.5379e+06 5.4416e+01 -6.0478e+03 3.1385e+03 1.0603e+05 1.6206e+05
7.2695e+06 5.7704e+01 -5.6540e+03 4.5350e+03 1.0972e+05 1.7370e+05
5.2480e+06 5.8494e+01 -5.2625e+03 6.0209e+03 9.2138e+04 1.6619e+05
7.6853e+06 5.6680e+01 -4.9422e+03 7.3474e+03 4.8385e+04 9.7856e+04
-1.2956e+06 5.7702e+01 -4.9448e+03 7.4558e+03 1.0162e+04 3.6231e+04
-5.3914e+06 5.8981e+01 -4.9472e+03 7.5643e+03 3.3110e+01 2.8478e+04
-4.0727e+06 5.8181e+01 -4.9496e+03 7.6728e+03 3.0476e+01 2.8280e+04
-4.1883e+06 5.6941e+01 -4.9519e+03 7.7812e+03 -2.7130e+01 2.8137e+04
-3.8252e+06 5.6058e+01 -4.9540e+03 7.8895e+03 -2.5074e+01 2.8026e+04
-3.9978e+06 5.5410e+01 -4.9561e+03 7.9977e+03 -6.9222e+00 2.7897e+04
-3.9180e+06 5.4877e+01 -4.9581e+03 8.1057e+03 -9.7855e+00 2.7772e+04
-4.0728e+06 5.4328e+01 -4.9600e+03 8.2136e+03 -2.6144e+00 2.7643e+04
-4.0430e+06 5.3602e+01 -4.9619e+03 8.3212e+03 -2.7314e+00 2.7513e+04
-4.1473e+06 5.2650e+01 -4.9637e+03 8.4285e+03 -3.6361e-01 2.7380e+04
-4.1500e+06 5.1484e+01 -4.9654e+03 8.5356e+03 1.0504e-01 2.7246e+04
-4.2335e+06 5.0056e+01 -4.9671e+03 8.6423e+03 -1.5431e+00 2.7111e+04
-4.2618e+06 4.8586e+01 -4.9687e+03 8.7487e+03 -4.9251e-01 2.6971e+04
-4.2927e+06 4.7418e+01 -4.9702e+03 8.8547e+03 1.5427e+00 2.6841e+04
-4.3622e+06 4.6535e+01 -4.9717e+03 8.9602e+03 -1.3790e+00 2.6692e+04
-2.5411e+07 3.2839e+01 -3.7757e+03 -3.8948e+03 -9.1600e+04 -9.2485e+04
-2.9043e+07 3.2095e+01 -3.6448e+03 -4.1047e+03 -7.9514e+04 -8.2437e+04
-2.8032e+07 3.1318e+01 -3.5192e+03 -4.3232e+03 -7.0637e+04 -6.8591e+04
-2.8777e+07 3.1596e+01 -3.4983e+03 -4.3504e+03 -6.0363e+04 -5.3958e+04
-3.3847e+07 3.2620e+01 -3.4824e+03 -4.3707e+03 -5.9112e+04 -4.1307e+04
-3.0472e+07 3.3485e+01 -3.4692e+03 -4.3721e+03 -8.7539e+04 -2.7376e+04
-2.4861e+07 3.2781e+01 -3.7084e+03 -3.9511e+03 -1.3061e+05 -2.1860e+04
-2.7524e+07 2.9239e+01 -4.0719e+03 -3.3366e+03 -1.6531e+05 -1.5491e+04
-3.0637e+07 2.4229e+01 -4.4833e+03 -2.6471e+03 -1.8113e+05 -8.6620e+03
-3.1567e+07 2.1844e+01 -4.8946e+03 -1.9680e+03 -1.8236e+05 -9.8436e+03
-2.4803e+07 2.9263e+01 -5.3069e+03 -1.3001e+03 -1.8146e+05 -1.3164e+04
-1.6398e+07 5.0323e+01 -5.7305e+03 -6.4994e+02 -1.7678e+05 -1.3620e+04
2.0551e+07 6.2740e+01 -6.1667e+03 -1.8673e+01 -1.2115e+05 1.2331e+05
2.4665e+07 5.2643e+01 -6.1863e+03 2.5831e+03 1.1449e+04 2.1183e+05
3.1870e+07 4.4966e+01 -5.8021e+03 3.9312e+03 1.0487e+05 1.6951e+05
3.1046e+07 4.9624e+01 -5.4132e+03 5.3500e+03 1.0612e+05 1.7627e+05
3.3953e+06 5.3568e+01 -5.0290e+03 6.8678e+03 7.0940e+04 1.3549e+05
2.0240e+06 5.3223e+01 -4.9061e+03 7.4602e+03 2.3916e+04 6.0805e+04
-3.6287e+06 5.3353e+01 -4.9095e+03 7.5668e+03 7.4697e+02 2.9169e+04
-2.1317e+06 5.5077e+01 -4.9129e+03 7.6735e+03 1.1527e+02 2.8290e+04
-3.2782e+06 5.5794e+01 -4.9161e+03 7.7802e+03 -7.4581e+01 2.8189e+04
-3.0345e+06 5.5360e+01 -4.9191e+03 7.8869e+03 -1.0341e+01 2.8052e+04
-4.0373e+06 5.4800e+01 -4.9220e+03 7.9936e+03 -7.3327e+01 2.7924e+04
-3.7117e+06 5.4291e+01 -4.9248e+03 8.1003e+03 2.0293e+00 2.7803e+04
-4.1733e+06 5.3826e+01 -4.9275e+03 8.2068e+03 -3.7575e+01 2.7673e+04
-3.9220e+06 5.3315e+01 -4.9301e+03 8.3132e+03 1.3072e+01 2.7546e+04
-4.1885e+06 5.2332e+01 -4.9326e+03 8.4194e+03 -1.2515e+01 2.7414e+04
-4.0991e+06 5.0747e+01 -4.9350e+03 8.5254e+03 1.0810e+01 2.7282e+04
-4.2967e+06 4.9074e+01 -4.9374e+03 8.6312e+03 -9.6890e+00 2.7145e+04
-4.2639e+06 4.7643e+01 -4.9396e+03 8.7366e+03 2.4905e+00 2.7010e+04
-4.3977e+06 4.6481e+01 -4.9418e+03 8.8418e+03 -9.1161e+00 2.6869e+04
-4.4307e+06 4.5800e+01 -4.9438e+03 8.9466e+03 -9.8861e-01 2.6738e+04
-4.4767e+06 4.5557e+01 -4.9458e+03 9.0510e+03 -7.4745e+00 2.6589e+04
-3.1242e+07 3.7577e+01 -3.6703e+03 -4.2185e+03 -2.7900e+04 -2.6846e+04
-3.4962e+07 3.5733e+01 -3.6495e+03 -4.2369e+03 -1.6091e+04 -1.7195e+04
-3.2487e+07 3.3167e+01 -3.6298e+03 -4.2539e+03 -8.6466e+03 -7.5290e+03
-3.1322e+07 3.1469e+01 -3.6111e+03 -4.2696e+03 -6.0382e+03 -1.9953e+03
-2.6338e+07 3.0991e+01 -3.5934e+03 -4.2840e+03 -6.0446e+03 -9.9843e+02
-3.4235e+07 3.1765e+01 -3.5765e+03 -4.2972e+03 -1.9884e+04 -1.7766e+02
-3.0530e+07 3.3014e+01 -3.5605e+03 -4.3093e+03 -5.6440e+04 -3.5612e+03
-3.0371e+07 3.2968e+01 -3.6752e+03 -4.0809e+03 -1.1194e+05 -7.3890e+03
-1.8709e+07 2.9994e+01 -4.0678e+03 -3.3787e+03 -1.5924e+05 -7.5424e+03
-3.7065e+07 2.4792e+01 -4.4616e+03 -2.6871e+03 -1.7890e+05 -7.9257e+03
-2.3096e+07 2.2837e+01 -4.8560e+03 -2.0064e+03 -1.7809e+05 -1.0196e+04
-3.8883e+07 2.9097e+01 -5.2512e+03 -1.3371e+03 -1.8121e+05 -7.4414e+03
-1.8320e+07 3.5910e+01 -5.6574e+03 -6.8532e+02 -1.6882e+05 2.0505e+05
-2.0113e+07 3.6885e+01 -5.9353e+03 3.3346e+03 -4.4752e+04 2.9303e+05
-2.3035e+07 4.0072e+01 -5.5563e+03 4.7248e+03 7.9890e+04 1.7644e+05
1.7290e+07 4.9192e+01 -5.1750e+03 6.1759e+03 7.9385e+04 1.6466e+05
5.8266e+06 5.5460e+01 -4.8635e+03 7.4697e+03 3.9653e+04 9.7517e+04
1.5152e+07 5.3864e+01 -4.8681e+03 7.5742e+03 8.9948e+03 3.6522e+04
-3.4038e+06 5.1089e+01 -4.8726e+03 7.6788e+03 -7.2308e+02 2.8427e+04
1.3395e+06 5.1918e+01 -4.8768e+03 7.7837e+03 -9.6369e+01 2.8222e+04
-6.1003e+06 5.3855e+01 -4.8809e+03 7.8886e+03 -6.3320e+02 2.8073e+04
-1.7895e+06 5.4240e+01 -4.8848e+03 7.9937e+03 -3.1903e+00 2.7960e+04
-5.1903e+06 5.3478e+01 -4.8886e+03 8.0988e+03 -2.5632e+02 2.7824e+04
-2.7777e+06 5.2619e+01 -4.8921e+03 8.2038e+03 7.4083e+01 2.7706e+04
-4.7889e+06 5.1820e+01 -4.8956e+03 8.3089e+03 -1.1527e+02 2.7573e+04
-3.5109e+06 5.1055e+01 -4.8989e+03 8.4138e+03 5.7849e+01 2.7447e+04
-4.6596e+06 4.9919e+01 -4.9021e+03 8.5186e+03 -5.9672e+01 2.7312e+04
-3.9438e+06 4.8302e+01 -4.9051e+03 8.6232e+03 3.2195e+01 2.7181e+04
-4.6093e+06 4.6851e+01 -4.9081e+03 8.7277e+03 -3.5546e+01 2.7043e+04
-4.1880e+06 4.6050e+01 -4.9109e+03 8.8319e+03 1.5417e+01 2.6907e+04
-4.5496e+06 4.5624e+01 -4.9137e+03 8.9358e+03 -1.4377e+01 2.6765e+04
-4.2761e+06 4.5337e+01 -4.9163e+03 9.0394e+03 1.6073e+01 2.6633e+04
-4.6328e+06 4.5163e+01 -4.9189e+03 9.1426e+03 -1.8745e+01 2.6483e+04
-1.5812e+07 3.5303e+01 -3.7896e+03 -4.1114e+03 -1.2444e+03 -7.8370e+02
-1.5353e+07 3.4830e+01 -3.7659e+03 -4.1337e+03 -3.0981e+01 -4.3416e+02
-7.8597e+06 3.3565e+01 -3.7434e+03 -4.1543e+03 8.3113e+02 -6.6057e+01
-1.1796e+07 3.1678e+01 -3.7220e+03 -4.1734e+03 8.4793e+02 1.4691e+02
-7.0475e+06 2.9953e+01 -3.7017e+03 -4.1911e+03 8.8010e+02 1.9740e+02
-1.5989e+07 2.9727e+01 -3.6823e+03 -4.2073e+03 -8.6444e+02 2.2979e+02
-1.9820e+07 3.1111e+01 -3.6639e+03 -4.2224e+03 -1.0641e+04 4.9312e+02
-3.7334e+07 3.3033e+01 -3.6463e+03 -4.2362e+03 -4.3532e+04 -1.3172e+03
-2.3880e+07 3.3486e+01 -3.6896e+03 -4.1279e+03 -1.0007e+05 -5.1671e+03
-2.8713e+07 3.0674e+01 -4.0648e+03 -3.4238e+03 -1.5445e+05 -6.9097e+03
-2.2070e+07 2.5222e+01 -4.4417e+03 -2.7309e+03 -1.7347e+05 -8.3771e+03
-3.8576e+07 2.1728e+01 -4.8199e+03 -2.0495e+03 -1.7850e+05 -3.3897e+03
8.7831e+06 2.4049e+01 -5.1989e+03 -1.3797e+03 -2.1517e+05 2.2422e+05
1.2621e+07 3.2382e+01 -5.6839e+03 4.0800e+03 -1.7957e+05 2.7777e+05
-1.0882e+07 4.6870e+01 -5.3100e+03 5.4948e+03 -8.6105e+04 1.3306e+05
2.2630e+07 6.1451e+01 -4.9394e+03 7.0138e+03 -4.6161e+04 1.3880e+05
-5.5629e+06 6.4206e+01 -4.8227e+03 7.5866e+03 -1.9336e+04 7.7497e+04
4.3165e+06 5.6768e+01 -4.8285e+03 7.6890e+03 -2.8967e+03 3.0329e+04
-4.3715e+06 5.0571e+01 -4.8340e+03 7.7918e+03 -8.0318e+02 2.8335e+04
5.6073e+06 4.9389e+01 -4.8392e+03 7.8948e+03 -4.4985e+01 2.8131e+04
-3.8148e+06 5.1207e+01 -4.8442e+03 7.9980e+03 -7.2820e+02 2.7971e+04
8.6832e+04 5.2280e+01 -4.8490e+03 8.1014e+03 -1.3701e+02 2.7856e+04
-5.1573e+06 5.1304e+01 -4.8536e+03 8.2048e+03 -2.9136e+02 2.7728e+04
-2.3999e+06 4.9890e+01 -4.8580e+03 8.3083e+03 2.5798e+01 2.7603e+04
-5.1175e+06 4.8694e+01 -4.8623e+03 8.4119e+03 -1.3295e+02 2.7474e+04
-3.3442e+06 4.7722e+01 -4.8663e+03 8.5153e+03 3.8188e+01 2.7344e+04
-4.8663e+06 4.6889e+01 -4.8703e+03 8.6187e+03 -6.1594e+01 2.7210e+04
-3.8416e+06 4.6128e+01 -4.8740e+03 8.7220e+03 2.8239e+01 2.7076e+04
-4.7337e+06 4.5534e+01 -4.8776e+03 8.8251e+03 -3.1373e+01 2.6938e+04
-4.1259e+06 4.5249e+01 -4.8811e+03 8.9280e+03 1.6226e+01 2.6802e+04
-4.6610e+06 4.5107e+01 -4.8845e+03 9.0306e+03 -1.6109e+01 2.6659e+04
-4.3970e+06 4.4935e+01 -4.8877e+03 9.1330e+03 8.0524e+00 2.6526e+04
-4.7173e+06 4.4754e+01 -4.8909e+03 9.2351e+03 -2.2137e+01 2.6375e+04
-8.7422e+06 3.0114e+01 -3.9045e+03 -4.0020e+03 6.8380e+02 -1.6345e+02
-9.5820e+06 3.1075e+01 -3.8782e+03 -4.0283e+03 3.7466e+02 -1.4167e+02
-9.3899e+06 3.2747e+01 -3.8531e+03 -4.0527e+03 1.2753e+02 -6.5317e+01
-8.7730e+06 3.3290e+01 -3.8293e+03 -4.0753e+03 8.7042e+01 7.0410e+00
-6.1982e+06 3.2068e+01 -3.8066e+03 -4.0962e+03 3.0999e+02 7.6863e+01
-9.2851e+06 3.0634e+01 -3.7850e+03 -4.1156e+03 1.9558e+02 1.1350e+02
-1.0708e+07 3.0371e+01 -3.7644e+03 -4.1335e+03 -4.3931e+02 2.1335e+02
-2.1213e+07 3.1682e+01 -3.7447e+03 -4.1501e+03 -6.8987e+03 4.3789e+02
-3.0205e+07 3.3319e+01 -3.7259e+03 -4.1654e+03 -3.3129e+04 -1.2232e+03
-3.1787e+07 3.3439e+01 -3.7086e+03 -4.1683e+03 -9.0364e+04 -2.5550e+03
-1.7330e+07 3.0834e+01 -4.0628e+03 -3.4712e+03 -1.4293e+05 -4.4167e+03
-3.8562e+07 2.5933e+01 -4.4236e+03 -2.7779e+03 -1.4816e+05 2.0014e+04
-4.3520e+07 2.2967e+01 -4.7862e+03 -2.0964e+03 -1.8309e+05 1.9613e+05
-3.8998e+06 2.9337e+01 -4.2434e+03 2.0217e+03 -2.5131e+05 2.3091e+05
7.9391e+06 4.9256e+01 -4.4501e+03 4.0144e+03 -2.5696e+05 1.3991e+05
2.5272e+07 6.9335e+01 -4.6420e+03 6.0689e+03 -2.0231e+05 1.5807e+05
1.1061e+07 7.1210e+01 -4.7802e+03 7.7042e+03 -1.0823e+05 1.0267e+05
9.1111e+06 6.0922e+01 -4.7871e+03 7.8047e+03 -2.7689e+04 4.0541e+04
1.0152e+07 5.2362e+01 -4.7937e+03 7.9056e+03 -2.1343e+03 2.8610e+04
2.7493e+06 4.7875e+01 -4.8000e+03 8.0068e+03 -2.9295e+02 2.8106e+04
6.5885e+05 4.7201e+01 -4.8060e+03 8.1083e+03 -4.6295e+02 2.7918e+04
-2.7262e+06 4.8504e+01 -4.8118e+03 8.2100e+03 -4.7999e+02 2.7755e+04
-2.7311e+06 4.8524e+01 -4.8173e+03 8.3118e+03 -3.6199e+02 2.7628e+04
-3.8520e+06 4.7338e+01 -4.8226e+03 8.4137e+03 -1.3374e+02 2.7500e+04
-3.7108e+06 4.6333e+01 -4.8276e+03 8.5157e+03 -8.1651e+01 2.7371e+04
-4.3540e+06 4.5678e+01 -4.8325e+03 8.6177e+03 -3.5460e+01 2.7238e+04
-4.2125e+06 4.5274e+01 -4.8372e+03 8.7197e+03 -3.2738e+01 2.7106e+04
-4.4853e+06 4.5067e+01 -4.8417e+03 8.8216e+03 -1.0178e+01 2.6969e+04
-4.3673e+06 4.4937e+01 -4.8460e+03 8.9233e+03 -1.2075e+01 2.6832e+04
-4.4971e+06 4.4818e+01 -4.8502e+03 9.0249e+03 -2.8468e+00 2.6694e+04
-4.4070e+06 4.4676e+01 -4.8542e+03 9.1263e+03 1.0633e+00 2.6551e+04
-4.4055e+06 4.4498e+01 -4.8581e+03 9.2275e+03 1.1562e+01 2.6416e+04
-4.4961e+06 4.4321e+01 -4.8618e+03 9.3283e+03 1.6221e+00 2.6265e+04
-4.4178e+06 3.0467e+01 -4.0149e+03 -3.8907e+03 4.9262e+02 -2.6454e+02
-2.3988e+06 3.1841e+01 -3.9863e+03 -3.9210e+03 6.6953e+02 -2.1673e+02
-9.5258e+05 3.3889e+01 -3.9590e+03 -3.9492e+03 6.8284e+02 -1.0924e+02
-1.0334e+06 3.5709e+01 -3.9330e+03 -3.9753e+03 6.1007e+02 -1.7341e+01
-1.3343e+06 3.5893e+01 -3.9082e+03 -3.9996e+03 6.1083e+02 5.4392e+01
-1.5814e+06 3.4575e+01 -3.8845e+03 -4.0221e+03 5.9446e+02 1.1874e+02
-5.3997e+06 3.2643e+01 -3.8619e+03 -4.0431e+03 3.6255e+02 1.9207e+02
-9.9482e+06 3.1242e+01 -3.8403e+03 -4.0625e+03 -1.1246e+02 2.5979e+02
-1.6960e+07 3.1442e+01 -3.8196e+03 -4.0804e+03 -3.1235e+03 4.9124e+02
-3.1494e+07 3.2550e+01 -3.7997e+03 -4.0971e+03 -2.6512e+04 9.1598e+02
-2.8431e+07 3.3203e+01 -3.7811e+03 -4.1061e+03 -7.8619e+04 8.2148e+02
-2.8121e+07 3.1715e+01 -4.0620e+03 -3.5204e+03 -1.2605e+05 6.3786e+04
-5.1688e+07 2.7299e+01 -3.9541e+03 -1.2319e+03 -1.7841e+05 1.8160e+05
-4.2923e+07 2.6305e+01 -4.1175e+03 7.2584e+02 -2.5144e+05 2.1127e+05
-3.1852e+07 3.8680e+01 -4.3094e+03 2.7152e+03 -2.8937e+05 1.9038e+05
-8.5399e+06 5.8813e+01 -4.4946e+03 4.7576e+03 -2.7388e+05 1.9404e+05
1.2539e+07 6.9581e+01 -4.6648e+03 6.8585e+03 -1.9840e+05 1.5587e+05
-7.0514e+06 6.6355e+01 -4.7441e+03 7.9212e+03 -8.3012e+04 7.8357e+04
7.0971e+05 5.6652e+01 -4.7519e+03 8.0202e+03 -1.3830e+04 3.3564e+04
9.0004e+06 4.7698e+01 -4.7593e+03 8.1196e+03 -4.7642e+02 2.8196e+04
5.1686e+06 4.3179e+01 -4.7663e+03 8.2193e+03 2.5355e+02 2.7866e+04
2.2016e+06 4.3649e+01 -4.7731e+03 8.3193e+03 -1.2197e+02 2.7685e+04
-2.0012e+06 4.5560e+01 -4.7796e+03 8.4195e+03 -3.2737e+02 2.7538e+04
-3.0389e+06 4.5825e+01 -4.7858e+03 8.5199e+03 -2.5529e+02 2.7394e+04
-4.0028e+06 4.5355e+01 -4.7917e+03 8.6204e+03 -1.1986e+02 2.7265e+04
-3.9363e+06 4.5055e+01 -4.7974e+03 8.7209e+03 -4.7406e+01 2.7132e+04
-4.3242e+06 4.4826e+01 -4.8029e+03 8.8214e+03 -3.4507e+01 2.6997e+04
-4.2526e+06 4.4646e+01 -4.8082e+03 8.9219e+03 -6.9263e+00 2.6862e+04
-4.4399e+06 4.4520e+01 -4.8133e+03 9.0223e+03 -9.9969e+00 2.6723e+04
-4.3991e+06 4.4400e+01 -4.8182e+03 9.1226e+03 -2.8763e-03 2.6584e+04
-4.5178e+06 4.4246e+01 -4.8229e+03 9.2227e+03 -6.6917e+00 2.6440e+04
-4.6169e+06 4.4068e+01 -4.8274e+03 9.3227e+03 -3.4860e+00 2.6305e+04
-4.5551e+06 4.3901e+01 -4.8318e+03 9.4223e+03 -5.2981e+00 2.6153e+04
-6.4735e+06 3.5060e+01 -4.1206e+03 -3.7781e+03 -3.0373e+01 -2.6876e+02
-6.9594e+06 3.6225e+01 -4.0899e+03 -3.8123e+03 -1.2162e+02 -2.2662e+02
-6.8674e+06 3.6946e+01 -4.0607e+03 -3.8442e+03 -1.3762e+02 -1.3795e+02
-5.5470e+06 3.7393e+01 -4.0328e+03 -3.8739e+03 -4.8560e+01 -5.6091e+01
-3.8791e+06 3.7594e+01 -4.0062e+03 -3.9015e+03 6.3014e+01 1.6867e+01
-3.5168e+06 3.7365e+01 -3.9807e+03 -3.9273e+03 2.0537e+02 8.3462e+01
-2.1191e+06 3.6025e+01 -3.9563e+03 -3.9512e+03 3.8175e+02 1.7097e+02
-3.2344e+06 3.3229e+01 -3.9329e+03 -3.9734e+03 4.9030e+02 2.5819e+02
-7.0697e+06 3.0893e+01 -3.9105e+03 -3.9941e+03 3.4648e+02 3.6664e+02
-1.2773e+07 3.0681e+01 -3.8890e+03 -4.0133e+03 -1.9648e+03 3.7217e+02
-3.1116e+07 3.2352e+01 -3.8684e+03 -4.0311e+03 -2.2895e+04 2.1546e+03
-2.8789e+07 3.4270e+01 -3.8486e+03 -4.0462e+03 -1.0131e+05 6.0092e+04
5.5488e+05 3.2944e+01 -3.9121e+03 -2.5715e+03 -2.1503e+05 1.4798e+05
-1.9515e+07 2.8338e+01 -4.0326e+03 -5.9835e+02 -2.7944e+05 1.8175e+05
-3.0691e+07 2.9242e+01 -4.1870e+03 1.4006e+03 -2.9099e+05 1.8635e+05
-1.8627e+07 4.3149e+01 -4.3633e+03 3.4327e+03 -2.9213e+05 1.9350e+05
8.5019e+06 6.2347e+01 -4.5271e+03 5.5217e+03 -2.6217e+05 1.9078e+05
2.4093e+07 6.9545e+01 -4.6763e+03 7.6689e+03 -1.6441e+05 1.3563e+05
5.5561e+06 6.0916e+01 -4.7086e+03 8.1355e+03 -5.3071e+04 5.8821e+04
4.1817e+06 4.8549e+01 -4.7171e+03 8.2331e+03 -5.2079e+03 2.8951e+04
3.9838e+06 4.0811e+01 -4.7252e+03 8.3311e+03 -5.0736e+02 2.7815e+04
2.6350e+06 3.9305e+01 -4.7331e+03 8.4294e+03 -1.3682e+02 2.7619e+04
-8.3030e+05 4.2084e+01 -4.7405e+03 8.5280e+03 -1.9937e+02 2.7447e+04
-1.9898e+06 4.4436e+01 -4.7477e+03 8.6268e+03 -3.4244e+02 2.7293e+04
-3.8459e+06 4.4858e+01 -4.7546e+03 8.7257e+03 -1.7969e+02 2.7157e+04
-3.6403e+06 4.4656e+01 -4.7612e+03 8.8248e+03 -6.9810e+01 2.7024e+04
-4.5216e+06 4.4428e+01 -4.7675e+03 8.9239e+03 -5.6194e+01 2.6888e+04
-4.1834e+06 4.4236e+01 -4.7736e+03 9.0230e+03 -1.9515e+01 2.6751e+04
-4.6231e+06 4.4094e+01 -4.7794e+03 9.1221e+03 -1.9083e+01 2.6611e+04
-4.3448e+06 4.3976e+01 -4.7851e+03 9.2211e+03 -3.4501e+00 2.6472e+04
-4.5771e+06 4.3843e+01 -4.7905e+03 9.3199e+03 -1.1920e+00 2.6327e+04
-4.2512e+06 4.3683e+01 -4.7957e+03 9.4186e+03 1.2829e+01 2.6191e+04
-4.5870e+06 4.3514e+01 -4.8008e+03 9.5171e+03 2.9360e-01 2.6038e+04
-6.3081e+06 3.7660e+01 -4.2215e+03 -3.6643e+03 -1.7024e+02 -3.0694e+02
-5.7756e+06 3.7835e+01 -4.1892e+03 -3.7025e+03 -1.2631e+02 -2.5287e+02
-4.2111e+06 3.7627e+01 -4.1583e+03 -3.7381e+03 -3.2751e+01 -1.6316e+02
-4.1344e+06 3.7304e+01 -4.1288e+03 -3.7713e+03 2.1402e+01 -8.2250e+01
-3.0475e+06 3.7233e+01 -4.1005e+03 -3.8023e+03 1.1096e+02 -4.4523e+00
-2.3011e+06 3.7403e+01 -4.0734e+03 -3.8312e+03 1.8345e+02 7.2174e+01
-1.6545e+06 3.7488e+01 -4.0474e+03 -3.8581e+03 2.6288e+02 1.4634e+02
-1.9885e+06 3.6128e+01 -4.0225e+03 -3.8832e+03 3.9655e+02 2.4084e+02
-1.2781e+06 3.2718e+01 -3.9986e+03 -3.9066e+03 5.4130e+02 3.1241e+02
-7.6322e+06 2.9973e+01 -3.9756e+03 -3.9284e+03 4.8770e+02 3.6107e+02
-1.3999e+07 3.0479e+01 -3.9535e+03 -3.9486e+03 -2.5959e+03 8.9596e+02
-3.7344e+07 3.3489e+01 -3.9323e+03 -3.9675e+03 -4.2517e+04 1.8977e+04
-4.3060e+07 3.5582e+01 -3.9137e+03 -3.9371e+03 -1.4913e+05 9.2123e+04
-3.2916e+07 3.2911e+01 -3.9896e+03 -1.9533e+03 -2.5332e+05 1.6406e+05
-4.0046e+07 2.8406e+01 -4.1013e+03 5.7273e+01 -2.9158e+05 1.8240e+05
-3.4282e+07 3.3182e+01 -4.2478e+03 2.0937e+03 -2.9658e+05 1.8785e+05
-1.8263e+07 5.0344e+01 -4.4051e+03 4.1712e+03 -2.9374e+05 1.9585e+05
3.9535e+06 6.4339e+01 -4.5483e+03 6.3068e+03 -2.4740e+05 1.8081e+05
-3.1026e+06 6.2187e+01 -4.6638e+03 8.2514e+03 -1.3518e+05 1.0859e+05
4.0234e+05 5.0683e+01 -4.6735e+03 8.3472e+03 -3.4169e+04 4.2198e+04
9.3038e+06 4.1039e+01 -4.6828e+03 8.4435e+03 -1.7220e+03 2.8049e+04
5.6868e+06 3.7149e+01 -4.6917e+03 8.5402e+03 -2.8042e+01 2.7486e+04
2.9662e+06 3.8933e+01 -4.7002e+03 8.6371e+03 -1.2446e+02 2.7324e+04
-2.0196e+06 4.2749e+01 -4.7084e+03 8.7344e+03 -3.5808e+02 2.7200e+04
-2.6168e+06 4.4420e+01 -4.7162e+03 8.8318e+03 -2.7736e+02 2.7045e+04
-4.0944e+06 4.4303e+01 -4.7237e+03 8.9294e+03 -1.1674e+02 2.6914e+04
-3.7047e+06 4.4035e+01 -4.7309e+03 9.0271e+03 -4.6744e+01 2.6776e+04
-4.4913e+06 4.3824e+01 -4.7378e+03 9.1248e+03 -3.1383e+01 2.6638e+04
-4.1634e+06 4.3665e+01 -4.7445e+03 9.2225e+03 -5.1613e+00 2.6498e+04
-4.6019e+06 4.3550e+01 -4.7509e+03 9.3202e+03 -9.3221e+00 2.6357e+04
-4.4022e+06 4.3450e+01 -4.7571e+03 9.4177e+03 -2.5851e+00 2.6212e+04
-4.8546e+06 4.3320e+01 -4.7631e+03 9.5152e+03 -1.3277e+01 2.6076e+04
-4.5102e+06 4.3156e+01 -4.7688e+03 9.6124e+03 -5.3668e+00 2.5922e+04
-7.3769e+06 3.7264e+01 -4.3175e+03 -3.5498e+03 -7.5274e+01 -3.4605e+02
-7.8514e+06 3.7088e+01 -4.2839e+03 -3.5919e+03 -1.2710e+02 -2.8262e+02
-8.0068e+06 3.6872e+01 -4.2516e+03 -3.6312e+03 -1.4790e+02 -1.9240e+02
-7.2428e+06 3.6829e+01 -4.2207e+03 -3.6679e+03 -1.6345e+02 -1.2067e+02
-5.9842e+06 3.6907e+01 -4.1911e+03 -3.7021e+03 -1.2459e+02 -4.2252e+01
-4.8622e+06 3.6981e+01 -4.1626e+03 -3.7342e+03 -1.6037e+01 4.0534e+01
-2.5162e+06 3.7326e+01 -4.1353e+03 -3.7641e+03 1.3347e+02 1.0972e+02
-1.7934e+06 3.7564e+01 -4.1090e+03 -3.7920e+03 1.2158e+02 1.8919e+02
-8.6882e+05 3.5580e+01 -4.0837e+03 -3.8181e+03 4.1668e+02 2.7589e+02
-1.3152e+06 3.1661e+01 -4.0594e+03 -3.8425e+03 4.8971e+02 3.4985e+02
-7.5628e+06 2.9683e+01 -4.0360e+03 -3.8652e+03 1.7211e+02 4.3502e+02
-1.9278e+07 3.1316e+01 -4.0135e+03 -3.8864e+03 -5.9027e+03 2.0272e+03
-3.2611e+07 3.4655e+01 -3.9918e+03 -3.9060e+03 -6.2117e+04 3.8397e+04
-2.2382e+07 3.5713e+01 -3.9895e+03 -3.3383e+03 -1.7836e+05 1.1647e+05
-2.8369e+07 3.1761e+01 -4.0570e+03 -1.3170e+03 -2.6953e+05 1.7065e+05
-3.2133e+07 2.8727e+01 -4.1608e+03 7.3134e+02 -2.9707e+05 1.8370e+05
-2.1531e+07 3.6518e+01 -4.2985e+03 2.8066e+03 -2.9966e+05 1.9064e+05
9.1217e+06 5.1950e+01 -4.4356e+03 4.9309e+03 -2.8543e+05 2.0108e+05
3.1533e+07 5.9617e+01 -4.5583e+03 7.1186e+03 -2.0711e+05 1.7303e+05
1.4298e+05 5.3872e+01 -4.6286e+03 8.4619e+03 -8.0526e+04 8.6241e+04
-1.0857e+06 4.3850e+01 -4.6391e+03 8.5564e+03 -8.8871e+03 3.0367e+04
6.1726e+06 3.7548e+01 -4.6491e+03 8.6515e+03 -4.0668e+02 2.7439e+04
2.8473e+06 3.7215e+01 -4.6587e+03 8.7468e+03 -2.3737e+02 2.7246e+04
1.1958e+06 4.1017e+01 -4.6679e+03 8.8425e+03 -1.7602e+02 2.7092e+04
-2.7795e+06 4.3751e+01 -4.6767e+03 8.9385e+03 -4.3132e+02 2.6940e+04
-3.0851e+06 4.3974e+01 -4.6851e+03 9.0346e+03 -1.4589e+02 2.6801e+04
-4.3428e+06 4.3663e+01 -4.6933e+03 9.1308e+03 -9.5185e+01 2.6663e+04
-4.1002e+06 4.3429e+01 -4.7011e+03 9.2272e+03 -3.3398e+01 2.6524e+04
-4.6469e+06 4.3248e+01 -4.7086e+03 9.3235e+03 -3.4882e+01 2.6382e+04
-4.3659e+06 4.3128e+01 -4.7158e+03 9.4199e+03 -2.8740e+00 2.6241e+04
-4.5899e+06 4.3037e+01 -4.7227e+03 9.5162e+03 -3.2187e+00 2.6094e+04
-4.1881e+06 4.2934e+01 -4.7294e+03 9.6124e+03 2.0788e+01 2.5957e+04
-4.6063e+06 4.2798e+01 -4.7359e+03 9.7084e+03 6.6805e-02 2.5802e+04
-6.6502e+06 3.6580e+01 -4.4087e+03 -3.4349e+03 1.3085e+00 -3.8495e+02
-6.1861e+06 3.6579e+01 -4.3740e+03 -3.4808e+03 8.1857e+00 -3.2228e+02
-5.7746e+06 3.6596e+01 -4.3407e+03 -3.5237e+03 2.5400e+00 -2.3228e+02
-5.8835e+06 3.6653e+01 -4.3087e+03 -3.5638e+03 -7.0542e+01 -1.5971e+02
-5.8836e+06 3.6758e+01 -4.2779e+03 -3.6013e+03 -1.3419e+02 -8.4053e+01
-4.7647e+06 3.6878e+01 -4.2483e+03 -3.6365e+03 -1.0177e+02 -3.3054e+00
-4.0697e+06 3.7041e+01 -4.2198e+03 -3.6693e+03 5.1201e+00 7.1292e+01
-2.6696e+06 3.7544e+01 -4.1923e+03 -3.7001e+03 4.3382e+01 1.4805e+02
-1.8325e+06 3.7468e+01 -4.1659e+03 -3.7289e+03 5.4786e+01 2.3740e+02
-1.2241e+06 3.4802e+01 -4.1404e+03 -3.7558e+03 3.1035e+02 3.0633e+02
-2.0066e+06 3.1021e+01 -4.1159e+03 -3.7809e+03 5.0800e+02 3.9392e+02
-9.7096e+06 2.9945e+01 -4.0922e+03 -3.8044e+03 -5.4746e+02 6.4412e+02
-2.7721e+07 3.2330e+01 -4.0694e+03 -3.8264e+03 -1.8929e+04 7.6846e+03
-4.2502e+07 3.5587e+01 -4.0474e+03 -3.8468e+03 -9.7487e+04 5.4193e+04
-2.5672e+07 3.5292e+01 -4.0549e+03 -2.7214e+03 -2.1587e+05 1.3259e+05
-3.7028e+07 3.0260e+01 -4.1149e+03 -6.6216e+02 -2.8688e+05 1.7865e+05
-3.9245e+07 2.8868e+01 -4.2120e+03 1.4240e+03 -2.9820e+05 1.9280e+05
-4.2477e+07 3.9210e+01 -4.3389e+03 3.5762e+03 -2.9220e+05 2.1162e+05
-1.8920e+07 5.2814e+01 -4.4661e+03 5.9772e+03 -2.5555e+05 2.2075e+05
2.7016e+06 5.5545e+01 -4.5776e+03 8.4501e+03 -1.4844e+05 1.4131e+05
1.0631e+06 4.7841e+01 -4.5941e+03 8.6699e+03 -3.8450e+04 4.6543e+04
1.1365e+07 3.9370e+01 -4.6053e+03 8.7632e+03 -1.5328e+03 2.7792e+04
5.3400e+06 3.6245e+01 -4.6160e+03 8.8571e+03 9.1786e+01 2.7174e+04
4.0573e+06 3.8719e+01 -4.6262e+03 8.9512e+03 3.7471e+00 2.6983e+04
-2.3014e+06 4.2353e+01 -4.6361e+03 9.0456e+03 -4.4165e+02 2.6839e+04
-2.1924e+06 4.3552e+01 -4.6455e+03 9.1403e+03 -2.5088e+02 2.6681e+04
-4.3614e+06 4.3318e+01 -4.6545e+03 9.2352e+03 -1.1609e+02 2.6547e+04
-3.5371e+06 4.3056e+01 -4.6632e+03 9.3301e+03 -2.0502e+01 2.6406e+04
-4.7807e+06 4.2861e+01 -4.6716e+03 9.4251e+03 -4.9049e+01 2.6263e+04
-4.0674e+06 4.2734e+01 -4.6797e+03 9.5202e+03 1.1515e+01 2.6122e+04
-4.8879e+06 4.2634e+01 -4.6874e+03 9.6152e+03 -2.8495e+01 2.5974e+04
-4.7142e+06 4.2534e+01 -4.6949e+03 9.7101e+03 -1.0662e+01 2.5838e+04
-4.8854e+06 4.2426e+01 -4.7021e+03 9.8049e+03 -2.7773e+01 2.5681e+04
-7.1524e+06 3.6469e+01 -4.4950e+03 -3.3201e+03 -4.2149e+01 -4.1770e+02
-7.8907e+06 3.6473e+01 -4.4596e+03 -3.3696e+03 -7.3475e+01 -3.5668e+02
-7.6986e+06 3.6485e+01 -4.4254e+03 -3.4160e+03 -9.1215e+01 -2.6793e+02
-7.8131e+06 3.6517e+01 -4.3926e+03 -3.4594e+03 -1.0609e+02 -1.9324e+02
-6.6670e+06 3.6591e+01 -4.3609e+03 -3.5001e+03 -1.4163e+02 -1.1808e+02
-6.9751e+06 3.6726e+01 -4.3303e+03 -3.5383e+03 -1.8869e+02 -3.8721e+01
-4.4581e+06 3.6879e+01 -4.3009e+03 -3.5741e+03 -8.3598e+01 4.2519e+01
-3.8737e+06 3.7143e+01 -4.2724e+03 -3.6076e+03 2.7526e+01 1.2325e+02
-1.4328e+06 3.7701e+01 -4.2450e+03 -3.6390e+03 7.5123e+01 1.9764e+02
-1.1895e+06 3.7166e+01 -4.2186e+03 -3.6685e+03 1.2589e+02 2.8680e+02
6.4093e+05 3.3983e+01 -4.1930e+03 -3.6961e+03 4.5216e+02 3.7048e+02
-2.4801e+06 3.0593e+01 -4.1684e+03 -3.7219e+03 4.1828e+02 4.7317e+02
-7.5639e+06 3.0466e+01 -4.1446e+03 -3.7460e+03 -1.7814e+03 8.7732e+02
-2.6609e+07 3.3468e+01 -4.1215e+03 -3.7686e+03 -3.2577e+04 1.3226e+04
-3.2071e+07 3.6236e+01 -4.0993e+03 -3.7896e+03 -1.3007e+05 7.5499e+04
-2.1150e+07 3.4001e+01 -4.1107e+03 -2.0860e+03 -2.4228e+05 1.6046e+05
-2.5656e+07 2.8594e+01 -4.1697e+03 9.3996e+01 -2.8555e+05 2.0374e+05
-8.5974e+06 3.0890e+01 -4.2727e+03 2.4436e+03 -2.8295e+05 2.1955e+05
1.6155e+07 4.4515e+01 -4.3899e+03 4.8404e+03 -2.7532e+05 2.3119e+05
1.8878e+07 5.5469e+01 -4.4915e+03 7.3059e+03 -2.1146e+05 1.9146e+05
-5.6808e+06 5.2071e+01 -4.5480e+03 8.7837e+03 -8.7738e+04 9.1053e+04
-1.4057e+06 4.1922e+01 -4.5603e+03 8.8755e+03 -1.1025e+04 3.1041e+04
8.4523e+06 3.5873e+01 -4.5722e+03 8.9677e+03 -4.9998e+01 2.7142e+04
4.6762e+06 3.6218e+01 -4.5835e+03 9.0603e+03 9.7226e+01 2.6901e+04
1.2495e+06 4.0118e+01 -4.5944e+03 9.1533e+03 -1.7959e+02 2.6736e+04
-3.0318e+06 4.2743e+01 -4.6048e+03 9.2465e+03 -4.7688e+02 2.6568e+04
-3.5537e+06 4.2987e+01 -4.6148e+03 9.3400e+03 -1.4303e+02 2.6426e+04
-4.4348e+06 4.2701e+01 -4.6244e+03 9.4336e+03 -9.7294e+01 2.6286e+04
-4.3043e+06 4.2511e+01 -4.6337e+03 9.5273e+03 -2.7923e+01 2.6143e+04
-4.6526e+06 4.2389e+01 -4.6426e+03 9.6210e+03 -3.5092e+01 2.6000e+04
-4.3737e+06 4.2296e+01 -4.6512e+03 9.7147e+03 1.6563e+01 2.5852e+04
-4.2645e+06 4.2203e+01 -4.6594e+03 9.8084e+03 5.6362e+00 2.5713e+04
-4.4728e+06 4.2121e+01 -4.6674e+03 9.9020e+03 1.2955e+01 2.5557e+04
-7.0552e+06 3.6392e+01 -4.5765e+03 -3.2055e+03 -2.9339e+01 -4.5354e+02
-6.0587e+06 3.6399e+01 -4.5406e+03 -3.2586e+03 4.1157e+00 -3.9364e+02
-6.6029e+06 3.6408e+01 -4.5059e+03 -3.3083e+03 -7.6337e+00 -3.0492e+02
-5.7272e+06 3.6430e+01 -4.4724e+03 -3.3550e+03 7.2214e+00 -2.3001e+02
-6.9263e+06 3.6475e+01 -4.4400e+03 -3.3988e+03 -3.7088e+01 -1.5416e+02
-5.1895e+06 3.6583e+01 -4.4088e+03 -3.4399e+03 -7.6471e+01 -7.8667e+01
-6.5982e+06 3.6753e+01 -4.3785e+03 -3.4785e+03 -1.4864e+02 2.6282e+00
-3.5412e+06 3.6931e+01 -4.3493e+03 -3.5147e+03 -3.0861e+01 9.0297e+01
-3.6892e+06 3.7276e+01 -4.3211e+03 -3.5488e+03 7.4175e+01 1.7051e+02
-2.8386e+05 3.7786e+01 -4.2938e+03 -3.5807e+03 1.0187e+02 2.5259e+02
-6.5658e+05 3.6714e+01 -4.2674e+03 -3.6107e+03 2.2845e+02 3.4295e+02
1.9165e+06 3.3082e+01 -4.2419e+03 -3.6388e+03 5.6523e+02 4.1078e+02
-6.4887e+06 3.0194e+01 -4.2172e+03 -3.6651e+03 3.4279e+02 5.0985e+02
-1.7774e+07 3.1134e+01 -4.1933e+03 -3.6898e+03 -3.8608e+03 1.2666e+03
-4.1535e+07 3.4642e+01 -4.1702e+03 -3.7128e+03 -5.1314e+04 2.7538e+04
-3.3025e+07 3.6052e+01 -4.1498e+03 -3.4149e+03 -1.6503e+05 1.2059e+05
-4.3283e+07 3.1896e+01 -4.1676e+03 -1.0734e+03 -2.6430e+05 2.0160e+05
-7.5703e+07 2.9436e+01 -4.2292e+03 1.2947e+03 -2.9966e+05 2.1740e+05
-7.6023e+07 4.1160e+01 -4.3276e+03 3.6914e+03 -3.0536e+05 2.2619e+05
-2.2036e+07 5.6469e+01 -4.4195e+03 6.1497e+03 -2.7084e+05 2.2662e+05
4.2325e+06 5.5505e+01 -4.4959e+03 8.6763e+03 -1.5961e+05 1.4729e+05
-4.1950e+06 4.4438e+01 -4.5143e+03 8.9880e+03 -4.2787e+04 5.1171e+04
1.0642e+07 3.6651e+01 -4.5273e+03 9.0787e+03 -1.6417e+03 2.7502e+04
4.2567e+06 3.4656e+01 -4.5397e+03 9.1699e+03 3.4661e+02 2.6795e+04
4.8352e+06 3.7446e+01 -4.5517e+03 9.2614e+03 4.5376e+01 2.6639e+04
-3.3613e+06 4.1248e+01 -4.5631e+03 9.3532e+03 -4.1668e+02 2.6464e+04
-1.7030e+06 4.2594e+01 -4.5741e+03 9.4452e+03 -2.0165e+02 2.6301e+04
-5.0567e+06 4.2427e+01 -4.5847e+03 9.5375e+03 -1.1181e+02 2.6164e+04
-3.1545e+06 4.2248e+01 -4.5949e+03 9.6298e+03 6.8643e+00 2.6020e+04
-5.2115e+06 4.2138e+01 -4.6046e+03 9.7223e+03 -4.8870e+01 2.5875e+04
-3.9515e+06 4.2064e+01 -4.6140e+03 9.8147e+03 1.0689e+01 2.5728e+04
-5.6773e+06 4.1995e+01 -4.6231e+03 9.9072e+03 -5.4249e+01 2.5588e+04
-4.3044e+06 4.1945e+01 -4.6319e+03 9.9995e+03 -7.4883e-01 2.5431e+04
-6.9546e+06 3.6341e+01 -4.6532e+03 -3.0916e+03 -9.8421e+00 -4.9054e+02
-7.3865e+06 3.6349e+01 -4.6171e+03 -3.1480e+03 -4.0127e+01 -4.3040e+02
-7.4102e+06 3.6361e+01 -4.5822e+03 -3.2009e+03 -4.0092e+01 -3.3921e+02
-7.2605e+06 3.6378e+01 -4.5483e+03 -3.2507e+03 -5.3277e+01 -2.6617e+02
-6.7037e+06 3.6412e+01 -4.5154e+03 -3.2975e+03 -3.4983e+01 -1.8863e+02
-6.8311e+06 3.6486e+01 -4.4836e+03 -3.3415e+03 -7.8773e+01 -1.1504e+02
-6.0182e+06 3.6633e+01 -4.4528e+03 -3.3828e+03 -1.2634e+02 -3.6124e+01
-5.2596e+06 3.6835e+01 -4.4230e+03 -3.4217e+03 -1.5056e+02 4.3471e+01
-3.6410e+06 3.7027e+01 -4.3941e+03 -3.4583e+03 2.1001e+00 1.3409e+02
-1.3339e+06 3.7453e+01 -4.3662e+03 -3.4927e+03 1.0344e+02 2.0420e+02
-5.2041e+05 3.7840e+01 -4.3391e+03 -3.5250e+03 9.1901e+01 3.0370e+02
2.2560e+06 3.5839e+01 -4.3128e+03 -3.5553e+03 3.5515e+02 3.8703e+02
2.5264e+06 3.1693e+01 -4.2874e+03 -3.5838e+03 6.5201e+02 4.5018e+02
-1.2209e+06 2.9995e+01 -4.2628e+03 -3.6106e+03 2.8987e+02 5.4393e+02
-2.0511e+07 3.2452e+01 -4.2389e+03 -3.6356e+03 -1.3961e+04 5.2169e+03
-3.8328e+07 3.5901e+01 -4.2158e+03 -3.6591e+03 -9.7727e+04 6.2966e+04
-1.6693e+07 3.5129e+01 -4.1966e+03 -2.2630e+03 -2.4972e+05 1.2257e+05
-7.6752e+06 3.1754e+01 -4.2159e+03 1.2074e+02 -4.0789e+05 1.1527e+05
1.0241e+06 3.9359e+01 -4.2792e+03 2.5298e+03 -4.8880e+05 2.1140e+05
-1.2964e+07 5.3855e+01 -4.3613e+03 4.9814e+03 -4.0157e+05 2.8429e+05
-4.4411e+06 5.5381e+01 -4.4915e+03 7.4684e+03 -2.3299e+05 2.0529e+05
-6.2356e+06 4.6482e+01 -4.4673e+03 9.1009e+03 -9.3445e+04 9.9956e+04
-4.9654e+06 3.8574e+01 -4.4814e+03 9.1901e+03 -1.3746e+04 3.1857e+04
1.1356e+07 3.4347e+01 -4.4950e+03 9.2798e+03 4.4345e+02 2.6756e+04
1.4733e+06 3.4998e+01 -4.5080e+03 9.3698e+03 -1.4598e+02 2.6560e+04
1.9909e+06 3.9001e+01 -4.5205e+03 9.4602e+03 9.9927e+00 2.6371e+04
-4.9379e+06 4.1850e+01 -4.5325e+03 9.5509e+03 -4.4428e+02 2.6181e+04
-2.5788e+06 4.2271e+01 -4.5440e+03 9.6418e+03 -2.8626e+01 2.6040e+04
-5.5289e+06 4.2091e+01 -4.5551e+03 9.7328e+03 -1.3966e+02 2.5894e+04
-3.5739e+06 4.1988e+01 -4.5658e+03 9.8239e+03 4.3039e+01 2.5752e+04
-5.1673e+06 4.1912e+01 -4.5761e+03 9.9151e+03 -5.5244e+01 2.5598e+04
-3.2806e+06 4.1858e+01 -4.5860e+03 1.0006e+04 8.7233e+01 2.5461e+04
-4.9573e+06 4.1805e+01 -4.5955e+03 1.0097e+04 -2.7920e+01 2.5300e+04
-5.7788e+06 3.6322e+01 -4.7254e+03 -2.9786e+03 4.2426e+01 -5.2738e+02
-7.3513e+06 3.6328e+01 -4.6893e+03 -3.0382e+03 -3.0375e+01 -4.6884e+02
-5.0211e+06 3.6342e+01 -4.6542e+03 -3.0942e+03 6.7105e+01 -3.7666e+02
-7.8375e+06 3.6354e+01 -4.6201e+03 -3.1469e+03 -6.3965e+01 -3.0491e+02
-4.7406e+06 3.6385e+01 -4.5870e+03 -3.1965e+03 5.1915e+01 -2.2493e+02
-8.2459e+06 3.6429e+01 -4.5549e+03 -3.2433e+03 -1.0316e+02 -1.5255e+02
-3.7680e+06 3.6537e+01 -4.5237e+03 -3.2873e+03 5.7715e-01 -7.0881e+01
-8.9512e+06 3.6717e+01 -4.4934e+03 -3.3288e+03 -2.7019e+02 2.5506e-01
-1.1746e+06 3.6954e+01 -4.4641e+03 -3.3678e+03 -4.3808e+01 9.3495e+01
-7.2416e+06 3.7192e+01 -4.4356e+03 -3.4046e+03 -1.1718e+02 1.6002e+02
4.1932e+06 3.7825e+01 -4.4079e+03 -3.4392e+03 2.0581e+02 2.5232e+02
-5.6855e+06 3.7552e+01 -4.3811e+03 -3.4717e+03 -1.5137e+02 3.4955e+02
6.9603e+06 3.4203e+01 -4.3551e+03 -3.5023e+03 6.7209e+01 4.6132e+02
-1.2372e+07 3.0602e+01 -4.3298e+03 -3.5311e+03 -2.5574e+03 1.0290e+03
-4.4241e+06 3.0964e+01 -4.3053e+03 -3.5581e+03 -8.1760e+03 2.7095e+03
-4.0083e+07 3.4238e+01 -4.3303e+03 -3.6044e+03 -4.9736e+04 1.8256e+04
-1.5332e+07 3.5694e+01 -4.3799e+03 -3.6613e+03 -1.4400e+05 2.9172e+04
-3.8540e+07 3.2907e+01 -4.4276e+03 -3.7178e+03 -2.8668e+05 1.7589e+04
4.0586e+07 3.3628e+01 -4.4651e+03 -3.6646e+03 -4.5251e+05 2.7729e+05
1.2037e+06 4.2767e+01 -4.5400e+03 3.6912e+03 -4.3048e+05 4.0032e+05
-3.9591e+07 4.9189e+01 -4.4945e+03 6.2530e+03 -2.7759e+05 2.4589e+05
2.1933e+07 4.6899e+01 -4.4304e+03 8.8867e+03 -1.6000e+05 1.5810e+05
-1.9323e+07 4.0603e+01 -4.4346e+03 9.3017e+03 -4.6874e+04 5.4328e+04
1.8261e+07 3.4989e+01 -4.4493e+03 9.3899e+03 -7.0498e+02 2.7129e+04
-5.3178e+06 3.3659e+01 -4.4635e+03 9.4785e+03 -2.3933e+02 2.6417e+04
9.4040e+06 3.6692e+01 -4.4770e+03 9.5675e+03 2.3069e+02 2.6262e+04
-8.7843e+06 4.0526e+01 -4.4900e+03 9.6568e+03 -5.1335e+02 2.6065e+04
2.1360e+06 4.1996e+01 -4.5025e+03 9.7464e+03 8.1353e+01 2.5915e+04
-8.5122e+06 4.1960e+01 -4.5146e+03 9.8361e+03 -2.4106e+02 2.5763e+04
-5.8369e+05 4.1851e+01 -4.5262e+03 9.9260e+03 1.6303e+02 2.5625e+04
-7.6756e+06 4.1753e+01 -4.5373e+03 1.0016e+04 -1.8440e+02 2.5467e+04
-3.0260e+06 4.1679e+01 -4.5481e+03 1.0106e+04 8.6271e+01 2.5334e+04
-6.7974e+06 4.1587e+01 -4.5584e+03 1.0196e+04 -1.3441e+02 2.5168e+04
-6.0091e+06 3.6317e+01 -4.7930e+03 -2.8668e+03 2.0537e+01 -5.6538e+02
-8.0200e+06 3.6321e+01 -4.7571e+03 -2.9293e+03 -7.2432e+01 -5.0562e+02
-6.0246e+06 3.6331e+01 -4.7222e+03 -2.9882e+03 1.2179e+01 -4.1348e+02
-8.3030e+06 3.6340e+01 -4.6881e+03 -3.0437e+03 -8.6014e+01 -3.4045e+02
-5.0027e+06 3.6366e+01 -4.6549e+03 -3.0961e+03 3.6212e+01 -2.6267e+02
-8.6621e+06 3.6397e+01 -4.6226e+03 -3.1455e+03 -1.1433e+02 -1.8758e+02
-3.9029e+06 3.6477e+01 -4.5912e+03 -3.1921e+03 3.1898e+01 -1.0827e+02
-8.6632e+06 3.6618e+01 -4.5607e+03 -3.2360e+03 -2.0837e+02 -3.5303e+01
-2.1095e+06 3.6859e+01 -4.5310e+03 -3.2774e+03 -8.7162e+01 5.1443e+01
-7.5091e+06 3.7107e+01 -4.5021e+03 -3.3165e+03 -1.9157e+02 1.3288e+02
2.7213e+06 3.7565e+01 -4.4740e+03 -3.3533e+03 1.4091e+02 2.1372e+02
-5.8776e+06 3.8190e+01 -4.4467e+03 -3.3880e+03 -1.5812e+03 3.7840e+02
8.5269e+06 3.6881e+01 -4.4202e+03 -3.4207e+03 -3.9996e+03 1.5305e+03
-4.1791e+06 3.3162e+01 -4.4104e+03 -3.4577e+03 -8.9226e+03 3.0676e+03
9.2634e+06 3.0967e+01 -4.4570e+03 -3.5158e+03 -1.2382e+04 4.3629e+03
-3.1055e+07 3.2063e+01 -4.5059e+03 -3.5751e+03 -2.0906e+04 5.1919e+03
-2.5122e+07 3.3384e+01 -4.5556e+03 -3.6350e+03 -2.5620e+04 5.4662e+03
-1.1155e+08 3.2121e+01 -4.6060e+03 -3.6958e+03 -3.5171e+04 5.5045e+04
-1.0298e+08 2.8912e+01 -4.6475e+03 -3.7526e+03 -1.7250e+05 3.4471e+05
-2.2427e+07 3.0974e+01 -4.5711e+03 2.4700e+03 -3.0158e+05 4.2116e+05
-2.6405e+07 3.9462e+01 -4.5104e+03 5.0266e+03 -2.8249e+05 2.6390e+05
1.9366e+07 4.4312e+01 -4.4362e+03 7.6524e+03 -1.9888e+05 2.2141e+05
-1.2472e+07 4.1294e+01 -4.3870e+03 9.4134e+03 -7.3129e+04 1.0146e+05
9.6242e+06 3.5761e+01 -4.4028e+03 9.5002e+03 -2.5415e+03 2.7963e+04
1.4739e+06 3.3444e+01 -4.4181e+03 9.5875e+03 3.9665e+02 2.6160e+04
5.4150e+06 3.5574e+01 -4.4327e+03 9.6751e+03 -1.1009e+02 2.6128e+04
-5.4822e+06 3.9578e+01 -4.4467e+03 9.7631e+03 -3.6315e+02 2.5939e+04
-1.0453e+06 4.1654e+01 -4.4602e+03 9.8513e+03 -1.3850e+02 2.5789e+04
-6.6825e+06 4.1760e+01 -4.4732e+03 9.9397e+03 -1.7076e+02 2.5634e+04
-2.5626e+06 4.1622e+01 -4.4857e+03 1.0028e+04 5.6121e+01 2.5492e+04
-6.0159e+06 4.1513e+01 -4.4978e+03 1.0117e+04 -8.4088e+01 2.5336e+04
-2.2691e+06 4.1412e+01 -4.5094e+03 1.0206e+04 1.2310e+02 2.5197e+04
-5.4662e+06 4.1292e+01 -4.5206e+03 1.0294e+04 -3.7326e+01 2.5035e+04
-6.6421e+06 3.6317e+01 -4.8562e+03 -2.7563e+03 2.7388e-01 -6.0343e+02
-6.2258e+06 3.6322e+01 -4.8208e+03 -2.8216e+03 2.9888e+00 -5.4270e+02
-6.3308e+06 3.6328e+01 -4.7861e+03 -2.8833e+03 1.8910e+01 -4.5255e+02
-6.2308e+06 3.6338e+01 -4.7522e+03 -2.9414e+03 -8.6801e+00 -3.7735e+02
-6.6292e+06 3.6358e+01 -4.7192e+03 -2.9964e+03 -6.8709e+00 -3.0108e+02
-5.9507e+06 3.6392e+01 -4.6869e+03 -3.0483e+03 -2.6769e+01 -2.2350e+02
-6.3942e+06 3.6457e+01 -4.6554e+03 -3.0973e+03 -3.6472e+01 -1.4744e+02
-5.8704e+06 3.6574e+01 -4.6247e+03 -3.1436e+03 -8.8263e+01 -6.5837e+01
-5.8179e+06 3.6785e+01 -4.5948e+03 -3.1873e+03 -1.3200e+02 8.8608e+00
-4.6287e+06 3.7127e+01 -4.5657e+03 -3.2286e+03 -3.2927e+02 1.0892e+02
-4.0939e+06 3.7600e+01 -4.5374e+03 -3.2676e+03 -2.0094e+03 2.8869e+02
-1.5586e+06 3.8386e+01 -4.5098e+03 -3.3044e+03 -6.3566e+03 1.1462e+03
-1.6820e+06 3.8805e+01 -4.5357e+03 -3.3583e+03 -1.1213e+04 3.0799e+03
3.6315e+04 3.6503e+01 -4.5838e+03 -3.4198e+03 -1.4528e+04 4.4581e+03
-2.3575e+06 3.2401e+01 -4.6317e+03 -3.4812e+03 -1.5491e+04 4.7064e+03
-5.4614e+06 3.0727e+01 -4.6804e+03 -3.5432e+03 -1.5973e+04 4.3029e+03
-1.2061e+07 3.1580e+01 -4.7300e+03 -3.6058e+03 -1.4617e+04 5.6381e+03
-8.6772e+06 3.2272e+01 -4.7803e+03 -3.6690e+03 -3.6401e+04 9.1820e+04
-7.6496e+06 2.9175e+01 -4.7486e+03 -1.3474e+03 -1.3580e+05 2.8002e+05
-1.8840e+07 2.6207e+01 -4.6233e+03 1.2302e+03 -2.3579e+05 3.3080e+05
-2.6506e+07 3.1953e+01 -4.5322e+03 3.9605e+03 -2.4865e+05 2.9217e+05
-6.3180e+06 4.0018e+01 -4.4253e+03 7.0483e+03 -1.9286e+05 2.8393e+05
-6.1985e+06 4.0386e+01 -4.3385e+03 9.5253e+03 -8.0793e+04 1.4662e+05
-1.0031e+06 3.5839e+01 -4.3555e+03 9.6107e+03 -4.3248e+03 2.8832e+04
1.0013e+07 3.3265e+01 -4.3719e+03 9.6966e+03 1.1556e+03 2.5957e+04
3.9117e+05 3.5361e+01 -4.3876e+03 9.7829e+03 -3.7203e+02 2.6040e+04
8.9140e+05 3.9534e+01 -4.4027e+03 9.8695e+03 -7.6885e+01 2.5808e+04
-4.4324e+06 4.1525e+01 -4.4172e+03 9.9564e+03 -3.2772e+02 2.5654e+04
-2.6103e+06 4.1476e+01 -4.4311e+03 1.0044e+04 2.7382e+01 2.5503e+04
-5.0743e+06 4.1296e+01 -4.4446e+03 1.0131e+04 -6.9437e+01 2.5355e+04
-4.0834e+06 4.1178e+01 -4.4575e+03 1.0218e+04 -1.3794e+01 2.5205e+04
-6.5655e+06 4.1062e+01 -4.4700e+03 1.0306e+04 -9.5420e+01 2.5063e+04
-4.5307e+06 4.0954e+01 -4.4820e+03 1.0393e+04 -1.8374e+01 2.4902e+04
-6.6805e+06 3.6321e+01 -4.9151e+03 -2.6475e+03 -1.9020e+01 -6.4188e+02
-6.7441e+06 3.6327e+01 -4.8803e+03 -2.7154e+03 -2.1057e+01 -5.8034e+02
-6.9895e+06 3.6333e+01 -4.8462e+03 -2.7796e+03 -3.9817e+01 -4.8913e+02
-6.4678e+06 3.6348e+01 -4.8126e+03 -2.8402e+03 -1.1410e+01 -4.1432e+02
-6.5334e+06 3.6372e+01 -4.7798e+03 -2.8976e+03 -3.6568e+01 -3.3887e+02
-6.2780e+06 3.6413e+01 -4.7477e+03 -2.9519e+03 -2.9419e+01 -2.5997e+02
-6.3725e+06 3.6477e+01 -4.7163e+03 -3.0032e+03 -4.4246e+01 -1.8116e+02
-5.4030e+06 3.6606e+01 -4.6857e+03 -3.0518e+03 -5.3880e+01 -1.0440e+02
-6.3579e+06 3.6868e+01 -4.6557e+03 -3.0977e+03 -7.5331e+02 1.4759e+01
-5.5721e+06 3.7360e+01 -4.6265e+03 -3.1411e+03 -3.1533e+03 7.1709e+02
-5.5666e+06 3.8004e+01 -4.5980e+03 -3.1822e+03 -8.0351e+03 1.5875e+03
-1.3026e+06 3.8647e+01 -4.6476e+03 -3.2470e+03 -1.2789e+04 2.4626e+03
-1.5188e+06 3.9516e+01 -4.7030e+03 -3.3136e+03 -1.5537e+04 3.3670e+03
2.7937e+06 3.8531e+01 -4.7568e+03 -3.3796e+03 -1.5979e+04 3.9713e+03
7.9295e+05 3.4099e+01 -4.8048e+03 -3.4436e+03 -1.5841e+04 4.2557e+03
-1.0161e+06 3.0577e+01 -4.8535e+03 -3.5083e+03 -1.4644e+04 4.0071e+03
-2.5132e+07 3.1214e+01 -4.9030e+03 -3.5737e+03 -1.6987e+04 4.7118e+03
-4.0227e+07 3.3530e+01 -4.9534e+03 -3.6396e+03 -7.2902e+04 7.0718e+04
-2.4174e+07 3.1531e+01 -4.8686e+03 -2.4638e+03 -1.7817e+05 2.1346e+05
-2.1889e+07 2.6147e+01 -4.6828e+03 5.3710e+02 -2.2844e+05 2.9833e+05
-3.0324e+07 2.8124e+01 -4.5455e+03 3.5684e+03 -2.2314e+05 3.1577e+05
4.3313e+05 3.6285e+01 -4.4172e+03 6.6703e+03 -1.9516e+05 3.1753e+05
-5.6473e+06 3.9058e+01 -4.2894e+03 9.6342e+03 -9.7983e+04 1.7332e+05
-4.8983e+06 3.5649e+01 -4.3075e+03 9.7213e+03 -1.1064e+04 3.1677e+04
1.1784e+07 3.2885e+01 -4.3249e+03 9.8058e+03 1.1441e+03 2.5865e+04
8.3193e+04 3.4777e+01 -4.3417e+03 9.8908e+03 -3.4289e+02 2.5946e+04
1.0124e+06 3.9195e+01 -4.3579e+03 9.9761e+03 -4.8345e+01 2.5688e+04
-5.6415e+06 4.1291e+01 -4.3734e+03 1.0062e+04 -4.6940e+02 2.5521e+04
-2.8480e+06 4.1149e+01 -4.3883e+03 1.0148e+04 1.4487e+01 2.5370e+04
-5.7356e+06 4.0946e+01 -4.4027e+03 1.0234e+04 -1.3063e+02 2.5219e+04
-3.2957e+06 4.0818e+01 -4.4165e+03 1.0320e+04 7.9523e+01 2.5067e+04
-3.7576e+06 4.0707e+01 -4.4299e+03 1.0406e+04 2.3136e+01 2.4921e+04
-3.6635e+06 4.0615e+01 -4.4428e+03 1.0493e+04 7.5168e+01 2.4762e+04
-6.4537e+06 3.6333e+01 -4.9700e+03 -2.5405e+03 -1.0764e+01 -6.7946e+02
-6.1701e+06 3.6343e+01 -4.9360e+03 -2.6107e+03 2.9545e+00 -6.1872e+02
-6.0812e+06 3.6357e+01 -4.9024e+03 -2.6772e+03 -1.5652e+00 -5.2831e+02
-6.2645e+06 3.6378e+01 -4.8694e+03 -2.7402e+03 -2.8935e+01 -4.5188e+02
-6.3216e+06 3.6410e+01 -4.8370e+03 -2.7999e+03 -3.5558e+01 -3.7192e+02
-5.8924e+06 3.6463e+01 -4.8052e+03 -2.8564e+03 -4.0835e+00 -2.9549e+02
-5.9711e+06 3.6580e+01 -4.7741e+03 -2.9099e+03 -1.2495e+02 -2.1332e+02
-6.5858e+06 3.6818e+01 -4.7435e+03 -2.9606e+03 -1.3998e+03 -6.1000e+01
-6.5128e+06 3.7219e+01 -4.7136e+03 -3.0086e+03 -4.5667e+03 8.6240e+02
-6.4692e+06 3.7784e+01 -4.7063e+03 -3.0606e+03 -9.4764e+03 2.2048e+03
-5.1056e+06 3.8403e+01 -4.7584e+03 -3.1287e+03 -1.4051e+04 2.8695e+03
-4.9897e+06 3.8846e+01 -4.8130e+03 -3.1972e+03 -1.6019e+04 2.9523e+03
-3.6588e+06 3.9431e+01 -4.8690e+03 -3.2660e+03 -1.6310e+04 2.8918e+03
-3.4616e+06 3.9145e+01 -4.9259e+03 -3.3354e+03 -1.6240e+04 3.2032e+03
2.4023e+05 3.5488e+01 -4.9761e+03 -3.4033e+03 -1.4268e+04 3.5742e+03
-4.8599e+05 3.0983e+01 -5.0247e+03 -3.4711e+03 -1.0362e+04 2.6058e+03
-5.1987e+06 3.0531e+01 -5.0510e+03 -3.5303e+03 -7.5522e+03 1.5008e+03
-2.0891e+07 3.3248e+01 -5.0279e+03 -3.5687e+03 -4.2675e+04 3.6385e+04
-2.5836e+07 3.2615e+01 -4.9517e+03 -2.8999e+03 -1.4433e+05 1.8836e+05
-1.5723e+07 2.6872e+01 -4.7324e+03 1.2773e+02 -2.1581e+05 3.1021e+05
-3.0497e+07 2.6396e+01 -4.5646e+03 3.1775e+03 -2.2262e+05 3.2001e+05
-3.6997e+06 3.4278e+01 -4.4153e+03 6.2868e+03 -2.1058e+05 3.2641e+05
-5.1840e+06 3.8895e+01 -4.2545e+03 9.4926e+03 -1.2460e+05 1.9362e+05
-6.5237e+06 3.6273e+01 -4.2587e+03 9.8320e+03 -2.4898e+04 4.2705e+04
9.0127e+06 3.2865e+01 -4.2773e+03 9.9152e+03 2.6809e+02 2.5970e+04
2.2804e+06 3.3919e+01 -4.2952e+03 9.9988e+03 -8.6771e+01 2.5789e+04
2.0415e+06 3.8336e+01 -4.3124e+03 1.0083e+04 -2.0370e+01 2.5559e+04
-3.7938e+06 4.0833e+01 -4.3289e+03 1.0167e+04 -3.7382e+02 2.5387e+04
-2.4355e+06 4.0831e+01 -4.3448e+03 1.0252e+04 6.0457e+00 2.5229e+04
-4.8609e+06 4.0619e+01 -4.3602e+03 1.0337e+04 -6.7113e+01 2.5080e+04
-4.1608e+06 4.0480e+01 -4.3749e+03 1.0422e+04 -1.8466e+01 2.4929e+04
-7.1948e+06 4.0372e+01 -4.3892e+03 1.0507e+04 -1.2873e+02 2.4786e+04
-4.7932e+06 4.0296e+01 -4.4029e+03 1.0592e+04 -3.4905e+01 2.4623e+04
-6.2327e+06 3.6355e+01 -5.0210e+03 -2.4355e+03 -1.5639e+01 -7.1861e+02
-6.6750e+06 3.6371e+01 -4.9878e+03 -2.5079e+03 -5.1925e+01 -6.5491e+02
-6.3853e+06 3.6390e+01 -4.9551e+03 -2.5765e+03 -2.9303e+01 -5.6118e+02
-6.2885e+06 3.6422e+01 -4.9227e+03 -2.6416e+03 -3.0313e+00 -4.8854e+02
-5.6843e+06 3.6489e+01 -4.8908e+03 -2.7034e+03 -6.8883e+00 -4.1553e+02
-6.6025e+06 3.6628e+01 -4.8595e+03 -2.7620e+03 -5.0301e+02 -3.0305e+02
-6.4814e+06 3.6893e+01 -4.8286e+03 -2.8176e+03 -2.4410e+03 2.0105e+02
-6.8916e+06 3.7276e+01 -4.7984e+03 -2.8703e+03 -6.4795e+03 1.2520e+03
-5.8801e+06 3.7721e+01 -4.8208e+03 -2.9342e+03 -1.0956e+04 2.6462e+03
-6.9531e+06 3.8154e+01 -4.8673e+03 -3.0033e+03 -1.4453e+04 3.2074e+03
-6.0516e+06 3.8546e+01 -4.9213e+03 -3.0738e+03 -1.6033e+04 2.8772e+03
-6.2823e+06 3.8792e+01 -4.9767e+03 -3.1442e+03 -1.6244e+04 2.6406e+03
-1.9432e+06 3.9055e+01 -5.0329e+03 -3.2156e+03 -1.5554e+04 2.3591e+03
-1.7859e+06 3.9104e+01 -5.0897e+03 -3.2884e+03 -1.3577e+04 1.8804e+03
2.5336e+06 3.6313e+01 -5.1451e+03 -3.3615e+03 -8.4973e+03 1.4101e+03
-3.6067e+06 3.1396e+01 -5.1301e+03 -3.4089e+03 -4.0751e+03 3.4644e+02
-1.0140e+07 2.9796e+01 -5.1056e+03 -3.4504e+03 -1.6169e+03 -6.4006e+02
-3.5913e+07 3.2222e+01 -5.0816e+03 -3.4900e+03 -2.4054e+04 1.4130e+04
-2.6393e+07 3.2834e+01 -5.0416e+03 -3.3313e+03 -1.2114e+05 1.6396e+05
-1.2708e+07 2.7622e+01 -4.7896e+03 -2.8905e+02 -2.0926e+05 3.0673e+05
-3.2227e+07 2.5556e+01 -4.5902e+03 2.7802e+03 -2.2551e+05 3.1861e+05
-3.4804e+06 3.3527e+01 -4.4196e+03 5.8979e+03 -2.1954e+05 3.2672e+05
-5.1070e+06 3.9883e+01 -4.2381e+03 9.1110e+03 -1.4486e+05 2.1566e+05
-5.5490e+06 3.7434e+01 -4.2094e+03 9.9426e+03 -3.9278e+04 6.3724e+04
6.2026e+06 3.2980e+01 -4.2291e+03 1.0024e+04 -7.6393e+02 2.6334e+04
4.2839e+06 3.3156e+01 -4.2481e+03 1.0107e+04 2.2755e+02 2.5602e+04
-4.4348e+05 3.7460e+01 -4.2663e+03 1.0190e+04 -1.9929e+02 2.5434e+04
-3.6642e+06 4.0335e+01 -4.2839e+03 1.0273e+04 -3.8378e+02 2.5253e+04
-4.4460e+06 4.0532e+01 -4.3007e+03 1.0356e+04 -1.4522e+02 2.5088e+04
-4.6983e+06 4.0305e+01 -4.3170e+03 1.0440e+04 -6.8617e+01 2.4941e+04
-4.0906e+06 4.0165e+01 -4.3327e+03 1.0524e+04 2.4555e+01 2.4784e+04
-2.1523e+06 4.0075e+01 -4.3478e+03 1.0607e+04 1.0425e+02 2.4639e+04
-4.0206e+06 4.0012e+01 -4.3624e+03 1.0691e+04 5.7813e+01 2.4476e+04
-5.9555e+06 3.6387e+01 -5.0683e+03 -2.3325e+03 -2.7180e+00 -7.5213e+02
-6.0094e+06 3.6413e+01 -5.0361e+03 -2.4069e+03 1.0876e+01 -6.9360e+02
-5.3312e+06 3.6465e+01 -5.0042e+03 -2.4775e+03 1.9800e+01 -6.0118e+02
-6.4885e+06 3.6565e+01 -4.9726e+03 -2.5446e+03 -1.9823e+02 -5.0124e+02
-6.1621e+06 3.6746e+01 -4.9414e+03 -2.6083e+03 -1.3149e+03 -3.3670e+02
-7.1360e+06 3.7033e+01 -4.9106e+03 -2.6689e+03 -4.1515e+03 6.4767e+02
-5.9901e+06 3.7411e+01 -4.8943e+03 -2.7295e+03 -8.4379e+03 2.0139e+03
-7.1057e+06 3.7787e+01 -4.9372e+03 -2.8014e+03 -1.2653e+04 3.0410e+03
-6.0951e+06 3.8085e+01 -4.9829e+03 -2.8729e+03 -1.4831e+04 3.5940e+03
-8.3663e+06 3.8292e+01 -5.0302e+03 -2.9438e+03 -1.5739e+04 3.3025e+03
-5.7473e+06 3.8452e+01 -5.0823e+03 -3.0155e+03 -1.5899e+04 2.6665e+03
-7.2276e+06 3.8501e+01 -5.1378e+03 -3.0892e+03 -1.5030e+04 2.1411e+03
-2.8671e+06 3.8463e+01 -5.1940e+03 -3.1643e+03 -1.1809e+04 1.2101e+03
-6.1892e+06 3.8672e+01 -5.2314e+03 -3.2342e+03 -7.2511e+03 2.5782e+01
-9.1522e+04 3.6703e+01 -5.2068e+03 -3.2821e+03 -2.2266e+03 -6.2519e+02
-3.0604e+06 3.1819e+01 -5.1818e+03 -3.3273e+03 -3.1520e+02 -7.8400e+02
1.9245e+06 2.9392e+01 -5.1572e+03 -3.3705e+03 1.2093e+03 -9.7823e+02
-2.0124e+07 3.1484e+01 -5.1331e+03 -3.4117e+03 -1.0306e+04 4.0681e+03
-2.8426e+07 3.3110e+01 -5.1095e+03 -3.4510e+03 -9.6965e+04 1.4098e+05
-1.4729e+07 2.8504e+01 -4.8546e+03 -7.1327e+02 -1.9786e+05 2.9294e+05
-2.9603e+07 2.5077e+01 -4.6235e+03 2.3751e+03 -2.2761e+05 3.1694e+05
-1.0747e+07 3.2497e+01 -4.4301e+03 5.5032e+03 -2.2413e+05 3.2515e+05
-4.9909e+06 3.9765e+01 -4.2281e+03 8.7238e+03 -1.5906e+05 2.3952e+05
-5.6137e+06 3.7627e+01 -4.1595e+03 1.0053e+04 -5.1919e+04 8.8663e+04
2.9912e+06 3.2825e+01 -4.1803e+03 1.0134e+04 -1.7139e+03 2.6766e+04
7.2532e+06 3.2448e+01 -4.2004e+03 1.0215e+04 6.7708e+02 2.5394e+04
1.0108e+06 3.6527e+01 -4.2196e+03 1.0296e+04 -1.9557e+02 2.5310e+04
-9.5574e+05 3.9774e+01 -4.2382e+03 1.0378e+04 -2.0473e+02 2.5109e+04
-3.7150e+06 4.0240e+01 -4.2561e+03 1.0460e+04 -1.4135e+02 2.4944e+04
-3.3922e+06 3.9995e+01 -4.2733e+03 1.0543e+04 1.5598e+01 2.4797e+04
-5.3756e+06 3.9852e+01 -4.2899e+03 1.0625e+04 -1.0696e+02 2.4641e+04
-7.3902e+06 3.9765e+01 -4.3059e+03 1.0708e+04 -1.2159e+02 2.4500e+04
-5.7699e+06 3.9718e+01 -4.3214e+03 1.0791e+04 -9.5090e+01 2.4332e+04
-5.6784e+06 3.6473e+01 -5.1119e+03 -2.2318e+03 -2.0299e+01 -7.8882e+02
-6.6116e+06 3.6567e+01 -5.0809e+03 -2.3079e+03 -3.1375e+02 -6.9388e+02
-6.4018e+06 3.6725e+01 -5.0500e+03 -2.3803e+03 -1.5047e+03 -4.1923e+02
-6.8997e+06 3.6950e+01 -5.0192e+03 -2.4492e+03 -3.6787e+03 1.0115e+03
-6.3139e+06 3.7238e+01 -4.9888e+03 -2.5147e+03 -6.7523e+03 2.5190e+03
-6.8150e+06 3.7564e+01 -5.0076e+03 -2.5864e+03 -1.0549e+04 3.2632e+03
-6.2025e+06 3.7870e+01 -5.0508e+03 -2.6611e+03 -1.3613e+04 3.6313e+03
-7.5420e+06 3.8079e+01 -5.0964e+03 -2.7350e+03 -1.5167e+04 3.5047e+03
-6.9839e+06 3.8180e+01 -5.1436e+03 -2.8082e+03 -1.5412e+04 3.3861e+03
-7.6844e+06 3.8188e+01 -5.1917e+03 -2.8816e+03 -1.5449e+04 3.0363e+03
-5.6456e+06 3.8121e+01 -5.2403e+03 -2.9562e+03 -1.4023e+04 2.3188e+03
-6.4111e+06 3.7965e+01 -5.2958e+03 -3.0339e+03 -1.0319e+04 1.0565e+03
-3.0786e+06 3.7762e+01 -5.3067e+03 -3.0987e+03 -5.2615e+03 -3.8669e+02
-3.7708e+06 3.8166e+01 -5.2814e+03 -3.1503e+03 -1.7695e+03 -1.0170e+03
1.5954e+06 3.7029e+01 -5.2560e+03 -3.1995e+03 1.3768e+02 -9.5093e+02
-2.4886e+06 3.2491e+01 -5.2311e+03 -3.2464e+03 5.9792e+01 -8.4436e+02
-3.9302e+06 2.9352e+01 -5.2066e+03 -3.2912e+03 1.0954e+03 -1.0186e+03
-2.7802e+07 3.0905e+01 -5.1825e+03 -3.3340e+03 -4.9650e+03 1.6468e+03
-3.0460e+07 3.3218e+01 -5.1589e+03 -3.3749e+03 -7.9031e+04 1.1553e+05
-1.6919e+07 2.9462e+01 -4.9271e+03 -1.1449e+03 -1.8554e+05 2.6911e+05
-2.6629e+07 2.5051e+01 -4.6644e+03 1.9623e+03 -2.2872e+05 3.1569e+05
-1.4453e+07 3.0625e+01 -4.4466e+03 5.1029e+03 -2.2694e+05 3.2502e+05
-3.8239e+06 3.7659e+01 -4.2244e+03 8.3311e+03 -1.7104e+05 2.6366e+05
-6.4800e+06 3.6679e+01 -4.1091e+03 1.0164e+04 -6.3745e+04 1.1298e+05
1.3352e+06 3.2540e+01 -4.1310e+03 1.0243e+04 -2.6343e+03 2.7124e+04
8.0241e+06 3.1809e+01 -4.1521e+03 1.0323e+04 1.0023e+03 2.5193e+04
-1.5230e+06 3.5537e+01 -4.1725e+03 1.0403e+04 -3.8071e+02 2.5193e+04
-2.1871e+06 3.9136e+01 -4.1920e+03 1.0484e+04 -2.6424e+02 2.4968e+04
-5.6553e+06 3.9931e+01 -4.2109e+03 1.0565e+04 -2.9595e+02 2.4802e+04
-3.9521e+06 3.9674e+01 -4.2291e+03 1.0646e+04 -1.5807e+01 2.4653e+04
-4.5689e+06 3.9540e+01 -4.2466e+03 1.0727e+04 -8.6798e+00 2.4490e+04
-3.8045e+05 3.9459e+01 -4.2635e+03 1.0809e+04 1.8495e+02 2.4345e+04
-4.1311e+06 3.9407e+01 -4.2799e+03 1.0891e+04 5.3752e+01 2.4180e+04
-6.2912e+06 3.6756e+01 -5.1522e+03 -2.1334e+03 -1.8349e+03 -3.4203e+02
-6.5749e+06 3.6965e+01 -5.1224e+03 -2.2110e+03 -3.9643e+03 1.1312e+03
-6.2157e+06 3.7220e+01 -5.0962e+03 -2.2855e+03 -6.9935e+03 2.5189e+03
-6.3176e+06 3.7483e+01 -5.1184e+03 -2.3633e+03 -1.0058e+04 4.0609e+03
-6.2541e+06 3.7722e+01 -5.1428e+03 -2.4396e+03 -1.2339e+04 5.5083e+03
-6.7571e+06 3.7920e+01 -5.1688e+03 -2.5144e+03 -1.3994e+04 5.1214e+03
-7.2857e+06 3.8058e+01 -5.2064e+03 -2.5895e+03 -1.4863e+04 3.9259e+03
-7.6702e+06 3.8093e+01 -5.2536e+03 -2.6650e+03 -1.5178e+04 3.1710e+03
-6.6565e+06 3.8012e+01 -5.3014e+03 -2.7415e+03 -1.4523e+04 2.8140e+03
-6.8526e+06 3.7812e+01 -5.3496e+03 -2.8194e+03 -1.2404e+04 1.7742e+03
-5.7632e+06 3.7549e+01 -5.3984e+03 -2.8984e+03 -8.2197e+03 5.5223e+02
-7.1980e+06 3.7333e+01 -5.3794e+03 -2.9585e+03 -3.8080e+03 -5.0374e+02
-4.3432e+06 3.7222e+01 -5.3535e+03 -3.0139e+03 -9.7337e+02 -1.1605e+03
-4.9467e+06 3.7770e+01 -5.3281e+03 -3.0670e+03 -1.8267e+02 -1.1041e+03
-1.1166e+06 3.7270e+01 -5.3029e+03 -3.1177e+03 1.2944e+02 -9.8743e+02
-1.3577e+06 3.3295e+01 -5.2782e+03 -3.1662e+03 1.5677e+02 -8.9455e+02
1.7268e+06 2.9618e+01 -5.2538e+03 -3.2126e+03 1.2423e+03 -1.0109e+03
-1.3667e+07 3.0506e+01 -5.2299e+03 -3.2569e+03 -3.3633e+03 9.7870e+02
-2.7852e+07 3.3196e+01 -5.2063e+03 -3.2992e+03 -6.6155e+04 8.9429e+04
-2.0035e+07 3.0421e+01 -5.0072e+03 -1.5840e+03 -1.7258e+05 2.4414e+05
-2.1892e+07 2.5431e+01 -4.7129e+03 1.5419e+03 -2.2571e+05 3.1722e+05
-2.2061e+07 2.9090e+01 -4.4668e+03 4.7214e+03 -2.2603e+05 3.2768e+05
-4.4831e+06 3.6000e+01 -4.2210e+03 7.9974e+03 -1.8026e+05 2.8699e+05
-9.1477e+06 3.6235e+01 -4.0582e+03 1.0274e+04 -7.4389e+04 1.3525e+05
-2.2456e+06 3.2476e+01 -4.0813e+03 1.0352e+04 -3.6457e+03 2.7439e+04
1.0082e+07 3.1289e+01 -4.1035e+03 1.0431e+04 1.3182e+03 2.4990e+04
1.3385e+06 3.4644e+01 -4.1248e+03 1.0510e+04 -3.0112e+02 2.5060e+04
9.2540e+05 3.8536e+01 -4.1454e+03 1.0589e+04 -4.9885e+01 2.4819e+04
-3.8657e+06 3.9641e+01 -4.1652e+03 1.0669e+04 -2.4240e+02 2.4651e+04
-2.5426e+06 3.9371e+01 -4.1844e+03 1.0749e+04 6.9598e+01 2.4502e+04
-6.0256e+06 3.9234e+01 -4.2028e+03 1.0829e+04 -1.6502e+02 2.4345e+04
-8.5834e+06 3.9152e+01 -4.2206e+03 1.0910e+04 -1.6492e+02 2.4205e+04
-6.5374e+06 3.9102e+01 -4.2378e+03 1.0990e+04 -1.4933e+02 2.4033e+04
-6.2693e+06 3.7238e+01 -5.2033e+03 -2.0384e+03 -7.3454e+03 3.2495e+03
-6.4208e+06 3.7474e+01 -5.2231e+03 -2.1219e+03 -1.0066e+04 4.3328e+03
-6.3000e+06 3.7689e+01 -5.2478e+03 -2.2036e+03 -1.2255e+04 5.4289e+03
-6.8078e+06 3.7848e+01 -5.2737e+03 -2.2834e+03 -1.3500e+04 5.6299e+03
-7.3059e+06 3.7943e+01 -5.3008e+03 -2.3616e+03 -1.3859e+04 5.6581e+03
-7.7493e+06 3.7987e+01 -5.3290e+03 -2.4383e+03 -1.4110e+04 5.2542e+03
-6.9354e+06 3.7970e+01 -5.3596e+03 -2.5149e+03 -1.4451e+04 3.9281e+03
-6.6226e+06 3.7836e+01 -5.4071e+03 -2.5947e+03 -1.3484e+04 2.6157e+03
-6.3886e+06 3.7568e+01 -5.4552e+03 -2.6760e+03 -1.0253e+04 1.3187e+03
-6.7563e+06 3.7234e+01 -5.4738e+03 -2.7510e+03 -5.9608e+03 -3.5312e+02
-6.6964e+06 3.6968e+01 -5.4486e+03 -2.8135e+03 -2.1937e+03 -1.2212e+03
-5.9869e+06 3.6887e+01 -5.4229e+03 -2.8730e+03 -4.3666e+02 -1.3143e+03
-4.0837e+06 3.6956e+01 -5.3975e+03 -2.9300e+03 -3.7298e+01 -1.2310e+03
-3.3093e+06 3.7507e+01 -5.3724e+03 -2.9846e+03 -5.3685e+01 -1.1482e+03
-9.4360e+05 3.7409e+01 -5.3476e+03 -3.0368e+03 4.1660e+01 -1.0387e+03
-1.1036e+06 3.4050e+01 -5.3231e+03 -3.0868e+03 1.9917e+02 -9.4218e+02
-3.6399e+06 2.9991e+01 -5.2989e+03 -3.1347e+03 7.7266e+02 -9.8734e+02
-1.9148e+07 3.0158e+01 -5.2751e+03 -3.1805e+03 -2.4720e+03 3.8006e+02
-3.0675e+07 3.3008e+01 -5.2517e+03 -3.2243e+03 -5.3332e+04 6.5765e+04
-2.3143e+07 3.1191e+01 -5.0888e+03 -1.9685e+03 -1.5884e+05 2.2237e+05
-2.0151e+07 2.5899e+01 -4.7603e+03 1.2157e+03 -2.2212e+05 3.1960e+05
-2.5617e+07 2.8450e+01 -4.4856e+03 4.4260e+03 -2.2567e+05 3.2959e+05
-1.2484e+06 3.6024e+01 -4.2189e+03 7.7129e+03 -1.8996e+05 3.0717e+05
-8.8096e+06 3.7007e+01 -4.0070e+03 1.0384e+04 -8.4842e+04 1.5514e+05
-3.4014e+06 3.2833e+01 -4.0311e+03 1.0461e+04 -4.5865e+03 2.7767e+04
9.4513e+06 3.1008e+01 -4.0544e+03 1.0538e+04 1.4192e+03 2.4793e+04
-2.1532e+06 3.3948e+01 -4.0768e+03 1.0616e+04 -5.4293e+02 2.4922e+04
-1.3631e+06 3.8030e+01 -4.0984e+03 1.0695e+04 -1.5375e+02 2.4677e+04
-6.4157e+06 3.9407e+01 -4.1192e+03 1.0773e+04 -4.3857e+02 2.4506e+04
-3.7688e+06 3.9147e+01 -4.1392e+03 1.0852e+04 -9.3809e+00 2.4353e+04
-4.6144e+06 3.9025e+01 -4.1586e+03 1.0931e+04 -1.8614e+01 2.4187e+04
1.7096e+06 3.8962e+01 -4.1773e+03 1.1011e+04 2.6151e+02 2.4040e+04
-3.7918e+06 3.8911e+01 -4.1953e+03 1.1090e+04 7.2307e+01 2.3874e+04
-6.1348e+06 3.7642e+01 -5.3518e+03 -1.9495e+03 -1.1698e+04 6.6569e+03
-6.5757e+06 3.7791e+01 -5.3717e+03 -2.0347e+03 -1.2950e+04 5.8695e+03
-7.2268e+06 3.7890e+01 -5.3993e+03 -2.1178e+03 -1.3515e+04 5.5048e+03
-7.4650e+06 3.7919e+01 -5.4278e+03 -2.1993e+03 -1.3686e+04 5.3700e+03
-6.7200e+06 3.7877e+01 -5.4566e+03 -2.2805e+03 -1.3608e+04 5.1106e+03
-6.5282e+06 3.7775e+01 -5.4855e+03 -2.3617e+03 -1.2845e+04 4.7019e+03
-6.3125e+06 3.7595e+01 -5.5145e+03 -2.4430e+03 -1.1189e+04 2.7230e+03
-6.4654e+06 3.7319e+01 -5.5565e+03 -2.5267e+03 -7.8655e+03 5.3442e+02
-6.9208e+06 3.6996e+01 -5.5399e+03 -2.5978e+03 -3.8104e+03 -7.1550e+02
-6.4555e+06 3.6739e+01 -5.5144e+03 -2.6642e+03 -1.1473e+03 -1.5038e+03
-5.9789e+06 3.6629e+01 -5.4891e+03 -2.7278e+03 -1.4558e+02 -1.4620e+03
-5.8954e+06 3.6688e+01 -5.4640e+03 -2.7888e+03 -9.0856e+01 -1.3685e+03
-5.7183e+06 3.6840e+01 -5.4391e+03 -2.8472e+03 -1.0576e+02 -1.2754e+03
-4.5846e+06 3.7293e+01 -5.4144e+03 -2.9033e+03 -5.5500e+01 -1.1929e+03
-3.3772e+06 3.7505e+01 -5.3900e+03 -2.9570e+03 -8.3462e+01 -1.0810e+03
-2.3557e+05 3.4776e+01 -5.3658e+03 -3.0084e+03 2.7602e+02 -9.9019e+02
4.4306e+04 3.0427e+01 -5.3419e+03 -3.0577e+03 6.8247e+02 -9.7483e+02
-7.6638e+06 2.9850e+01 -5.3184e+03 -3.1048e+03 -1.2219e+03 -1.8239e+02
-2.8050e+07 3.2732e+01 -5.2951e+03 -3.1500e+03 -4.2012e+04 4.3920e+04
-2.5800e+07 3.1934e+01 -5.1695e+03 -2.3041e+03 -1.4865e+05 2.0121e+05
-1.4398e+07 2.6599e+01 -4.8110e+03 8.9852e+02 -2.2286e+05 3.1957e+05
-2.9559e+07 2.8166e+01 -4.5088e+03 4.1264e+03 -2.2936e+05 3.2908e+05
1.1065e+06 3.6425e+01 -4.2215e+03 7.4235e+03 -2.0284e+05 3.2402e+05
-9.7346e+06 3.8156e+01 -3.9557e+03 1.0491e+04 -9.8255e+04 1.7341e+05
-7.3886e+06 3.3504e+01 -3.9807e+03 1.0570e+04 -7.2916e+03 2.8676e+04
1.1841e+07 3.0963e+01 -4.0049e+03 1.0646e+04 1.5194e+03 2.4629e+04
1.9905e+06 3.3407e+01 -4.0283e+03 1.0723e+04 -3.5521e+02 2.4774e+04
3.2124e+06 3.7613e+01 -4.0509e+03 1.0800e+04 1.2885e+02 2.4521e+04
-3.7135e+06 3.9273e+01 -4.0727e+03 1.0877e+04 -3.4233e+02 2.4349e+04
-1.6496e+06 3.9059e+01 -4.0937e+03 1.0955e+04 8.1293e+01 2.4196e+04
-6.7109e+06 3.8928e+01 -4.1139e+03 1.1033e+04 -2.4426e+02 2.4039e+04
-1.0364e+07 3.8858e+01 -4.1335e+03 1.1111e+04 -2.4321e+02 2.3900e+04
-7.4113e+06 3.8817e+01 -4.1524e+03 1.1190e+04 -2.1637e+02 2.3723e+04
-7.3806e+06 3.7776e+01 -5.5009e+03 -1.8564e+03 -1.2268e+04 6.8888e+03
-7.2733e+06 3.7818e+01 -5.5188e+03 -1.9432e+03 -1.2906e+04 5.7759e+03
-6.6762e+06 3.7804e+01 -5.5482e+03 -2.0294e+03 -1.3228e+04 4.8893e+03
-6.3670e+06 3.7704e+01 -5.5776e+03 -2.1157e+03 -1.2349e+04 4.4862e+03
-6.4330e+06 3.7523e+01 -5.6070e+03 -2.2020e+03 -1.0452e+04 3.1083e+03
-6.4000e+06 3.7292e+01 -5.6366e+03 -2.2882e+03 -7.7012e+03 1.5168e+03
-6.8320e+06 3.7033e+01 -5.6254e+03 -2.3669e+03 -4.6625e+03 -1.1378e+02
-6.4949e+06 3.6781e+01 -5.6012e+03 -2.4404e+03 -1.9660e+03 -1.5073e+03
-6.5966e+06 3.6589e+01 -5.5765e+03 -2.5109e+03 -3.8564e+02 -1.6641e+03
-5.6268e+06 3.6498e+01 -5.5519e+03 -2.5786e+03 -6.0056e+00 -1.5871e+03
-6.7819e+06 3.6502e+01 -5.5273e+03 -2.6436e+03 -8.1727e+01 -1.5013e+03
-5.6887e+06 3.6603e+01 -5.5028e+03 -2.7059e+03 -8.7187e+01 -1.4143e+03
-5.7934e+06 3.6766e+01 -5.4784e+03 -2.7658e+03 -1.0791e+02 -1.3208e+03
-3.2757e+06 3.7113e+01 -5.4542e+03 -2.8231e+03 2.8444e+01 -1.2373e+03
-3.2243e+06 3.7596e+01 -5.4302e+03 -2.8782e+03 -1.3563e+02 -1.1276e+03
1.8619e+04 3.5480e+01 -5.4064e+03 -2.9309e+03 3.1880e+02 -1.0392e+03
-4.0987e+06 3.0912e+01 -5.3829e+03 -2.9815e+03 2.9928e+02 -9.5085e+02
-1.0862e+07 2.9556e+01 -5.3596e+03 -3.0300e+03 -2.8910e+02 -6.9713e+02
-2.9570e+07 3.2329e+01 -5.3366e+03 -3.0765e+03 -3.1109e+04 2.2777e+04
-2.6322e+07 3.2612e+01 -5.2554e+03 -2.6455e+03 -1.3891e+05 1.7986e+05
-1.3157e+07 2.7530e+01 -4.8670e+03 5.7543e+02 -2.2413e+05 3.1849e+05
-3.4196e+07 2.7939e+01 -4.5364e+03 3.8220e+03 -2.3344e+05 3.2812e+05
1.6912e+06 3.6578e+01 -4.2288e+03 7.1294e+03 -2.1812e+05 3.3357e+05
-8.5978e+06 3.9357e+01 -3.9108e+03 1.0534e+04 -1.2026e+05 1.8859e+05
-7.5154e+06 3.4469e+01 -3.9299e+03 1.0678e+04 -1.7052e+04 3.3662e+04
9.1336e+06 3.1079e+01 -3.9552e+03 1.0753e+04 9.3407e+02 2.4601e+04
-2.2228e+06 3.2888e+01 -3.9796e+03 1.0829e+04 -4.8585e+02 2.4632e+04
-1.0154e+06 3.7205e+01 -4.0031e+03 1.0905e+04 -1.6230e+02 2.4377e+04
-6.6677e+06 3.9196e+01 -4.0258e+03 1.0981e+04 -5.5536e+02 2.4204e+04
-3.6169e+06 3.9051e+01 -4.0478e+03 1.1058e+04 -5.8475e+01 2.4043e+04
-3.9041e+06 3.8920e+01 -4.0689e+03 1.1135e+04 -3.8101e+00 2.3874e+04
4.6232e+06 3.8852e+01 -4.0894e+03 1.1212e+04 3.1933e+02 2.3723e+04
-2.8831e+06 3.8791e+01 -4.1092e+03 1.1289e+04 9.0504e+01 2.3557e+04
-6.3442e+06 3.7637e+01 -5.6469e+03 -1.7622e+03 -1.1643e+04 6.2510e+03
-6.0163e+06 3.7570e+01 -5.6611e+03 -1.8536e+03 -1.1219e+04 4.8994e+03
-6.2967e+06 3.7434e+01 -5.6914e+03 -1.9450e+03 -9.8542e+03 2.6060e+03
-6.1994e+06 3.7225e+01 -5.7217e+03 -2.0365e+03 -7.0804e+03 1.0780e+03
-6.8566e+06 3.6982e+01 -5.7045e+03 -2.1211e+03 -4.1371e+03 -2.3635e+02
-6.1856e+06 3.6764e+01 -5.6816e+03 -2.2019e+03 -1.8785e+03 -1.5788e+03
-6.8550e+06 3.6593e+01 -5.6582e+03 -2.2795e+03 -5.2280e+02 -1.8531e+03
-5.4262e+06 3.6482e+01 -5.6345e+03 -2.3541e+03 -2.9069e+01 -1.8015e+03
-6.7303e+06 3.6428e+01 -5.6107e+03 -2.4258e+03 -3.7727e+01 -1.7184e+03
-5.7206e+06 3.6419e+01 -5.5869e+03 -2.4947e+03 3.1919e+00 -1.6314e+03
-7.1022e+06 3.6444e+01 -5.5630e+03 -2.5609e+03 -8.3213e+01 -1.5489e+03
-5.3857e+06 3.6542e+01 -5.5392e+03 -2.6245e+03 -4.9520e+01 -1.4593e+03
-7.2368e+06 3.6711e+01 -5.5155e+03 -2.6856e+03 -1.6386e+02 -1.3645e+03
-3.5766e+06 3.6980e+01 -5.4918e+03 -2.7442e+03 4.7244e+01 -1.2765e+03
-5.4034e+06 3.7666e+01 -5.4683e+03 -2.8005e+03 -2.0701e+02 -1.1710e+03
1.3306e+06 3.6130e+01 -5.4450e+03 -2.8546e+03 3.8999e+02 -1.0822e+03
-1.9782e+06 3.1484e+01 -5.4219e+03 -2.9064e+03 1.4058e+02 -9.5462e+02
2.2190e+04 2.9340e+01 -5.3989e+03 -2.9561e+03 8.7246e+02 -1.0747e+03
-2.7170e+07 3.1786e+01 -5.3762e+03 -3.0038e+03 -1.7682e+04 7.8531e+03
-2.8086e+07 3.2942e+01 -5.3453e+03 -2.9844e+03 -1.2045e+05 1.6176e+05
-9.7055e+06 2.8214e+01 -4.9282e+03 2.4645e+02 -2.1897e+05 3.1462e+05
-3.5765e+07 2.7652e+01 -4.5688e+03 3.5122e+03 -2.3665e+05 3.2703e+05
-7.6864e+04 3.7124e+01 -4.2407e+03 6.8304e+03 -2.2835e+05 3.3485e+05
-5.0247e+06 4.1777e+01 -3.9027e+03 1.0245e+04 -1.4017e+05 2.0422e+05
-7.8100e+06 3.6960e+01 -3.8789e+03 1.0786e+04 -2.9821e+04 4.7454e+04
8.8246e+06 3.2689e+01 -3.9052e+03 1.0860e+04 2.3386e+02 2.4751e+04
6.1982e+06 3.3527e+01 -3.9306e+03 1.0935e+04 1.0998e+02 2.4436e+04
4.1762e+06 3.7247e+01 -3.9551e+03 1.1010e+04 1.2641e+02 2.4217e+04
-9.6960e+05 3.9208e+01 -3.9787e+03 1.1085e+04 -2.7796e+02 2.4038e+04
-1.3405e+06 3.9109e+01 -4.0016e+03 1.1161e+04 -3.4129e+01 2.3875e+04
-5.8690e+06 3.8940e+01 -4.0236e+03 1.1236e+04 -3.1548e+02 2.3725e+04
-1.3550e+07 3.8829e+01 -4.0449e+03 1.1312e+04 -4.4550e+02 2.3584e+04
-7.5253e+06 3.8754e+01 -4.0655e+03 1.1388e+04 -2.9692e+02 2.3405e+04
-6.3459e+06 3.7241e+01 -5.7857e+03 -1.6736e+03 -7.6114e+03 2.4044e+03
-6.2332e+06 3.7090e+01 -5.7945e+03 -1.7695e+03 -5.7596e+03 1.0323e+03
-6.6701e+06 3.6906e+01 -5.7750e+03 -1.8610e+03 -3.6117e+03 -7.1242e+02
-6.3363e+06 3.6721e+01 -5.7540e+03 -1.9491e+03 -1.5508e+03 -1.9685e+03
-6.6410e+06 3.6569e+01 -5.7325e+03 -2.0338e+03 -3.4992e+02 -2.0711e+03
-5.5470e+06 3.6472e+01 -5.7104e+03 -2.1155e+03 -1.7941e+01 -2.0170e+03
-6.3753e+06 3.6417e+01 -5.6881e+03 -2.1941e+03 -1.5669e+01 -1.9358e+03
-5.8445e+06 3.6390e+01 -5.6654e+03 -2.2697e+03 5.5699e+00 -1.8480e+03
-7.0048e+06 3.6378e+01 -5.6426e+03 -2.3425e+03 -6.2316e+01 -1.7662e+03
-5.6433e+06 3.6382e+01 -5.6196e+03 -2.4125e+03 9.2719e+00 -1.6796e+03
-7.4419e+06 3.6407e+01 -5.5966e+03 -2.4798e+03 -7.5906e+01 -1.5943e+03
-5.3531e+06 3.6501e+01 -5.5735e+03 -2.5446e+03 -3.0819e+01 -1.5050e+03
-6.9914e+06 3.6676e+01 -5.5504e+03 -2.6068e+03 -1.5950e+02 -1.4127e+03
-2.9985e+06 3.6903e+01 -5.5274e+03 -2.6666e+03 7.5467e+01 -1.3202e+03
-4.7595e+06 3.7696e+01 -5.5044e+03 -2.7241e+03 -1.8670e+02 -1.2208e+03
8.7945e+05 3.6668e+01 -5.4816e+03 -2.7793e+03 3.5618e+02 -1.1213e+03
-4.4988e+06 3.2133e+01 -5.4589e+03 -2.8323e+03 -4.4159e+01 -9.8641e+02
-3.2157e+06 2.9293e+01 -5.4364e+03 -2.8832e+03 1.3870e+03 -1.2167e+03
-2.6929e+07 3.1255e+01 -5.4140e+03 -2.9320e+03 -7.7179e+03 2.5769e+03
-3.1787e+07 3.3019e+01 -5.3919e+03 -2.9789e+03 -9.9841e+04 1.4449e+05
-1.2882e+07 2.8587e+01 -4.9946e+03 -8.8411e+01 -2.0701e+05 3.0373e+05
-3.1147e+07 2.6866e+01 -4.6066e+03 3.1962e+03 -2.3387e+05 3.3027e+05
-2.9465e+06 3.6452e+01 -4.2573e+03 6.5266e+03 -2.2284e+05 3.4021e+05
-5.5208e+06 4.2888e+01 -3.8995e+03 9.9512e+03 -1.4056e+05 2.2412e+05
-5.0649e+06 3.9028e+01 -3.8277e+03 1.0894e+04 -3.4489e+04 6.4303e+04
5.0134e+06 3.4952e+01 -3.8550e+03 1.0967e+04 -7.4194e+02 2.4886e+04
-9.5265e+03 3.5322e+01 -3.8813e+03 1.1041e+04 -6.2034e+02 2.4219e+04
-2.5937e+06 3.8002e+01 -3.9068e+03 1.1114e+04 -7.3847e+02 2.4076e+04
-4.7161e+06 3.9447e+01 -3.9313e+03 1.1189e+04 -7.4186e+02 2.3891e+04
-3.8701e+06 3.9293e+01 -3.9551e+03 1.1263e+04 -3.1111e+02 2.3724e+04
-1.0680e+06 3.9085e+01 -3.9780e+03 1.1338e+04 1.4079e+01 2.3549e+04
8.6799e+06 3.8935e+01 -4.0002e+03 1.1413e+04 3.3230e+02 2.3389e+04
-2.6420e+05 3.8798e+01 -4.0216e+03 1.1488e+04 1.0949e+02 2.3226e+04
-6.4749e+06 3.6760e+01 -5.8348e+03 -1.5874e+03 -2.0933e+03 -1.6773e+03
-6.2847e+06 3.6634e+01 -5.8167e+03 -1.6827e+03 -8.6446e+02 -2.3107e+03
-6.2877e+06 3.6524e+01 -5.7977e+03 -1.7747e+03 -1.8615e+02 -2.2862e+03
-5.5591e+06 3.6452e+01 -5.7780e+03 -1.8634e+03 4.5540e+00 -2.2317e+03
-6.0801e+06 3.6408e+01 -5.7577e+03 -1.9489e+03 1.1476e+01 -2.1488e+03
-5.9712e+06 3.6383e+01 -5.7369e+03 -2.0313e+03 1.7436e+00 -2.0617e+03
-6.6625e+06 3.6365e+01 -5.7157e+03 -2.1108e+03 -4.1153e+01 -1.9794e+03
-5.9290e+06 3.6353e+01 -5.6941e+03 -2.1873e+03 7.5147e+00 -1.8956e+03
-6.8240e+06 3.6347e+01 -5.6722e+03 -2.2610e+03 -2.8093e+01 -1.8103e+03
-6.0779e+06 3.6356e+01 -5.6502e+03 -2.3320e+03 1.1902e+01 -1.7226e+03
-6.9841e+06 3.6383e+01 -5.6279e+03 -2.4004e+03 -4.2495e+01 -1.6374e+03
-5.7892e+06 3.6470e+01 -5.6056e+03 -2.4662e+03 -2.5218e+01 -1.5483e+03
-7.0848e+06 3.6645e+01 -5.5832e+03 -2.5295e+03 -1.5924e+02 -1.4575e+03
-4.2888e+06 3.6861e+01 -5.5609e+03 -2.5904e+03 2.5915e+01 -1.3646e+03
-5.1267e+06 3.7678e+01 -5.5385e+03 -2.6489e+03 -1.6593e+02 -1.2670e+03
5.8216e+04 3.6960e+01 -5.5162e+03 -2.7052e+03 2.6607e+02 -1.1649e+03
-9.7482e+05 3.2615e+01 -5.4940e+03 -2.7593e+03 4.7750e+01 -1.0365e+03
1.6536e+06 2.9338e+01 -5.4719e+03 -2.8113e+03 1.4906e+03 -1.2643e+03
-2.0493e+07 3.0855e+01 -5.4500e+03 -2.8612e+03 -4.9309e+03 1.6613e+03
-2.8798e+07 3.2929e+01 -5.4282e+03 -2.9092e+03 -8.4609e+04 1.3127e+05
-9.9587e+06 2.8655e+01 -5.0661e+03 -4.2917e+02 -1.8569e+05 2.9742e+05
-2.8866e+07 2.5558e+01 -4.6407e+03 2.9664e+03 -2.1663e+05 3.4264e+05
-5.4003e+06 3.3474e+01 -4.2538e+03 6.4125e+03 -2.0642e+05 3.5300e+05
-2.8402e+06 4.0063e+01 -3.8631e+03 9.9606e+03 -1.3044e+05 2.3918e+05
-4.3534e+06 3.7560e+01 -3.7763e+03 1.1002e+04 -3.2499e+04 7.3045e+04
1.3212e+07 3.4479e+01 -3.8046e+03 1.1074e+04 -1.7134e+02 2.4858e+04
1.2539e+07 3.5310e+01 -3.8319e+03 1.1146e+04 2.0409e+02 2.3999e+04
9.3283e+06 3.7904e+01 -3.8583e+03 1.1219e+04 -1.8540e+02 2.3884e+04
3.8236e+06 3.9060e+01 -3.8837e+03 1.1292e+04 -5.8273e+02 2.3692e+04
2.0731e+06 3.9023e+01 -3.9084e+03 1.1365e+04 -5.5197e+02 2.3541e+04
-4.2970e+06 3.9125e+01 -3.9322e+03 1.1439e+04 -9.3949e+02 2.3397e+04
-1.6219e+07 3.9123e+01 -3.9552e+03 1.1513e+04 -1.0730e+03 2.3271e+04
-7.2911e+06 3.8984e+01 -3.9774e+03 1.1586e+04 -6.5824e+02 2.3086e+04
-5.9031e+06 3.6470e+01 -5.8523e+03 -1.5031e+03 -5.4211e+01 -2.5149e+03
-5.6365e+06 3.6421e+01 -5.8357e+03 -1.5987e+03 3.1323e+01 -2.4579e+03
-5.9691e+06 3.6387e+01 -5.8181e+03 -1.6910e+03 2.2713e+01 -2.3658e+03
-6.1553e+06 3.6373e+01 -5.7998e+03 -1.7802e+03 -8.9588e+00 -2.2795e+03
-6.4639e+06 3.6360e+01 -5.7808e+03 -1.8663e+03 -3.3412e+01 -2.1987e+03
-6.0526e+06 3.6345e+01 -5.7612e+03 -1.9494e+03 7.2192e+00 -2.1158e+03
-6.4412e+06 3.6332e+01 -5.7411e+03 -2.0296e+03 -5.0629e+00 -2.0309e+03
-6.2469e+06 3.6327e+01 -5.7206e+03 -2.1069e+03 1.0359e+01 -1.9446e+03
-6.7844e+06 3.6328e+01 -5.6997e+03 -2.1815e+03 -1.8713e+01 -1.8595e+03
-6.1032e+06 3.6340e+01 -5.6786e+03 -2.2534e+03 1.6695e+01 -1.7724e+03
-7.0130e+06 3.6367e+01 -5.6572e+03 -2.3226e+03 -3.3749e+01 -1.6863e+03
-5.9212e+06 3.6449e+01 -5.6357e+03 -2.3894e+03 -1.8906e+01 -1.5978e+03
-6.6441e+06 3.6620e+01 -5.6141e+03 -2.4536e+03 -1.3092e+02 -1.5071e+03
-4.1452e+06 3.6834e+01 -5.5924e+03 -2.5155e+03 2.8674e+01 -1.4138e+03
-4.4167e+06 3.7643e+01 -5.5707e+03 -2.5751e+03 -1.3861e+02 -1.3169e+03
-7.2341e+05 3.7043e+01 -5.5490e+03 -2.6324e+03 1.8650e+02 -1.2200e+03
-2.8343e+06 3.2823e+01 -5.5273e+03 -2.6875e+03 -3.8374e+00 -1.0832e+03
-2.8685e+06 2.9370e+01 -5.5057e+03 -2.7405e+03 1.3032e+03 -1.3070e+03
-2.0794e+07 3.0632e+01 -5.4842e+03 -2.7914e+03 -4.4589e+03 1.4708e+03
-3.1546e+07 3.2701e+01 -5.4628e+03 -2.8404e+03 -7.6951e+04 1.2743e+05
-1.9247e+07 2.8442e+01 -5.0891e+03 -3.6723e+02 -1.7101e+05 2.9869e+05
-3.1718e+07 2.4629e+01 -4.6363e+03 3.0591e+03 -2.0366e+05 3.5163e+05
-3.8308e+06 3.1169e+01 -4.2266e+03 6.5264e+03 -1.9824e+05 3.6014e+05
8.3441e+05 3.7391e+01 -3.8134e+03 1.0094e+04 -1.2585e+05 2.4297e+05
3.5673e+06 3.5665e+01 -3.7249e+03 1.1109e+04 -3.0412e+04 7.3660e+04
1.4689e+07 3.2773e+01 -3.7541e+03 1.1180e+04 -1.3104e+01 2.4640e+04
7.0681e+06 3.3430e+01 -3.7823e+03 1.1251e+04 -5.5357e+02 2.3810e+04
5.2278e+06 3.5888e+01 -3.8096e+03 1.1323e+04 -8.8084e+02 2.3757e+04
3.0081e+06 3.6432e+01 -3.8360e+03 1.1395e+04 -7.7230e+02 2.3545e+04
4.3821e+06 3.6063e+01 -3.8615e+03 1.1467e+04 -1.8103e+02 2.3371e+04
7.1573e+06 3.6608e+01 -3.8861e+03 1.1540e+04 1.7875e+02 2.3195e+04
1.9883e+07 3.7399e+01 -3.9100e+03 1.1612e+04 4.1000e+02 2.3023e+04
5.2350e+06 3.8224e+01 -3.9330e+03 1.1685e+04 -1.4385e+02 2.2881e+04
-6.1173e+06 3.6384e+01 -5.8676e+03 -1.4217e+03 -1.6960e+01 -2.5695e+03
-6.1865e+06 3.6370e+01 -5.8525e+03 -1.5174e+03 -3.5641e+01 -2.4870e+03
-6.3769e+06 3.6357e+01 -5.8364e+03 -1.6101e+03 -3.6580e+01 -2.4099e+03
-6.0195e+06 3.6346e+01 -5.8195e+03 -1.6996e+03 -6.8900e+00 -2.3251e+03
-6.3862e+06 3.6337e+01 -5.8017e+03 -1.7862e+03 -1.4492e+01 -2.2413e+03
-6.2080e+06 3.6328e+01 -5.7834e+03 -1.8698e+03 -3.6589e+00 -2.1556e+03
-6.6711e+06 3.6321e+01 -5.7644e+03 -1.9506e+03 -1.9618e+01 -2.0712e+03
-6.1383e+06 3.6320e+01 -5.7450e+03 -2.0286e+03 4.9231e+00 -1.9853e+03
-6.8077e+06 3.6323e+01 -5.7252e+03 -2.1039e+03 -2.4199e+01 -1.8997e+03
-6.2175e+06 3.6336e+01 -5.7050e+03 -2.1766e+03 2.4771e+00 -1.8126e+03
-6.9273e+06 3.6364e+01 -5.6845e+03 -2.2466e+03 -3.8938e+01 -1.7266e+03
-5.9893e+06 3.6441e+01 -5.6638e+03 -2.3142e+03 -2.9480e+01 -1.6378e+03
-6.9630e+06 3.6604e+01 -5.6430e+03 -2.3793e+03 -1.5016e+02 -1.5475e+03
-4.5944e+06 3.6813e+01 -5.6220e+03 -2.4421e+03 5.4998e+00 -1.4538e+03
-5.0716e+06 3.7609e+01 -5.6010e+03 -2.5026e+03 -1.6617e+02 -1.3565e+03
-5.5975e+05 3.7055e+01 -5.5799e+03 -2.5608e+03 1.4958e+02 -1.2649e+03
-7.2113e+05 3.2910e+01 -5.5588e+03 -2.6169e+03 -5.3028e+01 -1.1288e+03
2.1438e+06 2.9415e+01 -5.5377e+03 -2.6708e+03 1.2718e+03 -1.3663e+03
-1.7873e+07 3.0579e+01 -5.5167e+03 -2.7227e+03 -4.3667e+03 1.3878e+03
-2.6701e+07 3.2616e+01 -5.4958e+03 -2.7726e+03 -7.6772e+04 1.2697e+05
-6.5903e+06 2.8380e+01 -5.1059e+03 -2.9106e+02 -1.7132e+05 2.9853e+05
-2.5599e+07 2.4536e+01 -4.6306e+03 3.1536e+03 -2.0505e+05 3.5203e+05
-1.4738e+06 3.0930e+01 -4.1987e+03 6.6400e+03 -2.0053e+05 3.6009e+05
1.2522e+06 3.7498e+01 -3.7632e+03 1.0226e+04 -1.2777e+05 2.4102e+05
-1.0947e+06 3.6585e+01 -3.6734e+03 1.1215e+04 -3.1688e+04 7.1791e+04
2.3590e+07 3.3614e+01 -3.7035e+03 1.1285e+04 3.2676e+02 2.4572e+04
2.8537e+07 3.3291e+01 -3.7327e+03 1.1356e+04 2.4443e+03 2.3826e+04
2.7877e+07 3.4583e+01 -3.7608e+03 1.1426e+04 2.6977e+03 2.3652e+04
2.0332e+07 3.3673e+01 -3.7881e+03 1.1497e+04 1.6218e+03 2.3353e+04
1.7516e+07 3.2046e+01 -3.8144e+03 1.1569e+04 8.1195e+02 2.3126e+04
7.0354e+06 3.2147e+01 -3.8399e+03 1.1640e+04 -4.8076e+02 2.3004e+04
-1.1318e+07 3.3250e+01 -3.8645e+03 1.1712e+04 -1.2339e+03 2.2906e+04
-2.0352e+05 3.5478e+01 -3.8884e+03 1.1784e+04 -8.3384e+02 2.2740e+04
