  1    1089
-1.0773e+07 2.3712e+01 -2.9851e+03 5.1045e+02 -4.2127e+03 -9.0059e+03
-1.0098e+07 1.9364e+01 -3.0298e+03 4.8641e+02 -4.9250e+03 -7.5876e+03
-9.6085e+06 1.4091e+01 -3.0773e+03 4.7164e+02 -4.7077e+03 -5.5671e+03
-8.9879e+06 1.2581e+01 -3.1178e+03 4.6996e+02 -4.2948e+03 -3.8098e+03
-8.2909e+06 1.7419e+01 -3.1530e+03 4.7096e+02 -3.8817e+03 -3.2650e+03
-7.5448e+06 2.4013e+01 -3.1847e+03 4.6651e+02 -3.0917e+03 -3.3511e+03
-6.9987e+06 2.8110e+01 -3.2130e+03 4.5666e+02 -1.7117e+03 -3.1754e+03
-6.8783e+06 2.9583e+01 -3.2257e+03 4.4493e+02 -4.5742e+02 -2.7661e+03
-6.6936e+06 2.9626e+01 -3.2341e+03 4.3351e+02 -3.2182e+01 -2.5747e+03
-6.6196e+06 2.9108e+01 -3.2425e+03 4.2216e+02 -4.4487e+01 -2.5364e+03
-6.2092e+06 2.8928e+01 -3.2508e+03 4.1086e+02 -3.9714e+01 -2.5011e+03
-5.6162e+06 3.0657e+01 -3.2590e+03 3.9963e+02 4.4568e+00 -2.4648e+03
-5.0860e+06 3.4196e+01 -3.2671e+03 3.8847e+02 3.5003e+01 -2.4292e+03
-4.8134e+06 3.6929e+01 -3.2752e+03 3.7739e+02 3.0554e+01 -2.3927e+03
-4.7233e+06 3.7323e+01 -3.2831e+03 3.6639e+02 1.5409e+01 -2.3547e+03
-4.7383e+06 3.6609e+01 -3.2909e+03 3.5548e+02 4.0479e+00 -2.3174e+03
-4.8111e+06 3.6283e+01 -3.2987e+03 3.4465e+02 -1.5426e+00 -2.2802e+03
-4.8206e+06 3.6305e+01 -3.3063e+03 3.3393e+02 -4.3268e+00 -2.2420e+03
-4.8496e+06 3.6307e+01 -3.3138e+03 3.2331e+02 -5.2188e+00 -2.2032e+03
-4.8676e+06 3.6307e+01 -3.3213e+03 3.1280e+02 -6.7700e+00 -2.1644e+03
-4.8865e+06 3.6305e+01 -3.3286e+03 3.0241e+02 -6.4797e+00 -2.1250e+03
-4.8222e+06 3.6303e+01 -3.3358e+03 2.9213e+02 -3.7250e+00 -2.0852e+03
-4.8170e+06 3.6305e+01 -3.3429e+03 2.8198e+02 -2.2169e+00 -2.0452e+03
-4.7736e+06 3.6307e+01 -3.3498e+03 2.7196e+02 -2.2105e+00 -2.0044e+03
-4.7618e+06 3.6307e+01 -3.3567e+03 2.6208e+02 -1.7052e+00 -1.9633e+03
-4.7834e+06 3.6308e+01 -3.3634e+03 2.5235e+02 -4.1281e+00 -1.9221e+03
-4.7980e+06 3.6310e+01 -3.3700e+03 2.4276e+02 -7.4133e+00 -1.8804e+03
-4.7668e+06 3.6307e+01 -3.3764e+03 2.3333e+02 -5.0639e+00 -1.8382e+03
-4.7015e+06 3.6299e+01 -3.3828e+03 2.2406e+02 7.8254e-01 -1.7956e+03
-4.5949e+06 3.6299e+01 -3.3890e+03 2.1495e+02 3.3107e+00 -1.7527e+03
-4.6350e+06 3.6303e+01 -3.3950e+03 2.0602e+02 3.0578e+00 -1.7098e+03
-4.6599e+06 3.6302e+01 -3.4010e+03 1.9726e+02 2.1210e+00 -1.6672e+03
-4.6457e+06 3.6300e+01 -3.4067e+03 1.8869e+02 7.6442e+00 -1.6214e+03
-1.0094e+07 1.7668e+01 -2.9936e+03 4.9416e+02 -5.8955e+03 -6.4115e+03
-9.5024e+06 1.3325e+01 -3.0380e+03 4.8156e+02 -5.7512e+03 -4.2708e+03
-8.9997e+06 1.2473e+01 -3.0788e+03 4.7658e+02 -5.2372e+03 -2.9778e+03
-8.4619e+06 1.6329e+01 -3.1145e+03 4.7521e+02 -4.8181e+03 -2.6155e+03
-7.5777e+06 2.2634e+01 -3.1525e+03 4.7365e+02 -4.2637e+03 -3.0715e+03
-7.0107e+06 2.7171e+01 -3.1871e+03 4.6656e+02 -2.8526e+03 -3.2593e+03
-6.8702e+06 2.9085e+01 -3.2080e+03 4.5534e+02 -1.0753e+03 -2.9133e+03
-6.7287e+06 2.9555e+01 -3.2166e+03 4.4390e+02 -1.6163e+02 -2.6606e+03
-6.5897e+06 2.9277e+01 -3.2252e+03 4.3251e+02 -4.3396e+01 -2.6028e+03
-6.3563e+06 2.8856e+01 -3.2337e+03 4.2118e+02 -4.8792e+01 -2.5680e+03
-5.7953e+06 2.9745e+01 -3.2421e+03 4.0990e+02 -1.1327e+01 -2.5330e+03
-5.3067e+06 3.2797e+01 -3.2504e+03 3.9870e+02 2.4371e+01 -2.4979e+03
-4.9804e+06 3.6079e+01 -3.2586e+03 3.8756e+02 2.9206e+01 -2.4628e+03
-4.8591e+06 3.7475e+01 -3.2668e+03 3.7650e+02 1.5764e+01 -2.4265e+03
-4.7860e+06 3.7208e+01 -3.2748e+03 3.6553e+02 6.0319e+00 -2.3893e+03
-4.8093e+06 3.6543e+01 -3.2828e+03 3.5463e+02 -2.1133e-01 -2.3517e+03
-4.7814e+06 3.6290e+01 -3.2906e+03 3.4383e+02 -2.3551e+00 -2.3140e+03
-4.8186e+06 3.6307e+01 -3.2984e+03 3.3313e+02 -3.6000e+00 -2.2760e+03
-4.7946e+06 3.6309e+01 -3.3060e+03 3.2253e+02 -3.9059e+00 -2.2376e+03
-4.7784e+06 3.6310e+01 -3.3136e+03 3.1204e+02 -2.4834e+00 -2.1989e+03
-4.7179e+06 3.6310e+01 -3.3210e+03 3.0167e+02 -1.3006e+00 -2.1596e+03
-4.7309e+06 3.6309e+01 -3.3283e+03 2.9141e+02 -1.5815e+00 -2.1199e+03
-4.7131e+06 3.6311e+01 -3.3355e+03 2.8128e+02 -2.9704e+00 -2.0801e+03
-4.7610e+06 3.6314e+01 -3.3426e+03 2.7128e+02 -4.5356e+00 -2.0397e+03
-4.7604e+06 3.6314e+01 -3.3496e+03 2.6141e+02 -4.4640e+00 -1.9989e+03
-4.7464e+06 3.6314e+01 -3.3565e+03 2.5169e+02 -3.9938e+00 -1.9578e+03
-4.7223e+06 3.6314e+01 -3.3632e+03 2.4212e+02 -4.6515e+00 -1.9163e+03
-4.6709e+06 3.6309e+01 -3.3698e+03 2.3270e+02 -2.8771e+00 -1.8745e+03
-4.6036e+06 3.6302e+01 -3.3763e+03 2.2344e+02 -2.3854e-01 -1.8324e+03
-4.6355e+06 3.6299e+01 -3.3826e+03 2.1435e+02 -1.1309e+00 -1.7894e+03
-4.6157e+06 3.6303e+01 -3.3888e+03 2.0543e+02 3.0095e+00 -1.7445e+03
-4.6000e+06 3.6304e+01 -3.3949e+03 1.9669e+02 4.5113e+00 -1.7034e+03
-4.6421e+06 3.6309e+01 -3.4008e+03 1.8813e+02 -3.2778e+00 -1.6704e+03
-9.3990e+06 1.3363e+01 -3.0090e+03 4.9470e+02 -6.7650e+03 -3.6993e+03
-8.9639e+06 1.3218e+01 -3.0530e+03 4.9238e+02 -6.2796e+03 -2.3241e+03
-8.3701e+06 1.6668e+01 -3.0930e+03 4.8891e+02 -5.7050e+03 -1.9685e+03
-7.6452e+06 2.1711e+01 -3.1289e+03 4.8320e+02 -4.9814e+03 -2.1235e+03
-6.9607e+06 2.6157e+01 -3.1598e+03 4.7542e+02 -3.7502e+03 -2.7286e+03
-6.8178e+06 2.8581e+01 -3.1898e+03 4.6539e+02 -1.8637e+03 -2.9727e+03
-6.8216e+06 2.9373e+01 -3.1987e+03 4.5400e+02 -4.1142e+02 -2.7647e+03
-6.6014e+06 2.9317e+01 -3.2074e+03 4.4258e+02 -5.0618e+01 -2.6975e+03
-6.4771e+06 2.8910e+01 -3.2161e+03 4.3122e+02 -5.0996e+01 -2.6634e+03
-5.9232e+06 2.9259e+01 -3.2247e+03 4.1991e+02 -1.7762e+01 -2.6283e+03
-5.4399e+06 3.1677e+01 -3.2332e+03 4.0866e+02 2.1192e+01 -2.5925e+03
-5.0485e+06 3.5139e+01 -3.2416e+03 3.9748e+02 3.5611e+01 -2.5573e+03
-4.9285e+06 3.7062e+01 -3.2500e+03 3.8637e+02 2.3196e+01 -2.5212e+03
-4.8198e+06 3.7128e+01 -3.2582e+03 3.7533e+02 1.2948e+01 -2.4850e+03
-4.8274e+06 3.6673e+01 -3.2664e+03 3.6437e+02 6.4892e+00 -2.4485e+03
-4.7924e+06 3.6374e+01 -3.2744e+03 3.5350e+02 2.8036e+00 -2.4116e+03
-4.8314e+06 3.6298e+01 -3.2824e+03 3.4272e+02 4.8698e-02 -2.3742e+03
-4.7841e+06 3.6304e+01 -3.2903e+03 3.3204e+02 -5.0611e-02 -2.3363e+03
-4.8064e+06 3.6306e+01 -3.2981e+03 3.2146e+02 -3.5904e-01 -2.2981e+03
-4.7970e+06 3.6308e+01 -3.3057e+03 3.1099e+02 -7.4062e-01 -2.2595e+03
-4.8314e+06 3.6308e+01 -3.3133e+03 3.0063e+02 -1.7859e+00 -2.2204e+03
-4.7888e+06 3.6308e+01 -3.3207e+03 2.9039e+02 -2.3775e+00 -2.1809e+03
-4.8041e+06 3.6309e+01 -3.3281e+03 2.8028e+02 -3.1655e+00 -2.1411e+03
-4.7611e+06 3.6311e+01 -3.3353e+03 2.7029e+02 -2.2740e+00 -2.1008e+03
-4.7623e+06 3.6313e+01 -3.3424e+03 2.6045e+02 -7.8918e-01 -2.0602e+03
-4.7573e+06 3.6312e+01 -3.3494e+03 2.5074e+02 -5.0094e-01 -2.0192e+03
-4.7625e+06 3.6311e+01 -3.3563e+03 2.4118e+02 -2.7439e+00 -1.9778e+03
-4.7319e+06 3.6306e+01 -3.3630e+03 2.3178e+02 -4.1187e+00 -1.9362e+03
-4.6953e+06 3.6302e+01 -3.3696e+03 2.2254e+02 -1.6565e+00 -1.8947e+03
-4.6216e+06 3.6304e+01 -3.3761e+03 2.1346e+02 -2.5002e+00 -1.8512e+03
-4.6450e+06 3.6308e+01 -3.3825e+03 2.0455e+02 9.1118e-01 -1.8095e+03
-4.7007e+06 3.6309e+01 -3.3887e+03 1.9582e+02 1.2606e+00 -1.7585e+03
-4.7094e+06 3.6315e+01 -3.3948e+03 1.8727e+02 -1.2868e+01 -1.7175e+03
-8.8012e+06 1.5672e+01 -3.0309e+03 5.0708e+02 -7.3166e+03 -2.2872e+03
-8.0396e+06 1.9566e+01 -3.0740e+03 5.0246e+02 -6.7114e+03 -2.0735e+03
-7.3961e+06 2.3062e+01 -3.1131e+03 4.9553e+02 -5.5655e+03 -2.1830e+03
-7.1464e+06 2.5942e+01 -3.1480e+03 4.8634e+02 -3.8429e+03 -2.4013e+03
-6.9163e+06 2.8058e+01 -3.1713e+03 4.7524e+02 -2.0360e+03 -2.7224e+03
-6.8539e+06 2.9085e+01 -3.1804e+03 4.6381e+02 -6.5289e+02 -2.8208e+03
-6.6438e+06 2.9152e+01 -3.1893e+03 4.5237e+02 -8.1516e+01 -2.7732e+03
-6.4441e+06 2.8756e+01 -3.1982e+03 4.4098e+02 -4.2591e+01 -2.7410e+03
-6.0420e+06 2.8844e+01 -3.2069e+03 4.2964e+02 -2.7459e+01 -2.7069e+03
-5.5347e+06 3.0714e+01 -3.2156e+03 4.1836e+02 1.5341e+01 -2.6712e+03
-5.1416e+06 3.4039e+01 -3.2242e+03 4.0713e+02 3.5663e+01 -2.6363e+03
-4.9916e+06 3.6514e+01 -3.2328e+03 3.9597e+02 2.7694e+01 -2.6014e+03
-4.9224e+06 3.7023e+01 -3.2412e+03 3.8488e+02 1.2670e+01 -2.5655e+03
-4.9181e+06 3.6636e+01 -3.2496e+03 3.7386e+02 5.0456e+00 -2.5293e+03
-4.8720e+06 3.6366e+01 -3.2578e+03 3.6293e+02 1.8930e+00 -2.4929e+03
-4.8605e+06 3.6306e+01 -3.2660e+03 3.5208e+02 1.0545e+00 -2.4561e+03
-4.7968e+06 3.6304e+01 -3.2741e+03 3.4132e+02 1.0344e+00 -2.4188e+03
-4.7971e+06 3.6303e+01 -3.2821e+03 3.3066e+02 1.0633e+00 -2.3811e+03
-4.7573e+06 3.6304e+01 -3.2900e+03 3.2010e+02 2.0137e+00 -2.3430e+03
-4.7386e+06 3.6306e+01 -3.2978e+03 3.0964e+02 3.9568e+00 -2.3045e+03
-4.6864e+06 3.6306e+01 -3.3054e+03 2.9930e+02 4.9732e+00 -2.2656e+03
-4.6997e+06 3.6305e+01 -3.3130e+03 2.8908e+02 4.3441e+00 -2.2263e+03
-4.6813e+06 3.6305e+01 -3.3205e+03 2.7898e+02 3.3494e+00 -2.1866e+03
-4.7160e+06 3.6306e+01 -3.3278e+03 2.6902e+02 2.3844e+00 -2.1466e+03
-4.7171e+06 3.6308e+01 -3.3351e+03 2.5918e+02 2.0073e+00 -2.1062e+03
-4.7124e+06 3.6308e+01 -3.3422e+03 2.4949e+02 2.2610e+00 -2.0653e+03
-4.6961e+06 3.6307e+01 -3.3492e+03 2.3995e+02 4.2315e-02 -2.0239e+03
-4.6607e+06 3.6306e+01 -3.3561e+03 2.3056e+02 1.2762e+00 -1.9822e+03
-4.6124e+06 3.6304e+01 -3.3629e+03 2.2133e+02 6.8172e+00 -1.9405e+03
-4.6697e+06 3.6310e+01 -3.3695e+03 2.1226e+02 6.5144e-01 -1.8978e+03
-4.6828e+06 3.6315e+01 -3.3760e+03 2.0337e+02 -1.7347e+00 -1.8557e+03
-4.6364e+06 3.6312e+01 -3.3823e+03 1.9465e+02 4.3358e+00 -1.8073e+03
-4.5849e+06 3.6312e+01 -3.3886e+03 1.8611e+02 4.3720e-01 -1.7684e+03
-7.8456e+06 2.1531e+01 -3.0586e+03 5.1493e+02 -7.4522e+03 -2.2070e+03
-7.1131e+06 2.5513e+01 -3.1009e+03 5.0677e+02 -5.9175e+03 -2.4672e+03
-7.0277e+06 2.7189e+01 -3.1391e+03 4.9627e+02 -3.6733e+03 -2.6277e+03
-7.0313e+06 2.8222e+01 -3.1527e+03 4.8483e+02 -1.6360e+03 -2.7816e+03
-6.8678e+06 2.8888e+01 -3.1618e+03 4.7334e+02 -4.9726e+02 -2.8995e+03
-6.6470e+06 2.8959e+01 -3.1709e+03 4.6188e+02 -8.7146e+01 -2.8485e+03
-6.3900e+06 2.8583e+01 -3.1799e+03 4.5047e+02 -4.2282e+01 -2.8163e+03
-6.1536e+06 2.8447e+01 -3.1888e+03 4.3910e+02 -3.5211e+01 -2.7849e+03
-5.6497e+06 2.9763e+01 -3.1977e+03 4.2778e+02 1.7944e+00 -2.7513e+03
-5.2521e+06 3.2794e+01 -3.2064e+03 4.1652e+02 2.9122e+01 -2.7163e+03
-5.0306e+06 3.5584e+01 -3.2152e+03 4.0532e+02 2.8438e+01 -2.6818e+03
-4.9593e+06 3.6615e+01 -3.2238e+03 3.9418e+02 1.2863e+01 -2.6466e+03
-4.9274e+06 3.6554e+01 -3.2323e+03 3.8311e+02 5.1097e+00 -2.6109e+03
-4.8939e+06 3.6373e+01 -3.2408e+03 3.7211e+02 1.2771e+00 -2.5750e+03
-4.8806e+06 3.6312e+01 -3.2492e+03 3.6120e+02 4.6522e-01 -2.5388e+03
-4.8434e+06 3.6306e+01 -3.2575e+03 3.5037e+02 -3.5805e-01 -2.5021e+03
-4.8389e+06 3.6305e+01 -3.2657e+03 3.3963e+02 -4.2848e-01 -2.4650e+03
-4.7874e+06 3.6303e+01 -3.2738e+03 3.2899e+02 -1.0743e-01 -2.4275e+03
-4.7819e+06 3.6303e+01 -3.2818e+03 3.1844e+02 5.0464e-01 -2.3896e+03
-4.7575e+06 3.6302e+01 -3.2897e+03 3.0801e+02 4.7947e-02 -2.3513e+03
-4.7674e+06 3.6301e+01 -3.2975e+03 2.9768e+02 -3.7477e-01 -2.3126e+03
-4.7287e+06 3.6301e+01 -3.3052e+03 2.8748e+02 -2.7579e-01 -2.2735e+03
-4.7353e+06 3.6302e+01 -3.3128e+03 2.7740e+02 5.9820e-01 -2.2340e+03
-4.6971e+06 3.6302e+01 -3.3203e+03 2.6745e+02 1.3705e+00 -2.1941e+03
-4.7068e+06 3.6302e+01 -3.3276e+03 2.5763e+02 7.0165e-01 -2.1538e+03
-4.7101e+06 3.6302e+01 -3.3349e+03 2.4795e+02 -8.7284e-01 -2.1130e+03
-4.7327e+06 3.6304e+01 -3.3420e+03 2.3843e+02 -3.4554e+00 -2.0719e+03
-4.7138e+06 3.6306e+01 -3.3490e+03 2.2905e+02 -1.7963e+00 -2.0304e+03
-4.6877e+06 3.6308e+01 -3.3559e+03 2.1983e+02 5.1692e+00 -1.9890e+03
-4.6513e+06 3.6315e+01 -3.3627e+03 2.1078e+02 9.7988e-01 -1.9462e+03
-4.6824e+06 3.6318e+01 -3.3693e+03 2.0189e+02 -1.7923e+00 -1.9042e+03
-4.6543e+06 3.6311e+01 -3.3758e+03 1.9318e+02 4.9206e+00 -1.8556e+03
-4.5633e+06 3.6306e+01 -3.3822e+03 1.8466e+02 4.3088e+00 -1.8167e+03
-7.1631e+06 2.5920e+01 -3.0922e+03 5.1695e+02 -5.8803e+03 -2.6069e+03
-6.9749e+06 2.8121e+01 -3.1241e+03 5.0554e+02 -3.2238e+03 -2.9078e+03
-7.1064e+06 2.8770e+01 -3.1336e+03 4.9407e+02 -1.1748e+03 -2.9742e+03
-6.8060e+06 2.8964e+01 -3.1428e+03 4.8257e+02 -2.5086e+02 -2.9650e+03
-6.5305e+06 2.8847e+01 -3.1521e+03 4.7111e+02 -6.0049e+01 -2.9262e+03
-6.3495e+06 2.8544e+01 -3.1612e+03 4.5968e+02 -4.1662e+01 -2.8929e+03
-6.0795e+06 2.8550e+01 -3.1703e+03 4.4829e+02 -2.9736e+01 -2.8608e+03
-5.6228e+06 2.9534e+01 -3.1793e+03 4.3694e+02 -2.2369e+00 -2.8285e+03
-5.2844e+06 3.1911e+01 -3.1883e+03 4.2564e+02 2.2976e+01 -2.7950e+03
-5.0608e+06 3.4675e+01 -3.1972e+03 4.1440e+02 2.7636e+01 -2.7609e+03
-4.9887e+06 3.6133e+01 -3.2060e+03 4.0322e+02 1.4824e+01 -2.7264e+03
-4.9633e+06 3.6357e+01 -3.2147e+03 3.9210e+02 4.5563e+00 -2.6913e+03
-4.9390e+06 3.6317e+01 -3.2234e+03 3.8105e+02 8.4763e-01 -2.6561e+03
-4.9254e+06 3.6303e+01 -3.2319e+03 3.7008e+02 -3.0134e-01 -2.6204e+03
-4.8899e+06 3.6305e+01 -3.2404e+03 3.5918e+02 -1.0300e+00 -2.5844e+03
-4.8715e+06 3.6306e+01 -3.2488e+03 3.4837e+02 -7.4504e-01 -2.5478e+03
-4.8191e+06 3.6305e+01 -3.2571e+03 3.3765e+02 -8.9938e-02 -2.5109e+03
-4.8085e+06 3.6304e+01 -3.2653e+03 3.2703e+02 7.7767e-01 -2.4736e+03
-4.7645e+06 3.6303e+01 -3.2735e+03 3.1650e+02 1.0180e+00 -2.4358e+03
-4.7381e+06 3.6300e+01 -3.2815e+03 3.0608e+02 1.3157e+00 -2.3976e+03
-4.6868e+06 3.6299e+01 -3.2894e+03 2.9578e+02 1.6232e+00 -2.3591e+03
-4.6930e+06 3.6300e+01 -3.2972e+03 2.8559e+02 2.4424e+00 -2.3201e+03
-4.6702e+06 3.6303e+01 -3.3049e+03 2.7552e+02 3.4749e+00 -2.2807e+03
-4.6876e+06 3.6302e+01 -3.3125e+03 2.6559e+02 3.3223e+00 -2.2410e+03
-4.6808e+06 3.6299e+01 -3.3200e+03 2.5579e+02 1.3763e+00 -2.2009e+03
-4.6870e+06 3.6298e+01 -3.3274e+03 2.4612e+02 -1.0067e-01 -2.1603e+03
-4.6855e+06 3.6301e+01 -3.3347e+03 2.3661e+02 -1.0702e+00 -2.1193e+03
-4.6878e+06 3.6306e+01 -3.3418e+03 2.2724e+02 5.1257e-02 -2.0780e+03
-4.6770e+06 3.6311e+01 -3.3489e+03 2.1804e+02 8.6036e-01 -2.0367e+03
-4.7207e+06 3.6317e+01 -3.3558e+03 2.0900e+02 -5.4763e+00 -1.9943e+03
-4.6885e+06 3.6318e+01 -3.3625e+03 2.0012e+02 -1.8038e+00 -1.9524e+03
-4.6080e+06 3.6309e+01 -3.3692e+03 1.9143e+02 6.8273e+00 -1.9037e+03
-4.5146e+06 3.6303e+01 -3.3757e+03 1.8291e+02 1.2630e+00 -1.8648e+03
-7.0986e+06 2.8089e+01 -3.1047e+03 5.1455e+02 -2.8341e+03 -2.9546e+03
-7.0685e+06 2.8880e+01 -3.1142e+03 5.0302e+02 -8.0460e+02 -3.1222e+03
-6.5970e+06 2.8922e+01 -3.1236e+03 4.9152e+02 -1.1768e+02 -3.0320e+03
-6.3748e+06 2.8672e+01 -3.1329e+03 4.8005e+02 -4.0877e+01 -3.0006e+03
-6.2602e+06 2.8460e+01 -3.1422e+03 4.6860e+02 -3.6311e+01 -2.9694e+03
-5.8575e+06 2.8858e+01 -3.1515e+03 4.5719e+02 -1.5679e+01 -2.9382e+03
-5.4675e+06 3.0275e+01 -3.1607e+03 4.4583e+02 1.2016e+01 -2.9059e+03
-5.2142e+06 3.2392e+01 -3.1698e+03 4.3450e+02 2.7562e+01 -2.8727e+03
-5.0551e+06 3.4505e+01 -3.1788e+03 4.2323e+02 2.6619e+01 -2.8389e+03
-4.9871e+06 3.5884e+01 -3.1878e+03 4.1201e+02 1.4792e+01 -2.8052e+03
-4.9705e+06 3.6289e+01 -3.1967e+03 4.0084e+02 5.4720e+00 -2.7709e+03
-4.9330e+06 3.6293e+01 -3.2055e+03 3.8975e+02 2.6612e+00 -2.7361e+03
-4.9188e+06 3.6301e+01 -3.2143e+03 3.7872e+02 2.3802e+00 -2.7011e+03
-4.8802e+06 3.6304e+01 -3.2229e+03 3.6776e+02 2.1482e+00 -2.6656e+03
-4.8776e+06 3.6305e+01 -3.2315e+03 3.5689e+02 1.2668e+00 -2.6297e+03
-4.8447e+06 3.6305e+01 -3.2400e+03 3.4609e+02 3.4202e-01 -2.5934e+03
-4.8484e+06 3.6306e+01 -3.2484e+03 3.3539e+02 7.1816e-02 -2.5566e+03
-4.8045e+06 3.6305e+01 -3.2568e+03 3.2478e+02 5.2609e-01 -2.5195e+03
-4.8008e+06 3.6304e+01 -3.2650e+03 3.1428e+02 3.6194e-01 -2.4819e+03
-4.7742e+06 3.6302e+01 -3.2731e+03 3.0387e+02 -7.8412e-01 -2.4439e+03
-4.7840e+06 3.6302e+01 -3.2812e+03 2.9358e+02 -1.2999e+00 -2.4055e+03
-4.7516e+06 3.6305e+01 -3.2891e+03 2.8341e+02 -3.5372e-01 -2.3667e+03
-4.7552e+06 3.6308e+01 -3.2970e+03 2.7336e+02 1.1703e+00 -2.3275e+03
-4.7126e+06 3.6307e+01 -3.3047e+03 2.6344e+02 2.2142e+00 -2.2878e+03
-4.7089e+06 3.6303e+01 -3.3123e+03 2.5365e+02 1.4964e+00 -2.2478e+03
-4.6998e+06 3.6300e+01 -3.3198e+03 2.4400e+02 6.4312e-02 -2.2075e+03
-4.7191e+06 3.6301e+01 -3.3272e+03 2.3450e+02 -8.5257e-01 -2.1666e+03
-4.7223e+06 3.6305e+01 -3.3345e+03 2.2515e+02 -1.1156e+00 -2.1255e+03
-4.7378e+06 3.6310e+01 -3.3417e+03 2.1596e+02 -2.3316e+00 -2.0844e+03
-4.7046e+06 3.6315e+01 -3.3487e+03 2.0693e+02 -6.1850e+00 -2.0421e+03
-4.6807e+06 3.6314e+01 -3.3556e+03 1.9806e+02 7.3892e-01 -2.0004e+03
-4.6357e+06 3.6306e+01 -3.3624e+03 1.8938e+02 5.7957e+00 -1.9519e+03
-4.5594e+06 3.6301e+01 -3.3691e+03 1.8087e+02 -3.0396e+00 -1.9128e+03
-6.8106e+06 2.8711e+01 -3.0945e+03 5.1169e+02 -6.7008e+02 -3.0841e+03
-6.4777e+06 2.8678e+01 -3.1040e+03 5.0018e+02 -9.1456e+01 -3.1095e+03
-6.3416e+06 2.8362e+01 -3.1135e+03 4.8870e+02 -4.3088e+01 -3.0752e+03
-6.1551e+06 2.8322e+01 -3.1229e+03 4.7725e+02 -3.1736e+01 -3.0449e+03
-5.6307e+06 2.9126e+01 -3.1323e+03 4.6583e+02 3.6584e-01 -3.0144e+03
-5.3965e+06 3.0944e+01 -3.1416e+03 4.5444e+02 2.0621e+01 -2.9826e+03
-5.1293e+06 3.3280e+01 -3.1509e+03 4.4309e+02 3.0631e+01 -2.9497e+03
-4.9326e+06 3.5157e+01 -3.1601e+03 4.3179e+02 3.5549e+01 -2.9163e+03
-4.8650e+06 3.6070e+01 -3.1692e+03 4.2053e+02 2.4637e+01 -2.8829e+03
-4.9400e+06 3.6318e+01 -3.1783e+03 4.0933e+02 6.0573e+00 -2.8494e+03
-4.9258e+06 3.6318e+01 -3.1873e+03 3.9819e+02 1.4126e+00 -2.8153e+03
-4.9356e+06 3.6298e+01 -3.1962e+03 3.8711e+02 2.5769e+00 -2.7808e+03
-4.8975e+06 3.6302e+01 -3.2051e+03 3.7610e+02 2.6785e+00 -2.7458e+03
-4.9115e+06 3.6304e+01 -3.2139e+03 3.6517e+02 1.6581e+00 -2.7105e+03
-4.8706e+06 3.6305e+01 -3.2225e+03 3.5431e+02 9.3563e-01 -2.6749e+03
-4.8708e+06 3.6305e+01 -3.2312e+03 3.4353e+02 7.9902e-01 -2.6387e+03
-4.8223e+06 3.6306e+01 -3.2397e+03 3.3285e+02 4.2805e-01 -2.6021e+03
-4.8300e+06 3.6306e+01 -3.2481e+03 3.2226e+02 1.2736e-01 -2.5651e+03
-4.7901e+06 3.6306e+01 -3.2565e+03 3.1177e+02 2.1719e-01 -2.5277e+03
-4.7853e+06 3.6306e+01 -3.2647e+03 3.0138e+02 6.3415e-01 -2.4898e+03
-4.7454e+06 3.6307e+01 -3.2729e+03 2.9111e+02 1.0204e+00 -2.4516e+03
-4.7613e+06 3.6310e+01 -3.2809e+03 2.8095e+02 1.1828e+00 -2.4131e+03
-4.7374e+06 3.6312e+01 -3.2889e+03 2.7091e+02 1.2379e+00 -2.3740e+03
-4.7523e+06 3.6312e+01 -3.2967e+03 2.6101e+02 1.2336e+00 -2.3346e+03
-4.7276e+06 3.6309e+01 -3.3045e+03 2.5123e+02 9.9816e-01 -2.2947e+03
-4.7237e+06 3.6306e+01 -3.3121e+03 2.4160e+02 9.3521e-01 -2.2544e+03
-4.7052e+06 3.6305e+01 -3.3196e+03 2.3211e+02 8.3516e-01 -2.2136e+03
-4.7107e+06 3.6307e+01 -3.3270e+03 2.2277e+02 9.1886e-01 -2.1727e+03
-4.6995e+06 3.6309e+01 -3.3343e+03 2.1359e+02 -7.7075e-01 -2.1318e+03
-4.7246e+06 3.6312e+01 -3.3415e+03 2.0457e+02 -5.5360e+00 -2.0896e+03
-4.6667e+06 3.6310e+01 -3.3486e+03 1.9571e+02 2.2717e+00 -2.0481e+03
-4.6120e+06 3.6303e+01 -3.3555e+03 1.8704e+02 7.8928e+00 -2.0001e+03
-4.5511e+06 3.6300e+01 -3.3623e+03 1.7854e+02 -3.5473e+00 -1.9609e+03
-6.4398e+06 2.8396e+01 -3.0842e+03 5.0856e+02 -7.3492e+01 -3.1819e+03
-6.2027e+06 2.8167e+01 -3.0938e+03 4.9708e+02 -4.3754e+01 -3.1549e+03
-5.8815e+06 2.8365e+01 -3.1034e+03 4.8562e+02 -1.8979e+01 -3.1189e+03
-5.3950e+06 2.9578e+01 -3.1129e+03 4.7418e+02 1.6769e+01 -3.0890e+03
-5.3245e+06 3.1747e+01 -3.1223e+03 4.6278e+02 2.6911e+01 -3.0573e+03
-5.0505e+06 3.3953e+01 -3.1317e+03 4.5141e+02 2.7981e+01 -3.0251e+03
-4.9716e+06 3.5484e+01 -3.1411e+03 4.4009e+02 2.1222e+01 -2.9926e+03
-4.8820e+06 3.6204e+01 -3.1504e+03 4.2880e+02 1.9446e+01 -2.9600e+03
-4.9010e+06 3.6352e+01 -3.1596e+03 4.1757e+02 1.1684e+01 -2.9268e+03
-4.9013e+06 3.6324e+01 -3.1687e+03 4.0639e+02 1.2980e+00 -2.8933e+03
-4.9420e+06 3.6305e+01 -3.1778e+03 3.9526e+02 -2.8976e-01 -2.8594e+03
-4.8890e+06 3.6301e+01 -3.1868e+03 3.8420e+02 3.3032e+00 -2.8252e+03
-4.9129e+06 3.6304e+01 -3.1958e+03 3.7321e+02 2.5954e+00 -2.7904e+03
-4.8878e+06 3.6307e+01 -3.2047e+03 3.6229e+02 -6.7655e-01 -2.7552e+03
-4.9007e+06 3.6308e+01 -3.2135e+03 3.5145e+02 -1.5963e+00 -2.7197e+03
-4.8452e+06 3.6306e+01 -3.2222e+03 3.4070e+02 1.2130e+00 -2.6837e+03
-4.8518e+06 3.6306e+01 -3.2308e+03 3.3003e+02 8.9029e-01 -2.6472e+03
-4.8145e+06 3.6306e+01 -3.2393e+03 3.1945e+02 -5.6084e-02 -2.6105e+03
-4.8241e+06 3.6307e+01 -3.2478e+03 3.0898e+02 -2.2253e-01 -2.5732e+03
-4.8013e+06 3.6307e+01 -3.2561e+03 2.9861e+02 -3.3048e-01 -2.5356e+03
-4.8194e+06 3.6308e+01 -3.2644e+03 2.8835e+02 -7.9498e-01 -2.4976e+03
-4.7943e+06 3.6310e+01 -3.2726e+03 2.7821e+02 -1.0738e+00 -2.4592e+03
-4.8067e+06 3.6312e+01 -3.2807e+03 2.6818e+02 -1.3372e+00 -2.4203e+03
-4.7756e+06 3.6313e+01 -3.2886e+03 2.5829e+02 -8.9692e-01 -2.3810e+03
-4.7761e+06 3.6312e+01 -3.2965e+03 2.4853e+02 -4.8450e-01 -2.3413e+03
-4.7573e+06 3.6311e+01 -3.3042e+03 2.3891e+02 -2.2225e-01 -2.3012e+03
-4.7631e+06 3.6311e+01 -3.3119e+03 2.2943e+02 -9.9588e-02 -2.2606e+03
-4.7478e+06 3.6311e+01 -3.3194e+03 2.2010e+02 -1.9847e-01 -2.2199e+03
-4.7481e+06 3.6311e+01 -3.3269e+03 2.1093e+02 -1.7237e+00 -2.1791e+03
-4.7044e+06 3.6312e+01 -3.3342e+03 2.0192e+02 -5.1692e+00 -2.1369e+03
-4.6632e+06 3.6307e+01 -3.3413e+03 1.9308e+02 3.0961e+00 -2.0955e+03
-4.6179e+06 3.6299e+01 -3.3484e+03 1.8441e+02 8.4727e+00 -2.0480e+03
-4.5934e+06 3.6298e+01 -3.3554e+03 1.7592e+02 -4.4732e+00 -2.0093e+03
-5.9248e+06 2.8659e+01 -3.0738e+03 5.0517e+02 -2.3034e+01 -3.2090e+03
-5.5087e+06 2.9276e+01 -3.0835e+03 4.9370e+02 1.9931e-01 -3.1922e+03
-5.3511e+06 3.0633e+01 -3.0931e+03 4.8227e+02 1.7781e+01 -3.1629e+03
-5.2560e+06 3.2761e+01 -3.1027e+03 4.7085e+02 2.6856e+01 -3.1311e+03
-4.9944e+06 3.4805e+01 -3.1122e+03 4.5947e+02 2.5096e+01 -3.0992e+03
-5.0307e+06 3.5891e+01 -3.1217e+03 4.4812e+02 1.2488e+01 -3.0676e+03
-5.0099e+06 3.6216e+01 -3.1312e+03 4.3681e+02 1.9716e+00 -3.0357e+03
-4.9325e+06 3.6288e+01 -3.1405e+03 4.2555e+02 2.5005e+00 -3.0032e+03
-4.8869e+06 3.6297e+01 -3.1498e+03 4.1433e+02 1.9791e+00 -2.9705e+03
-4.9189e+06 3.6300e+01 -3.1591e+03 4.0317e+02 -4.6869e-01 -2.9371e+03
-4.8898e+06 3.6302e+01 -3.1683e+03 3.9207e+02 4.3452e-01 -2.9033e+03
-4.9156e+06 3.6303e+01 -3.1774e+03 3.8102e+02 1.8800e+00 -2.8692e+03
-4.8991e+06 3.6305e+01 -3.1864e+03 3.7005e+02 1.0287e-01 -2.8347e+03
-4.9439e+06 3.6309e+01 -3.1954e+03 3.5915e+02 -5.9791e+00 -2.7997e+03
-4.9056e+06 3.6310e+01 -3.2043e+03 3.4832e+02 -6.2163e+00 -2.7643e+03
-4.8788e+06 3.6307e+01 -3.2131e+03 3.3758e+02 2.2400e-01 -2.7285e+03
-4.8224e+06 3.6306e+01 -3.2218e+03 3.2693e+02 1.5760e+00 -2.6922e+03
-4.8346e+06 3.6306e+01 -3.2304e+03 3.1637e+02 -4.1090e-02 -2.6556e+03
-4.8044e+06 3.6307e+01 -3.2390e+03 3.0591e+02 -1.4799e-01 -2.6186e+03
-4.8076e+06 3.6307e+01 -3.2475e+03 2.9556e+02 2.2675e-01 -2.5811e+03
-4.7779e+06 3.6308e+01 -3.2558e+03 2.8531e+02 2.3192e-01 -2.5432e+03
-4.7937e+06 3.6309e+01 -3.2641e+03 2.7518e+02 -9.5096e-02 -2.5049e+03
-4.7762e+06 3.6310e+01 -3.2723e+03 2.6517e+02 -5.8804e-01 -2.4662e+03
-4.7943e+06 3.6311e+01 -3.2804e+03 2.5529e+02 -1.0182e+00 -2.4271e+03
-4.7792e+06 3.6311e+01 -3.2884e+03 2.4555e+02 -1.2103e+00 -2.3876e+03
-4.7791e+06 3.6312e+01 -3.2963e+03 2.3594e+02 -7.7718e-01 -2.3477e+03
-4.7587e+06 3.6313e+01 -3.3040e+03 2.2647e+02 -4.3076e-02 -2.3074e+03
-4.7530e+06 3.6313e+01 -3.3117e+03 2.1715e+02 6.7896e-01 -2.2667e+03
-4.7310e+06 3.6313e+01 -3.3193e+03 2.0799e+02 -6.8845e-01 -2.2261e+03
-4.7339e+06 3.6314e+01 -3.3267e+03 1.9899e+02 -4.6844e+00 -2.1840e+03
-4.6609e+06 3.6307e+01 -3.3340e+03 1.9016e+02 4.1421e+00 -2.1427e+03
-4.5946e+06 3.6295e+01 -3.3412e+03 1.8150e+02 1.1590e+01 -2.0953e+03
-4.5611e+06 3.6293e+01 -3.3483e+03 1.7302e+02 -5.9038e-01 -2.0570e+03
-5.2702e+06 3.1218e+01 -3.0633e+03 5.0152e+02 1.7423e+01 -3.2676e+03
-5.2817e+06 3.2831e+01 -3.0731e+03 4.9007e+02 1.6502e+01 -3.2395e+03
-5.0384e+06 3.4349e+01 -3.0828e+03 4.7865e+02 2.4895e+01 -3.2033e+03
-4.8925e+06 3.5728e+01 -3.0925e+03 4.6726e+02 2.4230e+01 -3.1727e+03
-5.0107e+06 3.6441e+01 -3.1021e+03 4.5589e+02 1.0719e+01 -3.1418e+03
-4.9492e+06 3.6448e+01 -3.1116e+03 4.4457e+02 3.5224e+00 -3.1105e+03
-4.9043e+06 3.6319e+01 -3.1212e+03 4.3328e+02 3.7078e+00 -3.0786e+03
-4.9509e+06 3.6299e+01 -3.1306e+03 4.2203e+02 -1.8055e-02 -3.0463e+03
-4.9483e+06 3.6301e+01 -3.1400e+03 4.1083e+02 -8.6825e-01 -3.0137e+03
-4.9008e+06 3.6302e+01 -3.1493e+03 3.9969e+02 -1.2940e-01 -2.9806e+03
-4.9108e+06 3.6303e+01 -3.1586e+03 3.8860e+02 9.4240e-01 -2.9470e+03
-4.8767e+06 3.6304e+01 -3.1678e+03 3.7757e+02 1.3955e+00 -2.9130e+03
-4.9079e+06 3.6305e+01 -3.1769e+03 3.6662e+02 3.7922e-01 -2.8786e+03
-4.8916e+06 3.6308e+01 -3.1860e+03 3.5573e+02 -3.6866e+00 -2.8439e+03
-4.9034e+06 3.6308e+01 -3.1950e+03 3.4492e+02 -3.0978e+00 -2.8087e+03
-4.8424e+06 3.6306e+01 -3.2039e+03 3.3420e+02 1.4005e+00 -2.7731e+03
-4.8464e+06 3.6306e+01 -3.2127e+03 3.2356e+02 1.6452e+00 -2.7371e+03
-4.8138e+06 3.6306e+01 -3.2215e+03 3.1302e+02 -4.6127e-02 -2.7005e+03
-4.8289e+06 3.6306e+01 -3.2301e+03 3.0257e+02 -2.6293e-01 -2.6637e+03
-4.8061e+06 3.6307e+01 -3.2387e+03 2.9223e+02 -5.1187e-01 -2.6264e+03
-4.8254e+06 3.6307e+01 -3.2472e+03 2.8200e+02 -7.9529e-01 -2.5887e+03
-4.7993e+06 3.6308e+01 -3.2556e+03 2.7188e+02 -8.8835e-01 -2.5505e+03
-4.8143e+06 3.6308e+01 -3.2639e+03 2.6189e+02 -9.2676e-01 -2.5120e+03
-4.7878e+06 3.6309e+01 -3.2721e+03 2.5202e+02 -9.0885e-01 -2.4731e+03
-4.7990e+06 3.6309e+01 -3.2802e+03 2.4228e+02 -1.1249e+00 -2.4337e+03
-4.7835e+06 3.6310e+01 -3.2882e+03 2.3269e+02 -1.4839e+00 -2.3940e+03
-4.7944e+06 3.6312e+01 -3.2961e+03 2.2323e+02 -1.4684e+00 -2.3538e+03
-4.7728e+06 3.6313e+01 -3.3039e+03 2.1393e+02 -9.8392e-01 -2.3133e+03
-4.7724e+06 3.6314e+01 -3.3115e+03 2.0477e+02 -1.6124e+00 -2.2729e+03
-4.7288e+06 3.6315e+01 -3.3191e+03 1.9579e+02 -4.3187e+00 -2.2311e+03
-4.6863e+06 3.6310e+01 -3.3265e+03 1.8696e+02 4.4947e+00 -2.1900e+03
-4.6261e+06 3.6298e+01 -3.3339e+03 1.7831e+02 1.1258e+01 -2.1424e+03
-4.6048e+06 3.6294e+01 -3.3411e+03 1.6984e+02 -3.4332e-02 -2.1040e+03
-5.1174e+06 3.5010e+01 -3.0528e+03 4.9761e+02 2.1919e+01 -3.2951e+03
-4.8496e+06 3.6200e+01 -3.0626e+03 4.8618e+02 1.7500e+01 -3.2748e+03
-4.9900e+06 3.6717e+01 -3.0724e+03 4.7478e+02 8.5637e+00 -3.2458e+03
-5.0600e+06 3.6957e+01 -3.0822e+03 4.6341e+02 4.5474e+00 -3.2151e+03
-4.9093e+06 3.6830e+01 -3.0918e+03 4.5206e+02 2.9554e+00 -3.1843e+03
-4.9627e+06 3.6500e+01 -3.1015e+03 4.4075e+02 1.3961e+00 -3.1531e+03
-5.0044e+06 3.6321e+01 -3.1111e+03 4.2948e+02 -1.2756e+00 -3.1214e+03
-4.9055e+06 3.6302e+01 -3.1206e+03 4.1825e+02 2.2489e+00 -3.0892e+03
-4.8804e+06 3.6303e+01 -3.1301e+03 4.0707e+02 2.5864e+00 -3.0567e+03
-4.8954e+06 3.6304e+01 -3.1395e+03 3.9594e+02 1.9534e+00 -3.0237e+03
-4.8652e+06 3.6304e+01 -3.1488e+03 3.8487e+02 1.5017e+00 -2.9904e+03
-4.8910e+06 3.6304e+01 -3.1581e+03 3.7386e+02 1.4362e+00 -2.9566e+03
-4.8724e+06 3.6306e+01 -3.1673e+03 3.6292e+02 -9.0731e-02 -2.9224e+03
-4.8953e+06 3.6306e+01 -3.1765e+03 3.5205e+02 -7.6965e-01 -2.8878e+03
-4.8558e+06 3.6306e+01 -3.1856e+03 3.4125e+02 6.7819e-01 -2.8527e+03
-4.8536e+06 3.6306e+01 -3.1946e+03 3.3054e+02 2.1551e+00 -2.8173e+03
-4.8179e+06 3.6306e+01 -3.2035e+03 3.1992e+02 1.0980e+00 -2.7815e+03
-4.8310e+06 3.6306e+01 -3.2124e+03 3.0939e+02 1.1927e-01 -2.7452e+03
-4.8061e+06 3.6307e+01 -3.2211e+03 2.9896e+02 -3.7054e-02 -2.7085e+03
-4.8112e+06 3.6307e+01 -3.2298e+03 2.8863e+02 3.2289e-01 -2.6713e+03
-4.7861e+06 3.6307e+01 -3.2384e+03 2.7842e+02 4.0735e-01 -2.6338e+03
-4.7979e+06 3.6307e+01 -3.2469e+03 2.6831e+02 3.9900e-01 -2.5959e+03
-4.7808e+06 3.6308e+01 -3.2553e+03 2.5833e+02 2.1107e-01 -2.5575e+03
-4.7946e+06 3.6308e+01 -3.2636e+03 2.4847e+02 -6.7091e-03 -2.5187e+03
-4.7826e+06 3.6308e+01 -3.2718e+03 2.3875e+02 -4.0437e-01 -2.4795e+03
-4.7869e+06 3.6309e+01 -3.2800e+03 2.2916e+02 -6.8955e-01 -2.4399e+03
-4.7733e+06 3.6310e+01 -3.2880e+03 2.1972e+02 -8.5818e-01 -2.3999e+03
-4.7706e+06 3.6311e+01 -3.2959e+03 2.1042e+02 -4.3865e-01 -2.3596e+03
-4.7533e+06 3.6312e+01 -3.3037e+03 2.0128e+02 -1.3515e+00 -2.3193e+03
-4.7589e+06 3.6315e+01 -3.3114e+03 1.9230e+02 -4.8895e+00 -2.2777e+03
-4.7062e+06 3.6312e+01 -3.3189e+03 1.8349e+02 3.5297e+00 -2.2368e+03
-4.6678e+06 3.6305e+01 -3.3264e+03 1.7484e+02 1.0076e+01 -2.1894e+03
-4.6491e+06 3.6305e+01 -3.3337e+03 1.6638e+02 -1.6114e+00 -2.1510e+03
-4.8891e+06 3.7246e+01 -3.0422e+03 4.9345e+02 1.1092e+01 -3.3509e+03
-5.0428e+06 3.7377e+01 -3.0521e+03 4.8204e+02 -3.3515e+00 -3.3225e+03
-4.9499e+06 3.7238e+01 -3.0620e+03 4.7066e+02 1.2773e+00 -3.2868e+03
-4.7472e+06 3.7061e+01 -3.0718e+03 4.5930e+02 1.1934e+01 -3.2571e+03
-4.9827e+06 3.6749e+01 -3.0815e+03 4.4797e+02 2.4242e+00 -3.2264e+03
-4.8839e+06 3.6433e+01 -3.0912e+03 4.3667e+02 1.7149e+00 -3.1953e+03
-4.8561e+06 3.6311e+01 -3.1009e+03 4.2542e+02 1.5318e+00 -3.1637e+03
-4.9189e+06 3.6305e+01 -3.1105e+03 4.1421e+02 -1.7737e+00 -3.1319e+03
-4.9436e+06 3.6305e+01 -3.1201e+03 4.0304e+02 -3.3815e+00 -3.0994e+03
-4.8758e+06 3.6305e+01 -3.1296e+03 3.9193e+02 -8.6871e-01 -3.0666e+03
-4.9030e+06 3.6305e+01 -3.1390e+03 3.8087e+02 3.1181e-01 -3.0335e+03
-4.8483e+06 3.6305e+01 -3.1484e+03 3.6988e+02 1.0787e+00 -2.9999e+03
-4.8875e+06 3.6306e+01 -3.1577e+03 3.5895e+02 -6.5673e-01 -2.9659e+03
-4.8459e+06 3.6307e+01 -3.1669e+03 3.4810e+02 -8.6741e-01 -2.9315e+03
-4.8638e+06 3.6306e+01 -3.1761e+03 3.3732e+02 5.2345e-01 -2.8966e+03
-4.8192e+06 3.6306e+01 -3.1852e+03 3.2662e+02 1.1795e+00 -2.8613e+03
-4.8415e+06 3.6306e+01 -3.1942e+03 3.1602e+02 4.1999e-01 -2.8256e+03
-4.8080e+06 3.6307e+01 -3.2032e+03 3.0550e+02 1.2305e-01 -2.7895e+03
-4.8268e+06 3.6307e+01 -3.2120e+03 2.9508e+02 -4.2151e-02 -2.7530e+03
-4.8021e+06 3.6307e+01 -3.2208e+03 2.8477e+02 -1.0290e-01 -2.7161e+03
-4.8212e+06 3.6307e+01 -3.2295e+03 2.7456e+02 -2.8204e-01 -2.6787e+03
-4.7950e+06 3.6308e+01 -3.2381e+03 2.6447e+02 -2.5609e-01 -2.6409e+03
-4.8090e+06 3.6308e+01 -3.2466e+03 2.5450e+02 -2.5203e-01 -2.6027e+03
-4.7832e+06 3.6308e+01 -3.2551e+03 2.4466e+02 -4.4891e-02 -2.5641e+03
-4.7940e+06 3.6308e+01 -3.2634e+03 2.3494e+02 -1.1822e-01 -2.5251e+03
-4.7782e+06 3.6308e+01 -3.2716e+03 2.2537e+02 -4.0054e-01 -2.4857e+03
-4.7899e+06 3.6308e+01 -3.2797e+03 2.1593e+02 -7.1691e-01 -2.4459e+03
-4.7713e+06 3.6309e+01 -3.2878e+03 2.0664e+02 -6.2128e-01 -2.4057e+03
-4.7761e+06 3.6310e+01 -3.2957e+03 1.9751e+02 -1.5731e+00 -2.3656e+03
-4.7491e+06 3.6313e+01 -3.3035e+03 1.8854e+02 -4.8570e+00 -2.3241e+03
-4.7302e+06 3.6312e+01 -3.3112e+03 1.7973e+02 2.9973e+00 -2.2833e+03
-4.7073e+06 3.6309e+01 -3.3188e+03 1.7110e+02 8.5040e+00 -2.2361e+03
-4.7181e+06 3.6313e+01 -3.3263e+03 1.6264e+02 -3.4757e+00 -2.1981e+03
-5.0259e+06 3.7700e+01 -3.0316e+03 4.8904e+02 -1.1286e+00 -3.3763e+03
-4.7785e+06 3.7405e+01 -3.0415e+03 4.7765e+02 1.1876e+00 -3.3580e+03
-4.9081e+06 3.7156e+01 -3.0514e+03 4.6628e+02 1.9801e+00 -3.3293e+03
-5.0834e+06 3.6891e+01 -3.0613e+03 4.5494e+02 -1.4915e+00 -3.2987e+03
-4.8554e+06 3.6558e+01 -3.0711e+03 4.4363e+02 4.1172e-01 -3.2682e+03
-4.9582e+06 3.6348e+01 -3.0809e+03 4.3235e+02 -3.9482e+00 -3.2372e+03
-4.9933e+06 3.6306e+01 -3.0907e+03 4.2111e+02 -8.0173e+00 -3.2059e+03
-4.8447e+06 3.6305e+01 -3.1003e+03 4.0991e+02 -4.6799e-01 -3.1742e+03
-4.8093e+06 3.6305e+01 -3.1100e+03 3.9876e+02 1.7948e+00 -3.1418e+03
-4.8794e+06 3.6306e+01 -3.1196e+03 3.8766e+02 -1.8769e+00 -3.1093e+03
-4.8446e+06 3.6306e+01 -3.1291e+03 3.7662e+02 -5.3500e-01 -3.0764e+03
-4.8826e+06 3.6306e+01 -3.1385e+03 3.6564e+02 9.3742e-01 -3.0429e+03
-4.8432e+06 3.6306e+01 -3.1479e+03 3.5473e+02 -7.2727e-03 -3.0091e+03
-4.8747e+06 3.6306e+01 -3.1573e+03 3.4389e+02 -7.1671e-01 -2.9748e+03
-4.8327e+06 3.6306e+01 -3.1665e+03 3.3313e+02 -4.2756e-01 -2.9401e+03
-4.8476e+06 3.6306e+01 -3.1757e+03 3.2244e+02 1.9726e-01 -2.9051e+03
-4.8099e+06 3.6306e+01 -3.1848e+03 3.1185e+02 2.4513e-01 -2.8696e+03
-4.8287e+06 3.6307e+01 -3.1939e+03 3.0135e+02 1.7306e-01 -2.8336e+03
-4.8007e+06 3.6307e+01 -3.2028e+03 2.9094e+02 1.2780e-01 -2.7973e+03
-4.8124e+06 3.6307e+01 -3.2117e+03 2.8064e+02 3.1943e-01 -2.7605e+03
-4.7862e+06 3.6308e+01 -3.2205e+03 2.7045e+02 3.5308e-01 -2.7233e+03
-4.8001e+06 3.6308e+01 -3.2292e+03 2.6037e+02 3.3982e-01 -2.6857e+03
-4.7799e+06 3.6308e+01 -3.2378e+03 2.5041e+02 2.4162e-01 -2.6477e+03
-4.7929e+06 3.6308e+01 -3.2464e+03 2.4057e+02 1.7072e-01 -2.6093e+03
-4.7769e+06 3.6308e+01 -3.2548e+03 2.3087e+02 2.6287e-02 -2.5704e+03
-4.7821e+06 3.6308e+01 -3.2632e+03 2.2130e+02 -1.4537e-02 -2.5312e+03
-4.7664e+06 3.6308e+01 -3.2714e+03 2.1188e+02 -3.8098e-02 -2.4915e+03
-4.7665e+06 3.6308e+01 -3.2796e+03 2.0260e+02 3.0698e-01 -2.4515e+03
-4.7514e+06 3.6308e+01 -3.2876e+03 1.9348e+02 -7.6483e-01 -2.4115e+03
-4.7636e+06 3.6311e+01 -3.2955e+03 1.8451e+02 -4.5710e+00 -2.3702e+03
-4.7277e+06 3.6311e+01 -3.3034e+03 1.7571e+02 3.0742e+00 -2.3296e+03
-4.7199e+06 3.6308e+01 -3.3111e+03 1.6709e+02 8.5050e+00 -2.2826e+03
-4.7260e+06 3.6313e+01 -3.3187e+03 1.5864e+02 -3.9016e+00 -2.2447e+03
-4.7822e+06 3.7651e+01 -3.0208e+03 4.8439e+02 5.9448e+00 -3.4335e+03
-5.1090e+06 3.7355e+01 -3.0309e+03 4.7301e+02 -9.6835e+00 -3.4052e+03
-4.8975e+06 3.7151e+01 -3.0408e+03 4.6166e+02 3.3131e+00 -3.3691e+03
-4.6829e+06 3.6898e+01 -3.0508e+03 4.5033e+02 1.1347e+01 -3.3397e+03
-4.9638e+06 3.6528e+01 -3.0607e+03 4.3903e+02 2.1582e+00 -3.3095e+03
-4.8767e+06 3.6325e+01 -3.0705e+03 4.2777e+02 -3.0514e+00 -3.2787e+03
-4.7443e+06 3.6305e+01 -3.0803e+03 4.1654e+02 3.3787e+00 -3.2475e+03
-4.7676e+06 3.6301e+01 -3.0901e+03 4.0536e+02 1.4603e+01 -3.2161e+03
-4.7830e+06 3.6301e+01 -3.0998e+03 3.9423e+02 1.3591e+01 -3.1841e+03
-4.8286e+06 3.6306e+01 -3.1095e+03 3.8314e+02 -1.5179e+00 -3.1518e+03
-4.9011e+06 3.6307e+01 -3.1191e+03 3.7212e+02 -2.9279e+00 -3.1190e+03
-4.8377e+06 3.6306e+01 -3.1286e+03 3.6115e+02 7.1221e-01 -3.0856e+03
-4.8683e+06 3.6306e+01 -3.1381e+03 3.5025e+02 8.7132e-01 -3.0520e+03
-4.8239e+06 3.6306e+01 -3.1475e+03 3.3942e+02 5.2594e-01 -3.0179e+03
-4.8516e+06 3.6306e+01 -3.1568e+03 3.2867e+02 4.0486e-01 -2.9834e+03
-4.8134e+06 3.6306e+01 -3.1661e+03 3.1800e+02 3.0847e-01 -2.9485e+03
-4.8363e+06 3.6306e+01 -3.1753e+03 3.0742e+02 2.5035e-01 -2.9132e+03
-4.8036e+06 3.6307e+01 -3.1845e+03 2.9693e+02 1.4108e-01 -2.8774e+03
-4.8221e+06 3.6307e+01 -3.1935e+03 2.8654e+02 1.2816e-01 -2.8412e+03
-4.7979e+06 3.6308e+01 -3.2025e+03 2.7625e+02 -3.0095e-02 -2.8046e+03
-4.8155e+06 3.6308e+01 -3.2114e+03 2.6607e+02 -2.1556e-01 -2.7676e+03
-4.7911e+06 3.6308e+01 -3.2202e+03 2.5600e+02 -3.0060e-01 -2.7302e+03
-4.8036e+06 3.6308e+01 -3.2290e+03 2.4605e+02 -2.8855e-01 -2.6924e+03
-4.7796e+06 3.6308e+01 -3.2376e+03 2.3622e+02 -1.4327e-01 -2.6541e+03
-4.7887e+06 3.6308e+01 -3.2461e+03 2.2653e+02 -1.2710e-01 -2.6155e+03
-4.7720e+06 3.6308e+01 -3.2546e+03 2.1697e+02 -2.5541e-01 -2.5764e+03
-4.7806e+06 3.6308e+01 -3.2630e+03 2.0756e+02 -3.0273e-01 -2.5368e+03
-4.7614e+06 3.6308e+01 -3.2712e+03 1.9829e+02 6.7689e-04 -2.4970e+03
-4.7656e+06 3.6308e+01 -3.2794e+03 1.8917e+02 -8.6670e-01 -2.4572e+03
-4.7460e+06 3.6310e+01 -3.2874e+03 1.8022e+02 -4.1982e+00 -2.4160e+03
-4.7333e+06 3.6309e+01 -3.2954e+03 1.7143e+02 3.3862e+00 -2.3756e+03
-4.7224e+06 3.6306e+01 -3.3032e+03 1.6280e+02 8.3101e+00 -2.3288e+03
-4.7458e+06 3.6311e+01 -3.3109e+03 1.5436e+02 -4.2368e+00 -2.2910e+03
-5.0765e+06 3.7563e+01 -3.0101e+03 4.7949e+02 -1.1935e-01 -3.4566e+03
-4.7350e+06 3.7379e+01 -3.0201e+03 4.6813e+02 3.9232e+00 -3.4391e+03
-4.8826e+06 3.7288e+01 -3.0302e+03 4.5679e+02 4.5802e+00 -3.4111e+03
-5.1695e+06 3.7034e+01 -3.0402e+03 4.4548e+02 -4.0124e+00 -3.3808e+03
-4.8234e+06 3.6577e+01 -3.0502e+03 4.3419e+02 1.2574e+00 -3.3506e+03
-4.9739e+06 3.6326e+01 -3.0601e+03 4.2294e+02 -5.9357e+00 -3.3203e+03
-4.9960e+06 3.6304e+01 -3.0700e+03 4.1173e+02 -5.8334e+00 -3.2894e+03
-4.7181e+06 3.6300e+01 -3.0798e+03 4.0056e+02 1.5872e+01 -3.2578e+03
-4.6699e+06 3.6301e+01 -3.0896e+03 3.8944e+02 1.7662e+01 -3.2260e+03
-4.8442e+06 3.6306e+01 -3.0993e+03 3.7837e+02 -9.4810e-01 -3.1936e+03
-4.8287e+06 3.6307e+01 -3.1090e+03 3.6736e+02 -2.3895e+00 -3.1610e+03
-4.8840e+06 3.6306e+01 -3.1186e+03 3.5641e+02 5.1304e-01 -3.1281e+03
-4.8266e+06 3.6306e+01 -3.1282e+03 3.4552e+02 3.5500e-01 -3.0946e+03
-4.8646e+06 3.6306e+01 -3.1377e+03 3.3471e+02 2.0947e-01 -3.0607e+03
-4.8169e+06 3.6306e+01 -3.1471e+03 3.2397e+02 2.9982e-01 -3.0264e+03
-4.8445e+06 3.6306e+01 -3.1565e+03 3.1331e+02 2.7547e-01 -2.9917e+03
-4.8043e+06 3.6307e+01 -3.1658e+03 3.0274e+02 3.3814e-01 -2.9565e+03
-4.8270e+06 3.6307e+01 -3.1750e+03 2.9226e+02 3.5884e-01 -2.9209e+03
-4.7959e+06 3.6307e+01 -3.1841e+03 2.8188e+02 3.2452e-01 -2.8849e+03
-4.8113e+06 3.6308e+01 -3.1932e+03 2.7160e+02 2.9323e-01 -2.8485e+03
-4.7842e+06 3.6308e+01 -3.2022e+03 2.6143e+02 1.8679e-01 -2.8117e+03
-4.7982e+06 3.6308e+01 -3.2111e+03 2.5137e+02 1.0720e-01 -2.7744e+03
-4.7760e+06 3.6308e+01 -3.2200e+03 2.4143e+02 1.2510e-01 -2.7367e+03
-4.7877e+06 3.6308e+01 -3.2287e+03 2.3162e+02 1.7138e-01 -2.6987e+03
-4.7706e+06 3.6308e+01 -3.2374e+03 2.2193e+02 2.1975e-02 -2.6602e+03
-4.7767e+06 3.6308e+01 -3.2459e+03 2.1238e+02 -1.2551e-01 -2.6213e+03
-4.7605e+06 3.6308e+01 -3.2544e+03 2.0298e+02 -8.9797e-02 -2.5819e+03
-4.7602e+06 3.6308e+01 -3.2628e+03 1.9372e+02 3.3709e-01 -2.5422e+03
-4.7437e+06 3.6308e+01 -3.2710e+03 1.8461e+02 -5.9061e-01 -2.5026e+03
-4.7525e+06 3.6309e+01 -3.2792e+03 1.7566e+02 -4.0551e+00 -2.4616e+03
-4.7199e+06 3.6308e+01 -3.2873e+03 1.6687e+02 3.6517e+00 -2.4213e+03
-4.7192e+06 3.6305e+01 -3.2952e+03 1.5826e+02 8.8677e+00 -2.3747e+03
-4.7303e+06 3.6310e+01 -3.3031e+03 1.4982e+02 -3.4981e+00 -2.3371e+03
-4.8446e+06 3.7469e+01 -2.9992e+03 4.7436e+02 4.1251e-01 -3.5137e+03
-5.1725e+06 3.7361e+01 -3.0094e+03 4.6301e+02 -1.3324e+00 -3.4856e+03
-4.9813e+06 3.7214e+01 -3.0195e+03 4.5168e+02 2.4911e-01 -3.4504e+03
-4.5686e+06 3.6865e+01 -3.0295e+03 4.4038e+02 2.0886e+01 -3.4214e+03
-5.0356e+06 3.6472e+01 -3.0396e+03 4.2911e+02 2.0332e-02 -3.3916e+03
-4.8456e+06 3.6311e+01 -3.0496e+03 4.1788e+02 2.6487e+00 -3.3612e+03
-4.7408e+06 3.6304e+01 -3.0595e+03 4.0668e+02 3.1517e+00 -3.3302e+03
-4.8818e+06 3.6303e+01 -3.0694e+03 3.9552e+02 1.0815e+00 -3.2991e+03
-4.9189e+06 3.6304e+01 -3.0793e+03 3.8441e+02 -4.4814e+00 -3.2677e+03
-4.8466e+06 3.6306e+01 -3.0891e+03 3.7336e+02 -4.0607e+00 -3.2356e+03
-4.9152e+06 3.6306e+01 -3.0988e+03 3.6236e+02 -2.9860e+00 -3.2030e+03
-4.8247e+06 3.6306e+01 -3.1085e+03 3.5142e+02 7.9894e-01 -3.1702e+03
-4.8745e+06 3.6306e+01 -3.1182e+03 3.4054e+02 1.1556e-01 -3.1369e+03
-4.8139e+06 3.6306e+01 -3.1277e+03 3.2974e+02 5.9282e-01 -3.1032e+03
-4.8539e+06 3.6307e+01 -3.1373e+03 3.1901e+02 1.1956e-02 -3.0690e+03
-4.8078e+06 3.6307e+01 -3.1467e+03 3.0837e+02 3.7425e-01 -3.0345e+03
-4.8386e+06 3.6307e+01 -3.1561e+03 2.9781e+02 -3.7824e-02 -2.9995e+03
-4.8008e+06 3.6307e+01 -3.1654e+03 2.8734e+02 1.8292e-01 -2.9641e+03
-4.8224e+06 3.6307e+01 -3.1747e+03 2.7697e+02 -6.3932e-02 -2.9283e+03
-4.7936e+06 3.6307e+01 -3.1838e+03 2.6670e+02 -1.3885e-03 -2.8921e+03
-4.8108e+06 3.6307e+01 -3.1929e+03 2.5654e+02 -2.7397e-01 -2.8554e+03
-4.7837e+06 3.6307e+01 -3.2019e+03 2.4649e+02 -1.1234e-01 -2.8183e+03
-4.7940e+06 3.6307e+01 -3.2109e+03 2.3656e+02 3.2566e-02 -2.7808e+03
-4.7697e+06 3.6307e+01 -3.2197e+03 2.2675e+02 3.9813e-01 -2.7429e+03
-4.7791e+06 3.6307e+01 -3.2285e+03 2.1708e+02 2.1087e-01 -2.7046e+03
-4.7641e+06 3.6308e+01 -3.2372e+03 2.0754e+02 -1.1079e-01 -2.6659e+03
-4.7721e+06 3.6308e+01 -3.2457e+03 1.9814e+02 -2.8094e-01 -2.6267e+03
-4.7531e+06 3.6308e+01 -3.2542e+03 1.8889e+02 5.4965e-02 -2.5872e+03
-4.7530e+06 3.6307e+01 -3.2626e+03 1.7978e+02 -6.0720e-01 -2.5477e+03
-4.7303e+06 3.6309e+01 -3.2709e+03 1.7084e+02 -3.2571e+00 -2.5069e+03
-4.7167e+06 3.6308e+01 -3.2791e+03 1.6206e+02 4.3033e+00 -2.4667e+03
-4.7129e+06 3.6305e+01 -3.2871e+03 1.5346e+02 8.8154e+00 -2.4203e+03
-4.7377e+06 3.6309e+01 -3.2951e+03 1.4502e+02 -3.5126e+00 -2.3828e+03
-5.8104e+06 3.7323e+01 -2.9883e+03 4.6899e+02 -4.0682e+01 -3.5360e+03
-4.3265e+06 3.7170e+01 -2.9985e+03 4.5765e+02 5.0320e+01 -3.5178e+03
-5.2660e+06 3.6869e+01 -3.0087e+03 4.4634e+02 -1.6903e+01 -3.4919e+03
-5.1242e+06 3.6512e+01 -3.0188e+03 4.3505e+02 9.7244e+00 -3.4621e+03
-5.0272e+06 3.6326e+01 -3.0289e+03 4.2379e+02 -1.2619e+01 -3.4317e+03
-4.8631e+06 3.6299e+01 -3.0390e+03 4.1257e+02 9.4741e+00 -3.4022e+03
-5.2425e+06 3.6301e+01 -3.0490e+03 4.0138e+02 -1.5819e+01 -3.3712e+03
-4.7648e+06 3.6303e+01 -3.0590e+03 3.9024e+02 6.1002e+00 -3.3403e+03
-4.8843e+06 3.6304e+01 -3.0689e+03 3.7914e+02 -2.9287e+00 -3.3088e+03
-4.8293e+06 3.6305e+01 -3.0788e+03 3.6810e+02 3.8196e+00 -3.2771e+03
-4.8633e+06 3.6305e+01 -3.0886e+03 3.5711e+02 -2.3442e+00 -3.2446e+03
-4.8510e+06 3.6306e+01 -3.0984e+03 3.4618e+02 2.7699e+00 -3.2120e+03
-4.8540e+06 3.6306e+01 -3.1081e+03 3.3532e+02 -1.8967e+00 -3.1788e+03
-4.8429e+06 3.6307e+01 -3.1177e+03 3.2453e+02 1.6425e+00 -3.1454e+03
-4.8361e+06 3.6307e+01 -3.1273e+03 3.1381e+02 -1.1946e+00 -3.1114e+03
-4.8313e+06 3.6307e+01 -3.1369e+03 3.0318e+02 6.7227e-01 -3.0771e+03
-4.8196e+06 3.6308e+01 -3.1463e+03 2.9263e+02 -1.5622e+00 -3.0423e+03
-4.8180e+06 3.6308e+01 -3.1557e+03 2.8217e+02 -3.1621e-01 -3.0071e+03
-4.8067e+06 3.6308e+01 -3.1651e+03 2.7181e+02 -1.3884e+00 -2.9713e+03
-4.8045e+06 3.6308e+01 -3.1743e+03 2.6155e+02 -5.6119e-02 -2.9352e+03
-4.7900e+06 3.6307e+01 -3.1835e+03 2.5140e+02 -2.3272e-01 -2.8988e+03
-4.7872e+06 3.6307e+01 -3.1926e+03 2.4136e+02 7.4842e-01 -2.8619e+03
-4.7731e+06 3.6306e+01 -3.2017e+03 2.3144e+02 3.0885e-01 -2.8246e+03
-4.7720e+06 3.6305e+01 -3.2106e+03 2.2164e+02 6.0885e-01 -2.7869e+03
-4.7644e+06 3.6306e+01 -3.2195e+03 2.1197e+02 9.2529e-02 -2.7488e+03
-4.7645e+06 3.6307e+01 -3.2283e+03 2.0244e+02 2.8973e-01 -2.7102e+03
-4.7566e+06 3.6308e+01 -3.2370e+03 1.9305e+02 1.6595e-01 -2.6711e+03
-4.7497e+06 3.6308e+01 -3.2455e+03 1.8380e+02 6.1025e-01 -2.6318e+03
-4.7370e+06 3.6307e+01 -3.2540e+03 1.7471e+02 -3.3727e-01 -2.5926e+03
-4.7341e+06 3.6308e+01 -3.2624e+03 1.6577e+02 -3.1594e+00 -2.5519e+03
-4.7086e+06 3.6307e+01 -3.2707e+03 1.5700e+02 4.2938e+00 -2.5119e+03
-4.7090e+06 3.6305e+01 -3.2789e+03 1.4839e+02 9.0442e+00 -2.4656e+03
-4.7261e+06 3.6309e+01 -3.2870e+03 1.3997e+02 -3.2900e+00 -2.4283e+03
-5.7173e+06 3.7178e+01 -2.9774e+03 4.6339e+02 -1.5522e+01 -3.6042e+03
-4.8647e+06 3.7058e+01 -2.9876e+03 4.5207e+02 4.1427e+01 -3.5662e+03
-5.6058e+06 3.6746e+01 -2.9979e+03 4.4076e+02 -1.5987e+01 -3.5288e+03
-4.1320e+06 3.6398e+01 -3.0081e+03 4.2949e+02 5.4633e+01 -3.5019e+03
-5.4506e+06 3.6279e+01 -3.0182e+03 4.1824e+02 -1.1012e+01 -3.4723e+03
-4.6251e+06 3.6293e+01 -3.0283e+03 4.0703e+02 2.0018e+01 -3.4423e+03
-4.8812e+06 3.6296e+01 -3.0384e+03 3.9586e+02 2.9210e+00 -3.4116e+03
-4.8132e+06 3.6300e+01 -3.0484e+03 3.8472e+02 9.3329e+00 -3.3812e+03
-5.1202e+06 3.6301e+01 -3.0584e+03 3.7364e+02 -9.8640e+00 -3.3496e+03
-4.7688e+06 3.6304e+01 -3.0684e+03 3.6260e+02 4.6957e+00 -3.3182e+03
-5.0139e+06 3.6305e+01 -3.0783e+03 3.5163e+02 -4.7475e+00 -3.2860e+03
-4.7552e+06 3.6306e+01 -3.0881e+03 3.4071e+02 3.1861e+00 -3.2536e+03
-4.9365e+06 3.6306e+01 -3.0979e+03 3.2986e+02 -2.5246e+00 -3.2205e+03
-4.7690e+06 3.6307e+01 -3.1076e+03 3.1908e+02 1.9750e+00 -3.1873e+03
-4.8972e+06 3.6307e+01 -3.1173e+03 3.0837e+02 -1.8783e+00 -3.1534e+03
-4.7797e+06 3.6308e+01 -3.1269e+03 2.9775e+02 8.7238e-02 -3.1192e+03
-4.8628e+06 3.6308e+01 -3.1365e+03 2.8721e+02 -2.2268e+00 -3.0846e+03
-4.7655e+06 3.6307e+01 -3.1460e+03 2.7676e+02 1.0917e+00 -3.0496e+03
-4.8295e+06 3.6307e+01 -3.1554e+03 2.6641e+02 -3.6213e-01 -3.0141e+03
-4.7757e+06 3.6308e+01 -3.1648e+03 2.5616e+02 -3.5513e-01 -2.9782e+03
-4.8241e+06 3.6308e+01 -3.1741e+03 2.4601e+02 -9.4801e-01 -2.9419e+03
-4.7685e+06 3.6306e+01 -3.1833e+03 2.3598e+02 7.8227e-01 -2.9052e+03
-4.7967e+06 3.6305e+01 -3.1924e+03 2.2607e+02 7.7456e-02 -2.8681e+03
-4.7522e+06 3.6304e+01 -3.2014e+03 2.1628e+02 1.7513e-01 -2.8305e+03
-4.7781e+06 3.6304e+01 -3.2104e+03 2.0662e+02 -3.4371e-01 -2.7925e+03
-4.7494e+06 3.6306e+01 -3.2193e+03 1.9709e+02 2.7717e-01 -2.7541e+03
-4.7705e+06 3.6308e+01 -3.2281e+03 1.8771e+02 3.0407e-01 -2.7153e+03
-4.7394e+06 3.6307e+01 -3.2368e+03 1.7847e+02 6.4558e-01 -2.6762e+03
-4.7502e+06 3.6306e+01 -3.2454e+03 1.6938e+02 -5.6803e-01 -2.6370e+03
-4.7237e+06 3.6308e+01 -3.2539e+03 1.6045e+02 -3.6246e+00 -2.5965e+03
-4.7202e+06 3.6307e+01 -3.2623e+03 1.5168e+02 3.7836e+00 -2.5567e+03
-4.7035e+06 3.6305e+01 -3.2706e+03 1.4308e+02 8.8307e+00 -2.5106e+03
-4.7347e+06 3.6309e+01 -3.2788e+03 1.3466e+02 -3.3418e+00 -2.4734e+03
-6.0172e+06 3.7088e+01 -2.9664e+03 4.5756e+02 1.0510e+01 -3.5991e+03
-4.7095e+06 3.7168e+01 -2.9767e+03 4.4625e+02 6.7774e+01 -3.5892e+03
-5.2734e+06 3.6943e+01 -2.9870e+03 4.3496e+02 1.2593e+01 -3.5712e+03
-5.6356e+06 3.6468e+01 -2.9972e+03 4.2370e+02 5.9248e+00 -3.5412e+03
-4.9485e+06 3.6262e+01 -3.0074e+03 4.1246e+02 3.9820e+00 -3.5110e+03
-5.0581e+06 3.6277e+01 -3.0176e+03 4.0126e+02 1.3731e+01 -3.4826e+03
-5.3102e+06 3.6285e+01 -3.0278e+03 3.9010e+02 -9.3349e+00 -3.4522e+03
-4.8153e+06 3.6292e+01 -3.0379e+03 3.7897e+02 1.1518e+01 -3.4213e+03
-4.8160e+06 3.6298e+01 -3.0479e+03 3.6790e+02 6.5330e+00 -3.3904e+03
-4.8772e+06 3.6301e+01 -3.0579e+03 3.5688e+02 5.1049e+00 -3.3589e+03
-4.8192e+06 3.6304e+01 -3.0679e+03 3.4591e+02 -3.8945e-01 -3.3269e+03
-4.8896e+06 3.6305e+01 -3.0778e+03 3.3500e+02 1.1899e+00 -3.2947e+03
-4.8268e+06 3.6306e+01 -3.0877e+03 3.2416e+02 -1.8727e+00 -3.2618e+03
-4.8674e+06 3.6308e+01 -3.0975e+03 3.1339e+02 2.2549e-01 -3.2287e+03
-4.8211e+06 3.6308e+01 -3.1072e+03 3.0269e+02 -1.8510e+00 -3.1951e+03
-4.8473e+06 3.6309e+01 -3.1169e+03 2.9208e+02 -1.2967e+00 -3.1611e+03
-4.7931e+06 3.6308e+01 -3.1266e+03 2.8155e+02 -4.0103e-01 -3.1266e+03
-4.7868e+06 3.6304e+01 -3.1362e+03 2.7111e+02 5.0301e+00 -3.0918e+03
-4.7621e+06 3.6304e+01 -3.1457e+03 2.6077e+02 3.8008e+00 -3.0566e+03
-4.8033e+06 3.6308e+01 -3.1551e+03 2.5052e+02 -6.5398e-01 -3.0209e+03
-4.7928e+06 3.6309e+01 -3.1645e+03 2.4039e+02 -2.5169e+00 -2.9848e+03
-4.7980e+06 3.6308e+01 -3.1738e+03 2.3036e+02 -5.9631e-01 -2.9481e+03
-4.7735e+06 3.6306e+01 -3.1830e+03 2.2046e+02 -1.6747e-01 -2.9111e+03
-4.7751e+06 3.6304e+01 -3.1922e+03 2.1068e+02 6.4541e-02 -2.8738e+03
-4.7609e+06 3.6304e+01 -3.2012e+03 2.0102e+02 -1.6250e-01 -2.8360e+03
-4.7650e+06 3.6306e+01 -3.2102e+03 1.9150e+02 2.6252e-01 -2.7978e+03
-4.7545e+06 3.6308e+01 -3.2191e+03 1.8212e+02 4.2212e-01 -2.7591e+03
-4.7503e+06 3.6307e+01 -3.2279e+03 1.7289e+02 6.6772e-01 -2.7201e+03
-4.7362e+06 3.6307e+01 -3.2366e+03 1.6381e+02 -5.1117e-01 -2.6812e+03
-4.7382e+06 3.6308e+01 -3.2452e+03 1.5488e+02 -3.8004e+00 -2.6408e+03
-4.7106e+06 3.6307e+01 -3.2537e+03 1.4612e+02 3.8250e+00 -2.6012e+03
-4.7071e+06 3.6305e+01 -3.2622e+03 1.3753e+02 9.0340e+00 -2.5552e+03
-4.7209e+06 3.6309e+01 -3.2705e+03 1.2910e+02 -3.1699e+00 -2.5183e+03
-5.5855e+06 3.6863e+01 -2.9553e+03 4.5152e+02 1.0713e+02 -3.6546e+03
-6.1598e+06 3.6978e+01 -2.9657e+03 4.4022e+02 4.8335e+01 -3.6346e+03
-5.5800e+06 3.6813e+01 -2.9760e+03 4.2893e+02 4.3965e+01 -3.6016e+03
-4.4442e+06 3.6399e+01 -2.9863e+03 4.1768e+02 8.2132e+01 -3.5783e+03
-5.4527e+06 3.6223e+01 -2.9966e+03 4.0645e+02 1.9020e+01 -3.5521e+03
-4.9086e+06 3.6249e+01 -3.0068e+03 3.9526e+02 2.0122e+01 -3.5210e+03
-4.6646e+06 3.6265e+01 -3.0170e+03 3.8411e+02 2.3242e+01 -3.4915e+03
-5.0296e+06 3.6277e+01 -3.0272e+03 3.7300e+02 6.3368e+00 -3.4618e+03
-5.0819e+06 3.6287e+01 -3.0373e+03 3.6193e+02 -5.0103e+00 -3.4304e+03
-4.8646e+06 3.6295e+01 -3.0474e+03 3.5092e+02 3.7350e+00 -3.3993e+03
-4.9690e+06 3.6299e+01 -3.0574e+03 3.3996e+02 -4.3953e-01 -3.3676e+03
-4.7848e+06 3.6301e+01 -3.0674e+03 3.2906e+02 2.7116e+00 -3.3356e+03
-4.8825e+06 3.6303e+01 -3.0774e+03 3.1823e+02 6.2346e-01 -3.3030e+03
-4.7853e+06 3.6306e+01 -3.0873e+03 3.0747e+02 5.0299e-01 -3.2699e+03
-4.8636e+06 3.6308e+01 -3.0971e+03 2.9678e+02 -1.6806e+00 -3.2366e+03
-4.7910e+06 3.6309e+01 -3.1069e+03 2.8618e+02 -1.2378e+00 -3.2028e+03
-4.8273e+06 3.6307e+01 -3.1166e+03 2.7565e+02 3.7573e-02 -3.1684e+03
-4.7562e+06 3.6305e+01 -3.1263e+03 2.6522e+02 4.6637e+00 -3.1337e+03
-4.7943e+06 3.6305e+01 -3.1358e+03 2.5489e+02 2.7461e+00 -3.0986e+03
-4.7795e+06 3.6309e+01 -3.1454e+03 2.4465e+02 -2.2329e+00 -3.0631e+03
-4.8052e+06 3.6309e+01 -3.1548e+03 2.3453e+02 -2.5806e+00 -3.0272e+03
-4.7743e+06 3.6308e+01 -3.1642e+03 2.2451e+02 -1.2888e+00 -2.9907e+03
-4.7972e+06 3.6308e+01 -3.1735e+03 2.1461e+02 -2.6038e+00 -2.9540e+03
-4.7739e+06 3.6307e+01 -3.1828e+03 2.0484e+02 -1.7039e+00 -2.9167e+03
-4.7811e+06 3.6306e+01 -3.1919e+03 1.9519e+02 -5.4541e-01 -2.8791e+03
-4.7638e+06 3.6307e+01 -3.2010e+03 1.8567e+02 -1.8027e-01 -2.8411e+03
-4.7719e+06 3.6308e+01 -3.2100e+03 1.7630e+02 -2.5335e-01 -2.8026e+03
-4.7523e+06 3.6308e+01 -3.2189e+03 1.6707e+02 3.1626e-02 -2.7638e+03
-4.7514e+06 3.6308e+01 -3.2277e+03 1.5799e+02 -8.0055e-01 -2.7250e+03
-4.7335e+06 3.6309e+01 -3.2365e+03 1.4907e+02 -3.6923e+00 -2.6848e+03
-4.7153e+06 3.6307e+01 -3.2451e+03 1.4032e+02 4.0427e+00 -2.6454e+03
-4.7039e+06 3.6305e+01 -3.2536e+03 1.3172e+02 9.0178e+00 -2.5996e+03
-4.7255e+06 3.6309e+01 -3.2621e+03 1.2331e+02 -3.1548e+00 -2.5628e+03
-7.9030e+06 3.6411e+01 -2.9443e+03 4.4525e+02 -2.9462e+01 -3.5673e+03
-5.2286e+06 3.6347e+01 -2.9547e+03 4.3396e+02 1.6191e+02 -3.5995e+03
-6.1151e+06 3.6251e+01 -2.9650e+03 4.2269e+02 8.9626e+01 -3.6305e+03
-6.3430e+06 3.6154e+01 -2.9754e+03 4.1144e+02 3.2198e+01 -3.6132e+03
-5.2488e+06 3.6149e+01 -2.9857e+03 4.0023e+02 3.8836e+01 -3.5839e+03
-5.2152e+06 3.6193e+01 -2.9960e+03 3.8904e+02 4.1934e+01 -3.5616e+03
-5.6647e+06 3.6223e+01 -3.0063e+03 3.7790e+02 -2.2548e+00 -3.5313e+03
-4.7737e+06 3.6248e+01 -3.0165e+03 3.6680e+02 2.7135e+01 -3.5005e+03
-4.8507e+06 3.6267e+01 -3.0267e+03 3.5574e+02 2.0972e+01 -3.4711e+03
-4.8549e+06 3.6281e+01 -3.0368e+03 3.4474e+02 1.3143e+01 -3.4397e+03
-4.8193e+06 3.6289e+01 -3.0469e+03 3.3379e+02 4.6174e+00 -3.4078e+03
-4.8498e+06 3.6293e+01 -3.0570e+03 3.2290e+02 7.0767e+00 -3.3761e+03
-4.7890e+06 3.6296e+01 -3.0670e+03 3.1208e+02 3.4822e+00 -3.3437e+03
-4.8219e+06 3.6302e+01 -3.0770e+03 3.0132e+02 2.7038e+00 -3.3108e+03
-4.7940e+06 3.6306e+01 -3.0869e+03 2.9064e+02 -1.6275e+00 -3.2777e+03
-4.8034e+06 3.6306e+01 -3.0967e+03 2.8004e+02 2.9414e-01 -3.2440e+03
-4.7831e+06 3.6306e+01 -3.1065e+03 2.6953e+02 -9.7144e-01 -3.2097e+03
-4.8089e+06 3.6308e+01 -3.1163e+03 2.5911e+02 -3.1856e-01 -3.1752e+03
-4.8031e+06 3.6310e+01 -3.1259e+03 2.4878e+02 -3.2634e+00 -3.1404e+03
-4.7987e+06 3.6310e+01 -3.1355e+03 2.3855e+02 -2.3966e+00 -3.1050e+03
-4.7428e+06 3.6306e+01 -3.1451e+03 2.2843e+02 4.2639e+00 -3.0692e+03
-4.7404e+06 3.6306e+01 -3.1546e+03 2.1842e+02 4.7270e+00 -3.0330e+03
-4.7557e+06 3.6308e+01 -3.1640e+03 2.0853e+02 -1.4746e+00 -2.9966e+03
-4.7756e+06 3.6309e+01 -3.1733e+03 1.9876e+02 -1.7504e+00 -2.9594e+03
-4.7763e+06 3.6308e+01 -3.1826e+03 1.8912e+02 -1.2076e+00 -2.9219e+03
-4.7791e+06 3.6309e+01 -3.1917e+03 1.7961e+02 -5.9752e-01 -2.8841e+03
-4.7694e+06 3.6310e+01 -3.2008e+03 1.7024e+02 -3.3272e-01 -2.8457e+03
-4.7604e+06 3.6309e+01 -3.2098e+03 1.6102e+02 7.6129e-02 -2.8071e+03
-4.7465e+06 3.6309e+01 -3.2187e+03 1.5195e+02 -7.8473e-01 -2.7686e+03
-4.7427e+06 3.6310e+01 -3.2276e+03 1.4303e+02 -3.9498e+00 -2.7286e+03
-4.7136e+06 3.6308e+01 -3.2363e+03 1.3427e+02 3.5167e+00 -2.6892e+03
-4.7065e+06 3.6305e+01 -3.2450e+03 1.2569e+02 8.3131e+00 -2.6436e+03
-4.7201e+06 3.6310e+01 -3.2535e+03 1.1727e+02 -3.9315e+00 -2.6070e+03
-6.2770e+06 3.5651e+01 -2.9331e+03 4.3877e+02 6.2435e+02 -3.3585e+03
-8.6399e+06 3.5715e+01 -2.9436e+03 4.2749e+02 -1.0076e+01 -3.6208e+03
-6.7266e+06 3.5807e+01 -2.9540e+03 4.1623e+02 9.1852e+01 -3.5971e+03
-5.0783e+06 3.5915e+01 -2.9644e+03 4.0499e+02 1.8078e+02 -3.6124e+03
-6.0470e+06 3.6018e+01 -2.9748e+03 3.9378e+02 1.0633e+02 -3.6249e+03
-5.3364e+06 3.6094e+01 -2.9851e+03 3.8261e+02 5.7157e+01 -3.5936e+03
-4.5816e+06 3.6155e+01 -2.9955e+03 3.7147e+02 7.9895e+01 -3.5670e+03
-5.3669e+06 3.6201e+01 -3.0057e+03 3.6038e+02 1.1232e+01 -3.5406e+03
-5.1846e+06 3.6233e+01 -3.0160e+03 3.4933e+02 4.7120e+00 -3.5092e+03
-4.9726e+06 3.6256e+01 -3.0262e+03 3.3833e+02 1.1384e+01 -3.4788e+03
-4.9806e+06 3.6273e+01 -3.0364e+03 3.2739e+02 1.1783e+01 -3.4482e+03
-4.8015e+06 3.6283e+01 -3.0465e+03 3.1651e+02 6.6835e+00 -3.4161e+03
-4.8439e+06 3.6291e+01 -3.0566e+03 3.0570e+02 9.0527e+00 -3.3838e+03
-4.7645e+06 3.6298e+01 -3.0666e+03 2.9495e+02 1.5458e+00 -3.3510e+03
-4.7916e+06 3.6301e+01 -3.0766e+03 2.8428e+02 3.2516e+00 -3.3183e+03
-4.7240e+06 3.6299e+01 -3.0865e+03 2.7369e+02 3.9234e+00 -3.2849e+03
-4.7768e+06 3.6302e+01 -3.0964e+03 2.6318e+02 3.2950e+00 -3.2508e+03
-4.7982e+06 3.6309e+01 -3.1062e+03 2.5277e+02 -3.2427e+00 -3.2165e+03
-4.8414e+06 3.6312e+01 -3.1159e+03 2.4245e+02 -5.3581e+00 -3.1820e+03
-4.7918e+06 3.6310e+01 -3.1256e+03 2.3222e+02 -2.2689e+00 -3.1467e+03
-4.7394e+06 3.6306e+01 -3.1353e+03 2.2211e+02 8.0733e+00 -3.1110e+03
-4.6974e+06 3.6305e+01 -3.1448e+03 2.1211e+02 8.4063e+00 -3.0749e+03
-4.7157e+06 3.6308e+01 -3.1543e+03 2.0222e+02 5.4078e+00 -3.0385e+03
-4.7264e+06 3.6309e+01 -3.1637e+03 1.9246e+02 3.7608e+00 -3.0017e+03
-4.7788e+06 3.6310e+01 -3.1731e+03 1.8282e+02 -8.6129e-01 -2.9645e+03
-4.7840e+06 3.6311e+01 -3.1824e+03 1.7332e+02 -2.2083e+00 -2.9268e+03
-4.7828e+06 3.6311e+01 -3.1915e+03 1.6395e+02 -7.6950e-01 -2.8885e+03
-4.7620e+06 3.6310e+01 -3.2007e+03 1.5473e+02 -2.7994e-01 -2.8501e+03
-4.7519e+06 3.6309e+01 -3.2097e+03 1.4566e+02 -7.1082e-01 -2.8117e+03
-4.7344e+06 3.6310e+01 -3.2186e+03 1.3675e+02 -3.7920e+00 -2.7719e+03
-4.7152e+06 3.6309e+01 -3.2275e+03 1.2800e+02 3.1229e+00 -2.7327e+03
-4.7039e+06 3.6307e+01 -3.2362e+03 1.1942e+02 6.9749e+00 -2.6873e+03
-4.7104e+06 3.6310e+01 -3.2449e+03 1.1100e+02 -4.1560e+00 -2.6508e+03
-5.1961e+06 3.4036e+01 -2.9219e+03 4.3209e+02 1.0814e+04 1.1579e+04
-6.6446e+06 3.4786e+01 -2.9324e+03 4.2081e+02 1.3775e+03 -2.1931e+03
-7.1731e+06 3.5339e+01 -2.9429e+03 4.0956e+02 1.2210e+02 -3.4994e+03
-9.4514e+06 3.5633e+01 -2.9534e+03 3.9833e+02 -4.6109e+01 -3.5784e+03
-5.7252e+06 3.5808e+01 -2.9638e+03 3.8713e+02 1.1052e+02 -3.5776e+03
-6.4715e+06 3.5928e+01 -2.9742e+03 3.7596e+02 1.5474e+02 -3.6132e+03
-6.1254e+06 3.6036e+01 -2.9846e+03 3.6483e+02 7.4515e+01 -3.6058e+03
-5.2625e+06 3.6120e+01 -2.9949e+03 3.5375e+02 7.9008e+01 -3.5722e+03
-4.7924e+06 3.6179e+01 -3.0052e+03 3.4271e+02 7.0750e+01 -3.5489e+03
-5.1867e+06 3.6220e+01 -3.0155e+03 3.3172e+02 2.3732e+01 -3.5186e+03
-4.7494e+06 3.6251e+01 -3.0257e+03 3.2078e+02 1.7493e+01 -3.4869e+03
-5.0679e+06 3.6272e+01 -3.0359e+03 3.0991e+02 6.3389e+00 -3.4556e+03
-4.7489e+06 3.6287e+01 -3.0461e+03 2.9910e+02 5.4888e+00 -3.4235e+03
-4.9246e+06 3.6296e+01 -3.0562e+03 2.8836e+02 1.0526e+00 -3.3911e+03
-4.6690e+06 3.6294e+01 -3.0662e+03 2.7770e+02 8.2808e+00 -3.3585e+03
-4.7486e+06 3.6289e+01 -3.0762e+03 2.6711e+02 1.3721e+01 -3.3254e+03
-4.6685e+06 3.6296e+01 -3.0862e+03 2.5661e+02 9.8310e+00 -3.2917e+03
-4.8367e+06 3.6308e+01 -3.0961e+03 2.4620e+02 -2.6222e+00 -3.2576e+03
-4.8033e+06 3.6313e+01 -3.1059e+03 2.3589e+02 -6.9461e+00 -3.2230e+03
-4.8395e+06 3.6311e+01 -3.1157e+03 2.2568e+02 -4.8001e+00 -3.1878e+03
-4.7496e+06 3.6309e+01 -3.1254e+03 2.1557e+02 1.1564e-01 -3.1524e+03
-4.7647e+06 3.6309e+01 -3.1350e+03 2.0557e+02 6.3641e-02 -3.1166e+03
-4.7140e+06 3.6309e+01 -3.1446e+03 1.9569e+02 3.1335e+00 -3.0802e+03
-4.7470e+06 3.6309e+01 -3.1541e+03 1.8593e+02 3.4452e+00 -3.0435e+03
-4.7637e+06 3.6311e+01 -3.1635e+03 1.7630e+02 -2.1316e+00 -3.0065e+03
-4.7833e+06 3.6311e+01 -3.1729e+03 1.6680e+02 -2.5383e+00 -2.9690e+03
-4.7604e+06 3.6311e+01 -3.1822e+03 1.5744e+02 -6.9541e-01 -2.9310e+03
-4.7672e+06 3.6311e+01 -3.1914e+03 1.4822e+02 -7.9039e-01 -2.8928e+03
-4.7411e+06 3.6310e+01 -3.2005e+03 1.3916e+02 -6.1102e-01 -2.8545e+03
-4.7273e+06 3.6311e+01 -3.2095e+03 1.3025e+02 -2.2734e+00 -2.8148e+03
-4.6967e+06 3.6310e+01 -3.2185e+03 1.2150e+02 4.1197e+00 -2.7758e+03
-4.6923e+06 3.6307e+01 -3.2273e+03 1.1292e+02 7.6399e+00 -2.7306e+03
-4.6601e+06 3.6310e+01 -3.2361e+03 1.0451e+02 -3.8174e-01 -2.6943e+03
-2.4433e+06 3.1269e+01 -2.9107e+03 4.2520e+02 3.9594e+04 1.2813e+05
-5.2285e+06 3.2718e+01 -2.9213e+03 4.1393e+02 1.9359e+04 5.4199e+04
-7.1897e+06 3.3939e+01 -2.9318e+03 4.0268e+02 8.1749e+03 9.6037e+03
-4.1924e+06 3.4831e+01 -2.9423e+03 3.9146e+02 1.3232e+03 -2.9599e+03
-9.4062e+06 3.5422e+01 -2.9528e+03 3.8026e+02 -5.7434e+01 -3.6551e+03
-6.5396e+06 3.5689e+01 -2.9632e+03 3.6911e+02 5.9391e+01 -3.5873e+03
-5.8513e+06 3.5841e+01 -2.9737e+03 3.5798e+02 1.4496e+02 -3.5869e+03
-5.9771e+06 3.5975e+01 -2.9841e+03 3.4690e+02 1.0722e+02 -3.6098e+03
-6.0957e+06 3.6081e+01 -2.9944e+03 3.3587e+02 1.3447e+01 -3.5823e+03
-5.0630e+06 3.6159e+01 -3.0048e+03 3.2489e+02 5.6832e+01 -3.5538e+03
-5.4162e+06 3.6212e+01 -3.0150e+03 3.1396e+02 2.1922e+01 -3.5266e+03
-4.7704e+06 3.6248e+01 -3.0253e+03 3.0309e+02 2.3186e+01 -3.4954e+03
-5.0901e+06 3.6274e+01 -3.0355e+03 2.9229e+02 5.0085e+00 -3.4636e+03
-4.7297e+06 3.6290e+01 -3.0457e+03 2.8156e+02 5.9943e+00 -3.4315e+03
-4.8924e+06 3.6291e+01 -3.0558e+03 2.7090e+02 4.5396e+00 -3.3985e+03
-4.6280e+06 3.6290e+01 -3.0659e+03 2.6032e+02 1.5641e+01 -3.3652e+03
-4.8032e+06 3.6297e+01 -3.0759e+03 2.4983e+02 5.6422e+00 -3.3316e+03
-4.7373e+06 3.6308e+01 -3.0858e+03 2.3943e+02 -3.0872e+00 -3.2978e+03
-4.8481e+06 3.6311e+01 -3.0958e+03 2.2912e+02 -7.1392e+00 -3.2634e+03
-4.7500e+06 3.6310e+01 -3.1056e+03 2.1891e+02 -2.2451e+00 -3.2285e+03
-4.8088e+06 3.6310e+01 -3.1154e+03 2.0881e+02 -3.6139e+00 -3.1934e+03
-4.7642e+06 3.6311e+01 -3.1251e+03 1.9881e+02 -4.5038e+00 -3.1578e+03
-4.8126e+06 3.6312e+01 -3.1348e+03 1.8894e+02 -4.9787e+00 -3.1217e+03
-4.7726e+06 3.6311e+01 -3.1444e+03 1.7918e+02 -2.7409e+00 -3.0852e+03
-4.7869e+06 3.6310e+01 -3.1539e+03 1.6955e+02 -3.1481e+00 -3.0482e+03
-4.7130e+06 3.6310e+01 -3.1634e+03 1.6006e+02 2.2382e+00 -3.0109e+03
-4.7291e+06 3.6311e+01 -3.1727e+03 1.5070e+02 2.5937e+00 -2.9731e+03
-4.7461e+06 3.6311e+01 -3.1820e+03 1.4149e+02 -8.9247e-01 -2.9350e+03
-4.7579e+06 3.6310e+01 -3.1912e+03 1.3243e+02 -1.6733e+00 -2.8969e+03
-4.7187e+06 3.6311e+01 -3.2004e+03 1.2352e+02 -2.2694e+00 -2.8574e+03
-4.7036e+06 3.6310e+01 -3.2094e+03 1.1477e+02 3.9942e+00 -2.8186e+03
-4.6844e+06 3.6307e+01 -3.2184e+03 1.0619e+02 7.8391e+00 -2.7736e+03
-4.6634e+06 3.6310e+01 -3.2272e+03 9.7786e+01 -3.9979e-01 -2.7374e+03
-3.8419e+06 2.8502e+01 -4.5883e+03 1.4124e+03 7.6693e+04 2.7590e+05
-2.6352e+06 2.9700e+01 -3.4053e+03 7.0443e+02 5.8192e+04 1.9672e+05
-3.9427e+06 3.1182e+01 -2.9206e+03 3.9560e+02 3.9895e+04 1.0200e+05
-7.2806e+06 3.2874e+01 -2.9312e+03 3.8439e+02 1.8656e+04 2.8708e+04
-5.5446e+06 3.4299e+01 -2.9417e+03 3.7320e+02 2.6445e+03 -7.0174e+02
-8.9254e+06 3.5100e+01 -2.9522e+03 3.6205e+02 1.2678e+02 -3.3896e+03
-8.6995e+06 3.5492e+01 -2.9627e+03 3.5093e+02 1.2205e+02 -3.6055e+03
-6.5737e+06 3.5748e+01 -2.9731e+03 3.3986e+02 4.0859e+01 -3.5911e+03
-5.4859e+06 3.5919e+01 -2.9836e+03 3.2883e+02 2.1384e+02 -3.5981e+03
-5.8729e+06 3.6051e+01 -2.9940e+03 3.1785e+02 4.0193e+01 -3.5966e+03
-4.9933e+06 3.6145e+01 -3.0043e+03 3.0693e+02 6.4556e+01 -3.5623e+03
-5.3219e+06 3.6204e+01 -3.0146e+03 2.9607e+02 1.5579e+01 -3.5344e+03
-4.8117e+06 3.6247e+01 -3.0249e+03 2.8528e+02 2.9603e+01 -3.5031e+03
-5.0589e+06 3.6277e+01 -3.0351e+03 2.7455e+02 -2.5582e+00 -3.4707e+03
-4.7602e+06 3.6292e+01 -3.0453e+03 2.6390e+02 1.0003e+01 -3.4385e+03
-4.8961e+06 3.6297e+01 -3.0554e+03 2.5333e+02 -2.8385e+00 -3.4051e+03
-4.7330e+06 3.6304e+01 -3.0655e+03 2.4284e+02 3.1130e+00 -3.3720e+03
-4.8295e+06 3.6307e+01 -3.0756e+03 2.3244e+02 -6.4508e+00 -3.3380e+03
-4.6790e+06 3.6306e+01 -3.0855e+03 2.2213e+02 8.7358e+00 -3.3038e+03
-4.7340e+06 3.6306e+01 -3.0955e+03 2.1193e+02 5.6219e+00 -3.2692e+03
-4.6905e+06 3.6308e+01 -3.1053e+03 2.0183e+02 8.1001e+00 -3.2343e+03
-4.7731e+06 3.6310e+01 -3.1152e+03 1.9184e+02 1.2864e+00 -3.1987e+03
-4.7824e+06 3.6312e+01 -3.1249e+03 1.8197e+02 -1.4381e+00 -3.1628e+03
-4.8229e+06 3.6312e+01 -3.1346e+03 1.7222e+02 -5.0065e+00 -3.1265e+03
-4.7611e+06 3.6310e+01 -3.1442e+03 1.6260e+02 -5.3758e-01 -3.0897e+03
-4.7081e+06 3.6309e+01 -3.1537e+03 1.5311e+02 3.9080e+00 -3.0525e+03
-4.6859e+06 3.6310e+01 -3.1632e+03 1.4375e+02 5.0352e+00 -3.0149e+03
-4.7495e+06 3.6311e+01 -3.1726e+03 1.3454e+02 -1.6622e+00 -2.9770e+03
-4.7467e+06 3.6310e+01 -3.1819e+03 1.2548e+02 -1.9319e+00 -2.9391e+03
-4.7397e+06 3.6311e+01 -3.1911e+03 1.1658e+02 -4.4027e+00 -2.8998e+03
-4.7049e+06 3.6310e+01 -3.2003e+03 1.0783e+02 2.9656e+00 -2.8612e+03
-4.6978e+06 3.6307e+01 -3.2093e+03 9.9254e+01 6.6430e+00 -2.8163e+03
-4.6908e+06 3.6311e+01 -3.2183e+03 9.0846e+01 -3.8157e+00 -2.7803e+03
-5.9771e+06 2.7601e+01 -6.5155e+03 2.5817e+03 9.7399e+04 3.2590e+05
2.1144e+06 2.7546e+01 -5.3331e+03 1.8857e+03 9.1978e+04 3.0506e+05
-6.9762e+06 2.8330e+01 -4.1501e+03 1.1610e+03 8.3236e+04 2.5002e+05
-3.8392e+06 3.0001e+01 -2.9670e+03 4.0697e+02 5.5337e+04 1.6121e+05
9.5855e+04 3.1948e+01 -2.9306e+03 3.6594e+02 2.6198e+04 7.1736e+04
-1.0418e+07 3.3489e+01 -2.9412e+03 3.5479e+02 1.2546e+04 1.6245e+04
-2.0949e+06 3.4507e+01 -2.9517e+03 3.4368e+02 2.0808e+03 -2.5099e+03
-1.1488e+07 3.5206e+01 -2.9622e+03 3.3261e+02 -1.4988e+02 -3.5894e+03
-5.5868e+06 3.5603e+01 -2.9727e+03 3.2159e+02 2.1067e+02 -3.6116e+03
-7.7396e+06 3.5863e+01 -2.9831e+03 3.1062e+02 -1.2171e+01 -3.5958e+03
-4.6111e+06 3.6037e+01 -2.9935e+03 2.9970e+02 1.7326e+02 -3.5975e+03
-6.1495e+06 3.6142e+01 -3.0039e+03 2.8885e+02 -1.6530e+01 -3.5727e+03
-4.3535e+06 3.6214e+01 -3.0142e+03 2.7806e+02 7.4650e+01 -3.5413e+03
-5.5467e+06 3.6259e+01 -3.0245e+03 2.6734e+02 -2.3889e+01 -3.5093e+03
-4.4533e+06 3.6287e+01 -3.0347e+03 2.5669e+02 2.8113e+01 -3.4776e+03
-5.2547e+06 3.6298e+01 -3.0450e+03 2.4612e+02 -2.2190e+01 -3.4445e+03
-4.5251e+06 3.6305e+01 -3.0551e+03 2.3564e+02 1.3654e+01 -3.4118e+03
-5.0243e+06 3.6304e+01 -3.0652e+03 2.2524e+02 -1.0396e+01 -3.3777e+03
-4.4928e+06 3.6304e+01 -3.0753e+03 2.1494e+02 2.1610e+01 -3.3439e+03
-4.8679e+06 3.6306e+01 -3.0853e+03 2.0474e+02 -1.1230e+00 -3.3091e+03
-4.5881e+06 3.6309e+01 -3.0952e+03 1.9465e+02 1.0230e+01 -3.2744e+03
-4.8657e+06 3.6310e+01 -3.1051e+03 1.8467e+02 -2.9849e+00 -3.2388e+03
-4.7017e+06 3.6312e+01 -3.1149e+03 1.7480e+02 2.6998e+00 -3.2032e+03
-4.8790e+06 3.6312e+01 -3.1247e+03 1.6505e+02 -6.1649e+00 -3.1670e+03
-4.7169e+06 3.6311e+01 -3.1344e+03 1.5543e+02 1.7035e+00 -3.1305e+03
-4.7909e+06 3.6311e+01 -3.1440e+03 1.4594e+02 -1.6108e+00 -3.0934e+03
-4.6894e+06 3.6311e+01 -3.1536e+03 1.3659e+02 2.2471e+00 -3.0561e+03
-4.7835e+06 3.6310e+01 -3.1630e+03 1.2738e+02 -3.3101e+00 -3.0182e+03
-4.7180e+06 3.6309e+01 -3.1724e+03 1.1833e+02 -1.0010e+00 -2.9806e+03
-4.7563e+06 3.6310e+01 -3.1818e+03 1.0942e+02 -5.7767e+00 -2.9414e+03
-4.6821e+06 3.6309e+01 -3.1910e+03 1.0068e+02 3.2426e+00 -2.9030e+03
-4.7056e+06 3.6307e+01 -3.2002e+03 9.2100e+01 6.3359e+00 -2.8582e+03
-4.6840e+06 3.6311e+01 -3.2092e+03 8.3694e+01 -3.9047e+00 -2.8224e+03
-9.0992e+04 2.9698e+01 -8.4373e+03 3.7841e+03 1.0138e+05 3.3654e+05
2.3255e+06 2.7877e+01 -7.2543e+03 3.1001e+03 1.0535e+05 3.3045e+05
-3.7948e+06 2.7122e+01 -6.0716e+03 2.3879e+03 1.0625e+05 3.2394e+05
4.5622e+04 2.7689e+01 -4.8886e+03 1.6466e+03 9.2942e+04 2.9319e+05
-5.9181e+06 2.9204e+01 -3.7054e+03 8.7552e+02 7.3222e+04 2.1995e+05
-6.3656e+06 3.1116e+01 -2.9300e+03 3.4734e+02 5.0063e+04 1.2491e+05
-4.2034e+06 3.3159e+01 -2.9406e+03 3.3623e+02 2.2981e+04 4.4825e+04
-6.9767e+06 3.4812e+01 -2.9512e+03 3.2517e+02 6.7962e+03 5.5894e+03
-5.4001e+06 3.5509e+01 -2.9617e+03 3.1415e+02 1.1429e+03 -3.1342e+03
-8.0419e+06 3.5669e+01 -2.9722e+03 3.0319e+02 1.5910e+02 -3.6626e+03
-5.1535e+06 3.5835e+01 -2.9827e+03 2.9228e+02 1.8554e+02 -3.6293e+03
-6.2580e+06 3.6020e+01 -2.9931e+03 2.8143e+02 4.5116e+01 -3.5994e+03
-4.6985e+06 3.6141e+01 -3.0035e+03 2.7064e+02 7.0876e+01 -3.5822e+03
-5.4260e+06 3.6225e+01 -3.0138e+03 2.5992e+02 2.3828e-01 -3.5471e+03
-4.6188e+06 3.6276e+01 -3.0241e+03 2.4928e+02 1.8693e+01 -3.5169e+03
-5.1269e+06 3.6293e+01 -3.0344e+03 2.3872e+02 -1.0080e+01 -3.4827e+03
-4.6352e+06 3.6301e+01 -3.0446e+03 2.2824e+02 9.9964e+00 -3.4502e+03
-4.9505e+06 3.6304e+01 -3.0548e+03 2.1785e+02 -5.6666e+00 -3.4163e+03
-4.6380e+06 3.6307e+01 -3.0649e+03 2.0755e+02 7.4431e+00 -3.3827e+03
-4.8748e+06 3.6310e+01 -3.0750e+03 1.9736e+02 -8.8908e+00 -3.3482e+03
-4.7024e+06 3.6312e+01 -3.0850e+03 1.8727e+02 -2.1926e+00 -3.3135e+03
-4.8582e+06 3.6312e+01 -3.0950e+03 1.7729e+02 -7.7998e+00 -3.2784e+03
-4.7390e+06 3.6312e+01 -3.1049e+03 1.6742e+02 -6.2733e-01 -3.2429e+03
-4.8263e+06 3.6311e+01 -3.1147e+03 1.5768e+02 -3.1439e+00 -3.2068e+03
-4.7372e+06 3.6311e+01 -3.1245e+03 1.4806e+02 1.1644e+00 -3.1705e+03
-4.7876e+06 3.6311e+01 -3.1342e+03 1.3857e+02 -2.4937e+00 -3.1336e+03
-4.7305e+06 3.6311e+01 -3.1439e+03 1.2922e+02 -6.9923e-01 -3.0964e+03
-4.7569e+06 3.6310e+01 -3.1534e+03 1.2002e+02 -2.0653e+00 -3.0588e+03
-4.7152e+06 3.6309e+01 -3.1629e+03 1.1096e+02 -1.2088e+00 -3.0212e+03
-4.7243e+06 3.6309e+01 -3.1723e+03 1.0206e+02 -5.0607e+00 -2.9824e+03
-4.6664e+06 3.6308e+01 -3.1817e+03 9.3317e+01 3.9190e+00 -2.9443e+03
-4.6685e+06 3.6306e+01 -3.1909e+03 8.4740e+01 8.1154e+00 -2.8999e+03
-4.6682e+06 3.6311e+01 -3.2001e+03 7.6333e+01 -3.0454e+00 -2.8641e+03
-6.8506e+06 3.5526e+01 -1.0409e+04 5.0324e+03 9.8473e+04 3.4619e+05
-1.8682e+06 3.1215e+01 -9.1823e+03 4.3499e+03 1.0661e+05 3.4231e+05
3.1936e+06 2.8155e+01 -7.9862e+03 3.6471e+03 1.1094e+05 3.3479e+05
-2.5406e+06 2.7020e+01 -6.8037e+03 2.9188e+03 1.1341e+05 3.2791e+05
-6.5099e+05 2.7602e+01 -5.6206e+03 2.1611e+03 1.1015e+05 3.1280e+05
-5.3639e+06 2.9659e+01 -4.4376e+03 1.3732e+03 9.7675e+04 2.6725e+05
-4.4620e+06 3.2582e+01 -3.2549e+03 5.5446e+02 6.9948e+04 1.8373e+05
-3.3496e+06 3.5070e+01 -2.9401e+03 3.1754e+02 4.2189e+04 8.9535e+04
-7.1509e+06 3.6128e+01 -2.9507e+03 3.0652e+02 1.8854e+04 2.1966e+04
-4.3778e+06 3.6222e+01 -2.9612e+03 2.9556e+02 2.2569e+03 -2.4356e+03
-8.5315e+06 3.6492e+01 -2.9718e+03 2.8466e+02 -5.6214e+01 -3.6430e+03
-4.7609e+06 3.7037e+01 -2.9822e+03 2.7381e+02 3.0187e+02 -3.6234e+03
-6.1573e+06 3.7102e+01 -2.9927e+03 2.6303e+02 -2.4899e+01 -3.6167e+03
-4.2855e+06 3.6623e+01 -3.0031e+03 2.5232e+02 1.1147e+02 -3.5843e+03
-5.4204e+06 3.6314e+01 -3.0135e+03 2.4168e+02 -3.6858e+01 -3.5548e+03
-4.4561e+06 3.6289e+01 -3.0238e+03 2.3112e+02 3.3941e+01 -3.5225e+03
-5.1543e+06 3.6302e+01 -3.0341e+03 2.2064e+02 -2.3296e+01 -3.4887e+03
-4.5683e+06 3.6309e+01 -3.0443e+03 2.1026e+02 1.3898e+01 -3.4554e+03
-5.0007e+06 3.6311e+01 -3.0545e+03 1.9996e+02 -1.7166e+01 -3.4216e+03
-4.6139e+06 3.6312e+01 -3.0647e+03 1.8977e+02 6.6523e+00 -3.3877e+03
-4.8961e+06 3.6312e+01 -3.0748e+03 1.7968e+02 -1.0224e+01 -3.3529e+03
-4.6682e+06 3.6312e+01 -3.0848e+03 1.6971e+02 3.1288e+00 -3.3182e+03
-4.8548e+06 3.6311e+01 -3.0948e+03 1.5984e+02 -6.9526e+00 -3.2826e+03
-4.6947e+06 3.6311e+01 -3.1047e+03 1.5010e+02 2.7267e+00 -3.2469e+03
-4.8140e+06 3.6311e+01 -3.1146e+03 1.4049e+02 -4.8916e+00 -3.2106e+03
-4.7068e+06 3.6311e+01 -3.1244e+03 1.3100e+02 1.4913e-01 -3.1740e+03
-4.7784e+06 3.6311e+01 -3.1341e+03 1.2166e+02 -4.7874e+00 -3.1368e+03
-4.6919e+06 3.6310e+01 -3.1437e+03 1.1245e+02 2.7396e-01 -3.0996e+03
-4.7303e+06 3.6308e+01 -3.1533e+03 1.0340e+02 -3.5992e+00 -3.0622e+03
-4.6768e+06 3.6309e+01 -3.1628e+03 9.4496e+01 -3.8550e+00 -3.0236e+03
-4.6732e+06 3.6307e+01 -3.1722e+03 8.5754e+01 2.5388e+00 -2.9856e+03
-4.6313e+06 3.6305e+01 -3.1816e+03 7.7177e+01 9.0824e+00 -2.9415e+03
-4.6676e+06 3.6310e+01 -3.1909e+03 6.8770e+01 -4.5958e+00 -2.9063e+03
-9.8366e+06 4.5327e+01 -1.2457e+04 6.3327e+03 7.0458e+04 2.6367e+05
-1.9762e+06 3.8502e+01 -1.1181e+04 5.6501e+03 9.0321e+04 3.2295e+05
-3.9072e+06 3.2438e+01 -9.9335e+03 4.9474e+03 1.0984e+05 3.4500e+05
9.6200e+05 2.9279e+01 -8.7168e+03 4.2239e+03 1.1646e+05 3.3934e+05
-1.2209e+06 2.9165e+01 -7.5290e+03 3.4784e+03 1.1941e+05 3.3209e+05
-1.2956e+07 3.0659e+01 -6.3459e+03 2.7043e+03 1.1981e+05 3.2537e+05
-5.1910e+06 3.2176e+01 -5.1631e+03 1.8996e+03 1.1146e+05 3.0019e+05
-6.3573e+06 3.3272e+01 -3.9808e+03 1.0639e+03 1.0875e+05 2.2869e+05
-3.2579e+06 3.4570e+01 -2.9397e+03 2.9871e+02 8.1496e+04 1.1726e+05
4.6061e+06 3.6524e+01 -2.9503e+03 2.8775e+02 2.7231e+04 2.6607e+04
-9.1892e+06 3.8548e+01 -2.9608e+03 2.7685e+02 1.1301e+03 -3.1637e+03
-5.1628e+06 3.9968e+01 -2.9714e+03 2.6601e+02 3.4571e+01 -3.7344e+03
-6.5532e+06 3.9935e+01 -2.9819e+03 2.5523e+02 1.5668e+02 -3.6205e+03
-3.9044e+06 3.8361e+01 -2.9923e+03 2.4452e+02 1.2203e+02 -3.6383e+03
-5.5575e+06 3.6916e+01 -3.0028e+03 2.3389e+02 -1.8023e+01 -3.5916e+03
-4.2463e+06 3.6388e+01 -3.0132e+03 2.2333e+02 2.4552e+01 -3.5639e+03
-5.2766e+06 3.6304e+01 -3.0235e+03 2.1286e+02 -1.8921e+01 -3.5283e+03
-4.4567e+06 3.6316e+01 -3.0338e+03 2.0247e+02 5.9658e+00 -3.4976e+03
-5.0806e+06 3.6314e+01 -3.0441e+03 1.9219e+02 -1.3116e+01 -3.4625e+03
-4.4994e+06 3.6313e+01 -3.0543e+03 1.8200e+02 9.9870e+00 -3.4294e+03
-4.9297e+06 3.6312e+01 -3.0644e+03 1.7191e+02 -5.3570e+00 -3.3946e+03
-4.5730e+06 3.6312e+01 -3.0746e+03 1.6194e+02 5.5028e+00 -3.3600e+03
-4.8773e+06 3.6311e+01 -3.0846e+03 1.5208e+02 -5.6581e+00 -3.3246e+03
-4.6394e+06 3.6312e+01 -3.0946e+03 1.4234e+02 4.6737e-01 -3.2891e+03
-4.8329e+06 3.6311e+01 -3.1045e+03 1.3272e+02 -7.0732e+00 -3.2531e+03
-4.6456e+06 3.6311e+01 -3.1144e+03 1.2324e+02 -1.1715e+00 -3.2167e+03
-4.7639e+06 3.6311e+01 -3.1242e+03 1.1389e+02 -5.1995e+00 -3.1797e+03
-4.6346e+06 3.6310e+01 -3.1340e+03 1.0469e+02 -8.7387e-01 -3.1426e+03
-4.7097e+06 3.6309e+01 -3.1436e+03 9.5637e+01 -2.9342e+00 -3.1054e+03
-4.6361e+06 3.6310e+01 -3.1532e+03 8.6736e+01 -4.3034e+00 -3.0666e+03
-4.6761e+06 3.6309e+01 -3.1627e+03 7.7994e+01 5.9726e-01 -3.0285e+03
-4.6019e+06 3.6306e+01 -3.1722e+03 6.9416e+01 7.3367e+00 -2.9841e+03
-4.6509e+06 3.6311e+01 -3.1815e+03 6.1009e+01 -4.5122e+00 -2.9487e+03
-2.6703e+06 5.6128e+01 -1.3263e+04 6.8775e+03 2.5392e+04 1.1036e+05
-6.4162e+06 4.9691e+01 -1.3171e+04 6.9484e+03 5.3733e+04 1.9587e+05
-8.4406e+06 4.1913e+01 -1.1958e+04 6.2992e+03 8.6626e+04 2.8192e+05
2.0101e+06 3.6444e+01 -1.0690e+04 5.5762e+03 1.0632e+05 3.3197e+05
-2.7660e+06 3.4426e+01 -9.4533e+03 4.8322e+03 1.2245e+05 3.4251e+05
4.0040e+06 3.3740e+01 -8.2476e+03 4.0665e+03 1.3813e+05 3.2812e+05
-4.8134e+06 3.0391e+01 -7.0642e+03 3.2760e+03 1.6216e+05 2.9415e+05
6.2190e+06 2.6085e+01 -5.8798e+03 2.4511e+03 2.0015e+05 2.3725e+05
-7.5308e+06 2.7766e+01 -4.2634e+03 1.2608e+03 1.9235e+05 1.4661e+05
4.4686e+06 3.4819e+01 -2.9393e+03 2.7982e+02 8.8667e+04 4.4082e+04
-5.4634e+02 4.0902e+01 -2.9499e+03 2.6891e+02 5.2524e+03 -2.7570e+03
-1.1679e+07 4.3307e+01 -2.9605e+03 2.5804e+02 -1.1975e+03 -3.8435e+03
-2.9899e+06 4.3231e+01 -2.9710e+03 2.4725e+02 7.8953e+02 -3.6304e+03
-6.4476e+06 4.1710e+01 -2.9815e+03 2.3654e+02 -1.5455e+02 -3.6767e+03
-3.4737e+06 3.9353e+01 -2.9920e+03 2.2591e+02 1.6238e+02 -3.6193e+03
-5.6404e+06 3.7405e+01 -3.0024e+03 2.1536e+02 -8.1728e+01 -3.5963e+03
-4.0568e+06 3.6491e+01 -3.0129e+03 2.0489e+02 6.3499e+01 -3.5642e+03
-5.3454e+06 3.6315e+01 -3.0232e+03 1.9451e+02 -4.9490e+01 -3.5332e+03
-4.3097e+06 3.6317e+01 -3.0336e+03 1.8422e+02 3.4561e+01 -3.4986e+03
-5.0839e+06 3.6314e+01 -3.0438e+03 1.7403e+02 -1.9144e+01 -3.4657e+03
-4.4528e+06 3.6314e+01 -3.0541e+03 1.6395e+02 1.6296e+01 -3.4312e+03
-4.9403e+06 3.6312e+01 -3.0642e+03 1.5398e+02 -9.5920e+00 -3.3966e+03
-4.5331e+06 3.6312e+01 -3.0744e+03 1.4412e+02 1.0463e+01 -3.3617e+03
-4.8750e+06 3.6311e+01 -3.0844e+03 1.3438e+02 -7.5137e+00 -3.3261e+03
-4.5817e+06 3.6311e+01 -3.0944e+03 1.2477e+02 5.5139e+00 -3.2905e+03
-4.7503e+06 3.6310e+01 -3.1044e+03 1.1529e+02 -4.1944e-01 -3.2541e+03
-4.5398e+06 3.6310e+01 -3.1143e+03 1.0594e+02 8.0764e+00 -3.2175e+03
-4.7008e+06 3.6309e+01 -3.1241e+03 9.6741e+01 -3.3889e-01 -3.1804e+03
-4.5549e+06 3.6308e+01 -3.1339e+03 8.7686e+01 7.0790e+00 -3.1431e+03
-4.6687e+06 3.6310e+01 -3.1435e+03 7.8785e+01 -6.4697e-01 -3.1044e+03
-4.5745e+06 3.6309e+01 -3.1531e+03 7.0043e+01 6.0714e+00 -3.0662e+03
-4.6375e+06 3.6306e+01 -3.1627e+03 6.1465e+01 7.9809e+00 -3.0226e+03
-4.5879e+06 3.6311e+01 -3.1721e+03 5.3056e+01 5.6258e-01 -2.9911e+03
-3.2973e+06 6.2914e+01 -1.3359e+04 6.9891e+03 2.6574e+03 3.9992e+04
-1.0483e+07 6.0246e+01 -1.3268e+04 7.0600e+03 1.8135e+04 6.7302e+04
-3.8674e+06 5.3890e+01 -1.3176e+04 7.1322e+03 4.1060e+04 1.3638e+05
2.5453e+06 4.5651e+01 -1.2741e+04 6.9792e+03 9.1112e+04 2.1585e+05
-4.4345e+06 3.9015e+01 -1.1453e+04 6.2362e+03 1.6175e+05 2.4647e+05
4.6574e+06 3.2279e+01 -1.0195e+04 5.4717e+03 2.1850e+05 2.0958e+05
-1.3326e+07 2.2669e+01 -8.6305e+03 4.4463e+03 2.6011e+05 1.4206e+05
5.5592e+06 1.6590e+01 -6.6930e+03 3.0403e+03 3.0002e+05 8.5713e+04
-1.3284e+07 2.1241e+01 -4.7526e+03 1.6206e+03 2.8379e+05 5.1201e+04
3.8998e+06 3.4162e+01 -2.9282e+03 2.7166e+02 1.3547e+05 1.7308e+04
5.1452e+06 4.4731e+01 -2.9389e+03 2.6077e+02 8.3380e+03 -3.1449e+03
-1.6093e+07 4.7414e+01 -2.9496e+03 2.4994e+02 -2.0832e+03 -3.7709e+03
-5.8195e+05 4.6902e+01 -2.9602e+03 2.3917e+02 1.4065e+03 -3.7272e+03
-7.8477e+06 4.6345e+01 -2.9707e+03 2.2846e+02 -4.3291e+02 -3.7161e+03
-2.2671e+06 4.4445e+01 -2.9813e+03 2.1781e+02 3.3759e+02 -3.6658e+03
-6.1747e+06 4.1127e+01 -2.9917e+03 2.0724e+02 -1.8660e+02 -3.6343e+03
-3.4371e+06 3.8113e+01 -3.0022e+03 1.9675e+02 1.3497e+02 -3.6037e+03
-5.6655e+06 3.6641e+01 -3.0126e+03 1.8636e+02 -1.0779e+02 -3.5707e+03
-4.0186e+06 3.6331e+01 -3.0230e+03 1.7607e+02 6.6638e+01 -3.5404e+03
-5.3036e+06 3.6319e+01 -3.0333e+03 1.6589e+02 -5.0587e+01 -3.5083e+03
-4.3039e+06 3.6318e+01 -3.0436e+03 1.5581e+02 2.8472e+01 -3.4765e+03
-5.0465e+06 3.6314e+01 -3.0539e+03 1.4584e+02 -2.3313e+01 -3.4439e+03
-4.4071e+06 3.6313e+01 -3.0641e+03 1.3598e+02 1.9683e+01 -3.4104e+03
-4.9271e+06 3.6312e+01 -3.0742e+03 1.2624e+02 -1.5477e+01 -3.3751e+03
-4.4965e+06 3.6312e+01 -3.0843e+03 1.1663e+02 1.0947e+01 -3.3398e+03
-4.7604e+06 3.6310e+01 -3.0943e+03 1.0715e+02 -4.1429e+00 -3.3034e+03
-4.4479e+06 3.6310e+01 -3.1043e+03 9.7807e+01 1.3400e+01 -3.2671e+03
-4.6773e+06 3.6309e+01 -3.1142e+03 8.8605e+01 -1.5807e+00 -3.2298e+03
-4.5024e+06 3.6309e+01 -3.1240e+03 7.9551e+01 9.0363e+00 -3.1927e+03
-4.6614e+06 3.6310e+01 -3.1338e+03 7.0649e+01 -2.4324e+00 -3.1542e+03
-4.5470e+06 3.6310e+01 -3.1435e+03 6.1906e+01 6.0561e+00 -3.1184e+03
-4.6347e+06 3.6309e+01 -3.1531e+03 5.3327e+01 2.2032e+00 -3.0718e+03
-4.5576e+06 3.6312e+01 -3.1626e+03 4.4917e+01 -8.8257e-01 -3.0287e+03
-5.8918e+06 6.5109e+01 -1.3455e+04 7.0994e+03 9.0846e+02 3.7258e+04
-5.7788e+06 6.5611e+01 -1.3364e+04 7.1703e+03 1.4304e+03 3.8429e+04
-5.1855e+06 6.1186e+01 -1.3273e+04 7.2425e+03 1.0342e+04 4.7965e+04
1.2909e+06 4.9765e+01 -1.3181e+04 7.3159e+03 9.0212e+04 7.5801e+04
-3.0139e+06 3.7735e+01 -1.2325e+04 6.8827e+03 2.3310e+05 8.6413e+04
-1.1141e+07 1.8779e+01 -1.0287e+04 5.5876e+03 3.1406e+05 5.2181e+04
-2.8056e+07 2.9223e+00 -8.2976e+03 4.2130e+03 3.2824e+05 9.6814e+03
-6.2389e+05 9.1053e+00 -6.3396e+03 2.7853e+03 3.4908e+05 -1.0026e+04
-5.0693e+06 2.2286e+01 -4.3841e+03 1.3491e+03 2.9895e+05 -6.4182e+03
4.7131e+06 3.7830e+01 -2.9170e+03 2.6321e+02 1.2913e+05 -1.9196e+03
2.1081e+06 5.1349e+01 -2.9277e+03 2.5234e+02 7.5442e+03 -3.6650e+03
-1.5295e+07 5.3665e+01 -2.9384e+03 2.4153e+02 -1.6363e+03 -3.7243e+03
-3.9273e+05 5.2414e+01 -2.9491e+03 2.3079e+02 1.5127e+03 -3.8111e+03
-7.4606e+06 5.2076e+01 -2.9598e+03 2.2011e+02 -4.5681e+02 -3.7575e+03
-2.1929e+06 5.1204e+01 -2.9704e+03 2.0950e+02 3.4794e+02 -3.7178e+03
-5.7666e+06 4.8233e+01 -2.9810e+03 1.9896e+02 -1.8549e+02 -3.6786e+03
-3.3576e+06 4.3507e+01 -2.9915e+03 1.8849e+02 1.3570e+02 -3.6419e+03
-5.4041e+06 3.9190e+01 -3.0020e+03 1.7812e+02 -1.1178e+02 -3.6053e+03
-4.0620e+06 3.6975e+01 -3.0125e+03 1.6783e+02 4.7168e+01 -3.5719e+03
-5.1743e+06 3.6378e+01 -3.0228e+03 1.5763e+02 -6.0375e+01 -3.5351e+03
-4.3187e+06 3.6309e+01 -3.0332e+03 1.4753e+02 1.6291e+01 -3.5010e+03
-4.9032e+06 3.6321e+01 -3.0434e+03 1.3753e+02 -2.3153e+01 -3.4660e+03
-4.3768e+06 3.6377e+01 -3.0537e+03 1.2766e+02 1.0518e+01 -3.4323e+03
-4.8448e+06 3.6427e+01 -3.0639e+03 1.1793e+02 -2.4150e+01 -3.3978e+03
-4.4927e+06 3.6401e+01 -3.0741e+03 1.0832e+02 -3.4361e+00 -3.3638e+03
-4.7215e+06 3.6338e+01 -3.0842e+03 9.8836e+01 -1.2776e+01 -3.3295e+03
-4.4529e+06 3.6314e+01 -3.0942e+03 8.9492e+01 3.1753e+00 -3.2955e+03
-4.6499e+06 3.6315e+01 -3.1042e+03 8.0290e+01 -7.3329e+00 -3.2596e+03
-4.5153e+06 3.6315e+01 -3.1141e+03 7.1235e+01 -1.7491e+00 -3.2225e+03
-4.6503e+06 3.6315e+01 -3.1239e+03 6.2333e+01 -1.0392e+01 -3.1846e+03
-4.5351e+06 3.6315e+01 -3.1337e+03 5.3588e+01 -1.6839e+00 -3.1468e+03
-4.5929e+06 3.6314e+01 -3.1434e+03 4.5008e+01 -5.3458e+00 -3.1091e+03
-4.5263e+06 3.6315e+01 -3.1531e+03 3.6596e+01 -4.8594e+00 -3.0687e+03
