  1    1089
-4.0825e+06 5.3396e+01 -5.0429e+03 8.6937e+03 3.5579e+00 2.6970e+04
-4.1536e+06 5.2664e+01 -5.0431e+03 8.8021e+03 2.9079e+00 2.6834e+04
-4.1587e+06 5.1717e+01 -5.0433e+03 8.9099e+03 4.2885e+00 2.6686e+04
-4.2355e+06 5.0537e+01 -5.0434e+03 9.0170e+03 1.6587e+00 2.6548e+04
-4.2709e+06 4.9085e+01 -5.0436e+03 9.1236e+03 -9.6016e-01 2.6396e+04
-4.3477e+06 4.7587e+01 -5.0438e+03 9.2295e+03 -4.0000e+00 2.6252e+04
-4.3711e+06 4.6562e+01 -5.0439e+03 9.3348e+03 -4.2803e+00 2.6099e+04
-4.3967e+06 4.6139e+01 -5.0441e+03 9.4394e+03 -2.0737e+00 2.5950e+04
-4.4046e+06 4.5986e+01 -5.0442e+03 9.5433e+03 -3.2776e-01 2.5795e+04
-4.4421e+06 4.5863e+01 -5.0443e+03 9.6465e+03 -1.7966e+00 2.5642e+04
-4.4589e+06 4.5719e+01 -5.0445e+03 9.7490e+03 -2.1245e+00 2.5485e+04
-4.4713e+06 4.5559e+01 -5.0446e+03 9.8507e+03 -1.2682e+00 2.5329e+04
-4.4871e+06 4.5410e+01 -5.0447e+03 9.9517e+03 -1.0672e+00 2.5169e+04
-4.5004e+06 4.5295e+01 -5.0449e+03 1.0052e+04 -1.0723e+00 2.5009e+04
-4.5145e+06 4.5184e+01 -5.0450e+03 1.0151e+04 -8.7850e-01 2.4848e+04
-4.5227e+06 4.5039e+01 -5.0451e+03 1.0250e+04 -8.6315e-01 2.4685e+04
-4.5401e+06 4.4865e+01 -5.0452e+03 1.0348e+04 -7.1935e-01 2.4521e+04
-4.5445e+06 4.4689e+01 -5.0453e+03 1.0444e+04 -8.8938e-01 2.4355e+04
-4.5557e+06 4.4528e+01 -5.0454e+03 1.0540e+04 -1.4538e+00 2.4189e+04
-4.5491e+06 4.4402e+01 -5.0455e+03 1.0636e+04 -1.7376e+00 2.4020e+04
-4.5544e+06 4.4314e+01 -5.0456e+03 1.0730e+04 -1.4286e+00 2.3853e+04
-4.5419e+06 4.4233e+01 -5.0457e+03 1.0823e+04 -7.1078e-01 2.3683e+04
-4.5531e+06 4.4134e+01 -5.0458e+03 1.0916e+04 -3.9972e-02 2.3513e+04
-4.5543e+06 4.4014e+01 -5.0459e+03 1.1007e+04 1.9588e-02 2.3340e+04
-4.5755e+06 4.3874e+01 -5.0460e+03 1.1098e+04 -4.0727e-01 2.3169e+04
-4.5686e+06 4.3736e+01 -5.0461e+03 1.1188e+04 -9.6147e-01 2.2994e+04
-4.5790e+06 4.3633e+01 -5.0462e+03 1.1276e+04 -9.0693e-01 2.2822e+04
-4.5637e+06 4.3551e+01 -5.0463e+03 1.1364e+04 -3.5403e-01 2.2644e+04
-4.5758e+06 4.3439e+01 -5.0464e+03 1.1451e+04 -2.9561e-01 2.2470e+04
-4.5666e+06 4.3289e+01 -5.0465e+03 1.1537e+04 -1.0648e+00 2.2292e+04
-4.5775e+06 4.3155e+01 -5.0466e+03 1.1622e+04 -6.1754e-01 2.2116e+04
-4.5488e+06 4.3057e+01 -5.0466e+03 1.1705e+04 1.5696e+00 2.1936e+04
-4.5587e+06 4.2930e+01 -5.0467e+03 1.1788e+04 1.2621e+00 2.1760e+04
-4.1925e+06 5.1713e+01 -5.0203e+03 8.7816e+03 1.4563e+00 2.6889e+04
-4.2107e+06 5.0346e+01 -5.0209e+03 8.8889e+03 5.4188e-02 2.6745e+04
-4.2861e+06 4.9013e+01 -5.0214e+03 8.9956e+03 -2.9785e+00 2.6606e+04
-4.3140e+06 4.7812e+01 -5.0219e+03 9.1018e+03 -4.3553e+00 2.6463e+04
-4.3736e+06 4.6892e+01 -5.0225e+03 9.2074e+03 -4.8404e+00 2.6314e+04
-4.3875e+06 4.6256e+01 -5.0230e+03 9.3124e+03 -3.8183e+00 2.6167e+04
-4.4148e+06 4.5887e+01 -5.0234e+03 9.4167e+03 -3.4890e+00 2.6016e+04
-4.4063e+06 4.5743e+01 -5.0239e+03 9.5205e+03 -1.6783e+00 2.5865e+04
-4.4208e+06 4.5654e+01 -5.0244e+03 9.6235e+03 -6.3940e-01 2.5711e+04
-4.4433e+06 4.5508e+01 -5.0248e+03 9.7259e+03 -1.3362e+00 2.5556e+04
-4.4609e+06 4.5324e+01 -5.0252e+03 9.8275e+03 -1.9744e+00 2.5400e+04
-4.4781e+06 4.5135e+01 -5.0257e+03 9.9284e+03 -1.9424e+00 2.5242e+04
-4.4988e+06 4.4968e+01 -5.0261e+03 1.0029e+04 -2.6063e+00 2.5083e+04
-4.5245e+06 4.4836e+01 -5.0265e+03 1.0128e+04 -3.0271e+00 2.4922e+04
-4.5300e+06 4.4731e+01 -5.0269e+03 1.0227e+04 -3.1580e+00 2.4761e+04
-4.5503e+06 4.4634e+01 -5.0272e+03 1.0324e+04 -2.9140e+00 2.4597e+04
-4.5515e+06 4.4519e+01 -5.0276e+03 1.0421e+04 -2.8216e+00 2.4433e+04
-4.5702e+06 4.4374e+01 -5.0280e+03 1.0518e+04 -2.8714e+00 2.4267e+04
-4.5598e+06 4.4218e+01 -5.0283e+03 1.0613e+04 -3.0649e+00 2.4101e+04
-4.5737e+06 4.4085e+01 -5.0287e+03 1.0707e+04 -3.0971e+00 2.3932e+04
-4.5602e+06 4.3985e+01 -5.0290e+03 1.0801e+04 -2.9156e+00 2.3764e+04
-4.5799e+06 4.3902e+01 -5.0293e+03 1.0894e+04 -2.1323e+00 2.3593e+04
-4.5693e+06 4.3819e+01 -5.0296e+03 1.0985e+04 -1.9526e+00 2.3422e+04
-4.5970e+06 4.3713e+01 -5.0299e+03 1.1076e+04 -2.5188e+00 2.3250e+04
-4.5835e+06 4.3575e+01 -5.0302e+03 1.1166e+04 -2.9946e+00 2.3077e+04
-4.6077e+06 4.3427e+01 -5.0305e+03 1.1255e+04 -3.0493e+00 2.2902e+04
-4.5860e+06 4.3303e+01 -5.0308e+03 1.1343e+04 -3.0693e+00 2.2729e+04
-4.6063e+06 4.3204e+01 -5.0311e+03 1.1430e+04 -2.9608e+00 2.2552e+04
-4.5814e+06 4.3110e+01 -5.0314e+03 1.1517e+04 -2.8816e+00 2.2376e+04
-4.6041e+06 4.3004e+01 -5.0316e+03 1.1602e+04 -4.0978e+00 2.2200e+04
-4.5702e+06 4.2891e+01 -5.0319e+03 1.1686e+04 -3.3344e+00 2.2022e+04
-4.5893e+06 4.2776e+01 -5.0322e+03 1.1769e+04 -8.1132e-01 2.1849e+04
-4.5620e+06 4.2644e+01 -5.0324e+03 1.1852e+04 -1.5996e+00 2.1666e+04
-4.2897e+06 4.8896e+01 -4.9966e+03 8.8704e+03 -4.1127e+00 2.6794e+04
-4.3264e+06 4.7486e+01 -4.9976e+03 8.9766e+03 -4.2248e+00 2.6642e+04
-4.3722e+06 4.6608e+01 -4.9985e+03 9.0823e+03 -5.4949e+00 2.6507e+04
-4.4006e+06 4.6086e+01 -4.9994e+03 9.1875e+03 -2.6564e+00 2.6360e+04
-4.4380e+06 4.5773e+01 -5.0003e+03 9.2921e+03 -3.1289e+00 2.6212e+04
-4.4530e+06 4.5618e+01 -5.0012e+03 9.3961e+03 -7.1818e-01 2.6062e+04
-4.4424e+06 4.5525e+01 -5.0021e+03 9.4996e+03 7.3735e-01 2.5912e+04
-4.4265e+06 4.5427e+01 -5.0029e+03 9.6024e+03 1.5164e+00 2.5759e+04
-4.4375e+06 4.5296e+01 -5.0037e+03 9.7045e+03 1.0591e+00 2.5605e+04
-4.4587e+06 4.5127e+01 -5.0045e+03 9.8060e+03 5.5093e-01 2.5449e+04
-4.4738e+06 4.4940e+01 -5.0052e+03 9.9068e+03 4.4438e-01 2.5292e+04
-4.4844e+06 4.4757e+01 -5.0059e+03 1.0007e+04 8.0985e-01 2.5133e+04
-4.5183e+06 4.4592e+01 -5.0067e+03 1.0106e+04 -4.2176e-02 2.4973e+04
-4.5328e+06 4.4451e+01 -5.0073e+03 1.0205e+04 -8.8448e-01 2.4812e+04
-4.5551e+06 4.4345e+01 -5.0080e+03 1.0303e+04 -1.1947e+00 2.4649e+04
-4.5559e+06 4.4270e+01 -5.0087e+03 1.0400e+04 -6.8787e-01 2.4485e+04
-4.5733e+06 4.4182e+01 -5.0093e+03 1.0496e+04 -2.4954e-01 2.4319e+04
-4.5664e+06 4.4047e+01 -5.0099e+03 1.0591e+04 -4.1695e-03 2.4153e+04
-4.5806e+06 4.3891e+01 -5.0105e+03 1.0686e+04 2.1323e-01 2.3985e+04
-4.5730e+06 4.3754e+01 -5.0111e+03 1.0780e+04 1.7995e-01 2.3816e+04
-4.5979e+06 4.3640e+01 -5.0117e+03 1.0873e+04 -1.6021e-01 2.3646e+04
-4.5892e+06 4.3541e+01 -5.0123e+03 1.0965e+04 -2.8446e-01 2.3475e+04
-4.6115e+06 4.3454e+01 -5.0128e+03 1.1056e+04 -2.9939e-01 2.3303e+04
-4.5991e+06 4.3366e+01 -5.0133e+03 1.1146e+04 -3.7059e-01 2.3131e+04
-4.6224e+06 4.3257e+01 -5.0139e+03 1.1235e+04 -4.7651e-01 2.2957e+04
-4.6029e+06 4.3115e+01 -5.0144e+03 1.1323e+04 -5.5384e-01 2.2782e+04
-4.6246e+06 4.2958e+01 -5.0149e+03 1.1411e+04 -7.8827e-01 2.2606e+04
-4.6026e+06 4.2824e+01 -5.0154e+03 1.1497e+04 -6.7546e-01 2.2430e+04
-4.6236e+06 4.2729e+01 -5.0158e+03 1.1583e+04 -9.3750e-01 2.2252e+04
-4.5951e+06 4.2656e+01 -5.0163e+03 1.1668e+04 -1.6347e+00 2.2076e+04
-4.6106e+06 4.2578e+01 -5.0168e+03 1.1751e+04 2.2007e-01 2.1895e+04
-4.5793e+06 4.2466e+01 -5.0172e+03 1.1834e+04 7.9826e-01 2.1726e+04
-4.5967e+06 4.2306e+01 -5.0176e+03 1.1915e+04 -9.1348e-01 2.1539e+04
-4.3622e+06 4.6535e+01 -4.9717e+03 8.9602e+03 -1.3790e+00 2.6692e+04
-4.4004e+06 4.5900e+01 -4.9732e+03 9.0653e+03 -2.2313e+00 2.6539e+04
-4.4195e+06 4.5579e+01 -4.9746e+03 9.1700e+03 2.6847e-01 2.6403e+04
-4.4518e+06 4.5437e+01 -4.9760e+03 9.2741e+03 -3.0138e-01 2.6255e+04
-4.5240e+06 4.5307e+01 -4.9773e+03 9.3777e+03 -6.3258e+00 2.6107e+04
-4.5319e+06 4.5184e+01 -4.9785e+03 9.4808e+03 -4.9397e+00 2.5957e+04
-4.4809e+06 4.5091e+01 -4.9798e+03 9.5832e+03 1.0895e+00 2.5805e+04
-4.4695e+06 4.5009e+01 -4.9810e+03 9.6851e+03 1.7750e+00 2.5651e+04
-4.4766e+06 4.4905e+01 -4.9821e+03 9.7863e+03 8.7633e-01 2.5496e+04
-4.4885e+06 4.4763e+01 -4.9833e+03 9.8869e+03 8.1138e-01 2.5340e+04
-4.4897e+06 4.4587e+01 -4.9844e+03 9.9868e+03 1.2670e+00 2.5182e+04
-4.5128e+06 4.4407e+01 -4.9854e+03 1.0086e+04 1.7203e+00 2.5022e+04
-4.5310e+06 4.4249e+01 -4.9865e+03 1.0185e+04 1.2603e+00 2.4861e+04
-4.5600e+06 4.4113e+01 -4.9875e+03 1.0282e+04 5.4321e-01 2.4699e+04
-4.5623e+06 4.4005e+01 -4.9884e+03 1.0379e+04 1.7769e-01 2.4535e+04
-4.5838e+06 4.3924e+01 -4.9894e+03 1.0476e+04 4.4188e-01 2.4370e+04
-4.5774e+06 4.3838e+01 -4.9903e+03 1.0571e+04 8.0640e-01 2.4204e+04
-4.5944e+06 4.3717e+01 -4.9912e+03 1.0666e+04 1.1970e+00 2.4037e+04
-4.5817e+06 4.3571e+01 -4.9921e+03 1.0760e+04 1.6438e+00 2.3868e+04
-4.6054e+06 4.3425e+01 -4.9930e+03 1.0853e+04 1.4201e+00 2.3698e+04
-4.6002e+06 4.3289e+01 -4.9938e+03 1.0945e+04 7.0880e-01 2.3527e+04
-4.6312e+06 4.3166e+01 -4.9946e+03 1.1036e+04 2.1749e-01 2.3356e+04
-4.6190e+06 4.3065e+01 -4.9954e+03 1.1126e+04 5.9242e-03 2.3183e+04
-4.6448e+06 4.2994e+01 -4.9962e+03 1.1216e+04 1.3047e-01 2.3009e+04
-4.6210e+06 4.2917e+01 -4.9969e+03 1.1305e+04 6.3692e-01 2.2834e+04
-4.6467e+06 4.2787e+01 -4.9977e+03 1.1392e+04 7.3077e-01 2.2659e+04
-4.6224e+06 4.2617e+01 -4.9984e+03 1.1479e+04 3.4900e-01 2.2482e+04
-4.6478e+06 4.2470e+01 -4.9991e+03 1.1565e+04 1.9630e-01 2.2305e+04
-4.6170e+06 4.2376e+01 -4.9998e+03 1.1650e+04 -1.5472e-01 2.2126e+04
-4.6362e+06 4.2322e+01 -5.0005e+03 1.1734e+04 -2.4498e-01 2.1949e+04
-4.5943e+06 4.2278e+01 -5.0011e+03 1.1817e+04 1.9749e+00 2.1768e+04
-4.6134e+06 4.2176e+01 -5.0018e+03 1.1899e+04 2.2003e+00 2.1597e+04
-4.5802e+06 4.1964e+01 -5.0024e+03 1.1980e+04 -6.8544e-02 2.1410e+04
-4.4767e+06 4.5557e+01 -4.9458e+03 9.0510e+03 -7.4745e+00 2.6589e+04
-4.4564e+06 4.5403e+01 -4.9478e+03 9.1550e+03 7.5380e-01 2.6435e+04
-4.4660e+06 4.5211e+01 -4.9497e+03 9.2585e+03 2.2275e+00 2.6298e+04
-4.4783e+06 4.5029e+01 -4.9515e+03 9.3616e+03 1.8892e+00 2.6150e+04
-4.5581e+06 4.4866e+01 -4.9532e+03 9.4642e+03 -7.1235e+00 2.6000e+04
-4.5624e+06 4.4724e+01 -4.9549e+03 9.5662e+03 -5.8988e+00 2.5849e+04
-4.5220e+06 4.4614e+01 -4.9566e+03 9.6677e+03 -1.0405e+00 2.5696e+04
-4.4969e+06 4.4535e+01 -4.9582e+03 9.7686e+03 8.4637e-01 2.5542e+04
-4.5128e+06 4.4467e+01 -4.9597e+03 9.8689e+03 -4.3500e-01 2.5386e+04
-4.5162e+06 4.4365e+01 -4.9613e+03 9.9686e+03 -7.5465e-02 2.5229e+04
-4.5353e+06 4.4210e+01 -4.9627e+03 1.0068e+04 -3.3746e-01 2.5070e+04
-4.5415e+06 4.4039e+01 -4.9641e+03 1.0166e+04 3.9658e-01 2.4909e+04
-4.5698e+06 4.3889e+01 -4.9655e+03 1.0264e+04 3.0815e-01 2.4748e+04
-4.5746e+06 4.3756e+01 -4.9669e+03 1.0361e+04 2.6071e-01 2.4584e+04
-4.5992e+06 4.3629e+01 -4.9682e+03 1.0457e+04 1.4167e-02 2.4420e+04
-4.5929e+06 4.3520e+01 -4.9694e+03 1.0552e+04 2.1792e-01 2.4254e+04
-4.6091e+06 4.3436e+01 -4.9707e+03 1.0647e+04 2.7557e-01 2.4087e+04
-4.5978e+06 4.3352e+01 -4.9719e+03 1.0741e+04 5.2041e-01 2.3919e+04
-4.6243e+06 4.3238e+01 -4.9730e+03 1.0834e+04 5.9540e-01 2.3749e+04
-4.6199e+06 4.3093e+01 -4.9742e+03 1.0926e+04 2.7298e-01 2.3579e+04
-4.6505e+06 4.2937e+01 -4.9753e+03 1.1018e+04 -6.7873e-01 2.3407e+04
-4.6366e+06 4.2791e+01 -4.9764e+03 1.1108e+04 -8.5421e-01 2.3234e+04
-4.6635e+06 4.2683e+01 -4.9774e+03 1.1198e+04 -9.2685e-01 2.3061e+04
-4.6436e+06 4.2621e+01 -4.9785e+03 1.1287e+04 -7.6051e-01 2.2886e+04
-4.6707e+06 4.2561e+01 -4.9795e+03 1.1374e+04 -4.8209e-01 2.2710e+04
-4.6437e+06 4.2455e+01 -4.9804e+03 1.1461e+04 -5.0801e-01 2.2534e+04
-4.6703e+06 4.2321e+01 -4.9814e+03 1.1548e+04 -6.5162e-01 2.2357e+04
-4.6404e+06 4.2212e+01 -4.9823e+03 1.1633e+04 -7.8851e-01 2.2178e+04
-4.6629e+06 4.2146e+01 -4.9832e+03 1.1717e+04 -1.0300e+00 2.1999e+04
-4.6236e+06 4.2115e+01 -4.9841e+03 1.1800e+04 -1.1652e+00 2.1821e+04
-4.6360e+06 4.2088e+01 -4.9850e+03 1.1882e+04 1.0961e+00 2.1639e+04
-4.5970e+06 4.1980e+01 -4.9859e+03 1.1964e+04 1.3786e+00 2.1467e+04
-4.6249e+06 4.1738e+01 -4.9867e+03 1.2044e+04 -1.1542e+00 2.1279e+04
-4.6328e+06 4.5163e+01 -4.9189e+03 9.1426e+03 -1.8745e+01 2.6483e+04
-4.4881e+06 4.5013e+01 -4.9213e+03 9.2455e+03 -3.9011e+00 2.6329e+04
-4.5558e+06 4.4832e+01 -4.9237e+03 9.3479e+03 -3.4561e+00 2.6191e+04
-4.4508e+06 4.4648e+01 -4.9260e+03 9.4499e+03 6.5915e+00 2.6042e+04
-4.5563e+06 4.4477e+01 -4.9283e+03 9.5514e+03 -2.9278e+00 2.5891e+04
-4.5043e+06 4.4325e+01 -4.9304e+03 9.6525e+03 2.3035e+00 2.5740e+04
-4.5448e+06 4.4196e+01 -4.9325e+03 9.7530e+03 -1.3073e+00 2.5586e+04
-4.5228e+06 4.4098e+01 -4.9346e+03 9.8529e+03 7.1018e-01 2.5431e+04
-4.5545e+06 4.4024e+01 -4.9365e+03 9.9523e+03 -1.8405e+00 2.5274e+04
-4.5411e+06 4.3937e+01 -4.9384e+03 1.0051e+04 4.8709e-01 2.5116e+04
-4.5627e+06 4.3814e+01 -4.9403e+03 1.0149e+04 -8.3720e-01 2.4956e+04
-4.5711e+06 4.3670e+01 -4.9421e+03 1.0247e+04 4.1677e-01 2.4795e+04
-4.5901e+06 4.3528e+01 -4.9438e+03 1.0343e+04 -4.7436e-01 2.4632e+04
-4.6102e+06 4.3384e+01 -4.9455e+03 1.0440e+04 -5.0318e-01 2.4468e+04
-4.6187e+06 4.3231e+01 -4.9472e+03 1.0535e+04 -1.0520e+00 2.4302e+04
-4.6310e+06 4.3093e+01 -4.9488e+03 1.0630e+04 -2.7343e-01 2.4136e+04
-4.6259e+06 4.2996e+01 -4.9503e+03 1.0723e+04 -6.8340e-01 2.3968e+04
-4.6448e+06 4.2929e+01 -4.9518e+03 1.0816e+04 -6.6785e-01 2.3799e+04
-4.6385e+06 4.2852e+01 -4.9533e+03 1.0909e+04 -6.5615e-01 2.3628e+04
-4.6594e+06 4.2741e+01 -4.9548e+03 1.1000e+04 -4.0587e-01 2.3457e+04
-4.6414e+06 4.2598e+01 -4.9562e+03 1.1091e+04 -3.1940e-01 2.3284e+04
-4.6679e+06 4.2458e+01 -4.9575e+03 1.1181e+04 -7.0813e-02 2.3111e+04
-4.6597e+06 4.2364e+01 -4.9589e+03 1.1270e+04 -7.5484e-01 2.2936e+04
-4.6919e+06 4.2317e+01 -4.9602e+03 1.1358e+04 -1.0329e+00 2.2761e+04
-4.6670e+06 4.2272e+01 -4.9614e+03 1.1445e+04 -1.0392e+00 2.2584e+04
-4.6922e+06 4.2201e+01 -4.9627e+03 1.1531e+04 -9.1872e-01 2.2407e+04
-4.6633e+06 4.2123e+01 -4.9639e+03 1.1617e+04 -9.0481e-01 2.2229e+04
-4.6847e+06 4.2063e+01 -4.9650e+03 1.1701e+04 -7.8193e-01 2.2050e+04
-4.6490e+06 4.2029e+01 -4.9662e+03 1.1784e+04 -7.8570e-01 2.1870e+04
-4.6620e+06 4.2016e+01 -4.9673e+03 1.1867e+04 -7.5194e-01 2.1691e+04
-4.6135e+06 4.1990e+01 -4.9684e+03 1.1949e+04 1.4060e+00 2.1508e+04
-4.6271e+06 4.1886e+01 -4.9695e+03 1.2029e+04 1.4393e+00 2.1336e+04
-4.6007e+06 4.1659e+01 -4.9705e+03 1.2109e+04 -1.1428e+00 2.1147e+04
-4.7173e+06 4.4754e+01 -4.8909e+03 9.2351e+03 -2.2137e+01 2.6375e+04
-4.4844e+06 4.4590e+01 -4.8939e+03 9.3368e+03 -4.1704e+00 2.6220e+04
-4.6014e+06 4.4425e+01 -4.8968e+03 9.4381e+03 -4.4711e+00 2.6081e+04
-4.4519e+06 4.4258e+01 -4.8996e+03 9.5390e+03 5.8311e+00 2.5931e+04
-4.5733e+06 4.4093e+01 -4.9024e+03 9.6395e+03 -2.3830e+00 2.5780e+04
-4.5040e+06 4.3945e+01 -4.9050e+03 9.7395e+03 2.8940e+00 2.5627e+04
-4.5825e+06 4.3819e+01 -4.9076e+03 9.8390e+03 -1.6085e+00 2.5473e+04
-4.5272e+06 4.3715e+01 -4.9101e+03 9.9380e+03 1.6731e+00 2.5317e+04
-4.5831e+06 4.3628e+01 -4.9125e+03 1.0036e+04 -8.0919e-01 2.5159e+04
-4.5582e+06 4.3548e+01 -4.9148e+03 1.0134e+04 8.5975e-01 2.5000e+04
-4.6047e+06 4.3455e+01 -4.9171e+03 1.0231e+04 -6.7083e-01 2.4840e+04
-4.5846e+06 4.3333e+01 -4.9192e+03 1.0328e+04 7.0375e-01 2.4678e+04
-4.6257e+06 4.3188e+01 -4.9214e+03 1.0424e+04 -3.8074e-01 2.4514e+04
-4.6158e+06 4.3031e+01 -4.9235e+03 1.0519e+04 -2.2574e-01 2.4349e+04
-4.6563e+06 4.2866e+01 -4.9255e+03 1.0614e+04 -9.0311e-01 2.4183e+04
-4.6364e+06 4.2712e+01 -4.9274e+03 1.0707e+04 1.6217e-01 2.4015e+04
-4.6683e+06 4.2591e+01 -4.9293e+03 1.0800e+04 -3.5515e-01 2.3846e+04
-4.6493e+06 4.2516e+01 -4.9312e+03 1.0893e+04 -3.9284e-01 2.3676e+04
-4.6850e+06 4.2472e+01 -4.9330e+03 1.0984e+04 -3.5727e-01 2.3505e+04
-4.6575e+06 4.2412e+01 -4.9347e+03 1.1075e+04 -3.6057e-02 2.3333e+04
-4.6814e+06 4.2312e+01 -4.9364e+03 1.1165e+04 3.8375e-01 2.3160e+04
-4.6518e+06 4.2208e+01 -4.9381e+03 1.1254e+04 7.0066e-01 2.2985e+04
-4.6974e+06 4.2150e+01 -4.9397e+03 1.1342e+04 3.5218e-01 2.2810e+04
-4.6745e+06 4.2126e+01 -4.9413e+03 1.1429e+04 2.2196e-02 2.2633e+04
-4.7133e+06 4.2099e+01 -4.9428e+03 1.1516e+04 -5.4006e-01 2.2456e+04
-4.6753e+06 4.2057e+01 -4.9443e+03 1.1601e+04 -5.3270e-01 2.2278e+04
-4.7055e+06 4.2012e+01 -4.9458e+03 1.1686e+04 -2.2270e-01 2.2099e+04
-4.6639e+06 4.1974e+01 -4.9472e+03 1.1770e+04 -2.1435e-02 2.1919e+04
-4.6899e+06 4.1950e+01 -4.9486e+03 1.1852e+04 -1.6823e-01 2.1738e+04
-4.6395e+06 4.1939e+01 -4.9500e+03 1.1934e+04 -4.3422e-02 2.1559e+04
-4.6548e+06 4.1917e+01 -4.9513e+03 1.2015e+04 2.2790e+00 2.1375e+04
-4.6085e+06 4.1842e+01 -4.9526e+03 1.2095e+04 2.2736e+00 2.1202e+04
-4.6460e+06 4.1624e+01 -4.9539e+03 1.2174e+04 -2.8031e-01 2.1012e+04
-4.4961e+06 4.4321e+01 -4.8618e+03 9.3283e+03 1.6221e+00 2.6265e+04
-4.5470e+06 4.4163e+01 -4.8654e+03 9.4289e+03 2.2210e-01 2.6109e+04
-4.5160e+06 4.4012e+01 -4.8689e+03 9.5291e+03 1.6916e+00 2.5970e+04
-4.5386e+06 4.3861e+01 -4.8723e+03 9.6289e+03 9.5142e-01 2.5819e+04
-4.5429e+06 4.3702e+01 -4.8756e+03 9.7283e+03 -8.9489e-01 2.5667e+04
-4.5586e+06 4.3546e+01 -4.8787e+03 9.8273e+03 3.5714e-01 2.5513e+04
-4.5614e+06 4.3419e+01 -4.8818e+03 9.9257e+03 -1.7259e-02 2.5358e+04
-4.5917e+06 4.3326e+01 -4.8847e+03 1.0024e+04 -1.1373e-01 2.5201e+04
-4.5898e+06 4.3255e+01 -4.8876e+03 1.0121e+04 -3.3331e-01 2.5043e+04
-4.6028e+06 4.3192e+01 -4.8904e+03 1.0218e+04 3.2592e-01 2.4883e+04
-4.5986e+06 4.3119e+01 -4.8931e+03 1.0314e+04 4.2367e-01 2.4721e+04
-4.6239e+06 4.3008e+01 -4.8957e+03 1.0410e+04 3.1975e-01 2.4558e+04
-4.6232e+06 4.2864e+01 -4.8982e+03 1.0505e+04 -5.9896e-02 2.4394e+04
-4.6565e+06 4.2705e+01 -4.9007e+03 1.0599e+04 -4.3967e-01 2.4228e+04
-4.6537e+06 4.2548e+01 -4.9031e+03 1.0693e+04 -6.6824e-01 2.4061e+04
-4.6849e+06 4.2404e+01 -4.9054e+03 1.0786e+04 -6.9024e-01 2.3893e+04
-4.6754e+06 4.2285e+01 -4.9076e+03 1.0878e+04 -1.3812e+00 2.3723e+04
-4.7054e+06 4.2215e+01 -4.9098e+03 1.0969e+04 -1.5779e+00 2.3552e+04
-4.6817e+06 4.2191e+01 -4.9120e+03 1.1060e+04 -1.2261e+00 2.3380e+04
-4.6997e+06 4.2166e+01 -4.9141e+03 1.1150e+04 -2.5762e-01 2.3207e+04
-4.6606e+06 4.2111e+01 -4.9161e+03 1.1239e+04 1.0561e+00 2.3033e+04
-4.6959e+06 4.2054e+01 -4.9181e+03 1.1327e+04 1.2392e+00 2.2857e+04
-4.6871e+06 4.2023e+01 -4.9200e+03 1.1415e+04 2.2995e-01 2.2681e+04
-4.7289e+06 4.2009e+01 -4.9219e+03 1.1501e+04 -3.2885e-01 2.2504e+04
-4.6937e+06 4.1993e+01 -4.9237e+03 1.1587e+04 -3.4912e-01 2.2326e+04
-4.7231e+06 4.1968e+01 -4.9255e+03 1.1672e+04 -1.6091e-01 2.2147e+04
-4.6855e+06 4.1936e+01 -4.9272e+03 1.1756e+04 -4.0118e-02 2.1967e+04
-4.7111e+06 4.1903e+01 -4.9289e+03 1.1839e+04 1.6859e-01 2.1787e+04
-4.6682e+06 4.1877e+01 -4.9306e+03 1.1921e+04 7.5421e-02 2.1605e+04
-4.6870e+06 4.1859e+01 -4.9322e+03 1.2002e+04 -1.0598e-01 2.1424e+04
-4.6360e+06 4.1840e+01 -4.9338e+03 1.2082e+04 2.2607e+00 2.1240e+04
-4.6613e+06 4.1774e+01 -4.9353e+03 1.2161e+04 2.4297e+00 2.1066e+04
-4.6334e+06 4.1522e+01 -4.9368e+03 1.2240e+04 -1.2918e-01 2.0875e+04
-4.5551e+06 4.3901e+01 -4.8318e+03 9.4223e+03 -5.2981e+00 2.6153e+04
-4.5272e+06 4.3753e+01 -4.8360e+03 9.5217e+03 2.1254e+00 2.5996e+04
-4.5456e+06 4.3616e+01 -4.8401e+03 9.6208e+03 9.2509e-02 2.5856e+04
-4.5528e+06 4.3481e+01 -4.8440e+03 9.7195e+03 8.9590e-01 2.5704e+04
-4.5706e+06 4.3333e+01 -4.8479e+03 9.8178e+03 -1.0991e+00 2.5551e+04
-4.5881e+06 4.3174e+01 -4.8515e+03 9.9157e+03 -1.9062e-01 2.5397e+04
-4.6043e+06 4.3033e+01 -4.8551e+03 1.0013e+04 -8.7777e-01 2.5241e+04
-4.5946e+06 4.2929e+01 -4.8586e+03 1.0110e+04 5.5378e-01 2.5083e+04
-4.6150e+06 4.2851e+01 -4.8619e+03 1.0207e+04 -1.1754e-01 2.4924e+04
-4.6207e+06 4.2786e+01 -4.8652e+03 1.0302e+04 -5.1688e-02 2.4763e+04
-4.6418e+06 4.2725e+01 -4.8683e+03 1.0398e+04 -1.3420e-01 2.4600e+04
-4.6332e+06 4.2646e+01 -4.8714e+03 1.0492e+04 3.0482e-01 2.4437e+04
-4.6626e+06 4.2535e+01 -4.8743e+03 1.0587e+04 -1.3021e-01 2.4271e+04
-4.6571e+06 4.2399e+01 -4.8772e+03 1.0680e+04 -4.5836e-01 2.4105e+04
-4.6917e+06 4.2269e+01 -4.8800e+03 1.0773e+04 -6.8117e-01 2.3937e+04
-4.6773e+06 4.2167e+01 -4.8827e+03 1.0865e+04 -6.7578e-01 2.3768e+04
-4.7043e+06 4.2091e+01 -4.8853e+03 1.0956e+04 -7.1125e-01 2.3597e+04
-4.6827e+06 4.2047e+01 -4.8879e+03 1.1047e+04 -6.9809e-01 2.3426e+04
-4.7193e+06 4.2030e+01 -4.8904e+03 1.1137e+04 -1.0785e+00 2.3253e+04
-4.6966e+06 4.2015e+01 -4.8928e+03 1.1226e+04 -8.5872e-01 2.3079e+04
-4.7299e+06 4.1988e+01 -4.8952e+03 1.1314e+04 -4.3973e-02 2.2904e+04
-4.7015e+06 4.1960e+01 -4.8975e+03 1.1401e+04 3.3317e-01 2.2728e+04
-4.7381e+06 4.1939e+01 -4.8997e+03 1.1488e+04 2.6120e-01 2.2551e+04
-4.7035e+06 4.1922e+01 -4.9019e+03 1.1574e+04 3.6019e-01 2.2373e+04
-4.7406e+06 4.1905e+01 -4.9040e+03 1.1659e+04 1.5449e-01 2.2194e+04
-4.7005e+06 4.1880e+01 -4.9061e+03 1.1743e+04 1.1390e-01 2.2014e+04
-4.7315e+06 4.1844e+01 -4.9081e+03 1.1826e+04 2.9109e-01 2.1833e+04
-4.6890e+06 4.1806e+01 -4.9101e+03 1.1908e+04 4.9520e-01 2.1652e+04
-4.7173e+06 4.1771e+01 -4.9120e+03 1.1990e+04 2.5782e-01 2.1469e+04
-4.6708e+06 4.1742e+01 -4.9139e+03 1.2070e+04 -5.5085e-02 2.1288e+04
-4.6947e+06 4.1710e+01 -4.9157e+03 1.2149e+04 2.3135e+00 2.1103e+04
-4.6598e+06 4.1611e+01 -4.9175e+03 1.2228e+04 2.4970e+00 2.0928e+04
-4.7072e+06 4.1306e+01 -4.9193e+03 1.2306e+04 -6.4248e-01 2.0736e+04
-4.5870e+06 4.3514e+01 -4.8008e+03 9.5171e+03 2.9360e-01 2.6038e+04
-4.4865e+06 4.3363e+01 -4.8056e+03 9.6153e+03 8.2298e-02 2.5881e+04
-4.6044e+06 4.3237e+01 -4.8103e+03 9.7132e+03 -5.9941e-01 2.5740e+04
-4.5312e+06 4.3118e+01 -4.8149e+03 9.8108e+03 1.1819e+00 2.5587e+04
-4.6184e+06 4.2986e+01 -4.8193e+03 9.9080e+03 -7.6103e-01 2.5433e+04
-4.5689e+06 4.2840e+01 -4.8235e+03 1.0005e+04 1.2132e+00 2.5278e+04
-4.6257e+06 4.2693e+01 -4.8276e+03 1.0101e+04 -2.2257e-01 2.5121e+04
-4.6271e+06 4.2560e+01 -4.8316e+03 1.0197e+04 -4.1946e-01 2.4963e+04
-4.6553e+06 4.2450e+01 -4.8354e+03 1.0293e+04 -1.4644e+00 2.4802e+04
-4.6406e+06 4.2365e+01 -4.8392e+03 1.0387e+04 -1.5918e-01 2.4641e+04
-4.6446e+06 4.2314e+01 -4.8428e+03 1.0482e+04 3.4499e-01 2.4478e+04
-4.6563e+06 4.2282e+01 -4.8463e+03 1.0576e+04 1.0651e+00 2.4313e+04
-4.6670e+06 4.2232e+01 -4.8497e+03 1.0669e+04 5.6221e-03 2.4147e+04
-4.6966e+06 4.2151e+01 -4.8530e+03 1.0761e+04 -5.6048e-01 2.3979e+04
-4.6925e+06 4.2069e+01 -4.8562e+03 1.0853e+04 -1.1861e+00 2.3811e+04
-4.7125e+06 4.2011e+01 -4.8593e+03 1.0944e+04 -8.2782e-01 2.3641e+04
-4.6837e+06 4.1974e+01 -4.8624e+03 1.1035e+04 3.8694e-01 2.3469e+04
-4.7085e+06 4.1953e+01 -4.8653e+03 1.1125e+04 7.8804e-01 2.3297e+04
-4.7005e+06 4.1939e+01 -4.8682e+03 1.1214e+04 -7.3294e-01 2.3123e+04
-4.7409e+06 4.1920e+01 -4.8709e+03 1.1302e+04 -7.8692e-01 2.2948e+04
-4.7137e+06 4.1893e+01 -4.8737e+03 1.1389e+04 2.5520e-01 2.2772e+04
-4.7521e+06 4.1864e+01 -4.8763e+03 1.1476e+04 6.2109e-01 2.2595e+04
-4.7284e+06 4.1839e+01 -4.8789e+03 1.1562e+04 2.3039e-01 2.2418e+04
-4.7618e+06 4.1817e+01 -4.8814e+03 1.1647e+04 3.7206e-01 2.2239e+04
-4.7177e+06 4.1790e+01 -4.8838e+03 1.1731e+04 7.3508e-01 2.2059e+04
-4.7522e+06 4.1747e+01 -4.8862e+03 1.1814e+04 6.6612e-01 2.1878e+04
-4.7154e+06 4.1686e+01 -4.8885e+03 1.1897e+04 4.1742e-01 2.1697e+04
-4.7454e+06 4.1621e+01 -4.8908e+03 1.1978e+04 5.3883e-01 2.1515e+04
-4.7027e+06 4.1563e+01 -4.8930e+03 1.2059e+04 2.0548e-01 2.1331e+04
-4.7294e+06 4.1523e+01 -4.8951e+03 1.2138e+04 -3.3314e-01 2.1149e+04
-4.6846e+06 4.1479e+01 -4.8972e+03 1.2217e+04 1.9062e+00 2.0963e+04
-4.7243e+06 4.1333e+01 -4.8993e+03 1.2295e+04 1.9869e+00 2.0788e+04
-4.7085e+06 4.0989e+01 -4.9013e+03 1.2372e+04 -1.2555e+00 2.0596e+04
-4.5102e+06 4.3156e+01 -4.7688e+03 9.6124e+03 -5.3668e+00 2.5922e+04
-4.6395e+06 4.2995e+01 -4.7743e+03 9.7095e+03 -3.5751e+00 2.5763e+04
-4.5211e+06 4.2866e+01 -4.7797e+03 9.8062e+03 5.2457e-01 2.5621e+04
-4.6358e+06 4.2752e+01 -4.7848e+03 9.9027e+03 -1.9982e+00 2.5468e+04
-4.5729e+06 4.2629e+01 -4.7898e+03 9.9988e+03 9.3054e-02 2.5313e+04
-4.6616e+06 4.2501e+01 -4.7946e+03 1.0095e+04 -1.6395e+00 2.5157e+04
-4.6294e+06 4.2374e+01 -4.7993e+03 1.0190e+04 -3.0742e-01 2.4999e+04
-4.6516e+06 4.2257e+01 -4.8038e+03 1.0285e+04 -8.2176e-02 2.4840e+04
-4.6448e+06 4.2163e+01 -4.8082e+03 1.0379e+04 1.0771e+00 2.4679e+04
-4.6742e+06 4.2093e+01 -4.8124e+03 1.0473e+04 -7.0375e-02 2.4516e+04
-4.6761e+06 4.2054e+01 -4.8165e+03 1.0566e+04 4.5365e-01 2.4352e+04
-4.6766e+06 4.2041e+01 -4.8205e+03 1.0659e+04 1.1479e-01 2.4187e+04
-4.6993e+06 4.2024e+01 -4.8244e+03 1.0752e+04 -1.0972e-03 2.4020e+04
-4.6962e+06 4.1992e+01 -4.8281e+03 1.0843e+04 -5.3174e-01 2.3852e+04
-4.7196e+06 4.1954e+01 -4.8318e+03 1.0934e+04 -2.3505e-01 2.3682e+04
-4.6829e+06 4.1915e+01 -4.8353e+03 1.1024e+04 1.3586e+00 2.3511e+04
-4.6721e+06 4.1877e+01 -4.8387e+03 1.1114e+04 5.4746e+00 2.3339e+04
-4.6483e+06 4.1851e+01 -4.8421e+03 1.1203e+04 5.7905e+00 2.3166e+04
-4.7254e+06 4.1838e+01 -4.8453e+03 1.1291e+04 1.9525e+00 2.2991e+04
-4.7337e+06 4.1813e+01 -4.8485e+03 1.1378e+04 -5.9920e-01 2.2815e+04
-4.7857e+06 4.1763e+01 -4.8516e+03 1.1465e+04 -9.3380e-01 2.2639e+04
-4.7532e+06 4.1700e+01 -4.8545e+03 1.1551e+04 -6.2277e-01 2.2461e+04
-4.7800e+06 4.1647e+01 -4.8575e+03 1.1636e+04 3.7046e-01 2.2282e+04
-4.7342e+06 4.1611e+01 -4.8603e+03 1.1720e+04 1.0628e+00 2.2103e+04
-4.7765e+06 4.1575e+01 -4.8631e+03 1.1803e+04 8.3802e-01 2.1922e+04
-4.7369e+06 4.1519e+01 -4.8658e+03 1.1886e+04 4.7080e-01 2.1741e+04
-4.7724e+06 4.1440e+01 -4.8684e+03 1.1967e+04 4.2737e-01 2.1559e+04
-4.7304e+06 4.1350e+01 -4.8709e+03 1.2048e+04 3.4303e-01 2.1376e+04
-4.7644e+06 4.1269e+01 -4.8734e+03 1.2128e+04 -1.2871e-01 2.1192e+04
-4.7190e+06 4.1225e+01 -4.8759e+03 1.2207e+04 -3.7897e-01 2.1009e+04
-4.7505e+06 4.1174e+01 -4.8783e+03 1.2285e+04 2.0456e+00 2.0822e+04
-4.7236e+06 4.0990e+01 -4.8806e+03 1.2362e+04 1.8439e+00 2.0646e+04
-4.7857e+06 4.0608e+01 -4.8828e+03 1.2438e+04 -1.7029e+00 2.0453e+04
-4.6063e+06 4.2798e+01 -4.7359e+03 9.7084e+03 6.6805e-02 2.5802e+04
-4.5011e+06 4.2643e+01 -4.7421e+03 9.8042e+03 4.7167e+00 2.5643e+04
-4.6129e+06 4.2505e+01 -4.7481e+03 9.8998e+03 -1.3235e+00 2.5501e+04
-4.5583e+06 4.2394e+01 -4.7539e+03 9.9952e+03 1.5142e+00 2.5346e+04
-4.6541e+06 4.2291e+01 -4.7595e+03 1.0090e+04 -3.1463e+00 2.5191e+04
-4.6042e+06 4.2193e+01 -4.7650e+03 1.0185e+04 2.1345e+00 2.5034e+04
-4.6563e+06 4.2112e+01 -4.7702e+03 1.0279e+04 -4.8516e-01 2.4875e+04
-4.6767e+06 4.2050e+01 -4.7753e+03 1.0373e+04 7.2532e-01 2.4715e+04
-4.7085e+06 4.2007e+01 -4.7802e+03 1.0466e+04 -1.5070e+00 2.4553e+04
-4.6930e+06 4.1973e+01 -4.7850e+03 1.0559e+04 1.6176e+00 2.4390e+04
-4.6784e+06 4.1946e+01 -4.7896e+03 1.0652e+04 1.6460e+00 2.4225e+04
-4.6974e+06 4.1927e+01 -4.7941e+03 1.0743e+04 1.0491e+00 2.4059e+04
-4.7020e+06 4.1908e+01 -4.7984e+03 1.0835e+04 -1.0002e+00 2.3891e+04
-4.7349e+06 4.1884e+01 -4.8026e+03 1.0925e+04 -8.4373e-01 2.3722e+04
-4.7186e+06 4.1857e+01 -4.8067e+03 1.1015e+04 -1.6084e+00 2.3551e+04
-4.7296e+06 4.1811e+01 -4.8107e+03 1.1105e+04 5.3302e-01 2.3380e+04
-4.6789e+06 4.1743e+01 -4.8145e+03 1.1194e+04 4.0638e+00 2.3207e+04
-4.7191e+06 4.1687e+01 -4.8183e+03 1.1282e+04 4.3101e+00 2.3033e+04
-4.7299e+06 4.1660e+01 -4.8219e+03 1.1369e+04 6.7641e-01 2.2857e+04
-4.7864e+06 4.1627e+01 -4.8254e+03 1.1455e+04 -2.2400e-01 2.2681e+04
-4.7543e+06 4.1556e+01 -4.8289e+03 1.1541e+04 3.6455e-01 2.2503e+04
-4.7991e+06 4.1456e+01 -4.8322e+03 1.1626e+04 4.9825e-01 2.2325e+04
-4.7740e+06 4.1367e+01 -4.8355e+03 1.1710e+04 -3.1650e-01 2.2145e+04
-4.8169e+06 4.1305e+01 -4.8387e+03 1.1794e+04 -4.2772e-01 2.1965e+04
-4.7652e+06 4.1262e+01 -4.8418e+03 1.1876e+04 1.1580e-01 2.1783e+04
-4.8033e+06 4.1216e+01 -4.8448e+03 1.1958e+04 3.6167e-01 2.1601e+04
-4.7630e+06 4.1150e+01 -4.8478e+03 1.2039e+04 1.0937e-01 2.1418e+04
-4.7977e+06 4.1064e+01 -4.8506e+03 1.2119e+04 1.3805e-01 2.1234e+04
-4.7519e+06 4.0984e+01 -4.8534e+03 1.2198e+04 -9.5234e-03 2.1050e+04
-4.7839e+06 4.0934e+01 -4.8562e+03 1.2276e+04 -1.9645e-01 2.0866e+04
-4.7394e+06 4.0870e+01 -4.8588e+03 1.2353e+04 2.0714e+00 2.0678e+04
-4.7880e+06 4.0684e+01 -4.8614e+03 1.2429e+04 1.7698e+00 2.0502e+04
-4.7760e+06 4.0307e+01 -4.8640e+03 1.2505e+04 -1.7181e+00 2.0308e+04
-4.8854e+06 4.2426e+01 -4.7021e+03 9.8049e+03 -2.7773e+01 2.5681e+04
-4.4134e+06 4.2308e+01 -4.7090e+03 9.8996e+03 1.2002e+01 2.5521e+04
-4.6837e+06 4.2196e+01 -4.7157e+03 9.9940e+03 -5.7174e-01 2.5377e+04
-4.5068e+06 4.2119e+01 -4.7222e+03 1.0088e+04 5.1561e+00 2.5222e+04
-4.7206e+06 4.2058e+01 -4.7284e+03 1.0182e+04 -6.0133e+00 2.5066e+04
-4.6104e+06 4.1996e+01 -4.7345e+03 1.0276e+04 1.4246e+00 2.4908e+04
-4.7405e+06 4.1944e+01 -4.7403e+03 1.0369e+04 -2.8054e+00 2.4749e+04
-4.6313e+06 4.1916e+01 -4.7460e+03 1.0462e+04 2.9358e+00 2.4588e+04
-4.7865e+06 4.1901e+01 -4.7515e+03 1.0554e+04 -6.0613e+00 2.4425e+04
-4.7270e+06 4.1878e+01 -4.7568e+03 1.0646e+04 -2.8438e+00 2.4261e+04
-4.7494e+06 4.1850e+01 -4.7619e+03 1.0737e+04 5.3991e-02 2.4095e+04
-4.6820e+06 4.1827e+01 -4.7669e+03 1.0828e+04 1.2952e+00 2.3928e+04
-4.7554e+06 4.1798e+01 -4.7717e+03 1.0918e+04 -1.8390e+00 2.3759e+04
-4.7038e+06 4.1754e+01 -4.7764e+03 1.1008e+04 4.9569e-01 2.3590e+04
-4.7591e+06 4.1701e+01 -4.7810e+03 1.1097e+04 -6.8295e-01 2.3418e+04
-4.7109e+06 4.1633e+01 -4.7854e+03 1.1186e+04 2.3965e-01 2.3246e+04
-4.7499e+06 4.1540e+01 -4.7897e+03 1.1274e+04 1.5481e+00 2.3072e+04
-4.7196e+06 4.1456e+01 -4.7938e+03 1.1361e+04 2.4316e+00 2.2897e+04
-4.7982e+06 4.1407e+01 -4.7979e+03 1.1447e+04 6.6668e-02 2.2721e+04
-4.7810e+06 4.1362e+01 -4.8018e+03 1.1533e+04 -4.9090e-01 2.2544e+04
-4.8437e+06 4.1286e+01 -4.8057e+03 1.1618e+04 -1.0166e+00 2.2365e+04
-4.8012e+06 4.1182e+01 -4.8094e+03 1.1702e+04 -5.6035e-01 2.2186e+04
-4.8360e+06 4.1078e+01 -4.8130e+03 1.1785e+04 -4.6321e-02 2.2006e+04
-4.7848e+06 4.0997e+01 -4.8166e+03 1.1868e+04 4.3943e-01 2.1824e+04
-4.8395e+06 4.0949e+01 -4.8200e+03 1.1949e+04 -9.3809e-02 2.1642e+04
-4.7912e+06 4.0914e+01 -4.8234e+03 1.2030e+04 -1.0069e-01 2.1459e+04
-4.8281e+06 4.0865e+01 -4.8266e+03 1.2110e+04 1.2867e-01 2.1276e+04
-4.7807e+06 4.0795e+01 -4.8298e+03 1.2189e+04 3.8481e-01 2.1091e+04
-4.8183e+06 4.0724e+01 -4.8329e+03 1.2268e+04 1.8100e-01 2.0905e+04
-4.7691e+06 4.0665e+01 -4.8360e+03 1.2345e+04 5.2472e-02 2.0721e+04
-4.8048e+06 4.0603e+01 -4.8389e+03 1.2421e+04 2.2474e+00 2.0533e+04
-4.7762e+06 4.0477e+01 -4.8418e+03 1.2497e+04 2.1440e+00 2.0355e+04
-4.8410e+06 4.0184e+01 -4.8446e+03 1.2572e+04 -1.0577e+00 2.0161e+04
-4.4728e+06 4.2121e+01 -4.6674e+03 9.9020e+03 1.2955e+01 2.5557e+04
-4.6261e+06 4.2054e+01 -4.6751e+03 9.9955e+03 -3.6069e+00 2.5395e+04
-4.5089e+06 4.2000e+01 -4.6825e+03 1.0089e+04 1.3124e+01 2.5252e+04
-4.6530e+06 4.1960e+01 -4.6896e+03 1.0182e+04 -3.2713e+00 2.5095e+04
-4.6189e+06 4.1923e+01 -4.6966e+03 1.0275e+04 2.4116e+00 2.4939e+04
-4.6714e+06 4.1875e+01 -4.7032e+03 1.0367e+04 -1.1927e+00 2.4780e+04
-4.6356e+06 4.1821e+01 -4.7097e+03 1.0459e+04 4.1852e+00 2.4620e+04
-4.7546e+06 4.1780e+01 -4.7160e+03 1.0551e+04 -1.7964e+00 2.4458e+04
-4.7598e+06 4.1750e+01 -4.7220e+03 1.0642e+04 -3.6777e+00 2.4295e+04
-4.7614e+06 4.1715e+01 -4.7279e+03 1.0733e+04 -2.4634e+00 2.4130e+04
-4.6683e+06 4.1682e+01 -4.7335e+03 1.0823e+04 5.6645e+00 2.3963e+04
-4.7296e+06 4.1662e+01 -4.7391e+03 1.0913e+04 1.6414e+00 2.3795e+04
-4.7179e+06 4.1626e+01 -4.7444e+03 1.1003e+04 4.0841e-01 2.3626e+04
-4.7628e+06 4.1551e+01 -4.7496e+03 1.1091e+04 1.6008e+00 2.3455e+04
-4.7337e+06 4.1458e+01 -4.7546e+03 1.1180e+04 2.1397e+00 2.3283e+04
-4.8026e+06 4.1368e+01 -4.7595e+03 1.1267e+04 -1.4605e+00 2.3110e+04
-4.7888e+06 4.1276e+01 -4.7642e+03 1.1354e+04 -2.4876e+00 2.2935e+04
-4.8453e+06 4.1192e+01 -4.7688e+03 1.1440e+04 -2.2971e+00 2.2759e+04
-4.8090e+06 4.1130e+01 -4.7733e+03 1.1526e+04 -1.0297e+00 2.2582e+04
-4.8487e+06 4.1073e+01 -4.7777e+03 1.1610e+04 6.5610e-01 2.2404e+04
-4.7958e+06 4.0999e+01 -4.7819e+03 1.1694e+04 2.3992e+00 2.2225e+04
-4.8503e+06 4.0908e+01 -4.7860e+03 1.1778e+04 1.8117e+00 2.2045e+04
-4.8275e+06 4.0807e+01 -4.7900e+03 1.1860e+04 -3.0019e-02 2.1864e+04
-4.8848e+06 4.0721e+01 -4.7939e+03 1.1942e+04 -9.4412e-01 2.1682e+04
-4.8209e+06 4.0667e+01 -4.7977e+03 1.2023e+04 -1.2117e-01 2.1499e+04
-4.8635e+06 4.0631e+01 -4.8014e+03 1.2103e+04 1.7162e-01 2.1315e+04
-4.8175e+06 4.0586e+01 -4.8050e+03 1.2182e+04 7.9074e-03 2.1131e+04
-4.8551e+06 4.0525e+01 -4.8086e+03 1.2260e+04 3.3459e-01 2.0945e+04
-4.8012e+06 4.0458e+01 -4.8120e+03 1.2338e+04 3.7631e-01 2.0759e+04
-4.8385e+06 4.0395e+01 -4.8153e+03 1.2414e+04 -3.9929e-01 2.0574e+04
-4.7892e+06 4.0343e+01 -4.8186e+03 1.2490e+04 1.5474e+00 2.0385e+04
-4.8386e+06 4.0275e+01 -4.8218e+03 1.2565e+04 1.9830e+00 2.0207e+04
-4.8162e+06 4.0088e+01 -4.8249e+03 1.2639e+04 -4.8776e-01 2.0011e+04
-4.3044e+06 4.1945e+01 -4.6319e+03 9.9995e+03 -7.4883e-01 2.5431e+04
-4.9521e+06 4.1906e+01 -4.6403e+03 1.0092e+04 -1.5469e+01 2.5268e+04
-4.3574e+06 4.1875e+01 -4.6484e+03 1.0184e+04 1.2319e+01 2.5124e+04
-4.8567e+06 4.1840e+01 -4.6563e+03 1.0276e+04 -9.5305e+00 2.4967e+04
-4.5008e+06 4.1793e+01 -4.6639e+03 1.0367e+04 6.2586e+00 2.4809e+04
-4.8424e+06 4.1731e+01 -4.6712e+03 1.0459e+04 -7.3480e+00 2.4650e+04
-4.6227e+06 4.1654e+01 -4.6783e+03 1.0550e+04 4.1473e+00 2.4489e+04
-4.7620e+06 4.1569e+01 -4.6852e+03 1.0640e+04 -7.4766e-01 2.4326e+04
-4.6510e+06 4.1495e+01 -4.6918e+03 1.0731e+04 5.9777e+00 2.4162e+04
-4.7712e+06 4.1438e+01 -4.6983e+03 1.0821e+04 2.8902e-01 2.3996e+04
-4.7006e+06 4.1405e+01 -4.7045e+03 1.0910e+04 5.1707e+00 2.3829e+04
-4.7715e+06 4.1395e+01 -4.7106e+03 1.0999e+04 -1.3175e+00 2.3660e+04
-4.7555e+06 4.1365e+01 -4.7164e+03 1.1087e+04 9.5267e-01 2.3490e+04
-4.7620e+06 4.1282e+01 -4.7221e+03 1.1175e+04 1.7993e+00 2.3318e+04
-4.7656e+06 4.1173e+01 -4.7276e+03 1.1262e+04 4.7114e+00 2.3145e+04
-4.7843e+06 4.1074e+01 -4.7330e+03 1.1349e+04 6.9065e-01 2.2971e+04
-4.8139e+06 4.0990e+01 -4.7382e+03 1.1435e+04 8.1283e-01 2.2796e+04
-4.8077e+06 4.0914e+01 -4.7432e+03 1.1520e+04 5.2591e-01 2.2619e+04
-4.8586e+06 4.0848e+01 -4.7481e+03 1.1605e+04 1.7881e+00 2.2441e+04
-4.8656e+06 4.0783e+01 -4.7529e+03 1.1688e+04 -1.7760e-01 2.2262e+04
-4.9249e+06 4.0712e+01 -4.7576e+03 1.1772e+04 1.2420e-01 2.2083e+04
-4.8739e+06 4.0631e+01 -4.7621e+03 1.1854e+04 6.1631e-01 2.1902e+04
-4.8906e+06 4.0541e+01 -4.7665e+03 1.1936e+04 1.0018e+00 2.1720e+04
-4.8378e+06 4.0453e+01 -4.7708e+03 1.2016e+04 6.3974e-01 2.1537e+04
-4.8995e+06 4.0385e+01 -4.7749e+03 1.2096e+04 9.2828e-02 2.1353e+04
-4.8527e+06 4.0340e+01 -4.7790e+03 1.2176e+04 -5.3704e-01 2.1169e+04
-4.8856e+06 4.0301e+01 -4.7830e+03 1.2254e+04 2.1026e-01 2.0984e+04
-4.8352e+06 4.0249e+01 -4.7868e+03 1.2331e+04 6.7284e-01 2.0798e+04
-4.8727e+06 4.0187e+01 -4.7906e+03 1.2408e+04 3.4871e-01 2.0611e+04
-4.8207e+06 4.0122e+01 -4.7942e+03 1.2484e+04 -7.4784e-01 2.0425e+04
-4.8564e+06 4.0067e+01 -4.7978e+03 1.2559e+04 1.3006e+00 2.0235e+04
-4.8236e+06 4.0012e+01 -4.8013e+03 1.2633e+04 1.7894e+00 2.0056e+04
-4.8837e+06 3.9908e+01 -4.8047e+03 1.2706e+04 -6.7017e-01 1.9860e+04
-4.9573e+06 4.1805e+01 -4.5955e+03 1.0097e+04 -2.7920e+01 2.5300e+04
-4.2337e+06 4.1759e+01 -4.6047e+03 1.0189e+04 3.3470e+01 2.5140e+04
-4.9378e+06 4.1704e+01 -4.6136e+03 1.0279e+04 -2.7845e+01 2.4993e+04
-4.4081e+06 4.1650e+01 -4.6222e+03 1.0370e+04 2.3366e+01 2.4836e+04
-4.8749e+06 4.1582e+01 -4.6305e+03 1.0461e+04 -1.7895e+01 2.4677e+04
-4.5066e+06 4.1502e+01 -4.6385e+03 1.0551e+04 1.7421e+01 2.4518e+04
-4.7997e+06 4.1405e+01 -4.6462e+03 1.0641e+04 -9.7033e+00 2.4355e+04
-4.6775e+06 4.1294e+01 -4.6537e+03 1.0730e+04 8.1164e+00 2.4192e+04
-4.8283e+06 4.1184e+01 -4.6610e+03 1.0820e+04 -8.0946e+00 2.4026e+04
-4.6829e+06 4.1100e+01 -4.6680e+03 1.0908e+04 7.9163e+00 2.3860e+04
-4.7706e+06 4.1055e+01 -4.6748e+03 1.0997e+04 -2.3727e+00 2.3692e+04
-4.7547e+06 4.1046e+01 -4.6814e+03 1.1085e+04 3.8849e+00 2.3522e+04
-4.8055e+06 4.1035e+01 -4.6878e+03 1.1172e+04 -3.1564e+00 2.3351e+04
-4.8044e+06 4.0984e+01 -4.6940e+03 1.1259e+04 3.0306e+00 2.3179e+04
-4.8156e+06 4.0890e+01 -4.7000e+03 1.1345e+04 -9.8409e-01 2.3005e+04
-4.8488e+06 4.0786e+01 -4.7059e+03 1.1431e+04 9.4096e-01 2.2830e+04
-4.8674e+06 4.0698e+01 -4.7116e+03 1.1516e+04 -3.3155e+00 2.2654e+04
-4.9103e+06 4.0625e+01 -4.7171e+03 1.1600e+04 -5.0829e-01 2.2477e+04
-4.9021e+06 4.0558e+01 -4.7224e+03 1.1684e+04 -2.0975e+00 2.2298e+04
-4.9815e+06 4.0493e+01 -4.7276e+03 1.1767e+04 -4.4505e+00 2.2118e+04
-4.9283e+06 4.0425e+01 -4.7327e+03 1.1849e+04 -3.5674e+00 2.1938e+04
-4.9226e+06 4.0353e+01 -4.7376e+03 1.1930e+04 2.5931e+00 2.1756e+04
-4.8908e+06 4.0273e+01 -4.7424e+03 1.2011e+04 2.2195e-01 2.1574e+04
-4.9529e+06 4.0185e+01 -4.7471e+03 1.2091e+04 -1.1733e+00 2.1390e+04
-4.8815e+06 4.0104e+01 -4.7516e+03 1.2170e+04 -6.1166e-01 2.1206e+04
-4.9234e+06 4.0049e+01 -4.7561e+03 1.2249e+04 -1.0934e-03 2.1020e+04
-4.8785e+06 4.0012e+01 -4.7604e+03 1.2326e+04 -2.9296e-01 2.0834e+04
-4.9122e+06 3.9971e+01 -4.7646e+03 1.2403e+04 8.0826e-01 2.0648e+04
-4.8546e+06 3.9915e+01 -4.7687e+03 1.2479e+04 5.5089e-01 2.0460e+04
-4.8920e+06 3.9853e+01 -4.7727e+03 1.2554e+04 -8.0351e-01 2.0273e+04
-4.8437e+06 3.9792e+01 -4.7766e+03 1.2628e+04 6.7326e-01 2.0083e+04
-4.8914e+06 3.9740e+01 -4.7804e+03 1.2701e+04 1.3870e+00 1.9903e+04
-4.8632e+06 3.9685e+01 -4.7841e+03 1.2773e+04 -1.0406e+00 1.9707e+04
-6.7974e+06 4.1587e+01 -4.5584e+03 1.0196e+04 -1.3441e+02 2.5168e+04
-3.0657e+06 4.1515e+01 -4.5684e+03 1.0286e+04 8.5829e+01 2.5009e+04
-5.9633e+06 4.1433e+01 -4.5781e+03 1.0375e+04 -7.2596e+01 2.4859e+04
-3.6530e+06 4.1361e+01 -4.5874e+03 1.0465e+04 5.7183e+01 2.4704e+04
-5.5335e+06 4.1280e+01 -4.5964e+03 1.0554e+04 -4.7049e+01 2.4542e+04
-4.0954e+06 4.1200e+01 -4.6051e+03 1.0644e+04 3.4420e+01 2.4383e+04
-5.3205e+06 4.1108e+01 -4.6135e+03 1.0732e+04 -3.1823e+01 2.4218e+04
-4.2699e+06 4.1007e+01 -4.6216e+03 1.0821e+04 2.5651e+01 2.4056e+04
-5.0984e+06 4.0893e+01 -4.6295e+03 1.0909e+04 -1.7872e+01 2.3889e+04
-4.5127e+06 4.0788e+01 -4.6371e+03 1.0997e+04 1.3808e+01 2.3722e+04
-5.0710e+06 4.0713e+01 -4.6445e+03 1.1084e+04 -1.4378e+01 2.3552e+04
-4.6362e+06 4.0683e+01 -4.6517e+03 1.1171e+04 9.5755e+00 2.3383e+04
-5.0096e+06 4.0680e+01 -4.6586e+03 1.1257e+04 -7.0185e+00 2.3210e+04
-4.6978e+06 4.0666e+01 -4.6653e+03 1.1343e+04 8.4316e+00 2.3038e+04
-4.9404e+06 4.0602e+01 -4.6719e+03 1.1428e+04 -2.4052e+00 2.2863e+04
-4.7289e+06 4.0505e+01 -4.6782e+03 1.1513e+04 6.8928e+00 2.2687e+04
-4.9276e+06 4.0412e+01 -4.6844e+03 1.1597e+04 -7.5142e-01 2.2510e+04
-4.7922e+06 4.0335e+01 -4.6904e+03 1.1681e+04 6.0593e+00 2.2332e+04
-4.9796e+06 4.0267e+01 -4.6962e+03 1.1763e+04 -2.2390e-01 2.2153e+04
-4.9463e+06 4.0204e+01 -4.7018e+03 1.1845e+04 -3.2769e+00 2.1972e+04
-5.0901e+06 4.0140e+01 -4.7073e+03 1.1927e+04 -8.2628e+00 2.1791e+04
-4.9334e+06 4.0075e+01 -4.7127e+03 1.2007e+04 -2.4455e-01 2.1608e+04
-4.9724e+06 4.0004e+01 -4.7179e+03 1.2087e+04 2.8207e-01 2.1425e+04
-4.8691e+06 3.9923e+01 -4.7230e+03 1.2166e+04 1.8928e+00 2.1241e+04
-4.9755e+06 3.9839e+01 -4.7279e+03 1.2245e+04 -6.4804e-01 2.1055e+04
-4.9019e+06 3.9769e+01 -4.7327e+03 1.2322e+04 -2.5945e-01 2.0870e+04
-4.9545e+06 3.9723e+01 -4.7374e+03 1.2399e+04 -1.9066e-01 2.0683e+04
-4.8842e+06 3.9688e+01 -4.7419e+03 1.2474e+04 1.2735e+00 2.0495e+04
-4.9369e+06 3.9644e+01 -4.7464e+03 1.2549e+04 2.5304e-01 2.0307e+04
-4.8685e+06 3.9587e+01 -4.7507e+03 1.2624e+04 -2.8764e-01 2.0120e+04
-4.9147e+06 3.9528e+01 -4.7550e+03 1.2697e+04 1.4248e+00 1.9929e+04
-4.8731e+06 3.9476e+01 -4.7591e+03 1.2769e+04 2.1111e+00 1.9749e+04
-4.9389e+06 3.9431e+01 -4.7631e+03 1.2841e+04 -1.1130e+00 1.9551e+04
-5.4662e+06 4.1292e+01 -4.5206e+03 1.0294e+04 -3.7326e+01 2.5035e+04
-3.7872e+06 4.1196e+01 -4.5314e+03 1.0383e+04 5.3272e+01 2.4873e+04
-5.3413e+06 4.1107e+01 -4.5418e+03 1.0472e+04 -4.0332e+01 2.4725e+04
-4.1259e+06 4.1029e+01 -4.5518e+03 1.0560e+04 3.5947e+01 2.4567e+04
-5.1701e+06 4.0951e+01 -4.5616e+03 1.0648e+04 -2.7983e+01 2.4405e+04
-4.3118e+06 4.0878e+01 -4.5710e+03 1.0736e+04 2.6543e+01 2.4245e+04
-4.9967e+06 4.0798e+01 -4.5800e+03 1.0824e+04 -1.6033e+01 2.4080e+04
-4.5966e+06 4.0709e+01 -4.5888e+03 1.0912e+04 1.3028e+01 2.3916e+04
-5.0145e+06 4.0610e+01 -4.5973e+03 1.0999e+04 -1.4391e+01 2.3749e+04
-4.6486e+06 4.0503e+01 -4.6056e+03 1.1085e+04 1.0988e+01 2.3581e+04
-4.9149e+06 4.0404e+01 -4.6136e+03 1.1172e+04 -5.3685e+00 2.3411e+04
-4.7746e+06 4.0343e+01 -4.6213e+03 1.1258e+04 7.2991e+00 2.3240e+04
-4.9694e+06 4.0326e+01 -4.6288e+03 1.1343e+04 -6.5718e+00 2.3067e+04
-4.8728e+06 4.0323e+01 -4.6361e+03 1.1428e+04 3.5735e+00 2.2894e+04
-4.9188e+06 4.0297e+01 -4.6431e+03 1.1512e+04 -2.0067e+00 2.2718e+04
-4.8822e+06 4.0231e+01 -4.6500e+03 1.1596e+04 2.5829e+00 2.2542e+04
-4.9630e+06 4.0139e+01 -4.6566e+03 1.1679e+04 -4.5194e+00 2.2364e+04
-4.9751e+06 4.0052e+01 -4.6631e+03 1.1761e+04 -3.6614e-01 2.2185e+04
-4.9809e+06 3.9979e+01 -4.6694e+03 1.1843e+04 -1.8484e+00 2.2005e+04
-4.9842e+06 3.9914e+01 -4.6755e+03 1.1924e+04 2.1084e+00 2.1824e+04
-4.9345e+06 3.9852e+01 -4.6814e+03 1.2005e+04 1.5860e+00 2.1641e+04
-4.9556e+06 3.9793e+01 -4.6872e+03 1.2084e+04 3.4970e+00 2.1458e+04
-4.9614e+06 3.9731e+01 -4.6929e+03 1.2163e+04 -9.3316e-01 2.1274e+04
-5.0179e+06 3.9661e+01 -4.6983e+03 1.2241e+04 -1.2636e+00 2.1089e+04
-4.9364e+06 3.9581e+01 -4.7037e+03 1.2319e+04 -4.6998e-01 2.0903e+04
-4.9732e+06 3.9501e+01 -4.7088e+03 1.2395e+04 8.1489e-01 2.0717e+04
-4.9435e+06 3.9442e+01 -4.7139e+03 1.2471e+04 -4.6521e-01 2.0529e+04
-4.9740e+06 3.9405e+01 -4.7188e+03 1.2546e+04 4.4666e-01 2.0341e+04
-4.9152e+06 3.9372e+01 -4.7236e+03 1.2620e+04 1.1178e-01 2.0152e+04
-4.9485e+06 3.9326e+01 -4.7283e+03 1.2694e+04 -5.9179e-01 1.9964e+04
-4.9030e+06 3.9270e+01 -4.7329e+03 1.2766e+04 1.1735e+00 1.9772e+04
-4.9473e+06 3.9215e+01 -4.7374e+03 1.2837e+04 2.0470e+00 1.9591e+04
-4.9166e+06 3.9167e+01 -4.7417e+03 1.2908e+04 -9.1882e-01 1.9393e+04
-4.5307e+06 4.0954e+01 -4.4820e+03 1.0393e+04 -1.8374e+01 2.4902e+04
-5.0500e+06 4.0859e+01 -4.4936e+03 1.0481e+04 -1.6568e+01 2.4734e+04
-4.4433e+06 4.0781e+01 -4.5048e+03 1.0568e+04 1.1586e+01 2.4589e+04
-4.9504e+06 4.0707e+01 -4.5156e+03 1.0656e+04 -9.4578e+00 2.4427e+04
-4.5602e+06 4.0633e+01 -4.5261e+03 1.0743e+04 6.0310e+00 2.4267e+04
-4.9733e+06 4.0560e+01 -4.5362e+03 1.0830e+04 -1.0323e+01 2.4104e+04
-4.7297e+06 4.0480e+01 -4.5460e+03 1.0916e+04 1.7304e+00 2.3940e+04
-4.8079e+06 4.0387e+01 -4.5554e+03 1.1003e+04 -7.6464e-01 2.3774e+04
-4.7101e+06 4.0295e+01 -4.5646e+03 1.1089e+04 5.9678e+00 2.3607e+04
-4.9120e+06 4.0207e+01 -4.5734e+03 1.1174e+04 -3.0226e+00 2.3437e+04
-4.8888e+06 4.0114e+01 -4.5820e+03 1.1260e+04 -9.5447e-01 2.3267e+04
-4.9642e+06 4.0034e+01 -4.5904e+03 1.1344e+04 -7.7251e+00 2.3095e+04
-4.9721e+06 3.9990e+01 -4.5984e+03 1.1429e+04 -5.6108e+00 2.2922e+04
-4.9384e+06 3.9979e+01 -4.6063e+03 1.1512e+04 -1.8730e+00 2.2747e+04
-4.9042e+06 3.9977e+01 -4.6138e+03 1.1596e+04 4.3190e+00 2.2571e+04
-4.8831e+06 3.9946e+01 -4.6212e+03 1.1679e+04 2.5950e+00 2.2394e+04
-4.9140e+06 3.9872e+01 -4.6284e+03 1.1761e+04 3.8630e+00 2.2215e+04
-4.9023e+06 3.9780e+01 -4.6353e+03 1.1842e+04 3.0349e+00 2.2035e+04
-4.9755e+06 3.9696e+01 -4.6421e+03 1.1923e+04 2.7685e+00 2.1855e+04
-4.9803e+06 3.9622e+01 -4.6487e+03 1.2003e+04 2.8039e-02 2.1673e+04
-5.0752e+06 3.9555e+01 -4.6551e+03 1.2083e+04 -2.0484e+00 2.1490e+04
-5.0201e+06 3.9499e+01 -4.6613e+03 1.2161e+04 -2.6625e+00 2.1306e+04
-5.0097e+06 3.9450e+01 -4.6673e+03 1.2240e+04 7.1064e-01 2.1121e+04
-4.9197e+06 3.9395e+01 -4.6732e+03 1.2317e+04 2.3875e+00 2.0935e+04
-5.0140e+06 3.9327e+01 -4.6790e+03 1.2393e+04 9.0807e-01 2.0749e+04
-4.9703e+06 3.9251e+01 -4.6845e+03 1.2469e+04 -5.3063e-01 2.0561e+04
-5.0058e+06 3.9181e+01 -4.6900e+03 1.2544e+04 2.8730e-02 2.0373e+04
-4.9568e+06 3.9134e+01 -4.6953e+03 1.2618e+04 -4.3478e-02 2.0184e+04
-4.9963e+06 3.9111e+01 -4.7005e+03 1.2691e+04 -6.6994e-01 1.9995e+04
-4.9337e+06 3.9087e+01 -4.7055e+03 1.2764e+04 -1.1295e+00 1.9806e+04
-4.9644e+06 3.9047e+01 -4.7104e+03 1.2835e+04 1.6156e+00 1.9614e+04
-4.9308e+06 3.8999e+01 -4.7152e+03 1.2906e+04 2.0738e+00 1.9432e+04
-4.9859e+06 3.8957e+01 -4.7199e+03 1.2976e+04 -1.1834e+00 1.9233e+04
-3.6635e+06 4.0615e+01 -4.4428e+03 1.0493e+04 7.5168e+01 2.4762e+04
-5.2595e+06 4.0532e+01 -4.4552e+03 1.0579e+04 -3.9475e+01 2.4595e+04
-4.2331e+06 4.0472e+01 -4.4672e+03 1.0665e+04 3.0735e+01 2.4449e+04
-5.0735e+06 4.0412e+01 -4.4788e+03 1.0751e+04 -1.9868e+01 2.4286e+04
-4.4542e+06 4.0337e+01 -4.4900e+03 1.0837e+04 1.8914e+01 2.4125e+04
-4.9168e+06 4.0253e+01 -4.5008e+03 1.0923e+04 -8.9507e+00 2.3961e+04
-4.5085e+06 4.0168e+01 -4.5113e+03 1.1009e+04 1.5545e+01 2.3797e+04
-5.0592e+06 4.0073e+01 -4.5214e+03 1.1094e+04 -1.2123e+01 2.3630e+04
-4.7544e+06 3.9985e+01 -4.5312e+03 1.1179e+04 4.5236e+00 2.3462e+04
-4.9498e+06 3.9913e+01 -4.5407e+03 1.1263e+04 -3.3288e+00 2.3292e+04
-4.7466e+06 3.9837e+01 -4.5499e+03 1.1348e+04 8.2090e+00 2.3121e+04
-5.0226e+06 3.9751e+01 -4.5588e+03 1.1431e+04 -6.0976e+00 2.2948e+04
-4.8875e+06 3.9689e+01 -4.5675e+03 1.1515e+04 -4.8051e-01 2.2774e+04
-5.0532e+06 3.9668e+01 -4.5759e+03 1.1598e+04 -2.9907e+00 2.2598e+04
-4.9145e+06 3.9670e+01 -4.5840e+03 1.1680e+04 2.2661e+00 2.2422e+04
-5.0671e+06 3.9659e+01 -4.5919e+03 1.1762e+04 -3.6151e+00 2.2243e+04
-5.0027e+06 3.9608e+01 -4.5996e+03 1.1843e+04 -2.5744e+00 2.2064e+04
-5.1282e+06 3.9519e+01 -4.6071e+03 1.1923e+04 -5.4776e+00 2.1884e+04
-5.0207e+06 3.9423e+01 -4.6143e+03 1.2003e+04 -2.3266e+00 2.1702e+04
-5.0742e+06 3.9337e+01 -4.6214e+03 1.2082e+04 -1.1688e+00 2.1519e+04
-4.9368e+06 3.9268e+01 -4.6282e+03 1.2161e+04 3.1798e+00 2.1336e+04
-5.0240e+06 3.9221e+01 -4.6349e+03 1.2239e+04 2.0161e+00 2.1151e+04
-5.0046e+06 3.9186e+01 -4.6414e+03 1.2316e+04 -5.0359e-01 2.0966e+04
-5.1086e+06 3.9144e+01 -4.6477e+03 1.2392e+04 -2.6474e+00 2.0779e+04
-4.9774e+06 3.9094e+01 -4.6538e+03 1.2468e+04 -6.3184e-02 2.0592e+04
-5.0402e+06 3.9036e+01 -4.6598e+03 1.2543e+04 -1.1717e-01 2.0404e+04
-4.9996e+06 3.8973e+01 -4.6656e+03 1.2617e+04 -1.0560e+00 2.0215e+04
-5.0468e+06 3.8928e+01 -4.6713e+03 1.2690e+04 -1.2301e+00 2.0026e+04
-4.9696e+06 3.8915e+01 -4.6768e+03 1.2762e+04 -8.4945e-01 1.9835e+04
-5.0107e+06 3.8912e+01 -4.6823e+03 1.2834e+04 -1.7182e+00 1.9646e+04
-4.9532e+06 3.8894e+01 -4.6875e+03 1.2905e+04 7.1654e-01 1.9453e+04
-4.9990e+06 3.8866e+01 -4.6927e+03 1.2974e+04 1.3371e+00 1.9271e+04
-4.9570e+06 3.8839e+01 -4.6977e+03 1.3043e+04 -1.3609e+00 1.9071e+04
-4.7932e+06 4.0296e+01 -4.4029e+03 1.0592e+04 -3.4905e+01 2.4623e+04
-5.0827e+06 4.0225e+01 -4.4162e+03 1.0677e+04 -2.9294e+01 2.4453e+04
-4.5287e+06 4.0173e+01 -4.4290e+03 1.0762e+04 1.5073e+01 2.4306e+04
-4.9673e+06 4.0122e+01 -4.4413e+03 1.0847e+04 -1.4018e+01 2.4143e+04
-4.5989e+06 4.0044e+01 -4.4533e+03 1.0932e+04 1.0181e+01 2.3981e+04
-5.0277e+06 3.9949e+01 -4.4648e+03 1.1017e+04 -1.4788e+01 2.3817e+04
-4.8011e+06 3.9866e+01 -4.4760e+03 1.1101e+04 4.0654e+00 2.3651e+04
-4.8080e+06 3.9783e+01 -4.4868e+03 1.1185e+04 -1.5075e+00 2.3483e+04
-4.7381e+06 3.9700e+01 -4.4973e+03 1.1269e+04 9.5946e+00 2.3314e+04
-4.9778e+06 3.9629e+01 -4.5074e+03 1.1353e+04 -4.8834e+00 2.3144e+04
-4.9749e+06 3.9561e+01 -4.5173e+03 1.1436e+04 7.2428e-01 2.2972e+04
-5.0046e+06 3.9481e+01 -4.5268e+03 1.1519e+04 -4.1132e+00 2.2798e+04
-4.9884e+06 3.9412e+01 -4.5360e+03 1.1601e+04 2.6018e+00 2.2624e+04
-4.9572e+06 3.9385e+01 -4.5450e+03 1.1683e+04 5.0757e-01 2.2447e+04
-4.9796e+06 3.9389e+01 -4.5537e+03 1.1764e+04 3.9326e+00 2.2270e+04
-4.9496e+06 3.9387e+01 -4.5621e+03 1.1845e+04 2.0235e+00 2.2091e+04
-4.9713e+06 3.9342e+01 -4.5703e+03 1.1925e+04 5.3934e+00 2.1911e+04
-4.9422e+06 3.9254e+01 -4.5783e+03 1.2005e+04 3.6284e+00 2.1729e+04
-5.0348e+06 3.9163e+01 -4.5860e+03 1.2083e+04 2.7998e+00 2.1547e+04
-5.0492e+06 3.9087e+01 -4.5935e+03 1.2162e+04 -2.0021e+00 2.1364e+04
-5.1747e+06 3.9034e+01 -4.6009e+03 1.2239e+04 -4.5090e+00 2.1180e+04
-5.1029e+06 3.9008e+01 -4.6080e+03 1.2316e+04 -4.4171e+00 2.0994e+04
-5.0668e+06 3.8989e+01 -4.6149e+03 1.2393e+04 1.1425e+00 2.0808e+04
-4.9532e+06 3.8959e+01 -4.6217e+03 1.2468e+04 2.8633e+00 2.0621e+04
-5.0812e+06 3.8921e+01 -4.6282e+03 1.2543e+04 1.8872e-01 2.0433e+04
-5.0317e+06 3.8885e+01 -4.6346e+03 1.2617e+04 -1.6486e+00 2.0244e+04
-5.0517e+06 3.8848e+01 -4.6408e+03 1.2690e+04 -1.6156e-01 2.0055e+04
-4.9970e+06 3.8822e+01 -4.6469e+03 1.2762e+04 -3.0050e-01 1.9864e+04
-5.0395e+06 3.8814e+01 -4.6528e+03 1.2834e+04 -8.0250e-01 1.9673e+04
-4.9707e+06 3.8812e+01 -4.6586e+03 1.2904e+04 -7.4886e-01 1.9483e+04
-4.9981e+06 3.8805e+01 -4.6642e+03 1.2974e+04 2.4378e+00 1.9290e+04
-4.9653e+06 3.8795e+01 -4.6697e+03 1.3043e+04 2.4004e+00 1.9107e+04
-5.0236e+06 3.8781e+01 -4.6751e+03 1.3111e+04 -1.5179e+00 1.8907e+04
-4.0206e+06 4.0012e+01 -4.3624e+03 1.0691e+04 5.7813e+01 2.4476e+04
-4.7956e+06 3.9940e+01 -4.3765e+03 1.0775e+04 -4.1000e+00 2.4309e+04
-4.6105e+06 3.9870e+01 -4.3901e+03 1.0859e+04 6.1121e+00 2.4160e+04
-4.7942e+06 3.9808e+01 -4.4033e+03 1.0943e+04 6.5272e-01 2.3997e+04
-4.7121e+06 3.9729e+01 -4.4160e+03 1.1027e+04 3.8427e+00 2.3834e+04
-4.6898e+06 3.9641e+01 -4.4283e+03 1.1110e+04 8.3085e+00 2.3669e+04
-4.6610e+06 3.9564e+01 -4.4402e+03 1.1194e+04 7.6417e+00 2.3502e+04
-5.0346e+06 3.9486e+01 -4.4517e+03 1.1277e+04 -5.1004e+00 2.3335e+04
-4.9418e+06 3.9401e+01 -4.4628e+03 1.1360e+04 -4.0505e+00 2.3165e+04
-4.9210e+06 3.9331e+01 -4.4736e+03 1.1442e+04 2.5065e+00 2.2993e+04
-4.8616e+06 3.9280e+01 -4.4841e+03 1.1524e+04 3.9018e+00 2.2820e+04
-5.0219e+06 3.9219e+01 -4.4942e+03 1.1606e+04 1.0716e+00 2.2646e+04
-4.9498e+06 3.9147e+01 -4.5040e+03 1.1687e+04 1.4516e+00 2.2471e+04
-5.0894e+06 3.9107e+01 -4.5136e+03 1.1768e+04 -1.3627e+00 2.2294e+04
-5.0295e+06 3.9114e+01 -4.5228e+03 1.1848e+04 -2.7304e+00 2.2115e+04
-5.1532e+06 3.9122e+01 -4.5318e+03 1.1928e+04 -4.4119e+00 2.1936e+04
-5.1238e+06 3.9082e+01 -4.5405e+03 1.2007e+04 -6.1926e+00 2.1755e+04
-5.2230e+06 3.9009e+01 -4.5490e+03 1.2086e+04 -6.2667e+00 2.1573e+04
-5.1160e+06 3.8950e+01 -4.5573e+03 1.2164e+04 -3.3893e+00 2.1390e+04
-5.1314e+06 3.8911e+01 -4.5653e+03 1.2241e+04 1.4038e+00 2.1206e+04
-4.9694e+06 3.8885e+01 -4.5731e+03 1.2318e+04 5.4592e+00 2.1021e+04
-5.0503e+06 3.8876e+01 -4.5807e+03 1.2394e+04 3.9156e+00 2.0835e+04
-5.0681e+06 3.8867e+01 -4.5880e+03 1.2469e+04 -1.9020e+00 2.0648e+04
-5.1903e+06 3.8847e+01 -4.5952e+03 1.2544e+04 -4.4601e+00 2.0460e+04
-5.0293e+06 3.8821e+01 -4.6022e+03 1.2618e+04 -9.8988e-01 2.0271e+04
-5.0733e+06 3.8797e+01 -4.6090e+03 1.2691e+04 7.8850e-01 2.0082e+04
-5.0325e+06 3.8778e+01 -4.6156e+03 1.2763e+04 -4.3971e-01 1.9892e+04
-5.0621e+06 3.8766e+01 -4.6221e+03 1.2834e+04 -2.7632e-01 1.9701e+04
-4.9839e+06 3.8759e+01 -4.6284e+03 1.2905e+04 1.8894e-01 1.9509e+04
-5.0284e+06 3.8752e+01 -4.6346e+03 1.2975e+04 -3.7200e-01 1.9319e+04
-4.9827e+06 3.8744e+01 -4.6405e+03 1.3044e+04 1.8654e+00 1.9125e+04
-5.0288e+06 3.8738e+01 -4.6464e+03 1.3112e+04 2.2877e+00 1.8941e+04
-4.9910e+06 3.8729e+01 -4.6521e+03 1.3179e+04 -9.1328e-01 1.8741e+04
-5.7699e+06 3.9718e+01 -4.3214e+03 1.0791e+04 -9.5090e+01 2.4332e+04
-4.4774e+06 3.9660e+01 -4.3363e+03 1.0874e+04 8.3330e+00 2.4162e+04
-5.0776e+06 3.9579e+01 -4.3508e+03 1.0957e+04 -1.3605e+01 2.4012e+04
-4.6199e+06 3.9507e+01 -4.3647e+03 1.1039e+04 6.1050e+00 2.3849e+04
-4.9579e+06 3.9433e+01 -4.3782e+03 1.1122e+04 -8.2566e+00 2.3685e+04
-4.8644e+06 3.9349e+01 -4.3912e+03 1.1204e+04 -2.8632e+00 2.3520e+04
-5.1304e+06 3.9273e+01 -4.4038e+03 1.1287e+04 -9.9692e+00 2.3352e+04
-4.6471e+06 3.9198e+01 -4.4160e+03 1.1369e+04 8.9989e+00 2.3183e+04
-4.9131e+06 3.9119e+01 -4.4278e+03 1.1450e+04 3.7352e+00 2.3012e+04
-4.9584e+06 3.9063e+01 -4.4393e+03 1.1532e+04 -4.6274e-01 2.2841e+04
-5.2021e+06 3.9031e+01 -4.4504e+03 1.1613e+04 -8.8351e+00 2.2667e+04
-5.0156e+06 3.8993e+01 -4.4611e+03 1.1694e+04 -3.0540e+00 2.2492e+04
-5.1226e+06 3.8936e+01 -4.4715e+03 1.1774e+04 -1.8624e+00 2.2315e+04
-4.9544e+06 3.8897e+01 -4.4817e+03 1.1854e+04 2.0324e+00 2.2138e+04
-5.0835e+06 3.8898e+01 -4.4915e+03 1.1933e+04 1.3099e+00 2.1959e+04
-4.9531e+06 3.8908e+01 -4.5010e+03 1.2012e+04 4.4797e+00 2.1778e+04
-5.0184e+06 3.8887e+01 -4.5103e+03 1.2090e+04 7.3711e+00 2.1597e+04
-4.9271e+06 3.8848e+01 -4.5193e+03 1.2167e+04 9.9183e+00 2.1414e+04
-5.1094e+06 3.8823e+01 -4.5281e+03 1.2244e+04 4.6019e+00 2.1230e+04
-5.1173e+06 3.8811e+01 -4.5366e+03 1.2321e+04 3.4821e-02 2.1046e+04
-5.2887e+06 3.8799e+01 -4.5448e+03 1.2397e+04 -4.4267e+00 2.0860e+04
-5.1615e+06 3.8791e+01 -4.5529e+03 1.2472e+04 -4.5372e+00 2.0673e+04
-5.0993e+06 3.8785e+01 -4.5607e+03 1.2546e+04 2.7399e-01 2.0485e+04
-4.9487e+06 3.8772e+01 -4.5683e+03 1.2620e+04 3.4572e+00 2.0297e+04
-5.1244e+06 3.8755e+01 -4.5758e+03 1.2692e+04 3.4680e-01 2.0108e+04
-5.0618e+06 3.8736e+01 -4.5830e+03 1.2764e+04 -7.6402e-01 1.9918e+04
-5.0591e+06 3.8721e+01 -4.5900e+03 1.2836e+04 1.0121e+00 1.9727e+04
-4.9989e+06 3.8710e+01 -4.5969e+03 1.2906e+04 1.5433e+00 1.9536e+04
-5.0489e+06 3.8702e+01 -4.6036e+03 1.2976e+04 5.1043e-01 1.9343e+04
-4.9824e+06 3.8694e+01 -4.6101e+03 1.3045e+04 8.0198e-01 1.9152e+04
-5.0098e+06 3.8686e+01 -4.6165e+03 1.3113e+04 3.7500e+00 1.8957e+04
-4.9938e+06 3.8677e+01 -4.6227e+03 1.3180e+04 3.6040e+00 1.8774e+04
-5.0537e+06 3.8666e+01 -4.6288e+03 1.3246e+04 -3.4292e-01 1.8572e+04
-4.1311e+06 3.9407e+01 -4.2799e+03 1.0891e+04 5.3752e+01 2.4180e+04
-4.5165e+06 3.9363e+01 -4.2956e+03 1.0972e+04 1.7658e+01 2.4013e+04
-4.8711e+06 3.9299e+01 -4.3109e+03 1.1054e+04 -1.4321e+01 2.3862e+04
-4.6290e+06 3.9229e+01 -4.3256e+03 1.1136e+04 1.5403e+01 2.3698e+04
-4.9455e+06 3.9164e+01 -4.3398e+03 1.1217e+04 -9.1011e+00 2.3533e+04
-4.5589e+06 3.9093e+01 -4.3536e+03 1.1298e+04 2.0236e+01 2.3367e+04
-4.7840e+06 3.9025e+01 -4.3669e+03 1.1380e+04 -1.1962e-01 2.3198e+04
-5.0807e+06 3.8970e+01 -4.3798e+03 1.1461e+04 -1.1658e+00 2.3029e+04
-5.1283e+06 3.8921e+01 -4.3923e+03 1.1541e+04 -1.2383e+01 2.2858e+04
-4.9247e+06 3.8889e+01 -4.4044e+03 1.1622e+04 5.1348e+00 2.2685e+04
-4.9249e+06 3.8871e+01 -4.4162e+03 1.1702e+04 1.3472e+00 2.2510e+04
-5.0095e+06 3.8847e+01 -4.4275e+03 1.1781e+04 7.1633e+00 2.2335e+04
-5.0157e+06 3.8817e+01 -4.4386e+03 1.1860e+04 -2.8013e-01 2.2158e+04
-5.1441e+06 3.8796e+01 -4.4493e+03 1.1939e+04 -3.9792e-01 2.1979e+04
-5.1248e+06 3.8790e+01 -4.4597e+03 1.2017e+04 -5.6824e+00 2.1800e+04
-5.2332e+06 3.8788e+01 -4.4698e+03 1.2095e+04 -4.8792e+00 2.1619e+04
-5.2266e+06 3.8776e+01 -4.4796e+03 1.2172e+04 -6.8658e+00 2.1436e+04
-5.3386e+06 3.8762e+01 -4.4891e+03 1.2249e+04 -6.4004e+00 2.1253e+04
-5.2971e+06 3.8755e+01 -4.4984e+03 1.2325e+04 -1.4947e+01 2.1069e+04
-5.2769e+06 3.8746e+01 -4.5074e+03 1.2400e+04 -8.0253e+00 2.0883e+04
-4.9873e+06 3.8734e+01 -4.5162e+03 1.2475e+04 7.4124e+00 2.0696e+04
-4.9943e+06 3.8724e+01 -4.5247e+03 1.2549e+04 1.2710e+01 2.0509e+04
-5.0644e+06 3.8715e+01 -4.5330e+03 1.2623e+04 1.8797e+00 2.0321e+04
-5.2546e+06 3.8703e+01 -4.5411e+03 1.2695e+04 -5.1921e+00 2.0132e+04
-5.0542e+06 3.8688e+01 -4.5489e+03 1.2767e+04 -7.4957e-01 1.9942e+04
-5.0814e+06 3.8673e+01 -4.5566e+03 1.2838e+04 2.4430e+00 1.9751e+04
-5.0588e+06 3.8659e+01 -4.5640e+03 1.2909e+04 -1.7829e-01 1.9560e+04
-5.0815e+06 3.8642e+01 -4.5713e+03 1.2978e+04 7.2955e-01 1.9368e+04
-5.0056e+06 3.8624e+01 -4.5784e+03 1.3047e+04 1.3792e+00 1.9175e+04
-5.0560e+06 3.8612e+01 -4.5853e+03 1.3115e+04 4.2422e-01 1.8983e+04
-5.0261e+06 3.8605e+01 -4.5920e+03 1.3182e+04 1.5881e+00 1.8788e+04
-5.0702e+06 3.8597e+01 -4.5986e+03 1.3249e+04 2.1439e+00 1.8604e+04
-5.0265e+06 3.8583e+01 -4.6050e+03 1.3314e+04 5.7486e-01 1.8402e+04
-6.5374e+06 3.9102e+01 -4.2378e+03 1.0990e+04 -1.4933e+02 2.4033e+04
-4.2125e+06 3.9072e+01 -4.2544e+03 1.1071e+04 1.7602e+01 2.3861e+04
-5.4094e+06 3.9028e+01 -4.2705e+03 1.1151e+04 -2.9530e+01 2.3709e+04
-4.4792e+06 3.8977e+01 -4.2860e+03 1.1232e+04 1.1901e+01 2.3545e+04
-5.1942e+06 3.8932e+01 -4.3010e+03 1.1312e+04 -1.8333e+01 2.3379e+04
-4.8986e+06 3.8895e+01 -4.3155e+03 1.1393e+04 -2.9396e+00 2.3213e+04
-5.3933e+06 3.8857e+01 -4.3296e+03 1.1473e+04 -1.9142e+01 2.3043e+04
-4.5379e+06 3.8831e+01 -4.3432e+03 1.1553e+04 1.5238e+01 2.2872e+04
-5.0039e+06 3.8810e+01 -4.3564e+03 1.1632e+04 2.8770e+00 2.2700e+04
-4.9984e+06 3.8794e+01 -4.3691e+03 1.1711e+04 -1.6547e+00 2.2527e+04
-5.3527e+06 3.8779e+01 -4.3815e+03 1.1790e+04 -1.3942e+01 2.2352e+04
-5.0097e+06 3.8762e+01 -4.3935e+03 1.1869e+04 -4.1242e-01 2.2176e+04
-5.2119e+06 3.8746e+01 -4.4052e+03 1.1947e+04 -2.8288e+00 2.1998e+04
-4.9522e+06 3.8736e+01 -4.4165e+03 1.2025e+04 4.4816e+00 2.1818e+04
-5.1435e+06 3.8729e+01 -4.4275e+03 1.2102e+04 2.2661e+00 2.1638e+04
-4.9455e+06 3.8721e+01 -4.4381e+03 1.2179e+04 7.8954e+00 2.1456e+04
-5.0296e+06 3.8707e+01 -4.4485e+03 1.2255e+04 1.1955e+01 2.1273e+04
-4.9180e+06 3.8696e+01 -4.4585e+03 1.2331e+04 1.4482e+01 2.1089e+04
-5.2085e+06 3.8689e+01 -4.4683e+03 1.2406e+04 -1.6098e+00 2.0904e+04
-5.2306e+06 3.8677e+01 -4.4778e+03 1.2480e+04 -1.0065e+01 2.0718e+04
-5.4178e+06 3.8661e+01 -4.4871e+03 1.2554e+04 -1.0096e+01 2.0531e+04
-5.2128e+06 3.8648e+01 -4.4961e+03 1.2627e+04 -2.5724e+00 2.0343e+04
-5.0989e+06 3.8637e+01 -4.5048e+03 1.2699e+04 5.6971e+00 2.0154e+04
-4.9200e+06 3.8620e+01 -4.5134e+03 1.2771e+04 8.1552e+00 1.9964e+04
-5.1611e+06 3.8599e+01 -4.5217e+03 1.2842e+04 1.7935e+00 1.9774e+04
-5.1014e+06 3.8581e+01 -4.5298e+03 1.2912e+04 -3.6793e-01 1.9583e+04
-5.0821e+06 3.8565e+01 -4.5376e+03 1.2982e+04 1.7144e+00 1.9391e+04
-5.0331e+06 3.8538e+01 -4.5453e+03 1.3051e+04 2.2661e+00 1.9198e+04
-5.0990e+06 3.8506e+01 -4.5528e+03 1.3118e+04 3.1622e-01 1.9004e+04
-5.0409e+06 3.8486e+01 -4.5601e+03 1.3185e+04 4.2844e-01 1.8812e+04
-5.0634e+06 3.8480e+01 -4.5672e+03 1.3252e+04 3.0612e+00 1.8616e+04
-5.0462e+06 3.8475e+01 -4.5742e+03 1.3317e+04 3.1538e+00 1.8431e+04
-5.0906e+06 3.8456e+01 -4.5810e+03 1.3382e+04 1.1888e+00 1.8229e+04
-3.7918e+06 3.8911e+01 -4.1953e+03 1.1090e+04 7.2307e+01 2.3874e+04
-4.4320e+06 3.8875e+01 -4.2128e+03 1.1169e+04 2.3394e+01 2.3706e+04
-4.9022e+06 3.8845e+01 -4.2296e+03 1.1249e+04 -2.4826e+01 2.3553e+04
-4.5724e+06 3.8818e+01 -4.2459e+03 1.1328e+04 2.1205e+01 2.3389e+04
-5.0468e+06 3.8795e+01 -4.2617e+03 1.1408e+04 -1.6712e+01 2.3221e+04
-4.4598e+06 3.8781e+01 -4.2770e+03 1.1487e+04 2.8174e+01 2.3054e+04
-4.7806e+06 3.8765e+01 -4.2918e+03 1.1566e+04 -1.7153e+00 2.2884e+04
-5.2009e+06 3.8749e+01 -4.3061e+03 1.1644e+04 -1.2353e+00 2.2714e+04
-5.2748e+06 3.8734e+01 -4.3199e+03 1.1723e+04 -1.8516e+01 2.2541e+04
-4.9005e+06 3.8721e+01 -4.3334e+03 1.1801e+04 1.0764e+01 2.2366e+04
-4.8997e+06 3.8706e+01 -4.3464e+03 1.1879e+04 3.5004e+00 2.2190e+04
-5.0061e+06 3.8690e+01 -4.3591e+03 1.1957e+04 9.5945e+00 2.2014e+04
-5.0556e+06 3.8676e+01 -4.3713e+03 1.2034e+04 -1.8271e+00 2.1835e+04
-5.2100e+06 3.8665e+01 -4.3832e+03 1.2111e+04 7.0382e-01 2.1655e+04
-5.2177e+06 3.8655e+01 -4.3948e+03 1.2187e+04 -7.3583e+00 2.1474e+04
-5.3452e+06 3.8643e+01 -4.4060e+03 1.2262e+04 -6.5058e+00 2.1292e+04
-5.3867e+06 3.8625e+01 -4.4169e+03 1.2338e+04 -1.2829e+01 2.1108e+04
-5.4814e+06 3.8606e+01 -4.4275e+03 1.2412e+04 -9.0151e+00 2.0924e+04
-5.3532e+06 3.8592e+01 -4.4378e+03 1.2486e+04 -8.5660e+00 2.0738e+04
-5.2606e+06 3.8576e+01 -4.4478e+03 1.2560e+04 1.5391e+00 2.0551e+04
-4.9663e+06 3.8558e+01 -4.4576e+03 1.2633e+04 9.6179e+00 2.0363e+04
-5.0324e+06 3.8538e+01 -4.4671e+03 1.2705e+04 9.8020e+00 2.0174e+04
-5.1888e+06 3.8519e+01 -4.4763e+03 1.2776e+04 -3.0342e+00 1.9985e+04
-5.3838e+06 3.8497e+01 -4.4853e+03 1.2847e+04 -7.6056e+00 1.9795e+04
-5.1064e+06 3.8471e+01 -4.4941e+03 1.2917e+04 -8.0462e-01 1.9603e+04
-5.1062e+06 3.8446e+01 -4.5026e+03 1.2986e+04 3.6186e+00 1.9411e+04
-5.1210e+06 3.8421e+01 -4.5109e+03 1.3055e+04 6.9007e-01 1.9219e+04
-5.1296e+06 3.8391e+01 -4.5190e+03 1.3123e+04 1.1705e+00 1.9026e+04
-5.0734e+06 3.8358e+01 -4.5269e+03 1.3190e+04 8.1532e-01 1.8831e+04
-5.1312e+06 3.8337e+01 -4.5346e+03 1.3256e+04 -7.6538e-01 1.8638e+04
-5.1213e+06 3.8327e+01 -4.5421e+03 1.3321e+04 2.7950e-01 1.8442e+04
-5.1325e+06 3.8317e+01 -4.5494e+03 1.3386e+04 1.5256e+00 1.8257e+04
-5.0765e+06 3.8291e+01 -4.5566e+03 1.3449e+04 1.2440e+00 1.8054e+04
-7.4113e+06 3.8817e+01 -4.1524e+03 1.1190e+04 -2.1637e+02 2.3723e+04
-3.8439e+06 3.8790e+01 -4.1707e+03 1.1268e+04 1.8156e+01 2.3549e+04
-5.7313e+06 3.8760e+01 -4.1884e+03 1.1346e+04 -4.8116e+01 2.3396e+04
-4.2736e+06 3.8740e+01 -4.2055e+03 1.1424e+04 1.2158e+01 2.3230e+04
-5.3941e+06 3.8721e+01 -4.2220e+03 1.1503e+04 -2.9811e+01 2.3063e+04
-4.9078e+06 3.8703e+01 -4.2380e+03 1.1581e+04 -6.7981e+00 2.2895e+04
-5.6616e+06 3.8685e+01 -4.2535e+03 1.1659e+04 -2.8899e+01 2.2724e+04
-4.3681e+06 3.8669e+01 -4.2686e+03 1.1736e+04 1.9384e+01 2.2552e+04
-5.0549e+06 3.8650e+01 -4.2831e+03 1.1814e+04 1.5634e+00 2.2378e+04
-4.9936e+06 3.8631e+01 -4.2972e+03 1.1891e+04 6.6825e-01 2.2204e+04
-5.5091e+06 3.8611e+01 -4.3109e+03 1.1968e+04 -1.6966e+01 2.2027e+04
-5.0307e+06 3.8593e+01 -4.3242e+03 1.2044e+04 -1.8213e+00 2.1849e+04
-5.3264e+06 3.8576e+01 -4.3371e+03 1.2120e+04 -4.9935e+00 2.1670e+04
-4.9508e+06 3.8561e+01 -4.3496e+03 1.2196e+04 7.2410e+00 2.1490e+04
-5.2081e+06 3.8541e+01 -4.3617e+03 1.2271e+04 3.5166e+00 2.1307e+04
-4.9359e+06 3.8522e+01 -4.3735e+03 1.2346e+04 1.1181e+01 2.1124e+04
-5.0466e+06 3.8500e+01 -4.3850e+03 1.2420e+04 1.2531e+01 2.0940e+04
-4.8590e+06 3.8475e+01 -4.3961e+03 1.2494e+04 1.7880e+01 2.0754e+04
-5.1426e+06 3.8452e+01 -4.4069e+03 1.2567e+04 1.0096e+01 2.0568e+04
-5.1927e+06 3.8431e+01 -4.4175e+03 1.2639e+04 5.9239e-01 2.0381e+04
-5.5698e+06 3.8408e+01 -4.4277e+03 1.2711e+04 -1.3664e+01 2.0193e+04
-5.4064e+06 3.8383e+01 -4.4377e+03 1.2782e+04 -1.1835e+01 2.0004e+04
-5.2141e+06 3.8359e+01 -4.4474e+03 1.2853e+04 1.1789e+00 1.9813e+04
-4.9197e+06 3.8336e+01 -4.4569e+03 1.2923e+04 9.9243e+00 1.9622e+04
-5.2385e+06 3.8310e+01 -4.4661e+03 1.2992e+04 1.5446e+00 1.9430e+04
-5.1833e+06 3.8283e+01 -4.4750e+03 1.3060e+04 -1.4013e+00 1.9238e+04
-5.1296e+06 3.8256e+01 -4.4838e+03 1.3128e+04 2.5673e+00 1.9045e+04
-5.0914e+06 3.8230e+01 -4.4923e+03 1.3194e+04 2.8562e+00 1.8851e+04
-5.1793e+06 3.8206e+01 -4.5006e+03 1.3261e+04 -4.2325e-01 1.8656e+04
-5.1200e+06 3.8186e+01 -4.5087e+03 1.3326e+04 -1.0769e-01 1.8463e+04
-5.1305e+06 3.8170e+01 -4.5166e+03 1.3390e+04 3.3732e+00 1.8266e+04
-5.1130e+06 3.8152e+01 -4.5243e+03 1.3454e+04 3.1290e+00 1.8080e+04
-5.1664e+06 3.8123e+01 -4.5318e+03 1.3517e+04 -1.2940e+00 1.7877e+04
-2.8831e+06 3.8791e+01 -4.1092e+03 1.1289e+04 9.0504e+01 2.3557e+04
-4.4037e+06 3.8742e+01 -4.1283e+03 1.1366e+04 1.1415e+00 2.3390e+04
-4.6656e+06 3.8700e+01 -4.1467e+03 1.1443e+04 -3.8533e+01 2.3236e+04
-4.5827e+06 3.8667e+01 -4.1646e+03 1.1521e+04 7.9467e+00 2.3070e+04
-4.9991e+06 3.8635e+01 -4.1819e+03 1.1598e+04 -2.6631e+01 2.2901e+04
-4.3392e+06 3.8605e+01 -4.1987e+03 1.1675e+04 2.7645e+01 2.2732e+04
-4.6368e+06 3.8575e+01 -4.2149e+03 1.1752e+04 -1.6429e+00 2.2560e+04
-5.3897e+06 3.8550e+01 -4.2306e+03 1.1828e+04 -9.6254e+00 2.2390e+04
-5.4017e+06 3.8523e+01 -4.2459e+03 1.1905e+04 -2.7550e+01 2.2215e+04
-4.8811e+06 3.8497e+01 -4.2607e+03 1.1981e+04 1.3777e+01 2.2039e+04
-4.8198e+06 3.8473e+01 -4.2750e+03 1.2057e+04 1.0737e+01 2.1861e+04
-5.0331e+06 3.8451e+01 -4.2889e+03 1.2132e+04 1.2747e+01 2.1683e+04
-5.1030e+06 3.8428e+01 -4.3024e+03 1.2207e+04 -2.6970e+00 2.1503e+04
-5.3256e+06 3.8405e+01 -4.3155e+03 1.2282e+04 -1.5523e+00 2.1322e+04
-5.3253e+06 3.8380e+01 -4.3283e+03 1.2356e+04 -1.1244e+01 2.1139e+04
-5.4895e+06 3.8353e+01 -4.3406e+03 1.2430e+04 -1.1328e+01 2.0956e+04
-5.5637e+06 3.8329e+01 -4.3526e+03 1.2503e+04 -2.0703e+01 2.0771e+04
-5.6709e+06 3.8305e+01 -4.3643e+03 1.2575e+04 -1.9048e+01 2.0585e+04
-5.4679e+06 3.8281e+01 -4.3757e+03 1.2647e+04 -1.4584e+01 2.0398e+04
-5.2983e+06 3.8257e+01 -4.3867e+03 1.2719e+04 1.5523e+00 2.0209e+04
-4.9187e+06 3.8234e+01 -4.3975e+03 1.2790e+04 1.3796e+01 2.0020e+04
-5.0146e+06 3.8209e+01 -4.4079e+03 1.2860e+04 1.4076e+01 1.9830e+04
-5.2878e+06 3.8185e+01 -4.4181e+03 1.2929e+04 -3.6906e+00 1.9640e+04
-5.5484e+06 3.8161e+01 -4.4281e+03 1.2998e+04 -1.1213e+01 1.9449e+04
-5.1758e+06 3.8138e+01 -4.4377e+03 1.3066e+04 -2.5871e+00 1.9256e+04
-5.1524e+06 3.8114e+01 -4.4471e+03 1.3134e+04 2.9602e+00 1.9063e+04
-5.2243e+06 3.8091e+01 -4.4563e+03 1.3200e+04 -1.5760e+00 1.8869e+04
-5.2168e+06 3.8070e+01 -4.4652e+03 1.3266e+04 -1.0876e+00 1.8675e+04
-5.1554e+06 3.8050e+01 -4.4740e+03 1.3331e+04 -1.4451e-01 1.8479e+04
-5.2056e+06 3.8031e+01 -4.4825e+03 1.3396e+04 -1.5396e+00 1.8286e+04
-5.2166e+06 3.8011e+01 -4.4908e+03 1.3459e+04 -3.5529e-01 1.8088e+04
-5.2109e+06 3.7990e+01 -4.4989e+03 1.3522e+04 1.4601e+00 1.7902e+04
-5.1696e+06 3.7962e+01 -4.5068e+03 1.3584e+04 -1.2295e+00 1.7698e+04
-7.5253e+06 3.8754e+01 -4.0655e+03 1.1388e+04 -2.9692e+02 2.3405e+04
-3.7696e+06 3.8691e+01 -4.0855e+03 1.1465e+04 -4.6207e+01 2.3226e+04
-5.4736e+06 3.8625e+01 -4.1048e+03 1.1541e+04 -6.8455e+01 2.3074e+04
-4.3117e+06 3.8569e+01 -4.1234e+03 1.1617e+04 -2.8796e+01 2.2906e+04
-5.2109e+06 3.8517e+01 -4.1415e+03 1.1693e+04 -4.0835e+01 2.2737e+04
-5.1698e+06 3.8469e+01 -4.1590e+03 1.1769e+04 -3.9340e+01 2.2568e+04
-5.7330e+06 3.8426e+01 -4.1759e+03 1.1844e+04 -3.5337e+01 2.2396e+04
-4.2874e+06 3.8392e+01 -4.1924e+03 1.1920e+04 1.3121e+01 2.2222e+04
-4.9041e+06 3.8360e+01 -4.2083e+03 1.1995e+04 7.7491e+00 2.2047e+04
-5.1462e+06 3.8326e+01 -4.2237e+03 1.2070e+04 -7.3404e+00 2.1871e+04
-5.6346e+06 3.8297e+01 -4.2387e+03 1.2145e+04 -1.8256e+01 2.1694e+04
-5.1823e+06 3.8273e+01 -4.2533e+03 1.2220e+04 -7.9431e+00 2.1514e+04
-5.4140e+06 3.8248e+01 -4.2674e+03 1.2294e+04 -5.0543e+00 2.1333e+04
-5.0091e+06 3.8223e+01 -4.2811e+03 1.2367e+04 5.7497e+00 2.1151e+04
-5.2024e+06 3.8197e+01 -4.2944e+03 1.2440e+04 8.3995e+00 2.0968e+04
-4.9092e+06 3.8170e+01 -4.3074e+03 1.2513e+04 1.6280e+01 2.0783e+04
-4.9458e+06 3.8146e+01 -4.3199e+03 1.2585e+04 2.2172e+01 2.0598e+04
-4.7835e+06 3.8126e+01 -4.3322e+03 1.2657e+04 2.2595e+01 2.0411e+04
-5.1184e+06 3.8104e+01 -4.3441e+03 1.2728e+04 1.1839e+01 2.0223e+04
-5.2739e+06 3.8080e+01 -4.3556e+03 1.2798e+04 -3.0959e+00 2.0035e+04
-5.7551e+06 3.8056e+01 -4.3669e+03 1.2868e+04 -1.9333e+01 1.9846e+04
-5.5826e+06 3.8033e+01 -4.3778e+03 1.2937e+04 -1.6856e+01 1.9656e+04
-5.2378e+06 3.8012e+01 -4.3885e+03 1.3006e+04 2.6097e+00 1.9463e+04
-4.8677e+06 3.7991e+01 -4.3989e+03 1.3074e+04 1.3278e+01 1.9271e+04
-5.3004e+06 3.7969e+01 -4.4090e+03 1.3141e+04 1.5438e+00 1.9079e+04
-5.2948e+06 3.7947e+01 -4.4189e+03 1.3207e+04 -4.2641e+00 1.8885e+04
-5.1876e+06 3.7927e+01 -4.4285e+03 1.3273e+04 7.2611e-01 1.8691e+04
-5.1790e+06 3.7907e+01 -4.4379e+03 1.3338e+04 1.1716e+00 1.8496e+04
-5.2571e+06 3.7888e+01 -4.4470e+03 1.3402e+04 -1.4789e+00 1.8300e+04
-5.1966e+06 3.7869e+01 -4.4559e+03 1.3465e+04 -6.1970e-01 1.8106e+04
-5.1730e+06 3.7849e+01 -4.4646e+03 1.3528e+04 4.0821e+00 1.7908e+04
-5.1831e+06 3.7830e+01 -4.4731e+03 1.3590e+04 4.4874e+00 1.7721e+04
-5.2515e+06 3.7805e+01 -4.4814e+03 1.3651e+04 -2.1708e+00 1.7516e+04
-2.6420e+05 3.8798e+01 -4.0216e+03 1.1488e+04 1.0949e+02 2.3226e+04
-4.4675e+06 3.8678e+01 -4.0424e+03 1.1563e+04 -9.9557e+01 2.3060e+04
-3.5073e+06 3.8576e+01 -4.0625e+03 1.1638e+04 -8.4388e+01 2.2906e+04
-4.7574e+06 3.8484e+01 -4.0819e+03 1.1713e+04 -6.0856e+01 2.2738e+04
-4.4270e+06 3.8402e+01 -4.1007e+03 1.1788e+04 -4.8803e+01 2.2569e+04
-4.3485e+06 3.8333e+01 -4.1190e+03 1.1862e+04 -1.9051e+00 2.2397e+04
-4.1604e+06 3.8273e+01 -4.1366e+03 1.1937e+04 -7.2304e+00 2.2225e+04
-5.7964e+06 3.8227e+01 -4.1538e+03 1.2012e+04 -3.3503e+01 2.2052e+04
-5.4312e+06 3.8189e+01 -4.1704e+03 1.2086e+04 -3.6447e+01 2.1877e+04
-5.0165e+06 3.8153e+01 -4.1865e+03 1.2160e+04 3.0614e+00 2.1699e+04
-4.6832e+06 3.8120e+01 -4.2021e+03 1.2234e+04 1.1664e+01 2.1520e+04
-5.1834e+06 3.8093e+01 -4.2173e+03 1.2307e+04 7.0543e+00 2.1340e+04
-5.1066e+06 3.8067e+01 -4.2320e+03 1.2380e+04 -2.8891e+00 2.1159e+04
-5.5246e+06 3.8042e+01 -4.2463e+03 1.2453e+04 -7.3125e+00 2.0977e+04
-5.4105e+06 3.8017e+01 -4.2602e+03 1.2525e+04 -1.2550e+01 2.0793e+04
-5.6915e+06 3.7991e+01 -4.2738e+03 1.2596e+04 -1.5447e+01 2.0608e+04
-5.7494e+06 3.7969e+01 -4.2869e+03 1.2668e+04 -2.4835e+01 2.0423e+04
-5.9484e+06 3.7950e+01 -4.2997e+03 1.2738e+04 -2.8202e+01 2.0235e+04
-5.6283e+06 3.7930e+01 -4.3121e+03 1.2808e+04 -2.0077e+01 2.0047e+04
-5.3849e+06 3.7908e+01 -4.3242e+03 1.2878e+04 2.8572e-01 1.9857e+04
-4.8205e+06 3.7886e+01 -4.3360e+03 1.2947e+04 1.8792e+01 1.9666e+04
-4.9600e+06 3.7865e+01 -4.3474e+03 1.3015e+04 1.7140e+01 1.9475e+04
-5.3772e+06 3.7847e+01 -4.3586e+03 1.3082e+04 -6.9764e+00 1.9284e+04
-5.7633e+06 3.7829e+01 -4.3694e+03 1.3149e+04 -1.8419e+01 1.9092e+04
-5.2371e+06 3.7808e+01 -4.3800e+03 1.3215e+04 -4.7734e+00 1.8897e+04
-5.1968e+06 3.7785e+01 -4.3903e+03 1.3281e+04 2.5865e+00 1.8703e+04
-5.3336e+06 3.7764e+01 -4.4004e+03 1.3346e+04 -3.5609e+00 1.8509e+04
-5.3114e+06 3.7745e+01 -4.4102e+03 1.3409e+04 -3.0731e+00 1.8313e+04
-5.2278e+06 3.7726e+01 -4.4197e+03 1.3473e+04 -6.2081e-01 1.8117e+04
-5.2862e+06 3.7708e+01 -4.4290e+03 1.3535e+04 -3.1772e+00 1.7922e+04
-5.3135e+06 3.7690e+01 -4.4381e+03 1.3597e+04 -2.7415e+00 1.7724e+04
-5.2945e+06 3.7674e+01 -4.4470e+03 1.3658e+04 -3.9559e-01 1.7537e+04
-5.2509e+06 3.7649e+01 -4.4557e+03 1.3718e+04 -2.6485e+00 1.7332e+04
-7.2911e+06 3.8984e+01 -3.9774e+03 1.1586e+04 -6.5824e+02 2.3086e+04
-2.2615e+06 3.8806e+01 -3.9990e+03 1.1660e+04 -2.0538e+02 2.2894e+04
-4.8242e+06 3.8624e+01 -4.0199e+03 1.1734e+04 -1.5395e+02 2.2740e+04
-3.4889e+06 3.8469e+01 -4.0401e+03 1.1808e+04 -1.0381e+02 2.2570e+04
-4.9090e+06 3.8338e+01 -4.0596e+03 1.1882e+04 -9.6666e+01 2.2400e+04
-5.0866e+06 3.8227e+01 -4.0786e+03 1.1956e+04 -9.2093e+01 2.2230e+04
-5.9206e+06 3.8143e+01 -4.0970e+03 1.2030e+04 -6.5621e+01 2.2056e+04
-3.9751e+06 3.8089e+01 -4.1148e+03 1.2103e+04 7.9309e-01 2.1880e+04
-4.7663e+06 3.8042e+01 -4.1321e+03 1.2176e+04 9.6794e+00 2.1704e+04
-5.2781e+06 3.7990e+01 -4.1489e+03 1.2249e+04 -1.6094e+01 2.1528e+04
-5.9089e+06 3.7945e+01 -4.1652e+03 1.2322e+04 -2.7920e+01 2.1349e+04
-5.3293e+06 3.7912e+01 -4.1810e+03 1.2394e+04 -1.2245e+01 2.1168e+04
-5.5604e+06 3.7887e+01 -4.1963e+03 1.2466e+04 -2.7817e+00 2.0985e+04
-5.0541e+06 3.7864e+01 -4.2113e+03 1.2538e+04 9.3029e+00 2.0802e+04
-5.2479e+06 3.7842e+01 -4.2257e+03 1.2609e+04 1.4942e+01 2.0617e+04
-4.8953e+06 3.7820e+01 -4.2398e+03 1.2680e+04 2.5135e+01 2.0431e+04
-4.8657e+06 3.7799e+01 -4.2535e+03 1.2750e+04 3.4336e+01 2.0244e+04
-4.6674e+06 3.7780e+01 -4.2669e+03 1.2819e+04 3.5236e+01 2.0056e+04
-5.0613e+06 3.7759e+01 -4.2798e+03 1.2888e+04 2.2609e+01 1.9868e+04
-5.3422e+06 3.7737e+01 -4.2924e+03 1.2957e+04 6.5922e-01 1.9679e+04
-5.9946e+06 3.7715e+01 -4.3047e+03 1.3025e+04 -2.2264e+01 1.9489e+04
-5.8027e+06 3.7699e+01 -4.3166e+03 1.3092e+04 -1.9143e+01 1.9297e+04
-5.2462e+06 3.7690e+01 -4.3283e+03 1.3158e+04 8.8826e+00 1.9103e+04
-4.7624e+06 3.7678e+01 -4.3396e+03 1.3224e+04 2.3384e+01 1.8910e+04
-5.3646e+06 3.7651e+01 -4.3507e+03 1.3290e+04 7.3017e+00 1.8717e+04
-5.4160e+06 3.7622e+01 -4.3614e+03 1.3354e+04 -6.6830e-01 1.8522e+04
-5.2173e+06 3.7600e+01 -4.3719e+03 1.3418e+04 6.6679e+00 1.8327e+04
-5.2469e+06 3.7582e+01 -4.3821e+03 1.3481e+04 6.9435e+00 1.8131e+04
-5.3288e+06 3.7565e+01 -4.3921e+03 1.3543e+04 3.1997e+00 1.7934e+04
-5.2724e+06 3.7548e+01 -4.4019e+03 1.3604e+04 3.6837e+00 1.7739e+04
-5.2039e+06 3.7531e+01 -4.4114e+03 1.3665e+04 8.1627e+00 1.7540e+04
-5.2480e+06 3.7516e+01 -4.4206e+03 1.3725e+04 7.3989e+00 1.7354e+04
-5.3275e+06 3.7489e+01 -4.4297e+03 1.3784e+04 -2.3980e-01 1.7146e+04
5.2350e+06 3.8224e+01 -3.9330e+03 1.1685e+04 -1.4385e+02 2.2881e+04
-2.1012e+06 3.8857e+01 -3.9554e+03 1.1758e+04 -5.2721e+02 2.2735e+04
-1.3871e+06 3.8900e+01 -3.9770e+03 1.1831e+04 -4.0261e+02 2.2568e+04
-3.6071e+06 3.8623e+01 -3.9980e+03 1.1904e+04 -2.2054e+02 2.2395e+04
-3.3951e+06 3.8380e+01 -4.0183e+03 1.1977e+04 -1.4108e+02 2.2223e+04
-3.5760e+06 3.8196e+01 -4.0380e+03 1.2049e+04 -4.9243e+01 2.2050e+04
-3.5243e+06 3.8063e+01 -4.0571e+03 1.2122e+04 -4.4331e+01 2.1877e+04
-5.9591e+06 3.7977e+01 -4.0756e+03 1.2194e+04 -6.2621e+01 2.1704e+04
-5.5862e+06 3.7908e+01 -4.0936e+03 1.2267e+04 -5.6903e+01 2.1526e+04
-4.9247e+06 3.7836e+01 -4.1110e+03 1.2339e+04 5.5255e+00 2.1347e+04
-4.5570e+06 3.7776e+01 -4.1279e+03 1.2410e+04 1.9696e+01 2.1166e+04
-5.1906e+06 3.7737e+01 -4.1444e+03 1.2481e+04 1.7090e+01 2.0986e+04
-5.1559e+06 3.7709e+01 -4.1603e+03 1.2552e+04 4.1610e+00 2.0804e+04
-5.6954e+06 3.7687e+01 -4.1759e+03 1.2623e+04 -2.5202e+00 2.0620e+04
-5.6141e+06 3.7666e+01 -4.1909e+03 1.2693e+04 -1.1895e+01 2.0435e+04
-5.9604e+06 3.7646e+01 -4.2056e+03 1.2763e+04 -1.7229e+01 2.0249e+04
-6.0974e+06 3.7626e+01 -4.2199e+03 1.2832e+04 -3.1060e+01 2.0062e+04
-6.2817e+06 3.7606e+01 -4.2337e+03 1.2900e+04 -3.2799e+01 1.9874e+04
-5.8419e+06 3.7586e+01 -4.2472e+03 1.2968e+04 -1.9600e+01 1.9684e+04
-5.4230e+06 3.7568e+01 -4.2603e+03 1.3036e+04 8.8064e+00 1.9492e+04
-4.6648e+06 3.7551e+01 -4.2731e+03 1.3103e+04 3.3296e+01 1.9300e+04
-4.8165e+06 3.7539e+01 -4.2856e+03 1.3169e+04 3.2599e+01 1.9108e+04
-5.4758e+06 3.7534e+01 -4.2977e+03 1.3234e+04 1.3502e+00 1.8917e+04
-6.0107e+06 3.7520e+01 -4.3095e+03 1.3299e+04 -1.5521e+01 1.8723e+04
-5.3052e+06 3.7491e+01 -4.3210e+03 1.3364e+04 1.4875e+00 1.8528e+04
-5.2052e+06 3.7460e+01 -4.3322e+03 1.3427e+04 1.2188e+01 1.8333e+04
-5.4532e+06 3.7437e+01 -4.3432e+03 1.3490e+04 3.2209e+00 1.8137e+04
-5.3919e+06 3.7420e+01 -4.3538e+03 1.3552e+04 3.1456e+00 1.7941e+04
-5.3007e+06 3.7404e+01 -4.3642e+03 1.3613e+04 6.5151e+00 1.7744e+04
-5.3544e+06 3.7388e+01 -4.3744e+03 1.3674e+04 3.3998e+00 1.7548e+04
-5.4256e+06 3.7373e+01 -4.3843e+03 1.3733e+04 2.9425e+00 1.7348e+04
-5.3731e+06 3.7357e+01 -4.3939e+03 1.3792e+04 3.8385e+00 1.7160e+04
-5.3070e+06 3.7329e+01 -4.4034e+03 1.3850e+04 1.3236e+00 1.6960e+04
-2.0352e+05 3.5478e+01 -3.8884e+03 1.1784e+04 -8.3384e+02 2.2740e+04
5.0609e+06 3.8218e+01 -3.9116e+03 1.1855e+04 -3.9189e+02 2.2543e+04
-1.3775e+06 3.9323e+01 -3.9340e+03 1.1927e+04 -5.8067e+02 2.2389e+04
-5.7797e+05 3.8946e+01 -3.9557e+03 1.1999e+04 -5.1499e+02 2.2234e+04
-3.7056e+06 3.8521e+01 -3.9767e+03 1.2071e+04 -3.5605e+02 2.2059e+04
-4.2016e+06 3.8249e+01 -3.9971e+03 1.2143e+04 -2.3740e+02 2.1884e+04
-5.8652e+06 3.8040e+01 -4.0169e+03 1.2214e+04 -1.6002e+02 2.1707e+04
-3.2046e+06 3.7897e+01 -4.0361e+03 1.2286e+04 -4.3370e+01 2.1529e+04
-4.4758e+06 3.7787e+01 -4.0548e+03 1.2357e+04 -2.0154e+01 2.1352e+04
-5.3347e+06 3.7690e+01 -4.0729e+03 1.2428e+04 -4.4671e+01 2.1174e+04
-6.2369e+06 3.7617e+01 -4.0904e+03 1.2498e+04 -5.6707e+01 2.0994e+04
-5.4650e+06 3.7573e+01 -4.1075e+03 1.2568e+04 -2.8871e+01 2.0812e+04
-5.7641e+06 3.7543e+01 -4.1241e+03 1.2638e+04 -1.6809e+01 2.0628e+04
-5.0806e+06 3.7519e+01 -4.1402e+03 1.2708e+04 3.6120e+00 2.0443e+04
-5.3206e+06 3.7499e+01 -4.1558e+03 1.2777e+04 9.6175e+00 2.0257e+04
-4.8583e+06 3.7480e+01 -4.1711e+03 1.2845e+04 2.3910e+01 2.0070e+04
-4.7598e+06 3.7462e+01 -4.1859e+03 1.2913e+04 3.4469e+01 1.9882e+04
-4.4688e+06 3.7442e+01 -4.2003e+03 1.2981e+04 3.8423e+01 1.9693e+04
-4.9413e+06 3.7417e+01 -4.2143e+03 1.3048e+04 2.5006e+01 1.9503e+04
-5.3723e+06 3.7398e+01 -4.2280e+03 1.3114e+04 -5.1263e+00 1.9314e+04
-6.3207e+06 3.7385e+01 -4.2413e+03 1.3180e+04 -4.2670e+01 1.9123e+04
-6.1167e+06 3.7376e+01 -4.2542e+03 1.3246e+04 -3.7743e+01 1.8929e+04
-5.2724e+06 3.7370e+01 -4.2668e+03 1.3310e+04 6.0734e+00 1.8734e+04
-4.6083e+06 3.7357e+01 -4.2791e+03 1.3374e+04 2.7164e+01 1.8540e+04
-5.4668e+06 3.7330e+01 -4.2911e+03 1.3437e+04 1.5320e+00 1.8346e+04
-5.5885e+06 3.7302e+01 -4.3027e+03 1.3500e+04 -1.0530e+01 1.8151e+04
-5.2646e+06 3.7282e+01 -4.3141e+03 1.3562e+04 4.1277e-01 1.7954e+04
-5.3342e+06 3.7266e+01 -4.3252e+03 1.3623e+04 1.0093e+00 1.7757e+04
-5.4354e+06 3.7251e+01 -4.3361e+03 1.3683e+04 -4.6636e+00 1.7560e+04
-5.3700e+06 3.7237e+01 -4.3466e+03 1.3743e+04 -2.1318e+00 1.7363e+04
-5.2622e+06 3.7222e+01 -4.3569e+03 1.3801e+04 3.7629e+00 1.7166e+04
-5.3286e+06 3.7207e+01 -4.3670e+03 1.3859e+04 2.2410e+00 1.6967e+04
-5.4042e+06 3.7177e+01 -4.3768e+03 1.3916e+04 -2.9916e+00 1.6769e+04
