  1    1089
-5.4305e+06 4.1323e+01 -2.1131e+04 1.0769e+04 1.8809e+00 -7.6360e+03
-5.5776e+06 4.1517e+01 -2.1170e+04 1.0723e+04 1.3234e+00 -7.4671e+03
-5.5956e+06 4.1678e+01 -2.1208e+04 1.0678e+04 -1.2431e+01 -7.3003e+03
-5.6430e+06 4.1838e+01 -2.1245e+04 1.0634e+04 -1.0355e+01 -7.1238e+03
-5.5346e+06 4.2038e+01 -2.1281e+04 1.0590e+04 -7.7449e+00 -6.9483e+03
-5.4403e+06 4.2193e+01 -2.1316e+04 1.0548e+04 -1.1092e+00 -6.7709e+03
-5.5603e+06 4.2200e+01 -2.1351e+04 1.0507e+04 -2.8312e+00 -6.5927e+03
-5.6262e+06 4.2133e+01 -2.1384e+04 1.0467e+04 -1.0690e+01 -6.4134e+03
-5.5563e+06 4.2103e+01 -2.1416e+04 1.0428e+04 -5.2392e+00 -6.2321e+03
-5.4517e+06 4.2068e+01 -2.1447e+04 1.0391e+04 -9.5825e-01 -6.0501e+03
-5.5116e+06 4.2016e+01 -2.1478e+04 1.0354e+04 -2.8389e+00 -5.8670e+03
-5.5030e+06 4.2069e+01 -2.1507e+04 1.0319e+04 -7.5739e+00 -5.6822e+03
-5.4800e+06 4.2269e+01 -2.1536e+04 1.0285e+04 -7.6149e+00 -5.4967e+03
-5.3937e+06 4.2514e+01 -2.1563e+04 1.0252e+04 -2.4564e+00 -5.3103e+03
-5.4121e+06 4.2767e+01 -2.1589e+04 1.0220e+04 -2.5164e+00 -5.1222e+03
-5.4001e+06 4.3069e+01 -2.1614e+04 1.0190e+04 -6.7599e+00 -4.9335e+03
-5.4062e+06 4.3388e+01 -2.1639e+04 1.0161e+04 -6.5374e+00 -4.7440e+03
-5.3512e+06 4.3667e+01 -2.1662e+04 1.0134e+04 -3.9790e+00 -4.5532e+03
-5.3041e+06 4.3943e+01 -2.1684e+04 1.0108e+04 -3.5425e+00 -4.3615e+03
-5.2623e+06 4.4177e+01 -2.1705e+04 1.0083e+04 -1.4359e+00 -4.1694e+03
-5.1788e+06 4.4252e+01 -2.1725e+04 1.0059e+04 2.0610e+00 -3.9763e+03
-5.1358e+06 4.4194e+01 -2.1743e+04 1.0037e+04 1.7002e+00 -3.7820e+03
-5.1199e+06 4.4041e+01 -2.1761e+04 1.0017e+04 3.8464e+00 -3.5878e+03
-5.1421e+06 4.3704e+01 -2.1778e+04 9.9979e+03 8.2175e-01 -3.3933e+03
-5.2687e+06 4.3242e+01 -2.1793e+04 9.9803e+03 -8.7138e+00 -3.1976e+03
-5.2537e+06 4.2917e+01 -2.1808e+04 9.9641e+03 -1.0295e+01 -3.0006e+03
-5.2529e+06 4.2777e+01 -2.1821e+04 9.9495e+03 -1.0221e+01 -2.8039e+03
-5.1498e+06 4.2663e+01 -2.1833e+04 9.9363e+03 -3.2461e-01 -2.6062e+03
-5.1709e+06 4.2610e+01 -2.1844e+04 9.9247e+03 1.7731e+00 -2.4079e+03
-5.1872e+06 4.2738e+01 -2.1854e+04 9.9146e+03 -1.0699e+01 -2.2100e+03
-5.2874e+06 4.2955e+01 -2.1862e+04 9.9060e+03 -3.8337e+00 -2.0141e+03
-5.1344e+06 4.3168e+01 -2.1870e+04 9.8989e+03 -7.8817e+00 -1.8163e+03
-5.2183e+06 4.3414e+01 -2.1876e+04 9.8933e+03 -6.1882e+00 -1.6081e+03
-5.7263e+06 4.1427e+01 -2.1091e+04 1.0773e+04 -1.4708e+01 -8.0570e+03
-5.7400e+06 4.1635e+01 -2.1130e+04 1.0727e+04 -2.5958e+01 -7.8626e+03
-5.4098e+06 4.1830e+01 -2.1169e+04 1.0682e+04 -2.4261e+00 -7.6625e+03
-5.4459e+06 4.2035e+01 -2.1207e+04 1.0637e+04 6.5146e-01 -7.4981e+03
-5.5200e+06 4.2275e+01 -2.1244e+04 1.0594e+04 -1.1857e+01 -7.3233e+03
-5.6826e+06 4.2513e+01 -2.1280e+04 1.0551e+04 -1.4892e+01 -7.1474e+03
-5.5245e+06 4.2653e+01 -2.1316e+04 1.0510e+04 -7.9787e+00 -6.9702e+03
-5.5431e+06 4.2690e+01 -2.1350e+04 1.0469e+04 -1.0615e+01 -6.7915e+03
-5.5641e+06 4.2723e+01 -2.1383e+04 1.0430e+04 -1.2674e+01 -6.6113e+03
-5.6140e+06 4.2727e+01 -2.1416e+04 1.0392e+04 -1.3512e+01 -6.4301e+03
-5.4569e+06 4.2620e+01 -2.1447e+04 1.0356e+04 -8.0699e+00 -6.2474e+03
-5.4934e+06 4.2534e+01 -2.1477e+04 1.0320e+04 -1.1262e+01 -6.0633e+03
-5.4925e+06 4.2610e+01 -2.1507e+04 1.0286e+04 -1.5004e+01 -5.8789e+03
-5.4535e+06 4.2760e+01 -2.1535e+04 1.0252e+04 -8.6725e+00 -5.6935e+03
-5.3608e+06 4.2916e+01 -2.1563e+04 1.0221e+04 -6.9708e+00 -5.5063e+03
-5.4212e+06 4.3161e+01 -2.1589e+04 1.0190e+04 -1.3262e+01 -5.3184e+03
-5.4046e+06 4.3487e+01 -2.1614e+04 1.0161e+04 -1.3088e+01 -5.1301e+03
-5.4032e+06 4.3785e+01 -2.1638e+04 1.0133e+04 -1.1705e+01 -4.9400e+03
-5.3691e+06 4.4061e+01 -2.1662e+04 1.0107e+04 -1.1523e+01 -4.7487e+03
-5.2945e+06 4.4355e+01 -2.1684e+04 1.0081e+04 -9.1852e+00 -4.5571e+03
-5.3016e+06 4.4606e+01 -2.1705e+04 1.0058e+04 -1.1407e+01 -4.3643e+03
-5.2691e+06 4.4772e+01 -2.1725e+04 1.0035e+04 -1.2352e+01 -4.1709e+03
-5.0890e+06 4.4890e+01 -2.1743e+04 1.0015e+04 -1.1572e+00 -3.9774e+03
-5.0408e+06 4.4893e+01 -2.1761e+04 9.9952e+03 3.0152e+00 -3.7831e+03
-5.0761e+06 4.4650e+01 -2.1778e+04 9.9772e+03 -1.9278e+00 -3.5880e+03
-5.1483e+06 4.4287e+01 -2.1793e+04 9.9608e+03 -4.4160e+00 -3.3920e+03
-5.1640e+06 4.4009e+01 -2.1808e+04 9.9458e+03 -8.2938e+00 -3.1954e+03
-5.1546e+06 4.3713e+01 -2.1821e+04 9.9323e+03 -4.5479e+00 -2.9986e+03
-5.1331e+06 4.3362e+01 -2.1833e+04 9.9203e+03 -7.7205e+00 -2.8012e+03
-5.2507e+06 4.3204e+01 -2.1844e+04 9.9098e+03 -2.5372e+01 -2.6011e+03
-5.1999e+06 4.3269e+01 -2.1854e+04 9.9008e+03 -9.3615e+00 -2.3924e+03
-5.2052e+06 4.3399e+01 -2.1862e+04 9.8934e+03 1.0771e+01 -2.2090e+03
-5.2625e+06 4.3603e+01 -2.1870e+04 9.8875e+03 -5.3202e+00 -2.0511e+03
-5.4105e+06 4.1535e+01 -2.1049e+04 1.0775e+04 4.6549e+00 -8.4561e+03
-5.4782e+06 4.1761e+01 -2.1090e+04 1.0729e+04 -2.4806e+01 -8.3093e+03
-5.6550e+06 4.1955e+01 -2.1129e+04 1.0683e+04 -5.6671e-01 -8.1364e+03
-5.6095e+06 4.2168e+01 -2.1168e+04 1.0638e+04 4.8338e+00 -7.9620e+03
-5.5098e+06 4.2408e+01 -2.1206e+04 1.0594e+04 3.1320e+00 -7.7885e+03
-5.3438e+06 4.2662e+01 -2.1244e+04 1.0552e+04 1.2014e+01 -7.6133e+03
-5.5360e+06 4.2890e+01 -2.1280e+04 1.0510e+04 3.2718e+00 -7.4368e+03
-5.6236e+06 4.3059e+01 -2.1315e+04 1.0470e+04 -5.3877e+00 -7.2586e+03
-5.5659e+06 4.3206e+01 -2.1349e+04 1.0430e+04 5.6344e-02 -7.0794e+03
-5.4655e+06 4.3331e+01 -2.1383e+04 1.0392e+04 2.6518e+00 -6.8993e+03
-5.5682e+06 4.3333e+01 -2.1415e+04 1.0355e+04 -1.2877e+00 -6.7179e+03
-5.5233e+06 4.3240e+01 -2.1447e+04 1.0319e+04 -2.9161e+00 -6.5350e+03
-5.4674e+06 4.3221e+01 -2.1477e+04 1.0284e+04 1.1386e-01 -6.3507e+03
-5.3736e+06 4.3274e+01 -2.1507e+04 1.0251e+04 5.0789e+00 -6.1656e+03
-5.3940e+06 4.3296e+01 -2.1535e+04 1.0219e+04 4.0021e+00 -5.9793e+03
-5.3584e+06 4.3375e+01 -2.1562e+04 1.0188e+04 8.9046e-01 -5.7914e+03
-5.3765e+06 4.3612e+01 -2.1589e+04 1.0158e+04 5.9887e-01 -5.6030e+03
-5.3550e+06 4.3903e+01 -2.1614e+04 1.0130e+04 1.3866e+00 -5.4133e+03
-5.3182e+06 4.4169e+01 -2.1638e+04 1.0103e+04 1.6214e+00 -5.2228e+03
-5.2895e+06 4.4447e+01 -2.1661e+04 1.0078e+04 4.5037e+00 -5.0317e+03
-5.1925e+06 4.4741e+01 -2.1683e+04 1.0054e+04 8.2479e+00 -4.8393e+03
-5.1784e+06 4.5017e+01 -2.1704e+04 1.0031e+04 5.2417e+00 -4.6465e+03
-5.2054e+06 4.5288e+01 -2.1724e+04 1.0010e+04 2.0633e+00 -4.4530e+03
-5.2049e+06 4.5567e+01 -2.1743e+04 9.9903e+03 -2.1286e+00 -4.2586e+03
-5.2750e+06 4.5714e+01 -2.1761e+04 9.9720e+03 -5.7607e+00 -4.0636e+03
-5.2426e+06 4.5639e+01 -2.1778e+04 9.9552e+03 -3.6947e+00 -3.8680e+03
-5.2418e+06 4.5490e+01 -2.1793e+04 9.9398e+03 -1.6991e+00 -3.6715e+03
-5.1357e+06 4.5274e+01 -2.1807e+04 9.9260e+03 3.1797e+00 -3.4752e+03
-5.0928e+06 4.4820e+01 -2.1821e+04 9.9136e+03 6.6295e+00 -3.2812e+03
-5.1290e+06 4.4297e+01 -2.1833e+04 9.9028e+03 -9.8354e+00 -3.0810e+03
-5.2161e+06 4.3993e+01 -2.1844e+04 9.8935e+03 6.4944e+00 -2.8876e+03
-5.2436e+06 4.3895e+01 -2.1854e+04 9.8857e+03 3.5675e+01 -2.6681e+03
-5.3167e+06 4.3938e+01 -2.1862e+04 9.8794e+03 -7.0640e+00 -2.4655e+03
-5.9770e+06 4.1634e+01 -2.1006e+04 1.0775e+04 -3.1395e+01 -8.8833e+03
-5.8051e+06 4.1878e+01 -2.1048e+04 1.0728e+04 -3.5707e+01 -8.7224e+03
-5.4842e+06 4.2081e+01 -2.1089e+04 1.0682e+04 7.9623e+00 -8.5435e+03
-5.4160e+06 4.2298e+01 -2.1129e+04 1.0637e+04 1.7273e+01 -8.3734e+03
-5.5889e+06 4.2540e+01 -2.1168e+04 1.0593e+04 -3.6109e+00 -8.2007e+03
-5.7341e+06 4.2784e+01 -2.1206e+04 1.0550e+04 -4.7963e+00 -8.0270e+03
-5.5275e+06 4.3028e+01 -2.1243e+04 1.0508e+04 3.3253e+00 -7.8508e+03
-5.4683e+06 4.3258e+01 -2.1279e+04 1.0467e+04 6.8400e+00 -7.6737e+03
-5.5591e+06 4.3479e+01 -2.1315e+04 1.0428e+04 7.2630e-01 -7.4959e+03
-5.6215e+06 4.3694e+01 -2.1349e+04 1.0389e+04 -1.0715e+00 -7.3162e+03
-5.4241e+06 4.3848e+01 -2.1382e+04 1.0352e+04 5.9671e+00 -7.1351e+03
-5.4333e+06 4.3895e+01 -2.1415e+04 1.0316e+04 7.4039e+00 -6.9534e+03
-5.4853e+06 4.3924e+01 -2.1446e+04 1.0281e+04 7.7098e-01 -6.7702e+03
-5.4832e+06 4.3989e+01 -2.1477e+04 1.0247e+04 4.0668e-01 -6.5857e+03
-5.3575e+06 4.3979e+01 -2.1506e+04 1.0215e+04 4.2452e+00 -6.4002e+03
-5.3693e+06 4.3904e+01 -2.1535e+04 1.0183e+04 4.0447e+00 -6.2134e+03
-5.3841e+06 4.3949e+01 -2.1562e+04 1.0154e+04 1.3311e+00 -6.0259e+03
-5.4228e+06 4.4137e+01 -2.1588e+04 1.0125e+04 -1.8370e+00 -5.8372e+03
-5.4248e+06 4.4355e+01 -2.1614e+04 1.0098e+04 -2.7464e+00 -5.6476e+03
-5.3514e+06 4.4578e+01 -2.1638e+04 1.0072e+04 -1.1304e+00 -5.4568e+03
-5.4321e+06 4.4836e+01 -2.1661e+04 1.0048e+04 -5.5722e+00 -5.2653e+03
-5.4392e+06 4.5131e+01 -2.1683e+04 1.0025e+04 -7.7331e+00 -5.0729e+03
-5.3128e+06 4.5457e+01 -2.1704e+04 1.0003e+04 -1.2502e+00 -4.8795e+03
-5.2019e+06 4.5841e+01 -2.1724e+04 9.9832e+03 6.5789e+00 -4.6855e+03
-5.1014e+06 4.6235e+01 -2.1743e+04 9.9646e+03 1.0165e+01 -4.4905e+03
-5.1440e+06 4.6501e+01 -2.1761e+04 9.9474e+03 9.0280e+00 -4.2953e+03
-5.1783e+06 4.6646e+01 -2.1777e+04 9.9317e+03 2.8685e+00 -4.0992e+03
-5.2197e+06 4.6740e+01 -2.1793e+04 9.9175e+03 -2.8988e-01 -3.9025e+03
-5.1708e+06 4.6574e+01 -2.1807e+04 9.9048e+03 1.7881e-01 -3.7075e+03
-5.1925e+06 4.5997e+01 -2.1821e+04 9.8936e+03 -8.5200e+00 -3.5094e+03
-5.1633e+06 4.5346e+01 -2.1833e+04 9.8839e+03 1.0207e+01 -3.3121e+03
-5.2620e+06 4.4943e+01 -2.1844e+04 9.8757e+03 2.6752e+01 -3.1039e+03
-5.3392e+06 4.4728e+01 -2.1854e+04 9.8691e+03 -1.2663e+01 -2.9145e+03
-5.3619e+06 4.1858e+01 -2.0963e+04 1.0772e+04 3.0276e+00 -9.2909e+03
-5.5472e+06 4.2057e+01 -2.1005e+04 1.0725e+04 -1.7914e+01 -9.1356e+03
-5.7924e+06 4.2241e+01 -2.1047e+04 1.0679e+04 -8.0429e+00 -8.9604e+03
-5.8494e+06 4.2423e+01 -2.1088e+04 1.0634e+04 -1.2177e+01 -8.7902e+03
-5.6163e+06 4.2656e+01 -2.1128e+04 1.0590e+04 -2.9619e+00 -8.6177e+03
-5.3741e+06 4.2906e+01 -2.1167e+04 1.0546e+04 1.1557e+01 -8.4452e+03
-5.5656e+06 4.3149e+01 -2.1205e+04 1.0504e+04 5.5891e+00 -8.2710e+03
-5.6934e+06 4.3397e+01 -2.1242e+04 1.0463e+04 -6.4125e+00 -8.0948e+03
-5.5757e+06 4.3648e+01 -2.1279e+04 1.0423e+04 -4.0797e-01 -7.9175e+03
-5.4634e+06 4.3890e+01 -2.1314e+04 1.0384e+04 2.9636e+00 -7.7389e+03
-5.5961e+06 4.4115e+01 -2.1348e+04 1.0347e+04 -2.4015e+00 -7.5589e+03
-5.5435e+06 4.4296e+01 -2.1382e+04 1.0310e+04 -3.7647e+00 -7.3775e+03
-5.4623e+06 4.4446e+01 -2.1414e+04 1.0275e+04 9.0879e-01 -7.1950e+03
-5.4161e+06 4.4612e+01 -2.1446e+04 1.0241e+04 2.0966e-01 -7.0115e+03
-5.4409e+06 4.4714e+01 -2.1476e+04 1.0208e+04 -8.6488e-01 -6.8269e+03
-5.4019e+06 4.4671e+01 -2.1506e+04 1.0177e+04 -1.3239e+00 -6.6408e+03
-5.4316e+06 4.4596e+01 -2.1534e+04 1.0147e+04 -3.0097e+00 -6.4536e+03
-5.4089e+06 4.4625e+01 -2.1562e+04 1.0118e+04 -1.1904e+00 -6.2656e+03
-5.3164e+06 4.4720e+01 -2.1588e+04 1.0090e+04 2.9460e+00 -6.0766e+03
-5.3372e+06 4.4817e+01 -2.1614e+04 1.0064e+04 5.8619e+00 -5.8861e+03
-5.2496e+06 4.4957e+01 -2.1638e+04 1.0040e+04 7.5065e+00 -5.6949e+03
-5.2823e+06 4.5205e+01 -2.1661e+04 1.0016e+04 4.8799e+00 -5.5034e+03
-5.3676e+06 4.5549e+01 -2.1683e+04 9.9944e+03 -2.3662e+00 -5.3109e+03
-5.3816e+06 4.5961e+01 -2.1704e+04 9.9739e+03 -8.9455e+00 -5.1174e+03
-5.3911e+06 4.6419e+01 -2.1724e+04 9.9549e+03 -9.3511e+00 -4.9231e+03
-5.3133e+06 4.6850e+01 -2.1743e+04 9.9374e+03 -8.5485e+00 -4.7282e+03
-5.2982e+06 4.7211e+01 -2.1761e+04 9.9213e+03 -8.7227e+00 -4.5322e+03
-5.1766e+06 4.7570e+01 -2.1777e+04 9.9068e+03 -1.7592e+00 -4.3355e+03
-5.1239e+06 4.7809e+01 -2.1793e+04 9.8937e+03 5.0798e+00 -4.1410e+03
-5.1226e+06 4.7598e+01 -2.1807e+04 9.8822e+03 -6.0622e+00 -3.9431e+03
-5.2201e+06 4.7028e+01 -2.1821e+04 9.8721e+03 4.1042e+00 -3.7465e+03
-5.2854e+06 4.6552e+01 -2.1833e+04 9.8636e+03 1.7060e+01 -3.5371e+03
-5.3134e+06 4.6223e+01 -2.1844e+04 9.8566e+03 -1.1454e+01 -3.3452e+03
-5.9728e+06 4.2513e+01 -2.0919e+04 1.0768e+04 -3.6600e+01 -9.7052e+03
-5.9786e+06 4.2549e+01 -2.0962e+04 1.0720e+04 -4.9013e+01 -9.5485e+03
-5.4368e+06 4.2606e+01 -2.1005e+04 1.0674e+04 1.2854e+01 -9.3734e+03
-5.4804e+06 4.2649e+01 -2.1046e+04 1.0629e+04 1.7015e+01 -9.2049e+03
-5.6897e+06 4.2790e+01 -2.1087e+04 1.0584e+04 -7.8288e+00 -9.0345e+03
-6.0033e+06 4.3024e+01 -2.1127e+04 1.0541e+04 -1.8759e+01 -8.8625e+03
-5.6000e+06 4.3278e+01 -2.1166e+04 1.0498e+04 2.2851e+00 -8.6885e+03
-5.5011e+06 4.3534e+01 -2.1204e+04 1.0457e+04 9.1371e+00 -8.5134e+03
-5.5937e+06 4.3797e+01 -2.1242e+04 1.0417e+04 4.0586e-01 -8.3377e+03
-5.7309e+06 4.4044e+01 -2.1278e+04 1.0378e+04 -4.9273e+00 -8.1598e+03
-5.4619e+06 4.4277e+01 -2.1314e+04 1.0340e+04 3.2171e+00 -7.9804e+03
-5.4978e+06 4.4507e+01 -2.1348e+04 1.0303e+04 2.5317e+00 -7.8002e+03
-5.5321e+06 4.4737e+01 -2.1382e+04 1.0267e+04 -1.3792e+00 -7.6187e+03
-5.5507e+06 4.4986e+01 -2.1414e+04 1.0233e+04 -1.2592e+00 -7.4357e+03
-5.3989e+06 4.5225e+01 -2.1446e+04 1.0200e+04 3.4918e+00 -7.2516e+03
-5.4400e+06 4.5361e+01 -2.1476e+04 1.0168e+04 2.2966e+00 -7.0663e+03
-5.4372e+06 4.5371e+01 -2.1506e+04 1.0138e+04 -6.9793e-01 -6.8799e+03
-5.4580e+06 4.5337e+01 -2.1534e+04 1.0108e+04 -3.7926e+00 -6.6928e+03
-5.4543e+06 4.5311e+01 -2.1562e+04 1.0081e+04 -2.0969e+00 -6.5044e+03
-5.3886e+06 4.5263e+01 -2.1588e+04 1.0054e+04 -3.3682e+00 -6.3148e+03
-5.5745e+06 4.5237e+01 -2.1613e+04 1.0029e+04 -1.5224e+01 -6.1244e+03
-5.5817e+06 4.5370e+01 -2.1638e+04 1.0005e+04 -1.6230e+01 -5.9329e+03
-5.4050e+06 4.5681e+01 -2.1661e+04 9.9832e+03 -5.7763e+00 -5.7406e+03
-5.2680e+06 4.6078e+01 -2.1683e+04 9.9624e+03 5.4697e+00 -5.5473e+03
-5.0939e+06 4.6509e+01 -2.1704e+04 9.9431e+03 1.5439e+01 -5.3536e+03
-5.1310e+06 4.6958e+01 -2.1724e+04 9.9252e+03 1.2791e+01 -5.1594e+03
-5.1484e+06 4.7397e+01 -2.1743e+04 9.9088e+03 2.6856e+00 -4.9638e+03
-5.2258e+06 4.7858e+01 -2.1761e+04 9.8939e+03 -1.7590e+00 -4.7677e+03
-5.2261e+06 4.8315e+01 -2.1777e+04 9.8804e+03 -4.7955e+00 -4.5735e+03
-5.2399e+06 4.8548e+01 -2.1793e+04 9.8685e+03 -1.2809e+01 -4.3756e+03
-5.0946e+06 4.8471e+01 -2.1807e+04 9.8581e+03 1.1163e+01 -4.1786e+03
-5.0987e+06 4.8328e+01 -2.1820e+04 9.8493e+03 3.5924e+01 -3.9695e+03
-5.1196e+06 4.8204e+01 -2.1833e+04 9.8419e+03 4.3395e+00 -3.7773e+03
-4.8769e+06 4.3652e+01 -2.0873e+04 1.0761e+04 4.7853e+01 -1.0115e+04
-5.3537e+06 4.3488e+01 -2.0918e+04 1.0713e+04 -4.5236e+00 -9.9612e+03
-5.7863e+06 4.3311e+01 -2.0961e+04 1.0667e+04 -1.4454e+01 -9.7880e+03
-5.9957e+06 4.3134e+01 -2.1004e+04 1.0621e+04 -2.2602e+01 -9.6194e+03
-5.6403e+06 4.3082e+01 -2.1046e+04 1.0576e+04 5.7152e-01 -9.4484e+03
-5.3961e+06 4.3209e+01 -2.1086e+04 1.0533e+04 1.5735e+01 -9.2776e+03
-5.6788e+06 4.3431e+01 -2.1127e+04 1.0490e+04 4.2006e+00 -9.1063e+03
-5.8749e+06 4.3674e+01 -2.1166e+04 1.0448e+04 -1.2097e+01 -8.9321e+03
-5.6250e+06 4.3927e+01 -2.1204e+04 1.0408e+04 3.0475e+00 -8.7562e+03
-5.5007e+06 4.4175e+01 -2.1241e+04 1.0368e+04 6.2648e+00 -8.5795e+03
-5.7350e+06 4.4415e+01 -2.1278e+04 1.0330e+04 -6.2019e+00 -8.4019e+03
-5.6790e+06 4.4666e+01 -2.1313e+04 1.0293e+04 -7.3037e+00 -8.2223e+03
-5.4883e+06 4.4936e+01 -2.1348e+04 1.0257e+04 6.8521e+00 -8.0412e+03
-5.4523e+06 4.5223e+01 -2.1381e+04 1.0223e+04 5.7297e+00 -7.8591e+03
-5.5587e+06 4.5517e+01 -2.1414e+04 1.0189e+04 -2.0162e+00 -7.6758e+03
-5.4940e+06 4.5791e+01 -2.1445e+04 1.0157e+04 -1.1154e+00 -7.4912e+03
-5.4237e+06 4.5991e+01 -2.1476e+04 1.0126e+04 4.0210e+00 -7.3056e+03
-5.3659e+06 4.6071e+01 -2.1505e+04 1.0097e+04 7.2401e+00 -7.1189e+03
-5.3012e+06 4.6047e+01 -2.1534e+04 1.0069e+04 4.7921e+00 -6.9310e+03
-5.4189e+06 4.5969e+01 -2.1561e+04 1.0042e+04 2.2731e+00 -6.7422e+03
-5.2317e+06 4.5885e+01 -2.1588e+04 1.0016e+04 1.0221e+01 -6.5520e+03
-5.2527e+06 4.5888e+01 -2.1613e+04 9.9925e+03 9.5846e+00 -6.3614e+03
-5.3842e+06 4.6049e+01 -2.1638e+04 9.9699e+03 -2.3369e+00 -6.1703e+03
-5.4741e+06 4.6326e+01 -2.1661e+04 9.9488e+03 -1.4059e+01 -5.9773e+03
-5.5778e+06 4.6643e+01 -2.1683e+04 9.9291e+03 -2.1058e+01 -5.7840e+03
-5.4671e+06 4.7017e+01 -2.1704e+04 9.9108e+03 -1.8003e+01 -5.5900e+03
-5.3471e+06 4.7455e+01 -2.1724e+04 9.8941e+03 -6.4410e+00 -5.3945e+03
-5.1563e+06 4.7947e+01 -2.1743e+04 9.8788e+03 6.0954e+00 -5.1987e+03
-5.1111e+06 4.8483e+01 -2.1761e+04 9.8650e+03 8.2329e+00 -5.0049e+03
-5.0996e+06 4.8990e+01 -2.1777e+04 9.8527e+03 -4.8637e+00 -4.8075e+03
-5.1718e+06 4.9390e+01 -2.1793e+04 9.8420e+03 5.9306e+00 -4.6108e+03
-5.1415e+06 4.9702e+01 -2.1807e+04 9.8327e+03 2.7057e+01 -4.4016e+03
-5.1006e+06 4.9945e+01 -2.1820e+04 9.8250e+03 5.7184e+00 -4.2091e+03
-6.1103e+06 4.4782e+01 -2.0827e+04 1.0752e+04 -4.0430e+01 -1.0526e+04
-5.8738e+06 4.4578e+01 -2.0872e+04 1.0704e+04 -4.3880e+01 -1.0370e+04
-5.1711e+06 4.4240e+01 -2.0917e+04 1.0657e+04 2.9123e+01 -1.0197e+04
-5.1850e+06 4.3922e+01 -2.0960e+04 1.0611e+04 3.9613e+01 -1.0031e+04
-5.6657e+06 4.3700e+01 -2.1003e+04 1.0566e+04 -3.7371e+00 -9.8642e+03
-6.2471e+06 4.3627e+01 -2.1045e+04 1.0522e+04 -3.6707e+01 -9.6937e+03
-5.7508e+06 4.3705e+01 -2.1086e+04 1.0479e+04 -6.7037e+00 -9.5211e+03
-5.5273e+06 4.3864e+01 -2.1126e+04 1.0438e+04 1.2635e+01 -9.3486e+03
-5.7082e+06 4.4060e+01 -2.1165e+04 1.0397e+04 -1.5341e+00 -9.1750e+03
-5.8868e+06 4.4289e+01 -2.1203e+04 1.0357e+04 -1.0576e+01 -8.9986e+03
-5.4918e+06 4.4546e+01 -2.1241e+04 1.0319e+04 6.5264e+00 -8.8211e+03
-5.5183e+06 4.4825e+01 -2.1277e+04 1.0281e+04 9.3337e+00 -8.6428e+03
-5.6299e+06 4.5120e+01 -2.1313e+04 1.0245e+04 -1.8278e+00 -8.4629e+03
-5.6780e+06 4.5422e+01 -2.1347e+04 1.0210e+04 -6.1151e+00 -8.2815e+03
-5.5027e+06 4.5716e+01 -2.1381e+04 1.0176e+04 -5.6921e-01 -8.0990e+03
-5.5398e+06 4.6022e+01 -2.1413e+04 1.0144e+04 8.6528e-02 -7.9152e+03
-5.4975e+06 4.6352e+01 -2.1445e+04 1.0113e+04 -7.4633e-01 -7.7304e+03
-5.5054e+06 4.6624e+01 -2.1476e+04 1.0083e+04 -6.1055e+00 -7.5444e+03
-5.5369e+06 4.6756e+01 -2.1505e+04 1.0055e+04 -7.4352e+00 -7.3569e+03
-5.3804e+06 4.6823e+01 -2.1534e+04 1.0027e+04 -3.2998e+00 -7.1689e+03
-5.6129e+06 4.6895e+01 -2.1561e+04 1.0002e+04 -1.4101e+01 -6.9800e+03
-5.6275e+06 4.6901e+01 -2.1588e+04 9.9774e+03 -2.0580e+01 -6.7894e+03
-5.3674e+06 4.6865e+01 -2.1613e+04 9.9544e+03 -1.1225e+00 -6.5977e+03
-5.1564e+06 4.6917e+01 -2.1637e+04 9.9329e+03 2.1691e+01 -6.4049e+03
-5.0103e+06 4.7041e+01 -2.1661e+04 9.9129e+03 2.5606e+01 -6.2122e+03
-5.1464e+06 4.7223e+01 -2.1683e+04 9.8943e+03 1.5641e+01 -6.0190e+03
-5.1904e+06 4.7540e+01 -2.1704e+04 9.8772e+03 6.3261e+00 -5.8244e+03
-5.3075e+06 4.8006e+01 -2.1724e+04 9.8615e+03 -1.9743e+00 -5.6297e+03
-5.3124e+06 4.8577e+01 -2.1743e+04 9.8474e+03 -1.0396e+01 -5.4359e+03
-5.2836e+06 4.9201e+01 -2.1761e+04 9.8348e+03 -1.5573e+01 -5.2381e+03
-5.0659e+06 4.9818e+01 -2.1777e+04 9.8236e+03 1.1587e+01 -5.0417e+03
-5.0339e+06 5.0377e+01 -2.1793e+04 9.8140e+03 3.6113e+01 -4.8328e+03
-5.0684e+06 5.0876e+01 -2.1807e+04 9.8060e+03 3.6165e+00 -4.6411e+03
-4.7124e+06 4.5439e+01 -2.0780e+04 1.0741e+04 7.2800e+01 -1.0929e+04
-5.2417e+06 4.5409e+01 -2.0826e+04 1.0693e+04 1.5717e+01 -1.0781e+04
-5.9235e+06 4.5154e+01 -2.0872e+04 1.0646e+04 -2.3636e+01 -1.0611e+04
-6.1420e+06 4.4902e+01 -2.0916e+04 1.0600e+04 -3.2575e+01 -1.0444e+04
-5.5467e+06 4.4686e+01 -2.0960e+04 1.0554e+04 1.3294e+01 -1.0275e+04
-5.2032e+06 4.4456e+01 -2.1002e+04 1.0510e+04 3.5212e+01 -1.0106e+04
-5.7597e+06 4.4278e+01 -2.1044e+04 1.0467e+04 1.7724e+00 -9.9373e+03
-6.0988e+06 4.4232e+01 -2.1085e+04 1.0425e+04 -2.6534e+01 -9.7649e+03
-5.7133e+06 4.4312e+01 -2.1125e+04 1.0384e+04 -1.3843e+00 -9.5905e+03
-5.5155e+06 4.4471e+01 -2.1165e+04 1.0344e+04 7.1113e+00 -9.4159e+03
-5.8691e+06 4.4699e+01 -2.1203e+04 1.0305e+04 -1.0064e+01 -9.2403e+03
-5.7820e+06 4.4987e+01 -2.1240e+04 1.0267e+04 -9.3630e+00 -9.0621e+03
-5.5297e+06 4.5296e+01 -2.1277e+04 1.0231e+04 8.0100e+00 -8.8823e+03
-5.5125e+06 4.5606e+01 -2.1312e+04 1.0195e+04 5.2621e+00 -8.7025e+03
-5.6778e+06 4.5905e+01 -2.1347e+04 1.0161e+04 -4.6433e+00 -8.5213e+03
-5.5964e+06 4.6209e+01 -2.1381e+04 1.0129e+04 -4.4224e+00 -8.3379e+03
-5.5227e+06 4.6570e+01 -2.1413e+04 1.0097e+04 6.6628e-01 -8.1537e+03
-5.4407e+06 4.6963e+01 -2.1445e+04 1.0067e+04 5.8713e+00 -7.9681e+03
-5.3018e+06 4.7282e+01 -2.1475e+04 1.0038e+04 6.6008e+00 -7.7817e+03
-5.3910e+06 4.7560e+01 -2.1505e+04 1.0011e+04 1.2672e+01 -7.5938e+03
-5.0329e+06 4.7887e+01 -2.1534e+04 9.9847e+03 2.8976e+01 -7.4046e+03
-5.0924e+06 4.8095e+01 -2.1561e+04 9.9601e+03 2.3487e+01 -7.2155e+03
-5.3370e+06 4.8046e+01 -2.1588e+04 9.9368e+03 4.3140e+00 -7.0258e+03
-5.4939e+06 4.7957e+01 -2.1613e+04 9.9149e+03 -1.2439e+01 -6.8343e+03
-5.6925e+06 4.7940e+01 -2.1637e+04 9.8945e+03 -2.7729e+01 -6.6415e+03
-5.5960e+06 4.7900e+01 -2.1661e+04 9.8756e+03 -2.7885e+01 -6.4476e+03
-5.4874e+06 4.7933e+01 -2.1683e+04 9.8581e+03 -1.6903e+01 -6.2529e+03
-5.2233e+06 4.8224e+01 -2.1704e+04 9.8421e+03 2.3712e-02 -6.0584e+03
-5.0979e+06 4.8742e+01 -2.1724e+04 9.8276e+03 9.2626e+00 -5.8648e+03
-5.1007e+06 4.9354e+01 -2.1743e+04 9.8146e+03 -4.1461e+00 -5.6678e+03
-5.2369e+06 4.9971e+01 -2.1760e+04 9.8031e+03 1.9836e+00 -5.4725e+03
-5.2185e+06 5.0557e+01 -2.1777e+04 9.7932e+03 2.0095e+01 -5.2635e+03
-5.1214e+06 5.1143e+01 -2.1793e+04 9.7848e+03 1.3490e+00 -5.0713e+03
-6.8675e+06 4.5640e+01 -2.0733e+04 1.0728e+04 -8.4247e+01 -1.1340e+04
-6.4095e+06 4.5849e+01 -2.0779e+04 1.0680e+04 -7.7818e+01 -1.1185e+04
-5.2269e+06 4.5883e+01 -2.0825e+04 1.0632e+04 4.2492e+01 -1.1016e+04
-5.1136e+06 4.5871e+01 -2.0871e+04 1.0586e+04 5.5305e+01 -1.0853e+04
-5.8134e+06 4.5827e+01 -2.0915e+04 1.0540e+04 -1.0240e+01 -1.0689e+04
-6.5232e+06 4.5634e+01 -2.0959e+04 1.0496e+04 -5.6992e+01 -1.0520e+04
-5.7456e+06 4.5291e+01 -2.1002e+04 1.0452e+04 -5.2849e+00 -1.0349e+04
-5.3752e+06 4.5004e+01 -2.1044e+04 1.0410e+04 2.3400e+01 -1.0178e+04
-5.7444e+06 4.4927e+01 -2.1085e+04 1.0368e+04 -3.8935e+00 -1.0007e+04
-6.0338e+06 4.4948e+01 -2.1125e+04 1.0328e+04 -2.1111e+01 -9.8324e+03
-5.4795e+06 4.4994e+01 -2.1164e+04 1.0289e+04 8.9049e+00 -9.6562e+03
-5.5183e+06 4.5154e+01 -2.1202e+04 1.0251e+04 1.3636e+01 -9.4803e+03
-5.7464e+06 4.5442e+01 -2.1240e+04 1.0214e+04 -5.0390e+00 -9.3022e+03
-5.7997e+06 4.5774e+01 -2.1276e+04 1.0179e+04 -9.1473e+00 -9.1223e+03
-5.5457e+06 4.6099e+01 -2.1312e+04 1.0144e+04 1.6269e+00 -8.9414e+03
-5.6043e+06 4.6420e+01 -2.1347e+04 1.0111e+04 1.2788e+00 -8.7594e+03
-5.5857e+06 4.6777e+01 -2.1380e+04 1.0079e+04 -2.5493e+00 -8.5760e+03
-5.6224e+06 4.7185e+01 -2.1413e+04 1.0049e+04 -1.0769e+01 -8.3915e+03
-5.6802e+06 4.7592e+01 -2.1445e+04 1.0020e+04 -1.1415e+01 -8.2054e+03
-5.4301e+06 4.7997e+01 -2.1475e+04 9.9921e+03 -1.0561e+01 -8.0185e+03
-5.8000e+06 4.8478e+01 -2.1505e+04 9.9656e+03 -2.9645e+01 -7.8310e+03
-5.7653e+06 4.8925e+01 -2.1533e+04 9.9406e+03 -3.2319e+01 -7.6412e+03
-5.3971e+06 4.9121e+01 -2.1561e+04 9.9170e+03 -4.7641e+00 -7.4503e+03
-5.0921e+06 4.9162e+01 -2.1587e+04 9.8948e+03 2.3982e+01 -7.2591e+03
-4.8183e+06 4.9230e+01 -2.1613e+04 9.8740e+03 3.9193e+01 -7.0672e+03
-4.9867e+06 4.9169e+01 -2.1637e+04 9.8547e+03 3.1926e+01 -6.8746e+03
-5.1216e+06 4.8933e+01 -2.1660e+04 9.8369e+03 1.1784e+01 -6.6813e+03
-5.2887e+06 4.8879e+01 -2.1683e+04 9.8205e+03 -1.7348e+00 -6.4876e+03
-5.3402e+06 4.9171e+01 -2.1704e+04 9.8057e+03 -1.1724e+01 -6.2940e+03
-5.3589e+06 4.9631e+01 -2.1724e+04 9.7923e+03 -2.0791e+01 -6.0966e+03
-5.1074e+06 5.0120e+01 -2.1743e+04 9.7805e+03 1.0735e+01 -5.9011e+03
-5.0310e+06 5.0632e+01 -2.1760e+04 9.7702e+03 3.8201e+01 -5.6928e+03
-5.1030e+06 5.1218e+01 -2.1777e+04 9.7614e+03 1.3911e+00 -5.5020e+03
-4.0663e+06 4.5698e+01 -2.0684e+04 1.0713e+04 1.8724e+02 -1.1737e+04
-5.5090e+06 4.6061e+01 -2.0732e+04 1.0664e+04 4.4406e+01 -1.1598e+04
-6.2554e+06 4.6334e+01 -2.0778e+04 1.0617e+04 -2.4135e+01 -1.1430e+04
-6.8864e+06 4.6579e+01 -2.0825e+04 1.0570e+04 -8.2549e+01 -1.1262e+04
-5.5244e+06 4.6786e+01 -2.0870e+04 1.0524e+04 2.6281e+01 -1.1093e+04
-4.9455e+06 4.6847e+01 -2.0914e+04 1.0479e+04 6.1982e+01 -1.0929e+04
-5.6210e+06 4.6641e+01 -2.0958e+04 1.0435e+04 1.9457e+01 -1.0764e+04
-6.2324e+06 4.6310e+01 -2.1001e+04 1.0393e+04 -3.7422e+01 -1.0592e+04
-5.5097e+06 4.6156e+01 -2.1043e+04 1.0351e+04 1.4368e+01 -1.0419e+04
-5.3668e+06 4.6042e+01 -2.1084e+04 1.0311e+04 1.5296e+01 -1.0247e+04
-5.9737e+06 4.5733e+01 -2.1124e+04 1.0271e+04 -1.7036e+01 -1.0074e+04
-5.9622e+06 4.5489e+01 -2.1164e+04 1.0233e+04 -2.3281e+01 -9.8966e+03
-5.5450e+06 4.5623e+01 -2.1202e+04 1.0196e+04 1.0125e+01 -9.7186e+03
-5.5480e+06 4.5983e+01 -2.1240e+04 1.0160e+04 6.1067e+00 -9.5406e+03
-5.7793e+06 4.6319e+01 -2.1276e+04 1.0125e+04 -6.4115e+00 -9.3610e+03
-5.6625e+06 4.6637e+01 -2.1312e+04 1.0092e+04 -5.1643e+00 -9.1791e+03
-5.5604e+06 4.6996e+01 -2.1346e+04 1.0060e+04 3.4150e+00 -8.9961e+03
-5.4374e+06 4.7391e+01 -2.1380e+04 1.0029e+04 1.3569e+01 -8.8121e+03
-5.2367e+06 4.7809e+01 -2.1413e+04 9.9993e+03 1.5334e+01 -8.6274e+03
-5.4692e+06 4.8257e+01 -2.1444e+04 9.9712e+03 1.4234e+01 -8.4407e+03
-4.8990e+06 4.8767e+01 -2.1475e+04 9.9444e+03 3.9083e+01 -8.2526e+03
-4.9207e+06 4.9312e+01 -2.1505e+04 9.9191e+03 4.0657e+01 -8.0650e+03
-5.3306e+06 4.9752e+01 -2.1533e+04 9.8951e+03 4.9874e+00 -7.8762e+03
-5.6740e+06 5.0058e+01 -2.1561e+04 9.8725e+03 -3.5311e+01 -7.6862e+03
-5.9549e+06 5.0360e+01 -2.1587e+04 9.8514e+03 -5.5165e+01 -7.4945e+03
-5.7406e+06 5.0528e+01 -2.1613e+04 9.8318e+03 -4.4256e+01 -7.3011e+03
-5.5256e+06 5.0331e+01 -2.1637e+04 9.8136e+03 -2.0468e+01 -7.1074e+03
-5.1203e+06 5.0028e+01 -2.1660e+04 9.7969e+03 1.0202e+01 -6.9136e+03
-4.9384e+06 4.9974e+01 -2.1683e+04 9.7816e+03 2.4953e+01 -6.7209e+03
-5.0484e+06 5.0161e+01 -2.1704e+04 9.7679e+03 1.5984e+00 -6.5246e+03
-5.3267e+06 5.0442e+01 -2.1724e+04 9.7557e+03 -3.2406e+00 -6.3297e+03
-5.3589e+06 5.0789e+01 -2.1743e+04 9.7451e+03 1.0821e+01 -6.1210e+03
-5.1905e+06 5.1305e+01 -2.1760e+04 9.7359e+03 -2.7059e+00 -5.9292e+03
-7.5490e+06 4.6049e+01 -2.0634e+04 1.0696e+04 -1.8074e+02 -1.2159e+04
-7.5415e+06 4.6427e+01 -2.0683e+04 1.0647e+04 -1.8706e+02 -1.1979e+04
-4.8262e+06 4.6650e+01 -2.0731e+04 1.0599e+04 9.8029e+01 -1.1819e+04
-5.0722e+06 4.6946e+01 -2.0778e+04 1.0552e+04 1.0755e+02 -1.1669e+04
-5.8354e+06 4.7334e+01 -2.0824e+04 1.0506e+04 5.1999e+00 -1.1512e+04
-7.2678e+06 4.7676e+01 -2.0869e+04 1.0461e+04 -1.0647e+02 -1.1341e+04
-5.6809e+06 4.7828e+01 -2.0914e+04 1.0417e+04 -4.0843e+00 -1.1169e+04
-5.1398e+06 4.7773e+01 -2.0957e+04 1.0374e+04 4.6884e+01 -1.1001e+04
-5.5933e+06 4.7757e+01 -2.1000e+04 1.0332e+04 9.9391e+00 -1.0834e+04
-6.1184e+06 4.7714e+01 -2.1042e+04 1.0291e+04 -2.6103e+01 -1.0660e+04
-5.2060e+06 4.7236e+01 -2.1084e+04 1.0251e+04 2.6807e+01 -1.0486e+04
-5.4417e+06 4.6540e+01 -2.1124e+04 1.0212e+04 1.8841e+01 -1.0312e+04
-5.8447e+06 4.6367e+01 -2.1163e+04 1.0175e+04 -1.6057e+01 -1.0136e+04
-5.9407e+06 4.6670e+01 -2.1202e+04 1.0139e+04 -2.1541e+01 -9.9575e+03
-5.5246e+06 4.6863e+01 -2.1239e+04 1.0104e+04 9.9024e-01 -9.7781e+03
-5.6485e+06 4.6969e+01 -2.1276e+04 1.0070e+04 1.8196e+00 -9.5978e+03
-5.6310e+06 4.7241e+01 -2.1311e+04 1.0038e+04 -4.2349e+00 -9.4162e+03
-5.7531e+06 4.7624e+01 -2.1346e+04 1.0007e+04 -2.1164e+01 -9.2335e+03
-5.8580e+06 4.8044e+01 -2.1380e+04 9.9767e+03 -1.9122e+01 -9.0486e+03
-5.4911e+06 4.8515e+01 -2.1412e+04 9.9482e+03 -1.8142e+01 -8.8629e+03
-6.1436e+06 4.9026e+01 -2.1444e+04 9.9211e+03 -5.4233e+01 -8.6773e+03
-6.0505e+06 4.9549e+01 -2.1475e+04 9.8954e+03 -5.6860e+01 -8.4885e+03
-5.4142e+06 5.0058e+01 -2.1504e+04 9.8711e+03 -5.7445e+00 -8.2973e+03
-4.8985e+06 5.0528e+01 -2.1533e+04 9.8482e+03 4.5061e+01 -8.1069e+03
-4.4522e+06 5.0999e+01 -2.1561e+04 9.8267e+03 7.2766e+01 -7.9166e+03
-4.6962e+06 5.1411e+01 -2.1587e+04 9.8067e+03 6.0811e+01 -7.7254e+03
-4.9721e+06 5.1537e+01 -2.1613e+04 9.7881e+03 2.5829e+01 -7.5332e+03
-5.3549e+06 5.1368e+01 -2.1637e+04 9.7711e+03 -7.5089e+00 -7.3404e+03
-5.5210e+06 5.1143e+01 -2.1660e+04 9.7555e+03 -2.9391e+01 -7.1480e+03
-5.4476e+06 5.1096e+01 -2.1682e+04 9.7414e+03 -2.8455e+01 -6.9504e+03
-5.0505e+06 5.1194e+01 -2.1704e+04 9.7289e+03 1.7397e+01 -6.7548e+03
-4.9304e+06 5.1289e+01 -2.1724e+04 9.7178e+03 4.6632e+01 -6.5473e+03
-5.0975e+06 5.1592e+01 -2.1742e+04 9.7083e+03 3.2322e+00 -6.3562e+03
-3.7629e+06 4.7161e+01 -2.0584e+04 1.0676e+04 6.3635e+02 -1.2547e+04
-4.5972e+06 4.7428e+01 -2.0633e+04 1.0627e+04 3.8692e+02 -1.2468e+04
-7.3993e+06 4.7280e+01 -2.0682e+04 1.0579e+04 -1.1222e+02 -1.2264e+04
-7.5091e+06 4.7240e+01 -2.0730e+04 1.0532e+04 -1.6991e+02 -1.2062e+04
-5.8511e+06 4.7575e+01 -2.0777e+04 1.0485e+04 1.1314e+00 -1.1892e+04
-4.2222e+06 4.8046e+01 -2.0823e+04 1.0440e+04 1.5513e+02 -1.1743e+04
-5.8707e+06 4.8441e+01 -2.0869e+04 1.0396e+04 1.8179e+01 -1.1588e+04
-6.6188e+06 4.8734e+01 -2.0913e+04 1.0352e+04 -6.4680e+01 -1.1414e+04
-5.6454e+06 4.9034e+01 -2.0957e+04 1.0310e+04 -8.5886e-01 -1.1240e+04
-5.0046e+06 4.9325e+01 -2.1000e+04 1.0269e+04 4.3914e+01 -1.1072e+04
-6.0747e+06 4.9189e+01 -2.1042e+04 1.0229e+04 -2.4196e+01 -1.0902e+04
-5.9718e+06 4.8558e+01 -2.1083e+04 1.0190e+04 -2.9900e+01 -1.0725e+04
-5.3876e+06 4.8242e+01 -2.1123e+04 1.0152e+04 1.8135e+01 -1.0549e+04
-5.2944e+06 4.8406e+01 -2.1163e+04 1.0116e+04 2.4190e+01 -1.0374e+04
-5.7985e+06 4.8252e+01 -2.1201e+04 1.0081e+04 -8.6258e+00 -1.0196e+04
-5.6509e+06 4.7803e+01 -2.1239e+04 1.0046e+04 -8.1854e+00 -1.0015e+04
-5.6055e+06 4.7708e+01 -2.1276e+04 1.0014e+04 1.6658e+00 -9.8337e+03
-5.3868e+06 4.7987e+01 -2.1311e+04 9.9822e+03 2.4459e+01 -9.6507e+03
-5.1212e+06 4.8357e+01 -2.1346e+04 9.9520e+03 2.5896e+01 -9.4674e+03
-5.5047e+06 4.8791e+01 -2.1380e+04 9.9232e+03 2.8864e+01 -9.2815e+03
-4.5733e+06 4.9307e+01 -2.1412e+04 9.8957e+03 7.4927e+01 -9.0943e+03
-4.6114e+06 4.9823e+01 -2.1444e+04 9.8697e+03 7.8229e+01 -8.9093e+03
-5.3116e+06 5.0310e+01 -2.1475e+04 9.8450e+03 1.3652e+01 -8.7220e+03
-5.9175e+06 5.0804e+01 -2.1504e+04 9.8217e+03 -5.4636e+01 -8.5329e+03
-6.4011e+06 5.1328e+01 -2.1533e+04 9.7999e+03 -8.9879e+01 -8.3423e+03
-6.0534e+06 5.1851e+01 -2.1561e+04 9.7795e+03 -7.3366e+01 -8.1497e+03
-5.6987e+06 5.2285e+01 -2.1587e+04 9.7606e+03 -3.3682e+01 -7.9562e+03
-5.1389e+06 5.2524e+01 -2.1613e+04 9.7432e+03 9.8975e+00 -7.7623e+03
-4.8311e+06 5.2530e+01 -2.1637e+04 9.7272e+03 3.5867e+01 -7.5706e+03
-4.9230e+06 5.2549e+01 -2.1660e+04 9.7128e+03 1.3102e+01 -7.3757e+03
-5.3384e+06 5.2692e+01 -2.1682e+04 9.6999e+03 -1.0295e+01 -7.1819e+03
-5.4160e+06 5.2665e+01 -2.1704e+04 9.6885e+03 -4.6731e+00 -6.9734e+03
-5.1170e+06 5.2700e+01 -2.1724e+04 9.6787e+03 -2.1075e+00 -6.7809e+03
-1.3733e+07 4.8995e+01 -2.0533e+04 1.0655e+04 -8.8001e+02 -1.3274e+04
-8.4031e+06 4.9241e+01 -2.0583e+04 1.0606e+04 -3.7805e+02 -1.2683e+04
-5.5703e+06 4.8606e+01 -2.0633e+04 1.0557e+04 4.1470e+02 -1.2563e+04
-3.3632e+06 4.7991e+01 -2.0681e+04 1.0510e+04 5.3163e+02 -1.2525e+04
-6.8097e+06 4.7988e+01 -2.0729e+04 1.0463e+04 1.7936e+01 -1.2368e+04
-7.9100e+06 4.8370e+01 -2.0776e+04 1.0417e+04 -2.1509e+02 -1.2155e+04
-6.2559e+06 4.8760e+01 -2.0822e+04 1.0373e+04 -5.4701e+01 -1.1965e+04
-4.5199e+06 4.9165e+01 -2.0868e+04 1.0329e+04 1.1393e+02 -1.1817e+04
-6.1097e+06 4.9674e+01 -2.0913e+04 1.0287e+04 -7.5887e+00 -1.1659e+04
-6.3565e+06 5.0261e+01 -2.0956e+04 1.0245e+04 -4.4567e+01 -1.1483e+04
-5.0921e+06 5.0651e+01 -2.0999e+04 1.0205e+04 3.7449e+01 -1.1307e+04
-5.0232e+06 5.0584e+01 -2.1042e+04 1.0166e+04 5.3476e+01 -1.1138e+04
-5.9224e+06 5.0509e+01 -2.1083e+04 1.0128e+04 -2.1073e+01 -1.0964e+04
-5.7988e+06 5.0679e+01 -2.1123e+04 1.0091e+04 -1.3082e+01 -1.0786e+04
-5.2966e+06 5.0376e+01 -2.1163e+04 1.0055e+04 1.6721e+01 -1.0609e+04
-5.5022e+06 4.9481e+01 -2.1201e+04 1.0021e+04 1.2670e+01 -1.0431e+04
-5.6593e+06 4.8865e+01 -2.1239e+04 9.9876e+03 -7.9205e+00 -1.0251e+04
-5.8623e+06 4.8844e+01 -2.1275e+04 9.9558e+03 -3.6699e+01 -1.0070e+04
-6.1657e+06 4.8997e+01 -2.1311e+04 9.9253e+03 -3.7815e+01 -9.8856e+03
-5.5519e+06 4.9163e+01 -2.1346e+04 9.8961e+03 -3.7076e+01 -9.7031e+03
-6.7243e+06 4.9528e+01 -2.1379e+04 9.8683e+03 -1.0618e+02 -9.5192e+03
-6.5567e+06 5.0064e+01 -2.1412e+04 9.8419e+03 -1.1087e+02 -9.3283e+03
-5.5414e+06 5.0587e+01 -2.1444e+04 9.8168e+03 -1.6421e+01 -9.1375e+03
-4.6267e+06 5.1085e+01 -2.1475e+04 9.7932e+03 8.3593e+01 -8.9485e+03
-3.9359e+06 5.1621e+01 -2.1504e+04 9.7710e+03 1.3322e+02 -8.7600e+03
-4.3446e+06 5.2171e+01 -2.1533e+04 9.7503e+03 1.0832e+02 -8.5715e+03
-4.8278e+06 5.2721e+01 -2.1560e+04 9.7310e+03 4.6659e+01 -8.3801e+03
-5.4621e+06 5.3267e+01 -2.1587e+04 9.7132e+03 -1.3880e+01 -8.1877e+03
-5.7507e+06 5.3694e+01 -2.1612e+04 9.6970e+03 -5.0603e+01 -7.9955e+03
-5.5284e+06 5.4076e+01 -2.1637e+04 9.6822e+03 -3.6642e+01 -7.7977e+03
-4.8795e+06 5.4527e+01 -2.1660e+04 9.6689e+03 3.6513e+01 -7.6021e+03
-4.6424e+06 5.4714e+01 -2.1682e+04 9.6571e+03 7.4812e+01 -7.3975e+03
-4.9187e+06 5.4730e+01 -2.1703e+04 9.6469e+03 1.5892e+01 -7.2081e+03
-8.1647e+05 4.8959e+01 -2.0481e+04 1.0632e+04 -1.7451e+03 -4.3799e+04
-7.5825e+06 5.0119e+01 -2.0532e+04 1.0582e+04 3.8119e+02 -1.6940e+04
-9.1520e+06 5.0328e+01 -2.0582e+04 1.0534e+04 -1.6623e+02 -1.3831e+04
-1.1650e+07 4.9835e+01 -2.0632e+04 1.0486e+04 -8.5255e+02 -1.2937e+04
-5.3693e+06 4.9263e+01 -2.0680e+04 1.0439e+04 2.1750e+02 -1.2584e+04
-3.4336e+06 4.9241e+01 -2.0728e+04 1.0393e+04 5.0064e+02 -1.2566e+04
-5.4355e+06 4.9476e+01 -2.0775e+04 1.0348e+04 1.6222e+02 -1.2456e+04
-7.8371e+06 4.9701e+01 -2.0822e+04 1.0304e+04 -2.0091e+02 -1.2234e+04
-5.4196e+06 5.0048e+01 -2.0867e+04 1.0261e+04 1.2169e+01 -1.2039e+04
-4.9488e+06 5.0601e+01 -2.0912e+04 1.0219e+04 6.6627e+01 -1.1889e+04
-6.3842e+06 5.1209e+01 -2.0956e+04 1.0179e+04 -3.7627e+01 -1.1727e+04
-6.4330e+06 5.1608e+01 -2.0999e+04 1.0139e+04 -7.5695e+01 -1.1545e+04
-5.1205e+06 5.1901e+01 -2.1041e+04 1.0101e+04 3.8527e+01 -1.1370e+04
-5.1537e+06 5.2269e+01 -2.1082e+04 1.0064e+04 3.5385e+01 -1.1199e+04
-5.7638e+06 5.2298e+01 -2.1123e+04 1.0028e+04 1.0405e+00 -1.1023e+04
-5.5907e+06 5.1675e+01 -2.1162e+04 9.9930e+03 -6.9283e+00 -1.0845e+04
-5.4822e+06 5.0929e+01 -2.1201e+04 9.9595e+03 1.6636e+01 -1.0664e+04
-5.2369e+06 5.0599e+01 -2.1238e+04 9.9273e+03 5.2536e+01 -1.0481e+04
-4.8331e+06 5.0425e+01 -2.1275e+04 9.8965e+03 5.8271e+01 -1.0301e+04
-5.5763e+06 5.0088e+01 -2.1311e+04 9.8670e+03 7.0363e+01 -1.0113e+04
-3.9585e+06 4.9938e+01 -2.1346e+04 9.8388e+03 1.8398e+02 -9.9255e+03
-4.1093e+06 5.0280e+01 -2.1379e+04 9.8120e+03 1.8869e+02 -9.7505e+03
-5.3556e+06 5.0834e+01 -2.1412e+04 9.7867e+03 4.3594e+01 -9.5689e+03
-6.4542e+06 5.1350e+01 -2.1444e+04 9.7627e+03 -1.1091e+02 -9.3793e+03
-7.2780e+06 5.1886e+01 -2.1474e+04 9.7401e+03 -1.8849e+02 -9.1852e+03
-6.6910e+06 5.2460e+01 -2.1504e+04 9.7191e+03 -1.5589e+02 -8.9894e+03
-6.0476e+06 5.3031e+01 -2.1533e+04 9.6994e+03 -7.1174e+01 -8.7953e+03
-5.0977e+06 5.3658e+01 -2.1560e+04 9.6813e+03 1.8402e+01 -8.6026e+03
-4.5420e+06 5.4331e+01 -2.1587e+04 9.6646e+03 7.3641e+01 -8.4138e+03
-4.7330e+06 5.5017e+01 -2.1612e+04 9.6495e+03 3.8283e+01 -8.2225e+03
-5.4940e+06 5.5724e+01 -2.1637e+04 9.6358e+03 -2.4577e+01 -8.0290e+03
-5.6931e+06 5.6247e+01 -2.1660e+04 9.6237e+03 -3.7463e+01 -7.8212e+03
-5.0485e+06 5.6574e+01 -2.1682e+04 9.6131e+03 3.8636e+00 -7.6285e+03
-3.1232e+06 4.5408e+01 -2.0361e+04 1.0592e+04 4.3289e+04 -2.0519e+05
-7.4883e+06 4.7845e+01 -2.0480e+04 1.0557e+04 3.1577e+04 -1.2790e+05
1.2421e+06 5.0124e+01 -2.0531e+04 1.0508e+04 5.7612e+03 -6.9150e+04
-5.2688e+06 5.1092e+01 -2.0581e+04 1.0460e+04 -1.5690e+03 -2.8733e+04
-7.3712e+06 5.1154e+01 -2.0631e+04 1.0412e+04 5.0752e+01 -1.4588e+04
-1.2313e+07 5.1304e+01 -2.0680e+04 1.0366e+04 -8.6436e+02 -1.3161e+04
-5.9019e+06 5.1267e+01 -2.0728e+04 1.0321e+04 -8.7549e+01 -1.2644e+04
-3.9907e+06 5.0974e+01 -2.0775e+04 1.0277e+04 3.7927e+02 -1.2604e+04
-5.8254e+06 5.0733e+01 -2.0821e+04 1.0234e+04 5.6219e+01 -1.2523e+04
-7.5001e+06 5.0835e+01 -2.0867e+04 1.0192e+04 -1.5925e+02 -1.2293e+04
-4.4952e+06 5.1330e+01 -2.0912e+04 1.0151e+04 9.6642e+01 -1.2108e+04
-4.9491e+06 5.1909e+01 -2.0956e+04 1.0111e+04 1.0646e+02 -1.1962e+04
-6.1447e+06 5.2414e+01 -2.0999e+04 1.0072e+04 -3.6210e+01 -1.1793e+04
-6.3426e+06 5.2940e+01 -2.1041e+04 1.0035e+04 -5.8657e+01 -1.1606e+04
-5.1302e+06 5.3403e+01 -2.1082e+04 9.9983e+03 2.7139e+01 -1.1431e+04
-5.5824e+06 5.3497e+01 -2.1123e+04 9.9632e+03 2.7140e+01 -1.1256e+04
-5.5439e+06 5.3217e+01 -2.1162e+04 9.9294e+03 7.3101e+00 -1.1079e+04
-6.0965e+06 5.2939e+01 -2.1201e+04 9.8969e+03 -5.7153e+01 -1.0897e+04
-6.5253e+06 5.2694e+01 -2.1238e+04 9.8657e+03 -4.8032e+01 -1.0710e+04
-5.7240e+06 5.2072e+01 -2.1275e+04 9.8359e+03 -9.8288e+01 -1.0539e+04
-7.9171e+06 5.1255e+01 -2.1311e+04 9.8073e+03 -3.0824e+02 -1.0354e+04
-7.7041e+06 5.0970e+01 -2.1345e+04 9.7802e+03 -3.2332e+02 -1.0141e+04
-5.8323e+06 5.1279e+01 -2.1379e+04 9.7545e+03 -6.7303e+01 -9.9458e+03
-4.2040e+06 5.1715e+01 -2.1412e+04 9.7301e+03 1.9609e+02 -9.7666e+03
-2.9668e+06 5.2162e+01 -2.1444e+04 9.7072e+03 3.2462e+02 -9.5931e+03
-3.6658e+06 5.2728e+01 -2.1474e+04 9.6858e+03 2.6945e+02 -9.4158e+03
-4.4875e+06 5.3349e+01 -2.1504e+04 9.6658e+03 1.2414e+02 -9.2282e+03
-5.6434e+06 5.3979e+01 -2.1533e+04 9.6473e+03 -2.6042e+01 -9.0356e+03
-6.2527e+06 5.4664e+01 -2.1560e+04 9.6303e+03 -1.1880e+02 -8.8381e+03
-5.8748e+06 5.5412e+01 -2.1587e+04 9.6148e+03 -8.0966e+01 -8.6367e+03
-4.7559e+06 5.6169e+01 -2.1612e+04 9.6008e+03 6.5139e+01 -8.4409e+03
-4.3745e+06 5.6863e+01 -2.1637e+04 9.5883e+03 1.1624e+02 -8.2400e+03
-5.0114e+06 5.7509e+01 -2.1660e+04 9.5773e+03 1.4979e+01 -8.0537e+03
-1.7226e+07 4.1915e+01 -1.7117e+04 9.7741e+03 8.6288e+04 -3.6088e+05
-9.6873e+06 4.4111e+01 -1.8454e+04 1.0035e+04 7.1440e+04 -3.0898e+05
3.2132e+05 4.6778e+01 -1.9802e+04 1.0309e+04 4.7478e+04 -2.4131e+05
-6.6962e+06 4.9158e+01 -2.0530e+04 1.0432e+04 3.4871e+04 -1.6419e+05
-2.0456e+06 5.1477e+01 -2.0581e+04 1.0384e+04 1.1221e+04 -9.4484e+04
2.4248e+04 5.3227e+01 -2.0630e+04 1.0338e+04 -3.5371e+03 -4.0099e+04
-8.1220e+06 5.3811e+01 -2.0679e+04 1.0292e+04 -1.5205e+02 -1.5086e+04
-8.7932e+06 5.3459e+01 -2.0727e+04 1.0248e+04 -3.2502e+02 -1.3278e+04
-6.3463e+06 5.2381e+01 -2.0774e+04 1.0204e+04 -1.7676e+02 -1.2739e+04
-3.2860e+06 5.1498e+01 -2.0821e+04 1.0162e+04 3.7497e+02 -1.2679e+04
-7.7281e+06 5.1554e+01 -2.0866e+04 1.0120e+04 -2.2553e+02 -1.2584e+04
-6.8062e+06 5.2105e+01 -2.0911e+04 1.0080e+04 -1.8720e+02 -1.2334e+04
-5.1736e+06 5.2664e+01 -2.0955e+04 1.0041e+04 4.8158e+01 -1.2164e+04
-4.7215e+06 5.3213e+01 -2.0998e+04 1.0003e+04 1.1708e+02 -1.2023e+04
-6.3959e+06 5.3841e+01 -2.1041e+04 9.9669e+03 -2.8729e+01 -1.1847e+04
-5.6227e+06 5.4432e+01 -2.1082e+04 9.9315e+03 -3.6975e+00 -1.1662e+04
-5.7278e+06 5.4764e+01 -2.1122e+04 9.8973e+03 4.9466e+01 -1.1479e+04
-4.8486e+06 5.4890e+01 -2.1162e+04 9.8645e+03 2.1223e+02 -1.1297e+04
-4.5375e+06 5.4959e+01 -2.1200e+04 9.8330e+03 2.1998e+02 -1.1123e+04
-5.6060e+06 5.4605e+01 -2.1238e+04 9.8027e+03 3.5052e+02 -1.0921e+04
-2.5077e+06 5.3575e+01 -2.1275e+04 9.7739e+03 7.4063e+02 -1.0755e+04
-2.6997e+06 5.2626e+01 -2.1311e+04 9.7464e+03 7.2982e+02 -1.0637e+04
-5.3282e+06 5.2450e+01 -2.1345e+04 9.7203e+03 2.0870e+02 -1.0467e+04
-7.5342e+06 5.2677e+01 -2.1379e+04 9.6956e+03 -3.1178e+02 -1.0246e+04
-9.1898e+06 5.2846e+01 -2.1412e+04 9.6724e+03 -5.7659e+02 -1.0014e+04
-8.0559e+06 5.3149e+01 -2.1444e+04 9.6505e+03 -4.8519e+02 -9.7917e+03
-6.7892e+06 5.3727e+01 -2.1474e+04 9.6302e+03 -2.2550e+02 -9.5945e+03
-4.9879e+06 5.4364e+01 -2.1504e+04 9.6113e+03 4.8108e+01 -9.4138e+03
-4.0166e+06 5.4982e+01 -2.1533e+04 9.5939e+03 1.9739e+02 -9.2473e+03
-4.4143e+06 5.5676e+01 -2.1560e+04 9.5781e+03 1.1152e+02 -9.0707e+03
-5.8422e+06 5.6414e+01 -2.1587e+04 9.5637e+03 -6.1967e+01 -8.8749e+03
-6.3651e+06 5.7151e+01 -2.1612e+04 9.5509e+03 -1.2403e+02 -8.6571e+03
-5.2568e+06 5.7951e+01 -2.1637e+04 9.5396e+03 -2.2864e+01 -8.4619e+03
1.1008e+07 4.1493e+01 -1.3937e+04 8.9741e+03 8.5565e+04 -3.8692e+05
-4.2595e+06 4.2492e+01 -1.5250e+04 9.2148e+03 8.1627e+04 -3.8522e+05
-8.4008e+06 4.3891e+01 -1.6573e+04 9.4688e+03 8.1807e+04 -3.7238e+05
-1.7891e+07 4.6208e+01 -1.7906e+04 9.7365e+03 7.4270e+04 -3.3404e+05
-4.4160e+05 4.9783e+01 -1.9249e+04 1.0018e+04 4.5598e+04 -2.7595e+05
-5.3880e+06 5.3308e+01 -2.0582e+04 1.0308e+04 2.5361e+04 -1.9368e+05
-6.8042e+06 5.5772e+01 -2.0630e+04 1.0261e+04 8.8598e+03 -1.0564e+05
1.4949e+06 5.6434e+01 -2.0678e+04 1.0217e+04 -4.4407e+03 -4.2306e+04
-1.0666e+07 5.5238e+01 -2.0727e+04 1.0173e+04 -7.5646e+02 -1.5085e+04
-6.6445e+06 5.3586e+01 -2.0774e+04 1.0130e+04 4.8200e+01 -1.3253e+04
-5.2258e+06 5.2627e+01 -2.0820e+04 1.0088e+04 1.6870e+02 -1.2823e+04
-2.4550e+06 5.2573e+01 -2.0866e+04 1.0048e+04 6.5347e+02 -1.2819e+04
-7.9190e+06 5.3045e+01 -2.0911e+04 1.0009e+04 -2.3436e+02 -1.2672e+04
-6.2487e+06 5.3481e+01 -2.0955e+04 9.9705e+03 -1.0508e+02 -1.2396e+04
-5.5802e+06 5.3995e+01 -2.0998e+04 9.9335e+03 9.2228e+00 -1.2225e+04
-5.3505e+06 5.4692e+01 -2.1040e+04 9.8978e+03 1.4687e+02 -1.2068e+04
-6.1917e+06 5.5328e+01 -2.1082e+04 9.8633e+03 5.7094e+01 -1.1893e+04
-7.0332e+06 5.5725e+01 -2.1122e+04 9.8301e+03 4.1440e+01 -1.1716e+04
-8.4077e+06 5.5910e+01 -2.1162e+04 9.7983e+03 2.2876e+02 -1.1550e+04
-7.3121e+06 5.5970e+01 -2.1200e+04 9.7677e+03 2.6508e+02 -1.1371e+04
-1.2550e+07 5.5667e+01 -2.1238e+04 9.7385e+03 -4.1635e+02 -1.1069e+04
-1.1626e+07 5.4990e+01 -2.1275e+04 9.7106e+03 -5.0796e+02 -1.0678e+04
-7.1574e+06 5.4606e+01 -2.1310e+04 9.6842e+03 1.5895e+02 -1.0456e+04
-2.9713e+06 5.4574e+01 -2.1345e+04 9.6591e+03 8.9008e+02 -1.0430e+04
-2.5814e+05 5.4278e+01 -2.1379e+04 9.6355e+03 1.2319e+03 -1.0419e+04
-1.6329e+06 5.3952e+01 -2.1412e+04 9.6133e+03 9.9856e+02 -1.0337e+04
-3.5308e+06 5.4186e+01 -2.1444e+04 9.5926e+03 4.7570e+02 -1.0170e+04
-6.0209e+06 5.4787e+01 -2.1474e+04 9.5734e+03 -7.1429e+01 -9.9335e+03
-7.3075e+06 5.5359e+01 -2.1504e+04 9.5557e+03 -3.6129e+02 -9.6723e+03
-6.6237e+06 5.5977e+01 -2.1533e+04 9.5394e+03 -2.3940e+02 -9.4336e+03
-4.3011e+06 5.6711e+01 -2.1560e+04 9.5247e+03 1.6126e+02 -9.2511e+03
-3.8054e+06 5.7469e+01 -2.1587e+04 9.5115e+03 2.2830e+02 -9.0777e+03
-4.9116e+06 5.8309e+01 -2.1612e+04 9.4998e+03 7.5289e+01 -8.9047e+03
-1.3998e+07 4.4778e+01 -1.0754e+04 8.1578e+03 8.4551e+04 -3.7306e+05
-1.0246e+07 4.4568e+01 -1.2088e+04 8.4020e+03 7.9919e+04 -3.8952e+05
6.9266e+06 4.4691e+01 -1.3407e+04 8.6469e+03 8.1582e+04 -3.8774e+05
-9.6940e+04 4.6261e+01 -1.4718e+04 8.8951e+03 7.8630e+04 -3.8604e+05
-4.3895e+06 4.9780e+01 -1.6036e+04 9.1561e+03 6.6603e+04 -3.8420e+05
-1.6886e+07 5.4182e+01 -1.7510e+04 9.4747e+03 4.9570e+04 -3.5547e+05
-8.8344e+05 5.7890e+01 -1.9178e+04 9.8525e+03 2.6304e+04 -2.8707e+05
-3.8072e+06 5.9334e+01 -2.0629e+04 1.0184e+04 1.4429e+04 -1.9064e+05
-6.3189e+06 5.8790e+01 -2.0678e+04 1.0139e+04 5.6234e+03 -9.8389e+04
5.3371e+05 5.7512e+01 -2.0726e+04 1.0096e+04 -4.4677e+03 -3.8904e+04
-1.3698e+07 5.6035e+01 -2.0773e+04 1.0055e+04 -1.7576e+03 -1.4839e+04
-7.0995e+06 5.4930e+01 -2.0820e+04 1.0014e+04 -5.1248e+02 -1.3053e+04
-5.5789e+06 5.4456e+01 -2.0866e+04 9.9741e+03 4.0487e+01 -1.2786e+04
-2.8963e+06 5.4270e+01 -2.0911e+04 9.9356e+03 5.1590e+02 -1.2863e+04
-7.8524e+06 5.4390e+01 -2.0955e+04 9.8983e+03 -1.7351e+02 -1.2703e+04
-5.4652e+06 5.4861e+01 -2.0998e+04 9.8622e+03 2.8322e+00 -1.2449e+04
-7.0305e+06 5.5376e+01 -2.1040e+04 9.8274e+03 1.5834e+02 -1.2284e+04
-4.9761e+06 5.5455e+01 -2.1081e+04 9.7939e+03 9.8107e+02 -1.2103e+04
-6.7071e+06 5.4804e+01 -2.1122e+04 9.7616e+03 1.5285e+03 -1.1993e+04
-1.0451e+07 5.3428e+01 -2.1162e+04 9.7307e+03 2.4420e+03 -1.2504e+04
-5.6245e+06 5.2306e+01 -2.1200e+04 9.7012e+03 3.7757e+03 -1.3799e+04
-5.1018e+06 5.2774e+01 -2.1238e+04 9.6730e+03 3.6916e+03 -1.4822e+04
-8.8352e+06 5.4617e+01 -2.1275e+04 9.6461e+03 1.7839e+03 -1.4282e+04
-1.2312e+07 5.6375e+01 -2.1310e+04 9.6207e+03 -2.3721e+02 -1.2572e+04
-1.4906e+07 5.6846e+01 -2.1345e+04 9.5968e+03 -1.3753e+03 -1.1061e+04
-1.2388e+07 5.6274e+01 -2.1379e+04 9.5742e+03 -1.3238e+03 -1.0215e+04
-8.9503e+06 5.5792e+01 -2.1412e+04 9.5532e+03 -5.8639e+02 -9.9368e+03
-4.8885e+06 5.5776e+01 -2.1444e+04 9.5336e+03 2.8037e+02 -9.9786e+03
-2.1264e+06 5.6023e+01 -2.1474e+04 9.5154e+03 7.6591e+02 -1.0055e+04
-3.6127e+06 5.6536e+01 -2.1504e+04 9.4988e+03 3.8112e+02 -1.0007e+04
-6.2392e+06 5.7253e+01 -2.1533e+04 9.4838e+03 -1.7675e+02 -9.7785e+03
-8.1480e+06 5.7950e+01 -2.1560e+04 9.4702e+03 -4.3652e+02 -9.4767e+03
-4.7356e+06 5.8675e+01 -2.1587e+04 9.4582e+03 1.5150e+01 -9.2576e+03
-2.5241e+06 5.2673e+01 -7.4856e+03 7.2852e+03 4.4357e+04 -2.3045e+05
-7.4578e+06 5.1039e+01 -8.8544e+03 7.5402e+03 5.8106e+04 -3.0162e+05
-1.5680e+07 4.9680e+01 -1.0210e+04 7.7957e+03 7.8126e+04 -3.5412e+05
-1.0001e+07 5.0470e+01 -1.1552e+04 8.0519e+03 7.7021e+04 -3.8368e+05
-4.7859e+05 5.3800e+01 -1.2881e+04 8.3092e+03 6.1043e+04 -3.9194e+05
4.9804e+06 5.8284e+01 -1.4444e+04 8.6344e+03 4.0883e+04 -3.9308e+05
-4.5738e+06 6.1897e+01 -1.6080e+04 8.9931e+03 3.3677e+04 -3.8674e+05
-1.3631e+07 6.3168e+01 -1.7733e+04 9.3696e+03 3.4678e+04 -3.5107e+05
-2.2916e+06 6.2929e+01 -1.9403e+04 9.7645e+03 2.2825e+04 -2.7725e+05
-1.6967e+06 6.2367e+01 -2.0678e+04 1.0061e+04 1.3029e+04 -1.8017e+05
-5.7182e+04 6.1457e+01 -2.0726e+04 1.0019e+04 5.5098e+03 -9.1100e+04
1.3035e+06 6.0162e+01 -2.0773e+04 9.9776e+03 -2.5149e+03 -3.6088e+04
-1.2181e+07 5.8571e+01 -2.0820e+04 9.9376e+03 -1.0240e+03 -1.5041e+04
-6.4804e+06 5.6933e+01 -2.0865e+04 9.8988e+03 -1.7477e+02 -1.3173e+04
-5.4396e+06 5.5795e+01 -2.0910e+04 9.8611e+03 1.0064e+02 -1.2869e+04
-5.0892e+06 5.5457e+01 -2.0954e+04 9.8247e+03 5.5936e+02 -1.2903e+04
-6.9850e+06 5.5367e+01 -2.0998e+04 9.7896e+03 8.3758e+02 -1.2751e+04
-1.1947e+07 5.4484e+01 -2.1040e+04 9.7557e+03 8.5783e+02 -1.2540e+04
-1.6500e+07 5.0438e+01 -2.1081e+04 9.7231e+03 3.6112e+03 -1.3295e+04
-2.7202e+06 4.1361e+01 -2.1122e+04 9.6919e+03 4.9696e+04 -3.5147e+04
-6.0079e+06 3.4075e+01 -2.1161e+04 9.6619e+03 1.1379e+05 -1.0927e+05
3.6049e+05 3.7072e+01 -2.1200e+04 9.6334e+03 1.0198e+05 -1.8683e+05
-1.8629e+06 4.6254e+01 -2.1238e+04 9.6062e+03 4.6039e+04 -1.8116e+05
-2.9845e+06 5.3254e+01 -2.1275e+04 9.5805e+03 1.0761e+04 -1.1650e+05
2.2876e+06 5.6551e+01 -2.1310e+04 9.5561e+03 -2.7028e+03 -5.6167e+04
-1.3727e+06 5.7773e+01 -2.1345e+04 9.5332e+03 6.4233e+02 -2.2981e+04
-2.1812e+06 5.8160e+01 -2.1379e+04 9.5118e+03 2.3578e+03 -1.4652e+04
-8.7685e+06 5.8514e+01 -2.1412e+04 9.4918e+03 5.1025e-01 -1.2661e+04
-1.0260e+07 5.8874e+01 -2.1444e+04 9.4733e+03 -9.7765e+02 -1.0892e+04
-8.6677e+06 5.8963e+01 -2.1474e+04 9.4564e+03 -7.5707e+02 -9.9259e+03
-2.9298e+06 5.8828e+01 -2.1504e+04 9.4409e+03 4.7483e+02 -9.8064e+03
-1.8809e+06 5.8874e+01 -2.1533e+04 9.4270e+03 6.9881e+02 -9.9359e+03
-4.7709e+06 5.9256e+01 -2.1560e+04 9.4146e+03 1.1390e+02 -9.8318e+03
-3.2431e+05 6.2266e+01 -7.1391e+03 7.1449e+03 -7.1994e+01 -6.5839e+04
-7.5397e+06 6.0487e+01 -7.2297e+03 7.0683e+03 1.9034e+04 -1.2136e+05
-5.5924e+06 5.8819e+01 -7.3205e+03 6.9915e+03 3.7676e+04 -1.9272e+05
-3.4339e+06 5.8865e+01 -8.3057e+03 7.1552e+03 4.5165e+04 -2.6871e+05
-1.3511e+07 6.1043e+01 -9.7143e+03 7.4294e+03 4.8129e+04 -3.3640e+05
-1.1962e+07 6.4671e+01 -1.1389e+04 7.7843e+03 3.7874e+04 -3.8280e+05
-4.6518e+06 6.8359e+01 -1.3040e+04 8.1412e+03 3.1847e+04 -3.9544e+05
-3.8640e+05 6.9966e+01 -1.4669e+04 8.5013e+03 3.0474e+04 -3.9303e+05
-5.1993e+06 6.9564e+01 -1.6307e+04 8.8763e+03 3.0300e+04 -3.8359e+05
-1.6579e+07 7.0429e+01 -1.7962e+04 9.2697e+03 2.6813e+04 -3.4386e+05
-1.0294e+07 7.1646e+01 -1.9633e+04 9.6819e+03 1.6008e+04 -2.6579e+05
-8.1789e+06 6.9491e+01 -2.0725e+04 9.9396e+03 1.9589e+04 -1.7649e+05
-2.5335e+06 6.5769e+01 -2.0773e+04 9.8993e+03 7.0148e+03 -1.0210e+05
-9.4262e+05 6.2672e+01 -2.0819e+04 9.8601e+03 -9.0504e+03 -4.4129e+04
-1.2971e+07 5.9642e+01 -2.0865e+04 9.8222e+03 -1.8452e+03 -1.5480e+04
-3.2201e+06 5.7525e+01 -2.0910e+04 9.7854e+03 1.2576e+03 -1.3291e+04
-1.4028e+07 5.6016e+01 -2.0954e+04 9.7499e+03 2.2257e+02 -1.3071e+04
-5.5595e+06 5.1513e+01 -2.0998e+04 9.7157e+03 6.8823e+03 -1.4371e+04
4.1728e+06 3.8998e+01 -2.1040e+04 9.6828e+03 6.8147e+04 -4.2571e+04
2.3329e+07 1.7696e+01 -2.1081e+04 9.6511e+03 2.2925e+05 -1.3371e+05
-1.4481e+07 3.4110e+00 -1.9121e+04 8.7221e+03 3.6086e+05 -2.8553e+05
-4.3423e+06 1.1626e+01 -1.7174e+04 7.8179e+03 2.7877e+05 -4.4544e+05
-5.6523e+06 3.0407e+01 -1.8312e+04 8.2836e+03 1.3214e+05 -4.9787e+05
-1.2509e+07 4.2548e+01 -1.9614e+04 8.8186e+03 8.6713e+04 -4.4350e+05
9.4900e+06 4.8397e+01 -2.0919e+04 9.3562e+03 8.2155e+04 -3.6785e+05
-2.5190e+06 5.3129e+01 -2.1310e+04 9.4903e+03 8.2211e+04 -2.8988e+05
4.4304e+06 5.8111e+01 -2.1345e+04 9.4685e+03 5.9919e+04 -2.1863e+05
-2.3095e+06 6.2397e+01 -2.1379e+04 9.4482e+03 1.9937e+04 -1.4644e+05
2.2607e+06 6.4438e+01 -2.1412e+04 9.4294e+03 -3.6522e+03 -7.5186e+04
-4.7960e+06 6.4609e+01 -2.1444e+04 9.4120e+03 -3.9704e+03 -2.7747e+04
-7.5456e+06 6.3678e+01 -2.1474e+04 9.3962e+03 -4.3966e+02 -1.2482e+04
-1.1476e+07 6.2154e+01 -2.1504e+04 9.3819e+03 -1.4047e+03 -1.0247e+04
-5.2824e+06 6.0992e+01 -2.1533e+04 9.3692e+03 -1.8149e+00 -9.6758e+03
-1.2118e+07 6.8872e+01 -7.0470e+03 7.0713e+03 -2.1887e+02 -2.7616e+04
-8.3196e+06 6.8824e+01 -7.1377e+03 6.9944e+03 3.6242e+02 -2.9100e+04
-3.0809e+06 6.9055e+01 -7.2285e+03 6.9175e+03 -2.1990e+03 -4.7237e+04
-4.8391e+06 6.9967e+01 -7.3193e+03 6.8404e+03 5.5847e+03 -9.3816e+04
-8.9347e+06 7.2002e+01 -7.4102e+03 6.7632e+03 1.7813e+04 -1.6911e+05
-4.9968e+06 7.5639e+01 -8.2505e+03 6.8912e+03 2.1299e+04 -2.6275e+05
-8.2828e+06 8.0924e+01 -9.9486e+03 7.2578e+03 3.0371e+04 -3.4272e+05
-1.2476e+07 8.4657e+01 -1.1623e+04 7.6265e+03 3.1003e+04 -3.8498e+05
3.7305e+06 8.4099e+01 -1.3272e+04 7.9975e+03 3.2869e+04 -3.9567e+05
-3.6960e+06 8.2912e+01 -1.4901e+04 8.3728e+03 3.5395e+04 -3.9081e+05
2.0817e+07 8.0795e+01 -1.6540e+04 8.7645e+03 5.5939e+04 -3.8440e+05
-5.8072e+06 7.5643e+01 -1.8196e+04 9.1751e+03 1.1746e+05 -3.8851e+05
-1.6877e+06 7.4042e+01 -1.9277e+04 9.2087e+03 7.4185e+04 -3.7359e+05
7.4161e+06 7.4397e+01 -2.0773e+04 9.8197e+03 -1.5610e+04 -2.6851e+05
-2.0509e+07 6.9057e+01 -2.0819e+04 9.7814e+03 -1.9272e+04 -1.2134e+05
5.2889e+06 6.2091e+01 -2.0865e+04 9.7443e+03 -5.1925e+03 -3.7566e+04
-2.1994e+07 5.2931e+01 -2.0910e+04 9.7084e+03 1.0470e+04 -1.9898e+04
1.9944e+07 3.6254e+01 -2.0953e+04 9.6735e+03 9.0582e+04 -6.1588e+04
-7.5852e+06 1.2605e+01 -2.0996e+04 9.6399e+03 2.7434e+05 -1.6418e+05
-7.3248e+05 -1.8159e+01 -1.8274e+04 8.3665e+03 4.7130e+05 -2.7754e+05
-1.9467e+07 -3.1330e+01 -1.5096e+04 6.9087e+03 5.5085e+05 -3.6255e+05
8.2621e+06 -1.0709e+01 -1.1907e+04 5.4664e+03 4.0322e+05 -4.9265e+05
1.7947e+07 1.6266e+01 -1.2625e+04 5.7504e+03 2.0236e+05 -6.2951e+05
-2.6620e+07 3.0927e+01 -1.3911e+04 6.2773e+03 1.5667e+05 -6.7230e+05
-9.6782e+06 3.8217e+01 -1.5201e+04 6.8065e+03 1.6418e+05 -6.5596e+05
-2.4061e+07 4.7043e+01 -1.6495e+04 7.3383e+03 1.5957e+05 -6.1018e+05
-7.3390e+06 5.8863e+01 -1.7792e+04 7.8726e+03 1.3623e+05 -5.4543e+05
-7.0864e+06 6.7851e+01 -1.9093e+04 8.4097e+03 8.6545e+04 -4.7449e+05
4.9771e+06 7.1841e+01 -2.0688e+04 9.0800e+03 4.6596e+04 -3.8141e+05
-7.6778e+06 7.4680e+01 -2.1406e+04 9.3640e+03 2.3574e+04 -2.5855e+05
2.3232e+06 7.5307e+01 -2.1441e+04 9.3487e+03 -3.5910e+03 -1.3607e+05
-3.0397e+06 7.0419e+01 -2.1474e+04 9.3350e+03 -1.0809e+04 -4.7848e+04
-4.5139e+06 6.5136e+01 -2.1504e+04 9.3219e+03 2.1815e+01 -1.3962e+04
-2.8088e+06 7.2073e+01 -6.9551e+03 6.9971e+03 7.9161e+02 -2.7251e+04
-7.9986e+06 7.4143e+01 -7.0457e+03 6.9200e+03 -1.6945e+02 -2.7142e+04
-9.6423e+06 7.6491e+01 -7.1365e+03 6.8428e+03 -2.2993e+02 -2.7307e+04
-1.1188e+07 7.9818e+01 -7.2274e+03 6.7655e+03 -7.1814e+02 -2.8232e+04
-2.8843e+06 8.4393e+01 -7.3183e+03 6.6881e+03 -2.4754e+03 -4.3856e+04
-7.4936e+06 9.0781e+01 -7.4093e+03 6.6107e+03 6.1364e+02 -9.2820e+04
-3.9359e+06 9.9028e+01 -7.5003e+03 6.5332e+03 1.3914e+04 -1.7644e+05
-1.1383e+07 1.0716e+02 -8.4938e+03 6.7099e+03 1.9598e+04 -2.7249e+05
-5.2688e+05 1.0571e+02 -1.0191e+04 7.0902e+03 3.5735e+04 -3.4979e+05
-1.4747e+07 8.7159e+01 -1.1864e+04 7.4729e+03 1.4581e+05 -4.5218e+05
-6.9516e+06 6.9154e+01 -1.3511e+04 7.8584e+03 2.8073e+05 -6.6698e+05
-2.8127e+07 7.4762e+01 -1.5138e+04 8.2495e+03 2.6766e+05 -8.2389e+05
-1.8705e+07 9.3556e+01 -1.4068e+04 6.8486e+03 9.9002e+04 -7.4280e+05
4.1594e+06 9.8468e+01 -1.6821e+04 8.0247e+03 -3.7114e+04 -5.7734e+05
-1.9338e+07 8.7232e+01 -1.9659e+04 9.2408e+03 -5.5208e+04 -4.0591e+05
4.3340e+05 7.0814e+01 -2.0819e+04 9.7014e+03 -1.7975e+04 -2.2037e+05
-4.0918e+05 4.3821e+01 -2.0865e+04 9.6652e+03 1.0089e+05 -1.3543e+05
1.5313e+07 9.7310e+00 -2.0570e+04 9.4769e+03 3.1510e+05 -1.9932e+05
-1.1906e+07 -2.2629e+01 -1.7418e+04 8.0102e+03 5.1204e+05 -3.0152e+05
-2.7411e+07 -6.3436e+01 -1.4260e+04 6.5625e+03 5.7239e+05 -3.4498e+05
-3.8594e+07 -7.0683e+01 -1.1089e+04 5.1310e+03 5.7137e+05 -3.5106e+05
-7.6451e+06 -2.6846e+01 -7.9066e+03 3.7067e+03 4.8076e+05 -4.3253e+05
1.5211e+07 1.0546e+01 -6.9894e+03 3.2561e+03 2.7063e+05 -5.9229e+05
3.3974e+05 2.6412e+01 -8.2657e+03 3.7804e+03 1.6255e+05 -6.7219e+05
9.2963e+06 3.4641e+01 -9.5437e+03 4.3042e+03 1.6381e+05 -6.7470e+05
1.1120e+07 4.6234e+01 -1.0823e+04 4.8279e+03 1.6616e+05 -6.7617e+05
2.4522e+06 6.1577e+01 -1.2107e+04 5.3535e+03 1.6567e+05 -6.7530e+05
-1.3924e+07 7.1731e+01 -1.3393e+04 5.8814e+03 1.3481e+05 -6.7820e+05
-1.2481e+07 7.8375e+01 -1.5080e+04 6.5904e+03 8.8291e+04 -6.5836e+05
-1.6689e+07 8.6063e+01 -1.7341e+04 7.5488e+03 5.0177e+04 -5.8256e+05
3.2607e+06 9.0231e+01 -1.9617e+04 8.5154e+03 2.1099e+04 -4.6511e+05
-4.7728e+06 8.3103e+01 -2.1437e+04 9.2842e+03 2.3543e+04 -3.2643e+05
-6.2080e+06 7.2258e+01 -2.1471e+04 9.2718e+03 1.3677e+04 -1.9158e+05
-6.5447e+06 7.2582e+01 -6.8632e+03 6.9223e+03 -2.5731e+02 -2.7499e+04
-6.8958e+06 7.6859e+01 -6.9538e+03 6.8450e+03 -1.0377e+02 -2.7519e+04
-2.1417e+06 8.0870e+01 -7.0446e+03 6.7676e+03 9.0264e+02 -2.7409e+04
-5.8299e+06 8.5852e+01 -7.1355e+03 6.6901e+03 7.3504e+01 -2.7312e+04
-5.9969e+06 9.2463e+01 -7.2264e+03 6.6125e+03 1.6619e+02 -2.7365e+04
-9.5491e+06 1.0183e+02 -7.3174e+03 6.5349e+03 -7.6584e+02 -2.8434e+04
-8.2976e+05 1.1351e+02 -7.4085e+03 6.4572e+03 -2.3459e+03 -4.5675e+04
-9.2125e+06 1.2758e+02 -7.4996e+03 6.3795e+03 -2.2111e+02 -1.0021e+05
-8.7340e+05 1.2623e+02 -7.5907e+03 6.3019e+03 3.1276e+04 -2.0852e+05
-8.1557e+06 9.6450e+01 -8.7463e+03 6.5327e+03 2.6123e+05 -3.5245e+05
-5.0240e+07 7.4207e+01 -5.0127e+03 4.2106e+03 4.4654e+05 -5.3142e+05
-1.5685e+06 9.5193e+01 -2.9166e+03 2.7471e+03 2.2674e+05 -7.4448e+05
8.6683e+06 1.3017e+02 -8.9005e+03 4.5006e+03 -2.9202e+04 -7.8200e+05
1.2775e+06 1.3168e+02 -1.1614e+04 5.6667e+03 -8.6183e+04 -6.9532e+05
-2.0103e+07 1.1243e+02 -1.4705e+04 7.0042e+03 -1.0608e+05 -6.3391e+05
9.4894e+06 8.8597e+01 -1.8178e+04 8.5024e+03 -3.7901e+04 -5.0083e+05
-3.2737e+06 3.9092e+01 -1.9711e+04 9.1190e+03 2.4187e+05 -3.5092e+05
-2.0772e+07 -2.2180e+01 -1.6574e+04 7.6601e+03 5.2390e+05 -3.1774e+05
6.9965e+06 -5.7741e+01 -1.3423e+04 6.2184e+03 6.0588e+05 -3.4230e+05
-2.7760e+07 -8.0807e+01 -1.0268e+04 4.7963e+03 5.7993e+05 -3.4479e+05
-2.2482e+07 -7.3480e+01 -7.1006e+03 3.3767e+03 5.6822e+05 -3.4643e+05
-3.1657e+07 -2.0256e+01 -3.9195e+03 1.9425e+03 4.9715e+05 -3.6830e+05
9.0259e+05 2.1455e+01 -1.3507e+03 7.6140e+02 2.7224e+05 -4.5095e+05
-9.4313e+06 3.4760e+01 -2.6278e+03 1.2906e+03 1.3825e+05 -5.4024e+05
-3.0222e+07 3.9991e+01 -3.9052e+03 1.8182e+03 1.5857e+05 -6.0613e+05
-1.4762e+07 5.1113e+01 -5.1846e+03 2.3451e+03 1.6637e+05 -6.5416e+05
-1.8952e+07 6.5770e+01 -6.4656e+03 2.8715e+03 1.5997e+05 -6.7165e+05
-1.1895e+07 7.5448e+01 -7.7442e+03 3.3965e+03 1.2797e+05 -6.8019e+05
4.3882e+06 8.2858e+01 -9.5337e+03 4.1424e+03 7.6795e+04 -6.9053e+05
-7.3286e+05 8.9672e+01 -1.1774e+04 5.0879e+03 4.9167e+04 -6.9494e+05
-1.0703e+07 9.5537e+01 -1.4026e+04 6.0397e+03 4.7606e+04 -6.8542e+05
-2.0151e+07 9.2287e+01 -1.6290e+04 6.9982e+03 5.6276e+04 -6.3169e+05
-7.7131e+06 7.9566e+01 -1.8561e+04 7.9623e+03 3.6890e+04 -5.2753e+05
-6.7058e+06 7.0645e+01 -6.7713e+03 6.8470e+03 1.4709e+02 -2.7620e+04
-4.9700e+06 7.7153e+01 -6.8620e+03 6.7695e+03 -6.4142e+00 -2.7612e+04
-8.5868e+06 8.2930e+01 -6.9528e+03 6.6919e+03 -5.0522e+02 -2.7574e+04
-5.9268e+06 8.8765e+01 -7.0437e+03 6.6142e+03 -1.3172e+02 -2.7651e+04
-4.6885e+06 9.5889e+01 -7.1346e+03 6.5364e+03 2.5830e+02 -2.7529e+04
-4.2310e+06 1.0602e+02 -7.2257e+03 6.4585e+03 1.5939e+02 -2.7601e+04
-7.1507e+06 1.1968e+02 -7.3168e+03 6.3807e+03 -6.9943e+02 -2.7312e+04
-4.9454e+06 1.3678e+02 -7.4079e+03 6.3028e+03 -1.6199e+02 -3.1241e+04
-2.5595e+05 1.4107e+02 -7.4991e+03 6.2249e+03 5.8774e+04 -8.8356e+04
-5.8506e+05 1.3058e+02 -6.5987e+03 5.4244e+03 2.6339e+05 -1.2638e+05
-4.7078e+06 1.3116e+02 -4.5800e+03 3.9093e+03 3.5585e+05 -7.5002e+04
1.7556e+07 1.4725e+02 -2.5048e+03 2.4699e+03 1.4488e+05 -2.3171e+05
2.2526e+05 1.6264e+02 -3.6861e+03 2.1253e+03 -5.3489e+04 -5.2571e+05
6.6542e+06 1.5900e+02 -6.4392e+03 3.3233e+03 -1.0562e+05 -6.5476e+05
-1.5070e+07 1.4276e+02 -9.8370e+03 4.8027e+03 -1.4627e+05 -6.7988e+05
1.5324e+07 1.1584e+02 -1.3268e+04 6.2917e+03 -8.1152e+04 -6.2653e+05
-1.1510e+07 3.7854e+01 -1.5735e+04 7.3141e+03 2.5881e+05 -4.5860e+05
-4.8133e+07 -5.5561e+01 -1.2603e+04 5.8822e+03 5.5223e+05 -3.3860e+05
-1.4715e+07 -7.6317e+01 -9.4563e+03 4.4668e+03 5.9887e+05 -3.3862e+05
-1.1123e+07 -5.4050e+01 -6.2982e+03 3.0484e+03 5.9744e+05 -3.4472e+05
-8.9454e+06 -2.7631e+01 -3.1314e+03 1.6175e+03 5.2556e+05 -3.1257e+05
-1.4209e+07 1.6234e+01 4.8742e+01 1.7199e+02 3.4202e+05 -2.2636e+05
1.4051e+07 5.0731e+01 8.6528e+02 -2.2379e+02 1.4013e+05 -1.7810e+05
-5.8016e+06 5.8371e+01 8.3836e+02 -2.4306e+02 6.2304e+04 -2.1355e+05
-8.7262e+06 5.8524e+01 8.1134e+02 -2.6243e+02 8.2618e+04 -2.8521e+05
-4.9681e+06 6.7825e+01 4.6028e+02 -1.3968e+02 8.3991e+04 -3.6289e+05
-9.2670e+06 8.0397e+01 -8.2090e+02 3.9018e+02 8.9182e+04 -4.3814e+05
-1.3709e+07 8.6616e+01 -2.0985e+03 9.1761e+02 9.6318e+04 -5.2158e+05
-8.8080e+06 8.6960e+01 -4.0034e+03 1.7134e+03 7.4391e+04 -6.1534e+05
-1.1754e+07 8.5155e+01 -6.2489e+03 2.6600e+03 5.0698e+04 -6.7632e+05
3.0765e+06 8.7420e+01 -8.4920e+03 3.6054e+03 4.8181e+04 -6.9229e+05
8.0280e+06 8.8496e+01 -1.0740e+04 4.5523e+03 4.9058e+04 -6.9424e+05
-9.8347e+05 8.0304e+01 -1.2992e+04 5.5023e+03 4.7711e+04 -6.9362e+05
-7.6162e+06 6.6951e+01 -6.6796e+03 6.7712e+03 -3.4105e+02 -2.7781e+04
-4.9860e+06 7.5892e+01 -6.7703e+03 6.6935e+03 1.7130e+02 -2.7777e+04
-5.4028e+06 8.3509e+01 -6.8611e+03 6.6157e+03 1.0954e+02 -2.7794e+04
-4.7234e+06 9.0223e+01 -6.9519e+03 6.5378e+03 3.0681e+02 -2.7737e+04
-7.1077e+06 9.7739e+01 -7.0429e+03 6.4598e+03 -4.0481e+02 -2.7691e+04
-5.0178e+06 1.0754e+02 -7.1339e+03 6.3817e+03 3.9200e+02 -2.8003e+04
-5.5798e+06 1.2144e+02 -7.2251e+03 6.3036e+03 -2.4202e+02 -2.8131e+04
-2.5907e+06 1.3746e+02 -7.3162e+03 6.2256e+03 3.7373e+03 -3.2757e+04
-5.1213e+06 1.4665e+02 -7.4075e+03 6.1475e+03 1.0390e+05 -6.0782e+04
-1.0322e+07 1.5552e+02 -6.1665e+03 5.1044e+03 2.6165e+05 -6.4166e+04
-8.2703e+06 1.6999e+02 -4.1586e+03 3.6174e+03 3.1490e+05 -2.8450e+04
-2.1134e+07 1.7109e+02 -2.0877e+03 2.1912e+03 2.6116e+05 -6.8526e+04
-1.2931e+07 1.6506e+02 2.6601e+01 7.1565e+02 9.5800e+04 -2.4673e+05
1.2644e+07 1.6851e+02 -1.5762e+03 1.1296e+03 -6.2395e+04 -4.7959e+05
-1.8626e+07 1.6731e+02 -4.9960e+03 2.6203e+03 -1.3949e+05 -6.3062e+05
2.3936e+07 1.3625e+02 -8.4158e+03 4.1059e+03 -1.1780e+05 -6.4748e+05
-5.9365e+06 4.3486e+01 -1.1786e+04 5.5494e+03 2.0573e+05 -5.1276e+05
-5.2566e+07 -4.6356e+01 -8.6567e+03 4.1423e+03 5.4247e+05 -3.7407e+05
1.8479e+06 -4.8661e+01 -5.5114e+03 2.7259e+03 5.9444e+05 -3.4114e+05
-8.0160e+06 -1.5017e+01 -2.3505e+03 1.2950e+03 5.0333e+05 -2.9148e+05
1.0012e+07 1.5505e+01 8.1677e+02 -1.4745e+02 3.0718e+05 -1.8257e+05
7.4439e+06 5.0775e+01 9.2181e+02 -2.2534e+02 1.1178e+05 -7.3077e+04
-7.0620e+06 7.4905e+01 8.9514e+02 -2.4449e+02 2.4210e+04 -1.9459e+04
-6.6820e+06 8.1396e+01 8.6831e+02 -2.6373e+02 2.7839e+03 -1.1030e+04
-3.6474e+06 8.2754e+01 8.4137e+02 -2.8305e+02 6.1042e+02 -1.8591e+04
-1.3691e+06 9.0130e+01 8.1433e+02 -3.0246e+02 -2.8517e+03 -4.9776e+04
6.5389e+05 9.7537e+01 7.8822e+02 -3.2225e+02 1.1519e+04 -1.0941e+05
-5.9766e+05 9.6468e+01 7.6992e+02 -3.4476e+02 3.7948e+04 -1.9099e+05
5.2658e+05 8.9491e+01 7.5154e+02 -3.6738e+02 3.2217e+04 -3.0628e+05
1.0425e+06 8.2269e+01 -7.1679e+02 2.4029e+02 2.3016e+04 -4.4240e+05
-1.1335e+07 7.8737e+01 -2.9678e+03 1.1875e+03 4.8671e+04 -5.6610e+05
-1.6951e+07 7.8162e+01 -5.2214e+03 2.1350e+03 5.5334e+04 -6.5634e+05
-3.1859e+05 7.4588e+01 -7.4751e+03 3.0821e+03 4.7417e+04 -6.9161e+05
-3.8713e+06 6.1983e+01 -6.5880e+03 6.6949e+03 -9.8458e+01 -2.7935e+04
-6.7305e+06 7.4049e+01 -6.6787e+03 6.6171e+03 2.3277e+01 -2.7950e+04
-6.2865e+06 8.4151e+01 -6.7694e+03 6.5390e+03 -2.5950e+02 -2.7959e+04
-5.8941e+06 9.1625e+01 -6.8603e+03 6.4609e+03 1.5361e+01 -2.7931e+04
-5.8505e+06 9.9260e+01 -6.9512e+03 6.3827e+03 -9.8345e+01 -2.7870e+04
-3.5868e+06 1.0892e+02 -7.0423e+03 6.3045e+03 7.6790e+02 -2.8128e+04
-8.7544e+06 1.2373e+02 -7.1334e+03 6.2262e+03 -1.7372e+03 -2.8238e+04
-6.6763e+04 1.3909e+02 -7.2246e+03 6.1479e+03 4.5378e+03 -3.4583e+04
-2.7718e+06 1.4623e+02 -7.3159e+03 6.0697e+03 1.2977e+05 -6.0371e+04
-1.2348e+07 1.5591e+02 -5.7402e+03 4.7912e+03 2.8925e+05 -6.3186e+04
1.1730e+06 1.5963e+02 -3.7431e+03 3.3325e+03 3.2865e+05 -3.0663e+04
-5.6271e+06 1.4533e+02 -1.6909e+03 1.9217e+03 3.1316e+05 8.9441e+03
-8.8469e+06 1.4165e+02 3.6844e+02 4.7913e+02 1.7248e+05 -2.9763e+04
6.3710e+06 1.5800e+02 1.1288e+03 -8.5062e+01 -1.7543e+03 -1.9389e+05
-1.6385e+07 1.6621e+02 -1.4942e+02 4.5215e+02 -8.8288e+04 -4.1385e+05
1.6797e+07 1.3684e+02 -3.5748e+03 1.9377e+03 -9.3386e+04 -6.0621e+05
-2.2535e+07 6.3562e+01 -6.7738e+03 3.3268e+03 1.9293e+05 -5.8159e+05
-3.3853e+07 2.2506e+00 -4.7337e+03 2.4068e+03 5.0678e+05 -4.0775e+05
8.8657e+06 -1.4543e+00 -1.5885e+03 9.7928e+02 4.7477e+05 -2.7589e+05
-4.3371e+06 2.1676e+01 9.9844e+02 -2.0582e+02 2.6450e+05 -1.5080e+05
4.7344e+06 4.6567e+01 9.7611e+02 -2.2619e+02 8.2041e+04 -4.8049e+04
-1.4421e+07 6.7191e+01 9.5121e+02 -2.4577e+02 6.8986e+03 -1.0408e+04
-7.8405e+06 7.8811e+01 9.2476e+02 -2.6493e+02 1.3685e+03 -7.2805e+03
-8.6651e+06 8.5808e+01 8.9813e+02 -2.8417e+02 1.8970e+02 -7.1239e+03
-1.0202e+07 9.1181e+01 8.7133e+02 -3.0348e+02 -7.6696e+02 -7.1861e+03
-1.2259e+07 9.6882e+01 8.4437e+02 -3.2285e+02 -1.4410e+03 -7.1940e+03
-8.6213e+06 9.9763e+01 8.1731e+02 -3.4229e+02 -9.9287e+02 -8.0222e+03
-3.8578e+06 9.6185e+01 7.9639e+02 -3.6383e+02 7.0124e+02 -1.0234e+04
-4.7434e+06 8.9563e+01 7.7807e+02 -3.8641e+02 -9.1090e+03 -3.8285e+04
3.3015e+06 8.3306e+01 7.5974e+02 -4.0889e+02 -4.1473e+03 -1.1902e+05
-9.6606e+06 7.8252e+01 7.3946e+02 -4.3067e+02 2.4060e+04 -2.3802e+05
6.6690e+05 7.5176e+01 3.0056e+02 -2.7164e+02 2.4330e+04 -3.7821e+05
-3.0403e+06 7.1489e+01 -1.9592e+03 6.7593e+02 3.3310e+04 -5.1475e+05
-4.1339e+06 5.7572e+01 -6.4966e+03 6.6183e+03 -2.9388e+02 -2.8115e+04
-7.2013e+06 7.2062e+01 -6.5871e+03 6.5402e+03 8.8621e+01 -2.8127e+04
-4.8993e+06 8.4622e+01 -6.6779e+03 6.4620e+03 1.2158e+01 -2.8106e+04
-5.4456e+06 9.3006e+01 -6.7687e+03 6.3837e+03 1.2306e+02 -2.8067e+04
-6.9312e+06 1.0063e+02 -6.8596e+03 6.3053e+03 -3.3731e+02 -2.8048e+04
-3.5695e+06 1.1027e+02 -6.9507e+03 6.2268e+03 8.6263e+02 -2.8162e+04
-8.7741e+06 1.2598e+02 -7.0418e+03 6.1484e+03 -1.2530e+03 -2.8956e+04
1.4664e+06 1.4136e+02 -7.1330e+03 6.0699e+03 1.3215e+04 -4.3132e+04
-4.3210e+06 1.4739e+02 -7.2127e+03 5.9828e+03 1.5604e+05 -7.1883e+04
-1.4432e+07 1.5631e+02 -5.3173e+03 4.4835e+03 3.0818e+05 -6.4248e+04
-5.3597e+05 1.4875e+02 -3.3320e+03 3.0540e+03 3.1758e+05 -2.4156e+04
-1.3398e+07 1.2235e+02 -1.3016e+03 1.6560e+03 2.8712e+05 6.4210e+03
-1.3640e+07 1.2124e+02 7.3439e+02 2.2313e+02 1.6509e+05 8.7646e+03
5.3023e+06 1.3878e+02 1.1565e+03 -1.0539e+02 2.4221e+04 -2.4098e+04
-1.5467e+07 1.4467e+02 1.1307e+03 -1.2339e+02 -2.8496e+04 -1.2735e+05
5.5886e+06 1.2532e+02 1.1046e+03 -1.4154e+02 -4.5761e+04 -3.2462e+05
2.8141e+06 8.1638e+01 -1.3127e+03 9.0032e+02 1.1781e+05 -4.0336e+05
-1.3282e+07 4.1963e+01 -6.9357e+02 6.0181e+02 2.9835e+05 -2.7962e+05
1.3120e+07 3.5874e+01 1.0402e+03 -2.0242e+02 2.1866e+05 -1.2773e+05
4.3791e+04 5.3173e+01 1.0221e+03 -2.2412e+02 6.3695e+04 -3.6082e+04
-9.1484e+06 6.7252e+01 9.9910e+02 -2.4421e+02 5.2877e+03 -8.0395e+03
-9.7290e+06 7.2547e+01 9.7600e+02 -2.6439e+02 8.6653e+02 -6.7161e+03
-3.9701e+06 7.5031e+01 9.5279e+02 -2.8464e+02 1.1009e+03 -7.0847e+03
-4.7238e+06 7.8982e+01 9.2763e+02 -3.0432e+02 4.9229e+02 -7.2566e+03
-1.4634e+06 8.4201e+01 9.0104e+02 -3.2364e+02 1.1621e+03 -7.4479e+03
-3.4302e+05 8.8537e+01 8.7428e+02 -3.4301e+02 1.4065e+03 -7.5255e+03
-3.3575e+06 9.0122e+01 8.4735e+02 -3.6243e+02 8.4129e+02 -7.2739e+03
-4.6484e+06 8.8436e+01 8.2272e+02 -3.8272e+02 6.6761e+02 -6.6477e+03
-1.0722e+07 8.4896e+01 8.0447e+02 -4.0521e+02 -7.7919e+02 -6.6773e+03
-5.2757e+06 8.1572e+01 7.8622e+02 -4.2758e+02 4.4399e+02 -8.0401e+03
-7.5329e+06 7.9374e+01 7.6339e+02 -4.4852e+02 -3.0882e+03 -1.8334e+04
5.7323e+06 7.7171e+01 7.3929e+02 -4.6912e+02 -1.0475e+04 -7.1970e+04
-6.7094e+06 7.3368e+01 7.1511e+02 -4.8972e+02 9.5714e+03 -1.7816e+05
-3.1429e+06 5.5316e+01 -6.4052e+03 6.5412e+03 -1.6412e+02 -2.8271e+04
-7.5273e+06 7.0480e+01 -6.4958e+03 6.4630e+03 2.0166e+01 -2.8251e+04
-5.4214e+06 8.4018e+01 -6.5864e+03 6.3846e+03 -1.3863e+02 -2.8262e+04
-6.1281e+06 9.3522e+01 -6.6772e+03 6.3060e+03 -5.3737e+01 -2.8222e+04
-5.9272e+06 1.0183e+02 -6.7682e+03 6.2275e+03 -8.6261e+01 -2.8262e+04
-4.0354e+06 1.1179e+02 -6.8592e+03 6.1488e+03 5.1989e+02 -2.8165e+04
-8.3748e+06 1.2722e+02 -6.9503e+03 6.0702e+03 -1.4333e+02 -2.9514e+04
-8.7794e+04 1.4199e+02 -7.0416e+03 5.9915e+03 3.2824e+04 -5.3221e+04
-4.6249e+06 1.5412e+02 -6.7920e+03 5.6589e+03 1.8415e+05 -8.2862e+04
-1.2948e+07 1.6938e+02 -4.9001e+03 4.1828e+03 3.1251e+05 -6.3147e+04
1.1414e+06 1.5431e+02 -2.9262e+03 2.7816e+03 3.1430e+05 -2.0833e+04
-1.0154e+07 1.1736e+02 -9.1824e+02 1.3933e+03 2.7445e+05 3.0664e+03
-6.8770e+06 1.1348e+02 1.0946e+03 -3.0115e+01 1.3906e+05 3.2976e+02
-3.2028e+05 1.2609e+02 1.1795e+03 -1.2366e+02 1.7458e+04 -8.1180e+03
-1.0149e+07 1.2509e+02 1.1574e+03 -1.4309e+02 -1.9624e+03 -7.0812e+03
9.1794e+05 1.1286e+02 1.1325e+03 -1.6161e+02 -1.7313e+04 -5.3988e+04
4.1453e+06 9.0977e+01 1.1064e+03 -1.7989e+02 2.2024e+04 -1.1011e+05
-5.5332e+06 7.1048e+01 1.0827e+03 -1.9931e+02 7.5686e+04 -8.4437e+04
-1.9270e+06 6.6921e+01 1.0647e+03 -2.2095e+02 4.2938e+04 -2.8084e+04
-1.1594e+07 7.0525e+01 1.0448e+03 -2.4196e+02 2.7631e+03 -7.5550e+03
-9.1345e+06 7.0903e+01 1.0220e+03 -2.6204e+02 5.1302e+02 -6.5652e+03
-4.5500e+06 7.0686e+01 9.9896e+02 -2.8220e+02 6.5119e+02 -6.6510e+03
-7.0685e+06 7.1422e+01 9.7585e+02 -3.0244e+02 -1.1642e+02 -6.7181e+03
-5.5341e+06 7.2867e+01 9.5263e+02 -3.2274e+02 -2.0144e+02 -6.8215e+03
-7.7860e+06 7.6114e+01 9.2930e+02 -3.4311e+02 -7.3866e+02 -7.0270e+03
-7.4807e+06 7.9077e+01 9.0387e+02 -3.6286e+02 -8.0384e+02 -7.2469e+03
-6.5214e+06 7.9436e+01 8.7715e+02 -3.8229e+02 -4.5257e+02 -7.4285e+03
-4.0294e+06 7.8130e+01 8.5105e+02 -4.0206e+02 7.0652e+02 -7.3380e+03
-2.6698e+06 7.6723e+01 8.3075e+02 -4.2376e+02 1.2588e+03 -6.9762e+03
-2.4059e+06 7.6048e+01 8.1112e+02 -4.4560e+02 1.0373e+03 -6.5111e+03
-8.3057e+06 7.6155e+01 7.8720e+02 -4.6618e+02 -9.8158e+02 -6.3774e+03
-9.5397e+06 7.5847e+01 7.6319e+02 -4.8676e+02 -1.0605e+03 -7.0983e+03
-7.2431e+06 7.4538e+01 7.3909e+02 -5.0734e+02 -6.2753e+02 -9.5653e+03
-2.9795e+06 5.4532e+01 -6.3141e+03 6.4639e+03 -1.7360e+02 -2.8425e+04
-7.9051e+06 6.9658e+01 -6.4045e+03 6.3854e+03 -2.0852e+01 -2.8410e+04
-4.5277e+06 8.3311e+01 -6.4951e+03 6.3068e+03 7.9618e+01 -2.8423e+04
-6.6107e+06 9.3808e+01 -6.5859e+03 6.2281e+03 -1.5141e+02 -2.8369e+04
-5.5262e+06 1.0351e+02 -6.6768e+03 6.1493e+03 4.8679e+01 -2.8447e+04
-5.2773e+06 1.1463e+02 -6.7678e+03 6.0705e+03 9.6189e+00 -2.8492e+04
-6.3339e+06 1.2982e+02 -6.8589e+03 5.9916e+03 1.2288e+03 -2.9849e+04
-1.8319e+06 1.4454e+02 -6.9501e+03 5.9128e+03 5.7062e+04 -5.5278e+04
-5.9588e+06 1.6492e+02 -6.3770e+03 5.3420e+03 2.0987e+05 -7.5958e+04
-9.5656e+06 1.8586e+02 -4.4891e+03 3.8894e+03 3.0891e+05 -5.2663e+04
-1.9113e+06 1.6239e+02 -2.5283e+03 2.5137e+03 3.0367e+05 -1.6176e+04
-1.1727e+07 1.1822e+02 -5.4315e+02 1.1349e+03 2.5022e+05 8.3584e+03
-4.4276e+06 1.1353e+02 1.2127e+03 -1.1494e+02 1.1044e+05 4.7244e+03
-1.4775e+06 1.2277e+02 1.2014e+03 -1.4139e+02 6.3552e+03 -6.7305e+03
-5.8151e+06 1.1637e+02 1.1794e+03 -1.6081e+02 -1.4294e+03 -6.1111e+03
-8.1582e+06 1.0556e+02 1.1573e+03 -1.8035e+02 -7.0585e+02 -6.9606e+03
-9.9199e+06 9.5830e+01 1.1344e+03 -1.9975e+02 -4.3136e+02 -8.4582e+03
-5.0458e+06 8.7582e+01 1.1108e+03 -2.1910e+02 1.6168e+03 -8.2940e+03
-8.6164e+06 7.9579e+01 1.0901e+03 -2.3965e+02 1.4685e+03 -7.3708e+03
-4.7040e+06 7.0200e+01 1.0675e+03 -2.5962e+02 1.1792e+03 -6.6447e+03
-5.3994e+06 6.3021e+01 1.0447e+03 -2.7968e+02 6.3527e+02 -6.5546e+03
-6.4608e+06 6.1279e+01 1.0218e+03 -2.9982e+02 8.8324e+01 -6.7009e+03
-4.9838e+06 6.3094e+01 9.9879e+02 -3.2004e+02 1.0798e+02 -6.6830e+03
-5.2563e+06 6.5824e+01 9.7568e+02 -3.4033e+02 2.5099e+02 -6.7274e+03
-3.6779e+06 6.9170e+01 9.5245e+02 -3.6068e+02 4.4899e+02 -6.7645e+03
-3.6059e+06 7.1876e+01 9.2911e+02 -3.8108e+02 5.8811e+02 -6.8313e+03
-4.2456e+06 7.1838e+01 9.0567e+02 -4.0153e+02 3.6810e+02 -6.9774e+03
-5.6822e+06 7.0332e+01 8.8092e+02 -4.2164e+02 7.8308e+01 -6.9643e+03
-6.8412e+06 6.9849e+01 8.5848e+02 -4.4253e+02 -2.2923e+02 -6.8647e+03
-6.4634e+06 7.0393e+01 8.3474e+02 -4.6307e+02 -2.3890e+02 -6.8843e+03
-3.1141e+06 7.1110e+01 8.1091e+02 -4.8363e+02 5.1524e+02 -6.8875e+03
-1.4610e+06 7.1884e+01 7.8698e+02 -5.0419e+02 9.4041e+02 -6.6355e+03
-4.7122e+06 7.2577e+01 7.6297e+02 -5.2475e+02 4.6797e+01 -6.3761e+03
-2.1848e+06 5.5805e+01 -6.2230e+03 6.3861e+03 -1.7748e+02 -2.8548e+04
-8.2442e+06 7.1625e+01 -6.3134e+03 6.3075e+03 -1.4878e+02 -2.8499e+04
-4.4576e+06 8.4920e+01 -6.4040e+03 6.2287e+03 1.5064e+02 -2.8557e+04
-7.2543e+06 9.4965e+01 -6.4947e+03 6.1498e+03 -3.1995e+02 -2.8535e+04
-4.6987e+06 1.0539e+02 -6.5855e+03 6.0708e+03 3.3425e+02 -2.8666e+04
-6.3022e+06 1.1834e+02 -6.6765e+03 5.9918e+03 -3.5428e+02 -2.8763e+04
-4.4725e+06 1.3403e+02 -6.7676e+03 5.9128e+03 1.9365e+03 -3.0967e+04
-3.2224e+06 1.4766e+02 -6.8588e+03 5.8337e+03 8.2128e+04 -5.5686e+04
-7.5893e+06 1.6891e+02 -5.9617e+03 5.0276e+03 2.3795e+05 -6.8346e+04
-6.1995e+06 1.8539e+02 -4.0841e+03 3.6036e+03 3.0926e+05 -4.4474e+04
-4.8265e+06 1.5592e+02 -2.1385e+03 2.2502e+03 2.9483e+05 -1.2425e+04
-1.0507e+07 1.1665e+02 -1.7633e+02 8.8100e+02 2.2823e+05 7.6033e+03
-2.7366e+06 1.1583e+02 1.2415e+03 -1.3727e+02 9.0200e+04 2.3545e+03
-2.9385e+06 1.2209e+02 1.2232e+03 -1.5893e+02 3.1888e+03 -5.6282e+03
-6.9454e+06 1.1341e+02 1.2014e+03 -1.7834e+02 -1.4524e+03 -6.4794e+03
-1.7055e+06 1.0274e+02 1.1793e+03 -1.9786e+02 1.0117e+03 -6.5852e+03
-3.8429e+06 9.5362e+01 1.1572e+03 -2.1751e+02 3.7536e+02 -6.4077e+03
-6.9670e+06 8.7120e+01 1.1349e+03 -2.3726e+02 1.1180e+02 -6.5073e+03
-5.3504e+06 7.4194e+01 1.1125e+03 -2.5712e+02 6.4040e+01 -6.5693e+03
-6.7341e+06 6.0153e+01 1.0899e+03 -2.7707e+02 1.1908e+02 -6.6537e+03
-6.3960e+06 5.0921e+01 1.0673e+03 -2.9712e+02 -5.7521e+01 -6.6967e+03
-5.5926e+06 4.7779e+01 1.0445e+03 -3.1724e+02 6.2557e+01 -6.6622e+03
-6.4881e+06 4.9620e+01 1.0216e+03 -3.3745e+02 -5.3066e+01 -6.6767e+03
-5.9337e+06 5.4723e+01 9.9859e+02 -3.5771e+02 -1.2938e+02 -6.6820e+03
-6.7282e+06 6.0604e+01 9.7547e+02 -3.7805e+02 -2.4234e+02 -6.6736e+03
-6.4194e+06 6.4974e+01 9.5223e+02 -3.9843e+02 -2.9629e+02 -6.7066e+03
-5.8695e+06 6.6739e+01 9.2889e+02 -4.1886e+02 -1.5344e+02 -6.7610e+03
-4.8281e+06 6.6409e+01 9.0544e+02 -4.3932e+02 9.1871e+01 -6.7719e+03
-4.0879e+06 6.5923e+01 8.8190e+02 -4.5982e+02 2.7773e+02 -6.7484e+03
-4.2439e+06 6.6203e+01 8.5825e+02 -4.8034e+02 1.6391e+02 -6.6981e+03
-6.4851e+06 6.6713e+01 8.3450e+02 -5.0087e+02 -2.9133e+02 -6.6632e+03
-7.5339e+06 6.7510e+01 8.1067e+02 -5.2141e+02 -5.5717e+02 -6.7664e+03
-5.1372e+06 6.8694e+01 7.8674e+02 -5.4195e+02 2.2128e+01 -6.8816e+03
-1.6174e+06 6.1014e+01 -6.1322e+03 6.3081e+03 -1.5295e+02 -2.8715e+04
-8.2536e+06 7.8235e+01 -6.2225e+03 6.2293e+03 -2.9523e+02 -2.8632e+04
-3.9875e+06 8.9467e+01 -6.3130e+03 6.1503e+03 3.6484e+02 -2.8684e+04
-7.6548e+06 9.6488e+01 -6.4036e+03 6.0712e+03 -4.4477e+02 -2.8672e+04
-4.2104e+06 1.0624e+02 -6.4944e+03 5.9921e+03 5.2794e+02 -2.8836e+04
-7.4363e+06 1.2085e+02 -6.5854e+03 5.9129e+03 -9.3072e+02 -2.8875e+04
-2.5793e+06 1.3682e+02 -6.6764e+03 5.8337e+03 3.7232e+03 -3.2200e+04
-4.2485e+06 1.4750e+02 -6.7676e+03 5.7545e+03 1.0704e+05 -5.4393e+04
-1.0405e+07 1.6420e+02 -5.5517e+03 4.7202e+03 2.6388e+05 -6.2810e+04
-2.9136e+06 1.7170e+02 -3.6854e+03 3.3252e+03 3.0950e+05 -3.9815e+04
-8.1385e+06 1.4029e+02 -1.7570e+03 1.9911e+03 2.8269e+05 -1.0223e+04
-1.0839e+07 1.1270e+02 1.8220e+02 6.3165e+02 2.0051e+05 2.5937e+03
-9.6942e+05 1.1723e+02 1.2665e+03 -1.5701e+02 6.9801e+04 -3.2393e+03
-3.3147e+06 1.2026e+02 1.2449e+03 -1.7628e+02 2.8200e+03 -5.6133e+03
-5.9695e+06 1.1061e+02 1.2231e+03 -1.9567e+02 -1.1295e+03 -6.2859e+03
-6.2639e+06 1.0025e+02 1.2012e+03 -2.1518e+02 -1.8076e+02 -6.5661e+03
-6.9810e+06 9.2071e+01 1.1792e+03 -2.3481e+02 -4.4139e+02 -6.6500e+03
-4.0549e+06 8.1417e+01 1.1570e+03 -2.5455e+02 2.0329e+02 -6.6042e+03
-6.3718e+06 6.5957e+01 1.1347e+03 -2.7439e+02 1.6972e+01 -6.6030e+03
-5.0909e+06 5.1123e+01 1.1123e+03 -2.9433e+02 8.7154e+01 -6.6476e+03
-6.0224e+06 4.2211e+01 1.0897e+03 -3.1436e+02 4.2266e+01 -6.6195e+03
-6.2964e+06 3.8897e+01 1.0671e+03 -3.3446e+02 -2.7251e+01 -6.6465e+03
-5.6927e+06 3.9495e+01 1.0443e+03 -3.5465e+02 9.5331e+00 -6.6536e+03
-5.8261e+06 4.4169e+01 1.0214e+03 -3.7490e+02 4.8478e+01 -6.6685e+03
-5.0852e+06 5.1493e+01 9.9836e+02 -3.9521e+02 1.1638e+02 -6.6820e+03
-4.9043e+06 5.7691e+01 9.7523e+02 -4.1557e+02 1.6950e+02 -6.6795e+03
-5.0176e+06 6.2003e+01 9.5199e+02 -4.3598e+02 8.0146e+01 -6.6844e+03
-5.5763e+06 6.4414e+01 9.2864e+02 -4.5642e+02 -4.4092e+01 -6.6919e+03
-5.9877e+06 6.4640e+01 9.0519e+02 -4.7690e+02 -1.4974e+02 -6.7035e+03
-5.8841e+06 6.4069e+01 8.8164e+02 -4.9739e+02 -9.5365e+01 -6.7276e+03
-4.3761e+06 6.3666e+01 8.5798e+02 -5.1790e+02 1.5506e+02 -6.7393e+03
-3.6853e+06 6.3660e+01 8.3424e+02 -5.3842e+02 2.9382e+02 -6.7223e+03
-5.1845e+06 6.4348e+01 8.1040e+02 -5.5894e+02 -3.7598e+01 -6.6802e+03
-9.4038e+05 6.6999e+01 -6.0415e+03 6.2299e+03 -1.3232e+02 -2.8887e+04
-8.4015e+06 8.3988e+01 -6.1318e+03 6.1509e+03 -4.7351e+02 -2.8833e+04
-3.9321e+06 9.2450e+01 -6.2222e+03 6.0717e+03 4.9806e+02 -2.8846e+04
-7.9871e+06 9.7066e+01 -6.3127e+03 5.9924e+03 -5.5674e+02 -2.8822e+04
-3.6937e+06 1.0655e+02 -6.4035e+03 5.9131e+03 7.8685e+02 -2.9005e+04
-8.2190e+06 1.2239e+02 -6.4944e+03 5.8337e+03 -1.2139e+03 -2.9254e+04
-7.7820e+05 1.3793e+02 -6.5854e+03 5.7543e+03 7.8597e+03 -3.3903e+04
-4.6963e+06 1.4684e+02 -6.6765e+03 5.6749e+03 1.3215e+05 -5.4204e+04
-1.2165e+07 1.6220e+02 -5.1478e+03 4.4202e+03 2.8609e+05 -5.9408e+04
-7.8803e+05 1.6298e+02 -3.2928e+03 3.0545e+03 3.0730e+05 -3.6136e+04
-1.0040e+07 1.2926e+02 -1.3836e+03 1.7364e+03 2.7088e+05 -8.9330e+03
-9.7024e+06 1.1086e+02 5.3243e+02 3.8692e+02 1.7589e+05 -1.8318e+03
-4.9252e+05 1.1871e+02 1.2879e+03 -1.7417e+02 5.1403e+04 -7.6253e+03
-4.2916e+06 1.1818e+02 1.2664e+03 -1.9343e+02 1.9629e+03 -6.1084e+03
-6.0203e+06 1.0778e+02 1.2448e+03 -2.1280e+02 -7.1493e+02 -6.3182e+03
-3.8603e+06 9.7982e+01 1.2230e+03 -2.3230e+02 4.2458e+02 -6.5923e+03
-4.8045e+06 9.0236e+01 1.2011e+03 -2.5192e+02 9.9210e+01 -6.5272e+03
-6.1856e+06 7.9626e+01 1.1790e+03 -2.7164e+02 -1.8504e+01 -6.5784e+03
-5.5220e+06 6.2930e+01 1.1568e+03 -2.9146e+02 -7.7763e+01 -6.5916e+03
-6.6888e+06 4.6883e+01 1.1345e+03 -3.1138e+02 -3.3986e+01 -6.6041e+03
-6.2301e+06 3.8577e+01 1.1121e+03 -3.3139e+02 -7.1731e+01 -6.6220e+03
-5.7722e+06 3.6430e+01 1.0895e+03 -3.5148e+02 1.3448e+01 -6.6284e+03
-5.9716e+06 3.6628e+01 1.0668e+03 -3.7164e+02 1.8906e+01 -6.6381e+03
-5.8880e+06 3.9981e+01 1.0440e+03 -3.9187e+02 -2.4618e+01 -6.6456e+03
-6.4272e+06 4.6453e+01 1.0211e+03 -4.1216e+02 -8.9863e+01 -6.6547e+03
-6.1720e+06 5.1972e+01 9.9810e+02 -4.3250e+02 -9.9376e+01 -6.6695e+03
-5.8577e+06 5.6597e+01 9.7497e+02 -4.5288e+02 -4.8100e+01 -6.6813e+03
-5.2062e+06 6.1217e+01 9.5172e+02 -4.7331e+02 3.5559e+01 -6.6888e+03
-4.8470e+06 6.3556e+01 9.2836e+02 -4.9376e+02 1.0535e+02 -6.6914e+03
-4.8652e+06 6.3339e+01 9.0491e+02 -5.1423e+02 6.3115e+01 -6.6906e+03
-5.9153e+06 6.2302e+01 8.8135e+02 -5.3472e+02 -9.9325e+01 -6.6960e+03
-6.3192e+06 6.1444e+01 8.5770e+02 -5.5521e+02 -1.8181e+02 -6.7143e+03
-5.3390e+06 6.1111e+01 8.3395e+02 -5.7571e+02 1.7533e+01 -6.7362e+03
