  1    1089
-5.6681e+06 4.5178e+01 1.5159e+03 -9.8537e+02 -2.1499e-01 -6.0116e+03
-5.4518e+06 5.2543e+01 1.4957e+03 -1.0047e+03 -8.8084e+00 -6.0211e+03
-5.1848e+06 6.2015e+01 1.4753e+03 -1.0240e+03 -2.9404e+00 -6.0227e+03
-4.9550e+06 6.7315e+01 1.4548e+03 -1.0433e+03 1.9354e+01 -6.0315e+03
-4.9412e+06 6.5188e+01 1.4342e+03 -1.0626e+03 1.4542e+01 -6.0400e+03
-5.0303e+06 5.9816e+01 1.4134e+03 -1.0819e+03 -5.3475e-01 -6.0422e+03
-5.0796e+06 5.6099e+01 1.3925e+03 -1.1011e+03 -3.1093e+00 -6.0519e+03
-5.0994e+06 5.4600e+01 1.3715e+03 -1.1203e+03 -2.6854e+00 -6.0534e+03
-5.0855e+06 5.3878e+01 1.3504e+03 -1.1395e+03 -8.0185e-01 -6.0596e+03
-5.0347e+06 5.3125e+01 1.3291e+03 -1.1586e+03 3.0488e+00 -6.0617e+03
-4.9800e+06 5.2404e+01 1.3078e+03 -1.1777e+03 -9.5047e-02 -6.0674e+03
-5.0070e+06 5.1893e+01 1.2863e+03 -1.1967e+03 -4.5192e+00 -6.0701e+03
-5.0296e+06 5.1520e+01 1.2646e+03 -1.2157e+03 -2.1817e+00 -6.0745e+03
-5.0811e+06 5.1097e+01 1.2429e+03 -1.2345e+03 5.3181e-01 -6.0758e+03
-5.1107e+06 5.0489e+01 1.2211e+03 -1.2533e+03 -3.8414e-03 -6.0793e+03
-5.1464e+06 4.9637e+01 1.1991e+03 -1.2721e+03 -5.7567e-01 -6.0799e+03
-5.1351e+06 4.8593e+01 1.1771e+03 -1.2907e+03 -1.6667e+00 -6.0819e+03
-5.1245e+06 4.7502e+01 1.1549e+03 -1.3092e+03 -3.9251e-01 -6.0817e+03
-5.0776e+06 4.6476e+01 1.1326e+03 -1.3277e+03 1.1981e+00 -6.0833e+03
-5.0604e+06 4.5535e+01 1.1102e+03 -1.3460e+03 -4.6243e-01 -6.0833e+03
-5.0296e+06 4.4664e+01 1.0878e+03 -1.3642e+03 -1.3450e+00 -6.0844e+03
-5.0245e+06 4.3843e+01 1.0652e+03 -1.3823e+03 2.0630e+00 -6.0832e+03
-5.0132e+06 4.3064e+01 1.0425e+03 -1.4003e+03 4.8664e+00 -6.0824e+03
-5.0543e+06 4.2354e+01 1.0198e+03 -1.4182e+03 3.6309e+00 -6.0816e+03
-5.0693e+06 4.1823e+01 9.9696e+02 -1.4359e+03 1.5120e+00 -6.0793e+03
-5.0866e+06 4.1558e+01 9.7404e+02 -1.4535e+03 6.8887e-01 -6.0782e+03
-5.0464e+06 4.1037e+01 9.5104e+02 -1.4709e+03 2.4271e+00 -6.0754e+03
-5.0102e+06 3.9444e+01 9.2796e+02 -1.4882e+03 -3.6572e+00 -6.0741e+03
-4.8968e+06 3.7471e+01 9.0480e+02 -1.5054e+03 -2.4061e+01 -6.0696e+03
-4.6090e+06 3.6488e+01 8.8157e+02 -1.5223e+03 -3.2572e+01 -6.0668e+03
-4.0245e+06 3.6331e+01 8.5827e+02 -1.5392e+03 -9.8868e-01 -6.0613e+03
-3.5411e+06 3.6313e+01 8.3490e+02 -1.5558e+03 2.5294e+01 -6.0610e+03
-3.5491e+06 3.6308e+01 8.1147e+02 -1.5723e+03 -1.5696e+01 -6.0570e+03
-5.7555e+06 4.3216e+01 1.5269e+03 -1.0019e+03 -9.0464e+00 -5.9869e+03
-5.5788e+06 4.8027e+01 1.5066e+03 -1.0213e+03 -7.5895e+00 -5.9955e+03
-5.3434e+06 5.7053e+01 1.4861e+03 -1.0407e+03 -7.3617e+00 -6.0072e+03
-5.0404e+06 6.5521e+01 1.4656e+03 -1.0601e+03 6.6564e+00 -6.0115e+03
-4.9521e+06 6.6398e+01 1.4448e+03 -1.0795e+03 2.1543e+01 -6.0186e+03
-4.9980e+06 6.0838e+01 1.4240e+03 -1.0989e+03 4.4412e+00 -6.0231e+03
-5.0799e+06 5.5795e+01 1.4030e+03 -1.1183e+03 -3.4106e+00 -6.0312e+03
-5.0740e+06 5.3791e+01 1.3819e+03 -1.1376e+03 2.1969e+00 -6.0363e+03
-5.0896e+06 5.3155e+01 1.3606e+03 -1.1568e+03 5.3324e+00 -6.0414e+03
-5.0268e+06 5.2629e+01 1.3393e+03 -1.1761e+03 4.9025e+00 -6.0446e+03
-4.9826e+06 5.2091e+01 1.3178e+03 -1.1952e+03 3.4483e+00 -6.0488e+03
-4.9488e+06 5.1632e+01 1.2962e+03 -1.2143e+03 4.4193e+00 -6.0523e+03
-5.0237e+06 5.1145e+01 1.2744e+03 -1.2334e+03 3.5401e+00 -6.0558e+03
-5.0784e+06 5.0490e+01 1.2526e+03 -1.2523e+03 1.7237e+00 -6.0580e+03
-5.1524e+06 4.9653e+01 1.2306e+03 -1.2712e+03 4.3295e-01 -6.0608e+03
-5.1633e+06 4.8688e+01 1.2085e+03 -1.2900e+03 2.9385e-01 -6.0625e+03
-5.1925e+06 4.7656e+01 1.1863e+03 -1.3087e+03 -8.4349e-01 -6.0647e+03
-5.1762e+06 4.6628e+01 1.1640e+03 -1.3274e+03 -3.1710e-01 -6.0655e+03
-5.1663e+06 4.5652e+01 1.1416e+03 -1.3459e+03 2.6370e+00 -6.0660e+03
-5.1265e+06 4.4747e+01 1.1191e+03 -1.3643e+03 1.6974e+00 -6.0655e+03
-5.1282e+06 4.3917e+01 1.0965e+03 -1.3826e+03 -1.8399e+00 -6.0661e+03
-5.1082e+06 4.3141e+01 1.0737e+03 -1.4008e+03 -1.0516e+00 -6.0663e+03
-5.0901e+06 4.2425e+01 1.0509e+03 -1.4188e+03 3.7682e+00 -6.0657e+03
-5.0644e+06 4.1853e+01 1.0280e+03 -1.4367e+03 6.2849e+00 -6.0649e+03
-5.0902e+06 4.1459e+01 1.0050e+03 -1.4545e+03 4.7264e+00 -6.0628e+03
-5.1163e+06 4.0951e+01 9.8194e+02 -1.4722e+03 3.4493e+00 -6.0614e+03
-5.1322e+06 3.9758e+01 9.5878e+02 -1.4897e+03 -1.8081e-01 -6.0586e+03
-5.0644e+06 3.8008e+01 9.3553e+02 -1.5070e+03 -1.1832e+01 -6.0571e+03
-4.8860e+06 3.6749e+01 9.1220e+02 -1.5242e+03 -2.7046e+01 -6.0549e+03
-4.4899e+06 3.6368e+01 8.8880e+02 -1.5413e+03 -3.1033e+01 -6.0533e+03
-3.7796e+06 3.6324e+01 8.6532e+02 -1.5581e+03 8.6487e+00 -6.0475e+03
-3.0478e+06 3.6300e+01 8.4178e+02 -1.5748e+03 6.0150e+01 -6.0427e+03
-3.0595e+06 3.6300e+01 8.1817e+02 -1.5914e+03 2.1909e+01 -6.0340e+03
-5.7657e+06 4.3289e+01 1.5380e+03 -1.0184e+03 -1.0418e+01 -5.9670e+03
-5.6626e+06 4.6314e+01 1.5176e+03 -1.0379e+03 -1.2340e+01 -5.9662e+03
-5.3931e+06 5.3481e+01 1.4971e+03 -1.0575e+03 -1.3859e+01 -5.9816e+03
-5.1388e+06 6.2559e+01 1.4764e+03 -1.0770e+03 -2.6370e+00 -5.9881e+03
-4.9330e+06 6.6019e+01 1.4556e+03 -1.0965e+03 2.0308e+01 -5.9916e+03
-4.9892e+06 6.1583e+01 1.4347e+03 -1.1160e+03 1.0338e+01 -5.9970e+03
-5.0733e+06 5.5893e+01 1.4136e+03 -1.1354e+03 -4.3005e+00 -6.0038e+03
-5.1242e+06 5.3223e+01 1.3923e+03 -1.1548e+03 -4.5886e+00 -6.0098e+03
-5.1044e+06 5.2438e+01 1.3710e+03 -1.1742e+03 1.5394e+00 -6.0137e+03
-5.0797e+06 5.2116e+01 1.3495e+03 -1.1935e+03 2.3234e+00 -6.0175e+03
-4.9807e+06 5.1745e+01 1.3279e+03 -1.2127e+03 7.5582e+00 -6.0208e+03
-4.9718e+06 5.1211e+01 1.3062e+03 -1.2319e+03 1.0239e+01 -6.0243e+03
-5.0390e+06 5.0502e+01 1.2843e+03 -1.2511e+03 4.4685e+00 -6.0276e+03
-5.1408e+06 4.9624e+01 1.2623e+03 -1.2701e+03 3.7190e-01 -6.0305e+03
-5.1740e+06 4.8640e+01 1.2402e+03 -1.2891e+03 -5.7931e-01 -6.0326e+03
-5.1976e+06 4.7619e+01 1.2180e+03 -1.3080e+03 9.3430e-01 -6.0345e+03
-5.2002e+06 4.6611e+01 1.1957e+03 -1.3268e+03 6.4678e-02 -6.0361e+03
-5.2373e+06 4.5648e+01 1.1732e+03 -1.3455e+03 -2.3107e+00 -6.0373e+03
-5.2219e+06 4.4738e+01 1.1507e+03 -1.3641e+03 -1.5700e+00 -6.0377e+03
-5.2179e+06 4.3888e+01 1.1280e+03 -1.3826e+03 -1.8538e+00 -6.0374e+03
-5.2006e+06 4.3102e+01 1.1053e+03 -1.4010e+03 -5.4213e+00 -6.0373e+03
-5.1925e+06 4.2379e+01 1.0824e+03 -1.4192e+03 -5.4126e+00 -6.0371e+03
-5.1347e+06 4.1754e+01 1.0594e+03 -1.4374e+03 1.6986e+00 -6.0360e+03
-5.1005e+06 4.1220e+01 1.0364e+03 -1.4553e+03 6.6958e+00 -6.0347e+03
-5.1146e+06 4.0490e+01 1.0132e+03 -1.4732e+03 4.6467e+00 -6.0340e+03
-5.1951e+06 3.9268e+01 9.8996e+02 -1.4909e+03 -1.2686e+00 -6.0324e+03
-5.2472e+06 3.7814e+01 9.6662e+02 -1.5085e+03 -1.5964e+01 -6.0294e+03
-5.1335e+06 3.6766e+01 9.4320e+02 -1.5259e+03 -2.8977e+01 -6.0266e+03
-4.7230e+06 3.6386e+01 9.1971e+02 -1.5431e+03 -2.3142e+01 -6.0237e+03
-4.1684e+06 3.6339e+01 8.9613e+02 -1.5602e+03 -1.8169e+01 -6.0204e+03
-3.4733e+06 3.6325e+01 8.7248e+02 -1.5771e+03 -1.3746e+01 -6.0156e+03
-2.7318e+06 3.6304e+01 8.4875e+02 -1.5939e+03 2.8777e+01 -6.0178e+03
-2.5068e+06 3.6292e+01 8.2496e+02 -1.6105e+03 5.2007e+01 -6.0103e+03
-5.7363e+06 4.4128e+01 1.5493e+03 -1.0349e+03 -6.9286e+00 -5.9427e+03
-5.6309e+06 4.6122e+01 1.5288e+03 -1.0546e+03 -1.1554e+01 -5.9437e+03
-5.4056e+06 5.1457e+01 1.5082e+03 -1.0742e+03 -1.0507e+01 -5.9566e+03
-5.1398e+06 5.9618e+01 1.4874e+03 -1.0938e+03 -1.0655e+01 -5.9645e+03
-4.9694e+06 6.4263e+01 1.4665e+03 -1.1134e+03 1.0113e+01 -5.9699e+03
-4.9651e+06 6.1474e+01 1.4454e+03 -1.1330e+03 9.7444e+00 -5.9739e+03
-5.0815e+06 5.6157e+01 1.4243e+03 -1.1525e+03 -8.5976e+00 -5.9798e+03
-5.1444e+06 5.2939e+01 1.4029e+03 -1.1721e+03 -1.2756e+01 -5.9854e+03
-5.1777e+06 5.1746e+01 1.3815e+03 -1.1915e+03 -8.6727e+00 -5.9905e+03
-5.1060e+06 5.1471e+01 1.3599e+03 -1.2109e+03 -3.6711e+00 -5.9946e+03
-4.9922e+06 5.1179e+01 1.3382e+03 -1.2303e+03 1.1885e+01 -5.9981e+03
-4.9615e+06 5.0518e+01 1.3163e+03 -1.2496e+03 1.3851e+01 -6.0013e+03
-5.1130e+06 4.9624e+01 1.2943e+03 -1.2688e+03 1.6912e+00 -6.0045e+03
-5.1809e+06 4.8626e+01 1.2722e+03 -1.2880e+03 -2.1499e+00 -6.0071e+03
-5.2298e+06 4.7587e+01 1.2500e+03 -1.3070e+03 -1.7864e+00 -6.0092e+03
-5.2215e+06 4.6562e+01 1.2276e+03 -1.3260e+03 -1.2221e+00 -6.0111e+03
-5.2541e+06 4.5601e+01 1.2052e+03 -1.3449e+03 -2.1764e+00 -6.0126e+03
-5.2676e+06 4.4708e+01 1.1826e+03 -1.3637e+03 -5.5927e+00 -6.0137e+03
-5.2839e+06 4.3863e+01 1.1599e+03 -1.3824e+03 -5.6778e+00 -6.0142e+03
-5.2607e+06 4.3064e+01 1.1371e+03 -1.4009e+03 -4.6656e+00 -6.0142e+03
-5.2607e+06 4.2318e+01 1.1142e+03 -1.4194e+03 -5.6420e+00 -6.0142e+03
-5.2219e+06 4.1644e+01 1.0911e+03 -1.4377e+03 -4.0666e+00 -6.0139e+03
-5.1699e+06 4.1018e+01 1.0680e+03 -1.4559e+03 4.8166e+00 -6.0125e+03
-5.1289e+06 4.0194e+01 1.0448e+03 -1.4740e+03 9.4505e+00 -6.0112e+03
-5.1882e+06 3.8874e+01 1.0215e+03 -1.4919e+03 3.4640e+00 -6.0102e+03
-5.2657e+06 3.7442e+01 9.9808e+02 -1.5097e+03 -6.0182e+00 -6.0082e+03
-5.3081e+06 3.6609e+01 9.7458e+02 -1.5273e+03 -2.4835e+01 -6.0052e+03
-5.0922e+06 3.6371e+01 9.5099e+02 -1.5448e+03 -3.6915e+01 -6.0028e+03
-4.4843e+06 3.6335e+01 9.2732e+02 -1.5621e+03 -1.3079e+01 -5.9998e+03
-3.7051e+06 3.6322e+01 9.0357e+02 -1.5792e+03 1.3927e+01 -5.9965e+03
-3.0471e+06 3.6313e+01 8.7973e+02 -1.5962e+03 -5.0674e+00 -5.9922e+03
-2.4018e+06 3.6298e+01 8.5583e+02 -1.6130e+03 4.5048e+00 -5.9934e+03
-1.9471e+06 3.6268e+01 8.3185e+02 -1.6296e+03 7.8116e+01 -5.9843e+03
-5.6802e+06 4.5379e+01 1.5607e+03 -1.0514e+03 -4.7573e+00 -5.9200e+03
-5.5486e+06 4.7229e+01 1.5401e+03 -1.0712e+03 -6.1018e+00 -5.9202e+03
-5.2999e+06 5.1663e+01 1.5194e+03 -1.0909e+03 4.4663e+00 -5.9329e+03
-5.1022e+06 5.8492e+01 1.4985e+03 -1.1107e+03 -2.1159e+00 -5.9402e+03
-4.9254e+06 6.2823e+01 1.4775e+03 -1.1304e+03 3.4935e+00 -5.9468e+03
-4.9425e+06 6.1264e+01 1.4564e+03 -1.1500e+03 6.2544e+00 -5.9515e+03
-5.0127e+06 5.6865e+01 1.4351e+03 -1.1697e+03 -7.6408e+00 -5.9557e+03
-5.1482e+06 5.3167e+01 1.4136e+03 -1.1893e+03 -1.2783e+01 -5.9616e+03
-5.1721e+06 5.1185e+01 1.3921e+03 -1.2089e+03 -1.3132e+01 -5.9669e+03
-5.1632e+06 5.0637e+01 1.3704e+03 -1.2284e+03 -8.2782e+00 -5.9709e+03
-5.0140e+06 5.0331e+01 1.3485e+03 -1.2478e+03 6.5583e+00 -5.9743e+03
-5.0462e+06 4.9598e+01 1.3266e+03 -1.2672e+03 8.5428e+00 -5.9776e+03
-5.1596e+06 4.8611e+01 1.3045e+03 -1.2866e+03 -2.0806e+00 -5.9806e+03
-5.2501e+06 4.7572e+01 1.2822e+03 -1.3058e+03 -3.4501e+00 -5.9832e+03
-5.2546e+06 4.6531e+01 1.2599e+03 -1.3250e+03 -2.3719e+00 -5.9853e+03
-5.2820e+06 4.5545e+01 1.2374e+03 -1.3440e+03 -3.3906e+00 -5.9869e+03
-5.2691e+06 4.4648e+01 1.2148e+03 -1.3630e+03 -2.8543e+00 -5.9884e+03
-5.2881e+06 4.3816e+01 1.1921e+03 -1.3819e+03 -3.2810e+00 -5.9896e+03
-5.2754e+06 4.3019e+01 1.1692e+03 -1.4007e+03 -3.0893e+00 -5.9903e+03
-5.2889e+06 4.2256e+01 1.1463e+03 -1.4193e+03 -4.1314e+00 -5.9903e+03
-5.2727e+06 4.1543e+01 1.1232e+03 -1.4378e+03 -5.5132e+00 -5.9901e+03
-5.2440e+06 4.0877e+01 1.1000e+03 -1.4562e+03 -1.8664e+00 -5.9896e+03
-5.1994e+06 4.0086e+01 1.0768e+03 -1.4745e+03 5.7814e+00 -5.9884e+03
-5.2247e+06 3.8860e+01 1.0534e+03 -1.4926e+03 5.7518e+00 -5.9867e+03
-5.2869e+06 3.7426e+01 1.0299e+03 -1.5106e+03 -1.6059e+00 -5.9849e+03
-5.3374e+06 3.6540e+01 1.0063e+03 -1.5285e+03 -1.0294e+01 -5.9830e+03
-5.2950e+06 3.6335e+01 9.8265e+02 -1.5462e+03 -2.8655e+01 -5.9809e+03
-4.9699e+06 3.6343e+01 9.5889e+02 -1.5637e+03 -3.7025e+01 -5.9780e+03
-4.1982e+06 3.6329e+01 9.3504e+02 -1.5810e+03 -5.1612e+00 -5.9744e+03
-3.3105e+06 3.6302e+01 9.1111e+02 -1.5982e+03 3.1902e+01 -5.9713e+03
-2.5738e+06 3.6283e+01 8.8710e+02 -1.6153e+03 2.5637e+01 -5.9677e+03
-1.8764e+06 3.6260e+01 8.6301e+02 -1.6321e+03 4.0206e+01 -5.9687e+03
-1.3378e+06 3.6226e+01 8.3884e+02 -1.6487e+03 1.1793e+02 -5.9589e+03
-5.6065e+06 4.7025e+01 1.5721e+03 -1.0679e+03 -5.6318e+00 -5.8966e+03
-5.4362e+06 4.9807e+01 1.5515e+03 -1.0878e+03 -1.3546e+00 -5.8975e+03
-5.2112e+06 5.4813e+01 1.5307e+03 -1.1076e+03 2.6045e+00 -5.9088e+03
-4.9808e+06 6.0863e+01 1.5098e+03 -1.1275e+03 1.7040e+00 -5.9137e+03
-4.8522e+06 6.3989e+01 1.4887e+03 -1.1473e+03 1.1913e+01 -5.9205e+03
-4.7534e+06 6.2688e+01 1.4674e+03 -1.1671e+03 1.7521e+01 -5.9271e+03
-4.8819e+06 5.8882e+01 1.4460e+03 -1.1868e+03 8.5126e+00 -5.9319e+03
-5.0494e+06 5.4413e+01 1.4245e+03 -1.2066e+03 -6.7087e+00 -5.9375e+03
-5.1673e+06 5.1160e+01 1.4028e+03 -1.2262e+03 -1.0063e+01 -5.9426e+03
-5.1553e+06 4.9907e+01 1.3810e+03 -1.2458e+03 -8.9549e+00 -5.9465e+03
-5.1466e+06 4.9386e+01 1.3590e+03 -1.2654e+03 -4.8641e+00 -5.9499e+03
-5.1466e+06 4.8570e+01 1.3369e+03 -1.2849e+03 -2.8981e+00 -5.9533e+03
-5.2387e+06 4.7533e+01 1.3147e+03 -1.3043e+03 -4.9923e+00 -5.9563e+03
-5.2668e+06 4.6504e+01 1.2924e+03 -1.3236e+03 -3.7192e+00 -5.9587e+03
-5.3026e+06 4.5516e+01 1.2699e+03 -1.3429e+03 -3.0422e+00 -5.9608e+03
-5.2773e+06 4.4602e+01 1.2473e+03 -1.3621e+03 -1.7376e+00 -5.9624e+03
-5.2713e+06 4.3769e+01 1.2245e+03 -1.3811e+03 2.3697e+00 -5.9636e+03
-5.2541e+06 4.2972e+01 1.2017e+03 -1.4001e+03 4.2673e+00 -5.9647e+03
-5.2684e+06 4.2200e+01 1.1787e+03 -1.4189e+03 3.9429e+00 -5.9654e+03
-5.2621e+06 4.1470e+01 1.1556e+03 -1.4377e+03 1.8885e+00 -5.9657e+03
-5.2673e+06 4.0793e+01 1.1324e+03 -1.4563e+03 2.3220e-01 -5.9654e+03
-5.2405e+06 4.0102e+01 1.1090e+03 -1.4748e+03 2.9504e+00 -5.9647e+03
-5.2743e+06 3.9096e+01 1.0856e+03 -1.4931e+03 2.7846e+00 -5.9636e+03
-5.3359e+06 3.7731e+01 1.0621e+03 -1.5113e+03 -3.2802e+00 -5.9620e+03
-5.3961e+06 3.6684e+01 1.0384e+03 -1.5294e+03 -7.2764e+00 -5.9600e+03
-5.3885e+06 3.6349e+01 1.0147e+03 -1.5473e+03 -1.5454e+01 -5.9579e+03
-5.2729e+06 3.6341e+01 9.9083e+02 -1.5650e+03 -3.4391e+01 -5.9558e+03
-4.7663e+06 3.6346e+01 9.6690e+02 -1.5826e+03 -3.4189e+01 -5.9528e+03
-3.9103e+06 3.6326e+01 9.4287e+02 -1.6000e+03 -4.8476e+00 -5.9489e+03
-3.0602e+06 3.6294e+01 9.1876e+02 -1.6173e+03 1.1663e+01 -5.9459e+03
-2.2410e+06 3.6258e+01 8.9457e+02 -1.6344e+03 2.8329e+01 -5.9423e+03
-1.3211e+06 3.6218e+01 8.7029e+02 -1.6512e+03 9.7496e+01 -5.9427e+03
-9.0390e+05 3.6191e+01 8.4594e+02 -1.6679e+03 1.6341e+02 -5.9326e+03
-5.4809e+06 4.9670e+01 1.5838e+03 -1.0844e+03 -4.3048e+00 -5.8718e+03
-5.3356e+06 5.4212e+01 1.5630e+03 -1.1044e+03 -4.9106e+00 -5.8723e+03
-5.0808e+06 6.0243e+01 1.5421e+03 -1.1243e+03 -4.7441e+00 -5.8842e+03
-4.9222e+06 6.5267e+01 1.5211e+03 -1.1443e+03 4.0495e+00 -5.8922e+03
-4.7459e+06 6.6644e+01 1.4999e+03 -1.1642e+03 1.4103e+01 -5.8979e+03
-4.6888e+06 6.5099e+01 1.4786e+03 -1.1841e+03 2.3203e+01 -5.9021e+03
-4.7536e+06 6.1638e+01 1.4571e+03 -1.2040e+03 2.1007e+01 -5.9069e+03
-4.9801e+06 5.6457e+01 1.4355e+03 -1.2238e+03 1.2570e+00 -5.9120e+03
-5.0945e+06 5.1880e+01 1.4137e+03 -1.2436e+03 -5.9422e+00 -5.9175e+03
-5.1569e+06 4.9595e+01 1.3917e+03 -1.2633e+03 -3.7463e+00 -5.9216e+03
-5.1650e+06 4.8558e+01 1.3697e+03 -1.2829e+03 -3.2307e+00 -5.9252e+03
-5.2048e+06 4.7548e+01 1.3475e+03 -1.3025e+03 -1.5855e+00 -5.9286e+03
-5.2371e+06 4.6451e+01 1.3251e+03 -1.3221e+03 -1.9104e+00 -5.9313e+03
-5.3099e+06 4.5460e+01 1.3026e+03 -1.3415e+03 -3.9839e+00 -5.9335e+03
-5.3149e+06 4.4555e+01 1.2800e+03 -1.3608e+03 -4.1832e+00 -5.9357e+03
-5.3059e+06 4.3718e+01 1.2573e+03 -1.3801e+03 -1.1558e+00 -5.9376e+03
-5.2730e+06 4.2936e+01 1.2344e+03 -1.3993e+03 2.4368e+00 -5.9386e+03
-5.2961e+06 4.2164e+01 1.2114e+03 -1.4183e+03 1.7990e+00 -5.9393e+03
-5.2874e+06 4.1419e+01 1.1883e+03 -1.4372e+03 3.0569e+00 -5.9399e+03
-5.2681e+06 4.0740e+01 1.1650e+03 -1.4561e+03 9.0823e+00 -5.9401e+03
-5.2384e+06 4.0128e+01 1.1416e+03 -1.4747e+03 1.1561e+01 -5.9399e+03
-5.2798e+06 3.9435e+01 1.1182e+03 -1.4933e+03 7.6902e+00 -5.9395e+03
-5.3489e+06 3.8312e+01 1.0946e+03 -1.5117e+03 -5.5758e-01 -5.9383e+03
-5.4306e+06 3.7042e+01 1.0709e+03 -1.5300e+03 -7.1230e+00 -5.9369e+03
-5.4451e+06 3.6411e+01 1.0471e+03 -1.5481e+03 -8.8460e+00 -5.9352e+03
-5.4306e+06 3.6337e+01 1.0231e+03 -1.5661e+03 -2.0921e+01 -5.9327e+03
-5.2120e+06 3.6352e+01 9.9913e+02 -1.5839e+03 -4.1689e+01 -5.9301e+03
-4.5124e+06 3.6348e+01 9.7502e+02 -1.6016e+03 -2.6871e+01 -5.9270e+03
-3.5351e+06 3.6322e+01 9.5082e+02 -1.6191e+03 7.0829e+00 -5.9234e+03
-2.7824e+06 3.6290e+01 9.2653e+02 -1.6364e+03 -8.1519e-01 -5.9203e+03
-2.0332e+06 3.6253e+01 9.0215e+02 -1.6535e+03 8.3477e+00 -5.9166e+03
-1.2057e+06 3.6207e+01 8.7768e+02 -1.6704e+03 9.3281e+01 -5.9169e+03
-1.0258e+06 3.6192e+01 8.5314e+02 -1.6872e+03 1.4280e+02 -5.9068e+03
-5.3691e+06 5.4071e+01 1.5955e+03 -1.1009e+03 -1.5330e+00 -5.8459e+03
-5.1321e+06 5.9803e+01 1.5747e+03 -1.1210e+03 -2.9308e+00 -5.8455e+03
-4.9850e+06 6.5172e+01 1.5537e+03 -1.1410e+03 6.2992e+00 -5.8594e+03
-4.8213e+06 6.7943e+01 1.5326e+03 -1.1611e+03 1.0980e+01 -5.8672e+03
-4.8021e+06 6.7651e+01 1.5113e+03 -1.1811e+03 3.9572e+00 -5.8724e+03
-4.7384e+06 6.6088e+01 1.4899e+03 -1.2011e+03 7.0323e+00 -5.8775e+03
-4.8090e+06 6.3256e+01 1.4683e+03 -1.2211e+03 1.1077e+01 -5.8826e+03
-4.9348e+06 5.8292e+01 1.4466e+03 -1.2410e+03 6.9640e+00 -5.8866e+03
-5.0629e+06 5.3112e+01 1.4247e+03 -1.2609e+03 -9.1683e-01 -5.8916e+03
-5.1240e+06 4.9807e+01 1.4026e+03 -1.2807e+03 -9.9951e-01 -5.8962e+03
-5.1849e+06 4.8036e+01 1.3804e+03 -1.3005e+03 -2.8945e-01 -5.8998e+03
-5.2080e+06 4.6691e+01 1.3581e+03 -1.3202e+03 4.0917e-01 -5.9031e+03
-5.2663e+06 4.5472e+01 1.3356e+03 -1.3398e+03 1.0618e+00 -5.9059e+03
-5.3114e+06 4.4482e+01 1.3130e+03 -1.3593e+03 -2.9550e+00 -5.9082e+03
-5.3439e+06 4.3653e+01 1.2903e+03 -1.3788e+03 -2.7706e+00 -5.9102e+03
-5.3128e+06 4.2893e+01 1.2674e+03 -1.3981e+03 2.3185e+00 -5.9120e+03
-5.3335e+06 4.2145e+01 1.2444e+03 -1.4174e+03 1.5967e+00 -5.9130e+03
-5.3658e+06 4.1396e+01 1.2212e+03 -1.4365e+03 -5.8148e+00 -5.9139e+03
-5.3816e+06 4.0700e+01 1.1980e+03 -1.4555e+03 -5.6217e+00 -5.9146e+03
-5.3237e+06 4.0093e+01 1.1746e+03 -1.4744e+03 4.4686e+00 -5.9144e+03
-5.3111e+06 3.9597e+01 1.1510e+03 -1.4932e+03 8.6683e+00 -5.9138e+03
-5.3561e+06 3.9017e+01 1.1274e+03 -1.5119e+03 2.2398e+00 -5.9132e+03
-5.4296e+06 3.7945e+01 1.1037e+03 -1.5304e+03 -4.7789e+00 -5.9120e+03
-5.4615e+06 3.6780e+01 1.0798e+03 -1.5487e+03 -6.7463e+00 -5.9106e+03
-5.4664e+06 3.6331e+01 1.0558e+03 -1.5669e+03 -8.9674e+00 -5.9090e+03
-5.4158e+06 3.6347e+01 1.0317e+03 -1.5850e+03 -2.5587e+01 -5.9069e+03
-5.1431e+06 3.6363e+01 1.0075e+03 -1.6028e+03 -5.1196e+01 -5.9039e+03
-4.2947e+06 3.6348e+01 9.8326e+02 -1.6205e+03 -2.5583e+01 -5.9006e+03
-3.1480e+06 3.6307e+01 9.5888e+02 -1.6381e+03 3.9758e+01 -5.8975e+03
-2.3563e+06 3.6273e+01 9.3440e+02 -1.6554e+03 4.2020e+01 -5.8944e+03
-1.8595e+06 3.6245e+01 9.0984e+02 -1.6726e+03 2.0289e+01 -5.8900e+03
-1.4290e+06 3.6214e+01 8.8519e+02 -1.6896e+03 5.5766e+01 -5.8903e+03
-1.5688e+06 3.6220e+01 8.6045e+02 -1.7064e+03 6.8170e+01 -5.8811e+03
-5.1528e+06 5.9762e+01 1.6074e+03 -1.1173e+03 1.7407e+00 -5.8194e+03
-5.0050e+06 6.4636e+01 1.5865e+03 -1.1375e+03 9.4573e+00 -5.8210e+03
-4.8584e+06 6.7416e+01 1.5654e+03 -1.1577e+03 1.2742e+01 -5.8327e+03
-4.8367e+06 6.7747e+01 1.5442e+03 -1.1779e+03 8.3282e+00 -5.8384e+03
-4.8154e+06 6.6562e+01 1.5228e+03 -1.1980e+03 7.0438e-02 -5.8451e+03
-4.8549e+06 6.5149e+01 1.5013e+03 -1.2181e+03 -7.9035e-01 -5.8518e+03
-4.8609e+06 6.3103e+01 1.4796e+03 -1.2382e+03 1.5701e+00 -5.8575e+03
-4.9447e+06 5.9288e+01 1.4578e+03 -1.2582e+03 5.7005e+00 -5.8617e+03
-5.0325e+06 5.4463e+01 1.4358e+03 -1.2782e+03 2.3381e+00 -5.8657e+03
-5.1342e+06 5.0473e+01 1.4136e+03 -1.2981e+03 -2.1555e+00 -5.8699e+03
-5.2061e+06 4.7890e+01 1.3913e+03 -1.3180e+03 -3.8997e+00 -5.8738e+03
-5.2672e+06 4.6087e+01 1.3689e+03 -1.3378e+03 -3.0846e+00 -5.8771e+03
-5.2892e+06 4.4663e+01 1.3463e+03 -1.3575e+03 1.0937e+00 -5.8799e+03
-5.3411e+06 4.3610e+01 1.3236e+03 -1.3772e+03 -3.2612e-01 -5.8823e+03
-5.3514e+06 4.2845e+01 1.3007e+03 -1.3967e+03 -3.3424e-01 -5.8841e+03
-5.3444e+06 4.2147e+01 1.2777e+03 -1.4161e+03 6.9788e+00 -5.8855e+03
-5.3598e+06 4.1385e+01 1.2545e+03 -1.4355e+03 5.4793e+00 -5.8867e+03
-5.4304e+06 4.0660e+01 1.2312e+03 -1.4547e+03 -4.4465e+00 -5.8878e+03
-5.4437e+06 4.0047e+01 1.2078e+03 -1.4738e+03 -7.5291e+00 -5.8883e+03
-5.4321e+06 3.9533e+01 1.1843e+03 -1.4928e+03 -4.6648e+00 -5.8881e+03
-5.4167e+06 3.9235e+01 1.1606e+03 -1.5117e+03 -3.7330e+00 -5.8878e+03
-5.4362e+06 3.8950e+01 1.1368e+03 -1.5304e+03 -3.6807e+00 -5.8869e+03
-5.4528e+06 3.8014e+01 1.1129e+03 -1.5490e+03 -3.9569e+00 -5.8854e+03
-5.4710e+06 3.6807e+01 1.0888e+03 -1.5674e+03 -4.6749e+00 -5.8842e+03
-5.4480e+06 3.6331e+01 1.0647e+03 -1.5857e+03 -9.7332e+00 -5.8825e+03
-5.3684e+06 3.6354e+01 1.0404e+03 -1.6038e+03 -2.8203e+01 -5.8804e+03
-5.0171e+06 3.6369e+01 1.0161e+03 -1.6218e+03 -5.1661e+01 -5.8771e+03
-4.1304e+06 3.6343e+01 9.9162e+02 -1.6395e+03 -2.3064e+01 -5.8732e+03
-2.9179e+06 3.6286e+01 9.6706e+02 -1.6571e+03 5.6304e+01 -5.8710e+03
-2.1161e+06 3.6249e+01 9.4240e+02 -1.6745e+03 7.4643e+01 -5.8686e+03
-1.7925e+06 3.6231e+01 9.1764e+02 -1.6918e+03 4.4662e+01 -5.8630e+03
-1.6877e+06 3.6217e+01 8.9280e+02 -1.7088e+03 4.4298e+01 -5.8623e+03
-2.0549e+06 3.6245e+01 8.6787e+02 -1.7257e+03 2.1329e+01 -5.8544e+03
-5.0313e+06 6.4751e+01 1.6194e+03 -1.1337e+03 9.9112e+00 -5.7950e+03
-4.8796e+06 6.7215e+01 1.5984e+03 -1.1540e+03 1.2809e+01 -5.7957e+03
-4.8677e+06 6.7474e+01 1.5773e+03 -1.1743e+03 7.9490e+00 -5.8064e+03
-4.8274e+06 6.6430e+01 1.5560e+03 -1.1946e+03 3.3089e+00 -5.8142e+03
-4.8753e+06 6.4940e+01 1.5345e+03 -1.2148e+03 1.7994e+00 -5.8197e+03
-4.8635e+06 6.3521e+01 1.5129e+03 -1.2351e+03 8.6751e-01 -5.8254e+03
-4.9159e+06 6.1995e+01 1.4911e+03 -1.2553e+03 1.3626e+00 -5.8309e+03
-4.9384e+06 5.9462e+01 1.4691e+03 -1.2754e+03 4.9787e+00 -5.8357e+03
-5.0296e+06 5.5559e+01 1.4470e+03 -1.2955e+03 3.3313e+00 -5.8396e+03
-5.1238e+06 5.1334e+01 1.4248e+03 -1.3155e+03 -2.0119e+00 -5.8437e+03
-5.2331e+06 4.7995e+01 1.4024e+03 -1.3355e+03 -4.9278e+00 -5.8477e+03
-5.2903e+06 4.5677e+01 1.3798e+03 -1.3554e+03 -4.2977e+00 -5.8508e+03
-5.3396e+06 4.4002e+01 1.3571e+03 -1.3752e+03 -9.4508e-01 -5.8533e+03
-5.3677e+06 4.2819e+01 1.3342e+03 -1.3950e+03 -1.4139e+00 -5.8558e+03
-5.4052e+06 4.2016e+01 1.3112e+03 -1.4146e+03 -1.0629e+00 -5.8576e+03
-5.3970e+06 4.1241e+01 1.2881e+03 -1.4342e+03 4.4517e+00 -5.8589e+03
-5.4378e+06 4.0404e+01 1.2648e+03 -1.4536e+03 4.2344e+00 -5.8603e+03
-5.4717e+06 3.9797e+01 1.2413e+03 -1.4729e+03 -9.3248e-01 -5.8611e+03
-5.4934e+06 3.9395e+01 1.2178e+03 -1.4921e+03 -2.6620e+00 -5.8612e+03
-5.4791e+06 3.9043e+01 1.1941e+03 -1.5112e+03 -4.1665e+00 -5.8611e+03
-5.4765e+06 3.8951e+01 1.1703e+03 -1.5301e+03 -4.4525e+00 -5.8611e+03
-5.4499e+06 3.8832e+01 1.1463e+03 -1.5489e+03 -2.0472e-01 -5.8605e+03
-5.4538e+06 3.7923e+01 1.1222e+03 -1.5676e+03 3.4410e-01 -5.8592e+03
-5.4516e+06 3.6765e+01 1.0980e+03 -1.5861e+03 -3.9023e+00 -5.8576e+03
-5.4266e+06 3.6338e+01 1.0737e+03 -1.6045e+03 -1.2542e+01 -5.8556e+03
-5.2887e+06 3.6358e+01 1.0493e+03 -1.6227e+03 -3.0801e+01 -5.8536e+03
-4.8586e+06 3.6367e+01 1.0248e+03 -1.6407e+03 -4.2569e+01 -5.8509e+03
-3.9683e+06 3.6338e+01 1.0001e+03 -1.6585e+03 -1.4365e+01 -5.8460e+03
-2.9271e+06 3.6282e+01 9.7536e+02 -1.6762e+03 4.0204e+01 -5.8426e+03
-2.2147e+06 3.6244e+01 9.5051e+02 -1.6937e+03 5.4709e+01 -5.8411e+03
-1.9213e+06 3.6228e+01 9.2557e+02 -1.7109e+03 4.1436e+01 -5.8356e+03
-1.9426e+06 3.6226e+01 9.0053e+02 -1.7280e+03 3.6400e+01 -5.8345e+03
-2.4153e+06 3.6267e+01 8.7540e+02 -1.7449e+03 9.6161e-01 -5.8272e+03
-4.8963e+06 6.7430e+01 1.6315e+03 -1.1501e+03 1.2259e+01 -5.7692e+03
-4.8977e+06 6.7719e+01 1.6105e+03 -1.1705e+03 8.0105e+00 -5.7689e+03
-4.8397e+06 6.6621e+01 1.5892e+03 -1.1909e+03 5.7824e+00 -5.7800e+03
-4.8886e+06 6.5007e+01 1.5679e+03 -1.2113e+03 1.9368e+00 -5.7875e+03
-4.8718e+06 6.3396e+01 1.5463e+03 -1.2317e+03 1.2532e+00 -5.7931e+03
-4.9264e+06 6.1935e+01 1.5246e+03 -1.2520e+03 1.1535e+00 -5.7987e+03
-4.9201e+06 6.0612e+01 1.5027e+03 -1.2723e+03 2.6183e-01 -5.8042e+03
-4.9664e+06 5.8966e+01 1.4807e+03 -1.2926e+03 3.8378e+00 -5.8090e+03
-5.0075e+06 5.6115e+01 1.4584e+03 -1.3128e+03 5.8879e+00 -5.8129e+03
-5.1141e+06 5.2116e+01 1.4361e+03 -1.3329e+03 7.5219e-01 -5.8170e+03
-5.2139e+06 4.8273e+01 1.4135e+03 -1.3530e+03 -3.3878e+00 -5.8208e+03
-5.3086e+06 4.5460e+01 1.3909e+03 -1.3730e+03 -4.3094e+00 -5.8240e+03
-5.3675e+06 4.3468e+01 1.3680e+03 -1.3929e+03 -4.4331e+00 -5.8265e+03
-5.4307e+06 4.1967e+01 1.3450e+03 -1.4128e+03 -4.1947e+00 -5.8288e+03
-5.4642e+06 4.0806e+01 1.3219e+03 -1.4325e+03 -2.7653e+00 -5.8307e+03
-5.5003e+06 3.9741e+01 1.2986e+03 -1.4521e+03 -1.0402e+00 -5.8323e+03
-5.5233e+06 3.8908e+01 1.2752e+03 -1.4717e+03 -1.8859e+00 -5.8336e+03
-5.5395e+06 3.8631e+01 1.2516e+03 -1.4911e+03 -2.1150e+00 -5.8342e+03
-5.5207e+06 3.8597e+01 1.2279e+03 -1.5104e+03 -5.5247e-01 -5.8342e+03
-5.5105e+06 3.8477e+01 1.2040e+03 -1.5296e+03 -1.2308e+00 -5.8341e+03
-5.4864e+06 3.8393e+01 1.1801e+03 -1.5486e+03 -1.0347e+00 -5.8338e+03
-5.4638e+06 3.8062e+01 1.1559e+03 -1.5675e+03 1.1498e+00 -5.8330e+03
-5.4505e+06 3.7234e+01 1.1317e+03 -1.5862e+03 -8.8286e-01 -5.8318e+03
-5.4377e+06 3.6527e+01 1.1073e+03 -1.6048e+03 -6.4095e+00 -5.8300e+03
-5.3774e+06 3.6338e+01 1.0829e+03 -1.6232e+03 -1.6225e+01 -5.8280e+03
-5.1944e+06 3.6355e+01 1.0583e+03 -1.6415e+03 -3.2068e+01 -5.8262e+03
-4.6952e+06 3.6358e+01 1.0335e+03 -1.6596e+03 -3.3156e+01 -5.8240e+03
-3.8754e+06 3.6333e+01 1.0087e+03 -1.6775e+03 -1.0100e+01 -5.8193e+03
-3.0192e+06 3.6293e+01 9.8378e+02 -1.6952e+03 1.3726e+01 -5.8146e+03
-2.3937e+06 3.6255e+01 9.5875e+02 -1.7128e+03 2.7201e+01 -5.8127e+03
-2.0734e+06 3.6230e+01 9.3361e+02 -1.7301e+03 3.6619e+01 -5.8078e+03
-2.1920e+06 3.6242e+01 9.0837e+02 -1.7473e+03 2.4844e+01 -5.8075e+03
-2.7058e+06 3.6297e+01 8.8305e+02 -1.7642e+03 -2.0357e+01 -5.8000e+03
-4.9313e+06 6.7936e+01 1.6438e+03 -1.1664e+03 5.9537e+00 -5.7406e+03
-4.8597e+06 6.6977e+01 1.6227e+03 -1.1869e+03 5.5332e+00 -5.7418e+03
-4.9108e+06 6.5262e+01 1.6014e+03 -1.2074e+03 3.7139e+00 -5.7530e+03
-4.8852e+06 6.3464e+01 1.5799e+03 -1.2279e+03 1.3184e+00 -5.7605e+03
-4.9426e+06 6.1910e+01 1.5582e+03 -1.2484e+03 2.2890e-01 -5.7659e+03
-4.9211e+06 6.0495e+01 1.5364e+03 -1.2689e+03 1.2707e+00 -5.7715e+03
-4.9743e+06 5.9222e+01 1.5144e+03 -1.2893e+03 1.2373e-02 -5.7767e+03
-4.9661e+06 5.8033e+01 1.4923e+03 -1.3097e+03 9.8821e-01 -5.7818e+03
-5.0167e+06 5.6098e+01 1.4700e+03 -1.3300e+03 5.1719e+00 -5.7859e+03
-5.0807e+06 5.2748e+01 1.4475e+03 -1.3502e+03 3.3199e+00 -5.7896e+03
-5.1984e+06 4.8812e+01 1.4249e+03 -1.3704e+03 -1.4217e+00 -5.7931e+03
-5.2936e+06 4.5528e+01 1.4020e+03 -1.3905e+03 -2.8590e+00 -5.7964e+03
-5.3917e+06 4.3019e+01 1.3791e+03 -1.4106e+03 -3.9285e+00 -5.7991e+03
-5.4646e+06 4.0894e+01 1.3560e+03 -1.4305e+03 -4.0845e+00 -5.8014e+03
-5.5415e+06 3.9149e+01 1.3327e+03 -1.4504e+03 -4.4042e+00 -5.8035e+03
-5.5866e+06 3.7921e+01 1.3093e+03 -1.4701e+03 -5.9898e+00 -5.8048e+03
-5.6156e+06 3.7354e+01 1.2857e+03 -1.4897e+03 -6.8976e+00 -5.8057e+03
-5.5901e+06 3.7438e+01 1.2620e+03 -1.5092e+03 -4.7505e+00 -5.8064e+03
-5.5546e+06 3.7690e+01 1.2381e+03 -1.5286e+03 -1.2516e+00 -5.8066e+03
-5.5181e+06 3.7755e+01 1.2141e+03 -1.5479e+03 -8.8840e-01 -5.8066e+03
-5.5029e+06 3.7554e+01 1.1900e+03 -1.5670e+03 -1.8516e+00 -5.8059e+03
-5.4781e+06 3.7045e+01 1.1657e+03 -1.5860e+03 -2.5591e+00 -5.8047e+03
-5.4508e+06 3.6550e+01 1.1413e+03 -1.6048e+03 -4.0985e+00 -5.8033e+03
-5.3913e+06 3.6351e+01 1.1168e+03 -1.6235e+03 -7.1586e+00 -5.8017e+03
-5.2918e+06 3.6331e+01 1.0921e+03 -1.6420e+03 -1.5142e+01 -5.8004e+03
-5.0606e+06 3.6346e+01 1.0674e+03 -1.6603e+03 -2.8628e+01 -5.7983e+03
-4.5510e+06 3.6346e+01 1.0425e+03 -1.6785e+03 -2.4359e+01 -5.7949e+03
-3.7805e+06 3.6321e+01 1.0175e+03 -1.6965e+03 2.3408e+00 -5.7911e+03
-3.0265e+06 3.6287e+01 9.9233e+02 -1.7143e+03 1.5774e+01 -5.7876e+03
-2.4457e+06 3.6251e+01 9.6710e+02 -1.7319e+03 2.7786e+01 -5.7851e+03
-2.1498e+06 3.6225e+01 9.4177e+02 -1.7493e+03 4.6646e+01 -5.7798e+03
-2.3629e+06 3.6252e+01 9.1634e+02 -1.7665e+03 2.4758e+01 -5.7802e+03
-2.9159e+06 3.6322e+01 8.9081e+02 -1.7835e+03 -3.2437e+01 -5.7719e+03
-4.8869e+06 6.7154e+01 1.6562e+03 -1.1826e+03 4.1361e+00 -5.7129e+03
-4.9375e+06 6.5515e+01 1.6350e+03 -1.2033e+03 3.6365e+00 -5.7142e+03
-4.9076e+06 6.3629e+01 1.6136e+03 -1.2239e+03 2.4190e+00 -5.7254e+03
-4.9588e+06 6.1982e+01 1.5920e+03 -1.2445e+03 2.5731e-01 -5.7326e+03
-4.9394e+06 6.0593e+01 1.5703e+03 -1.2651e+03 1.1343e-01 -5.7382e+03
-4.9842e+06 5.9258e+01 1.5484e+03 -1.2857e+03 7.4782e-01 -5.7437e+03
-4.9725e+06 5.8010e+01 1.5263e+03 -1.3062e+03 -1.3554e-01 -5.7489e+03
-5.0062e+06 5.6978e+01 1.5041e+03 -1.3267e+03 2.9781e-01 -5.7537e+03
-5.0074e+06 5.5685e+01 1.4817e+03 -1.3471e+03 3.6851e+00 -5.7581e+03
-5.0685e+06 5.3217e+01 1.4591e+03 -1.3675e+03 4.2002e+00 -5.7618e+03
-5.1551e+06 4.9571e+01 1.4363e+03 -1.3878e+03 1.2749e+00 -5.7651e+03
-5.2762e+06 4.5826e+01 1.4134e+03 -1.4080e+03 -6.0488e-01 -5.7684e+03
-5.3866e+06 4.2585e+01 1.3903e+03 -1.4282e+03 -2.3223e+00 -5.7713e+03
-5.5073e+06 3.9757e+01 1.3671e+03 -1.4482e+03 -4.8034e+00 -5.7734e+03
-5.5994e+06 3.7685e+01 1.3437e+03 -1.4682e+03 -7.8533e+00 -5.7752e+03
-5.6537e+06 3.6713e+01 1.3201e+03 -1.4880e+03 -9.2775e+00 -5.7765e+03
-5.6490e+06 3.6523e+01 1.2964e+03 -1.5078e+03 -8.0528e+00 -5.7773e+03
-5.6217e+06 3.6721e+01 1.2725e+03 -1.5274e+03 -5.8130e+00 -5.7779e+03
-5.5656e+06 3.7035e+01 1.2485e+03 -1.5468e+03 -2.3650e+00 -5.7782e+03
-5.5254e+06 3.7177e+01 1.2244e+03 -1.5662e+03 -2.8521e-01 -5.7781e+03
-5.4923e+06 3.6934e+01 1.2001e+03 -1.5854e+03 -1.2952e+00 -5.7774e+03
-5.4718e+06 3.6518e+01 1.1756e+03 -1.6045e+03 -3.2514e+00 -5.7765e+03
-5.4158e+06 3.6327e+01 1.1511e+03 -1.6234e+03 -3.7804e+00 -5.7751e+03
-5.3365e+06 3.6318e+01 1.1264e+03 -1.6421e+03 -5.6834e+00 -5.7733e+03
-5.1858e+06 3.6325e+01 1.1015e+03 -1.6607e+03 -1.0071e+01 -5.7717e+03
-4.9423e+06 3.6338e+01 1.0766e+03 -1.6791e+03 -2.0714e+01 -5.7695e+03
-4.4634e+06 3.6340e+01 1.0515e+03 -1.6974e+03 -2.0648e+01 -5.7659e+03
-3.7308e+06 3.6309e+01 1.0263e+03 -1.7154e+03 1.0420e+01 -5.7625e+03
-2.9630e+06 3.6269e+01 1.0010e+03 -1.7333e+03 3.5749e+01 -5.7596e+03
-2.4398e+06 3.6240e+01 9.7559e+02 -1.7510e+03 4.4951e+01 -5.7557e+03
-2.2459e+06 3.6229e+01 9.5006e+02 -1.7684e+03 4.9219e+01 -5.7495e+03
-2.5438e+06 3.6266e+01 9.2443e+02 -1.7857e+03 1.9840e+01 -5.7510e+03
-3.0465e+06 3.6337e+01 8.9870e+02 -1.8027e+03 -3.4120e+01 -5.7428e+03
-4.9545e+06 6.5706e+01 1.6687e+03 -1.1988e+03 6.4320e+00 -5.6849e+03
-4.9496e+06 6.3840e+01 1.6474e+03 -1.2196e+03 -4.5357e-01 -5.6860e+03
-4.9806e+06 6.2116e+01 1.6260e+03 -1.2403e+03 3.2031e+00 -5.6970e+03
-4.9646e+06 6.0701e+01 1.6043e+03 -1.2611e+03 -9.8861e-01 -5.7045e+03
-4.9996e+06 5.9437e+01 1.5825e+03 -1.2818e+03 9.9278e-01 -5.7099e+03
-4.9811e+06 5.8184e+01 1.5605e+03 -1.3025e+03 -1.3475e-01 -5.7155e+03
-5.0160e+06 5.6985e+01 1.5383e+03 -1.3231e+03 4.0142e-01 -5.7205e+03
-5.0061e+06 5.5966e+01 1.5160e+03 -1.3437e+03 -2.7111e-01 -5.7253e+03
-5.0276e+06 5.5005e+01 1.4935e+03 -1.3643e+03 2.9759e+00 -5.7297e+03
-5.0475e+06 5.3322e+01 1.4708e+03 -1.3847e+03 4.9905e+00 -5.7334e+03
-5.1284e+06 5.0173e+01 1.4479e+03 -1.4052e+03 4.2992e+00 -5.7367e+03
-5.2453e+06 4.6118e+01 1.4249e+03 -1.4255e+03 1.8526e+00 -5.7397e+03
-5.3859e+06 4.2235e+01 1.4017e+03 -1.4457e+03 -1.8413e+00 -5.7425e+03
-5.5229e+06 3.9023e+01 1.3783e+03 -1.4659e+03 -6.7099e+00 -5.7446e+03
-5.6265e+06 3.7016e+01 1.3548e+03 -1.4860e+03 -1.0082e+01 -5.7464e+03
-5.6601e+06 3.6379e+01 1.3311e+03 -1.5059e+03 -8.9802e+00 -5.7479e+03
-5.6490e+06 3.6372e+01 1.3072e+03 -1.5257e+03 -6.0659e+00 -5.7487e+03
-5.6170e+06 3.6496e+01 1.2832e+03 -1.5454e+03 -5.2765e+00 -5.7491e+03
-5.5665e+06 3.6783e+01 1.2591e+03 -1.5650e+03 -2.8812e+00 -5.7494e+03
-5.5046e+06 3.6938e+01 1.2347e+03 -1.5845e+03 7.2748e-01 -5.7492e+03
-5.4665e+06 3.6670e+01 1.2103e+03 -1.6038e+03 4.3599e-01 -5.7487e+03
-5.4374e+06 3.6376e+01 1.1857e+03 -1.6229e+03 -1.7249e+00 -5.7479e+03
-5.3844e+06 3.6314e+01 1.1610e+03 -1.6419e+03 -2.9824e+00 -5.7463e+03
-5.2918e+06 3.6319e+01 1.1361e+03 -1.6608e+03 -6.0327e+00 -5.7442e+03
-5.1263e+06 3.6325e+01 1.1111e+03 -1.6795e+03 -7.6147e+00 -5.7421e+03
-4.8723e+06 3.6336e+01 1.0860e+03 -1.6979e+03 -1.4853e+01 -5.7402e+03
-4.4649e+06 3.6341e+01 1.0607e+03 -1.7163e+03 -2.5360e+01 -5.7374e+03
-3.8046e+06 3.6316e+01 1.0353e+03 -1.7344e+03 -7.6998e+00 -5.7331e+03
-3.0241e+06 3.6270e+01 1.0098e+03 -1.7523e+03 3.0871e+01 -5.7293e+03
-2.4897e+06 3.6239e+01 9.8420e+02 -1.7700e+03 5.2976e+01 -5.7254e+03
-2.4060e+06 3.6244e+01 9.5847e+02 -1.7876e+03 4.0537e+01 -5.7200e+03
-2.7624e+06 3.6291e+01 9.3264e+02 -1.8049e+03 9.3257e-01 -5.7221e+03
-3.1692e+06 3.6350e+01 9.0670e+02 -1.8220e+03 -3.7430e+01 -5.7139e+03
-4.9274e+06 6.4008e+01 1.6814e+03 -1.2149e+03 5.1419e+00 -5.6562e+03
-5.0521e+06 6.2305e+01 1.6600e+03 -1.2358e+03 -1.0679e+00 -5.6571e+03
-4.9642e+06 6.0807e+01 1.6385e+03 -1.2567e+03 3.7887e+00 -5.6684e+03
-5.0414e+06 5.9534e+01 1.6168e+03 -1.2775e+03 -1.3570e+00 -5.6756e+03
-4.9903e+06 5.8344e+01 1.5949e+03 -1.2984e+03 1.0758e+00 -5.6812e+03
-5.0427e+06 5.7168e+01 1.5728e+03 -1.3192e+03 -6.4943e-01 -5.6867e+03
-5.0091e+06 5.6042e+01 1.5505e+03 -1.3399e+03 1.0294e+00 -5.6918e+03
-5.0421e+06 5.5002e+01 1.5281e+03 -1.3607e+03 3.0357e-01 -5.6963e+03
-5.0253e+06 5.4074e+01 1.5054e+03 -1.3813e+03 1.5876e+00 -5.7006e+03
-5.0534e+06 5.2792e+01 1.4826e+03 -1.4019e+03 4.4266e+00 -5.7046e+03
-5.0998e+06 5.0189e+01 1.4596e+03 -1.4224e+03 5.7664e+00 -5.7078e+03
-5.2222e+06 4.6262e+01 1.4365e+03 -1.4429e+03 3.2845e+00 -5.7106e+03
-5.3646e+06 4.2151e+01 1.4132e+03 -1.4633e+03 -1.3219e+00 -5.7133e+03
-5.5143e+06 3.8873e+01 1.3897e+03 -1.4835e+03 -7.1572e+00 -5.7156e+03
-5.6085e+06 3.7070e+01 1.3660e+03 -1.5037e+03 -9.9341e+00 -5.7176e+03
-5.6316e+06 3.6629e+01 1.3422e+03 -1.5237e+03 -7.8021e+00 -5.7190e+03
-5.6113e+06 3.6602e+01 1.3182e+03 -1.5437e+03 -4.7924e+00 -5.7196e+03
-5.5926e+06 3.6515e+01 1.2940e+03 -1.5635e+03 -5.2676e+00 -5.7200e+03
-5.5453e+06 3.6623e+01 1.2697e+03 -1.5832e+03 -3.5667e+00 -5.7203e+03
-5.4794e+06 3.6720e+01 1.2453e+03 -1.6027e+03 1.0420e+00 -5.7199e+03
-5.4329e+06 3.6502e+01 1.2207e+03 -1.6221e+03 8.3585e-01 -5.7193e+03
-5.4104e+06 3.6323e+01 1.1959e+03 -1.6414e+03 -2.0791e+00 -5.7184e+03
-5.3628e+06 3.6316e+01 1.1710e+03 -1.6605e+03 -4.3655e+00 -5.7168e+03
-5.2731e+06 3.6324e+01 1.1460e+03 -1.6794e+03 -7.5077e+00 -5.7148e+03
-5.1017e+06 3.6329e+01 1.1208e+03 -1.6981e+03 -8.0576e+00 -5.7125e+03
-4.8596e+06 3.6338e+01 1.0955e+03 -1.7167e+03 -1.5146e+01 -5.7104e+03
-4.5172e+06 3.6348e+01 1.0700e+03 -1.7351e+03 -3.4076e+01 -5.7076e+03
-3.9305e+06 3.6333e+01 1.0445e+03 -1.7533e+03 -2.9038e+01 -5.7029e+03
-3.1214e+06 3.6279e+01 1.0188e+03 -1.7713e+03 2.1297e+01 -5.6989e+03
-2.5263e+06 3.6234e+01 9.9295e+02 -1.7891e+03 6.3179e+01 -5.6960e+03
-2.5503e+06 3.6253e+01 9.6702e+02 -1.8067e+03 3.7911e+01 -5.6914e+03
-3.0072e+06 3.6322e+01 9.4098e+02 -1.8241e+03 -2.0604e+01 -5.6924e+03
-3.2986e+06 3.6371e+01 9.1483e+02 -1.8412e+03 -4.6411e+01 -5.6829e+03
-5.0783e+06 6.2370e+01 1.6942e+03 -1.2309e+03 1.7299e-01 -5.6270e+03
-5.0205e+06 6.0899e+01 1.6728e+03 -1.2519e+03 7.2062e-01 -5.6280e+03
-5.0688e+06 5.9579e+01 1.6512e+03 -1.2729e+03 1.2458e+00 -5.6392e+03
-5.0237e+06 5.8415e+01 1.6294e+03 -1.2939e+03 -9.8364e-02 -5.6463e+03
-5.0608e+06 5.7292e+01 1.6074e+03 -1.3149e+03 3.4449e-01 -5.6518e+03
-5.0277e+06 5.6196e+01 1.5852e+03 -1.3358e+03 2.6320e-01 -5.6574e+03
-5.0527e+06 5.5135e+01 1.5628e+03 -1.3567e+03 8.7751e-01 -5.6623e+03
-5.0354e+06 5.4028e+01 1.5403e+03 -1.3775e+03 7.1692e-01 -5.6667e+03
-5.0516e+06 5.2908e+01 1.5175e+03 -1.3983e+03 1.3775e+00 -5.6711e+03
-5.0556e+06 5.1693e+01 1.4946e+03 -1.4190e+03 3.3300e+00 -5.6750e+03
-5.1002e+06 4.9764e+01 1.4715e+03 -1.4397e+03 4.2727e+00 -5.6786e+03
-5.1871e+06 4.6586e+01 1.4483e+03 -1.4602e+03 3.7148e+00 -5.6810e+03
-5.3234e+06 4.2613e+01 1.4248e+03 -1.4807e+03 -9.5276e-01 -5.6835e+03
-5.4691e+06 3.9299e+01 1.4012e+03 -1.5011e+03 -8.2640e+00 -5.6863e+03
-5.5531e+06 3.7805e+01 1.3774e+03 -1.5213e+03 -1.1201e+01 -5.6882e+03
-5.5612e+06 3.7631e+01 1.3534e+03 -1.5415e+03 -7.3263e+00 -5.6890e+03
-5.5484e+06 3.7414e+01 1.3293e+03 -1.5616e+03 -3.8389e+00 -5.6896e+03
-5.5489e+06 3.6818e+01 1.3050e+03 -1.5815e+03 -5.6837e+00 -5.6902e+03
-5.5185e+06 3.6471e+01 1.2806e+03 -1.6013e+03 -4.5778e+00 -5.6904e+03
-5.4461e+06 3.6426e+01 1.2559e+03 -1.6209e+03 1.8712e+00 -5.6899e+03
-5.4076e+06 3.6359e+01 1.2312e+03 -1.6404e+03 2.1406e+00 -5.6893e+03
-5.3969e+06 3.6311e+01 1.2062e+03 -1.6597e+03 -2.9028e+00 -5.6883e+03
-5.3587e+06 3.6319e+01 1.1812e+03 -1.6789e+03 -5.9489e+00 -5.6868e+03
-5.2591e+06 3.6328e+01 1.1560e+03 -1.6979e+03 -7.7810e+00 -5.6850e+03
-5.0887e+06 3.6333e+01 1.1306e+03 -1.7168e+03 -7.9573e+00 -5.6825e+03
-4.8496e+06 3.6339e+01 1.1051e+03 -1.7354e+03 -1.5612e+01 -5.6799e+03
-4.5342e+06 3.6352e+01 1.0795e+03 -1.7539e+03 -3.5476e+01 -5.6772e+03
-3.9544e+06 3.6337e+01 1.0537e+03 -1.7722e+03 -3.0281e+01 -5.6741e+03
-3.1413e+06 3.6278e+01 1.0278e+03 -1.7903e+03 2.3421e+01 -5.6704e+03
-2.5986e+06 3.6233e+01 1.0018e+03 -1.8081e+03 6.1111e+01 -5.6662e+03
-2.7674e+06 3.6273e+01 9.7570e+02 -1.8258e+03 1.8723e+01 -5.6605e+03
-3.2273e+06 3.6354e+01 9.4945e+02 -1.8432e+03 -4.5620e+01 -5.6607e+03
-3.3247e+06 3.6383e+01 9.2309e+02 -1.8604e+03 -5.2480e+01 -5.6516e+03
-5.0713e+06 6.0954e+01 1.7071e+03 -1.2468e+03 -2.1613e+00 -5.5972e+03
-5.1018e+06 5.9618e+01 1.6857e+03 -1.2680e+03 3.4175e+00 -5.5981e+03
-5.0625e+06 5.8419e+01 1.6640e+03 -1.2891e+03 1.6339e-01 -5.6094e+03
-5.0874e+06 5.7334e+01 1.6421e+03 -1.3102e+03 6.1909e-01 -5.6164e+03
-5.0595e+06 5.6270e+01 1.6200e+03 -1.3313e+03 -3.0419e-01 -5.6220e+03
-5.0744e+06 5.5226e+01 1.5977e+03 -1.3524e+03 1.0834e+00 -5.6273e+03
-5.0528e+06 5.4129e+01 1.5753e+03 -1.3734e+03 5.9183e-01 -5.6323e+03
-5.0618e+06 5.2863e+01 1.5526e+03 -1.3943e+03 1.1569e+00 -5.6369e+03
-5.0604e+06 5.1589e+01 1.5298e+03 -1.4152e+03 1.1662e+00 -5.6411e+03
-5.0705e+06 5.0572e+01 1.5068e+03 -1.4361e+03 1.1873e+00 -5.6449e+03
-5.0846e+06 4.9625e+01 1.4836e+03 -1.4568e+03 1.9426e+00 -5.6485e+03
-5.1283e+06 4.7666e+01 1.4602e+03 -1.4775e+03 4.9189e+00 -5.6508e+03
-5.2463e+06 4.4128e+01 1.4366e+03 -1.4981e+03 1.3457e+00 -5.6525e+03
-5.3801e+06 4.0911e+01 1.4129e+03 -1.5186e+03 -8.3526e+00 -5.6555e+03
-5.4498e+06 3.9802e+01 1.3889e+03 -1.5390e+03 -1.0369e+01 -5.6577e+03
-5.4391e+06 3.9667e+01 1.3648e+03 -1.5592e+03 -3.4429e+00 -5.6584e+03
-5.4513e+06 3.8808e+01 1.3406e+03 -1.5794e+03 -4.1687e-01 -5.6591e+03
-5.4872e+06 3.7407e+01 1.3161e+03 -1.5994e+03 -4.4382e+00 -5.6598e+03
-5.4876e+06 3.6515e+01 1.2915e+03 -1.6193e+03 -4.4707e+00 -5.6598e+03
-5.4337e+06 3.6307e+01 1.2668e+03 -1.6390e+03 1.6970e+00 -5.6592e+03
-5.4108e+06 3.6310e+01 1.2418e+03 -1.6586e+03 1.8709e+00 -5.6586e+03
-5.4032e+06 3.6317e+01 1.2167e+03 -1.6781e+03 -3.9617e+00 -5.6576e+03
-5.3609e+06 3.6325e+01 1.1915e+03 -1.6973e+03 -7.4463e+00 -5.6561e+03
-5.2568e+06 3.6333e+01 1.1661e+03 -1.7165e+03 -8.9821e+00 -5.6543e+03
-5.0780e+06 3.6337e+01 1.1406e+03 -1.7354e+03 -9.4775e+00 -5.6516e+03
-4.8242e+06 3.6342e+01 1.1149e+03 -1.7541e+03 -1.6217e+01 -5.6488e+03
-4.4654e+06 3.6348e+01 1.0891e+03 -1.7727e+03 -2.8681e+01 -5.6465e+03
-3.8484e+06 3.6324e+01 1.0631e+03 -1.7910e+03 -1.5580e+01 -5.6434e+03
-3.0902e+06 3.6266e+01 1.0371e+03 -1.8092e+03 2.8316e+01 -5.6391e+03
-2.7201e+06 3.6241e+01 1.0108e+03 -1.8271e+03 4.0906e+01 -5.6353e+03
-2.9504e+06 3.6295e+01 9.8451e+02 -1.8448e+03 -1.1763e+01 -5.6306e+03
-3.2262e+06 3.6357e+01 9.5805e+02 -1.8623e+03 -5.4781e+01 -5.6312e+03
-3.0505e+06 3.6351e+01 9.3149e+02 -1.8796e+03 -3.3055e+01 -5.6226e+03
-5.1791e+06 5.9732e+01 1.7202e+03 -1.2627e+03 -9.2166e-01 -5.5666e+03
-5.1012e+06 5.8489e+01 1.6987e+03 -1.2840e+03 2.0355e+00 -5.5678e+03
-5.1428e+06 5.7342e+01 1.6769e+03 -1.3052e+03 1.7946e-01 -5.5791e+03
-5.0862e+06 5.6277e+01 1.6550e+03 -1.3264e+03 5.4354e-01 -5.5861e+03
-5.1091e+06 5.5223e+01 1.6328e+03 -1.3477e+03 4.6804e-01 -5.5915e+03
-5.0733e+06 5.4125e+01 1.6105e+03 -1.3688e+03 4.9292e-01 -5.5969e+03
-5.0858e+06 5.2848e+01 1.5879e+03 -1.3900e+03 2.2659e-01 -5.6020e+03
-5.0758e+06 5.1462e+01 1.5652e+03 -1.4110e+03 3.5889e-01 -5.6065e+03
-5.0814e+06 5.0402e+01 1.5422e+03 -1.4321e+03 -5.4834e-01 -5.6106e+03
-5.0717e+06 4.9961e+01 1.5191e+03 -1.4530e+03 -7.7049e-01 -5.6141e+03
-5.0524e+06 4.9962e+01 1.4958e+03 -1.4739e+03 2.1662e+00 -5.6177e+03
-5.0574e+06 4.9105e+01 1.4723e+03 -1.4947e+03 8.1917e+00 -5.6204e+03
-5.1320e+06 4.6412e+01 1.4486e+03 -1.5154e+03 6.0553e+00 -5.6216e+03
-5.2450e+06 4.3844e+01 1.4247e+03 -1.5360e+03 -2.6720e+00 -5.6241e+03
-5.2774e+06 4.2965e+01 1.4006e+03 -1.5565e+03 -2.6285e+00 -5.6264e+03
-5.2947e+06 4.2105e+01 1.3764e+03 -1.5769e+03 4.1776e+00 -5.6274e+03
-5.3502e+06 4.0098e+01 1.3520e+03 -1.5971e+03 3.4167e+00 -5.6285e+03
-5.4401e+06 3.7917e+01 1.3274e+03 -1.6173e+03 -3.3582e+00 -5.6290e+03
-5.4715e+06 3.6643e+01 1.3027e+03 -1.6373e+03 -5.5270e+00 -5.6289e+03
-5.4578e+06 3.6315e+01 1.2777e+03 -1.6571e+03 -2.3566e+00 -5.6283e+03
-5.4373e+06 3.6317e+01 1.2526e+03 -1.6768e+03 -1.8153e+00 -5.6275e+03
-5.4160e+06 3.6323e+01 1.2274e+03 -1.6963e+03 -5.2176e+00 -5.6264e+03
-5.3588e+06 3.6331e+01 1.2020e+03 -1.7157e+03 -8.7066e+00 -5.6250e+03
-5.2506e+06 3.6340e+01 1.1764e+03 -1.7349e+03 -1.1622e+01 -5.6233e+03
-5.0621e+06 3.6345e+01 1.1507e+03 -1.7539e+03 -1.3884e+01 -5.6204e+03
-4.7766e+06 3.6347e+01 1.1248e+03 -1.7728e+03 -1.9353e+01 -5.6177e+03
-4.3444e+06 3.6342e+01 1.0988e+03 -1.7914e+03 -2.2398e+01 -5.6153e+03
-3.7052e+06 3.6309e+01 1.0727e+03 -1.8098e+03 -1.4539e+00 -5.6110e+03
-3.0371e+06 3.6256e+01 1.0464e+03 -1.8281e+03 3.5016e+01 -5.6060e+03
-2.7592e+06 3.6242e+01 1.0200e+03 -1.8461e+03 3.5745e+01 -5.6034e+03
-2.9092e+06 3.6288e+01 9.9346e+02 -1.8639e+03 -1.1880e+01 -5.5998e+03
-2.9409e+06 3.6321e+01 9.6680e+02 -1.8814e+03 -3.0347e+01 -5.6006e+03
-2.5708e+06 3.6291e+01 9.4001e+02 -1.8988e+03 1.1222e+01 -5.5909e+03
-5.1505e+06 5.8566e+01 1.7335e+03 -1.2784e+03 -3.2810e-02 -5.5359e+03
-5.1866e+06 5.7423e+01 1.7118e+03 -1.2998e+03 2.7777e+00 -5.5370e+03
-5.1254e+06 5.6302e+01 1.6900e+03 -1.3212e+03 2.2078e+00 -5.5484e+03
-5.1483e+06 5.5239e+01 1.6680e+03 -1.3426e+03 2.9536e-01 -5.5551e+03
-5.1129e+06 5.4151e+01 1.6457e+03 -1.3639e+03 -7.6969e-02 -5.5604e+03
-5.1145e+06 5.2925e+01 1.6233e+03 -1.3852e+03 -2.0998e-01 -5.5659e+03
-5.0985e+06 5.1541e+01 1.6007e+03 -1.4064e+03 -5.6671e-02 -5.5708e+03
-5.0970e+06 5.0348e+01 1.5778e+03 -1.4277e+03 -1.6149e+00 -5.5754e+03
-5.0853e+06 4.9819e+01 1.5548e+03 -1.4488e+03 -1.9247e+00 -5.5792e+03
-5.0500e+06 4.9861e+01 1.5316e+03 -1.4699e+03 -5.2295e-01 -5.5828e+03
-5.0225e+06 5.0038e+01 1.5081e+03 -1.4909e+03 3.1517e+00 -5.5865e+03
-5.0032e+06 4.9500e+01 1.4845e+03 -1.5118e+03 8.9666e+00 -5.5896e+03
-5.0562e+06 4.7746e+01 1.4607e+03 -1.5326e+03 8.7785e+00 -5.5915e+03
-5.1040e+06 4.6174e+01 1.4367e+03 -1.5533e+03 5.0299e+00 -5.5937e+03
-5.1344e+06 4.5327e+01 1.4125e+03 -1.5739e+03 7.6208e+00 -5.5953e+03
-5.1745e+06 4.3570e+01 1.3881e+03 -1.5944e+03 9.6866e+00 -5.5961e+03
-5.2888e+06 4.0717e+01 1.3636e+03 -1.6148e+03 3.9997e+00 -5.5970e+03
-5.3978e+06 3.8147e+01 1.3388e+03 -1.6350e+03 -3.7786e+00 -5.5974e+03
-5.4713e+06 3.6699e+01 1.3139e+03 -1.6551e+03 -7.1248e+00 -5.5974e+03
-5.4736e+06 3.6314e+01 1.2889e+03 -1.6751e+03 -5.7648e+00 -5.5970e+03
-5.4514e+06 3.6321e+01 1.2636e+03 -1.6949e+03 -4.0446e+00 -5.5961e+03
-5.4036e+06 3.6326e+01 1.2382e+03 -1.7145e+03 -5.2058e+00 -5.5949e+03
-5.3321e+06 3.6334e+01 1.2126e+03 -1.7340e+03 -8.5357e+00 -5.5935e+03
-5.2030e+06 3.6341e+01 1.1869e+03 -1.7533e+03 -1.2409e+01 -5.5915e+03
-4.9912e+06 3.6345e+01 1.1610e+03 -1.7724e+03 -1.5723e+01 -5.5889e+03
-4.6575e+06 3.6342e+01 1.1349e+03 -1.7913e+03 -1.7061e+01 -5.5866e+03
-4.1738e+06 3.6327e+01 1.1087e+03 -1.8101e+03 -1.2190e+01 -5.5838e+03
-3.5873e+06 3.6298e+01 1.0824e+03 -1.8286e+03 6.7593e+00 -5.5794e+03
-3.0368e+06 3.6260e+01 1.0559e+03 -1.8469e+03 3.6139e+01 -5.5745e+03
-2.7671e+06 3.6246e+01 1.0293e+03 -1.8650e+03 4.0199e+01 -5.5712e+03
-2.7837e+06 3.6274e+01 1.0026e+03 -1.8828e+03 5.3653e+00 -5.5667e+03
-2.6441e+06 3.6285e+01 9.7568e+02 -1.9005e+03 9.5230e-01 -5.5673e+03
-2.2159e+06 3.6249e+01 9.4867e+02 -1.9179e+03 4.6726e+01 -5.5570e+03
-5.2626e+06 5.7400e+01 1.7468e+03 -1.2940e+03 -3.0385e-01 -5.5049e+03
-5.2024e+06 5.6331e+01 1.7252e+03 -1.3156e+03 1.0923e+00 -5.5059e+03
-5.2018e+06 5.5270e+01 1.7033e+03 -1.3371e+03 1.7968e+00 -5.5169e+03
-5.1576e+06 5.4249e+01 1.6812e+03 -1.3586e+03 -3.4199e-01 -5.5234e+03
-5.1442e+06 5.3157e+01 1.6588e+03 -1.3800e+03 3.3859e-01 -5.5290e+03
-5.1225e+06 5.1936e+01 1.6363e+03 -1.4015e+03 2.5392e-01 -5.5343e+03
-5.1086e+06 5.0777e+01 1.6136e+03 -1.4228e+03 -6.1898e-01 -5.5391e+03
-5.1000e+06 5.0045e+01 1.5906e+03 -1.4442e+03 -1.3119e+00 -5.5434e+03
-5.0585e+06 4.9852e+01 1.5675e+03 -1.4654e+03 3.2959e-01 -5.5474e+03
-5.0367e+06 4.9758e+01 1.5442e+03 -1.4866e+03 2.8484e+00 -5.5511e+03
-5.0034e+06 4.9363e+01 1.5206e+03 -1.5077e+03 4.5214e+00 -5.5546e+03
-5.0159e+06 4.8505e+01 1.4969e+03 -1.5288e+03 5.9102e+00 -5.5575e+03
-5.0274e+06 4.7264e+01 1.4730e+03 -1.5497e+03 5.5366e+00 -5.5601e+03
-5.0633e+06 4.6312e+01 1.4488e+03 -1.5706e+03 5.9087e+00 -5.5622e+03
-5.0654e+06 4.5491e+01 1.4245e+03 -1.5913e+03 9.5531e+00 -5.5635e+03
-5.1381e+06 4.3655e+01 1.4000e+03 -1.6119e+03 9.3582e+00 -5.5643e+03
-5.2436e+06 4.0880e+01 1.3753e+03 -1.6324e+03 3.3028e+00 -5.5648e+03
-5.3732e+06 3.8280e+01 1.3504e+03 -1.6527e+03 -3.0162e+00 -5.5652e+03
-5.4428e+06 3.6727e+01 1.3254e+03 -1.6730e+03 -6.6210e+00 -5.5655e+03
-5.4652e+06 3.6309e+01 1.3002e+03 -1.6930e+03 -6.1438e+00 -5.5652e+03
-5.4313e+06 3.6322e+01 1.2747e+03 -1.7129e+03 -4.6212e+00 -5.5640e+03
-5.3762e+06 3.6327e+01 1.2492e+03 -1.7327e+03 -4.8877e+00 -5.5626e+03
-5.2656e+06 3.6330e+01 1.2234e+03 -1.7522e+03 -6.1855e+00 -5.5611e+03
-5.0906e+06 3.6330e+01 1.1975e+03 -1.7716e+03 -7.8531e+00 -5.5590e+03
-4.8281e+06 3.6327e+01 1.1714e+03 -1.7908e+03 -9.2024e+00 -5.5571e+03
-4.4539e+06 3.6318e+01 1.1452e+03 -1.8098e+03 -4.7310e+00 -5.5552e+03
-3.9865e+06 3.6304e+01 1.1188e+03 -1.8287e+03 2.6194e+00 -5.5519e+03
-3.5417e+06 3.6294e+01 1.0923e+03 -1.8473e+03 9.2340e+00 -5.5473e+03
-3.1358e+06 3.6275e+01 1.0656e+03 -1.8656e+03 2.6339e+01 -5.5422e+03
-2.8699e+06 3.6260e+01 1.0388e+03 -1.8838e+03 3.4093e+01 -5.5389e+03
-2.7947e+06 3.6274e+01 1.0118e+03 -1.9017e+03 1.1662e+01 -5.5346e+03
-2.5862e+06 3.6275e+01 9.8470e+02 -1.9195e+03 1.3861e+01 -5.5346e+03
-2.2197e+06 3.6245e+01 9.5748e+02 -1.9369e+03 5.0914e+01 -5.5245e+03
-5.2620e+06 5.6293e+01 1.7604e+03 -1.3095e+03 -2.5408e+00 -5.4729e+03
-5.2581e+06 5.5228e+01 1.7386e+03 -1.3312e+03 2.6634e+00 -5.4741e+03
-5.2061e+06 5.4268e+01 1.7167e+03 -1.3528e+03 2.3691e+00 -5.4848e+03
-5.1949e+06 5.3346e+01 1.6945e+03 -1.3745e+03 -6.2289e-01 -5.4914e+03
-5.1650e+06 5.2376e+01 1.6721e+03 -1.3960e+03 8.0118e-01 -5.4968e+03
-5.1295e+06 5.1395e+01 1.6495e+03 -1.4176e+03 2.8119e-01 -5.5021e+03
-5.1143e+06 5.0627e+01 1.6267e+03 -1.4391e+03 2.9748e-01 -5.5068e+03
-5.0665e+06 5.0165e+01 1.6036e+03 -1.4606e+03 1.5432e+00 -5.5113e+03
-5.0596e+06 4.9783e+01 1.5804e+03 -1.4820e+03 4.1624e+00 -5.5153e+03
-5.0341e+06 4.9151e+01 1.5569e+03 -1.5033e+03 4.3228e+00 -5.5190e+03
-5.0512e+06 4.8211e+01 1.5333e+03 -1.5245e+03 4.0518e+00 -5.5221e+03
-5.0299e+06 4.7113e+01 1.5094e+03 -1.5457e+03 3.8549e+00 -5.5247e+03
-5.0613e+06 4.6028e+01 1.4854e+03 -1.5667e+03 2.1257e+00 -5.5271e+03
-5.0592e+06 4.5186e+01 1.4611e+03 -1.5877e+03 2.0220e+00 -5.5291e+03
-5.0883e+06 4.4442e+01 1.4367e+03 -1.6086e+03 4.7264e+00 -5.5307e+03
-5.1209e+06 4.3127e+01 1.4121e+03 -1.6293e+03 6.2228e+00 -5.5319e+03
-5.2257e+06 4.0893e+01 1.3872e+03 -1.6499e+03 4.0606e+00 -5.5323e+03
-5.3269e+06 3.8371e+01 1.3622e+03 -1.6704e+03 -1.1444e+00 -5.5325e+03
-5.4184e+06 3.6741e+01 1.3370e+03 -1.6907e+03 -5.2993e+00 -5.5329e+03
-5.4333e+06 3.6309e+01 1.3116e+03 -1.7109e+03 -5.9115e+00 -5.5325e+03
-5.4104e+06 3.6322e+01 1.2860e+03 -1.7309e+03 -5.0626e+00 -5.5312e+03
-5.3248e+06 3.6325e+01 1.2603e+03 -1.7507e+03 -3.9380e+00 -5.5299e+03
-5.1767e+06 3.6321e+01 1.2344e+03 -1.7704e+03 -1.8160e+00 -5.5285e+03
-4.9534e+06 3.6313e+01 1.2083e+03 -1.7899e+03 -1.8883e+00 -5.5264e+03
-4.6725e+06 3.6308e+01 1.1820e+03 -1.8092e+03 -2.4630e+00 -5.5244e+03
-4.2918e+06 3.6298e+01 1.1556e+03 -1.8283e+03 5.1648e+00 -5.5214e+03
-3.8918e+06 3.6290e+01 1.1290e+03 -1.8472e+03 1.1094e+01 -5.5178e+03
-3.5858e+06 3.6295e+01 1.1023e+03 -1.8659e+03 7.7253e+00 -5.5143e+03
-3.3056e+06 3.6288e+01 1.0754e+03 -1.8843e+03 1.4351e+01 -5.5095e+03
-3.0832e+06 3.6275e+01 1.0484e+03 -1.9026e+03 2.1067e+01 -5.5065e+03
-2.9850e+06 3.6283e+01 1.0212e+03 -1.9206e+03 5.3826e+00 -5.5024e+03
-2.8086e+06 3.6284e+01 9.9387e+02 -1.9384e+03 5.9710e+00 -5.5014e+03
-2.5640e+06 3.6269e+01 9.6642e+02 -1.9559e+03 2.7347e+01 -5.4913e+03
-5.3419e+06 5.5383e+01 1.7740e+03 -1.3249e+03 -1.5233e+00 -5.4407e+03
-5.3169e+06 5.4212e+01 1.7522e+03 -1.3467e+03 -1.1257e+00 -5.4414e+03
-5.2645e+06 5.3349e+01 1.7302e+03 -1.3685e+03 -4.3198e-01 -5.4525e+03
-5.2236e+06 5.2578e+01 1.7079e+03 -1.3902e+03 7.7511e-01 -5.4586e+03
-5.1586e+06 5.1838e+01 1.6855e+03 -1.4119e+03 1.9593e+00 -5.4642e+03
-5.1447e+06 5.1135e+01 1.6628e+03 -1.4336e+03 1.7262e+00 -5.4693e+03
-5.0863e+06 5.0514e+01 1.6399e+03 -1.4552e+03 1.2772e+00 -5.4742e+03
-5.0855e+06 4.9883e+01 1.6168e+03 -1.4768e+03 3.4966e+00 -5.4787e+03
-5.0542e+06 4.9073e+01 1.5934e+03 -1.4984e+03 4.3203e+00 -5.4826e+03
-5.1347e+06 4.8061e+01 1.5699e+03 -1.5198e+03 -1.0833e+00 -5.4861e+03
-5.1140e+06 4.6971e+01 1.5461e+03 -1.5412e+03 -2.2179e+00 -5.4891e+03
-5.0934e+06 4.5900e+01 1.5222e+03 -1.5625e+03 2.2051e+00 -5.4917e+03
-5.0649e+06 4.4901e+01 1.4980e+03 -1.5837e+03 2.1647e+00 -5.4941e+03
-5.1030e+06 4.4038e+01 1.4736e+03 -1.6047e+03 1.2357e+00 -5.4960e+03
-5.1005e+06 4.3334e+01 1.4490e+03 -1.6257e+03 1.8316e+00 -5.4976e+03
-5.1474e+06 4.2478e+01 1.4243e+03 -1.6466e+03 3.9459e+00 -5.4990e+03
-5.1985e+06 4.0763e+01 1.3993e+03 -1.6673e+03 4.7507e+00 -5.4992e+03
-5.3140e+06 3.8371e+01 1.3741e+03 -1.6879e+03 2.6460e-01 -5.4992e+03
-5.3842e+06 3.6730e+01 1.3488e+03 -1.7083e+03 -4.5288e+00 -5.4995e+03
-5.4157e+06 3.6312e+01 1.3232e+03 -1.7286e+03 -5.5072e+00 -5.4991e+03
-5.3733e+06 3.6321e+01 1.2975e+03 -1.7487e+03 -4.6303e+00 -5.4981e+03
-5.2816e+06 3.6322e+01 1.2716e+03 -1.7687e+03 -2.3484e+00 -5.4968e+03
-5.1090e+06 3.6315e+01 1.2455e+03 -1.7884e+03 -1.4687e-02 -5.4952e+03
-4.9085e+06 3.6311e+01 1.2192e+03 -1.8080e+03 -3.6773e+00 -5.4929e+03
-4.6400e+06 3.6309e+01 1.1928e+03 -1.8274e+03 -5.9929e+00 -5.4903e+03
-4.2627e+06 3.6297e+01 1.1661e+03 -1.8466e+03 5.5507e+00 -5.4868e+03
-3.8880e+06 3.6285e+01 1.1394e+03 -1.8656e+03 1.5115e+01 -5.4836e+03
-3.6616e+06 3.6289e+01 1.1124e+03 -1.8844e+03 9.9147e+00 -5.4813e+03
-3.5226e+06 3.6296e+01 1.0853e+03 -1.9030e+03 5.7590e+00 -5.4769e+03
-3.4173e+06 3.6296e+01 1.0581e+03 -1.9213e+03 4.6900e+00 -5.4731e+03
-3.3447e+06 3.6303e+01 1.0307e+03 -1.9394e+03 -8.3218e+00 -5.4681e+03
-3.2172e+06 3.6306e+01 1.0032e+03 -1.9572e+03 -1.1185e+01 -5.4668e+03
-3.0544e+06 3.6299e+01 9.7552e+02 -1.9749e+03 5.7369e-01 -5.4571e+03
-5.3794e+06 5.4807e+01 1.7879e+03 -1.3401e+03 -5.3457e-01 -5.4068e+03
-5.3060e+06 5.3409e+01 1.7660e+03 -1.3620e+03 1.0993e+00 -5.4087e+03
-5.2981e+06 5.2598e+01 1.7439e+03 -1.3839e+03 2.5765e+00 -5.4193e+03
-5.2208e+06 5.1995e+01 1.7216e+03 -1.4058e+03 8.9965e-01 -5.4255e+03
-5.2145e+06 5.1404e+01 1.6990e+03 -1.4277e+03 2.1528e+00 -5.4308e+03
-5.1224e+06 5.0725e+01 1.6763e+03 -1.4495e+03 2.4615e+00 -5.4360e+03
-5.1330e+06 4.9920e+01 1.6533e+03 -1.4713e+03 2.2680e+00 -5.4409e+03
-5.0663e+06 4.8974e+01 1.6301e+03 -1.4930e+03 3.4293e+00 -5.4452e+03
-5.1197e+06 4.7915e+01 1.6066e+03 -1.5146e+03 3.7385e+00 -5.4491e+03
-5.1346e+06 4.6829e+01 1.5830e+03 -1.5362e+03 -1.8179e+00 -5.4526e+03
-5.1754e+06 4.5784e+01 1.5591e+03 -1.5577e+03 -3.0866e+00 -5.4556e+03
-5.0953e+06 4.4798e+01 1.5350e+03 -1.5791e+03 1.7371e+00 -5.4584e+03
-5.1183e+06 4.3878e+01 1.5108e+03 -1.6004e+03 2.7967e+00 -5.4607e+03
-5.1083e+06 4.3038e+01 1.4863e+03 -1.6216e+03 1.6809e+00 -5.4625e+03
-5.1496e+06 4.2375e+01 1.4616e+03 -1.6427e+03 5.4756e-01 -5.4640e+03
-5.1459e+06 4.1817e+01 1.4366e+03 -1.6637e+03 3.0793e+00 -5.4653e+03
-5.2078e+06 4.0501e+01 1.4115e+03 -1.6846e+03 6.2007e+00 -5.4654e+03
-5.2870e+06 3.8272e+01 1.3862e+03 -1.7053e+03 1.8767e+00 -5.4654e+03
-5.3792e+06 3.6689e+01 1.3607e+03 -1.7258e+03 -3.4176e+00 -5.4657e+03
-5.3866e+06 3.6314e+01 1.3350e+03 -1.7462e+03 -4.6135e+00 -5.4653e+03
-5.3544e+06 3.6319e+01 1.3091e+03 -1.7665e+03 -3.9760e+00 -5.4644e+03
-5.2529e+06 3.6320e+01 1.2830e+03 -1.7865e+03 -2.7042e+00 -5.4628e+03
-5.1157e+06 3.6319e+01 1.2568e+03 -1.8064e+03 -3.0322e+00 -5.4608e+03
-4.9444e+06 3.6321e+01 1.2303e+03 -1.8261e+03 -9.2421e+00 -5.4586e+03
-4.6747e+06 3.6317e+01 1.2037e+03 -1.8456e+03 -8.6143e+00 -5.4564e+03
-4.2716e+06 3.6295e+01 1.1769e+03 -1.8649e+03 9.0075e+00 -5.4540e+03
-3.9247e+06 3.6277e+01 1.1499e+03 -1.8840e+03 2.0905e+01 -5.4508e+03
-3.7955e+06 3.6285e+01 1.1228e+03 -1.9029e+03 1.0144e+01 -5.4469e+03
-3.8074e+06 3.6308e+01 1.0955e+03 -1.9215e+03 -6.8977e+00 -5.4424e+03
-3.8090e+06 3.6322e+01 1.0680e+03 -1.9399e+03 -1.3665e+01 -5.4385e+03
-3.7426e+06 3.6327e+01 1.0404e+03 -1.9581e+03 -2.0527e+01 -5.4334e+03
-3.6110e+06 3.6324e+01 1.0127e+03 -1.9760e+03 -2.0402e+01 -5.4330e+03
-3.4408e+06 3.6312e+01 9.8476e+02 -1.9937e+03 -7.4692e+00 -5.4239e+03
-5.3804e+06 5.4590e+01 1.8018e+03 -1.3552e+03 2.9587e+00 -5.3733e+03
-5.4414e+06 5.2955e+01 1.7799e+03 -1.3773e+03 -1.5744e+00 -5.3746e+03
-5.3103e+06 5.2108e+01 1.7578e+03 -1.3993e+03 -6.0965e-01 -5.3855e+03
-5.2935e+06 5.1531e+01 1.7354e+03 -1.4213e+03 2.5605e+00 -5.3916e+03
-5.1711e+06 5.0820e+01 1.7127e+03 -1.4433e+03 4.3692e+00 -5.3970e+03
-5.1979e+06 4.9904e+01 1.6899e+03 -1.4652e+03 3.8835e+00 -5.4022e+03
-5.1184e+06 4.8861e+01 1.6668e+03 -1.4871e+03 2.1212e+00 -5.4069e+03
-5.1619e+06 4.7767e+01 1.6435e+03 -1.5090e+03 2.3754e+00 -5.4112e+03
-5.1052e+06 4.6682e+01 1.6200e+03 -1.5308e+03 3.1101e+00 -5.4151e+03
-5.1677e+06 4.5644e+01 1.5963e+03 -1.5525e+03 2.3691e+00 -5.4186e+03
-5.1255e+06 4.4666e+01 1.5723e+03 -1.5741e+03 1.5561e+00 -5.4216e+03
-5.1575e+06 4.3753e+01 1.5481e+03 -1.5957e+03 2.0522e+00 -5.4244e+03
-5.1267e+06 4.2912e+01 1.5237e+03 -1.6171e+03 1.7464e+00 -5.4266e+03
-5.1697e+06 4.2176e+01 1.4991e+03 -1.6384e+03 1.2405e+00 -5.4282e+03
-5.1549e+06 4.1594e+01 1.4742e+03 -1.6597e+03 1.0580e+00 -5.4296e+03
-5.1907e+06 4.1009e+01 1.4492e+03 -1.6808e+03 4.3888e+00 -5.4310e+03
-5.2139e+06 3.9702e+01 1.4239e+03 -1.7017e+03 6.7103e+00 -5.4316e+03
-5.3171e+06 3.7759e+01 1.3985e+03 -1.7225e+03 1.8029e+00 -5.4316e+03
-5.3651e+06 3.6549e+01 1.3728e+03 -1.7432e+03 -3.0655e+00 -5.4314e+03
-5.3793e+06 3.6313e+01 1.3470e+03 -1.7637e+03 -3.8849e+00 -5.4309e+03
-5.3309e+06 3.6317e+01 1.3209e+03 -1.7841e+03 -4.0300e+00 -5.4300e+03
-5.2595e+06 3.6320e+01 1.2946e+03 -1.8043e+03 -3.9826e+00 -5.4283e+03
-5.1379e+06 3.6323e+01 1.2682e+03 -1.8243e+03 -5.3503e+00 -5.4265e+03
-4.9791e+06 3.6325e+01 1.2416e+03 -1.8441e+03 -9.3996e+00 -5.4248e+03
-4.6962e+06 3.6316e+01 1.2148e+03 -1.8637e+03 -4.9405e+00 -5.4223e+03
-4.3156e+06 3.6290e+01 1.1878e+03 -1.8831e+03 1.2869e+01 -5.4197e+03
-4.0352e+06 3.6275e+01 1.1606e+03 -1.9023e+03 2.1073e+01 -5.4162e+03
-4.0043e+06 3.6292e+01 1.1333e+03 -1.9212e+03 3.9233e+00 -5.4114e+03
-4.0866e+06 3.6319e+01 1.1058e+03 -1.9400e+03 -1.6774e+01 -5.4071e+03
-4.0916e+06 3.6331e+01 1.0781e+03 -1.9585e+03 -1.9011e+01 -5.4040e+03
-4.0045e+06 3.6330e+01 1.0503e+03 -1.9767e+03 -1.7581e+01 -5.3994e+03
-3.8519e+06 3.6321e+01 1.0223e+03 -1.9947e+03 -1.3471e+01 -5.3995e+03
-3.6734e+06 3.6304e+01 9.9416e+02 -2.0125e+03 4.8826e-01 -5.3900e+03
-5.5275e+06 5.4560e+01 1.8160e+03 -1.3701e+03 5.2662e+00 -5.3389e+03
-5.3180e+06 5.2845e+01 1.7940e+03 -1.3923e+03 6.5948e+00 -5.3401e+03
-5.3904e+06 5.1803e+01 1.7718e+03 -1.4145e+03 5.2726e+00 -5.3511e+03
-5.2522e+06 5.0955e+01 1.7493e+03 -1.4366e+03 2.8282e+00 -5.3572e+03
-5.3110e+06 4.9908e+01 1.7266e+03 -1.4587e+03 3.0113e+00 -5.3627e+03
-5.1825e+06 4.8750e+01 1.7037e+03 -1.4808e+03 2.7665e+00 -5.3678e+03
-5.2418e+06 4.7622e+01 1.6805e+03 -1.5029e+03 2.0617e+00 -5.3725e+03
-5.1504e+06 4.6536e+01 1.6572e+03 -1.5248e+03 1.7444e+00 -5.3767e+03
-5.2166e+06 4.5501e+01 1.6335e+03 -1.5468e+03 1.2684e+00 -5.3806e+03
-5.1488e+06 4.4530e+01 1.6097e+03 -1.5686e+03 1.4966e+00 -5.3841e+03
-5.2051e+06 4.3621e+01 1.5856e+03 -1.5904e+03 1.3528e+00 -5.3871e+03
-5.1610e+06 4.2790e+01 1.5613e+03 -1.6120e+03 8.4397e-01 -5.3897e+03
-5.2101e+06 4.2065e+01 1.5368e+03 -1.6336e+03 5.2812e-01 -5.3918e+03
-5.1785e+06 4.1430e+01 1.5121e+03 -1.6551e+03 1.5247e+00 -5.3935e+03
-5.2213e+06 4.0668e+01 1.4871e+03 -1.6764e+03 2.7337e+00 -5.3952e+03
-5.2249e+06 3.9558e+01 1.4619e+03 -1.6977e+03 3.1999e+00 -5.3965e+03
-5.3018e+06 3.8144e+01 1.4365e+03 -1.7187e+03 1.6122e+00 -5.3971e+03
-5.3439e+06 3.6908e+01 1.4109e+03 -1.7397e+03 -2.0619e+00 -5.3969e+03
-5.3824e+06 3.6372e+01 1.3851e+03 -1.7605e+03 -3.6054e+00 -5.3966e+03
-5.3577e+06 3.6310e+01 1.3591e+03 -1.7811e+03 -3.5834e+00 -5.3960e+03
-5.3268e+06 3.6314e+01 1.3329e+03 -1.8016e+03 -4.1834e+00 -5.3950e+03
-5.2520e+06 3.6318e+01 1.3064e+03 -1.8219e+03 -4.0800e+00 -5.3935e+03
-5.1509e+06 3.6320e+01 1.2798e+03 -1.8420e+03 -4.7741e+00 -5.3919e+03
-4.9989e+06 3.6320e+01 1.2530e+03 -1.8619e+03 -8.0229e+00 -5.3902e+03
-4.7766e+06 3.6316e+01 1.2260e+03 -1.8816e+03 -7.1322e+00 -5.3870e+03
-4.4659e+06 3.6297e+01 1.1988e+03 -1.9011e+03 6.8681e+00 -5.3835e+03
-4.1986e+06 3.6278e+01 1.1715e+03 -1.9204e+03 1.9681e+01 -5.3806e+03
-4.1587e+06 3.6288e+01 1.1439e+03 -1.9395e+03 9.1553e+00 -5.3770e+03
-4.2277e+06 3.6311e+01 1.1162e+03 -1.9583e+03 -7.5144e+00 -5.3729e+03
-4.2174e+06 3.6316e+01 1.0883e+03 -1.9769e+03 -7.3457e+00 -5.3696e+03
-4.1369e+06 3.6313e+01 1.0603e+03 -1.9953e+03 -5.7001e+00 -5.3645e+03
-4.0174e+06 3.6307e+01 1.0321e+03 -2.0134e+03 -3.7424e+00 -5.3642e+03
-3.8794e+06 3.6297e+01 1.0037e+03 -2.0312e+03 6.6164e+00 -5.3543e+03
-5.4547e+06 5.4345e+01 1.8302e+03 -1.3849e+03 6.5984e+00 -5.3039e+03
-5.5973e+06 5.2718e+01 1.8082e+03 -1.4072e+03 1.4634e+00 -5.3049e+03
-5.3669e+06 5.1385e+01 1.7859e+03 -1.4295e+03 1.0016e+00 -5.3161e+03
-5.4189e+06 5.0151e+01 1.7634e+03 -1.4518e+03 1.6165e+00 -5.3224e+03
-5.2553e+06 4.8825e+01 1.7406e+03 -1.4740e+03 2.0659e+00 -5.3278e+03
-5.3411e+06 4.7537e+01 1.7177e+03 -1.4962e+03 1.3439e+00 -5.3327e+03
-5.2268e+06 4.6397e+01 1.6944e+03 -1.5184e+03 6.8309e-01 -5.3373e+03
-5.3039e+06 4.5358e+01 1.6709e+03 -1.5405e+03 7.0022e-01 -5.3416e+03
-5.2115e+06 4.4387e+01 1.6472e+03 -1.5626e+03 4.7705e-01 -5.3454e+03
-5.2796e+06 4.3487e+01 1.6233e+03 -1.5846e+03 2.9647e-01 -5.3489e+03
-5.2132e+06 4.2660e+01 1.5991e+03 -1.6065e+03 3.2677e-01 -5.3518e+03
-5.2672e+06 4.1935e+01 1.5747e+03 -1.6283e+03 6.2592e-01 -5.3543e+03
-5.2198e+06 4.1265e+01 1.5501e+03 -1.6500e+03 1.2865e+00 -5.3564e+03
-5.2672e+06 4.0421e+01 1.5252e+03 -1.6716e+03 2.8178e+00 -5.3584e+03
-5.2585e+06 3.9161e+01 1.5001e+03 -1.6931e+03 2.5752e+00 -5.3601e+03
-5.3381e+06 3.7760e+01 1.4748e+03 -1.7144e+03 -1.0921e+00 -5.3608e+03
-5.3595e+06 3.6801e+01 1.4493e+03 -1.7356e+03 -4.4625e+00 -5.3611e+03
-5.3936e+06 3.6396e+01 1.4235e+03 -1.7567e+03 -4.3219e+00 -5.3613e+03
-5.3655e+06 3.6304e+01 1.3976e+03 -1.7776e+03 -2.7368e+00 -5.3611e+03
-5.3514e+06 3.6308e+01 1.3714e+03 -1.7984e+03 -2.7797e+00 -5.3604e+03
-5.3060e+06 3.6312e+01 1.3450e+03 -1.8190e+03 -4.1373e+00 -5.3594e+03
-5.2551e+06 3.6315e+01 1.3184e+03 -1.8394e+03 -4.2632e+00 -5.3579e+03
-5.1626e+06 3.6316e+01 1.2916e+03 -1.8596e+03 -4.6750e+00 -5.3561e+03
-5.0509e+06 3.6318e+01 1.2646e+03 -1.8796e+03 -8.7644e+00 -5.3539e+03
-4.9036e+06 3.6322e+01 1.2374e+03 -1.8995e+03 -1.2940e+01 -5.3512e+03
-4.6563e+06 3.6310e+01 1.2101e+03 -1.9191e+03 -9.2351e-01 -5.3481e+03
-4.3703e+06 3.6282e+01 1.1825e+03 -1.9385e+03 2.0831e+01 -5.3452e+03
-4.2768e+06 3.6279e+01 1.1548e+03 -1.9576e+03 2.0998e+01 -5.3418e+03
-4.3421e+06 3.6298e+01 1.1268e+03 -1.9766e+03 6.5123e+00 -5.3372e+03
-4.3542e+06 3.6307e+01 1.0987e+03 -1.9953e+03 1.8621e+00 -5.3332e+03
-4.3185e+06 3.6307e+01 1.0705e+03 -2.0137e+03 -1.6425e+00 -5.3278e+03
-4.2415e+06 3.6307e+01 1.0420e+03 -2.0319e+03 -3.5609e+00 -5.3274e+03
-4.1629e+06 3.6304e+01 1.0134e+03 -2.0498e+03 3.2215e+00 -5.3178e+03
-5.7685e+06 5.3672e+01 1.8447e+03 -1.3994e+03 2.8648e-01 -5.2689e+03
-5.3868e+06 5.2155e+01 1.8226e+03 -1.4219e+03 1.1251e+01 -5.2699e+03
-5.5303e+06 5.0697e+01 1.8003e+03 -1.4443e+03 7.2015e+00 -5.2815e+03
-5.3704e+06 4.9387e+01 1.7777e+03 -1.4667e+03 -7.8023e-01 -5.2872e+03
-5.4908e+06 4.8021e+01 1.7548e+03 -1.4891e+03 -2.6135e+00 -5.2923e+03
-5.3091e+06 4.6580e+01 1.7318e+03 -1.5115e+03 -6.8118e-01 -5.2973e+03
-5.3999e+06 4.5300e+01 1.7085e+03 -1.5338e+03 2.7676e-01 -5.3020e+03
-5.2815e+06 4.4258e+01 1.6849e+03 -1.5561e+03 2.6242e-01 -5.3063e+03
-5.3685e+06 4.3346e+01 1.6611e+03 -1.5782e+03 7.9772e-01 -5.3100e+03
-5.2737e+06 4.2510e+01 1.6371e+03 -1.6004e+03 1.1324e+00 -5.3133e+03
-5.3385e+06 4.1762e+01 1.6128e+03 -1.6224e+03 1.0706e+00 -5.3163e+03
-5.2696e+06 4.1061e+01 1.5883e+03 -1.6443e+03 1.9668e+00 -5.3190e+03
-5.3285e+06 4.0156e+01 1.5635e+03 -1.6662e+03 2.5062e+00 -5.3213e+03
-5.3081e+06 3.8872e+01 1.5386e+03 -1.6879e+03 1.8415e+00 -5.3231e+03
-5.3748e+06 3.7528e+01 1.5133e+03 -1.7095e+03 1.0747e+00 -5.3242e+03
-5.3738e+06 3.6644e+01 1.4879e+03 -1.7310e+03 -1.7057e+00 -5.3247e+03
-5.4112e+06 3.6338e+01 1.4622e+03 -1.7524e+03 -4.1391e+00 -5.3254e+03
-5.3769e+06 3.6305e+01 1.4363e+03 -1.7736e+03 -2.7713e+00 -5.3256e+03
-5.3603e+06 3.6305e+01 1.4102e+03 -1.7946e+03 -8.8080e-01 -5.3253e+03
-5.3173e+06 3.6306e+01 1.3839e+03 -1.8155e+03 -1.1402e+00 -5.3247e+03
-5.2922e+06 3.6309e+01 1.3573e+03 -1.8362e+03 -2.9807e+00 -5.3236e+03
-5.2456e+06 3.6312e+01 1.3306e+03 -1.8568e+03 -4.1710e+00 -5.3221e+03
-5.1858e+06 3.6315e+01 1.3036e+03 -1.8771e+03 -4.6792e+00 -5.3201e+03
-5.1092e+06 3.6319e+01 1.2764e+03 -1.8972e+03 -7.8888e+00 -5.3179e+03
-5.0114e+06 3.6325e+01 1.2491e+03 -1.9172e+03 -1.2952e+01 -5.3157e+03
-4.8349e+06 3.6319e+01 1.2215e+03 -1.9369e+03 -6.5020e+00 -5.3126e+03
-4.6195e+06 3.6300e+01 1.1937e+03 -1.9564e+03 9.7509e+00 -5.3091e+03
-4.5453e+06 3.6296e+01 1.1658e+03 -1.9757e+03 1.1954e+01 -5.3053e+03
-4.5846e+06 3.6311e+01 1.1376e+03 -1.9947e+03 1.7808e+00 -5.3004e+03
-4.6089e+06 3.6320e+01 1.1093e+03 -2.0135e+03 -2.5913e+00 -5.2965e+03
-4.5800e+06 3.6321e+01 1.0808e+03 -2.0320e+03 -6.8621e+00 -5.2914e+03
-4.5274e+06 3.6320e+01 1.0521e+03 -2.0503e+03 -9.4336e+00 -5.2914e+03
-4.4685e+06 3.6318e+01 1.0233e+03 -2.0683e+03 -3.8723e+00 -5.2818e+03
-5.6669e+06 5.2732e+01 1.8593e+03 -1.4138e+03 -7.4636e+00 -5.2331e+03
-5.8693e+06 5.1310e+01 1.8371e+03 -1.4364e+03 -5.1236e+00 -5.2345e+03
-5.5236e+06 5.0069e+01 1.8147e+03 -1.4590e+03 -2.8231e+00 -5.2455e+03
-5.5889e+06 4.9084e+01 1.7921e+03 -1.4815e+03 9.5832e-01 -5.2510e+03
-5.3530e+06 4.7806e+01 1.7692e+03 -1.5041e+03 4.6137e+00 -5.2563e+03
-5.4848e+06 4.6056e+01 1.7461e+03 -1.5265e+03 3.7556e+00 -5.2617e+03
-5.3608e+06 4.4417e+01 1.7227e+03 -1.5490e+03 4.4519e-01 -5.2665e+03
-5.4769e+06 4.3249e+01 1.6990e+03 -1.5714e+03 -9.7354e-01 -5.2705e+03
-5.3571e+06 4.2360e+01 1.6752e+03 -1.5937e+03 4.2885e-01 -5.2743e+03
-5.4329e+06 4.1572e+01 1.6510e+03 -1.6160e+03 1.2840e+00 -5.2776e+03
-5.3397e+06 4.0857e+01 1.6267e+03 -1.6382e+03 1.3971e+00 -5.2807e+03
-5.3946e+06 4.0004e+01 1.6020e+03 -1.6602e+03 3.1802e+00 -5.2834e+03
-5.3605e+06 3.8728e+01 1.5772e+03 -1.6822e+03 1.7725e+00 -5.2857e+03
-5.4440e+06 3.7372e+01 1.5521e+03 -1.7041e+03 -1.7446e+00 -5.2872e+03
-5.4167e+06 3.6577e+01 1.5267e+03 -1.7258e+03 -1.3357e+00 -5.2881e+03
-5.4360e+06 3.6337e+01 1.5012e+03 -1.7475e+03 -2.9291e-01 -5.2891e+03
-5.3971e+06 3.6304e+01 1.4754e+03 -1.7689e+03 -1.3138e+00 -5.2896e+03
-5.3820e+06 3.6305e+01 1.4493e+03 -1.7903e+03 -9.1563e-01 -5.2897e+03
-5.3205e+06 3.6303e+01 1.4231e+03 -1.8115e+03 1.2955e+00 -5.2894e+03
-5.2888e+06 3.6303e+01 1.3966e+03 -1.8325e+03 1.7770e+00 -5.2888e+03
-5.2626e+06 3.6306e+01 1.3699e+03 -1.8533e+03 -5.1591e-01 -5.2877e+03
-5.2447e+06 3.6310e+01 1.3429e+03 -1.8740e+03 -2.7373e+00 -5.2861e+03
-5.2023e+06 3.6314e+01 1.3158e+03 -1.8944e+03 -3.4175e+00 -5.2841e+03
-5.1470e+06 3.6319e+01 1.2884e+03 -1.9147e+03 -4.9430e+00 -5.2820e+03
-5.0800e+06 3.6323e+01 1.2609e+03 -1.9347e+03 -8.5083e+00 -5.2796e+03
-4.9827e+06 3.6323e+01 1.2331e+03 -1.9546e+03 -9.3996e+00 -5.2762e+03
-4.8958e+06 3.6320e+01 1.2051e+03 -1.9742e+03 -6.3321e+00 -5.2727e+03
-4.8598e+06 3.6323e+01 1.1769e+03 -1.9936e+03 -6.3233e+00 -5.2693e+03
-4.8708e+06 3.6331e+01 1.1486e+03 -2.0127e+03 -9.0955e+00 -5.2647e+03
-4.8549e+06 3.6334e+01 1.1200e+03 -2.0316e+03 -8.6250e+00 -5.2607e+03
-4.8285e+06 3.6333e+01 1.0913e+03 -2.0502e+03 -1.1568e+01 -5.2555e+03
-4.7762e+06 3.6331e+01 1.0624e+03 -2.0686e+03 -1.3812e+01 -5.2552e+03
-4.7342e+06 3.6327e+01 1.0334e+03 -2.0867e+03 -7.6149e+00 -5.2455e+03
-6.1172e+06 5.2029e+01 1.8740e+03 -1.4280e+03 -3.6232e+01 -5.1959e+03
-5.5435e+06 5.0819e+01 1.8518e+03 -1.4507e+03 2.8233e+00 -5.1970e+03
-5.7129e+06 4.9950e+01 1.8294e+03 -1.4734e+03 3.6276e+00 -5.2088e+03
-5.4731e+06 4.9232e+01 1.8067e+03 -1.4961e+03 2.3575e+00 -5.2144e+03
-5.6119e+06 4.7898e+01 1.7837e+03 -1.5188e+03 3.9679e+00 -5.2198e+03
-5.4037e+06 4.5810e+01 1.7605e+03 -1.5414e+03 5.9853e+00 -5.2251e+03
-5.5493e+06 4.3760e+01 1.7371e+03 -1.5640e+03 2.6206e+00 -5.2297e+03
-5.4345e+06 4.2340e+01 1.7134e+03 -1.5865e+03 -1.3101e+00 -5.2338e+03
-5.5412e+06 4.1411e+01 1.6894e+03 -1.6090e+03 -6.4522e-01 -5.2376e+03
-5.4221e+06 4.0694e+01 1.6652e+03 -1.6314e+03 3.6239e-01 -5.2409e+03
-5.4804e+06 4.0016e+01 1.6407e+03 -1.6537e+03 1.6609e+00 -5.2436e+03
-5.4034e+06 3.8976e+01 1.6160e+03 -1.6759e+03 3.4644e+00 -5.2460e+03
-5.4924e+06 3.7568e+01 1.5910e+03 -1.6981e+03 2.7456e-01 -5.2483e+03
-5.4767e+06 3.6593e+01 1.5658e+03 -1.7201e+03 -3.5679e+00 -5.2500e+03
-5.4980e+06 3.6323e+01 1.5403e+03 -1.7420e+03 -2.5024e+00 -5.2512e+03
-5.4316e+06 3.6306e+01 1.5146e+03 -1.7637e+03 -6.9300e-02 -5.2522e+03
-5.4140e+06 3.6305e+01 1.4887e+03 -1.7853e+03 1.9454e-01 -5.2527e+03
-5.3495e+06 3.6303e+01 1.4625e+03 -1.8068e+03 8.6625e-01 -5.2527e+03
-5.2944e+06 3.6302e+01 1.4361e+03 -1.8281e+03 4.0305e+00 -5.2524e+03
-5.2477e+06 3.6301e+01 1.4094e+03 -1.8493e+03 4.9481e+00 -5.2516e+03
-5.2522e+06 3.6304e+01 1.3826e+03 -1.8702e+03 1.4662e+00 -5.2505e+03
-5.2395e+06 3.6309e+01 1.3555e+03 -1.8910e+03 -1.0026e+00 -5.2489e+03
-5.2068e+06 3.6312e+01 1.3281e+03 -1.9116e+03 -1.4572e+00 -5.2470e+03
-5.1615e+06 3.6314e+01 1.3006e+03 -1.9320e+03 -1.5025e+00 -5.2448e+03
-5.1054e+06 3.6315e+01 1.2728e+03 -1.9522e+03 -2.6183e+00 -5.2423e+03
-5.0696e+06 3.6317e+01 1.2449e+03 -1.9721e+03 -5.8212e+00 -5.2391e+03
-5.0469e+06 3.6322e+01 1.2167e+03 -1.9919e+03 -8.7670e+00 -5.2358e+03
-5.0437e+06 3.6328e+01 1.1883e+03 -2.0113e+03 -9.8204e+00 -5.2321e+03
-5.0277e+06 3.6332e+01 1.1597e+03 -2.0306e+03 -9.2516e+00 -5.2277e+03
-5.0082e+06 3.6333e+01 1.1310e+03 -2.0496e+03 -7.1521e+00 -5.2236e+03
-4.9780e+06 3.6333e+01 1.1020e+03 -2.0683e+03 -1.0338e+01 -5.2181e+03
-4.9427e+06 3.6332e+01 1.0729e+03 -2.0868e+03 -1.2682e+01 -5.2178e+03
-4.8968e+06 3.6328e+01 1.0436e+03 -2.1050e+03 -5.8245e+00 -5.2077e+03
-5.9107e+06 5.1776e+01 1.8889e+03 -1.4419e+03 -7.4853e+01 -5.1578e+03
-6.1997e+06 5.0854e+01 1.8667e+03 -1.4648e+03 -4.3497e+01 -5.1571e+03
-5.7091e+06 5.0124e+01 1.8442e+03 -1.4876e+03 -1.4721e+01 -5.1691e+03
-5.7178e+06 4.9234e+01 1.8215e+03 -1.5105e+03 -1.5209e+00 -5.1756e+03
-5.4272e+06 4.7685e+01 1.7984e+03 -1.5333e+03 5.6103e+00 -5.1810e+03
-5.6072e+06 4.5508e+01 1.7752e+03 -1.5561e+03 5.5005e+00 -5.1858e+03
-5.4884e+06 4.3274e+01 1.7516e+03 -1.5788e+03 2.7767e+00 -5.1902e+03
-5.6340e+06 4.1591e+01 1.7278e+03 -1.6015e+03 -1.8404e+00 -5.1941e+03
-5.5143e+06 4.0597e+01 1.7038e+03 -1.6241e+03 -2.0863e+00 -5.1978e+03
-5.5822e+06 4.0007e+01 1.6795e+03 -1.6466e+03 -2.1547e-01 -5.2009e+03
-5.4723e+06 3.9332e+01 1.6549e+03 -1.6691e+03 2.8158e+00 -5.2036e+03
-5.5360e+06 3.8150e+01 1.6301e+03 -1.6915e+03 3.0791e+00 -5.2062e+03
-5.5116e+06 3.6907e+01 1.6050e+03 -1.7137e+03 -1.0406e+00 -5.2083e+03
-5.5523e+06 3.6360e+01 1.5797e+03 -1.7359e+03 -2.3621e+00 -5.2098e+03
-5.4841e+06 3.6306e+01 1.5541e+03 -1.7579e+03 -6.1276e-01 -5.2111e+03
-5.4605e+06 3.6305e+01 1.5283e+03 -1.7798e+03 9.1396e-01 -5.2120e+03
-5.3927e+06 3.6303e+01 1.5022e+03 -1.8016e+03 1.6850e+00 -5.2125e+03
-5.3532e+06 3.6302e+01 1.4759e+03 -1.8232e+03 1.8116e+00 -5.2125e+03
-5.2847e+06 3.6301e+01 1.4493e+03 -1.8446e+03 3.3588e+00 -5.2119e+03
-5.2568e+06 3.6301e+01 1.4225e+03 -1.8659e+03 3.7726e+00 -5.2112e+03
-5.2526e+06 3.6304e+01 1.3954e+03 -1.8870e+03 1.2637e+00 -5.2101e+03
-5.2378e+06 3.6307e+01 1.3682e+03 -1.9079e+03 -1.1446e-01 -5.2086e+03
-5.2075e+06 3.6309e+01 1.3407e+03 -1.9286e+03 -1.5213e-02 -5.2067e+03
-5.1578e+06 3.6308e+01 1.3129e+03 -1.9491e+03 9.9026e-01 -5.2044e+03
-5.1169e+06 3.6306e+01 1.2850e+03 -1.9694e+03 1.5390e+00 -5.2017e+03
-5.0968e+06 3.6308e+01 1.2568e+03 -1.9895e+03 -1.0362e+00 -5.1988e+03
-5.1082e+06 3.6314e+01 1.2285e+03 -2.0094e+03 -4.1519e+00 -5.1955e+03
-5.1034e+06 3.6319e+01 1.1999e+03 -2.0290e+03 -5.3873e+00 -5.1915e+03
-5.0993e+06 3.6324e+01 1.1711e+03 -2.0483e+03 -4.9880e+00 -5.1871e+03
-5.0700e+06 3.6325e+01 1.1421e+03 -2.0674e+03 -3.1689e+00 -5.1833e+03
-5.0565e+06 3.6326e+01 1.1129e+03 -2.0863e+03 -6.5787e+00 -5.1780e+03
-5.0212e+06 3.6326e+01 1.0835e+03 -2.1048e+03 -9.0813e+00 -5.1782e+03
-4.9953e+06 3.6323e+01 1.0540e+03 -2.1231e+03 -2.8771e+00 -5.1686e+03
-6.1057e+06 5.1764e+01 1.9040e+03 -1.4556e+03 -5.6710e+01 -5.1215e+03
-5.6914e+06 5.0842e+01 1.8817e+03 -1.4787e+03 -7.2545e+01 -5.1199e+03
-5.8923e+06 4.9893e+01 1.8592e+03 -1.5017e+03 -3.9841e+01 -5.1340e+03
-5.6182e+06 4.8647e+01 1.8364e+03 -1.5246e+03 -1.3848e+01 -5.1389e+03
-5.7630e+06 4.7010e+01 1.8133e+03 -1.5476e+03 -6.9152e+00 -5.1444e+03
-5.5595e+06 4.5036e+01 1.7900e+03 -1.5705e+03 -3.2051e+00 -5.1495e+03
-5.6859e+06 4.2914e+01 1.7664e+03 -1.5934e+03 -3.5715e-01 -5.1541e+03
-5.5763e+06 4.1124e+01 1.7425e+03 -1.6162e+03 -4.3377e+00 -5.1580e+03
-5.6880e+06 4.0070e+01 1.7184e+03 -1.6390e+03 -6.4093e+00 -5.1615e+03
-5.5629e+06 3.9489e+01 1.6940e+03 -1.6617e+03 -3.9746e+00 -5.1649e+03
-5.6113e+06 3.8631e+01 1.6693e+03 -1.6843e+03 -6.4932e-01 -5.1680e+03
-5.5587e+06 3.7390e+01 1.6444e+03 -1.7068e+03 -3.1907e+00 -5.1706e+03
-5.6140e+06 3.6530e+01 1.6192e+03 -1.7292e+03 -6.1843e+00 -5.1723e+03
-5.5452e+06 3.6308e+01 1.5938e+03 -1.7515e+03 -4.7391e+00 -5.1737e+03
-5.5225e+06 3.6305e+01 1.5681e+03 -1.7736e+03 -2.6707e+00 -5.1750e+03
-5.4485e+06 3.6305e+01 1.5421e+03 -1.7957e+03 -2.2764e+00 -5.1758e+03
-5.4111e+06 3.6304e+01 1.5159e+03 -1.8176e+03 -1.7908e+00 -5.1762e+03
-5.3564e+06 3.6304e+01 1.4894e+03 -1.8393e+03 -2.4474e+00 -5.1762e+03
-5.3224e+06 3.6304e+01 1.4627e+03 -1.8609e+03 -3.1335e+00 -5.1757e+03
-5.2897e+06 3.6304e+01 1.4357e+03 -1.8823e+03 -3.0815e+00 -5.1750e+03
-5.2666e+06 3.6305e+01 1.4085e+03 -1.9036e+03 -3.3658e+00 -5.1739e+03
-5.2445e+06 3.6306e+01 1.3811e+03 -1.9246e+03 -3.6114e+00 -5.1723e+03
-5.2096e+06 3.6307e+01 1.3534e+03 -1.9455e+03 -3.3136e+00 -5.1705e+03
-5.1760e+06 3.6306e+01 1.3255e+03 -1.9661e+03 -2.0769e+00 -5.1680e+03
-5.1359e+06 3.6304e+01 1.2974e+03 -1.9865e+03 -1.3661e+00 -5.1652e+03
-5.1354e+06 3.6306e+01 1.2690e+03 -2.0067e+03 -3.1238e+00 -5.1622e+03
-5.1347e+06 3.6311e+01 1.2404e+03 -2.0267e+03 -4.9464e+00 -5.1589e+03
-5.1421e+06 3.6315e+01 1.2116e+03 -2.0464e+03 -5.5576e+00 -5.1551e+03
-5.1244e+06 3.6319e+01 1.1826e+03 -2.0659e+03 -5.2068e+00 -5.1509e+03
-5.1129e+06 3.6319e+01 1.1534e+03 -2.0851e+03 -3.2137e+00 -5.1471e+03
-5.0943e+06 3.6320e+01 1.1240e+03 -2.1041e+03 -6.3504e+00 -5.1420e+03
-5.0711e+06 3.6321e+01 1.0944e+03 -2.1227e+03 -8.7892e+00 -5.1418e+03
-5.0323e+06 3.6317e+01 1.0646e+03 -2.1411e+03 -2.2555e+00 -5.1294e+03
-5.3676e+06 5.1833e+01 1.9192e+03 -1.4691e+03 1.8320e+00 -5.0889e+03
-6.2375e+06 5.0368e+01 1.8969e+03 -1.4923e+03 -6.4638e+01 -5.0846e+03
-5.9287e+06 4.9063e+01 1.8743e+03 -1.5154e+03 -9.4991e+01 -5.0886e+03
-5.9561e+06 4.7675e+01 1.8515e+03 -1.5386e+03 -5.1852e+01 -5.0951e+03
-5.5799e+06 4.6171e+01 1.8284e+03 -1.5617e+03 -1.5993e+01 -5.1000e+03
-5.8049e+06 4.4482e+01 1.8050e+03 -1.5847e+03 -1.2922e+01 -5.1049e+03
-5.6431e+06 4.2626e+01 1.7813e+03 -1.6077e+03 -6.6041e+00 -5.1091e+03
-5.7705e+06 4.0927e+01 1.7574e+03 -1.6307e+03 -7.5077e+00 -5.1128e+03
-5.6371e+06 3.9759e+01 1.7331e+03 -1.6536e+03 -6.6835e+00 -5.1157e+03
-5.7073e+06 3.8894e+01 1.7087e+03 -1.6765e+03 -5.3386e+00 -5.1186e+03
-5.6110e+06 3.7807e+01 1.6839e+03 -1.6992e+03 -3.3514e+00 -5.1208e+03
-5.6745e+06 3.6776e+01 1.6589e+03 -1.7219e+03 -6.4892e+00 -5.1227e+03
-5.6018e+06 3.6348e+01 1.6336e+03 -1.7444e+03 -6.5519e+00 -5.1246e+03
-5.5833e+06 3.6306e+01 1.6080e+03 -1.7669e+03 -4.3825e+00 -5.1262e+03
-5.4990e+06 3.6306e+01 1.5822e+03 -1.7892e+03 -2.8065e+00 -5.1274e+03
-5.4642e+06 3.6306e+01 1.5561e+03 -1.8114e+03 -2.9218e+00 -5.1281e+03
-5.4035e+06 3.6306e+01 1.5298e+03 -1.8334e+03 -2.8951e+00 -5.1285e+03
-5.3671e+06 3.6306e+01 1.5032e+03 -1.8553e+03 -3.4863e+00 -5.1285e+03
-5.3275e+06 3.6306e+01 1.4763e+03 -1.8770e+03 -3.9003e+00 -5.1281e+03
-5.2935e+06 3.6306e+01 1.4492e+03 -1.8986e+03 -4.0751e+00 -5.1272e+03
-5.2673e+06 3.6306e+01 1.4218e+03 -1.9200e+03 -4.0781e+00 -5.1260e+03
-5.2368e+06 3.6307e+01 1.3942e+03 -1.9411e+03 -4.3555e+00 -5.1244e+03
-5.2168e+06 3.6308e+01 1.3664e+03 -1.9621e+03 -4.2196e+00 -5.1225e+03
-5.1822e+06 3.6307e+01 1.3383e+03 -1.9829e+03 -3.7019e+00 -5.1200e+03
-5.1688e+06 3.6307e+01 1.3099e+03 -2.0035e+03 -3.3701e+00 -5.1172e+03
-5.1527e+06 3.6309e+01 1.2814e+03 -2.0238e+03 -3.9841e+00 -5.1142e+03
-5.1585e+06 3.6312e+01 1.2526e+03 -2.0439e+03 -4.0833e+00 -5.1108e+03
-5.1461e+06 3.6314e+01 1.2236e+03 -2.0637e+03 -4.3633e+00 -5.1070e+03
-5.1438e+06 3.6316e+01 1.1943e+03 -2.0833e+03 -4.3032e+00 -5.1027e+03
-5.1189e+06 3.6316e+01 1.1649e+03 -2.1026e+03 -3.0575e+00 -5.0987e+03
-5.1147e+06 3.6316e+01 1.1352e+03 -2.1217e+03 -5.8839e+00 -5.0921e+03
-5.0848e+06 3.6316e+01 1.1054e+03 -2.1405e+03 -6.6275e+00 -5.0936e+03
-5.0709e+06 3.6313e+01 1.0753e+03 -2.1590e+03 -1.3316e+00 -5.0915e+03
-5.3454e+06 5.1500e+01 1.9346e+03 -1.4824e+03 -9.0714e+01 -5.0476e+03
-5.0037e+06 4.9771e+01 1.9122e+03 -1.5057e+03 1.7044e+01 -5.0570e+03
-5.7019e+06 4.8031e+01 1.8896e+03 -1.5290e+03 -4.5550e+01 -5.0572e+03
-5.8480e+06 4.6657e+01 1.8667e+03 -1.5522e+03 -9.3605e+01 -5.0608e+03
-6.0497e+06 4.5340e+01 1.8436e+03 -1.5755e+03 -6.0456e+01 -5.0652e+03
-5.7663e+06 4.3889e+01 1.8201e+03 -1.5987e+03 -2.0547e+01 -5.0707e+03
-5.8209e+06 4.2301e+01 1.7964e+03 -1.6219e+03 -8.6256e+00 -5.0756e+03
-5.6958e+06 4.0781e+01 1.7724e+03 -1.6450e+03 -3.8780e+00 -5.0797e+03
-5.7656e+06 3.9473e+01 1.7481e+03 -1.6680e+03 -1.1457e+00 -5.0834e+03
-5.6796e+06 3.8231e+01 1.7235e+03 -1.6910e+03 5.5831e-01 -5.0866e+03
-5.7296e+06 3.7084e+01 1.6987e+03 -1.7139e+03 -7.0027e-01 -5.0893e+03
-5.6654e+06 3.6444e+01 1.6736e+03 -1.7367e+03 -6.9469e-01 -5.0911e+03
-5.6443e+06 3.6303e+01 1.6482e+03 -1.7594e+03 7.4542e-01 -5.0932e+03
-5.5602e+06 3.6302e+01 1.6225e+03 -1.7820e+03 2.6100e+00 -5.0949e+03
-5.5108e+06 3.6303e+01 1.5966e+03 -1.8045e+03 2.8803e+00 -5.0960e+03
-5.4470e+06 3.6303e+01 1.5703e+03 -1.8268e+03 3.1349e+00 -5.0968e+03
-5.3970e+06 3.6304e+01 1.5439e+03 -1.8490e+03 2.6721e+00 -5.0971e+03
-5.3548e+06 3.6305e+01 1.5171e+03 -1.8710e+03 2.4699e+00 -5.0971e+03
-5.3095e+06 3.6305e+01 1.4901e+03 -1.8929e+03 2.2716e+00 -5.0967e+03
-5.2842e+06 3.6306e+01 1.4628e+03 -1.9146e+03 2.0035e+00 -5.0958e+03
-5.2475e+06 3.6306e+01 1.4353e+03 -1.9361e+03 1.4313e+00 -5.0946e+03
-5.2340e+06 3.6307e+01 1.4075e+03 -1.9575e+03 1.0904e+00 -5.0930e+03
-5.2028e+06 3.6307e+01 1.3795e+03 -1.9786e+03 7.4601e-01 -5.0911e+03
-5.1971e+06 3.6308e+01 1.3512e+03 -1.9995e+03 4.1536e-01 -5.0887e+03
-5.1720e+06 3.6308e+01 1.3227e+03 -2.0202e+03 3.0005e-01 -5.0860e+03
-5.1725e+06 3.6310e+01 1.2939e+03 -2.0407e+03 6.0482e-01 -5.0830e+03
-5.1515e+06 3.6311e+01 1.2649e+03 -2.0609e+03 1.3189e+00 -5.0795e+03
-5.1556e+06 3.6312e+01 1.2357e+03 -2.0808e+03 8.0801e-01 -5.0756e+03
-5.1318e+06 3.6312e+01 1.2063e+03 -2.1006e+03 4.6423e-01 -5.0716e+03
-5.1268e+06 3.6310e+01 1.1766e+03 -2.1200e+03 8.4156e-01 -5.0673e+03
-5.0990e+06 3.6309e+01 1.1467e+03 -2.1392e+03 -1.2309e+00 -5.0630e+03
-5.1070e+06 3.6310e+01 1.1166e+03 -2.1581e+03 -9.4941e-01 -5.0564e+03
-5.0767e+06 3.6309e+01 1.0863e+03 -2.1767e+03 -2.0970e-01 -5.0524e+03
