  1    1089
-4.0056e+06 5.9147e+01 1.9592e+04 -2.6929e+03 1.9905e+00 -1.1830e+04
-3.9881e+06 5.8709e+01 1.9546e+04 -2.7707e+03 1.6277e+00 -1.2064e+04
-4.0176e+06 5.8262e+01 1.9498e+04 -2.8493e+03 2.6201e-01 -1.2293e+04
-4.0194e+06 5.7820e+01 1.9450e+04 -2.9286e+03 -6.1008e-01 -1.2526e+04
-4.0284e+06 5.7396e+01 1.9401e+04 -3.0086e+03 -3.9844e-01 -1.2753e+04
-4.0268e+06 5.6985e+01 1.9350e+04 -3.0893e+03 7.5879e-01 -1.2979e+04
-4.0399e+06 5.6592e+01 1.9299e+04 -3.1707e+03 4.9181e-01 -1.3204e+04
-4.0583e+06 5.6204e+01 1.9247e+04 -3.2527e+03 -6.6852e-01 -1.3425e+04
-4.0803e+06 5.5628e+01 1.9194e+04 -3.3352e+03 -6.8107e-01 -1.3645e+04
-4.1010e+06 5.4662e+01 1.9141e+04 -3.4183e+03 -5.2910e-01 -1.3863e+04
-4.1269e+06 5.3533e+01 1.9086e+04 -3.5018e+03 -8.2160e-01 -1.4078e+04
-4.1502e+06 5.2545e+01 1.9031e+04 -3.5858e+03 -3.6606e-01 -1.4292e+04
-4.1765e+06 5.1611e+01 1.8975e+04 -3.6703e+03 -4.1795e-01 -1.4503e+04
-4.1992e+06 5.0758e+01 1.8918e+04 -3.7552e+03 -6.3080e-01 -1.4712e+04
-4.2158e+06 5.0193e+01 1.8860e+04 -3.8404e+03 -3.9822e-01 -1.4919e+04
-4.2257e+06 4.9829e+01 1.8801e+04 -3.9259e+03 -1.9612e-01 -1.5124e+04
-4.2344e+06 4.9498e+01 1.8742e+04 -4.0118e+03 9.3531e-02 -1.5326e+04
-4.2391e+06 4.9198e+01 1.8682e+04 -4.0979e+03 5.2254e-01 -1.5527e+04
-4.2485e+06 4.8928e+01 1.8622e+04 -4.1842e+03 7.7324e-01 -1.5725e+04
-4.2546e+06 4.8655e+01 1.8560e+04 -4.2707e+03 8.4647e-01 -1.5921e+04
-4.2607e+06 4.8377e+01 1.8498e+04 -4.3574e+03 9.8489e-01 -1.6115e+04
-4.2665e+06 4.8108e+01 1.8435e+04 -4.4442e+03 1.1072e+00 -1.6306e+04
-4.2754e+06 4.7845e+01 1.8372e+04 -4.5312e+03 1.3949e+00 -1.6495e+04
-4.2798e+06 4.7579e+01 1.8308e+04 -4.6182e+03 1.5652e+00 -1.6683e+04
-4.2854e+06 4.7309e+01 1.8243e+04 -4.7052e+03 1.4553e+00 -1.6868e+04
-4.2912e+06 4.7046e+01 1.8178e+04 -4.7923e+03 1.1709e+00 -1.7050e+04
-4.2979e+06 4.6811e+01 1.8112e+04 -4.8793e+03 1.2700e+00 -1.7231e+04
-4.3045e+06 4.6618e+01 1.8046e+04 -4.9664e+03 3.8096e-01 -1.7409e+04
-4.3070e+06 4.6475e+01 1.7979e+04 -5.0533e+03 1.4516e+00 -1.7586e+04
-4.3099e+06 4.6379e+01 1.7911e+04 -5.1402e+03 3.5528e+00 -1.7760e+04
-4.3070e+06 4.6326e+01 1.7843e+04 -5.2269e+03 8.8587e-01 -1.7934e+04
-4.3146e+06 4.6302e+01 1.7775e+04 -5.3135e+03 -1.4092e-02 -1.8100e+04
-4.3019e+06 4.6260e+01 1.7706e+04 -5.3999e+03 2.6328e+00 -1.8224e+04
-4.0259e+06 5.8484e+01 1.9638e+04 -2.6730e+03 2.3190e+00 -1.1543e+04
-4.0232e+06 5.8076e+01 1.9592e+04 -2.7508e+03 3.8457e+00 -1.1775e+04
-4.0385e+06 5.7648e+01 1.9546e+04 -2.8293e+03 4.7645e+00 -1.2013e+04
-4.0369e+06 5.7212e+01 1.9498e+04 -2.9086e+03 3.7706e+00 -1.2244e+04
-4.0430e+06 5.6796e+01 1.9450e+04 -2.9887e+03 3.8014e+00 -1.2472e+04
-4.0335e+06 5.6400e+01 1.9401e+04 -3.0694e+03 5.8788e+00 -1.2699e+04
-4.0421e+06 5.6020e+01 1.9351e+04 -3.1508e+03 6.1330e+00 -1.2924e+04
-4.0618e+06 5.5653e+01 1.9300e+04 -3.2327e+03 5.0351e+00 -1.3146e+04
-4.0847e+06 5.5191e+01 1.9248e+04 -3.3153e+03 5.6094e+00 -1.3367e+04
-4.0980e+06 5.4478e+01 1.9195e+04 -3.3984e+03 6.1215e+00 -1.3585e+04
-4.1191e+06 5.3631e+01 1.9141e+04 -3.4820e+03 5.1909e+00 -1.3802e+04
-4.1363e+06 5.2832e+01 1.9087e+04 -3.5661e+03 5.2964e+00 -1.4016e+04
-4.1626e+06 5.1924e+01 1.9032e+04 -3.6506e+03 5.5473e+00 -1.4228e+04
-4.1879e+06 5.0925e+01 1.8976e+04 -3.7355e+03 5.1379e+00 -1.4438e+04
-4.2127e+06 5.0189e+01 1.8919e+04 -3.8208e+03 4.9922e+00 -1.4645e+04
-4.2232e+06 4.9707e+01 1.8861e+04 -3.9064e+03 5.5036e+00 -1.4851e+04
-4.2390e+06 4.9249e+01 1.8803e+04 -3.9924e+03 6.0240e+00 -1.5054e+04
-4.2487e+06 4.8845e+01 1.8744e+04 -4.0786e+03 6.4902e+00 -1.5256e+04
-4.2580e+06 4.8554e+01 1.8684e+04 -4.1650e+03 6.8593e+00 -1.5455e+04
-4.2616e+06 4.8301e+01 1.8623e+04 -4.2517e+03 6.9815e+00 -1.5651e+04
-4.2729e+06 4.8040e+01 1.8562e+04 -4.3385e+03 7.0336e+00 -1.5846e+04
-4.2754e+06 4.7782e+01 1.8500e+04 -4.4255e+03 7.1511e+00 -1.6039e+04
-4.2816e+06 4.7528e+01 1.8437e+04 -4.5125e+03 7.3669e+00 -1.6229e+04
-4.2847e+06 4.7268e+01 1.8374e+04 -4.5997e+03 7.4950e+00 -1.6417e+04
-4.2949e+06 4.7004e+01 1.8310e+04 -4.6869e+03 7.4997e+00 -1.6603e+04
-4.2985e+06 4.6766e+01 1.8246e+04 -4.7741e+03 7.3791e+00 -1.6787e+04
-4.3056e+06 4.6579e+01 1.8181e+04 -4.8614e+03 7.5131e+00 -1.6969e+04
-4.3066e+06 4.6449e+01 1.8115e+04 -4.9485e+03 6.7190e+00 -1.7148e+04
-4.3112e+06 4.6362e+01 1.8049e+04 -5.0357e+03 8.2781e+00 -1.7325e+04
-4.3101e+06 4.6298e+01 1.7982e+04 -5.1227e+03 1.1714e+01 -1.7500e+04
-4.3165e+06 4.6247e+01 1.7915e+04 -5.2097e+03 7.5817e+00 -1.7674e+04
-4.3025e+06 4.6208e+01 1.7847e+04 -5.2965e+03 2.7334e+00 -1.7849e+04
-4.2813e+06 4.6157e+01 1.7778e+04 -5.3831e+03 5.9009e+00 -1.7964e+04
-4.0771e+06 5.7839e+01 1.9683e+04 -2.6515e+03 3.9197e+00 -1.1257e+04
-4.0529e+06 5.7451e+01 1.9638e+04 -2.7292e+03 6.6223e+00 -1.1481e+04
-4.0383e+06 5.7050e+01 1.9592e+04 -2.8077e+03 4.6172e+00 -1.1723e+04
-4.0464e+06 5.6634e+01 1.9546e+04 -2.8870e+03 2.0771e+00 -1.1954e+04
-4.0498e+06 5.6231e+01 1.9499e+04 -2.9671e+03 2.3878e+00 -1.2183e+04
-4.0486e+06 5.5851e+01 1.9450e+04 -3.0478e+03 2.8781e+00 -1.2410e+04
-4.0513e+06 5.5487e+01 1.9401e+04 -3.1292e+03 2.9617e+00 -1.2635e+04
-4.0637e+06 5.5141e+01 1.9351e+04 -3.2112e+03 2.6223e+00 -1.2858e+04
-4.0824e+06 5.4780e+01 1.9300e+04 -3.2937e+03 3.0321e+00 -1.3079e+04
-4.0976e+06 5.4301e+01 1.9248e+04 -3.3769e+03 2.3320e+00 -1.3297e+04
-4.1095e+06 5.3723e+01 1.9195e+04 -3.4605e+03 1.1442e+00 -1.3514e+04
-4.1174e+06 5.3152e+01 1.9142e+04 -3.5446e+03 2.1154e+00 -1.3729e+04
-4.1360e+06 5.2445e+01 1.9088e+04 -3.6292e+03 2.6864e+00 -1.3941e+04
-4.1671e+06 5.1507e+01 1.9032e+04 -3.7142e+03 1.4649e+00 -1.4152e+04
-4.1959e+06 5.0639e+01 1.8976e+04 -3.7996e+03 8.7781e-01 -1.4360e+04
-4.2184e+06 4.9951e+01 1.8920e+04 -3.8853e+03 1.2895e+00 -1.4567e+04
-4.2383e+06 4.9263e+01 1.8862e+04 -3.9713e+03 1.2684e+00 -1.4770e+04
-4.2547e+06 4.8642e+01 1.8804e+04 -4.0576e+03 7.5909e-01 -1.4972e+04
-4.2698e+06 4.8236e+01 1.8745e+04 -4.1442e+03 5.1911e-01 -1.5172e+04
-4.2783e+06 4.7970e+01 1.8685e+04 -4.2309e+03 8.3716e-01 -1.5370e+04
-4.2831e+06 4.7723e+01 1.8625e+04 -4.3179e+03 1.1753e+00 -1.5565e+04
-4.2895e+06 4.7476e+01 1.8564e+04 -4.4050e+03 1.3070e+00 -1.5758e+04
-4.2974e+06 4.7240e+01 1.8502e+04 -4.4922e+03 1.2348e+00 -1.5949e+04
-4.3017e+06 4.7005e+01 1.8439e+04 -4.5795e+03 1.1603e+00 -1.6138e+04
-4.3056e+06 4.6768e+01 1.8376e+04 -4.6669e+03 1.1928e+00 -1.6325e+04
-4.3096e+06 4.6562e+01 1.8313e+04 -4.7543e+03 1.0186e+00 -1.6510e+04
-4.3120e+06 4.6420e+01 1.8248e+04 -4.8417e+03 1.0835e+00 -1.6692e+04
-4.3141e+06 4.6339e+01 1.8183e+04 -4.9290e+03 1.3979e-01 -1.6872e+04
-4.3124e+06 4.6289e+01 1.8118e+04 -5.0164e+03 1.5845e+00 -1.7050e+04
-4.3132e+06 4.6240e+01 1.8052e+04 -5.1036e+03 4.8953e+00 -1.7226e+04
-4.3147e+06 4.6189e+01 1.7985e+04 -5.1907e+03 -1.0380e+00 -1.7398e+04
-4.3042e+06 4.6140e+01 1.7918e+04 -5.2777e+03 -5.1777e+00 -1.7585e+04
-4.3053e+06 4.6067e+01 1.7850e+04 -5.3646e+03 3.0828e+00 -1.7701e+04
-4.1310e+06 5.7222e+01 1.9726e+04 -2.6283e+03 -9.2454e+00 -1.0970e+04
-4.0884e+06 5.6837e+01 1.9682e+04 -2.7060e+03 2.7219e+00 -1.1195e+04
-4.0566e+06 5.6455e+01 1.9638e+04 -2.7846e+03 3.0257e+00 -1.1436e+04
-4.0610e+06 5.6062e+01 1.9592e+04 -2.8638e+03 -1.3709e+00 -1.1668e+04
-4.0616e+06 5.5674e+01 1.9546e+04 -2.9438e+03 -1.0953e-01 -1.1898e+04
-4.0670e+06 5.5313e+01 1.9499e+04 -3.0246e+03 -2.3617e-01 -1.2125e+04
-4.0719e+06 5.4971e+01 1.9450e+04 -3.1059e+03 -6.9172e-01 -1.2351e+04
-4.0842e+06 5.4635e+01 1.9401e+04 -3.1879e+03 -1.0995e+00 -1.2574e+04
-4.0936e+06 5.4303e+01 1.9351e+04 -3.2705e+03 -1.6144e+00 -1.2796e+04
-4.1070e+06 5.3942e+01 1.9300e+04 -3.3537e+03 -2.4025e+00 -1.3015e+04
-4.1042e+06 5.3529e+01 1.9249e+04 -3.4374e+03 -1.5500e+00 -1.3232e+04
-4.0992e+06 5.3113e+01 1.9196e+04 -3.5216e+03 2.0115e+00 -1.3448e+04
-4.1094e+06 5.2628e+01 1.9143e+04 -3.6062e+03 2.4976e+00 -1.3661e+04
-4.1489e+06 5.1941e+01 1.9088e+04 -3.6912e+03 -4.8281e-01 -1.3872e+04
-4.1774e+06 5.1131e+01 1.9033e+04 -3.7767e+03 -1.2428e+00 -1.4081e+04
-4.2059e+06 5.0289e+01 1.8977e+04 -3.8625e+03 -7.2297e-01 -1.4288e+04
-4.2312e+06 4.9372e+01 1.8921e+04 -3.9486e+03 -1.3757e+00 -1.4493e+04
-4.2627e+06 4.8531e+01 1.8863e+04 -4.0350e+03 -2.3170e+00 -1.4695e+04
-4.2750e+06 4.7979e+01 1.8805e+04 -4.1216e+03 -2.6180e+00 -1.4896e+04
-4.2903e+06 4.7658e+01 1.8746e+04 -4.2085e+03 -2.3773e+00 -1.5094e+04
-4.2971e+06 4.7404e+01 1.8687e+04 -4.2956e+03 -2.1697e+00 -1.5290e+04
-4.3071e+06 4.7165e+01 1.8626e+04 -4.3828e+03 -2.0510e+00 -1.5484e+04
-4.3050e+06 4.6958e+01 1.8566e+04 -4.4702e+03 -2.1511e+00 -1.5676e+04
-4.3135e+06 4.6778e+01 1.8504e+04 -4.5576e+03 -2.1043e+00 -1.5866e+04
-4.3139e+06 4.6601e+01 1.8442e+04 -4.6451e+03 -2.0689e+00 -1.6054e+04
-4.3218e+06 4.6432e+01 1.8379e+04 -4.7327e+03 -2.3456e+00 -1.6239e+04
-4.3192e+06 4.6306e+01 1.8315e+04 -4.8203e+03 -2.4333e+00 -1.6422e+04
-4.3240e+06 4.6240e+01 1.8251e+04 -4.9078e+03 -3.2556e+00 -1.6604e+04
-4.3173e+06 4.6207e+01 1.8186e+04 -4.9953e+03 -1.4852e+00 -1.6782e+04
-4.3213e+06 4.6170e+01 1.8121e+04 -5.0828e+03 1.4711e+00 -1.6960e+04
-4.3207e+06 4.6124e+01 1.8055e+04 -5.1701e+03 -5.1490e+00 -1.7134e+04
-4.3160e+06 4.6068e+01 1.7988e+04 -5.2573e+03 -8.4301e+00 -1.7318e+04
-4.3059e+06 4.5967e+01 1.7921e+04 -5.3444e+03 -1.5692e-01 -1.7431e+04
-4.1518e+06 5.6632e+01 1.9768e+04 -2.6036e+03 -9.9916e+00 -1.0684e+04
-4.0994e+06 5.6251e+01 1.9726e+04 -2.6813e+03 4.1560e+00 -1.0910e+04
-4.0666e+06 5.5883e+01 1.9682e+04 -2.7598e+03 4.2049e+00 -1.1152e+04
-4.0725e+06 5.5507e+01 1.9638e+04 -2.8390e+03 -9.9971e-02 -1.1384e+04
-4.0717e+06 5.5128e+01 1.9592e+04 -2.9190e+03 1.0628e+00 -1.1613e+04
-4.0787e+06 5.4776e+01 1.9546e+04 -2.9997e+03 9.2572e-01 -1.1841e+04
-4.0826e+06 5.4457e+01 1.9499e+04 -3.0811e+03 2.2358e-01 -1.2067e+04
-4.0929e+06 5.4144e+01 1.9451e+04 -3.1631e+03 -1.2892e-01 -1.2291e+04
-4.0994e+06 5.3824e+01 1.9402e+04 -3.2457e+03 -5.7174e-01 -1.2513e+04
-4.1119e+06 5.3495e+01 1.9352e+04 -3.3289e+03 -1.0075e+00 -1.2733e+04
-4.1067e+06 5.3148e+01 1.9301e+04 -3.4126e+03 4.7477e-01 -1.2951e+04
-4.0933e+06 5.2794e+01 1.9249e+04 -3.4969e+03 4.6125e+00 -1.3167e+04
-4.0991e+06 5.2420e+01 1.9197e+04 -3.5815e+03 4.4961e+00 -1.3381e+04
-4.1377e+06 5.1941e+01 1.9143e+04 -3.6666e+03 8.7995e-01 -1.3593e+04
-4.1631e+06 5.1303e+01 1.9089e+04 -3.7522e+03 7.3615e-01 -1.3803e+04
-4.1932e+06 5.0467e+01 1.9034e+04 -3.8380e+03 1.3892e+00 -1.4010e+04
-4.2220e+06 4.9429e+01 1.8978e+04 -3.9242e+03 2.9367e-01 -1.4216e+04
-4.2535e+06 4.8428e+01 1.8922e+04 -4.0107e+03 -4.1327e-01 -1.4419e+04
-4.2717e+06 4.7751e+01 1.8865e+04 -4.0975e+03 8.2369e-03 -1.4620e+04
-4.2899e+06 4.7369e+01 1.8807e+04 -4.1845e+03 3.8985e-01 -1.4819e+04
-4.2988e+06 4.7098e+01 1.8748e+04 -4.2717e+03 -2.3894e-02 -1.5016e+04
-4.3125e+06 4.6865e+01 1.8688e+04 -4.3590e+03 -3.2263e-01 -1.5211e+04
-4.3158e+06 4.6690e+01 1.8628e+04 -4.4465e+03 -2.7737e-01 -1.5404e+04
-4.3203e+06 4.6573e+01 1.8567e+04 -4.5341e+03 -4.7938e-02 -1.5594e+04
-4.3156e+06 4.6471e+01 1.8506e+04 -4.6218e+03 -4.8484e-03 -1.5783e+04
-4.3197e+06 4.6352e+01 1.8444e+04 -4.7095e+03 -1.1945e-01 -1.5969e+04
-4.3168e+06 4.6231e+01 1.8381e+04 -4.7972e+03 -1.0169e-01 -1.6153e+04
-4.3213e+06 4.6150e+01 1.8317e+04 -4.8850e+03 -9.6994e-01 -1.6335e+04
-4.3148e+06 4.6113e+01 1.8253e+04 -4.9727e+03 8.7766e-01 -1.6514e+04
-4.3181e+06 4.6087e+01 1.8189e+04 -5.0603e+03 4.0905e+00 -1.6693e+04
-4.3180e+06 4.6043e+01 1.8123e+04 -5.1478e+03 -2.4021e+00 -1.6868e+04
-4.3113e+06 4.5970e+01 1.8058e+04 -5.2353e+03 -5.4851e+00 -1.7054e+04
-4.3066e+06 4.5829e+01 1.7991e+04 -5.3226e+03 2.3089e+00 -1.7167e+04
-4.1155e+06 5.6065e+01 1.9810e+04 -2.5774e+03 7.5689e-01 -1.0398e+04
-4.1024e+06 5.5701e+01 1.9768e+04 -2.6550e+03 6.5079e+00 -1.0625e+04
-4.0894e+06 5.5352e+01 1.9726e+04 -2.7334e+03 2.5738e+00 -1.0868e+04
-4.0880e+06 5.4993e+01 1.9682e+04 -2.8126e+03 -7.4480e-02 -1.1100e+04
-4.0830e+06 5.4622e+01 1.9638e+04 -2.8926e+03 1.2250e+00 -1.1330e+04
-4.0807e+06 5.4271e+01 1.9592e+04 -2.9733e+03 1.0279e+00 -1.1558e+04
-4.0867e+06 5.3961e+01 1.9546e+04 -3.0547e+03 9.0043e-01 -1.1785e+04
-4.0983e+06 5.3670e+01 1.9499e+04 -3.1367e+03 8.8509e-01 -1.2009e+04
-4.1049e+06 5.3369e+01 1.9451e+04 -3.2193e+03 4.9519e-01 -1.2232e+04
-4.1138e+06 5.3057e+01 1.9402e+04 -3.3025e+03 -5.7468e-02 -1.2452e+04
-4.1140e+06 5.2739e+01 1.9352e+04 -3.3863e+03 1.2325e-01 -1.2671e+04
-4.1113e+06 5.2419e+01 1.9301e+04 -3.4705e+03 1.7843e+00 -1.2887e+04
-4.1162e+06 5.2086e+01 1.9250e+04 -3.5553e+03 1.1940e+00 -1.3102e+04
-4.1412e+06 5.1701e+01 1.9197e+04 -3.6404e+03 -4.0452e-01 -1.3314e+04
-4.1579e+06 5.1214e+01 1.9144e+04 -3.7260e+03 3.7917e-01 -1.3524e+04
-4.1797e+06 5.0535e+01 1.9090e+04 -3.8120e+03 1.0237e+00 -1.3732e+04
-4.2084e+06 4.9575e+01 1.9035e+04 -3.8982e+03 1.5491e-01 -1.3939e+04
-4.2470e+06 4.8498e+01 1.8979e+04 -3.9848e+03 -7.8098e-01 -1.4143e+04
-4.2661e+06 4.7650e+01 1.8923e+04 -4.0717e+03 -4.4540e-01 -1.4344e+04
-4.2855e+06 4.7146e+01 1.8866e+04 -4.1588e+03 3.6714e-01 -1.4544e+04
-4.3007e+06 4.6842e+01 1.8808e+04 -4.2461e+03 -2.3726e-01 -1.4742e+04
-4.3163e+06 4.6621e+01 1.8749e+04 -4.3336e+03 -8.9629e-01 -1.4938e+04
-4.3157e+06 4.6475e+01 1.8690e+04 -4.4212e+03 -7.0651e-01 -1.5131e+04
-4.3198e+06 4.6401e+01 1.8630e+04 -4.5089e+03 -4.1643e-01 -1.5322e+04
-4.3165e+06 4.6353e+01 1.8569e+04 -4.5968e+03 -1.9782e-01 -1.5512e+04
-4.3193e+06 4.6281e+01 1.8508e+04 -4.6846e+03 2.2061e-02 -1.5699e+04
-4.3156e+06 4.6181e+01 1.8446e+04 -4.7726e+03 2.2701e-01 -1.5884e+04
-4.3194e+06 4.6092e+01 1.8383e+04 -4.8605e+03 -6.3957e-01 -1.6067e+04
-4.3143e+06 4.6038e+01 1.8320e+04 -4.9483e+03 9.7885e-01 -1.6247e+04
-4.3187e+06 4.5996e+01 1.8256e+04 -5.0362e+03 4.0696e+00 -1.6426e+04
-4.3211e+06 4.5932e+01 1.8191e+04 -5.1239e+03 -2.5233e+00 -1.6602e+04
-4.3139e+06 4.5828e+01 1.8126e+04 -5.2116e+03 -5.7168e+00 -1.6789e+04
-4.3058e+06 4.5647e+01 1.8061e+04 -5.2991e+03 2.9104e+00 -1.6903e+04
-4.1105e+06 5.5527e+01 1.9850e+04 -2.5496e+03 2.6813e+00 -1.0115e+04
-4.1307e+06 5.5185e+01 1.9810e+04 -2.6271e+03 1.6938e+00 -1.0341e+04
-4.1272e+06 5.4852e+01 1.9768e+04 -2.7055e+03 -2.6622e+00 -1.0584e+04
-4.1109e+06 5.4513e+01 1.9726e+04 -2.7847e+03 -7.4467e-01 -1.0816e+04
-4.0979e+06 5.4163e+01 1.9682e+04 -2.8647e+03 2.4426e+00 -1.1047e+04
-4.1046e+06 5.3821e+01 1.9638e+04 -2.9453e+03 1.5097e+00 -1.1276e+04
-4.1104e+06 5.3509e+01 1.9592e+04 -3.0267e+03 7.0680e-01 -1.1503e+04
-4.1138e+06 5.3220e+01 1.9546e+04 -3.1087e+03 1.1703e+00 -1.1728e+04
-4.1120e+06 5.2928e+01 1.9499e+04 -3.1914e+03 1.5051e+00 -1.1951e+04
-4.1212e+06 5.2628e+01 1.9451e+04 -3.2746e+03 7.6757e-01 -1.2171e+04
-4.1257e+06 5.2327e+01 1.9402e+04 -3.3583e+03 -1.2677e-01 -1.2391e+04
-4.1342e+06 5.2025e+01 1.9352e+04 -3.4426e+03 -3.1670e-01 -1.2608e+04
-4.1386e+06 5.1715e+01 1.9302e+04 -3.5274e+03 -7.0424e-01 -1.2823e+04
-4.1517e+06 5.1376e+01 1.9250e+04 -3.6126e+03 -6.1703e-01 -1.3036e+04
-4.1599e+06 5.0988e+01 1.9198e+04 -3.6983e+03 1.2272e-01 -1.3246e+04
-4.1787e+06 5.0506e+01 1.9145e+04 -3.7843e+03 6.2554e-01 -1.3455e+04
-4.1972e+06 4.9811e+01 1.9091e+04 -3.8706e+03 3.8485e-01 -1.3662e+04
-4.2289e+06 4.8860e+01 1.9036e+04 -3.9573e+03 -6.4109e-01 -1.3867e+04
-4.2591e+06 4.7871e+01 1.8980e+04 -4.0443e+03 -1.3363e+00 -1.4069e+04
-4.2872e+06 4.7131e+01 1.8924e+04 -4.1315e+03 -1.2126e+00 -1.4270e+04
-4.3005e+06 4.6700e+01 1.8867e+04 -4.2189e+03 -1.4256e+00 -1.4468e+04
-4.3180e+06 4.6461e+01 1.8809e+04 -4.3065e+03 -1.6253e+00 -1.4665e+04
-4.3233e+06 4.6324e+01 1.8751e+04 -4.3943e+03 -1.2871e+00 -1.4859e+04
-4.3262e+06 4.6261e+01 1.8692e+04 -4.4821e+03 -9.5496e-01 -1.5051e+04
-4.3193e+06 4.6233e+01 1.8632e+04 -4.5701e+03 -5.1627e-01 -1.5241e+04
-4.3196e+06 4.6194e+01 1.8571e+04 -4.6582e+03 -1.6520e-01 -1.5429e+04
-4.3146e+06 4.6128e+01 1.8510e+04 -4.7462e+03 8.6724e-02 -1.5615e+04
-4.3181e+06 4.6047e+01 1.8448e+04 -4.8343e+03 -7.0851e-01 -1.5799e+04
-4.3142e+06 4.5968e+01 1.8385e+04 -4.9224e+03 8.2485e-01 -1.5980e+04
-4.3199e+06 4.5883e+01 1.8322e+04 -5.0104e+03 3.8911e+00 -1.6160e+04
-4.3242e+06 4.5774e+01 1.8259e+04 -5.0983e+03 -2.9289e+00 -1.6337e+04
-4.3188e+06 4.5635e+01 1.8194e+04 -5.1862e+03 -5.9306e+00 -1.6525e+04
-4.3155e+06 4.5426e+01 1.8129e+04 -5.2739e+03 1.8761e+00 -1.6639e+04
-4.1162e+06 5.5010e+01 1.9889e+04 -2.5203e+03 1.0521e+00 -9.8316e+03
-4.1441e+06 5.4689e+01 1.9850e+04 -2.5978e+03 2.4082e-01 -1.0058e+04
-4.1494e+06 5.4371e+01 1.9809e+04 -2.6761e+03 -2.8943e+00 -1.0301e+04
-4.1223e+06 5.4048e+01 1.9768e+04 -2.7553e+03 7.0325e-01 -1.0534e+04
-4.1141e+06 5.3725e+01 1.9725e+04 -2.8352e+03 3.8096e+00 -1.0765e+04
-4.1450e+06 5.3404e+01 1.9682e+04 -2.9158e+03 -4.5639e-01 -1.0994e+04
-4.1784e+06 5.3094e+01 1.9638e+04 -2.9972e+03 -4.5369e+00 -1.1221e+04
-4.1587e+06 5.2796e+01 1.9592e+04 -3.0792e+03 -1.3700e+00 -1.1447e+04
-4.1291e+06 5.2501e+01 1.9546e+04 -3.1618e+03 2.8127e+00 -1.1670e+04
-4.1248e+06 5.2206e+01 1.9499e+04 -3.2451e+03 2.0031e+00 -1.1892e+04
-4.1333e+06 5.1912e+01 1.9451e+04 -3.3289e+03 3.9503e-01 -1.2111e+04
-4.1417e+06 5.1616e+01 1.9402e+04 -3.4132e+03 1.9129e-01 -1.2329e+04
-4.1509e+06 5.1317e+01 1.9353e+04 -3.4980e+03 5.3745e-01 -1.2544e+04
-4.1574e+06 5.1005e+01 1.9302e+04 -3.5833e+03 9.7918e-01 -1.2758e+04
-4.1661e+06 5.0674e+01 1.9251e+04 -3.6690e+03 9.7275e-01 -1.2969e+04
-4.1744e+06 5.0320e+01 1.9198e+04 -3.7550e+03 9.0610e-01 -1.3179e+04
-4.1883e+06 4.9891e+01 1.9145e+04 -3.8415e+03 8.9132e-01 -1.3386e+04
-4.2100e+06 4.9250e+01 1.9092e+04 -3.9282e+03 8.7488e-01 -1.3592e+04
-4.2362e+06 4.8356e+01 1.9037e+04 -4.0153e+03 2.7407e-01 -1.3795e+04
-4.2681e+06 4.7438e+01 1.8981e+04 -4.1026e+03 -9.2960e-01 -1.3996e+04
-4.2971e+06 4.6778e+01 1.8925e+04 -4.1901e+03 -1.7004e+00 -1.4195e+04
-4.3127e+06 4.6418e+01 1.8868e+04 -4.2778e+03 -1.5087e+00 -1.4392e+04
-4.3175e+06 4.6232e+01 1.8811e+04 -4.3657e+03 -7.8989e-01 -1.4587e+04
-4.3210e+06 4.6134e+01 1.8752e+04 -4.4537e+03 -3.8040e-01 -1.4780e+04
-4.3210e+06 4.6099e+01 1.8693e+04 -4.5419e+03 -7.1706e-02 -1.4971e+04
-4.3201e+06 4.6085e+01 1.8633e+04 -4.6301e+03 1.7224e-01 -1.5160e+04
-4.3162e+06 4.6047e+01 1.8573e+04 -4.7183e+03 5.6194e-01 -1.5347e+04
-4.3178e+06 4.5967e+01 1.8512e+04 -4.8066e+03 -3.4241e-01 -1.5531e+04
-4.3153e+06 4.5856e+01 1.8450e+04 -4.8948e+03 1.1098e+00 -1.5713e+04
-4.3230e+06 4.5721e+01 1.8388e+04 -4.9830e+03 4.0575e+00 -1.5894e+04
-4.3301e+06 4.5566e+01 1.8325e+04 -5.0712e+03 -2.9312e+00 -1.6072e+04
-4.3262e+06 4.5398e+01 1.8261e+04 -5.1592e+03 -6.0012e+00 -1.6260e+04
-4.3204e+06 4.5180e+01 1.8197e+04 -5.2471e+03 1.8192e+00 -1.6375e+04
-4.1175e+06 5.4515e+01 1.9928e+04 -2.4895e+03 6.1879e-01 -9.5491e+03
-4.1354e+06 5.4212e+01 1.9889e+04 -2.5669e+03 3.7134e+00 -9.7757e+03
-4.1412e+06 5.3906e+01 1.9850e+04 -2.6452e+03 9.7116e-01 -1.0020e+04
-4.1309e+06 5.3596e+01 1.9809e+04 -2.7243e+03 1.5233e+00 -1.0253e+04
-4.1301e+06 5.3289e+01 1.9768e+04 -2.8042e+03 3.4040e+00 -1.0484e+04
-4.1707e+06 5.2986e+01 1.9725e+04 -2.8848e+03 -8.2129e-01 -1.0713e+04
-4.2253e+06 5.2683e+01 1.9682e+04 -2.9662e+03 -6.2106e+00 -1.0941e+04
-4.2107e+06 5.2382e+01 1.9638e+04 -3.0482e+03 -3.1615e+00 -1.1167e+04
-4.1613e+06 5.2084e+01 1.9592e+04 -3.1308e+03 2.1960e+00 -1.1391e+04
-4.1441e+06 5.1791e+01 1.9546e+04 -3.2140e+03 1.5380e+00 -1.1613e+04
-4.1484e+06 5.1501e+01 1.9499e+04 -3.2979e+03 3.0277e-02 -1.1833e+04
-4.1530e+06 5.1210e+01 1.9451e+04 -3.3822e+03 6.6042e-01 -1.2051e+04
-4.1635e+06 5.0917e+01 1.9403e+04 -3.4670e+03 1.3361e+00 -1.2267e+04
-4.1730e+06 5.0623e+01 1.9353e+04 -3.5524e+03 7.3052e-01 -1.2481e+04
-4.1802e+06 5.0326e+01 1.9303e+04 -3.6381e+03 2.3271e-01 -1.2693e+04
-4.1833e+06 5.0027e+01 1.9251e+04 -3.7242e+03 6.7909e-01 -1.2903e+04
-4.1897e+06 4.9725e+01 1.9199e+04 -3.8107e+03 7.7727e-01 -1.3111e+04
-4.1932e+06 4.9349e+01 1.9146e+04 -3.8976e+03 1.5080e+00 -1.3317e+04
-4.2107e+06 4.8750e+01 1.9092e+04 -3.9847e+03 2.3320e+00 -1.3521e+04
-4.2402e+06 4.7921e+01 1.9038e+04 -4.0721e+03 1.0737e+00 -1.3723e+04
-4.2754e+06 4.7111e+01 1.8983e+04 -4.1598e+03 -8.4258e-01 -1.3923e+04
-4.2985e+06 4.6548e+01 1.8926e+04 -4.2476e+03 -1.0427e+00 -1.4120e+04
-4.3156e+06 4.6223e+01 1.8870e+04 -4.3356e+03 -2.6766e-01 -1.4316e+04
-4.3207e+06 4.6034e+01 1.8812e+04 -4.4238e+03 -1.0556e-01 -1.4510e+04
-4.3232e+06 4.5946e+01 1.8754e+04 -4.5120e+03 -1.0031e-01 -1.4701e+04
-4.3199e+06 4.5930e+01 1.8695e+04 -4.6004e+03 4.6555e-02 -1.4891e+04
-4.3183e+06 4.5910e+01 1.8635e+04 -4.6888e+03 5.4376e-01 -1.5079e+04
-4.3163e+06 4.5822e+01 1.8575e+04 -4.7772e+03 -3.8131e-01 -1.5264e+04
-4.3182e+06 4.5676e+01 1.8514e+04 -4.8657e+03 1.0729e+00 -1.5447e+04
-4.3229e+06 4.5502e+01 1.8452e+04 -4.9540e+03 3.7013e+00 -1.5629e+04
-4.3347e+06 4.5321e+01 1.8390e+04 -5.0424e+03 -3.3390e+00 -1.5807e+04
-4.3296e+06 4.5143e+01 1.8327e+04 -5.1306e+03 -6.9301e+00 -1.5996e+04
-4.3268e+06 4.4927e+01 1.8264e+04 -5.2188e+03 1.4684e+00 -1.6113e+04
-4.1272e+06 5.4048e+01 1.9965e+04 -2.4572e+03 2.0968e-01 -9.2680e+03
-4.1448e+06 5.3762e+01 1.9927e+04 -2.5346e+03 4.6261e+00 -9.4947e+03
-4.1532e+06 5.3465e+01 1.9889e+04 -2.6129e+03 1.2189e+00 -9.7392e+03
-4.1466e+06 5.3162e+01 1.9849e+04 -2.6919e+03 4.5684e-01 -9.9720e+03
-4.1426e+06 5.2861e+01 1.9809e+04 -2.7718e+03 3.0531e+00 -1.0203e+04
-4.1585e+06 5.2564e+01 1.9767e+04 -2.8524e+03 3.0548e+00 -1.0434e+04
-4.2053e+06 5.2267e+01 1.9725e+04 -2.9337e+03 1.7128e-01 -1.0662e+04
-4.2331e+06 5.1971e+01 1.9682e+04 -3.0156e+03 -1.7027e+00 -1.0888e+04
-4.2124e+06 5.1676e+01 1.9638e+04 -3.0983e+03 -4.9321e-01 -1.1112e+04
-4.1786e+06 5.1386e+01 1.9592e+04 -3.1815e+03 7.6329e-01 -1.1334e+04
-4.1669e+06 5.1100e+01 1.9546e+04 -3.2653e+03 9.2294e-01 -1.1555e+04
-4.1699e+06 5.0814e+01 1.9499e+04 -3.3497e+03 1.4737e+00 -1.1773e+04
-4.1809e+06 5.0530e+01 1.9452e+04 -3.4346e+03 1.1457e+00 -1.1990e+04
-4.1973e+06 5.0250e+01 1.9403e+04 -3.5199e+03 -1.4690e+00 -1.2204e+04
-4.2020e+06 4.9973e+01 1.9353e+04 -3.6057e+03 -1.9510e+00 -1.2417e+04
-4.1941e+06 4.9697e+01 1.9303e+04 -3.6919e+03 4.3215e-01 -1.2628e+04
-4.1939e+06 4.9430e+01 1.9252e+04 -3.7785e+03 1.0320e+00 -1.2836e+04
-4.1999e+06 4.9158e+01 1.9200e+04 -3.8654e+03 1.0371e+00 -1.3043e+04
-4.2019e+06 4.8801e+01 1.9147e+04 -3.9526e+03 2.0118e+00 -1.3248e+04
-4.2217e+06 4.8245e+01 1.9093e+04 -4.0401e+03 1.6302e+00 -1.3450e+04
-4.2540e+06 4.7526e+01 1.9039e+04 -4.1279e+03 2.3565e-01 -1.3651e+04
-4.2829e+06 4.6843e+01 1.8984e+04 -4.2158e+03 -2.1743e-01 -1.3849e+04
-4.3000e+06 4.6340e+01 1.8928e+04 -4.3040e+03 -2.5793e-01 -1.4045e+04
-4.3156e+06 4.6014e+01 1.8871e+04 -4.3922e+03 -3.6929e-01 -1.4240e+04
-4.3233e+06 4.5824e+01 1.8814e+04 -4.4807e+03 -1.1304e-01 -1.4432e+04
-4.3286e+06 4.5743e+01 1.8755e+04 -4.5692e+03 -7.6917e-02 -1.4623e+04
-4.3242e+06 4.5699e+01 1.8697e+04 -4.6577e+03 3.9557e-01 -1.4811e+04
-4.3252e+06 4.5600e+01 1.8637e+04 -4.7463e+03 -3.1969e-01 -1.4997e+04
-4.3217e+06 4.5432e+01 1.8577e+04 -4.8349e+03 1.1869e+00 -1.5181e+04
-4.3318e+06 4.5244e+01 1.8516e+04 -4.9235e+03 3.6313e+00 -1.5363e+04
-4.3403e+06 4.5064e+01 1.8455e+04 -5.0120e+03 -3.5664e+00 -1.5543e+04
-4.3385e+06 4.4892e+01 1.8393e+04 -5.1005e+03 -7.0703e+00 -1.5732e+04
-4.3306e+06 4.4680e+01 1.8330e+04 -5.1888e+03 1.7258e+00 -1.5850e+04
-4.1414e+06 5.3597e+01 2.0001e+04 -2.4236e+03 5.1617e-01 -8.9877e+03
-4.1665e+06 5.3329e+01 1.9964e+04 -2.5009e+03 4.1743e+00 -9.2144e+03
-4.1799e+06 5.3043e+01 1.9927e+04 -2.5791e+03 -4.5066e-01 -9.4595e+03
-4.1742e+06 5.2743e+01 1.9888e+04 -2.6581e+03 -1.2557e+00 -9.6927e+03
-4.1773e+06 5.2447e+01 1.9849e+04 -2.7379e+03 9.1420e-01 -9.9243e+03
-4.1820e+06 5.2153e+01 1.9809e+04 -2.8184e+03 1.9119e+00 -1.0155e+04
-4.1970e+06 5.1859e+01 1.9767e+04 -2.8997e+03 1.7635e+00 -1.0383e+04
-4.2205e+06 5.1568e+01 1.9725e+04 -2.9817e+03 1.3234e-01 -1.0610e+04
-4.2298e+06 5.1280e+01 1.9682e+04 -3.0643e+03 5.6624e-01 -1.0834e+04
-4.2167e+06 5.0996e+01 1.9637e+04 -3.1475e+03 1.8851e+00 -1.1057e+04
-4.2100e+06 5.0715e+01 1.9592e+04 -3.2314e+03 1.9165e+00 -1.1278e+04
-4.2004e+06 5.0435e+01 1.9546e+04 -3.3157e+03 2.1537e+00 -1.1497e+04
-4.2020e+06 5.0158e+01 1.9500e+04 -3.4006e+03 9.6588e-01 -1.1714e+04
-4.2126e+06 4.9888e+01 1.9452e+04 -3.4860e+03 -1.6538e+00 -1.1929e+04
-4.2170e+06 4.9622e+01 1.9403e+04 -3.5718e+03 -1.4189e+00 -1.2142e+04
-4.2075e+06 4.9360e+01 1.9354e+04 -3.6581e+03 9.7970e-01 -1.2353e+04
-4.2064e+06 4.9104e+01 1.9303e+04 -3.7447e+03 1.8992e+00 -1.2563e+04
-4.2064e+06 4.8853e+01 1.9252e+04 -3.8317e+03 2.1026e+00 -1.2770e+04
-4.2152e+06 4.8588e+01 1.9200e+04 -3.9190e+03 2.5864e+00 -1.2975e+04
-4.2231e+06 4.8247e+01 1.9148e+04 -4.0066e+03 2.3668e+00 -1.3178e+04
-4.2400e+06 4.7765e+01 1.9094e+04 -4.0944e+03 1.4741e+00 -1.3379e+04
-4.2627e+06 4.7166e+01 1.9040e+04 -4.1825e+03 5.2079e-01 -1.3578e+04
-4.2946e+06 4.6580e+01 1.8985e+04 -4.2708e+03 -5.7700e-01 -1.3776e+04
-4.3127e+06 4.6120e+01 1.8929e+04 -4.3592e+03 -1.1365e+00 -1.3971e+04
-4.3274e+06 4.5810e+01 1.8872e+04 -4.4477e+03 -7.7123e-01 -1.4164e+04
-4.3357e+06 4.5620e+01 1.8815e+04 -4.5364e+03 -8.3555e-01 -1.4355e+04
-4.3390e+06 4.5495e+01 1.8757e+04 -4.6251e+03 -4.7102e-01 -1.4544e+04
-4.3322e+06 4.5356e+01 1.8698e+04 -4.7139e+03 -1.0299e+00 -1.4731e+04
-4.3306e+06 4.5172e+01 1.8639e+04 -4.8026e+03 6.7766e-01 -1.4915e+04
-4.3333e+06 4.4983e+01 1.8579e+04 -4.8914e+03 3.3464e+00 -1.5099e+04
-4.3453e+06 4.4815e+01 1.8518e+04 -4.9801e+03 -3.7489e+00 -1.5279e+04
-4.3392e+06 4.4653e+01 1.8457e+04 -5.0688e+03 -6.9646e+00 -1.5469e+04
-4.3366e+06 4.4443e+01 1.8395e+04 -5.1573e+03 2.1026e+00 -1.5587e+04
-4.1555e+06 5.3175e+01 2.0036e+04 -2.3886e+03 1.8675e-01 -8.7085e+03
-4.1699e+06 5.2894e+01 2.0000e+04 -2.4658e+03 5.0102e+00 -8.9351e+03
-4.1897e+06 5.2621e+01 1.9964e+04 -2.5439e+03 3.4718e-01 -9.1805e+03
-4.1946e+06 5.2331e+01 1.9927e+04 -2.6228e+03 -1.0568e+00 -9.4143e+03
-4.2194e+06 5.2043e+01 1.9888e+04 -2.7026e+03 -1.6657e+00 -9.6465e+03
-4.2305e+06 5.1756e+01 1.9849e+04 -2.7831e+03 -3.1162e+00 -9.8770e+03
-4.2287e+06 5.1465e+01 1.9808e+04 -2.8643e+03 -1.9924e+00 -1.0105e+04
-4.2200e+06 5.1177e+01 1.9767e+04 -2.9463e+03 9.1272e-01 -1.0332e+04
-4.2268e+06 5.0895e+01 1.9725e+04 -3.0289e+03 3.1308e+00 -1.0557e+04
-4.2594e+06 5.0620e+01 1.9681e+04 -3.1121e+03 -4.8514e-01 -1.0781e+04
-4.2853e+06 5.0351e+01 1.9637e+04 -3.1959e+03 -3.3333e+00 -1.1002e+04
-4.2589e+06 5.0078e+01 1.9592e+04 -3.2803e+03 -4.3678e-01 -1.1221e+04
-4.2353e+06 4.9805e+01 1.9546e+04 -3.3652e+03 5.6965e-01 -1.1439e+04
-4.2282e+06 4.9541e+01 1.9500e+04 -3.4506e+03 -1.8365e-01 -1.1654e+04
-4.2255e+06 4.9283e+01 1.9452e+04 -3.5365e+03 9.1532e-01 -1.1868e+04
-4.2153e+06 4.9029e+01 1.9404e+04 -3.6228e+03 1.7100e+00 -1.2080e+04
-4.2176e+06 4.8782e+01 1.9354e+04 -3.7095e+03 2.9419e+00 -1.2290e+04
-4.2314e+06 4.8540e+01 1.9304e+04 -3.7965e+03 4.2391e+00 -1.2497e+04
-4.2501e+06 4.8298e+01 1.9253e+04 -3.8839e+03 2.7739e+00 -1.2703e+04
-4.2513e+06 4.8041e+01 1.9201e+04 -3.9716e+03 2.4507e+00 -1.2907e+04
-4.2469e+06 4.7737e+01 1.9148e+04 -4.0595e+03 3.9811e+00 -1.3109e+04
-4.2547e+06 4.7337e+01 1.9095e+04 -4.1477e+03 2.8280e+00 -1.3308e+04
-4.2769e+06 4.6837e+01 1.9041e+04 -4.2361e+03 7.7410e-02 -1.3506e+04
-4.2998e+06 4.6333e+01 1.8986e+04 -4.3246e+03 -1.2365e+00 -1.3702e+04
-4.3238e+06 4.5934e+01 1.8930e+04 -4.4133e+03 -1.2547e+00 -1.3896e+04
-4.3492e+06 4.5649e+01 1.8874e+04 -4.5021e+03 -1.7662e+00 -1.4088e+04
-4.3593e+06 4.5424e+01 1.8817e+04 -4.5910e+03 -1.9224e+00 -1.4278e+04
-4.3530e+06 4.5212e+01 1.8759e+04 -4.6799e+03 -2.5441e+00 -1.4465e+04
-4.3422e+06 4.4995e+01 1.8700e+04 -4.7688e+03 -1.6521e-01 -1.4650e+04
-4.3436e+06 4.4789e+01 1.8641e+04 -4.8578e+03 3.2782e+00 -1.4835e+04
-4.3515e+06 4.4611e+01 1.8581e+04 -4.9467e+03 -3.7425e+00 -1.5016e+04
-4.3467e+06 4.4442e+01 1.8521e+04 -5.0355e+03 -7.1790e+00 -1.5207e+04
-4.3390e+06 4.4227e+01 1.8459e+04 -5.1243e+03 1.9671e+00 -1.5325e+04
-4.1674e+06 5.2872e+01 2.0070e+04 -2.3522e+03 -1.5080e+00 -8.4307e+03
-4.1595e+06 5.2489e+01 2.0036e+04 -2.4293e+03 5.6345e+00 -8.6577e+03
-4.1775e+06 5.2200e+01 2.0000e+04 -2.5073e+03 2.1898e+00 -8.9027e+03
-4.2020e+06 5.1920e+01 1.9964e+04 -2.5862e+03 -1.2705e-01 -9.1365e+03
-4.2408e+06 5.1641e+01 1.9926e+04 -2.6659e+03 -1.2337e+00 -9.3690e+03
-4.2540e+06 5.1360e+01 1.9888e+04 -2.7463e+03 -1.7387e+00 -9.5997e+03
-4.2548e+06 5.1076e+01 1.9848e+04 -2.8275e+03 -4.0207e-02 -9.8288e+03
-4.2433e+06 5.0798e+01 1.9808e+04 -2.9094e+03 1.6255e+00 -1.0056e+04
-4.2455e+06 5.0522e+01 1.9767e+04 -2.9920e+03 2.4009e+00 -1.0282e+04
-4.2811e+06 5.0254e+01 1.9724e+04 -3.0752e+03 -2.4531e+00 -1.0505e+04
-4.3318e+06 4.9995e+01 1.9681e+04 -3.1591e+03 -7.4400e+00 -1.0726e+04
-4.3113e+06 4.9734e+01 1.9637e+04 -3.2434e+03 -4.1235e+00 -1.0946e+04
-4.2804e+06 4.9471e+01 1.9592e+04 -3.3284e+03 -4.8829e-01 -1.1165e+04
-4.2636e+06 4.9214e+01 1.9547e+04 -3.4138e+03 -7.4679e-01 -1.1381e+04
-4.2549e+06 4.8961e+01 1.9500e+04 -3.4997e+03 3.0130e-01 -1.1595e+04
-4.2345e+06 4.8713e+01 1.9452e+04 -3.5860e+03 1.7023e+00 -1.1807e+04
-4.2336e+06 4.8470e+01 1.9404e+04 -3.6728e+03 3.6946e+00 -1.2017e+04
-4.2530e+06 4.8236e+01 1.9355e+04 -3.7599e+03 3.2329e+00 -1.2226e+04
-4.3196e+06 4.8009e+01 1.9304e+04 -3.8474e+03 -5.3954e+00 -1.2432e+04
-4.3351e+06 4.7776e+01 1.9253e+04 -3.9351e+03 -8.7287e+00 -1.2636e+04
-4.2947e+06 4.7536e+01 1.9202e+04 -4.0231e+03 -2.0788e-01 -1.2839e+04
-4.2585e+06 4.7280e+01 1.9149e+04 -4.1114e+03 4.4536e+00 -1.3039e+04
-4.2717e+06 4.6954e+01 1.9096e+04 -4.1999e+03 1.8545e+00 -1.3238e+04
-4.2836e+06 4.6540e+01 1.9042e+04 -4.2885e+03 -3.2085e-02 -1.3434e+04
-4.3092e+06 4.6132e+01 1.8987e+04 -4.3774e+03 -4.1693e-01 -1.3629e+04
-4.3335e+06 4.5802e+01 1.8931e+04 -4.4663e+03 -1.6074e+00 -1.3821e+04
-4.3587e+06 4.5518e+01 1.8875e+04 -4.5553e+03 -2.4266e+00 -1.4012e+04
-4.3569e+06 4.5239e+01 1.8818e+04 -4.6444e+03 -3.4268e+00 -1.4200e+04
-4.3549e+06 4.4969e+01 1.8760e+04 -4.7335e+03 -1.0246e+00 -1.4386e+04
-4.3454e+06 4.4721e+01 1.8702e+04 -4.8226e+03 2.8105e+00 -1.4571e+04
-4.3538e+06 4.4504e+01 1.8643e+04 -4.9117e+03 -4.0806e+00 -1.4753e+04
-4.3427e+06 4.4301e+01 1.8583e+04 -5.0008e+03 -7.5465e+00 -1.4945e+04
-4.3423e+06 4.4070e+01 1.8523e+04 -5.0898e+03 1.8568e+00 -1.5064e+04
-4.1572e+06 5.2744e+01 2.0103e+04 -2.3144e+03 -2.8162e-01 -8.1538e+03
-4.1507e+06 5.2181e+01 2.0069e+04 -2.3915e+03 6.6066e+00 -8.3811e+03
-4.1782e+06 5.1807e+01 2.0035e+04 -2.4694e+03 2.0131e+00 -8.6265e+03
-4.2191e+06 5.1516e+01 2.0000e+04 -2.5482e+03 -3.1734e+00 -8.8604e+03
-4.2501e+06 5.1244e+01 1.9963e+04 -2.6278e+03 -1.4272e+00 -9.0932e+03
-4.2565e+06 5.0971e+01 1.9926e+04 -2.7082e+03 1.5071e+00 -9.3239e+03
-4.2859e+06 5.0700e+01 1.9887e+04 -2.7894e+03 -3.0885e-01 -9.5533e+03
-4.2977e+06 5.0435e+01 1.9848e+04 -2.8713e+03 -3.0555e+00 -9.7810e+03
-4.2845e+06 5.0166e+01 1.9808e+04 -2.9538e+03 -9.1573e-01 -1.0007e+04
-4.2698e+06 4.9899e+01 1.9766e+04 -3.0370e+03 7.2968e-01 -1.0230e+04
-4.3003e+06 4.9644e+01 1.9724e+04 -3.1208e+03 -1.3781e+00 -1.0452e+04
-4.3110e+06 4.9395e+01 1.9681e+04 -3.2052e+03 4.6635e-02 -1.0672e+04
-4.3101e+06 4.9148e+01 1.9637e+04 -3.2901e+03 2.0554e+00 -1.0891e+04
-4.3110e+06 4.8902e+01 1.9592e+04 -3.3756e+03 -1.5042e+00 -1.1108e+04
-4.3019e+06 4.8656e+01 1.9547e+04 -3.4615e+03 -3.5803e+00 -1.1322e+04
-4.2659e+06 4.8411e+01 1.9500e+04 -3.5479e+03 -5.0525e-01 -1.1535e+04
-4.2493e+06 4.8172e+01 1.9452e+04 -3.6347e+03 3.5595e+00 -1.1746e+04
-4.2706e+06 4.7941e+01 1.9404e+04 -3.7218e+03 2.7947e+00 -1.1955e+04
-4.3482e+06 4.7720e+01 1.9355e+04 -3.8094e+03 -9.2175e+00 -1.2162e+04
-4.4009e+06 4.7501e+01 1.9305e+04 -3.8972e+03 -1.8880e+01 -1.2366e+04
-4.3623e+06 4.7278e+01 1.9254e+04 -3.9853e+03 -8.8059e+00 -1.2570e+04
-4.2889e+06 4.7071e+01 1.9202e+04 -4.0737e+03 4.6634e+00 -1.2770e+04
-4.2676e+06 4.6865e+01 1.9150e+04 -4.1623e+03 5.5994e+00 -1.2969e+04
-4.2735e+06 4.6596e+01 1.9097e+04 -4.2510e+03 2.6647e+00 -1.3167e+04
-4.2896e+06 4.6274e+01 1.9043e+04 -4.3400e+03 1.4921e+00 -1.3362e+04
-4.3085e+06 4.5969e+01 1.8988e+04 -4.4290e+03 5.5428e-03 -1.3555e+04
-4.3296e+06 4.5688e+01 1.8933e+04 -4.5182e+03 -8.4088e-01 -1.3746e+04
-4.3443e+06 4.5392e+01 1.8876e+04 -4.6074e+03 -2.3804e+00 -1.3936e+04
-4.3507e+06 4.5080e+01 1.8820e+04 -4.6967e+03 -1.0356e+00 -1.4122e+04
-4.3514e+06 4.4781e+01 1.8762e+04 -4.7860e+03 2.3009e+00 -1.4308e+04
-4.3543e+06 4.4512e+01 1.8704e+04 -4.8753e+03 -4.2791e+00 -1.4491e+04
-4.3445e+06 4.4258e+01 1.8645e+04 -4.9645e+03 -7.3748e+00 -1.4684e+04
-4.3379e+06 4.3995e+01 1.8585e+04 -5.0537e+03 2.1729e+00 -1.4803e+04
-4.1317e+06 5.2729e+01 2.0135e+04 -2.2754e+03 1.8907e+00 -7.8783e+03
-4.1473e+06 5.1985e+01 2.0102e+04 -2.3524e+03 6.9865e+00 -8.1053e+03
-4.1764e+06 5.1474e+01 2.0069e+04 -2.4302e+03 9.2443e-01 -8.3512e+03
-4.2233e+06 5.1130e+01 2.0034e+04 -2.5089e+03 -4.5222e+00 -8.5856e+03
-4.2488e+06 5.0858e+01 1.9999e+04 -2.5885e+03 -4.5404e-01 -8.8186e+03
-4.2755e+06 5.0600e+01 1.9963e+04 -2.6688e+03 -2.6435e-01 -9.0496e+03
-4.3357e+06 5.0343e+01 1.9925e+04 -2.7499e+03 -1.0137e+01 -9.2789e+03
-4.3521e+06 5.0086e+01 1.9887e+04 -2.8317e+03 -1.2760e+01 -9.5066e+03
-4.3087e+06 4.9821e+01 1.9848e+04 -2.9142e+03 -3.9054e+00 -9.7324e+03
-4.2657e+06 4.9559e+01 1.9807e+04 -2.9974e+03 3.3722e+00 -9.9570e+03
-4.2750e+06 4.9308e+01 1.9766e+04 -3.0812e+03 4.3432e+00 -1.0180e+04
-4.3063e+06 4.9069e+01 1.9724e+04 -3.1656e+03 2.3265e+00 -1.0400e+04
-4.3269e+06 4.8833e+01 1.9681e+04 -3.2505e+03 1.3001e+00 -1.0619e+04
-4.3321e+06 4.8596e+01 1.9637e+04 -3.3360e+03 -1.8073e+00 -1.0836e+04
-4.3338e+06 4.8359e+01 1.9592e+04 -3.4219e+03 -6.8989e+00 -1.1051e+04
-4.3058e+06 4.8122e+01 1.9547e+04 -3.5083e+03 -4.6350e+00 -1.1264e+04
-4.2725e+06 4.7885e+01 1.9500e+04 -3.5952e+03 1.9248e+00 -1.1475e+04
-4.2654e+06 4.7652e+01 1.9453e+04 -3.6824e+03 4.0140e+00 -1.1684e+04
-4.3157e+06 4.7431e+01 1.9404e+04 -3.7700e+03 -1.4486e+00 -1.1892e+04
-4.3717e+06 4.7224e+01 1.9355e+04 -3.8579e+03 -9.5407e+00 -1.2097e+04
-4.3650e+06 4.7021e+01 1.9305e+04 -3.9460e+03 -4.2571e+00 -1.2301e+04
-4.3169e+06 4.6831e+01 1.9255e+04 -4.0345e+03 6.6178e+00 -1.2503e+04
-4.3086e+06 4.6665e+01 1.9203e+04 -4.1232e+03 4.5608e+00 -1.2703e+04
-4.3018e+06 4.6491e+01 1.9151e+04 -4.2121e+03 3.2386e-01 -1.2901e+04
-4.2903e+06 4.6283e+01 1.9098e+04 -4.3011e+03 1.6723e+00 -1.3096e+04
-4.2871e+06 4.6062e+01 1.9044e+04 -4.3903e+03 1.6946e+00 -1.3290e+04
-4.2997e+06 4.5840e+01 1.8989e+04 -4.4796e+03 8.5564e-01 -1.3482e+04
-4.3119e+06 4.5583e+01 1.8934e+04 -4.5690e+03 -9.2963e-01 -1.3672e+04
-4.3275e+06 4.5271e+01 1.8878e+04 -4.6585e+03 -1.7336e-01 -1.3859e+04
-4.3342e+06 4.4935e+01 1.8821e+04 -4.7479e+03 2.5549e+00 -1.4046e+04
-4.3428e+06 4.4617e+01 1.8764e+04 -4.8374e+03 -4.0262e+00 -1.4229e+04
-4.3331e+06 4.4313e+01 1.8706e+04 -4.9268e+03 -6.9721e+00 -1.4423e+04
-4.3317e+06 4.4016e+01 1.8647e+04 -5.0162e+03 2.4410e+00 -1.4542e+04
-4.1231e+06 5.2766e+01 2.0166e+04 -2.2351e+03 1.0793e+00 -7.6041e+03
-4.1500e+06 5.1867e+01 2.0134e+04 -2.3120e+03 5.2669e+00 -7.8310e+03
-4.1805e+06 5.1215e+01 2.0102e+04 -2.3897e+03 -7.0494e-02 -8.0770e+03
-4.2092e+06 5.0787e+01 2.0068e+04 -2.4683e+03 -1.7795e+00 -8.3115e+03
-4.2289e+06 5.0490e+01 2.0034e+04 -2.5478e+03 3.1512e+00 -8.5444e+03
-4.2641e+06 5.0239e+01 1.9999e+04 -2.6281e+03 5.2817e-01 -8.7757e+03
-4.3262e+06 4.9993e+01 1.9962e+04 -2.7091e+03 -9.7530e+00 -9.0056e+03
-4.3387e+06 4.9739e+01 1.9925e+04 -2.7909e+03 -9.4434e+00 -9.2337e+03
-4.2945e+06 4.9482e+01 1.9886e+04 -2.8733e+03 3.2732e-01 -9.4599e+03
-4.2617e+06 4.9231e+01 1.9847e+04 -2.9565e+03 5.8177e+00 -9.6847e+03
-4.2825e+06 4.8991e+01 1.9807e+04 -3.0402e+03 2.9536e+00 -9.9075e+03
-4.3407e+06 4.8761e+01 1.9766e+04 -3.1246e+03 -7.0823e+00 -1.0128e+04
-4.3568e+06 4.8529e+01 1.9724e+04 -3.2095e+03 -8.6524e+00 -1.0347e+04
-4.3306e+06 4.8294e+01 1.9681e+04 -3.2950e+03 -2.2121e+00 -1.0564e+04
-4.3231e+06 4.8065e+01 1.9637e+04 -3.3810e+03 -3.3464e+00 -1.0780e+04
-4.3127e+06 4.7839e+01 1.9592e+04 -3.4674e+03 -3.2691e+00 -1.0994e+04
-4.2855e+06 4.7608e+01 1.9547e+04 -3.5543e+03 1.7027e+00 -1.1206e+04
-4.2805e+06 4.7376e+01 1.9500e+04 -3.6415e+03 3.2720e+00 -1.1416e+04
-4.2901e+06 4.7157e+01 1.9453e+04 -3.7292e+03 2.8139e+00 -1.1624e+04
-4.3155e+06 4.6963e+01 1.9405e+04 -3.8171e+03 2.6785e+00 -1.1830e+04
-4.3313e+06 4.6784e+01 1.9356e+04 -3.9054e+03 6.0431e+00 -1.2034e+04
-4.3528e+06 4.6617e+01 1.9306e+04 -3.9939e+03 4.7122e+00 -1.2236e+04
-4.3790e+06 4.6468e+01 1.9255e+04 -4.0827e+03 -7.7828e+00 -1.2437e+04
-4.3670e+06 4.6333e+01 1.9204e+04 -4.1717e+03 -1.0565e+01 -1.2635e+04
-4.3121e+06 4.6204e+01 1.9152e+04 -4.2609e+03 -7.3910e-01 -1.2831e+04
-4.2892e+06 4.6077e+01 1.9099e+04 -4.3502e+03 2.8614e+00 -1.3025e+04
-4.2867e+06 4.5933e+01 1.9045e+04 -4.4397e+03 1.4929e+00 -1.3218e+04
-4.2973e+06 4.5738e+01 1.8990e+04 -4.5292e+03 -1.1319e-01 -1.3409e+04
-4.3020e+06 4.5467e+01 1.8935e+04 -4.6188e+03 1.0584e+00 -1.3597e+04
-4.3181e+06 4.5136e+01 1.8879e+04 -4.7084e+03 3.6192e+00 -1.3784e+04
-4.3272e+06 4.4796e+01 1.8823e+04 -4.7980e+03 -3.2103e+00 -1.3968e+04
-4.3257e+06 4.4461e+01 1.8765e+04 -4.8877e+03 -6.3479e+00 -1.4163e+04
-4.3197e+06 4.4147e+01 1.8708e+04 -4.9772e+03 2.7347e+00 -1.4282e+04
-4.1188e+06 5.2890e+01 2.0196e+04 -2.1935e+03 4.4440e-01 -7.3312e+03
-4.1542e+06 5.1862e+01 2.0165e+04 -2.2703e+03 4.3314e+00 -7.5583e+03
-4.1846e+06 5.1051e+01 2.0134e+04 -2.3480e+03 -7.4126e-01 -7.8045e+03
-4.2133e+06 5.0514e+01 2.0101e+04 -2.4265e+03 -1.1474e+00 -8.0389e+03
-4.2280e+06 5.0162e+01 2.0068e+04 -2.5059e+03 3.3773e+00 -8.2720e+03
-4.2504e+06 4.9892e+01 2.0033e+04 -2.5861e+03 3.2224e+00 -8.5036e+03
-4.2749e+06 4.9647e+01 1.9998e+04 -2.6670e+03 3.7708e-01 -8.7338e+03
-4.2823e+06 4.9403e+01 1.9962e+04 -2.7487e+03 1.8009e+00 -8.9619e+03
-4.2703e+06 4.9158e+01 1.9924e+04 -2.8312e+03 5.3294e+00 -9.1885e+03
-4.2692e+06 4.8918e+01 1.9886e+04 -2.9143e+03 6.3246e+00 -9.4131e+03
-4.2938e+06 4.8686e+01 1.9847e+04 -2.9980e+03 2.4308e+00 -9.6361e+03
-4.3476e+06 4.8461e+01 1.9807e+04 -3.0823e+03 -7.8994e+00 -9.8577e+03
-4.3583e+06 4.8233e+01 1.9766e+04 -3.1673e+03 -9.0431e+00 -1.0077e+04
-4.3187e+06 4.8002e+01 1.9724e+04 -3.2527e+03 5.5819e-01 -1.0295e+04
-4.2996e+06 4.7778e+01 1.9681e+04 -3.3387e+03 2.8685e+00 -1.0511e+04
-4.3014e+06 4.7560e+01 1.9637e+04 -3.4251e+03 1.3968e+00 -1.0725e+04
-4.2929e+06 4.7342e+01 1.9592e+04 -3.5120e+03 2.2814e+00 -1.0937e+04
-4.2889e+06 4.7123e+01 1.9547e+04 -3.5993e+03 1.4988e+00 -1.1147e+04
-4.2972e+06 4.6917e+01 1.9500e+04 -3.6870e+03 7.1578e-01 -1.1356e+04
-4.3073e+06 4.6735e+01 1.9453e+04 -3.7751e+03 2.7821e+00 -1.1563e+04
-4.3269e+06 4.6577e+01 1.9405e+04 -3.8634e+03 4.8325e+00 -1.1767e+04
-4.3802e+06 4.6432e+01 1.9356e+04 -3.9520e+03 -2.3532e+00 -1.1970e+04
-4.4290e+06 4.6300e+01 1.9306e+04 -4.0409e+03 -1.5075e+01 -1.2171e+04
-4.4018e+06 4.6188e+01 1.9256e+04 -4.1300e+03 -1.2455e+01 -1.2370e+04
-4.3295e+06 4.6108e+01 1.9205e+04 -4.2193e+03 6.9468e-01 -1.2567e+04
-4.2919e+06 4.6048e+01 1.9152e+04 -4.3087e+03 3.7424e+00 -1.2762e+04
-4.2855e+06 4.5960e+01 1.9100e+04 -4.3983e+03 1.1258e+00 -1.2955e+04
-4.2874e+06 4.5808e+01 1.9046e+04 -4.4879e+03 -1.7569e-01 -1.3147e+04
-4.2902e+06 4.5584e+01 1.8992e+04 -4.5777e+03 1.8090e+00 -1.3335e+04
-4.3000e+06 4.5299e+01 1.8937e+04 -4.6675e+03 4.6419e+00 -1.3523e+04
-4.3128e+06 4.4983e+01 1.8881e+04 -4.7573e+03 -2.7485e+00 -1.3708e+04
-4.3093e+06 4.4655e+01 1.8824e+04 -4.8471e+03 -5.9891e+00 -1.3904e+04
-4.3071e+06 4.4349e+01 1.8767e+04 -4.9368e+03 3.2829e+00 -1.4023e+04
-4.1146e+06 5.3114e+01 2.0224e+04 -2.1508e+03 8.7016e-01 -7.0596e+03
-4.1483e+06 5.2045e+01 2.0195e+04 -2.2274e+03 4.8395e+00 -7.2867e+03
-4.1888e+06 5.1062e+01 2.0164e+04 -2.3050e+03 -5.9523e-01 -7.5331e+03
-4.2192e+06 5.0346e+01 2.0133e+04 -2.3834e+03 -1.9265e+00 -7.7677e+03
-4.2376e+06 4.9888e+01 2.0101e+04 -2.4627e+03 1.4229e+00 -8.0010e+03
-4.2493e+06 4.9575e+01 2.0067e+04 -2.5428e+03 1.9374e+00 -8.2328e+03
-4.2609e+06 4.9321e+01 2.0033e+04 -2.6237e+03 1.8836e+00 -8.4630e+03
-4.2663e+06 4.9085e+01 1.9997e+04 -2.7053e+03 2.7929e+00 -8.6913e+03
-4.2756e+06 4.8851e+01 1.9961e+04 -2.7877e+03 3.4044e+00 -8.9181e+03
-4.2985e+06 4.8619e+01 1.9924e+04 -2.8708e+03 2.7317e+00 -9.1431e+03
-4.3246e+06 4.8392e+01 1.9886e+04 -2.9545e+03 1.2281e+00 -9.3665e+03
-4.3386e+06 4.8168e+01 1.9846e+04 -3.0388e+03 -2.3639e-01 -9.5884e+03
-4.3290e+06 4.7945e+01 1.9806e+04 -3.1237e+03 1.2316e+00 -9.8078e+03
-4.3082e+06 4.7722e+01 1.9765e+04 -3.2091e+03 4.1076e+00 -1.0026e+04
-4.2994e+06 4.7502e+01 1.9723e+04 -3.2951e+03 3.2477e+00 -1.0243e+04
-4.3013e+06 4.7289e+01 1.9681e+04 -3.3816e+03 1.3489e+00 -1.0457e+04
-4.3017e+06 4.7086e+01 1.9637e+04 -3.4685e+03 8.6846e-01 -1.0669e+04
-4.3072e+06 4.6891e+01 1.9592e+04 -3.5558e+03 2.3292e-01 -1.0880e+04
-4.3080e+06 4.6704e+01 1.9547e+04 -3.6436e+03 -3.2462e-01 -1.1089e+04
-4.3162e+06 4.6539e+01 1.9501e+04 -3.7316e+03 3.9367e-01 -1.1296e+04
-4.3373e+06 4.6397e+01 1.9453e+04 -3.8200e+03 5.5530e-01 -1.1501e+04
-4.3795e+06 4.6268e+01 1.9405e+04 -3.9087e+03 -3.6270e+00 -1.1705e+04
-4.3992e+06 4.6148e+01 1.9357e+04 -3.9977e+03 -6.5545e+00 -1.1906e+04
-4.3751e+06 4.6056e+01 1.9307e+04 -4.0869e+03 -2.3725e-01 -1.2106e+04
-4.3274e+06 4.6008e+01 1.9257e+04 -4.1763e+03 7.5216e+00 -1.2304e+04
-4.3045e+06 4.5975e+01 1.9205e+04 -4.2658e+03 7.2664e+00 -1.2499e+04
-4.2917e+06 4.5903e+01 1.9153e+04 -4.3555e+03 4.8173e+00 -1.2693e+04
-4.2916e+06 4.5765e+01 1.9101e+04 -4.4453e+03 2.9804e+00 -1.2885e+04
-4.2858e+06 4.5569e+01 1.9047e+04 -4.5352e+03 3.9102e+00 -1.3074e+04
-4.3002e+06 4.5338e+01 1.8993e+04 -4.6252e+03 5.6259e+00 -1.3263e+04
-4.3131e+06 4.5083e+01 1.8938e+04 -4.7151e+03 -3.2381e+00 -1.3449e+04
-4.3095e+06 4.4801e+01 1.8882e+04 -4.8051e+03 -6.7075e+00 -1.3645e+04
-4.2891e+06 4.4517e+01 1.8826e+04 -4.8950e+03 4.1208e+00 -1.3764e+04
-4.1084e+06 5.3313e+01 2.0252e+04 -2.1068e+03 1.1180e+00 -6.7894e+03
-4.1382e+06 5.2343e+01 2.0224e+04 -2.1834e+03 5.2423e+00 -7.0165e+03
-4.1777e+06 5.1289e+01 2.0194e+04 -2.2608e+03 -4.3569e-01 -7.2629e+03
-4.2170e+06 5.0356e+01 2.0164e+04 -2.3391e+03 -2.7356e+00 -7.4977e+03
-4.2436e+06 4.9694e+01 2.0132e+04 -2.4183e+03 -4.1147e-01 -7.7311e+03
-4.2609e+06 4.9282e+01 2.0100e+04 -2.4983e+03 -6.5495e-01 -7.9630e+03
-4.2718e+06 4.9009e+01 2.0067e+04 -2.5792e+03 -1.0498e+00 -8.1933e+03
-4.2744e+06 4.8779e+01 2.0032e+04 -2.6607e+03 -4.5092e-01 -8.4219e+03
-4.2850e+06 4.8553e+01 1.9997e+04 -2.7430e+03 1.3303e+00 -8.6490e+03
-4.3253e+06 4.8329e+01 1.9961e+04 -2.8260e+03 1.0201e-01 -8.8744e+03
-4.3926e+06 4.8109e+01 1.9923e+04 -2.9097e+03 -5.7408e+00 -9.0981e+03
-4.3850e+06 4.7888e+01 1.9885e+04 -2.9940e+03 -3.6270e+00 -9.3201e+03
-4.3284e+06 4.7669e+01 1.9846e+04 -3.0789e+03 3.7108e+00 -9.5399e+03
-4.3066e+06 4.7451e+01 1.9806e+04 -3.1643e+03 3.6390e+00 -9.7583e+03
-4.3158e+06 4.7238e+01 1.9765e+04 -3.2503e+03 1.3844e+00 -9.9752e+03
-4.3201e+06 4.7036e+01 1.9723e+04 -3.3367e+03 1.9850e+00 -1.0190e+04
-4.3216e+06 4.6851e+01 1.9681e+04 -3.4237e+03 2.5079e+00 -1.0403e+04
-4.3127e+06 4.6679e+01 1.9637e+04 -3.5110e+03 1.8076e+00 -1.0614e+04
-4.3199e+06 4.6510e+01 1.9592e+04 -3.5988e+03 1.2737e+00 -1.0824e+04
-4.3223e+06 4.6355e+01 1.9547e+04 -3.6869e+03 2.0402e+00 -1.1031e+04
-4.3338e+06 4.6228e+01 1.9501e+04 -3.7754e+03 2.6047e+00 -1.1237e+04
-4.3489e+06 4.6118e+01 1.9454e+04 -3.8642e+03 1.9743e+00 -1.1441e+04
-4.3691e+06 4.6018e+01 1.9406e+04 -3.9532e+03 2.4107e+00 -1.1643e+04
-4.3613e+06 4.5936e+01 1.9357e+04 -4.0425e+03 5.4281e+00 -1.1843e+04
-4.3517e+06 4.5885e+01 1.9308e+04 -4.1320e+03 7.3812e+00 -1.2041e+04
-4.3425e+06 4.5838e+01 1.9257e+04 -4.2216e+03 5.5820e+00 -1.2237e+04
-4.3370e+06 4.5751e+01 1.9206e+04 -4.3114e+03 5.5254e+00 -1.2432e+04
-4.3262e+06 4.5608e+01 1.9154e+04 -4.4014e+03 4.0102e+00 -1.2624e+04
-4.3151e+06 4.5428e+01 1.9102e+04 -4.4914e+03 4.3759e+00 -1.2814e+04
-4.2998e+06 4.5236e+01 1.9048e+04 -4.5815e+03 7.4586e+00 -1.3004e+04
-4.3101e+06 4.5042e+01 1.8994e+04 -4.6716e+03 -1.9438e+00 -1.3190e+04
-4.2998e+06 4.4825e+01 1.8939e+04 -4.7618e+03 -6.9025e+00 -1.3387e+04
-4.2853e+06 4.4571e+01 1.8884e+04 -4.8519e+03 4.3877e+00 -1.3507e+04
-4.1068e+06 5.3357e+01 2.0279e+04 -2.0618e+03 1.6054e+00 -6.5206e+03
-4.1266e+06 5.2569e+01 2.0251e+04 -2.1382e+03 7.3847e+00 -6.7476e+03
-4.1656e+06 5.1612e+01 2.0223e+04 -2.2155e+03 2.9221e+00 -6.9942e+03
-4.2028e+06 5.0577e+01 2.0193e+04 -2.2937e+03 -4.2844e-01 -7.2291e+03
-4.2392e+06 4.9663e+01 2.0163e+04 -2.3728e+03 -3.8348e-01 -7.4626e+03
-4.2605e+06 4.9043e+01 2.0132e+04 -2.4527e+03 -1.5277e+00 -7.6945e+03
-4.2790e+06 4.8698e+01 2.0099e+04 -2.5334e+03 -1.2300e+00 -7.9251e+03
-4.2846e+06 4.8473e+01 2.0066e+04 -2.6149e+03 -3.7751e-01 -8.1539e+03
-4.2928e+06 4.8259e+01 2.0032e+04 -2.6972e+03 1.6477e+00 -8.3811e+03
-4.3234e+06 4.8043e+01 1.9996e+04 -2.7801e+03 1.0777e+00 -8.6067e+03
-4.4009e+06 4.7831e+01 1.9960e+04 -2.8637e+03 -6.1250e+00 -8.8303e+03
-4.4017e+06 4.7617e+01 1.9923e+04 -2.9479e+03 -4.4912e+00 -9.0526e+03
-4.3392e+06 4.7401e+01 1.9885e+04 -3.0328e+03 3.4216e+00 -9.2733e+03
-4.3222e+06 4.7190e+01 1.9846e+04 -3.1182e+03 1.9889e+00 -9.4922e+03
-4.3357e+06 4.6989e+01 1.9806e+04 -3.2042e+03 1.4771e+00 -9.7091e+03
-4.3479e+06 4.6808e+01 1.9765e+04 -3.2906e+03 4.5360e+00 -9.9242e+03
-4.3686e+06 4.6649e+01 1.9723e+04 -3.3776e+03 1.9719e+00 -1.0138e+04
-4.3594e+06 4.6499e+01 1.9680e+04 -3.4650e+03 -3.3699e-01 -1.0350e+04
-4.3347e+06 4.6341e+01 1.9637e+04 -3.5528e+03 2.9862e+00 -1.0559e+04
-4.3341e+06 4.6186e+01 1.9592e+04 -3.6409e+03 4.8253e+00 -1.0767e+04
-4.3562e+06 4.6064e+01 1.9547e+04 -3.7294e+03 2.2741e+00 -1.0973e+04
-4.3587e+06 4.5977e+01 1.9501e+04 -3.8183e+03 1.9317e+00 -1.1178e+04
-4.3606e+06 4.5900e+01 1.9454e+04 -3.9074e+03 2.4772e+00 -1.1380e+04
-4.3786e+06 4.5818e+01 1.9406e+04 -3.9967e+03 6.0122e-01 -1.1581e+04
-4.4053e+06 4.5731e+01 1.9358e+04 -4.0863e+03 -2.9690e+00 -1.1780e+04
-4.4339e+06 4.5637e+01 1.9308e+04 -4.1761e+03 -8.1916e+00 -1.1976e+04
-4.4326e+06 4.5521e+01 1.9258e+04 -4.2660e+03 -5.8841e+00 -1.2172e+04
-4.4321e+06 4.5373e+01 1.9207e+04 -4.3561e+03 -6.6564e+00 -1.2365e+04
-4.4142e+06 4.5207e+01 1.9155e+04 -4.4463e+03 -7.3989e+00 -1.2555e+04
-4.3540e+06 4.5041e+01 1.9103e+04 -4.5365e+03 3.2109e+00 -1.2745e+04
-4.3162e+06 4.4886e+01 1.9049e+04 -4.6268e+03 2.6896e-01 -1.2932e+04
-4.3024e+06 4.4721e+01 1.8995e+04 -4.7171e+03 -5.9770e+00 -1.3130e+04
-4.2882e+06 4.4501e+01 1.8941e+04 -4.8074e+03 3.8058e+00 -1.3251e+04
-4.1045e+06 5.3220e+01 2.0304e+04 -2.0156e+03 2.5132e+00 -6.2533e+03
-4.1284e+06 5.2622e+01 2.0278e+04 -2.0918e+03 9.4716e+00 -6.4803e+03
-4.1755e+06 5.1857e+01 2.0251e+04 -2.1690e+03 2.9619e+00 -6.7269e+03
-4.2107e+06 5.0909e+01 2.0222e+04 -2.2471e+03 -8.3547e-01 -6.9619e+03
-4.2309e+06 4.9869e+01 2.0193e+04 -2.3261e+03 1.2819e+00 -7.1954e+03
-4.2599e+06 4.8990e+01 2.0162e+04 -2.4059e+03 -4.8952e-01 -7.4274e+03
-4.2875e+06 4.8461e+01 2.0131e+04 -2.4865e+03 -1.5410e+00 -7.6582e+03
-4.2947e+06 4.8189e+01 2.0099e+04 -2.5680e+03 -7.5700e-01 -7.8873e+03
-4.3006e+06 4.7976e+01 2.0065e+04 -2.6501e+03 6.3733e-01 -8.1146e+03
-4.3189e+06 4.7762e+01 2.0031e+04 -2.7330e+03 1.8711e+00 -8.3404e+03
-4.3682e+06 4.7560e+01 1.9996e+04 -2.8165e+03 -1.3424e-01 -8.5645e+03
-4.3798e+06 4.7356e+01 1.9960e+04 -2.9007e+03 3.7752e-01 -8.7869e+03
-4.3564e+06 4.7145e+01 1.9922e+04 -2.9855e+03 2.4720e+00 -9.0079e+03
-4.3500e+06 4.6941e+01 1.9884e+04 -3.0709e+03 -1.7248e-01 -9.2269e+03
-4.3604e+06 4.6760e+01 1.9845e+04 -3.1569e+03 1.8910e+00 -9.4439e+03
-4.3888e+06 4.6607e+01 1.9805e+04 -3.2433e+03 3.0355e+00 -9.6595e+03
-4.4543e+06 4.6477e+01 1.9765e+04 -3.3303e+03 -8.8378e+00 -9.8735e+03
-4.4323e+06 4.6346e+01 1.9723e+04 -3.4177e+03 -1.1154e+01 -1.0086e+04
-4.3628e+06 4.6195e+01 1.9680e+04 -3.5055e+03 3.0807e+00 -1.0296e+04
-4.3571e+06 4.6040e+01 1.9637e+04 -3.5937e+03 5.6999e+00 -1.0504e+04
-4.4115e+06 4.5917e+01 1.9592e+04 -3.6823e+03 -6.1283e+00 -1.0711e+04
-4.4087e+06 4.5832e+01 1.9547e+04 -3.7711e+03 -6.4842e+00 -1.0916e+04
-4.3800e+06 4.5759e+01 1.9501e+04 -3.8603e+03 2.8858e+00 -1.1118e+04
-4.3786e+06 4.5666e+01 1.9454e+04 -3.9498e+03 3.2885e+00 -1.1319e+04
-4.4173e+06 4.5542e+01 1.9406e+04 -4.0394e+03 -3.8775e+00 -1.1519e+04
-4.4521e+06 4.5401e+01 1.9358e+04 -4.1293e+03 -1.0937e+01 -1.1717e+04
-4.4542e+06 4.5256e+01 1.9309e+04 -4.2193e+03 -6.7927e+00 -1.1912e+04
-4.4613e+06 4.5107e+01 1.9259e+04 -4.3095e+03 -8.5397e+00 -1.2106e+04
-4.4926e+06 4.4956e+01 1.9208e+04 -4.3998e+03 -1.7186e+01 -1.2297e+04
-4.4255e+06 4.4809e+01 1.9156e+04 -4.4902e+03 -6.3254e+00 -1.2488e+04
-4.3427e+06 4.4671e+01 1.9104e+04 -4.5806e+03 -7.5443e-01 -1.2675e+04
-4.3030e+06 4.4533e+01 1.9051e+04 -4.6711e+03 -5.2712e+00 -1.2874e+04
-4.3010e+06 4.4338e+01 1.8997e+04 -4.7616e+03 3.1625e+00 -1.2994e+04
-4.1071e+06 5.2950e+01 2.0329e+04 -1.9683e+03 3.1039e+00 -5.9875e+03
-4.1422e+06 5.2519e+01 2.0304e+04 -2.0444e+03 7.2370e+00 -6.2146e+03
-4.2345e+06 5.1954e+01 2.0277e+04 -2.1215e+03 -7.7909e+00 -6.4612e+03
-4.2589e+06 5.1198e+01 2.0250e+04 -2.1994e+03 -1.0555e+01 -6.6961e+03
-4.2281e+06 5.0235e+01 2.0221e+04 -2.2783e+03 1.0926e+00 -6.9298e+03
-4.2431e+06 4.9230e+01 2.0192e+04 -2.3580e+03 8.8768e-01 -7.1618e+03
-4.2932e+06 4.8465e+01 2.0162e+04 -2.4385e+03 -3.5331e+00 -7.3927e+03
-4.3103e+06 4.8027e+01 2.0130e+04 -2.5198e+03 -3.3027e+00 -7.6221e+03
-4.3133e+06 4.7749e+01 2.0098e+04 -2.6019e+03 -1.3252e+00 -7.8495e+03
-4.3234e+06 4.7509e+01 2.0065e+04 -2.6847e+03 8.5016e-01 -8.0755e+03
-4.3672e+06 4.7301e+01 2.0030e+04 -2.7682e+03 -3.4060e-01 -8.2999e+03
-4.4016e+06 4.7108e+01 1.9995e+04 -2.8523e+03 -3.9834e+00 -8.5225e+03
-4.3960e+06 4.6907e+01 1.9959e+04 -2.9371e+03 -4.7753e+00 -8.7436e+03
-4.3738e+06 4.6714e+01 1.9922e+04 -3.0225e+03 -2.4136e+00 -8.9629e+03
-4.3731e+06 4.6554e+01 1.9884e+04 -3.1084e+03 2.2721e+00 -9.1801e+03
-4.4100e+06 4.6428e+01 1.9845e+04 -3.1948e+03 -3.3372e-01 -9.3960e+03
-4.4767e+06 4.6312e+01 1.9805e+04 -3.2818e+03 -1.2757e+01 -9.6105e+03
-4.4558e+06 4.6185e+01 1.9764e+04 -3.3692e+03 -9.9790e+00 -9.8228e+03
-4.3705e+06 4.6040e+01 1.9723e+04 -3.4570e+03 7.1489e+00 -1.0033e+04
-4.3720e+06 4.5893e+01 1.9680e+04 -3.5453e+03 7.6199e+00 -1.0242e+04
-4.4518e+06 4.5768e+01 1.9637e+04 -3.6339e+03 -8.7888e+00 -1.0449e+04
-4.4707e+06 4.5668e+01 1.9592e+04 -3.7228e+03 -1.0899e+01 -1.0655e+04
-4.4115e+06 4.5573e+01 1.9547e+04 -3.8120e+03 3.6500e+00 -1.0858e+04
-4.3879e+06 4.5461e+01 1.9501e+04 -3.9015e+03 7.6839e+00 -1.1060e+04
-4.4041e+06 4.5316e+01 1.9454e+04 -3.9913e+03 2.1351e+00 -1.1259e+04
-4.4173e+06 4.5153e+01 1.9407e+04 -4.0812e+03 -7.2330e-01 -1.1457e+04
-4.4023e+06 4.4994e+01 1.9358e+04 -4.1714e+03 3.7226e+00 -1.1654e+04
-4.4026e+06 4.4845e+01 1.9309e+04 -4.2617e+03 3.2799e+00 -1.1848e+04
-4.4397e+06 4.4704e+01 1.9259e+04 -4.3521e+03 -6.1586e+00 -1.2040e+04
-4.4284e+06 4.4569e+01 1.9208e+04 -4.4426e+03 -2.6706e+00 -1.2231e+04
-4.3616e+06 4.4440e+01 1.9157e+04 -4.5332e+03 -2.9876e-01 -1.2419e+04
-4.3221e+06 4.4313e+01 1.9105e+04 -4.6238e+03 -4.6669e+00 -1.2619e+04
-4.3106e+06 4.4129e+01 1.9052e+04 -4.7144e+03 3.1410e+00 -1.2738e+04
-4.1091e+06 5.2610e+01 2.0353e+04 -1.9200e+03 2.6910e+00 -5.7231e+03
-4.1407e+06 5.2296e+01 2.0328e+04 -1.9959e+03 5.8697e+00 -5.9499e+03
-4.2234e+06 5.1904e+01 2.0303e+04 -2.0728e+03 -8.7798e+00 -6.1968e+03
-4.2487e+06 5.1346e+01 2.0276e+04 -2.1507e+03 -9.5529e+00 -6.4318e+03
-4.2106e+06 5.0568e+01 2.0249e+04 -2.2294e+03 3.0816e+00 -6.6657e+03
-4.2232e+06 4.9632e+01 2.0221e+04 -2.3090e+03 2.2299e+00 -6.8977e+03
-4.2756e+06 4.8742e+01 2.0191e+04 -2.3894e+03 -3.3662e+00 -7.1284e+03
-4.3013e+06 4.8080e+01 2.0161e+04 -2.4706e+03 -3.7100e+00 -7.3579e+03
-4.3091e+06 4.7628e+01 2.0130e+04 -2.5526e+03 -1.4817e+00 -7.5857e+03
-4.3217e+06 4.7299e+01 2.0097e+04 -2.6353e+03 5.8106e-01 -7.8117e+03
-4.3671e+06 4.7059e+01 2.0064e+04 -2.7188e+03 -1.6982e+00 -8.0360e+03
-4.4089e+06 4.6867e+01 2.0030e+04 -2.8028e+03 -7.1077e+00 -8.2589e+03
-4.4078e+06 4.6680e+01 1.9995e+04 -2.8876e+03 -7.4160e+00 -8.4804e+03
-4.3685e+06 4.6508e+01 1.9958e+04 -2.9729e+03 -1.1090e+00 -8.7002e+03
-4.3678e+06 4.6370e+01 1.9921e+04 -3.0588e+03 2.2085e+00 -8.9178e+03
-4.4090e+06 4.6255e+01 1.9883e+04 -3.1452e+03 -3.8367e+00 -9.1339e+03
-4.4377e+06 4.6135e+01 1.9845e+04 -3.2321e+03 -7.2750e+00 -9.3487e+03
-4.4012e+06 4.5998e+01 1.9805e+04 -3.3195e+03 1.8395e+00 -9.5612e+03
-4.3812e+06 4.5856e+01 1.9764e+04 -3.4074e+03 9.3637e+00 -9.7720e+03
-4.4045e+06 4.5717e+01 1.9722e+04 -3.4956e+03 5.7912e+00 -9.9816e+03
-4.4711e+06 4.5588e+01 1.9680e+04 -3.5843e+03 -6.0209e+00 -1.0189e+04
-4.5122e+06 4.5470e+01 1.9637e+04 -3.6732e+03 -1.1375e+01 -1.0395e+04
-4.4857e+06 4.5351e+01 1.9592e+04 -3.7625e+03 -1.5812e+00 -1.0599e+04
-4.4540e+06 4.5220e+01 1.9547e+04 -3.8521e+03 1.7361e+00 -1.0801e+04
-4.4509e+06 4.5068e+01 1.9501e+04 -3.9419e+03 -1.6495e+00 -1.1001e+04
-4.4242e+06 4.4904e+01 1.9455e+04 -4.0320e+03 -1.2553e+00 -1.1199e+04
-4.3977e+06 4.4747e+01 1.9407e+04 -4.1222e+03 1.3036e+00 -1.1396e+04
-4.3629e+06 4.4600e+01 1.9359e+04 -4.2126e+03 5.3387e+00 -1.1591e+04
-4.3617e+06 4.4463e+01 1.9310e+04 -4.3031e+03 6.2286e+00 -1.1783e+04
-4.3633e+06 4.4332e+01 1.9260e+04 -4.3938e+03 7.5086e+00 -1.1975e+04
-4.3567e+06 4.4209e+01 1.9209e+04 -4.4845e+03 1.7743e+00 -1.2164e+04
-4.3315e+06 4.4087e+01 1.9158e+04 -4.5753e+03 -3.7265e+00 -1.2364e+04
-4.3284e+06 4.3907e+01 1.9106e+04 -4.6660e+03 4.8107e+00 -1.2483e+04
-4.1154e+06 5.2248e+01 2.0375e+04 -1.8706e+03 1.8779e+00 -5.4604e+03
-4.1250e+06 5.1984e+01 2.0352e+04 -1.9464e+03 7.3104e+00 -5.6871e+03
-4.1594e+06 5.1707e+01 2.0327e+04 -2.0232e+03 1.5449e+00 -5.9342e+03
-4.1750e+06 5.1323e+01 2.0302e+04 -2.1009e+03 1.6789e+00 -6.1688e+03
-4.1773e+06 5.0743e+01 2.0276e+04 -2.1795e+03 6.0834e+00 -6.4026e+03
-4.1965e+06 4.9966e+01 2.0248e+04 -2.2590e+03 3.3322e+00 -6.6349e+03
-4.2395e+06 4.9103e+01 2.0220e+04 -2.3393e+03 -5.0523e-02 -6.8659e+03
-4.2703e+06 4.8298e+01 2.0191e+04 -2.4204e+03 -4.9773e-01 -7.0953e+03
-4.2921e+06 4.7629e+01 2.0160e+04 -2.5023e+03 8.5773e-02 -7.3231e+03
-4.3089e+06 4.7131e+01 2.0129e+04 -2.5849e+03 5.7197e-01 -7.5494e+03
-4.3379e+06 4.6819e+01 2.0097e+04 -2.6682e+03 -6.1683e-01 -7.7740e+03
-4.3676e+06 4.6623e+01 2.0063e+04 -2.7522e+03 -2.7218e+00 -7.9971e+03
-4.3721e+06 4.6460e+01 2.0029e+04 -2.8369e+03 -2.0764e+00 -8.2186e+03
-4.3532e+06 4.6316e+01 1.9994e+04 -2.9222e+03 1.8840e+00 -8.4385e+03
-4.3533e+06 4.6194e+01 1.9958e+04 -3.0080e+03 1.9189e+00 -8.6568e+03
-4.3837e+06 4.6073e+01 1.9921e+04 -3.0944e+03 -4.3983e+00 -8.8731e+03
-4.3924e+06 4.5936e+01 1.9883e+04 -3.1813e+03 -3.6900e+00 -9.0880e+03
-4.3872e+06 4.5789e+01 1.9844e+04 -3.2687e+03 3.6724e+00 -9.3010e+03
-4.4253e+06 4.5647e+01 1.9804e+04 -3.3566e+03 1.2035e+00 -9.5123e+03
-4.4653e+06 4.5510e+01 1.9764e+04 -3.4448e+03 -3.5243e+00 -9.7219e+03
-4.4902e+06 4.5374e+01 1.9722e+04 -3.5335e+03 -6.8734e+00 -9.9300e+03
-4.5173e+06 4.5239e+01 1.9680e+04 -3.6225e+03 -7.9527e+00 -1.0136e+04
-4.5005e+06 4.5104e+01 1.9637e+04 -3.7118e+03 -9.1268e-01 -1.0340e+04
-4.4983e+06 4.4965e+01 1.9592e+04 -3.8015e+03 -1.6250e+00 -1.0543e+04
-4.4916e+06 4.4815e+01 1.9547e+04 -3.8914e+03 -5.6999e+00 -1.0744e+04
-4.4659e+06 4.4660e+01 1.9502e+04 -3.9815e+03 -7.4453e+00 -1.0943e+04
-4.4316e+06 4.4508e+01 1.9455e+04 -4.0718e+03 -7.8490e+00 -1.1140e+04
-4.3844e+06 4.4364e+01 1.9408e+04 -4.1623e+03 -4.6110e-01 -1.1336e+04
-4.3482e+06 4.4230e+01 1.9359e+04 -4.2529e+03 5.8604e+00 -1.1528e+04
-4.3525e+06 4.4104e+01 1.9310e+04 -4.3437e+03 7.2477e+00 -1.1721e+04
-4.3634e+06 4.3984e+01 1.9261e+04 -4.4346e+03 3.6125e-01 -1.1910e+04
-4.3631e+06 4.3865e+01 1.9210e+04 -4.5255e+03 -4.5993e+00 -1.2112e+04
-4.3647e+06 4.3690e+01 1.9159e+04 -4.6164e+03 1.5923e+00 -1.2230e+04
-4.1186e+06 5.1887e+01 2.0397e+04 -1.8203e+03 1.3512e+00 -5.1994e+03
-4.1239e+06 5.1630e+01 2.0374e+04 -1.8959e+03 6.6825e+00 -5.4259e+03
-4.1315e+06 5.1395e+01 2.0351e+04 -1.9725e+03 2.9792e+00 -5.6730e+03
-4.1464e+06 5.1132e+01 2.0327e+04 -2.0501e+03 2.7097e+00 -5.9078e+03
-4.1660e+06 5.0737e+01 2.0301e+04 -2.1285e+03 4.4720e+00 -6.1414e+03
-4.1982e+06 5.0142e+01 2.0275e+04 -2.2079e+03 1.8940e+00 -6.3737e+03
-4.2241e+06 4.9389e+01 2.0247e+04 -2.2881e+03 6.2760e-01 -6.6050e+03
-4.2426e+06 4.8571e+01 2.0219e+04 -2.3691e+03 1.3385e+00 -6.8342e+03
-4.2673e+06 4.7756e+01 2.0190e+04 -2.4508e+03 1.0680e+00 -7.0620e+03
-4.2956e+06 4.7054e+01 2.0159e+04 -2.5334e+03 2.5710e-01 -7.2885e+03
-4.3191e+06 4.6594e+01 2.0128e+04 -2.6166e+03 -1.4235e-01 -7.5136e+03
-4.3350e+06 4.6364e+01 2.0096e+04 -2.7006e+03 2.9337e-01 -7.7369e+03
-4.3414e+06 4.6232e+01 2.0063e+04 -2.7852e+03 1.2409e+00 -7.9582e+03
-4.3398e+06 4.6117e+01 2.0028e+04 -2.8704e+03 2.2891e+00 -8.1782e+03
-4.3408e+06 4.6003e+01 1.9993e+04 -2.9562e+03 2.1003e+00 -8.3970e+03
-4.3535e+06 4.5870e+01 1.9957e+04 -3.0425e+03 5.3062e-02 -8.6138e+03
-4.3587e+06 4.5716e+01 1.9920e+04 -3.1294e+03 8.7715e-01 -8.8286e+03
-4.3664e+06 4.5559e+01 1.9882e+04 -3.2168e+03 2.8546e+00 -9.0419e+03
-4.4265e+06 4.5417e+01 1.9844e+04 -3.3047e+03 -1.6794e+00 -9.2538e+03
-4.4728e+06 4.5281e+01 1.9804e+04 -3.3929e+03 -4.9379e+00 -9.4636e+03
-4.4712e+06 4.5139e+01 1.9763e+04 -3.4816e+03 -3.6197e+00 -9.6720e+03
-4.4587e+06 4.4991e+01 1.9722e+04 -3.5706e+03 1.3142e+00 -9.8787e+03
-4.4771e+06 4.4847e+01 1.9680e+04 -3.6600e+03 2.1598e+00 -1.0083e+04
-4.5192e+06 4.4709e+01 1.9636e+04 -3.7497e+03 -7.5098e+00 -1.0286e+04
-4.5035e+06 4.4566e+01 1.9592e+04 -3.8396e+03 -8.1585e+00 -1.0487e+04
-4.4560e+06 4.4419e+01 1.9548e+04 -3.9298e+03 -4.9638e+00 -1.0687e+04
-4.4298e+06 4.4272e+01 1.9502e+04 -4.0202e+03 -5.7082e+00 -1.0885e+04
-4.3870e+06 4.4130e+01 1.9455e+04 -4.1108e+03 -2.6811e-01 -1.1081e+04
-4.3602e+06 4.4000e+01 1.9408e+04 -4.2016e+03 4.2404e+00 -1.1274e+04
-4.3596e+06 4.3880e+01 1.9360e+04 -4.2925e+03 4.4049e+00 -1.1467e+04
-4.3747e+06 4.3764e+01 1.9311e+04 -4.3834e+03 -1.6856e+00 -1.1656e+04
-4.3861e+06 4.3650e+01 1.9261e+04 -4.4745e+03 -7.8601e+00 -1.1860e+04
-4.4222e+06 4.3482e+01 1.9211e+04 -4.5656e+03 -7.8006e+00 -1.1977e+04
-4.1255e+06 5.1534e+01 2.0418e+04 -1.7690e+03 1.0718e+00 -4.9399e+03
-4.1279e+06 5.1276e+01 2.0396e+04 -1.8444e+03 5.7233e+00 -5.1661e+03
-4.1415e+06 5.1043e+01 2.0374e+04 -1.9209e+03 5.6672e-01 -5.4132e+03
-4.1497e+06 5.0821e+01 2.0350e+04 -1.9983e+03 -3.2271e-01 -5.6482e+03
-4.1735e+06 5.0560e+01 2.0326e+04 -2.0766e+03 1.3068e+00 -5.8819e+03
-4.2118e+06 5.0161e+01 2.0300e+04 -2.1558e+03 -2.6208e+00 -6.1141e+03
-4.2375e+06 4.9570e+01 2.0274e+04 -2.2359e+03 -3.6201e+00 -6.3453e+03
-4.2355e+06 4.8832e+01 2.0247e+04 -2.3167e+03 -2.2273e-01 -6.5745e+03
-4.2507e+06 4.8006e+01 2.0218e+04 -2.3984e+03 1.1070e+00 -6.8025e+03
-4.2784e+06 4.7170e+01 2.0189e+04 -2.4809e+03 3.2430e-01 -7.0291e+03
-4.3071e+06 4.6498e+01 2.0159e+04 -2.5640e+03 -5.1962e-01 -7.2541e+03
-4.3269e+06 4.6122e+01 2.0127e+04 -2.6479e+03 -4.8424e-01 -7.4776e+03
-4.3376e+06 4.5968e+01 2.0095e+04 -2.7324e+03 -1.4178e-01 -7.6993e+03
-4.3419e+06 4.5880e+01 2.0062e+04 -2.8175e+03 1.5752e-01 -7.9195e+03
-4.3413e+06 4.5774e+01 2.0028e+04 -2.9033e+03 7.7982e-01 -8.1383e+03
-4.3401e+06 4.5637e+01 1.9993e+04 -2.9896e+03 1.6031e+00 -8.3554e+03
-4.3412e+06 4.5475e+01 1.9957e+04 -3.0765e+03 2.5811e+00 -8.5705e+03
-4.3536e+06 4.5312e+01 1.9920e+04 -3.1638e+03 3.4937e+00 -8.7841e+03
-4.3799e+06 4.5168e+01 1.9882e+04 -3.2517e+03 2.6279e+00 -8.9964e+03
-4.4281e+06 4.5035e+01 1.9843e+04 -3.3399e+03 -4.4168e-02 -9.2066e+03
-4.4470e+06 4.4893e+01 1.9804e+04 -3.4286e+03 -5.4729e-01 -9.4153e+03
-4.4243e+06 4.4741e+01 1.9763e+04 -3.5177e+03 4.1467e+00 -9.6221e+03
-4.4346e+06 4.4594e+01 1.9722e+04 -3.6071e+03 8.8574e-01 -9.8273e+03
-4.4912e+06 4.4457e+01 1.9679e+04 -3.6968e+03 -9.8444e+00 -1.0031e+04
-4.4721e+06 4.4320e+01 1.9636e+04 -3.7868e+03 -5.0633e+00 -1.0232e+04
-4.4185e+06 4.4178e+01 1.9592e+04 -3.8770e+03 5.1271e+00 -1.0432e+04
-4.3951e+06 4.4037e+01 1.9548e+04 -3.9675e+03 6.0028e+00 -1.0630e+04
-4.3862e+06 4.3901e+01 1.9502e+04 -4.0582e+03 5.4905e+00 -1.0827e+04
-4.3685e+06 4.3776e+01 1.9456e+04 -4.1491e+03 5.9890e+00 -1.1021e+04
-4.3763e+06 4.3661e+01 1.9408e+04 -4.2400e+03 5.0846e+00 -1.1215e+04
-4.3874e+06 4.3551e+01 1.9360e+04 -4.3311e+03 -2.3307e+00 -1.1404e+04
-4.4006e+06 4.3442e+01 1.9312e+04 -4.4223e+03 -7.4200e+00 -1.1609e+04
-4.4306e+06 4.3277e+01 1.9262e+04 -4.5135e+03 -6.2620e+00 -1.1725e+04
-4.1279e+06 5.1181e+01 2.0437e+04 -1.7168e+03 2.0455e+00 -4.6822e+03
-4.1331e+06 5.0932e+01 2.0417e+04 -1.7921e+03 5.9232e+00 -4.9081e+03
-4.1402e+06 5.0702e+01 2.0395e+04 -1.8683e+03 6.9879e-01 -5.1551e+03
-4.1529e+06 5.0478e+01 2.0373e+04 -1.9456e+03 -3.3226e-01 -5.3896e+03
-4.1721e+06 5.0266e+01 2.0349e+04 -2.0237e+03 8.9036e-01 -5.6234e+03
-4.2127e+06 5.0012e+01 2.0325e+04 -2.1028e+03 -3.6221e+00 -5.8559e+03
-4.2330e+06 4.9610e+01 2.0300e+04 -2.1827e+03 -4.5789e+00 -6.0870e+03
-4.2235e+06 4.9024e+01 2.0273e+04 -2.2635e+03 4.7718e-02 -6.3164e+03
-4.2294e+06 4.8300e+01 2.0246e+04 -2.3450e+03 2.5027e+00 -6.5445e+03
-4.2581e+06 4.7476e+01 2.0217e+04 -2.4273e+03 1.6041e+00 -6.7712e+03
-4.2921e+06 4.6654e+01 2.0188e+04 -2.5104e+03 -4.3230e-01 -6.9962e+03
-4.3207e+06 4.6035e+01 2.0158e+04 -2.5942e+03 -1.6554e+00 -7.2198e+03
-4.3396e+06 4.5724e+01 2.0127e+04 -2.6786e+03 -1.5356e+00 -7.4418e+03
-4.3485e+06 4.5609e+01 2.0094e+04 -2.7637e+03 -7.1427e-01 -7.6623e+03
-4.3490e+06 4.5513e+01 2.0061e+04 -2.8494e+03 -3.2798e-02 -7.8812e+03
-4.3475e+06 4.5377e+01 2.0027e+04 -2.9356e+03 4.3472e-01 -8.0984e+03
-4.3477e+06 4.5217e+01 1.9992e+04 -3.0225e+03 7.0432e-01 -8.3140e+03
-4.3464e+06 4.5058e+01 1.9956e+04 -3.1098e+03 1.7289e+00 -8.5278e+03
-4.3631e+06 4.4914e+01 1.9919e+04 -3.1976e+03 2.5466e+00 -8.7402e+03
-4.4028e+06 4.4782e+01 1.9882e+04 -3.2859e+03 -8.0939e-02 -8.9508e+03
-4.4245e+06 4.4643e+01 1.9843e+04 -3.3745e+03 -1.7599e+00 -9.1596e+03
-4.4023e+06 4.4494e+01 1.9803e+04 -3.4636e+03 2.0927e+00 -9.3669e+03
-4.3931e+06 4.4349e+01 1.9763e+04 -3.5530e+03 3.7021e+00 -9.5727e+03
-4.4075e+06 4.4212e+01 1.9721e+04 -3.6428e+03 1.6130e+00 -9.7764e+03
-4.4028e+06 4.4078e+01 1.9679e+04 -3.7328e+03 4.8177e+00 -9.9784e+03
-4.3821e+06 4.3943e+01 1.9636e+04 -3.8232e+03 9.9184e+00 -1.0179e+04
-4.3866e+06 4.3811e+01 1.9592e+04 -3.9137e+03 8.7853e+00 -1.0378e+04
-4.4027e+06 4.3685e+01 1.9548e+04 -4.0045e+03 2.5617e+00 -1.0574e+04
-4.3996e+06 4.3564e+01 1.9502e+04 -4.0954e+03 1.8103e+00 -1.0769e+04
-4.3891e+06 4.3450e+01 1.9456e+04 -4.1865e+03 4.8614e+00 -1.0963e+04
-4.3930e+06 4.3344e+01 1.9409e+04 -4.2777e+03 -2.0778e+00 -1.1153e+04
-4.3893e+06 4.3238e+01 1.9361e+04 -4.3690e+03 -3.6663e+00 -1.1357e+04
-4.4045e+06 4.3075e+01 1.9312e+04 -4.4604e+03 3.8051e+00 -1.1475e+04
-4.1442e+06 5.0830e+01 2.0456e+04 -1.6636e+03 1.9570e+00 -4.4258e+03
-4.1424e+06 5.0596e+01 2.0436e+04 -1.7388e+03 5.9518e+00 -4.6516e+03
-4.1535e+06 5.0381e+01 2.0416e+04 -1.8149e+03 -1.2389e-01 -4.8987e+03
-4.1627e+06 5.0158e+01 2.0394e+04 -1.8919e+03 -1.3932e+00 -5.1331e+03
-4.1704e+06 4.9946e+01 2.0372e+04 -1.9699e+03 5.1498e-01 -5.3669e+03
-4.1903e+06 4.9746e+01 2.0349e+04 -2.0488e+03 -1.5922e+00 -5.5993e+03
-4.2060e+06 4.9486e+01 2.0324e+04 -2.1286e+03 -1.2159e+00 -5.8302e+03
-4.2126e+06 4.9082e+01 2.0299e+04 -2.2092e+03 1.7342e+00 -6.0599e+03
-4.2265e+06 4.8518e+01 2.0272e+04 -2.2907e+03 1.7485e+00 -6.2880e+03
-4.2504e+06 4.7818e+01 2.0245e+04 -2.3729e+03 3.2450e-01 -6.5147e+03
-4.2764e+06 4.7011e+01 2.0217e+04 -2.4558e+03 -7.9889e-01 -6.7399e+03
-4.3119e+06 4.6226e+01 2.0187e+04 -2.5395e+03 -2.1435e+00 -6.9635e+03
-4.3404e+06 4.5668e+01 2.0157e+04 -2.6238e+03 -2.6461e+00 -7.1856e+03
-4.3621e+06 4.5401e+01 2.0126e+04 -2.7088e+03 -1.6475e+00 -7.4064e+03
-4.3651e+06 4.5268e+01 2.0094e+04 -2.7945e+03 -9.6735e-01 -7.6256e+03
-4.3622e+06 4.5125e+01 2.0061e+04 -2.8807e+03 -1.2768e+00 -7.8428e+03
-4.3566e+06 4.4962e+01 2.0026e+04 -2.9674e+03 -1.4221e+00 -8.0586e+03
-4.3631e+06 4.4806e+01 1.9992e+04 -3.0547e+03 -3.6505e-01 -8.2727e+03
-4.3696e+06 4.4665e+01 1.9956e+04 -3.1425e+03 -2.1334e-01 -8.4853e+03
-4.4017e+06 4.4532e+01 1.9919e+04 -3.2308e+03 -3.0596e+00 -8.6963e+03
-4.4109e+06 4.4397e+01 1.9881e+04 -3.3194e+03 -3.2258e+00 -8.9055e+03
-4.3935e+06 4.4255e+01 1.9842e+04 -3.4085e+03 7.4195e-01 -9.1131e+03
-4.3746e+06 4.4116e+01 1.9803e+04 -3.4980e+03 3.1180e+00 -9.3191e+03
-4.3829e+06 4.3982e+01 1.9763e+04 -3.5877e+03 2.9776e+00 -9.5233e+03
-4.3825e+06 4.3851e+01 1.9721e+04 -3.6778e+03 3.4124e+00 -9.7253e+03
-4.3893e+06 4.3721e+01 1.9679e+04 -3.7682e+03 4.8323e+00 -9.9264e+03
-4.4109e+06 4.3597e+01 1.9636e+04 -3.8588e+03 7.0395e-01 -1.0126e+04
-4.4632e+06 4.3481e+01 1.9592e+04 -3.9496e+03 -1.0992e+01 -1.0323e+04
-4.4532e+06 4.3364e+01 1.9548e+04 -4.0407e+03 -1.0066e+01 -1.0518e+04
-4.4255e+06 4.3248e+01 1.9502e+04 -4.1318e+03 1.9735e+00 -1.0712e+04
-4.4086e+06 4.3143e+01 1.9456e+04 -4.2231e+03 -1.0940e+00 -1.0903e+04
-4.4063e+06 4.3039e+01 1.9409e+04 -4.3146e+03 -3.8769e+00 -1.1106e+04
-4.3963e+06 4.2877e+01 1.9361e+04 -4.4061e+03 5.2108e+00 -1.1227e+04
-4.1732e+06 5.0510e+01 2.0473e+04 -1.6097e+03 1.6814e+00 -4.1703e+03
-4.1542e+06 5.0280e+01 2.0455e+04 -1.6846e+03 1.0500e+01 -4.3964e+03
-4.1595e+06 5.0074e+01 2.0436e+04 -1.7605e+03 3.5148e+00 -4.6445e+03
-4.1714e+06 4.9860e+01 2.0415e+04 -1.8374e+03 1.6854e+00 -4.8787e+03
-4.1749e+06 4.9646e+01 2.0394e+04 -1.9152e+03 3.9392e+00 -5.1125e+03
-4.1835e+06 4.9451e+01 2.0371e+04 -1.9940e+03 3.5909e+00 -5.3448e+03
-4.1913e+06 4.9251e+01 2.0348e+04 -2.0736e+03 4.7606e+00 -5.5756e+03
-4.2052e+06 4.8982e+01 2.0323e+04 -2.1541e+03 5.1652e+00 -5.8051e+03
-4.2323e+06 4.8585e+01 2.0298e+04 -2.2354e+03 1.8214e+00 -6.0333e+03
-4.2531e+06 4.8048e+01 2.0272e+04 -2.3175e+03 8.5439e-01 -6.2601e+03
-4.2658e+06 4.7381e+01 2.0244e+04 -2.4003e+03 2.9883e+00 -6.4852e+03
-4.2908e+06 4.6624e+01 2.0216e+04 -2.4839e+03 2.8327e+00 -6.7089e+03
-4.3256e+06 4.5912e+01 2.0187e+04 -2.5681e+03 1.2873e+00 -6.9310e+03
-4.3551e+06 4.5417e+01 2.0156e+04 -2.6530e+03 1.2865e+00 -7.1518e+03
-4.3693e+06 4.5140e+01 2.0125e+04 -2.7386e+03 1.5944e+00 -7.3711e+03
-4.3694e+06 4.4943e+01 2.0093e+04 -2.8247e+03 1.4401e+00 -7.5888e+03
-4.3683e+06 4.4749e+01 2.0060e+04 -2.9114e+03 1.6299e+00 -7.8046e+03
-4.3627e+06 4.4573e+01 2.0026e+04 -2.9987e+03 2.8910e+00 -8.0191e+03
-4.3741e+06 4.4424e+01 1.9991e+04 -3.0864e+03 3.0552e+00 -8.2320e+03
-4.3960e+06 4.4289e+01 1.9955e+04 -3.1747e+03 7.8105e-01 -8.4431e+03
-4.4002e+06 4.4155e+01 1.9918e+04 -3.2633e+03 1.2118e+00 -8.6526e+03
-4.3829e+06 4.4020e+01 1.9881e+04 -3.3524e+03 4.5139e+00 -8.8605e+03
-4.3878e+06 4.3888e+01 1.9842e+04 -3.4418e+03 5.3736e+00 -9.0666e+03
-4.4036e+06 4.3762e+01 1.9803e+04 -3.5316e+03 3.2327e+00 -9.2712e+03
-4.4108e+06 4.3637e+01 1.9762e+04 -3.6218e+03 2.3407e+00 -9.4740e+03
-4.3990e+06 4.3510e+01 1.9721e+04 -3.7122e+03 4.8932e+00 -9.6751e+03
-4.4173e+06 4.3391e+01 1.9679e+04 -3.8028e+03 2.6473e+00 -9.8747e+03
-4.4601e+06 4.3280e+01 1.9636e+04 -3.8937e+03 -8.1064e+00 -1.0072e+04
-4.4728e+06 4.3166e+01 1.9592e+04 -3.9848e+03 -6.3262e+00 -1.0268e+04
-4.4457e+06 4.3051e+01 1.9548e+04 -4.0761e+03 6.5636e+00 -1.0463e+04
-4.4342e+06 4.2945e+01 1.9503e+04 -4.1675e+03 2.5358e+00 -1.0655e+04
-4.4200e+06 4.2841e+01 1.9456e+04 -4.2590e+03 -4.2878e+00 -1.0857e+04
-4.4212e+06 4.2683e+01 1.9409e+04 -4.3506e+03 4.4086e+00 -1.0981e+04
-4.1966e+06 5.0222e+01 2.0490e+04 -1.5549e+03 3.0830e+00 -3.9171e+03
-4.1637e+06 4.9990e+01 2.0473e+04 -1.6296e+03 1.3236e+01 -4.1427e+03
-4.1699e+06 4.9783e+01 2.0454e+04 -1.7053e+03 5.7334e+00 -4.3910e+03
-4.1782e+06 4.9571e+01 2.0435e+04 -1.7820e+03 3.4008e+00 -4.6251e+03
-4.1816e+06 4.9360e+01 2.0414e+04 -1.8597e+03 5.6138e+00 -4.8587e+03
-4.1852e+06 4.9164e+01 2.0393e+04 -1.9383e+03 5.3617e+00 -5.0911e+03
-4.1929e+06 4.8973e+01 2.0370e+04 -2.0177e+03 6.1534e+00 -5.3219e+03
-4.2074e+06 4.8760e+01 2.0347e+04 -2.0981e+03 6.0810e+00 -5.5514e+03
-4.2328e+06 4.8485e+01 2.0322e+04 -2.1792e+03 3.2127e+00 -5.7796e+03
-4.2495e+06 4.8108e+01 2.0297e+04 -2.2612e+03 3.1713e+00 -6.0065e+03
-4.2549e+06 4.7615e+01 2.0271e+04 -2.3439e+03 5.8765e+00 -6.2318e+03
-4.2732e+06 4.7016e+01 2.0243e+04 -2.4273e+03 6.2612e+00 -6.4556e+03
-4.3017e+06 4.6345e+01 2.0215e+04 -2.5115e+03 4.7780e+00 -6.6778e+03
-4.3356e+06 4.5712e+01 2.0186e+04 -2.5963e+03 3.8182e+00 -6.8986e+03
-4.3574e+06 4.5237e+01 2.0155e+04 -2.6818e+03 3.2625e+00 -7.1180e+03
-4.3670e+06 4.4909e+01 2.0124e+04 -2.7678e+03 3.2980e+00 -7.3360e+03
-4.3676e+06 4.4639e+01 2.0092e+04 -2.8545e+03 3.9827e+00 -7.5521e+03
-4.3761e+06 4.4401e+01 2.0059e+04 -2.9417e+03 5.1236e+00 -7.7667e+03
-4.3779e+06 4.4213e+01 2.0025e+04 -3.0294e+03 5.5664e+00 -7.9798e+03
-4.3876e+06 4.4060e+01 1.9990e+04 -3.1176e+03 5.1230e+00 -8.1913e+03
-4.3920e+06 4.3916e+01 1.9954e+04 -3.2062e+03 5.5187e+00 -8.4009e+03
-4.3925e+06 4.3780e+01 1.9918e+04 -3.2953e+03 7.5324e+00 -8.6092e+03
-4.3986e+06 4.3656e+01 1.9880e+04 -3.3847e+03 8.6598e+00 -8.8157e+03
-4.4385e+06 4.3539e+01 1.9842e+04 -3.4746e+03 4.7778e+00 -9.0205e+03
-4.4572e+06 4.3423e+01 1.9802e+04 -3.5647e+03 1.7130e+00 -9.2238e+03
-4.4391e+06 4.3304e+01 1.9762e+04 -3.6551e+03 5.2961e+00 -9.4253e+03
-4.4210e+06 4.3189e+01 1.9721e+04 -3.7459e+03 7.7787e+00 -9.6252e+03
-4.4401e+06 4.3082e+01 1.9679e+04 -3.8368e+03 5.1248e+00 -9.8235e+03
-4.4498e+06 4.2973e+01 1.9636e+04 -3.9280e+03 8.0528e+00 -1.0019e+04
-4.4694e+06 4.2860e+01 1.9592e+04 -4.0193e+03 1.0678e+01 -1.0215e+04
-4.4717e+06 4.2751e+01 1.9548e+04 -4.1108e+03 -3.0365e-01 -1.0408e+04
-4.4668e+06 4.2644e+01 1.9503e+04 -4.2024e+03 -4.9384e+00 -1.0610e+04
-4.4593e+06 4.2495e+01 1.9457e+04 -4.2942e+03 5.5446e+00 -1.0733e+04
-4.1789e+06 4.9942e+01 2.0506e+04 -1.4993e+03 1.5219e+00 -3.6660e+03
-4.1750e+06 4.9716e+01 2.0489e+04 -1.5738e+03 3.3821e+00 -3.8903e+03
-4.1775e+06 4.9507e+01 2.0472e+04 -1.6493e+03 -6.0431e+00 -4.1407e+03
-4.1885e+06 4.9295e+01 2.0453e+04 -1.7259e+03 -8.2971e+00 -4.3741e+03
-4.1920e+06 4.9084e+01 2.0434e+04 -1.8033e+03 -6.2480e+00 -4.6076e+03
-4.1986e+06 4.8885e+01 2.0413e+04 -1.8817e+03 -6.9232e+00 -4.8397e+03
-4.2043e+06 4.8691e+01 2.0392e+04 -1.9610e+03 -6.6125e+00 -5.0707e+03
-4.2122e+06 4.8487e+01 2.0369e+04 -2.0412e+03 -6.0058e+00 -5.3004e+03
-4.2252e+06 4.8266e+01 2.0346e+04 -2.1222e+03 -6.3598e+00 -5.5286e+03
-4.2405e+06 4.8009e+01 2.0322e+04 -2.2040e+03 -6.0934e+00 -5.7552e+03
-4.2528e+06 4.7678e+01 2.0296e+04 -2.2866e+03 -5.8515e+00 -5.9807e+03
-4.2682e+06 4.7255e+01 2.0270e+04 -2.3699e+03 -6.3008e+00 -6.2048e+03
-4.2864e+06 4.6738e+01 2.0242e+04 -2.4540e+03 -7.0027e+00 -6.4272e+03
-4.3132e+06 4.6140e+01 2.0214e+04 -2.5387e+03 -7.8951e+00 -6.6482e+03
-4.3389e+06 4.5554e+01 2.0185e+04 -2.6241e+03 -9.1896e+00 -6.8676e+03
-4.3590e+06 4.5080e+01 2.0155e+04 -2.7100e+03 -9.5302e+00 -7.0855e+03
-4.3712e+06 4.4703e+01 2.0123e+04 -2.7966e+03 -9.0039e+00 -7.3021e+03
-4.3777e+06 4.4370e+01 2.0091e+04 -2.8838e+03 -8.7612e+00 -7.5171e+03
-4.3878e+06 4.4097e+01 2.0058e+04 -2.9714e+03 -8.8853e+00 -7.7302e+03
-4.3965e+06 4.3889e+01 2.0024e+04 -3.0596e+03 -8.5815e+00 -7.9420e+03
-4.4013e+06 4.3709e+01 1.9990e+04 -3.1482e+03 -8.4818e+00 -8.1522e+03
-4.4057e+06 4.3550e+01 1.9954e+04 -3.2372e+03 -7.2358e+00 -8.3606e+03
-4.4329e+06 4.3424e+01 1.9917e+04 -3.3267e+03 -7.4290e+00 -8.5674e+03
-4.4983e+06 4.3316e+01 1.9880e+04 -3.4165e+03 -1.5295e+01 -8.7726e+03
-4.5166e+06 4.3207e+01 1.9841e+04 -3.5067e+03 -1.7588e+01 -8.9763e+03
-4.4704e+06 4.3095e+01 1.9802e+04 -3.5971e+03 -1.0095e+01 -9.1782e+03
-4.4496e+06 4.2988e+01 1.9762e+04 -3.6879e+03 -7.2881e+00 -9.3786e+03
-4.4488e+06 4.2891e+01 1.9721e+04 -3.7789e+03 -6.2250e+00 -9.5773e+03
-4.4538e+06 4.2792e+01 1.9679e+04 -3.8701e+03 -1.1341e+00 -9.7737e+03
-4.4870e+06 4.2683e+01 1.9636e+04 -3.9615e+03 -4.9063e+00 -9.9688e+03
-4.5191e+06 4.2568e+01 1.9592e+04 -4.0531e+03 -1.5323e+01 -1.0161e+04
-4.5209e+06 4.2458e+01 1.9548e+04 -4.1448e+03 -1.4065e+01 -1.0368e+04
-4.5402e+06 4.2327e+01 1.9503e+04 -4.2366e+03 -7.5469e+00 -1.0487e+04
-4.1802e+06 4.9659e+01 2.0521e+04 -1.4429e+03 1.3932e+00 -3.4200e+03
-4.1759e+06 4.9444e+01 2.0505e+04 -1.5172e+03 -3.5343e-01 -3.6424e+03
-4.1845e+06 4.9237e+01 2.0489e+04 -1.5926e+03 -8.5044e+00 -3.8841e+03
-4.1935e+06 4.9028e+01 2.0471e+04 -1.6689e+03 -9.9876e+00 -4.1212e+03
-4.1941e+06 4.8819e+01 2.0453e+04 -1.7462e+03 -8.2757e+00 -4.3542e+03
-4.1994e+06 4.8618e+01 2.0433e+04 -1.8244e+03 -9.3848e+00 -4.5867e+03
-4.2062e+06 4.8422e+01 2.0412e+04 -1.9035e+03 -9.5415e+00 -4.8167e+03
-4.2136e+06 4.8218e+01 2.0391e+04 -1.9835e+03 -8.6966e+00 -5.0457e+03
-4.2206e+06 4.8008e+01 2.0369e+04 -2.0644e+03 -8.0339e+00 -5.2740e+03
-4.2310e+06 4.7806e+01 2.0345e+04 -2.1460e+03 -7.9632e+00 -5.5010e+03
-4.2428e+06 4.7587e+01 2.0321e+04 -2.2285e+03 -8.9538e+00 -5.7266e+03
-4.2570e+06 4.7306e+01 2.0295e+04 -2.3117e+03 -9.5849e+00 -5.9503e+03
-4.2667e+06 4.6940e+01 2.0269e+04 -2.3956e+03 -9.1225e+00 -6.1723e+03
-4.2856e+06 4.6475e+01 2.0242e+04 -2.4802e+03 -8.8051e+00 -6.3932e+03
-4.3072e+06 4.5927e+01 2.0213e+04 -2.5655e+03 -9.4233e+00 -6.6131e+03
-4.3305e+06 4.5395e+01 2.0184e+04 -2.6514e+03 -1.0638e+01 -6.8318e+03
-4.3442e+06 4.4939e+01 2.0154e+04 -2.7379e+03 -1.1429e+01 -7.0474e+03
-4.3646e+06 4.4527e+01 2.0123e+04 -2.8249e+03 -1.0653e+01 -7.2612e+03
-4.3744e+06 4.4151e+01 2.0091e+04 -2.9125e+03 -1.0746e+01 -7.4759e+03
-4.3870e+06 4.3845e+01 2.0058e+04 -3.0006e+03 -1.1962e+01 -7.6881e+03
-4.3957e+06 4.3595e+01 2.0024e+04 -3.0892e+03 -1.2131e+01 -7.8972e+03
-4.4055e+06 4.3379e+01 1.9989e+04 -3.1782e+03 -1.0644e+01 -8.1061e+03
-4.4238e+06 4.3215e+01 1.9953e+04 -3.2677e+03 -1.1771e+01 -8.3139e+03
-4.4849e+06 4.3097e+01 1.9916e+04 -3.3575e+03 -1.9029e+01 -8.5194e+03
-4.4916e+06 4.2990e+01 1.9879e+04 -3.4477e+03 -1.8248e+01 -8.7226e+03
-4.4547e+06 4.2882e+01 1.9841e+04 -3.5381e+03 -1.0893e+01 -8.9244e+03
-4.4494e+06 4.2786e+01 1.9801e+04 -3.6289e+03 -1.1430e+01 -9.1243e+03
-4.4627e+06 4.2699e+01 1.9761e+04 -3.7200e+03 -1.2067e+01 -9.3242e+03
-4.4664e+06 4.2613e+01 1.9720e+04 -3.8112e+03 -8.7921e+00 -9.5216e+03
-4.5265e+06 4.2514e+01 1.9678e+04 -3.9027e+03 -1.2530e+01 -9.7171e+03
-4.5705e+06 4.2402e+01 1.9636e+04 -3.9944e+03 -1.9082e+01 -9.9056e+03
-4.5679e+06 4.2293e+01 1.9592e+04 -4.0862e+03 -1.4042e+01 -1.0114e+04
-4.5815e+06 4.2186e+01 1.9548e+04 -4.1781e+03 -7.5677e+00 -1.0239e+04
-4.1692e+06 4.9345e+01 2.0535e+04 -1.3858e+03 3.4813e+00 -3.2147e+03
-4.1813e+06 4.9137e+01 2.0520e+04 -1.4599e+03 4.4498e+00 -3.4439e+03
-4.1948e+06 4.8928e+01 2.0504e+04 -1.5350e+03 2.6219e+00 -3.6764e+03
-4.1999e+06 4.8722e+01 2.0488e+04 -1.6112e+03 2.3878e+00 -3.9162e+03
-4.1970e+06 4.8520e+01 2.0470e+04 -1.6882e+03 3.3222e+00 -4.1468e+03
-4.2049e+06 4.8324e+01 2.0452e+04 -1.7663e+03 3.1916e+00 -4.3796e+03
-4.2082e+06 4.8130e+01 2.0432e+04 -1.8452e+03 3.3410e+00 -4.6105e+03
-4.2181e+06 4.7931e+01 2.0412e+04 -1.9251e+03 3.6192e+00 -4.8412e+03
-4.2221e+06 4.7726e+01 2.0390e+04 -2.0057e+03 3.6486e+00 -5.0698e+03
-4.2330e+06 4.7535e+01 2.0368e+04 -2.0872e+03 3.7944e+00 -5.2963e+03
-4.2379e+06 4.7362e+01 2.0344e+04 -2.1695e+03 3.9658e+00 -5.5214e+03
-4.2485e+06 4.7164e+01 2.0320e+04 -2.2526e+03 4.4553e+00 -5.7459e+03
-4.2538e+06 4.6893e+01 2.0294e+04 -2.3364e+03 5.2063e+00 -5.9694e+03
-4.2690e+06 4.6538e+01 2.0268e+04 -2.4209e+03 5.8242e+00 -6.1910e+03
-4.2820e+06 4.6096e+01 2.0241e+04 -2.5061e+03 5.8546e+00 -6.4101e+03
-4.3041e+06 4.5610e+01 2.0212e+04 -2.5919e+03 5.5459e+00 -6.6283e+03
-4.3187e+06 4.5155e+01 2.0183e+04 -2.6783e+03 5.3668e+00 -6.8456e+03
-4.3370e+06 4.4724e+01 2.0153e+04 -2.7653e+03 5.3359e+00 -7.0617e+03
-4.3494e+06 4.4286e+01 2.0122e+04 -2.8528e+03 5.1258e+00 -7.2762e+03
-4.3661e+06 4.3884e+01 2.0090e+04 -2.9408e+03 4.8493e+00 -7.4872e+03
-4.3753e+06 4.3550e+01 2.0057e+04 -3.0294e+03 4.5525e+00 -7.6980e+03
-4.3887e+06 4.3259e+01 2.0023e+04 -3.1184e+03 4.7471e+00 -7.9080e+03
-4.3986e+06 4.3026e+01 1.9988e+04 -3.2078e+03 5.0796e+00 -8.1150e+03
-4.4167e+06 4.2872e+01 1.9952e+04 -3.2976e+03 4.5949e+00 -8.3204e+03
-4.4151e+06 4.2762e+01 1.9916e+04 -3.3877e+03 6.3751e+00 -8.5249e+03
-4.4121e+06 4.2663e+01 1.9878e+04 -3.4782e+03 7.8465e+00 -8.7285e+03
-4.4206e+06 4.2574e+01 1.9840e+04 -3.5690e+03 5.8791e+00 -8.9294e+03
-4.4369e+06 4.2491e+01 1.9801e+04 -3.6601e+03 5.0972e+00 -9.1294e+03
-4.4617e+06 4.2410e+01 1.9761e+04 -3.7514e+03 5.7430e+00 -9.3262e+03
-4.5284e+06 4.2325e+01 1.9720e+04 -3.8430e+03 1.7102e+00 -9.5232e+03
-4.5993e+06 4.2234e+01 1.9678e+04 -3.9347e+03 -7.0855e+00 -9.7156e+03
-4.5857e+06 4.2148e+01 1.9636e+04 -4.0266e+03 2.4954e+00 -9.9154e+03
-4.5616e+06 4.2099e+01 1.9592e+04 -4.1186e+03 1.3649e+01 -1.0059e+04
