  1    1089
-2.4432e+07 4.2229e+01 -3.1998e+03 2.9023e+03 -1.3866e+05 6.1136e+04
-3.3286e+07 3.6066e+01 -3.8657e+03 -1.3686e+03 -1.8022e+05 3.1597e+04
-7.5058e+07 3.8193e+01 -3.4132e+03 -1.8627e+03 -2.5733e+05 4.6046e+04
-5.1349e+05 4.3808e+01 -3.2493e+03 -2.0648e+03 -3.7681e+05 -5.0014e+04
-3.5862e+07 4.1331e+01 -4.7364e+03 -1.3787e+03 -3.1607e+05 -1.2969e+05
-5.9970e+07 3.6024e+01 -4.7019e+03 -1.5174e+03 -2.0618e+05 -1.1864e+05
-2.0777e+07 3.2057e+01 -4.6764e+03 -1.6186e+03 -1.9296e+05 -1.1732e+05
-4.0540e+07 2.8042e+01 -4.6565e+03 -1.6982e+03 -1.9945e+05 -1.1316e+05
-2.3338e+07 2.4954e+01 -4.6807e+03 -1.6862e+03 -2.0151e+05 -1.0923e+05
-3.6007e+07 2.3416e+01 -4.7520e+03 -1.6485e+03 -2.0011e+05 -1.0898e+05
-2.6450e+07 2.3483e+01 -4.7849e+03 -1.6210e+03 -1.9612e+05 -1.0887e+05
-3.2755e+07 2.4032e+01 -4.8200e+03 -1.5897e+03 -1.9643e+05 -1.0645e+05
-2.4190e+07 2.4545e+01 -4.8760e+03 -1.5213e+03 -1.9690e+05 -1.0269e+05
-2.7852e+07 2.7283e+01 -4.9453e+03 -1.4303e+03 -1.9646e+05 -1.0144e+05
-2.1859e+07 2.9174e+01 -5.0160e+03 -1.3387e+03 -1.9515e+05 -1.0176e+05
-2.5667e+07 2.6805e+01 -5.0879e+03 -1.2468e+03 -1.9388e+05 -1.0220e+05
-2.0670e+07 2.4516e+01 -5.1612e+03 -1.1551e+03 -1.9228e+05 -1.0225e+05
-2.3280e+07 2.4593e+01 -5.2382e+03 -1.0596e+03 -1.9119e+05 -1.0177e+05
-2.0024e+07 2.5261e+01 -5.3215e+03 -9.5629e+02 -1.9003e+05 -1.0163e+05
-2.5576e+07 2.6031e+01 -5.4061e+03 -8.5393e+02 -1.9030e+05 -9.7282e+04
-2.2459e+07 2.8222e+01 -5.5210e+03 -7.0360e+02 -1.9484e+05 -8.0625e+04
-2.0945e+07 3.1909e+01 -5.7533e+03 -3.7041e+02 -1.9773e+05 -6.8791e+04
-1.2855e+07 3.4797e+01 -5.9901e+03 -4.1266e+01 -1.9301e+05 -7.0176e+04
-7.4572e+06 3.5825e+01 -6.2307e+03 2.8286e+02 -1.7780e+05 -7.6459e+04
-5.5033e+06 3.5725e+01 -6.4431e+03 5.5336e+02 -1.5464e+05 -7.6116e+04
-5.3368e+06 3.5185e+01 -6.6386e+03 7.9034e+02 -1.3228e+05 -6.4378e+04
-4.9256e+06 3.4526e+01 -6.8333e+03 1.0186e+03 -1.0884e+05 -6.4547e+04
-8.4115e+06 3.4003e+01 -6.8959e+03 1.0490e+03 -9.1084e+04 -7.9539e+04
-3.5293e+06 3.5750e+01 -6.8307e+03 8.9577e+02 -8.8542e+04 -9.0614e+04
2.3066e+06 4.8727e+01 -6.7651e+03 7.4391e+02 -9.1660e+04 -9.9422e+04
1.3306e+07 8.6628e+01 -6.6497e+03 5.2312e+02 -9.5292e+04 -1.0906e+05
2.0714e+07 1.1884e+02 -6.5205e+03 2.8663e+02 -1.0443e+05 -1.1964e+05
1.0337e+07 1.1114e+02 -6.3914e+03 6.3527e+01 -1.1541e+05 -1.2773e+05
-1.5436e+07 4.1963e+01 -4.0963e+03 2.9282e+03 -1.2256e+05 4.3757e+04
-5.0893e+06 3.8378e+01 -4.7905e+03 2.8494e+02 -1.5114e+05 3.1787e+04
-3.7633e+07 3.9738e+01 -4.4408e+03 -1.1127e+03 -1.6014e+05 2.5998e+04
-4.0990e+07 4.3208e+01 -4.1634e+03 -1.8717e+03 -2.2877e+05 -2.7884e+03
-1.3400e+07 4.1639e+01 -4.6683e+03 -1.6807e+03 -2.4211e+05 -6.4137e+04
-3.2692e+07 3.8447e+01 -4.5478e+03 -2.0106e+03 -1.9311e+05 -1.1409e+05
-1.6325e+07 3.6684e+01 -4.4513e+03 -2.2400e+03 -1.8466e+05 -1.1520e+05
-2.8507e+07 3.4864e+01 -4.3746e+03 -2.4094e+03 -1.8958e+05 -1.0936e+05
-2.1217e+07 3.2063e+01 -4.3431e+03 -2.4564e+03 -1.9235e+05 -1.0402e+05
-3.0032e+07 3.0000e+01 -4.3514e+03 -2.4675e+03 -1.9293e+05 -1.0535e+05
-2.7126e+07 2.9606e+01 -4.3461e+03 -2.4750e+03 -1.9086e+05 -1.0662e+05
-3.3001e+07 2.9605e+01 -4.3491e+03 -2.4708e+03 -1.9213e+05 -1.0390e+05
-2.9730e+07 2.8641e+01 -4.3780e+03 -2.4165e+03 -1.9338e+05 -1.0005e+05
-3.3440e+07 2.9501e+01 -4.4203e+03 -2.3402e+03 -1.9351e+05 -9.9047e+04
-3.0392e+07 3.1349e+01 -4.4677e+03 -2.2598e+03 -1.9284e+05 -9.9255e+04
-3.3035e+07 2.8673e+01 -4.5194e+03 -2.1765e+03 -1.9231e+05 -9.9465e+04
-3.0595e+07 2.4260e+01 -4.5746e+03 -2.0911e+03 -1.9175e+05 -9.9279e+04
-3.2138e+07 2.3082e+01 -4.6358e+03 -1.9984e+03 -1.9138e+05 -9.8651e+04
-2.8782e+07 2.3272e+01 -4.7032e+03 -1.8977e+03 -1.9059e+05 -9.8137e+04
-2.8129e+07 2.2710e+01 -4.7730e+03 -1.7966e+03 -1.9210e+05 -9.0087e+04
-2.2475e+07 2.3090e+01 -4.9016e+03 -1.5909e+03 -1.9686e+05 -7.2746e+04
-2.2463e+07 2.5126e+01 -5.1060e+03 -1.2488e+03 -1.9971e+05 -6.3680e+04
-2.3014e+07 2.7077e+01 -5.3149e+03 -9.1066e+02 -1.9881e+05 -6.5526e+04
-2.4437e+07 2.8669e+01 -5.5296e+03 -5.7717e+02 -1.9495e+05 -7.2387e+04
-2.1593e+07 3.0568e+01 -5.7064e+03 -3.2329e+02 -1.9010e+05 -7.9404e+04
-1.6160e+07 3.2238e+01 -5.8834e+03 -7.8721e+01 -1.8550e+05 -8.2217e+04
-1.1672e+07 3.2818e+01 -6.0639e+03 1.6197e+02 -1.7203e+05 -1.0030e+05
-1.3598e+07 3.2389e+01 -6.0904e+03 1.4084e+02 -1.5568e+05 -1.2658e+05
-1.1546e+07 3.2324e+01 -6.0296e+03 -1.5501e+01 -1.4914e+05 -1.3612e+05
-1.1003e+07 3.6211e+01 -5.9680e+03 -1.6964e+02 -1.4539e+05 -1.3983e+05
-8.2390e+06 5.1334e+01 -5.8612e+03 -3.9251e+02 -1.4147e+05 -1.4413e+05
-7.1317e+06 6.7513e+01 -5.7404e+03 -6.3091e+02 -1.4097e+05 -1.4547e+05
-1.2538e+07 6.3054e+01 -5.6189e+03 -8.6553e+02 -1.4076e+05 -1.4124e+05
-7.5430e+06 3.9202e+01 -4.6347e+03 2.9383e+03 -4.5450e+04 9.9968e+03
-8.3117e+06 3.7722e+01 -5.3992e+03 9.9070e+02 -6.9129e+04 1.3853e+04
-2.2277e+07 3.8145e+01 -5.3355e+03 -5.3802e+02 -8.6222e+04 1.1130e+04
-5.8657e+06 4.1427e+01 -5.1188e+03 -1.5977e+03 -1.1386e+05 -9.0081e+03
-2.4497e+07 4.1320e+01 -4.9388e+03 -2.1903e+03 -1.2601e+05 -4.2792e+04
-2.7998e+07 3.8891e+01 -4.7114e+03 -2.6669e+03 -1.1306e+05 -6.6429e+04
-2.0926e+07 3.7876e+01 -4.5181e+03 -3.0024e+03 -1.0891e+05 -6.6621e+04
-2.4354e+07 3.7289e+01 -4.3585e+03 -3.2439e+03 -1.1223e+05 -6.2790e+04
-2.0043e+07 3.5970e+01 -4.2554e+03 -3.3383e+03 -1.1745e+05 -6.1419e+04
-2.3344e+07 3.5059e+01 -4.1719e+03 -3.4006e+03 -1.2184e+05 -6.5398e+04
-2.1359e+07 3.5335e+01 -4.1095e+03 -3.4368e+03 -1.2555e+05 -6.9077e+04
-2.4125e+07 3.6489e+01 -4.0638e+03 -3.4541e+03 -1.3179e+05 -7.0426e+04
-2.2799e+07 3.6948e+01 -4.0501e+03 -3.4078e+03 -1.3976e+05 -7.2262e+04
-2.4461e+07 3.6936e+01 -4.0526e+03 -3.3416e+03 -1.4759e+05 -7.7014e+04
-2.2662e+07 3.6322e+01 -4.0654e+03 -3.2684e+03 -1.5494e+05 -8.2535e+04
-2.2737e+07 3.3500e+01 -4.0867e+03 -3.1899e+03 -1.6217e+05 -8.8063e+04
-2.0998e+07 3.0542e+01 -4.1151e+03 -3.1073e+03 -1.6975e+05 -9.3264e+04
-2.0526e+07 3.0109e+01 -4.1531e+03 -3.0139e+03 -1.7706e+05 -9.6002e+04
-2.1619e+07 3.0480e+01 -4.1988e+03 -2.9129e+03 -1.8226e+05 -9.5830e+04
-2.5065e+07 2.9848e+01 -4.2491e+03 -2.8105e+03 -1.8894e+05 -8.4243e+04
-2.7457e+07 2.8562e+01 -4.3850e+03 -2.5416e+03 -1.9609e+05 -6.7089e+04
-3.1366e+07 2.6648e+01 -4.5653e+03 -2.1920e+03 -1.9858e+05 -6.1203e+04
-2.8300e+07 2.4202e+01 -4.7504e+03 -1.8457e+03 -1.9783e+05 -6.3507e+04
-2.4768e+07 2.2813e+01 -4.9300e+03 -1.5217e+03 -1.9443e+05 -7.0139e+04
-2.3343e+07 2.3469e+01 -5.0810e+03 -1.2650e+03 -1.9141e+05 -7.5337e+04
-2.0805e+07 2.4690e+01 -5.2354e+03 -1.0116e+03 -1.8879e+05 -7.7264e+04
-2.1494e+07 2.5097e+01 -5.3946e+03 -7.6175e+02 -1.7518e+05 -9.8592e+04
-2.4688e+07 2.4701e+01 -5.3853e+03 -8.3379e+02 -1.5965e+05 -1.2521e+05
-2.0779e+07 2.3988e+01 -5.3272e+03 -9.8892e+02 -1.5462e+05 -1.3181e+05
-2.4364e+07 2.3506e+01 -5.2682e+03 -1.1411e+03 -1.5056e+05 -1.3542e+05
-2.3945e+07 2.4494e+01 -5.1690e+03 -1.3593e+03 -1.4522e+05 -1.4024e+05
-2.8717e+07 2.6859e+01 -5.0553e+03 -1.5959e+03 -1.4288e+05 -1.4090e+05
-2.7971e+07 2.5529e+01 -4.9395e+03 -1.8283e+03 -1.4274e+05 -1.3611e+05
-8.7560e+05 3.7440e+01 -4.6347e+03 2.9313e+03 -3.1711e+03 -1.6984e+03
-6.7227e+06 3.5932e+01 -5.2703e+03 1.5366e+03 -9.0065e+03 -2.2864e-01
-1.0247e+07 3.4623e+01 -5.4909e+03 2.2427e+02 -1.7191e+04 2.1101e+02
-2.8130e+07 3.6133e+01 -5.4390e+03 -8.2380e+02 -2.4318e+04 -3.8443e+03
-2.0938e+07 3.8017e+01 -5.2688e+03 -1.6005e+03 -2.5278e+04 -8.7427e+03
-2.4423e+07 3.8157e+01 -5.0682e+03 -2.1665e+03 -2.2772e+04 -1.1591e+04
-2.7552e+07 3.7173e+01 -4.8747e+03 -2.5837e+03 -2.1936e+04 -1.1174e+04
-2.7242e+07 3.6194e+01 -4.7008e+03 -2.8978e+03 -2.3675e+04 -1.0422e+04
-2.7540e+07 3.5134e+01 -4.5485e+03 -3.1401e+03 -2.7630e+04 -1.1585e+04
-2.6335e+07 3.4061e+01 -4.4164e+03 -3.3312e+03 -3.1977e+04 -1.4736e+04
-2.7768e+07 3.4072e+01 -4.3018e+03 -3.4853e+03 -3.6529e+04 -1.7769e+04
-2.8352e+07 3.5875e+01 -4.2022e+03 -3.6117e+03 -4.2464e+04 -2.0555e+04
-3.0341e+07 3.7724e+01 -4.1150e+03 -3.7171e+03 -5.0118e+04 -2.4292e+04
-3.0102e+07 3.8079e+01 -4.0384e+03 -3.8063e+03 -5.8323e+04 -2.9459e+04
-3.1224e+07 3.7123e+01 -3.9712e+03 -3.8809e+03 -6.6524e+04 -3.4903e+04
-2.9497e+07 3.5551e+01 -3.9120e+03 -3.9441e+03 -7.4386e+04 -4.0424e+04
-3.0050e+07 3.4284e+01 -3.8592e+03 -3.9991e+03 -8.2571e+04 -4.5865e+04
-2.6459e+07 3.4097e+01 -3.8120e+03 -4.0471e+03 -9.2465e+04 -4.8706e+04
-2.5991e+07 3.4533e+01 -3.8090e+03 -3.9934e+03 -1.0419e+05 -5.0313e+04
-2.2944e+07 3.4998e+01 -3.8331e+03 -3.8877e+03 -1.2275e+05 -4.7605e+04
-2.0110e+07 3.4822e+01 -3.9659e+03 -3.5476e+03 -1.4762e+05 -4.8854e+04
-1.9381e+07 3.3161e+01 -4.1166e+03 -3.1892e+03 -1.7058e+05 -5.7565e+04
-2.1785e+07 3.0322e+01 -4.2751e+03 -2.8338e+03 -1.8559e+05 -6.3664e+04
-2.6253e+07 2.7331e+01 -4.4196e+03 -2.5263e+03 -1.8957e+05 -6.9553e+04
-2.9564e+07 2.5156e+01 -4.5514e+03 -2.2615e+03 -1.8962e+05 -7.3089e+04
-2.8172e+07 2.4029e+01 -4.6877e+03 -1.9994e+03 -1.8834e+05 -7.5250e+04
-2.8408e+07 2.3225e+01 -4.8280e+03 -1.7403e+03 -1.7403e+05 -9.8856e+04
-3.1542e+07 2.2054e+01 -4.7842e+03 -1.8598e+03 -1.5856e+05 -1.2431e+05
-2.7585e+07 2.1375e+01 -4.7234e+03 -2.0122e+03 -1.5448e+05 -1.2800e+05
-3.0212e+07 2.1732e+01 -4.6614e+03 -2.1613e+03 -1.4946e+05 -1.3142e+05
-2.7727e+07 2.2702e+01 -4.5618e+03 -2.3735e+03 -1.4224e+05 -1.3608e+05
-2.6817e+07 2.3631e+01 -4.4462e+03 -2.6082e+03 -1.3811e+05 -1.3695e+05
-2.3690e+07 2.4042e+01 -4.3282e+03 -2.8381e+03 -1.3674e+05 -1.3416e+05
8.5722e+06 3.7395e+01 -4.6347e+03 2.9241e+03 7.7560e+02 -2.1866e+03
9.6085e+06 3.6861e+01 -5.1665e+03 1.8449e+03 5.0892e+02 -2.6192e+03
5.1819e+06 3.5327e+01 -5.4366e+03 7.7669e+02 1.9556e+02 -2.6093e+03
1.3186e+07 3.3477e+01 -5.4952e+03 -1.6169e+02 2.7126e+02 -2.4406e+03
2.2102e+06 3.3918e+01 -5.4243e+03 -9.2802e+02 -4.8934e+01 -2.2717e+03
1.4267e+06 3.5879e+01 -5.2911e+03 -1.5328e+03 -1.1426e+02 -2.1363e+03
1.1722e+06 3.6568e+01 -5.1362e+03 -2.0057e+03 1.6771e+01 -2.0419e+03
5.3453e+05 3.6647e+01 -4.9809e+03 -2.3773e+03 8.4453e+00 -1.9651e+03
7.3777e+05 3.6208e+01 -4.8346e+03 -2.6727e+03 -1.8695e+02 -1.9472e+03
-8.3689e+05 3.4754e+01 -4.7009e+03 -2.9107e+03 -5.9594e+02 -1.9351e+03
-3.0097e+06 3.3432e+01 -4.5803e+03 -3.1054e+03 -1.2002e+03 -1.9578e+03
-6.3815e+06 3.2912e+01 -4.4723e+03 -3.2668e+03 -1.9149e+03 -2.0055e+03
-1.0895e+07 3.3063e+01 -4.3757e+03 -3.4024e+03 -2.8491e+03 -2.0739e+03
-1.5620e+07 3.3524e+01 -4.2891e+03 -3.5176e+03 -3.9252e+03 -2.1600e+03
-2.0709e+07 3.3972e+01 -4.2114e+03 -3.6165e+03 -5.1965e+03 -2.2841e+03
-2.4237e+07 3.4083e+01 -4.1415e+03 -3.7023e+03 -6.4150e+03 -2.4791e+03
-2.8373e+07 3.3207e+01 -4.0783e+03 -3.7774e+03 -7.8372e+03 -2.6757e+03
-3.0310e+07 3.2302e+01 -4.0209e+03 -3.8435e+03 -1.1287e+04 -2.4594e+03
-3.2351e+07 3.2407e+01 -3.9688e+03 -3.9022e+03 -1.8890e+04 -3.9236e+03
-3.1789e+07 3.3177e+01 -3.9212e+03 -3.9545e+03 -3.3925e+04 -7.8566e+03
-3.1121e+07 3.3999e+01 -3.8776e+03 -4.0015e+03 -5.6665e+04 -1.7513e+04
-2.7342e+07 3.4479e+01 -3.8395e+03 -4.0390e+03 -8.4671e+04 -2.7772e+04
-2.2716e+07 3.4451e+01 -3.8886e+03 -3.8689e+03 -1.1325e+05 -3.5863e+04
-1.9087e+07 3.3523e+01 -3.9949e+03 -3.5792e+03 -1.3527e+05 -4.9198e+04
-1.9112e+07 3.2201e+01 -4.1033e+03 -3.3050e+03 -1.5363e+05 -6.3721e+04
-1.5001e+07 3.2111e+01 -4.2183e+03 -3.0333e+03 -1.6839e+05 -7.4939e+04
-1.7463e+07 3.1998e+01 -4.3223e+03 -2.7979e+03 -1.6398e+05 -1.0064e+05
-2.0735e+07 2.9741e+01 -4.2600e+03 -2.9370e+03 -1.5107e+05 -1.2108e+05
-1.7615e+07 2.8146e+01 -4.1919e+03 -3.0858e+03 -1.4453e+05 -1.1808e+05
-2.1753e+07 2.8725e+01 -4.1227e+03 -3.2305e+03 -1.3395e+05 -1.1489e+05
-2.1897e+07 3.0221e+01 -4.0189e+03 -3.4369e+03 -1.1915e+05 -1.1116e+05
-2.5678e+07 3.2081e+01 -3.8985e+03 -3.6685e+03 -1.0507e+05 -1.0319e+05
-2.5411e+07 3.2839e+01 -3.7757e+03 -3.8948e+03 -9.1600e+04 -9.2485e+04
4.2330e+06 3.7382e+01 -4.6347e+03 2.9167e+03 -1.2722e+02 -2.2776e+03
2.6438e+06 3.7756e+01 -5.0889e+03 2.0389e+03 -3.1273e+02 -2.4360e+03
5.0097e+06 3.7843e+01 -5.3664e+03 1.1496e+03 -4.5105e+02 -2.4618e+03
-3.3653e+06 3.6072e+01 -5.4843e+03 3.2477e+02 -5.4664e+02 -2.3507e+03
3.2833e+06 3.4204e+01 -5.4856e+03 -3.9365e+02 -2.5736e+02 -2.2137e+03
9.6209e+05 3.4864e+01 -5.4144e+03 -9.9599e+02 -1.4375e+02 -2.0923e+03
-1.1542e+06 3.6282e+01 -5.3050e+03 -1.4916e+03 -2.2345e+02 -1.9635e+03
-9.9814e+05 3.7001e+01 -5.1795e+03 -1.8971e+03 -1.8170e+01 -1.8766e+03
-3.5569e+05 3.7168e+01 -5.0510e+03 -2.2295e+03 3.7981e+02 -1.8241e+03
3.3895e+05 3.6939e+01 -4.9264e+03 -2.5038e+03 5.7187e+02 -1.7610e+03
-1.0951e+06 3.6339e+01 -4.8091e+03 -2.7321e+03 5.0982e+02 -1.6688e+03
-1.8655e+06 3.4736e+01 -4.7005e+03 -2.9240e+03 4.8595e+02 -1.5947e+03
-2.5041e+06 3.3113e+01 -4.6007e+03 -3.0868e+03 6.5177e+02 -1.5185e+03
-1.9885e+06 3.2420e+01 -4.5094e+03 -3.2262e+03 8.7606e+02 -1.4341e+03
-2.0365e+06 3.2214e+01 -4.4261e+03 -3.3466e+03 1.0512e+03 -1.3539e+03
-1.6416e+06 3.2313e+01 -4.3499e+03 -3.4515e+03 1.2206e+03 -1.2843e+03
-1.7866e+06 3.2431e+01 -4.2804e+03 -3.5435e+03 1.2839e+03 -1.1952e+03
-1.4285e+06 3.2326e+01 -4.2166e+03 -3.6248e+03 1.0987e+03 -1.0935e+03
-3.2491e+06 3.1819e+01 -4.1581e+03 -3.6970e+03 3.2026e+02 -1.0743e+03
-6.5952e+06 3.1135e+01 -4.1044e+03 -3.7615e+03 -1.1816e+03 -1.1827e+03
-1.4990e+07 3.0844e+01 -4.0548e+03 -3.8194e+03 -4.0699e+03 -1.3840e+03
-2.3147e+07 3.1364e+01 -4.0090e+03 -3.8717e+03 -1.2321e+04 -1.0607e+03
-2.7874e+07 3.2465e+01 -3.9666e+03 -3.9191e+03 -2.8449e+04 -4.5593e+03
-2.6576e+07 3.3488e+01 -3.9272e+03 -3.9621e+03 -4.7358e+04 -1.5364e+04
-2.4642e+07 3.4759e+01 -3.8911e+03 -4.0000e+03 -6.6396e+04 -2.8564e+04
-1.7793e+07 3.6618e+01 -3.8596e+03 -4.0294e+03 -8.4886e+04 -3.8262e+04
-1.5356e+07 3.7011e+01 -3.8864e+03 -3.9215e+03 -8.8382e+04 -5.5044e+04
-2.1291e+07 3.4689e+01 -3.8109e+03 -4.0626e+03 -8.0184e+04 -6.4461e+04
-2.1629e+07 3.2880e+01 -3.7712e+03 -4.1179e+03 -7.4068e+04 -5.7265e+04
-2.8151e+07 3.2809e+01 -3.7439e+03 -4.1458e+03 -6.5515e+04 -5.1655e+04
-2.8167e+07 3.3806e+01 -3.7177e+03 -4.1727e+03 -5.3312e+04 -4.5421e+04
-3.2403e+07 3.6359e+01 -3.6924e+03 -4.1985e+03 -4.0576e+04 -3.6690e+04
-3.1242e+07 3.7577e+01 -3.6703e+03 -4.2185e+03 -2.7900e+04 -2.6846e+04
5.1715e+06 3.7016e+01 -4.6347e+03 2.9091e+03 1.7202e+01 -2.3176e+03
6.4807e+06 3.7296e+01 -5.0299e+03 2.1705e+03 -2.8234e+01 -2.3849e+03
4.3787e+06 3.7925e+01 -5.2990e+03 1.4136e+03 -2.4052e+01 -2.3550e+03
1.0978e+07 3.7845e+01 -5.4470e+03 6.8835e+02 1.2793e+02 -2.2992e+03
4.8064e+06 3.6702e+01 -5.4960e+03 2.8860e+01 5.6672e+01 -2.2167e+03
5.5448e+06 3.6010e+01 -5.4743e+03 -5.4937e+02 6.3247e+01 -2.1045e+03
6.0150e+06 3.6240e+01 -5.4073e+03 -1.0451e+03 2.0865e+02 -1.9937e+03
5.9140e+06 3.6749e+01 -5.3145e+03 -1.4653e+03 3.6782e+02 -1.8725e+03
6.3072e+06 3.7067e+01 -5.2093e+03 -1.8199e+03 6.0625e+02 -1.8221e+03
5.6081e+06 3.7395e+01 -5.1003e+03 -2.1195e+03 6.9554e+02 -1.8105e+03
4.5774e+06 3.7674e+01 -4.9927e+03 -2.3736e+03 5.7086e+02 -1.7522e+03
2.5758e+06 3.7282e+01 -4.8892e+03 -2.5903e+03 3.5097e+02 -1.6588e+03
1.0811e+06 3.6741e+01 -4.7914e+03 -2.7763e+03 2.1822e+02 -1.5822e+03
-8.7754e+05 3.6287e+01 -4.6998e+03 -2.9372e+03 1.3185e+02 -1.5240e+03
-1.7125e+06 3.5366e+01 -4.6146e+03 -3.0771e+03 1.0060e+02 -1.4578e+03
-2.4980e+06 3.4469e+01 -4.5356e+03 -3.1997e+03 1.7047e+02 -1.3860e+03
-2.5580e+06 3.4780e+01 -4.4624e+03 -3.3077e+03 2.0487e+02 -1.3219e+03
-4.3281e+06 3.5604e+01 -4.3946e+03 -3.4035e+03 1.0087e+02 -1.2574e+03
-4.8454e+06 3.4952e+01 -4.3318e+03 -3.4888e+03 5.3106e+01 -1.1869e+03
-5.3287e+06 3.3115e+01 -4.2736e+03 -3.5653e+03 3.0795e+02 -1.1217e+03
-3.0203e+06 3.1320e+01 -4.2196e+03 -3.6341e+03 6.8177e+02 -1.0361e+03
-2.3660e+06 3.0316e+01 -4.1693e+03 -3.6962e+03 5.3918e+02 -9.2771e+02
-3.3783e+06 3.0796e+01 -4.1225e+03 -3.7526e+03 -6.5340e+02 -9.5190e+02
-7.7572e+06 3.2193e+01 -4.0789e+03 -3.8039e+03 -2.4497e+03 -1.1809e+03
-1.1718e+07 3.4009e+01 -4.0381e+03 -3.8507e+03 -4.8629e+03 -1.4485e+03
-1.5610e+07 3.5790e+01 -3.9999e+03 -3.8935e+03 -9.5480e+03 -1.5015e+03
-1.6237e+07 3.5717e+01 -3.9642e+03 -3.9328e+03 -1.1208e+04 -5.0998e+03
-2.3433e+07 3.3588e+01 -3.9306e+03 -3.9689e+03 -8.5145e+03 -6.3318e+03
-2.5375e+07 3.1680e+01 -3.8990e+03 -4.0021e+03 -6.9251e+03 -3.1035e+03
-2.9025e+07 3.0634e+01 -3.8693e+03 -4.0328e+03 -5.9685e+03 -2.1062e+03
-2.4169e+07 3.0942e+01 -3.8412e+03 -4.0611e+03 -4.3779e+03 -1.7311e+03
-2.3668e+07 3.3488e+01 -3.8147e+03 -4.0872e+03 -2.8508e+03 -1.2377e+03
-1.5812e+07 3.5303e+01 -3.7896e+03 -4.1114e+03 -1.2444e+03 -7.8370e+02
2.6995e+06 3.6740e+01 -4.6347e+03 2.9014e+03 -9.2193e+01 -2.3599e+03
1.4439e+06 3.6823e+01 -4.9839e+03 2.2645e+03 -2.0888e+02 -2.3659e+03
2.9103e+06 3.7239e+01 -5.2392e+03 1.6080e+03 -3.7659e+02 -2.3332e+03
-3.1339e+06 3.7879e+01 -5.4008e+03 9.6610e+02 -5.5633e+02 -2.2747e+03
1.6618e+06 3.7877e+01 -5.4803e+03 3.6498e+02 -4.9419e+02 -2.2001e+03
2.8179e+05 3.7152e+01 -5.4953e+03 -1.7970e+02 -4.4483e+02 -2.1236e+03
-7.6914e+05 3.6708e+01 -5.4640e+03 -6.6209e+02 -4.7413e+02 -2.0230e+03
-1.3992e+06 3.6861e+01 -5.4019e+03 -1.0832e+03 -4.4707e+02 -1.9127e+03
-1.9197e+06 3.7128e+01 -5.3214e+03 -1.4480e+03 -3.5572e+02 -1.8357e+03
-1.8482e+06 3.7240e+01 -5.2310e+03 -1.7631e+03 -1.9837e+02 -1.8153e+03
-1.6237e+06 3.7271e+01 -5.1367e+03 -2.0352e+03 2.5869e+00 -1.7789e+03
-1.0787e+06 3.7338e+01 -5.0424e+03 -2.2709e+03 1.6735e+02 -1.6930e+03
-4.4408e+05 3.7557e+01 -4.9504e+03 -2.4758e+03 2.6977e+02 -1.6105e+03
3.0611e+05 3.7765e+01 -4.8621e+03 -2.6546e+03 2.9797e+02 -1.5521e+03
1.1985e+06 3.7619e+01 -4.7782e+03 -2.8116e+03 3.6435e+02 -1.4613e+03
2.7004e+06 3.7069e+01 -4.6990e+03 -2.9500e+03 5.9107e+02 -1.3703e+03
4.3857e+06 3.6837e+01 -4.6247e+03 -3.0727e+03 8.6820e+02 -1.3288e+03
5.3012e+06 3.7245e+01 -4.5550e+03 -3.1820e+03 9.3385e+02 -1.2841e+03
4.8006e+06 3.7349e+01 -4.4897e+03 -3.2798e+03 7.9891e+02 -1.1983e+03
3.1942e+06 3.6771e+01 -4.4287e+03 -3.3676e+03 5.5395e+02 -1.1247e+03
3.4362e+05 3.5374e+01 -4.3716e+03 -3.4469e+03 2.5658e+02 -1.0774e+03
-2.6318e+06 3.3693e+01 -4.3181e+03 -3.5186e+03 1.0246e+02 -1.0157e+03
-2.3974e+06 3.3487e+01 -4.2681e+03 -3.5838e+03 4.0012e+02 -9.2162e+02
3.5109e+04 3.4303e+01 -4.2211e+03 -3.6433e+03 1.0042e+03 -8.3028e+02
4.1121e+06 3.4960e+01 -4.1770e+03 -3.6976e+03 1.6009e+03 -6.9080e+02
6.4714e+06 3.5723e+01 -4.1356e+03 -3.7474e+03 1.9475e+03 -5.8813e+02
6.3521e+06 3.5386e+01 -4.0966e+03 -3.7931e+03 1.9986e+03 -6.7061e+02
2.6174e+06 3.3059e+01 -4.0599e+03 -3.8352e+03 1.6936e+03 -6.4371e+02
-2.3075e+06 3.0407e+01 -4.0253e+03 -3.8740e+03 1.2609e+03 -4.6569e+02
-6.8876e+06 2.8723e+01 -3.9926e+03 -3.9098e+03 9.5815e+02 -3.3896e+02
-8.5829e+06 2.8372e+01 -3.9616e+03 -3.9429e+03 8.4396e+02 -2.7842e+02
-9.5827e+06 2.9266e+01 -3.9323e+03 -3.9736e+03 7.4466e+02 -2.0852e+02
-8.7422e+06 3.0114e+01 -3.9045e+03 -4.0020e+03 6.8380e+02 -1.6345e+02
3.5556e+06 3.6374e+01 -4.6347e+03 2.8935e+03 6.3837e+01 -2.3865e+03
4.7279e+06 3.6582e+01 -4.9473e+03 2.3340e+03 5.3081e+01 -2.3858e+03
2.9594e+06 3.6741e+01 -5.1874e+03 1.7558e+03 1.3166e+01 -2.3330e+03
7.4400e+06 3.7104e+01 -5.3535e+03 1.1829e+03 1.6792e+01 -2.2750e+03
2.8026e+06 3.7278e+01 -5.4518e+03 6.3528e+02 -7.5835e+01 -2.2120e+03
3.2913e+06 3.7054e+01 -5.4932e+03 1.2684e+02 -1.2487e+02 -2.1381e+03
2.9923e+06 3.6827e+01 -5.4902e+03 -3.3505e+02 -1.3439e+02 -2.0569e+03
1.9417e+06 3.6842e+01 -5.4550e+03 -7.4826e+02 -2.1964e+02 -1.9645e+03
3.6661e+05 3.7030e+01 -5.3978e+03 -1.1143e+03 -3.4325e+02 -1.8811e+03
-1.1204e+06 3.7168e+01 -5.3266e+03 -1.4368e+03 -3.8710e+02 -1.8210e+03
-1.5659e+06 3.7145e+01 -5.2474e+03 -1.7202e+03 -2.7147e+02 -1.7821e+03
-1.5922e+06 3.7103e+01 -5.1646e+03 -1.9692e+03 -1.0129e+02 -1.7236e+03
-1.7865e+06 3.7104e+01 -5.0809e+03 -2.1885e+03 -1.2329e+01 -1.6535e+03
-2.4794e+06 3.7144e+01 -4.9984e+03 -2.3819e+03 -2.3057e+01 -1.5887e+03
-3.0687e+06 3.7293e+01 -4.9183e+03 -2.5531e+03 -8.0004e+01 -1.4945e+03
-3.4151e+06 3.7367e+01 -4.8413e+03 -2.7053e+03 -1.1576e+02 -1.4075e+03
-3.3480e+06 3.7237e+01 -4.7679e+03 -2.8410e+03 -8.6659e+01 -1.3678e+03
-3.3038e+06 3.7196e+01 -4.6981e+03 -2.9625e+03 8.3057e-01 -1.3233e+03
-2.8469e+06 3.7390e+01 -4.6321e+03 -3.0717e+03 1.0098e+02 -1.2463e+03
-2.1869e+06 3.7638e+01 -4.5698e+03 -3.1702e+03 1.9671e+02 -1.1762e+03
-5.3145e+05 3.7480e+01 -4.5109e+03 -3.2593e+03 3.0891e+02 -1.1117e+03
1.2768e+06 3.7041e+01 -4.4555e+03 -3.3402e+03 3.8389e+02 -1.0247e+03
1.8898e+06 3.6989e+01 -4.4032e+03 -3.4140e+03 3.9011e+02 -9.1973e+02
1.2852e+06 3.7018e+01 -4.3538e+03 -3.4813e+03 3.1598e+02 -8.5728e+02
-6.0829e+05 3.6862e+01 -4.3073e+03 -3.5430e+03 1.5363e+02 -8.0357e+02
-2.5449e+06 3.6904e+01 -4.2633e+03 -3.5996e+03 7.2291e+01 -7.5054e+02
-3.7142e+06 3.6397e+01 -4.2218e+03 -3.6517e+03 6.9440e+01 -7.8263e+02
-5.9732e+06 3.4561e+01 -4.1825e+03 -3.6997e+03 -4.5431e+01 -7.4376e+02
-8.0039e+06 3.2166e+01 -4.1453e+03 -3.7440e+03 -1.8853e+02 -6.0845e+02
-8.9864e+06 3.0387e+01 -4.1101e+03 -3.7850e+03 -1.5659e+02 -4.9582e+02
-8.4741e+06 2.9691e+01 -4.0767e+03 -3.8229e+03 9.1934e+00 -4.2048e+02
-6.8992e+06 2.9781e+01 -4.0450e+03 -3.8581e+03 2.3034e+02 -3.2483e+02
-4.4178e+06 3.0467e+01 -4.0149e+03 -3.8907e+03 4.9262e+02 -2.6454e+02
1.9764e+06 3.5848e+01 -4.6347e+03 2.8854e+03 -1.6403e+01 -2.4300e+03
1.3725e+06 3.6477e+01 -4.9174e+03 2.3868e+03 -2.1724e+01 -2.4066e+03
2.7806e+06 3.6479e+01 -5.1426e+03 1.8710e+03 -5.7578e+01 -2.3574e+03
-1.4017e+06 3.6511e+01 -5.3084e+03 1.3554e+03 -1.2152e+02 -2.2910e+03
2.1157e+06 3.6657e+01 -5.4178e+03 8.5527e+02 -8.5385e+01 -2.2239e+03
8.8256e+05 3.6762e+01 -5.4776e+03 3.8238e+02 -7.7710e+01 -2.1664e+03
-2.2730e+05 3.6647e+01 -5.4966e+03 -5.5832e+01 -1.4725e+02 -2.0936e+03
-1.4378e+06 3.6598e+01 -5.4837e+03 -4.5579e+02 -2.2306e+02 -2.0189e+03
-2.7605e+06 3.6727e+01 -5.4473e+03 -8.1690e+02 -3.1614e+02 -1.9395e+03
-4.0804e+06 3.6842e+01 -5.3945e+03 -1.1406e+03 -3.9999e+02 -1.8565e+03
-5.0484e+06 3.6871e+01 -5.3307e+03 -1.4297e+03 -4.0552e+02 -1.7900e+03
-5.2111e+06 3.6888e+01 -5.2603e+03 -1.6872e+03 -3.2289e+02 -1.7413e+03
-4.8554e+06 3.6931e+01 -5.1865e+03 -1.9167e+03 -2.2171e+02 -1.6850e+03
-4.1484e+06 3.6951e+01 -5.1115e+03 -2.1212e+03 -1.4711e+02 -1.6201e+03
-3.5548e+06 3.6972e+01 -5.0369e+03 -2.3040e+03 -1.0972e+02 -1.5446e+03
-3.1912e+06 3.7035e+01 -4.9639e+03 -2.4676e+03 -1.3141e+02 -1.4722e+03
-2.7384e+06 3.7107e+01 -4.8930e+03 -2.6145e+03 -1.4165e+02 -1.4112e+03
-1.7713e+06 3.7122e+01 -4.8248e+03 -2.7468e+03 -6.7127e+01 -1.3505e+03
-1.0244e+06 3.7093e+01 -4.7595e+03 -2.8663e+03 4.4661e+01 -1.2838e+03
-9.3209e+05 3.7095e+01 -4.6971e+03 -2.9745e+03 9.4093e+01 -1.2175e+03
-2.0530e+06 3.7203e+01 -4.6378e+03 -3.0727e+03 5.0547e+01 -1.1425e+03
-3.6705e+06 3.7419e+01 -4.5814e+03 -3.1623e+03 -5.3980e+01 -1.0660e+03
-4.2273e+06 3.7531e+01 -4.5278e+03 -3.2441e+03 -1.1941e+02 -9.8508e+02
-3.6538e+06 3.7438e+01 -4.4769e+03 -3.3189e+03 -8.9175e+01 -9.1123e+02
-2.0704e+06 3.7348e+01 -4.4287e+03 -3.3877e+03 -3.4001e+01 -8.6017e+02
-9.6804e+05 3.7298e+01 -4.3829e+03 -3.4509e+03 1.6794e+01 -7.9311e+02
-2.1459e+05 3.7002e+01 -4.3395e+03 -3.5091e+03 1.9564e+02 -7.5658e+02
4.0348e+05 3.6380e+01 -4.2983e+03 -3.5629e+03 4.3403e+02 -7.1861e+02
-4.3953e+05 3.5496e+01 -4.2591e+03 -3.6127e+03 4.8366e+02 -6.0584e+02
-2.3646e+06 3.4538e+01 -4.2218e+03 -3.6588e+03 3.5559e+02 -4.8925e+02
-4.1328e+06 3.4047e+01 -4.1864e+03 -3.7015e+03 2.1594e+02 -4.1308e+02
-5.5152e+06 3.4196e+01 -4.1527e+03 -3.7412e+03 8.5704e+01 -3.2475e+02
-6.4735e+06 3.5060e+01 -4.1206e+03 -3.7781e+03 -3.0373e+01 -2.6876e+02
2.3410e+06 3.5165e+01 -4.6347e+03 2.8771e+03 8.0852e+00 -2.4601e+03
3.3612e+06 3.6444e+01 -4.8926e+03 2.4277e+03 2.8368e+01 -2.4349e+03
2.4154e+06 3.6436e+01 -5.1039e+03 1.9627e+03 5.2698e+01 -2.3765e+03
5.9488e+06 3.6431e+01 -5.2666e+03 1.4949e+03 1.0069e+02 -2.3151e+03
2.6803e+06 3.6487e+01 -5.3821e+03 1.0365e+03 7.2040e+01 -2.2557e+03
3.1342e+06 3.6538e+01 -5.4546e+03 5.9691e+02 6.3676e+01 -2.1940e+03
2.9004e+06 3.6481e+01 -5.4901e+03 1.8317e+02 7.5577e+01 -2.1288e+03
2.1124e+06 3.6447e+01 -5.4954e+03 -2.0066e+02 5.5327e+01 -2.0630e+03
8.0141e+05 3.6501e+01 -5.4770e+03 -5.5282e+02 4.5072e+01 -1.9925e+03
-9.5421e+05 3.6566e+01 -5.4408e+03 -8.7338e+02 -1.7557e+00 -1.9094e+03
-2.7727e+06 3.6605e+01 -5.3918e+03 -1.1636e+03 -9.5248e+01 -1.8303e+03
-4.1328e+06 3.6641e+01 -5.3340e+03 -1.4256e+03 -1.6409e+02 -1.7732e+03
-5.0153e+06 3.6692e+01 -5.2707e+03 -1.6616e+03 -1.9567e+02 -1.7188e+03
-5.7497e+06 3.6725e+01 -5.2042e+03 -1.8741e+03 -2.1736e+02 -1.6502e+03
-6.2768e+06 3.6740e+01 -5.1363e+03 -2.0657e+03 -2.3160e+02 -1.5836e+03
-6.6872e+06 3.6760e+01 -5.0685e+03 -2.2386e+03 -2.6308e+02 -1.5175e+03
-6.9622e+06 3.6790e+01 -5.0015e+03 -2.3949e+03 -3.1272e+02 -1.4462e+03
-7.2624e+06 3.6830e+01 -4.9361e+03 -2.5364e+03 -3.4020e+02 -1.3748e+03
-7.0366e+06 3.6873e+01 -4.8726e+03 -2.6649e+03 -3.1331e+02 -1.3096e+03
-6.3436e+06 3.6899e+01 -4.8114e+03 -2.7818e+03 -2.2545e+02 -1.2480e+03
-4.8047e+06 3.6905e+01 -4.7525e+03 -2.8884e+03 -9.3873e+01 -1.1812e+03
-3.4355e+06 3.6910e+01 -4.6961e+03 -2.9858e+03 -1.6417e+01 -1.1121e+03
-3.2851e+06 3.6929e+01 -4.6422e+03 -3.0751e+03 -6.6266e+01 -1.0389e+03
-4.4026e+06 3.6956e+01 -4.5906e+03 -3.1571e+03 -2.1432e+02 -9.6372e+02
-6.1202e+06 3.6963e+01 -4.5414e+03 -3.2325e+03 -3.7781e+02 -8.9892e+02
-7.4574e+06 3.6942e+01 -4.4945e+03 -3.3020e+03 -4.7725e+02 -8.2307e+02
-7.5704e+06 3.6905e+01 -4.4498e+03 -3.3662e+03 -4.0625e+02 -7.4199e+02
-7.6532e+06 3.6915e+01 -4.4071e+03 -3.4256e+03 -2.4535e+02 -6.9361e+02
-7.3562e+06 3.7019e+01 -4.3664e+03 -3.4807e+03 -1.5293e+02 -6.3291e+02
-7.5515e+06 3.7160e+01 -4.3276e+03 -3.5317e+03 -1.5765e+02 -5.3497e+02
-7.2337e+06 3.7299e+01 -4.2906e+03 -3.5791e+03 -1.5699e+02 -4.5364e+02
-7.2432e+06 3.7429e+01 -4.2552e+03 -3.6232e+03 -1.6988e+02 -3.6630e+02
-6.3081e+06 3.7660e+01 -4.2215e+03 -3.6643e+03 -1.7024e+02 -3.0694e+02
1.3438e+06 3.4919e+01 -4.6347e+03 2.8687e+03 -1.7297e+01 -2.5045e+03
7.9283e+05 3.6417e+01 -4.8717e+03 2.4597e+03 -3.6841e+01 -2.4658e+03
1.8550e+06 3.6424e+01 -5.0703e+03 2.0367e+03 -4.9078e+01 -2.4066e+03
-1.1600e+06 3.6427e+01 -5.2285e+03 1.6095e+03 -7.7783e+01 -2.3455e+03
1.4848e+06 3.6428e+01 -5.3468e+03 1.1874e+03 -6.0312e+01 -2.2830e+03
6.5542e+05 3.6422e+01 -5.4278e+03 7.7836e+02 -3.6915e+01 -2.2252e+03
1.0113e+05 3.6412e+01 -5.4757e+03 3.8857e+02 -3.9610e+01 -2.1622e+03
-5.4054e+05 3.6397e+01 -5.4954e+03 2.2131e+01 -2.9802e+01 -2.1006e+03
-1.3069e+06 3.6390e+01 -5.4921e+03 -3.1864e+02 -6.4216e+00 -2.0325e+03
-2.7463e+06 3.6415e+01 -5.4706e+03 -6.3294e+02 -2.5484e+01 -1.9557e+03
-4.4260e+06 3.6465e+01 -5.4351e+03 -9.2107e+02 -8.7341e+01 -1.8803e+03
-5.5780e+06 3.6512e+01 -5.3895e+03 -1.1841e+03 -1.1514e+02 -1.8183e+03
-5.9430e+06 3.6539e+01 -5.3367e+03 -1.4236e+03 -1.0796e+02 -1.7576e+03
-5.8418e+06 3.6547e+01 -5.2791e+03 -1.6414e+03 -9.7713e+01 -1.6875e+03
-5.5667e+06 3.6548e+01 -5.2187e+03 -1.8394e+03 -7.5215e+01 -1.6195e+03
-5.3381e+06 3.6554e+01 -5.1569e+03 -2.0194e+03 -4.5238e+01 -1.5530e+03
-5.0935e+06 3.6567e+01 -5.0947e+03 -2.1832e+03 -2.4953e+01 -1.4837e+03
-4.7396e+06 3.6589e+01 -5.0330e+03 -2.3325e+03 -3.1736e+01 -1.4138e+03
-4.6195e+06 3.6622e+01 -4.9723e+03 -2.4687e+03 -6.6938e+01 -1.3446e+03
-4.8091e+06 3.6656e+01 -4.9131e+03 -2.5932e+03 -1.1216e+02 -1.2765e+03
-5.6319e+06 3.6679e+01 -4.8557e+03 -2.7072e+03 -1.5890e+02 -1.2106e+03
-6.6178e+06 3.6686e+01 -4.8001e+03 -2.8118e+03 -1.8786e+02 -1.1461e+03
-6.9164e+06 3.6675e+01 -4.7466e+03 -2.9080e+03 -1.7481e+02 -1.0783e+03
-6.4888e+06 3.6655e+01 -4.6950e+03 -2.9965e+03 -1.2763e+02 -1.0066e+03
-5.4602e+06 3.6635e+01 -4.6456e+03 -3.0782e+03 -5.4944e+01 -9.3176e+02
-4.5888e+06 3.6628e+01 -4.5981e+03 -3.1537e+03 1.6143e+00 -8.5333e+02
-4.2014e+06 3.6644e+01 -4.5526e+03 -3.2235e+03 2.3690e+01 -7.7142e+02
-3.7866e+06 3.6675e+01 -4.5091e+03 -3.2883e+03 5.2098e+01 -7.0664e+02
-3.9168e+06 3.6783e+01 -4.4674e+03 -3.3484e+03 8.7037e+01 -6.5499e+02
-4.5589e+06 3.7014e+01 -4.4274e+03 -3.4043e+03 7.9411e+01 -5.8079e+02
-5.5197e+06 3.7223e+01 -4.3892e+03 -3.4562e+03 4.2397e+01 -5.0233e+02
-6.4384e+06 3.7298e+01 -4.3526e+03 -3.5047e+03 -1.3089e+01 -4.1218e+02
-7.3769e+06 3.7264e+01 -4.3175e+03 -3.5498e+03 -7.5274e+01 -3.4605e+02
1.7444e+06 3.5722e+01 -4.6347e+03 2.8601e+03 3.3264e+01 -2.5374e+03
2.3318e+06 3.6386e+01 -4.8539e+03 2.4850e+03 1.7242e+01 -2.5002e+03
1.4421e+06 3.6411e+01 -5.0409e+03 2.0973e+03 8.4036e+00 -2.4359e+03
3.9280e+06 3.6428e+01 -5.1938e+03 1.7046e+03 1.9139e+01 -2.3785e+03
1.4112e+06 3.6434e+01 -5.3128e+03 1.3143e+03 -1.2116e+01 -2.3197e+03
1.8329e+06 3.6428e+01 -5.3993e+03 9.3297e+02 -1.2458e+01 -2.2565e+03
1.8144e+06 3.6413e+01 -5.4563e+03 5.6595e+02 1.4912e+01 -2.1957e+03
1.4516e+06 3.6386e+01 -5.4874e+03 2.1713e+02 4.8207e+01 -2.1348e+03
3.0166e+05 3.6363e+01 -5.4966e+03 -1.1094e+02 7.4056e+01 -2.0686e+03
-1.5441e+06 3.6382e+01 -5.4878e+03 -4.1695e+02 1.6401e+01 -1.9954e+03
-3.5167e+06 3.6443e+01 -5.4646e+03 -7.0057e+02 -6.3494e+01 -1.9243e+03
-4.8195e+06 3.6487e+01 -5.4302e+03 -9.6219e+02 -8.0422e+01 -1.8613e+03
-5.6727e+06 3.6483e+01 -5.3876e+03 -1.2027e+03 -7.2595e+01 -1.7978e+03
-6.2185e+06 3.6460e+01 -5.3390e+03 -1.4234e+03 -7.4378e+01 -1.7281e+03
-6.6656e+06 3.6447e+01 -5.2862e+03 -1.6256e+03 -7.7704e+01 -1.6590e+03
-6.9046e+06 3.6445e+01 -5.2309e+03 -1.8108e+03 -8.9933e+01 -1.5903e+03
-7.1298e+06 3.6447e+01 -5.1741e+03 -1.9805e+03 -1.0247e+02 -1.5222e+03
-7.3831e+06 3.6453e+01 -5.1168e+03 -2.1360e+03 -1.1076e+02 -1.4544e+03
-7.4597e+06 3.6462e+01 -5.0597e+03 -2.2786e+03 -1.1325e+02 -1.3852e+03
-7.2226e+06 3.6476e+01 -5.0032e+03 -2.4096e+03 -1.0627e+02 -1.3147e+03
-6.4783e+06 3.6490e+01 -4.9479e+03 -2.5301e+03 -7.9531e+01 -1.2450e+03
-5.6069e+06 3.6497e+01 -4.8939e+03 -2.6411e+03 -4.6392e+01 -1.1766e+03
-5.3861e+06 3.6494e+01 -4.8414e+03 -2.7435e+03 -3.1488e+01 -1.1080e+03
-5.8130e+06 3.6483e+01 -4.7905e+03 -2.8380e+03 -4.6071e+01 -1.0379e+03
-6.7469e+06 3.6470e+01 -4.7414e+03 -2.9255e+03 -8.3752e+01 -9.6525e+02
-7.4928e+06 3.6464e+01 -4.6939e+03 -3.0065e+03 -1.2646e+02 -8.9107e+02
-7.8501e+06 3.6476e+01 -4.6482e+03 -3.0817e+03 -1.5781e+02 -8.1621e+02
-8.1973e+06 3.6505e+01 -4.6043e+03 -3.1515e+03 -1.6976e+02 -7.4131e+02
-8.1412e+06 3.6534e+01 -4.5620e+03 -3.2164e+03 -1.3545e+02 -6.7354e+02
-7.8426e+06 3.6556e+01 -4.5213e+03 -3.2769e+03 -8.5512e+01 -6.0508e+02
-7.5098e+06 3.6573e+01 -4.4823e+03 -3.3333e+03 -4.1358e+01 -5.3594e+02
-7.1560e+06 3.6580e+01 -4.4447e+03 -3.3858e+03 -1.7949e+01 -4.4885e+02
-6.6502e+06 3.6580e+01 -4.4087e+03 -3.4349e+03 1.3085e+00 -3.8495e+02
1.0085e+06 3.4905e+01 -4.6347e+03 2.8512e+03 1.2915e+01 -2.5820e+03
5.0109e+05 3.5902e+01 -4.8385e+03 2.5050e+03 -4.5381e+00 -2.5375e+03
1.1507e+06 3.6386e+01 -5.0150e+03 2.1474e+03 -2.6071e+01 -2.4731e+03
-1.2565e+06 3.6403e+01 -5.1625e+03 1.7844e+03 -6.3641e+01 -2.4134e+03
6.6068e+05 3.6411e+01 -5.2807e+03 1.4220e+03 -6.0042e+01 -2.3515e+03
1.2688e+04 3.6406e+01 -5.3706e+03 1.0656e+03 -4.5186e+01 -2.2913e+03
-3.3516e+05 3.6392e+01 -5.4342e+03 7.1988e+02 -4.1191e+01 -2.2294e+03
-7.9847e+05 3.6371e+01 -5.4742e+03 3.8833e+02 -1.4730e+01 -2.1666e+03
-1.5775e+06 3.6356e+01 -5.4935e+03 7.3514e+01 5.7536e+00 -2.1012e+03
-3.2189e+06 3.6379e+01 -5.4955e+03 -2.2299e+02 -5.2491e+01 -2.0325e+03
-4.9107e+06 3.6435e+01 -5.4830e+03 -5.0043e+02 -1.3598e+02 -1.9639e+03
-5.9580e+06 3.6465e+01 -5.4590e+03 -7.5873e+02 -1.4096e+02 -1.9000e+03
-6.2158e+06 3.6448e+01 -5.4260e+03 -9.9829e+02 -9.6563e+01 -1.8343e+03
-6.1730e+06 3.6416e+01 -5.3860e+03 -1.2199e+03 -5.6678e+01 -1.7657e+03
-5.9866e+06 3.6398e+01 -5.3409e+03 -1.4245e+03 -2.7289e+01 -1.6978e+03
-5.9059e+06 3.6392e+01 -5.2922e+03 -1.6131e+03 -1.2651e+01 -1.6299e+03
-5.7554e+06 3.6390e+01 -5.2412e+03 -1.7871e+03 4.7119e-02 -1.5613e+03
-5.5569e+06 3.6391e+01 -5.1887e+03 -1.9474e+03 1.2209e+01 -1.4927e+03
-5.4507e+06 3.6393e+01 -5.1357e+03 -2.0953e+03 1.7160e+01 -1.4243e+03
-5.6493e+06 3.6395e+01 -5.0825e+03 -2.2318e+03 7.0098e+00 -1.3557e+03
-6.2128e+06 3.6396e+01 -5.0299e+03 -2.3578e+03 -2.3565e+01 -1.2861e+03
-6.9540e+06 3.6394e+01 -4.9780e+03 -2.4744e+03 -5.7077e+01 -1.2154e+03
-7.1065e+06 3.6391e+01 -4.9271e+03 -2.5822e+03 -6.6974e+01 -1.1440e+03
-6.8478e+06 3.6388e+01 -4.8774e+03 -2.6822e+03 -4.9487e+01 -1.0725e+03
-6.0688e+06 3.6386e+01 -4.8291e+03 -2.7749e+03 -1.1017e+01 -1.0018e+03
-5.5880e+06 3.6386e+01 -4.7822e+03 -2.8610e+03 2.3371e+01 -9.3040e+02
-5.2899e+06 3.6392e+01 -4.7367e+03 -2.9411e+03 4.2067e+01 -8.5774e+02
-5.2453e+06 3.6408e+01 -4.6928e+03 -3.0157e+03 3.9694e+01 -7.8431e+02
-5.3032e+06 3.6432e+01 -4.6503e+03 -3.0852e+03 2.4057e+01 -7.1113e+02
-5.8751e+06 3.6454e+01 -4.6094e+03 -3.1500e+03 3.3431e+00 -6.3730e+02
-6.1519e+06 3.6465e+01 -4.5698e+03 -3.2106e+03 -2.9930e+00 -5.6766e+02
-6.8790e+06 3.6467e+01 -4.5317e+03 -3.2672e+03 -1.8654e+01 -4.8052e+02
-7.1524e+06 3.6469e+01 -4.4950e+03 -3.3201e+03 -4.2149e+01 -4.1770e+02
1.0421e+06 3.1595e+01 -4.6347e+03 2.8422e+03 6.2009e+00 -2.6175e+03
1.6265e+06 3.4810e+01 -4.8251e+03 2.5208e+03 2.0118e+01 -2.5741e+03
9.5589e+05 3.6363e+01 -4.9920e+03 2.1891e+03 2.2414e+01 -2.5083e+03
2.8036e+06 3.6376e+01 -5.1340e+03 1.8519e+03 2.4233e+01 -2.4495e+03
8.1840e+05 3.6381e+01 -5.2506e+03 1.5141e+03 1.6266e+00 -2.3897e+03
1.1170e+06 3.6379e+01 -5.3424e+03 1.1802e+03 -3.6147e+00 -2.3267e+03
1.0163e+06 3.6373e+01 -5.4107e+03 8.5412e+02 1.0129e+01 -2.2649e+03
7.5401e+05 3.6360e+01 -5.4575e+03 5.3913e+02 3.1842e+01 -2.2020e+03
-2.0348e+05 3.6347e+01 -5.4851e+03 2.3763e+02 5.8547e+01 -2.1372e+03
-1.7418e+06 3.6358e+01 -5.4962e+03 -4.8703e+01 2.2747e+01 -2.0706e+03
-3.6986e+06 3.6398e+01 -5.4931e+03 -3.1887e+02 -6.2807e+01 -2.0039e+03
-5.0541e+06 3.6426e+01 -5.4783e+03 -5.7246e+02 -9.7507e+01 -1.9387e+03
-5.8956e+06 3.6416e+01 -5.4540e+03 -8.0952e+02 -7.4536e+01 -1.8728e+03
-6.2751e+06 3.6388e+01 -5.4222e+03 -1.0304e+03 -5.3388e+01 -1.8050e+03
-6.6420e+06 3.6368e+01 -5.3846e+03 -1.2358e+03 -5.0459e+01 -1.7369e+03
-6.7786e+06 3.6358e+01 -5.3425e+03 -1.4265e+03 -5.3818e+01 -1.6687e+03
-6.9954e+06 3.6354e+01 -5.2974e+03 -1.6034e+03 -6.1062e+01 -1.6004e+03
-7.1332e+06 3.6351e+01 -5.2500e+03 -1.7673e+03 -6.6386e+01 -1.5315e+03
-7.2569e+06 3.6349e+01 -5.2013e+03 -1.9193e+03 -6.9982e+01 -1.4623e+03
-7.0470e+06 3.6349e+01 -5.1519e+03 -2.0602e+03 -5.7584e+01 -1.3927e+03
-6.6370e+06 3.6350e+01 -5.1023e+03 -2.1909e+03 -3.0807e+01 -1.3229e+03
-5.9864e+06 3.6349e+01 -5.0530e+03 -2.3122e+03 2.7453e+00 -1.2531e+03
-5.9365e+06 3.6347e+01 -5.0042e+03 -2.4248e+03 1.0558e+01 -1.1832e+03
-6.1017e+06 3.6344e+01 -4.9562e+03 -2.5296e+03 -1.6146e+00 -1.1124e+03
-6.8512e+06 3.6341e+01 -4.9091e+03 -2.6270e+03 -3.7080e+01 -1.0405e+03
-7.1961e+06 3.6339e+01 -4.8632e+03 -2.7178e+03 -6.0083e+01 -9.6800e+02
-7.6215e+06 3.6340e+01 -4.8184e+03 -2.8024e+03 -7.8979e+01 -8.9564e+02
-7.6288e+06 3.6346e+01 -4.7749e+03 -2.8814e+03 -7.5655e+01 -8.2314e+02
-7.9218e+06 3.6358e+01 -4.7326e+03 -2.9551e+03 -8.2744e+01 -7.5055e+02
-7.4845e+06 3.6373e+01 -4.6916e+03 -3.0241e+03 -6.7963e+01 -6.7462e+02
-7.6499e+06 3.6382e+01 -4.6520e+03 -3.0886e+03 -6.2685e+01 -6.0312e+02
-6.8839e+06 3.6387e+01 -4.6136e+03 -3.1490e+03 -2.8862e+01 -5.1500e+02
-7.0552e+06 3.6392e+01 -4.5765e+03 -3.2055e+03 -2.9339e+01 -4.5354e+02
4.3836e+05 2.9302e+01 -4.6347e+03 2.8331e+03 -9.1714e+00 -2.6606e+03
2.1450e+05 3.4087e+01 -4.8133e+03 2.5332e+03 1.0297e+01 -2.6124e+03
8.1330e+05 3.6377e+01 -4.9716e+03 2.2240e+03 7.1718e+00 -2.5469e+03
-1.0215e+06 3.6346e+01 -5.1081e+03 1.9094e+03 -2.1218e+01 -2.4864e+03
4.1535e+05 3.6353e+01 -5.2226e+03 1.5933e+03 -1.9132e+01 -2.4246e+03
-1.7104e+05 3.6355e+01 -5.3151e+03 1.2797e+03 -1.1502e+01 -2.3641e+03
-5.2007e+05 3.6354e+01 -5.3866e+03 9.7173e+02 -1.9868e+01 -2.3018e+03
-9.4292e+05 3.6349e+01 -5.4387e+03 6.7241e+02 -1.6765e+01 -2.2384e+03
-1.3042e+06 3.6334e+01 -5.4730e+03 3.8397e+02 1.5842e+01 -2.1739e+03
-2.3352e+06 3.6327e+01 -5.4916e+03 1.0807e+02 2.3563e+01 -2.1092e+03
-3.8353e+06 3.6347e+01 -5.4966e+03 -1.5415e+02 -4.0650e+01 -2.0433e+03
-5.3044e+06 3.6377e+01 -5.4899e+03 -4.0208e+02 -1.0084e+02 -1.9766e+03
-5.9623e+06 3.6386e+01 -5.4736e+03 -6.3549e+02 -8.9164e+01 -1.9101e+03
-6.1721e+06 3.6371e+01 -5.4494e+03 -8.5449e+02 -4.6990e+01 -1.8433e+03
-6.0930e+06 3.6353e+01 -5.4189e+03 -1.0594e+03 -1.8044e+01 -1.7758e+03
-6.0971e+06 3.6343e+01 -5.3833e+03 -1.2509e+03 -4.3908e+00 -1.7079e+03
-5.9903e+06 3.6337e+01 -5.3440e+03 -1.4294e+03 6.2404e+00 -1.6395e+03
-5.8943e+06 3.6333e+01 -5.3018e+03 -1.5958e+03 1.5995e+01 -1.5709e+03
-5.8194e+06 3.6331e+01 -5.2577e+03 -1.7508e+03 2.1289e+01 -1.5020e+03
-5.9730e+06 3.6329e+01 -5.2122e+03 -1.8952e+03 1.3114e+01 -1.4328e+03
-6.3333e+06 3.6327e+01 -5.1661e+03 -2.0297e+03 -8.3220e+00 -1.3628e+03
-6.8255e+06 3.6324e+01 -5.1196e+03 -2.1549e+03 -3.2718e+01 -1.2921e+03
-6.9244e+06 3.6322e+01 -5.0733e+03 -2.2717e+03 -3.7718e+01 -1.2211e+03
-6.7679e+06 3.6322e+01 -5.0273e+03 -2.3806e+03 -2.5069e+01 -1.1499e+03
-6.2755e+06 3.6322e+01 -4.9818e+03 -2.4823e+03 3.7206e+00 -1.0786e+03
-5.9501e+06 3.6321e+01 -4.9372e+03 -2.5772e+03 2.5325e+01 -1.0070e+03
-5.7571e+06 3.6322e+01 -4.8934e+03 -2.6660e+03 4.2637e+01 -9.3453e+02
-5.6975e+06 3.6323e+01 -4.8507e+03 -2.7490e+03 4.5870e+01 -8.6221e+02
-5.7678e+06 3.6328e+01 -4.8090e+03 -2.8266e+03 4.2362e+01 -7.9010e+02
-6.0841e+06 3.6332e+01 -4.7683e+03 -2.8994e+03 2.1398e+01 -7.1508e+02
-6.2790e+06 3.6335e+01 -4.7288e+03 -2.9676e+03 1.7332e+01 -6.4280e+02
-6.6805e+06 3.6337e+01 -4.6905e+03 -3.0316e+03 -1.2740e+00 -5.5405e+02
-6.9546e+06 3.6341e+01 -4.6532e+03 -3.0916e+03 -9.8421e+00 -4.9054e+02
4.7174e+05 2.8215e+01 -4.6347e+03 2.8237e+03 8.7173e-01 -2.6960e+03
9.9246e+05 3.2168e+01 -4.8029e+03 2.5427e+03 2.0331e+01 -2.6490e+03
5.8624e+05 3.4768e+01 -4.9532e+03 2.2533e+03 3.1589e+01 -2.5827e+03
2.0619e+06 3.5846e+01 -5.0846e+03 1.9586e+03 3.8832e+01 -2.5242e+03
5.3417e+05 3.6336e+01 -5.1965e+03 1.6619e+03 2.1105e+01 -2.4641e+03
6.7941e+05 3.6339e+01 -5.2890e+03 1.3665e+03 1.1265e+01 -2.4016e+03
4.7174e+05 3.6344e+01 -5.3627e+03 1.0752e+03 9.0367e+00 -2.3396e+03
2.1766e+05 3.6341e+01 -5.4186e+03 7.9062e+02 3.5960e+00 -2.2768e+03
-3.0825e+05 3.6326e+01 -5.4583e+03 5.1478e+02 2.8929e+01 -2.2126e+03
-1.0621e+06 3.6308e+01 -5.4832e+03 2.4931e+02 6.2419e+01 -2.1482e+03
-2.5159e+06 3.6308e+01 -5.4950e+03 -4.6164e+00 4.8604e+01 -2.0827e+03
-4.1878e+06 3.6334e+01 -5.4956e+03 -2.4624e+02 -2.0904e+01 -2.0163e+03
-5.5139e+06 3.6357e+01 -5.4864e+03 -4.7516e+02 -6.0074e+01 -1.9499e+03
-6.1325e+06 3.6356e+01 -5.4692e+03 -6.9128e+02 -5.0190e+01 -1.8825e+03
-6.4385e+06 3.6342e+01 -5.4453e+03 -8.9475e+02 -3.4826e+01 -1.8150e+03
-6.6066e+06 3.6332e+01 -5.4159e+03 -1.0859e+03 -3.6370e+01 -1.7471e+03
-6.7124e+06 3.6325e+01 -5.3822e+03 -1.2651e+03 -3.5381e+01 -1.6786e+03
-6.8906e+06 3.6320e+01 -5.3452e+03 -1.4330e+03 -4.3188e+01 -1.6099e+03
-6.8892e+06 3.6318e+01 -5.3057e+03 -1.5901e+03 -3.9100e+01 -1.5405e+03
-6.8866e+06 3.6316e+01 -5.2644e+03 -1.7370e+03 -3.7568e+01 -1.4711e+03
-6.4810e+06 3.6315e+01 -5.2218e+03 -1.8745e+03 -1.1612e+01 -1.4011e+03
-6.2610e+06 3.6314e+01 -5.1785e+03 -2.0030e+03 4.0070e-01 -1.3310e+03
-5.9926e+06 3.6314e+01 -5.1348e+03 -2.1233e+03 1.8232e+01 -1.2603e+03
-6.3914e+06 3.6313e+01 -5.0911e+03 -2.2358e+03 -4.1537e+00 -1.1894e+03
-6.5109e+06 3.6312e+01 -5.0477e+03 -2.3411e+03 -9.5181e+00 -1.1173e+03
-7.2053e+06 3.6311e+01 -5.0046e+03 -2.4397e+03 -4.6283e+01 -1.0452e+03
-6.9474e+06 3.6311e+01 -4.9622e+03 -2.5321e+03 -3.4132e+01 -9.7221e+02
-7.6222e+06 3.6310e+01 -4.9205e+03 -2.6188e+03 -6.4480e+01 -9.0009e+02
-6.9425e+06 3.6311e+01 -4.8796e+03 -2.7000e+03 -2.8113e+01 -8.2703e+02
-7.6532e+06 3.6310e+01 -4.8396e+03 -2.7763e+03 -5.8371e+01 -7.5213e+02
-6.5078e+06 3.6312e+01 -4.8005e+03 -2.8480e+03 4.3865e+00 -6.7939e+02
-7.5254e+06 3.6314e+01 -4.7625e+03 -2.9153e+03 -3.7483e+01 -5.9144e+02
-5.7788e+06 3.6322e+01 -4.7254e+03 -2.9786e+03 4.2426e+01 -5.2738e+02
-8.7596e+03 2.6902e+01 -4.6347e+03 2.8141e+03 -1.9550e+01 -2.7390e+03
-2.9234e+05 2.8594e+01 -4.7936e+03 2.5499e+03 -2.4842e+01 -2.6889e+03
2.7700e+05 3.1591e+01 -4.9367e+03 2.2779e+03 -1.3364e+01 -2.6216e+03
-9.7128e+05 3.4957e+01 -5.0631e+03 2.0009e+03 -7.9022e-01 -2.5618e+03
1.8901e+05 3.6358e+01 -5.1723e+03 1.7216e+03 5.1013e+00 -2.5009e+03
-3.9006e+05 3.6328e+01 -5.2642e+03 1.4426e+03 -4.8833e+00 -2.4403e+03
-7.2954e+05 3.6334e+01 -5.3391e+03 1.1667e+03 -1.9492e+01 -2.3781e+03
-1.1345e+06 3.6331e+01 -5.3980e+03 8.9580e+02 -2.3392e+01 -2.3147e+03
-1.2676e+06 3.6316e+01 -5.4419e+03 6.3199e+02 -1.8841e+00 -2.2505e+03
-1.7502e+06 3.6292e+01 -5.4720e+03 3.7675e+02 4.8216e+01 -2.1860e+03
-2.6763e+06 3.6281e+01 -5.4897e+03 1.3126e+02 6.5668e+01 -2.1204e+03
-4.3236e+06 3.6303e+01 -5.4964e+03 -1.0367e+02 -2.8936e+00 -2.0551e+03
-5.4775e+06 3.6335e+01 -5.4937e+03 -3.2752e+02 -5.6816e+01 -1.9891e+03
-6.0401e+06 3.6343e+01 -5.4828e+03 -5.4004e+02 -4.0988e+01 -1.9213e+03
-6.0405e+06 3.6334e+01 -5.4650e+03 -7.4120e+02 -1.2457e+01 -1.8541e+03
-6.1581e+06 3.6326e+01 -5.4414e+03 -9.3115e+02 -5.4079e+00 -1.7866e+03
-6.0333e+06 3.6320e+01 -5.4132e+03 -1.1102e+03 5.3611e+00 -1.7180e+03
-6.0713e+06 3.6316e+01 -5.3813e+03 -1.2787e+03 8.7301e+00 -1.6494e+03
-5.9286e+06 3.6314e+01 -5.3464e+03 -1.4370e+03 1.7238e+01 -1.5803e+03
-6.1549e+06 3.6313e+01 -5.3092e+03 -1.5858e+03 7.7766e+00 -1.5109e+03
-6.2454e+06 3.6311e+01 -5.2703e+03 -1.7255e+03 5.0436e-02 -1.4407e+03
-6.7407e+06 3.6308e+01 -5.2303e+03 -1.8566e+03 -2.3065e+01 -1.3701e+03
-6.6047e+06 3.6307e+01 -5.1895e+03 -1.9797e+03 -1.7927e+01 -1.2988e+03
-6.7714e+06 3.6307e+01 -5.1483e+03 -2.0952e+03 -2.0833e+01 -1.2276e+03
-6.1690e+06 3.6309e+01 -5.1070e+03 -2.2036e+03 9.8686e+00 -1.1558e+03
-6.3166e+06 3.6309e+01 -5.0658e+03 -2.3055e+03 8.0237e+00 -1.0840e+03
-5.7484e+06 3.6310e+01 -5.0250e+03 -2.4012e+03 3.7082e+01 -1.0113e+03
-6.2679e+06 3.6309e+01 -4.9846e+03 -2.4911e+03 1.5300e+01 -9.3909e+02
-5.6639e+06 3.6309e+01 -4.9448e+03 -2.5756e+03 4.2392e+01 -8.6610e+02
-6.5886e+06 3.6306e+01 -4.9056e+03 -2.6551e+03 3.6378e-01 -7.9090e+02
-5.7362e+06 3.6306e+01 -4.8673e+03 -2.7300e+03 4.0619e+01 -7.1828e+02
-7.1642e+06 3.6308e+01 -4.8297e+03 -2.8004e+03 -2.3137e+01 -6.2966e+02
-6.0091e+06 3.6317e+01 -4.7930e+03 -2.8668e+03 2.0537e+01 -5.6538e+02
5.4782e+04 2.6697e+01 -4.6347e+03 2.8043e+03 -1.4858e+01 -2.7764e+03
3.3352e+05 2.7914e+01 -4.7852e+03 2.5551e+03 -2.3772e+01 -2.7279e+03
1.5823e+04 3.0672e+01 -4.9218e+03 2.2986e+03 -1.0518e+01 -2.6599e+03
1.3130e+06 3.4271e+01 -5.0435e+03 2.0374e+03 2.8903e+01 -2.6007e+03
1.7611e+05 3.6125e+01 -5.1498e+03 1.7736e+03 3.0701e+01 -2.5409e+03
2.3486e+05 3.6319e+01 -5.2407e+03 1.5097e+03 1.0145e+01 -2.4786e+03
-2.9029e+04 3.6324e+01 -5.3163e+03 1.2477e+03 4.7248e+00 -2.4164e+03
-2.0945e+05 3.6317e+01 -5.3773e+03 9.8966e+02 1.7347e+01 -2.3532e+03
-6.6450e+05 3.6298e+01 -5.4245e+03 7.3727e+02 4.7796e+01 -2.2895e+03
-1.2026e+06 3.6275e+01 -5.4588e+03 4.9196e+02 9.0310e+01 -2.2251e+03
-2.4693e+06 3.6270e+01 -5.4815e+03 2.5486e+02 9.0559e+01 -2.1594e+03
-4.0552e+06 3.6297e+01 -5.4936e+03 2.6817e+01 1.2372e+01 -2.0946e+03
-5.4280e+06 3.6326e+01 -5.4965e+03 -1.9157e+02 -4.4918e+01 -2.0285e+03
-5.9634e+06 3.6332e+01 -5.4913e+03 -3.9996e+02 -3.5132e+01 -1.9604e+03
-6.2855e+06 3.6326e+01 -5.4791e+03 -5.9819e+02 -2.1457e+01 -1.8935e+03
-6.3804e+06 3.6320e+01 -5.4610e+03 -7.8627e+02 -2.2861e+01 -1.8259e+03
-6.5529e+06 3.6315e+01 -5.4380e+03 -9.6436e+02 -2.5448e+01 -1.7572e+03
-6.6081e+06 3.6311e+01 -5.4108e+03 -1.1327e+03 -2.8708e+01 -1.6885e+03
-6.7076e+06 3.6310e+01 -5.3804e+03 -1.2916e+03 -2.7573e+01 -1.6193e+03
-6.6080e+06 3.6309e+01 -5.3473e+03 -1.4415e+03 -2.2351e+01 -1.5496e+03
-6.4798e+06 3.6307e+01 -5.3122e+03 -1.5828e+03 -9.8645e+00 -1.4796e+03
-6.1986e+06 3.6305e+01 -5.2756e+03 -1.7158e+03 1.7803e+00 -1.4091e+03
-6.2003e+06 3.6304e+01 -5.2378e+03 -1.8412e+03 8.2501e+00 -1.3382e+03
-6.2420e+06 3.6305e+01 -5.1993e+03 -1.9591e+03 2.1168e+00 -1.2669e+03
-6.5624e+06 3.6306e+01 -5.1603e+03 -2.0702e+03 -8.5859e+00 -1.1949e+03
-6.7452e+06 3.6307e+01 -5.1212e+03 -2.1748e+03 -2.4502e+01 -1.1224e+03
-6.9601e+06 3.6307e+01 -5.0821e+03 -2.2734e+03 -2.9306e+01 -1.0496e+03
-6.9289e+06 3.6305e+01 -5.0432e+03 -2.3662e+03 -3.2667e+01 -9.7666e+02
-6.9822e+06 3.6305e+01 -5.0047e+03 -2.4537e+03 -2.5594e+01 -9.0406e+02
-6.8338e+06 3.6305e+01 -4.9667e+03 -2.5361e+03 -2.7355e+01 -8.2826e+02
-6.8860e+06 3.6306e+01 -4.9292e+03 -2.6139e+03 -1.2420e+01 -7.5619e+02
-6.6406e+06 3.6310e+01 -4.8923e+03 -2.6872e+03 -1.2023e+01 -6.6664e+02
-6.6421e+06 3.6317e+01 -4.8562e+03 -2.7563e+03 2.7388e-01 -6.0343e+02
-8.4614e+04 2.8548e+01 -4.6347e+03 2.7944e+03 -5.4480e+00 -2.8188e+03
-3.8605e+05 3.0336e+01 -4.7777e+03 2.5585e+03 -1.1189e+01 -2.7682e+03
-6.7443e+04 3.1820e+01 -4.9082e+03 2.3160e+03 -1.6919e+01 -2.6998e+03
-1.0880e+06 3.3650e+01 -5.0254e+03 2.0689e+03 -9.9563e+00 -2.6395e+03
-1.6645e+05 3.5579e+01 -5.1289e+03 1.8192e+03 1.1792e+01 -2.5787e+03
-6.3968e+05 3.6305e+01 -5.2185e+03 1.5689e+03 1.9090e+01 -2.5176e+03
-1.0042e+06 3.6304e+01 -5.2943e+03 1.3198e+03 2.2354e+01 -2.4550e+03
-1.5094e+06 3.6296e+01 -5.3568e+03 1.0737e+03 3.9725e+01 -2.3917e+03
-1.9016e+06 3.6281e+01 -5.4065e+03 8.3206e+02 6.2475e+01 -2.3282e+03
-2.6641e+06 3.6271e+01 -5.4443e+03 5.9629e+02 7.2879e+01 -2.2635e+03
-3.7012e+06 3.6282e+01 -5.4711e+03 3.6743e+02 3.2308e+01 -2.1985e+03
-4.9901e+06 3.6309e+01 -5.4879e+03 1.4634e+02 -3.5423e+01 -2.1340e+03
-5.6913e+06 3.6326e+01 -5.4957e+03 -6.6350e+01 -5.3471e+01 -2.0673e+03
-6.0096e+06 3.6325e+01 -5.4956e+03 -2.7023e+02 -2.6279e+01 -1.9998e+03
-6.0341e+06 3.6321e+01 -5.4885e+03 -4.6505e+02 -8.5302e+00 -1.9330e+03
-6.1294e+06 3.6317e+01 -5.4755e+03 -6.5072e+02 -3.8990e+00 -1.8653e+03
-6.0872e+06 3.6313e+01 -5.4573e+03 -8.2729e+02 -6.2328e-01 -1.7968e+03
-6.0919e+06 3.6310e+01 -5.4348e+03 -9.9488e+02 4.9031e+00 -1.7282e+03
-6.0464e+06 3.6309e+01 -5.4087e+03 -1.1537e+03 8.5121e+00 -1.6591e+03
-6.1363e+06 3.6308e+01 -5.3796e+03 -1.3041e+03 7.9114e+00 -1.5895e+03
-6.2699e+06 3.6306e+01 -5.3482e+03 -1.4464e+03 -2.7326e+00 -1.5192e+03
-6.4935e+06 3.6302e+01 -5.3150e+03 -1.5808e+03 -1.2864e+01 -1.4484e+03
-6.5342e+06 3.6301e+01 -5.2803e+03 -1.7078e+03 -1.7558e+01 -1.3772e+03
-6.5066e+06 3.6304e+01 -5.2445e+03 -1.8278e+03 -1.0341e+01 -1.3056e+03
-6.3338e+06 3.6307e+01 -5.2080e+03 -1.9410e+03 -1.3959e+00 -1.2338e+03
-6.1641e+06 3.6309e+01 -5.1711e+03 -2.0480e+03 1.1547e+01 -1.1616e+03
-6.0749e+06 3.6309e+01 -5.1339e+03 -2.1490e+03 1.5603e+01 -1.0888e+03
-6.0589e+06 3.6308e+01 -5.0967e+03 -2.2443e+03 2.1156e+01 -1.0158e+03
-6.1577e+06 3.6307e+01 -5.0597e+03 -2.3344e+03 1.3641e+01 -9.4316e+02
-6.1679e+06 3.6311e+01 -5.0229e+03 -2.4194e+03 1.4678e+01 -8.6705e+02
-6.2988e+06 3.6312e+01 -4.9865e+03 -2.4998e+03 8.0310e+00 -7.9480e+02
-6.3560e+06 3.6315e+01 -4.9506e+03 -2.5758e+03 9.5160e+00 -7.0513e+02
-6.6805e+06 3.6321e+01 -4.9151e+03 -2.6475e+03 -1.9020e+01 -6.4188e+02
1.5557e+05 3.1090e+01 -4.6347e+03 2.7842e+03 1.1508e+01 -2.8567e+03
2.8131e+05 3.2109e+01 -4.7709e+03 2.5604e+03 8.1595e+00 -2.8073e+03
-1.5935e+05 3.2587e+01 -4.8958e+03 2.3305e+03 7.3837e-01 -2.7386e+03
6.5081e+05 3.3652e+01 -5.0088e+03 2.0962e+03 1.5267e+01 -2.6787e+03
-3.0756e+05 3.5427e+01 -5.1095e+03 1.8592e+03 3.8940e+01 -2.6185e+03
-3.8099e+05 3.6278e+01 -5.1976e+03 1.6213e+03 6.2105e+01 -2.5566e+03
-9.7806e+05 3.6285e+01 -5.2732e+03 1.3841e+03 6.5970e+01 -2.4946e+03
-1.7735e+06 3.6292e+01 -5.3366e+03 1.1490e+03 3.4427e+01 -2.4318e+03
-2.7846e+06 3.6297e+01 -5.3883e+03 9.1757e+02 9.4365e+00 -2.3679e+03
-3.6000e+06 3.6301e+01 -5.4289e+03 6.9092e+02 -1.4387e+00 -2.3029e+03
-4.5920e+06 3.6313e+01 -5.4592e+03 4.7010e+02 -3.0625e+01 -2.2386e+03
-5.3060e+06 3.6325e+01 -5.4800e+03 2.5592e+02 -5.1214e+01 -2.1733e+03
-5.8139e+06 3.6326e+01 -5.4921e+03 4.9039e+01 -3.7617e+01 -2.1064e+03
-5.9845e+06 3.6321e+01 -5.4966e+03 -1.5009e+02 -1.8799e+01 -2.0398e+03
-6.1933e+06 3.6318e+01 -5.4941e+03 -3.4115e+02 -1.3621e+01 -1.9728e+03
-6.2574e+06 3.6315e+01 -5.4856e+03 -5.2398e+02 -1.5498e+01 -1.9047e+03
-6.4029e+06 3.6312e+01 -5.4720e+03 -6.9854e+02 -1.8031e+01 -1.8363e+03
-6.4427e+06 3.6310e+01 -5.4538e+03 -8.6488e+02 -1.9764e+01 -1.7677e+03
-6.5240e+06 3.6309e+01 -5.4318e+03 -1.0231e+03 -1.8731e+01 -1.6984e+03
-6.4564e+06 3.6308e+01 -5.4067e+03 -1.1735e+03 -1.4752e+01 -1.6286e+03
-6.3921e+06 3.6306e+01 -5.3789e+03 -1.3162e+03 -8.1852e+00 -1.5585e+03
-6.2120e+06 3.6304e+01 -5.3490e+03 -1.4515e+03 -1.6565e+00 -1.4878e+03
-6.2192e+06 3.6304e+01 -5.3174e+03 -1.5797e+03 1.5985e+00 -1.4168e+03
-6.2272e+06 3.6306e+01 -5.2845e+03 -1.7011e+03 -4.0618e-01 -1.3452e+03
-6.4169e+06 3.6309e+01 -5.2505e+03 -1.8162e+03 -7.9704e+00 -1.2732e+03
-6.5736e+06 3.6312e+01 -5.2159e+03 -1.9250e+03 -1.9443e+01 -1.2005e+03
-6.7311e+06 3.6312e+01 -5.1808e+03 -2.0281e+03 -2.5126e+01 -1.1272e+03
-6.6781e+06 3.6311e+01 -5.1454e+03 -2.1256e+03 -2.1934e+01 -1.0541e+03
-6.6633e+06 3.6312e+01 -5.1100e+03 -2.2179e+03 -1.8128e+01 -9.8147e+02
-6.6436e+06 3.6316e+01 -5.0746e+03 -2.3053e+03 -2.0431e+01 -9.0546e+02
-6.6725e+06 3.6320e+01 -5.0394e+03 -2.3881e+03 -1.7872e+01 -8.3279e+02
-6.5699e+06 3.6324e+01 -5.0045e+03 -2.4664e+03 -1.4391e+01 -7.4318e+02
-6.4537e+06 3.6333e+01 -4.9700e+03 -2.5405e+03 -1.0764e+01 -6.7946e+02
7.5351e+04 3.2546e+01 -4.6347e+03 2.7739e+03 1.4795e+01 -2.8983e+03
-2.9439e+05 3.3240e+01 -4.7646e+03 2.5610e+03 1.1262e+01 -2.8475e+03
-2.2568e+05 3.3799e+01 -4.8844e+03 2.3425e+03 1.2293e+01 -2.7784e+03
-1.2700e+06 3.4700e+01 -4.9935e+03 2.1198e+03 2.8498e+01 -2.7181e+03
-9.1067e+05 3.5786e+01 -5.0914e+03 1.8944e+03 5.6765e+01 -2.6574e+03
-1.8071e+06 3.6258e+01 -5.1779e+03 1.6678e+03 5.9483e+01 -2.5961e+03
-2.8164e+06 3.6287e+01 -5.2530e+03 1.4415e+03 1.9285e+01 -2.5335e+03
-4.0189e+06 3.6310e+01 -5.3170e+03 1.2168e+03 -4.7275e+01 -2.4707e+03
-4.7748e+06 3.6328e+01 -5.3701e+03 9.9487e+02 -8.3538e+01 -2.4070e+03
-5.3087e+06 3.6333e+01 -5.4130e+03 7.7691e+02 -7.5743e+01 -2.3428e+03
-5.5878e+06 3.6332e+01 -5.4462e+03 5.6384e+02 -6.3217e+01 -2.2781e+03
-5.8752e+06 3.6327e+01 -5.4704e+03 3.5647e+02 -4.6421e+01 -2.2121e+03
-5.9293e+06 3.6321e+01 -5.4863e+03 1.5542e+02 -2.4494e+01 -2.1458e+03
-6.0512e+06 3.6318e+01 -5.4947e+03 -3.8802e+01 -1.2470e+01 -2.0796e+03
-6.0511e+06 3.6317e+01 -5.4964e+03 -2.2586e+02 -7.2998e+00 -2.0123e+03
-6.1413e+06 3.6316e+01 -5.4922e+03 -4.0553e+02 -5.3586e+00 -1.9444e+03
-6.0993e+06 3.6314e+01 -5.4827e+03 -5.7771e+02 -1.7349e+00 -1.8762e+03
-6.1361e+06 3.6313e+01 -5.4686e+03 -7.4235e+02 1.0513e+00 -1.8075e+03
-6.0868e+06 3.6313e+01 -5.4505e+03 -8.9954e+02 3.9209e+00 -1.7382e+03
-6.1738e+06 3.6312e+01 -5.4291e+03 -1.0494e+03 2.2989e+00 -1.6685e+03
-6.2130e+06 3.6310e+01 -5.4049e+03 -1.1921e+03 -1.6817e+00 -1.5982e+03
-6.3861e+06 3.6307e+01 -5.3783e+03 -1.3278e+03 -8.9422e+00 -1.5273e+03
-6.3597e+06 3.6307e+01 -5.3497e+03 -1.4568e+03 -1.0355e+01 -1.4561e+03
-6.4142e+06 3.6309e+01 -5.3196e+03 -1.5793e+03 -1.1321e+01 -1.3845e+03
-6.2481e+06 3.6311e+01 -5.2883e+03 -1.6957e+03 -2.7212e+00 -1.3123e+03
-6.1693e+06 3.6314e+01 -5.2560e+03 -1.8061e+03 4.0775e+00 -1.2397e+03
-5.9978e+06 3.6317e+01 -5.2230e+03 -1.9108e+03 1.1024e+01 -1.1667e+03
-6.1721e+06 3.6320e+01 -5.1896e+03 -2.0102e+03 2.1549e+00 -1.0938e+03
-6.1513e+06 3.6323e+01 -5.1559e+03 -2.1045e+03 9.7132e-01 -1.0205e+03
-6.2625e+06 3.6329e+01 -5.1220e+03 -2.1939e+03 -5.1977e+00 -9.4426e+02
-6.0914e+06 3.6335e+01 -5.0882e+03 -2.2787e+03 6.6122e+00 -8.7151e+02
-6.3061e+06 3.6342e+01 -5.0545e+03 -2.3592e+03 -3.9044e+00 -7.8230e+02
-6.2327e+06 3.6355e+01 -5.0210e+03 -2.4355e+03 -1.5639e+01 -7.1861e+02
1.6585e+05 3.3093e+01 -4.6347e+03 2.7633e+03 2.6886e+01 -2.9365e+03
9.4177e+04 3.4636e+01 -4.7589e+03 2.5604e+03 4.4747e+01 -2.8866e+03
-6.0670e+05 3.5533e+01 -4.8740e+03 2.3522e+03 5.6398e+01 -2.8177e+03
-5.1383e+05 3.5845e+01 -4.9793e+03 2.1401e+03 7.0884e+01 -2.7583e+03
-1.9333e+06 3.6149e+01 -5.0744e+03 1.9253e+03 6.1199e+01 -2.6980e+03
-2.7399e+06 3.6283e+01 -5.1593e+03 1.7092e+03 1.2085e+01 -2.6354e+03
-3.7634e+06 3.6315e+01 -5.2337e+03 1.4930e+03 -3.8297e+01 -2.5729e+03
-4.4959e+06 3.6332e+01 -5.2979e+03 1.2778e+03 -6.4139e+01 -2.5105e+03
-5.0974e+06 3.6337e+01 -5.3522e+03 1.0649e+03 -6.1162e+01 -2.4468e+03
-5.3588e+06 3.6334e+01 -5.3968e+03 8.5515e+02 -4.2701e+01 -2.3826e+03
-5.6249e+06 3.6327e+01 -5.4324e+03 6.4955e+02 -2.5377e+01 -2.3176e+03
-5.7282e+06 3.6320e+01 -5.4595e+03 4.4882e+02 -1.3847e+01 -2.2517e+03
-5.9044e+06 3.6316e+01 -5.4787e+03 2.5357e+02 -7.1884e+00 -2.1858e+03
-5.9782e+06 3.6316e+01 -5.4907e+03 6.4313e+01 -7.1494e+00 -2.1194e+03
-6.1189e+06 3.6316e+01 -5.4961e+03 -1.1858e+02 -7.9455e+00 -2.0521e+03
-6.1691e+06 3.6315e+01 -5.4957e+03 -2.9486e+02 -1.0498e+01 -1.9842e+03
-6.2844e+06 3.6315e+01 -5.4900e+03 -4.6434e+02 -1.1714e+01 -1.9160e+03
-6.3361e+06 3.6315e+01 -5.4797e+03 -6.2697e+02 -1.4697e+01 -1.8472e+03
-6.3932e+06 3.6316e+01 -5.4653e+03 -7.8273e+02 -1.3783e+01 -1.7778e+03
-6.3755e+06 3.6316e+01 -5.4475e+03 -9.3169e+02 -1.3461e+01 -1.7080e+03
-6.3197e+06 3.6314e+01 -5.4266e+03 -1.0740e+03 -7.2860e+00 -1.6377e+03
-6.2350e+06 3.6313e+01 -5.4032e+03 -1.2097e+03 -5.3181e+00 -1.5669e+03
-6.1860e+06 3.6312e+01 -5.3777e+03 -1.3391e+03 -8.9278e-01 -1.4956e+03
-6.1824e+06 3.6311e+01 -5.3504e+03 -1.4623e+03 -2.9608e+00 -1.4240e+03
-6.1558e+06 3.6307e+01 -5.3217e+03 -1.5796e+03 1.1353e+00 -1.3518e+03
-6.3690e+06 3.6309e+01 -5.2918e+03 -1.6912e+03 -1.3148e+01 -1.2790e+03
-6.4353e+06 3.6320e+01 -5.2610e+03 -1.7973e+03 -1.8322e+01 -1.2055e+03
-6.5020e+06 3.6331e+01 -5.2295e+03 -1.8982e+03 -2.4447e+01 -1.1324e+03
-6.2759e+06 3.6339e+01 -5.1976e+03 -1.9942e+03 -1.3122e+01 -1.0597e+03
-6.5123e+06 3.6348e+01 -5.1654e+03 -2.0853e+03 -3.4214e+01 -9.8331e+02
-6.3022e+06 3.6359e+01 -5.1330e+03 -2.1720e+03 -3.0623e+01 -9.0901e+02
-6.5342e+06 3.6370e+01 -5.1006e+03 -2.2543e+03 -4.7273e+01 -8.1689e+02
-5.9555e+06 3.6387e+01 -5.0683e+03 -2.3325e+03 -2.7180e+00 -7.5213e+02
-5.6838e+04 3.4060e+01 -4.6347e+03 2.7526e+03 3.0314e+01 -2.9784e+03
-8.2788e+05 3.5560e+01 -4.7537e+03 2.5587e+03 4.1067e+01 -2.9272e+03
-1.6103e+06 3.6301e+01 -4.8644e+03 2.3600e+03 6.7242e+00 -2.8584e+03
-3.2438e+06 3.6306e+01 -4.9661e+03 2.1576e+03 -2.3261e+01 -2.7982e+03
-3.5273e+06 3.6316e+01 -5.0587e+03 1.9526e+03 -3.1834e+01 -2.7371e+03
-4.5036e+06 3.6331e+01 -5.1417e+03 1.7460e+03 -5.6933e+01 -2.6754e+03
-5.1329e+06 3.6340e+01 -5.2153e+03 1.5391e+03 -7.2949e+01 -2.6133e+03
-5.5610e+06 3.6337e+01 -5.2795e+03 1.3329e+03 -5.4999e+01 -2.5504e+03
-5.6549e+06 3.6329e+01 -5.3345e+03 1.1283e+03 -3.1973e+01 -2.4861e+03
-5.8016e+06 3.6323e+01 -5.3805e+03 9.2645e+02 -1.8323e+01 -2.4217e+03
-5.8134e+06 3.6319e+01 -5.4181e+03 7.2800e+02 -1.1827e+01 -2.3567e+03
-5.9304e+06 3.6316e+01 -5.4476e+03 5.3371e+02 -1.0372e+01 -2.2913e+03
-5.9310e+06 3.6314e+01 -5.4697e+03 3.4418e+02 -8.6213e+00 -2.2257e+03
-6.0427e+06 3.6314e+01 -5.4848e+03 1.5990e+02 -8.2205e+00 -2.1592e+03
-6.0391e+06 3.6315e+01 -5.4936e+03 -1.8745e+01 -6.5749e+00 -2.0918e+03
-6.1293e+06 3.6315e+01 -5.4966e+03 -1.9145e+02 -6.5689e+00 -2.0241e+03
-6.0858e+06 3.6316e+01 -5.4944e+03 -3.5803e+02 -4.1184e+00 -1.9559e+03
-6.1480e+06 3.6318e+01 -5.4876e+03 -5.1836e+02 -3.5217e+00 -1.8872e+03
-6.0999e+06 3.6320e+01 -5.4767e+03 -6.7239e+02 -1.1148e+00 -1.8178e+03
-6.1847e+06 3.6320e+01 -5.4622e+03 -8.2014e+02 -2.6235e+00 -1.7481e+03
-6.1567e+06 3.6320e+01 -5.4446e+03 -9.6165e+02 -2.4988e+00 -1.6776e+03
-6.2853e+06 3.6320e+01 -5.4243e+03 -1.0970e+03 -7.2506e+00 -1.6067e+03
-6.1971e+06 3.6319e+01 -5.4017e+03 -1.2264e+03 -6.4449e+00 -1.5354e+03
-6.2708e+06 3.6314e+01 -5.3772e+03 -1.3500e+03 -1.1379e+01 -1.4636e+03
-6.0681e+06 3.6307e+01 -5.3510e+03 -1.4679e+03 -1.2649e+00 -1.3908e+03
-5.9952e+06 3.6312e+01 -5.3235e+03 -1.5804e+03 4.9165e+00 -1.3184e+03
-5.7829e+06 3.6332e+01 -5.2949e+03 -1.6876e+03 6.3493e+00 -1.2459e+03
-6.1127e+06 3.6352e+01 -5.2655e+03 -1.7897e+03 -2.3180e+01 -1.1714e+03
-6.0165e+06 3.6366e+01 -5.2354e+03 -1.8870e+03 -2.1207e+01 -1.0952e+03
-6.0926e+06 3.6379e+01 -5.2049e+03 -1.9797e+03 -1.2680e+01 -1.0184e+03
-5.6680e+06 3.6394e+01 -5.1740e+03 -2.0679e+03 3.7274e+01 -9.4901e+02
-5.9087e+06 3.6420e+01 -5.1430e+03 -2.1519e+03 2.2090e+01 -8.6170e+02
-5.6784e+06 3.6473e+01 -5.1119e+03 -2.2318e+03 -2.0299e+01 -7.8882e+02
-9.7939e+04 3.5570e+01 -4.6347e+03 2.7416e+03 4.4605e+01 -3.0173e+03
-1.0630e+06 3.6054e+01 -4.7489e+03 2.5561e+03 1.2972e+01 -2.9666e+03
-2.8137e+06 3.6328e+01 -4.8554e+03 2.3661e+03 -7.7281e+01 -2.8983e+03
-3.4907e+06 3.6360e+01 -4.9539e+03 2.1726e+03 -1.1559e+02 -2.8383e+03
-4.6658e+06 3.6368e+01 -5.0439e+03 1.9765e+03 -9.7200e+01 -2.7775e+03
-4.9321e+06 3.6361e+01 -5.1252e+03 1.7788e+03 -6.9654e+01 -2.7152e+03
-5.1830e+06 3.6349e+01 -5.1979e+03 1.5805e+03 -4.1854e+01 -2.6529e+03
-5.2729e+06 3.6336e+01 -5.2618e+03 1.3826e+03 -1.8829e+01 -2.5899e+03
-5.4567e+06 3.6326e+01 -5.3172e+03 1.1860e+03 -6.8195e+00 -2.5262e+03
-5.5517e+06 3.6322e+01 -5.3644e+03 9.9150e+02 -3.9770e+00 -2.4621e+03
-5.7240e+06 3.6320e+01 -5.4035e+03 7.9989e+02 -4.2665e+00 -2.3972e+03
-5.7918e+06 3.6319e+01 -5.4352e+03 6.1182e+02 -5.4143e+00 -2.3317e+03
-5.9130e+06 3.6317e+01 -5.4596e+03 4.2787e+02 -4.9566e+00 -2.2658e+03
-5.9387e+06 3.6316e+01 -5.4775e+03 2.4853e+02 -4.6290e+00 -2.1992e+03
-6.0261e+06 3.6315e+01 -5.4893e+03 7.4191e+01 -3.9141e+00 -2.1319e+03
-6.0566e+06 3.6315e+01 -5.4954e+03 -9.4845e+01 -5.8639e+00 -2.0642e+03
-6.1634e+06 3.6317e+01 -5.4964e+03 -2.5835e+02 -7.7265e+00 -1.9959e+03
-6.2108e+06 3.6320e+01 -5.4928e+03 -4.1617e+02 -1.0906e+01 -1.9271e+03
-6.2697e+06 3.6323e+01 -5.4852e+03 -5.6823e+02 -1.0836e+01 -1.8576e+03
-6.2671e+06 3.6325e+01 -5.4738e+03 -7.1448e+02 -1.2361e+01 -1.7878e+03
-6.2617e+06 3.6327e+01 -5.4593e+03 -8.5495e+02 -1.1214e+01 -1.7175e+03
-6.2162e+06 3.6329e+01 -5.4420e+03 -9.8969e+02 -1.4160e+01 -1.6466e+03
-6.1759e+06 3.6331e+01 -5.4222e+03 -1.1188e+03 -1.2385e+01 -1.5750e+03
-6.0740e+06 3.6330e+01 -5.4003e+03 -1.2424e+03 -1.0963e+01 -1.5031e+03
-5.9431e+06 3.6328e+01 -5.3767e+03 -1.3606e+03 -6.9247e+00 -1.4311e+03
-6.0970e+06 3.6339e+01 -5.3515e+03 -1.4737e+03 -2.5017e+01 -1.3574e+03
-6.1681e+06 3.6361e+01 -5.3252e+03 -1.5816e+03 -2.2739e+01 -1.2810e+03
-6.0378e+06 3.6385e+01 -5.2978e+03 -1.6847e+03 1.9825e+00 -1.2085e+03
-5.7647e+06 3.6417e+01 -5.2696e+03 -1.7831e+03 1.6446e+01 -1.1385e+03
-6.0647e+06 3.6463e+01 -5.2408e+03 -1.8770e+03 -5.8305e+01 -1.0494e+03
-6.0940e+06 3.6521e+01 -5.2116e+03 -1.9666e+03 -1.4700e+02 -9.4473e+02
-6.5233e+06 3.6610e+01 -5.1820e+03 -2.0520e+03 -5.7333e+02 -8.0731e+02
-6.2912e+06 3.6756e+01 -5.1522e+03 -2.1334e+03 -1.8349e+03 -3.4203e+02
-1.5679e+05 3.6303e+01 -4.6347e+03 2.7305e+03 5.1729e+01 -3.0585e+03
-1.5950e+06 3.6303e+01 -4.7445e+03 2.5527e+03 -1.5527e+00 -3.0068e+03
-3.0840e+06 3.6336e+01 -4.8472e+03 2.3707e+03 -9.5777e+01 -2.9386e+03
-4.7888e+06 3.6368e+01 -4.9425e+03 2.1853e+03 -1.2983e+02 -2.8779e+03
-5.0011e+06 3.6376e+01 -5.0300e+03 1.9974e+03 -9.3370e+01 -2.8167e+03
-5.4278e+06 3.6364e+01 -5.1096e+03 1.8079e+03 -5.2457e+01 -2.7552e+03
-5.5763e+06 3.6348e+01 -5.1812e+03 1.6177e+03 -2.8721e+01 -2.6925e+03
-5.7293e+06 3.6335e+01 -5.2448e+03 1.4276e+03 -1.7371e+01 -2.6293e+03
-5.7362e+06 3.6327e+01 -5.3004e+03 1.2384e+03 -1.3232e+01 -2.5659e+03
-5.8311e+06 3.6323e+01 -5.3484e+03 1.0509e+03 -1.1830e+01 -2.5019e+03
-5.8320e+06 3.6323e+01 -5.3889e+03 8.6581e+02 -1.0797e+01 -2.4372e+03
-5.9289e+06 3.6323e+01 -5.4222e+03 6.8374e+02 -1.0973e+01 -2.3718e+03
-5.9296e+06 3.6323e+01 -5.4488e+03 5.0524e+02 -1.1403e+01 -2.3058e+03
-6.0252e+06 3.6322e+01 -5.4691e+03 3.3077e+02 -1.2161e+01 -2.2391e+03
-6.0149e+06 3.6320e+01 -5.4835e+03 1.6072e+02 -1.1471e+01 -2.1720e+03
-6.0887e+06 3.6320e+01 -5.4924e+03 -4.5795e+00 -1.1417e+01 -2.1042e+03
-6.0387e+06 3.6322e+01 -5.4963e+03 -1.6490e+02 -9.5115e+00 -2.0359e+03
-6.0983e+06 3.6326e+01 -5.4957e+03 -3.2005e+02 -9.3787e+00 -1.9671e+03
-6.0587e+06 3.6331e+01 -5.4910e+03 -4.6993e+02 -7.9748e+00 -1.8977e+03
-6.1208e+06 3.6335e+01 -5.4827e+03 -6.1447e+02 -8.4428e+00 -1.8278e+03
-6.0573e+06 3.6339e+01 -5.4710e+03 -7.5364e+02 -6.5787e+00 -1.7575e+03
-6.1279e+06 3.6345e+01 -5.4565e+03 -8.8748e+02 -9.0932e+00 -1.6867e+03
-6.0231e+06 3.6352e+01 -5.4395e+03 -1.0160e+03 -1.2026e+01 -1.6157e+03
-6.1266e+06 3.6359e+01 -5.4202e+03 -1.1394e+03 -2.9442e+01 -1.5427e+03
-5.9945e+06 3.6369e+01 -5.3990e+03 -1.2577e+03 -2.1551e+01 -1.4680e+03
-5.7774e+06 3.6390e+01 -5.3762e+03 -1.3710e+03 4.4803e+00 -1.3953e+03
-5.4630e+06 3.6434e+01 -5.3521e+03 -1.4794e+03 -3.4363e-02 -1.3213e+03
-5.9640e+06 3.6508e+01 -5.3267e+03 -1.5832e+03 -1.4964e+02 -1.2244e+03
-6.2277e+06 3.6616e+01 -5.3005e+03 -1.6825e+03 -7.9575e+02 -1.0700e+03
-6.3584e+06 3.6742e+01 -5.2734e+03 -1.7774e+03 -1.9706e+03 -3.1113e+02
-6.2066e+06 3.6872e+01 -5.2458e+03 -1.8681e+03 -3.2378e+03 1.1681e+03
-6.5182e+06 3.7029e+01 -5.2177e+03 -1.9547e+03 -4.8707e+03 2.5528e+03
-6.2693e+06 3.7238e+01 -5.2033e+03 -2.0384e+03 -7.3454e+03 3.2495e+03
7.2390e+04 3.6278e+01 -4.6347e+03 2.7192e+03 5.3739e+01 -3.0972e+03
-8.5195e+05 3.6287e+01 -4.7403e+03 2.5485e+03 3.7025e+01 -3.0461e+03
-2.4575e+06 3.6305e+01 -4.8395e+03 2.3739e+03 -1.6696e-01 -2.9777e+03
-3.4431e+06 3.6330e+01 -4.9318e+03 2.1960e+03 -3.3299e+01 -2.9174e+03
-4.7508e+06 3.6351e+01 -5.0170e+03 2.0158e+03 -4.5566e+01 -2.8574e+03
-5.1306e+06 3.6356e+01 -5.0949e+03 1.8339e+03 -3.1405e+01 -2.7954e+03
-5.3412e+06 3.6347e+01 -5.1654e+03 1.6511e+03 -1.3438e+01 -2.7327e+03
-5.4115e+06 3.6336e+01 -5.2284e+03 1.4683e+03 -5.9410e+00 -2.6698e+03
-5.5510e+06 3.6329e+01 -5.2841e+03 1.2861e+03 -3.9130e+00 -2.6064e+03
-5.6211e+06 3.6326e+01 -5.3326e+03 1.1052e+03 -5.0536e+00 -2.5422e+03
-5.7458e+06 3.6327e+01 -5.3742e+03 9.2633e+02 -6.1916e+00 -2.4775e+03
-5.7915e+06 3.6329e+01 -5.4090e+03 7.5001e+02 -7.3487e+00 -2.4118e+03
-5.8614e+06 3.6331e+01 -5.4374e+03 5.7679e+02 -5.9684e+00 -2.3457e+03
-5.8512e+06 3.6332e+01 -5.4598e+03 4.0709e+02 -5.2209e+00 -2.2793e+03
-5.8877e+06 3.6332e+01 -5.4765e+03 2.4131e+02 -4.7068e+00 -2.2122e+03
-5.9059e+06 3.6332e+01 -5.4879e+03 7.9769e+01 -7.8539e+00 -2.1442e+03
-5.9918e+06 3.6334e+01 -5.4945e+03 -7.7286e+01 -1.0712e+01 -2.0757e+03
-6.0415e+06 3.6339e+01 -5.4966e+03 -2.2966e+02 -1.5088e+01 -2.0067e+03
-6.0837e+06 3.6346e+01 -5.4947e+03 -3.7721e+02 -1.5763e+01 -1.9373e+03
-6.1102e+06 3.6353e+01 -5.4891e+03 -5.1985e+02 -2.2236e+01 -1.8673e+03
-6.1202e+06 3.6361e+01 -5.4802e+03 -6.5753e+02 -2.7812e+01 -1.7965e+03
-6.1176e+06 3.6371e+01 -5.4683e+03 -7.9024e+02 -4.0005e+01 -1.7240e+03
-6.0267e+06 3.6381e+01 -5.4539e+03 -9.1801e+02 -2.8779e+01 -1.6506e+03
-5.8481e+06 3.6399e+01 -5.4371e+03 -1.0409e+03 -1.0431e+01 -1.5790e+03
-5.6002e+06 3.6436e+01 -5.4183e+03 -1.1589e+03 1.2369e+00 -1.5076e+03
-6.0030e+06 3.6516e+01 -5.3978e+03 -1.2723e+03 -1.5329e+02 -1.4199e+03
-6.3482e+06 3.6659e+01 -5.3758e+03 -1.3810e+03 -1.2198e+03 -1.2430e+03
-6.4050e+06 3.6848e+01 -5.3525e+03 -1.4853e+03 -3.2361e+03 3.7531e+01
-6.3191e+06 3.7040e+01 -5.3282e+03 -1.5852e+03 -5.4070e+03 2.0247e+03
-6.3034e+06 3.7205e+01 -5.3287e+03 -1.6806e+03 -7.2795e+03 3.5967e+03
-6.2602e+06 3.7344e+01 -5.3355e+03 -1.7729e+03 -8.7408e+03 5.1681e+03
-6.1563e+06 3.7484e+01 -5.3434e+03 -1.8625e+03 -1.0149e+04 6.5602e+03
-6.1348e+06 3.7642e+01 -5.3518e+03 -1.9495e+03 -1.1698e+04 6.6569e+03
2.2770e+05 3.6278e+01 -4.6347e+03 2.7076e+03 4.7044e+01 -3.1388e+03
-5.9968e+05 3.6273e+01 -4.7365e+03 2.5435e+03 7.3821e+01 -3.0867e+03
-1.7095e+06 3.6274e+01 -4.8323e+03 2.3758e+03 7.4474e+01 -3.0171e+03
-3.6391e+06 3.6302e+01 -4.9218e+03 2.2049e+03 1.3333e+01 -2.9573e+03
-4.5631e+06 3.6341e+01 -5.0047e+03 2.0318e+03 -3.8596e+01 -2.8978e+03
-5.2913e+06 3.6358e+01 -5.0809e+03 1.8569e+03 -4.0306e+01 -2.8357e+03
-5.5209e+06 3.6353e+01 -5.1503e+03 1.6811e+03 -2.7639e+01 -2.7726e+03
-5.6796e+06 3.6341e+01 -5.2127e+03 1.5051e+03 -1.9350e+01 -2.7096e+03
-5.6826e+06 3.6333e+01 -5.2683e+03 1.3295e+03 -1.4986e+01 -2.6460e+03
-5.7669e+06 3.6331e+01 -5.3172e+03 1.1549e+03 -1.3697e+01 -2.5818e+03
-5.7517e+06 3.6333e+01 -5.3596e+03 9.8191e+02 -1.3186e+01 -2.5170e+03
-5.8267e+06 3.6338e+01 -5.3956e+03 8.1112e+02 -1.6173e+01 -2.4516e+03
-5.8164e+06 3.6343e+01 -5.4256e+03 6.4299e+02 -2.1188e+01 -2.3846e+03
-5.9108e+06 3.6346e+01 -5.4497e+03 4.7796e+02 -2.5256e+01 -2.3166e+03
-5.8915e+06 3.6348e+01 -5.4685e+03 3.1639e+02 -2.5124e+01 -2.2492e+03
-5.9546e+06 3.6351e+01 -5.4822e+03 1.5860e+02 -2.5771e+01 -2.1817e+03
-5.8719e+06 3.6354e+01 -5.4912e+03 4.8464e+00 -2.3250e+01 -2.1134e+03
-5.9235e+06 3.6361e+01 -5.4958e+03 -1.4466e+02 -2.2927e+01 -2.0446e+03
-5.8635e+06 3.6371e+01 -5.4964e+03 -2.8977e+02 -1.8514e+01 -1.9749e+03
-5.9038e+06 3.6381e+01 -5.4933e+03 -4.3036e+02 -1.1803e+01 -1.9045e+03
-5.7399e+06 3.6392e+01 -5.4870e+03 -5.6637e+02 1.1257e+01 -1.8357e+03
-5.7338e+06 3.6407e+01 -5.4777e+03 -6.9777e+02 2.3620e+01 -1.7681e+03
-5.5497e+06 3.6437e+01 -5.4657e+03 -8.2455e+02 2.0553e+01 -1.6967e+03
-5.9014e+06 3.6504e+01 -5.4513e+03 -9.4673e+02 -1.1485e+02 -1.6111e+03
-6.1322e+06 3.6634e+01 -5.4349e+03 -1.0644e+03 -9.4853e+02 -1.4534e+03
-6.3369e+06 3.6837e+01 -5.4166e+03 -1.1775e+03 -2.8217e+03 -4.5412e+02
-6.1957e+06 3.7094e+01 -5.3967e+03 -1.2863e+03 -5.8920e+03 8.8256e+02
-5.8071e+06 3.7335e+01 -5.4215e+03 -1.3878e+03 -9.0629e+03 2.6075e+03
-5.9978e+06 3.7497e+01 -5.4550e+03 -1.4854e+03 -1.0684e+04 5.2041e+03
-6.1054e+06 3.7589e+01 -5.4666e+03 -1.5819e+03 -1.1206e+04 6.8317e+03
-6.4531e+06 3.7653e+01 -5.4778e+03 -1.6759e+03 -1.1544e+04 7.1958e+03
-6.9543e+06 3.7714e+01 -5.4892e+03 -1.7673e+03 -1.1847e+04 7.2864e+03
-7.3806e+06 3.7776e+01 -5.5009e+03 -1.8564e+03 -1.2268e+04 6.8888e+03
3.5808e+05 3.6280e+01 -4.6347e+03 2.6959e+03 4.0551e+01 -3.1794e+03
-2.5729e+05 3.6272e+01 -4.7329e+03 2.5379e+03 6.8099e+01 -3.1273e+03
-1.7876e+06 3.6284e+01 -4.8256e+03 2.3765e+03 4.2943e+01 -3.0574e+03
-3.1481e+06 3.6326e+01 -4.9124e+03 2.2122e+03 -3.2251e+01 -2.9988e+03
-4.6186e+06 3.6366e+01 -4.9932e+03 2.0456e+03 -7.5807e+01 -2.9382e+03
-5.0921e+06 3.6377e+01 -5.0677e+03 1.8774e+03 -6.0364e+01 -2.8747e+03
-5.3199e+06 3.6366e+01 -5.1359e+03 1.7081e+03 -3.3830e+01 -2.8117e+03
-5.3870e+06 3.6352e+01 -5.1977e+03 1.5384e+03 -1.9831e+01 -2.7490e+03
-5.5111e+06 3.6342e+01 -5.2531e+03 1.3690e+03 -1.3642e+01 -2.6858e+03
-5.5512e+06 3.6341e+01 -5.3022e+03 1.2003e+03 -1.2562e+01 -2.6216e+03
-5.6388e+06 3.6346e+01 -5.3452e+03 1.0330e+03 -1.1171e+01 -2.5561e+03
-5.6216e+06 3.6353e+01 -5.3822e+03 8.6749e+02 -1.4684e+00 -2.4898e+03
-5.6147e+06 3.6362e+01 -5.4134e+03 7.0429e+02 1.5203e+01 -2.4248e+03
-5.5344e+06 3.6373e+01 -5.4392e+03 5.4379e+02 2.1492e+01 -2.3592e+03
-5.5407e+06 3.6383e+01 -5.4598e+03 3.8635e+02 1.5952e+01 -2.2879e+03
-5.5273e+06 3.6390e+01 -5.4755e+03 2.3228e+02 6.9003e+00 -2.2142e+03
-5.6171e+06 3.6395e+01 -5.4866e+03 8.1845e+01 -5.5634e-01 -2.1424e+03
-5.6423e+06 3.6405e+01 -5.4935e+03 -6.4745e+01 -7.9372e+00 -2.0715e+03
-5.6942e+06 3.6421e+01 -5.4964e+03 -2.0732e+02 -1.6269e+01 -1.9998e+03
-5.7627e+06 3.6450e+01 -5.4958e+03 -3.4576e+02 -5.3850e+01 -1.9241e+03
-5.8972e+06 3.6488e+01 -5.4918e+03 -4.7996e+02 -1.0793e+02 -1.8369e+03
-6.0162e+06 3.6540e+01 -5.4849e+03 -6.0989e+02 -2.0345e+02 -1.7414e+03
-6.1648e+06 3.6632e+01 -5.4752e+03 -7.3551e+02 -7.7886e+02 -1.6127e+03
-6.2132e+06 3.6799e+01 -5.4632e+03 -8.5682e+02 -2.3748e+03 -8.8107e+02
-6.2522e+06 3.7037e+01 -5.4489e+03 -9.7385e+02 -5.1512e+03 3.9728e+02
-6.0452e+06 3.7303e+01 -5.4672e+03 -1.0824e+03 -8.3333e+03 2.0173e+03
-6.3005e+06 3.7540e+01 -5.5048e+03 -1.1852e+03 -1.0998e+04 3.4244e+03
-6.3352e+06 3.7692e+01 -5.5434e+03 -1.2850e+03 -1.2469e+04 4.0422e+03
-7.0580e+06 3.7741e+01 -5.5828e+03 -1.3819e+03 -1.2404e+04 5.1354e+03
-7.1863e+06 3.7726e+01 -5.6048e+03 -1.4786e+03 -1.1828e+04 6.4960e+03
-7.0309e+06 3.7696e+01 -5.6193e+03 -1.5746e+03 -1.1658e+04 6.8835e+03
-6.5024e+06 3.7671e+01 -5.6333e+03 -1.6691e+03 -1.1671e+04 6.6971e+03
-6.3442e+06 3.7637e+01 -5.6469e+03 -1.7622e+03 -1.1643e+04 6.2510e+03
3.8833e+05 3.6280e+01 -4.6347e+03 2.6839e+03 3.7826e+01 -3.2210e+03
-5.8094e+05 3.6279e+01 -4.7296e+03 2.5317e+03 3.8413e+01 -3.1688e+03
-2.0459e+06 3.6308e+01 -4.8193e+03 2.3762e+03 -4.5789e+01 -3.0995e+03
-3.8171e+06 3.6356e+01 -4.9036e+03 2.2180e+03 -1.2636e+02 -3.0399e+03
-4.4345e+06 3.6381e+01 -4.9823e+03 2.0575e+03 -1.2087e+02 -2.9778e+03
-4.9219e+06 3.6377e+01 -5.0552e+03 1.8954e+03 -8.0646e+01 -2.9151e+03
-5.1786e+06 3.6366e+01 -5.1222e+03 1.7322e+03 -5.6841e+01 -2.8531e+03
-5.4274e+06 3.6359e+01 -5.1833e+03 1.5686e+03 -4.1909e+01 -2.7908e+03
-5.5080e+06 3.6355e+01 -5.2384e+03 1.4050e+03 -3.0230e+01 -2.7277e+03
-5.5908e+06 3.6358e+01 -5.2876e+03 1.2419e+03 -2.1473e+01 -2.6641e+03
-5.5769e+06 3.6373e+01 -5.3310e+03 1.0799e+03 -2.1054e+01 -2.5983e+03
-5.6559e+06 3.6408e+01 -5.3688e+03 9.1951e+02 -6.0825e+01 -2.5242e+03
-5.7846e+06 3.6461e+01 -5.4012e+03 7.6105e+02 -2.5020e+02 -2.4164e+03
-5.9347e+06 3.6507e+01 -5.4283e+03 6.0495e+02 -5.3140e+02 -2.1534e+03
-5.9584e+06 3.6528e+01 -5.4505e+03 4.5155e+02 -6.7523e+02 -1.7540e+03
-5.9493e+06 3.6534e+01 -5.4680e+03 3.0116e+02 -7.0291e+02 -1.4711e+03
-5.8674e+06 3.6543e+01 -5.4811e+03 1.5403e+02 -7.6244e+02 -1.3178e+03
-5.8520e+06 3.6557e+01 -5.4900e+03 1.0386e+01 -8.2047e+02 -1.1690e+03
-5.8975e+06 3.6590e+01 -5.4951e+03 -1.2960e+02 -9.3524e+02 -1.0246e+03
-6.0038e+06 3.6661e+01 -5.4966e+03 -2.6579e+02 -1.4993e+03 -8.1744e+02
-6.0045e+06 3.6757e+01 -5.4949e+03 -3.9809e+02 -2.4365e+03 -5.4657e+01
-6.1076e+06 3.6864e+01 -5.4902e+03 -5.2641e+02 -3.3801e+03 1.2248e+03
-6.1646e+06 3.7010e+01 -5.4827e+03 -6.5072e+02 -4.8786e+03 2.0463e+03
-6.0471e+06 3.7225e+01 -5.4967e+03 -7.6663e+02 -7.4774e+03 2.3537e+03
-6.0211e+06 3.7467e+01 -5.5375e+03 -8.7403e+02 -1.0243e+04 3.0336e+03
-6.3372e+06 3.7661e+01 -5.5791e+03 -9.7819e+02 -1.1952e+04 3.7527e+03
-6.8028e+06 3.7771e+01 -5.6211e+03 -1.0793e+03 -1.2635e+04 3.9627e+03
-6.9645e+06 3.7795e+01 -5.6636e+03 -1.1777e+03 -1.2810e+04 3.8954e+03
-6.4687e+06 3.7735e+01 -5.7059e+03 -1.2757e+03 -1.2499e+04 4.1541e+03
-6.0265e+06 3.7613e+01 -5.7389e+03 -1.3761e+03 -1.1406e+04 5.1643e+03
-6.0218e+06 3.7477e+01 -5.7551e+03 -1.4768e+03 -1.0047e+04 5.3244e+03
-6.0491e+06 3.7359e+01 -5.7707e+03 -1.5759e+03 -8.8870e+03 4.0032e+03
-6.3459e+06 3.7241e+01 -5.7857e+03 -1.6736e+03 -7.6114e+03 2.4044e+03
5.2277e+05 3.6281e+01 -4.6347e+03 2.6718e+03 4.4856e+01 -3.2588e+03
-1.7576e+05 3.6279e+01 -4.7265e+03 2.5249e+03 4.6991e+01 -3.2075e+03
-1.6259e+06 3.6303e+01 -4.8134e+03 2.3749e+03 -2.5905e+01 -3.1387e+03
-2.4653e+06 3.6332e+01 -4.8954e+03 2.2223e+03 -6.6089e+01 -3.0782e+03
-3.2784e+06 3.6339e+01 -4.9721e+03 2.0676e+03 -3.9927e+01 -3.0168e+03
-3.7283e+06 3.6334e+01 -5.0434e+03 1.9113e+03 -1.5351e+01 -2.9551e+03
-4.4128e+06 3.6341e+01 -5.1092e+03 1.7539e+03 -2.7998e+01 -2.8934e+03
-4.9069e+06 3.6356e+01 -5.1694e+03 1.5958e+03 -3.7095e+01 -2.8311e+03
-5.2803e+06 3.6367e+01 -5.2241e+03 1.4377e+03 -3.1507e+01 -2.7672e+03
-5.3236e+06 3.6377e+01 -5.2733e+03 1.2800e+03 -3.0661e-01 -2.7048e+03
-5.5092e+06 3.6422e+01 -5.3171e+03 1.1231e+03 -5.5837e+01 -2.6423e+03
-5.7786e+06 3.6551e+01 -5.3555e+03 9.6752e+02 -1.0782e+03 -2.4614e+03
-6.0435e+06 3.6721e+01 -5.3888e+03 8.1362e+02 -3.0605e+03 -1.1800e+03
-5.8901e+06 3.6819e+01 -5.4215e+03 6.6427e+02 -4.0720e+03 1.2798e+03
-5.8391e+06 3.6821e+01 -5.4513e+03 5.1817e+02 -3.8507e+03 2.9616e+03
-5.5738e+06 3.6804e+01 -5.4720e+03 3.7175e+02 -3.7040e+03 3.4007e+03
-5.7514e+06 3.6813e+01 -5.4885e+03 2.2818e+02 -3.8568e+03 3.5686e+03
-5.6153e+06 3.6834e+01 -5.5011e+03 8.7687e+01 -3.9829e+03 3.7368e+03
-5.9476e+06 3.6886e+01 -5.5100e+03 -4.9560e+01 -4.2188e+03 3.8723e+03
-5.8789e+06 3.6994e+01 -5.5163e+03 -1.8356e+02 -5.3616e+03 3.6408e+03
-5.8290e+06 3.7126e+01 -5.5397e+03 -3.0730e+02 -6.9052e+03 4.0329e+03
-5.6887e+06 3.7236e+01 -5.5617e+03 -4.2810e+02 -7.9439e+03 5.4004e+03
-5.6091e+06 3.7356e+01 -5.5823e+03 -5.4598e+02 -9.0268e+03 6.2385e+03
-5.7917e+06 3.7519e+01 -5.6015e+03 -6.6100e+02 -1.0648e+04 5.4369e+03
-6.3284e+06 3.7680e+01 -5.6439e+03 -7.6753e+02 -1.2010e+04 4.1887e+03
-7.0282e+06 3.7765e+01 -5.6894e+03 -8.6944e+02 -1.2476e+04 3.7906e+03
-6.7204e+06 3.7752e+01 -5.7348e+03 -9.7038e+02 -1.2501e+04 3.4758e+03
-6.3391e+06 3.7650e+01 -5.7795e+03 -1.0727e+03 -1.1900e+04 2.9381e+03
-6.1013e+06 3.7468e+01 -5.8237e+03 -1.1763e+03 -1.0192e+04 1.9418e+03
-6.1437e+06 3.7241e+01 -5.8657e+03 -1.2812e+03 -7.4608e+03 1.2765e+03
-6.3968e+06 3.7034e+01 -5.8673e+03 -1.3864e+03 -4.9321e+03 8.5769e+02
-6.1498e+06 3.6883e+01 -5.8519e+03 -1.4887e+03 -3.3580e+03 -3.0368e+02
-6.4749e+06 3.6760e+01 -5.8348e+03 -1.5874e+03 -2.0933e+03 -1.6773e+03
6.3982e+05 3.6283e+01 -4.6347e+03 2.6594e+03 3.1759e+01 -3.3004e+03
1.3772e+05 3.6276e+01 -4.7235e+03 2.5176e+03 5.1266e+01 -3.2479e+03
-4.9912e+05 3.6281e+01 -4.8079e+03 2.3728e+03 3.0892e+01 -3.1841e+03
-1.2537e+06 3.6287e+01 -4.8876e+03 2.2255e+03 3.2658e+01 -3.1238e+03
-1.5510e+06 3.6283e+01 -4.9623e+03 2.0761e+03 6.1375e+01 -3.0630e+03
-2.3340e+06 3.6285e+01 -5.0321e+03 1.9252e+03 6.5579e+01 -3.0019e+03
-3.5099e+06 3.6309e+01 -5.0967e+03 1.7731e+03 7.8926e-03 -2.9400e+03
-4.5319e+06 3.6348e+01 -5.1562e+03 1.6204e+03 -4.2075e+01 -2.8779e+03
-5.1530e+06 3.6379e+01 -5.2104e+03 1.4675e+03 -6.2966e+01 -2.8144e+03
-5.2103e+06 3.6396e+01 -5.2595e+03 1.3148e+03 2.3340e+01 -2.7502e+03
-5.6008e+06 3.6491e+01 -5.3034e+03 1.1628e+03 -1.7348e+02 -2.7083e+03
-5.9973e+06 3.6753e+01 -5.3424e+03 1.0118e+03 -3.2256e+03 -3.2394e+03
-5.1881e+06 3.7054e+01 -5.4124e+03 8.8402e+02 -7.6701e+03 -1.5180e+03
-5.5582e+06 3.7170e+01 -5.4877e+03 7.6510e+02 -8.3518e+03 3.6523e+03
-5.8305e+06 3.7114e+01 -5.5210e+03 6.2306e+02 -6.7889e+03 7.2488e+03
-5.4100e+06 3.7060e+01 -5.5458e+03 4.7792e+02 -6.2979e+03 8.0059e+03
-5.4061e+06 3.7061e+01 -5.5665e+03 3.3528e+02 -6.4536e+03 8.1232e+03
-5.2362e+06 3.7081e+01 -5.5833e+03 1.9534e+02 -6.5781e+03 8.2151e+03
-5.5510e+06 3.7137e+01 -5.5964e+03 5.8305e+01 -6.8398e+03 8.2657e+03
-5.5335e+06 3.7246e+01 -5.6061e+03 -7.5678e+01 -8.0817e+03 7.4343e+03
-5.6255e+06 3.7360e+01 -5.6357e+03 -1.9852e+02 -9.3720e+03 6.6859e+03
-6.1277e+06 3.7429e+01 -5.6625e+03 -3.1804e+02 -9.7076e+03 6.8285e+03
-6.3003e+06 3.7488e+01 -5.6877e+03 -4.3503e+02 -9.9446e+03 6.8742e+03
-6.6962e+06 3.7577e+01 -5.7115e+03 -5.4952e+02 -1.0689e+04 6.0006e+03
-6.4790e+06 3.7651e+01 -5.7479e+03 -6.5739e+02 -1.1682e+04 4.1892e+03
-6.3405e+06 3.7633e+01 -5.7961e+03 -7.6215e+02 -1.1786e+04 2.8892e+03
-6.0712e+06 3.7491e+01 -5.8436e+03 -8.6855e+02 -1.0416e+04 1.8337e+03
-6.0464e+06 3.7261e+01 -5.8904e+03 -9.7640e+02 -7.8093e+03 3.4810e+02
-6.1930e+06 3.7002e+01 -5.9064e+03 -1.0869e+03 -4.6927e+03 -1.1687e+03
-6.2588e+06 3.6774e+01 -5.8953e+03 -1.1962e+03 -2.0688e+03 -2.2549e+03
-6.2394e+06 3.6616e+01 -5.8822e+03 -1.3019e+03 -6.1633e+02 -2.6005e+03
-5.9991e+06 3.6527e+01 -5.8678e+03 -1.4042e+03 -1.6352e+02 -2.5620e+03
-5.9031e+06 3.6470e+01 -5.8523e+03 -1.5031e+03 -5.4211e+01 -2.5149e+03
7.5076e+05 3.6287e+01 -4.6347e+03 2.6469e+03 9.9144e+00 -3.3392e+03
6.9070e+05 3.6283e+01 -4.7208e+03 2.5097e+03 2.7758e+01 -3.2813e+03
2.3890e+05 3.6281e+01 -4.8027e+03 2.3698e+03 3.0868e+01 -3.2203e+03
2.3562e+05 3.6278e+01 -4.8802e+03 2.2275e+03 5.2340e+01 -3.1601e+03
-3.9537e+05 3.6271e+01 -4.9531e+03 2.0832e+03 6.9179e+01 -3.0990e+03
-9.5744e+05 3.6272e+01 -5.0214e+03 1.9373e+03 8.9061e+01 -3.0373e+03
-2.5174e+06 3.6297e+01 -5.0849e+03 1.7903e+03 1.8768e+01 -2.9755e+03
-3.7010e+06 3.6347e+01 -5.1435e+03 1.6426e+03 -3.8230e+01 -2.9133e+03
-4.9528e+06 3.6394e+01 -5.1972e+03 1.4946e+03 -1.0737e+02 -2.8519e+03
-4.7853e+06 3.6423e+01 -5.2461e+03 1.3467e+03 3.6559e+01 -2.7811e+03
-5.8090e+06 3.6561e+01 -5.2901e+03 1.1993e+03 -3.1321e+02 -2.7832e+03
-5.8540e+06 3.6909e+01 -5.3295e+03 1.0527e+03 -4.7110e+03 -5.2812e+03
-5.3414e+06 3.7265e+01 -5.4409e+03 9.5755e+02 -9.7028e+03 -6.3214e+03
-6.4624e+06 3.7367e+01 -5.5445e+03 8.6409e+02 -9.4808e+03 -1.6708e+03
-6.1483e+06 3.7276e+01 -5.5944e+03 7.3393e+02 -7.5331e+03 3.8857e+03
-5.8656e+06 3.7200e+01 -5.6232e+03 5.8984e+02 -6.8184e+03 7.2649e+03
-5.9528e+06 3.7179e+01 -5.6480e+03 4.4790e+02 -6.7610e+03 8.4102e+03
-5.8762e+06 3.7181e+01 -5.6689e+03 3.0833e+02 -6.8993e+03 8.5089e+03
-6.0993e+06 3.7218e+01 -5.6862e+03 1.7133e+02 -7.1584e+03 8.5362e+03
-5.9871e+06 3.7301e+01 -5.7000e+03 3.7063e+01 -8.3493e+03 7.6400e+03
-5.7836e+06 3.7380e+01 -5.7321e+03 -8.4401e+01 -9.4880e+03 6.5903e+03
-5.8865e+06 3.7413e+01 -5.7628e+03 -2.0426e+02 -9.6523e+03 6.3126e+03
-5.6625e+06 3.7421e+01 -5.7915e+03 -3.2292e+02 -9.6959e+03 6.0377e+03
-5.8603e+06 3.7431e+01 -5.8181e+03 -4.4030e+02 -9.8326e+03 5.2726e+03
-5.9252e+06 3.7401e+01 -5.8475e+03 -5.5447e+02 -9.6841e+03 3.0942e+03
-5.9843e+06 3.7269e+01 -5.8981e+03 -6.6469e+02 -8.1732e+03 4.9124e+02
-6.3356e+06 3.7041e+01 -5.9293e+03 -7.7843e+02 -5.2189e+03 -1.1155e+03
-6.3369e+06 3.6796e+01 -5.9238e+03 -8.9400e+02 -2.4334e+03 -2.2625e+03
-6.2092e+06 3.6607e+01 -5.9156e+03 -1.0062e+03 -7.4935e+02 -2.8420e+03
-5.7287e+06 3.6491e+01 -5.9058e+03 -1.1150e+03 -8.2097e+01 -2.8134e+03
-5.6820e+06 3.6431e+01 -5.8944e+03 -1.2205e+03 2.3953e+01 -2.7368e+03
-5.7377e+06 3.6402e+01 -5.8816e+03 -1.3227e+03 1.9961e+01 -2.6564e+03
-6.1173e+06 3.6384e+01 -5.8676e+03 -1.4217e+03 -1.6960e+01 -2.5695e+03
