  1    1089
-1.5954e+06 3.1959e+01 -5.7291e+03 -1.6345e+03 2.6666e+01 -8.2723e+02
-2.0364e+06 3.2464e+01 -5.7299e+03 -1.6414e+03 2.9433e+00 -7.4703e+02
-2.5857e+06 3.2436e+01 -5.7304e+03 -1.6479e+03 -3.2601e+01 -6.6803e+02
-3.2615e+06 3.2457e+01 -5.7308e+03 -1.6539e+03 -5.8100e+01 -5.8771e+02
-3.8580e+06 3.2476e+01 -5.7311e+03 -1.6596e+03 -6.5064e+01 -5.1000e+02
-4.6151e+06 3.2151e+01 -5.7312e+03 -1.6648e+03 -8.3281e+01 -4.3176e+02
-5.1001e+06 3.1716e+01 -5.7311e+03 -1.6697e+03 -8.7365e+01 -3.5455e+02
-5.3412e+06 3.1944e+01 -5.7308e+03 -1.6742e+03 -6.3336e+01 -2.7644e+02
-5.2118e+06 3.2404e+01 -5.7304e+03 -1.6783e+03 -2.4036e+01 -1.9958e+02
-5.2982e+06 3.2540e+01 -5.7298e+03 -1.6820e+03 -1.1650e+01 -1.2193e+02
-5.1148e+06 3.2493e+01 -5.7291e+03 -1.6854e+03 8.6197e+00 -4.5486e+01
-5.2454e+06 3.2402e+01 -5.7282e+03 -1.6884e+03 2.6929e+00 3.1785e+01
-5.0642e+06 3.2362e+01 -5.7272e+03 -1.6910e+03 1.7683e+01 1.0684e+02
-5.3642e+06 3.2355e+01 -5.7261e+03 -1.6933e+03 -3.2777e+00 1.8344e+02
-5.0928e+06 3.2340e+01 -5.7248e+03 -1.6953e+03 2.8108e+01 2.5958e+02
-5.6520e+06 3.2306e+01 -5.7233e+03 -1.6969e+03 -7.8174e+00 3.3484e+02
-5.2569e+06 3.2240e+01 -5.7217e+03 -1.6981e+03 9.7966e+01 4.4066e+02
-6.4379e+06 3.2590e+01 -5.7200e+03 -1.6991e+03 -1.0765e+02 4.7319e+02
-5.0869e+06 3.3683e+01 -5.7182e+03 -1.6997e+03 6.5432e+02 1.4678e+03
-4.9766e+06 3.3494e+01 -5.7162e+03 -1.6999e+03 9.6345e+03 3.3453e+04
-5.3177e+06 3.1208e+01 -5.2882e+03 -1.4744e+03 2.2313e+04 8.0576e+04
-3.2296e+06 2.9604e+01 -4.6797e+03 -1.1529e+03 2.7250e+04 9.7131e+04
-2.7219e+06 2.9407e+01 -4.0764e+03 -8.3404e+02 2.7573e+04 9.8308e+04
-3.2410e+06 2.9621e+01 -3.4722e+03 -5.1221e+02 2.7000e+04 9.9301e+04
-4.8463e+06 3.0396e+01 -2.8629e+03 -1.8352e+02 1.9544e+04 7.4853e+04
-4.5419e+06 3.1985e+01 -2.5862e+03 -3.0334e+01 6.9025e+03 2.8094e+04
-6.3587e+06 3.4010e+01 -2.5750e+03 -1.9534e+01 2.9719e+02 5.4141e+03
-6.4046e+06 3.5496e+01 -2.5638e+03 -8.6845e+00 -1.0836e+02 4.8081e+03
-5.9876e+06 3.6069e+01 -2.5526e+03 2.2102e+00 3.1243e+01 4.8463e+03
-5.5369e+06 3.6190e+01 -2.5415e+03 1.3147e+01 3.6215e+01 4.8376e+03
-4.8687e+06 3.6234e+01 -2.5303e+03 2.4121e+01 5.0574e+01 4.8593e+03
-4.5425e+06 3.6267e+01 -2.5192e+03 3.5130e+01 4.4318e+01 4.8789e+03
-4.7250e+06 3.6296e+01 -2.5081e+03 4.6171e+01 -8.6868e+00 4.9026e+03
-3.3033e+06 3.2351e+01 -5.7282e+03 -1.6318e+03 -4.9697e+01 -8.6719e+02
-3.7891e+06 3.2424e+01 -5.7291e+03 -1.6387e+03 -7.0356e+01 -7.8545e+02
-4.2984e+06 3.2428e+01 -5.7299e+03 -1.6451e+03 -9.3106e+01 -6.9480e+02
-4.7536e+06 3.2431e+01 -5.7305e+03 -1.6512e+03 -9.4589e+01 -6.1730e+02
-4.9441e+06 3.2428e+01 -5.7309e+03 -1.6568e+03 -7.2336e+01 -5.3905e+02
-5.1391e+06 3.2423e+01 -5.7311e+03 -1.6621e+03 -5.1405e+01 -4.6070e+02
-5.1411e+06 3.2417e+01 -5.7312e+03 -1.6670e+03 -2.4743e+01 -3.8226e+02
-5.2257e+06 3.2403e+01 -5.7311e+03 -1.6715e+03 -8.1531e+00 -3.0374e+02
-5.1573e+06 3.2388e+01 -5.7308e+03 -1.6756e+03 5.4549e+00 -2.2668e+02
-5.2864e+06 3.2382e+01 -5.7304e+03 -1.6793e+03 -5.8785e-01 -1.4924e+02
-5.1840e+06 3.2382e+01 -5.7298e+03 -1.6826e+03 3.8446e+00 -7.2757e+01
-5.3685e+06 3.2377e+01 -5.7291e+03 -1.6856e+03 -6.5694e+00 3.8912e+00
-5.1385e+06 3.2370e+01 -5.7282e+03 -1.6883e+03 8.0982e+00 7.9362e+01
-5.4455e+06 3.2362e+01 -5.7272e+03 -1.6905e+03 -8.4375e+00 1.5571e+02
-5.2143e+06 3.2351e+01 -5.7260e+03 -1.6925e+03 1.8961e+01 2.3221e+02
-5.6841e+06 3.2324e+01 -5.7247e+03 -1.6940e+03 -8.8104e+00 3.0783e+02
-5.3560e+06 3.2263e+01 -5.7233e+03 -1.6953e+03 8.3527e+01 4.1255e+02
-6.4231e+06 3.2987e+01 -5.7217e+03 -1.6962e+03 -1.0863e+02 4.5332e+02
-5.2619e+06 3.4486e+01 -5.7200e+03 -1.6968e+03 5.6550e+02 1.3897e+03
-5.0592e+06 3.4263e+01 -5.7181e+03 -1.6970e+03 8.7455e+03 3.1610e+04
-5.7423e+06 3.1931e+01 -5.3292e+03 -1.4904e+03 2.0504e+04 7.8963e+04
-3.7951e+06 3.0090e+01 -4.7207e+03 -1.1663e+03 2.5237e+04 9.7542e+04
-3.7845e+06 2.9638e+01 -4.1174e+03 -8.4482e+02 2.5522e+04 9.8735e+04
-4.4440e+06 2.9833e+01 -3.5136e+03 -5.2091e+02 2.5020e+04 9.9721e+04
-5.5246e+06 3.0930e+01 -2.9048e+03 -1.9021e+02 1.8454e+04 7.6782e+04
-4.5221e+06 3.3183e+01 -2.5972e+03 -1.9298e+01 6.7608e+03 2.9848e+04
-5.8198e+06 3.5205e+01 -2.5860e+03 -8.4968e+00 3.2601e+02 5.4688e+03
-6.1018e+06 3.6002e+01 -2.5748e+03 2.3531e+00 -7.7026e+01 4.7954e+03
-5.3867e+06 3.6149e+01 -2.5636e+03 1.3248e+01 7.3908e+01 4.8334e+03
-5.1884e+06 3.6215e+01 -2.5525e+03 2.4185e+01 3.2258e+01 4.8264e+03
-5.7421e+06 3.6262e+01 -2.5414e+03 3.5160e+01 -1.3152e+01 4.8492e+03
-5.9013e+06 3.6293e+01 -2.5303e+03 4.6169e+01 -6.2152e+01 4.8678e+03
-5.5546e+06 3.6324e+01 -2.5192e+03 5.7209e+01 -1.0398e+02 4.8798e+03
-4.6296e+06 3.2458e+01 -5.7272e+03 -1.6293e+03 -7.4995e+01 -9.1038e+02
-4.6767e+06 3.2419e+01 -5.7283e+03 -1.6362e+03 -6.4103e+01 -8.4122e+02
-4.8225e+06 3.2412e+01 -5.7292e+03 -1.6426e+03 -4.8356e+01 -7.5345e+02
-5.0451e+06 3.2411e+01 -5.7299e+03 -1.6487e+03 -3.6599e+01 -6.7430e+02
-5.2185e+06 3.2410e+01 -5.7305e+03 -1.6543e+03 -2.6566e+01 -5.9546e+02
-5.3831e+06 3.2405e+01 -5.7309e+03 -1.6596e+03 -2.0785e+01 -5.1678e+02
-5.3920e+06 3.2395e+01 -5.7311e+03 -1.6645e+03 -1.1191e+01 -4.3813e+02
-5.3788e+06 3.2385e+01 -5.7312e+03 -1.6689e+03 -6.9236e+00 -3.5974e+02
-5.2494e+06 3.2379e+01 -5.7310e+03 -1.6730e+03 8.3351e-01 -2.8194e+02
-5.2663e+06 3.2377e+01 -5.7308e+03 -1.6767e+03 -1.4412e-02 -2.0444e+02
-5.1874e+06 3.2378e+01 -5.7304e+03 -1.6801e+03 5.9618e+00 -1.2722e+02
-5.2526e+06 3.2376e+01 -5.7298e+03 -1.6831e+03 4.5424e-01 -5.0503e+01
-5.2316e+06 3.2372e+01 -5.7290e+03 -1.6857e+03 7.9498e+00 2.5850e+01
-5.3793e+06 3.2367e+01 -5.7282e+03 -1.6879e+03 -2.7689e+00 1.0187e+02
-5.3000e+06 3.2360e+01 -5.7271e+03 -1.6899e+03 1.6303e+01 1.7897e+02
-5.6345e+06 3.2339e+01 -5.7260e+03 -1.6914e+03 -4.9014e+00 2.5451e+02
-5.5034e+06 3.2289e+01 -5.7247e+03 -1.6926e+03 6.4548e+01 3.5925e+02
-6.2037e+06 3.2952e+01 -5.7232e+03 -1.6935e+03 -8.7471e+01 4.0770e+02
-5.4530e+06 3.4395e+01 -5.7216e+03 -1.6941e+03 4.4406e+02 1.2470e+03
-4.7954e+06 3.4308e+01 -5.7199e+03 -1.6943e+03 7.6960e+03 2.8628e+04
-5.2726e+06 3.2115e+01 -5.3702e+03 -1.5070e+03 1.9260e+04 7.5967e+04
-3.5779e+06 3.0262e+01 -4.7616e+03 -1.1802e+03 2.4760e+04 9.7414e+04
-2.6523e+06 2.9786e+01 -4.1583e+03 -8.5600e+02 2.5162e+04 9.8645e+04
-3.0520e+06 2.9970e+01 -3.5550e+03 -5.2998e+02 2.4697e+04 9.9660e+04
-4.9362e+06 3.1004e+01 -2.9467e+03 -1.9724e+02 1.8831e+04 7.9113e+04
-4.5238e+06 3.3257e+01 -2.6082e+03 -8.2938e+00 7.3254e+03 3.2228e+04
-5.5572e+06 3.5346e+01 -2.5970e+03 2.5078e+00 4.0177e+02 5.4941e+03
-6.0339e+06 3.6099e+01 -2.5858e+03 1.3358e+01 -9.3668e+01 4.7504e+03
-5.5271e+06 3.6185e+01 -2.5747e+03 2.4253e+01 5.3138e+01 4.8009e+03
-5.5444e+06 3.6250e+01 -2.5635e+03 3.5190e+01 4.4481e+00 4.7899e+03
-4.4313e+06 3.6295e+01 -2.5524e+03 4.6165e+01 3.4543e+01 4.8101e+03
-4.2306e+06 3.6327e+01 -2.5413e+03 5.7174e+01 -1.4833e+01 4.8395e+03
-3.8984e+06 3.6355e+01 -2.5302e+03 6.8213e+01 -5.6496e+01 4.8569e+03
-5.0924e+06 3.2407e+01 -5.7260e+03 -1.6271e+03 -3.4895e+01 -9.5810e+02
-5.2624e+06 3.2400e+01 -5.7272e+03 -1.6339e+03 -3.7356e+01 -8.8624e+02
-5.3450e+06 3.2393e+01 -5.7283e+03 -1.6404e+03 -2.4384e+01 -7.9818e+02
-5.3813e+06 3.2393e+01 -5.7292e+03 -1.6464e+03 -1.2990e+01 -7.1887e+02
-5.3173e+06 3.2397e+01 -5.7300e+03 -1.6521e+03 -5.1047e+00 -6.3931e+02
-5.2434e+06 3.2396e+01 -5.7305e+03 -1.6573e+03 2.1729e+00 -5.5996e+02
-5.1768e+06 3.2392e+01 -5.7309e+03 -1.6622e+03 7.2640e+00 -4.8110e+02
-5.2052e+06 3.2385e+01 -5.7311e+03 -1.6666e+03 5.5488e+00 -4.0262e+02
-5.2491e+06 3.2379e+01 -5.7312e+03 -1.6707e+03 3.6048e+00 -3.2461e+02
-5.2992e+06 3.2376e+01 -5.7310e+03 -1.6744e+03 7.4126e-01 -2.4684e+02
-5.3167e+06 3.2376e+01 -5.7308e+03 -1.6778e+03 6.1245e-01 -1.6949e+02
-5.4005e+06 3.2376e+01 -5.7303e+03 -1.6807e+03 -1.9141e+00 -9.2483e+01
-5.3181e+06 3.2375e+01 -5.7298e+03 -1.6833e+03 4.0976e+00 -1.5829e+01
-5.4375e+06 3.2372e+01 -5.7290e+03 -1.6856e+03 -6.2070e-01 6.0587e+01
-5.4370e+06 3.2367e+01 -5.7281e+03 -1.6874e+03 9.2741e+00 1.3782e+02
-5.5820e+06 3.2351e+01 -5.7271e+03 -1.6890e+03 -1.5084e+00 2.1413e+02
-5.5685e+06 3.2314e+01 -5.7259e+03 -1.6902e+03 4.4778e+01 3.1481e+02
-6.0311e+06 3.2464e+01 -5.7246e+03 -1.6910e+03 -6.3861e+01 3.6970e+02
-5.5910e+06 3.3404e+01 -5.7232e+03 -1.6916e+03 3.3319e+02 1.1085e+03
-4.6010e+06 3.3585e+01 -5.7216e+03 -1.6918e+03 6.6560e+03 2.5615e+04
-5.4356e+06 3.1657e+01 -5.4110e+03 -1.5241e+03 1.8016e+04 7.2933e+04
-3.7541e+06 3.0116e+01 -4.8025e+03 -1.1945e+03 2.4237e+04 9.7276e+04
-3.3298e+06 2.9928e+01 -4.1992e+03 -8.6761e+02 2.4693e+04 9.8560e+04
-3.8531e+06 3.0081e+01 -3.5965e+03 -5.3944e+02 2.4382e+04 9.9601e+04
-4.7056e+06 3.0651e+01 -2.9888e+03 -2.0461e+02 1.9402e+04 8.1446e+04
-3.9030e+06 3.2451e+01 -2.6192e+03 2.6745e+00 8.0880e+03 3.4609e+04
-4.3788e+06 3.4973e+01 -2.6081e+03 1.3476e+01 5.6315e+02 5.5136e+03
-5.8337e+06 3.6173e+01 -2.5969e+03 2.4327e+01 -1.0999e+02 4.7185e+03
-4.8159e+06 3.6247e+01 -2.5857e+03 3.5222e+01 6.7112e+01 4.7844e+03
-5.1017e+06 3.6294e+01 -2.5746e+03 4.6159e+01 -1.0707e+01 4.7692e+03
-5.8921e+06 3.6333e+01 -2.5635e+03 5.7133e+01 -6.7733e+01 4.7889e+03
-6.0124e+06 3.6371e+01 -2.5524e+03 6.8142e+01 -1.4769e+02 4.8149e+03
-4.2645e+06 3.6196e+01 -2.5413e+03 7.9181e+01 -4.5102e+01 4.8307e+03
-5.2314e+06 3.2386e+01 -5.7246e+03 -1.6250e+03 -8.6749e+00 -1.0032e+03
-5.0785e+06 3.2387e+01 -5.7260e+03 -1.6319e+03 -1.8348e+00 -9.3093e+02
-5.0287e+06 3.2382e+01 -5.7273e+03 -1.6383e+03 9.5041e+00 -8.4250e+02
-5.0942e+06 3.2385e+01 -5.7284e+03 -1.6444e+03 1.0124e+01 -7.6310e+02
-5.2819e+06 3.2390e+01 -5.7293e+03 -1.6500e+03 -4.1687e-02 -6.8342e+02
-5.4486e+06 3.2391e+01 -5.7300e+03 -1.6552e+03 -8.1473e+00 -6.0412e+02
-5.5393e+06 3.2389e+01 -5.7305e+03 -1.6601e+03 -1.2147e+01 -5.2517e+02
-5.4845e+06 3.2385e+01 -5.7309e+03 -1.6646e+03 -9.1074e+00 -4.4643e+02
-5.3910e+06 3.2381e+01 -5.7311e+03 -1.6686e+03 -3.7877e+00 -3.6806e+02
-5.3154e+06 3.2378e+01 -5.7311e+03 -1.6723e+03 1.3663e+00 -2.9002e+02
-5.3062e+06 3.2378e+01 -5.7310e+03 -1.6756e+03 3.5141e+00 -2.1223e+02
-5.2529e+06 3.2379e+01 -5.7308e+03 -1.6786e+03 5.0312e+00 -1.3475e+02
-5.4012e+06 3.2379e+01 -5.7303e+03 -1.6812e+03 2.0477e+00 -5.7771e+01
-5.3554e+06 3.2379e+01 -5.7297e+03 -1.6834e+03 3.6714e+00 1.8694e+01
-5.4620e+06 3.2374e+01 -5.7290e+03 -1.6852e+03 4.0360e+00 9.6295e+01
-5.4841e+06 3.2360e+01 -5.7281e+03 -1.6868e+03 2.5101e+00 1.7289e+02
-5.6170e+06 3.2321e+01 -5.7271e+03 -1.6879e+03 2.5067e+01 2.6821e+02
-5.6766e+06 3.2508e+01 -5.7259e+03 -1.6888e+03 -4.0972e+01 3.2943e+02
-5.4922e+06 3.3545e+01 -5.7246e+03 -1.6893e+03 2.4761e+02 9.7656e+02
-3.8672e+06 3.3901e+01 -5.7231e+03 -1.6894e+03 5.7655e+03 2.2629e+04
-4.1368e+06 3.2085e+01 -5.4517e+03 -1.5417e+03 1.7035e+04 6.9921e+04
-2.9432e+06 3.0429e+01 -4.8434e+03 -1.2094e+03 2.4040e+04 9.7152e+04
-1.5656e+06 3.0174e+01 -4.2401e+03 -8.7970e+02 2.4566e+04 9.8470e+04
-2.0875e+06 3.0383e+01 -3.6380e+03 -5.4929e+02 2.3997e+04 9.9491e+04
-4.7783e+06 3.1032e+01 -3.0309e+03 -2.1235e+02 1.9314e+04 8.3808e+04
-4.6677e+06 3.2868e+01 -2.6303e+03 1.3603e+01 8.1032e+03 3.7142e+04
-5.0240e+06 3.5249e+01 -2.6191e+03 2.4406e+01 3.2063e+02 5.6543e+03
-5.7834e+06 3.6297e+01 -2.6080e+03 3.5256e+01 -2.1607e+02 4.7200e+03
-5.1020e+06 3.6323e+01 -2.5968e+03 4.6151e+01 2.5418e+01 4.7695e+03
-5.5473e+06 3.6354e+01 -2.5857e+03 5.7088e+01 -7.2197e+01 4.7446e+03
-3.6665e+06 3.6403e+01 -2.5746e+03 6.8062e+01 -3.7407e+01 4.7620e+03
-3.0854e+06 3.6245e+01 -2.5635e+03 7.9069e+01 -7.4486e+01 4.7900e+03
-1.7877e+06 3.4934e+01 -2.5524e+03 9.0107e+01 4.2874e+01 4.8087e+03
-5.2280e+06 3.2381e+01 -5.7230e+03 -1.6232e+03 -1.6031e+00 -1.0494e+03
-5.4177e+06 3.2380e+01 -5.7247e+03 -1.6301e+03 -1.4992e+01 -9.7677e+02
-5.5243e+06 3.2376e+01 -5.7261e+03 -1.6365e+03 -1.4891e+01 -8.8824e+02
-5.4938e+06 3.2379e+01 -5.7273e+03 -1.6425e+03 -9.5743e+00 -8.0865e+02
-5.3965e+06 3.2384e+01 -5.7284e+03 -1.6482e+03 -4.6423e+00 -7.2868e+02
-5.2309e+06 3.2387e+01 -5.7293e+03 -1.6534e+03 5.3729e+00 -6.4883e+02
-5.1956e+06 3.2387e+01 -5.7300e+03 -1.6583e+03 8.7338e+00 -5.6931e+02
-5.2121e+06 3.2387e+01 -5.7305e+03 -1.6627e+03 8.0433e+00 -4.9013e+02
-5.3741e+06 3.2385e+01 -5.7309e+03 -1.6668e+03 1.0476e+00 -4.1152e+02
-5.3739e+06 3.2384e+01 -5.7311e+03 -1.6704e+03 2.7782e-01 -3.3337e+02
-5.4939e+06 3.2383e+01 -5.7311e+03 -1.6737e+03 -6.9590e+00 -2.5540e+02
-5.4804e+06 3.2383e+01 -5.7310e+03 -1.6767e+03 -3.9933e+00 -1.7771e+02
-5.4927e+06 3.2384e+01 -5.7307e+03 -1.6792e+03 -6.3728e+00 -1.0033e+02
-5.4381e+06 3.2384e+01 -5.7303e+03 -1.6814e+03 1.4433e+00 -2.3518e+01
-5.6011e+06 3.2379e+01 -5.7297e+03 -1.6833e+03 -7.3851e+00 5.4215e+01
-5.3854e+06 3.2364e+01 -5.7290e+03 -1.6847e+03 7.2007e+00 1.3067e+02
-5.6163e+06 3.2572e+01 -5.7281e+03 -1.6859e+03 6.5488e+00 2.2337e+02
-5.4570e+06 3.3576e+01 -5.7271e+03 -1.6867e+03 -2.0273e+01 2.9025e+02
-5.5835e+06 3.4998e+01 -5.7259e+03 -1.6872e+03 1.0889e+02 8.3900e+02
-3.8774e+06 3.5268e+01 -5.7246e+03 -1.6873e+03 4.5352e+03 1.9628e+04
-5.2757e+06 3.3861e+01 -5.4923e+03 -1.5598e+03 1.5239e+04 6.6901e+04
-4.6844e+06 3.2021e+01 -4.8842e+03 -1.2247e+03 2.2372e+04 9.7000e+04
-5.3135e+06 3.1135e+01 -4.2810e+03 -8.9226e+02 2.0849e+04 9.7657e+04
-6.7028e+06 3.1570e+01 -3.6795e+03 -5.5954e+02 1.5483e+04 9.7903e+04
-7.4083e+06 3.3126e+01 -3.0731e+03 -2.2046e+02 8.1894e+03 8.7689e+04
-6.0304e+06 3.5070e+01 -2.6414e+03 2.4489e+01 6.8515e+02 4.5463e+04
-3.9028e+06 3.6252e+01 -2.6302e+03 3.5291e+01 -1.6960e+03 9.3813e+03
-5.3964e+06 3.6476e+01 -2.6191e+03 4.6142e+01 -1.9985e+02 4.8086e+03
-3.9720e+06 3.6425e+01 -2.6079e+03 5.7037e+01 6.8458e+01 4.7529e+03
-4.6200e+06 3.6471e+01 -2.5968e+03 6.7973e+01 -9.7368e+01 4.7338e+03
-5.3466e+06 3.6300e+01 -2.5857e+03 7.8946e+01 -1.0757e+02 4.7441e+03
-4.8899e+06 3.4937e+01 -2.5746e+03 8.9953e+01 -1.0132e+02 4.7702e+03
-2.6911e+06 3.1781e+01 -2.5635e+03 1.0099e+02 5.0096e+01 4.7915e+03
-5.3459e+06 3.2381e+01 -5.7213e+03 -1.6216e+03 -3.9421e+00 -1.0962e+03
-5.1004e+06 3.2381e+01 -5.7231e+03 -1.6285e+03 4.8782e+00 -1.0229e+03
-5.0166e+06 3.2376e+01 -5.7247e+03 -1.6349e+03 1.4815e+01 -9.3390e+02
-5.0715e+06 3.2378e+01 -5.7261e+03 -1.6410e+03 1.5557e+01 -8.5381e+02
-5.3294e+06 3.2382e+01 -5.7274e+03 -1.6466e+03 2.0629e+00 -7.7356e+02
-5.5404e+06 3.2385e+01 -5.7284e+03 -1.6518e+03 -8.4077e+00 -6.9370e+02
-5.7047e+06 3.2386e+01 -5.7293e+03 -1.6566e+03 -1.7036e+01 -6.1410e+02
-5.6110e+06 3.2387e+01 -5.7300e+03 -1.6611e+03 -1.1527e+01 -5.3472e+02
-5.5340e+06 3.2388e+01 -5.7306e+03 -1.6651e+03 -7.2243e+00 -4.5556e+02
-5.3898e+06 3.2388e+01 -5.7309e+03 -1.6688e+03 2.2662e+00 -3.7693e+02
-5.4296e+06 3.2388e+01 -5.7311e+03 -1.6720e+03 9.1235e-01 -2.9864e+02
-5.2535e+06 3.2388e+01 -5.7311e+03 -1.6750e+03 8.8290e+00 -2.2072e+02
-5.5418e+06 3.2388e+01 -5.7310e+03 -1.6775e+03 -4.0721e+00 -1.4306e+02
-5.3141e+06 3.2387e+01 -5.7307e+03 -1.6797e+03 8.3508e+00 -6.6093e+01
-5.5556e+06 3.2383e+01 -5.7303e+03 -1.6815e+03 -9.5250e+00 1.1799e+01
-5.2953e+06 3.2384e+01 -5.7297e+03 -1.6830e+03 1.4206e+01 8.8221e+01
-5.6123e+06 3.3119e+01 -5.7290e+03 -1.6841e+03 -1.3759e+01 1.7777e+02
-5.0522e+06 3.4856e+01 -5.7281e+03 -1.6849e+03 3.4429e+01 2.5445e+02
-5.5513e+06 3.6076e+01 -5.7270e+03 -1.6853e+03 -6.6830e+01 6.4978e+02
-3.8315e+06 3.6137e+01 -5.7259e+03 -1.6854e+03 1.2671e+03 1.5335e+04
-5.0321e+06 3.5706e+01 -5.5328e+03 -1.5785e+03 6.6224e+03 6.2339e+04
-6.6683e+06 3.4794e+01 -4.9249e+03 -1.2406e+03 7.5608e+03 9.6501e+04
-5.8206e+06 3.3939e+01 -4.3219e+03 -9.0531e+02 -6.6487e+02 9.7265e+04
-5.2997e+06 3.4599e+01 -3.7772e+03 -5.9871e+02 -1.0530e+04 9.6655e+04
-4.4830e+06 3.6460e+01 -3.2831e+03 -3.1926e+02 -1.7190e+04 9.3404e+04
-5.6887e+06 3.7550e+01 -2.7861e+03 -3.8792e+01 -1.5550e+04 6.5966e+04
-6.7440e+06 3.7350e+01 -2.6413e+03 4.6130e+01 -6.7414e+03 2.4181e+04
-5.3038e+06 3.6835e+01 -2.6302e+03 5.6980e+01 -7.7473e+02 5.6720e+03
-4.4877e+06 3.6592e+01 -2.6190e+03 6.7875e+01 -3.6719e-01 4.7236e+03
-4.8803e+06 3.6386e+01 -2.6079e+03 7.8810e+01 -1.1520e+02 4.7332e+03
-1.5354e+06 3.5037e+01 -2.5968e+03 8.9783e+01 2.8745e+01 4.7251e+03
-2.0717e+05 3.1776e+01 -2.5857e+03 1.0079e+02 1.3455e+02 4.7522e+03
5.2135e+04 2.8255e+01 -2.5747e+03 1.1182e+02 1.4884e+02 4.8465e+03
-5.3267e+06 3.2379e+01 -5.7194e+03 -1.6203e+03 5.1094e-01 -1.1423e+03
-5.6034e+06 3.2381e+01 -5.7214e+03 -1.6272e+03 -1.8449e+01 -1.0693e+03
-5.7566e+06 3.2377e+01 -5.7232e+03 -1.6336e+03 -2.1267e+01 -9.8041e+02
-5.6726e+06 3.2379e+01 -5.7248e+03 -1.6396e+03 -1.3906e+01 -9.0014e+02
-5.5003e+06 3.2383e+01 -5.7262e+03 -1.6452e+03 -5.0898e+00 -8.1932e+02
-5.2196e+06 3.2386e+01 -5.7274e+03 -1.6504e+03 1.0899e+01 -7.3877e+02
-5.1602e+06 3.2387e+01 -5.7285e+03 -1.6553e+03 1.6764e+01 -6.5858e+02
-5.1824e+06 3.2388e+01 -5.7293e+03 -1.6597e+03 1.4465e+01 -5.7891e+02
-5.4446e+06 3.2389e+01 -5.7300e+03 -1.6637e+03 1.4129e+00 -4.9959e+02
-5.4417e+06 3.2389e+01 -5.7306e+03 -1.6673e+03 -1.4158e+00 -4.2077e+02
-5.6235e+06 3.2389e+01 -5.7309e+03 -1.6706e+03 -1.1927e+01 -3.4224e+02
-5.5663e+06 3.2389e+01 -5.7311e+03 -1.6735e+03 -5.6525e+00 -2.6417e+02
-5.5738e+06 3.2388e+01 -5.7311e+03 -1.6760e+03 -1.0038e+01 -1.8630e+02
-5.4452e+06 3.2388e+01 -5.7310e+03 -1.6782e+03 1.4711e+00 -1.0889e+02
-5.6844e+06 3.2386e+01 -5.7307e+03 -1.6799e+03 -1.7028e+01 -3.1638e+01
-5.2655e+06 3.2408e+01 -5.7303e+03 -1.6814e+03 9.6913e+00 4.6148e+01
-5.5948e+06 3.3417e+01 -5.7297e+03 -1.6825e+03 -2.2706e+01 1.2876e+02
-4.9362e+06 3.5370e+01 -5.7289e+03 -1.6832e+03 4.6229e+01 2.2388e+02
-5.7030e+06 3.6360e+01 -5.7280e+03 -1.6836e+03 -1.3177e+02 4.3199e+02
-4.2001e+06 3.6469e+01 -5.7270e+03 -1.6837e+03 -1.5595e+03 8.5173e+03
-4.6656e+06 3.6865e+01 -5.6605e+03 -1.6472e+03 -5.0723e+03 4.8950e+04
-4.7260e+06 3.7341e+01 -5.1195e+03 -1.3470e+03 -1.4603e+04 8.8595e+04
-2.4559e+06 3.7632e+01 -4.6265e+03 -1.0696e+03 -2.6159e+04 9.5759e+04
-6.3189e+06 3.8307e+01 -4.1395e+03 -7.9206e+02 -3.2386e+04 9.5750e+04
-6.0166e+06 3.9188e+01 -3.6519e+03 -5.1301e+02 -3.4366e+04 9.6051e+04
-6.6452e+06 3.9249e+01 -3.1598e+03 -2.3200e+02 -3.0225e+04 8.7764e+04
-6.3005e+06 3.8481e+01 -2.6638e+03 5.0565e+01 -1.8632e+04 5.2928e+04
-5.9004e+06 3.7565e+01 -2.6413e+03 6.7768e+01 -6.2619e+03 1.6154e+04
-4.0207e+06 3.6898e+01 -2.6302e+03 7.8662e+01 -4.9384e+02 5.1186e+03
-3.0647e+06 3.5719e+01 -2.6191e+03 8.9597e+01 -3.0177e+01 4.7262e+03
-4.7806e+06 3.2566e+01 -2.6080e+03 1.0057e+02 -9.0388e+01 4.7218e+03
-3.5491e+06 2.8597e+01 -2.5969e+03 1.1157e+02 2.4423e+01 4.7385e+03
-2.3777e+06 2.6519e+01 -2.5858e+03 1.2261e+02 3.1954e+01 5.0496e+03
-5.4560e+06 3.2373e+01 -5.7173e+03 -1.6192e+03 -1.3322e+00 -1.1896e+03
-5.1195e+06 3.2379e+01 -5.7195e+03 -1.6261e+03 1.4297e+01 -1.1156e+03
-4.9598e+06 3.2377e+01 -5.7215e+03 -1.6325e+03 2.8204e+01 -1.0260e+03
-5.0595e+06 3.2379e+01 -5.7232e+03 -1.6385e+03 2.4274e+01 -9.4545e+02
-5.3627e+06 3.2382e+01 -5.7248e+03 -1.6441e+03 4.5133e+00 -8.6462e+02
-5.7073e+06 3.2383e+01 -5.7262e+03 -1.6493e+03 -1.4769e+01 -7.8426e+02
-5.8680e+06 3.2384e+01 -5.7275e+03 -1.6541e+03 -2.4533e+01 -7.0415e+02
-5.7982e+06 3.2386e+01 -5.7285e+03 -1.6585e+03 -2.0505e+01 -6.2419e+02
-5.5800e+06 3.2386e+01 -5.7294e+03 -1.6625e+03 -1.1054e+01 -5.4441e+02
-5.4729e+06 3.2413e+01 -5.7301e+03 -1.6661e+03 -3.7322e+00 -4.6514e+02
-5.3654e+06 3.2466e+01 -5.7306e+03 -1.6694e+03 3.7202e+00 -3.8625e+02
-5.2592e+06 3.2462e+01 -5.7309e+03 -1.6723e+03 7.5635e+00 -3.0749e+02
-5.4644e+06 3.2409e+01 -5.7311e+03 -1.6747e+03 1.3711e+00 -2.2962e+02
-5.3831e+06 3.2387e+01 -5.7311e+03 -1.6769e+03 2.0825e+00 -1.5195e+02
-5.4076e+06 3.2390e+01 -5.7310e+03 -1.6786e+03 -8.0880e-01 -7.4767e+01
-5.4443e+06 3.2397e+01 -5.7307e+03 -1.6800e+03 -4.6512e+00 3.1817e+00
-5.3647e+06 3.3139e+01 -5.7303e+03 -1.6811e+03 -1.0262e+01 8.1486e+01
-5.1012e+06 3.4899e+01 -5.7297e+03 -1.6818e+03 9.8141e+00 1.8108e+02
-4.8198e+06 3.6213e+01 -5.7289e+03 -1.6822e+03 -1.7729e+01 2.8653e+02
-5.2852e+06 3.6654e+01 -5.7280e+03 -1.6823e+03 -1.1609e+03 2.5748e+03
-5.7637e+06 3.7286e+01 -5.7270e+03 -1.6820e+03 -8.2223e+03 2.5841e+04
-5.2884e+06 3.8395e+01 -5.4883e+03 -1.5487e+03 -2.2242e+04 6.6475e+04
-8.6640e+06 3.9467e+01 -4.9943e+03 -1.2702e+03 -3.3148e+04 9.0078e+04
-9.0340e+06 4.0089e+01 -4.5046e+03 -9.9068e+02 -3.6171e+04 9.4338e+04
-9.0443e+06 4.0307e+01 -4.0190e+03 -7.1035e+02 -3.6687e+04 9.5078e+04
-7.6423e+06 4.0197e+01 -3.5311e+03 -4.2838e+02 -3.6897e+04 9.5638e+04
-4.6115e+06 3.9607e+01 -3.0438e+03 -1.4733e+02 -3.1775e+04 8.0644e+04
-6.1196e+06 3.8611e+01 -2.6524e+03 7.8500e+01 -1.8173e+04 4.3307e+04
-6.4956e+06 3.7289e+01 -2.6413e+03 8.9394e+01 -5.2351e+03 1.3151e+04
-4.6698e+06 3.4745e+01 -2.6302e+03 1.0033e+02 -4.9383e+02 5.0021e+03
-1.2947e+05 3.0657e+01 -2.6191e+03 1.1130e+02 6.5828e+01 4.7287e+03
1.2279e+06 2.7324e+01 -2.6081e+03 1.2230e+02 1.9142e+02 4.8836e+03
3.8989e+05 2.6302e+01 -2.5970e+03 1.3334e+02 7.3957e+01 5.3611e+03
-5.4198e+06 3.2363e+01 -5.7150e+03 -1.6184e+03 5.6475e+00 -1.2368e+03
-5.8559e+06 3.2370e+01 -5.7174e+03 -1.6252e+03 -2.6066e+01 -1.1629e+03
-6.0367e+06 3.2370e+01 -5.7196e+03 -1.6317e+03 -3.3642e+01 -1.0732e+03
-5.9212e+06 3.2371e+01 -5.7215e+03 -1.6377e+03 -2.5195e+01 -9.9242e+02
-5.5715e+06 3.2375e+01 -5.7233e+03 -1.6433e+03 -7.6853e+00 -9.1101e+02
-5.1826e+06 3.2379e+01 -5.7249e+03 -1.6484e+03 1.6697e+01 -8.2966e+02
-4.9951e+06 3.2383e+01 -5.7263e+03 -1.6532e+03 3.0232e+01 -7.4887e+02
-5.1200e+06 3.2384e+01 -5.7275e+03 -1.6576e+03 2.1961e+01 -6.6875e+02
-5.3826e+06 3.2395e+01 -5.7285e+03 -1.6616e+03 4.3536e+00 -5.8906e+02
-5.4929e+06 3.2740e+01 -5.7294e+03 -1.6652e+03 -5.7103e+00 -5.0981e+02
-5.5454e+06 3.3390e+01 -5.7301e+03 -1.6684e+03 -1.0990e+01 -4.3076e+02
-5.6728e+06 3.3410e+01 -5.7306e+03 -1.6713e+03 -1.1670e+01 -3.5192e+02
-5.4213e+06 3.2786e+01 -5.7309e+03 -1.6737e+03 -7.6200e+00 -2.7336e+02
-5.6048e+06 3.2423e+01 -5.7311e+03 -1.6758e+03 -8.9844e+00 -1.9546e+02
-5.5363e+06 3.2392e+01 -5.7311e+03 -1.6776e+03 -9.7160e+00 -1.1768e+02
-5.5133e+06 3.2393e+01 -5.7310e+03 -1.6789e+03 -8.3994e+00 -4.0537e+01
-5.3449e+06 3.2622e+01 -5.7307e+03 -1.6800e+03 -1.4165e+01 3.8084e+01
-5.3850e+06 3.3649e+01 -5.7303e+03 -1.6807e+03 -2.4616e+01 1.2450e+02
-4.9881e+06 3.5237e+01 -5.7297e+03 -1.6810e+03 -9.2712e-01 2.2473e+02
-4.9559e+06 3.6369e+01 -5.7289e+03 -1.6810e+03 -1.7078e+02 4.9029e+02
-5.6042e+06 3.7113e+01 -5.7280e+03 -1.6807e+03 -3.8825e+03 7.0550e+03
-6.2059e+06 3.8143e+01 -5.7270e+03 -1.6801e+03 -1.5414e+04 3.5545e+04
-4.7659e+06 3.9318e+01 -5.3645e+03 -1.4749e+03 -2.9103e+04 7.4941e+04
-7.1225e+06 4.0157e+01 -4.8723e+03 -1.1934e+03 -3.5945e+04 9.3054e+04
-7.7786e+06 4.0558e+01 -4.3845e+03 -9.1109e+02 -3.7731e+04 9.3942e+04
-7.6767e+06 4.0664e+01 -3.9087e+03 -6.3299e+02 -3.8964e+04 9.4488e+04
-8.0580e+06 4.0405e+01 -3.4330e+03 -3.5522e+02 -3.8108e+04 9.2770e+04
-4.7701e+06 3.9645e+01 -2.9531e+03 -7.6047e+01 -2.9827e+04 7.3531e+04
-4.7512e+06 3.7867e+01 -2.6524e+03 1.0007e+02 -1.4954e+04 3.6453e+04
-4.2405e+06 3.4324e+01 -2.6414e+03 1.1100e+02 -3.7438e+03 1.0722e+04
-5.4771e+06 3.0011e+01 -2.6303e+03 1.2197e+02 -3.6838e+02 4.9672e+03
-4.6499e+06 2.7180e+01 -2.6192e+03 1.3297e+02 -1.0935e+02 5.1994e+03
-3.0688e+06 2.6356e+01 -2.6069e+03 1.4964e+02 -8.4903e+01 5.4378e+03
-5.6447e+06 3.2345e+01 -5.7126e+03 -1.6178e+03 3.5568e-01 -1.2845e+03
-5.0935e+06 3.2355e+01 -5.7151e+03 -1.6247e+03 2.8430e+01 -1.2096e+03
-4.8404e+06 3.2357e+01 -5.7175e+03 -1.6311e+03 4.7111e+01 -1.1195e+03
-4.9404e+06 3.2349e+01 -5.7196e+03 -1.6371e+03 4.0440e+01 -1.0383e+03
-5.3600e+06 3.2473e+01 -5.7216e+03 -1.6427e+03 1.2571e+01 -9.5688e+02
-5.8226e+06 3.2818e+01 -5.7233e+03 -1.6478e+03 -1.7427e+01 -8.7620e+02
-6.0915e+06 3.2869e+01 -5.7249e+03 -1.6526e+03 -3.7845e+01 -7.9556e+02
-5.9557e+06 3.2497e+01 -5.7263e+03 -1.6569e+03 -3.5459e+01 -7.1464e+02
-5.6371e+06 3.2638e+01 -5.7275e+03 -1.6609e+03 -1.8071e+01 -6.3428e+02
-5.3603e+06 3.3822e+01 -5.7286e+03 -1.6645e+03 3.4998e+00 -5.5457e+02
-5.1971e+06 3.5171e+01 -5.7294e+03 -1.6677e+03 2.1526e+01 -4.7513e+02
-4.9566e+06 3.5203e+01 -5.7301e+03 -1.6705e+03 2.5148e+01 -3.9602e+02
-5.4187e+06 3.3928e+01 -5.7306e+03 -1.6729e+03 6.4554e+00 -3.1739e+02
-5.2146e+06 3.2795e+01 -5.7309e+03 -1.6750e+03 3.8859e+00 -2.3907e+02
-5.4566e+06 3.2425e+01 -5.7311e+03 -1.6767e+03 -1.3756e+00 -1.6104e+02
-5.3295e+06 3.2401e+01 -5.7311e+03 -1.6781e+03 -1.6763e+00 -8.3369e+01
-5.5957e+06 3.2401e+01 -5.7310e+03 -1.6791e+03 -1.8703e+01 -5.9304e+00
-5.0101e+06 3.2595e+01 -5.7307e+03 -1.6797e+03 -1.5580e+01 7.4152e+01
-5.1469e+06 3.3824e+01 -5.7303e+03 -1.6800e+03 -3.1220e+01 1.6825e+02
-4.1950e+06 3.5715e+01 -5.7297e+03 -1.6800e+03 2.5422e+01 2.7305e+02
-5.1877e+06 3.6785e+01 -5.7289e+03 -1.6797e+03 -4.2822e+02 6.6895e+02
-5.6383e+06 3.7463e+01 -5.7280e+03 -1.6790e+03 -5.7044e+03 1.0351e+04
-6.1491e+06 3.8576e+01 -5.7266e+03 -1.6778e+03 -1.8343e+04 4.5772e+04
-6.0692e+06 3.9742e+01 -5.2431e+03 -1.4008e+03 -3.1980e+04 8.2125e+04
-7.0722e+06 4.0526e+01 -4.7649e+03 -1.1235e+03 -3.8856e+04 9.2718e+04
-8.1102e+06 4.0840e+01 -4.2912e+03 -8.4553e+02 -4.0065e+04 9.3396e+04
-6.5657e+06 4.0791e+01 -3.8195e+03 -5.6666e+02 -4.0162e+04 9.4281e+04
-7.6324e+06 4.0341e+01 -3.3439e+03 -2.8639e+02 -3.7186e+04 9.0622e+04
-6.8351e+06 3.8883e+01 -2.8642e+03 -4.8305e+00 -2.6053e+04 6.7333e+04
-6.3229e+06 3.5110e+01 -2.6525e+03 1.2161e+02 -1.0846e+04 2.9624e+04
-1.2231e+04 3.0043e+01 -2.6415e+03 1.3258e+02 -1.7862e+03 8.1755e+03
2.3388e+06 2.7007e+01 -2.6298e+03 1.4614e+02 1.7059e+02 5.4967e+03
5.9006e+05 2.6354e+01 -2.6173e+03 1.6395e+02 8.7797e+01 5.0321e+03
-5.5985e+06 3.2259e+01 -5.7099e+03 -1.6176e+03 1.5628e+01 -1.3327e+03
-6.1930e+06 3.2247e+01 -5.7127e+03 -1.6244e+03 -3.5968e+01 -1.2587e+03
-6.4219e+06 3.2276e+01 -5.7152e+03 -1.6308e+03 -5.1903e+01 -1.1677e+03
-6.2036e+06 3.2384e+01 -5.7175e+03 -1.6368e+03 -3.6970e+01 -1.0851e+03
-5.6354e+06 3.2992e+01 -5.7197e+03 -1.6423e+03 -2.7993e+00 -1.0031e+03
-4.9934e+06 3.4095e+01 -5.7216e+03 -1.6475e+03 4.1541e+01 -9.2142e+02
-4.6858e+06 3.4337e+01 -5.7234e+03 -1.6522e+03 6.4108e+01 -8.4019e+02
-4.8835e+06 3.3592e+01 -5.7250e+03 -1.6565e+03 4.6698e+01 -7.5997e+02
-5.2607e+06 3.3838e+01 -5.7263e+03 -1.6605e+03 2.1173e+01 -6.8023e+02
-5.3902e+06 3.5270e+01 -5.7276e+03 -1.6640e+03 9.5473e+00 -6.0011e+02
-5.4754e+06 3.6231e+01 -5.7286e+03 -1.6672e+03 -2.4132e+00 -5.2000e+02
-5.6656e+06 3.6219e+01 -5.7294e+03 -1.6700e+03 -6.4158e+00 -4.4063e+02
-5.2609e+06 3.5349e+01 -5.7301e+03 -1.6724e+03 7.0083e-01 -3.6167e+02
-5.5871e+06 3.3894e+01 -5.7306e+03 -1.6745e+03 -6.8192e+00 -2.8322e+02
-5.5083e+06 3.2783e+01 -5.7309e+03 -1.6761e+03 -1.3427e+01 -2.0511e+02
-5.5616e+06 3.2427e+01 -5.7311e+03 -1.6774e+03 -8.2893e+00 -1.2711e+02
-5.3268e+06 3.2411e+01 -5.7311e+03 -1.6784e+03 -1.1286e+01 -4.9493e+01
-5.6458e+06 3.2437e+01 -5.7310e+03 -1.6790e+03 -3.3336e+01 2.9881e+01
-5.1868e+06 3.3459e+01 -5.7307e+03 -1.6793e+03 -4.6203e+01 1.1052e+02
-5.0877e+06 3.5486e+01 -5.7302e+03 -1.6793e+03 -2.8042e+01 2.1212e+02
-3.9613e+06 3.6583e+01 -5.7296e+03 -1.6789e+03 3.2298e+01 2.9494e+02
-4.6181e+06 3.6919e+01 -5.7289e+03 -1.6782e+03 -5.1672e+02 9.5024e+02
-6.3656e+06 3.7727e+01 -5.7280e+03 -1.6771e+03 -6.7355e+03 1.7009e+04
-5.3061e+06 3.8946e+01 -5.6319e+03 -1.6211e+03 -2.1453e+04 5.4532e+04
-5.6517e+06 4.0091e+01 -5.1514e+03 -1.3420e+03 -3.5098e+04 8.4454e+04
-7.3047e+06 4.0723e+01 -4.6750e+03 -1.0622e+03 -4.0114e+04 9.2685e+04
-8.8143e+06 4.0862e+01 -4.2031e+03 -7.8165e+02 -4.0431e+04 9.3681e+04
-6.2352e+06 4.0654e+01 -3.7318e+03 -5.0022e+02 -3.9354e+04 9.4969e+04
-4.5298e+06 3.9293e+01 -3.2513e+03 -2.1476e+02 -3.3796e+04 8.9369e+04
-4.7155e+06 3.5027e+01 -2.7574e+03 7.7651e+01 -2.0541e+04 6.0246e+04
-7.8921e+06 2.9518e+01 -2.6526e+03 1.4312e+02 -6.5216e+03 2.2001e+04
-6.8152e+06 2.6740e+01 -2.6398e+03 1.6204e+02 -6.0509e+02 5.7459e+03
-3.7317e+06 2.6355e+01 -2.6285e+03 1.7468e+02 -9.5816e+01 4.2445e+03
-5.9178e+06 3.2652e+01 -5.7071e+03 -1.6175e+03 3.4489e+01 -1.3765e+03
-4.9892e+06 3.2937e+01 -5.7100e+03 -1.6243e+03 1.0196e+02 -1.3039e+03
-4.5262e+06 3.2924e+01 -5.7127e+03 -1.6307e+03 1.3568e+02 -1.2142e+03
-4.7133e+06 3.3134e+01 -5.7153e+03 -1.6367e+03 1.0945e+02 -1.1323e+03
-5.3126e+06 3.4192e+01 -5.7176e+03 -1.6422e+03 5.2803e+01 -1.0510e+03
-6.0379e+06 3.5462e+01 -5.7197e+03 -1.6474e+03 -6.0137e+00 -9.7032e+02
-6.3902e+06 3.5776e+01 -5.7217e+03 -1.6521e+03 -4.5723e+01 -8.8856e+02
-6.2043e+06 3.5403e+01 -5.7234e+03 -1.6564e+03 -4.4424e+01 -8.0677e+02
-5.6303e+06 3.5532e+01 -5.7250e+03 -1.6603e+03 -1.1643e+01 -7.2557e+02
-5.3392e+06 3.6099e+01 -5.7264e+03 -1.6639e+03 1.4498e+01 -6.4468e+02
-5.0418e+06 3.6311e+01 -5.7276e+03 -1.6670e+03 3.5687e+01 -5.6461e+02
-4.8001e+06 3.6296e+01 -5.7286e+03 -1.6697e+03 3.5564e+01 -4.8527e+02
-5.2494e+06 3.6152e+01 -5.7294e+03 -1.6721e+03 2.3880e+01 -4.0612e+02
-5.0571e+06 3.5319e+01 -5.7301e+03 -1.6741e+03 1.8758e+01 -3.2726e+02
-5.2266e+06 3.3882e+01 -5.7306e+03 -1.6758e+03 1.4738e+01 -2.4883e+02
-5.3781e+06 3.2790e+01 -5.7310e+03 -1.6771e+03 -5.2172e+00 -1.7110e+02
-5.5158e+06 3.2441e+01 -5.7311e+03 -1.6780e+03 -5.4203e+00 -9.3253e+01
-5.1559e+06 3.2662e+01 -5.7311e+03 -1.6786e+03 -1.1488e+01 -1.5085e+01
-5.0539e+06 3.3927e+01 -5.7310e+03 -1.6788e+03 -5.3649e+00 6.4568e+01
-4.6551e+06 3.5715e+01 -5.7307e+03 -1.6787e+03 -2.5046e+01 1.4854e+02
-4.5464e+06 3.6509e+01 -5.7302e+03 -1.6783e+03 -1.5199e+01 2.4905e+02
-4.0421e+06 3.6642e+01 -5.7296e+03 -1.6776e+03 3.1792e+00 3.8598e+02
-3.8441e+06 3.7084e+01 -5.7289e+03 -1.6765e+03 -1.7209e+03 3.3918e+03
-6.5260e+06 3.8023e+01 -5.7280e+03 -1.6751e+03 -1.0474e+04 2.3736e+04
-5.6695e+06 3.9260e+01 -5.5404e+03 -1.5649e+03 -2.5504e+04 6.1236e+04
-6.6638e+06 4.0233e+01 -5.0616e+03 -1.2831e+03 -3.6597e+04 8.7163e+04
-6.4694e+06 4.0649e+01 -4.5870e+03 -1.0006e+03 -3.9111e+04 9.3604e+04
-1.0214e+07 4.0649e+01 -4.1064e+03 -7.1149e+02 -3.8772e+04 9.4858e+04
-8.8021e+06 3.8665e+01 -3.6209e+03 -4.1924e+02 -3.6769e+04 9.6359e+04
-4.9439e+06 3.3403e+01 -3.1311e+03 -1.2556e+02 -2.2590e+04 9.1904e+04
1.1497e+06 2.8364e+01 -2.6624e+03 1.5904e+02 -4.7109e+03 4.7480e+04
3.9986e+06 2.6553e+01 -2.6505e+03 1.7431e+02 6.9615e+02 5.9003e+03
5.4120e+05 2.6387e+01 -2.6404e+03 1.8182e+02 2.3758e+02 3.4419e+03
-6.0455e+06 3.3960e+01 -5.7040e+03 -1.6178e+03 1.1850e+02 -1.4359e+03
-6.9082e+06 3.4697e+01 -5.7072e+03 -1.6246e+03 2.8596e+00 -1.3605e+03
-7.1937e+06 3.4584e+01 -5.7101e+03 -1.6310e+03 -3.7261e+01 -1.2654e+03
-6.8413e+06 3.4664e+01 -5.7128e+03 -1.6369e+03 -2.8376e+01 -1.1805e+03
-5.9856e+06 3.5467e+01 -5.7153e+03 -1.6424e+03 1.7341e+01 -1.0978e+03
-4.9788e+06 3.6086e+01 -5.7177e+03 -1.6475e+03 8.5971e+01 -1.0143e+03
-4.4001e+06 3.6193e+01 -5.7198e+03 -1.6522e+03 1.3640e+02 -9.3229e+02
-4.6117e+06 3.6207e+01 -5.7217e+03 -1.6565e+03 1.1693e+02 -8.5255e+02
-5.1932e+06 3.6227e+01 -5.7235e+03 -1.6604e+03 6.7019e+01 -7.7233e+02
-5.4841e+06 3.6238e+01 -5.7250e+03 -1.6639e+03 2.0842e+01 -6.9170e+02
-5.6979e+06 3.6250e+01 -5.7264e+03 -1.6670e+03 -1.3578e+01 -6.1113e+02
-5.9679e+06 3.6261e+01 -5.7276e+03 -1.6698e+03 -2.4234e+01 -5.3058e+02
-5.2360e+06 3.6287e+01 -5.7286e+03 -1.6721e+03 3.1994e+00 -4.5091e+02
-5.6095e+06 3.6142e+01 -5.7294e+03 -1.6741e+03 -3.2811e-01 -3.7189e+02
-5.4052e+06 3.5334e+01 -5.7301e+03 -1.6757e+03 1.3681e+00 -2.9334e+02
-5.5715e+06 3.3935e+01 -5.7306e+03 -1.6769e+03 -8.2385e+00 -2.1505e+02
-5.2645e+06 3.2831e+01 -5.7310e+03 -1.6778e+03 -4.3886e+00 -1.3750e+02
-5.8697e+06 3.2686e+01 -5.7311e+03 -1.6784e+03 -3.5251e+01 -5.9522e+01
-5.3199e+06 3.3765e+01 -5.7311e+03 -1.6786e+03 -2.0444e+01 1.8773e+01
-5.5949e+06 3.5425e+01 -5.7310e+03 -1.6784e+03 -4.6325e+01 9.8359e+01
-4.5105e+06 3.6353e+01 -5.7307e+03 -1.6780e+03 -9.1204e+00 1.8670e+02
-4.8174e+06 3.6533e+01 -5.7302e+03 -1.6772e+03 -7.2598e+01 2.9439e+02
-4.2707e+06 3.6716e+01 -5.7296e+03 -1.6761e+03 -1.6319e+02 5.2428e+02
-5.1708e+06 3.7247e+01 -5.7289e+03 -1.6747e+03 -3.2934e+03 5.7722e+03
-5.0229e+06 3.8241e+01 -5.7280e+03 -1.6729e+03 -1.4023e+04 3.0405e+04
-7.0447e+06 3.9377e+01 -5.4490e+03 -1.5073e+03 -2.8547e+04 6.9007e+04
-7.3151e+06 4.0161e+01 -4.9577e+03 -1.2142e+03 -3.6159e+04 9.1245e+04
-8.8499e+06 4.0442e+01 -4.4706e+03 -9.2066e+02 -3.7874e+04 9.4562e+04
-2.6879e+06 3.8884e+01 -3.9877e+03 -6.2691e+02 -3.6321e+04 9.6346e+04
-1.1071e+07 3.4418e+01 -3.5020e+03 -3.3203e+02 -1.9432e+04 1.1999e+05
-1.8038e+07 2.9586e+01 -2.6793e+03 1.6890e+02 -3.3489e+03 7.6970e+04
-9.7978e+06 2.7114e+01 -2.6618e+03 1.8316e+02 -1.9442e+03 7.1247e+03
-7.1018e+06 2.6476e+01 -2.6531e+03 1.8560e+02 -8.8264e+02 3.2604e+03
-7.3068e+06 3.5143e+01 -5.7008e+03 -1.6183e+03 -1.6175e+01 -1.4625e+03
-5.6547e+06 3.5714e+01 -5.7041e+03 -1.6251e+03 2.2823e+02 -1.3952e+03
-4.7465e+06 3.5659e+01 -5.7073e+03 -1.6315e+03 3.5359e+02 -1.3182e+03
-4.9791e+06 3.5676e+01 -5.7102e+03 -1.6374e+03 3.0537e+02 -1.2403e+03
-5.8142e+06 3.5932e+01 -5.7129e+03 -1.6429e+03 1.8758e+02 -1.1558e+03
-6.8994e+06 3.6060e+01 -5.7154e+03 -1.6480e+03 5.5888e+01 -1.0733e+03
-7.3853e+06 3.6068e+01 -5.7177e+03 -1.6526e+03 -4.6830e+01 -9.8748e+02
-7.0286e+06 3.6107e+01 -5.7198e+03 -1.6569e+03 -5.6325e+01 -9.0011e+02
-6.0307e+06 3.6142e+01 -5.7218e+03 -1.6608e+03 -3.3118e+00 -8.1672e+02
-5.6223e+06 3.6174e+01 -5.7235e+03 -1.6643e+03 4.1549e+01 -7.3506e+02
-5.0406e+06 3.6204e+01 -5.7250e+03 -1.6673e+03 7.9149e+01 -6.5526e+02
-4.7469e+06 3.6226e+01 -5.7264e+03 -1.6700e+03 7.2606e+01 -5.7668e+02
-5.2789e+06 3.6242e+01 -5.7276e+03 -1.6723e+03 4.1527e+01 -4.9701e+02
-5.0240e+06 3.6277e+01 -5.7286e+03 -1.6743e+03 3.3414e+01 -4.1677e+02
-5.0011e+06 3.6172e+01 -5.7295e+03 -1.6759e+03 3.5552e+01 -3.3781e+02
-5.3806e+06 3.5410e+01 -5.7301e+03 -1.6771e+03 8.3676e+00 -2.5919e+02
-5.3909e+06 3.3987e+01 -5.7306e+03 -1.6779e+03 3.4796e+00 -1.8144e+02
-5.2803e+06 3.2897e+01 -5.7310e+03 -1.6784e+03 -3.0074e+00 -1.0373e+02
-4.9438e+06 3.3012e+01 -5.7311e+03 -1.6786e+03 1.0531e+01 -2.5785e+01
-5.1567e+06 3.4231e+01 -5.7311e+03 -1.6784e+03 -8.5888e+00 5.3069e+01
-4.6438e+06 3.5607e+01 -5.7310e+03 -1.6779e+03 -6.5742e+00 1.3342e+02
-5.1256e+06 3.6320e+01 -5.7307e+03 -1.6771e+03 -2.0638e+01 2.2339e+02
-3.5294e+06 3.6508e+01 -5.7302e+03 -1.6759e+03 4.7040e+01 3.3044e+02
-5.6430e+06 3.6713e+01 -5.7296e+03 -1.6745e+03 -3.1862e+02 6.5578e+02
-5.4645e+06 3.7292e+01 -5.7289e+03 -1.6727e+03 -4.6586e+03 8.2342e+03
-6.6902e+06 3.8275e+01 -5.7280e+03 -1.6706e+03 -1.7007e+04 3.9098e+04
-5.3390e+06 3.9326e+01 -5.3264e+03 -1.4298e+03 -3.1079e+04 7.8017e+04
-1.3006e+07 4.0081e+01 -4.8370e+03 -1.1340e+03 -3.8637e+04 9.3604e+04
-1.4133e+07 3.9958e+01 -4.3521e+03 -8.3802e+02 -4.1730e+04 9.4633e+04
-1.3605e+07 3.7198e+01 -3.8702e+03 -5.4182e+02 -4.3346e+04 1.2978e+05
-1.8345e+06 3.1921e+01 -2.6978e+03 1.7511e+02 -3.6687e+04 1.1710e+05
5.5178e+06 2.7883e+01 -2.6743e+03 1.8898e+02 -1.5650e+04 3.7256e+04
-3.2931e+05 2.6562e+01 -2.6659e+03 1.8994e+02 -1.7291e+02 4.3630e+03
-7.4810e+06 3.5067e+01 -5.6974e+03 -1.6192e+03 4.6353e+02 -1.7058e+03
-9.4763e+06 3.5437e+01 -5.7009e+03 -1.6259e+03 -2.2831e+02 -1.5524e+03
-1.0346e+07 3.5609e+01 -5.7042e+03 -1.6323e+03 -5.1827e+02 -1.3856e+03
-9.4025e+06 3.5719e+01 -5.7073e+03 -1.6382e+03 -4.1990e+02 -1.2652e+03
-7.9576e+06 3.5795e+01 -5.7102e+03 -1.6436e+03 -1.9238e+02 -1.1785e+03
-5.9397e+06 3.5851e+01 -5.7129e+03 -1.6487e+03 1.0654e+02 -1.0964e+03
-4.7998e+06 3.5901e+01 -5.7154e+03 -1.6533e+03 3.2888e+02 -1.0256e+03
-4.7727e+06 3.5954e+01 -5.7178e+03 -1.6576e+03 3.5006e+02 -9.5776e+02
-5.7602e+06 3.6007e+01 -5.7199e+03 -1.6614e+03 2.3194e+02 -8.7740e+02
-5.9268e+06 3.6059e+01 -5.7218e+03 -1.6649e+03 1.1594e+02 -7.9423e+02
-6.4776e+06 3.6111e+01 -5.7235e+03 -1.6679e+03 3.7843e+00 -7.0912e+02
-6.4794e+06 3.6157e+01 -5.7251e+03 -1.6706e+03 -1.5915e+01 -6.2297e+02
-5.6194e+06 3.6194e+01 -5.7264e+03 -1.6728e+03 9.9169e+00 -5.4169e+02
-5.7200e+06 3.6226e+01 -5.7276e+03 -1.6748e+03 9.4725e+00 -4.6294e+02
-5.8081e+06 3.6284e+01 -5.7286e+03 -1.6763e+03 -1.1586e+01 -3.8319e+02
-5.2974e+06 3.6198e+01 -5.7295e+03 -1.6775e+03 1.3469e+01 -3.0403e+02
-5.5160e+06 3.5422e+01 -5.7301e+03 -1.6783e+03 -1.6379e+00 -2.2542e+02
-5.5852e+06 3.3971e+01 -5.7306e+03 -1.6787e+03 -9.3827e+00 -1.4797e+02
-6.1205e+06 3.2895e+01 -5.7310e+03 -1.6789e+03 -4.5453e+01 -7.0439e+01
-5.4108e+06 3.3016e+01 -5.7311e+03 -1.6786e+03 -1.6506e+01 7.2872e+00
-5.9610e+06 3.4318e+01 -5.7311e+03 -1.6781e+03 -3.6980e+01 8.5954e+01
-4.5449e+06 3.5793e+01 -5.7310e+03 -1.6772e+03 7.9447e+00 1.6743e+02
-6.1918e+06 3.6353e+01 -5.7307e+03 -1.6760e+03 -4.4599e+01 2.6534e+02
-3.4293e+06 3.6384e+01 -5.7302e+03 -1.6745e+03 1.3674e+02 3.6273e+02
-6.5838e+06 3.6581e+01 -5.7297e+03 -1.6727e+03 -4.8088e+02 8.4997e+02
-6.8486e+06 3.7116e+01 -5.7289e+03 -1.6706e+03 -6.1169e+03 1.2670e+04
-9.0641e+06 3.7896e+01 -5.6973e+03 -1.6497e+03 -1.9589e+04 4.9570e+04
-2.9904e+06 3.8667e+01 -5.2055e+03 -1.3516e+03 -3.3657e+04 8.3105e+04
-6.7891e+06 3.8755e+01 -4.7277e+03 -1.0601e+03 -4.3788e+04 9.0518e+04
3.3462e+06 3.5909e+01 -4.3107e+03 -8.0152e+02 -5.3344e+04 1.0905e+05
4.5431e+06 3.0792e+01 -3.8970e+03 -5.4309e+02 -4.0999e+04 1.5237e+05
-1.4641e+07 2.7547e+01 -2.6873e+03 1.9234e+02 -1.3217e+04 9.3534e+04
-8.8470e+06 2.6684e+01 -2.6779e+03 1.9731e+02 -2.4183e+03 7.1762e+03
-4.6580e+06 3.3184e+01 -5.6937e+03 -1.6203e+03 1.5043e+04 -9.4093e+03
-2.9080e+06 3.3833e+01 -5.6974e+03 -1.6270e+03 7.6078e+03 -6.6552e+03
-3.1718e+06 3.4340e+01 -5.7010e+03 -1.6333e+03 3.2188e+03 -3.3094e+03
-4.2339e+06 3.4729e+01 -5.7043e+03 -1.6392e+03 1.6536e+03 -1.6081e+03
-6.5945e+06 3.5072e+01 -5.7074e+03 -1.6447e+03 8.5185e+02 -1.4377e+03
-8.9151e+06 3.5383e+01 -5.7103e+03 -1.6497e+03 4.8046e+01 -1.3029e+03
-1.0660e+07 3.5620e+01 -5.7130e+03 -1.6543e+03 -5.4596e+02 -1.1351e+03
-9.9111e+06 3.5758e+01 -5.7155e+03 -1.6585e+03 -5.9673e+02 -9.8693e+02
-8.1810e+06 3.5835e+01 -5.7178e+03 -1.6623e+03 -3.4640e+02 -8.9403e+02
-6.9323e+06 3.5906e+01 -5.7199e+03 -1.6657e+03 -6.2630e+01 -8.1396e+02
-5.7579e+06 3.5979e+01 -5.7218e+03 -1.6688e+03 1.3833e+02 -7.4636e+02
-4.8563e+06 3.6051e+01 -5.7235e+03 -1.6714e+03 1.8185e+02 -6.8005e+02
-5.7828e+06 3.6116e+01 -5.7251e+03 -1.6736e+03 9.4807e+01 -5.9691e+02
-4.9910e+06 3.6173e+01 -5.7264e+03 -1.6755e+03 7.5940e+01 -5.0937e+02
-5.1958e+06 3.6215e+01 -5.7276e+03 -1.6770e+03 5.2317e+01 -4.2868e+02
-5.2410e+06 3.6271e+01 -5.7286e+03 -1.6781e+03 3.4662e+01 -3.4960e+02
-5.5894e+06 3.6180e+01 -5.7295e+03 -1.6789e+03 1.7005e+01 -2.7050e+02
-4.8167e+06 3.5401e+01 -5.7301e+03 -1.6793e+03 4.9589e+01 -1.9223e+02
-5.1606e+06 3.4022e+01 -5.7306e+03 -1.6794e+03 2.8009e+01 -1.1422e+02
-4.8435e+06 3.3174e+01 -5.7310e+03 -1.6791e+03 5.0461e+01 -3.6582e+01
-5.4111e+06 3.3902e+01 -5.7311e+03 -1.6785e+03 2.0894e+00 4.0821e+01
-5.1498e+06 3.5477e+01 -5.7311e+03 -1.6776e+03 6.6303e+01 1.1960e+02
-5.3769e+06 3.6189e+01 -5.7310e+03 -1.6763e+03 1.1122e+01 2.0609e+02
-5.6687e+06 3.6158e+01 -5.7307e+03 -1.6748e+03 7.6468e+01 3.2394e+02
-6.5513e+06 3.6109e+01 -5.7303e+03 -1.6729e+03 -3.0209e+01 4.3229e+02
-4.3927e+06 3.6006e+01 -5.7297e+03 -1.6707e+03 -1.5183e+02 2.0997e+03
-7.4723e+06 3.5764e+01 -5.7289e+03 -1.6683e+03 5.4701e+02 2.5201e+04
-4.9209e+06 3.5539e+01 -5.6008e+03 -1.5888e+03 2.5863e+03 6.3097e+04
-7.8196e+06 3.4453e+01 -5.1780e+03 -1.3297e+03 3.7064e+03 7.9186e+04
-5.7480e+06 3.0873e+01 -4.7466e+03 -1.0542e+03 7.6259e+03 8.3224e+04
-1.7429e+07 2.7091e+01 -4.2567e+03 -7.5385e+02 1.0256e+04 1.4458e+05
2.6806e+06 2.6070e+01 -2.6997e+03 1.9783e+02 -7.5713e+03 1.2101e+05
1.0009e+07 2.6379e+01 -2.6890e+03 2.0770e+02 -1.6854e+04 2.9331e+04
-4.6958e+06 3.0059e+01 -5.4912e+03 -1.5055e+03 5.1839e+04 -2.6444e+04
-4.0489e+06 3.0740e+01 -5.6210e+03 -1.5856e+03 4.3861e+04 -2.2679e+04
-4.5010e+06 3.1418e+01 -5.6975e+03 -1.6347e+03 3.6450e+04 -1.6488e+04
-4.2119e+06 3.2136e+01 -5.7010e+03 -1.6406e+03 2.8418e+04 -1.2054e+04
-3.8706e+06 3.2887e+01 -5.7043e+03 -1.6460e+03 1.9470e+04 -1.0055e+04
-2.5094e+06 3.3616e+01 -5.7074e+03 -1.6510e+03 1.0669e+04 -8.0522e+03
-1.8721e+06 3.4215e+01 -5.7103e+03 -1.6556e+03 4.5064e+03 -4.4054e+03
-3.2180e+06 3.4649e+01 -5.7130e+03 -1.6598e+03 2.0984e+03 -1.5094e+03
-5.6875e+06 3.5003e+01 -5.7155e+03 -1.6635e+03 1.2124e+03 -1.1742e+03
-6.9636e+06 3.5351e+01 -5.7178e+03 -1.6669e+03 4.2663e+02 -1.0509e+03
-8.3112e+06 3.5651e+01 -5.7199e+03 -1.6699e+03 -1.3668e+02 -8.8813e+02
-8.2703e+06 3.5852e+01 -5.7218e+03 -1.6725e+03 -2.0257e+02 -7.2734e+02
-6.3419e+06 3.5979e+01 -5.7236e+03 -1.6747e+03 -1.2232e+01 -6.3427e+02
-6.4599e+06 3.6074e+01 -5.7251e+03 -1.6765e+03 3.2612e+01 -5.6468e+02
-6.1902e+06 3.6149e+01 -5.7265e+03 -1.6780e+03 3.6401e-01 -4.7773e+02
-5.6035e+06 3.6195e+01 -5.7276e+03 -1.6791e+03 1.7237e+01 -3.9476e+02
-5.4714e+06 3.6250e+01 -5.7286e+03 -1.6798e+03 1.2016e+01 -3.1483e+02
-5.9377e+06 3.6155e+01 -5.7295e+03 -1.6802e+03 -2.4002e+00 -2.3649e+02
-6.1771e+06 3.5479e+01 -5.7301e+03 -1.6802e+03 -1.6636e+01 -1.5847e+02
-5.9759e+06 3.4677e+01 -5.7306e+03 -1.6799e+03 1.2682e+00 -8.0208e+01
-6.2314e+06 3.4896e+01 -5.7310e+03 -1.6792e+03 1.2170e+01 -2.5939e+00
-5.5631e+06 3.5728e+01 -5.7311e+03 -1.6782e+03 5.2348e+01 7.7480e+01
-6.8661e+06 3.6040e+01 -5.7311e+03 -1.6770e+03 4.1482e+01 1.6365e+02
-5.7696e+06 3.5943e+01 -5.7310e+03 -1.6753e+03 4.7448e+01 2.7560e+02
-7.3778e+06 3.5689e+01 -5.7307e+03 -1.6734e+03 4.0015e+01 4.3723e+02
-5.6600e+06 3.4880e+01 -5.7303e+03 -1.6712e+03 4.7083e+03 3.6746e+03
-3.5703e+06 3.3398e+01 -5.7297e+03 -1.6687e+03 2.2999e+04 2.6763e+04
-8.1874e+06 3.1939e+01 -5.4225e+03 -1.4736e+03 4.7049e+04 5.8863e+04
-9.7131e+06 3.0126e+01 -4.9391e+03 -1.1703e+03 6.0048e+04 7.1293e+04
-7.1626e+06 2.6808e+01 -4.4532e+03 -8.6869e+02 6.3874e+04 7.3988e+04
4.1423e+05 2.4098e+01 -3.9630e+03 -5.6673e+02 5.1350e+04 1.0171e+05
7.5910e+06 2.4229e+01 -3.4721e+03 -2.6119e+02 2.0136e+04 9.8981e+04
2.8127e+05 2.5406e+01 -2.9694e+03 5.5778e+01 2.9326e+03 4.9473e+04
-4.8055e+06 2.7644e+01 -4.9240e+03 -1.1744e+03 7.7153e+04 -3.5986e+04
-6.1633e+06 2.8170e+01 -5.0552e+03 -1.2539e+03 7.6235e+04 -3.4793e+04
-5.4203e+06 2.8590e+01 -5.1837e+03 -1.3323e+03 7.3097e+04 -3.1708e+04
-3.9035e+06 2.9122e+01 -5.3125e+03 -1.4115e+03 6.6639e+04 -2.8848e+04
-2.3881e+06 3.0045e+01 -5.4417e+03 -1.4913e+03 5.8522e+04 -2.6978e+04
-2.2215e+06 3.0805e+01 -5.5711e+03 -1.5719e+03 5.0049e+04 -2.5129e+04
-2.5666e+06 3.1214e+01 -5.7007e+03 -1.6530e+03 4.2124e+04 -1.9178e+04
-3.2348e+06 3.1760e+01 -5.7104e+03 -1.6613e+03 3.4152e+04 -1.2916e+04
-1.9533e+06 3.2543e+01 -5.7131e+03 -1.6650e+03 2.5184e+04 -1.0742e+04
-2.7961e+06 3.3416e+01 -5.7156e+03 -1.6684e+03 1.5943e+04 -8.8957e+03
-2.4957e+06 3.4317e+01 -5.7178e+03 -1.6713e+03 7.7923e+03 -6.2031e+03
-3.9073e+06 3.5115e+01 -5.7199e+03 -1.6738e+03 2.6158e+03 -2.7662e+03
-6.3431e+06 3.5650e+01 -5.7218e+03 -1.6760e+03 7.1242e+02 -9.4922e+02
-5.5458e+06 3.5914e+01 -5.7236e+03 -1.6778e+03 3.3289e+02 -7.5101e+02
-5.2064e+06 3.6038e+01 -5.7251e+03 -1.6792e+03 2.1655e+02 -6.0063e+02
-5.6105e+06 3.6112e+01 -5.7265e+03 -1.6803e+03 1.0818e+02 -4.5259e+02
-5.6250e+06 3.6155e+01 -5.7276e+03 -1.6809e+03 7.6205e+01 -3.6693e+02
-4.9783e+06 3.6206e+01 -5.7286e+03 -1.6813e+03 7.8889e+01 -2.8550e+02
-4.8356e+06 3.6108e+01 -5.7295e+03 -1.6813e+03 9.1845e+01 -2.0526e+02
-5.1460e+06 3.5855e+01 -5.7301e+03 -1.6809e+03 8.0436e+01 -1.2491e+02
-5.2875e+06 3.5836e+01 -5.7306e+03 -1.6802e+03 8.7212e+01 -4.4625e+01
-6.3537e+06 3.5945e+01 -5.7310e+03 -1.6792e+03 8.4141e+01 3.7740e+01
-5.9715e+06 3.5877e+01 -5.7311e+03 -1.6778e+03 1.2069e+02 1.3532e+02
-8.0885e+06 3.5658e+01 -5.7311e+03 -1.6762e+03 -3.8719e+01 2.2243e+02
-6.3348e+06 3.5023e+01 -5.7310e+03 -1.6742e+03 1.0734e+03 7.5918e+02
-2.6052e+06 3.3504e+01 -5.7307e+03 -1.6719e+03 1.4686e+04 1.4938e+04
-4.3764e+06 3.1358e+01 -5.5866e+03 -1.5782e+03 4.3126e+04 4.6614e+04
-1.3980e+06 2.9598e+01 -5.1060e+03 -1.2732e+03 6.5072e+04 6.8273e+04
4.2365e+06 2.8041e+01 -4.6240e+03 -9.7021e+02 7.1385e+04 7.2276e+04
4.3258e+06 2.5227e+01 -4.1429e+03 -6.7102e+02 7.1407e+04 7.3506e+04
-3.0450e+06 2.2652e+01 -3.6617e+03 -3.7040e+02 6.8268e+04 7.5654e+04
-1.3665e+07 2.2875e+01 -3.1733e+03 -6.1091e+01 5.5156e+04 6.9735e+04
-8.0502e+06 2.4473e+01 -2.7139e+03 2.3380e+02 2.8960e+04 3.8749e+04
2.4577e+06 2.7286e+01 -4.3484e+03 -8.3331e+02 8.0245e+04 -3.5194e+04
1.1314e+06 2.8670e+01 -4.4793e+03 -9.1147e+02 8.0461e+04 -3.5293e+04
-1.9151e+05 2.9341e+01 -4.6078e+03 -9.8877e+02 8.0505e+04 -3.5254e+04
-2.5574e+06 3.0070e+01 -4.7359e+03 -1.0662e+03 8.0693e+04 -3.5305e+04
-5.7811e+06 3.3014e+01 -4.8644e+03 -1.1445e+03 8.0286e+04 -3.5385e+04
-7.4243e+06 3.4299e+01 -4.9933e+03 -1.2233e+03 7.9799e+04 -3.5572e+04
-6.7610e+06 3.1967e+01 -5.1225e+03 -1.3029e+03 7.8735e+04 -3.3116e+04
-4.6259e+06 3.0712e+01 -5.2510e+03 -1.3825e+03 7.3418e+04 -2.9518e+04
-3.1808e+06 3.0888e+01 -5.3798e+03 -1.4626e+03 6.5303e+04 -2.7696e+04
-1.9900e+06 3.0874e+01 -5.5086e+03 -1.5433e+03 5.5744e+04 -2.6504e+04
-3.7374e+06 3.1915e+01 -5.6402e+03 -1.6262e+03 3.9523e+04 -2.6574e+04
-6.1197e+06 3.3700e+01 -5.7134e+03 -1.6728e+03 1.8777e+04 -1.9764e+04
-6.0351e+06 3.5009e+01 -5.7154e+03 -1.6749e+03 4.9549e+03 -7.0163e+03
-7.7827e+06 3.5638e+01 -5.7193e+03 -1.6779e+03 1.0009e+03 -1.3041e+03
-7.0309e+06 3.5870e+01 -5.7235e+03 -1.6807e+03 7.9681e+02 -9.3282e+02
-6.0765e+06 3.5974e+01 -5.7251e+03 -1.6817e+03 7.8238e+02 -7.4263e+02
-5.5547e+06 3.6037e+01 -5.7265e+03 -1.6824e+03 6.2955e+02 -6.1724e+02
-6.5914e+06 3.6067e+01 -5.7276e+03 -1.6827e+03 3.9826e+02 -5.0358e+02
-6.5787e+06 3.6066e+01 -5.7286e+03 -1.6826e+03 2.0601e+02 -3.8772e+02
-6.8246e+06 3.6031e+01 -5.7295e+03 -1.6822e+03 9.6574e+01 -2.3551e+02
-6.7539e+06 3.5956e+01 -5.7301e+03 -1.6814e+03 1.0971e+02 -9.5055e+01
-6.8848e+06 3.5834e+01 -5.7306e+03 -1.6804e+03 1.0414e+02 -3.4498e+00
-7.9478e+06 3.5632e+01 -5.7310e+03 -1.6790e+03 6.5166e+01 1.0603e+02
-7.2773e+06 3.5134e+01 -5.7311e+03 -1.6772e+03 5.9191e+02 3.6510e+02
-4.6076e+06 3.3879e+01 -5.7311e+03 -1.6752e+03 9.0795e+03 6.2218e+03
-4.5684e+06 3.1813e+01 -5.7310e+03 -1.6729e+03 3.3751e+04 3.4355e+04
-5.3606e+06 2.9749e+01 -5.2717e+03 -1.3778e+03 5.9598e+04 6.4259e+04
-2.1871e+06 2.8589e+01 -4.7902e+03 -1.0715e+03 6.9457e+04 7.1940e+04
-2.7120e+06 2.7554e+01 -4.3096e+03 -7.6884e+02 7.0255e+04 7.2671e+04
-5.6261e+05 2.5228e+01 -3.8293e+03 -4.6727e+02 7.0399e+04 7.3786e+04
2.9923e+06 2.3069e+01 -3.3482e+03 -1.6134e+02 6.5251e+04 7.1393e+04
6.8769e+06 2.3127e+01 -2.8664e+03 1.4904e+02 4.4202e+04 5.0657e+04
7.0090e+06 2.4494e+01 -2.7205e+03 2.4653e+02 1.5840e+04 1.9207e+04
-6.4584e+06 2.8539e+01 -3.7751e+03 -4.8520e+02 7.6972e+04 -3.2709e+04
-6.5472e+06 3.0310e+01 -3.9028e+03 -5.6180e+02 7.8184e+04 -3.3471e+04
-4.3894e+06 3.1284e+01 -4.0281e+03 -6.3711e+02 7.9472e+04 -3.3634e+04
-1.6591e+06 3.2675e+01 -4.1538e+03 -7.1277e+02 8.1238e+04 -3.3991e+04
-2.0603e+06 3.8463e+01 -4.2803e+03 -7.8904e+02 8.1018e+04 -3.4427e+04
-2.9521e+06 4.1387e+01 -4.4076e+03 -8.6587e+02 8.0577e+04 -3.4769e+04
-1.6769e+06 3.6923e+01 -4.5354e+03 -9.4343e+02 8.2687e+04 -3.4914e+04
-2.7485e+06 3.5133e+01 -4.6626e+03 -1.0211e+03 8.3084e+04 -3.4962e+04
-4.0245e+06 3.5983e+01 -4.7901e+03 -1.0993e+03 8.2097e+04 -3.5262e+04
-8.2137e+06 3.3269e+01 -4.9178e+03 -1.1780e+03 7.7627e+04 -3.8771e+04
-8.1799e+06 3.1175e+01 -5.0634e+03 -1.2693e+03 5.8768e+04 -5.2586e+04
-3.5546e+06 3.2141e+01 -5.4532e+03 -1.5134e+03 3.2688e+04 -4.9708e+04
-3.7936e+06 3.3680e+01 -5.7011e+03 -1.6692e+03 1.4814e+04 -2.3298e+04
-3.5034e+06 3.4772e+01 -5.7052e+03 -1.6721e+03 5.7153e+03 -6.1345e+03
-5.2368e+06 3.5460e+01 -5.7095e+03 -1.6749e+03 2.2642e+03 -1.5153e+03
-6.1811e+06 3.5782e+01 -5.7136e+03 -1.6774e+03 1.6697e+03 -1.1480e+03
-6.3345e+06 3.5880e+01 -5.7176e+03 -1.6795e+03 1.4828e+03 -1.0155e+03
-4.9521e+06 3.5905e+01 -5.7214e+03 -1.6812e+03 1.3834e+03 -8.9111e+02
-4.9391e+06 3.5892e+01 -5.7251e+03 -1.6826e+03 1.2676e+03 -7.7978e+02
-5.0230e+06 3.5838e+01 -5.7286e+03 -1.6837e+03 1.1384e+03 -5.7964e+02
-5.9278e+06 3.5737e+01 -5.7295e+03 -1.6830e+03 9.5635e+02 -3.6919e+02
-7.1971e+06 3.5566e+01 -5.7301e+03 -1.6818e+03 7.3867e+02 -2.2885e+02
-7.1993e+06 3.5169e+01 -5.7306e+03 -1.6804e+03 8.2938e+02 4.3206e+00
-6.2193e+06 3.4126e+01 -5.7310e+03 -1.6786e+03 6.3703e+03 3.8736e+03
-4.4280e+06 3.2213e+01 -5.7311e+03 -1.6765e+03 2.7015e+04 2.2615e+04
-6.5956e+06 3.0037e+01 -5.4361e+03 -1.4842e+03 5.4609e+04 5.3272e+04
-2.9232e+06 2.8566e+01 -4.9554e+03 -1.1747e+03 6.8558e+04 7.0520e+04
-9.1497e+05 2.8115e+01 -4.4754e+03 -8.6849e+02 7.0046e+04 7.2376e+04
5.7735e+05 2.7746e+01 -3.9959e+03 -5.6508e+02 7.0272e+04 7.3327e+04
3.3005e+05 2.6627e+01 -3.5157e+03 -2.5831e+02 6.8208e+04 7.3518e+04
-5.2541e+06 2.5260e+01 -3.0347e+03 5.2880e+01 5.2407e+04 5.8509e+04
-4.2924e+06 2.4658e+01 -2.7440e+03 2.4437e+02 2.3855e+04 2.7320e+04
-3.5768e+06 2.5147e+01 -2.7317e+03 2.5627e+02 4.3541e+03 7.5625e+03
-4.2269e+06 3.0784e+01 -3.2070e+03 -1.2808e+02 4.6865e+04 -2.0095e+04
-5.0842e+06 3.0992e+01 -3.3315e+03 -2.0304e+02 5.6000e+04 -2.2661e+04
-5.4077e+06 3.0978e+01 -3.4531e+03 -2.7662e+02 6.5546e+04 -2.4399e+04
-6.8331e+06 3.1667e+01 -3.5756e+03 -3.5097e+02 7.3981e+04 -2.7283e+04
-8.6975e+06 3.5800e+01 -3.6990e+03 -4.2606e+02 7.8523e+04 -3.0938e+04
-9.2163e+06 3.8490e+01 -3.8233e+03 -5.0181e+02 7.9866e+04 -3.2775e+04
-5.6415e+06 3.6131e+01 -3.9484e+03 -5.7815e+02 8.1909e+04 -3.3120e+04
-4.9084e+06 3.7182e+01 -4.0735e+03 -6.5447e+02 8.1924e+04 -3.3790e+04
-6.2588e+06 4.1339e+01 -4.1992e+03 -7.3116e+02 7.3739e+04 -3.8998e+04
-4.5499e+06 3.9629e+01 -4.3256e+03 -8.0822e+02 5.8860e+04 -4.5946e+04
1.9573e+06 3.4620e+01 -4.5995e+03 -9.8004e+02 4.6188e+04 -6.2391e+04
7.3893e+05 3.2175e+01 -5.1828e+03 -1.3467e+03 4.4351e+04 -6.5534e+04
-2.2117e+06 3.2565e+01 -5.4995e+03 -1.5441e+03 4.2384e+04 -4.4658e+04
-2.5734e+06 3.4284e+01 -5.6909e+03 -1.6664e+03 2.6049e+04 -2.7483e+04
-5.2828e+06 3.5534e+01 -5.6954e+03 -1.6692e+03 8.3100e+03 -1.0918e+04
-6.1136e+06 3.5741e+01 -5.6997e+03 -1.6716e+03 2.0407e+03 -1.5287e+03
-6.4230e+06 3.5680e+01 -5.7038e+03 -1.6737e+03 1.8342e+03 -1.1565e+03
-7.6780e+06 3.5688e+01 -5.7077e+03 -1.6754e+03 1.8396e+03 -1.1172e+03
-8.0743e+06 3.5652e+01 -5.7115e+03 -1.6767e+03 1.7893e+03 -1.0302e+03
-8.3494e+06 3.5572e+01 -5.7151e+03 -1.6777e+03 1.7877e+03 -8.9410e+02
-8.6045e+06 3.5439e+01 -5.7185e+03 -1.6784e+03 1.6988e+03 -7.2717e+02
-8.4325e+06 3.5137e+01 -5.7218e+03 -1.6788e+03 1.6349e+03 -5.5173e+02
-7.7542e+06 3.4276e+01 -5.7249e+03 -1.6788e+03 5.1255e+03 1.8642e+03
-4.1588e+06 3.2526e+01 -5.7283e+03 -1.6787e+03 2.1964e+04 1.6760e+04
-5.8311e+06 3.0298e+01 -5.5412e+03 -1.5546e+03 4.9629e+04 4.3984e+04
-3.4698e+06 2.8553e+01 -5.0963e+03 -1.2644e+03 6.8308e+04 6.3231e+04
-2.1344e+06 2.7836e+01 -4.6400e+03 -9.7003e+02 7.1809e+04 6.9265e+04
-2.6618e+06 2.7917e+01 -4.1614e+03 -6.6390e+02 7.0460e+04 7.1915e+04
-3.8241e+06 2.8429e+01 -3.6823e+03 -3.5621e+02 6.9015e+04 7.3852e+04
-5.9362e+06 2.8679e+01 -3.2023e+03 -4.4166e+01 5.8616e+04 6.6299e+04
1.6337e+05 2.7912e+01 -2.7691e+03 2.4112e+02 3.3039e+04 3.7193e+04
4.3741e+06 2.6665e+01 -2.7538e+03 2.5489e+02 9.3091e+03 1.0538e+04
1.5894e+06 2.5961e+01 -2.7430e+03 2.6591e+02 1.0151e+03 4.5903e+03
-2.4787e+06 3.3590e+01 -3.0973e+03 -4.5292e+01 1.0289e+04 -3.3285e+03
-3.8867e+06 3.2891e+01 -3.0917e+03 -3.9849e+01 1.9092e+04 -5.3023e+03
-3.7945e+06 3.2185e+01 -3.0828e+03 -3.2257e+01 2.8540e+04 -6.9350e+03
-3.8067e+06 3.1771e+01 -3.0737e+03 -2.4481e+01 3.7495e+04 -1.0792e+04
-2.5943e+06 3.2220e+01 -3.1234e+03 -5.3736e+01 4.6136e+04 -1.7127e+04
-2.9789e+06 3.2495e+01 -3.2446e+03 -1.2832e+02 5.5057e+04 -2.1452e+04
-2.8536e+06 3.1798e+01 -3.3667e+03 -2.0363e+02 6.4638e+04 -2.3331e+04
-6.0747e+06 3.3121e+01 -3.4888e+03 -2.7909e+02 7.0008e+04 -2.8199e+04
-4.7999e+06 3.7178e+01 -3.6116e+03 -3.5503e+02 6.3270e+04 -4.5730e+04
-1.9863e+06 3.9489e+01 -4.0613e+03 -6.3635e+02 5.2253e+04 -5.6412e+04
-5.5536e+06 3.8008e+01 -4.3688e+03 -8.2838e+02 5.1781e+04 -5.9266e+04
-7.4716e+06 3.5738e+01 -4.6608e+03 -1.0114e+03 6.1029e+04 -6.2038e+04
-1.1508e+07 3.6700e+01 -4.9527e+03 -1.1960e+03 6.0817e+04 -6.0833e+04
-6.8403e+06 4.0687e+01 -5.2734e+03 -1.4012e+03 4.0669e+04 -6.0062e+04
-2.0956e+06 4.1842e+01 -5.6812e+03 -1.6636e+03 1.8080e+04 -3.4596e+04
-4.4911e+06 3.8428e+01 -5.6856e+03 -1.6659e+03 6.2409e+03 -6.6730e+03
-7.1674e+06 3.5744e+01 -5.6899e+03 -1.6679e+03 2.3526e+03 -1.3767e+03
-5.6428e+06 3.5384e+01 -5.6940e+03 -1.6696e+03 2.1137e+03 -1.1220e+03
-5.5565e+06 3.5382e+01 -5.6979e+03 -1.6709e+03 2.3043e+03 -1.0470e+03
-5.8921e+06 3.5308e+01 -5.7016e+03 -1.6718e+03 2.2828e+03 -9.5707e+02
-7.4175e+06 3.5009e+01 -5.7052e+03 -1.6725e+03 2.0649e+03 -8.6114e+02
-7.9074e+06 3.4216e+01 -5.7086e+03 -1.6728e+03 3.6317e+03 1.4674e+02
-4.2447e+06 3.2744e+01 -5.7118e+03 -1.6728e+03 1.7157e+04 1.2308e+04
-6.1590e+06 3.0604e+01 -5.6059e+03 -1.6008e+03 4.4797e+04 3.8341e+04
-5.5495e+06 2.8638e+01 -5.1727e+03 -1.3150e+03 6.7403e+04 5.8465e+04
-3.1678e+06 2.7646e+01 -4.7334e+03 -1.0280e+03 7.4413e+04 6.4869e+04
-2.5539e+06 2.7528e+01 -4.2882e+03 -7.3991e+02 7.4135e+04 6.7049e+04
-2.0093e+06 2.7957e+01 -3.8427e+03 -4.5207e+02 7.2312e+04 7.0016e+04
-3.5150e+06 2.8898e+01 -3.3690e+03 -1.4214e+02 6.4097e+04 6.8866e+04
-2.8490e+06 2.9813e+01 -2.8892e+03 1.7514e+02 4.0999e+04 4.7561e+04
-1.6207e+06 3.0075e+01 -2.7759e+03 2.5342e+02 1.3666e+04 1.7303e+04
-5.0767e+06 2.9436e+01 -2.7651e+03 2.6441e+02 1.0873e+03 4.8319e+03
-4.5645e+06 2.7809e+01 -2.7542e+03 2.7542e+02 -1.2179e+02 4.3486e+03
-7.5182e+06 3.5393e+01 -3.1025e+03 -3.3084e+01 2.6350e+02 2.9315e+03
-5.7597e+06 3.5104e+01 -3.0925e+03 -2.4972e+01 1.2364e+03 2.9179e+03
-4.0286e+06 3.4778e+01 -3.0826e+03 -1.6691e+01 2.1973e+03 2.9297e+03
-2.4851e+06 3.4406e+01 -3.0725e+03 -8.2463e+00 3.7616e+03 1.6678e+03
-2.0153e+06 3.3892e+01 -3.0625e+03 3.2317e-01 7.9349e+03 -1.4555e+03
-2.5257e+06 3.3197e+01 -3.0533e+03 8.4440e+00 1.5637e+04 -4.2163e+03
-3.2272e+06 3.2473e+01 -3.0442e+03 1.6704e+01 2.4966e+04 -5.9737e+03
-2.5420e+06 3.2064e+01 -3.0342e+03 2.5551e+01 3.3274e+04 -1.3861e+04
-2.8263e+06 3.2570e+01 -3.1935e+03 -7.4520e+01 4.3753e+04 -3.4910e+04
-9.3686e+06 3.4248e+01 -3.5360e+03 -2.9313e+02 5.7844e+04 -5.1839e+04
-9.1577e+06 3.6365e+01 -3.8231e+03 -4.7537e+02 6.3336e+04 -5.7579e+04
-5.8143e+06 3.9214e+01 -4.1125e+03 -6.5861e+02 5.4987e+04 -6.1599e+04
-3.1869e+06 4.6634e+01 -4.4040e+03 -8.4274e+02 4.2572e+04 -6.7684e+04
-2.5071e+06 5.8431e+01 -4.9228e+03 -1.1781e+03 3.6224e+04 -7.5100e+04
-7.9155e+06 6.0110e+01 -5.4687e+03 -1.5286e+03 3.3870e+04 -5.7657e+04
-5.5989e+06 4.6906e+01 -5.6714e+03 -1.6605e+03 2.2745e+04 -2.7062e+04
-5.3584e+06 3.6460e+01 -5.6758e+03 -1.6624e+03 7.9039e+03 -9.1484e+03
-1.0704e+07 3.4880e+01 -5.6801e+03 -1.6639e+03 1.9261e+03 -1.4783e+03
-1.1765e+07 3.5065e+01 -5.6841e+03 -1.6652e+03 1.3198e+03 -1.0682e+03
-1.2449e+07 3.4928e+01 -5.6880e+03 -1.6660e+03 1.2198e+03 -9.5002e+02
-1.1265e+07 3.3933e+01 -5.6917e+03 -1.6666e+03 2.3116e+03 -5.6522e+02
-6.0168e+06 3.1988e+01 -5.6953e+03 -1.6668e+03 1.3242e+04 7.9058e+03
-6.5452e+06 3.0175e+01 -5.6688e+03 -1.6469e+03 3.9718e+04 3.3062e+04
-6.7275e+06 2.8744e+01 -5.2369e+03 -1.3591e+03 6.4801e+04 5.6273e+04
-2.7341e+06 2.7689e+01 -4.8049e+03 -1.0735e+03 7.4097e+04 6.3056e+04
-1.7955e+06 2.7366e+01 -4.3716e+03 -7.8989e+02 7.4914e+04 6.4761e+04
-2.6937e+06 2.7563e+01 -3.9273e+03 -5.0029e+02 7.4684e+04 6.6606e+04
-4.6203e+06 2.8064e+01 -3.4822e+03 -2.0713e+02 6.9718e+04 6.5725e+04
-6.1129e+06 2.8936e+01 -3.0365e+03 8.9804e+01 5.0279e+04 5.1907e+04
-2.6357e+06 3.0088e+01 -2.7986e+03 2.5139e+02 2.1559e+04 2.4478e+04
-1.6656e+06 3.1148e+01 -2.7871e+03 2.6281e+02 3.9391e+03 6.8011e+03
-4.6624e+05 3.1484e+01 -2.7763e+03 2.7380e+02 3.2263e+02 4.3453e+03
5.1443e+05 3.0267e+01 -2.7654e+03 2.8482e+02 1.9100e+02 4.2947e+03
-4.4849e+06 3.5877e+01 -3.1122e+03 -2.3817e+01 1.8667e+02 3.2381e+03
-6.3621e+06 3.5829e+01 -3.1024e+03 -1.5707e+01 -6.4474e+01 3.2736e+03
-8.3036e+06 3.5777e+01 -3.0924e+03 -7.4287e+00 -3.5291e+02 3.3202e+03
-9.4276e+06 3.5702e+01 -3.0825e+03 1.0137e+00 -5.1541e+02 3.3284e+03
-9.1770e+06 3.5548e+01 -3.0724e+03 9.6146e+00 -2.7865e+02 3.2713e+03
-7.1922e+06 3.5304e+01 -3.0623e+03 1.8369e+01 4.0106e+02 3.2216e+03
-4.9635e+06 3.4993e+01 -3.0522e+03 2.7270e+01 1.2505e+03 3.1287e+03
-3.1677e+06 3.4494e+01 -3.0420e+03 3.6315e+01 4.1578e+03 -4.9777e+02
-3.0171e+06 3.3603e+01 -3.0317e+03 4.5497e+01 1.5124e+04 -9.2358e+03
-2.6399e+06 3.2808e+01 -3.0215e+03 5.4810e+01 3.2913e+04 -2.5584e+04
-2.8526e+06 3.3480e+01 -3.2929e+03 -1.2062e+02 4.3286e+04 -5.0648e+04
-1.6801e+06 3.7562e+01 -3.7284e+03 -4.0042e+02 4.1124e+04 -6.7685e+04
-4.1842e+06 4.9103e+01 -4.2587e+03 -7.4404e+02 3.9267e+04 -6.9409e+04
-1.2577e+07 6.5618e+01 -4.6081e+03 -9.6865e+02 4.6172e+04 -7.0123e+04
-1.2907e+07 6.7293e+01 -4.9570e+03 -1.1948e+03 5.2240e+04 -6.6974e+04
-9.7427e+06 4.9261e+01 -5.3351e+03 -1.4423e+03 4.4383e+04 -5.4753e+04
-6.2444e+06 3.5406e+01 -5.6615e+03 -1.6570e+03 2.5221e+04 -3.3492e+04
-3.3536e+06 3.3444e+01 -5.6659e+03 -1.6585e+03 9.2502e+03 -1.0343e+04
-4.7103e+06 3.3824e+01 -5.6701e+03 -1.6597e+03 3.6607e+03 -1.2334e+03
-5.4826e+06 3.3546e+01 -5.6742e+03 -1.6605e+03 3.8546e+03 -7.7995e+02
-3.6406e+06 3.1813e+01 -5.6781e+03 -1.6609e+03 1.1884e+04 5.0536e+03
-5.5684e+06 2.8890e+01 -5.6818e+03 -1.6611e+03 3.5465e+04 2.7078e+04
-7.8462e+06 2.7063e+01 -5.2995e+03 -1.4033e+03 6.1868e+04 5.2739e+04
-3.6832e+06 2.6964e+01 -4.8691e+03 -1.1155e+03 7.3278e+04 6.2598e+04
-2.6698e+06 2.7340e+01 -4.4383e+03 -8.3021e+02 7.4388e+04 6.3514e+04
-2.9624e+06 2.7522e+01 -4.0071e+03 -5.4651e+02 7.4509e+04 6.5117e+04
-2.5616e+06 2.7636e+01 -3.5669e+03 -2.5427e+02 7.1764e+04 6.5543e+04
-4.9048e+06 2.8178e+01 -3.1223e+03 4.4214e+01 5.6463e+04 5.3460e+04
-2.4801e+06 2.9319e+01 -2.8223e+03 2.4859e+02 2.8769e+04 2.7984e+04
-2.3341e+06 3.0576e+01 -2.8091e+03 2.6113e+02 7.2624e+03 9.1660e+03
-4.1800e+06 3.1096e+01 -2.7983e+03 2.7209e+02 5.6918e+02 4.4097e+03
-4.3497e+06 3.0962e+01 -2.7875e+03 2.8308e+02 4.4242e+01 4.2660e+03
-3.1186e+06 3.0303e+01 -2.7767e+03 2.9410e+02 -1.6794e+01 4.2699e+03
-4.4048e+06 3.6047e+01 -3.1219e+03 -1.4688e+01 1.7388e+01 3.1886e+03
-4.4851e+06 3.6022e+01 -3.1121e+03 -6.5804e+00 1.5360e+02 3.2166e+03
-4.0146e+06 3.5990e+01 -3.1023e+03 1.6962e+00 2.9674e+02 3.2583e+03
-4.4782e+06 3.5955e+01 -3.0923e+03 1.0137e+01 3.3189e+02 3.3011e+03
-4.9906e+06 3.5915e+01 -3.0824e+03 1.8736e+01 2.2804e+02 3.3522e+03
-7.0596e+06 3.5870e+01 -3.0724e+03 2.7489e+01 -4.4093e+01 3.3950e+03
-8.2665e+06 3.5801e+01 -3.0623e+03 3.6390e+01 -2.8936e+02 3.4148e+03
-9.4696e+06 3.5641e+01 -3.0521e+03 4.5434e+01 -2.3474e+02 3.3639e+03
-6.2598e+06 3.5257e+01 -3.0420e+03 5.4616e+01 7.0608e+02 3.1594e+03
-3.9633e+06 3.4487e+01 -3.0317e+03 6.3929e+01 5.5160e+03 -3.2450e+03
-2.8449e+06 3.3503e+01 -3.0215e+03 7.3370e+01 1.8392e+04 -2.8597e+04
-5.8300e+06 3.4110e+01 -3.4052e+03 -1.7856e+02 3.8507e+04 -5.5606e+04
-7.7690e+06 3.9825e+01 -3.7564e+03 -4.0856e+02 5.5767e+04 -6.3456e+04
-4.7813e+06 4.8097e+01 -4.1027e+03 -6.3407e+02 6.1559e+04 -6.5352e+04
-3.8213e+06 4.7756e+01 -4.4694e+03 -8.7259e+02 5.9881e+04 -6.8723e+04
-4.2452e+06 3.8198e+01 -4.8704e+03 -1.1353e+03 5.5967e+04 -6.9252e+04
-7.2586e+06 3.1624e+01 -5.2697e+03 -1.3990e+03 4.7330e+04 -6.0424e+04
-6.3290e+06 3.0803e+01 -5.6610e+03 -1.6594e+03 3.8112e+04 -3.0256e+04
-6.5656e+06 3.0922e+01 -5.6628e+03 -1.6588e+03 3.5304e+04 -5.8730e+03
-5.8707e+06 3.0608e+01 -5.6644e+03 -1.6579e+03 3.6884e+04 -3.6249e+03
-6.4000e+06 2.9071e+01 -5.6659e+03 -1.6566e+03 4.5281e+04 1.1201e+04
-7.5588e+06 2.6458e+01 -5.3606e+03 -1.4481e+03 6.0541e+04 4.2830e+04
-3.0348e+06 2.4999e+01 -4.9316e+03 -1.1579e+03 7.1170e+04 6.1503e+04
-1.4721e+06 2.5428e+01 -4.5023e+03 -8.7010e+02 7.3596e+04 6.3432e+04
-1.9388e+06 2.6588e+01 -4.0727e+03 -5.8442e+02 7.3980e+04 6.4311e+04
-1.5615e+06 2.7297e+01 -3.6422e+03 -2.9618e+02 7.2920e+04 6.5255e+04
-5.5168e+06 2.7719e+01 -3.2060e+03 -1.0047e+00 6.0411e+04 5.5886e+04
-3.1100e+06 2.8816e+01 -2.8455e+03 2.4598e+02 3.3074e+04 3.1108e+04
-2.6519e+06 3.0263e+01 -2.8310e+03 2.5934e+02 9.1174e+03 1.0379e+04
-4.7707e+06 3.0717e+01 -2.8202e+03 2.7027e+02 7.5541e+02 4.4498e+03
-2.8878e+06 2.9681e+01 -2.8094e+03 2.8123e+02 1.0626e+02 4.2072e+03
-1.1370e+05 2.8402e+01 -2.7987e+03 2.9222e+02 1.6559e+02 4.2099e+03
6.1553e+05 2.7695e+01 -2.7879e+03 3.0324e+02 1.1988e+02 4.2108e+03
-2.5580e+06 3.6341e+01 -3.1315e+03 -5.7010e+00 1.0187e+02 3.1623e+03
-4.2675e+06 3.6151e+01 -3.1218e+03 2.4039e+00 -5.4156e+00 3.1935e+03
-5.7405e+06 3.6151e+01 -3.1120e+03 1.0679e+01 -7.5029e+01 3.2330e+03
-6.4308e+06 3.6132e+01 -3.1022e+03 1.9118e+01 -8.8796e+01 3.2648e+03
-6.5391e+06 3.6095e+01 -3.0923e+03 2.7716e+01 -2.1334e+01 3.2993e+03
-5.7033e+06 3.6047e+01 -3.0823e+03 3.6468e+01 1.1108e+02 3.3330e+03
-5.0970e+06 3.5987e+01 -3.0723e+03 4.5369e+01 2.5145e+02 3.3715e+03
-4.9352e+06 3.5921e+01 -3.0622e+03 5.4413e+01 2.0869e+02 3.4128e+03
-7.1575e+06 3.5845e+01 -3.0521e+03 6.3594e+01 -1.2237e+02 3.4681e+03
-7.7916e+06 3.5595e+01 -3.0420e+03 7.2908e+01 8.2505e+00 3.2026e+03
-5.5032e+06 3.4785e+01 -3.0317e+03 8.2349e+01 6.0803e+03 -5.4677e+03
-4.3567e+06 3.3584e+01 -3.0215e+03 9.1913e+01 2.3523e+04 -2.4573e+04
-2.4453e+06 3.3056e+01 -3.2600e+03 -6.6137e+01 4.4696e+04 -4.3626e+04
-1.5264e+06 3.2825e+01 -3.6071e+03 -2.9641e+02 5.6288e+04 -5.9892e+04
-1.3609e+05 3.1527e+01 -4.0040e+03 -5.5913e+02 5.8219e+04 -6.9300e+04
-3.5141e+06 2.9894e+01 -4.4043e+03 -8.2289e+02 5.7754e+04 -7.1045e+04
-1.7426e+06 2.8934e+01 -4.8012e+03 -1.0856e+03 5.9484e+04 -6.9560e+04
-4.5450e+06 2.8291e+01 -5.1959e+03 -1.3488e+03 6.7717e+04 -4.0828e+04
-6.6986e+06 2.7681e+01 -5.2412e+03 -1.3757e+03 7.6549e+04 -1.0403e+04
-6.0252e+06 2.7286e+01 -5.2162e+03 -1.3563e+03 7.9712e+04 -6.8984e+03
-5.7416e+06 2.6375e+01 -5.1911e+03 -1.3365e+03 7.9466e+04 6.4053e+03
-2.1735e+05 2.4845e+01 -5.0045e+03 -1.2087e+03 7.6492e+04 3.8993e+04
-8.1314e+05 2.4220e+01 -4.5738e+03 -9.1641e+02 7.3499e+04 6.1205e+04
-6.2346e+05 2.4663e+01 -4.1427e+03 -6.2640e+02 7.2651e+04 6.4440e+04
-1.2162e+06 2.5672e+01 -3.7106e+03 -3.3455e+02 7.2021e+04 6.5411e+04
-5.0121e+06 2.6990e+01 -3.2777e+03 -3.9127e+01 6.1983e+04 5.8552e+04
-2.1785e+06 2.8456e+01 -2.8635e+03 2.4661e+02 3.6236e+04 3.4666e+04
-5.2258e+04 3.0038e+01 -2.8528e+03 2.5746e+02 1.0909e+04 1.1398e+04
-4.1857e+06 3.0666e+01 -2.8421e+03 2.6835e+02 9.3141e+02 4.4512e+03
-4.0477e+06 2.9435e+01 -2.8313e+03 2.7928e+02 -8.4736e+00 4.1418e+03
-3.1159e+06 2.7510e+01 -2.8206e+03 2.9024e+02 7.4267e+01 4.1498e+03
-2.6782e+06 2.6450e+01 -2.8098e+03 3.0123e+02 5.9816e+01 4.1698e+03
-1.7052e+06 2.6156e+01 -2.7991e+03 3.1225e+02 1.2043e+01 4.1862e+03
-2.6079e+06 3.6094e+01 -3.1410e+03 3.1371e+00 3.1333e+01 3.1200e+03
-3.5344e+06 3.6325e+01 -3.1314e+03 1.1240e+01 -1.2794e+00 3.1507e+03
-3.9055e+06 3.6260e+01 -3.1217e+03 1.9513e+01 1.3262e+01 3.1944e+03
-4.0997e+06 3.6246e+01 -3.1119e+03 2.7951e+01 5.7766e+01 3.2344e+03
-4.3167e+06 3.6216e+01 -3.1021e+03 3.6549e+01 6.7451e+01 3.2740e+03
-5.2967e+06 3.6182e+01 -3.0922e+03 4.5300e+01 2.4378e+01 3.3107e+03
-6.0043e+06 3.6140e+01 -3.0823e+03 5.4201e+01 -2.2793e+01 3.3437e+03
-6.7183e+06 3.6084e+01 -3.0723e+03 6.3244e+01 5.5862e+00 3.3699e+03
-5.7935e+06 3.6011e+01 -3.0622e+03 7.2426e+01 1.2698e+02 3.3906e+03
-6.0420e+06 3.5897e+01 -3.0521e+03 8.1741e+01 1.2947e+02 3.4333e+03
-6.1814e+06 3.5600e+01 -3.0420e+03 9.1183e+01 4.9730e+02 3.2195e+03
-3.4988e+06 3.4846e+01 -3.0318e+03 1.0075e+02 4.8243e+03 -2.3149e+03
-3.3993e+06 3.3505e+01 -3.0215e+03 1.1043e+02 1.7804e+04 -1.6615e+04
-5.1600e+06 3.1856e+01 -3.1514e+03 2.4444e+01 3.6536e+04 -3.9489e+04
-4.0920e+06 3.0411e+01 -3.5433e+03 -2.3972e+02 5.1545e+04 -6.0971e+04
-1.5761e+06 2.9348e+01 -3.9357e+03 -5.0292e+02 5.8032e+04 -6.9141e+04
-1.2078e+06 2.8284e+01 -4.3315e+03 -7.6689e+02 6.4180e+04 -6.4972e+04
-2.2070e+06 2.6999e+01 -4.6748e+03 -9.9455e+02 7.8459e+04 -3.5617e+04
-1.8334e+06 2.5915e+01 -4.6491e+03 -9.7448e+02 9.0583e+04 -8.8900e+03
-9.4961e+05 2.5386e+01 -4.6231e+03 -9.5411e+02 9.3201e+04 -6.8724e+03
-1.3699e+06 2.4690e+01 -4.5969e+03 -9.3345e+02 9.1140e+04 -2.6084e+03
-1.9247e+06 2.3796e+01 -4.5705e+03 -9.1252e+02 8.5252e+04 2.2244e+04
1.6077e+05 2.3872e+01 -4.2214e+03 -6.7540e+02 7.7619e+04 5.2962e+04
7.9450e+05 2.4770e+01 -3.7909e+03 -3.8192e+02 7.2289e+04 6.4294e+04
-3.9069e+06 2.6100e+01 -3.3592e+03 -8.4818e+01 6.2564e+04 6.0252e+04
-1.4097e+06 2.7958e+01 -2.9268e+03 2.1591e+02 3.8523e+04 3.9095e+04
9.7647e+05 2.9860e+01 -2.8745e+03 2.5547e+02 1.2377e+04 1.4029e+04
-3.3446e+06 3.0780e+01 -2.8638e+03 2.6632e+02 1.1169e+03 4.4083e+03
-4.4160e+06 2.9694e+01 -2.8531e+03 2.7721e+02 -3.2373e+01 4.0694e+03
-3.1447e+06 2.7500e+01 -2.8424e+03 2.8814e+02 3.9032e+01 4.0942e+03
-1.3168e+06 2.6236e+01 -2.8317e+03 2.9911e+02 1.2193e+02 4.1068e+03
9.0000e+05 2.6067e+01 -2.8210e+03 3.1010e+02 1.5498e+02 4.1309e+03
9.2154e+05 2.6128e+01 -2.8103e+03 3.2112e+02 8.4493e+01 4.1453e+03
-1.7134e+06 3.3575e+01 -3.1505e+03 1.1821e+01 2.5989e+01 3.0820e+03
-3.5323e+06 3.5971e+01 -3.1409e+03 1.9922e+01 -9.5531e+01 3.1118e+03
-4.7595e+06 3.6393e+01 -3.1313e+03 2.8194e+01 -1.2406e+02 3.1589e+03
-5.1137e+06 3.6288e+01 -3.1217e+03 3.6631e+01 -9.2177e+01 3.1980e+03
-5.2362e+06 3.6271e+01 -3.1119e+03 4.5228e+01 -5.1877e+01 3.2341e+03
-4.8253e+06 3.6259e+01 -3.1021e+03 5.3980e+01 1.5854e+00 3.2700e+03
-4.5188e+06 3.6239e+01 -3.0922e+03 6.2880e+01 6.2064e+01 3.3073e+03
-4.4032e+06 3.6204e+01 -3.0823e+03 7.1924e+01 7.6124e+01 3.3448e+03
-5.4235e+06 3.6145e+01 -3.0723e+03 8.1107e+01 3.6534e+01 3.3774e+03
-6.1327e+06 3.6062e+01 -3.0623e+03 9.0422e+01 2.9004e+01 3.4011e+03
-6.3756e+06 3.5951e+01 -3.0522e+03 9.9865e+01 -5.8586e+01 3.4435e+03
-7.8937e+06 3.5712e+01 -3.0420e+03 1.0943e+02 2.9451e+01 3.3224e+03
-5.1501e+06 3.5089e+01 -3.0319e+03 1.1911e+02 2.8546e+03 3.7437e+01
-3.2793e+06 3.3862e+01 -3.0216e+03 1.2891e+02 1.3701e+04 -1.2257e+04
-5.6741e+06 3.2153e+01 -3.0852e+03 8.7630e+01 3.3319e+04 -3.5527e+04
-6.7312e+06 3.0313e+01 -3.4723e+03 -1.7689e+02 5.2269e+04 -5.7478e+04
-1.2996e+06 2.8502e+01 -3.8496e+03 -4.3336e+02 6.7598e+04 -5.5647e+04
-4.6024e+05 2.6870e+01 -4.0835e+03 -5.9084e+02 8.3384e+04 -2.6498e+04
7.3322e+04 2.5808e+01 -4.0565e+03 -5.6975e+02 9.2502e+04 -6.2950e+03
6.9145e+05 2.5418e+01 -4.0294e+03 -5.4844e+02 9.3391e+04 -5.6770e+03
-1.3064e+06 2.4776e+01 -4.0022e+03 -5.2691e+02 9.3194e+04 -5.2811e+03
-4.0457e+05 2.3879e+01 -3.9748e+03 -5.0517e+02 9.0332e+04 7.5431e+03
-1.4994e+06 2.4206e+01 -3.8332e+03 -4.0476e+02 8.2279e+04 3.7576e+04
-4.3684e+06 2.5739e+01 -3.4345e+03 -1.2741e+02 6.7553e+04 5.4832e+04
-3.1283e+06 2.7676e+01 -3.0091e+03 1.7115e+02 4.2386e+04 4.1359e+04
4.7410e+05 2.9606e+01 -2.8961e+03 2.5338e+02 1.5549e+04 1.7340e+04
-2.5999e+06 3.1014e+01 -2.8855e+03 2.6419e+02 2.1996e+03 5.2032e+03
-2.9004e+06 3.1053e+01 -2.8748e+03 2.7504e+02 8.9538e+01 4.0245e+03
-2.7761e+06 2.9523e+01 -2.8642e+03 2.8593e+02 1.2424e+01 4.0292e+03
-2.1668e+06 2.7661e+01 -2.8535e+03 2.9687e+02 2.2008e+01 4.0450e+03
-1.0649e+06 2.6453e+01 -2.8429e+03 3.0783e+02 9.9992e+01 4.0671e+03
-1.3196e+06 2.6097e+01 -2.8322e+03 3.1883e+02 5.0979e+01 4.0961e+03
-6.3338e+05 2.6153e+01 -2.8215e+03 3.2985e+02 1.3624e+00 4.1142e+03
-1.9032e+06 2.9495e+01 -3.1599e+03 2.0346e+01 -6.0803e+01 3.0411e+03
-2.6079e+06 3.3529e+01 -3.1504e+03 2.8446e+01 -9.2115e+01 3.0709e+03
-2.6473e+06 3.5971e+01 -3.1409e+03 3.6717e+01 -1.5563e+01 3.1188e+03
-2.7222e+06 3.6364e+01 -3.1313e+03 4.5153e+01 4.0095e+01 3.1575e+03
-3.4241e+06 3.6285e+01 -3.1216e+03 5.3750e+01 8.7505e+00 3.1929e+03
-4.3187e+06 3.6299e+01 -3.1119e+03 6.2501e+01 -2.7013e+01 3.2296e+03
-5.1682e+06 3.6296e+01 -3.1021e+03 7.1402e+01 -5.6946e+01 3.2665e+03
-5.4749e+06 3.6277e+01 -3.0922e+03 8.0447e+01 -4.0216e+01 3.3011e+03
-5.1836e+06 3.6239e+01 -3.0823e+03 8.9630e+01 1.2136e+01 3.3372e+03
-4.8246e+06 3.6179e+01 -3.0724e+03 9.8947e+01 6.5477e+01 3.3715e+03
-5.6409e+06 3.6096e+01 -3.0623e+03 1.0839e+02 1.0073e+02 3.3948e+03
-5.1076e+06 3.5981e+01 -3.0522e+03 1.1796e+02 1.0642e+02 3.4314e+03
-7.6299e+06 3.5758e+01 -3.0421e+03 1.2764e+02 -2.4927e+00 3.3830e+03
-6.6043e+06 3.5196e+01 -3.0319e+03 1.3744e+02 1.7261e+03 1.5422e+03
-4.1300e+06 3.4050e+01 -3.0217e+03 1.4735e+02 1.0787e+04 -7.6979e+03
-4.3822e+06 3.2277e+01 -3.0115e+03 1.5735e+02 2.9719e+04 -2.9765e+04
-6.2828e+06 3.0199e+01 -3.3586e+03 -8.3312e+01 5.4734e+04 -3.5513e+04
-6.8321e+06 2.8484e+01 -3.4967e+03 -1.7759e+02 7.4993e+04 -1.5559e+04
-6.2621e+06 2.7667e+01 -3.4687e+03 -1.5525e+02 8.1735e+04 -4.1050e+03
-7.0148e+06 2.7241e+01 -3.4407e+03 -1.3276e+02 8.0901e+04 -3.6170e+03
-7.7161e+06 2.5897e+01 -3.4126e+03 -1.1012e+02 7.9702e+04 -3.3045e+03
-7.9035e+06 2.4547e+01 -3.3845e+03 -8.7362e+01 7.7141e+04 1.0721e+03
-8.4692e+06 2.5055e+01 -3.3301e+03 -4.6116e+01 6.7918e+04 2.0269e+04
-6.0863e+06 2.7053e+01 -3.0466e+03 1.5683e+02 4.5698e+04 3.1929e+04
-1.2822e+06 2.9411e+01 -2.9176e+03 2.5118e+02 1.8847e+04 1.8518e+04
-2.3682e+06 3.0953e+01 -2.9070e+03 2.6194e+02 3.7931e+03 6.2979e+03
-2.0764e+06 3.1589e+01 -2.8964e+03 2.7275e+02 3.6263e+02 4.0073e+03
-2.9597e+06 3.1641e+01 -2.8858e+03 2.8361e+02 4.7137e+01 3.9690e+03
-2.5138e+06 3.0992e+01 -2.8752e+03 2.9451e+02 -1.5968e+01 3.9798e+03
-1.3655e+06 2.9332e+01 -2.8646e+03 3.0544e+02 3.9734e+01 4.0058e+03
-8.3484e+04 2.7107e+01 -2.8540e+03 3.1641e+02 9.7924e+01 4.0301e+03
1.2140e+06 2.6124e+01 -2.8433e+03 3.2741e+02 7.7469e+01 4.0600e+03
1.1651e+06 2.6174e+01 -2.8326e+03 3.3843e+02 4.1371e+01 4.0780e+03
-5.3491e+05 2.6819e+01 -3.1692e+03 2.8705e+01 -8.0058e+00 3.0012e+03
-1.3380e+06 2.9510e+01 -3.1598e+03 3.6804e+01 -3.6643e+01 3.0326e+03
-1.6118e+06 3.3477e+01 -3.1504e+03 4.5075e+01 2.9550e+01 3.0817e+03
-2.0921e+06 3.5894e+01 -3.1409e+03 5.3511e+01 3.9617e+01 3.1181e+03
-3.0492e+06 3.6324e+01 -3.1313e+03 6.2108e+01 -2.0302e+01 3.1548e+03
-3.5279e+06 3.6300e+01 -3.1216e+03 7.0860e+01 -2.8919e+01 3.1918e+03
-3.7900e+06 3.6343e+01 -3.1119e+03 7.9761e+01 -5.4598e+00 3.2295e+03
-3.9889e+06 3.6327e+01 -3.1021e+03 8.8807e+01 1.9135e+00 3.2671e+03
-4.6461e+06 3.6285e+01 -3.0923e+03 9.7992e+01 -1.3658e+01 3.3027e+03
-5.0912e+06 3.6247e+01 -3.0824e+03 1.0731e+02 -2.3783e+00 3.3374e+03
-5.1373e+06 3.6199e+01 -3.0724e+03 1.1676e+02 -1.4434e+00 3.3716e+03
-6.1251e+06 3.6123e+01 -3.0624e+03 1.2633e+02 2.7446e+01 3.3974e+03
-5.5259e+06 3.6006e+01 -3.0523e+03 1.3601e+02 9.1658e+01 3.4194e+03
-6.3993e+06 3.5814e+01 -3.0422e+03 1.4581e+02 6.6001e+01 3.4573e+03
-7.1589e+06 3.5369e+01 -3.0321e+03 1.5572e+02 5.6483e+02 3.1289e+03
-3.4421e+06 3.4403e+01 -3.0219e+03 1.6573e+02 6.8318e+03 -4.5311e+03
-3.7960e+06 3.3020e+01 -3.0116e+03 1.7583e+02 2.1989e+04 -9.0458e+03
-5.4024e+06 3.1930e+01 -3.0013e+03 1.8603e+02 3.5073e+04 -3.0772e+03
-4.2388e+06 3.0917e+01 -2.9910e+03 1.9632e+02 3.8239e+04 2.2480e+02
-4.5493e+06 2.8488e+01 -2.9807e+03 2.0668e+02 3.7221e+04 5.2496e+02
-4.0349e+06 2.4791e+01 -2.9703e+03 2.1713e+02 3.6144e+04 7.8981e+02
-3.6374e+06 2.2650e+01 -2.9599e+03 2.2765e+02 3.4507e+04 1.8107e+03
-3.8290e+06 2.3185e+01 -2.9494e+03 2.3823e+02 2.8256e+04 7.8515e+03
-3.2443e+06 2.5779e+01 -2.9389e+03 2.4888e+02 1.5304e+04 1.0894e+04
-3.8951e+06 2.9534e+01 -2.9284e+03 2.5959e+02 4.0832e+03 6.3957e+03
-3.4827e+06 3.1614e+01 -2.9179e+03 2.7035e+02 4.3409e+02 3.9855e+03
-3.1582e+06 3.1894e+01 -2.9074e+03 2.8116e+02 9.6399e+01 3.9136e+03
-2.2782e+06 3.2105e+01 -2.8968e+03 2.9202e+02 1.0357e+01 3.9217e+03
-1.3375e+06 3.1414e+01 -2.8862e+03 3.0292e+02 3.1230e+01 3.9430e+03
-7.1601e+05 2.9072e+01 -2.8756e+03 3.1386e+02 5.5999e+01 3.9709e+03
-1.3482e+05 2.6835e+01 -2.8650e+03 3.2483e+02 6.4869e+01 3.9962e+03
-5.8841e+05 2.6160e+01 -2.8544e+03 3.3584e+02 1.6665e+01 4.0268e+03
-1.0503e+04 2.6187e+01 -2.8438e+03 3.4686e+02 2.0994e+00 4.0413e+03
1.3818e+05 2.6207e+01 -3.1785e+03 3.6895e+01 4.9287e+00 2.9635e+03
2.1258e+05 2.6815e+01 -3.1692e+03 4.4993e+01 3.2274e+01 2.9903e+03
4.8862e+05 2.9486e+01 -3.1598e+03 5.3263e+01 1.0144e+02 3.0278e+03
1.8604e+05 3.2893e+01 -3.1504e+03 6.1699e+01 1.1711e+02 3.0678e+03
-8.6624e+05 3.4110e+01 -3.1409e+03 7.0297e+01 6.3531e+01 3.1059e+03
-2.1976e+06 3.3917e+01 -3.1313e+03 7.9049e+01 1.2953e+01 3.1430e+03
-3.4402e+06 3.4272e+01 -3.1217e+03 8.7952e+01 -4.3275e+01 3.1791e+03
-4.1814e+06 3.4640e+01 -3.1119e+03 9.6999e+01 -7.1707e+01 3.2161e+03
-4.0504e+06 3.4383e+01 -3.1022e+03 1.0619e+02 -2.4542e+01 3.2531e+03
-3.9256e+06 3.4661e+01 -3.0923e+03 1.1551e+02 1.3953e+01 3.2871e+03
-4.5262e+06 3.5332e+01 -3.0825e+03 1.2495e+02 2.3238e+01 3.3214e+03
-4.3845e+06 3.5244e+01 -3.0725e+03 1.3453e+02 2.9138e+01 3.3566e+03
-5.5950e+06 3.5286e+01 -3.0625e+03 1.4422e+02 1.5322e+01 3.3847e+03
-5.7531e+06 3.5839e+01 -3.0525e+03 1.5402e+02 1.8467e+01 3.4111e+03
-5.8280e+06 3.6008e+01 -3.0424e+03 1.6393e+02 -6.7321e+01 3.4522e+03
-7.3885e+06 3.5768e+01 -3.0322e+03 1.7394e+02 7.3648e+01 3.3684e+03
-4.9398e+06 3.5530e+01 -3.0220e+03 1.8405e+02 9.7377e+02 3.2912e+03
-1.8735e+06 3.4503e+01 -3.0118e+03 1.9425e+02 1.9671e+03 3.3723e+03
-1.6348e+06 3.0847e+01 -3.0016e+03 2.0454e+02 2.3636e+03 3.4540e+03
-9.6865e+05 2.5205e+01 -2.9912e+03 2.1491e+02 2.4909e+03 3.5358e+03
-6.9956e+05 2.0577e+01 -2.9809e+03 2.2536e+02 2.5506e+03 3.6100e+03
-1.2260e+06 1.9112e+01 -2.9705e+03 2.3588e+02 2.3734e+03 3.6704e+03
-2.9245e+06 2.1036e+01 -2.9601e+03 2.4647e+02 1.7021e+03 3.7920e+03
-5.7951e+06 2.5268e+01 -2.9497e+03 2.5712e+02 7.1220e+02 3.8416e+03
-5.5107e+06 2.8907e+01 -2.9393e+03 2.6783e+02 1.3314e+02 3.8027e+03
-4.1414e+06 3.0196e+01 -2.9288e+03 2.7860e+02 7.1049e+01 3.8234e+03
-2.5719e+06 3.1173e+01 -2.9183e+03 2.8942e+02 6.3146e+01 3.8505e+03
-2.2403e+06 3.1657e+01 -2.9078e+03 3.0028e+02 1.2955e+01 3.8670e+03
-1.4129e+06 3.0032e+01 -2.8972e+03 3.1118e+02 1.0576e+01 3.8920e+03
-3.5553e+05 2.7547e+01 -2.8867e+03 3.2212e+02 4.4580e+01 3.9212e+03
4.1332e+05 2.6282e+01 -2.8761e+03 3.3310e+02 6.0063e+01 3.9459e+03
1.3981e+06 2.6184e+01 -2.8655e+03 3.4410e+02 5.0488e+01 3.9813e+03
1.3168e+06 2.6198e+01 -2.8549e+03 3.5514e+02 3.4561e+01 4.0106e+03
1.0392e+06 2.6236e+01 -3.1876e+03 4.4908e+01 1.5587e+01 2.9234e+03
7.2366e+05 2.6207e+01 -3.1785e+03 5.3006e+01 1.2721e+01 2.9621e+03
5.5016e+05 2.6846e+01 -3.1692e+03 6.1276e+01 2.2756e+01 2.9992e+03
2.1304e+05 2.8455e+01 -3.1598e+03 6.9713e+01 2.7731e+01 3.0384e+03
-2.4540e+05 2.9299e+01 -3.1504e+03 7.8311e+01 3.2678e+01 3.0764e+03
-8.6269e+05 2.9044e+01 -3.1409e+03 8.7065e+01 3.6560e+01 3.1149e+03
-1.6753e+06 2.9649e+01 -3.1313e+03 9.5969e+01 -7.4009e-01 3.1519e+03
-2.3248e+06 3.0410e+01 -3.1217e+03 1.0502e+02 -2.9654e+01 3.1901e+03
-2.6939e+06 2.9969e+01 -3.1120e+03 1.1421e+02 -2.0107e+00 3.2263e+03
-3.1740e+06 3.0542e+01 -3.1022e+03 1.2353e+02 1.8766e+01 3.2596e+03
-3.6908e+06 3.1893e+01 -3.0924e+03 1.3298e+02 -3.0227e+01 3.2961e+03
-4.7566e+06 3.1783e+01 -3.0826e+03 1.4255e+02 -6.8633e+01 3.3308e+03
-4.1694e+06 3.1973e+01 -3.0726e+03 1.5225e+02 -1.0605e+01 3.3639e+03
-4.2563e+06 3.3182e+01 -3.0626e+03 1.6205e+02 3.0033e+01 3.3947e+03
-4.7150e+06 3.3737e+01 -3.0526e+03 1.7197e+02 7.3797e+01 3.4196e+03
-4.0247e+06 3.3253e+01 -3.0425e+03 1.8198e+02 4.6869e+01 3.4791e+03
-5.8575e+06 3.2621e+01 -3.0324e+03 1.9209e+02 -2.8423e+02 3.5378e+03
-7.7733e+06 3.0553e+01 -3.0222e+03 2.0230e+02 -6.0006e+02 3.5505e+03
-7.1453e+06 2.5019e+01 -3.0120e+03 2.1259e+02 -5.7548e+02 3.5752e+03
-6.4695e+06 1.9623e+01 -3.0018e+03 2.2297e+02 -4.2649e+02 3.6184e+03
-5.8976e+06 1.7319e+01 -2.9915e+03 2.3342e+02 -3.5808e+02 3.6457e+03
-5.6890e+06 1.7727e+01 -2.9812e+03 2.4394e+02 -3.4376e+02 3.6681e+03
-5.8968e+06 2.2593e+01 -2.9708e+03 2.5454e+02 -3.0499e+02 3.6790e+03
-5.4728e+06 2.9197e+01 -2.9605e+03 2.6520e+02 -2.3174e+02 3.6851e+03
-5.1519e+06 2.9565e+01 -2.9500e+03 2.7591e+02 -1.0666e+02 3.7353e+03
-3.6435e+06 2.7007e+01 -2.9396e+03 2.8668e+02 2.3210e+01 3.7928e+03
-2.8347e+06 2.8929e+01 -2.9292e+03 2.9750e+02 4.8404e+01 3.8172e+03
-1.6313e+06 3.0312e+01 -2.9187e+03 3.0837e+02 2.1397e+01 3.8379e+03
-7.1822e+05 2.8173e+01 -2.9082e+03 3.1928e+02 2.2797e+01 3.8677e+03
-6.9988e+04 2.6492e+01 -2.8977e+03 3.3022e+02 3.6565e+01 3.8962e+03
2.9502e+05 2.6174e+01 -2.8871e+03 3.4120e+02 3.4205e+01 3.9233e+03
7.3381e+03 2.6192e+01 -2.8766e+03 3.5221e+02 1.1018e+01 3.9471e+03
4.0583e+05 2.6205e+01 -2.8660e+03 3.6325e+02 2.6749e+00 3.9717e+03
