  1    1089
1.2152e+06 2.6242e+01 -2.5062e+03 8.7048e+02 6.8009e+00 4.5875e+03
1.1496e+06 2.6243e+01 -2.4919e+03 8.8984e+02 7.3401e+00 4.6036e+03
1.2299e+06 2.6245e+01 -2.4773e+03 9.0940e+02 2.2160e+00 4.6179e+03
1.1046e+06 2.6246e+01 -2.4625e+03 9.2915e+02 3.1907e+00 4.6350e+03
1.1717e+06 2.6246e+01 -2.4475e+03 9.4908e+02 2.1138e+00 4.6503e+03
1.0178e+06 2.6247e+01 -2.4322e+03 9.6920e+02 -3.1568e+00 4.6659e+03
1.1262e+06 2.6246e+01 -2.4167e+03 9.8951e+02 7.3680e-01 4.6811e+03
9.5603e+05 2.6246e+01 -2.4010e+03 1.0100e+03 -1.6315e+00 4.6956e+03
1.0638e+06 2.6247e+01 -2.3850e+03 1.0306e+03 -1.5671e+00 4.7104e+03
8.3160e+05 2.6247e+01 -2.3689e+03 1.0515e+03 -5.1877e+00 4.7244e+03
9.8854e+05 2.6246e+01 -2.3524e+03 1.0725e+03 2.9170e+00 4.7386e+03
7.0797e+05 2.6246e+01 -2.3357e+03 1.0936e+03 1.4378e+00 4.7520e+03
8.8532e+05 2.6248e+01 -2.3188e+03 1.1149e+03 6.1323e+00 4.7656e+03
4.9217e+05 2.6288e+01 -2.3017e+03 1.1364e+03 -1.5102e+01 4.7782e+03
8.1680e+05 2.7992e+01 -2.2842e+03 1.1580e+03 -6.7343e+00 4.7912e+03
5.9796e+05 3.1144e+01 -2.2666e+03 1.1797e+03 3.5730e+00 4.8032e+03
1.0219e+06 3.2501e+01 -2.2486e+03 1.2015e+03 1.5213e+01 4.8157e+03
4.5472e+05 3.2371e+01 -2.2304e+03 1.2235e+03 -1.0080e+01 4.8266e+03
8.5143e+05 3.2348e+01 -2.2120e+03 1.2456e+03 2.0215e+01 4.8388e+03
-9.8837e+04 3.2657e+01 -2.1933e+03 1.2679e+03 1.7331e+01 4.8489e+03
-2.8629e+05 3.4013e+01 -2.1743e+03 1.2902e+03 3.6026e+01 4.8609e+03
-2.6870e+06 3.5730e+01 -2.1551e+03 1.3126e+03 -5.7944e+01 4.8706e+03
-3.1125e+06 3.6505e+01 -2.1356e+03 1.3351e+03 -8.0212e+01 4.8827e+03
-4.6835e+06 3.6653e+01 -2.1158e+03 1.3577e+03 -6.6797e+01 4.8930e+03
-3.2479e+06 3.6935e+01 -2.0957e+03 1.3804e+03 1.0500e+01 4.8975e+03
-4.6000e+06 3.7620e+01 -2.0754e+03 1.4032e+03 -1.5655e+02 4.9060e+03
-1.7829e+06 3.7007e+01 -2.0548e+03 1.4260e+03 -8.5005e+01 4.9267e+03
-1.3165e+06 3.3731e+01 -2.0339e+03 1.4488e+03 2.4412e+02 4.9306e+03
2.1951e+06 3.0569e+01 -2.0128e+03 1.4717e+03 7.7354e+02 4.9345e+03
-6.2496e+06 2.9618e+01 -1.9913e+03 1.4947e+03 5.1601e+01 4.9185e+03
-1.3129e+07 3.0360e+01 -1.9696e+03 1.5176e+03 -1.5503e+03 4.7073e+03
-2.9955e+07 3.2357e+01 -1.9476e+03 1.5406e+03 -2.1813e+04 -6.5265e+02
-3.0776e+07 3.3796e+01 -1.9254e+03 1.5636e+03 -9.4706e+04 -2.1692e+04
1.1255e+06 2.6010e+01 -2.5204e+03 8.7983e+02 3.9974e+00 4.5489e+03
1.1708e+06 2.6244e+01 -2.5061e+03 8.9926e+02 1.9309e+00 4.5702e+03
1.1497e+06 2.6246e+01 -2.4916e+03 9.1889e+02 -2.5608e+00 4.5960e+03
1.1203e+06 2.6248e+01 -2.4769e+03 9.3871e+02 -3.5540e+00 4.6103e+03
1.0883e+06 2.6248e+01 -2.4620e+03 9.5873e+02 -5.8558e+00 4.6256e+03
1.0880e+06 2.6247e+01 -2.4468e+03 9.7893e+02 -2.0453e+00 4.6411e+03
1.1042e+06 2.6245e+01 -2.4314e+03 9.9932e+02 4.5983e+00 4.6561e+03
1.0836e+06 2.6244e+01 -2.4157e+03 1.0199e+03 6.2223e+00 4.6710e+03
1.0099e+06 2.6246e+01 -2.3999e+03 1.0406e+03 2.3274e-01 4.6854e+03
9.2977e+05 2.6247e+01 -2.3837e+03 1.0615e+03 -4.2008e+00 4.6996e+03
8.6573e+05 2.6247e+01 -2.3674e+03 1.0826e+03 -3.5210e+00 4.7134e+03
7.8855e+05 2.6248e+01 -2.3508e+03 1.1039e+03 -3.2975e+00 4.7272e+03
6.5343e+05 2.6251e+01 -2.3339e+03 1.1253e+03 -8.5223e+00 4.7404e+03
5.4835e+05 2.6344e+01 -2.3168e+03 1.1468e+03 -1.8813e+01 4.7535e+03
5.9128e+05 2.8013e+01 -2.2994e+03 1.1685e+03 -1.5196e+01 4.7660e+03
7.6305e+05 3.1026e+01 -2.2818e+03 1.1903e+03 7.2247e+00 4.7785e+03
7.5637e+05 3.2417e+01 -2.2639e+03 1.2123e+03 3.3913e+00 4.7902e+03
6.7739e+05 3.2372e+01 -2.2458e+03 1.2344e+03 -4.8104e+00 4.8019e+03
5.5243e+05 3.2371e+01 -2.2274e+03 1.2566e+03 5.1180e+00 4.8130e+03
3.0671e+05 3.2814e+01 -2.2087e+03 1.2790e+03 2.9369e+01 4.8241e+03
-5.0837e+05 3.4250e+01 -2.1897e+03 1.3014e+03 3.5132e+01 4.8338e+03
-1.9157e+06 3.5817e+01 -2.1705e+03 1.3240e+03 -1.3098e+01 4.8455e+03
-3.4422e+06 3.6459e+01 -2.1510e+03 1.3466e+03 -8.0415e+01 4.8535e+03
-4.0351e+06 3.6592e+01 -2.1313e+03 1.3693e+03 -6.6639e+01 4.8667e+03
-3.9734e+06 3.6726e+01 -2.1112e+03 1.3921e+03 3.7205e+00 4.8697e+03
-3.6256e+06 3.7213e+01 -2.0909e+03 1.4150e+03 -4.9664e+01 4.8800e+03
-3.2881e+06 3.7483e+01 -2.0703e+03 1.4379e+03 -1.5975e+02 4.8935e+03
-1.7158e+06 3.5990e+01 -2.0495e+03 1.4609e+03 -6.1242e+01 4.8983e+03
6.6390e+05 3.2881e+01 -2.0283e+03 1.4840e+03 4.5708e+02 4.9013e+03
3.9790e+05 2.9990e+01 -2.0069e+03 1.5070e+03 6.3296e+02 4.8993e+03
-3.2690e+06 2.9019e+01 -1.9851e+03 1.5301e+03 5.3827e+02 4.9355e+03
-1.5638e+07 3.0152e+01 -1.9631e+03 1.5533e+03 -2.4005e+03 4.7132e+03
-2.6029e+07 3.2091e+01 -1.9408e+03 1.5764e+03 -2.5608e+04 -2.7524e+03
1.0675e+06 2.5697e+01 -2.5347e+03 8.8894e+02 1.3537e+00 4.5120e+03
1.2579e+06 2.6244e+01 -2.5205e+03 9.0844e+02 -2.6438e+00 4.5200e+03
1.0583e+06 2.6245e+01 -2.5061e+03 9.2814e+02 -5.2205e+00 4.5407e+03
1.2149e+06 2.6247e+01 -2.4914e+03 9.4804e+02 -2.1736e+00 4.5565e+03
9.9210e+05 2.6247e+01 -2.4766e+03 9.6813e+02 -7.7458e+00 4.5714e+03
1.2253e+06 2.6246e+01 -2.4615e+03 9.8841e+02 -1.5485e-01 4.5871e+03
9.7817e+05 2.6244e+01 -2.4461e+03 1.0089e+03 -2.2104e-01 4.6016e+03
1.2485e+06 2.6243e+01 -2.4306e+03 1.0295e+03 9.6268e+00 4.6167e+03
8.6824e+05 2.6244e+01 -2.4148e+03 1.0504e+03 -6.1887e-01 4.6306e+03
1.1416e+06 2.6246e+01 -2.3987e+03 1.0714e+03 3.8975e+00 4.6453e+03
6.6374e+05 2.6246e+01 -2.3824e+03 1.0925e+03 -7.0376e+00 4.6584e+03
1.0302e+06 2.6248e+01 -2.3659e+03 1.1139e+03 3.5518e+00 4.6726e+03
4.2451e+05 2.6251e+01 -2.3491e+03 1.1354e+03 -1.7105e+01 4.6850e+03
9.4071e+05 2.6547e+01 -2.3320e+03 1.1570e+03 -4.6811e+00 4.6986e+03
3.1668e+05 2.8384e+01 -2.3147e+03 1.1788e+03 -1.9760e+01 4.7102e+03
1.1849e+06 3.1163e+01 -2.2971e+03 1.2007e+03 2.2243e+01 4.7237e+03
3.0660e+05 3.2382e+01 -2.2793e+03 1.2228e+03 -1.2429e+01 4.7341e+03
1.2594e+06 3.2368e+01 -2.2612e+03 1.2450e+03 2.5491e+01 4.7472e+03
-1.7800e+04 3.2366e+01 -2.2428e+03 1.2674e+03 -1.1906e+01 4.7564e+03
1.1294e+06 3.3164e+01 -2.2242e+03 1.2898e+03 6.5929e+01 4.7695e+03
-1.1741e+06 3.4939e+01 -2.2053e+03 1.3124e+03 1.3720e+01 4.7767e+03
-6.9494e+05 3.6148e+01 -2.1861e+03 1.3350e+03 4.1568e+01 4.7911e+03
-4.4742e+06 3.6418e+01 -2.1667e+03 1.3578e+03 -1.0279e+02 4.7950e+03
-2.7074e+06 3.6536e+01 -2.1469e+03 1.3806e+03 -3.9701e+01 4.8110e+03
-5.7486e+06 3.6643e+01 -2.1269e+03 1.4036e+03 -7.2217e+01 4.8125e+03
-1.8044e+06 3.6875e+01 -2.1066e+03 1.4266e+03 5.4302e+01 4.8268e+03
-5.4961e+06 3.7265e+01 -2.0860e+03 1.4496e+03 -1.4331e+02 4.8249e+03
-1.5952e+05 3.7325e+01 -2.0652e+03 1.4727e+03 -1.0396e+02 4.8400e+03
-3.7592e+06 3.5865e+01 -2.0440e+03 1.4959e+03 -4.3188e+01 4.8339e+03
3.7762e+06 3.2494e+01 -2.0225e+03 1.5191e+03 4.6820e+02 4.8558e+03
-3.8536e+06 2.9459e+01 -2.0008e+03 1.5424e+03 5.2266e+02 4.8604e+03
1.3939e+06 2.8780e+01 -1.9788e+03 1.5656e+03 4.7794e+02 4.8429e+03
-1.7574e+07 2.9860e+01 -1.9565e+03 1.5889e+03 -1.8083e+03 4.6074e+03
1.0541e+06 2.5911e+01 -2.5490e+03 8.9779e+02 1.2332e+01 4.4701e+03
1.3309e+06 2.6238e+01 -2.5349e+03 9.1736e+02 2.6375e+00 4.4813e+03
1.0137e+06 2.6243e+01 -2.5205e+03 9.3713e+02 -9.7387e-01 4.5027e+03
1.3321e+06 2.6245e+01 -2.5060e+03 9.5710e+02 6.8460e+00 4.5181e+03
9.6480e+05 2.6245e+01 -2.4912e+03 9.7726e+02 1.5957e+00 4.5332e+03
1.3375e+06 2.6245e+01 -2.4762e+03 9.9762e+02 4.9038e+00 4.5487e+03
8.6893e+05 2.6245e+01 -2.4609e+03 1.0182e+03 -5.2505e+00 4.5631e+03
1.3465e+06 2.6245e+01 -2.4455e+03 1.0389e+03 6.5617e+00 4.5781e+03
7.5082e+05 2.6245e+01 -2.4297e+03 1.0598e+03 -2.2747e+00 4.5920e+03
1.2916e+06 2.6246e+01 -2.4138e+03 1.0809e+03 5.6342e+00 4.6067e+03
5.4348e+05 2.6245e+01 -2.3975e+03 1.1022e+03 -6.1745e+00 4.6196e+03
1.2736e+06 2.6245e+01 -2.3810e+03 1.1236e+03 1.6003e+01 4.6339e+03
2.8726e+05 2.6248e+01 -2.3643e+03 1.1452e+03 -8.7968e+00 4.6461e+03
1.2077e+06 2.6833e+01 -2.3473e+03 1.1669e+03 9.2690e+00 4.6598e+03
1.0586e+05 2.8946e+01 -2.3301e+03 1.1888e+03 -1.5226e+01 4.6711e+03
1.4808e+06 3.1426e+01 -2.3126e+03 1.2109e+03 2.9348e+01 4.6848e+03
-3.8090e+04 3.2370e+01 -2.2948e+03 1.2330e+03 -1.8643e+01 4.6948e+03
1.6736e+06 3.2367e+01 -2.2767e+03 1.2554e+03 3.8468e+01 4.7084e+03
-4.2761e+05 3.2355e+01 -2.2584e+03 1.2778e+03 -1.9162e+01 4.7171e+03
1.7403e+06 3.3227e+01 -2.2398e+03 1.3004e+03 8.1152e+01 4.7305e+03
-1.7663e+06 3.5092e+01 -2.2210e+03 1.3230e+03 2.1138e+00 4.7384e+03
9.6964e+04 3.6221e+01 -2.2018e+03 1.3458e+03 5.9440e+01 4.7527e+03
-5.3578e+06 3.6388e+01 -2.1824e+03 1.3687e+03 -1.0420e+02 4.7564e+03
-1.7533e+06 3.6483e+01 -2.1627e+03 1.3917e+03 -1.8425e+01 4.7698e+03
-7.3138e+06 3.6580e+01 -2.1427e+03 1.4147e+03 -1.2338e+02 4.7765e+03
-7.4264e+05 3.6693e+01 -2.1224e+03 1.4378e+03 5.6355e+01 4.7916e+03
-7.2173e+06 3.6887e+01 -2.1018e+03 1.4610e+03 -6.0522e+01 4.7885e+03
1.3690e+06 3.7368e+01 -2.0810e+03 1.4843e+03 1.3621e+01 4.8037e+03
-7.5384e+06 3.7529e+01 -2.0598e+03 1.5076e+03 -2.4104e+02 4.7904e+03
4.4734e+06 3.5664e+01 -2.0384e+03 1.5309e+03 1.1810e+02 4.8117e+03
-5.4726e+06 3.2162e+01 -2.0166e+03 1.5543e+03 2.1204e+02 4.8042e+03
7.6695e+06 2.9578e+01 -1.9946e+03 1.5777e+03 8.8998e+02 4.8276e+03
-1.2093e+07 2.8855e+01 -1.9723e+03 1.6011e+03 1.6680e+02 4.7968e+03
1.1631e+06 2.5597e+01 -2.5633e+03 9.0638e+02 2.1041e+01 4.4312e+03
1.2170e+06 2.6184e+01 -2.5493e+03 9.2602e+02 7.6575e+00 4.4414e+03
1.1668e+06 2.6239e+01 -2.5351e+03 9.4585e+02 4.6444e+00 4.4626e+03
1.2020e+06 2.6243e+01 -2.5206e+03 9.6589e+02 7.6626e+00 4.4777e+03
1.1408e+06 2.6245e+01 -2.5059e+03 9.8613e+02 4.0282e+00 4.4930e+03
1.1613e+06 2.6246e+01 -2.4910e+03 1.0066e+03 2.9542e+00 4.5081e+03
1.0728e+06 2.6246e+01 -2.4758e+03 1.0272e+03 -2.6038e+00 4.5229e+03
1.1258e+06 2.6245e+01 -2.4604e+03 1.0480e+03 3.8272e+00 4.5375e+03
1.0164e+06 2.6245e+01 -2.4448e+03 1.0690e+03 1.9318e+00 4.5514e+03
1.0174e+06 2.6247e+01 -2.4289e+03 1.0902e+03 -1.3899e-01 4.5655e+03
8.7149e+05 2.6246e+01 -2.4127e+03 1.1115e+03 -3.9989e+00 4.5791e+03
9.5251e+05 2.6244e+01 -2.3963e+03 1.1330e+03 1.1557e+01 4.5926e+03
7.7074e+05 2.6246e+01 -2.3797e+03 1.1547e+03 3.1708e+00 4.6054e+03
8.3041e+05 2.6941e+01 -2.3627e+03 1.1766e+03 3.4282e+00 4.6183e+03
6.6184e+05 2.9157e+01 -2.3455e+03 1.1985e+03 -4.5025e+00 4.6304e+03
8.7561e+05 3.1524e+01 -2.3281e+03 1.2207e+03 1.4214e+01 4.6429e+03
6.2004e+05 3.2366e+01 -2.3104e+03 1.2430e+03 -6.6531e+00 4.6542e+03
8.4334e+05 3.2367e+01 -2.2924e+03 1.2654e+03 1.1438e+01 4.6663e+03
4.8805e+05 3.2605e+01 -2.2741e+03 1.2879e+03 -4.0451e-01 4.6765e+03
6.9723e+05 3.3816e+01 -2.2556e+03 1.3106e+03 5.9691e+01 4.6875e+03
-5.3481e+05 3.5527e+01 -2.2368e+03 1.3334e+03 2.8465e+01 4.6981e+03
-1.5404e+06 3.6310e+01 -2.2177e+03 1.3563e+03 1.2179e+01 4.7087e+03
-3.7260e+06 3.6372e+01 -2.1983e+03 1.3793e+03 -6.4503e+01 4.7169e+03
-3.8788e+06 3.6435e+01 -2.1786e+03 1.4024e+03 -3.5879e+01 4.7258e+03
-5.2268e+06 3.6510e+01 -2.1586e+03 1.4255e+03 -9.2242e+01 4.7368e+03
-4.0271e+06 3.6590e+01 -2.1384e+03 1.4488e+03 -3.0582e+01 4.7447e+03
-4.6417e+06 3.6661e+01 -2.1178e+03 1.4721e+03 -7.1904e+00 4.7547e+03
-2.5801e+06 3.6892e+01 -2.0970e+03 1.4955e+03 6.5800e+01 4.7629e+03
-4.0101e+06 3.7456e+01 -2.0758e+03 1.5189e+03 -1.0689e+02 4.7607e+03
-2.1269e+06 3.7391e+01 -2.0544e+03 1.5424e+03 -1.7683e+02 4.7669e+03
-3.2361e+06 3.5737e+01 -2.0326e+03 1.5659e+03 -1.3702e+02 4.7649e+03
2.0237e+06 3.3164e+01 -2.0106e+03 1.5895e+03 3.9893e+02 4.7814e+03
-6.4795e+05 3.0666e+01 -1.9882e+03 1.6130e+03 4.4359e+02 4.7748e+03
9.8511e+05 2.2864e+01 -2.5777e+03 9.1471e+02 5.4060e+00 4.3904e+03
1.0777e+06 2.4989e+01 -2.5638e+03 9.3440e+02 3.6728e+00 4.4006e+03
1.1619e+06 2.5960e+01 -2.5496e+03 9.5431e+02 6.1999e+00 4.4222e+03
1.1411e+06 2.6242e+01 -2.5353e+03 9.7442e+02 2.5712e+00 4.4372e+03
1.1472e+06 2.6247e+01 -2.5207e+03 9.9472e+02 -2.2246e+00 4.4524e+03
1.0953e+06 2.6247e+01 -2.5058e+03 1.0152e+03 -2.2814e+00 4.4671e+03
1.1369e+06 2.6246e+01 -2.4908e+03 1.0359e+03 1.7895e+00 4.4819e+03
1.0830e+06 2.6245e+01 -2.4754e+03 1.0568e+03 3.4645e+00 4.4963e+03
1.0844e+06 2.6245e+01 -2.4599e+03 1.0779e+03 3.9677e+00 4.5105e+03
9.6112e+05 2.6246e+01 -2.4441e+03 1.0991e+03 -1.1275e+00 4.5243e+03
9.6581e+05 2.6246e+01 -2.4280e+03 1.1206e+03 2.6580e-01 4.5379e+03
8.5205e+05 2.6245e+01 -2.4117e+03 1.1422e+03 3.9684e+00 4.5510e+03
8.2734e+05 2.6248e+01 -2.3951e+03 1.1639e+03 3.6169e+00 4.5641e+03
6.4269e+05 2.6798e+01 -2.3782e+03 1.1859e+03 -5.9344e+00 4.5767e+03
7.4701e+05 2.8870e+01 -2.3611e+03 1.2080e+03 3.9783e-01 4.5891e+03
6.5585e+05 3.1380e+01 -2.3437e+03 1.2302e+03 1.6132e+00 4.6008e+03
7.5404e+05 3.2368e+01 -2.3261e+03 1.2526e+03 -9.1978e-01 4.6128e+03
5.5207e+05 3.2465e+01 -2.3081e+03 1.2751e+03 -1.2398e+01 4.6239e+03
7.9047e+05 3.3310e+01 -2.2899e+03 1.2978e+03 1.8651e+01 4.6349e+03
4.0871e+05 3.4976e+01 -2.2714e+03 1.3205e+03 5.0149e+01 4.6453e+03
-2.2773e+05 3.6125e+01 -2.2527e+03 1.3434e+03 4.8158e+01 4.6563e+03
-2.1827e+06 3.6352e+01 -2.2336e+03 1.3665e+03 -2.5131e+01 4.6649e+03
-3.2867e+06 3.6365e+01 -2.2143e+03 1.3896e+03 -4.0996e+01 4.6749e+03
-4.7006e+06 3.6402e+01 -2.1946e+03 1.4128e+03 -5.5359e+01 4.6841e+03
-4.6326e+06 3.6446e+01 -2.1747e+03 1.4361e+03 -5.6168e+01 4.6942e+03
-5.4432e+06 3.6510e+01 -2.1545e+03 1.4594e+03 -8.5669e+01 4.6998e+03
-4.3121e+06 3.6586e+01 -2.1339e+03 1.4829e+03 -3.8419e+01 4.7100e+03
-4.7182e+06 3.6683e+01 -2.1131e+03 1.5064e+03 2.1848e+00 4.7177e+03
-3.1972e+06 3.6986e+01 -2.0920e+03 1.5300e+03 1.7717e+01 4.7301e+03
-4.0158e+06 3.7404e+01 -2.0705e+03 1.5536e+03 -9.2988e+01 4.7316e+03
-1.5505e+06 3.7519e+01 -2.0488e+03 1.5772e+03 -1.3038e+02 4.7334e+03
-3.0640e+06 3.6820e+01 -2.0267e+03 1.6009e+03 -1.3076e+02 4.7353e+03
8.4186e+05 3.4802e+01 -2.0043e+03 1.6246e+03 2.1711e+02 4.7361e+03
7.2540e+05 1.9442e+01 -2.5921e+03 9.2276e+02 -2.3084e+01 4.3494e+03
9.3310e+05 2.2878e+01 -2.5783e+03 9.4252e+02 -1.2926e+01 4.3596e+03
1.1287e+06 2.5468e+01 -2.5642e+03 9.6248e+02 4.5926e+00 4.3812e+03
1.1480e+06 2.6239e+01 -2.5500e+03 9.8265e+02 2.4640e+00 4.3960e+03
1.1305e+06 2.6246e+01 -2.5355e+03 1.0030e+03 -5.2797e+00 4.4110e+03
1.1048e+06 2.6247e+01 -2.5207e+03 1.0236e+03 -2.8487e+00 4.4257e+03
1.1367e+06 2.6245e+01 -2.5057e+03 1.0444e+03 3.2845e+00 4.4405e+03
1.0935e+06 2.6245e+01 -2.4905e+03 1.0653e+03 2.3662e+00 4.4547e+03
1.0728e+06 2.6245e+01 -2.4750e+03 1.0865e+03 2.0109e+00 4.4688e+03
9.9014e+05 2.6245e+01 -2.4593e+03 1.1078e+03 1.8305e+00 4.4825e+03
9.5028e+05 2.6245e+01 -2.4433e+03 1.1293e+03 2.9522e+00 4.4960e+03
8.3173e+05 2.6246e+01 -2.4271e+03 1.1510e+03 9.4382e-01 4.5092e+03
7.7133e+05 2.6250e+01 -2.4106e+03 1.1729e+03 -2.1553e+00 4.5220e+03
6.5310e+05 2.6522e+01 -2.3938e+03 1.1949e+03 -7.8977e+00 4.5347e+03
6.8559e+05 2.8330e+01 -2.3768e+03 1.2171e+03 -1.9966e+00 4.5470e+03
6.6891e+05 3.1126e+01 -2.3595e+03 1.2394e+03 3.4100e+00 4.5587e+03
6.9838e+05 3.2379e+01 -2.3419e+03 1.2619e+03 2.6502e-01 4.5705e+03
6.1794e+05 3.2572e+01 -2.3240e+03 1.2845e+03 -9.3377e+00 4.5814e+03
7.5429e+05 3.3757e+01 -2.3059e+03 1.3073e+03 2.4357e+01 4.5924e+03
4.7964e+05 3.5521e+01 -2.2874e+03 1.3302e+03 5.5668e+01 4.6032e+03
-3.9733e+05 3.6301e+01 -2.2687e+03 1.3532e+03 4.1117e+01 4.6134e+03
-2.1048e+06 3.6322e+01 -2.2497e+03 1.3763e+03 -2.1527e+01 4.6227e+03
-3.4407e+06 3.6354e+01 -2.2304e+03 1.3995e+03 -3.7326e+01 4.6323e+03
-4.5619e+06 3.6377e+01 -2.2108e+03 1.4229e+03 -5.1100e+01 4.6423e+03
-4.9375e+06 3.6399e+01 -2.1909e+03 1.4463e+03 -4.6294e+01 4.6509e+03
-5.3988e+06 3.6436e+01 -2.1707e+03 1.4698e+03 -7.3371e+01 4.6586e+03
-5.1397e+06 3.6506e+01 -2.1502e+03 1.4934e+03 -7.0112e+01 4.6662e+03
-5.0899e+06 3.6599e+01 -2.1294e+03 1.5170e+03 -6.7263e+01 4.6723e+03
-4.1657e+06 3.6717e+01 -2.1082e+03 1.5407e+03 -1.6324e+01 4.6825e+03
-3.7364e+06 3.6880e+01 -2.0868e+03 1.5644e+03 -7.9590e-02 4.6929e+03
-2.7091e+06 3.7192e+01 -2.0651e+03 1.5882e+03 6.1082e+00 4.6967e+03
-1.9432e+06 3.7599e+01 -2.0430e+03 1.6121e+03 -1.0659e+02 4.7011e+03
-1.3581e+06 3.7479e+01 -2.0206e+03 1.6359e+03 -1.5017e+02 4.7023e+03
6.5231e+05 1.8719e+01 -2.6065e+03 9.3052e+02 -3.2893e+01 4.3085e+03
9.2110e+05 2.2616e+01 -2.5928e+03 9.5034e+02 -1.6067e+01 4.3183e+03
1.1692e+06 2.5532e+01 -2.5789e+03 9.7036e+02 9.9850e+00 4.3394e+03
1.1963e+06 2.6236e+01 -2.5647e+03 9.9060e+02 8.1750e+00 4.3542e+03
1.1529e+06 2.6244e+01 -2.5503e+03 1.0110e+03 -2.9408e+00 4.3692e+03
1.1196e+06 2.6245e+01 -2.5357e+03 1.0317e+03 -7.5150e-01 4.3839e+03
1.1365e+06 2.6244e+01 -2.5208e+03 1.0525e+03 3.3405e+00 4.3986e+03
1.0918e+06 2.6244e+01 -2.5057e+03 1.0735e+03 2.4450e+00 4.4126e+03
1.0725e+06 2.6244e+01 -2.4903e+03 1.0948e+03 3.4070e+00 4.4267e+03
9.8942e+05 2.6244e+01 -2.4746e+03 1.1162e+03 2.1836e+00 4.4402e+03
9.3267e+05 2.6245e+01 -2.4587e+03 1.1378e+03 1.2614e+00 4.4537e+03
7.9168e+05 2.6247e+01 -2.4426e+03 1.1595e+03 -3.8962e+00 4.4669e+03
7.1399e+05 2.6250e+01 -2.4262e+03 1.1815e+03 -4.5846e+00 4.4795e+03
5.9328e+05 2.6308e+01 -2.4095e+03 1.2036e+03 -6.9047e+00 4.4921e+03
6.2386e+05 2.7917e+01 -2.3925e+03 1.2259e+03 -6.7654e+00 4.5042e+03
6.2529e+05 3.0934e+01 -2.3753e+03 1.2483e+03 7.1495e-01 4.5159e+03
7.0559e+05 3.2388e+01 -2.3578e+03 1.2709e+03 3.7587e+00 4.5277e+03
6.4337e+05 3.2640e+01 -2.3400e+03 1.2936e+03 6.8127e-01 4.5387e+03
7.7829e+05 3.3878e+01 -2.3219e+03 1.3165e+03 3.1248e+01 4.5495e+03
3.9792e+05 3.5559e+01 -2.3035e+03 1.3395e+03 5.1174e+01 4.5600e+03
-4.8715e+05 3.6287e+01 -2.2848e+03 1.3626e+03 2.8371e+01 4.5702e+03
-2.0977e+06 3.6317e+01 -2.2659e+03 1.3858e+03 -1.9054e+01 4.5800e+03
-3.2810e+06 3.6338e+01 -2.2466e+03 1.4092e+03 -2.6654e+01 4.5895e+03
-4.4286e+06 3.6354e+01 -2.2271e+03 1.4326e+03 -3.6819e+01 4.5986e+03
-4.7350e+06 3.6391e+01 -2.2072e+03 1.4561e+03 -2.6189e+01 4.6074e+03
-5.3920e+06 3.6199e+01 -2.1870e+03 1.4798e+03 -3.8505e+01 4.6153e+03
-5.1451e+06 3.5957e+01 -2.1666e+03 1.5035e+03 -4.0133e+01 4.6238e+03
-5.4702e+06 3.6223e+01 -2.1458e+03 1.5272e+03 -7.0918e+01 4.6296e+03
-4.5685e+06 3.6524e+01 -2.1247e+03 1.5511e+03 -7.3657e+01 4.6360e+03
-4.1637e+06 3.6538e+01 -2.1033e+03 1.5750e+03 -3.5524e+01 4.6431e+03
-1.8440e+06 3.6614e+01 -2.0815e+03 1.5989e+03 7.0691e+01 4.6486e+03
-2.3138e+06 3.6862e+01 -2.0595e+03 1.6228e+03 5.7007e+01 4.6593e+03
-9.0702e+05 3.7317e+01 -2.0371e+03 1.6468e+03 -6.4230e+01 4.6660e+03
8.6592e+05 2.1284e+01 -2.6210e+03 9.3800e+02 -1.3086e+01 4.2664e+03
1.0893e+06 2.4339e+01 -2.6074e+03 9.5786e+02 5.8774e-01 4.2762e+03
1.2432e+06 2.6022e+01 -2.5936e+03 9.7795e+02 1.6910e+01 4.2973e+03
1.2237e+06 2.6235e+01 -2.5795e+03 9.9824e+02 1.1815e+01 4.3120e+03
1.1718e+06 2.6242e+01 -2.5652e+03 1.0187e+03 2.3840e+00 4.3270e+03
1.1328e+06 2.6244e+01 -2.5507e+03 1.0394e+03 3.3442e+00 4.3416e+03
1.1191e+06 2.6244e+01 -2.5359e+03 1.0603e+03 2.1862e+00 4.3560e+03
1.0747e+06 2.6244e+01 -2.5209e+03 1.0814e+03 7.7822e-01 4.3701e+03
1.0587e+06 2.6244e+01 -2.5056e+03 1.1027e+03 3.3493e+00 4.3841e+03
9.8032e+05 2.6244e+01 -2.4900e+03 1.1242e+03 2.6259e+00 4.3976e+03
9.1745e+05 2.6244e+01 -2.4742e+03 1.1459e+03 3.4149e+00 4.4109e+03
7.8235e+05 2.6246e+01 -2.4582e+03 1.1678e+03 -3.2230e+00 4.4238e+03
7.2364e+05 2.6248e+01 -2.4418e+03 1.1898e+03 -3.3414e+00 4.4365e+03
6.3537e+05 2.6228e+01 -2.4252e+03 1.2120e+03 -4.0645e+00 4.4489e+03
6.2402e+05 2.7744e+01 -2.4083e+03 1.2343e+03 -7.8608e+00 4.4609e+03
6.3214e+05 3.0825e+01 -2.3912e+03 1.2569e+03 -2.5527e+00 4.4726e+03
6.8715e+05 3.2371e+01 -2.3737e+03 1.2795e+03 3.0688e+00 4.4843e+03
6.3651e+05 3.2781e+01 -2.3560e+03 1.3024e+03 4.7646e+00 4.4953e+03
6.8924e+05 3.4162e+01 -2.3380e+03 1.3253e+03 3.6129e+01 4.5061e+03
3.1888e+05 3.5703e+01 -2.3197e+03 1.3484e+03 5.1629e+01 4.5162e+03
-5.3899e+05 3.6285e+01 -2.3011e+03 1.3716e+03 3.3159e+01 4.5265e+03
-1.9820e+06 3.6308e+01 -2.2822e+03 1.3950e+03 -4.9256e+00 4.5363e+03
-3.0995e+06 3.6325e+01 -2.2630e+03 1.4184e+03 -7.2818e+00 4.5454e+03
-4.1047e+06 3.6371e+01 -2.2435e+03 1.4420e+03 -1.0464e+01 4.5539e+03
-4.5848e+06 3.6209e+01 -2.2237e+03 1.4657e+03 -4.4290e+00 4.5632e+03
-5.2308e+06 3.5271e+01 -2.2035e+03 1.4894e+03 -2.3915e+01 4.5717e+03
-5.2593e+06 3.4455e+01 -2.1831e+03 1.5132e+03 -2.6103e+01 4.5793e+03
-5.3378e+06 3.4883e+01 -2.1623e+03 1.5371e+03 -3.9729e+01 4.5863e+03
-4.6237e+06 3.5370e+01 -2.1413e+03 1.5611e+03 -5.8022e+01 4.5943e+03
-4.3194e+06 3.5344e+01 -2.1199e+03 1.5851e+03 -9.2345e+01 4.6003e+03
-2.9575e+06 3.5431e+01 -2.0981e+03 1.6092e+03 -2.4003e+01 4.6012e+03
-1.1063e+06 3.5534e+01 -2.0761e+03 1.6333e+03 9.1909e+01 4.6055e+03
-1.5663e+05 3.5658e+01 -2.0537e+03 1.6574e+03 1.0147e+02 4.6150e+03
1.1281e+06 2.4751e+01 -2.6355e+03 9.4517e+02 1.0084e+01 4.2240e+03
1.1835e+06 2.5798e+01 -2.6220e+03 9.6509e+02 5.8608e+00 4.2339e+03
1.2196e+06 2.6236e+01 -2.6083e+03 9.8522e+02 1.0618e+01 4.2549e+03
1.1704e+06 2.6238e+01 -2.5943e+03 1.0056e+03 6.2664e+00 4.2694e+03
1.1324e+06 2.6243e+01 -2.5802e+03 1.0261e+03 7.8981e-01 4.2842e+03
1.0988e+06 2.6244e+01 -2.5657e+03 1.0469e+03 2.3726e+00 4.2989e+03
1.0981e+06 2.6244e+01 -2.5510e+03 1.0679e+03 1.3689e+00 4.3131e+03
1.0588e+06 2.6244e+01 -2.5361e+03 1.0890e+03 6.9512e-01 4.3272e+03
1.0345e+06 2.6244e+01 -2.5209e+03 1.1104e+03 1.2760e+00 4.3408e+03
9.5263e+05 2.6244e+01 -2.5055e+03 1.1320e+03 1.1663e+00 4.3543e+03
9.0408e+05 2.6244e+01 -2.4898e+03 1.1537e+03 3.9053e+00 4.3676e+03
7.8901e+05 2.6245e+01 -2.4738e+03 1.1756e+03 5.6333e-01 4.3803e+03
7.2378e+05 2.6247e+01 -2.4576e+03 1.1977e+03 -1.2089e+00 4.3931e+03
6.2641e+05 2.6213e+01 -2.4410e+03 1.2200e+03 -3.5551e+00 4.4054e+03
6.5119e+05 2.7658e+01 -2.4243e+03 1.2425e+03 -3.0348e+00 4.4173e+03
6.7463e+05 3.0695e+01 -2.4072e+03 1.2651e+03 9.6256e+00 4.4289e+03
6.7258e+05 3.2313e+01 -2.3898e+03 1.2878e+03 1.0096e+01 4.4402e+03
4.9022e+05 3.2691e+01 -2.3722e+03 1.3108e+03 2.6264e+00 4.4513e+03
4.3899e+05 3.3984e+01 -2.3542e+03 1.3338e+03 2.5013e+01 4.4622e+03
1.1438e+05 3.5612e+01 -2.3360e+03 1.3570e+03 5.4047e+01 4.4721e+03
-5.9711e+05 3.6280e+01 -2.3175e+03 1.3803e+03 4.8702e+01 4.4821e+03
-1.9381e+06 3.6304e+01 -2.2986e+03 1.4038e+03 9.6046e+00 4.4917e+03
-3.0508e+06 3.6365e+01 -2.2795e+03 1.4274e+03 -7.3087e+00 4.5004e+03
-4.0357e+06 3.6224e+01 -2.2600e+03 1.4510e+03 -8.4019e+00 4.5099e+03
-4.6397e+06 3.5270e+01 -2.2403e+03 1.4748e+03 -1.6055e+01 4.5195e+03
-5.2966e+06 3.3735e+01 -2.2202e+03 1.4987e+03 -3.3289e+01 4.5275e+03
-5.2699e+06 3.2939e+01 -2.1998e+03 1.5226e+03 -3.6404e+01 4.5345e+03
-5.2879e+06 3.3164e+01 -2.1791e+03 1.5467e+03 -3.6306e+01 4.5420e+03
-4.6480e+06 3.3402e+01 -2.1580e+03 1.5708e+03 -3.8527e+01 4.5491e+03
-4.2197e+06 3.3378e+01 -2.1366e+03 1.5949e+03 -6.7751e+01 4.5567e+03
-2.6068e+06 3.3414e+01 -2.1149e+03 1.6191e+03 -6.4889e+01 4.5604e+03
-1.6987e+06 3.3487e+01 -2.0929e+03 1.6434e+03 3.0216e+01 4.5651e+03
5.7754e+05 3.3496e+01 -2.0705e+03 1.6676e+03 1.4556e+02 4.5650e+03
1.1929e+06 2.6233e+01 -2.6500e+03 9.5203e+02 8.4261e+00 4.1816e+03
1.1601e+06 2.6242e+01 -2.6367e+03 9.7200e+02 -3.7147e+00 4.1912e+03
1.1192e+06 2.6241e+01 -2.6231e+03 9.9218e+02 -6.4621e-01 4.2120e+03
1.0893e+06 2.6244e+01 -2.6092e+03 1.0126e+03 -2.0716e+00 4.2263e+03
1.0441e+06 2.6246e+01 -2.5951e+03 1.0332e+03 -5.9670e+00 4.2410e+03
1.0608e+06 2.6245e+01 -2.5808e+03 1.0540e+03 -2.4564e+00 4.2556e+03
1.0632e+06 2.6244e+01 -2.5662e+03 1.0750e+03 2.9199e+00 4.2697e+03
1.0745e+06 2.6243e+01 -2.5514e+03 1.0963e+03 5.5374e+00 4.2836e+03
1.0033e+06 2.6244e+01 -2.5363e+03 1.1177e+03 2.2731e+00 4.2972e+03
9.4430e+05 2.6245e+01 -2.5210e+03 1.1393e+03 -2.0539e+00 4.3106e+03
8.3554e+05 2.6246e+01 -2.5054e+03 1.1611e+03 -4.2253e+00 4.3237e+03
7.9610e+05 2.6246e+01 -2.4895e+03 1.1832e+03 -3.4705e+00 4.3365e+03
7.3083e+05 2.6245e+01 -2.4734e+03 1.2053e+03 1.0087e+00 4.3491e+03
7.2299e+05 2.6220e+01 -2.4570e+03 1.2277e+03 1.5332e+00 4.3611e+03
6.5817e+05 2.7240e+01 -2.4402e+03 1.2502e+03 3.0679e+00 4.3730e+03
7.2483e+05 2.9797e+01 -2.4233e+03 1.2729e+03 1.8907e+01 4.3847e+03
5.5543e+05 3.1791e+01 -2.4060e+03 1.2958e+03 2.0062e+01 4.3958e+03
2.9821e+05 3.2645e+01 -2.3884e+03 1.3188e+03 2.1741e+00 4.4070e+03
-1.2970e+05 3.4000e+01 -2.3706e+03 1.3419e+03 -2.2269e+00 4.4177e+03
-3.3188e+05 3.5629e+01 -2.3524e+03 1.3652e+03 2.8179e+01 4.4274e+03
-9.6734e+05 3.6283e+01 -2.3339e+03 1.3887e+03 3.9122e+01 4.4372e+03
-1.9530e+06 3.6304e+01 -2.3152e+03 1.4122e+03 4.0242e+00 4.4468e+03
-3.2835e+06 3.6162e+01 -2.2961e+03 1.4359e+03 -3.3205e+01 4.4560e+03
-4.0878e+06 3.5277e+01 -2.2767e+03 1.4597e+03 -4.0772e+01 4.4663e+03
-4.8827e+06 3.3724e+01 -2.2570e+03 1.4836e+03 -4.1489e+01 4.4746e+03
-5.0089e+06 3.2652e+01 -2.2369e+03 1.5076e+03 -2.9957e+01 4.4819e+03
-5.2396e+06 3.2421e+01 -2.2166e+03 1.5317e+03 -2.1571e+01 4.4896e+03
-4.8427e+06 3.2447e+01 -2.1959e+03 1.5558e+03 -2.4177e+01 4.4978e+03
-4.7655e+06 3.2462e+01 -2.1749e+03 1.5800e+03 -3.2797e+01 4.5041e+03
-3.8395e+06 3.2460e+01 -2.1536e+03 1.6043e+03 -4.2461e+01 4.5117e+03
-3.3206e+06 3.2443e+01 -2.1319e+03 1.6287e+03 -5.1659e+01 4.5172e+03
-7.4320e+05 3.2437e+01 -2.1099e+03 1.6531e+03 1.5579e+01 4.5271e+03
2.7813e+05 3.2398e+01 -2.0875e+03 1.6775e+03 1.1476e+02 4.5261e+03
1.1226e+06 2.6240e+01 -2.6646e+03 9.5858e+02 -2.5972e+00 4.1382e+03
1.0702e+06 2.6245e+01 -2.6513e+03 9.7858e+02 -7.3798e+00 4.1478e+03
1.0549e+06 2.6244e+01 -2.6378e+03 9.9881e+02 -2.0396e+00 4.1686e+03
1.0244e+06 2.6245e+01 -2.6241e+03 1.0193e+03 -8.6699e-01 4.1828e+03
1.0250e+06 2.6245e+01 -2.6102e+03 1.0399e+03 -1.3856e+00 4.1973e+03
1.0200e+06 2.6244e+01 -2.5960e+03 1.0608e+03 1.0672e+00 4.2117e+03
1.0435e+06 2.6243e+01 -2.5815e+03 1.0819e+03 3.6101e+00 4.2256e+03
1.0337e+06 2.6243e+01 -2.5668e+03 1.1032e+03 6.5586e+00 4.2395e+03
1.0098e+06 2.6244e+01 -2.5518e+03 1.1247e+03 4.1856e+00 4.2531e+03
9.2867e+05 2.6246e+01 -2.5366e+03 1.1464e+03 -1.1555e+00 4.2664e+03
8.6435e+05 2.6247e+01 -2.5211e+03 1.1682e+03 -6.1283e+00 4.2793e+03
7.8489e+05 2.6247e+01 -2.5053e+03 1.1903e+03 -7.4295e+00 4.2920e+03
7.4660e+05 2.6246e+01 -2.4893e+03 1.2126e+03 -3.7487e+00 4.3044e+03
6.8354e+05 2.6235e+01 -2.4729e+03 1.2350e+03 1.4644e+00 4.3164e+03
6.3814e+05 2.6540e+01 -2.4563e+03 1.2576e+03 1.0284e+00 4.3284e+03
5.4028e+05 2.7914e+01 -2.4394e+03 1.2804e+03 6.3232e+00 4.3402e+03
3.8580e+05 3.0454e+01 -2.4222e+03 1.3034e+03 1.4737e+01 4.3510e+03
-5.0036e+04 3.3186e+01 -2.4048e+03 1.3265e+03 8.4218e+00 4.3619e+03
-6.7302e+05 3.5158e+01 -2.3870e+03 1.3497e+03 -2.1693e+01 4.3726e+03
-1.1084e+06 3.6086e+01 -2.3689e+03 1.3731e+03 -1.3038e+01 4.3825e+03
-1.3143e+06 3.6289e+01 -2.3505e+03 1.3966e+03 2.2404e+01 4.3921e+03
-1.9473e+06 3.6291e+01 -2.3318e+03 1.4203e+03 1.9719e+01 4.4018e+03
-3.0114e+06 3.5765e+01 -2.3128e+03 1.4441e+03 -2.2223e+01 4.4110e+03
-3.9783e+06 3.4244e+01 -2.2935e+03 1.4680e+03 -4.0523e+01 4.4205e+03
-4.5703e+06 3.2816e+01 -2.2738e+03 1.4920e+03 -3.4722e+01 4.4282e+03
-4.8091e+06 3.2391e+01 -2.2539e+03 1.5161e+03 -8.8757e+00 4.4358e+03
-4.8781e+06 3.2415e+01 -2.2336e+03 1.5403e+03 -2.6343e+00 4.4437e+03
-4.8398e+06 3.2438e+01 -2.2129e+03 1.5646e+03 -1.4042e+01 4.4517e+03
-4.6257e+06 3.2454e+01 -2.1919e+03 1.5889e+03 -3.2791e+01 4.4583e+03
-3.9297e+06 3.2451e+01 -2.1706e+03 1.6134e+03 -2.9850e+01 4.4656e+03
-2.7672e+06 3.2433e+01 -2.1490e+03 1.6378e+03 -3.0518e+01 4.4707e+03
-1.7149e+06 3.2399e+01 -2.1270e+03 1.6624e+03 -2.9907e+00 4.4824e+03
3.0008e+05 3.2350e+01 -2.1046e+03 1.6869e+03 6.1701e+01 4.4823e+03
1.0320e+06 2.6244e+01 -2.6792e+03 9.6479e+02 -4.5955e+00 4.0945e+03
1.0356e+06 2.6246e+01 -2.6660e+03 9.8484e+02 -3.9133e+00 4.1040e+03
9.9080e+05 2.6243e+01 -2.6527e+03 1.0051e+03 6.6352e-01 4.1246e+03
1.0053e+06 2.6242e+01 -2.6391e+03 1.0256e+03 5.0241e+00 4.1387e+03
9.8312e+05 2.6242e+01 -2.6252e+03 1.0463e+03 8.4786e+00 4.1532e+03
9.9029e+05 2.6243e+01 -2.6111e+03 1.0672e+03 6.3923e+00 4.1674e+03
9.4068e+05 2.6245e+01 -2.5968e+03 1.0884e+03 1.2261e+00 4.1813e+03
9.9372e+05 2.6245e+01 -2.5822e+03 1.1097e+03 2.9513e+00 4.1950e+03
9.7211e+05 2.6245e+01 -2.5673e+03 1.1313e+03 2.1450e+00 4.2084e+03
9.9615e+05 2.6246e+01 -2.5522e+03 1.1530e+03 -1.9865e+00 4.2216e+03
9.1812e+05 2.6246e+01 -2.5368e+03 1.1750e+03 -4.1823e+00 4.2345e+03
9.0388e+05 2.6246e+01 -2.5211e+03 1.1971e+03 -7.4148e+00 4.2472e+03
7.6275e+05 2.6246e+01 -2.5052e+03 1.2195e+03 -1.2484e+01 4.2594e+03
7.4282e+05 2.6245e+01 -2.4890e+03 1.2420e+03 -7.8043e+00 4.2714e+03
5.5587e+05 2.6230e+01 -2.4725e+03 1.2647e+03 -3.0812e+00 4.2833e+03
4.4228e+05 2.6515e+01 -2.4557e+03 1.2875e+03 -2.7043e+00 4.2949e+03
9.1994e+04 2.9136e+01 -2.4386e+03 1.3106e+03 7.6900e+00 4.3054e+03
-3.1668e+05 3.3699e+01 -2.4212e+03 1.3337e+03 1.5275e+01 4.3161e+03
-1.3003e+06 3.6154e+01 -2.4035e+03 1.3571e+03 -2.8000e+01 4.3269e+03
-1.7050e+06 3.6339e+01 -2.3855e+03 1.3806e+03 -3.9601e+01 4.3372e+03
-1.6580e+06 3.6289e+01 -2.3672e+03 1.4042e+03 2.2134e+01 4.3464e+03
-1.5409e+06 3.6266e+01 -2.3486e+03 1.4280e+03 6.1373e+01 4.3558e+03
-2.5545e+06 3.5664e+01 -2.3297e+03 1.4519e+03 2.3039e+01 4.3649e+03
-3.3888e+06 3.4097e+01 -2.3104e+03 1.4759e+03 -8.0975e+00 4.3741e+03
-4.4051e+06 3.2764e+01 -2.2908e+03 1.5000e+03 -2.0831e+01 4.3823e+03
-4.6049e+06 3.2402e+01 -2.2709e+03 1.5242e+03 -1.0857e+01 4.3900e+03
-5.0998e+06 3.2414e+01 -2.2506e+03 1.5485e+03 -1.2283e+01 4.3974e+03
-4.7107e+06 3.2435e+01 -2.2301e+03 1.5729e+03 -1.8429e+01 4.4052e+03
-4.8146e+06 3.2449e+01 -2.2091e+03 1.5974e+03 -3.3692e+01 4.4115e+03
-3.7643e+06 3.2443e+01 -2.1879e+03 1.6220e+03 -3.1575e+01 4.4191e+03
-3.4479e+06 3.2420e+01 -2.1662e+03 1.6466e+03 -3.0022e+01 4.4244e+03
-1.2450e+06 3.2397e+01 -2.1443e+03 1.6713e+03 -1.2162e+01 4.4353e+03
-6.1913e+05 3.2370e+01 -2.1220e+03 1.6959e+03 5.9458e+00 4.4359e+03
9.7566e+05 2.6243e+01 -2.6938e+03 9.7068e+02 -3.7854e-01 4.0505e+03
9.4434e+05 2.6243e+01 -2.6808e+03 9.9076e+02 -8.6086e-01 4.0597e+03
9.2946e+05 2.6241e+01 -2.6675e+03 1.0111e+03 1.9501e+00 4.0802e+03
9.0107e+05 2.6240e+01 -2.6540e+03 1.0316e+03 6.5885e+00 4.0942e+03
8.8667e+05 2.6242e+01 -2.6403e+03 1.0524e+03 5.3204e+00 4.1086e+03
8.2082e+05 2.6220e+01 -2.6263e+03 1.0733e+03 -1.4274e+00 4.1226e+03
8.3885e+05 2.6190e+01 -2.6121e+03 1.0945e+03 -6.1295e+00 4.1365e+03
8.9663e+05 2.6205e+01 -2.5976e+03 1.1159e+03 -3.4216e+00 4.1502e+03
1.0141e+06 2.6302e+01 -2.5829e+03 1.1375e+03 -1.3781e+00 4.1634e+03
1.0754e+06 2.6452e+01 -2.5679e+03 1.1593e+03 -8.3827e-01 4.1764e+03
1.1413e+06 2.6456e+01 -2.5526e+03 1.1814e+03 3.0776e+00 4.1892e+03
1.0768e+06 2.6315e+01 -2.5371e+03 1.2036e+03 3.4829e+00 4.2017e+03
9.6190e+05 2.6242e+01 -2.5212e+03 1.2260e+03 -3.8614e+00 4.2138e+03
7.7172e+05 2.6239e+01 -2.5051e+03 1.2485e+03 -6.8151e+00 4.2258e+03
6.1736e+05 2.6238e+01 -2.4887e+03 1.2713e+03 -4.0662e+00 4.2374e+03
3.1672e+05 2.6187e+01 -2.4720e+03 1.2942e+03 -5.3579e+00 4.2488e+03
-5.2438e+04 2.8607e+01 -2.4550e+03 1.3174e+03 -1.3053e-01 4.2598e+03
-7.5647e+05 3.3646e+01 -2.4377e+03 1.3406e+03 2.6729e+00 4.2704e+03
-1.7113e+06 3.6275e+01 -2.4201e+03 1.3641e+03 -3.9010e+01 4.2808e+03
-2.2816e+06 3.6328e+01 -2.4022e+03 1.3876e+03 -5.8037e+01 4.2913e+03
-1.8418e+06 3.6290e+01 -2.3840e+03 1.4114e+03 9.5969e+00 4.3005e+03
-1.4502e+06 3.6246e+01 -2.3655e+03 1.4352e+03 8.1387e+01 4.3096e+03
-2.0080e+06 3.5443e+01 -2.3466e+03 1.4592e+03 5.8899e+01 4.3192e+03
-3.2144e+06 3.3698e+01 -2.3274e+03 1.4834e+03 5.2152e+00 4.3273e+03
-4.2479e+06 3.2588e+01 -2.3079e+03 1.5076e+03 -2.3874e+01 4.3354e+03
-4.9211e+06 3.2437e+01 -2.2881e+03 1.5319e+03 -2.8945e+01 4.3434e+03
-5.1150e+06 3.2429e+01 -2.2679e+03 1.5564e+03 -2.4574e+01 4.3510e+03
-4.9791e+06 3.2425e+01 -2.2474e+03 1.5809e+03 -1.6510e+01 4.3586e+03
-4.5991e+06 3.2430e+01 -2.2265e+03 1.6055e+03 -1.8843e+01 4.3651e+03
-3.9573e+06 3.2424e+01 -2.2053e+03 1.6302e+03 -1.4569e+01 4.3718e+03
-2.9771e+06 3.2408e+01 -2.1837e+03 1.6549e+03 -1.1575e+01 4.3772e+03
-2.3158e+06 3.2395e+01 -2.1617e+03 1.6797e+03 -1.8946e+01 4.3880e+03
-8.6600e+05 3.2383e+01 -2.1394e+03 1.7046e+03 -2.8705e+01 4.3890e+03
8.4821e+05 2.6238e+01 -2.7084e+03 9.7622e+02 1.3318e+01 4.0059e+03
8.2805e+05 2.6239e+01 -2.6955e+03 9.9634e+02 7.5721e+00 4.0149e+03
7.8968e+05 2.6237e+01 -2.6824e+03 1.0167e+03 9.3082e+00 4.0354e+03
7.7127e+05 2.6239e+01 -2.6690e+03 1.0373e+03 1.0095e+01 4.0494e+03
6.8159e+05 2.6207e+01 -2.6554e+03 1.0581e+03 -1.4174e+00 4.0636e+03
6.6205e+05 2.6782e+01 -2.6416e+03 1.0791e+03 -7.0643e+00 4.0775e+03
7.2436e+05 2.8034e+01 -2.6275e+03 1.1003e+03 -2.2188e+00 4.0914e+03
8.9635e+05 2.8725e+01 -2.6131e+03 1.1217e+03 4.3848e+00 4.1048e+03
1.0954e+06 2.8940e+01 -2.5985e+03 1.1434e+03 1.5448e+01 4.1178e+03
1.3109e+06 2.9242e+01 -2.5836e+03 1.1653e+03 2.8349e+01 4.1306e+03
1.3506e+06 2.8667e+01 -2.5685e+03 1.1873e+03 3.8350e+01 4.1436e+03
1.2676e+06 2.7163e+01 -2.5530e+03 1.2096e+03 4.3545e+01 4.1560e+03
1.0923e+06 2.6295e+01 -2.5373e+03 1.2321e+03 4.9553e+01 4.1680e+03
9.2333e+05 2.6220e+01 -2.5213e+03 1.2547e+03 4.7952e+01 4.1799e+03
6.6959e+05 2.6208e+01 -2.5050e+03 1.2776e+03 4.1877e+01 4.1913e+03
3.9461e+05 2.6802e+01 -2.4884e+03 1.3006e+03 3.6090e+01 4.2024e+03
-1.2144e+05 2.9822e+01 -2.4715e+03 1.3238e+03 3.3350e+01 4.2135e+03
-9.4847e+05 3.4153e+01 -2.4544e+03 1.3471e+03 1.5092e+01 4.2238e+03
-1.9933e+06 3.6199e+01 -2.4369e+03 1.3706e+03 -2.5077e+01 4.2336e+03
-2.5043e+06 3.6326e+01 -2.4190e+03 1.3943e+03 -5.0979e+01 4.2445e+03
-2.1527e+06 3.6290e+01 -2.4009e+03 1.4181e+03 2.6273e+00 4.2539e+03
-1.5213e+06 3.6233e+01 -2.3825e+03 1.4421e+03 9.3891e+01 4.2627e+03
-1.9656e+06 3.4782e+01 -2.3637e+03 1.4662e+03 8.5626e+01 4.2725e+03
-3.2179e+06 3.2010e+01 -2.3446e+03 1.4904e+03 1.2060e+01 4.2795e+03
-4.2746e+06 3.0771e+01 -2.3252e+03 1.5148e+03 -1.7546e+01 4.2878e+03
-4.9705e+06 3.0897e+01 -2.3054e+03 1.5392e+03 -3.2270e+01 4.2965e+03
-5.2049e+06 3.0946e+01 -2.2853e+03 1.5638e+03 -2.5642e+01 4.3041e+03
-5.0414e+06 3.1203e+01 -2.2648e+03 1.5884e+03 -9.7245e+00 4.3114e+03
-4.5870e+06 3.1696e+01 -2.2440e+03 1.6131e+03 2.0807e+00 4.3185e+03
-4.0881e+06 3.2170e+01 -2.2228e+03 1.6380e+03 -4.5674e+00 4.3256e+03
-3.4432e+06 3.2472e+01 -2.2013e+03 1.6628e+03 -3.3084e+00 4.3311e+03
-2.3869e+06 3.2500e+01 -2.1794e+03 1.6878e+03 -9.7840e+00 4.3409e+03
-1.4666e+06 3.2419e+01 -2.1571e+03 1.7128e+03 -1.3279e+01 4.3422e+03
4.1562e+05 2.6234e+01 -2.7230e+03 9.8141e+02 2.7170e+01 3.9609e+03
4.3270e+05 2.6235e+01 -2.7102e+03 1.0016e+03 2.3410e+01 3.9694e+03
5.5892e+05 2.6234e+01 -2.6973e+03 1.0219e+03 2.4105e+01 3.9903e+03
5.3661e+05 2.6206e+01 -2.6841e+03 1.0425e+03 1.4620e+01 4.0041e+03
4.9219e+05 2.6749e+01 -2.6706e+03 1.0634e+03 6.7778e-01 4.0180e+03
4.7453e+05 2.9274e+01 -2.6569e+03 1.0844e+03 3.9528e+00 4.0321e+03
6.1675e+05 3.2512e+01 -2.6429e+03 1.1057e+03 1.6209e+01 4.0456e+03
7.5089e+05 3.3829e+01 -2.6287e+03 1.1272e+03 2.4860e+01 4.0589e+03
1.0762e+06 3.3967e+01 -2.6142e+03 1.1489e+03 4.6604e+01 4.0719e+03
1.3260e+06 3.4114e+01 -2.5994e+03 1.1708e+03 7.9833e+01 4.0847e+03
1.2524e+06 3.2967e+01 -2.5844e+03 1.1929e+03 8.5063e+01 4.0977e+03
7.3548e+05 2.9921e+01 -2.5691e+03 1.2153e+03 6.8174e+01 4.1099e+03
4.2368e+05 2.7274e+01 -2.5535e+03 1.2378e+03 7.6707e+01 4.1217e+03
1.7315e+05 2.6332e+01 -2.5376e+03 1.2605e+03 8.9928e+01 4.1337e+03
1.3517e+05 2.6801e+01 -2.5214e+03 1.2834e+03 9.6604e+01 4.1451e+03
-6.3792e+03 2.9319e+01 -2.5049e+03 1.3065e+03 1.0939e+02 4.1557e+03
-3.5532e+05 3.3054e+01 -2.4881e+03 1.3297e+03 1.0218e+02 4.1664e+03
-1.2735e+06 3.5530e+01 -2.4711e+03 1.3532e+03 6.5054e+01 4.1767e+03
-2.1194e+06 3.6239e+01 -2.4537e+03 1.3768e+03 2.1245e+01 4.1866e+03
-2.7521e+06 3.6312e+01 -2.4360e+03 1.4005e+03 -1.1886e+01 4.1970e+03
-2.5129e+06 3.6289e+01 -2.4179e+03 1.4245e+03 1.4302e+01 4.2063e+03
-2.2064e+06 3.6241e+01 -2.3996e+03 1.4485e+03 8.4155e+01 4.2151e+03
-2.5622e+06 3.4096e+01 -2.3809e+03 1.4727e+03 6.1810e+01 4.2250e+03
-3.5485e+06 2.9840e+01 -2.3619e+03 1.4970e+03 1.7387e+01 4.2331e+03
-4.0671e+06 2.7713e+01 -2.3425e+03 1.5215e+03 1.8466e+01 4.2409e+03
-4.8963e+06 2.7766e+01 -2.3228e+03 1.5460e+03 -1.8220e+01 4.2494e+03
-5.1899e+06 2.7915e+01 -2.3028e+03 1.5707e+03 -3.6705e+01 4.2561e+03
-5.2944e+06 2.8472e+01 -2.2824e+03 1.5955e+03 -2.2678e+01 4.2631e+03
-4.8150e+06 2.9455e+01 -2.2616e+03 1.6203e+03 -1.2320e+01 4.2697e+03
-4.4692e+06 3.0774e+01 -2.2405e+03 1.6453e+03 -1.3320e+01 4.2759e+03
-3.5555e+06 3.2076e+01 -2.2190e+03 1.6703e+03 -7.4439e+00 4.2812e+03
-3.3100e+06 3.2099e+01 -2.1972e+03 1.6954e+03 -1.0773e+01 4.2938e+03
-1.9987e+06 3.1246e+01 -2.1749e+03 1.7205e+03 -8.6639e+00 4.2955e+03
-8.2710e+05 2.6244e+01 -2.7376e+03 9.8625e+02 -4.9028e+00 3.9153e+03
-4.1486e+05 2.6239e+01 -2.7250e+03 1.0064e+03 2.2387e+01 3.9239e+03
8.3750e+04 2.6208e+01 -2.7122e+03 1.0268e+03 4.0636e+01 3.9447e+03
2.6621e+05 2.6724e+01 -2.6991e+03 1.0475e+03 1.9388e+01 3.9582e+03
2.2176e+05 2.9169e+01 -2.6858e+03 1.0683e+03 8.9013e+00 3.9721e+03
1.9825e+05 3.3076e+01 -2.6722e+03 1.0894e+03 1.5007e+01 3.9860e+03
8.4182e+04 3.5703e+01 -2.6583e+03 1.1107e+03 1.5721e+01 3.9991e+03
9.4300e+04 3.6331e+01 -2.6442e+03 1.1322e+03 1.3208e+01 4.0125e+03
2.7733e+05 3.6344e+01 -2.6299e+03 1.1540e+03 3.6753e+01 4.0256e+03
6.3244e+05 3.6327e+01 -2.6152e+03 1.1760e+03 9.2136e+01 4.0381e+03
2.8260e+05 3.5777e+01 -2.6003e+03 1.1981e+03 9.2576e+01 4.0503e+03
-6.3286e+05 3.3647e+01 -2.5851e+03 1.2205e+03 2.5719e+01 4.0623e+03
-1.5020e+06 3.0296e+01 -2.5697e+03 1.2431e+03 -1.3962e+01 4.0745e+03
-1.8098e+06 2.8176e+01 -2.5539e+03 1.2659e+03 -1.4018e+01 4.0864e+03
-1.8844e+06 2.9462e+01 -2.5378e+03 1.2888e+03 7.5123e+00 4.0975e+03
-1.6855e+06 3.3078e+01 -2.5215e+03 1.3120e+03 4.0765e+01 4.1085e+03
-1.9852e+06 3.5649e+01 -2.5048e+03 1.3353e+03 4.2233e+01 4.1193e+03
-2.3896e+06 3.6277e+01 -2.4878e+03 1.3588e+03 2.5063e+01 4.1301e+03
-3.0506e+06 3.6300e+01 -2.4706e+03 1.3825e+03 8.1366e+00 4.1398e+03
-3.3205e+06 3.6311e+01 -2.4530e+03 1.4063e+03 -9.7461e+00 4.1493e+03
-3.5044e+06 3.6300e+01 -2.4350e+03 1.4303e+03 -4.3529e+00 4.1589e+03
-3.3234e+06 3.6278e+01 -2.4168e+03 1.4545e+03 1.6647e+01 4.1677e+03
-3.9079e+06 3.3966e+01 -2.3982e+03 1.4788e+03 -1.6525e+01 4.1774e+03
-3.9881e+06 2.9727e+01 -2.3793e+03 1.5032e+03 -8.8902e+00 4.1862e+03
-4.2408e+06 2.8135e+01 -2.3600e+03 1.5278e+03 3.6312e+01 4.1927e+03
-4.6274e+06 2.8017e+01 -2.3404e+03 1.5524e+03 -5.5109e+00 4.2014e+03
-5.4594e+06 2.7478e+01 -2.3204e+03 1.5772e+03 -5.0256e+01 4.2075e+03
-5.2779e+06 2.7524e+01 -2.3001e+03 1.6021e+03 -4.3288e+01 4.2145e+03
-5.3321e+06 2.7997e+01 -2.2794e+03 1.6271e+03 -4.1740e+01 4.2206e+03
-4.6055e+06 2.9932e+01 -2.2583e+03 1.6521e+03 -3.7935e+01 4.2264e+03
-4.4524e+06 3.2387e+01 -2.2369e+03 1.6773e+03 -2.1079e+01 4.2319e+03
-3.3296e+06 3.1917e+01 -2.2151e+03 1.7025e+03 -2.0152e+01 4.2438e+03
-3.3750e+06 2.9271e+01 -2.1929e+03 1.7278e+03 -5.0680e+01 4.2449e+03
-2.5987e+06 2.6273e+01 -2.7523e+03 9.9071e+02 -8.2826e+01 3.8697e+03
-1.7659e+06 2.6239e+01 -2.7398e+03 1.0109e+03 -1.3941e+01 3.8784e+03
-5.8312e+05 2.6685e+01 -2.7271e+03 1.0313e+03 5.4721e+01 3.8987e+03
-7.6343e+04 2.8982e+01 -2.7141e+03 1.0520e+03 4.7336e+01 3.9121e+03
-7.5861e+04 3.2841e+01 -2.7009e+03 1.0729e+03 2.9445e+01 3.9259e+03
-4.1685e+05 3.5601e+01 -2.6875e+03 1.0940e+03 1.7520e+01 3.9394e+03
-8.1708e+05 3.6309e+01 -2.6738e+03 1.1153e+03 1.3406e+00 3.9525e+03
-1.1663e+06 3.6301e+01 -2.6598e+03 1.1369e+03 -1.3378e+01 3.9655e+03
-1.2262e+06 3.6297e+01 -2.6456e+03 1.1587e+03 -9.1945e+00 3.9783e+03
-1.1301e+06 3.6279e+01 -2.6311e+03 1.1807e+03 3.3801e+01 3.9908e+03
-1.3833e+06 3.6293e+01 -2.6163e+03 1.2029e+03 4.2407e+01 4.0029e+03
-2.3236e+06 3.5867e+01 -2.6013e+03 1.2253e+03 -2.1590e+01 4.0155e+03
-3.2436e+06 3.4001e+01 -2.5859e+03 1.2480e+03 -8.3438e+01 4.0276e+03
-3.8042e+06 3.2294e+01 -2.5703e+03 1.2708e+03 -1.0442e+02 4.0383e+03
-3.8494e+06 3.3402e+01 -2.5543e+03 1.2938e+03 -9.2302e+01 4.0491e+03
-3.8323e+06 3.5554e+01 -2.5381e+03 1.3170e+03 -7.0820e+01 4.0604e+03
-3.8354e+06 3.6308e+01 -2.5216e+03 1.3404e+03 -6.0685e+01 4.0712e+03
-4.0193e+06 3.6321e+01 -2.5047e+03 1.3640e+03 -4.9004e+01 4.0816e+03
-4.1057e+06 3.6326e+01 -2.4875e+03 1.3878e+03 -3.5491e+01 4.0913e+03
-4.3027e+06 3.6319e+01 -2.4700e+03 1.4117e+03 -3.0253e+01 4.1009e+03
-4.2805e+06 3.6313e+01 -2.4522e+03 1.4358e+03 -2.3942e+01 4.1110e+03
-4.4497e+06 3.6308e+01 -2.4341e+03 1.4600e+03 -2.0597e+01 4.1197e+03
-4.5667e+06 3.4790e+01 -2.4156e+03 1.4844e+03 -4.1069e+01 4.1282e+03
-4.6520e+06 3.2553e+01 -2.3968e+03 1.5089e+03 -2.6878e+01 4.1362e+03
-4.4076e+06 3.2568e+01 -2.3776e+03 1.5336e+03 1.6309e+01 4.1431e+03
-4.8447e+06 3.2325e+01 -2.3581e+03 1.5584e+03 -2.4769e+00 4.1527e+03
-5.1920e+06 3.1075e+01 -2.3382e+03 1.5832e+03 -3.7040e+01 4.1595e+03
-5.4029e+06 3.0598e+01 -2.3179e+03 1.6083e+03 -3.5952e+01 4.1665e+03
-5.1187e+06 3.0566e+01 -2.2973e+03 1.6334e+03 -3.8594e+01 4.1729e+03
-4.9272e+06 3.2390e+01 -2.2763e+03 1.6585e+03 -3.2169e+01 4.1787e+03
-4.2705e+06 3.4620e+01 -2.2550e+03 1.6838e+03 -1.1607e+01 4.1845e+03
-4.3502e+06 3.3769e+01 -2.2332e+03 1.7092e+03 -2.2385e+01 4.1951e+03
-3.7846e+06 3.0765e+01 -2.2111e+03 1.7346e+03 -6.9413e+01 4.1970e+03
-4.1071e+06 2.6300e+01 -2.7669e+03 9.9481e+02 -1.3253e+02 3.8236e+03
-3.1228e+06 2.6761e+01 -2.7546e+03 1.0150e+03 -6.4208e+01 3.8322e+03
-1.5169e+06 2.8885e+01 -2.7420e+03 1.0355e+03 5.2039e+01 3.8519e+03
-5.4315e+05 3.2538e+01 -2.7292e+03 1.0561e+03 8.9544e+01 3.8652e+03
-6.4582e+05 3.5380e+01 -2.7162e+03 1.0770e+03 5.3532e+01 3.8789e+03
-1.2966e+06 3.6268e+01 -2.7028e+03 1.0982e+03 9.3358e+00 3.8922e+03
-2.0065e+06 3.6318e+01 -2.6893e+03 1.1196e+03 -1.5491e+01 3.9055e+03
-2.5314e+06 3.6331e+01 -2.6755e+03 1.1412e+03 -2.9305e+01 3.9183e+03
-2.9288e+06 3.6336e+01 -2.6614e+03 1.1630e+03 -4.3906e+01 3.9313e+03
-3.0701e+06 3.6329e+01 -2.6470e+03 1.1850e+03 -3.5715e+01 3.9441e+03
-3.2186e+06 3.6320e+01 -2.6324e+03 1.2073e+03 -1.7061e+01 3.9561e+03
-3.5500e+06 3.6334e+01 -2.6174e+03 1.2297e+03 -2.1095e+01 3.9682e+03
-4.0473e+06 3.5965e+01 -2.6022e+03 1.2524e+03 -3.5878e+01 3.9797e+03
-4.3788e+06 3.5509e+01 -2.5867e+03 1.2753e+03 -4.4868e+01 3.9905e+03
-4.5771e+06 3.5809e+01 -2.5709e+03 1.2984e+03 -4.4457e+01 4.0016e+03
-4.5861e+06 3.6243e+01 -2.5548e+03 1.3217e+03 -4.0284e+01 4.0123e+03
-4.6685e+06 3.6317e+01 -2.5384e+03 1.3451e+03 -3.7677e+01 4.0227e+03
-4.6653e+06 3.6329e+01 -2.5217e+03 1.3688e+03 -3.2936e+01 4.0328e+03
-4.7506e+06 3.6326e+01 -2.5046e+03 1.3926e+03 -2.5559e+01 4.0427e+03
-4.6995e+06 3.6320e+01 -2.4872e+03 1.4166e+03 -1.9469e+01 4.0523e+03
-4.7681e+06 3.6315e+01 -2.4695e+03 1.4408e+03 -1.1888e+01 4.0618e+03
-4.7210e+06 3.6312e+01 -2.4515e+03 1.4651e+03 -6.9017e+00 4.0705e+03
-4.8565e+06 3.5880e+01 -2.4331e+03 1.4895e+03 -1.1079e+01 4.0788e+03
-4.7298e+06 3.5400e+01 -2.4144e+03 1.5142e+03 -6.7247e+00 4.0870e+03
-4.7610e+06 3.5701e+01 -2.3953e+03 1.5389e+03 5.4582e+00 4.0948e+03
-4.7538e+06 3.5560e+01 -2.3759e+03 1.5638e+03 5.4969e-01 4.1029e+03
-5.0090e+06 3.4935e+01 -2.3561e+03 1.5888e+03 -7.1137e+00 4.1107e+03
-4.8886e+06 3.4699e+01 -2.3359e+03 1.6139e+03 -6.8225e+00 4.1176e+03
-4.9249e+06 3.4690e+01 -2.3154e+03 1.6391e+03 -1.0666e+01 4.1236e+03
-4.6247e+06 3.5429e+01 -2.2945e+03 1.6645e+03 -1.6470e+01 4.1302e+03
-4.6572e+06 3.6207e+01 -2.2732e+03 1.6898e+03 -1.1422e+01 4.1355e+03
-4.1246e+06 3.5844e+01 -2.2515e+03 1.7153e+03 -1.1436e+01 4.1452e+03
-4.2878e+06 3.4745e+01 -2.2294e+03 1.7409e+03 -3.9610e+01 4.1482e+03
-4.8799e+06 2.6814e+01 -2.7815e+03 9.9852e+02 -1.2503e+02 3.7769e+03
-4.1462e+06 2.8728e+01 -2.7694e+03 1.0187e+03 -9.0032e+01 3.7848e+03
-2.6193e+06 3.2372e+01 -2.7569e+03 1.0392e+03 2.0951e+01 3.8046e+03
-1.5142e+06 3.5218e+01 -2.7443e+03 1.0599e+03 9.0539e+01 3.8177e+03
-1.5486e+06 3.6184e+01 -2.7314e+03 1.0808e+03 5.9810e+01 3.8315e+03
-2.3405e+06 3.6313e+01 -2.7182e+03 1.1020e+03 -5.0383e-01 3.8448e+03
-3.1399e+06 3.6343e+01 -2.7048e+03 1.1234e+03 -3.6041e+01 3.8580e+03
-3.7580e+06 3.6358e+01 -2.6911e+03 1.1450e+03 -4.7666e+01 3.8710e+03
-4.1265e+06 3.6361e+01 -2.6772e+03 1.1668e+03 -5.3664e+01 3.8836e+03
-4.3381e+06 3.6356e+01 -2.6629e+03 1.1889e+03 -5.2034e+01 3.8959e+03
-4.3421e+06 3.6343e+01 -2.6484e+03 1.2112e+03 -3.6052e+01 3.9075e+03
-4.3890e+06 3.6331e+01 -2.6336e+03 1.2337e+03 -1.7364e+01 3.9191e+03
-4.4340e+06 3.6324e+01 -2.6186e+03 1.2564e+03 -3.6076e+00 3.9310e+03
-4.6106e+06 3.6322e+01 -2.6032e+03 1.2794e+03 2.9344e-01 3.9425e+03
-4.6863e+06 3.6318e+01 -2.5875e+03 1.3025e+03 -4.9886e-01 3.9535e+03
-4.7853e+06 3.6314e+01 -2.5716e+03 1.3258e+03 2.8719e-01 3.9640e+03
-4.7794e+06 3.6316e+01 -2.5553e+03 1.3494e+03 -1.7115e+00 3.9745e+03
-4.8835e+06 3.6317e+01 -2.5387e+03 1.3731e+03 -5.6695e+00 3.9845e+03
-4.8444e+06 3.6316e+01 -2.5217e+03 1.3970e+03 -6.5333e+00 3.9942e+03
-4.9237e+06 3.6314e+01 -2.5045e+03 1.4210e+03 -6.8942e+00 4.0035e+03
-4.8569e+06 3.6312e+01 -2.4869e+03 1.4453e+03 -5.0571e+00 4.0125e+03
-4.9612e+06 3.6311e+01 -2.4690e+03 1.4697e+03 -4.6194e+00 4.0213e+03
-4.8770e+06 3.6310e+01 -2.4507e+03 1.4942e+03 -3.7056e+00 4.0296e+03
-4.9279e+06 3.6307e+01 -2.4321e+03 1.5189e+03 -7.3600e-01 4.0384e+03
-4.7711e+06 3.6302e+01 -2.4131e+03 1.5438e+03 -2.7340e-01 4.0462e+03
-4.7853e+06 3.6296e+01 -2.3938e+03 1.5688e+03 4.5969e+00 4.0529e+03
-4.5628e+06 3.6294e+01 -2.3741e+03 1.5939e+03 1.0573e+01 4.0607e+03
-4.6867e+06 3.6299e+01 -2.3540e+03 1.6191e+03 3.9200e+00 4.0672e+03
-4.4981e+06 3.6307e+01 -2.3336e+03 1.6444e+03 1.0047e+00 4.0734e+03
-4.5699e+06 3.6319e+01 -2.3128e+03 1.6699e+03 -5.3710e+00 4.0808e+03
-4.2321e+06 3.6331e+01 -2.2915e+03 1.6954e+03 -6.5818e+00 4.0855e+03
-4.4187e+06 3.6356e+01 -2.2699e+03 1.7210e+03 -4.3643e+00 4.0941e+03
-3.9142e+06 3.6371e+01 -2.2479e+03 1.7467e+03 -1.8915e+01 4.0957e+03
-5.0241e+06 2.9831e+01 -2.7962e+03 1.0018e+03 -7.3697e+01 3.7293e+03
-4.6153e+06 3.2163e+01 -2.7841e+03 1.0221e+03 -7.1200e+01 3.7371e+03
-3.7324e+06 3.5012e+01 -2.7719e+03 1.0425e+03 -1.9720e+01 3.7574e+03
-2.8795e+06 3.6168e+01 -2.7594e+03 1.0632e+03 3.7489e+01 3.7707e+03
-2.7527e+06 3.6289e+01 -2.7466e+03 1.0842e+03 4.0767e+01 3.7843e+03
-3.2718e+06 3.6320e+01 -2.7336e+03 1.1053e+03 1.9955e+00 3.7974e+03
-3.9617e+06 3.6346e+01 -2.7203e+03 1.1268e+03 -3.2727e+01 3.8102e+03
-4.4414e+06 3.6355e+01 -2.7068e+03 1.1484e+03 -4.2128e+01 3.8227e+03
-4.6981e+06 3.6352e+01 -2.6930e+03 1.1703e+03 -3.5625e+01 3.8349e+03
-4.7579e+06 3.6346e+01 -2.6789e+03 1.1924e+03 -2.8008e+01 3.8471e+03
-4.8119e+06 3.6338e+01 -2.6645e+03 1.2147e+03 -2.3356e+01 3.8589e+03
-4.7839e+06 3.6329e+01 -2.6499e+03 1.2373e+03 -1.8579e+01 3.8706e+03
-4.8064e+06 3.6321e+01 -2.6350e+03 1.2600e+03 -1.2047e+01 3.8823e+03
-4.8068e+06 3.6319e+01 -2.6197e+03 1.2830e+03 -9.0614e+00 3.8934e+03
-4.8986e+06 3.6319e+01 -2.6042e+03 1.3062e+03 -7.5730e+00 3.9042e+03
-4.8765e+06 3.6317e+01 -2.5884e+03 1.3295e+03 -4.7711e+00 3.9148e+03
-4.9336e+06 3.6314e+01 -2.5722e+03 1.3531e+03 -3.3314e+00 3.9251e+03
-4.8917e+06 3.6311e+01 -2.5558e+03 1.3769e+03 -3.0064e+00 3.9350e+03
-4.9561e+06 3.6309e+01 -2.5390e+03 1.4008e+03 -2.1487e+00 3.9446e+03
-4.9007e+06 3.6308e+01 -2.5218e+03 1.4250e+03 -2.0559e+00 3.9540e+03
-4.9804e+06 3.6307e+01 -2.5044e+03 1.4493e+03 -1.8896e+00 3.9631e+03
-4.9289e+06 3.6308e+01 -2.4866e+03 1.4738e+03 -3.3349e+00 3.9717e+03
-5.0265e+06 3.6310e+01 -2.4684e+03 1.4984e+03 -4.8859e+00 3.9800e+03
-4.9338e+06 3.6310e+01 -2.4499e+03 1.5232e+03 -8.5612e+00 3.9884e+03
-4.9053e+06 3.6304e+01 -2.4311e+03 1.5481e+03 -5.3621e+00 3.9961e+03
-4.5039e+06 3.6292e+01 -2.4118e+03 1.5732e+03 2.0360e+01 4.0034e+03
-4.4396e+06 3.6289e+01 -2.3923e+03 1.5984e+03 2.9173e+01 4.0106e+03
-4.3910e+06 3.6297e+01 -2.3723e+03 1.6238e+03 9.8214e+00 4.0169e+03
-4.4735e+06 3.6304e+01 -2.3519e+03 1.6492e+03 9.2213e+00 4.0227e+03
-4.2397e+06 3.6311e+01 -2.3312e+03 1.6748e+03 1.1243e+01 4.0297e+03
-4.3296e+06 3.6319e+01 -2.3101e+03 1.7004e+03 8.3409e+00 4.0350e+03
-3.9050e+06 3.6078e+01 -2.2885e+03 1.7261e+03 1.1088e+01 4.0448e+03
-3.8620e+06 3.5169e+01 -2.2666e+03 1.7519e+03 -1.4783e+00 4.0458e+03
-4.8590e+06 3.4337e+01 -2.8108e+03 1.0048e+03 -1.8888e+01 3.6821e+03
-4.7790e+06 3.5246e+01 -2.7989e+03 1.0250e+03 -3.4656e+01 3.6905e+03
-4.4804e+06 3.6095e+01 -2.7868e+03 1.0455e+03 -3.4204e+01 3.7100e+03
-4.1058e+06 3.6303e+01 -2.7744e+03 1.0662e+03 -1.3047e+01 3.7227e+03
-3.9115e+06 3.6304e+01 -2.7618e+03 1.0871e+03 4.2483e+00 3.7358e+03
-4.1314e+06 3.6314e+01 -2.7490e+03 1.1083e+03 -2.5334e+00 3.7490e+03
-4.4555e+06 3.6326e+01 -2.7359e+03 1.1297e+03 -1.5122e+01 3.7618e+03
-4.7363e+06 3.6329e+01 -2.7225e+03 1.1514e+03 -1.6041e+01 3.7742e+03
-4.8249e+06 3.6325e+01 -2.7088e+03 1.1733e+03 -9.6601e+00 3.7865e+03
-4.8781e+06 3.6321e+01 -2.6949e+03 1.1954e+03 -4.3567e+00 3.7986e+03
-4.8651e+06 3.6318e+01 -2.6807e+03 1.2178e+03 -3.7740e+00 3.8104e+03
-4.9020e+06 3.6315e+01 -2.6662e+03 1.2403e+03 -3.9708e+00 3.8219e+03
-4.8891e+06 3.6312e+01 -2.6514e+03 1.2631e+03 -5.3208e+00 3.8331e+03
-4.9653e+06 3.6313e+01 -2.6363e+03 1.2861e+03 -8.1296e+00 3.8439e+03
-4.9424e+06 3.6313e+01 -2.6209e+03 1.3093e+03 -7.0007e+00 3.8547e+03
-4.9755e+06 3.6311e+01 -2.6052e+03 1.3328e+03 -3.1649e+00 3.8652e+03
-4.9211e+06 3.6308e+01 -2.5892e+03 1.3564e+03 -8.9076e-01 3.8753e+03
-4.9684e+06 3.6306e+01 -2.5729e+03 1.3802e+03 9.6330e-02 3.8852e+03
-4.9115e+06 3.6303e+01 -2.5563e+03 1.4042e+03 5.6554e-01 3.8948e+03
-4.9708e+06 3.6301e+01 -2.5393e+03 1.4284e+03 9.1144e-01 3.9040e+03
-4.9168e+06 3.6300e+01 -2.5219e+03 1.4528e+03 1.1429e+00 3.9130e+03
-5.0030e+06 3.6302e+01 -2.5043e+03 1.4774e+03 1.1549e+00 3.9215e+03
-4.9552e+06 3.6313e+01 -2.4862e+03 1.5021e+03 1.5188e+00 3.9302e+03
-5.0295e+06 3.6322e+01 -2.4679e+03 1.5269e+03 -1.9648e+00 3.9381e+03
-4.8354e+06 3.6310e+01 -2.4491e+03 1.5520e+03 -1.1582e+00 3.9454e+03
-4.6226e+06 3.6292e+01 -2.4300e+03 1.5771e+03 2.0396e+01 3.9530e+03
-4.4109e+06 3.6292e+01 -2.4105e+03 1.6025e+03 2.3010e+01 3.9599e+03
-4.5848e+06 3.6303e+01 -2.3907e+03 1.6279e+03 2.2239e+00 3.9664e+03
-4.4702e+06 3.6309e+01 -2.3704e+03 1.6534e+03 9.3549e-01 3.9724e+03
-4.4429e+06 3.6315e+01 -2.3498e+03 1.6791e+03 6.1004e+00 3.9788e+03
-4.2255e+06 3.6322e+01 -2.3287e+03 1.7049e+03 -5.2790e+00 3.9837e+03
-4.2131e+06 3.5236e+01 -2.3073e+03 1.7307e+03 -1.8420e+01 3.9944e+03
-3.4074e+06 3.2236e+01 -2.2854e+03 1.7567e+03 -1.3346e+01 3.9956e+03
-4.8454e+06 3.6326e+01 -2.8254e+03 1.0073e+03 -7.4144e+00 3.6350e+03
-4.8613e+06 3.6329e+01 -2.8137e+03 1.0275e+03 -1.9412e+01 3.6431e+03
-4.8403e+06 3.6325e+01 -2.8017e+03 1.0480e+03 -2.3643e+01 3.6620e+03
-4.7328e+06 3.6320e+01 -2.7895e+03 1.0687e+03 -2.1848e+01 3.6743e+03
-4.6793e+06 3.6360e+01 -2.7771e+03 1.0896e+03 -1.3623e+01 3.6874e+03
-4.7009e+06 3.6390e+01 -2.7644e+03 1.1108e+03 -5.7269e+00 3.7004e+03
-4.8175e+06 3.6337e+01 -2.7514e+03 1.1323e+03 1.8979e-01 3.7128e+03
-4.8841e+06 3.6133e+01 -2.7382e+03 1.1539e+03 5.3287e+00 3.7252e+03
-4.9558e+06 3.5953e+01 -2.7247e+03 1.1758e+03 7.2900e+00 3.7376e+03
-4.9341e+06 3.6104e+01 -2.7109e+03 1.1980e+03 8.1445e+00 3.7495e+03
-4.9338e+06 3.6279e+01 -2.6969e+03 1.2203e+03 9.0070e+00 3.7610e+03
-4.8744e+06 3.6291e+01 -2.6825e+03 1.2429e+03 8.8514e+00 3.7727e+03
-4.9182e+06 3.6297e+01 -2.6679e+03 1.2658e+03 4.3999e+00 3.7837e+03
-4.9133e+06 3.6301e+01 -2.6530e+03 1.2888e+03 3.5072e-01 3.7944e+03
-4.9752e+06 3.6302e+01 -2.6377e+03 1.3121e+03 -3.2499e-01 3.8054e+03
-4.9456e+06 3.6302e+01 -2.6222e+03 1.3355e+03 8.3245e-01 3.8156e+03
-4.9938e+06 3.6301e+01 -2.6063e+03 1.3592e+03 3.8874e+00 3.8256e+03
-4.9402e+06 3.6299e+01 -2.5901e+03 1.3831e+03 4.9303e+00 3.8354e+03
-4.9929e+06 3.6298e+01 -2.5736e+03 1.4071e+03 4.3702e+00 3.8446e+03
-4.9307e+06 3.6295e+01 -2.5568e+03 1.4314e+03 4.3662e+00 3.8541e+03
-4.9992e+06 3.6296e+01 -2.5396e+03 1.4558e+03 4.2556e+00 3.8627e+03
-4.9409e+06 3.6427e+01 -2.5220e+03 1.4804e+03 8.5922e+00 3.8709e+03
-5.0624e+06 3.5906e+01 -2.5041e+03 1.5052e+03 8.5576e+00 3.8795e+03
-5.0408e+06 3.4790e+01 -2.4859e+03 1.5302e+03 -5.1074e-01 3.8870e+03
-5.0427e+06 3.4973e+01 -2.4673e+03 1.5553e+03 -3.4172e+00 3.8944e+03
-4.7595e+06 3.5961e+01 -2.4483e+03 1.5806e+03 2.3398e+00 3.9024e+03
-4.7513e+06 3.6304e+01 -2.4289e+03 1.6060e+03 -3.6820e+00 3.9091e+03
-4.6714e+06 3.6314e+01 -2.4092e+03 1.6315e+03 -1.7499e+01 3.9155e+03
-4.7494e+06 3.6319e+01 -2.3890e+03 1.6572e+03 -1.9149e+01 3.9215e+03
-4.5458e+06 3.6324e+01 -2.3685e+03 1.6829e+03 -1.7979e+01 3.9280e+03
-4.5041e+06 3.6325e+01 -2.3476e+03 1.7088e+03 -2.3868e+01 3.9329e+03
-3.8133e+06 3.4920e+01 -2.3262e+03 1.7348e+03 -2.7469e+01 3.9433e+03
-2.9824e+06 3.0998e+01 -2.3044e+03 1.7609e+03 -8.7083e+00 3.9438e+03
-4.8661e+06 3.6313e+01 -2.8400e+03 1.0094e+03 -8.4917e+00 3.5864e+03
-4.9304e+06 3.6317e+01 -2.8284e+03 1.0296e+03 -1.4861e+01 3.5940e+03
-4.9341e+06 3.6317e+01 -2.8166e+03 1.0501e+03 -9.4104e+00 3.6134e+03
-4.9506e+06 3.6409e+01 -2.8046e+03 1.0708e+03 -4.2808e+00 3.6259e+03
-4.9546e+06 3.5955e+01 -2.7923e+03 1.0917e+03 -5.9944e-01 3.6388e+03
-5.0584e+06 3.4660e+01 -2.7798e+03 1.1129e+03 -7.5088e-01 3.6513e+03
-5.1079e+06 3.3819e+01 -2.7670e+03 1.1343e+03 2.2672e+00 3.6637e+03
-5.1593e+06 3.3403e+01 -2.7539e+03 1.1560e+03 7.2934e+00 3.6761e+03
-5.1654e+06 3.3060e+01 -2.7406e+03 1.1779e+03 5.1283e+00 3.6882e+03
-5.1695e+06 3.3781e+01 -2.7269e+03 1.2001e+03 4.9393e+00 3.7000e+03
-5.0363e+06 3.5167e+01 -2.7130e+03 1.2225e+03 1.3399e+01 3.7118e+03
-4.9835e+06 3.5898e+01 -2.6989e+03 1.2451e+03 1.7055e+01 3.7233e+03
-4.9327e+06 3.6055e+01 -2.6844e+03 1.2679e+03 1.4098e+01 3.7340e+03
-4.9269e+06 3.6290e+01 -2.6696e+03 1.2910e+03 2.0599e+01 3.7445e+03
-4.9133e+06 3.6031e+01 -2.6545e+03 1.3143e+03 1.8467e+01 3.7551e+03
-5.0512e+06 3.5537e+01 -2.6391e+03 1.3378e+03 8.1565e+00 3.7650e+03
-5.0286e+06 3.5380e+01 -2.6234e+03 1.3615e+03 1.0152e+01 3.7751e+03
-5.0756e+06 3.5288e+01 -2.6074e+03 1.3854e+03 1.0924e+01 3.7848e+03
-5.0075e+06 3.5560e+01 -2.5910e+03 1.4095e+03 1.2956e+01 3.7938e+03
-5.0666e+06 3.5378e+01 -2.5743e+03 1.4338e+03 1.1485e+01 3.8034e+03
-5.0343e+06 3.5007e+01 -2.5573e+03 1.4583e+03 8.4080e+00 3.8116e+03
-5.1020e+06 3.5212e+01 -2.5399e+03 1.4830e+03 1.5377e+01 3.8202e+03
-5.1640e+06 3.3468e+01 -2.5221e+03 1.5079e+03 2.5811e+00 3.8290e+03
-5.3581e+06 3.0944e+01 -2.5040e+03 1.5329e+03 -2.0962e+01 3.8359e+03
-5.1526e+06 3.2229e+01 -2.4855e+03 1.5581e+03 -1.6691e+01 3.8432e+03
-4.9189e+06 3.5240e+01 -2.4667e+03 1.5834e+03 -9.3257e-01 3.8510e+03
-4.6378e+06 3.6307e+01 -2.4474e+03 1.6089e+03 -3.2267e-01 3.8578e+03
-4.6615e+06 3.6314e+01 -2.4278e+03 1.6346e+03 -1.0376e+01 3.8639e+03
-4.6286e+06 3.6322e+01 -2.4078e+03 1.6603e+03 -2.0685e+01 3.8698e+03
-4.6512e+06 3.6329e+01 -2.3874e+03 1.6862e+03 -2.5221e+01 3.8763e+03
-4.1879e+06 3.6471e+01 -2.3665e+03 1.7122e+03 -1.4761e+01 3.8814e+03
-3.4271e+06 3.5437e+01 -2.3453e+03 1.7383e+03 1.7111e+01 3.8915e+03
-1.9893e+06 3.1606e+01 -2.3236e+03 1.7645e+03 4.4300e+01 3.8920e+03
-4.8903e+06 3.6609e+01 -2.8546e+03 1.0111e+03 1.0606e+01 3.5373e+03
-4.9172e+06 3.6387e+01 -2.8432e+03 1.0313e+03 1.1194e+00 3.5450e+03
-4.9572e+06 3.6314e+01 -2.8315e+03 1.0517e+03 8.7642e+00 3.5643e+03
-5.0000e+06 3.5888e+01 -2.8197e+03 1.0724e+03 1.2408e+01 3.5773e+03
-5.1881e+06 3.3587e+01 -2.8075e+03 1.0934e+03 3.9896e+00 3.5901e+03
-5.3919e+06 3.0267e+01 -2.7951e+03 1.1145e+03 -1.1696e+01 3.6020e+03
-5.5267e+06 2.8744e+01 -2.7825e+03 1.1360e+03 -1.5937e+01 3.6146e+03
-5.5138e+06 2.8521e+01 -2.7696e+03 1.1576e+03 -1.1481e+01 3.6266e+03
-5.5492e+06 2.8370e+01 -2.7564e+03 1.1796e+03 -1.3186e+01 3.6384e+03
-5.4716e+06 2.9358e+01 -2.7430e+03 1.2017e+03 -1.1405e+01 3.6499e+03
-5.3556e+06 3.1574e+01 -2.7293e+03 1.2241e+03 2.9386e+00 3.6613e+03
-5.2072e+06 3.2969e+01 -2.7152e+03 1.2467e+03 1.0911e+01 3.6724e+03
-5.2009e+06 3.3288e+01 -2.7009e+03 1.2696e+03 9.2194e+00 3.6831e+03
-5.0796e+06 3.3775e+01 -2.6863e+03 1.2927e+03 2.0475e+01 3.6939e+03
-5.1557e+06 3.3257e+01 -2.6714e+03 1.3160e+03 1.7463e+01 3.7041e+03
-5.2369e+06 3.2271e+01 -2.6562e+03 1.3395e+03 2.6385e+00 3.7143e+03
-5.3145e+06 3.1958e+01 -2.6406e+03 1.3633e+03 2.4230e+00 3.7242e+03
-5.2767e+06 3.1777e+01 -2.6247e+03 1.3872e+03 1.1732e+00 3.7337e+03
-5.2848e+06 3.2322e+01 -2.6085e+03 1.4114e+03 7.6290e+00 3.7430e+03
-5.2308e+06 3.1958e+01 -2.5920e+03 1.4357e+03 6.4579e+00 3.7520e+03
-5.3207e+06 3.1215e+01 -2.5751e+03 1.4603e+03 1.1982e+00 3.7604e+03
-5.2788e+06 3.1237e+01 -2.5578e+03 1.4850e+03 2.8109e+00 3.7693e+03
-5.4699e+06 2.9603e+01 -2.5402e+03 1.5100e+03 -1.7746e+01 3.7774e+03
-5.4336e+06 2.8814e+01 -2.5223e+03 1.5351e+03 -3.3797e+01 3.7845e+03
-5.2370e+06 3.1794e+01 -2.5039e+03 1.5603e+03 -1.9133e+01 3.7918e+03
-4.8120e+06 3.5191e+01 -2.4852e+03 1.5857e+03 -2.2602e+00 3.7990e+03
-4.5201e+06 3.6304e+01 -2.4661e+03 1.6113e+03 6.6393e+00 3.8059e+03
-4.2592e+06 3.6308e+01 -2.4466e+03 1.6371e+03 8.4081e+00 3.8122e+03
-4.3871e+06 3.6317e+01 -2.4267e+03 1.6629e+03 -7.4748e+00 3.8178e+03
-4.4147e+06 3.6331e+01 -2.4063e+03 1.6889e+03 -3.1612e+01 3.8237e+03
-4.2155e+06 3.5976e+01 -2.3856e+03 1.7150e+03 -3.3888e+01 3.8287e+03
-3.1303e+06 3.3695e+01 -2.3645e+03 1.7412e+03 -4.2208e+00 3.8392e+03
-1.8834e+06 2.9612e+01 -2.3429e+03 1.7676e+03 2.7164e+01 3.8403e+03
-5.1042e+06 3.5154e+01 -2.8691e+03 1.0124e+03 9.3462e+00 3.4886e+03
-5.0551e+06 3.6107e+01 -2.8579e+03 1.0326e+03 1.0406e+01 3.4962e+03
-4.9927e+06 3.6452e+01 -2.8464e+03 1.0530e+03 2.1272e+01 3.5149e+03
-5.1770e+06 3.4531e+01 -2.8347e+03 1.0736e+03 1.0336e+01 3.5285e+03
-5.4596e+06 3.0211e+01 -2.8227e+03 1.0946e+03 -1.6982e+01 3.5410e+03
-5.7192e+06 2.6978e+01 -2.8105e+03 1.1157e+03 -2.6868e+01 3.5521e+03
-5.7538e+06 2.6246e+01 -2.7981e+03 1.1371e+03 -2.0074e+01 3.5647e+03
-5.7895e+06 2.6229e+01 -2.7853e+03 1.1588e+03 -1.4638e+01 3.5766e+03
-5.7397e+06 2.6242e+01 -2.7723e+03 1.1807e+03 -1.4373e+01 3.5882e+03
-5.7444e+06 2.6659e+01 -2.7590e+03 1.2029e+03 -1.4871e+01 3.5997e+03
-5.6403e+06 2.7639e+01 -2.7455e+03 1.2253e+03 -1.1759e+01 3.6109e+03
-5.6279e+06 2.8292e+01 -2.7316e+03 1.2479e+03 -1.0741e+01 3.6216e+03
-5.5612e+06 2.8485e+01 -2.7175e+03 1.2708e+03 -1.3402e+01 3.6325e+03
-5.5706e+06 2.8762e+01 -2.7030e+03 1.2939e+03 -1.0328e+01 3.6435e+03
-5.5363e+06 2.8507e+01 -2.6883e+03 1.3172e+03 -1.1396e+01 3.6535e+03
-5.6175e+06 2.8019e+01 -2.6732e+03 1.3408e+03 -1.5199e+01 3.6638e+03
-5.5814e+06 2.7863e+01 -2.6578e+03 1.3645e+03 -1.4203e+01 3.6735e+03
-5.6143e+06 2.7773e+01 -2.6421e+03 1.3885e+03 -1.4928e+01 3.6827e+03
-5.5278e+06 2.8025e+01 -2.6261e+03 1.4127e+03 -1.2529e+01 3.6918e+03
-5.5524e+06 2.7819e+01 -2.6097e+03 1.4371e+03 -1.5630e+01 3.7002e+03
-5.5021e+06 2.7471e+01 -2.5929e+03 1.4617e+03 -2.0244e+01 3.7093e+03
-5.5247e+06 2.7681e+01 -2.5758e+03 1.4865e+03 -2.1367e+01 3.7176e+03
-5.4494e+06 2.8370e+01 -2.5584e+03 1.5115e+03 -2.6397e+01 3.7245e+03
-5.3024e+06 3.0870e+01 -2.5406e+03 1.5367e+03 -1.7643e+01 3.7321e+03
-4.9782e+06 3.4149e+01 -2.5224e+03 1.5620e+03 -4.6408e+00 3.7399e+03
-4.7421e+06 3.5914e+01 -2.5038e+03 1.5875e+03 -6.7771e+00 3.7469e+03
-4.3071e+06 3.6306e+01 -2.4848e+03 1.6132e+03 -3.3511e-01 3.7535e+03
-3.9577e+06 3.6304e+01 -2.4654e+03 1.6390e+03 1.8777e+01 3.7599e+03
-3.8581e+06 3.6311e+01 -2.4457e+03 1.6649e+03 1.2333e+01 3.7652e+03
-4.1097e+06 3.6327e+01 -2.4255e+03 1.6910e+03 -2.5710e+01 3.7715e+03
-3.9536e+06 3.5007e+01 -2.4049e+03 1.7172e+03 -5.0307e+01 3.7771e+03
-3.2760e+06 3.1118e+01 -2.3838e+03 1.7436e+03 -4.0097e+01 3.7868e+03
-1.8594e+06 2.7361e+01 -2.3624e+03 1.7700e+03 -6.8748e+00 3.7868e+03
-5.5732e+06 3.0546e+01 -2.8836e+03 1.0132e+03 -1.5482e+01 3.4399e+03
-5.3319e+06 3.3524e+01 -2.8726e+03 1.0334e+03 7.2721e-01 3.4470e+03
-5.2049e+06 3.5519e+01 -2.8613e+03 1.0538e+03 2.1291e+01 3.4658e+03
-5.2793e+06 3.4229e+01 -2.8497e+03 1.0744e+03 1.1838e+01 3.4787e+03
-5.5956e+06 3.0166e+01 -2.8379e+03 1.0953e+03 -2.0015e+01 3.4913e+03
-5.7759e+06 2.7125e+01 -2.8259e+03 1.1165e+03 -2.8648e+01 3.5030e+03
-5.8521e+06 2.6375e+01 -2.8136e+03 1.1379e+03 -1.6354e+01 3.5148e+03
-5.8308e+06 2.6267e+01 -2.8010e+03 1.1595e+03 -8.3963e+00 3.5267e+03
-5.8500e+06 2.6265e+01 -2.7882e+03 1.1814e+03 -6.0670e+00 3.5384e+03
-5.8118e+06 2.6266e+01 -2.7751e+03 1.2036e+03 -7.5778e+00 3.5500e+03
-5.8443e+06 2.6241e+01 -2.7617e+03 1.2260e+03 -1.1462e+01 3.5612e+03
-5.8072e+06 2.6217e+01 -2.7480e+03 1.2486e+03 -1.5253e+01 3.5718e+03
-5.8236e+06 2.6242e+01 -2.7341e+03 1.2715e+03 -1.6617e+01 3.5825e+03
-5.7761e+06 2.6265e+01 -2.7198e+03 1.2946e+03 -1.7875e+01 3.5930e+03
-5.7989e+06 2.6268e+01 -2.7052e+03 1.3179e+03 -1.8420e+01 3.6029e+03
-5.7433e+06 2.6272e+01 -2.6903e+03 1.3415e+03 -1.9581e+01 3.6125e+03
-5.7566e+06 2.6272e+01 -2.6751e+03 1.3653e+03 -2.1102e+01 3.6220e+03
-5.6860e+06 2.6258e+01 -2.6595e+03 1.3893e+03 -2.4515e+01 3.6318e+03
-5.6671e+06 2.6847e+01 -2.6437e+03 1.4135e+03 -2.5840e+01 3.6402e+03
-5.5334e+06 2.8081e+01 -2.6274e+03 1.4380e+03 -2.3198e+01 3.6490e+03
-5.4789e+06 2.8856e+01 -2.6109e+03 1.4626e+03 -2.2249e+01 3.6583e+03
-5.3463e+06 2.9473e+01 -2.5939e+03 1.4874e+03 -2.0809e+01 3.6655e+03
-5.2230e+06 3.1328e+01 -2.5766e+03 1.5125e+03 -1.3208e+01 3.6724e+03
-4.9235e+06 3.4123e+01 -2.5590e+03 1.5377e+03 2.4456e+00 3.6803e+03
-4.7266e+06 3.5917e+01 -2.5409e+03 1.5631e+03 7.0746e+00 3.6881e+03
-4.4965e+06 3.6306e+01 -2.5225e+03 1.5887e+03 -5.5303e+00 3.6949e+03
-4.2090e+06 3.6310e+01 -2.5036e+03 1.6144e+03 -6.8070e+00 3.7015e+03
-3.6699e+06 3.6304e+01 -2.4844e+03 1.6403e+03 1.7088e+01 3.7078e+03
-3.4646e+06 3.6305e+01 -2.4648e+03 1.6664e+03 2.5064e+01 3.7129e+03
-3.5271e+06 3.6356e+01 -2.4447e+03 1.6925e+03 -7.7446e+00 3.7193e+03
-3.5800e+06 3.4766e+01 -2.4243e+03 1.7189e+03 -3.4861e+01 3.7248e+03
-2.7756e+06 3.0570e+01 -2.4034e+03 1.7453e+03 -1.6068e+01 3.7337e+03
-1.6267e+06 2.7129e+01 -2.3820e+03 1.7719e+03 1.7233e+01 3.7343e+03
-5.8891e+06 2.6957e+01 -2.8981e+03 1.0137e+03 -4.0541e+01 3.3913e+03
-5.7038e+06 2.9148e+01 -2.8872e+03 1.0338e+03 -2.7593e+01 3.3986e+03
-5.4522e+06 3.1913e+01 -2.8761e+03 1.0541e+03 2.2398e+00 3.4170e+03
-5.3463e+06 3.3704e+01 -2.8647e+03 1.0747e+03 2.1169e+01 3.4280e+03
-5.3982e+06 3.3064e+01 -2.8531e+03 1.0956e+03 1.3983e+01 3.4411e+03
-5.6349e+06 2.9891e+01 -2.8412e+03 1.1167e+03 -5.6601e+00 3.4549e+03
-5.7783e+06 2.7055e+01 -2.8291e+03 1.1381e+03 -1.4912e+01 3.4658e+03
-5.8642e+06 2.6248e+01 -2.8167e+03 1.1597e+03 -1.0687e+01 3.4766e+03
-5.8425e+06 2.6264e+01 -2.8041e+03 1.1816e+03 -6.2105e+00 3.4885e+03
-5.8670e+06 2.6264e+01 -2.7912e+03 1.2038e+03 -5.6471e+00 3.4997e+03
-5.8360e+06 2.6266e+01 -2.7779e+03 1.2261e+03 -7.4453e+00 3.5106e+03
-5.8574e+06 2.6267e+01 -2.7644e+03 1.2488e+03 -9.9494e+00 3.5214e+03
-5.8086e+06 2.6268e+01 -2.7506e+03 1.2716e+03 -1.1521e+01 3.5319e+03
-5.8129e+06 2.6269e+01 -2.7366e+03 1.2948e+03 -1.3202e+01 3.5421e+03
-5.7402e+06 2.6229e+01 -2.7221e+03 1.3181e+03 -1.7565e+01 3.5523e+03
-5.6916e+06 2.6947e+01 -2.7074e+03 1.3417e+03 -1.9013e+01 3.5611e+03
-5.5509e+06 2.8159e+01 -2.6924e+03 1.3655e+03 -1.6441e+01 3.5712e+03
-5.5345e+06 2.8424e+01 -2.6770e+03 1.3895e+03 -2.4248e+01 3.5811e+03
-5.4034e+06 2.9712e+01 -2.6613e+03 1.4138e+03 -2.2351e+01 3.5880e+03
-5.2339e+06 3.2487e+01 -2.6452e+03 1.4382e+03 -3.4637e+00 3.5969e+03
-5.0403e+06 3.3996e+01 -2.6288e+03 1.4629e+03 7.1460e+00 3.6061e+03
-4.9807e+06 3.4445e+01 -2.6121e+03 1.4878e+03 6.6187e+00 3.6135e+03
-4.8307e+06 3.5090e+01 -2.5949e+03 1.5129e+03 4.2713e+00 3.6212e+03
-4.6871e+06 3.5896e+01 -2.5774e+03 1.5381e+03 6.6840e+00 3.6290e+03
-4.4455e+06 3.6303e+01 -2.5595e+03 1.5636e+03 8.3785e+00 3.6363e+03
-4.3661e+06 3.6312e+01 -2.5413e+03 1.5892e+03 -4.5650e+00 3.6429e+03
-4.0823e+06 3.6309e+01 -2.5226e+03 1.6151e+03 -1.2408e+01 3.6496e+03
-3.5953e+06 3.6301e+01 -2.5035e+03 1.6410e+03 8.7842e+00 3.6558e+03
-3.0647e+06 3.6368e+01 -2.4840e+03 1.6672e+03 3.4107e+01 3.6607e+03
-2.9760e+06 3.5877e+01 -2.4641e+03 1.6935e+03 2.2643e+01 3.6665e+03
-2.9540e+06 3.3173e+01 -2.4438e+03 1.7199e+03 -1.9392e+01 3.6713e+03
-2.5925e+06 2.9078e+01 -2.4230e+03 1.7464e+03 -2.7667e+01 3.6807e+03
-1.4249e+06 2.6682e+01 -2.4018e+03 1.7731e+03 9.6164e+00 3.6819e+03
-5.7745e+06 2.5812e+01 -2.9125e+03 1.0136e+03 -8.2907e+01 3.3410e+03
-5.7214e+06 2.6623e+01 -2.9018e+03 1.0337e+03 -7.1251e+01 3.3490e+03
-5.6665e+06 2.7935e+01 -2.8909e+03 1.0540e+03 -4.1147e+01 3.3682e+03
-5.4564e+06 3.0323e+01 -2.8797e+03 1.0746e+03 -2.1734e+00 3.3779e+03
-5.3174e+06 3.2930e+01 -2.8683e+03 1.0954e+03 2.5481e+01 3.3887e+03
-5.3986e+06 3.2033e+01 -2.8566e+03 1.1165e+03 1.8307e+01 3.4035e+03
-5.6818e+06 2.8131e+01 -2.8446e+03 1.1379e+03 -8.8008e+00 3.4158e+03
-5.8022e+06 2.6238e+01 -2.8324e+03 1.1595e+03 -1.4077e+01 3.4254e+03
-5.8408e+06 2.6264e+01 -2.8200e+03 1.1813e+03 -7.7139e+00 3.4371e+03
-5.8066e+06 2.6263e+01 -2.8072e+03 1.2034e+03 -6.9989e+00 3.4483e+03
-5.8003e+06 2.6263e+01 -2.7942e+03 1.2258e+03 -7.0952e+00 3.4591e+03
-5.7339e+06 2.6263e+01 -2.7809e+03 1.2484e+03 -6.9882e+00 3.4697e+03
-5.7037e+06 2.6263e+01 -2.7672e+03 1.2713e+03 -7.5644e+00 3.4798e+03
-5.6180e+06 2.6239e+01 -2.7533e+03 1.2944e+03 -1.2056e+01 3.4900e+03
-5.5356e+06 2.6838e+01 -2.7391e+03 1.3177e+03 -1.7328e+01 3.4998e+03
-5.2885e+06 2.9622e+01 -2.7246e+03 1.3413e+03 -5.8766e+00 3.5087e+03
-5.0852e+06 3.2613e+01 -2.7097e+03 1.3651e+03 9.1549e+00 3.5189e+03
-5.0023e+06 3.3114e+01 -2.6945e+03 1.3892e+03 1.3691e+00 3.5282e+03
-4.9614e+06 3.3848e+01 -2.6790e+03 1.4135e+03 -1.2678e+00 3.5356e+03
-4.8167e+06 3.5606e+01 -2.6631e+03 1.4379e+03 8.5142e+00 3.5441e+03
-4.7705e+06 3.6401e+01 -2.6469e+03 1.4627e+03 1.3519e+01 3.5528e+03
-4.7026e+06 3.6501e+01 -2.6303e+03 1.4876e+03 1.0213e+01 3.5611e+03
-4.6647e+06 3.6401e+01 -2.6133e+03 1.5127e+03 2.8216e+00 3.5689e+03
-4.4787e+06 3.6303e+01 -2.5960e+03 1.5380e+03 2.9861e+00 3.5759e+03
-4.3362e+06 3.6311e+01 -2.5783e+03 1.5635e+03 5.2449e+00 3.5828e+03
-4.2548e+06 3.6311e+01 -2.5601e+03 1.5892e+03 -6.1564e+00 3.5898e+03
-4.0770e+06 3.6303e+01 -2.5416e+03 1.6151e+03 -1.4473e+01 3.5963e+03
-3.5480e+06 3.6297e+01 -2.5227e+03 1.6412e+03 1.5490e+00 3.6015e+03
-2.9392e+06 3.5809e+01 -2.5034e+03 1.6674e+03 3.2626e+01 3.6069e+03
-2.5854e+06 3.3440e+01 -2.4836e+03 1.6937e+03 3.4648e+01 3.6134e+03
-2.4879e+06 2.9534e+01 -2.4634e+03 1.7203e+03 1.1912e+00 3.6177e+03
-2.1430e+06 2.6872e+01 -2.4428e+03 1.7469e+03 -2.1166e+01 3.6271e+03
-1.2766e+06 2.6237e+01 -2.4217e+03 1.7737e+03 -1.5082e+00 3.6270e+03
-4.4546e+06 2.3664e+01 -2.9269e+03 1.0132e+03 -5.6980e+01 3.2878e+03
-4.9448e+06 2.5757e+01 -2.9164e+03 1.0332e+03 -7.7335e+01 3.2939e+03
-5.4287e+06 2.6448e+01 -2.9056e+03 1.0534e+03 -8.3239e+01 3.3140e+03
-5.5636e+06 2.7124e+01 -2.8946e+03 1.0740e+03 -5.0964e+01 3.3257e+03
-5.3779e+06 3.0116e+01 -2.8834e+03 1.0948e+03 -3.8430e+00 3.3341e+03
-5.3371e+06 3.1862e+01 -2.8719e+03 1.1158e+03 1.6678e+01 3.3475e+03
-5.5503e+06 2.8777e+01 -2.8601e+03 1.1371e+03 -5.6919e+00 3.3609e+03
-5.7469e+06 2.6289e+01 -2.8481e+03 1.1587e+03 -1.5550e+01 3.3700e+03
-5.7429e+06 2.6264e+01 -2.8358e+03 1.1805e+03 -8.6413e+00 3.3816e+03
-5.7305e+06 2.6263e+01 -2.8232e+03 1.2026e+03 -7.9346e+00 3.3927e+03
-5.6334e+06 2.6272e+01 -2.8104e+03 1.2250e+03 -6.6324e+00 3.4031e+03
-5.5739e+06 2.6259e+01 -2.7973e+03 1.2476e+03 -6.5725e+00 3.4134e+03
-5.4691e+06 2.6187e+01 -2.7838e+03 1.2704e+03 -9.2951e+00 3.4242e+03
-5.3548e+06 2.6881e+01 -2.7701e+03 1.2935e+03 -9.6914e+00 3.4339e+03
-5.0601e+06 2.9660e+01 -2.7561e+03 1.3168e+03 4.3017e+00 3.4426e+03
-4.7776e+06 3.3596e+01 -2.7417e+03 1.3404e+03 2.3963e+01 3.4522e+03
-4.5977e+06 3.5798e+01 -2.7270e+03 1.3642e+03 2.7458e+01 3.4616e+03
-4.5800e+06 3.5950e+01 -2.7120e+03 1.3883e+03 2.0932e+01 3.4705e+03
-4.5072e+06 3.6012e+01 -2.6967e+03 1.4126e+03 1.7004e+01 3.4796e+03
-4.5782e+06 3.6259e+01 -2.6810e+03 1.4371e+03 7.3658e+00 3.4879e+03
-4.6218e+06 3.6299e+01 -2.6649e+03 1.4618e+03 -9.5168e-01 3.4959e+03
-4.6697e+06 3.6305e+01 -2.6485e+03 1.4868e+03 -4.1451e+00 3.5038e+03
-4.5385e+06 3.6306e+01 -2.6318e+03 1.5119e+03 -4.0167e+00 3.5111e+03
-4.3595e+06 3.6308e+01 -2.6146e+03 1.5373e+03 5.0719e+00 3.5181e+03
-4.2251e+06 3.6312e+01 -2.5971e+03 1.5628e+03 4.0273e+00 3.5250e+03
-4.2417e+06 3.6312e+01 -2.5791e+03 1.5886e+03 -6.1982e+00 3.5320e+03
-4.0445e+06 3.6303e+01 -2.5608e+03 1.6145e+03 -1.1858e+01 3.5384e+03
-3.7143e+06 3.6305e+01 -2.5420e+03 1.6407e+03 -8.4728e+00 3.5436e+03
-3.1826e+06 3.4459e+01 -2.5228e+03 1.6669e+03 3.0675e+00 3.5498e+03
-2.7252e+06 3.0073e+01 -2.5032e+03 1.6934e+03 5.6997e+00 3.5562e+03
-2.1762e+06 2.6879e+01 -2.4832e+03 1.7200e+03 9.9545e+00 3.5598e+03
-1.6342e+06 2.6229e+01 -2.4627e+03 1.7468e+03 1.5697e+01 3.5708e+03
-9.1796e+05 2.6239e+01 -2.4418e+03 1.7737e+03 1.5689e+01 3.5718e+03
-2.3698e+06 2.0627e+01 -2.9413e+03 1.0122e+03 5.7335e+01 3.2360e+03
-3.2658e+06 2.4776e+01 -2.9309e+03 1.0322e+03 5.2321e-01 3.2430e+03
-4.5539e+06 2.6430e+01 -2.9203e+03 1.0524e+03 -7.1809e+01 3.2663e+03
-5.2952e+06 2.6542e+01 -2.9095e+03 1.0729e+03 -8.3301e+01 3.2778e+03
-5.3476e+06 2.9462e+01 -2.8985e+03 1.0936e+03 -2.7190e+01 3.2869e+03
-5.2380e+06 3.1870e+01 -2.8871e+03 1.1146e+03 1.6555e+01 3.2995e+03
-5.4671e+06 2.8965e+01 -2.8756e+03 1.1359e+03 -1.2419e+00 3.3125e+03
-5.6315e+06 2.6290e+01 -2.8637e+03 1.1574e+03 -1.3072e+01 3.3218e+03
-5.6436e+06 2.6265e+01 -2.8516e+03 1.1792e+03 -5.6333e+00 3.3335e+03
-5.5557e+06 2.6233e+01 -2.8393e+03 1.2013e+03 -6.5629e+00 3.3445e+03
-5.4400e+06 2.6887e+01 -2.8266e+03 1.2236e+03 -4.4284e+00 3.3542e+03
-5.2670e+06 2.8216e+01 -2.8137e+03 1.2462e+03 -1.9658e+00 3.3648e+03
-5.1914e+06 2.8716e+01 -2.8004e+03 1.2690e+03 -9.9318e+00 3.3762e+03
-5.0005e+06 3.0109e+01 -2.7869e+03 1.2921e+03 -7.5792e+00 3.3843e+03
-4.7082e+06 3.3684e+01 -2.7731e+03 1.3154e+03 1.8329e+01 3.3930e+03
-4.4951e+06 3.6076e+01 -2.7589e+03 1.3390e+03 2.6776e+01 3.4038e+03
-4.5245e+06 3.6357e+01 -2.7444e+03 1.3628e+03 1.1779e+01 3.4128e+03
-4.4473e+06 3.6289e+01 -2.7296e+03 1.3868e+03 9.1198e+00 3.4213e+03
-4.3965e+06 3.6295e+01 -2.7144e+03 1.4111e+03 1.3323e+01 3.4301e+03
-4.3757e+06 3.6302e+01 -2.6989e+03 1.4356e+03 7.8266e+00 3.4382e+03
-4.5299e+06 3.6309e+01 -2.6831e+03 1.4604e+03 -2.7216e+00 3.4462e+03
-4.5602e+06 3.6314e+01 -2.6669e+03 1.4853e+03 -8.8657e+00 3.4537e+03
-4.4949e+06 3.6312e+01 -2.6503e+03 1.5105e+03 -4.6868e+00 3.4611e+03
-4.2282e+06 3.6307e+01 -2.6333e+03 1.5359e+03 7.1266e+00 3.4683e+03
-4.2213e+06 3.6309e+01 -2.6159e+03 1.5615e+03 2.4218e+00 3.4749e+03
-4.1833e+06 3.6311e+01 -2.5982e+03 1.5873e+03 -6.4042e+00 3.4817e+03
-4.1262e+06 3.6310e+01 -2.5800e+03 1.6133e+03 -8.8227e+00 3.4879e+03
-3.8683e+06 3.6313e+01 -2.5614e+03 1.6395e+03 -1.4316e+01 3.4934e+03
-3.5939e+06 3.3964e+01 -2.5424e+03 1.6659e+03 -1.8879e+01 3.5001e+03
-2.9618e+06 2.9100e+01 -2.5230e+03 1.6924e+03 -1.8102e+01 3.5054e+03
-2.2285e+06 2.6419e+01 -2.5031e+03 1.7191e+03 4.0027e+00 3.5098e+03
-1.3281e+06 2.6243e+01 -2.4828e+03 1.7460e+03 2.6978e+01 3.5195e+03
-7.5656e+05 2.6238e+01 -2.4620e+03 1.7730e+03 2.2142e+01 3.5152e+03
-8.3629e+05 2.0320e+01 -2.9556e+03 1.0109e+03 1.0120e+02 3.1908e+03
-1.5595e+06 2.4677e+01 -2.9454e+03 1.0307e+03 9.7886e+01 3.1885e+03
-3.1291e+06 2.6384e+01 -2.9350e+03 1.0509e+03 7.8391e+00 3.1969e+03
-4.6409e+06 2.6641e+01 -2.9244e+03 1.0713e+03 -7.7872e+01 3.2103e+03
-5.1348e+06 2.9735e+01 -2.9135e+03 1.0920e+03 -4.9401e+01 3.2194e+03
-5.1731e+06 3.1960e+01 -2.9024e+03 1.1130e+03 5.4894e+00 3.2331e+03
-5.3842e+06 2.8776e+01 -2.8910e+03 1.1342e+03 -8.1200e+00 3.2456e+03
-5.5462e+06 2.6173e+01 -2.8794e+03 1.1557e+03 -1.7617e+01 3.2543e+03
-5.4845e+06 2.6241e+01 -2.8675e+03 1.1774e+03 -8.8867e+00 3.2661e+03
-5.3830e+06 2.6870e+01 -2.8553e+03 1.1994e+03 -1.1489e+01 3.2768e+03
-5.1207e+06 2.9518e+01 -2.8428e+03 1.2217e+03 -1.4884e+00 3.2871e+03
-4.8823e+06 3.2768e+01 -2.8301e+03 1.2442e+03 1.3185e+01 3.2984e+03
-4.7624e+06 3.3892e+01 -2.8170e+03 1.2670e+03 7.2426e+00 3.3090e+03
-4.7204e+06 3.4501e+01 -2.8037e+03 1.2901e+03 1.7719e-01 3.3176e+03
-4.5717e+06 3.5914e+01 -2.7900e+03 1.3134e+03 7.4893e+00 3.3268e+03
-4.5687e+06 3.6444e+01 -2.7761e+03 1.3369e+03 3.5274e+00 3.3366e+03
-4.5622e+06 3.6305e+01 -2.7618e+03 1.3607e+03 -7.1998e+00 3.3454e+03
-4.5288e+06 3.6306e+01 -2.7472e+03 1.3848e+03 -6.7028e+00 3.3539e+03
-4.3601e+06 3.6302e+01 -2.7322e+03 1.4091e+03 2.8188e+00 3.3621e+03
-4.2870e+06 3.6301e+01 -2.7169e+03 1.4336e+03 1.1380e+01 3.3705e+03
-4.3372e+06 3.6306e+01 -2.7012e+03 1.4583e+03 3.4648e+00 3.3785e+03
-4.4916e+06 3.6313e+01 -2.6852e+03 1.4833e+03 -9.2615e+00 3.3859e+03
-4.3661e+06 3.6311e+01 -2.6688e+03 1.5085e+03 -5.2126e+00 3.3935e+03
-4.1921e+06 3.6303e+01 -2.6520e+03 1.5340e+03 5.3748e+00 3.4005e+03
-4.1040e+06 3.6302e+01 -2.6349e+03 1.5596e+03 2.5508e+00 3.4068e+03
-4.1587e+06 3.6306e+01 -2.6173e+03 1.5854e+03 -3.3091e+00 3.4138e+03
-4.0915e+06 3.6311e+01 -2.5993e+03 1.6115e+03 -5.8855e+00 3.4199e+03
-4.0040e+06 3.6310e+01 -2.5809e+03 1.6377e+03 -9.2455e+00 3.4250e+03
-3.7511e+06 3.4229e+01 -2.5621e+03 1.6641e+03 -1.8644e+01 3.4307e+03
-3.2570e+06 2.9646e+01 -2.5428e+03 1.6907e+03 -2.2049e+01 3.4357e+03
-2.3140e+06 2.6694e+01 -2.5231e+03 1.7175e+03 3.1022e+00 3.4370e+03
-1.4240e+06 2.6245e+01 -2.5029e+03 1.7445e+03 2.3643e+01 3.4527e+03
-7.0770e+05 2.6240e+01 -2.4823e+03 1.7716e+03 2.1030e+01 3.4655e+03
-2.6961e+05 2.3048e+01 -2.9698e+03 1.0090e+03 5.9935e+01 3.1386e+03
-5.1379e+05 2.5562e+01 -2.9598e+03 1.0288e+03 1.2291e+02 3.1498e+03
-1.8214e+06 2.6254e+01 -2.9496e+03 1.0489e+03 8.2144e+01 3.1600e+03
-3.7393e+06 2.6732e+01 -2.9392e+03 1.0693e+03 -4.4037e+01 3.1739e+03
-4.8377e+06 2.9800e+01 -2.9285e+03 1.0899e+03 -7.3976e+01 3.1829e+03
-5.0295e+06 3.2464e+01 -2.9176e+03 1.1108e+03 -1.7412e+01 3.1947e+03
-5.2294e+06 3.0093e+01 -2.9064e+03 1.1320e+03 -1.5580e+01 3.2075e+03
-5.3699e+06 2.6987e+01 -2.8949e+03 1.1534e+03 -3.1025e+01 3.2175e+03
-5.3203e+06 2.6992e+01 -2.8832e+03 1.1751e+03 -2.4656e+01 3.2281e+03
-5.0781e+06 2.9713e+01 -2.8712e+03 1.1970e+03 -1.2395e+01 3.2375e+03
-4.7640e+06 3.3600e+01 -2.8590e+03 1.2193e+03 7.3316e+00 3.2476e+03
-4.5294e+06 3.5911e+01 -2.8464e+03 1.2418e+03 1.8656e+01 3.2581e+03
-4.4925e+06 3.6377e+01 -2.8336e+03 1.2645e+03 1.3682e+01 3.2680e+03
-4.4866e+06 3.6316e+01 -2.8205e+03 1.2875e+03 4.8917e+00 3.2781e+03
-4.5369e+06 3.6300e+01 -2.8070e+03 1.3108e+03 -3.2744e-01 3.2872e+03
-4.5491e+06 3.6312e+01 -2.7933e+03 1.3343e+03 -6.0529e+00 3.2956e+03
-4.5757e+06 3.6315e+01 -2.7792e+03 1.3581e+03 -9.6052e+00 3.3045e+03
-4.4678e+06 3.6311e+01 -2.7648e+03 1.3822e+03 -6.9511e+00 3.3131e+03
-4.3222e+06 3.6302e+01 -2.7500e+03 1.4064e+03 5.8143e+00 3.3213e+03
-4.1462e+06 3.6297e+01 -2.7349e+03 1.4309e+03 1.7891e+01 3.3293e+03
-4.2377e+06 3.6302e+01 -2.7194e+03 1.4557e+03 8.1743e+00 3.3369e+03
-4.3274e+06 3.6310e+01 -2.7036e+03 1.4807e+03 -7.0199e+00 3.3443e+03
-4.2631e+06 3.6309e+01 -2.6874e+03 1.5059e+03 -2.3446e+00 3.3518e+03
-4.0337e+06 3.6301e+01 -2.6708e+03 1.5313e+03 7.8714e+00 3.3586e+03
-3.9921e+06 3.6298e+01 -2.6538e+03 1.5570e+03 7.5113e+00 3.3650e+03
-4.0128e+06 3.6302e+01 -2.6365e+03 1.5829e+03 1.4242e+00 3.3716e+03
-4.1176e+06 3.6311e+01 -2.6187e+03 1.6090e+03 -6.7812e+00 3.3774e+03
-3.9977e+06 3.6308e+01 -2.6005e+03 1.6353e+03 -5.4738e+00 3.3827e+03
-3.8828e+06 3.4431e+01 -2.5818e+03 1.6617e+03 -1.5300e+01 3.3895e+03
-3.4940e+06 3.0056e+01 -2.5628e+03 1.6884e+03 -2.9943e+01 3.3948e+03
-2.6609e+06 2.6903e+01 -2.5432e+03 1.7153e+03 -5.3649e+00 3.3985e+03
-1.5460e+06 2.6249e+01 -2.5232e+03 1.7423e+03 1.9961e+01 3.4019e+03
-8.1772e+05 2.6242e+01 -2.5028e+03 1.7695e+03 2.2943e+01 3.4090e+03
