  1    1089
-5.8608e+06 3.6291e+01 -4.6347e+03 1.5049e+03 1.3241e+00 -5.4858e+03
-5.9395e+06 3.6277e+01 -4.6347e+03 1.4841e+03 1.0519e+00 -5.5238e+03
-5.7492e+06 3.6244e+01 -4.6347e+03 1.4633e+03 1.2847e+02 -5.6582e+03
-5.6333e+06 3.6197e+01 -4.6347e+03 1.4425e+03 5.5148e+02 -5.8425e+03
-5.7515e+06 3.6142e+01 -4.6347e+03 1.4217e+03 1.2010e+03 -5.9757e+03
-5.7757e+06 3.6081e+01 -4.6353e+03 1.3965e+03 1.9580e+03 -6.0273e+03
-5.8521e+06 3.6030e+01 -4.6347e+03 1.3659e+03 2.6924e+03 -5.7683e+03
-5.7998e+06 3.6007e+01 -4.6313e+03 1.3355e+03 2.8877e+03 -4.5901e+03
-5.7077e+06 3.6009e+01 -4.6307e+03 1.3181e+03 2.6408e+03 -3.7738e+03
-5.8214e+06 3.6011e+01 -4.6323e+03 1.2987e+03 2.5776e+03 -4.0635e+03
-5.7979e+06 3.5993e+01 -4.6337e+03 1.2795e+03 2.7758e+03 -4.5558e+03
-5.8179e+06 3.5962e+01 -4.6347e+03 1.2576e+03 3.1567e+03 -4.9989e+03
-5.7546e+06 3.5928e+01 -4.6338e+03 1.2330e+03 3.5382e+03 -5.0464e+03
-5.6458e+06 3.5899e+01 -4.6326e+03 1.2083e+03 3.7630e+03 -4.8399e+03
-5.5665e+06 3.5894e+01 -4.6312e+03 1.1834e+03 3.8664e+03 -4.3886e+03
-5.5237e+06 3.5817e+01 -4.6304e+03 1.1619e+03 3.8951e+03 -4.0276e+03
-5.4806e+06 3.5659e+01 -4.6309e+03 1.1411e+03 3.9818e+03 -4.0544e+03
-5.4698e+06 3.5610e+01 -4.6314e+03 1.1204e+03 4.1250e+03 -4.1388e+03
-5.3969e+06 3.5616e+01 -4.6318e+03 1.0999e+03 4.2730e+03 -4.2495e+03
-5.3017e+06 3.5631e+01 -4.6323e+03 1.0795e+03 4.5037e+03 -4.6045e+03
-5.1400e+06 3.5710e+01 -4.6318e+03 1.0549e+03 4.8169e+03 -4.8195e+03
-5.0730e+06 3.5732e+01 -4.6305e+03 1.0302e+03 5.0647e+03 -4.6279e+03
-4.9603e+06 3.5690e+01 -4.6290e+03 1.0054e+03 5.2478e+03 -4.8718e+03
-5.0991e+06 3.5649e+01 -4.6274e+03 9.8043e+02 5.5361e+03 -5.8741e+03
-5.1755e+06 3.5609e+01 -4.6146e+03 9.3585e+02 5.7615e+03 -5.8971e+03
-4.9831e+06 3.5580e+01 -4.5994e+03 8.9851e+02 5.8959e+03 -4.9262e+03
-4.9081e+06 3.5561e+01 -4.5877e+03 8.6590e+02 6.1392e+03 -4.7064e+03
-4.7496e+06 3.5550e+01 -4.5779e+03 8.3223e+02 6.3425e+03 -5.1541e+03
-4.7037e+06 3.5549e+01 -4.5698e+03 7.9748e+02 6.3953e+03 -5.5120e+03
-4.7843e+06 3.5559e+01 -4.5649e+03 7.6338e+02 6.4125e+03 -5.3776e+03
-4.9650e+06 3.5576e+01 -4.5631e+03 7.3602e+02 6.4063e+03 -5.1317e+03
-4.8167e+06 3.5589e+01 -4.5614e+03 7.0859e+02 6.1933e+03 -4.3404e+03
-4.7698e+06 3.5595e+01 -4.5648e+03 6.8928e+02 6.0172e+03 -3.2997e+03
-5.8631e+06 3.6292e+01 -4.6069e+03 1.5298e+03 4.8501e+00 -5.5507e+03
-5.8138e+06 3.6285e+01 -4.6072e+03 1.5083e+03 -1.0380e+00 -5.5727e+03
-5.9058e+06 3.6271e+01 -4.6075e+03 1.4869e+03 -2.7218e+00 -5.5860e+03
-5.8725e+06 3.6252e+01 -4.6078e+03 1.4654e+03 3.4518e+01 -5.6187e+03
-5.7260e+06 3.6221e+01 -4.6081e+03 1.4440e+03 2.0616e+02 -5.7334e+03
-5.6302e+06 3.6172e+01 -4.6084e+03 1.4226e+03 6.8584e+02 -5.9143e+03
-5.7894e+06 3.6123e+01 -4.6087e+03 1.4012e+03 1.4167e+03 -6.0855e+03
-5.8322e+06 3.6096e+01 -4.6099e+03 1.3738e+03 1.7632e+03 -5.6616e+03
-5.7370e+06 3.6094e+01 -4.6102e+03 1.3545e+03 1.6114e+03 -5.1988e+03
-5.8056e+06 3.6095e+01 -4.6101e+03 1.3353e+03 1.4671e+03 -5.3260e+03
-5.7283e+06 3.6085e+01 -4.6098e+03 1.3160e+03 1.4833e+03 -5.5742e+03
-5.7537e+06 3.6064e+01 -4.6101e+03 1.2948e+03 1.6972e+03 -5.8637e+03
-5.7164e+06 3.6034e+01 -4.6108e+03 1.2714e+03 2.0586e+03 -5.9997e+03
-5.7656e+06 3.6036e+01 -4.6115e+03 1.2468e+03 2.4193e+03 -5.9658e+03
-5.7176e+06 3.5794e+01 -4.6119e+03 1.2219e+03 2.6213e+03 -5.6947e+03
-5.6510e+06 3.5096e+01 -4.6122e+03 1.2014e+03 2.6563e+03 -5.4574e+03
-5.5924e+06 3.4561e+01 -4.6125e+03 1.1810e+03 2.6841e+03 -5.4771e+03
-5.5348e+06 3.4534e+01 -4.6127e+03 1.1607e+03 2.7178e+03 -5.5245e+03
-5.4542e+06 3.4547e+01 -4.6129e+03 1.1405e+03 2.7664e+03 -5.6008e+03
-5.3708e+06 3.4836e+01 -4.6130e+03 1.1198e+03 2.9935e+03 -5.8479e+03
-5.3078e+06 3.5554e+01 -4.6134e+03 1.0953e+03 3.3944e+03 -6.0240e+03
-5.3050e+06 3.5867e+01 -4.6137e+03 1.0707e+03 3.8335e+03 -5.9770e+03
-5.2730e+06 3.5765e+01 -4.6138e+03 1.0460e+03 4.5305e+03 -6.7715e+03
-5.1767e+06 3.5681e+01 -4.6096e+03 1.0040e+03 5.3919e+03 -7.4371e+03
-5.0198e+06 3.5612e+01 -4.6020e+03 9.6207e+02 5.8927e+03 -6.3386e+03
-5.0537e+06 3.5571e+01 -4.5956e+03 9.2981e+02 6.0753e+03 -4.9696e+03
-5.1203e+06 3.5547e+01 -4.5867e+03 8.9616e+02 6.2082e+03 -4.3485e+03
-5.1127e+06 3.5531e+01 -4.5761e+03 8.6263e+02 6.2685e+03 -3.9022e+03
-5.0277e+06 3.5523e+01 -4.5661e+03 8.2984e+02 6.3128e+03 -3.4808e+03
-4.9320e+06 3.5522e+01 -4.5626e+03 8.0282e+02 6.4226e+03 -3.2176e+03
-4.9549e+06 3.5533e+01 -4.5594e+03 7.7577e+02 6.3775e+03 -2.8082e+03
-5.0637e+06 3.5552e+01 -4.5603e+03 7.5158e+02 6.0914e+03 -1.9527e+03
-5.0761e+06 3.5575e+01 -4.5671e+03 7.3863e+02 5.9588e+03 -1.6039e+03
-5.8390e+06 3.6295e+01 -4.5786e+03 1.5543e+03 2.4717e+00 -5.6185e+03
-5.8661e+06 3.6290e+01 -4.5792e+03 1.5321e+03 -2.3367e+00 -5.6418e+03
-5.8252e+06 3.6280e+01 -4.5799e+03 1.5100e+03 6.6336e+00 -5.6641e+03
-5.8372e+06 3.6274e+01 -4.5805e+03 1.4879e+03 7.9043e+00 -5.6851e+03
-5.9442e+06 3.6263e+01 -4.5811e+03 1.4658e+03 6.1202e+00 -5.7077e+03
-5.8795e+06 3.6239e+01 -4.5817e+03 1.4438e+03 6.3101e+01 -5.7365e+03
-5.7218e+06 3.6233e+01 -4.5823e+03 1.4218e+03 2.5924e+02 -5.8702e+03
-5.7470e+06 3.6130e+01 -4.5829e+03 1.3998e+03 4.3107e+02 -5.8764e+03
-5.7869e+06 3.5926e+01 -4.5834e+03 1.3779e+03 3.8943e+02 -5.7619e+03
-5.7725e+06 3.5902e+01 -4.5840e+03 1.3560e+03 2.5593e+02 -5.7593e+03
-5.7473e+06 3.5980e+01 -4.5845e+03 1.3342e+03 1.7665e+02 -5.7959e+03
-5.6921e+06 3.5998e+01 -4.5851e+03 1.3124e+03 2.2113e+02 -5.8920e+03
-5.6706e+06 3.6070e+01 -4.5856e+03 1.2907e+03 4.0808e+02 -5.9954e+03
-5.6592e+06 3.5950e+01 -4.5861e+03 1.2691e+03 6.6913e+02 -6.0608e+03
-5.6748e+06 3.4936e+01 -4.5866e+03 1.2475e+03 8.3874e+02 -6.0176e+03
-5.5898e+06 3.3504e+01 -4.5871e+03 1.2260e+03 8.6143e+02 -5.9630e+03
-5.5391e+06 3.2853e+01 -4.5876e+03 1.2045e+03 8.3177e+02 -5.9778e+03
-5.4265e+06 3.2490e+01 -4.5880e+03 1.1831e+03 7.9600e+02 -5.9923e+03
-5.3199e+06 3.2233e+01 -4.5885e+03 1.1618e+03 7.8015e+02 -6.0179e+03
-4.9949e+06 3.3559e+01 -4.5890e+03 1.1406e+03 9.1607e+02 -6.1132e+03
-5.0165e+06 3.5665e+01 -4.5894e+03 1.1195e+03 1.1681e+03 -6.2009e+03
-4.9756e+06 3.6391e+01 -4.5899e+03 1.0984e+03 1.5541e+03 -6.2524e+03
-5.2688e+06 3.6176e+01 -4.5903e+03 1.0774e+03 2.7851e+03 -7.1320e+03
-5.6605e+06 3.5999e+01 -4.5905e+03 1.0355e+03 4.5470e+03 -7.6732e+03
-5.4130e+06 3.5860e+01 -4.5894e+03 9.9916e+02 5.6547e+03 -6.9288e+03
-5.1214e+06 3.5730e+01 -4.5859e+03 9.6405e+02 6.1251e+03 -6.1706e+03
-4.8874e+06 3.5651e+01 -4.5805e+03 9.2905e+02 6.3894e+03 -5.3196e+03
-4.9465e+06 3.5623e+01 -4.5733e+03 8.9419e+02 6.4352e+03 -4.1530e+03
-4.7877e+06 3.5584e+01 -4.5707e+03 8.6926e+02 6.4325e+03 -3.3116e+03
-5.0046e+06 3.5548e+01 -4.5679e+03 8.4239e+02 6.5505e+03 -2.8421e+03
-4.7872e+06 3.5540e+01 -4.5649e+03 8.1547e+02 6.4050e+03 -2.0614e+03
-4.7213e+06 3.5558e+01 -4.5698e+03 8.0279e+02 6.1219e+03 -1.4215e+03
-4.7871e+06 3.5577e+01 -4.5756e+03 7.9014e+02 6.0733e+03 -1.2665e+03
-5.8621e+06 3.6300e+01 -4.5499e+03 1.5782e+03 7.9797e-01 -5.6852e+03
-5.8338e+06 3.6298e+01 -4.5508e+03 1.5554e+03 -4.2770e+00 -5.7081e+03
-5.8754e+06 3.6289e+01 -4.5518e+03 1.5326e+03 8.8960e-01 -5.7284e+03
-5.9013e+06 3.6284e+01 -4.5528e+03 1.5099e+03 5.7938e+00 -5.7499e+03
-5.8645e+06 3.6278e+01 -4.5537e+03 1.4872e+03 6.2182e+00 -5.7705e+03
-5.8982e+06 3.6298e+01 -4.5546e+03 1.4645e+03 4.0270e+00 -5.7897e+03
-5.9808e+06 3.6083e+01 -4.5555e+03 1.4419e+03 7.9990e+00 -5.8116e+03
-6.0044e+06 3.5347e+01 -4.5564e+03 1.4193e+03 1.5538e+01 -5.8321e+03
-6.0516e+06 3.4706e+01 -4.5572e+03 1.3968e+03 1.0299e+01 -5.8486e+03
-6.1126e+06 3.4693e+01 -4.5581e+03 1.3744e+03 -4.8758e+00 -5.8658e+03
-6.1147e+06 3.4857e+01 -4.5589e+03 1.3520e+03 -1.4682e+01 -5.8844e+03
-6.1169e+06 3.4913e+01 -4.5597e+03 1.3296e+03 -1.0764e+01 -5.9044e+03
-6.0999e+06 3.4903e+01 -4.5605e+03 1.3074e+03 5.5175e+00 -5.9249e+03
-6.0786e+06 3.4032e+01 -4.5613e+03 1.2852e+03 2.6044e+01 -5.9435e+03
-6.0024e+06 3.2543e+01 -4.5620e+03 1.2631e+03 3.9310e+01 -5.9578e+03
-5.9300e+06 3.1788e+01 -4.5628e+03 1.2410e+03 4.4559e+01 -5.9716e+03
-5.8437e+06 3.1239e+01 -4.5635e+03 1.2191e+03 3.9490e+01 -5.9881e+03
-5.7319e+06 2.9943e+01 -4.5642e+03 1.1972e+03 2.9584e+01 -6.0047e+03
-5.4866e+06 2.9449e+01 -4.5649e+03 1.1754e+03 3.6117e+01 -6.0211e+03
-5.1913e+06 3.1446e+01 -4.5656e+03 1.1537e+03 7.5345e+01 -6.0375e+03
-5.2119e+06 3.3677e+01 -4.5663e+03 1.1321e+03 8.5128e+01 -6.0548e+03
-5.3937e+06 3.4305e+01 -4.5670e+03 1.1105e+03 1.6007e+02 -6.0886e+03
-5.3697e+06 3.4278e+01 -4.5677e+03 1.0891e+03 8.7042e+02 -6.4636e+03
-5.4427e+06 3.4281e+01 -4.5683e+03 1.0678e+03 2.2894e+03 -6.9705e+03
-5.6008e+06 3.4608e+01 -4.5695e+03 1.0377e+03 3.8414e+03 -7.1623e+03
-5.6816e+06 3.4865e+01 -4.5697e+03 1.0013e+03 5.1808e+03 -7.0487e+03
-5.5670e+06 3.4852e+01 -4.5679e+03 9.6491e+02 5.9967e+03 -6.2787e+03
-5.4234e+06 3.4829e+01 -4.5668e+03 9.3730e+02 6.2445e+03 -5.2762e+03
-5.2499e+06 3.5024e+01 -4.5658e+03 9.1053e+02 6.3465e+03 -4.7735e+03
-5.1701e+06 3.5427e+01 -4.5646e+03 8.8368e+02 6.3749e+03 -4.0365e+03
-5.0752e+06 3.5623e+01 -4.5646e+03 8.6553e+02 6.1228e+03 -3.1253e+03
-5.2803e+06 3.5654e+01 -4.5682e+03 8.5239e+02 5.8458e+03 -2.9994e+03
-5.3029e+06 3.5686e+01 -4.5712e+03 8.3953e+02 5.9029e+03 -2.9140e+03
-5.8608e+06 3.6303e+01 -4.5207e+03 1.6017e+03 -7.2409e-01 -5.7513e+03
-5.8851e+06 3.6303e+01 -4.5220e+03 1.5782e+03 -6.5713e+00 -5.7740e+03
-5.8546e+06 3.6294e+01 -4.5233e+03 1.5548e+03 3.6117e+00 -5.7946e+03
-5.8530e+06 3.6287e+01 -4.5246e+03 1.5314e+03 8.1879e+00 -5.8155e+03
-5.9221e+06 3.6280e+01 -4.5258e+03 1.5080e+03 5.8579e+00 -5.8356e+03
-5.9512e+06 3.6266e+01 -4.5271e+03 1.4848e+03 1.2781e+01 -5.8550e+03
-5.9797e+06 3.5477e+01 -4.5283e+03 1.4615e+03 1.7383e+01 -5.8746e+03
-6.1027e+06 3.3847e+01 -4.5295e+03 1.4384e+03 1.1955e+01 -5.8943e+03
-6.1525e+06 3.2977e+01 -4.5306e+03 1.4153e+03 1.2498e+01 -5.9132e+03
-6.0938e+06 3.3036e+01 -4.5318e+03 1.3923e+03 1.9302e+01 -5.9318e+03
-6.0369e+06 3.3176e+01 -4.5329e+03 1.3693e+03 2.2998e+01 -5.9500e+03
-6.0370e+06 3.2869e+01 -4.5340e+03 1.3464e+03 1.7960e+01 -5.9677e+03
-6.0954e+06 3.1763e+01 -4.5350e+03 1.3236e+03 3.8868e+00 -5.9846e+03
-6.1100e+06 3.0035e+01 -4.5361e+03 1.3009e+03 -8.7750e+00 -6.0007e+03
-6.0639e+06 2.9107e+01 -4.5371e+03 1.2782e+03 -1.5211e+01 -6.0160e+03
-5.9867e+06 2.9441e+01 -4.5381e+03 1.2557e+03 -1.8401e+01 -6.0320e+03
-5.8746e+06 2.8924e+01 -4.5391e+03 1.2332e+03 -2.0833e+01 -6.0484e+03
-5.6380e+06 2.7502e+01 -4.5401e+03 1.2108e+03 -1.7868e+01 -6.0640e+03
-5.2604e+06 2.7237e+01 -4.5411e+03 1.1886e+03 1.0441e+01 -6.0788e+03
-5.0386e+06 2.8269e+01 -4.5420e+03 1.1664e+03 2.9646e+01 -6.0934e+03
-5.3210e+06 2.8829e+01 -4.5429e+03 1.1443e+03 -3.1472e+00 -6.1081e+03
-5.7636e+06 2.8973e+01 -4.5438e+03 1.1223e+03 -2.6994e+01 -6.1247e+03
-5.8345e+06 2.9296e+01 -4.5447e+03 1.1004e+03 6.9543e+01 -6.1548e+03
-5.6569e+06 2.9647e+01 -4.5456e+03 1.0786e+03 4.5395e+02 -6.3398e+03
-5.5371e+06 3.0722e+01 -4.5465e+03 1.0569e+03 1.3168e+03 -6.6065e+03
-5.5595e+06 3.2048e+01 -4.5473e+03 1.0353e+03 2.5671e+03 -6.8448e+03
-5.5531e+06 3.2781e+01 -4.5488e+03 1.0070e+03 3.6033e+03 -6.6958e+03
-5.4360e+06 3.2993e+01 -4.5498e+03 9.8039e+02 4.2162e+03 -6.3162e+03
-5.5920e+06 3.3743e+01 -4.5505e+03 9.5362e+02 4.6745e+03 -6.1197e+03
-5.4613e+06 3.5187e+01 -4.5511e+03 9.2725e+02 4.6765e+03 -5.4321e+03
-5.2844e+06 3.5647e+01 -4.5520e+03 9.1287e+02 4.1472e+03 -4.8031e+03
-5.2698e+06 3.4857e+01 -4.5528e+03 8.9950e+02 3.5532e+03 -4.8563e+03
-5.1077e+06 3.4302e+01 -4.5530e+03 8.8641e+02 3.7959e+03 -4.8775e+03
-5.8736e+06 3.6303e+01 -4.4910e+03 1.6247e+03 -1.0319e-01 -5.8182e+03
-5.8592e+06 3.6303e+01 -4.4927e+03 1.6005e+03 -5.6225e+00 -5.8406e+03
-5.8807e+06 3.6294e+01 -4.4944e+03 1.5764e+03 6.0163e-01 -5.8606e+03
-5.8946e+06 3.6288e+01 -4.4960e+03 1.5524e+03 7.4158e+00 -5.8809e+03
-5.8841e+06 3.6349e+01 -4.4976e+03 1.5284e+03 1.7024e+01 -5.9011e+03
-6.0106e+06 3.5403e+01 -4.4992e+03 1.5045e+03 1.7505e+01 -5.9227e+03
-6.2851e+06 3.2952e+01 -4.5007e+03 1.4807e+03 1.4109e+00 -5.9423e+03
-6.4266e+06 3.1145e+01 -4.5022e+03 1.4570e+03 -2.0563e+00 -5.9590e+03
-6.3822e+06 3.1167e+01 -4.5037e+03 1.4333e+03 1.0412e+01 -5.9772e+03
-6.2626e+06 3.1723e+01 -4.5051e+03 1.4097e+03 1.9416e+01 -5.9959e+03
-6.1849e+06 3.1609e+01 -4.5065e+03 1.3862e+03 1.4132e+01 -6.0141e+03
-6.2182e+06 3.0395e+01 -4.5079e+03 1.3627e+03 -5.8751e+00 -6.0316e+03
-6.2444e+06 2.8414e+01 -4.5092e+03 1.3394e+03 -2.4056e+01 -6.0481e+03
-6.1198e+06 2.7003e+01 -4.5106e+03 1.3161e+03 -2.0684e+01 -6.0639e+03
-5.9575e+06 2.6796e+01 -4.5119e+03 1.2930e+03 -1.3034e+01 -6.0797e+03
-5.8851e+06 2.7069e+01 -4.5132e+03 1.2699e+03 -2.1957e+01 -6.0955e+03
-5.7300e+06 2.6845e+01 -4.5144e+03 1.2469e+03 -2.8054e+01 -6.1110e+03
-5.4022e+06 2.6355e+01 -4.5156e+03 1.2241e+03 -1.6959e+01 -6.1259e+03
-5.0656e+06 2.6330e+01 -4.5169e+03 1.2013e+03 9.8805e+00 -6.1402e+03
-5.0456e+06 2.6429e+01 -4.5181e+03 1.1786e+03 1.7663e+01 -6.1543e+03
-5.3807e+06 2.6238e+01 -4.5192e+03 1.1561e+03 -7.3398e+00 -6.1682e+03
-5.7043e+06 2.6202e+01 -4.5204e+03 1.1336e+03 -2.7665e+01 -6.1808e+03
-5.8770e+06 2.6405e+01 -4.5215e+03 1.1113e+03 -2.4741e+01 -6.1943e+03
-5.9552e+06 2.6640e+01 -4.5226e+03 1.0890e+03 4.4659e+00 -6.2127e+03
-5.8364e+06 2.7487e+01 -4.5237e+03 1.0669e+03 1.0611e+02 -6.2374e+03
-5.4849e+06 2.9355e+01 -4.5248e+03 1.0449e+03 4.1796e+02 -6.3772e+03
-5.3608e+06 3.1204e+01 -4.5258e+03 1.0230e+03 8.8755e+02 -6.4863e+03
-5.3970e+06 3.1814e+01 -4.5269e+03 1.0012e+03 1.3440e+03 -6.4674e+03
-5.4530e+06 3.2979e+01 -4.5279e+03 9.7959e+02 1.7303e+03 -6.4368e+03
-5.4187e+06 3.4760e+01 -4.5289e+03 9.5807e+02 1.7644e+03 -6.2049e+03
-5.3383e+06 3.4184e+01 -4.5299e+03 9.3667e+02 1.3402e+03 -5.9979e+03
-5.1271e+06 3.1708e+01 -4.5309e+03 9.1539e+02 7.7704e+02 -6.0037e+03
-4.7972e+06 3.0664e+01 -4.5318e+03 8.9424e+02 1.0001e+03 -6.0703e+03
-5.8668e+06 3.6302e+01 -4.4610e+03 1.6471e+03 -5.0294e-01 -5.8852e+03
-5.8947e+06 3.6301e+01 -4.4630e+03 1.6223e+03 -7.6988e+00 -5.9072e+03
-5.8840e+06 3.6292e+01 -4.4651e+03 1.5976e+03 3.9240e-01 -5.9270e+03
-5.8846e+06 3.6286e+01 -4.4670e+03 1.5729e+03 1.2488e+01 -5.9466e+03
-5.9723e+06 3.6549e+01 -4.4690e+03 1.5483e+03 2.5213e+01 -5.9667e+03
-6.2737e+06 3.3927e+01 -4.4709e+03 1.5238e+03 1.1828e+01 -5.9909e+03
-6.6863e+06 2.8739e+01 -4.4727e+03 1.4994e+03 -2.3315e+01 -6.0086e+03
-6.8377e+06 2.7249e+01 -4.4745e+03 1.4751e+03 -2.5777e+01 -6.0221e+03
-6.6608e+06 2.8724e+01 -4.4763e+03 1.4508e+03 -3.6039e+00 -6.0420e+03
-6.3673e+06 2.9654e+01 -4.4781e+03 1.4266e+03 1.4299e+01 -6.0613e+03
-6.1662e+06 2.9194e+01 -4.4798e+03 1.4026e+03 1.3328e+01 -6.0787e+03
-6.0589e+06 2.7772e+01 -4.4814e+03 1.3786e+03 -3.3906e+00 -6.0954e+03
-5.9817e+06 2.6658e+01 -4.4831e+03 1.3547e+03 -1.9805e+01 -6.1115e+03
-5.8685e+06 2.6249e+01 -4.4847e+03 1.3309e+03 -2.5405e+01 -6.1274e+03
-5.7404e+06 2.6251e+01 -4.4863e+03 1.3073e+03 -2.2756e+01 -6.1432e+03
-5.5819e+06 2.6239e+01 -4.4879e+03 1.2837e+03 -2.3086e+01 -6.1587e+03
-5.3072e+06 2.6249e+01 -4.4894e+03 1.2602e+03 -1.7406e+01 -6.1738e+03
-4.9823e+06 2.6257e+01 -4.4909e+03 1.2368e+03 -4.8151e+00 -6.1882e+03
-4.8126e+06 2.6252e+01 -4.4924e+03 1.2136e+03 5.5964e+00 -6.2021e+03
-4.9318e+06 2.6252e+01 -4.4938e+03 1.1904e+03 -5.7618e-01 -6.2161e+03
-5.2158e+06 2.6255e+01 -4.4952e+03 1.1674e+03 -1.8519e+01 -6.2295e+03
-5.4840e+06 2.6256e+01 -4.4966e+03 1.1445e+03 -3.1149e+01 -6.2423e+03
-5.6444e+06 2.6250e+01 -4.4980e+03 1.1217e+03 -2.9179e+01 -6.2554e+03
-5.6723e+06 2.6254e+01 -4.4993e+03 1.0990e+03 -2.3621e+01 -6.2677e+03
-5.7202e+06 2.6464e+01 -4.5007e+03 1.0765e+03 -3.2395e+01 -6.2794e+03
-5.8173e+06 2.7750e+01 -4.5020e+03 1.0541e+03 -2.6363e+01 -6.2937e+03
-5.7150e+06 2.9509e+01 -4.5032e+03 1.0318e+03 2.0715e+01 -6.3083e+03
-5.6584e+06 3.0173e+01 -4.5045e+03 1.0096e+03 6.6766e+01 -6.3195e+03
-5.5350e+06 3.1323e+01 -4.5057e+03 9.8754e+02 9.7359e+01 -6.3248e+03
-5.4603e+06 3.2319e+01 -4.5069e+03 9.6562e+02 8.9988e+01 -6.3271e+03
-5.4015e+06 3.0520e+01 -4.5081e+03 9.4384e+02 3.3278e+01 -6.3331e+03
-5.3743e+06 2.7977e+01 -4.5093e+03 9.2218e+02 -4.6754e+01 -6.3384e+03
-4.8197e+06 2.7642e+01 -4.5105e+03 9.0066e+02 1.8684e+01 -6.3557e+03
-5.8748e+06 3.6299e+01 -4.4305e+03 1.6689e+03 -1.2676e-01 -5.9523e+03
-5.8875e+06 3.6299e+01 -4.4329e+03 1.6435e+03 -8.9596e+00 -5.9741e+03
-5.9107e+06 3.6291e+01 -4.4353e+03 1.6181e+03 -8.9662e-01 -5.9936e+03
-5.9345e+06 3.6282e+01 -4.4376e+03 1.5929e+03 1.8450e+01 -6.0133e+03
-6.1145e+06 3.5546e+01 -4.4399e+03 1.5677e+03 2.6106e+01 -6.0339e+03
-6.6783e+06 3.0678e+01 -4.4422e+03 1.5426e+03 -1.6105e+01 -6.0556e+03
-7.2409e+06 2.4345e+01 -4.4443e+03 1.5176e+03 -6.5973e+01 -6.0709e+03
-7.2827e+06 2.3276e+01 -4.4465e+03 1.4927e+03 -6.2532e+01 -6.0869e+03
-6.9377e+06 2.5329e+01 -4.4486e+03 1.4678e+03 -3.3960e+01 -6.1077e+03
-6.4735e+06 2.6930e+01 -4.4507e+03 1.4431e+03 -1.0549e+01 -6.1259e+03
-6.0760e+06 2.7070e+01 -4.4527e+03 1.4185e+03 -3.4427e+00 -6.1429e+03
-5.7731e+06 2.6391e+01 -4.4547e+03 1.3940e+03 -4.5798e+00 -6.1594e+03
-5.5879e+06 2.6254e+01 -4.4566e+03 1.3696e+03 -1.2257e+01 -6.1755e+03
-5.5416e+06 2.6266e+01 -4.4585e+03 1.3453e+03 -3.0989e+01 -6.1914e+03
-5.4506e+06 2.6269e+01 -4.4604e+03 1.3211e+03 -3.9497e+01 -6.2070e+03
-5.2050e+06 2.6268e+01 -4.4622e+03 1.2970e+03 -3.2137e+01 -6.2221e+03
-4.8536e+06 2.6263e+01 -4.4640e+03 1.2730e+03 -1.7223e+01 -6.2366e+03
-4.5755e+06 2.6259e+01 -4.4658e+03 1.2492e+03 -6.7889e+00 -6.2506e+03
-4.5487e+06 2.6258e+01 -4.4675e+03 1.2254e+03 -8.7090e+00 -6.2643e+03
-4.7077e+06 2.6259e+01 -4.4692e+03 1.2018e+03 -1.7028e+01 -6.2780e+03
-4.8950e+06 2.6262e+01 -4.4709e+03 1.1784e+03 -2.2905e+01 -6.2913e+03
-5.0650e+06 2.6264e+01 -4.4726e+03 1.1550e+03 -2.7718e+01 -6.3040e+03
-5.1880e+06 2.6261e+01 -4.4742e+03 1.1318e+03 -2.8363e+01 -6.3161e+03
-5.2597e+06 2.6256e+01 -4.4758e+03 1.1087e+03 -2.5183e+01 -6.3281e+03
-5.3289e+06 2.6274e+01 -4.4773e+03 1.0857e+03 -2.5758e+01 -6.3403e+03
-5.3535e+06 2.6655e+01 -4.4789e+03 1.0628e+03 -2.8488e+01 -6.3510e+03
-5.4499e+06 2.7241e+01 -4.4804e+03 1.0401e+03 -3.4347e+01 -6.3606e+03
-5.5474e+06 2.7570e+01 -4.4819e+03 1.0175e+03 -5.3325e+01 -6.3701e+03
-5.5392e+06 2.8189e+01 -4.4833e+03 9.9510e+02 -6.7917e+01 -6.3794e+03
-5.3527e+06 2.8388e+01 -4.4848e+03 9.7279e+02 -6.0137e+01 -6.3896e+03
-5.0245e+06 2.7299e+01 -4.4862e+03 9.5062e+02 -3.7064e+01 -6.4004e+03
-4.4723e+06 2.6376e+01 -4.4876e+03 9.2859e+02 -1.6711e+01 -6.4027e+03
-3.9348e+06 2.6506e+01 -4.4889e+03 9.0670e+02 2.9733e+01 -6.3964e+03
-5.8782e+06 3.6298e+01 -4.3996e+03 1.6902e+03 -3.2351e-01 -6.0195e+03
-5.9272e+06 3.6299e+01 -4.4024e+03 1.6642e+03 -1.1054e+01 -6.0411e+03
-5.9299e+06 3.6293e+01 -4.4051e+03 1.6382e+03 3.8338e+00 -6.0599e+03
-5.9728e+06 3.6669e+01 -4.4078e+03 1.6123e+03 3.1267e+01 -6.0798e+03
-6.3947e+06 3.3856e+01 -4.4105e+03 1.5865e+03 1.5914e+01 -6.1028e+03
-7.1566e+06 2.5614e+01 -4.4131e+03 1.5608e+03 -5.5952e+01 -6.1216e+03
-7.5833e+06 1.9642e+01 -4.4156e+03 1.5352e+03 -9.8640e+01 -6.1351e+03
-7.4445e+06 1.9126e+01 -4.4181e+03 1.5097e+03 -8.9410e+01 -6.1538e+03
-6.9163e+06 2.0897e+01 -4.4205e+03 1.4844e+03 -6.0928e+01 -6.1733e+03
-6.2165e+06 2.4008e+01 -4.4229e+03 1.4591e+03 -2.3542e+01 -6.1909e+03
-5.6356e+06 2.5999e+01 -4.4252e+03 1.4339e+03 -1.5822e+00 -6.2082e+03
-5.2389e+06 2.6247e+01 -4.4275e+03 1.4089e+03 5.0043e+00 -6.2241e+03
-5.0387e+06 2.6255e+01 -4.4298e+03 1.3839e+03 -8.3253e-01 -6.2398e+03
-4.9856e+06 2.6264e+01 -4.4320e+03 1.3591e+03 -2.1853e+01 -6.2554e+03
-4.8729e+06 2.6267e+01 -4.4342e+03 1.3344e+03 -3.5396e+01 -6.2706e+03
-4.5861e+06 2.6264e+01 -4.4363e+03 1.3098e+03 -2.9503e+01 -6.2853e+03
-4.2251e+06 2.6259e+01 -4.4384e+03 1.2854e+03 -1.4802e+01 -6.2994e+03
-3.9922e+06 2.6255e+01 -4.4404e+03 1.2611e+03 -4.1288e+00 -6.3132e+03
-4.0033e+06 2.6256e+01 -4.4424e+03 1.2369e+03 -6.3891e+00 -6.3268e+03
-4.1639e+06 2.6258e+01 -4.4444e+03 1.2128e+03 -1.2720e+01 -6.3401e+03
-4.3246e+06 2.6261e+01 -4.4463e+03 1.1889e+03 -1.2782e+01 -6.3528e+03
-4.4930e+06 2.6262e+01 -4.4482e+03 1.1650e+03 -1.5459e+01 -6.3650e+03
-4.6180e+06 2.6262e+01 -4.4501e+03 1.1414e+03 -1.7662e+01 -6.3768e+03
-4.6769e+06 2.6261e+01 -4.4519e+03 1.1178e+03 -1.2219e+01 -6.3884e+03
-4.7574e+06 2.6262e+01 -4.4537e+03 1.0944e+03 -1.2261e+01 -6.3994e+03
-4.9386e+06 2.6263e+01 -4.4555e+03 1.0712e+03 -2.3072e+01 -6.4099e+03
-5.0314e+06 2.6259e+01 -4.4572e+03 1.0481e+03 -3.0795e+01 -6.4203e+03
-5.0541e+06 2.6322e+01 -4.4590e+03 1.0251e+03 -3.6661e+01 -6.4305e+03
-4.9587e+06 2.6435e+01 -4.4606e+03 1.0022e+03 -4.4066e+01 -6.4406e+03
-4.6639e+06 2.6414e+01 -4.4623e+03 9.7956e+02 -3.2481e+01 -6.4498e+03
-4.1929e+06 2.6294e+01 -4.4639e+03 9.5701e+02 -1.2660e+01 -6.4583e+03
-3.6600e+06 2.6243e+01 -4.4655e+03 9.3462e+02 -2.4267e+00 -6.4622e+03
-3.2552e+06 2.6239e+01 -4.4671e+03 9.1236e+02 3.9911e+01 -6.4647e+03
-5.9069e+06 3.6298e+01 -4.3682e+03 1.7110e+03 -1.2167e+00 -6.0870e+03
-5.9349e+06 3.6299e+01 -4.3715e+03 1.6843e+03 -1.0338e+01 -6.1087e+03
-5.9570e+06 3.6292e+01 -4.3746e+03 1.6577e+03 1.0372e+01 -6.1264e+03
-6.1006e+06 3.6292e+01 -4.3777e+03 1.6312e+03 3.6998e+01 -6.1450e+03
-6.6344e+06 3.1603e+01 -4.3807e+03 1.6048e+03 6.0023e+00 -6.1691e+03
-7.3202e+06 2.2018e+01 -4.3836e+03 1.5785e+03 -6.7618e+01 -6.1879e+03
-7.4587e+06 1.7015e+01 -4.3865e+03 1.5523e+03 -9.3152e+01 -6.2014e+03
-7.0444e+06 1.6897e+01 -4.3893e+03 1.5263e+03 -8.0169e+01 -6.2203e+03
-6.4139e+06 1.7752e+01 -4.3921e+03 1.5003e+03 -6.7189e+01 -6.2384e+03
-5.7140e+06 2.1015e+01 -4.3948e+03 1.4745e+03 -3.9067e+01 -6.2555e+03
-5.0915e+06 2.4865e+01 -4.3975e+03 1.4488e+03 -8.3775e+00 -6.2725e+03
-4.6923e+06 2.6279e+01 -4.4001e+03 1.4233e+03 1.7189e+00 -6.2884e+03
-4.4715e+06 2.6246e+01 -4.4026e+03 1.3978e+03 -3.8760e+00 -6.3040e+03
-4.3045e+06 2.6253e+01 -4.4051e+03 1.3725e+03 -1.4891e+01 -6.3191e+03
-4.0525e+06 2.6256e+01 -4.4076e+03 1.3473e+03 -1.6327e+01 -6.3340e+03
-3.6812e+06 2.6251e+01 -4.4100e+03 1.3222e+03 -2.2062e+00 -6.3484e+03
-3.3723e+06 2.6246e+01 -4.4124e+03 1.2973e+03 8.0177e+00 -6.3623e+03
-3.2370e+06 2.6245e+01 -4.4147e+03 1.2725e+03 8.7836e+00 -6.3759e+03
-3.3138e+06 2.6248e+01 -4.4170e+03 1.2478e+03 2.0355e+00 -6.3891e+03
-3.4981e+06 2.6251e+01 -4.4192e+03 1.2233e+03 -7.3233e+00 -6.4019e+03
-3.6575e+06 2.6254e+01 -4.4214e+03 1.1989e+03 -6.7702e+00 -6.4142e+03
-3.7789e+06 2.6256e+01 -4.4236e+03 1.1747e+03 -3.7995e+00 -6.4262e+03
-3.9343e+06 2.6257e+01 -4.4257e+03 1.1505e+03 -8.1504e+00 -6.4378e+03
-4.0658e+06 2.6258e+01 -4.4278e+03 1.1266e+03 -1.1303e+01 -6.4488e+03
-4.1407e+06 2.6259e+01 -4.4299e+03 1.1028e+03 -4.8167e+00 -6.4597e+03
-4.1857e+06 2.6262e+01 -4.4319e+03 1.0791e+03 -1.2684e+00 -6.4702e+03
-4.3200e+06 2.6265e+01 -4.4339e+03 1.0556e+03 -8.6123e+00 -6.4800e+03
-4.3758e+06 2.6267e+01 -4.4358e+03 1.0322e+03 -2.2557e+01 -6.4894e+03
-4.2899e+06 2.6267e+01 -4.4377e+03 1.0090e+03 -4.0561e+01 -6.4992e+03
-3.8997e+06 2.6265e+01 -4.4396e+03 9.8592e+02 -3.5516e+01 -6.5083e+03
-3.2768e+06 2.6254e+01 -4.4414e+03 9.6301e+02 2.0792e+00 -6.5173e+03
-2.6110e+06 2.6242e+01 -4.4433e+03 9.4024e+02 3.3162e+01 -6.5198e+03
-2.4211e+06 2.6237e+01 -4.4451e+03 9.1763e+02 4.2018e+01 -6.5161e+03
-5.9190e+06 3.6297e+01 -4.3365e+03 1.7311e+03 9.8325e-01 -6.1542e+03
-5.9448e+06 3.6295e+01 -4.3401e+03 1.7038e+03 3.3850e+00 -6.1756e+03
-5.9914e+06 3.6471e+01 -4.3436e+03 1.6765e+03 3.2111e+01 -6.1931e+03
-6.3096e+06 3.4304e+01 -4.3471e+03 1.6495e+03 3.0017e+01 -6.2128e+03
-6.9005e+06 2.6891e+01 -4.3505e+03 1.6225e+03 -2.6817e+01 -6.2360e+03
-7.0931e+06 1.9300e+01 -4.3538e+03 1.5956e+03 -5.7101e+01 -6.2530e+03
-6.6263e+06 1.6771e+01 -4.3570e+03 1.5689e+03 -3.7783e+01 -6.2681e+03
-5.9807e+06 1.6767e+01 -4.3602e+03 1.5423e+03 -2.8733e+01 -6.2864e+03
-5.4424e+06 1.7241e+01 -4.3633e+03 1.5158e+03 -4.1466e+01 -6.3033e+03
-4.8908e+06 2.0151e+01 -4.3664e+03 1.4895e+03 -3.3478e+01 -6.3197e+03
-4.3032e+06 2.4484e+01 -4.3693e+03 1.4632e+03 -1.9288e+00 -6.3367e+03
-3.8788e+06 2.6307e+01 -4.3723e+03 1.4371e+03 1.2985e+01 -6.3531e+03
-3.6153e+06 2.6235e+01 -4.3751e+03 1.4112e+03 9.7617e+00 -6.3684e+03
-3.4090e+06 2.6241e+01 -4.3780e+03 1.3853e+03 1.6757e-01 -6.3832e+03
-3.1109e+06 2.6242e+01 -4.3807e+03 1.3597e+03 3.0166e+00 -6.3978e+03
-2.7038e+06 2.6237e+01 -4.3834e+03 1.3341e+03 2.7075e+01 -6.4119e+03
-2.4347e+06 2.6233e+01 -4.3861e+03 1.3087e+03 3.6325e+01 -6.4254e+03
-2.4270e+06 2.6235e+01 -4.3887e+03 1.2834e+03 2.2838e+01 -6.4385e+03
-2.5697e+06 2.6240e+01 -4.3913e+03 1.2583e+03 9.4693e+00 -6.4514e+03
-2.7508e+06 2.6244e+01 -4.3938e+03 1.2333e+03 3.3606e+00 -6.4639e+03
-2.9140e+06 2.6247e+01 -4.3963e+03 1.2085e+03 7.6415e-01 -6.4759e+03
-3.0586e+06 2.6248e+01 -4.3987e+03 1.1838e+03 5.3000e-01 -6.4875e+03
-3.1811e+06 2.6250e+01 -4.4011e+03 1.1593e+03 1.1656e+00 -6.4987e+03
-3.2959e+06 2.6251e+01 -4.4034e+03 1.1349e+03 7.5639e-01 -6.5096e+03
-3.4182e+06 2.6254e+01 -4.4057e+03 1.1107e+03 -1.6046e+00 -6.5200e+03
-3.5861e+06 2.6258e+01 -4.4080e+03 1.0866e+03 -9.1203e+00 -6.5301e+03
-3.6634e+06 2.6262e+01 -4.4102e+03 1.0627e+03 -1.5537e+01 -6.5396e+03
-3.6114e+06 2.6265e+01 -4.4124e+03 1.0389e+03 -1.9880e+01 -6.5490e+03
-3.3771e+06 2.6266e+01 -4.4145e+03 1.0153e+03 -2.5817e+01 -6.5587e+03
-2.8947e+06 2.6258e+01 -4.4166e+03 9.9188e+02 -9.8367e+00 -6.5674e+03
-2.2798e+06 2.6244e+01 -4.4187e+03 9.6859e+02 3.2903e+01 -6.5752e+03
-1.8214e+06 2.6233e+01 -4.4208e+03 9.4547e+02 5.1780e+01 -6.5794e+03
-1.7391e+06 2.6233e+01 -4.4228e+03 9.2251e+02 4.1764e+01 -6.5773e+03
-5.9541e+06 3.6337e+01 -4.3044e+03 1.7506e+03 6.8266e+00 -6.2209e+03
-6.0056e+06 3.7301e+01 -4.3084e+03 1.7226e+03 2.3654e+01 -6.2422e+03
-6.1709e+06 3.7569e+01 -4.3123e+03 1.6948e+03 5.0003e+01 -6.2621e+03
-6.6442e+06 3.1584e+01 -4.3161e+03 1.6672e+03 5.4108e+00 -6.2833e+03
-6.9412e+06 2.1964e+01 -4.3199e+03 1.6396e+03 -6.0444e+01 -6.3033e+03
-6.3688e+06 1.7217e+01 -4.3236e+03 1.6122e+03 -2.9318e+01 -6.3185e+03
-5.3675e+06 1.6752e+01 -4.3272e+03 1.5849e+03 2.5035e+01 -6.3350e+03
-4.6922e+06 1.6750e+01 -4.3307e+03 1.5578e+03 1.5786e+01 -6.3528e+03
-4.3588e+06 1.7487e+01 -4.3342e+03 1.5307e+03 -1.6263e+01 -6.3689e+03
-3.9748e+06 2.0713e+01 -4.3376e+03 1.5038e+03 -1.6835e+01 -6.3850e+03
-3.4545e+06 2.4839e+01 -4.3409e+03 1.4771e+03 1.2848e+01 -6.4016e+03
-3.0131e+06 2.6348e+01 -4.3441e+03 1.4505e+03 3.0063e+01 -6.4178e+03
-2.7412e+06 2.6224e+01 -4.3473e+03 1.4240e+03 2.6852e+01 -6.4329e+03
-2.5669e+06 2.6231e+01 -4.3505e+03 1.3977e+03 9.1343e+00 -6.4474e+03
-2.3102e+06 2.6283e+01 -4.3535e+03 1.3715e+03 4.1608e+00 -6.4617e+03
-1.9211e+06 2.6487e+01 -4.3566e+03 1.3455e+03 2.7792e+01 -6.4752e+03
-1.6810e+06 2.6594e+01 -4.3595e+03 1.3196e+03 4.1236e+01 -6.4882e+03
-1.7096e+06 2.6386e+01 -4.3624e+03 1.2939e+03 2.8957e+01 -6.5011e+03
-1.8974e+06 2.6233e+01 -4.3653e+03 1.2683e+03 1.3384e+01 -6.5139e+03
-2.0753e+06 2.6240e+01 -4.3681e+03 1.2429e+03 1.0041e+01 -6.5260e+03
-2.2332e+06 2.6242e+01 -4.3708e+03 1.2176e+03 7.8922e+00 -6.5376e+03
-2.3405e+06 2.6244e+01 -4.3735e+03 1.1925e+03 5.9255e+00 -6.5489e+03
-2.4225e+06 2.6245e+01 -4.3761e+03 1.1676e+03 9.1259e+00 -6.5600e+03
-2.5237e+06 2.6245e+01 -4.3787e+03 1.1428e+03 8.4399e+00 -6.5703e+03
-2.6838e+06 2.6249e+01 -4.3813e+03 1.1181e+03 3.3268e-01 -6.5803e+03
-2.8043e+06 2.6254e+01 -4.3838e+03 1.0937e+03 -8.6852e+00 -6.5903e+03
-2.8707e+06 2.6257e+01 -4.3863e+03 1.0694e+03 -1.3101e+01 -6.5995e+03
-2.7966e+06 2.6258e+01 -4.3887e+03 1.0452e+03 -1.8044e+01 -6.6085e+03
-2.5526e+06 2.6256e+01 -4.3911e+03 1.0212e+03 -2.1092e+01 -6.6179e+03
-2.0786e+06 2.6248e+01 -4.3934e+03 9.9742e+02 -2.4941e+00 -6.6260e+03
-1.5708e+06 2.6237e+01 -4.3958e+03 9.7377e+02 3.4569e+01 -6.6334e+03
-1.2242e+06 2.6231e+01 -4.3980e+03 9.5029e+02 4.6171e+01 -6.6374e+03
-1.1654e+06 2.6233e+01 -4.4003e+03 9.2698e+02 3.4685e+01 -6.6343e+03
-6.0861e+06 3.6342e+01 -4.2719e+03 1.7694e+03 7.1124e+00 -6.2903e+03
-6.4286e+06 3.5239e+01 -4.2763e+03 1.7409e+03 -4.9573e+00 -6.3101e+03
-6.7340e+06 3.3403e+01 -4.2806e+03 1.7125e+03 -2.3907e+00 -6.3291e+03
-7.0021e+06 2.6040e+01 -4.2848e+03 1.6843e+03 -4.9352e+01 -6.3496e+03
-6.6023e+06 1.8639e+01 -4.2890e+03 1.6562e+03 -6.5946e+01 -6.3674e+03
-5.2862e+06 1.6743e+01 -4.2930e+03 1.6282e+03 1.6440e+01 -6.3841e+03
-4.0465e+06 1.6736e+01 -4.2970e+03 1.6003e+03 6.6874e+01 -6.4018e+03
-3.5341e+06 1.6739e+01 -4.3009e+03 1.5726e+03 3.6071e+01 -6.4191e+03
-3.4049e+06 1.7151e+01 -4.3047e+03 1.5451e+03 -5.7069e+00 -6.4351e+03
-3.1410e+06 2.0416e+01 -4.3084e+03 1.5177e+03 -8.0157e+00 -6.4509e+03
-2.6588e+06 2.5240e+01 -4.3121e+03 1.4904e+03 2.6094e+01 -6.4671e+03
-2.2355e+06 2.6710e+01 -4.3157e+03 1.4633e+03 4.5082e+01 -6.4827e+03
-2.0026e+06 2.6217e+01 -4.3192e+03 1.4363e+03 3.6610e+01 -6.4973e+03
-1.8669e+06 2.6190e+01 -4.3227e+03 1.4095e+03 1.4022e+01 -6.5115e+03
-1.6214e+06 2.6960e+01 -4.3260e+03 1.3829e+03 7.0428e+00 -6.5252e+03
-1.2612e+06 2.8790e+01 -4.3294e+03 1.3564e+03 3.0081e+01 -6.5384e+03
-1.0483e+06 2.9011e+01 -4.3326e+03 1.3300e+03 4.4836e+01 -6.5514e+03
-1.1119e+06 2.7217e+01 -4.3358e+03 1.3039e+03 3.4638e+01 -6.5643e+03
-1.3105e+06 2.6235e+01 -4.3390e+03 1.2778e+03 1.8234e+01 -6.5767e+03
-1.4865e+06 2.6241e+01 -4.3420e+03 1.2520e+03 1.2497e+01 -6.5883e+03
-1.5997e+06 2.6241e+01 -4.3451e+03 1.2263e+03 1.1224e+01 -6.5996e+03
-1.6735e+06 2.6222e+01 -4.3480e+03 1.2007e+03 1.0612e+01 -6.6105e+03
-1.7079e+06 2.6634e+01 -4.3510e+03 1.1754e+03 1.4713e+01 -6.6211e+03
-1.7887e+06 2.7063e+01 -4.3538e+03 1.1502e+03 1.4327e+01 -6.6308e+03
-1.9493e+06 2.6628e+01 -4.3566e+03 1.1251e+03 2.8976e+00 -6.6407e+03
-2.1100e+06 2.6224e+01 -4.3594e+03 1.1003e+03 -4.6390e+00 -6.6505e+03
-2.1263e+06 2.6252e+01 -4.3621e+03 1.0756e+03 -4.7251e+00 -6.6593e+03
-2.0075e+06 2.6251e+01 -4.3648e+03 1.0511e+03 -5.0974e+00 -6.6679e+03
-1.7305e+06 2.6248e+01 -4.3674e+03 1.0267e+03 -1.8230e+00 -6.6769e+03
-1.3656e+06 2.6241e+01 -4.3700e+03 1.0025e+03 1.0941e+01 -6.6846e+03
-1.0685e+06 2.6235e+01 -4.3725e+03 9.7853e+02 2.7969e+01 -6.6917e+03
-9.3439e+05 2.6232e+01 -4.3750e+03 9.5470e+02 2.6233e+01 -6.6945e+03
-9.0312e+05 2.6234e+01 -4.3775e+03 9.3104e+02 1.8007e+01 -6.6928e+03
-6.3841e+06 3.3750e+01 -4.2389e+03 1.7877e+03 -1.1649e+01 -6.3595e+03
-7.0763e+06 2.6883e+01 -4.2438e+03 1.7586e+03 -8.2091e+01 -6.3781e+03
-7.3623e+06 2.2561e+01 -4.2485e+03 1.7296e+03 -1.0092e+02 -6.3942e+03
-7.0390e+06 1.9386e+01 -4.2531e+03 1.7008e+03 -1.0033e+02 -6.4153e+03
-5.8352e+06 1.6985e+01 -4.2577e+03 1.6721e+03 -4.3591e+01 -6.4337e+03
-4.1133e+06 1.6730e+01 -4.2621e+03 1.6436e+03 5.6828e+01 -6.4510e+03
-2.9728e+06 1.6726e+01 -4.2665e+03 1.6152e+03 7.8658e+01 -6.4685e+03
-2.6637e+06 1.6732e+01 -4.2707e+03 1.5870e+03 3.8020e+01 -6.4853e+03
-2.6591e+06 1.6772e+01 -4.2749e+03 1.5589e+03 -1.4188e+00 -6.5011e+03
-2.5138e+06 1.9424e+01 -4.2790e+03 1.5310e+03 -7.7579e+00 -6.5167e+03
-2.1263e+06 2.4460e+01 -4.2830e+03 1.5032e+03 2.3860e+01 -6.5323e+03
-1.7714e+06 2.6625e+01 -4.2869e+03 1.4756e+03 4.1860e+01 -6.5475e+03
-1.5561e+06 2.6297e+01 -4.2908e+03 1.4481e+03 3.2138e+01 -6.5617e+03
-1.3511e+06 2.6570e+01 -4.2945e+03 1.4208e+03 1.9248e+01 -6.5757e+03
-1.0354e+06 2.9003e+01 -4.2982e+03 1.3937e+03 2.5708e+01 -6.5891e+03
-6.8602e+05 3.2868e+01 -4.3019e+03 1.3668e+03 4.9057e+01 -6.6020e+03
-5.7501e+05 3.2654e+01 -4.3054e+03 1.3400e+03 5.1137e+01 -6.6149e+03
-7.2367e+05 2.8500e+01 -4.3089e+03 1.3133e+03 2.7222e+01 -6.6273e+03
-9.2312e+05 2.6244e+01 -4.3124e+03 1.2869e+03 9.6502e+00 -6.6391e+03
-1.0456e+06 2.6181e+01 -4.3157e+03 1.2606e+03 6.2478e+00 -6.6503e+03
-1.1031e+06 2.6320e+01 -4.3191e+03 1.2345e+03 5.4091e+00 -6.6612e+03
-1.0808e+06 2.7031e+01 -4.3223e+03 1.2085e+03 1.0895e+01 -6.6718e+03
-1.0301e+06 2.9144e+01 -4.3255e+03 1.1827e+03 2.8433e+01 -6.6821e+03
-1.0763e+06 2.9983e+01 -4.3286e+03 1.1571e+03 3.2236e+01 -6.6918e+03
-1.2797e+06 2.7703e+01 -4.3317e+03 1.1317e+03 1.0351e+01 -6.7016e+03
-1.4133e+06 2.6172e+01 -4.3347e+03 1.1064e+03 -6.8961e-01 -6.7110e+03
-1.4416e+06 2.6252e+01 -4.3377e+03 1.0814e+03 -2.7380e-01 -6.7192e+03
-1.3403e+06 2.6248e+01 -4.3406e+03 1.0565e+03 -1.3018e+00 -6.7274e+03
-1.1327e+06 2.6243e+01 -4.3435e+03 1.0318e+03 4.2308e+00 -6.7358e+03
-8.9742e+05 2.6238e+01 -4.3463e+03 1.0072e+03 1.3247e+01 -6.7431e+03
-7.4663e+05 2.6235e+01 -4.3491e+03 9.8286e+02 2.1365e+01 -6.7500e+03
-6.6909e+05 2.6233e+01 -4.3518e+03 9.5869e+02 1.9067e+01 -6.7524e+03
-6.6908e+05 2.6235e+01 -4.3545e+03 9.3469e+02 1.4825e+01 -6.7501e+03
-6.6895e+06 2.7745e+01 -4.2057e+03 1.8053e+03 -4.2125e+01 -6.4277e+03
-7.3231e+06 1.9779e+01 -4.2109e+03 1.7756e+03 -1.1888e+02 -6.4470e+03
-7.2716e+06 1.6790e+01 -4.2161e+03 1.7460e+03 -1.2863e+02 -6.4632e+03
-6.4409e+06 1.6767e+01 -4.2211e+03 1.7167e+03 -1.0042e+02 -6.4833e+03
-4.8317e+06 1.6742e+01 -4.2260e+03 1.6874e+03 -1.9212e+01 -6.5009e+03
-3.1054e+06 1.6726e+01 -4.2309e+03 1.6584e+03 6.5255e+01 -6.5178e+03
-2.2032e+06 1.6725e+01 -4.2356e+03 1.6295e+03 6.4087e+01 -6.5350e+03
-2.0642e+06 1.6730e+01 -4.2402e+03 1.6007e+03 2.7769e+01 -6.5514e+03
-2.1279e+06 1.6739e+01 -4.2448e+03 1.5721e+03 -2.5002e-01 -6.5672e+03
-2.1029e+06 1.7894e+01 -4.2492e+03 1.5437e+03 -1.3568e+01 -6.5825e+03
-1.8926e+06 2.0971e+01 -4.2536e+03 1.5154e+03 -5.9030e-01 -6.5975e+03
-1.6094e+06 2.4220e+01 -4.2578e+03 1.4873e+03 1.7130e+01 -6.6124e+03
-1.3225e+06 2.5962e+01 -4.2620e+03 1.4594e+03 2.2138e+01 -6.6265e+03
-1.0045e+06 2.7801e+01 -4.2661e+03 1.4316e+03 2.4206e+01 -6.6403e+03
-6.1564e+05 3.1829e+01 -4.2702e+03 1.4040e+03 3.9279e+01 -6.6533e+03
-3.3259e+05 3.5460e+01 -4.2741e+03 1.3766e+03 5.3105e+01 -6.6655e+03
-2.9840e+05 3.4766e+01 -4.2780e+03 1.3494e+03 4.3885e+01 -6.6779e+03
-4.6204e+05 3.1201e+01 -4.2818e+03 1.3223e+03 1.9925e+01 -6.6898e+03
-5.9955e+05 2.9121e+01 -4.2855e+03 1.2954e+03 8.0215e+00 -6.7013e+03
-6.5980e+05 2.8754e+01 -4.2892e+03 1.2687e+03 8.6049e+00 -6.7125e+03
-6.4949e+05 2.8804e+01 -4.2928e+03 1.2421e+03 8.3158e+00 -6.7232e+03
-5.6600e+05 3.0320e+01 -4.2963e+03 1.2158e+03 1.9335e+01 -6.7337e+03
-4.3561e+05 3.3402e+01 -4.2998e+03 1.1896e+03 4.6710e+01 -6.7435e+03
-4.9679e+05 3.3173e+01 -4.3032e+03 1.1636e+03 4.6604e+01 -6.7530e+03
-7.5613e+05 2.8581e+01 -4.3065e+03 1.1378e+03 8.2113e+00 -6.7624e+03
-9.4286e+05 2.6066e+01 -4.3098e+03 1.1122e+03 -1.0732e+01 -6.7708e+03
-9.3583e+05 2.6178e+01 -4.3130e+03 1.0867e+03 -8.0927e+00 -6.7789e+03
-8.4226e+05 2.6219e+01 -4.3162e+03 1.0614e+03 -6.9227e+00 -6.7868e+03
-6.9196e+05 2.6240e+01 -4.3193e+03 1.0364e+03 -1.5963e+00 -6.7949e+03
-5.6508e+05 2.6239e+01 -4.3224e+03 1.0115e+03 7.0287e+00 -6.8019e+03
-5.0647e+05 2.6236e+01 -4.3254e+03 9.8677e+02 1.5176e+01 -6.8085e+03
-5.1335e+05 2.6234e+01 -4.3284e+03 9.6225e+02 1.4887e+01 -6.8102e+03
-5.3874e+05 2.6236e+01 -4.3313e+03 9.3793e+02 1.2571e+01 -6.8079e+03
-6.7177e+06 2.2792e+01 -4.1720e+03 1.8222e+03 -5.6745e+01 -6.4969e+03
-6.9189e+06 1.7362e+01 -4.1777e+03 1.7919e+03 -1.0118e+02 -6.5156e+03
-6.4185e+06 1.6768e+01 -4.1833e+03 1.7618e+03 -9.2159e+01 -6.5318e+03
-5.2686e+06 1.6750e+01 -4.1887e+03 1.7319e+03 -6.4037e+01 -6.5506e+03
-3.6163e+06 1.6732e+01 -4.1941e+03 1.7021e+03 3.2900e-01 -6.5678e+03
-2.2167e+06 1.6726e+01 -4.1993e+03 1.6725e+03 4.9938e+01 -6.5845e+03
-1.6663e+06 1.6728e+01 -4.2044e+03 1.6431e+03 3.7549e+01 -6.6015e+03
-1.6493e+06 1.6730e+01 -4.2094e+03 1.6138e+03 1.5160e+01 -6.6177e+03
-1.7673e+06 1.6737e+01 -4.2143e+03 1.5847e+03 -9.4965e-01 -6.6333e+03
-1.8634e+06 1.6862e+01 -4.2191e+03 1.5558e+03 -1.9863e+01 -6.6482e+03
-1.8475e+06 1.7650e+01 -4.2238e+03 1.5271e+03 -2.9168e+01 -6.6630e+03
-1.6527e+06 2.0242e+01 -4.2285e+03 1.4985e+03 -1.9437e+01 -6.6773e+03
-1.3011e+06 2.3830e+01 -4.2330e+03 1.4701e+03 2.8821e+00 -6.6912e+03
-8.6063e+05 2.8201e+01 -4.2374e+03 1.4418e+03 2.5185e+01 -6.7046e+03
-4.3559e+05 3.3483e+01 -4.2418e+03 1.4138e+03 4.8866e+01 -6.7170e+03
-1.8986e+05 3.6254e+01 -4.2460e+03 1.3859e+03 5.9776e+01 -6.7292e+03
-1.7650e+05 3.6063e+01 -4.2502e+03 1.3582e+03 5.3942e+01 -6.7416e+03
-2.5456e+05 3.5217e+01 -4.2543e+03 1.3307e+03 4.1704e+01 -6.7534e+03
-3.2570e+05 3.4541e+01 -4.2584e+03 1.3034e+03 3.2945e+01 -6.7644e+03
-3.2702e+05 3.3946e+01 -4.2623e+03 1.2763e+03 3.0273e+01 -6.7752e+03
-2.7987e+05 3.3622e+01 -4.2662e+03 1.2493e+03 2.8300e+01 -6.7856e+03
-1.5965e+05 3.4449e+01 -4.2700e+03 1.2226e+03 3.5490e+01 -6.7955e+03
-7.4677e+04 3.5938e+01 -4.2738e+03 1.1960e+03 5.0312e+01 -6.8045e+03
-1.5092e+05 3.4798e+01 -4.2775e+03 1.1696e+03 4.1971e+01 -6.8135e+03
-3.5496e+05 3.0947e+01 -4.2811e+03 1.1434e+03 1.2258e+01 -6.8224e+03
-4.3962e+05 2.8879e+01 -4.2846e+03 1.1174e+03 7.9864e-01 -6.8306e+03
-4.4167e+05 2.8295e+01 -4.2881e+03 1.0916e+03 3.6907e+00 -6.8387e+03
-4.0034e+05 2.7209e+01 -4.2916e+03 1.0660e+03 5.1316e+00 -6.8463e+03
-3.6725e+05 2.6436e+01 -4.2949e+03 1.0405e+03 5.1395e+00 -6.8540e+03
-3.4271e+05 2.6239e+01 -4.2982e+03 1.0153e+03 5.5591e+00 -6.8607e+03
-3.4421e+05 2.6237e+01 -4.3015e+03 9.9024e+02 1.4917e+01 -6.8670e+03
-3.4185e+05 2.6234e+01 -4.3047e+03 9.6539e+02 2.0139e+01 -6.8682e+03
-3.9703e+05 2.6237e+01 -4.3079e+03 9.4073e+02 1.1720e+01 -6.8651e+03
-6.3747e+06 1.9899e+01 -4.1380e+03 1.8384e+03 -5.6389e+01 -6.5651e+03
-5.9412e+06 1.6758e+01 -4.1441e+03 1.8076e+03 -5.7367e+01 -6.5826e+03
-4.9424e+06 1.6812e+01 -4.1501e+03 1.7770e+03 -3.0589e+01 -6.5994e+03
-3.6083e+06 1.8258e+01 -4.1560e+03 1.7465e+03 3.7184e+00 -6.6181e+03
-2.2148e+06 2.0096e+01 -4.1618e+03 1.7162e+03 4.8948e+01 -6.6348e+03
-1.3698e+06 1.9153e+01 -4.1674e+03 1.6861e+03 5.3514e+01 -6.6514e+03
-1.2184e+06 1.7242e+01 -4.1729e+03 1.6561e+03 2.3484e+01 -6.6686e+03
-1.3318e+06 1.6729e+01 -4.1783e+03 1.6264e+03 1.1298e+01 -6.6841e+03
-1.4820e+06 1.6735e+01 -4.1835e+03 1.5968e+03 4.0448e+00 -6.6992e+03
-1.6405e+06 1.6742e+01 -4.1887e+03 1.5674e+03 -1.3603e+01 -6.7139e+03
-1.7335e+06 1.6747e+01 -4.1938e+03 1.5381e+03 -3.1393e+01 -6.7284e+03
-1.6574e+06 1.7579e+01 -4.1988e+03 1.5091e+03 -3.6109e+01 -6.7422e+03
-1.3429e+06 2.0824e+01 -4.2036e+03 1.4802e+03 -1.4840e+01 -6.7560e+03
-8.8104e+05 2.6553e+01 -4.2084e+03 1.4515e+03 2.6339e+01 -6.7691e+03
-5.1693e+05 3.1728e+01 -4.2131e+03 1.4230e+03 6.0742e+01 -6.7810e+03
-3.9920e+05 3.3823e+01 -4.2177e+03 1.3947e+03 7.4685e+01 -6.7936e+03
-3.6410e+05 3.4134e+01 -4.2222e+03 1.3666e+03 7.9969e+01 -6.8061e+03
-3.2492e+05 3.4231e+01 -4.2266e+03 1.3387e+03 6.9952e+01 -6.8169e+03
-2.8029e+05 3.4629e+01 -4.2310e+03 1.3109e+03 4.7516e+01 -6.8270e+03
-2.0726e+05 3.5428e+01 -4.2352e+03 1.2834e+03 3.6878e+01 -6.8376e+03
-1.0109e+05 3.5983e+01 -4.2394e+03 1.2560e+03 3.3307e+01 -6.8475e+03
-9.2338e+02 3.6190e+01 -4.2435e+03 1.2289e+03 3.4480e+01 -6.8568e+03
6.7217e+04 3.6304e+01 -4.2475e+03 1.2019e+03 3.9157e+01 -6.8655e+03
4.0256e+04 3.5920e+01 -4.2515e+03 1.1751e+03 3.4187e+01 -6.8745e+03
-1.6230e+04 3.5048e+01 -4.2554e+03 1.1485e+03 2.6531e+01 -6.8830e+03
-4.2179e+04 3.4360e+01 -4.2592e+03 1.1222e+03 2.6556e+01 -6.8907e+03
-3.2601e+04 3.2824e+01 -4.2630e+03 1.0960e+03 2.8893e+01 -6.8983e+03
-4.9678e+04 2.9700e+01 -4.2667e+03 1.0700e+03 2.9185e+01 -6.9056e+03
-1.1325e+05 2.7052e+01 -4.2703e+03 1.0442e+03 2.0563e+01 -6.9132e+03
-1.9448e+05 2.6238e+01 -4.2739e+03 1.0187e+03 7.8024e+00 -6.9197e+03
-2.4376e+05 2.6239e+01 -4.2774e+03 9.9328e+02 1.2492e+01 -6.9252e+03
-2.7227e+05 2.6235e+01 -4.2808e+03 9.6810e+02 1.9917e+01 -6.9260e+03
-3.1854e+05 2.6238e+01 -4.2842e+03 9.4312e+02 1.1364e+01 -6.9230e+03
-5.6772e+06 1.7633e+01 -4.1037e+03 1.8539e+03 -4.3013e+01 -6.6333e+03
-4.5369e+06 1.6740e+01 -4.1102e+03 1.8226e+03 -2.0079e+00 -6.6507e+03
-3.2386e+06 1.7055e+01 -4.1167e+03 1.7914e+03 2.4570e+01 -6.6675e+03
-1.9656e+06 2.2900e+01 -4.1230e+03 1.7604e+03 6.4345e+01 -6.6854e+03
-9.4120e+05 2.9303e+01 -4.1291e+03 1.7296e+03 1.0945e+02 -6.7021e+03
-7.0021e+05 2.4643e+01 -4.1351e+03 1.6990e+03 7.3394e+01 -6.7189e+03
-9.2759e+05 1.7910e+01 -4.1410e+03 1.6685e+03 1.8038e+01 -6.7353e+03
-1.1015e+06 1.6727e+01 -4.1468e+03 1.6383e+03 1.1819e+01 -6.7502e+03
-1.2487e+06 1.6733e+01 -4.1525e+03 1.6082e+03 1.1301e+01 -6.7652e+03
-1.4262e+06 1.6741e+01 -4.1580e+03 1.5783e+03 -1.2971e+00 -6.7798e+03
-1.5770e+06 1.6746e+01 -4.1635e+03 1.5486e+03 -1.8052e+01 -6.7938e+03
-1.6037e+06 1.6820e+01 -4.1688e+03 1.5191e+03 -3.2625e+01 -6.8072e+03
-1.4041e+06 1.9232e+01 -4.1740e+03 1.4898e+03 -1.7358e+01 -6.8207e+03
-1.1059e+06 2.4405e+01 -4.1791e+03 1.4606e+03 2.9825e+01 -6.8335e+03
-1.1678e+06 2.7893e+01 -4.1841e+03 1.4317e+03 3.6889e+01 -6.8454e+03
-1.4699e+06 2.8658e+01 -4.1891e+03 1.4029e+03 1.4138e+01 -6.8575e+03
-1.3582e+06 2.8713e+01 -4.1939e+03 1.3744e+03 4.6485e+01 -6.8688e+03
-8.7821e+05 2.8647e+01 -4.1986e+03 1.3461e+03 8.3164e+01 -6.8788e+03
-5.3006e+05 2.9848e+01 -4.2033e+03 1.3179e+03 6.2813e+01 -6.8893e+03
-3.1176e+05 3.2939e+01 -4.2078e+03 1.2899e+03 4.0324e+01 -6.9000e+03
-1.5246e+05 3.5535e+01 -4.2123e+03 1.2622e+03 3.0812e+01 -6.9095e+03
-1.9965e+04 3.6258e+01 -4.2167e+03 1.2346e+03 2.5616e+01 -6.9183e+03
7.8135e+04 3.6268e+01 -4.2210e+03 1.2073e+03 2.7569e+01 -6.9271e+03
1.2132e+05 3.6386e+01 -4.2253e+03 1.1802e+03 2.4454e+01 -6.9358e+03
1.4371e+05 3.6619e+01 -4.2295e+03 1.1532e+03 2.3166e+01 -6.9437e+03
1.8853e+05 3.6700e+01 -4.2336e+03 1.1265e+03 2.9553e+01 -6.9511e+03
1.7120e+05 3.5018e+01 -4.2376e+03 1.0999e+03 3.3994e+01 -6.9581e+03
6.9871e+04 3.0790e+01 -4.2415e+03 1.0736e+03 2.7334e+01 -6.9650e+03
-8.1136e+04 2.7221e+01 -4.2454e+03 1.0475e+03 1.1598e+01 -6.9724e+03
-1.8014e+05 2.6241e+01 -4.2492e+03 1.0216e+03 -1.1392e+00 -6.9783e+03
-2.2364e+05 2.6243e+01 -4.2530e+03 9.9586e+02 2.7837e+00 -6.9832e+03
-2.2840e+05 2.6239e+01 -4.2567e+03 9.7036e+02 1.0058e+01 -6.9842e+03
-2.4024e+05 2.6239e+01 -4.2603e+03 9.4506e+02 1.0386e+01 -6.9814e+03
-4.6854e+06 1.6753e+01 -4.0690e+03 1.8688e+03 -1.7280e+01 -6.7012e+03
-3.1269e+06 1.6727e+01 -4.0760e+03 1.8369e+03 2.8432e+01 -6.7190e+03
-1.9004e+06 1.7179e+01 -4.0829e+03 1.8052e+03 2.8814e+01 -6.7359e+03
-9.9462e+05 2.4497e+01 -4.0896e+03 1.7737e+03 5.4712e+01 -6.7532e+03
-4.3743e+05 3.1752e+01 -4.0962e+03 1.7424e+03 9.1572e+01 -6.7696e+03
-5.4436e+05 2.5270e+01 -4.1026e+03 1.7112e+03 4.9911e+01 -6.7860e+03
-8.2196e+05 1.7554e+01 -4.1089e+03 1.6803e+03 6.4023e+00 -6.8013e+03
-9.5809e+05 1.6728e+01 -4.1151e+03 1.6495e+03 1.0981e+01 -6.8165e+03
-1.0776e+06 1.6731e+01 -4.1211e+03 1.6190e+03 1.3004e+01 -6.8315e+03
-1.2483e+06 1.6738e+01 -4.1270e+03 1.5886e+03 3.4605e+00 -6.8457e+03
-1.4281e+06 1.6744e+01 -4.1328e+03 1.5585e+03 -1.3036e+01 -6.8592e+03
-1.5315e+06 1.6748e+01 -4.1385e+03 1.5285e+03 -2.8874e+01 -6.8725e+03
-1.4710e+06 1.8340e+01 -4.1441e+03 1.4987e+03 -8.9572e+00 -6.8854e+03
-1.5875e+06 2.2309e+01 -4.1495e+03 1.4692e+03 2.3414e+01 -6.8977e+03
-2.3959e+06 2.5480e+01 -4.1549e+03 1.4398e+03 -4.2977e+01 -6.9097e+03
-3.2663e+06 2.6243e+01 -4.1602e+03 1.4106e+03 -1.3556e+02 -6.9213e+03
-2.9935e+06 2.6160e+01 -4.1653e+03 1.3817e+03 -7.2644e+01 -6.9313e+03
-1.9158e+06 2.6125e+01 -4.1704e+03 1.3529e+03 5.5457e+01 -6.9413e+03
-1.0801e+06 2.7239e+01 -4.1753e+03 1.3243e+03 9.0587e+01 -6.9518e+03
-6.2075e+05 3.0902e+01 -4.1802e+03 1.2960e+03 8.2989e+01 -6.9619e+03
-3.2023e+05 3.4923e+01 -4.1850e+03 1.2679e+03 7.9189e+01 -6.9714e+03
-1.2746e+05 3.6311e+01 -4.1897e+03 1.2399e+03 6.9753e+01 -6.9800e+03
1.7916e+04 3.6249e+01 -4.1943e+03 1.2122e+03 6.3527e+01 -6.9888e+03
1.1427e+05 3.6255e+01 -4.1988e+03 1.1847e+03 5.5589e+01 -6.9970e+03
1.8484e+05 3.6259e+01 -4.2033e+03 1.1574e+03 4.7422e+01 -7.0046e+03
2.1059e+05 3.6015e+01 -4.2077e+03 1.1303e+03 4.1375e+01 -7.0116e+03
1.3166e+05 3.3590e+01 -4.2119e+03 1.1034e+03 2.5764e+01 -7.0181e+03
-3.6909e+04 2.9148e+01 -4.2162e+03 1.0767e+03 1.0986e+00 -7.0246e+03
-1.5107e+05 2.6566e+01 -4.2203e+03 1.0503e+03 -1.0180e+01 -7.0312e+03
-1.6776e+05 2.6247e+01 -4.2244e+03 1.0240e+03 -5.1787e+00 -7.0367e+03
-1.8658e+05 2.6245e+01 -4.2284e+03 9.9800e+02 1.1722e+00 -7.0416e+03
-2.2226e+05 2.6243e+01 -4.2323e+03 9.7218e+02 8.6593e-01 -7.0421e+03
-2.3042e+05 2.6242e+01 -4.2362e+03 9.4658e+02 5.5879e+00 -7.0391e+03
-3.5609e+06 1.9837e+01 -4.0340e+03 1.8829e+03 6.2452e+00 -6.7685e+03
-1.8736e+06 2.1350e+01 -4.0414e+03 1.8505e+03 5.2220e+01 -6.7871e+03
-1.0396e+06 2.0049e+01 -4.0487e+03 1.8183e+03 1.8734e+01 -6.8048e+03
-6.8480e+05 2.0847e+01 -4.0559e+03 1.7863e+03 7.2705e-01 -6.8205e+03
-5.5458e+05 2.2708e+01 -4.0629e+03 1.7544e+03 8.4940e+00 -6.8362e+03
-6.7674e+05 1.9790e+01 -4.0697e+03 1.7228e+03 9.0105e-01 -6.8534e+03
-8.0806e+05 1.6888e+01 -4.0764e+03 1.6914e+03 -1.6547e+00 -6.8682e+03
-8.6694e+05 1.6729e+01 -4.0830e+03 1.6602e+03 6.5282e+00 -6.8832e+03
-9.5564e+05 1.6730e+01 -4.0894e+03 1.6292e+03 7.7650e+00 -6.8975e+03
-1.1111e+06 1.6735e+01 -4.0957e+03 1.5983e+03 1.0534e+00 -6.9114e+03
-1.3042e+06 1.6741e+01 -4.1019e+03 1.5677e+03 -1.3605e+01 -6.9247e+03
-1.4445e+06 1.6746e+01 -4.1080e+03 1.5373e+03 -2.1962e+01 -6.9378e+03
-1.5676e+06 1.7313e+01 -4.1139e+03 1.5071e+03 1.2586e+00 -6.9500e+03
-2.1750e+06 2.0363e+01 -4.1197e+03 1.4771e+03 -8.2626e-02 -6.9615e+03
-3.5153e+06 2.4690e+01 -4.1254e+03 1.4473e+03 -1.1505e+02 -6.9740e+03
-4.5973e+06 2.6437e+01 -4.1310e+03 1.4177e+03 -2.4008e+02 -6.9857e+03
-4.4068e+06 2.6331e+01 -4.1365e+03 1.3884e+03 -2.0685e+02 -6.9958e+03
-3.3293e+06 2.6303e+01 -4.1419e+03 1.3592e+03 -8.0052e+01 -7.0057e+03
-2.3364e+06 2.6750e+01 -4.1471e+03 1.3303e+03 -3.2220e-01 -7.0150e+03
-1.6415e+06 2.9331e+01 -4.1523e+03 1.3015e+03 4.3219e+01 -7.0239e+03
-1.1448e+06 3.3483e+01 -4.1574e+03 1.2730e+03 8.1808e+01 -7.0332e+03
-8.0813e+05 3.5886e+01 -4.1624e+03 1.2447e+03 1.0001e+02 -7.0416e+03
-5.7368e+05 3.6250e+01 -4.1673e+03 1.2166e+03 1.0425e+02 -7.0497e+03
-3.6318e+05 3.6246e+01 -4.1721e+03 1.1887e+03 1.0297e+02 -7.0575e+03
-1.3462e+05 3.6250e+01 -4.1769e+03 1.1611e+03 9.9818e+01 -7.0650e+03
3.9757e+04 3.4941e+01 -4.1815e+03 1.1336e+03 8.2100e+01 -7.0718e+03
-9.9408e+03 3.1066e+01 -4.1861e+03 1.1064e+03 3.3025e+01 -7.0777e+03
-1.3799e+05 2.7312e+01 -4.1906e+03 1.0794e+03 -1.3855e+01 -7.0837e+03
-1.6733e+05 2.6186e+01 -4.1950e+03 1.0526e+03 -1.9361e+01 -7.0900e+03
-1.1315e+05 2.6250e+01 -4.1993e+03 1.0260e+03 -1.7136e+00 -7.0952e+03
-1.1931e+05 2.6250e+01 -4.2036e+03 9.9969e+02 7.5674e+00 -7.1000e+03
-1.6385e+05 2.6248e+01 -4.2078e+03 9.7356e+02 2.7700e+00 -7.0999e+03
-2.0295e+05 2.6246e+01 -4.2119e+03 9.4765e+02 1.7915e+00 -7.0964e+03
-2.3303e+06 2.8213e+01 -3.9987e+03 1.8962e+03 4.3830e+01 -6.8366e+03
-8.1830e+05 3.0810e+01 -4.0066e+03 1.8633e+03 8.8884e+01 -6.8548e+03
-3.2895e+05 3.3893e+01 -4.0143e+03 1.8306e+03 6.0611e+01 -6.8715e+03
-3.2853e+05 3.4461e+01 -4.0219e+03 1.7981e+03 3.4100e+01 -6.8878e+03
-5.7412e+05 2.4321e+01 -4.0293e+03 1.7658e+03 -6.8783e+00 -6.9046e+03
-7.6076e+05 1.6744e+01 -4.0366e+03 1.7338e+03 -1.5842e+01 -6.9211e+03
-7.6545e+05 1.6733e+01 -4.0437e+03 1.7019e+03 2.1565e+00 -6.9349e+03
-7.7492e+05 1.6728e+01 -4.0507e+03 1.6702e+03 7.9151e+00 -6.9496e+03
-8.1956e+05 1.6728e+01 -4.0575e+03 1.6387e+03 9.7882e+00 -6.9636e+03
-9.4701e+05 1.6731e+01 -4.0642e+03 1.6074e+03 6.8636e+00 -6.9772e+03
-1.1265e+06 1.6737e+01 -4.0707e+03 1.5764e+03 -3.0338e+00 -6.9904e+03
-1.3090e+06 1.6742e+01 -4.0771e+03 1.5455e+03 -6.6845e+00 -7.0030e+03
-1.5846e+06 1.6809e+01 -4.0834e+03 1.5149e+03 7.7463e+00 -7.0142e+03
-2.3797e+06 1.9113e+01 -4.0896e+03 1.4845e+03 -1.2457e+01 -7.0257e+03
-3.5682e+06 2.3687e+01 -4.0956e+03 1.4543e+03 -9.9173e+01 -7.0380e+03
-4.4023e+06 2.6172e+01 -4.1016e+03 1.4243e+03 -1.8692e+02 -7.0489e+03
-4.4681e+06 2.6322e+01 -4.1074e+03 1.3945e+03 -2.1118e+02 -7.0590e+03
-4.0586e+06 2.6319e+01 -4.1131e+03 1.3650e+03 -1.8820e+02 -7.0693e+03
-3.5688e+06 2.6427e+01 -4.1187e+03 1.3356e+03 -1.5975e+02 -7.0786e+03
-3.1543e+06 2.8061e+01 -4.1242e+03 1.3065e+03 -1.2582e+02 -7.0871e+03
-2.8035e+06 3.1983e+01 -4.1296e+03 1.2776e+03 -7.8221e+01 -7.0957e+03
-2.5105e+06 3.5347e+01 -4.1349e+03 1.2489e+03 -3.2173e+01 -7.1034e+03
-2.2257e+06 3.6299e+01 -4.1401e+03 1.2205e+03 -2.4426e-01 -7.1103e+03
-1.8877e+06 3.6288e+01 -4.1452e+03 1.1923e+03 1.6797e+01 -7.1173e+03
-1.3201e+06 3.6276e+01 -4.1502e+03 1.1643e+03 4.3751e+01 -7.1244e+03
-6.0773e+05 3.4876e+01 -4.1552e+03 1.1365e+03 7.3855e+01 -7.1309e+03
-1.5901e+05 3.1674e+01 -4.1600e+03 1.1089e+03 5.2770e+01 -7.1366e+03
-5.3018e+04 2.9203e+01 -4.1648e+03 1.0816e+03 6.0102e+00 -7.1428e+03
-2.7192e+04 2.8006e+01 -4.1694e+03 1.0545e+03 -8.0181e+00 -7.1492e+03
-5.5284e+03 2.7003e+01 -4.1740e+03 1.0276e+03 -2.8291e+00 -7.1541e+03
-4.0086e+04 2.6349e+01 -4.1786e+03 1.0009e+03 3.0016e+00 -7.1583e+03
-1.0678e+05 2.6148e+01 -4.1830e+03 9.7448e+02 2.6384e+00 -7.1572e+03
-1.7847e+05 2.6187e+01 -4.1874e+03 9.4827e+02 -5.1242e-02 -7.1533e+03
-1.2221e+06 3.4532e+01 -3.9630e+03 1.9089e+03 8.2939e+01 -6.9051e+03
-3.1085e+05 3.3027e+01 -3.9714e+03 1.8755e+03 8.1193e+01 -6.9239e+03
-8.8888e+04 4.1990e+01 -3.9796e+03 1.8423e+03 7.7679e+01 -6.9396e+03
-1.0867e+05 4.9081e+01 -3.9876e+03 1.8093e+03 8.9084e+01 -6.9557e+03
-5.3136e+05 3.1365e+01 -3.9955e+03 1.7766e+03 2.2796e+01 -6.9719e+03
-7.7096e+05 1.6737e+01 -4.0032e+03 1.7440e+03 -1.0287e+01 -6.9870e+03
-7.1294e+05 1.6731e+01 -4.0107e+03 1.7117e+03 8.2915e+00 -7.0016e+03
-6.5802e+05 1.6726e+01 -4.0180e+03 1.6795e+03 1.5929e+01 -7.0160e+03
-6.7270e+05 1.6726e+01 -4.0253e+03 1.6476e+03 1.8294e+01 -7.0297e+03
-7.9167e+05 1.6729e+01 -4.0323e+03 1.6159e+03 1.3969e+01 -7.0430e+03
-9.6818e+05 1.6734e+01 -4.0393e+03 1.5844e+03 6.2492e+00 -7.0558e+03
-1.1774e+06 1.6739e+01 -4.0460e+03 1.5531e+03 -7.1992e-01 -7.0677e+03
-1.4528e+06 1.6762e+01 -4.0527e+03 1.5221e+03 4.0702e+00 -7.0790e+03
-1.9280e+06 1.8476e+01 -4.0592e+03 1.4913e+03 5.4581e+00 -7.0905e+03
-2.4690e+06 2.2537e+01 -4.0656e+03 1.4606e+03 -6.1813e+00 -7.1016e+03
-2.8085e+06 2.5589e+01 -4.0719e+03 1.4303e+03 -2.3649e+01 -7.1117e+03
-2.9404e+06 2.6273e+01 -4.0780e+03 1.4001e+03 -4.5377e+01 -7.1214e+03
-3.0333e+06 2.6277e+01 -4.0841e+03 1.3702e+03 -7.3856e+01 -7.1312e+03
-3.2213e+06 2.6329e+01 -4.0900e+03 1.3404e+03 -1.0874e+02 -7.1404e+03
-3.5127e+06 2.8359e+01 -4.0958e+03 1.3110e+03 -1.4341e+02 -7.1491e+03
-3.8496e+06 3.2820e+01 -4.1015e+03 1.2817e+03 -1.6525e+02 -7.1582e+03
-4.0300e+06 3.5829e+01 -4.1071e+03 1.2527e+03 -1.5896e+02 -7.1659e+03
-3.9743e+06 3.6364e+01 -4.1126e+03 1.2239e+03 -1.4028e+02 -7.1719e+03
-3.6068e+06 3.6368e+01 -4.1181e+03 1.1953e+03 -1.3312e+02 -7.1784e+03
-2.6504e+06 3.6331e+01 -4.1234e+03 1.1669e+03 -8.0148e+01 -7.1853e+03
-1.1919e+06 3.5988e+01 -4.1286e+03 1.1388e+03 2.6331e+01 -7.1912e+03
-1.5170e+05 3.5218e+01 -4.1337e+03 1.1109e+03 6.8350e+01 -7.1968e+03
1.5539e+05 3.4095e+01 -4.1387e+03 1.0833e+03 3.7034e+01 -7.2024e+03
1.7268e+05 3.2307e+01 -4.1437e+03 1.0558e+03 1.4684e+01 -7.2078e+03
1.5116e+05 3.0294e+01 -4.1486e+03 1.0286e+03 6.6136e+00 -7.2123e+03
9.7684e+04 2.9124e+01 -4.1533e+03 1.0017e+03 8.0239e+00 -7.2161e+03
2.1425e+04 2.8163e+01 -4.1580e+03 9.7495e+02 8.3280e+00 -7.2155e+03
-9.3780e+04 2.6839e+01 -4.1627e+03 9.4844e+02 2.6463e+00 -7.2114e+03
-5.9518e+05 3.3399e+01 -3.9271e+03 1.9208e+03 8.5822e+01 -6.9736e+03
-4.5230e+05 2.6530e+01 -3.9360e+03 1.8869e+03 2.7865e+01 -6.9931e+03
-5.6169e+05 2.8337e+01 -3.9446e+03 1.8532e+03 6.1932e+00 -7.0077e+03
-6.2488e+05 3.2361e+01 -3.9531e+03 1.8198e+03 2.4921e+01 -7.0233e+03
-7.8075e+05 2.3932e+01 -3.9613e+03 1.7866e+03 4.9998e+00 -7.0390e+03
-7.9851e+05 1.6728e+01 -3.9694e+03 1.7536e+03 -1.1881e+00 -7.0534e+03
-6.6706e+05 1.6728e+01 -3.9774e+03 1.7208e+03 1.4091e+01 -7.0686e+03
-5.7973e+05 1.6725e+01 -3.9851e+03 1.6882e+03 2.1734e+01 -7.0824e+03
-5.8452e+05 1.6725e+01 -3.9928e+03 1.6558e+03 2.0155e+01 -7.0958e+03
-6.9497e+05 1.6729e+01 -4.0002e+03 1.6237e+03 1.1770e+01 -7.1088e+03
-8.4924e+05 1.6733e+01 -4.0075e+03 1.5918e+03 3.7892e+00 -7.1211e+03
-1.0304e+06 1.6845e+01 -4.0147e+03 1.5601e+03 -8.0144e+00 -7.1327e+03
-1.1428e+06 1.7601e+01 -4.0217e+03 1.5287e+03 -5.3526e+00 -7.1441e+03
-1.1478e+06 1.9998e+01 -4.0286e+03 1.4974e+03 2.4490e+01 -7.1552e+03
-1.1076e+06 2.3477e+01 -4.0353e+03 1.4664e+03 5.8524e+01 -7.1659e+03
-1.1238e+06 2.5716e+01 -4.0420e+03 1.4356e+03 7.4413e+01 -7.1760e+03
-1.1828e+06 2.6227e+01 -4.0485e+03 1.4051e+03 7.5762e+01 -7.1853e+03
-1.3573e+06 2.6198e+01 -4.0548e+03 1.3748e+03 7.2289e+01 -7.1942e+03
-1.7447e+06 2.6937e+01 -4.0611e+03 1.3447e+03 6.1579e+01 -7.2025e+03
-2.5409e+06 3.0293e+01 -4.0672e+03 1.3148e+03 1.2354e+01 -7.2102e+03
-3.6274e+06 3.4652e+01 -4.0732e+03 1.2852e+03 -7.5999e+01 -7.2193e+03
-4.4357e+06 3.6406e+01 -4.0792e+03 1.2558e+03 -1.3185e+02 -7.2272e+03
-4.6729e+06 3.6405e+01 -4.0850e+03 1.2267e+03 -1.5095e+02 -7.2330e+03
-4.2548e+06 3.6409e+01 -4.0907e+03 1.1978e+03 -1.6076e+02 -7.2399e+03
-2.9023e+06 3.6353e+01 -4.0963e+03 1.1691e+03 -8.8702e+01 -7.2463e+03
-1.1231e+06 3.6404e+01 -4.1018e+03 1.1407e+03 3.2869e+01 -7.2518e+03
-4.0419e+04 3.6587e+01 -4.1072e+03 1.1124e+03 6.6404e+01 -7.2575e+03
2.4184e+05 3.6389e+01 -4.1125e+03 1.0845e+03 3.4238e+01 -7.2620e+03
2.9200e+05 3.5538e+01 -4.1177e+03 1.0567e+03 2.1187e+01 -7.2665e+03
3.1836e+05 3.4579e+01 -4.1228e+03 1.0292e+03 2.4194e+01 -7.2706e+03
2.9602e+05 3.4224e+01 -4.1279e+03 1.0020e+03 3.2520e+01 -7.2739e+03
1.6762e+05 3.2269e+01 -4.1329e+03 9.7495e+02 2.3905e+01 -7.2728e+03
-3.2818e+04 2.8188e+01 -4.1377e+03 9.4816e+02 2.7503e+00 -7.2681e+03
-6.3472e+05 2.8463e+01 -3.8909e+03 1.9319e+03 7.2267e+01 -7.0421e+03
-9.6765e+05 2.0650e+01 -3.9002e+03 1.8976e+03 9.6317e+00 -7.0605e+03
-1.1716e+06 1.7114e+01 -3.9093e+03 1.8634e+03 -1.0714e+01 -7.0749e+03
-1.1336e+06 1.6744e+01 -3.9182e+03 1.8296e+03 -7.2179e+00 -7.0915e+03
-1.0106e+06 1.6727e+01 -3.9269e+03 1.7959e+03 -6.4009e+00 -7.1072e+03
-8.5092e+05 1.6727e+01 -3.9355e+03 1.7624e+03 1.9884e+00 -7.1212e+03
-6.8328e+05 1.6727e+01 -3.9438e+03 1.7292e+03 1.2553e+01 -7.1352e+03
-5.6596e+05 1.6726e+01 -3.9520e+03 1.6962e+03 1.9086e+01 -7.1487e+03
-5.6709e+05 1.6729e+01 -3.9600e+03 1.6634e+03 1.3726e+01 -7.1618e+03
-6.4226e+05 1.6732e+01 -3.9679e+03 1.6309e+03 4.8886e+00 -7.1744e+03
-7.3260e+05 1.6733e+01 -3.9755e+03 1.5986e+03 -8.5828e-01 -7.1862e+03
-7.9547e+05 1.7620e+01 -3.9831e+03 1.5665e+03 -1.0173e+01 -7.1978e+03
-7.2193e+05 2.0332e+01 -3.9905e+03 1.5346e+03 -3.1936e+00 -7.2090e+03
-5.1524e+05 2.3561e+01 -3.9977e+03 1.5030e+03 2.5232e+01 -7.2195e+03
-3.5739e+05 2.5513e+01 -4.0048e+03 1.4716e+03 4.6660e+01 -7.2299e+03
-3.2681e+05 2.6140e+01 -4.0118e+03 1.4404e+03 4.9257e+01 -7.2398e+03
-3.8701e+05 2.6225e+01 -4.0186e+03 1.4095e+03 4.5690e+01 -7.2488e+03
-4.9301e+05 2.6312e+01 -4.0253e+03 1.3788e+03 5.9777e+01 -7.2576e+03
-8.3492e+05 2.8394e+01 -4.0319e+03 1.3484e+03 8.9774e+01 -7.2654e+03
-1.8147e+06 3.2871e+01 -4.0384e+03 1.3182e+03 6.1845e+01 -7.2725e+03
-3.2705e+06 3.5881e+01 -4.0447e+03 1.2882e+03 -3.9429e+01 -7.2804e+03
-4.3386e+06 3.6409e+01 -4.0509e+03 1.2585e+03 -1.0832e+02 -7.2871e+03
-4.6287e+06 3.6409e+01 -4.0571e+03 1.2290e+03 -1.2574e+02 -7.2937e+03
-3.9315e+06 3.6386e+01 -4.0631e+03 1.1998e+03 -9.9482e+01 -7.3012e+03
-2.2690e+06 3.6319e+01 -4.0690e+03 1.1708e+03 3.4792e+00 -7.3063e+03
-6.5321e+05 3.6267e+01 -4.0748e+03 1.1420e+03 8.1227e+01 -7.3111e+03
4.5203e+04 3.6259e+01 -4.0804e+03 1.1135e+03 5.9719e+01 -7.3165e+03
2.1003e+05 3.6265e+01 -4.0860e+03 1.0852e+03 2.1191e+01 -7.3207e+03
2.8273e+05 3.6267e+01 -4.0915e+03 1.0572e+03 1.5141e+01 -7.3254e+03
3.6339e+05 3.6297e+01 -4.0969e+03 1.0294e+03 2.5107e+01 -7.3292e+03
3.6955e+05 3.6531e+01 -4.1022e+03 1.0018e+03 3.9716e+01 -7.3318e+03
2.4019e+05 3.4141e+01 -4.1075e+03 9.7450e+02 2.6002e+01 -7.3298e+03
1.9578e+04 2.8788e+01 -4.1126e+03 9.4743e+02 -6.2506e+00 -7.3257e+03
-1.5380e+06 2.2568e+01 -3.8545e+03 1.9423e+03 3.8619e+01 -7.1108e+03
-2.0225e+06 1.7708e+01 -3.8642e+03 1.9075e+03 -2.7404e+00 -7.1287e+03
-1.8656e+06 1.6740e+01 -3.8738e+03 1.8729e+03 2.5689e+01 -7.1437e+03
-1.4489e+06 1.6731e+01 -3.8831e+03 1.8386e+03 3.7356e+01 -7.1590e+03
-1.1384e+06 1.6729e+01 -3.8923e+03 1.8045e+03 1.3573e+01 -7.1737e+03
-9.1452e+05 1.6728e+01 -3.9012e+03 1.7706e+03 1.3766e+00 -7.1880e+03
-7.2269e+05 1.6729e+01 -3.9100e+03 1.7369e+03 3.6045e+00 -7.2018e+03
-6.1717e+05 1.6730e+01 -3.9186e+03 1.7035e+03 5.6138e+00 -7.2149e+03
-5.7682e+05 1.6749e+01 -3.9270e+03 1.6703e+03 1.3838e+00 -7.2278e+03
-5.6001e+05 1.6972e+01 -3.9352e+03 1.6374e+03 -1.4904e+00 -7.2400e+03
-5.3401e+05 1.7226e+01 -3.9433e+03 1.6047e+03 -2.3219e+00 -7.2514e+03
-4.6867e+05 1.9111e+01 -3.9512e+03 1.5722e+03 -2.2198e+00 -7.2627e+03
-2.8573e+05 2.3293e+01 -3.9590e+03 1.5399e+03 1.1129e+01 -7.2736e+03
-1.0267e+05 2.5960e+01 -3.9666e+03 1.5079e+03 2.2736e+01 -7.2838e+03
-9.1359e+03 2.6276e+01 -3.9741e+03 1.4762e+03 2.1682e+01 -7.2939e+03
-2.2538e+04 2.6295e+01 -3.9814e+03 1.4446e+03 1.3119e+01 -7.3029e+03
-8.8573e+04 2.6402e+01 -3.9886e+03 1.4134e+03 4.3970e+00 -7.3114e+03
-1.7146e+05 2.7472e+01 -3.9956e+03 1.3823e+03 2.3174e+01 -7.3197e+03
-4.8137e+05 3.0893e+01 -4.0025e+03 1.3515e+03 6.3803e+01 -7.3274e+03
-1.4462e+06 3.4837e+01 -4.0093e+03 1.3210e+03 4.8572e+01 -7.3355e+03
-2.8740e+06 3.6340e+01 -4.0160e+03 1.2907e+03 -3.9730e+01 -7.3428e+03
-4.0397e+06 3.6362e+01 -4.0225e+03 1.2606e+03 -1.1432e+02 -7.3481e+03
-4.3515e+06 3.6389e+01 -4.0289e+03 1.2308e+03 -1.2620e+02 -7.3549e+03
-3.4429e+06 3.6348e+01 -4.0352e+03 1.2012e+03 -4.3989e+01 -7.3616e+03
-1.7296e+06 3.6277e+01 -4.0414e+03 1.1719e+03 8.8965e+01 -7.3659e+03
-4.7061e+05 3.6243e+01 -4.0475e+03 1.1428e+03 1.3165e+02 -7.3709e+03
-4.7914e+04 3.6251e+01 -4.0535e+03 1.1140e+03 8.7220e+01 -7.3755e+03
6.7826e+04 3.6263e+01 -4.0594e+03 1.0854e+03 5.5882e+01 -7.3793e+03
1.6450e+05 3.6265e+01 -4.0651e+03 1.0571e+03 4.9794e+01 -7.3839e+03
2.7124e+05 3.6262e+01 -4.0708e+03 1.0290e+03 4.9886e+01 -7.3875e+03
3.2231e+05 3.6387e+01 -4.0764e+03 1.0012e+03 5.2642e+01 -7.3898e+03
2.6200e+05 3.4635e+01 -4.0819e+03 9.7357e+02 3.3228e+01 -7.3874e+03
1.3700e+05 3.0832e+01 -4.0873e+03 9.4623e+02 2.4393e+00 -7.3825e+03
-3.2269e+06 2.0241e+01 -3.8177e+03 1.9518e+03 -6.1400e+01 -7.1798e+03
-3.7418e+06 1.8012e+01 -3.8280e+03 1.9166e+03 -1.0568e+02 -7.1961e+03
-3.1430e+06 1.7072e+01 -3.8380e+03 1.8816e+03 -2.2849e+01 -7.2106e+03
-2.0417e+06 1.6733e+01 -3.8478e+03 1.8469e+03 5.5029e+01 -7.2264e+03
-1.2649e+06 1.6726e+01 -3.8573e+03 1.8123e+03 4.8938e+01 -7.2410e+03
-9.0270e+05 1.6726e+01 -3.8667e+03 1.7780e+03 1.8697e+01 -7.2550e+03
-7.3305e+05 1.6731e+01 -3.8759e+03 1.7440e+03 1.6953e+00 -7.2684e+03
-6.2926e+05 1.6735e+01 -3.8849e+03 1.7102e+03 -7.1023e+00 -7.2813e+03
-5.2600e+05 1.6786e+01 -3.8937e+03 1.6766e+03 -8.7226e+00 -7.2939e+03
-3.7599e+05 1.7896e+01 -3.9024e+03 1.6432e+03 -5.4349e-01 -7.3058e+03
-2.4990e+05 1.9042e+01 -3.9108e+03 1.6101e+03 9.6646e-01 -7.3170e+03
-1.6570e+05 1.9932e+01 -3.9191e+03 1.5773e+03 -7.0085e+00 -7.3282e+03
-3.0591e+04 2.2640e+01 -3.9273e+03 1.5446e+03 -3.0701e+00 -7.3386e+03
1.1184e+05 2.5026e+01 -3.9353e+03 1.5123e+03 1.4740e+00 -7.3480e+03
2.1744e+05 2.6661e+01 -3.9431e+03 1.4801e+03 8.5458e+00 -7.3574e+03
2.5954e+05 2.8497e+01 -3.9508e+03 1.4482e+03 1.6921e+01 -7.3663e+03
1.7656e+05 2.8641e+01 -3.9583e+03 1.4166e+03 1.2260e+01 -7.3748e+03
6.7538e+04 2.9033e+01 -3.9657e+03 1.3852e+03 2.4436e+01 -7.3825e+03
-1.4048e+05 3.2291e+01 -3.9729e+03 1.3541e+03 7.1365e+01 -7.3897e+03
-7.6215e+05 3.5511e+01 -3.9800e+03 1.3232e+03 1.0120e+02 -7.3975e+03
-2.0088e+06 3.6347e+01 -3.9870e+03 1.2925e+03 4.9670e+01 -7.4044e+03
-3.4467e+06 3.6324e+01 -3.9939e+03 1.2622e+03 -6.0356e+01 -7.4100e+03
-4.1434e+06 3.6364e+01 -4.0006e+03 1.2320e+03 -1.1861e+02 -7.4157e+03
-3.5021e+06 3.6328e+01 -4.0072e+03 1.2021e+03 -4.1301e+01 -7.4204e+03
-2.1199e+06 3.6260e+01 -4.0137e+03 1.1725e+03 9.0607e+01 -7.4253e+03
-1.1230e+06 3.6234e+01 -4.0201e+03 1.1431e+03 1.3755e+02 -7.4311e+03
-7.8005e+05 3.6244e+01 -4.0263e+03 1.1140e+03 1.0874e+02 -7.4351e+03
-6.6741e+05 3.6255e+01 -4.0325e+03 1.0851e+03 8.3076e+01 -7.4386e+03
-5.2899e+05 3.6256e+01 -4.0386e+03 1.0565e+03 7.6860e+01 -7.4425e+03
-2.5968e+05 3.6253e+01 -4.0445e+03 1.0282e+03 8.1227e+01 -7.4459e+03
6.4843e+04 3.6298e+01 -4.0504e+03 1.0000e+03 9.1197e+01 -7.4479e+03
2.8410e+05 3.5741e+01 -4.0561e+03 9.7218e+02 7.5768e+01 -7.4470e+03
3.2446e+05 3.4716e+01 -4.0618e+03 9.4457e+02 4.4391e+01 -7.4406e+03
-4.5546e+06 2.3405e+01 -3.7807e+03 1.9606e+03 -1.5316e+02 -7.2475e+03
-5.0921e+06 2.1043e+01 -3.7914e+03 1.9250e+03 -2.1289e+02 -7.2631e+03
-4.5019e+06 1.8006e+01 -3.8019e+03 1.8896e+03 -1.4002e+02 -7.2778e+03
-2.9918e+06 1.6749e+01 -3.8122e+03 1.8544e+03 3.1266e+00 -7.2939e+03
-1.5810e+06 1.6729e+01 -3.8222e+03 1.8195e+03 6.8750e+01 -7.3076e+03
-8.8575e+05 1.6726e+01 -3.8320e+03 1.7848e+03 4.4673e+01 -7.3210e+03
-6.7040e+05 1.6733e+01 -3.8416e+03 1.7503e+03 5.0048e+00 -7.3344e+03
-5.6652e+05 1.6738e+01 -3.8510e+03 1.7161e+03 -1.5143e+01 -7.3471e+03
-3.5442e+05 1.7227e+01 -3.8603e+03 1.6821e+03 -1.1435e+01 -7.3591e+03
-6.0985e+04 1.9826e+01 -3.8693e+03 1.6484e+03 1.0587e+01 -7.3705e+03
1.1632e+05 2.1636e+01 -3.8781e+03 1.6149e+03 1.0290e+01 -7.3815e+03
1.2492e+05 2.1030e+01 -3.8868e+03 1.5817e+03 -1.4094e+01 -7.3922e+03
2.2525e+05 2.2894e+01 -3.8953e+03 1.5487e+03 -1.4930e+01 -7.4021e+03
3.8641e+05 2.6315e+01 -3.9037e+03 1.5160e+03 -2.6624e+00 -7.4114e+03
5.2698e+05 2.9567e+01 -3.9119e+03 1.4835e+03 1.8840e+01 -7.4206e+03
5.4440e+05 3.2216e+01 -3.9199e+03 1.4512e+03 3.9703e+01 -7.4295e+03
3.5816e+05 3.1100e+01 -3.9278e+03 1.4193e+03 2.7605e+01 -7.4376e+03
1.1603e+05 2.8660e+01 -3.9355e+03 1.3875e+03 1.2289e+01 -7.4448e+03
1.9143e+04 3.0513e+01 -3.9431e+03 1.3561e+03 5.4297e+01 -7.4521e+03
-2.3803e+05 3.4874e+01 -3.9505e+03 1.3248e+03 1.3807e+02 -7.4588e+03
-1.3480e+06 3.6395e+01 -3.9578e+03 1.2939e+03 1.3354e+02 -7.4653e+03
-3.1187e+06 3.5497e+01 -3.9650e+03 1.2632e+03 6.5056e-01 -7.4723e+03
-4.3006e+06 3.4547e+01 -3.9721e+03 1.2327e+03 -1.0872e+02 -7.4768e+03
-4.2179e+06 3.4717e+01 -3.9790e+03 1.2025e+03 -8.5251e+01 -7.4790e+03
-3.3956e+06 3.5784e+01 -3.9858e+03 1.1726e+03 -8.9715e-02 -7.4837e+03
-2.6873e+06 3.6399e+01 -3.9924e+03 1.1429e+03 4.5761e+01 -7.4898e+03
-2.3787e+06 3.6376e+01 -3.9990e+03 1.1135e+03 3.6257e+01 -7.4938e+03
-2.2773e+06 3.6281e+01 -4.0054e+03 1.0844e+03 7.2991e+00 -7.4967e+03
-2.0851e+06 3.6286e+01 -4.0118e+03 1.0555e+03 -6.6874e+00 -7.4998e+03
-1.5262e+06 3.6269e+01 -4.0180e+03 1.0268e+03 2.6784e+01 -7.5027e+03
-6.2704e+05 3.6245e+01 -4.0241e+03 9.9844e+02 1.0776e+02 -7.5049e+03
3.9279e+04 3.5854e+01 -4.0301e+03 9.7031e+02 1.3435e+02 -7.5049e+03
2.2305e+05 3.5698e+01 -4.0360e+03 9.4245e+02 8.6415e+01 -7.4970e+03
-4.1418e+06 2.6088e+01 -3.7435e+03 1.9686e+03 -8.2841e+01 -7.3164e+03
-4.9612e+06 2.3521e+01 -3.7547e+03 1.9326e+03 -1.8600e+02 -7.3312e+03
-5.1634e+06 1.8977e+01 -3.7656e+03 1.8968e+03 -2.3371e+02 -7.3446e+03
-3.8723e+06 1.6774e+01 -3.7763e+03 1.8612e+03 -1.1027e+02 -7.3601e+03
-2.0061e+06 1.6742e+01 -3.7868e+03 1.8259e+03 2.8327e+01 -7.3732e+03
-9.0239e+05 1.6731e+01 -3.7970e+03 1.7908e+03 4.1735e+01 -7.3863e+03
-5.8049e+05 1.6791e+01 -3.8071e+03 1.7559e+03 -1.7618e+00 -7.3994e+03
-3.6835e+05 1.7511e+01 -3.8169e+03 1.7214e+03 -1.8210e+01 -7.4118e+03
-2.9936e+04 1.9609e+01 -3.8265e+03 1.6870e+03 -1.9231e+00 -7.4234e+03
3.1747e+05 2.2829e+01 -3.8360e+03 1.6529e+03 2.1831e+01 -7.4344e+03
4.6158e+05 2.4037e+01 -3.8452e+03 1.6191e+03 1.8027e+01 -7.4450e+03
5.1488e+05 2.4751e+01 -3.8543e+03 1.5855e+03 7.1181e+00 -7.4551e+03
6.7988e+05 2.9177e+01 -3.8632e+03 1.5521e+03 2.7743e+01 -7.4649e+03
7.7790e+05 3.2323e+01 -3.8719e+03 1.5190e+03 3.9599e+01 -7.4745e+03
7.0870e+05 3.2309e+01 -3.8804e+03 1.4862e+03 3.6481e+01 -7.4832e+03
5.2443e+05 3.1650e+01 -3.8888e+03 1.4536e+03 3.2156e+01 -7.4913e+03
2.2612e+05 2.9425e+01 -3.8971e+03 1.4213e+03 1.2244e+01 -7.4987e+03
-1.7775e+04 2.7004e+01 -3.9051e+03 1.3892e+03 -4.5981e+00 -7.5057e+03
-1.0731e+05 2.8825e+01 -3.9130e+03 1.3575e+03 3.7085e+01 -7.5129e+03
-4.2413e+05 3.3719e+01 -3.9208e+03 1.3259e+03 1.2072e+02 -7.5191e+03
-1.7167e+06 3.4949e+01 -3.9285e+03 1.2946e+03 1.0829e+02 -7.5257e+03
-3.5899e+06 3.2419e+01 -3.9359e+03 1.2636e+03 -1.9772e+01 -7.5328e+03
-4.8522e+06 3.0210e+01 -3.9433e+03 1.2329e+03 -1.1667e+02 -7.5369e+03
-5.0551e+06 3.0619e+01 -3.9505e+03 1.2024e+03 -1.1614e+02 -7.5394e+03
-4.6858e+06 3.2942e+01 -3.9576e+03 1.1722e+03 -7.8622e+01 -7.5436e+03
-4.2480e+06 3.4946e+01 -3.9646e+03 1.1422e+03 -5.0285e+01 -7.5482e+03
-3.9773e+06 3.6022e+01 -3.9714e+03 1.1125e+03 -4.7511e+01 -7.5513e+03
-3.8631e+06 3.6329e+01 -3.9782e+03 1.0831e+03 -7.5146e+01 -7.5536e+03
-3.6752e+06 3.6342e+01 -3.9848e+03 1.0539e+03 -1.0625e+02 -7.5565e+03
-3.0072e+06 3.6413e+01 -3.9913e+03 1.0250e+03 -6.9967e+01 -7.5583e+03
-1.8189e+06 3.5861e+01 -3.9977e+03 9.9636e+02 6.0337e+01 -7.5597e+03
-8.8134e+05 3.3749e+01 -4.0040e+03 9.6797e+02 1.3660e+02 -7.5612e+03
-4.6151e+05 3.2439e+01 -4.0102e+03 9.3986e+02 1.0506e+02 -7.5531e+03
-2.3549e+06 2.6377e+01 -3.7061e+03 1.9759e+03 7.5233e+01 -7.3849e+03
-3.6151e+06 2.4243e+01 -3.7177e+03 1.9394e+03 -7.0524e+01 -7.3995e+03
-4.6193e+06 1.9417e+01 -3.7291e+03 1.9032e+03 -2.2957e+02 -7.4120e+03
-3.8093e+06 1.6826e+01 -3.7403e+03 1.8673e+03 -1.6399e+02 -7.4267e+03
-1.9907e+06 1.6749e+01 -3.7512e+03 1.8315e+03 -1.3630e+01 -7.4405e+03
-7.9716e+05 1.7178e+01 -3.7619e+03 1.7961e+03 1.9621e+01 -7.4536e+03
-3.4763e+05 1.8367e+01 -3.7723e+03 1.7609e+03 -7.3622e+00 -7.4658e+03
-1.4739e+04 2.0585e+01 -3.7826e+03 1.7259e+03 -4.6897e+00 -7.4778e+03
3.8057e+05 2.3538e+01 -3.7926e+03 1.6912e+03 1.7982e+01 -7.4891e+03
6.4173e+05 2.5474e+01 -3.8024e+03 1.6567e+03 2.7111e+01 -7.4997e+03
7.4558e+05 2.5776e+01 -3.8121e+03 1.6225e+03 2.1731e+01 -7.5105e+03
8.2412e+05 2.7696e+01 -3.8215e+03 1.5886e+03 2.5708e+01 -7.5203e+03
9.1947e+05 3.2014e+01 -3.8308e+03 1.5549e+03 4.4793e+01 -7.5296e+03
8.3626e+05 3.2831e+01 -3.8399e+03 1.5215e+03 4.4510e+01 -7.5383e+03
5.6119e+05 2.9923e+01 -3.8488e+03 1.4883e+03 2.5025e+01 -7.5459e+03
2.3267e+05 2.7846e+01 -3.8576e+03 1.4554e+03 1.3371e+01 -7.5535e+03
-2.7500e+04 2.6799e+01 -3.8661e+03 1.4227e+03 1.8026e+01 -7.5613e+03
-1.9746e+05 2.6243e+01 -3.8745e+03 1.3904e+03 3.6202e+01 -7.5688e+03
-4.3616e+05 2.8017e+01 -3.8828e+03 1.3583e+03 7.1032e+01 -7.5754e+03
-1.2610e+06 3.1157e+01 -3.8909e+03 1.3264e+03 8.0449e+01 -7.5811e+03
-2.8463e+06 3.1029e+01 -3.8989e+03 1.2948e+03 6.6937e+00 -7.5868e+03
-4.4312e+06 2.8443e+01 -3.9067e+03 1.2635e+03 -8.7917e+01 -7.5919e+03
-5.3113e+06 2.6963e+01 -3.9144e+03 1.2325e+03 -1.2118e+02 -7.5960e+03
-5.5323e+06 2.7228e+01 -3.9219e+03 1.2017e+03 -1.0817e+02 -7.6002e+03
-5.3948e+06 2.8946e+01 -3.9293e+03 1.1712e+03 -8.8831e+01 -7.6041e+03
-5.0956e+06 3.2059e+01 -3.9366e+03 1.1410e+03 -6.3795e+01 -7.6071e+03
-4.7966e+06 3.5157e+01 -3.9437e+03 1.1110e+03 -4.5013e+01 -7.6101e+03
-4.6305e+06 3.6341e+01 -3.9507e+03 1.0813e+03 -5.8288e+01 -7.6127e+03
-4.4838e+06 3.6374e+01 -3.9576e+03 1.0519e+03 -9.5289e+01 -7.6151e+03
-4.0528e+06 3.6202e+01 -3.9644e+03 1.0227e+03 -1.0320e+02 -7.6158e+03
-3.2639e+06 3.4162e+01 -3.9711e+03 9.9379e+02 -4.3292e+01 -7.6176e+03
-2.4727e+06 3.0193e+01 -3.9776e+03 9.6516e+02 2.2440e+01 -7.6170e+03
-1.7413e+06 2.8179e+01 -3.9841e+03 9.3679e+02 5.6727e+01 -7.6115e+03
-8.0324e+05 2.6267e+01 -3.6685e+03 1.9823e+03 1.2420e+02 -7.4528e+03
-1.8974e+06 2.4145e+01 -3.6806e+03 1.9454e+03 2.9446e+01 -7.4702e+03
-2.9848e+06 1.9509e+01 -3.6924e+03 1.9089e+03 -1.1515e+02 -7.4837e+03
-2.5755e+06 1.6970e+01 -3.7040e+03 1.8725e+03 -9.9279e+01 -7.4971e+03
-1.3025e+06 1.7456e+01 -3.7154e+03 1.8365e+03 -7.8078e+00 -7.5111e+03
-4.1383e+05 1.9463e+01 -3.7265e+03 1.8006e+03 1.3414e+01 -7.5240e+03
3.5109e+04 2.2203e+01 -3.7374e+03 1.7650e+03 2.6814e+00 -7.5359e+03
3.9441e+05 2.4482e+01 -3.7480e+03 1.7297e+03 1.0418e+01 -7.5474e+03
6.7774e+05 2.5904e+01 -3.7585e+03 1.6947e+03 2.3073e+01 -7.5582e+03
8.1945e+05 2.6294e+01 -3.7687e+03 1.6599e+03 2.1762e+01 -7.5687e+03
8.6803e+05 2.6307e+01 -3.7787e+03 1.6253e+03 1.8035e+01 -7.5790e+03
8.5929e+05 2.7099e+01 -3.7886e+03 1.5910e+03 1.4457e+01 -7.5882e+03
7.5370e+05 2.8325e+01 -3.7982e+03 1.5570e+03 1.0674e+01 -7.5970e+03
5.2774e+05 2.8119e+01 -3.8077e+03 1.5233e+03 1.6539e+01 -7.6055e+03
1.3316e+05 2.6794e+01 -3.8170e+03 1.4898e+03 2.1644e+01 -7.6129e+03
-3.4648e+05 2.6222e+01 -3.8261e+03 1.4565e+03 2.1509e+01 -7.6206e+03
-6.8305e+05 2.6245e+01 -3.8350e+03 1.4236e+03 4.3209e+01 -7.6285e+03
-8.7019e+05 2.6230e+01 -3.8438e+03 1.3909e+03 7.5627e+01 -7.6353e+03
-1.3315e+06 2.6803e+01 -3.8524e+03 1.3585e+03 7.2807e+01 -7.6403e+03
-2.3698e+06 2.7704e+01 -3.8608e+03 1.3263e+03 1.5769e+01 -7.6452e+03
-3.6678e+06 2.7411e+01 -3.8691e+03 1.2945e+03 -5.7679e+01 -7.6503e+03
-4.6754e+06 2.6514e+01 -3.8772e+03 1.2629e+03 -9.2830e+01 -7.6548e+03
-5.2995e+06 2.6274e+01 -3.8852e+03 1.2315e+03 -9.3527e+01 -7.6595e+03
-5.5907e+06 2.6320e+01 -3.8931e+03 1.2005e+03 -8.7017e+01 -7.6638e+03
-5.5811e+06 2.7242e+01 -3.9008e+03 1.1697e+03 -7.6388e+01 -7.6667e+03
-5.3339e+06 3.0339e+01 -3.9083e+03 1.1392e+03 -5.0519e+01 -7.6691e+03
-5.0415e+06 3.4144e+01 -3.9158e+03 1.1089e+03 -2.2830e+01 -7.6726e+03
-4.8615e+06 3.6227e+01 -3.9231e+03 1.0790e+03 -1.5852e+01 -7.6752e+03
-4.7556e+06 3.6769e+01 -3.9303e+03 1.0493e+03 -3.5046e+01 -7.6765e+03
-4.6002e+06 3.5475e+01 -3.9373e+03 1.0199e+03 -7.5940e+01 -7.6765e+03
-4.2844e+06 3.1454e+01 -3.9443e+03 9.9073e+02 -1.0824e+02 -7.6793e+03
-3.6430e+06 2.7541e+01 -3.9511e+03 9.6186e+02 -8.0408e+01 -7.6712e+03
-2.8531e+06 2.6251e+01 -3.9578e+03 9.3326e+02 -1.4615e+01 -7.6680e+03
-5.8977e+04 2.6191e+01 -3.6306e+03 1.9879e+03 7.6950e+01 -7.5232e+03
-5.0928e+05 2.4625e+01 -3.6432e+03 1.9507e+03 6.5351e+01 -7.5382e+03
-1.0937e+06 2.0901e+01 -3.6555e+03 1.9137e+03 -2.1963e-01 -7.5489e+03
-1.0492e+06 1.8126e+01 -3.6675e+03 1.8771e+03 -2.4168e+01 -7.5620e+03
-4.8996e+05 1.9118e+01 -3.6793e+03 1.8406e+03 -4.2653e+00 -7.5754e+03
6.0194e+04 2.2729e+01 -3.6909e+03 1.8044e+03 1.2573e+01 -7.5882e+03
4.3356e+05 2.5375e+01 -3.7022e+03 1.7685e+03 1.2742e+01 -7.5997e+03
6.5353e+05 2.6154e+01 -3.7133e+03 1.7328e+03 9.5502e+00 -7.6108e+03
7.9722e+05 2.6268e+01 -3.7241e+03 1.6974e+03 1.0075e+01 -7.6216e+03
8.5539e+05 2.6231e+01 -3.7348e+03 1.6623e+03 8.2047e+00 -7.6319e+03
8.5983e+05 2.6233e+01 -3.7452e+03 1.6274e+03 8.6053e+00 -7.6413e+03
7.7119e+05 2.6208e+01 -3.7554e+03 1.5928e+03 5.1930e+00 -7.6503e+03
5.6686e+05 2.6181e+01 -3.7655e+03 1.5585e+03 4.6696e+00 -7.6592e+03
1.5811e+05 2.6210e+01 -3.7753e+03 1.5244e+03 1.9375e+01 -7.6675e+03
-6.4025e+05 2.6252e+01 -3.7849e+03 1.4906e+03 7.4977e+00 -7.6752e+03
-1.6600e+06 2.6277e+01 -3.7944e+03 1.4571e+03 -4.3191e+01 -7.6830e+03
-2.2964e+06 2.6291e+01 -3.8037e+03 1.4238e+03 -6.3332e+01 -7.6895e+03
-2.4877e+06 2.6288e+01 -3.8128e+03 1.3908e+03 -4.9178e+01 -7.6941e+03
-2.6139e+06 2.6278e+01 -3.8217e+03 1.3581e+03 -4.1556e+01 -7.6983e+03
-2.8315e+06 2.6266e+01 -3.8305e+03 1.3257e+03 -2.0866e+01 -7.7040e+03
-3.2825e+06 2.6260e+01 -3.8391e+03 1.2935e+03 3.4534e+00 -7.7095e+03
-4.1159e+06 2.6268e+01 -3.8476e+03 1.2616e+03 -1.7404e+01 -7.7142e+03
-4.9637e+06 2.6291e+01 -3.8559e+03 1.2300e+03 -6.2249e+01 -7.7187e+03
-5.3762e+06 2.6307e+01 -3.8641e+03 1.1987e+03 -7.9041e+01 -7.7227e+03
-5.3607e+06 2.6782e+01 -3.8721e+03 1.1677e+03 -7.3599e+01 -7.7248e+03
-5.2147e+06 2.8522e+01 -3.8799e+03 1.1369e+03 -6.7072e+01 -7.7266e+03
-5.1039e+06 3.1254e+01 -3.8877e+03 1.1064e+03 -5.5669e+01 -7.7307e+03
-5.0375e+06 3.3554e+01 -3.8953e+03 1.0762e+03 -3.9426e+01 -7.7340e+03
-4.9790e+06 3.4593e+01 -3.9028e+03 1.0462e+03 -3.8385e+01 -7.7343e+03
-4.8406e+06 3.2907e+01 -3.9101e+03 1.0166e+03 -6.7356e+01 -7.7329e+03
-4.3998e+06 2.8852e+01 -3.9173e+03 9.8719e+02 -8.4328e+01 -7.7325e+03
-3.4891e+06 2.6617e+01 -3.9244e+03 9.5808e+02 -1.7767e+01 -7.7278e+03
-2.7808e+06 2.6905e+01 -3.9314e+03 9.2925e+02 5.2682e+01 -7.7278e+03
2.5912e+05 2.6214e+01 -3.5926e+03 1.9926e+03 3.1636e+01 -7.5881e+03
2.5313e+05 2.5772e+01 -3.6056e+03 1.9551e+03 4.8344e+01 -7.6118e+03
9.1081e+04 2.3939e+01 -3.6184e+03 1.9178e+03 3.5658e+01 -7.6313e+03
-1.5426e+04 2.1055e+01 -3.6309e+03 1.8808e+03 5.0404e-01 -7.6427e+03
1.0445e+05 2.0976e+01 -3.6431e+03 1.8440e+03 -1.5890e+01 -7.6555e+03
4.3183e+05 2.4306e+01 -3.6551e+03 1.8075e+03 4.0623e+00 -7.6675e+03
7.0268e+05 2.6230e+01 -3.6668e+03 1.7712e+03 1.5408e+01 -7.6789e+03
8.2578e+05 2.6231e+01 -3.6783e+03 1.7353e+03 7.3787e+00 -7.6897e+03
8.4463e+05 2.6236e+01 -3.6896e+03 1.6995e+03 7.1136e-02 -7.7002e+03
8.2822e+05 2.6239e+01 -3.7006e+03 1.6641e+03 -1.7847e+00 -7.7100e+03
8.0320e+05 2.6239e+01 -3.7115e+03 1.6289e+03 3.2901e+00 -7.7190e+03
7.3256e+05 2.6234e+01 -3.7221e+03 1.5939e+03 1.2531e+01 -7.7281e+03
4.5946e+05 2.6231e+01 -3.7325e+03 1.5593e+03 2.7417e+01 -7.7367e+03
-3.7322e+05 2.6242e+01 -3.7427e+03 1.5249e+03 1.2035e+01 -7.7442e+03
-1.8553e+06 2.6279e+01 -3.7527e+03 1.4908e+03 -7.9286e+01 -7.7511e+03
-3.2058e+06 2.6322e+01 -3.7625e+03 1.4570e+03 -1.7986e+02 -7.7576e+03
-3.6496e+06 2.6335e+01 -3.7722e+03 1.4234e+03 -1.9227e+02 -7.7628e+03
-3.3256e+06 2.6316e+01 -3.7816e+03 1.3901e+03 -1.4695e+02 -7.7680e+03
-2.6912e+06 2.6285e+01 -3.7909e+03 1.3572e+03 -7.5260e+01 -7.7746e+03
-2.1103e+06 2.6251e+01 -3.8000e+03 1.3244e+03 3.6824e+01 -7.7806e+03
-2.4051e+06 2.6237e+01 -3.8090e+03 1.2920e+03 8.6706e+01 -7.7844e+03
-3.6543e+06 2.6259e+01 -3.8178e+03 1.2598e+03 6.2553e+00 -7.7876e+03
-4.6935e+06 2.6291e+01 -3.8264e+03 1.2280e+03 -7.5172e+01 -7.7913e+03
-4.7637e+06 2.6296e+01 -3.8349e+03 1.1964e+03 -5.5701e+01 -7.7944e+03
-4.4436e+06 2.6331e+01 -3.8432e+03 1.1651e+03 -1.9246e+01 -7.7961e+03
-4.4804e+06 2.6710e+01 -3.8514e+03 1.1341e+03 -5.0320e+01 -7.7980e+03
-4.8246e+06 2.7609e+01 -3.8594e+03 1.1033e+03 -9.5367e+01 -7.8012e+03
-5.1208e+06 2.8582e+01 -3.8673e+03 1.0728e+03 -1.0960e+02 -7.8037e+03
-5.1986e+06 2.9142e+01 -3.8751e+03 1.0427e+03 -1.1476e+02 -7.8047e+03
-4.8382e+06 2.8522e+01 -3.8827e+03 1.0128e+03 -1.1288e+02 -7.8041e+03
-3.8111e+06 2.6946e+01 -3.8902e+03 9.8316e+02 -3.6112e+01 -7.8052e+03
-2.4647e+06 2.6707e+01 -3.8976e+03 9.5382e+02 1.2026e+02 -7.7991e+03
-2.0243e+06 2.8409e+01 -3.9048e+03 9.2477e+02 1.6772e+02 -7.7825e+03
4.1789e+05 2.6231e+01 -3.5544e+03 1.9966e+03 9.6747e+00 -7.6543e+03
5.2391e+05 2.6273e+01 -3.5679e+03 1.9587e+03 2.4210e+01 -7.6698e+03
6.1978e+05 2.5915e+01 -3.5811e+03 1.9211e+03 3.4771e+01 -7.6833e+03
5.4343e+05 2.4205e+01 -3.5940e+03 1.8838e+03 1.5276e+01 -7.6959e+03
5.2529e+05 2.3295e+01 -3.6067e+03 1.8467e+03 -9.5974e+00 -7.7079e+03
7.1104e+05 2.4962e+01 -3.6191e+03 1.8098e+03 3.8735e+00 -7.7196e+03
9.1252e+05 2.6230e+01 -3.6313e+03 1.7732e+03 2.1961e+01 -7.7310e+03
9.2952e+05 2.6232e+01 -3.6432e+03 1.7369e+03 1.4334e+01 -7.7414e+03
8.5940e+05 2.6239e+01 -3.6549e+03 1.7009e+03 -6.3976e-01 -7.7514e+03
7.9954e+05 2.6243e+01 -3.6663e+03 1.6651e+03 -3.3221e+00 -7.7609e+03
7.7292e+05 2.6241e+01 -3.6776e+03 1.6296e+03 3.8338e+00 -7.7697e+03
7.1073e+05 2.6234e+01 -3.6886e+03 1.5944e+03 2.1299e+01 -7.7782e+03
3.7286e+05 2.6228e+01 -3.6994e+03 1.5594e+03 4.2613e+01 -7.7859e+03
-7.5843e+05 2.6244e+01 -3.7099e+03 1.5248e+03 -6.0350e+00 -7.7927e+03
-2.3751e+06 2.6288e+01 -3.7203e+03 1.4904e+03 -1.3057e+02 -7.7994e+03
-3.2584e+06 2.6321e+01 -3.7305e+03 1.4562e+03 -1.8637e+02 -7.8056e+03
-2.9310e+06 2.6311e+01 -3.7405e+03 1.4224e+03 -1.1446e+02 -7.8116e+03
-2.1087e+06 2.6278e+01 -3.7503e+03 1.3889e+03 -2.7685e+01 -7.8181e+03
-1.3762e+06 2.6247e+01 -3.7599e+03 1.3556e+03 3.6909e+01 -7.8240e+03
-1.1753e+06 2.6227e+01 -3.7694e+03 1.3226e+03 9.9557e+01 -7.8278e+03
-2.1594e+06 2.6240e+01 -3.7786e+03 1.2899e+03 5.8604e+01 -7.8306e+03
-3.7735e+06 2.6283e+01 -3.7878e+03 1.2575e+03 -8.0291e+01 -7.8341e+03
-4.3986e+06 2.6306e+01 -3.7967e+03 1.2254e+03 -1.2216e+02 -7.8373e+03
-3.6221e+06 2.6279e+01 -3.8055e+03 1.1935e+03 -2.4226e+00 -7.8395e+03
-2.7790e+06 2.6242e+01 -3.8141e+03 1.1620e+03 9.5388e+01 -7.8413e+03
-3.0158e+06 2.6240e+01 -3.8226e+03 1.1307e+03 4.4775e+01 -7.8433e+03
-3.8989e+06 2.6238e+01 -3.8309e+03 1.0997e+03 -5.8349e+01 -7.8443e+03
-4.6768e+06 2.6243e+01 -3.8391e+03 1.0690e+03 -1.3776e+02 -7.8449e+03
-4.9342e+06 2.6297e+01 -3.8472e+03 1.0386e+03 -1.7986e+02 -7.8461e+03
-4.2912e+06 2.6305e+01 -3.8551e+03 1.0085e+03 -1.4236e+02 -7.8476e+03
-2.8045e+06 2.6220e+01 -3.8629e+03 9.7863e+02 1.9258e+01 -7.8485e+03
-1.5445e+06 2.6898e+01 -3.8705e+03 9.4908e+02 1.8070e+02 -7.8431e+03
-1.8399e+06 2.9178e+01 -3.8781e+03 9.1981e+02 1.2908e+02 -7.8248e+03
