  1    1089
-8.1772e+05 2.6242e+01 -2.5028e+03 1.7695e+03 2.2943e+01 3.4090e+03
-3.5413e+05 2.6239e+01 -2.4819e+03 1.7968e+03 2.0010e+01 3.4131e+03
-1.0204e+05 2.6237e+01 -2.4604e+03 1.8243e+03 1.3595e+01 3.4143e+03
2.5421e+04 2.6238e+01 -2.4385e+03 1.8519e+03 1.2161e+01 3.4187e+03
-1.3268e+04 2.6241e+01 -2.4161e+03 1.8797e+03 6.1760e+00 3.4216e+03
-1.3326e+05 2.6244e+01 -2.3932e+03 1.9075e+03 5.1391e-01 3.4246e+03
-1.4320e+05 2.6245e+01 -2.3697e+03 1.9355e+03 -3.6442e-01 3.4270e+03
-1.6984e+05 2.6245e+01 -2.3457e+03 1.9636e+03 -1.9195e-01 3.4292e+03
-3.0997e+05 2.6243e+01 -2.3211e+03 1.9917e+03 -1.1385e-01 3.4311e+03
-2.9517e+05 2.6238e+01 -2.2960e+03 2.0200e+03 1.3357e+01 3.4326e+03
-2.6526e+05 2.6232e+01 -2.2703e+03 2.0482e+03 3.1600e+01 3.4336e+03
-9.9099e+05 2.6211e+01 -2.2441e+03 2.0765e+03 3.6870e+01 3.4354e+03
-1.9368e+06 2.6973e+01 -2.2172e+03 2.1049e+03 8.4169e+00 3.4370e+03
-2.9131e+06 3.0295e+01 -2.1898e+03 2.1332e+03 -1.8441e+01 3.4358e+03
-3.4432e+06 3.4588e+01 -2.1618e+03 2.1616e+03 -3.7918e+01 3.4349e+03
-3.7831e+06 3.6333e+01 -2.1331e+03 2.1899e+03 -5.1436e+01 3.4371e+03
-3.2952e+06 3.6288e+01 -2.1039e+03 2.2182e+03 -1.7031e+01 3.4367e+03
-2.4845e+06 3.6232e+01 -2.0740e+03 2.2465e+03 7.5155e+01 3.4341e+03
-2.6219e+06 3.6246e+01 -2.0435e+03 2.2747e+03 6.9594e+01 3.4332e+03
-3.4804e+06 3.6302e+01 -2.0123e+03 2.3028e+03 -7.0356e+00 3.4335e+03
-4.2030e+06 3.6320e+01 -1.9805e+03 2.3308e+03 -4.2886e+01 3.4308e+03
-4.2533e+06 3.6313e+01 -1.9481e+03 2.3586e+03 -1.0505e+01 3.4293e+03
-4.5816e+06 3.6313e+01 -1.9150e+03 2.3864e+03 -1.4466e+01 3.4270e+03
-4.5868e+06 3.6323e+01 -1.8812e+03 2.4139e+03 -1.8977e+00 3.4249e+03
-5.1247e+06 3.6341e+01 -1.8468e+03 2.4413e+03 -2.1068e+01 3.4215e+03
-4.8278e+06 3.6368e+01 -1.8117e+03 2.4684e+03 -1.4516e+01 3.4195e+03
-5.5072e+06 3.6408e+01 -1.7760e+03 2.4954e+03 -4.3645e+01 3.4156e+03
-4.3531e+06 3.6486e+01 -1.7396e+03 2.5221e+03 -3.7600e+01 3.4127e+03
-5.5070e+06 3.6643e+01 -1.7025e+03 2.5485e+03 -1.5446e+02 3.4053e+03
-2.8817e+06 3.6870e+01 -1.6647e+03 2.5746e+03 -1.4812e+02 3.4085e+03
-3.1751e+06 3.7064e+01 -1.6263e+03 2.6004e+03 7.5752e+00 3.4018e+03
1.6227e+06 3.7520e+01 -1.5872e+03 2.6259e+03 8.8326e+01 3.3874e+03
-9.6720e+05 3.8137e+01 -1.5475e+03 2.6510e+03 -2.0418e+02 3.3900e+03
-9.6265e+05 2.6244e+01 -2.5234e+03 1.7667e+03 2.6672e+01 3.3519e+03
-3.8088e+05 2.6240e+01 -2.5026e+03 1.7941e+03 1.6096e+01 3.3636e+03
-1.3943e+05 2.6238e+01 -2.4814e+03 1.8217e+03 1.0842e+01 3.3780e+03
-5.2083e+04 2.6238e+01 -2.4596e+03 1.8494e+03 1.2404e+01 3.3791e+03
-7.2083e+04 2.6241e+01 -2.4374e+03 1.8773e+03 6.3150e+00 3.3821e+03
-2.8315e+04 2.6243e+01 -2.4146e+03 1.9053e+03 3.6602e+00 3.3847e+03
-1.5935e+05 2.6244e+01 -2.3913e+03 1.9334e+03 2.7115e+00 3.3873e+03
-1.9921e+05 2.6245e+01 -2.3674e+03 1.9617e+03 1.1135e+00 3.3895e+03
-2.4670e+05 2.6244e+01 -2.3430e+03 1.9900e+03 2.4757e+00 3.3912e+03
-3.3935e+05 2.6239e+01 -2.3180e+03 2.0184e+03 1.1766e+01 3.3930e+03
-8.3892e+05 2.6233e+01 -2.2924e+03 2.0468e+03 2.2435e+01 3.3946e+03
-1.1345e+06 2.6347e+01 -2.2663e+03 2.0753e+03 2.4821e+01 3.3963e+03
-2.1070e+06 2.8522e+01 -2.2395e+03 2.1039e+03 6.2534e+00 3.3965e+03
-2.8858e+06 3.2991e+01 -2.2122e+03 2.1325e+03 -7.4736e+00 3.3965e+03
-3.8190e+06 3.5871e+01 -2.1842e+03 2.1611e+03 -2.6932e+01 3.3963e+03
-3.8782e+06 3.6341e+01 -2.1556e+03 2.1896e+03 -4.9006e+01 3.3964e+03
-3.8896e+06 3.6315e+01 -2.1264e+03 2.2182e+03 -4.2622e+01 3.3975e+03
-3.0049e+06 3.6260e+01 -2.0965e+03 2.2467e+03 3.2228e+01 3.3963e+03
-2.7018e+06 3.6246e+01 -2.0660e+03 2.2752e+03 7.3251e+01 3.3934e+03
-2.7007e+06 3.6279e+01 -2.0349e+03 2.3036e+03 3.6288e+01 3.3930e+03
-3.7407e+06 3.6293e+01 -2.0030e+03 2.3318e+03 -1.1482e+01 3.3913e+03
-3.9487e+06 3.6290e+01 -1.9706e+03 2.3600e+03 -7.7545e-02 3.3892e+03
-4.6896e+06 3.6299e+01 -1.9374e+03 2.3880e+03 -1.3238e+01 3.3871e+03
-4.4671e+06 3.6317e+01 -1.9036e+03 2.4159e+03 -6.1941e+00 3.3849e+03
-5.1637e+06 3.6331e+01 -1.8690e+03 2.4436e+03 -2.2484e+01 3.3818e+03
-4.7974e+06 3.6350e+01 -1.8338e+03 2.4711e+03 -6.3831e+00 3.3793e+03
-5.4453e+06 3.6375e+01 -1.7980e+03 2.4984e+03 -3.7374e+01 3.3756e+03
-5.0296e+06 3.6426e+01 -1.7614e+03 2.5255e+03 -2.4616e+01 3.3726e+03
-5.4090e+06 3.6525e+01 -1.7241e+03 2.5523e+03 -9.7302e+01 3.3680e+03
-4.5746e+06 3.6712e+01 -1.6862e+03 2.5787e+03 -1.6300e+02 3.3647e+03
-3.6007e+06 3.6927e+01 -1.6475e+03 2.6049e+03 -1.1107e+02 3.3649e+03
-1.6624e+06 3.7178e+01 -1.6082e+03 2.6308e+03 6.0556e+01 3.3448e+03
-3.5253e+05 3.7859e+01 -1.5682e+03 2.6562e+03 -7.8977e+01 3.3411e+03
-1.1813e+06 2.8591e+01 -2.5441e+03 1.7632e+03 3.6776e+01 3.2986e+03
-4.8473e+05 2.8096e+01 -2.5235e+03 1.7907e+03 3.3157e+01 3.2952e+03
-2.1534e+05 2.6864e+01 -2.5025e+03 1.8184e+03 1.9653e+01 3.3029e+03
-1.1781e+05 2.6205e+01 -2.4809e+03 1.8462e+03 1.5616e+01 3.3057e+03
-7.5627e+04 2.6241e+01 -2.4588e+03 1.8742e+03 8.5096e+00 3.3088e+03
-1.6294e+05 2.6240e+01 -2.4362e+03 1.9023e+03 6.1979e+00 3.3117e+03
-8.0223e+04 2.6240e+01 -2.4130e+03 1.9306e+03 9.0424e+00 3.3142e+03
-1.8515e+05 2.6241e+01 -2.3893e+03 1.9590e+03 5.3074e+00 3.3162e+03
-2.9669e+05 2.6241e+01 -2.3650e+03 1.9875e+03 5.7406e+00 3.3181e+03
-4.6684e+05 2.6238e+01 -2.3402e+03 2.0160e+03 1.8280e+01 3.3195e+03
-5.9247e+05 2.6237e+01 -2.3147e+03 2.0447e+03 3.1900e+01 3.3207e+03
-1.6196e+06 2.6502e+01 -2.2887e+03 2.0734e+03 1.3113e+01 3.3214e+03
-2.4483e+06 2.9390e+01 -2.2620e+03 2.1021e+03 -6.9543e+00 3.3210e+03
-3.2543e+06 3.4274e+01 -2.2348e+03 2.1309e+03 -4.7406e+00 3.3223e+03
-3.5113e+06 3.6431e+01 -2.2069e+03 2.1598e+03 -4.3084e+00 3.3238e+03
-4.0926e+06 3.6331e+01 -2.1784e+03 2.1886e+03 -2.9075e+01 3.3226e+03
-3.8272e+06 3.6327e+01 -2.1492e+03 2.2174e+03 -3.6267e+01 3.3228e+03
-3.4908e+06 3.6295e+01 -2.1194e+03 2.2462e+03 1.0761e+00 3.3219e+03
-2.7676e+06 3.6265e+01 -2.0889e+03 2.2749e+03 6.1024e+01 3.3199e+03
-3.0263e+06 3.6263e+01 -2.0577e+03 2.3036e+03 5.3036e+01 3.3192e+03
-3.0517e+06 3.6268e+01 -2.0259e+03 2.3322e+03 2.9223e+01 3.3185e+03
-3.7267e+06 3.6273e+01 -1.9934e+03 2.3606e+03 1.3620e+01 3.3150e+03
-3.7568e+06 3.6293e+01 -1.9602e+03 2.3890e+03 1.4408e+01 3.3136e+03
-4.6491e+06 3.6316e+01 -1.9263e+03 2.4172e+03 -1.9581e+01 3.3115e+03
-4.6237e+06 3.6331e+01 -1.8917e+03 2.4453e+03 -1.2744e+01 3.3092e+03
-5.2993e+06 3.6340e+01 -1.8564e+03 2.4731e+03 -2.6011e+01 3.3060e+03
-4.9157e+06 3.6355e+01 -1.8204e+03 2.5008e+03 -3.5453e+00 3.3041e+03
-5.2927e+06 3.6385e+01 -1.7836e+03 2.5282e+03 -3.3228e+01 3.2991e+03
-4.8631e+06 3.6451e+01 -1.7462e+03 2.5553e+03 -2.6100e+01 3.2968e+03
-5.0505e+06 3.6578e+01 -1.7080e+03 2.5822e+03 -1.2846e+02 3.2901e+03
-4.0956e+06 3.6772e+01 -1.6692e+03 2.6088e+03 -1.2055e+02 3.2888e+03
-3.1164e+06 3.6991e+01 -1.6296e+03 2.6350e+03 -9.8835e+01 3.2846e+03
-1.2475e+06 3.7415e+01 -1.5893e+03 2.6609e+03 -2.3746e+01 3.2978e+03
-1.7060e+06 3.3449e+01 -2.5649e+03 1.7589e+03 2.7573e+01 3.2403e+03
-8.4404e+05 3.2465e+01 -2.5446e+03 1.7865e+03 4.9839e+01 3.2401e+03
-4.9385e+05 2.9321e+01 -2.5237e+03 1.8143e+03 3.9788e+01 3.2498e+03
-3.9441e+05 2.6773e+01 -2.5023e+03 1.8423e+03 2.7787e+01 3.2521e+03
-2.8756e+05 2.6329e+01 -2.4804e+03 1.8704e+03 2.2515e+01 3.2551e+03
-1.7749e+05 2.6280e+01 -2.4579e+03 1.8986e+03 2.5859e+01 3.2579e+03
-1.4503e+05 2.6216e+01 -2.4349e+03 1.9270e+03 3.1942e+01 3.2602e+03
-2.3322e+05 2.6235e+01 -2.4114e+03 1.9555e+03 2.3361e+01 3.2620e+03
-3.0271e+05 2.6237e+01 -2.3873e+03 1.9842e+03 2.1925e+01 3.2639e+03
-6.6735e+05 2.6237e+01 -2.3625e+03 2.0129e+03 2.4647e+01 3.2655e+03
-1.3782e+06 2.6206e+01 -2.3372e+03 2.0417e+03 2.4155e+01 3.2671e+03
-2.1598e+06 2.7029e+01 -2.3113e+03 2.0706e+03 -5.8803e+00 3.2676e+03
-2.9111e+06 3.0434e+01 -2.2848e+03 2.0996e+03 -1.5757e+01 3.2678e+03
-3.4744e+06 3.4647e+01 -2.2576e+03 2.1286e+03 -1.2230e+01 3.2685e+03
-3.8302e+06 3.6315e+01 -2.2299e+03 2.1576e+03 -1.2197e+00 3.2696e+03
-4.0735e+06 3.6322e+01 -2.2014e+03 2.1867e+03 -1.4683e+01 3.2688e+03
-4.0597e+06 3.6328e+01 -2.1723e+03 2.2158e+03 -2.0217e+01 3.2689e+03
-4.0270e+06 3.6322e+01 -2.1425e+03 2.2448e+03 -2.9478e+01 3.2680e+03
-3.3145e+06 3.6298e+01 -2.1121e+03 2.2738e+03 2.0167e+01 3.2666e+03
-3.2070e+06 3.6272e+01 -2.0810e+03 2.3028e+03 2.7915e+01 3.2651e+03
-3.0354e+06 3.6261e+01 -2.0491e+03 2.3317e+03 3.4349e+01 3.2652e+03
-3.7082e+06 3.6264e+01 -2.0166e+03 2.3605e+03 6.0010e-01 3.2619e+03
-3.4716e+06 3.6282e+01 -1.9834e+03 2.3892e+03 2.0765e+01 3.2605e+03
-4.5410e+06 3.6309e+01 -1.9494e+03 2.4177e+03 -3.8484e+01 3.2578e+03
-4.2505e+06 3.6332e+01 -1.9147e+03 2.4461e+03 -1.1429e+01 3.2566e+03
-5.5734e+06 3.6338e+01 -1.8793e+03 2.4743e+03 -5.2311e+01 3.2520e+03
-4.4406e+06 3.6343e+01 -1.8432e+03 2.5024e+03 1.6036e+01 3.2514e+03
-6.2053e+06 3.6355e+01 -1.8063e+03 2.5301e+03 -5.4877e+01 3.2454e+03
-4.1583e+06 3.6401e+01 -1.7687e+03 2.5577e+03 9.4404e+00 3.2448e+03
-6.6329e+06 3.6481e+01 -1.7303e+03 2.5849e+03 -1.1398e+02 3.2370e+03
-3.2485e+06 3.6619e+01 -1.6913e+03 2.6119e+03 -5.3948e+01 3.2361e+03
-6.5527e+06 3.6813e+01 -1.6514e+03 2.6385e+03 -2.0625e+02 3.2286e+03
-7.2918e+05 3.7101e+01 -1.6109e+03 2.6648e+03 -9.3424e+01 3.2327e+03
-2.5244e+06 3.6139e+01 -2.5859e+03 1.7539e+03 -1.7518e+01 3.1859e+03
-1.8949e+06 3.5644e+01 -2.5657e+03 1.7816e+03 -2.4535e+00 3.1844e+03
-1.2843e+06 3.3043e+01 -2.5450e+03 1.8095e+03 2.0866e+01 3.1937e+03
-1.0035e+06 2.9920e+01 -2.5239e+03 1.8375e+03 2.5373e+01 3.1956e+03
-8.2366e+05 2.9037e+01 -2.5021e+03 1.8657e+03 1.9480e+01 3.1979e+03
-8.2805e+05 2.8435e+01 -2.4799e+03 1.8941e+03 2.0601e+01 3.2011e+03
-5.3546e+05 2.6949e+01 -2.4571e+03 1.9226e+03 3.0422e+01 3.2036e+03
-5.1130e+05 2.6244e+01 -2.4337e+03 1.9513e+03 3.3884e+01 3.2051e+03
-5.6142e+05 2.6243e+01 -2.4097e+03 1.9801e+03 3.7632e+01 3.2074e+03
-1.1452e+06 2.6222e+01 -2.3852e+03 2.0090e+03 2.0999e+01 3.2090e+03
-1.7372e+06 2.6843e+01 -2.3600e+03 2.0380e+03 -3.0347e+00 3.2102e+03
-2.8894e+06 2.9625e+01 -2.3342e+03 2.0671e+03 -2.5265e+01 3.2108e+03
-3.2851e+06 3.3643e+01 -2.3078e+03 2.0962e+03 -1.8488e+01 3.2119e+03
-3.8875e+06 3.5923e+01 -2.2808e+03 2.1255e+03 -2.0764e+01 3.2122e+03
-3.8310e+06 3.6324e+01 -2.2531e+03 2.1547e+03 -1.1034e+01 3.2121e+03
-4.3392e+06 3.6323e+01 -2.2247e+03 2.1840e+03 -1.6813e+01 3.2118e+03
-4.0459e+06 3.6327e+01 -2.1957e+03 2.2134e+03 -1.6545e+01 3.2118e+03
-4.4192e+06 3.6334e+01 -2.1660e+03 2.2427e+03 -4.3638e+01 3.2111e+03
-3.8186e+06 3.6322e+01 -2.1356e+03 2.2720e+03 -3.2602e+01 3.2106e+03
-4.0594e+06 3.6289e+01 -2.1045e+03 2.3012e+03 -2.8293e+01 3.2091e+03
-3.0339e+06 3.6262e+01 -2.0727e+03 2.3304e+03 1.7924e+01 3.2089e+03
-3.3863e+06 3.6246e+01 -2.0402e+03 2.3595e+03 3.0237e+01 3.2058e+03
-2.4494e+06 3.6246e+01 -2.0069e+03 2.3886e+03 8.1990e+01 3.2039e+03
-3.9388e+06 3.6273e+01 -1.9729e+03 2.4175e+03 1.1625e+01 3.2007e+03
-3.6515e+06 3.6317e+01 -1.9382e+03 2.4462e+03 5.4813e+00 3.1998e+03
-5.6134e+06 3.6336e+01 -1.9027e+03 2.4748e+03 -6.6146e+01 3.1954e+03
-4.3292e+06 3.6338e+01 -1.8664e+03 2.5032e+03 1.6243e+01 3.1942e+03
-6.0746e+06 3.6339e+01 -1.8294e+03 2.5313e+03 -5.0306e+01 3.1887e+03
-4.0714e+06 3.6368e+01 -1.7916e+03 2.5593e+03 3.1794e+01 3.1874e+03
-6.4136e+06 3.6415e+01 -1.7531e+03 2.5869e+03 -9.0331e+01 3.1815e+03
-3.4764e+06 3.6501e+01 -1.7138e+03 2.6143e+03 8.4183e+00 3.1804e+03
-6.4108e+06 3.6638e+01 -1.6738e+03 2.6414e+03 -1.7318e+02 3.1748e+03
-2.0499e+06 3.6879e+01 -1.6330e+03 2.6681e+03 -1.2350e+02 3.1711e+03
-3.1322e+06 3.6320e+01 -2.6069e+03 1.7482e+03 -2.9279e+01 3.1302e+03
-2.7563e+06 3.6315e+01 -2.5870e+03 1.7759e+03 -3.5315e+01 3.1281e+03
-2.2774e+06 3.5620e+01 -2.5665e+03 1.8039e+03 -1.1379e+01 3.1362e+03
-1.9719e+06 3.4380e+01 -2.5455e+03 1.8320e+03 -1.0423e+01 3.1383e+03
-1.8654e+06 3.3885e+01 -2.5240e+03 1.8603e+03 -2.6986e+01 3.1410e+03
-1.7233e+06 3.1999e+01 -2.5020e+03 1.8888e+03 -4.7762e+01 3.1442e+03
-1.5801e+06 2.8445e+01 -2.4793e+03 1.9174e+03 -5.7814e+01 3.1467e+03
-1.2124e+06 2.7576e+01 -2.4561e+03 1.9462e+03 -2.4820e+01 3.1486e+03
-1.1268e+06 2.8121e+01 -2.4324e+03 1.9752e+03 6.6267e+00 3.1512e+03
-1.8021e+06 2.7898e+01 -2.4080e+03 2.0042e+03 -2.8538e+01 3.1526e+03
-2.8493e+06 2.9801e+01 -2.3830e+03 2.0334e+03 -6.1939e+01 3.1535e+03
-3.2492e+06 3.3658e+01 -2.3574e+03 2.0627e+03 -4.9525e+01 3.1542e+03
-3.6028e+06 3.6083e+01 -2.3311e+03 2.0920e+03 -3.0568e+01 3.1551e+03
-3.9263e+06 3.6457e+01 -2.3042e+03 2.1215e+03 -4.1137e+01 3.1556e+03
-4.2162e+06 3.6329e+01 -2.2766e+03 2.1510e+03 -3.9098e+01 3.1555e+03
-4.2018e+06 3.6325e+01 -2.2484e+03 2.1805e+03 -3.0739e+01 3.1553e+03
-4.2648e+06 3.6324e+01 -2.2194e+03 2.2101e+03 -2.3759e+01 3.1552e+03
-4.2741e+06 3.6329e+01 -2.1898e+03 2.2397e+03 -3.7644e+01 3.1546e+03
-4.0240e+06 3.6322e+01 -2.1595e+03 2.2693e+03 -2.6074e+01 3.1537e+03
-3.6107e+06 3.6294e+01 -2.1284e+03 2.2988e+03 -9.3719e+00 3.1520e+03
-3.2315e+06 3.6270e+01 -2.0966e+03 2.3283e+03 1.9267e+01 3.1507e+03
-3.0083e+06 3.6249e+01 -2.0641e+03 2.3578e+03 4.0539e+01 3.1491e+03
-2.5779e+06 3.6228e+01 -2.0308e+03 2.3871e+03 1.0509e+02 3.1479e+03
-2.9784e+06 3.6238e+01 -1.9968e+03 2.4164e+03 8.6669e+01 3.1447e+03
-3.6143e+06 3.6290e+01 -1.9620e+03 2.4455e+03 3.5518e+01 3.1431e+03
-4.9392e+06 3.6329e+01 -1.9264e+03 2.4744e+03 -4.9390e+01 3.1398e+03
-4.8514e+06 3.6336e+01 -1.8901e+03 2.5032e+03 -1.2260e+01 3.1375e+03
-5.6787e+06 3.6332e+01 -1.8530e+03 2.5318e+03 -3.3837e+01 3.1336e+03
-4.8067e+06 3.6345e+01 -1.8151e+03 2.5601e+03 7.7735e+00 3.1308e+03
-5.9427e+06 3.6373e+01 -1.7764e+03 2.5882e+03 -5.7958e+01 3.1269e+03
-4.4363e+06 3.6424e+01 -1.7369e+03 2.6160e+03 -3.5530e+00 3.1233e+03
-6.0889e+06 3.6508e+01 -1.6966e+03 2.6435e+03 -9.4104e+01 3.1220e+03
-3.6790e+06 3.6679e+01 -1.6555e+03 2.6706e+03 -9.9694e+01 3.1137e+03
-3.4708e+06 3.6326e+01 -2.6280e+03 1.7417e+03 -1.3525e+01 3.0727e+03
-3.2654e+06 3.6323e+01 -2.6083e+03 1.7695e+03 -1.8121e+01 3.0717e+03
-2.8851e+06 3.6311e+01 -2.5881e+03 1.7975e+03 -4.9051e+00 3.0799e+03
-2.5572e+06 3.6296e+01 -2.5673e+03 1.8257e+03 -4.2308e+00 3.0825e+03
-2.1425e+06 3.5996e+01 -2.5460e+03 1.8541e+03 -5.9649e-01 3.0857e+03
-1.8598e+06 3.3711e+01 -2.5242e+03 1.8827e+03 -9.4470e+00 3.0881e+03
-1.6107e+06 3.0682e+01 -2.5018e+03 1.9114e+03 -4.6895e+01 3.0893e+03
-1.4478e+06 3.1252e+01 -2.4788e+03 1.9403e+03 -4.6681e+01 3.0911e+03
-1.4775e+06 3.2477e+01 -2.4552e+03 1.9694e+03 -3.3835e+01 3.0939e+03
-2.0425e+06 3.2111e+01 -2.4310e+03 1.9986e+03 -5.7463e+01 3.0951e+03
-2.4805e+06 3.3923e+01 -2.4062e+03 2.0280e+03 -6.3758e+01 3.0957e+03
-3.0267e+06 3.6096e+01 -2.3807e+03 2.0574e+03 -4.2842e+01 3.0972e+03
-3.2481e+06 3.6395e+01 -2.3546e+03 2.0870e+03 -3.0966e+01 3.0979e+03
-3.5274e+06 3.6321e+01 -2.3278e+03 2.1167e+03 -2.6963e+01 3.0982e+03
-3.5676e+06 3.6323e+01 -2.3004e+03 2.1464e+03 -2.0379e+01 3.0985e+03
-3.7261e+06 3.6316e+01 -2.2723e+03 2.1762e+03 -6.2622e+00 3.0984e+03
-3.6543e+06 3.6313e+01 -2.2435e+03 2.2060e+03 2.9781e+00 3.0978e+03
-3.7346e+06 3.6317e+01 -2.2139e+03 2.2359e+03 7.2079e+00 3.0968e+03
-3.6328e+06 3.6315e+01 -2.1837e+03 2.2657e+03 7.6387e+00 3.0960e+03
-3.5652e+06 3.6304e+01 -2.1527e+03 2.2956e+03 1.9340e+01 3.0952e+03
-3.3623e+06 3.6299e+01 -2.1209e+03 2.3254e+03 1.0260e+01 3.0933e+03
-3.3915e+06 3.6293e+01 -2.0884e+03 2.3552e+03 4.9560e+00 3.0921e+03
-3.1507e+06 3.6269e+01 -2.0552e+03 2.3849e+03 3.2053e+01 3.0905e+03
-3.1424e+06 3.6254e+01 -2.0211e+03 2.4145e+03 7.8917e+01 3.0882e+03
-3.5840e+06 3.6279e+01 -1.9863e+03 2.4439e+03 4.7586e+01 3.0859e+03
-4.5054e+06 3.6318e+01 -1.9507e+03 2.4733e+03 -1.8141e+01 3.0841e+03
-5.0820e+06 3.6331e+01 -1.9142e+03 2.5024e+03 -3.6660e+01 3.0807e+03
-5.0743e+06 3.6328e+01 -1.8770e+03 2.5314e+03 -6.0205e+00 3.0777e+03
-5.2896e+06 3.6331e+01 -1.8390e+03 2.5602e+03 -1.1114e+01 3.0735e+03
-5.0484e+06 3.6350e+01 -1.8001e+03 2.5887e+03 -1.1890e+01 3.0715e+03
-5.3236e+06 3.6378e+01 -1.7604e+03 2.6169e+03 -2.1805e+01 3.0663e+03
-4.7347e+06 3.6431e+01 -1.7199e+03 2.6448e+03 -1.4279e+01 3.0673e+03
-5.2557e+06 3.6541e+01 -1.6786e+03 2.6724e+03 -7.5554e+01 3.0575e+03
-3.9030e+06 3.6324e+01 -2.6492e+03 1.7344e+03 -1.6705e+01 3.0155e+03
-3.7549e+06 3.6327e+01 -2.6298e+03 1.7622e+03 -2.5069e+01 3.0146e+03
-3.5060e+06 3.6320e+01 -2.6098e+03 1.7903e+03 -1.0138e+01 3.0226e+03
-2.9996e+06 3.6308e+01 -2.5893e+03 1.8186e+03 5.0934e+00 3.0252e+03
-2.2907e+06 3.6086e+01 -2.5682e+03 1.8470e+03 3.9873e+01 3.0285e+03
-1.2366e+06 3.4992e+01 -2.5466e+03 1.8757e+03 9.1680e+01 3.0307e+03
-6.8255e+05 3.3951e+01 -2.5244e+03 1.9046e+03 1.0318e+02 3.0327e+03
-4.2062e+05 3.4775e+01 -2.5016e+03 1.9336e+03 8.3215e+01 3.0350e+03
-6.6055e+05 3.5585e+01 -2.4782e+03 1.9628e+03 4.9251e+01 3.0364e+03
-9.6010e+05 3.5434e+01 -2.4542e+03 1.9922e+03 2.5192e+01 3.0373e+03
-1.5799e+06 3.6003e+01 -2.4296e+03 2.0217e+03 2.0526e+01 3.0387e+03
-1.8229e+06 3.6416e+01 -2.4043e+03 2.0514e+03 1.6214e+01 3.0398e+03
-2.3362e+06 3.6295e+01 -2.3784e+03 2.0811e+03 2.9046e+00 3.0400e+03
-2.4498e+06 3.6308e+01 -2.3518e+03 2.1110e+03 4.3397e+00 3.0407e+03
-2.9128e+06 3.6311e+01 -2.3245e+03 2.1409e+03 -7.6975e-01 3.0412e+03
-2.9405e+06 3.6312e+01 -2.2965e+03 2.1710e+03 2.9198e+00 3.0412e+03
-3.4486e+06 3.6314e+01 -2.2678e+03 2.2010e+03 -6.1606e+00 3.0406e+03
-3.4066e+06 3.6320e+01 -2.2384e+03 2.2312e+03 -2.3678e-01 3.0402e+03
-3.8270e+06 3.6325e+01 -2.2082e+03 2.2613e+03 -1.0401e+01 3.0394e+03
-3.5459e+06 3.6327e+01 -2.1773e+03 2.2914e+03 4.3777e-01 3.0390e+03
-4.1581e+06 3.6329e+01 -2.1456e+03 2.3216e+03 -1.9804e+01 3.0368e+03
-3.9700e+06 3.6332e+01 -2.1131e+03 2.3517e+03 -3.0474e+01 3.0356e+03
-4.5601e+06 3.6320e+01 -2.0799e+03 2.3817e+03 -5.2911e+01 3.0334e+03
-3.5744e+06 3.6296e+01 -2.0458e+03 2.4117e+03 1.8115e+01 3.0316e+03
-4.0665e+06 3.6284e+01 -2.0110e+03 2.4415e+03 3.5537e+01 3.0284e+03
-3.7456e+06 3.6302e+01 -1.9753e+03 2.4712e+03 3.0296e+01 3.0278e+03
-5.3876e+06 3.6318e+01 -1.9388e+03 2.5008e+03 -4.7433e+01 3.0237e+03
-4.6041e+06 3.6321e+01 -1.9015e+03 2.5302e+03 1.0940e+01 3.0214e+03
-5.9303e+06 3.6322e+01 -1.8633e+03 2.5594e+03 -3.9516e+01 3.0163e+03
-4.5191e+06 3.6337e+01 -1.8243e+03 2.5883e+03 1.6628e+01 3.0158e+03
-6.2034e+06 3.6349e+01 -1.7845e+03 2.6170e+03 -5.6709e+01 3.0094e+03
-4.1640e+06 3.6383e+01 -1.7438e+03 2.6454e+03 3.2560e+01 3.0119e+03
-6.5213e+06 3.6453e+01 -1.7022e+03 2.6734e+03 -9.7414e+01 3.0010e+03
-4.1910e+06 3.6323e+01 -2.6705e+03 1.7263e+03 -1.6895e+01 2.9582e+03
-4.2153e+06 3.6328e+01 -2.6513e+03 1.7541e+03 -2.9447e+01 2.9571e+03
-4.0877e+06 3.6326e+01 -2.6316e+03 1.7823e+03 -2.8447e+01 2.9650e+03
-3.7961e+06 3.6323e+01 -2.6113e+03 1.8106e+03 -3.2965e+01 2.9674e+03
-3.1673e+06 3.6311e+01 -2.5905e+03 1.8392e+03 -2.8488e+01 2.9703e+03
-2.1112e+06 3.6160e+01 -2.5691e+03 1.8679e+03 2.9546e+01 2.9726e+03
-7.7022e+05 3.5994e+01 -2.5471e+03 1.8969e+03 1.1450e+02 2.9752e+03
5.5789e+04 3.6086e+01 -2.5246e+03 1.9261e+03 1.6136e+02 2.9778e+03
1.6301e+05 3.6215e+01 -2.5014e+03 1.9554e+03 1.4172e+02 2.9792e+03
-9.9843e+04 3.6237e+01 -2.4776e+03 1.9849e+03 1.1063e+02 2.9806e+03
-4.2232e+05 3.6250e+01 -2.4532e+03 2.0146e+03 9.0102e+01 2.9818e+03
-1.0245e+06 3.6264e+01 -2.4281e+03 2.0444e+03 6.6615e+01 2.9827e+03
-1.4853e+06 3.6280e+01 -2.4024e+03 2.0743e+03 3.8229e+01 2.9831e+03
-1.7501e+06 3.6289e+01 -2.3759e+03 2.1044e+03 3.5800e+01 2.9836e+03
-2.0970e+06 3.6296e+01 -2.3488e+03 2.1346e+03 1.9556e+01 2.9837e+03
-2.6210e+06 3.6309e+01 -2.3210e+03 2.1648e+03 -5.7140e+00 2.9836e+03
-3.2167e+06 3.6322e+01 -2.2924e+03 2.1952e+03 -3.7381e+01 2.9833e+03
-3.4646e+06 3.6330e+01 -2.2631e+03 2.2255e+03 -3.6490e+01 2.9829e+03
-3.8712e+06 3.6334e+01 -2.2330e+03 2.2560e+03 -4.2524e+01 2.9818e+03
-4.0405e+06 3.6338e+01 -2.2022e+03 2.2864e+03 -3.2964e+01 2.9818e+03
-4.5758e+06 3.6341e+01 -2.1706e+03 2.3169e+03 -4.6290e+01 2.9798e+03
-4.5373e+06 3.6341e+01 -2.1382e+03 2.3473e+03 -2.9659e+01 2.9784e+03
-4.9091e+06 3.6335e+01 -2.1050e+03 2.3777e+03 -5.7369e+01 2.9764e+03
-4.0986e+06 3.6314e+01 -2.0710e+03 2.4080e+03 -2.8759e+00 2.9748e+03
-4.0768e+06 3.6287e+01 -2.0361e+03 2.4382e+03 3.5798e+01 2.9713e+03
-3.5991e+06 3.6289e+01 -2.0004e+03 2.4683e+03 6.0616e+01 2.9703e+03
-5.1957e+06 3.6304e+01 -1.9639e+03 2.4983e+03 -3.1830e+01 2.9667e+03
-4.4080e+06 3.6313e+01 -1.9265e+03 2.5281e+03 2.0744e+01 2.9647e+03
-5.9030e+06 3.6315e+01 -1.8882e+03 2.5577e+03 -3.6928e+01 2.9594e+03
-4.2849e+06 3.6328e+01 -1.8490e+03 2.5871e+03 2.7942e+01 2.9586e+03
-6.3660e+06 3.6333e+01 -1.8090e+03 2.6163e+03 -5.5100e+01 2.9523e+03
-3.7789e+06 3.6356e+01 -1.7681e+03 2.6451e+03 5.4801e+01 2.9541e+03
-6.9386e+06 3.6403e+01 -1.7263e+03 2.6737e+03 -9.7851e+01 2.9452e+03
-4.3540e+06 3.6146e+01 -2.6919e+03 1.7173e+03 -1.6193e+01 2.9005e+03
-4.3926e+06 3.6323e+01 -2.6729e+03 1.7453e+03 -1.9106e+01 2.8994e+03
-4.4253e+06 3.6325e+01 -2.6534e+03 1.7734e+03 -1.9471e+01 2.9080e+03
-4.3251e+06 3.6325e+01 -2.6334e+03 1.8018e+03 -3.6659e+01 2.9106e+03
-4.1177e+06 3.6326e+01 -2.6129e+03 1.8305e+03 -6.2634e+01 2.9131e+03
-3.3918e+06 3.6313e+01 -2.5917e+03 1.8593e+03 -5.6152e+01 2.9153e+03
-2.3769e+06 3.6284e+01 -2.5700e+03 1.8884e+03 -8.1909e-02 2.9174e+03
-1.2784e+06 3.6257e+01 -2.5477e+03 1.9176e+03 6.5898e+01 2.9192e+03
-8.5768e+05 3.6253e+01 -2.5247e+03 1.9471e+03 8.4810e+01 2.9213e+03
-8.8241e+05 3.6265e+01 -2.5012e+03 1.9767e+03 6.6860e+01 2.9231e+03
-1.2421e+06 3.6273e+01 -2.4770e+03 2.0065e+03 6.0331e+01 2.9243e+03
-1.3178e+06 3.6277e+01 -2.4521e+03 2.0365e+03 5.9448e+01 2.9251e+03
-1.5724e+06 3.6276e+01 -2.4266e+03 2.0666e+03 5.9627e+01 2.9260e+03
-1.5547e+06 3.6271e+01 -2.4003e+03 2.0969e+03 7.5574e+01 2.9265e+03
-1.8911e+06 3.6272e+01 -2.3734e+03 2.1273e+03 7.3066e+01 2.9265e+03
-2.2385e+06 3.6284e+01 -2.3457e+03 2.1578e+03 4.8638e+01 2.9260e+03
-2.8510e+06 3.6303e+01 -2.3173e+03 2.1884e+03 1.5082e+01 2.9259e+03
-3.1212e+06 3.6314e+01 -2.2882e+03 2.2190e+03 -6.4838e-01 2.9251e+03
-3.4108e+06 3.6312e+01 -2.2582e+03 2.2497e+03 1.2229e+01 2.9237e+03
-3.7228e+06 3.6320e+01 -2.2275e+03 2.2805e+03 -2.8689e+00 2.9230e+03
-4.5884e+06 3.6337e+01 -2.1960e+03 2.3112e+03 -4.7611e+01 2.9221e+03
-4.8362e+06 3.6342e+01 -2.1637e+03 2.3420e+03 -4.7512e+01 2.9209e+03
-5.0169e+06 3.6334e+01 -2.1305e+03 2.3727e+03 -3.9363e+01 2.9193e+03
-4.4093e+06 3.6314e+01 -2.0965e+03 2.4034e+03 -8.9266e+00 2.9173e+03
-4.0769e+06 3.6292e+01 -2.0617e+03 2.4340e+03 4.1421e+01 2.9147e+03
-3.9938e+06 3.6292e+01 -2.0260e+03 2.4645e+03 3.8535e+01 2.9120e+03
-4.8650e+06 3.6304e+01 -1.9894e+03 2.4949e+03 -1.2081e+01 2.9097e+03
-4.9304e+06 3.6309e+01 -1.9519e+03 2.5252e+03 -2.4172e+00 2.9070e+03
-5.2978e+06 3.6311e+01 -1.9135e+03 2.5552e+03 -7.0877e+00 2.9036e+03
-5.0963e+06 3.6320e+01 -1.8743e+03 2.5851e+03 -2.3368e+00 2.9008e+03
-5.4661e+06 3.6326e+01 -1.8341e+03 2.6147e+03 -1.5628e+01 2.8973e+03
-5.1509e+06 3.6338e+01 -1.7930e+03 2.6440e+03 8.1655e+00 2.8963e+03
-5.6572e+06 3.6377e+01 -1.7510e+03 2.6731e+03 -4.6944e+01 2.8911e+03
-4.3685e+06 3.4197e+01 -2.7133e+03 1.7076e+03 -3.1223e+01 2.8437e+03
-4.5241e+06 3.5747e+01 -2.6946e+03 1.7356e+03 -2.4458e+01 2.8421e+03
-4.4895e+06 3.6322e+01 -2.6754e+03 1.7638e+03 -9.5543e+00 2.8504e+03
-4.5010e+06 3.6316e+01 -2.6557e+03 1.7922e+03 -1.3699e+01 2.8526e+03
-4.3679e+06 3.6315e+01 -2.6353e+03 1.8209e+03 -3.1976e+01 2.8554e+03
-4.2515e+06 3.6316e+01 -2.6145e+03 1.8498e+03 -5.0945e+01 2.8583e+03
-3.7072e+06 3.6310e+01 -2.5930e+03 1.8789e+03 -5.2560e+01 2.8605e+03
-3.2166e+06 3.6300e+01 -2.5709e+03 1.9083e+03 -2.9194e+01 2.8616e+03
-2.7810e+06 3.6301e+01 -2.5483e+03 1.9379e+03 -1.4758e+01 2.8632e+03
-2.8650e+06 3.6313e+01 -2.5249e+03 1.9676e+03 -2.8085e+01 2.8649e+03
-2.6914e+06 3.6317e+01 -2.5010e+03 1.9976e+03 -2.3536e+01 2.8659e+03
-2.8345e+06 3.6309e+01 -2.4763e+03 2.0277e+03 -7.9544e+00 2.8668e+03
-2.6060e+06 3.6299e+01 -2.4510e+03 2.0580e+03 1.1072e+01 2.8680e+03
-2.6617e+06 3.6287e+01 -2.4250e+03 2.0885e+03 3.2686e+01 2.8685e+03
-2.4616e+06 3.6277e+01 -2.3982e+03 2.1191e+03 5.2555e+01 2.8688e+03
-2.7569e+06 3.6274e+01 -2.3708e+03 2.1498e+03 5.8947e+01 2.8687e+03
-2.7110e+06 3.6283e+01 -2.3425e+03 2.1806e+03 5.5830e+01 2.8686e+03
-3.1246e+06 3.6289e+01 -2.3135e+03 2.2115e+03 3.7913e+01 2.8679e+03
-2.8886e+06 3.6277e+01 -2.2837e+03 2.2425e+03 7.1168e+01 2.8674e+03
-3.5325e+06 3.6279e+01 -2.2532e+03 2.2735e+03 4.9931e+01 2.8654e+03
-3.8957e+06 3.6310e+01 -2.2217e+03 2.3046e+03 -5.2590e+00 2.8644e+03
-4.8872e+06 3.6334e+01 -2.1895e+03 2.3357e+03 -5.5753e+01 2.8629e+03
-4.5802e+06 3.6337e+01 -2.1564e+03 2.3668e+03 -3.8254e+01 2.8615e+03
-4.8994e+06 3.6320e+01 -2.1225e+03 2.3979e+03 -2.5176e+01 2.8593e+03
-3.8960e+06 3.6305e+01 -2.0877e+03 2.4289e+03 3.6475e+01 2.8581e+03
-4.8527e+06 3.6304e+01 -2.0519e+03 2.4598e+03 -3.2974e+00 2.8546e+03
-4.3774e+06 3.6309e+01 -2.0153e+03 2.4906e+03 5.1865e+00 2.8532e+03
-5.5617e+06 3.6305e+01 -1.9778e+03 2.5213e+03 -2.5369e+01 2.8492e+03
-4.3791e+06 3.6307e+01 -1.9394e+03 2.5518e+03 3.0983e+01 2.8474e+03
-5.9407e+06 3.6313e+01 -1.9000e+03 2.5821e+03 -3.3867e+01 2.8428e+03
-4.2371e+06 3.6322e+01 -1.8597e+03 2.6122e+03 3.6915e+01 2.8416e+03
-6.3170e+06 3.6326e+01 -1.8184e+03 2.6420e+03 -3.3205e+01 2.8384e+03
-3.9593e+06 3.6360e+01 -1.7762e+03 2.6716e+03 2.4363e+01 2.8356e+03
-4.1872e+06 3.0048e+01 -2.7348e+03 1.6971e+03 -4.1149e+01 2.7861e+03
-4.4343e+06 3.3237e+01 -2.7164e+03 1.7250e+03 -3.8644e+01 2.7848e+03
-4.4788e+06 3.5716e+01 -2.6974e+03 1.7532e+03 -1.0748e+01 2.7935e+03
-4.4574e+06 3.6369e+01 -2.6780e+03 1.7817e+03 -8.5681e-01 2.7956e+03
-4.4604e+06 3.6328e+01 -2.6579e+03 1.8104e+03 -6.2239e+00 2.7978e+03
-4.4372e+06 3.5820e+01 -2.6373e+03 1.8394e+03 -2.1769e+01 2.7996e+03
-4.4497e+06 3.5065e+01 -2.6161e+03 1.8686e+03 -4.1369e+01 2.8020e+03
-4.2727e+06 3.5289e+01 -2.5944e+03 1.8981e+03 -4.1746e+01 2.8043e+03
-4.1644e+06 3.6053e+01 -2.5719e+03 1.9277e+03 -4.1355e+01 2.8057e+03
-4.1959e+06 3.6334e+01 -2.5489e+03 1.9576e+03 -6.3740e+01 2.8071e+03
-4.2184e+06 3.6335e+01 -2.5251e+03 1.9877e+03 -6.7214e+01 2.8084e+03
-3.9738e+06 3.6326e+01 -2.5008e+03 2.0180e+03 -5.5447e+01 2.8091e+03
-3.8777e+06 3.6323e+01 -2.4757e+03 2.0485e+03 -4.5939e+01 2.8098e+03
-3.8749e+06 3.6324e+01 -2.4499e+03 2.0791e+03 -4.9286e+01 2.8101e+03
-3.8451e+06 3.6316e+01 -2.4233e+03 2.1099e+03 -3.5216e+01 2.8106e+03
-3.7187e+06 3.6303e+01 -2.3961e+03 2.1408e+03 -1.3204e+01 2.8106e+03
-3.5827e+06 3.6298e+01 -2.3680e+03 2.1719e+03 8.5536e+00 2.8103e+03
-3.6144e+06 3.6295e+01 -2.3392e+03 2.2031e+03 4.0876e+00 2.8101e+03
-3.3353e+06 3.6278e+01 -2.3096e+03 2.2343e+03 3.9737e+01 2.8103e+03
-3.2821e+06 3.6257e+01 -2.2791e+03 2.2657e+03 6.4012e+01 2.8082e+03
-3.3159e+06 3.6265e+01 -2.2479e+03 2.2971e+03 6.9361e+01 2.8070e+03
-4.1799e+06 3.6301e+01 -2.2157e+03 2.3285e+03 -2.6029e+00 2.8052e+03
-4.5017e+06 3.6332e+01 -2.1827e+03 2.3599e+03 -3.8707e+01 2.8038e+03
-4.9047e+06 3.6330e+01 -2.1489e+03 2.3913e+03 -4.6969e+01 2.8018e+03
-4.3558e+06 3.6317e+01 -2.1141e+03 2.4227e+03 1.2049e+01 2.8005e+03
-5.0538e+06 3.6310e+01 -2.0784e+03 2.4541e+03 -2.1300e+01 2.7974e+03
-4.5625e+06 3.6305e+01 -2.0418e+03 2.4853e+03 1.0394e+01 2.7964e+03
-5.5064e+06 3.6297e+01 -2.0042e+03 2.5164e+03 -2.6187e+01 2.7923e+03
-4.4587e+06 3.6300e+01 -1.9657e+03 2.5474e+03 3.3420e+01 2.7900e+03
-5.8971e+06 3.6308e+01 -1.9263e+03 2.5782e+03 -3.9644e+01 2.7857e+03
-4.3082e+06 3.6318e+01 -1.8858e+03 2.6088e+03 3.9953e+01 2.7842e+03
-6.3262e+06 3.6319e+01 -1.8444e+03 2.6392e+03 -4.4189e+01 2.7820e+03
-3.9159e+06 3.6346e+01 -1.8020e+03 2.6692e+03 4.0647e+01 2.7778e+03
-3.6892e+06 2.6931e+01 -2.7563e+03 1.6857e+03 -2.7068e+01 2.7282e+03
-4.2124e+06 2.9347e+01 -2.7382e+03 1.7136e+03 -4.5503e+01 2.7265e+03
-4.3593e+06 3.2574e+01 -2.7195e+03 1.7418e+03 -2.3998e+01 2.7348e+03
-4.4176e+06 3.3885e+01 -2.7004e+03 1.7703e+03 -6.3581e+00 2.7373e+03
-4.4079e+06 3.3894e+01 -2.6806e+03 1.7991e+03 -1.5393e+00 2.7404e+03
-4.5453e+06 3.3444e+01 -2.6603e+03 1.8281e+03 -4.8481e+00 2.7419e+03
-4.5609e+06 3.2695e+01 -2.6394e+03 1.8574e+03 -1.6053e+01 2.7443e+03
-4.6260e+06 3.3608e+01 -2.6179e+03 1.8869e+03 -1.8008e+01 2.7465e+03
-4.5572e+06 3.5543e+01 -2.5957e+03 1.9167e+03 -1.9964e+01 2.7475e+03
-4.5710e+06 3.6326e+01 -2.5730e+03 1.9467e+03 -3.1403e+01 2.7491e+03
-4.2318e+06 3.6317e+01 -2.5495e+03 1.9769e+03 -2.2785e+01 2.7503e+03
-4.1965e+06 3.6308e+01 -2.5254e+03 2.0073e+03 -1.4186e+01 2.7514e+03
-4.1305e+06 3.6315e+01 -2.5005e+03 2.0379e+03 -2.5113e+01 2.7519e+03
-4.3912e+06 3.6329e+01 -2.4750e+03 2.0688e+03 -4.3853e+01 2.7521e+03
-4.3264e+06 3.6332e+01 -2.4487e+03 2.0997e+03 -4.6559e+01 2.7525e+03
-4.4313e+06 3.6326e+01 -2.4216e+03 2.1309e+03 -3.9577e+01 2.7523e+03
-4.1798e+06 3.6322e+01 -2.3938e+03 2.1622e+03 -2.5044e+01 2.7519e+03
-4.2672e+06 3.6321e+01 -2.3652e+03 2.1936e+03 -2.9039e+01 2.7516e+03
-3.9640e+06 3.6310e+01 -2.3357e+03 2.2251e+03 -2.1509e+01 2.7514e+03
-3.7613e+06 3.6279e+01 -2.3055e+03 2.2568e+03 1.6705e+01 2.7503e+03
-3.1155e+06 3.6252e+01 -2.2743e+03 2.2885e+03 8.2338e+01 2.7494e+03
-3.5202e+06 3.6265e+01 -2.2423e+03 2.3202e+03 6.7887e+01 2.7477e+03
-3.9278e+06 3.6304e+01 -2.2095e+03 2.3520e+03 6.9445e+00 2.7468e+03
-4.7798e+06 3.6325e+01 -2.1757e+03 2.3838e+03 -4.2045e+01 2.7444e+03
-4.6200e+06 3.6321e+01 -2.1410e+03 2.4156e+03 -1.2985e+01 2.7421e+03
-5.1523e+06 3.6310e+01 -2.1053e+03 2.4474e+03 -1.9609e+01 2.7398e+03
-4.7276e+06 3.6301e+01 -2.0687e+03 2.4790e+03 7.1878e+00 2.7382e+03
-5.2654e+06 3.6294e+01 -2.0312e+03 2.5106e+03 -1.1458e+01 2.7347e+03
-4.6655e+06 3.6298e+01 -1.9926e+03 2.5421e+03 2.1594e+01 2.7320e+03
-5.5072e+06 3.6308e+01 -1.9531e+03 2.5734e+03 -2.1834e+01 2.7289e+03
-4.6788e+06 3.6316e+01 -1.9125e+03 2.6045e+03 2.1958e+01 2.7265e+03
-5.6801e+06 3.6315e+01 -1.8710e+03 2.6353e+03 -2.1267e+01 2.7257e+03
-4.3035e+06 3.6333e+01 -1.8284e+03 2.6660e+03 3.5305e+01 2.7200e+03
-3.0936e+06 2.6223e+01 -2.7778e+03 1.6734e+03 -3.8792e+00 2.6709e+03
-3.7031e+06 2.6818e+01 -2.7600e+03 1.7014e+03 -2.6285e+01 2.6691e+03
-4.1648e+06 2.8124e+01 -2.7417e+03 1.7296e+03 -2.8135e+01 2.6764e+03
-4.3801e+06 2.8769e+01 -2.7228e+03 1.7581e+03 -2.2301e+01 2.6783e+03
-4.5303e+06 2.8907e+01 -2.7034e+03 1.7869e+03 -1.7117e+01 2.6820e+03
-4.5740e+06 2.9539e+01 -2.6834e+03 1.8159e+03 -8.1904e+00 2.6841e+03
-4.6975e+06 3.0302e+01 -2.6628e+03 1.8452e+03 -4.6363e+00 2.6861e+03
-4.6839e+06 3.2079e+01 -2.6415e+03 1.8748e+03 -4.6441e+00 2.6881e+03
-4.6389e+06 3.4885e+01 -2.6197e+03 1.9047e+03 -6.0971e+00 2.6897e+03
-4.3668e+06 3.6201e+01 -2.5972e+03 1.9348e+03 -5.2118e+00 2.6908e+03
-4.0696e+06 3.6241e+01 -2.5740e+03 1.9651e+03 1.8369e+01 2.6921e+03
-3.8007e+06 3.6298e+01 -2.5502e+03 1.9957e+03 2.7801e+01 2.6935e+03
-4.0194e+06 3.6302e+01 -2.5256e+03 2.0264e+03 7.2371e+00 2.6936e+03
-4.1418e+06 3.6311e+01 -2.5003e+03 2.0574e+03 -3.5780e+00 2.6941e+03
-4.3841e+06 3.6317e+01 -2.4742e+03 2.0886e+03 -9.4058e+00 2.6947e+03
-4.4346e+06 3.6321e+01 -2.4474e+03 2.1199e+03 -1.6438e+01 2.6945e+03
-4.5209e+06 3.6325e+01 -2.4198e+03 2.1515e+03 -1.5945e+01 2.6942e+03
-4.4838e+06 3.6329e+01 -2.3914e+03 2.1831e+03 -2.4073e+01 2.6936e+03
-4.4882e+06 3.6330e+01 -2.3622e+03 2.2149e+03 -3.6019e+01 2.6928e+03
-4.1603e+06 3.6316e+01 -2.3321e+03 2.2469e+03 -3.1951e+01 2.6922e+03
-3.7100e+06 3.6285e+01 -2.3012e+03 2.2789e+03 1.7657e+01 2.6912e+03
-3.2626e+06 3.6262e+01 -2.2693e+03 2.3110e+03 7.7408e+01 2.6895e+03
-3.6122e+06 3.6275e+01 -2.2366e+03 2.3431e+03 5.9143e+01 2.6886e+03
-4.3343e+06 3.6306e+01 -2.2029e+03 2.3753e+03 -1.0964e+01 2.6870e+03
-4.8251e+06 3.6317e+01 -2.1683e+03 2.4075e+03 -2.3050e+01 2.6843e+03
-4.9582e+06 3.6310e+01 -2.1327e+03 2.4396e+03 -9.6457e+00 2.6822e+03
-4.9806e+06 3.6304e+01 -2.0961e+03 2.4717e+03 2.3189e-01 2.6801e+03
-5.0597e+06 3.6301e+01 -2.0586e+03 2.5038e+03 -1.9484e+00 2.6773e+03
-5.0179e+06 3.6303e+01 -2.0200e+03 2.5357e+03 3.5916e+00 2.6742e+03
-5.2016e+06 3.6310e+01 -1.9804e+03 2.5675e+03 -6.9181e+00 2.6720e+03
-5.0968e+06 3.6314e+01 -1.9398e+03 2.5991e+03 4.9304e-01 2.6687e+03
-5.2585e+06 3.6312e+01 -1.8982e+03 2.6305e+03 -2.0870e-01 2.6690e+03
-4.8557e+06 3.6324e+01 -1.8554e+03 2.6617e+03 9.6606e+00 2.6624e+03
-2.4882e+06 2.6255e+01 -2.7993e+03 1.6603e+03 1.0255e+01 2.6130e+03
-3.2030e+06 2.6255e+01 -2.7818e+03 1.6882e+03 -2.8925e+00 2.6113e+03
-3.8071e+06 2.6245e+01 -2.7638e+03 1.7164e+03 -1.3249e+01 2.6193e+03
-4.2276e+06 2.6239e+01 -2.7453e+03 1.7449e+03 -1.5677e+01 2.6208e+03
-4.4585e+06 2.6328e+01 -2.7262e+03 1.7737e+03 -1.6769e+01 2.6234e+03
-4.7173e+06 2.6899e+01 -2.7065e+03 1.8028e+03 -1.5905e+01 2.6256e+03
-4.8520e+06 2.7638e+01 -2.6862e+03 1.8322e+03 -1.9162e+01 2.6275e+03
-4.9372e+06 2.9755e+01 -2.6653e+03 1.8618e+03 -2.2602e+01 2.6302e+03
-4.6682e+06 3.3389e+01 -2.6438e+03 1.8917e+03 -1.4449e+01 2.6319e+03
-4.1782e+06 3.5117e+01 -2.6216e+03 1.9219e+03 1.3205e+01 2.6322e+03
-3.5709e+06 3.5192e+01 -2.5987e+03 1.9523e+03 4.6547e+01 2.6340e+03
-3.6269e+06 3.5399e+01 -2.5751e+03 1.9830e+03 3.2268e+01 2.6349e+03
-3.8941e+06 3.5724e+01 -2.5508e+03 2.0139e+03 -7.1817e-01 2.6350e+03
-4.1002e+06 3.6135e+01 -2.5258e+03 2.0451e+03 6.5419e+00 2.6360e+03
-4.2081e+06 3.6303e+01 -2.5000e+03 2.0764e+03 1.0971e+01 2.6364e+03
-4.4516e+06 3.6310e+01 -2.4735e+03 2.1080e+03 2.7285e+00 2.6362e+03
-4.5170e+06 3.6316e+01 -2.4461e+03 2.1397e+03 -2.5685e+00 2.6360e+03
-4.5714e+06 3.6320e+01 -2.4180e+03 2.1716e+03 -5.6878e+00 2.6356e+03
-4.5609e+06 3.6325e+01 -2.3890e+03 2.2037e+03 -1.8647e+01 2.6351e+03
-4.4907e+06 3.6327e+01 -2.3591e+03 2.2359e+03 -3.5466e+01 2.6343e+03
-4.1452e+06 3.6314e+01 -2.3283e+03 2.2682e+03 -2.9392e+01 2.6329e+03
-3.5400e+06 3.6285e+01 -2.2967e+03 2.3006e+03 4.1179e+01 2.6314e+03
-3.4696e+06 3.6272e+01 -2.2641e+03 2.3331e+03 6.9707e+01 2.6299e+03
-4.0923e+06 3.6293e+01 -2.2305e+03 2.3657e+03 1.8143e+01 2.6290e+03
-4.7919e+06 3.6311e+01 -2.1960e+03 2.3982e+03 -2.2315e+01 2.6269e+03
-4.8737e+06 3.6311e+01 -2.1605e+03 2.4308e+03 -3.9648e+00 2.6247e+03
-5.0842e+06 3.6308e+01 -2.1240e+03 2.4634e+03 -3.1303e+00 2.6225e+03
-4.8886e+06 3.6307e+01 -2.0865e+03 2.4959e+03 5.5252e+00 2.6201e+03
-5.2181e+06 3.6307e+01 -2.0479e+03 2.5283e+03 -5.9253e+00 2.6167e+03
-4.9014e+06 3.6311e+01 -2.0083e+03 2.5606e+03 3.1434e+00 2.6147e+03
-5.3703e+06 3.6310e+01 -1.9677e+03 2.5928e+03 -7.8384e+00 2.6110e+03
-4.7843e+06 3.6309e+01 -1.9259e+03 2.6247e+03 1.6312e+01 2.6120e+03
-5.4934e+06 3.6319e+01 -1.8830e+03 2.6565e+03 -2.1069e+01 2.6048e+03
-2.1670e+06 2.6254e+01 -2.8209e+03 1.6464e+03 -7.5859e+00 2.5550e+03
-2.9267e+06 2.6270e+01 -2.8037e+03 1.6742e+03 -2.2379e+01 2.5530e+03
-3.6332e+06 2.6280e+01 -2.7860e+03 1.7024e+03 -2.9089e+01 2.5612e+03
-4.0494e+06 2.6284e+01 -2.7678e+03 1.7309e+03 -2.6203e+01 2.5632e+03
-4.3875e+06 2.6285e+01 -2.7490e+03 1.7597e+03 -2.5434e+01 2.5657e+03
-4.6605e+06 2.6284e+01 -2.7297e+03 1.7887e+03 -2.9981e+01 2.5679e+03
-5.0102e+06 2.6269e+01 -2.7097e+03 1.8181e+03 -4.1661e+01 2.5696e+03
-5.0796e+06 2.7843e+01 -2.6891e+03 1.8478e+03 -5.2432e+01 2.5720e+03
-4.7977e+06 3.0843e+01 -2.6679e+03 1.8778e+03 -3.6930e+01 2.5733e+03
-3.9958e+06 3.2433e+01 -2.6460e+03 1.9080e+03 2.4917e+01 2.5739e+03
-3.4493e+06 3.2972e+01 -2.6235e+03 1.9385e+03 6.7612e+01 2.5759e+03
-3.5057e+06 3.3613e+01 -2.6002e+03 1.9693e+03 2.3241e+01 2.5764e+03
-3.9979e+06 3.4627e+01 -2.5763e+03 2.0004e+03 -1.8004e+01 2.5767e+03
-4.1581e+06 3.5833e+01 -2.5515e+03 2.0317e+03 -3.9409e+00 2.5778e+03
-4.4095e+06 3.6304e+01 -2.5261e+03 2.0632e+03 2.4193e+00 2.5779e+03
-4.4950e+06 3.6307e+01 -2.4998e+03 2.0949e+03 -1.1624e+00 2.5778e+03
-4.6376e+06 3.6310e+01 -2.4727e+03 2.1269e+03 -4.0947e+00 2.5778e+03
-4.5620e+06 3.6310e+01 -2.4448e+03 2.1590e+03 -2.5511e+00 2.5774e+03
-4.5627e+06 3.6313e+01 -2.4160e+03 2.1913e+03 -1.9567e+00 2.5768e+03
-4.3843e+06 3.6318e+01 -2.3864e+03 2.2238e+03 -7.5760e+00 2.5759e+03
-4.3491e+06 3.6318e+01 -2.3558e+03 2.2564e+03 -2.2428e+01 2.5749e+03
-3.9689e+06 3.6305e+01 -2.3244e+03 2.2892e+03 1.8110e+00 2.5739e+03
-3.8544e+06 3.6291e+01 -2.2920e+03 2.3220e+03 3.9050e+01 2.5719e+03
-4.1196e+06 3.6296e+01 -2.2586e+03 2.3550e+03 2.2806e+01 2.5705e+03
-4.7839e+06 3.6309e+01 -2.2242e+03 2.3879e+03 -1.5082e+01 2.5690e+03
-4.8763e+06 3.6311e+01 -2.1888e+03 2.4209e+03 -5.0440e+00 2.5670e+03
-5.0526e+06 3.6310e+01 -2.1524e+03 2.4539e+03 -2.4817e+00 2.5648e+03
-4.9741e+06 3.6309e+01 -2.1149e+03 2.4869e+03 2.9136e+00 2.5624e+03
-5.1480e+06 3.6308e+01 -2.0764e+03 2.5198e+03 -6.4712e+00 2.5592e+03
-5.0262e+06 3.6311e+01 -2.0368e+03 2.5526e+03 -3.8453e-01 2.5571e+03
-5.1665e+06 3.6308e+01 -1.9961e+03 2.5853e+03 -2.0042e+00 2.5538e+03
-5.0043e+06 3.6305e+01 -1.9542e+03 2.6179e+03 1.6318e+01 2.5546e+03
-5.3105e+06 3.6316e+01 -1.9113e+03 2.6502e+03 -1.9824e+01 2.5478e+03
-1.7732e+06 2.6255e+01 -2.8424e+03 1.6315e+03 -2.4060e+01 2.4970e+03
-2.5598e+06 2.6269e+01 -2.8256e+03 1.6593e+03 -4.0023e+01 2.4949e+03
-3.1856e+06 2.6276e+01 -2.8083e+03 1.6874e+03 -4.2597e+01 2.5030e+03
-3.6631e+06 2.6280e+01 -2.7904e+03 1.7159e+03 -3.7463e+01 2.5049e+03
-3.9845e+06 2.6282e+01 -2.7719e+03 1.7447e+03 -3.4474e+01 2.5073e+03
-4.3664e+06 2.6283e+01 -2.7529e+03 1.7737e+03 -3.5613e+01 2.5094e+03
-4.6476e+06 2.6289e+01 -2.7333e+03 1.8031e+03 -4.3273e+01 2.5113e+03
-4.9046e+06 2.6975e+01 -2.7131e+03 1.8328e+03 -6.1673e+01 2.5134e+03
-4.7117e+06 2.8192e+01 -2.6922e+03 1.8628e+03 -6.2332e+01 2.5147e+03
-4.0541e+06 2.9389e+01 -2.6707e+03 1.8932e+03 5.0571e-01 2.5157e+03
-3.3971e+06 3.1036e+01 -2.6484e+03 1.9238e+03 4.9674e+01 2.5171e+03
-3.6535e+06 3.2501e+01 -2.6255e+03 1.9546e+03 6.5329e+00 2.5180e+03
-4.0447e+06 3.3960e+01 -2.6019e+03 1.9858e+03 -2.6192e+01 2.5187e+03
-4.3787e+06 3.5621e+01 -2.5775e+03 2.0172e+03 -1.3367e+01 2.5193e+03
-4.5220e+06 3.6308e+01 -2.5523e+03 2.0489e+03 -1.0918e+01 2.5195e+03
-4.6425e+06 3.6310e+01 -2.5263e+03 2.0808e+03 -8.4963e+00 2.5195e+03
-4.5759e+06 3.6307e+01 -2.4995e+03 2.1130e+03 -3.9179e+00 2.5195e+03
-4.5808e+06 3.6306e+01 -2.4719e+03 2.1453e+03 -5.7480e-01 2.5189e+03
-4.4695e+06 3.6307e+01 -2.4434e+03 2.1779e+03 4.5387e+00 2.5183e+03
-4.4903e+06 3.6311e+01 -2.4140e+03 2.2106e+03 3.8220e+00 2.5176e+03
-4.4556e+06 3.6314e+01 -2.3837e+03 2.2436e+03 -1.0091e+01 2.5167e+03
-4.4627e+06 3.6313e+01 -2.3525e+03 2.2766e+03 -1.5037e+01 2.5158e+03
-4.3118e+06 3.6307e+01 -2.3202e+03 2.3098e+03 3.7414e+00 2.5141e+03
-4.4913e+06 3.6306e+01 -2.2870e+03 2.3431e+03 6.6790e+00 2.5122e+03
-4.7531e+06 3.6310e+01 -2.2528e+03 2.3765e+03 -7.8383e+00 2.5109e+03
-4.9354e+06 3.6311e+01 -2.2176e+03 2.4099e+03 -4.5319e+00 2.5091e+03
-4.9665e+06 3.6310e+01 -2.1813e+03 2.4434e+03 -2.9133e-01 2.5068e+03
-5.0059e+06 3.6309e+01 -2.1439e+03 2.4768e+03 4.2178e-01 2.5044e+03
-5.0428e+06 3.6308e+01 -2.1054e+03 2.5102e+03 -1.4264e+00 2.5014e+03
-5.0355e+06 3.6309e+01 -2.0658e+03 2.5436e+03 -3.2774e+00 2.4993e+03
-5.0249e+06 3.6306e+01 -2.0251e+03 2.5768e+03 8.5841e+00 2.4963e+03
-4.9940e+06 3.6302e+01 -1.9832e+03 2.6099e+03 1.5889e+01 2.4968e+03
-5.1810e+06 3.6311e+01 -1.9401e+03 2.6428e+03 -6.5878e+00 2.4906e+03
-1.0582e+06 2.6247e+01 -2.8639e+03 1.6158e+03 1.4917e+00 2.4389e+03
-1.6181e+06 2.6256e+01 -2.8474e+03 1.6435e+03 -5.3139e+00 2.4367e+03
-2.2268e+06 2.6260e+01 -2.8305e+03 1.6716e+03 -7.0387e+00 2.4447e+03
-2.7158e+06 2.6265e+01 -2.8129e+03 1.7000e+03 -1.0518e+01 2.4466e+03
-3.1647e+06 2.6269e+01 -2.7949e+03 1.7287e+03 -1.4561e+01 2.4489e+03
-3.4873e+06 2.6271e+01 -2.7762e+03 1.7578e+03 -1.4645e+01 2.4511e+03
-3.8661e+06 2.6277e+01 -2.7569e+03 1.7872e+03 -1.7900e+01 2.4531e+03
-4.1258e+06 2.6424e+01 -2.7371e+03 1.8169e+03 -3.7234e+01 2.4548e+03
-4.2442e+06 2.6647e+01 -2.7165e+03 1.8469e+03 -5.6012e+01 2.4562e+03
-3.8937e+06 2.7593e+01 -2.6954e+03 1.8773e+03 -2.6742e+01 2.4577e+03
-3.5667e+06 2.9909e+01 -2.6735e+03 1.9079e+03 1.3965e+01 2.4582e+03
-3.5803e+06 3.1987e+01 -2.6509e+03 1.9389e+03 -1.3080e+00 2.4593e+03
-4.0612e+06 3.3597e+01 -2.6276e+03 1.9701e+03 -2.2477e+01 2.4606e+03
-4.3823e+06 3.5447e+01 -2.6035e+03 2.0017e+03 -1.6555e+01 2.4607e+03
-4.5805e+06 3.6314e+01 -2.5787e+03 2.0335e+03 -1.0357e+01 2.4611e+03
-4.5264e+06 3.6308e+01 -2.5531e+03 2.0656e+03 -3.5213e+00 2.4611e+03
-4.5703e+06 3.6305e+01 -2.5266e+03 2.0979e+03 2.9498e-01 2.4610e+03
-4.5266e+06 3.6303e+01 -2.4993e+03 2.1305e+03 1.5614e+00 2.4606e+03
-4.5672e+06 3.6304e+01 -2.4711e+03 2.1633e+03 2.6460e+00 2.4601e+03
-4.5799e+06 3.6308e+01 -2.4419e+03 2.1963e+03 -2.1211e+00 2.4594e+03
-4.7100e+06 3.6311e+01 -2.4119e+03 2.2295e+03 -9.3923e+00 2.4584e+03
-4.7127e+06 3.6312e+01 -2.3809e+03 2.2629e+03 -1.4358e+01 2.4574e+03
-4.7660e+06 3.6312e+01 -2.3489e+03 2.2964e+03 -1.1441e+01 2.4562e+03
-4.7463e+06 3.6312e+01 -2.3159e+03 2.3301e+03 -5.7050e+00 2.4544e+03
-4.8405e+06 3.6311e+01 -2.2819e+03 2.3639e+03 -3.0347e+00 2.4528e+03
-4.8794e+06 3.6310e+01 -2.2468e+03 2.3977e+03 -7.7191e-01 2.4510e+03
-4.9646e+06 3.6309e+01 -2.2106e+03 2.4316e+03 -8.3478e-01 2.4489e+03
-5.0063e+06 3.6308e+01 -2.1734e+03 2.4656e+03 -1.0273e+00 2.4467e+03
-5.0211e+06 3.6307e+01 -2.1350e+03 2.4995e+03 -1.2743e+00 2.4438e+03
-5.0569e+06 3.6308e+01 -2.0954e+03 2.5334e+03 -4.4901e+00 2.4417e+03
-5.0026e+06 3.6305e+01 -2.0547e+03 2.5671e+03 6.0186e+00 2.4388e+03
-5.0907e+06 3.6301e+01 -2.0127e+03 2.6008e+03 1.1967e+01 2.4393e+03
-5.1015e+06 3.6308e+01 -1.9696e+03 2.6344e+03 -4.6336e+00 2.4332e+03
-3.5670e+05 2.6241e+01 -2.8854e+03 1.5992e+03 1.9804e+01 2.3806e+03
-7.8250e+05 2.6245e+01 -2.8693e+03 1.6268e+03 1.8125e+01 2.3784e+03
-1.2237e+06 2.6247e+01 -2.8527e+03 1.6548e+03 1.8927e+01 2.3865e+03
-1.7129e+06 2.6252e+01 -2.8355e+03 1.6831e+03 1.3100e+01 2.3884e+03
-2.1099e+06 2.6256e+01 -2.8178e+03 1.7118e+03 4.1018e+00 2.3907e+03
-2.5149e+06 2.6258e+01 -2.7995e+03 1.7408e+03 2.7430e+00 2.3927e+03
-2.8131e+06 2.6261e+01 -2.7806e+03 1.7702e+03 1.6763e+00 2.3946e+03
-3.2210e+06 2.6271e+01 -2.7611e+03 1.7999e+03 -1.2980e+01 2.3963e+03
-3.4646e+06 2.6279e+01 -2.7410e+03 1.8300e+03 -3.2954e+01 2.3978e+03
-3.4841e+06 2.6897e+01 -2.7201e+03 1.8603e+03 -2.3690e+01 2.3995e+03
-3.2274e+06 2.9041e+01 -2.6986e+03 1.8911e+03 8.2314e+00 2.3996e+03
-3.3560e+06 3.1481e+01 -2.6764e+03 1.9221e+03 8.1620e+00 2.4008e+03
-3.7881e+06 3.3237e+01 -2.6535e+03 1.9534e+03 -1.7002e+01 2.4024e+03
-4.2810e+06 3.5057e+01 -2.6298e+03 1.9851e+03 -1.7258e+01 2.4020e+03
-4.3787e+06 3.6170e+01 -2.6053e+03 2.0170e+03 -1.2524e+00 2.4025e+03
-4.4826e+06 3.6305e+01 -2.5800e+03 2.0493e+03 3.2321e+00 2.4028e+03
-4.5220e+06 3.6304e+01 -2.5539e+03 2.0818e+03 6.1089e-02 2.4025e+03
-4.5974e+06 3.6300e+01 -2.5269e+03 2.1146e+03 4.1553e-01 2.4024e+03
-4.6088e+06 3.6300e+01 -2.4990e+03 2.1476e+03 -4.1677e-01 2.4017e+03
-4.7272e+06 3.6305e+01 -2.4702e+03 2.1808e+03 -3.5668e+00 2.4010e+03
-4.7344e+06 3.6308e+01 -2.4404e+03 2.2143e+03 -4.1706e+00 2.4002e+03
-4.7991e+06 3.6309e+01 -2.4097e+03 2.2480e+03 -3.4728e+00 2.3991e+03
-4.8088e+06 3.6311e+01 -2.3780e+03 2.2819e+03 -4.3792e+00 2.3979e+03
-4.8555e+06 3.6311e+01 -2.3452e+03 2.3159e+03 -2.1333e+00 2.3965e+03
-4.8351e+06 3.6310e+01 -2.3114e+03 2.3501e+03 8.1743e-01 2.3947e+03
-4.8768e+06 3.6309e+01 -2.2765e+03 2.3843e+03 1.9833e+00 2.3929e+03
-4.9372e+06 3.6309e+01 -2.2405e+03 2.4187e+03 -8.3270e-01 2.3909e+03
-4.9548e+06 3.6307e+01 -2.2034e+03 2.4531e+03 -1.2121e-01 2.3888e+03
-5.0076e+06 3.6305e+01 -2.1651e+03 2.4875e+03 -1.1843e+00 2.3860e+03
-4.9830e+06 3.6307e+01 -2.1256e+03 2.5219e+03 -3.1275e+00 2.3840e+03
-5.0516e+06 3.6305e+01 -2.0849e+03 2.5563e+03 3.5368e+00 2.3811e+03
-4.9796e+06 3.6301e+01 -2.0429e+03 2.5906e+03 1.2862e+01 2.3819e+03
-5.1546e+06 3.6307e+01 -1.9998e+03 2.6247e+03 -3.9547e+00 2.3758e+03
-2.8499e+04 2.6242e+01 -2.9068e+03 1.5817e+03 1.1571e+01 2.3225e+03
-2.9963e+05 2.6245e+01 -2.8911e+03 1.6092e+03 6.9714e+00 2.3202e+03
-6.4770e+05 2.6245e+01 -2.8748e+03 1.6371e+03 1.3022e+01 2.3283e+03
-9.3691e+05 2.6246e+01 -2.8581e+03 1.6654e+03 1.7944e+01 2.3301e+03
-1.2769e+06 2.6248e+01 -2.8407e+03 1.6940e+03 1.4257e+01 2.3324e+03
-1.5494e+06 2.6248e+01 -2.8228e+03 1.7229e+03 1.4878e+01 2.3344e+03
-1.9269e+06 2.6249e+01 -2.8043e+03 1.7523e+03 1.4867e+01 2.3363e+03
-2.3225e+06 2.6258e+01 -2.7852e+03 1.7819e+03 4.7378e-01 2.3379e+03
-2.7281e+06 2.6263e+01 -2.7654e+03 1.8120e+03 -1.2146e+01 2.3394e+03
-2.8425e+06 2.6440e+01 -2.7450e+03 1.8424e+03 -3.5293e+00 2.3412e+03
-2.8636e+06 2.8146e+01 -2.7239e+03 1.8731e+03 2.2139e+01 2.3415e+03
-2.8903e+06 3.1031e+01 -2.7021e+03 1.9042e+03 2.9964e+01 2.3422e+03
-3.4740e+06 3.2919e+01 -2.6795e+03 1.9356e+03 -4.0136e+00 2.3438e+03
-4.0193e+06 3.4427e+01 -2.6562e+03 1.9673e+03 -1.6866e+01 2.3434e+03
-4.3107e+06 3.5853e+01 -2.6321e+03 1.9994e+03 3.0866e+00 2.3439e+03
-4.4473e+06 3.6304e+01 -2.6071e+03 2.0318e+03 2.6843e+00 2.3443e+03
-4.6266e+06 3.6304e+01 -2.5814e+03 2.0645e+03 -4.0734e+00 2.3441e+03
-4.6184e+06 3.6300e+01 -2.5547e+03 2.0974e+03 -1.3475e+00 2.3439e+03
-4.6779e+06 3.6299e+01 -2.5272e+03 2.1307e+03 3.3325e-01 2.3431e+03
-4.6731e+06 3.6303e+01 -2.4987e+03 2.1642e+03 4.8080e-01 2.3426e+03
-4.7615e+06 3.6306e+01 -2.4692e+03 2.1979e+03 9.6028e-02 2.3420e+03
-4.7642e+06 3.6307e+01 -2.4388e+03 2.2319e+03 6.0615e-02 2.3409e+03
-4.8481e+06 3.6309e+01 -2.4074e+03 2.2661e+03 -2.6205e-01 2.3396e+03
-4.8309e+06 3.6310e+01 -2.3749e+03 2.3005e+03 1.5601e-01 2.3383e+03
-4.8774e+06 3.6309e+01 -2.3413e+03 2.3350e+03 4.2751e-01 2.3366e+03
-4.8565e+06 3.6309e+01 -2.3066e+03 2.3697e+03 1.5519e+00 2.3349e+03
-4.9242e+06 3.6308e+01 -2.2708e+03 2.4045e+03 -3.3838e-02 2.3330e+03
-4.9398e+06 3.6307e+01 -2.2339e+03 2.4394e+03 -4.4029e-01 2.3309e+03
-4.9807e+06 3.6305e+01 -2.1957e+03 2.4743e+03 -1.9197e+00 2.3282e+03
-4.9980e+06 3.6307e+01 -2.1563e+03 2.5093e+03 -3.6933e+00 2.3262e+03
-5.0064e+06 3.6305e+01 -2.1157e+03 2.5442e+03 3.3358e+00 2.3234e+03
-5.0332e+06 3.6301e+01 -2.0738e+03 2.5791e+03 1.1323e+01 2.3244e+03
-5.0755e+06 3.6306e+01 -2.0306e+03 2.6139e+03 -3.9577e+00 2.3185e+03
1.8684e+05 2.6244e+01 -2.9281e+03 1.5633e+03 6.1291e+00 2.2645e+03
-6.8018e+04 2.6247e+01 -2.9128e+03 1.5907e+03 -7.9827e-02 2.2620e+03
-2.6545e+05 2.6245e+01 -2.8969e+03 1.6185e+03 5.4202e+00 2.2699e+03
-4.6724e+05 2.6243e+01 -2.8806e+03 1.6466e+03 1.5910e+01 2.2717e+03
-6.3104e+05 2.6242e+01 -2.8636e+03 1.6751e+03 1.8054e+01 2.2740e+03
-8.9229e+05 2.6241e+01 -2.8461e+03 1.7040e+03 2.3365e+01 2.2760e+03
-1.1370e+06 2.6241e+01 -2.8280e+03 1.7333e+03 2.9880e+01 2.2779e+03
-1.6403e+06 2.6247e+01 -2.8093e+03 1.7629e+03 1.9407e+01 2.2795e+03
-2.0878e+06 2.6252e+01 -2.7899e+03 1.7930e+03 8.1763e+00 2.2810e+03
-2.4235e+06 2.6212e+01 -2.7699e+03 1.8233e+03 1.2841e+01 2.2827e+03
-2.4760e+06 2.7707e+01 -2.7492e+03 1.8541e+03 3.4017e+01 2.2830e+03
-2.6816e+06 3.0812e+01 -2.7278e+03 1.8852e+03 4.5161e+01 2.2834e+03
-3.2437e+06 3.2656e+01 -2.7056e+03 1.9167e+03 3.7231e+00 2.2847e+03
-3.9897e+06 3.3903e+01 -2.6827e+03 1.9485e+03 -2.4816e+01 2.2852e+03
-4.3094e+06 3.5594e+01 -2.6590e+03 1.9806e+03 -7.5735e+00 2.2855e+03
-4.5669e+06 3.6306e+01 -2.6344e+03 2.0131e+03 -3.1297e+00 2.2858e+03
-4.6273e+06 3.6305e+01 -2.6090e+03 2.0460e+03 -4.7294e+00 2.2857e+03
-4.6663e+06 3.6302e+01 -2.5828e+03 2.0791e+03 -5.3047e-02 2.2854e+03
-4.6295e+06 3.6299e+01 -2.5556e+03 2.1125e+03 2.5017e+00 2.2849e+03
-4.6987e+06 3.6300e+01 -2.5275e+03 2.1463e+03 2.4569e+00 2.2844e+03
-4.6998e+06 3.6304e+01 -2.4984e+03 2.1803e+03 1.1059e+00 2.2837e+03
-4.7823e+06 3.6306e+01 -2.4683e+03 2.2145e+03 1.5842e-01 2.2825e+03
-4.7887e+06 3.6309e+01 -2.4371e+03 2.2491e+03 -8.5917e-02 2.2813e+03
-4.8663e+06 3.6310e+01 -2.4049e+03 2.2838e+03 -9.3072e-01 2.2800e+03
-4.8567e+06 3.6309e+01 -2.3717e+03 2.3187e+03 -1.0685e+00 2.2785e+03
-4.8962e+06 3.6308e+01 -2.3372e+03 2.3538e+03 -6.0039e-01 2.2769e+03
-4.8736e+06 3.6306e+01 -2.3016e+03 2.3890e+03 7.8857e-01 2.2752e+03
-4.8991e+06 3.6305e+01 -2.2649e+03 2.4244e+03 1.1865e+00 2.2730e+03
-4.9157e+06 3.6305e+01 -2.2269e+03 2.4598e+03 4.3624e-01 2.2704e+03
-4.9640e+06 3.6306e+01 -2.1876e+03 2.4953e+03 -4.2685e+00 2.2685e+03
-4.9665e+06 3.6305e+01 -2.1471e+03 2.5309e+03 5.1091e+00 2.2658e+03
-4.9839e+06 3.6301e+01 -2.1053e+03 2.5663e+03 1.1212e+01 2.2668e+03
-5.0442e+06 3.6306e+01 -2.0621e+03 2.6018e+03 -1.7336e+00 2.2610e+03
3.0390e+05 2.6243e+01 -2.9494e+03 1.5440e+03 3.4450e+00 2.2063e+03
1.3889e+05 2.6246e+01 -2.9344e+03 1.5713e+03 -3.7521e+00 2.2037e+03
-4.5983e+04 2.6242e+01 -2.9190e+03 1.5989e+03 1.7235e+00 2.2116e+03
-1.4610e+05 2.6238e+01 -2.9030e+03 1.6269e+03 1.0499e+01 2.2134e+03
-3.1234e+05 2.6237e+01 -2.8865e+03 1.6553e+03 1.4099e+01 2.2156e+03
-4.5618e+05 2.6236e+01 -2.8694e+03 1.6841e+03 2.4465e+01 2.2175e+03
-7.7438e+05 2.6237e+01 -2.8517e+03 1.7133e+03 3.2230e+01 2.2193e+03
-1.2553e+06 2.6245e+01 -2.8334e+03 1.7429e+03 1.8349e+01 2.2206e+03
-1.9002e+06 2.6254e+01 -2.8145e+03 1.7729e+03 -3.5411e+00 2.2223e+03
-2.3761e+06 2.6243e+01 -2.7949e+03 1.8032e+03 -1.5769e+01 2.2238e+03
-2.6746e+06 2.7615e+01 -2.7746e+03 1.8340e+03 -4.7704e+00 2.2247e+03
-2.7650e+06 3.0551e+01 -2.7536e+03 1.8651e+03 1.3971e+01 2.2252e+03
-3.2664e+06 3.2337e+01 -2.7318e+03 1.8966e+03 -5.9743e+00 2.2264e+03
-3.9265e+06 3.3574e+01 -2.7093e+03 1.9285e+03 -3.2813e+01 2.2273e+03
-4.4458e+06 3.5464e+01 -2.6860e+03 1.9607e+03 -2.4596e+01 2.2270e+03
-4.5988e+06 3.6330e+01 -2.6619e+03 1.9933e+03 -9.0235e+00 2.2271e+03
-4.6647e+06 3.6305e+01 -2.6369e+03 2.0263e+03 -2.0015e+00 2.2273e+03
-4.6270e+06 3.6303e+01 -2.6110e+03 2.0596e+03 1.1688e+00 2.2270e+03
-4.6494e+06 3.6300e+01 -2.5842e+03 2.0932e+03 3.5876e+00 2.2266e+03
-4.6361e+06 3.6300e+01 -2.5565e+03 2.1271e+03 3.6643e+00 2.2260e+03
-4.7185e+06 3.6303e+01 -2.5278e+03 2.1614e+03 1.9208e+00 2.2252e+03
-4.7465e+06 3.6307e+01 -2.4980e+03 2.1959e+03 4.7958e-01 2.2243e+03
-4.8197e+06 3.6309e+01 -2.4673e+03 2.2307e+03 6.1312e-03 2.2232e+03
-4.8278e+06 3.6309e+01 -2.4354e+03 2.2658e+03 -6.4764e-01 2.2219e+03
-4.8713e+06 3.6308e+01 -2.4024e+03 2.3011e+03 -8.5027e-01 2.2204e+03
-4.8677e+06 3.6306e+01 -2.3683e+03 2.3366e+03 -1.1483e+00 2.2189e+03
-4.8698e+06 3.6305e+01 -2.3329e+03 2.3723e+03 4.8105e-01 2.2172e+03
-4.8534e+06 3.6304e+01 -2.2964e+03 2.4081e+03 3.7473e+00 2.2151e+03
-4.8679e+06 3.6304e+01 -2.2586e+03 2.4440e+03 3.1497e+00 2.2127e+03
-4.9458e+06 3.6305e+01 -2.2195e+03 2.4801e+03 -4.1829e+00 2.2109e+03
-4.9247e+06 3.6303e+01 -2.1791e+03 2.5162e+03 4.8080e+00 2.2082e+03
-4.9981e+06 3.6299e+01 -2.1374e+03 2.5523e+03 1.1493e+01 2.2093e+03
-4.9986e+06 3.6306e+01 -2.0943e+03 2.5884e+03 -1.3283e+00 2.2036e+03
4.3493e+05 2.6237e+01 -2.9705e+03 1.5238e+03 3.6050e+00 2.1483e+03
2.5300e+05 2.6236e+01 -2.9560e+03 1.5509e+03 -2.2326e+00 2.1457e+03
1.7926e+05 2.6434e+01 -2.9410e+03 1.5784e+03 1.2306e+01 2.1535e+03
5.8645e+04 2.6422e+01 -2.9254e+03 1.6062e+03 2.4982e+01 2.1550e+03
-1.0201e+05 2.5746e+01 -2.9093e+03 1.6345e+03 1.9411e+01 2.1571e+03
-3.6793e+05 2.5344e+01 -2.8926e+03 1.6632e+03 1.9511e+01 2.1591e+03
-6.2746e+05 2.5659e+01 -2.8754e+03 1.6923e+03 2.0093e+01 2.1609e+03
-1.1862e+06 2.6084e+01 -2.8575e+03 1.7218e+03 -2.8368e-01 2.1624e+03
-1.8145e+06 2.6260e+01 -2.8390e+03 1.7517e+03 -3.3204e+01 2.1641e+03
-2.4123e+06 2.6272e+01 -2.8198e+03 1.7820e+03 -5.6769e+01 2.1654e+03
-2.6309e+06 2.7251e+01 -2.8000e+03 1.8128e+03 -4.7047e+01 2.1664e+03
-2.7407e+06 2.9752e+01 -2.7794e+03 1.8439e+03 -9.4186e+00 2.1667e+03
-2.9569e+06 3.1839e+01 -2.7581e+03 1.8754e+03 4.9327e+00 2.1675e+03
-3.7010e+06 3.3178e+01 -2.7360e+03 1.9073e+03 -2.1746e+01 2.1687e+03
-4.3609e+06 3.4929e+01 -2.7132e+03 1.9396e+03 -3.2366e+01 2.1684e+03
-4.6348e+06 3.6104e+01 -2.6895e+03 1.9723e+03 -1.0994e+01 2.1685e+03
-4.6111e+06 3.6305e+01 -2.6649e+03 2.0053e+03 1.2392e+00 2.1689e+03
-4.6431e+06 3.6305e+01 -2.6395e+03 2.0388e+03 1.5740e+00 2.1685e+03
-4.6262e+06 3.6304e+01 -2.6131e+03 2.0726e+03 1.9054e+00 2.1681e+03
-4.6917e+06 3.6304e+01 -2.5858e+03 2.1067e+03 1.1035e+00 2.1675e+03
-4.7009e+06 3.6307e+01 -2.5575e+03 2.1412e+03 1.1332e-01 2.1669e+03
-4.7687e+06 3.6309e+01 -2.5281e+03 2.1760e+03 1.4229e-01 2.1660e+03
-4.7729e+06 3.6310e+01 -2.4977e+03 2.2111e+03 4.5973e-01 2.1650e+03
-4.8254e+06 3.6308e+01 -2.4662e+03 2.2464e+03 4.3005e-01 2.1638e+03
-4.8294e+06 3.6306e+01 -2.4335e+03 2.2821e+03 2.4558e-01 2.1624e+03
-4.8671e+06 3.6306e+01 -2.3997e+03 2.3180e+03 -5.4198e-01 2.1609e+03
-4.8587e+06 3.6306e+01 -2.3647e+03 2.3541e+03 -3.6446e-01 2.1592e+03
-4.8404e+06 3.6305e+01 -2.3284e+03 2.3904e+03 2.9361e+00 2.1571e+03
-4.8622e+06 3.6305e+01 -2.2909e+03 2.4269e+03 2.3141e+00 2.1548e+03
-4.8972e+06 3.6305e+01 -2.2520e+03 2.4634e+03 -4.0521e+00 2.1532e+03
-4.9127e+06 3.6302e+01 -2.2118e+03 2.5001e+03 5.0279e+00 2.1505e+03
-4.9081e+06 3.6299e+01 -2.1701e+03 2.5368e+03 1.3034e+01 2.1518e+03
-5.0102e+06 3.6305e+01 -2.1271e+03 2.5736e+03 -1.2719e+00 2.1462e+03
4.7157e+05 2.6022e+01 -2.9916e+03 1.5027e+03 1.4830e+01 2.0901e+03
3.2328e+05 2.5017e+01 -2.9775e+03 1.5296e+03 6.4850e+00 2.0873e+03
1.7042e+05 2.4515e+01 -2.9628e+03 1.5569e+03 1.6838e+01 2.0952e+03
7.4702e+04 2.4246e+01 -2.9477e+03 1.5846e+03 2.9293e+01 2.0969e+03
-1.9801e+05 2.2893e+01 -2.9320e+03 1.6127e+03 1.6044e+01 2.0991e+03
-4.4661e+05 2.2087e+01 -2.9158e+03 1.6413e+03 1.8384e+00 2.1012e+03
-6.9657e+05 2.3295e+01 -2.8990e+03 1.6703e+03 2.3683e+00 2.1029e+03
-9.1780e+05 2.5305e+01 -2.8815e+03 1.6997e+03 3.8955e+00 2.1045e+03
-1.3529e+06 2.6239e+01 -2.8635e+03 1.7295e+03 -1.2203e+01 2.1061e+03
-1.7730e+06 2.6260e+01 -2.8448e+03 1.7597e+03 -3.2968e+01 2.1070e+03
-2.0597e+06 2.6757e+01 -2.8254e+03 1.7904e+03 -2.2937e+01 2.1081e+03
-2.0797e+06 2.8775e+01 -2.8053e+03 1.8215e+03 1.9311e+01 2.1083e+03
-2.4090e+06 3.1341e+01 -2.7844e+03 1.8530e+03 3.8680e+01 2.1087e+03
-3.2845e+06 3.2647e+01 -2.7628e+03 1.8849e+03 -5.8792e+00 2.1099e+03
-4.2683e+06 3.3885e+01 -2.7404e+03 1.9173e+03 -3.7312e+01 2.1101e+03
-4.5710e+06 3.5581e+01 -2.7172e+03 1.9500e+03 -1.2439e+01 2.1103e+03
-4.6121e+06 3.6303e+01 -2.6931e+03 1.9832e+03 4.4555e+00 2.1106e+03
-4.6078e+06 3.6304e+01 -2.6681e+03 2.0167e+03 2.0065e+00 2.1103e+03
-4.6645e+06 3.6306e+01 -2.6422e+03 2.0506e+03 3.5302e-01 2.1099e+03
-4.6700e+06 3.6307e+01 -2.6153e+03 2.0849e+03 -7.4918e-01 2.1094e+03
-4.7309e+06 3.6308e+01 -2.5874e+03 2.1196e+03 -6.6460e-01 2.1087e+03
-4.7404e+06 3.6310e+01 -2.5585e+03 2.1547e+03 -8.4504e-02 2.1079e+03
-4.7935e+06 3.6309e+01 -2.5285e+03 2.1900e+03 -9.6433e-02 2.1069e+03
-4.7886e+06 3.6306e+01 -2.4973e+03 2.2257e+03 -3.5012e-02 2.1057e+03
-4.8264e+06 3.6305e+01 -2.4651e+03 2.2617e+03 1.9815e-01 2.1044e+03
-4.8345e+06 3.6306e+01 -2.4316e+03 2.2980e+03 -1.1482e-01 2.1029e+03
-4.8680e+06 3.6308e+01 -2.3969e+03 2.3345e+03 -8.6758e-01 2.1013e+03
-4.8735e+06 3.6308e+01 -2.3609e+03 2.3713e+03 -5.0762e-01 2.0994e+03
-4.8824e+06 3.6307e+01 -2.3237e+03 2.4083e+03 -1.1310e+00 2.0970e+03
-4.9022e+06 3.6307e+01 -2.2850e+03 2.4454e+03 -4.5433e+00 2.0954e+03
-4.8707e+06 3.6304e+01 -2.2450e+03 2.4826e+03 4.6604e+00 2.0929e+03
-4.9122e+06 3.6300e+01 -2.2036e+03 2.5200e+03 1.1582e+01 2.0943e+03
-4.9499e+06 3.6306e+01 -2.1607e+03 2.5574e+03 -2.5114e+00 2.0889e+03
3.4727e+05 2.3456e+01 -3.0125e+03 1.4806e+03 1.2883e+01 2.0322e+03
1.0994e+05 2.1440e+01 -2.9988e+03 1.5073e+03 -1.2714e+00 2.0295e+03
-7.3241e+04 1.9822e+01 -2.9846e+03 1.5345e+03 -5.4537e+00 2.0374e+03
-2.4022e+05 1.9312e+01 -2.9699e+03 1.5620e+03 1.0883e+00 2.0388e+03
-4.0213e+05 1.8637e+01 -2.9546e+03 1.5900e+03 -3.0537e+00 2.0408e+03
-6.4553e+05 1.8234e+01 -2.9389e+03 1.6184e+03 -1.6070e+01 2.0430e+03
-6.5134e+05 2.0385e+01 -2.9225e+03 1.6472e+03 -9.6393e+00 2.0444e+03
-5.5617e+05 2.4412e+01 -2.9055e+03 1.6765e+03 2.3490e+01 2.0461e+03
-5.7526e+05 2.6290e+01 -2.8879e+03 1.7062e+03 3.3652e+01 2.0476e+03
-8.9662e+05 2.6235e+01 -2.8697e+03 1.7363e+03 1.8590e+01 2.0483e+03
-1.1816e+06 2.6400e+01 -2.8508e+03 1.7669e+03 1.2193e+01 2.0498e+03
-1.5295e+06 2.8110e+01 -2.8312e+03 1.7980e+03 2.7984e+01 2.0506e+03
-1.9755e+06 3.1036e+01 -2.8108e+03 1.8294e+03 3.8839e+01 2.0509e+03
-3.0562e+06 3.2392e+01 -2.7897e+03 1.8614e+03 -4.4400e+00 2.0517e+03
-4.1279e+06 3.3235e+01 -2.7677e+03 1.8937e+03 -3.7357e+01 2.0521e+03
-4.5838e+06 3.5089e+01 -2.7450e+03 1.9265e+03 -1.1015e+01 2.0519e+03
-4.5799e+06 3.6189e+01 -2.7214e+03 1.9597e+03 8.5438e+00 2.0520e+03
-4.6261e+06 3.6303e+01 -2.6969e+03 1.9933e+03 3.7501e+00 2.0521e+03
-4.6333e+06 3.6304e+01 -2.6714e+03 2.0274e+03 -7.5497e-02 2.0518e+03
-4.6860e+06 3.6302e+01 -2.6450e+03 2.0619e+03 1.5026e-01 2.0513e+03
-4.6827e+06 3.6303e+01 -2.6176e+03 2.0967e+03 1.0428e+00 2.0506e+03
-4.7416e+06 3.6306e+01 -2.5891e+03 2.1320e+03 1.0664e+00 2.0497e+03
-4.7504e+06 3.6308e+01 -2.5595e+03 2.1676e+03 1.8056e-01 2.0487e+03
-4.7968e+06 3.6306e+01 -2.5288e+03 2.2036e+03 -6.2740e-01 2.0477e+03
-4.8002e+06 3.6305e+01 -2.4970e+03 2.2399e+03 -6.4915e-01 2.0464e+03
-4.8397e+06 3.6307e+01 -2.4639e+03 2.2766e+03 -5.0133e-01 2.0450e+03
-4.8505e+06 3.6309e+01 -2.4296e+03 2.3135e+03 -5.7849e-01 2.0436e+03
-4.8658e+06 3.6310e+01 -2.3939e+03 2.3507e+03 -5.8309e-01 2.0418e+03
-4.8683e+06 3.6308e+01 -2.3570e+03 2.3882e+03 -5.2501e-01 2.0394e+03
-4.8542e+06 3.6309e+01 -2.3186e+03 2.4258e+03 -1.8527e+00 2.0379e+03
-4.8449e+06 3.6305e+01 -2.2789e+03 2.4637e+03 7.2145e+00 2.0355e+03
-4.8561e+06 3.6301e+01 -2.2376e+03 2.5016e+03 1.2168e+01 2.0369e+03
-4.9529e+06 3.6308e+01 -2.1949e+03 2.5397e+03 -2.7394e+00 2.0315e+03
8.5868e+03 1.8929e+01 -3.0332e+03 1.4577e+03 -4.5877e+00 1.9744e+03
-1.3766e+05 1.7907e+01 -3.0200e+03 1.4842e+03 -1.2499e+01 1.9714e+03
-3.3889e+05 1.6994e+01 -3.0062e+03 1.5111e+03 -1.4497e+01 1.9792e+03
-4.3223e+05 1.6743e+01 -2.9919e+03 1.5384e+03 -8.9358e+00 1.9804e+03
-5.6263e+05 1.6746e+01 -2.9772e+03 1.5662e+03 -5.7303e+00 1.9823e+03
-6.5398e+05 1.6750e+01 -2.9618e+03 1.5944e+03 -1.7668e+01 1.9844e+03
-6.0777e+05 1.9252e+01 -2.9459e+03 1.6231e+03 -1.4434e+01 1.9859e+03
-2.3898e+05 2.4115e+01 -2.9294e+03 1.6522e+03 2.4523e+01 1.9875e+03
-1.1436e+05 2.6351e+01 -2.9123e+03 1.6818e+03 3.9615e+01 1.9889e+03
-2.6503e+05 2.6226e+01 -2.8946e+03 1.7118e+03 2.4772e+01 1.9900e+03
-7.0080e+05 2.6255e+01 -2.8762e+03 1.7423e+03 7.2431e+00 1.9915e+03
-1.1349e+06 2.7833e+01 -2.8570e+03 1.7733e+03 6.5013e+00 1.9924e+03
-1.8055e+06 3.0726e+01 -2.8372e+03 1.8047e+03 1.6511e+01 1.9924e+03
-2.9160e+06 3.1665e+01 -2.8165e+03 1.8366e+03 -1.5239e+01 1.9928e+03
-4.1539e+06 3.1615e+01 -2.7951e+03 1.8689e+03 -4.5368e+01 1.9938e+03
-4.6432e+06 3.3335e+01 -2.7729e+03 1.9017e+03 -1.9347e+01 1.9937e+03
-4.6591e+06 3.5500e+01 -2.7498e+03 1.9350e+03 8.4144e+00 1.9937e+03
-4.6169e+06 3.6302e+01 -2.7257e+03 1.9687e+03 5.2885e+00 1.9940e+03
-4.6555e+06 3.6303e+01 -2.7008e+03 2.0028e+03 -3.0503e-01 1.9934e+03
-4.6371e+06 3.6299e+01 -2.6749e+03 2.0374e+03 1.9725e+00 1.9929e+03
-4.6908e+06 3.6300e+01 -2.6479e+03 2.0725e+03 2.2189e+00 1.9923e+03
-4.7135e+06 3.6304e+01 -2.6200e+03 2.1079e+03 6.7183e-01 1.9915e+03
-4.7653e+06 3.6307e+01 -2.5909e+03 2.1438e+03 2.5044e-01 1.9907e+03
-4.7673e+06 3.6307e+01 -2.5606e+03 2.1800e+03 -1.3731e-01 1.9896e+03
-4.8060e+06 3.6308e+01 -2.5292e+03 2.2167e+03 -4.2300e-01 1.9883e+03
-4.8130e+06 3.6309e+01 -2.4966e+03 2.2537e+03 -2.3901e-01 1.9870e+03
-4.8448e+06 3.6310e+01 -2.4627e+03 2.2910e+03 -4.3879e-01 1.9857e+03
-4.8502e+06 3.6309e+01 -2.4274e+03 2.3286e+03 -4.3150e-01 1.9839e+03
-4.8499e+06 3.6308e+01 -2.3908e+03 2.3666e+03 -5.2722e-01 1.9817e+03
-4.8419e+06 3.6307e+01 -2.3528e+03 2.4048e+03 -1.5985e+00 1.9803e+03
-4.8140e+06 3.6304e+01 -2.3133e+03 2.4432e+03 7.7235e+00 1.9781e+03
-4.8616e+06 3.6301e+01 -2.2724e+03 2.4818e+03 1.2931e+01 1.9795e+03
-4.9194e+06 3.6310e+01 -2.2298e+03 2.5205e+03 -2.0844e+00 1.9741e+03
-2.0853e+05 1.6751e+01 -3.0538e+03 1.4338e+03 -8.6263e+00 1.9168e+03
-3.3470e+05 1.6743e+01 -3.0410e+03 1.4601e+03 -1.0100e+01 1.9137e+03
-4.2621e+05 1.6743e+01 -3.0277e+03 1.4867e+03 -8.7715e+00 1.9215e+03
-5.1786e+05 1.6743e+01 -3.0139e+03 1.5138e+03 -3.8511e+00 1.9229e+03
-5.4180e+05 1.6744e+01 -2.9995e+03 1.5414e+03 -1.0117e+00 1.9250e+03
-6.4385e+05 1.6749e+01 -2.9847e+03 1.5694e+03 -1.7501e+01 1.9268e+03
-4.6892e+05 1.9274e+01 -2.9693e+03 1.5979e+03 -2.0817e+01 1.9285e+03
-9.1290e+04 2.4157e+01 -2.9533e+03 1.6269e+03 1.4132e+01 1.9301e+03
1.7377e+05 2.6372e+01 -2.9366e+03 1.6563e+03 2.6215e+01 1.9314e+03
6.2032e+04 2.6224e+01 -2.9194e+03 1.6862e+03 1.1367e+01 1.9325e+03
-1.5156e+05 2.6227e+01 -2.9015e+03 1.7165e+03 8.4047e+00 1.9336e+03
-6.2566e+05 2.7361e+01 -2.8829e+03 1.7474e+03 2.5092e+01 1.9346e+03
-1.4146e+06 2.9306e+01 -2.8635e+03 1.7787e+03 2.6859e+01 1.9347e+03
-2.8584e+06 2.9368e+01 -2.8434e+03 1.8105e+03 -2.3465e+01 1.9349e+03
-4.2413e+06 2.8507e+01 -2.8225e+03 1.8428e+03 -6.5496e+01 1.9359e+03
-4.8320e+06 3.0549e+01 -2.8008e+03 1.8756e+03 -3.9358e+01 1.9358e+03
-4.7097e+06 3.4514e+01 -2.7782e+03 1.9089e+03 3.4947e+00 1.9358e+03
-4.6496e+06 3.6318e+01 -2.7547e+03 1.9427e+03 6.6536e+00 1.9362e+03
-4.6460e+06 3.6306e+01 -2.7303e+03 1.9769e+03 -1.1192e+00 1.9356e+03
-4.6762e+06 3.6303e+01 -2.7049e+03 2.0116e+03 1.0805e+00 1.9352e+03
-4.6831e+06 3.6304e+01 -2.6785e+03 2.0468e+03 1.1698e+00 1.9346e+03
-4.7322e+06 3.6306e+01 -2.6510e+03 2.0824e+03 -2.7050e-01 1.9340e+03
-4.7350e+06 3.6307e+01 -2.6225e+03 2.1185e+03 1.5610e-01 1.9333e+03
-4.7697e+06 3.6308e+01 -2.5927e+03 2.1550e+03 8.8384e-01 1.9322e+03
-4.7779e+06 3.6309e+01 -2.5618e+03 2.1919e+03 1.1760e+00 1.9310e+03
-4.8058e+06 3.6309e+01 -2.5296e+03 2.2292e+03 1.2067e+00 1.9297e+03
-4.8118e+06 3.6309e+01 -2.4962e+03 2.2669e+03 7.0816e-01 1.9284e+03
-4.8232e+06 3.6307e+01 -2.4614e+03 2.3050e+03 3.3310e-01 1.9267e+03
-4.8298e+06 3.6306e+01 -2.4252e+03 2.3434e+03 -5.9781e-01 1.9245e+03
-4.8273e+06 3.6305e+01 -2.3875e+03 2.3821e+03 -3.1521e+00 1.9233e+03
-4.8217e+06 3.6302e+01 -2.3484e+03 2.4211e+03 5.4871e+00 1.9210e+03
-4.8344e+06 3.6300e+01 -2.3077e+03 2.4603e+03 1.1797e+01 1.9225e+03
-4.9180e+06 3.6309e+01 -2.2655e+03 2.4997e+03 -1.6643e+00 1.9172e+03
-3.7982e+05 1.6743e+01 -3.0742e+03 1.4091e+03 -9.1528e+00 1.8596e+03
-4.1747e+05 1.6743e+01 -3.0618e+03 1.4350e+03 -9.9085e+00 1.8569e+03
-5.0808e+05 1.6741e+01 -3.0489e+03 1.4614e+03 -8.6749e+00 1.8649e+03
-5.1738e+05 1.6742e+01 -3.0356e+03 1.4883e+03 -4.9298e+00 1.8663e+03
-5.4283e+05 1.6742e+01 -3.0218e+03 1.5156e+03 -1.8621e+00 1.8683e+03
-5.2403e+05 1.7124e+01 -3.0074e+03 1.5434e+03 -1.7806e+01 1.8699e+03
-3.5247e+05 2.0080e+01 -2.9924e+03 1.5717e+03 -2.1183e+01 1.8716e+03
1.2074e+05 2.4641e+01 -2.9769e+03 1.6004e+03 1.1117e+01 1.8733e+03
3.8128e+05 2.6425e+01 -2.9608e+03 1.6297e+03 2.3645e+01 1.8743e+03
4.6740e+05 2.6219e+01 -2.9441e+03 1.6594e+03 1.6799e+01 1.8753e+03
3.9623e+05 2.6209e+01 -2.9267e+03 1.6896e+03 3.7676e+01 1.8762e+03
7.2232e+04 2.6573e+01 -2.9086e+03 1.7203e+03 6.9551e+01 1.8775e+03
-1.0942e+06 2.7178e+01 -2.8898e+03 1.7515e+03 4.5723e+01 1.8781e+03
-2.8229e+06 2.7305e+01 -2.8703e+03 1.7833e+03 -2.9103e+01 1.8783e+03
-4.3375e+06 2.7593e+01 -2.8499e+03 1.8155e+03 -6.7863e+01 1.8789e+03
-4.8332e+06 3.0313e+01 -2.8287e+03 1.8483e+03 -3.7918e+01 1.8786e+03
-4.7245e+06 3.4541e+01 -2.8067e+03 1.8815e+03 3.5043e+00 1.8785e+03
-4.6305e+06 3.6376e+01 -2.7838e+03 1.9153e+03 6.3290e+00 1.8789e+03
-4.6742e+06 3.6308e+01 -2.7599e+03 1.9496e+03 -1.5810e+00 1.8787e+03
-4.6682e+06 3.6308e+01 -2.7351e+03 1.9843e+03 1.4724e-01 1.8783e+03
-4.7080e+06 3.6308e+01 -2.7092e+03 2.0196e+03 1.0096e+00 1.8777e+03
-4.7108e+06 3.6307e+01 -2.6823e+03 2.0554e+03 6.0504e-01 1.8771e+03
-4.7502e+06 3.6307e+01 -2.6543e+03 2.0916e+03 1.7907e-01 1.8763e+03
-4.7458e+06 3.6307e+01 -2.6251e+03 2.1284e+03 9.9069e-01 1.8753e+03
-4.7701e+06 3.6306e+01 -2.5947e+03 2.1656e+03 1.6636e+00 1.8743e+03
-4.7664e+06 3.6306e+01 -2.5630e+03 2.2032e+03 1.7977e+00 1.8731e+03
-4.7929e+06 3.6306e+01 -2.5301e+03 2.2413e+03 1.6403e+00 1.8717e+03
-4.8019e+06 3.6305e+01 -2.4957e+03 2.2797e+03 1.2274e+00 1.8701e+03
-4.8184e+06 3.6305e+01 -2.4600e+03 2.3186e+03 -1.8983e-01 1.8679e+03
-4.8226e+06 3.6305e+01 -2.4228e+03 2.3578e+03 -3.1739e+00 1.8666e+03
-4.8036e+06 3.6302e+01 -2.3840e+03 2.3973e+03 5.1962e+00 1.8641e+03
-4.8358e+06 3.6300e+01 -2.3437e+03 2.4371e+03 1.0752e+01 1.8656e+03
-4.8882e+06 3.6308e+01 -2.3018e+03 2.4772e+03 -3.1714e+00 1.8607e+03
-4.7153e+05 1.6742e+01 -3.0944e+03 1.3834e+03 -1.3024e+01 1.8012e+03
-5.0132e+05 1.6741e+01 -3.0824e+03 1.4091e+03 -1.2193e+01 1.7985e+03
-4.8977e+05 1.6740e+01 -3.0700e+03 1.4352e+03 -5.3391e+00 1.8070e+03
-5.0619e+05 1.6740e+01 -3.0572e+03 1.4618e+03 -2.5720e+00 1.8083e+03
-4.6320e+05 1.6742e+01 -3.0438e+03 1.4888e+03 -2.7672e+00 1.8103e+03
-4.0281e+05 1.8097e+01 -3.0299e+03 1.5164e+03 -7.4700e+00 1.8118e+03
-7.9491e+04 2.1932e+01 -3.0155e+03 1.5444e+03 1.1341e+00 1.8136e+03
2.8153e+05 2.5430e+01 -3.0005e+03 1.5729e+03 1.8742e+01 1.8149e+03
5.8454e+05 2.6334e+01 -2.9849e+03 1.6019e+03 1.9470e+01 1.8158e+03
7.7988e+05 2.6212e+01 -2.9687e+03 1.6315e+03 2.7795e+01 1.8171e+03
9.5157e+05 2.6193e+01 -2.9518e+03 1.6615e+03 7.1106e+01 1.8182e+03
4.1889e+05 2.6196e+01 -2.9343e+03 1.6921e+03 9.6755e+01 1.8194e+03
-1.0948e+06 2.6243e+01 -2.9160e+03 1.7231e+03 3.5150e+01 1.8197e+03
-3.1089e+06 2.6976e+01 -2.8970e+03 1.7548e+03 -4.9991e+01 1.8197e+03
-4.3931e+06 2.9176e+01 -2.8773e+03 1.7869e+03 -5.8194e+01 1.8203e+03
-4.7469e+06 3.2583e+01 -2.8567e+03 1.8196e+03 -1.6636e+01 1.8210e+03
-4.6444e+06 3.5490e+01 -2.8352e+03 1.8528e+03 7.3221e+00 1.8209e+03
-4.6381e+06 3.6399e+01 -2.8129e+03 1.8865e+03 3.2642e+00 1.8208e+03
-4.6498e+06 3.6307e+01 -2.7896e+03 1.9208e+03 -1.8240e+00 1.8208e+03
-4.6871e+06 3.6309e+01 -2.7654e+03 1.9556e+03 -1.7898e-01 1.8203e+03
-4.6894e+06 3.6309e+01 -2.7401e+03 1.9910e+03 1.1477e+00 1.8198e+03
-4.7330e+06 3.6307e+01 -2.7138e+03 2.0269e+03 5.2933e-01 1.8192e+03
-4.7382e+06 3.6307e+01 -2.6863e+03 2.0633e+03 1.1647e-02 1.8184e+03
-4.7531e+06 3.6306e+01 -2.6577e+03 2.1002e+03 1.3409e+00 1.8176e+03
-4.7431e+06 3.6304e+01 -2.6279e+03 2.1377e+03 1.1306e+00 1.8166e+03
-4.7642e+06 3.6303e+01 -2.5968e+03 2.1756e+03 6.1434e-01 1.8154e+03
-4.7694e+06 3.6304e+01 -2.5643e+03 2.2140e+03 8.6637e-01 1.8141e+03
-4.7931e+06 3.6306e+01 -2.5305e+03 2.2528e+03 7.9803e-01 1.8125e+03
-4.8077e+06 3.6306e+01 -2.4953e+03 2.2921e+03 -8.5805e-01 1.8105e+03
-4.8118e+06 3.6307e+01 -2.4585e+03 2.3318e+03 -3.1831e+00 1.8090e+03
-4.7760e+06 3.6304e+01 -2.4202e+03 2.3718e+03 7.7878e+00 1.8067e+03
-4.7905e+06 3.6301e+01 -2.3803e+03 2.4122e+03 1.2949e+01 1.8084e+03
-4.8768e+06 3.6307e+01 -2.3388e+03 2.4529e+03 -4.3289e+00 1.8032e+03
-5.4885e+05 1.6741e+01 -3.1143e+03 1.3568e+03 -1.2527e+01 1.7421e+03
-4.8914e+05 1.6740e+01 -3.1028e+03 1.3822e+03 -8.0427e+00 1.7380e+03
-4.6737e+05 1.6737e+01 -3.0909e+03 1.4080e+03 3.6591e+00 1.7452e+03
-4.4795e+05 1.6738e+01 -3.0785e+03 1.4343e+03 1.7559e+00 1.7468e+03
-4.5471e+05 1.6745e+01 -3.0656e+03 1.4610e+03 -5.5364e+00 1.7485e+03
-2.8758e+05 1.8321e+01 -3.0522e+03 1.4883e+03 -2.2569e+00 1.7500e+03
-1.8573e+04 2.1672e+01 -3.0383e+03 1.5160e+03 8.9573e+00 1.7518e+03
3.2392e+05 2.4264e+01 -3.0238e+03 1.5443e+03 1.1041e+01 1.7532e+03
6.2076e+05 2.5661e+01 -3.0088e+03 1.5731e+03 1.0206e+01 1.7545e+03
1.0059e+06 2.6221e+01 -2.9931e+03 1.6024e+03 3.4752e+01 1.7555e+03
1.1286e+06 2.6186e+01 -2.9768e+03 1.6322e+03 9.0899e+01 1.7565e+03
4.3675e+05 2.6197e+01 -2.9598e+03 1.6626e+03 1.0093e+02 1.7575e+03
-1.5431e+06 2.6290e+01 -2.9422e+03 1.6935e+03 2.3728e+00 1.7578e+03
-3.5905e+06 2.7510e+01 -2.9238e+03 1.7250e+03 -8.3461e+01 1.7578e+03
-4.5767e+06 3.0884e+01 -2.9046e+03 1.7570e+03 -5.4731e+01 1.7585e+03
-4.6371e+06 3.4514e+01 -2.8846e+03 1.7895e+03 -2.2464e+00 1.7591e+03
-4.6123e+06 3.6149e+01 -2.8637e+03 1.8227e+03 6.1342e+00 1.7591e+03
-4.6140e+06 3.6343e+01 -2.8420e+03 1.8564e+03 -2.8351e-01 1.7591e+03
-4.6584e+06 3.6307e+01 -2.8194e+03 1.8906e+03 -1.7516e+00 1.7590e+03
-4.6601e+06 3.6309e+01 -2.7957e+03 1.9255e+03 1.1411e-01 1.7585e+03
-4.7142e+06 3.6309e+01 -2.7711e+03 1.9609e+03 4.5838e-01 1.7581e+03
-4.7697e+06 3.6309e+01 -2.7454e+03 1.9969e+03 -4.1376e+00 1.7576e+03
-4.8050e+06 3.6309e+01 -2.7185e+03 2.0334e+03 -4.3620e+00 1.7569e+03
-4.7473e+06 3.6308e+01 -2.6905e+03 2.0705e+03 6.9396e-01 1.7561e+03
-4.7525e+06 3.6306e+01 -2.6613e+03 2.1081e+03 5.9911e-01 1.7552e+03
-4.7523e+06 3.6305e+01 -2.6308e+03 2.1463e+03 -4.9831e-01 1.7541e+03
-4.7808e+06 3.6306e+01 -2.5989e+03 2.1850e+03 -4.0359e-01 1.7528e+03
-4.7906e+06 3.6307e+01 -2.5657e+03 2.2242e+03 -1.5914e-01 1.7514e+03
-4.8113e+06 3.6307e+01 -2.5310e+03 2.2639e+03 -1.4216e+00 1.7495e+03
-4.8163e+06 3.6309e+01 -2.4948e+03 2.3040e+03 -4.1997e+00 1.7485e+03
-4.7814e+06 3.6307e+01 -2.4570e+03 2.3446e+03 6.2430e+00 1.7467e+03
-4.7935e+06 3.6303e+01 -2.4176e+03 2.3856e+03 1.1494e+01 1.7494e+03
-4.8586e+06 3.6307e+01 -2.3764e+03 2.4269e+03 -4.9516e+00 1.7448e+03
-5.5991e+05 1.6739e+01 -3.1340e+03 1.3293e+03 -9.0262e+00 1.6827e+03
-5.1524e+05 1.6739e+01 -3.1230e+03 1.3543e+03 -4.9627e+00 1.6808e+03
-4.5135e+05 1.6736e+01 -3.1115e+03 1.3798e+03 7.1883e+00 1.6913e+03
-4.5576e+05 1.6737e+01 -3.0996e+03 1.4058e+03 6.1672e+00 1.6918e+03
-4.1781e+05 1.6743e+01 -3.0872e+03 1.4322e+03 -2.2618e+00 1.6936e+03
-3.4878e+05 1.7345e+01 -3.0743e+03 1.4592e+03 -7.3802e+00 1.6952e+03
-1.1519e+05 1.9303e+01 -3.0610e+03 1.4866e+03 -1.0900e+01 1.6968e+03
1.9219e+05 2.2461e+01 -3.0470e+03 1.5146e+03 -7.1635e+00 1.6983e+03
6.3707e+05 2.5263e+01 -3.0325e+03 1.5431e+03 5.9494e+00 1.6997e+03
1.0035e+06 2.6231e+01 -3.0174e+03 1.5722e+03 3.6836e+01 1.7004e+03
1.1027e+06 2.6188e+01 -3.0017e+03 1.6018e+03 9.2262e+01 1.7016e+03
7.2945e+04 2.6218e+01 -2.9853e+03 1.6319e+03 8.3677e+01 1.7030e+03
-2.0937e+06 2.6736e+01 -2.9682e+03 1.6626e+03 -3.3145e+01 1.7034e+03
-4.0365e+06 2.9070e+01 -2.9504e+03 1.6939e+03 -9.4616e+01 1.7036e+03
-4.6052e+06 3.2965e+01 -2.9318e+03 1.7257e+03 -3.6876e+01 1.7042e+03
-4.5934e+06 3.5649e+01 -2.9124e+03 1.7582e+03 7.4320e+00 1.7043e+03
-4.5732e+06 3.6297e+01 -2.8922e+03 1.7912e+03 4.7878e+00 1.7044e+03
-4.6161e+06 3.6304e+01 -2.8711e+03 1.8248e+03 1.1124e+00 1.7046e+03
-4.6313e+06 3.6306e+01 -2.8491e+03 1.8590e+03 1.1659e+00 1.7045e+03
-4.6773e+06 3.6309e+01 -2.8261e+03 1.8938e+03 2.1708e+00 1.7042e+03
-4.7001e+06 3.6310e+01 -2.8021e+03 1.9292e+03 2.4793e+00 1.7038e+03
-4.7892e+06 3.6311e+01 -2.7770e+03 1.9653e+03 -2.1787e+00 1.7033e+03
-4.7918e+06 3.6311e+01 -2.7509e+03 2.0019e+03 -2.7391e+00 1.7026e+03
-4.7686e+06 3.6310e+01 -2.7235e+03 2.0391e+03 1.8807e+00 1.7018e+03
-4.7525e+06 3.6310e+01 -2.6949e+03 2.0769e+03 1.8884e+00 1.7009e+03
-4.7771e+06 3.6309e+01 -2.6651e+03 2.1153e+03 9.8762e-01 1.6999e+03
-4.7757e+06 3.6308e+01 -2.6338e+03 2.1543e+03 9.6268e-01 1.6987e+03
-4.7898e+06 3.6307e+01 -2.6012e+03 2.1938e+03 1.3516e+00 1.6974e+03
-4.7951e+06 3.6306e+01 -2.5671e+03 2.2339e+03 1.1275e+00 1.6959e+03
-4.8157e+06 3.6309e+01 -2.5315e+03 2.2744e+03 -2.5447e+00 1.6950e+03
-4.7964e+06 3.6308e+01 -2.4943e+03 2.3155e+03 4.3536e+00 1.6942e+03
-4.8013e+06 3.6303e+01 -2.4554e+03 2.3570e+03 1.0792e+01 1.6953e+03
-4.8415e+06 3.6307e+01 -2.4147e+03 2.3990e+03 -2.1009e+00 1.6856e+03
-5.8093e+05 1.6739e+01 -3.1534e+03 1.3009e+03 -4.8665e+00 1.6295e+03
-5.5398e+05 1.6738e+01 -3.1428e+03 1.3256e+03 -6.6796e+00 1.6187e+03
-5.3991e+05 1.6736e+01 -3.1319e+03 1.3507e+03 -1.0218e+00 1.6167e+03
-4.8736e+05 1.6737e+01 -3.1204e+03 1.3763e+03 2.6235e+00 1.6197e+03
-4.8080e+05 1.6740e+01 -3.1086e+03 1.4024e+03 -3.0598e+00 1.6217e+03
-3.9846e+05 1.7025e+01 -3.0962e+03 1.4290e+03 -1.3146e+01 1.6237e+03
-1.9517e+05 1.9427e+01 -3.0833e+03 1.4562e+03 -1.1195e+01 1.6249e+03
2.1942e+05 2.3645e+01 -3.0699e+03 1.4839e+03 4.6090e+00 1.6262e+03
5.7855e+05 2.5992e+01 -3.0560e+03 1.5121e+03 1.2035e+01 1.6272e+03
9.0961e+05 2.6216e+01 -3.0415e+03 1.5408e+03 3.9360e+01 1.6280e+03
8.1557e+05 2.6191e+01 -3.0263e+03 1.5701e+03 9.7206e+01 1.6296e+03
-3.7864e+05 2.6386e+01 -3.0105e+03 1.6000e+03 6.9358e+01 1.6304e+03
-2.6306e+06 2.8051e+01 -2.9940e+03 1.6305e+03 -4.8220e+01 1.6302e+03
-4.1858e+06 3.1763e+01 -2.9768e+03 1.6615e+03 -7.4669e+01 1.6317e+03
-4.5561e+06 3.5063e+01 -2.9589e+03 1.6932e+03 -1.2408e+01 1.6331e+03
-4.5325e+06 3.6210e+01 -2.9401e+03 1.7254e+03 9.7276e+00 1.6328e+03
-4.5808e+06 3.6302e+01 -2.9206e+03 1.7583e+03 2.5620e+00 1.6329e+03
-4.5953e+06 3.6302e+01 -2.9001e+03 1.7918e+03 2.0284e+00 1.6331e+03
-4.6466e+06 3.6305e+01 -2.8788e+03 1.8259e+03 2.0313e+00 1.6330e+03
-4.6645e+06 3.6308e+01 -2.8565e+03 1.8607e+03 2.0092e+00 1.6328e+03
-4.7117e+06 3.6310e+01 -2.8332e+03 1.8961e+03 2.7552e+00 1.6324e+03
-4.7316e+06 3.6311e+01 -2.8088e+03 1.9321e+03 1.8646e+00 1.6319e+03
-4.7652e+06 3.6311e+01 -2.7833e+03 1.9688e+03 1.3751e+00 1.6313e+03
-4.7517e+06 3.6311e+01 -2.7566e+03 2.0061e+03 1.9920e+00 1.6306e+03
-4.7735e+06 3.6311e+01 -2.7288e+03 2.0440e+03 1.2587e+00 1.6297e+03
-4.7715e+06 3.6310e+01 -2.6996e+03 2.0826e+03 6.7959e-01 1.6288e+03
-4.7905e+06 3.6308e+01 -2.6690e+03 2.1218e+03 2.0752e-01 1.6277e+03
-4.7820e+06 3.6306e+01 -2.6371e+03 2.1616e+03 9.4610e-01 1.6266e+03
-4.7935e+06 3.6305e+01 -2.6037e+03 2.2020e+03 1.1881e+00 1.6251e+03
-4.8032e+06 3.6308e+01 -2.5687e+03 2.2430e+03 -1.2944e+00 1.6243e+03
-4.7982e+06 3.6308e+01 -2.5320e+03 2.2845e+03 3.5014e+00 1.6202e+03
-4.7829e+06 3.6304e+01 -2.4937e+03 2.3266e+03 8.1727e+00 1.6272e+03
-4.7898e+06 3.6306e+01 -2.4536e+03 2.3691e+03 1.8164e+00 1.6333e+03
-5.9335e+05 1.6738e+01 -3.1725e+03 1.2717e+03 -2.8362e+00 1.5722e+03
-6.3882e+05 1.6738e+01 -3.1624e+03 1.2959e+03 -5.9599e+00 1.5731e+03
-5.7895e+05 1.6738e+01 -3.1519e+03 1.3207e+03 -6.6156e+00 1.5742e+03
-5.6199e+05 1.6738e+01 -3.1410e+03 1.3459e+03 -3.4451e+00 1.5765e+03
-5.0891e+05 1.6740e+01 -3.1296e+03 1.3716e+03 -9.4781e+00 1.5782e+03
-4.4089e+05 1.7308e+01 -3.1178e+03 1.3979e+03 -1.3897e+01 1.5798e+03
-1.6333e+05 1.9819e+01 -3.1055e+03 1.4247e+03 -8.8286e-01 1.5813e+03
1.2800e+05 2.3044e+01 -3.0926e+03 1.4520e+03 9.7635e+00 1.5829e+03
4.3488e+05 2.4726e+01 -3.0792e+03 1.4799e+03 1.0926e+01 1.5837e+03
6.7282e+05 2.5655e+01 -3.0653e+03 1.5083e+03 5.3698e+01 1.5849e+03
4.1094e+05 2.6261e+01 -3.0507e+03 1.5373e+03 1.0578e+02 1.5871e+03
-1.1404e+06 2.7256e+01 -3.0355e+03 1.5669e+03 5.0450e+01 1.5872e+03
-3.1488e+06 3.0451e+01 -3.0196e+03 1.5971e+03 -4.9354e+01 1.5865e+03
-4.3054e+06 3.4333e+01 -3.0031e+03 1.6279e+03 -4.8605e+01 1.5878e+03
-4.5028e+06 3.6124e+01 -2.9858e+03 1.6593e+03 -3.1827e+00 1.5886e+03
-4.5616e+06 3.6308e+01 -2.9677e+03 1.6913e+03 3.0337e+00 1.5884e+03
-4.5802e+06 3.6302e+01 -2.9488e+03 1.7240e+03 -1.2823e+00 1.5888e+03
-4.6146e+06 3.6301e+01 -2.9291e+03 1.7573e+03 2.2267e-01 1.5889e+03
-4.6362e+06 3.6305e+01 -2.9084e+03 1.7913e+03 -2.8430e-01 1.5887e+03
-4.6955e+06 3.6310e+01 -2.8868e+03 1.8260e+03 -1.3319e+00 1.5885e+03
-4.7058e+06 3.6312e+01 -2.8642e+03 1.8613e+03 -1.3399e+00 1.5881e+03
-4.7365e+06 3.6312e+01 -2.8406e+03 1.8973e+03 -1.2631e+00 1.5877e+03
-4.7317e+06 3.6311e+01 -2.8158e+03 1.9340e+03 -1.0578e+00 1.5872e+03
-4.7587e+06 3.6310e+01 -2.7899e+03 1.9713e+03 -1.1472e+00 1.5865e+03
-4.7595e+06 3.6310e+01 -2.7627e+03 2.0093e+03 -1.5462e+00 1.5856e+03
-4.7805e+06 3.6310e+01 -2.7343e+03 2.0481e+03 -1.8092e+00 1.5848e+03
-4.7720e+06 3.6309e+01 -2.7045e+03 2.0874e+03 -2.3330e+00 1.5838e+03
-4.7709e+06 3.6306e+01 -2.6733e+03 2.1275e+03 -9.6551e-01 1.5827e+03
-4.7644e+06 3.6303e+01 -2.6405e+03 2.1682e+03 -4.3719e-01 1.5815e+03
-4.7782e+06 3.6306e+01 -2.6062e+03 2.2095e+03 -1.3888e+00 1.5803e+03
-4.7899e+06 3.6307e+01 -2.5703e+03 2.2515e+03 1.5412e+00 1.5787e+03
-4.7585e+06 3.6305e+01 -2.5326e+03 2.2941e+03 1.4857e+00 1.5760e+03
-4.7704e+06 3.6305e+01 -2.4931e+03 2.3372e+03 1.3556e+00 1.5765e+03
