  1    1089
4.0583e+05 2.6205e+01 -2.8660e+03 3.6325e+02 2.6749e+00 3.9717e+03
8.5043e+05 2.6215e+01 -2.8573e+03 3.7577e+02 6.1658e+00 3.9954e+03
1.1055e+06 2.6223e+01 -2.8484e+03 3.8849e+02 6.8872e+00 4.0157e+03
1.1229e+06 2.6228e+01 -2.8394e+03 4.0143e+02 9.2746e+00 4.0371e+03
1.1986e+06 2.6233e+01 -2.8302e+03 4.1458e+02 2.9333e+00 4.0572e+03
1.2001e+06 2.6236e+01 -2.8209e+03 4.2793e+02 -1.9066e+00 4.0777e+03
1.2827e+06 2.6238e+01 -2.8114e+03 4.4150e+02 -4.3893e-01 4.0979e+03
1.3011e+06 2.6241e+01 -2.8018e+03 4.5529e+02 -2.1924e+00 4.1183e+03
1.3493e+06 2.6243e+01 -2.7921e+03 4.6929e+02 -4.8713e+00 4.1383e+03
1.3766e+06 2.6244e+01 -2.7822e+03 4.8350e+02 -4.4291e+00 4.1584e+03
1.4555e+06 2.6244e+01 -2.7721e+03 4.9793e+02 3.1170e+00 4.1785e+03
1.4738e+06 2.6244e+01 -2.7619e+03 5.1258e+02 7.2478e+00 4.1985e+03
1.4839e+06 2.6245e+01 -2.7515e+03 5.2745e+02 4.8473e+00 4.2184e+03
1.4528e+06 2.6246e+01 -2.7410e+03 5.4254e+02 2.7202e+00 4.2380e+03
1.4318e+06 2.6248e+01 -2.7303e+03 5.5784e+02 -1.9410e+00 4.2575e+03
1.3810e+06 2.6250e+01 -2.7194e+03 5.7337e+02 -4.8057e+00 4.2771e+03
1.4336e+06 2.6250e+01 -2.7084e+03 5.8911e+02 -1.6719e+00 4.2966e+03
1.3984e+06 2.6251e+01 -2.6971e+03 6.0508e+02 -3.5174e+00 4.3160e+03
1.3669e+06 2.6252e+01 -2.6857e+03 6.2126e+02 -4.1631e+00 4.3352e+03
1.3423e+06 2.6251e+01 -2.6742e+03 6.3767e+02 -8.0884e-01 4.3542e+03
1.3583e+06 2.6252e+01 -2.6624e+03 6.5429e+02 -3.1782e+00 4.3730e+03
1.2991e+06 2.6252e+01 -2.6505e+03 6.7113e+02 -6.7552e+00 4.3917e+03
1.3512e+06 2.6248e+01 -2.6384e+03 6.8819e+02 -1.8730e+00 4.4104e+03
1.3534e+06 2.6242e+01 -2.6260e+03 7.0547e+02 3.6131e+00 4.4288e+03
1.4348e+06 2.6278e+01 -2.6135e+03 7.2296e+02 1.3555e+01 4.4472e+03
1.3659e+06 2.5941e+01 -2.6008e+03 7.4066e+02 2.2218e+01 4.4654e+03
1.2232e+06 2.3937e+01 -2.5879e+03 7.5858e+02 1.0036e+01 4.4832e+03
9.2508e+05 2.1131e+01 -2.5748e+03 7.7672e+02 -1.5719e+01 4.5007e+03
8.8136e+05 2.1002e+01 -2.5615e+03 7.9506e+02 -2.0657e+01 4.5187e+03
9.2078e+05 2.3499e+01 -2.5480e+03 8.1361e+02 -5.0403e+00 4.5363e+03
1.0704e+06 2.5493e+01 -2.5343e+03 8.3236e+02 5.4172e+00 4.5536e+03
1.0890e+06 2.6139e+01 -2.5204e+03 8.5132e+02 6.5625e-01 4.5690e+03
1.2152e+06 2.6242e+01 -2.5062e+03 8.7048e+02 6.8009e+00 4.5875e+03
1.4184e+06 2.6212e+01 -2.8771e+03 3.7119e+02 2.2821e+01 3.9439e+03
1.1662e+06 2.6222e+01 -2.8684e+03 3.8373e+02 5.5731e+00 3.9674e+03
1.0836e+06 2.6229e+01 -2.8597e+03 3.9649e+02 -4.2139e+00 3.9966e+03
1.1790e+06 2.6233e+01 -2.8507e+03 4.0945e+02 -3.0437e-01 4.0161e+03
1.1959e+06 2.6236e+01 -2.8417e+03 4.2262e+02 -5.2414e-03 4.0363e+03
1.2508e+06 2.6240e+01 -2.8325e+03 4.3601e+02 -5.0129e+00 4.0565e+03
1.2838e+06 2.6241e+01 -2.8231e+03 4.4961e+02 -1.5742e+00 4.0765e+03
1.3564e+06 2.6242e+01 -2.8136e+03 4.6342e+02 2.5329e+00 4.0967e+03
1.3819e+06 2.6243e+01 -2.8040e+03 4.7745e+02 1.9933e+00 4.1166e+03
1.4092e+06 2.6246e+01 -2.7942e+03 4.9170e+02 -1.1182e+00 4.1365e+03
1.4185e+06 2.6247e+01 -2.7842e+03 5.0616e+02 -3.4435e+00 4.1565e+03
1.4566e+06 2.6247e+01 -2.7741e+03 5.2085e+02 -5.1482e-01 4.1761e+03
1.4810e+06 2.6246e+01 -2.7638e+03 5.3575e+02 6.2552e+00 4.1959e+03
1.4822e+06 2.6246e+01 -2.7534e+03 5.5087e+02 9.4436e+00 4.2157e+03
1.4392e+06 2.6248e+01 -2.7428e+03 5.6622e+02 4.0986e+00 4.2352e+03
1.4002e+06 2.6251e+01 -2.7320e+03 5.8178e+02 -3.5519e+00 4.2546e+03
1.3329e+06 2.6252e+01 -2.7211e+03 5.9757e+02 -5.9365e+00 4.2739e+03
1.3315e+06 2.6252e+01 -2.7099e+03 6.1358e+02 -6.0331e+00 4.2930e+03
1.3786e+06 2.6252e+01 -2.6986e+03 6.2981e+02 -2.4919e+00 4.3120e+03
1.3991e+06 2.6250e+01 -2.6872e+03 6.4626e+02 2.9862e+00 4.3311e+03
1.3641e+06 2.6249e+01 -2.6755e+03 6.6293e+02 1.4375e+00 4.3498e+03
1.3549e+06 2.6248e+01 -2.6637e+03 6.7982e+02 -2.0619e+00 4.3684e+03
1.3472e+06 2.6244e+01 -2.6516e+03 6.9693e+02 -2.5744e+00 4.3869e+03
1.3858e+06 2.6244e+01 -2.6394e+03 7.1426e+02 2.4796e+00 4.4052e+03
1.3944e+06 2.6103e+01 -2.6270e+03 7.3180e+02 1.6643e+01 4.4235e+03
1.2946e+06 2.4405e+01 -2.6144e+03 7.4956e+02 2.0679e+01 4.4417e+03
1.0016e+06 2.0709e+01 -2.6016e+03 7.6754e+02 1.8904e-01 4.4593e+03
7.6235e+05 1.7865e+01 -2.5886e+03 7.8573e+02 -1.9904e+01 4.4766e+03
7.0301e+05 1.7855e+01 -2.5754e+03 8.0414e+02 -2.1141e+01 4.4938e+03
8.1345e+05 1.9999e+01 -2.5619e+03 8.2275e+02 -9.8019e+00 4.5115e+03
9.3881e+05 2.2814e+01 -2.5483e+03 8.4157e+02 4.7090e-01 4.5304e+03
1.0506e+06 2.4977e+01 -2.5345e+03 8.6060e+02 2.8846e+00 4.5439e+03
1.1255e+06 2.6010e+01 -2.5204e+03 8.7983e+02 3.9974e+00 4.5489e+03
6.8157e+05 2.6216e+01 -2.8881e+03 3.7896e+02 -5.7940e+00 3.9056e+03
1.0325e+06 2.6226e+01 -2.8796e+03 3.9153e+02 -6.3968e+00 3.9193e+03
1.1777e+06 2.6231e+01 -2.8709e+03 4.0430e+02 -6.0383e+00 3.9455e+03
1.1970e+06 2.6235e+01 -2.8621e+03 4.1729e+02 -4.3117e+00 3.9656e+03
1.2446e+06 2.6238e+01 -2.8531e+03 4.3049e+02 -4.2380e+00 3.9855e+03
1.2637e+06 2.6241e+01 -2.8440e+03 4.4390e+02 -5.4360e+00 4.0056e+03
1.3345e+06 2.6241e+01 -2.8348e+03 4.5752e+02 2.8616e+00 4.0256e+03
1.3913e+06 2.6241e+01 -2.8254e+03 4.7137e+02 8.5643e+00 4.0456e+03
1.3926e+06 2.6244e+01 -2.8159e+03 4.8543e+02 2.5305e+00 4.0655e+03
1.4193e+06 2.6246e+01 -2.8062e+03 4.9970e+02 5.6717e-02 4.0854e+03
1.4309e+06 2.6247e+01 -2.7963e+03 5.1420e+02 -1.4916e-01 4.1052e+03
1.4548e+06 2.6248e+01 -2.7863e+03 5.2892e+02 -2.4776e+00 4.1249e+03
1.4258e+06 2.6249e+01 -2.7761e+03 5.4385e+02 -4.5498e+00 4.1444e+03
1.4410e+06 2.6249e+01 -2.7658e+03 5.5901e+02 -2.2560e+00 4.1639e+03
1.3981e+06 2.6250e+01 -2.7553e+03 5.7439e+02 5.3488e-01 4.1834e+03
1.3967e+06 2.6251e+01 -2.7446e+03 5.9000e+02 4.9644e-01 4.2029e+03
1.3792e+06 2.6251e+01 -2.7337e+03 6.0582e+02 -1.2966e+00 4.2219e+03
1.4179e+06 2.6251e+01 -2.7227e+03 6.2187e+02 -1.4220e+00 4.2409e+03
1.3653e+06 2.6249e+01 -2.7115e+03 6.3814e+02 4.4849e-01 4.2598e+03
1.4200e+06 2.6247e+01 -2.7002e+03 6.5463e+02 2.3668e+00 4.2788e+03
1.3635e+06 2.6245e+01 -2.6886e+03 6.7135e+02 -1.5285e+00 4.2974e+03
1.3970e+06 2.6241e+01 -2.6769e+03 6.8829e+02 1.4926e+00 4.3162e+03
1.3374e+06 2.6231e+01 -2.6649e+03 7.0544e+02 6.7428e+00 4.3345e+03
1.3760e+06 2.6153e+01 -2.6528e+03 7.2282e+02 1.4659e+01 4.3526e+03
1.2118e+06 2.5080e+01 -2.6405e+03 7.4042e+02 1.7387e+01 4.3707e+03
1.0545e+06 2.1864e+01 -2.6280e+03 7.5824e+02 4.9849e+00 4.3887e+03
7.3128e+05 1.8282e+01 -2.6153e+03 7.7627e+02 -1.0574e+01 4.4062e+03
7.2939e+05 1.6830e+01 -2.6024e+03 7.9452e+02 -7.3056e+00 4.4237e+03
6.2704e+05 1.6849e+01 -2.5892e+03 8.1298e+02 -6.5892e+00 4.4400e+03
7.6504e+05 1.7445e+01 -2.5759e+03 8.3166e+02 -1.2936e+01 4.4583e+03
7.5884e+05 1.9662e+01 -2.5624e+03 8.5054e+02 -1.0600e+01 4.4737e+03
1.0642e+06 2.3269e+01 -2.5486e+03 8.6964e+02 5.1051e+00 4.4986e+03
1.0675e+06 2.5697e+01 -2.5347e+03 8.8894e+02 1.3537e+00 4.5120e+03
1.4904e+06 2.6219e+01 -2.8992e+03 3.8655e+02 1.1352e+01 3.8696e+03
1.3137e+06 2.6226e+01 -2.8907e+03 3.9914e+02 3.1411e+00 3.8844e+03
1.2664e+06 2.6228e+01 -2.8821e+03 4.1194e+02 7.1455e+00 3.9102e+03
1.3351e+06 2.6232e+01 -2.8734e+03 4.2495e+02 5.7789e+00 3.9304e+03
1.2917e+06 2.6238e+01 -2.8646e+03 4.3817e+02 -1.9932e+00 3.9503e+03
1.3307e+06 2.6242e+01 -2.8556e+03 4.5160e+02 -5.9143e+00 3.9702e+03
1.3291e+06 2.6243e+01 -2.8464e+03 4.6525e+02 8.2903e-01 3.9902e+03
1.3871e+06 2.6244e+01 -2.8371e+03 4.7912e+02 2.3716e+00 4.0101e+03
1.3545e+06 2.6248e+01 -2.8277e+03 4.9321e+02 -5.2904e+00 4.0299e+03
1.4304e+06 2.6248e+01 -2.8181e+03 5.0751e+02 -2.3591e+00 4.0496e+03
1.4471e+06 2.6246e+01 -2.8084e+03 5.2204e+02 5.0836e+00 4.0692e+03
1.4966e+06 2.6247e+01 -2.7985e+03 5.3679e+02 3.6505e+00 4.0889e+03
1.4076e+06 2.6250e+01 -2.7884e+03 5.5175e+02 -5.5604e+00 4.1084e+03
1.4163e+06 2.6251e+01 -2.7781e+03 5.6695e+02 -7.4712e+00 4.1277e+03
1.3535e+06 2.6251e+01 -2.7677e+03 5.8236e+02 -2.8972e+00 4.1469e+03
1.4052e+06 2.6252e+01 -2.7572e+03 5.9800e+02 -3.8394e-01 4.1662e+03
1.3035e+06 2.6252e+01 -2.7464e+03 6.1386e+02 -2.2930e+00 4.1854e+03
1.3922e+06 2.6250e+01 -2.7355e+03 6.2995e+02 -1.0681e+00 4.2044e+03
1.3994e+06 2.6246e+01 -2.7244e+03 6.4626e+02 5.1723e+00 4.2232e+03
1.5009e+06 2.6238e+01 -2.7132e+03 6.6279e+02 8.3676e+00 4.2420e+03
1.3674e+06 2.6376e+01 -2.7017e+03 6.7955e+02 3.8687e+00 4.2605e+03
1.4303e+06 2.6121e+01 -2.6901e+03 6.9653e+02 9.9529e+00 4.2790e+03
1.2574e+06 2.5060e+01 -2.6782e+03 7.1373e+02 1.6047e+01 4.2971e+03
1.2533e+06 2.4036e+01 -2.6662e+03 7.3116e+02 1.8570e+01 4.3153e+03
9.0620e+05 2.2189e+01 -2.6540e+03 7.4881e+02 3.8605e+00 4.3335e+03
7.8109e+05 1.9091e+01 -2.6416e+03 7.6668e+02 -1.6176e+01 4.3513e+03
5.1074e+05 1.7113e+01 -2.6290e+03 7.8476e+02 -1.7361e+01 4.3687e+03
6.7790e+05 1.6744e+01 -2.6162e+03 8.0307e+02 -3.8984e+00 4.3863e+03
5.3377e+05 1.6741e+01 -2.6032e+03 8.2159e+02 -4.7171e+00 4.4028e+03
7.6963e+05 1.6741e+01 -2.5899e+03 8.4032e+02 -1.0162e+01 4.4205e+03
7.1569e+05 1.8801e+01 -2.5765e+03 8.5927e+02 -1.5846e+00 4.4369e+03
1.1756e+06 2.3223e+01 -2.5628e+03 8.7842e+02 2.1529e+01 4.4591e+03
1.0541e+06 2.5911e+01 -2.5490e+03 8.9779e+02 1.2332e+01 4.4701e+03
9.1464e+05 2.6218e+01 -2.9102e+03 3.9397e+02 4.8564e+00 3.8320e+03
1.2196e+06 2.6226e+01 -2.9018e+03 4.0657e+02 1.5926e+00 3.8478e+03
1.3896e+06 2.6227e+01 -2.8934e+03 4.1939e+02 9.9216e+00 3.8742e+03
1.4176e+06 2.6230e+01 -2.8847e+03 4.3242e+02 1.2604e+01 3.8938e+03
1.4205e+06 2.6236e+01 -2.8760e+03 4.4566e+02 2.9022e+00 3.9137e+03
1.3627e+06 2.6242e+01 -2.8671e+03 4.5912e+02 -8.0488e+00 3.9335e+03
1.3639e+06 2.6245e+01 -2.8581e+03 4.7279e+02 -7.2030e+00 3.9533e+03
1.3544e+06 2.6248e+01 -2.8489e+03 4.8668e+02 -7.0021e+00 3.9730e+03
1.3676e+06 2.6250e+01 -2.8395e+03 5.0079e+02 -8.9356e+00 3.9927e+03
1.4270e+06 2.6248e+01 -2.8301e+03 5.1512e+02 -1.2437e+00 4.0124e+03
1.5074e+06 2.6245e+01 -2.8204e+03 5.2967e+02 1.0458e+01 4.0319e+03
1.5300e+06 2.6244e+01 -2.8106e+03 5.4445e+02 1.3804e+01 4.0512e+03
1.4789e+06 2.6247e+01 -2.8006e+03 5.5945e+02 4.8188e+00 4.0706e+03
1.4207e+06 2.6250e+01 -2.7905e+03 5.7467e+02 -1.8934e+00 4.0899e+03
1.3776e+06 2.6252e+01 -2.7802e+03 5.9011e+02 -2.4685e+00 4.1091e+03
1.3449e+06 2.6253e+01 -2.7698e+03 6.0578e+02 -5.0839e+00 4.1282e+03
1.3619e+06 2.6253e+01 -2.7591e+03 6.2168e+02 -8.3752e+00 4.1471e+03
1.4100e+06 2.6249e+01 -2.7483e+03 6.3780e+02 -5.0725e+00 4.1659e+03
1.4483e+06 2.6243e+01 -2.7373e+03 6.5415e+02 5.3802e+00 4.1848e+03
1.4843e+06 2.6306e+01 -2.7262e+03 6.7072e+02 1.4149e+01 4.2034e+03
1.4257e+06 2.6062e+01 -2.7148e+03 6.8752e+02 1.6491e+01 4.2219e+03
1.2784e+06 2.4296e+01 -2.7033e+03 7.0454e+02 1.3939e+01 4.2402e+03
1.0466e+06 2.1533e+01 -2.6916e+03 7.2179e+02 2.4381e+00 4.2583e+03
8.4613e+05 1.9739e+01 -2.6797e+03 7.3926e+02 -5.9490e+00 4.2765e+03
6.3998e+05 1.8503e+01 -2.6675e+03 7.5696e+02 -1.6210e+01 4.2943e+03
5.1345e+05 1.7248e+01 -2.6552e+03 7.7487e+02 -2.4895e+01 4.3120e+03
4.8333e+05 1.6743e+01 -2.6427e+03 7.9301e+02 -1.8032e+01 4.3296e+03
5.5813e+05 1.6741e+01 -2.6300e+03 8.1137e+02 -8.1379e+00 4.3467e+03
5.8259e+05 1.6740e+01 -2.6171e+03 8.2994e+02 -7.7900e+00 4.3631e+03
6.7209e+05 1.6739e+01 -2.6040e+03 8.4873e+02 -7.4914e+00 4.3805e+03
8.0723e+05 1.8585e+01 -2.5906e+03 8.6774e+02 6.8190e+00 4.3971e+03
1.0592e+06 2.2747e+01 -2.5771e+03 8.8696e+02 2.7864e+01 4.4197e+03
1.1631e+06 2.5597e+01 -2.5633e+03 9.0638e+02 2.1041e+01 4.4312e+03
1.4916e+06 2.6221e+01 -2.9211e+03 4.0120e+02 1.7784e+01 3.7974e+03
1.3756e+06 2.6226e+01 -2.9129e+03 4.1382e+02 3.0999e+00 3.8119e+03
1.4014e+06 2.6228e+01 -2.9045e+03 4.2665e+02 5.9761e+00 3.8372e+03
1.5115e+06 2.6228e+01 -2.8960e+03 4.3970e+02 1.6814e+01 3.8570e+03
1.5245e+06 2.6232e+01 -2.8874e+03 4.5296e+02 1.4755e+01 3.8766e+03
1.4805e+06 2.6239e+01 -2.8786e+03 4.6643e+02 6.9916e-01 3.8963e+03
1.4239e+06 2.6244e+01 -2.8697e+03 4.8013e+02 -5.6240e+00 3.9159e+03
1.4037e+06 2.6248e+01 -2.8606e+03 4.9404e+02 -7.0945e+00 3.9354e+03
1.4063e+06 2.6249e+01 -2.8514e+03 5.0817e+02 -7.2076e+00 3.9550e+03
1.4387e+06 2.6249e+01 -2.8420e+03 5.2252e+02 -3.3920e+00 3.9744e+03
1.4832e+06 2.6247e+01 -2.8324e+03 5.3710e+02 3.4914e+00 3.9940e+03
1.5132e+06 2.6246e+01 -2.8228e+03 5.5190e+02 9.5827e+00 4.0132e+03
1.4942e+06 2.6247e+01 -2.8129e+03 5.6692e+02 7.7421e+00 4.0325e+03
1.4380e+06 2.6249e+01 -2.8029e+03 5.8217e+02 1.1957e+00 4.0518e+03
1.3905e+06 2.6251e+01 -2.7927e+03 5.9765e+02 -2.1452e+00 4.0708e+03
1.3621e+06 2.6252e+01 -2.7823e+03 6.1335e+02 -5.5052e+00 4.0898e+03
1.3486e+06 2.6250e+01 -2.7718e+03 6.2927e+02 -6.7082e+00 4.1085e+03
1.4135e+06 2.6244e+01 -2.7611e+03 6.4543e+02 -6.7070e-02 4.1272e+03
1.5076e+06 2.6273e+01 -2.7502e+03 6.6181e+02 1.1891e+01 4.1459e+03
1.4737e+06 2.5857e+01 -2.7392e+03 6.7842e+02 1.9379e+01 4.1644e+03
1.2874e+06 2.3731e+01 -2.7279e+03 6.9525e+02 1.5350e+01 4.1828e+03
1.0032e+06 2.0330e+01 -2.7165e+03 7.1232e+02 8.1545e-01 4.2010e+03
7.3928e+05 1.7957e+01 -2.7049e+03 7.2961e+02 -1.6632e+01 4.2193e+03
5.7907e+05 1.7105e+01 -2.6931e+03 7.4712e+02 -2.1764e+01 4.2372e+03
5.3325e+05 1.6820e+01 -2.6811e+03 7.6486e+02 -1.3781e+01 4.2546e+03
5.1403e+05 1.6739e+01 -2.6689e+03 7.8282e+02 -9.1847e+00 4.2722e+03
5.2424e+05 1.6739e+01 -2.6565e+03 8.0101e+02 -7.5536e+00 4.2898e+03
5.4062e+05 1.6737e+01 -2.6439e+03 8.1941e+02 -4.6603e+00 4.3067e+03
5.8955e+05 1.6737e+01 -2.6311e+03 8.3804e+02 -3.3902e+00 4.3232e+03
6.2252e+05 1.6736e+01 -2.6180e+03 8.5688e+02 -6.6687e+00 4.3404e+03
7.1747e+05 1.7399e+01 -2.6048e+03 8.7595e+02 -1.5609e+00 4.3569e+03
8.2300e+05 1.9747e+01 -2.5913e+03 8.9522e+02 6.3976e+00 4.3792e+03
9.8511e+05 2.2864e+01 -2.5777e+03 9.1471e+02 5.4060e+00 4.3904e+03
8.9647e+05 2.6265e+01 -2.9321e+03 4.0823e+02 1.5702e+01 3.7584e+03
1.2348e+06 2.6226e+01 -2.9239e+03 4.2087e+02 5.9650e+00 3.7740e+03
1.4054e+06 2.6229e+01 -2.9157e+03 4.3372e+02 2.8747e+00 3.8002e+03
1.5113e+06 2.6229e+01 -2.9073e+03 4.4678e+02 1.4694e+01 3.8197e+03
1.5985e+06 2.6230e+01 -2.8987e+03 4.6005e+02 2.0679e+01 3.8391e+03
1.5663e+06 2.6236e+01 -2.8901e+03 4.7355e+02 1.1601e+01 3.8588e+03
1.5377e+06 2.6241e+01 -2.8812e+03 4.8726e+02 4.7316e+00 3.8782e+03
1.5015e+06 2.6245e+01 -2.8723e+03 5.0119e+02 2.3136e+00 3.8976e+03
1.4828e+06 2.6247e+01 -2.8632e+03 5.1534e+02 -7.4571e-01 3.9171e+03
1.4572e+06 2.6249e+01 -2.8539e+03 5.2971e+02 -4.2588e+00 3.9363e+03
1.4498e+06 2.6251e+01 -2.8445e+03 5.4431e+02 -8.5966e+00 3.9556e+03
1.4503e+06 2.6251e+01 -2.8349e+03 5.5913e+02 -6.6810e+00 3.9748e+03
1.4710e+06 2.6249e+01 -2.8251e+03 5.7418e+02 5.0043e-01 3.9941e+03
1.4505e+06 2.6249e+01 -2.8152e+03 5.8945e+02 2.8087e+00 4.0131e+03
1.4138e+06 2.6250e+01 -2.8052e+03 6.0495e+02 4.6434e-01 4.0319e+03
1.3723e+06 2.6250e+01 -2.7949e+03 6.2068e+02 -4.5377e+00 4.0508e+03
1.4398e+06 2.6245e+01 -2.7845e+03 6.3664e+02 -6.8018e-01 4.0695e+03
1.5248e+06 2.6251e+01 -2.7739e+03 6.5282e+02 1.5892e+01 4.0881e+03
1.5199e+06 2.6068e+01 -2.7631e+03 6.6924e+02 2.8639e+01 4.1067e+03
1.3276e+06 2.4150e+01 -2.7522e+03 6.8588e+02 2.0437e+01 4.1251e+03
1.0004e+06 2.0248e+01 -2.7411e+03 7.0275e+02 -2.5664e+00 4.1432e+03
7.0130e+05 1.7409e+01 -2.7298e+03 7.1985e+02 -1.5621e+01 4.1614e+03
5.4770e+05 1.6747e+01 -2.7183e+03 7.3717e+02 -1.8784e+01 4.1794e+03
4.9686e+05 1.6743e+01 -2.7066e+03 7.5473e+02 -1.4860e+01 4.1971e+03
5.4787e+05 1.6737e+01 -2.6947e+03 7.7251e+02 -7.7370e-01 4.2146e+03
5.8090e+05 1.6734e+01 -2.6826e+03 7.9051e+02 6.5200e+00 4.2321e+03
5.8240e+05 1.6734e+01 -2.6703e+03 8.0874e+02 2.9919e+00 4.2496e+03
5.7881e+05 1.6735e+01 -2.6578e+03 8.2720e+02 1.3589e+00 4.2664e+03
5.8861e+05 1.6736e+01 -2.6451e+03 8.4587e+02 3.8063e-01 4.2827e+03
5.7694e+05 1.6739e+01 -2.6321e+03 8.6477e+02 -5.7932e+00 4.3001e+03
5.9983e+05 1.6739e+01 -2.6190e+03 8.8388e+02 -4.0024e+00 4.3163e+03
6.1249e+05 1.7285e+01 -2.6056e+03 9.0321e+02 -1.0183e+01 4.3384e+03
7.2540e+05 1.9442e+01 -2.5921e+03 9.2276e+02 -2.3084e+01 4.3494e+03
1.2281e+06 2.6456e+01 -2.9429e+03 4.1508e+02 2.6846e+01 3.7227e+03
1.2826e+06 2.6225e+01 -2.9349e+03 4.2772e+02 1.6304e+01 3.7370e+03
1.3565e+06 2.6229e+01 -2.9268e+03 4.4058e+02 5.9309e+00 3.7627e+03
1.4845e+06 2.6231e+01 -2.9185e+03 4.5366e+02 7.8979e+00 3.7821e+03
1.5620e+06 2.6233e+01 -2.9101e+03 4.6694e+02 1.1735e+01 3.8013e+03
1.5940e+06 2.6236e+01 -2.9015e+03 4.8045e+02 8.8123e+00 3.8208e+03
1.5928e+06 2.6239e+01 -2.8928e+03 4.9418e+02 9.3621e+00 3.8402e+03
1.5876e+06 2.6242e+01 -2.8839e+03 5.0812e+02 1.0516e+01 3.8595e+03
1.5483e+06 2.6245e+01 -2.8749e+03 5.2229e+02 5.5529e+00 3.8788e+03
1.5047e+06 2.6248e+01 -2.8658e+03 5.3668e+02 -5.7789e-01 3.8980e+03
1.4705e+06 2.6250e+01 -2.8565e+03 5.5130e+02 -5.4006e+00 3.9170e+03
1.4726e+06 2.6250e+01 -2.8470e+03 5.6614e+02 -5.0926e+00 3.9361e+03
1.4759e+06 2.6249e+01 -2.8374e+03 5.8121e+02 -9.5518e-01 3.9550e+03
1.4559e+06 2.6248e+01 -2.8276e+03 5.9651e+02 3.3009e-01 3.9739e+03
1.4156e+06 2.6248e+01 -2.8176e+03 6.1203e+02 -1.8916e+00 3.9928e+03
1.4043e+06 2.6246e+01 -2.8075e+03 6.2778e+02 -6.2947e+00 4.0114e+03
1.4299e+06 2.6238e+01 -2.7972e+03 6.4376e+02 9.4664e-01 4.0300e+03
1.4943e+06 2.6237e+01 -2.7867e+03 6.5998e+02 2.1834e+01 4.0485e+03
1.4050e+06 2.5158e+01 -2.7760e+03 6.7642e+02 2.7241e+01 4.0672e+03
1.0585e+06 2.1691e+01 -2.7652e+03 6.9309e+02 1.0839e+00 4.0853e+03
6.9270e+05 1.8026e+01 -2.7542e+03 7.0999e+02 -2.3159e+01 4.1032e+03
5.3542e+05 1.6744e+01 -2.7430e+03 7.2712e+02 -2.0609e+01 4.1214e+03
5.0003e+05 1.6743e+01 -2.7316e+03 7.4449e+02 -1.3352e+01 4.1392e+03
5.2735e+05 1.6738e+01 -2.7200e+03 7.6208e+02 -6.6157e+00 4.1567e+03
5.8852e+05 1.6734e+01 -2.7082e+03 7.7989e+02 3.9982e+00 4.1743e+03
6.1293e+05 1.6732e+01 -2.6963e+03 7.9794e+02 7.5965e+00 4.1916e+03
5.8896e+05 1.6733e+01 -2.6841e+03 8.1621e+02 3.6458e+00 4.2088e+03
5.4933e+05 1.6735e+01 -2.6717e+03 8.3471e+02 -7.4885e-01 4.2257e+03
5.3518e+05 1.6738e+01 -2.6591e+03 8.5343e+02 -4.8144e+00 4.2418e+03
5.2394e+05 1.6742e+01 -2.6463e+03 8.7238e+02 -1.1647e+01 4.2589e+03
5.4599e+05 1.6743e+01 -2.6332e+03 8.9154e+02 -9.1963e+00 4.2752e+03
5.4434e+05 1.6891e+01 -2.6200e+03 9.1092e+02 -1.7441e+01 4.2974e+03
6.5231e+05 1.8719e+01 -2.6065e+03 9.3052e+02 -3.2893e+01 4.3085e+03
5.1716e+05 2.6181e+01 -2.9538e+03 4.2172e+02 3.7218e+00 3.6832e+03
1.0561e+06 2.6312e+01 -2.9459e+03 4.3438e+02 1.7840e+01 3.6989e+03
1.3168e+06 2.6228e+01 -2.9379e+03 4.4724e+02 1.3099e+01 3.7251e+03
1.4265e+06 2.6232e+01 -2.9297e+03 4.6033e+02 5.6515e+00 3.7442e+03
1.5185e+06 2.6235e+01 -2.9214e+03 4.7363e+02 2.4938e+00 3.7632e+03
1.5548e+06 2.6239e+01 -2.9129e+03 4.8714e+02 -1.6235e-01 3.7824e+03
1.5943e+06 2.6241e+01 -2.9043e+03 5.0088e+02 2.1677e+00 3.8016e+03
1.5978e+06 2.6242e+01 -2.8956e+03 5.1484e+02 6.0995e+00 3.8209e+03
1.5694e+06 2.6245e+01 -2.8867e+03 5.2902e+02 2.8275e+00 3.8401e+03
1.5281e+06 2.6248e+01 -2.8776e+03 5.4343e+02 -2.1512e+00 3.8591e+03
1.5377e+06 2.6247e+01 -2.8684e+03 5.5806e+02 3.8339e-01 3.8779e+03
1.5551e+06 2.6246e+01 -2.8591e+03 5.7292e+02 6.9776e+00 3.8970e+03
1.5369e+06 2.6246e+01 -2.8496e+03 5.8801e+02 4.8621e+00 3.9159e+03
1.4653e+06 2.6247e+01 -2.8399e+03 6.0332e+02 -4.6012e+00 3.9345e+03
1.4227e+06 2.6246e+01 -2.8300e+03 6.1887e+02 -9.3826e+00 3.9531e+03
1.4264e+06 2.6241e+01 -2.8200e+03 6.3464e+02 -4.4513e+00 3.9717e+03
1.4922e+06 2.6229e+01 -2.8098e+03 6.5065e+02 1.0269e+01 3.9904e+03
1.4311e+06 2.5597e+01 -2.7995e+03 6.6688e+02 2.2424e+01 4.0087e+03
1.1309e+06 2.2935e+01 -2.7889e+03 6.8335e+02 7.3108e+00 4.0269e+03
7.3102e+05 1.9149e+01 -2.7782e+03 7.0005e+02 -2.4751e+01 4.0449e+03
5.3218e+05 1.7073e+01 -2.7673e+03 7.1698e+02 -2.7891e+01 4.0629e+03
5.1617e+05 1.6742e+01 -2.7562e+03 7.3414e+02 -9.5135e+00 4.0809e+03
5.3149e+05 1.6738e+01 -2.7450e+03 7.5154e+02 -5.7561e+00 4.0985e+03
5.4824e+05 1.6735e+01 -2.7335e+03 7.6916e+02 -4.1902e+00 4.1160e+03
5.8287e+05 1.6733e+01 -2.7218e+03 7.8701e+02 2.7125e+00 4.1334e+03
5.7613e+05 1.6733e+01 -2.7099e+03 8.0510e+02 2.2844e+00 4.1507e+03
5.3967e+05 1.6735e+01 -2.6979e+03 8.2341e+02 -2.2512e+00 4.1677e+03
5.0881e+05 1.6738e+01 -2.6856e+03 8.4195e+02 -7.2460e+00 4.1845e+03
5.0833e+05 1.6903e+01 -2.6731e+03 8.6071e+02 -1.1979e+01 4.2005e+03
5.5384e+05 1.7671e+01 -2.6604e+03 8.7970e+02 -1.5668e+01 4.2176e+03
6.4547e+05 1.8701e+01 -2.6475e+03 8.9891e+02 -8.0447e+00 4.2337e+03
7.2118e+05 1.9415e+01 -2.6343e+03 9.1835e+02 -6.9985e+00 4.2555e+03
8.6592e+05 2.1284e+01 -2.6210e+03 9.3800e+02 -1.3086e+01 4.2664e+03
5.6538e+05 2.3832e+01 -2.9646e+03 4.2816e+02 -2.0496e+01 3.6466e+03
9.6907e+05 2.5802e+01 -2.9568e+03 4.4082e+02 1.5277e+01 3.6615e+03
1.2442e+06 2.6222e+01 -2.9489e+03 4.5370e+02 1.6022e+01 3.6867e+03
1.4130e+06 2.6232e+01 -2.9408e+03 4.6679e+02 6.6738e+00 3.7059e+03
1.5074e+06 2.6235e+01 -2.9326e+03 4.8009e+02 2.5367e+00 3.7248e+03
1.5725e+06 2.6238e+01 -2.9243e+03 4.9362e+02 3.2826e-01 3.7438e+03
1.6008e+06 2.6240e+01 -2.9158e+03 5.0737e+02 9.2089e-01 3.7629e+03
1.6013e+06 2.6243e+01 -2.9072e+03 5.2134e+02 9.3879e-01 3.7818e+03
1.5639e+06 2.6246e+01 -2.8984e+03 5.3553e+02 -4.4666e+00 3.8008e+03
1.5462e+06 2.6248e+01 -2.8895e+03 5.4995e+02 -7.3722e+00 3.8198e+03
1.5770e+06 2.6245e+01 -2.8804e+03 5.6460e+02 6.9612e-01 3.8386e+03
1.6190e+06 2.6243e+01 -2.8711e+03 5.7947e+02 1.0587e+01 3.8575e+03
1.5856e+06 2.6242e+01 -2.8617e+03 5.9457e+02 8.7714e+00 3.8761e+03
1.5134e+06 2.6250e+01 -2.8522e+03 6.0990e+02 -7.3677e-02 3.8949e+03
1.4761e+06 2.6435e+01 -2.8424e+03 6.2546e+02 -2.5123e-01 3.9133e+03
1.5069e+06 2.6748e+01 -2.8325e+03 6.4126e+02 1.4799e+01 3.9315e+03
1.4458e+06 2.6132e+01 -2.8225e+03 6.5728e+02 2.6870e+01 3.9501e+03
1.2161e+06 2.3429e+01 -2.8122e+03 6.7354e+02 1.7399e+01 3.9683e+03
8.5856e+05 1.9681e+01 -2.8018e+03 6.9003e+02 -9.7732e+00 3.9863e+03
5.7394e+05 1.7315e+01 -2.7912e+03 7.0675e+02 -2.9109e+01 4.0042e+03
5.2117e+05 1.6744e+01 -2.7804e+03 7.2371e+02 -1.6274e+01 4.0222e+03
5.9374e+05 1.6738e+01 -2.7695e+03 7.4090e+02 4.8824e+00 4.0399e+03
6.0374e+05 1.6734e+01 -2.7583e+03 7.5832e+02 3.1254e+00 4.0574e+03
5.8552e+05 1.6734e+01 -2.7470e+03 7.7597e+02 -1.6180e+00 4.0749e+03
5.8512e+05 1.6733e+01 -2.7354e+03 7.9386e+02 2.0269e+00 4.0920e+03
5.4695e+05 1.6735e+01 -2.7237e+03 8.1198e+02 -9.4548e-01 4.1093e+03
4.9848e+05 1.6738e+01 -2.7117e+03 8.3032e+02 -6.6818e+00 4.1263e+03
4.8239e+05 1.6840e+01 -2.6995e+03 8.4890e+02 -1.0290e+01 4.1428e+03
5.5933e+05 1.7879e+01 -2.6872e+03 8.6770e+02 -1.2611e+01 4.1586e+03
7.3030e+05 2.0517e+01 -2.6746e+03 8.8674e+02 -6.5125e+00 4.1757e+03
9.5594e+05 2.3046e+01 -2.6618e+03 9.0599e+02 1.5272e+01 4.1915e+03
1.0672e+06 2.4009e+01 -2.6487e+03 9.2547e+02 2.3793e+01 4.2132e+03
1.1281e+06 2.4751e+01 -2.6355e+03 9.4517e+02 1.0084e+01 4.2240e+03
-3.4256e+04 2.1054e+01 -2.9754e+03 4.3439e+02 -4.6245e+01 3.6073e+03
7.6436e+05 2.4789e+01 -2.9677e+03 4.4706e+02 9.0691e+00 3.6230e+03
1.2175e+06 2.6211e+01 -2.9599e+03 4.5993e+02 1.8216e+01 3.6481e+03
1.4181e+06 2.6230e+01 -2.9519e+03 4.7303e+02 1.1074e+01 3.6670e+03
1.5488e+06 2.6232e+01 -2.9439e+03 4.8634e+02 7.9275e+00 3.6859e+03
1.6148e+06 2.6235e+01 -2.9356e+03 4.9988e+02 7.5320e+00 3.7048e+03
1.6545e+06 2.6237e+01 -2.9272e+03 5.1363e+02 8.6293e+00 3.7238e+03
1.6340e+06 2.6240e+01 -2.9187e+03 5.2761e+02 5.0451e+00 3.7426e+03
1.5930e+06 2.6244e+01 -2.9101e+03 5.4181e+02 -2.9047e+00 3.7614e+03
1.5819e+06 2.6245e+01 -2.9013e+03 5.5624e+02 -3.7083e+00 3.7801e+03
1.6245e+06 2.6243e+01 -2.8923e+03 5.7089e+02 5.0157e+00 3.7988e+03
1.6371e+06 2.6241e+01 -2.8832e+03 5.8577e+02 9.6186e+00 3.8174e+03
1.6047e+06 2.6251e+01 -2.8739e+03 6.0089e+02 8.3931e+00 3.8358e+03
1.5302e+06 2.5693e+01 -2.8644e+03 6.1623e+02 5.4612e+00 3.8545e+03
1.4703e+06 2.4878e+01 -2.8548e+03 6.3181e+02 8.1551e+00 3.8729e+03
1.4255e+06 2.4894e+01 -2.8451e+03 6.4762e+02 2.2651e+01 3.8910e+03
1.2756e+06 2.3668e+01 -2.8351e+03 6.6366e+02 1.8583e+01 3.9094e+03
9.4607e+05 2.0108e+01 -2.8250e+03 6.7993e+02 -7.9729e+00 3.9276e+03
6.5740e+05 1.7391e+01 -2.8147e+03 6.9644e+02 -2.2176e+01 3.9455e+03
5.5402e+05 1.6745e+01 -2.8042e+03 7.1319e+02 -1.8946e+01 3.9633e+03
5.8578e+05 1.6740e+01 -2.7935e+03 7.3016e+02 -5.6097e+00 3.9810e+03
6.4315e+05 1.6734e+01 -2.7827e+03 7.4738e+02 7.0446e+00 3.9985e+03
6.2943e+05 1.6733e+01 -2.7717e+03 7.6482e+02 4.8005e+00 4.0159e+03
5.9300e+05 1.6734e+01 -2.7604e+03 7.8251e+02 -4.1671e-01 4.0333e+03
5.6201e+05 1.6734e+01 -2.7490e+03 8.0042e+02 2.6131e+00 4.0504e+03
5.2816e+05 1.6737e+01 -2.7374e+03 8.1857e+02 2.3553e-01 4.0673e+03
4.7319e+05 1.6751e+01 -2.7255e+03 8.3695e+02 -1.0073e+01 4.0842e+03
5.3059e+05 1.7436e+01 -2.7135e+03 8.5556e+02 -1.5301e+01 4.1005e+03
7.0520e+05 2.0081e+01 -2.7012e+03 8.7440e+02 -9.3895e+00 4.1163e+03
9.8280e+05 2.3758e+01 -2.6888e+03 8.9347e+02 3.8783e+00 4.1332e+03
1.1821e+06 2.5847e+01 -2.6761e+03 9.1277e+02 2.4151e+01 4.1489e+03
1.2511e+06 2.6226e+01 -2.6632e+03 9.3229e+02 2.9072e+01 4.1707e+03
1.1929e+06 2.6233e+01 -2.6500e+03 9.5203e+02 8.4261e+00 4.1816e+03
2.9831e+05 2.0424e+01 -2.9861e+03 4.4041e+02 -3.4860e+01 3.5700e+03
8.1724e+05 2.4477e+01 -2.9786e+03 4.5307e+02 1.0076e+01 3.5841e+03
1.2139e+06 2.6202e+01 -2.9708e+03 4.6595e+02 1.7994e+01 3.6089e+03
1.4512e+06 2.6228e+01 -2.9630e+03 4.7905e+02 1.3112e+01 3.6280e+03
1.5801e+06 2.6231e+01 -2.9550e+03 4.9237e+02 9.8381e+00 3.6466e+03
1.6523e+06 2.6233e+01 -2.9469e+03 5.0590e+02 8.6744e+00 3.6654e+03
1.6676e+06 2.6236e+01 -2.9387e+03 5.1966e+02 7.6003e+00 3.6843e+03
1.6531e+06 2.6239e+01 -2.9303e+03 5.3364e+02 6.0935e+00 3.7029e+03
1.6275e+06 2.6242e+01 -2.9217e+03 5.4785e+02 4.7471e+00 3.7216e+03
1.6167e+06 2.6243e+01 -2.9130e+03 5.6228e+02 3.7064e+00 3.7401e+03
1.6201e+06 2.6242e+01 -2.9042e+03 5.7694e+02 6.1249e+00 3.7586e+03
1.6207e+06 2.6241e+01 -2.8952e+03 5.9184e+02 6.6140e+00 3.7772e+03
1.5864e+06 2.6277e+01 -2.8860e+03 6.0696e+02 8.6737e+00 3.7956e+03
1.4862e+06 2.4868e+01 -2.8767e+03 6.2231e+02 5.2224e+00 3.8138e+03
1.3060e+06 2.1788e+01 -2.8672e+03 6.3790e+02 -6.8874e+00 3.8320e+03
1.1518e+06 1.9955e+01 -2.8575e+03 6.5372e+02 -8.6328e+00 3.8504e+03
9.3918e+05 1.9019e+01 -2.8477e+03 6.6977e+02 -1.5305e+01 3.8685e+03
7.2928e+05 1.7542e+01 -2.8377e+03 6.8606e+02 -2.6837e+01 3.8864e+03
6.3999e+05 1.6775e+01 -2.8275e+03 7.0259e+02 -2.0575e+01 3.9041e+03
6.2962e+05 1.6742e+01 -2.8172e+03 7.1935e+02 -8.8293e+00 3.9217e+03
6.5034e+05 1.6737e+01 -2.8066e+03 7.3635e+02 -7.0137e-01 3.9393e+03
6.6539e+05 1.6733e+01 -2.7959e+03 7.5358e+02 4.6384e+00 3.9568e+03
6.3407e+05 1.6733e+01 -2.7850e+03 7.7105e+02 2.2867e+00 3.9740e+03
5.7742e+05 1.6735e+01 -2.7739e+03 7.8875e+02 -1.3792e+00 3.9912e+03
5.4527e+05 1.6737e+01 -2.7626e+03 8.0669e+02 2.9344e-01 4.0082e+03
5.0241e+05 1.6739e+01 -2.7511e+03 8.2487e+02 -3.8959e+00 4.0250e+03
4.9723e+05 1.7173e+01 -2.7394e+03 8.4328e+02 -1.7043e+01 4.0417e+03
6.3831e+05 1.9247e+01 -2.7274e+03 8.6192e+02 -1.6861e+01 4.0580e+03
9.4819e+05 2.2845e+01 -2.7153e+03 8.8079e+02 1.7102e+00 4.0737e+03
1.1882e+06 2.5532e+01 -2.7030e+03 8.9990e+02 1.3596e+01 4.0904e+03
1.2732e+06 2.6244e+01 -2.6904e+03 9.1923e+02 1.7814e+01 4.1060e+03
1.2049e+06 2.6230e+01 -2.6776e+03 9.3879e+02 1.3359e+01 4.1276e+03
1.1226e+06 2.6240e+01 -2.6646e+03 9.5858e+02 -2.5972e+00 4.1382e+03
1.2342e+05 2.0250e+01 -2.9968e+03 4.4621e+02 -2.1407e+01 3.5300e+03
8.0946e+05 2.4386e+01 -2.9893e+03 4.5887e+02 6.3051e+00 3.5447e+03
1.2442e+06 2.6200e+01 -2.9818e+03 4.7175e+02 1.3120e+01 3.5699e+03
1.4695e+06 2.6229e+01 -2.9740e+03 4.8485e+02 1.1343e+01 3.5886e+03
1.6041e+06 2.6231e+01 -2.9662e+03 4.9816e+02 1.0349e+01 3.6071e+03
1.6539e+06 2.6234e+01 -2.9582e+03 5.1170e+02 8.3423e+00 3.6258e+03
1.6564e+06 2.6237e+01 -2.9500e+03 5.2546e+02 4.6280e+00 3.6443e+03
1.6290e+06 2.6240e+01 -2.9418e+03 5.3944e+02 3.2075e+00 3.6628e+03
1.5989e+06 2.6242e+01 -2.9333e+03 5.5365e+02 2.5209e+00 3.6813e+03
1.5702e+06 2.6244e+01 -2.9248e+03 5.6808e+02 -9.9022e-01 3.6998e+03
1.5791e+06 2.6243e+01 -2.9160e+03 5.8275e+02 1.3263e+00 3.7183e+03
1.5847e+06 2.6241e+01 -2.9071e+03 5.9765e+02 5.6158e+00 3.7365e+03
1.5518e+06 2.6281e+01 -2.8981e+03 6.1277e+02 8.4438e+00 3.7550e+03
1.4325e+06 2.5166e+01 -2.8889e+03 6.2813e+02 5.2716e+00 3.7731e+03
1.2234e+06 2.2186e+01 -2.8795e+03 6.4373e+02 -1.0260e+01 3.7913e+03
1.0262e+06 1.9478e+01 -2.8700e+03 6.5956e+02 -1.9929e+01 3.8092e+03
9.0856e+05 1.8005e+01 -2.8603e+03 6.7562e+02 -1.8364e+01 3.8265e+03
8.2055e+05 1.7079e+01 -2.8504e+03 6.9192e+02 -1.3343e+01 3.8444e+03
7.4387e+05 1.6741e+01 -2.8404e+03 7.0846e+02 -7.5541e+00 3.8622e+03
7.1155e+05 1.6739e+01 -2.8301e+03 7.2523e+02 -5.3806e+00 3.8797e+03
6.9397e+05 1.6735e+01 -2.8197e+03 7.4225e+02 -3.7868e-01 3.8972e+03
6.7456e+05 1.6734e+01 -2.8091e+03 7.5950e+02 3.5972e+00 3.9146e+03
5.9460e+05 1.6735e+01 -2.7983e+03 7.7698e+02 -1.1176e+00 3.9317e+03
5.4224e+05 1.6737e+01 -2.7873e+03 7.9471e+02 -3.8116e+00 3.9487e+03
4.8619e+05 1.6738e+01 -2.7762e+03 8.1267e+02 -5.9097e+00 3.9657e+03
4.8907e+05 1.7064e+01 -2.7648e+03 8.3087e+02 -1.6146e+01 3.9824e+03
5.9108e+05 1.8812e+01 -2.7532e+03 8.4930e+02 -1.8849e+01 3.9988e+03
9.1859e+05 2.2162e+01 -2.7414e+03 8.6797e+02 8.2346e-01 4.0150e+03
1.2020e+06 2.5034e+01 -2.7294e+03 8.8687e+02 2.1405e+01 4.0306e+03
1.3336e+06 2.6102e+01 -2.7172e+03 9.0601e+02 2.1524e+01 4.0471e+03
1.2478e+06 2.6228e+01 -2.7047e+03 9.2537e+02 1.4960e+01 4.0626e+03
1.1340e+06 2.6236e+01 -2.6921e+03 9.4497e+02 5.7215e+00 4.0841e+03
1.0320e+06 2.6244e+01 -2.6792e+03 9.6479e+02 -4.5955e+00 4.0945e+03
5.6532e+05 2.0997e+01 -3.0074e+03 4.5179e+02 -1.5465e+00 3.4918e+03
9.8209e+05 2.4761e+01 -3.0001e+03 4.6445e+02 7.8566e+00 3.5057e+03
1.3097e+06 2.6214e+01 -2.9926e+03 4.7732e+02 1.2690e+01 3.5301e+03
1.5069e+06 2.6231e+01 -2.9850e+03 4.9041e+02 1.1747e+01 3.5488e+03
1.6105e+06 2.6232e+01 -2.9773e+03 5.0372e+02 1.0350e+01 3.5673e+03
1.6490e+06 2.6235e+01 -2.9694e+03 5.1726e+02 9.2163e+00 3.5857e+03
1.6346e+06 2.6238e+01 -2.9614e+03 5.3101e+02 6.7002e+00 3.6040e+03
1.5826e+06 2.6241e+01 -2.9532e+03 5.4499e+02 -9.6169e-02 3.6225e+03
1.5226e+06 2.6245e+01 -2.9449e+03 5.5920e+02 -7.1070e+00 3.6409e+03
1.5024e+06 2.6246e+01 -2.9365e+03 5.7364e+02 -7.9968e+00 3.6592e+03
1.5290e+06 2.6244e+01 -2.9278e+03 5.8830e+02 1.2487e+00 3.6774e+03
1.5510e+06 2.6241e+01 -2.9191e+03 6.0320e+02 8.8861e+00 3.6954e+03
1.4945e+06 2.6256e+01 -2.9102e+03 6.1833e+02 5.7434e+00 3.7137e+03
1.3897e+06 2.5984e+01 -2.9011e+03 6.3369e+02 1.3916e+00 3.7317e+03
1.2644e+06 2.5078e+01 -2.8919e+03 6.4929e+02 -8.1680e-01 3.7496e+03
1.1635e+06 2.3654e+01 -2.8824e+03 6.6513e+02 -1.6189e+00 3.7675e+03
1.0801e+06 2.1786e+01 -2.8729e+03 6.8120e+02 3.3236e+00 3.7849e+03
1.0050e+06 1.9474e+01 -2.8631e+03 6.9750e+02 6.4643e+00 3.8026e+03
9.0626e+05 1.7515e+01 -2.8532e+03 7.1405e+02 -2.6216e-01 3.8201e+03
7.9633e+05 1.6771e+01 -2.8431e+03 7.3084e+02 -6.5745e+00 3.8375e+03
7.3611e+05 1.6734e+01 -2.8328e+03 7.4786e+02 -1.7323e+00 3.8549e+03
6.6497e+05 1.6735e+01 -2.8223e+03 7.6512e+02 8.2640e-01 3.8720e+03
5.6788e+05 1.6737e+01 -2.8117e+03 7.8262e+02 -6.9326e+00 3.8890e+03
4.9616e+05 1.6740e+01 -2.8008e+03 8.0036e+02 -9.4241e+00 3.9060e+03
4.9731e+05 1.6880e+01 -2.7897e+03 8.1834e+02 -1.1701e+01 3.9226e+03
5.6531e+05 1.8271e+01 -2.7785e+03 8.3656e+02 -1.8583e+01 3.9390e+03
8.2886e+05 2.1567e+01 -2.7670e+03 8.5502e+02 -6.0565e+00 3.9555e+03
1.1536e+06 2.4729e+01 -2.7554e+03 8.7371e+02 2.1627e+01 3.9716e+03
1.3466e+06 2.6033e+01 -2.7435e+03 8.9264e+02 3.0512e+01 3.9869e+03
1.3029e+06 2.6224e+01 -2.7314e+03 9.1180e+02 1.8264e+01 4.0034e+03
1.1796e+06 2.6233e+01 -2.7191e+03 9.3119e+02 1.0219e+01 4.0187e+03
1.0249e+06 2.6238e+01 -2.7065e+03 9.5082e+02 5.2056e+00 4.0401e+03
9.7566e+05 2.6243e+01 -2.6938e+03 9.7068e+02 -3.7854e-01 4.0505e+03
5.5352e+05 2.3259e+01 -3.0180e+03 4.5714e+02 1.0666e+01 3.4516e+03
1.0983e+06 2.5896e+01 -3.0108e+03 4.6979e+02 6.5012e+00 3.4662e+03
1.3901e+06 2.6232e+01 -3.0034e+03 4.8266e+02 9.6334e+00 3.4903e+03
1.5314e+06 2.6233e+01 -2.9959e+03 4.9574e+02 1.3215e+01 3.5087e+03
1.5927e+06 2.6235e+01 -2.9883e+03 5.0905e+02 6.6263e+00 3.5270e+03
1.5997e+06 2.6237e+01 -2.9806e+03 5.2257e+02 3.0523e+00 3.5453e+03
1.5978e+06 2.6239e+01 -2.9727e+03 5.3632e+02 4.6767e+00 3.5636e+03
1.5425e+06 2.6242e+01 -2.9646e+03 5.5030e+02 -1.2466e+00 3.5819e+03
1.4877e+06 2.6245e+01 -2.9564e+03 5.6450e+02 -7.4513e+00 3.6000e+03
1.4655e+06 2.6246e+01 -2.9481e+03 5.7893e+02 -5.7216e+00 3.6180e+03
1.4875e+06 2.6245e+01 -2.9396e+03 5.9360e+02 1.4449e+00 3.6361e+03
1.4912e+06 2.6242e+01 -2.9310e+03 6.0849e+02 8.4334e+00 3.6541e+03
1.4483e+06 2.6242e+01 -2.9222e+03 6.2362e+02 6.3694e+00 3.6721e+03
1.3596e+06 2.6242e+01 -2.9132e+03 6.3898e+02 8.1367e-03 3.6899e+03
1.2973e+06 2.6235e+01 -2.9041e+03 6.5458e+02 9.4263e-01 3.7075e+03
1.2579e+06 2.5995e+01 -2.8949e+03 6.7042e+02 4.8373e+00 3.7254e+03
1.2580e+06 2.5409e+01 -2.8854e+03 6.8649e+02 1.2776e+01 3.7430e+03
1.2092e+06 2.3622e+01 -2.8758e+03 7.0280e+02 1.7854e+01 3.7604e+03
1.0490e+06 2.0423e+01 -2.8660e+03 7.1935e+02 8.8202e+00 3.7776e+03
8.9965e+05 1.7970e+01 -2.8560e+03 7.3614e+02 1.2671e+00 3.7948e+03
7.7458e+05 1.7040e+01 -2.8458e+03 7.5318e+02 2.3400e+00 3.8121e+03
6.5761e+05 1.6768e+01 -2.8355e+03 7.7045e+02 5.9398e-01 3.8290e+03
5.3118e+05 1.6740e+01 -2.8250e+03 7.8796e+02 -7.3136e+00 3.8459e+03
4.8773e+05 1.6743e+01 -2.8142e+03 8.0571e+02 -1.4346e+01 3.8627e+03
5.4406e+05 1.7622e+01 -2.8033e+03 8.2371e+02 -1.3750e+01 3.8790e+03
7.7926e+05 2.0620e+01 -2.7922e+03 8.4194e+02 -2.5183e+00 3.8954e+03
1.0516e+06 2.4230e+01 -2.7809e+03 8.6041e+02 1.3979e+01 3.9118e+03
1.2588e+06 2.5969e+01 -2.7693e+03 8.7912e+02 2.3141e+01 3.9276e+03
1.2581e+06 2.6222e+01 -2.7576e+03 8.9807e+02 1.8918e+01 3.9429e+03
1.1645e+06 2.6230e+01 -2.7456e+03 9.1726e+02 8.0234e+00 3.9593e+03
1.0134e+06 2.6236e+01 -2.7334e+03 9.3668e+02 9.3288e+00 3.9744e+03
9.2016e+05 2.6236e+01 -2.7210e+03 9.5633e+02 1.5884e+01 3.9958e+03
8.4821e+05 2.6238e+01 -2.7084e+03 9.7622e+02 1.3318e+01 4.0059e+03
1.1360e+06 2.6391e+01 -3.0286e+03 4.6227e+02 4.1884e+01 3.4113e+03
1.3354e+06 2.6838e+01 -3.0214e+03 4.7491e+02 1.0491e+01 3.4251e+03
1.4381e+06 2.6275e+01 -3.0142e+03 4.8776e+02 1.8288e+00 3.4495e+03
1.5328e+06 2.6236e+01 -3.0068e+03 5.0083e+02 1.0908e+01 3.4683e+03
1.5626e+06 2.6237e+01 -2.9993e+03 5.1413e+02 6.1851e+00 3.4865e+03
1.5576e+06 2.6238e+01 -2.9917e+03 5.2764e+02 2.3697e-02 3.5047e+03
1.5586e+06 2.6239e+01 -2.9839e+03 5.4139e+02 3.9564e+00 3.5226e+03
1.5414e+06 2.6241e+01 -2.9760e+03 5.5535e+02 5.1338e+00 3.5406e+03
1.4968e+06 2.6243e+01 -2.9679e+03 5.6955e+02 1.5522e+00 3.5586e+03
1.4509e+06 2.6246e+01 -2.9597e+03 5.8397e+02 -2.2178e+00 3.5766e+03
1.4159e+06 2.6246e+01 -2.9514e+03 5.9863e+02 -3.6625e+00 3.5946e+03
1.4128e+06 2.6245e+01 -2.9429e+03 6.1352e+02 2.3922e+00 3.6124e+03
1.3877e+06 2.6243e+01 -2.9342e+03 6.2864e+02 6.2073e+00 3.6301e+03
1.3326e+06 2.6243e+01 -2.9254e+03 6.4400e+02 2.3936e+00 3.6478e+03
1.2924e+06 2.6241e+01 -2.9164e+03 6.5960e+02 3.2605e+00 3.6654e+03
1.2768e+06 2.6249e+01 -2.9072e+03 6.7543e+02 5.6847e+00 3.6829e+03
1.2555e+06 2.6373e+01 -2.8979e+03 6.9150e+02 8.9679e+00 3.7002e+03
1.2277e+06 2.6018e+01 -2.8884e+03 7.0781e+02 1.5371e+01 3.7176e+03
1.1503e+06 2.4149e+01 -2.8787e+03 7.2436e+02 1.6662e+01 3.7348e+03
9.7503e+05 2.0889e+01 -2.8689e+03 7.4116e+02 1.2208e+01 3.7520e+03
7.7397e+05 1.7944e+01 -2.8589e+03 7.5819e+02 1.8006e+00 3.7689e+03
6.0825e+05 1.6887e+01 -2.8487e+03 7.7547e+02 -6.8544e+00 3.7855e+03
5.3789e+05 1.6946e+01 -2.8383e+03 7.9299e+02 -1.2559e+01 3.8024e+03
5.2851e+05 1.7503e+01 -2.8277e+03 8.1075e+02 -2.0398e+01 3.8191e+03
7.0944e+05 1.9929e+01 -2.8169e+03 8.2875e+02 -1.1425e+01 3.8352e+03
9.8338e+05 2.3592e+01 -2.8059e+03 8.4700e+02 1.3922e+01 3.8514e+03
1.1703e+06 2.5800e+01 -2.7947e+03 8.6548e+02 2.2071e+01 3.8677e+03
1.1497e+06 2.6236e+01 -2.7833e+03 8.8421e+02 1.1668e+01 3.8834e+03
1.0801e+06 2.6230e+01 -2.7717e+03 9.0317e+02 4.5677e+00 3.8985e+03
9.3292e+05 2.6234e+01 -2.7598e+03 9.2238e+02 5.2394e+00 3.9147e+03
7.8586e+05 2.6234e+01 -2.7478e+03 9.4182e+02 2.1084e+01 3.9298e+03
5.4891e+05 2.6232e+01 -2.7355e+03 9.6150e+02 3.3313e+01 3.9512e+03
4.1562e+05 2.6234e+01 -2.7230e+03 9.8141e+02 2.7170e+01 3.9609e+03
1.2183e+06 3.1143e+01 -3.0390e+03 4.6716e+02 8.2357e+01 3.3698e+03
1.3941e+06 2.8435e+01 -3.0320e+03 4.7978e+02 2.5358e+01 3.3825e+03
1.4470e+06 2.6576e+01 -3.0249e+03 4.9262e+02 2.8224e+00 3.4090e+03
1.4914e+06 2.6209e+01 -3.0177e+03 5.0568e+02 6.1124e+00 3.4274e+03
1.5099e+06 2.6238e+01 -3.0103e+03 5.1896e+02 6.2588e+00 3.4455e+03
1.5069e+06 2.6240e+01 -3.0028e+03 5.3247e+02 3.5117e+00 3.4636e+03
1.5185e+06 2.6241e+01 -2.9951e+03 5.4619e+02 6.2336e+00 3.4815e+03
1.5213e+06 2.6240e+01 -2.9873e+03 5.6015e+02 1.1080e+01 3.4994e+03
1.4885e+06 2.6241e+01 -2.9794e+03 5.7433e+02 1.0193e+01 3.5173e+03
1.4239e+06 2.6244e+01 -2.9713e+03 5.8875e+02 4.4228e+00 3.5349e+03
1.3700e+06 2.6246e+01 -2.9631e+03 6.0339e+02 -1.0054e+00 3.5526e+03
1.3398e+06 2.6245e+01 -2.9547e+03 6.1827e+02 1.3006e+00 3.5702e+03
1.3172e+06 2.6244e+01 -2.9461e+03 6.3339e+02 4.0098e+00 3.5878e+03
1.2755e+06 2.6244e+01 -2.9374e+03 6.4874e+02 2.2622e+00 3.6053e+03
1.2468e+06 2.6242e+01 -2.9286e+03 6.6433e+02 4.4543e+00 3.6228e+03
1.2156e+06 2.6240e+01 -2.9196e+03 6.8015e+02 4.4425e+00 3.6401e+03
1.1962e+06 2.6235e+01 -2.9104e+03 6.9622e+02 4.0150e+00 3.6574e+03
1.1763e+06 2.6282e+01 -2.9010e+03 7.1253e+02 9.1633e+00 3.6745e+03
1.0876e+06 2.5985e+01 -2.8915e+03 7.2908e+02 1.3415e+01 3.6915e+03
9.2168e+05 2.3318e+01 -2.8818e+03 7.4587e+02 7.5988e+00 3.7086e+03
6.8476e+05 1.9459e+01 -2.8719e+03 7.6290e+02 -1.0424e+01 3.7254e+03
5.9245e+05 1.8594e+01 -2.8618e+03 7.8018e+02 -1.6428e+01 3.7420e+03
6.1320e+05 1.9446e+01 -2.8515e+03 7.9770e+02 -1.0849e+01 3.7586e+03
7.2956e+05 2.0659e+01 -2.8411e+03 8.1547e+02 -8.4181e+00 3.7747e+03
9.0112e+05 2.3409e+01 -2.8304e+03 8.3347e+02 3.0647e+00 3.7908e+03
1.0911e+06 2.5679e+01 -2.8196e+03 8.5173e+02 1.7864e+01 3.8070e+03
1.0954e+06 2.6231e+01 -2.8085e+03 8.7022e+02 1.5125e+01 3.8231e+03
1.0291e+06 2.6230e+01 -2.7972e+03 8.8896e+02 5.4431e+00 3.8388e+03
8.8166e+05 2.6232e+01 -2.7858e+03 9.0794e+02 8.4847e+00 3.8537e+03
6.8391e+05 2.6232e+01 -2.7741e+03 9.2716e+02 2.1034e+01 3.8696e+03
2.0072e+05 2.6232e+01 -2.7621e+03 9.4661e+02 3.4180e+01 3.8845e+03
-4.6231e+05 2.6237e+01 -2.7500e+03 9.6631e+02 1.7112e+01 3.9058e+03
-8.2710e+05 2.6244e+01 -2.7376e+03 9.8625e+02 -4.9028e+00 3.9153e+03
1.0471e+06 3.4826e+01 -3.0494e+03 4.7181e+02 5.1846e+01 3.3308e+03
1.2261e+06 3.1838e+01 -3.0426e+03 4.8442e+02 3.0741e+01 3.3439e+03
1.3865e+06 2.8943e+01 -3.0356e+03 4.9724e+02 2.6087e+01 3.3695e+03
1.3926e+06 2.6986e+01 -3.0284e+03 5.1028e+02 1.4747e+01 3.3865e+03
1.3915e+06 2.6347e+01 -3.0212e+03 5.2355e+02 7.4989e+00 3.4041e+03
1.4197e+06 2.6914e+01 -3.0138e+03 5.3703e+02 7.5317e+00 3.4221e+03
1.4427e+06 2.7453e+01 -3.0062e+03 5.5075e+02 8.6918e+00 3.4400e+03
1.4339e+06 2.6940e+01 -2.9986e+03 5.6468e+02 8.9845e+00 3.4577e+03
1.3984e+06 2.6301e+01 -2.9908e+03 5.7885e+02 9.1831e+00 3.4753e+03
1.3507e+06 2.6219e+01 -2.9828e+03 5.9325e+02 9.8119e+00 3.4929e+03
1.2953e+06 2.6245e+01 -2.9747e+03 6.0788e+02 7.6066e+00 3.5104e+03
1.2588e+06 2.6243e+01 -2.9665e+03 6.2275e+02 7.5398e+00 3.5279e+03
1.2291e+06 2.6242e+01 -2.9580e+03 6.3785e+02 9.2128e+00 3.5453e+03
1.1958e+06 2.6242e+01 -2.9495e+03 6.5319e+02 8.7156e+00 3.5626e+03
1.1637e+06 2.6242e+01 -2.9408e+03 6.6877e+02 9.0404e+00 3.5798e+03
1.1267e+06 2.6241e+01 -2.9319e+03 6.8458e+02 7.1418e+00 3.5969e+03
1.0889e+06 2.6238e+01 -2.9228e+03 7.0064e+02 8.3461e+00 3.6140e+03
1.0445e+06 2.6235e+01 -2.9136e+03 7.1694e+02 1.1476e+01 3.6310e+03
9.5984e+05 2.6221e+01 -2.9042e+03 7.3348e+02 8.6559e+00 3.6480e+03
7.8997e+05 2.4588e+01 -2.8946e+03 7.5027e+02 -7.7782e-01 3.6648e+03
6.5049e+05 2.2167e+01 -2.8849e+03 7.6730e+02 -1.2867e+01 3.6814e+03
6.8450e+05 2.2502e+01 -2.8749e+03 7.8457e+02 -4.1700e+00 3.6978e+03
8.5320e+05 2.3904e+01 -2.8648e+03 8.0209e+02 1.5636e+01 3.7140e+03
9.6983e+05 2.4665e+01 -2.8545e+03 8.1986e+02 2.2397e+01 3.7301e+03
1.0553e+06 2.5708e+01 -2.8439e+03 8.3787e+02 2.1417e+01 3.7463e+03
1.0407e+06 2.6243e+01 -2.8332e+03 8.5612e+02 1.6939e+01 3.7624e+03
9.7923e+05 2.6229e+01 -2.8223e+03 8.7462e+02 1.1052e+01 3.7782e+03
8.5173e+05 2.6231e+01 -2.8112e+03 8.9336e+02 1.1803e+01 3.7936e+03
6.8320e+05 2.6228e+01 -2.7998e+03 9.1235e+02 2.6934e+01 3.8084e+03
1.7714e+05 2.6227e+01 -2.7883e+03 9.3158e+02 4.1307e+01 3.8243e+03
-8.4667e+05 2.6236e+01 -2.7765e+03 9.5105e+02 2.4870e+01 3.8390e+03
-2.1388e+06 2.6258e+01 -2.7645e+03 9.7076e+02 -4.2718e+01 3.8599e+03
-2.5987e+06 2.6273e+01 -2.7523e+03 9.9071e+02 -8.2826e+01 3.8697e+03
1.3697e+05 3.6047e+01 -3.0598e+03 4.7622e+02 -4.2983e+00 3.2905e+03
7.5773e+05 3.5256e+01 -3.0530e+03 4.8881e+02 4.8317e+01 3.3049e+03
1.0063e+06 3.3350e+01 -3.0462e+03 5.0161e+02 5.7321e+01 3.3287e+03
1.0099e+06 3.0548e+01 -3.0391e+03 5.1463e+02 3.4377e+01 3.3453e+03
1.1067e+06 2.9197e+01 -3.0320e+03 5.2787e+02 2.3025e+01 3.3628e+03
1.2389e+06 3.0184e+01 -3.0247e+03 5.4134e+02 2.1858e+01 3.3802e+03
1.3076e+06 3.1190e+01 -3.0173e+03 5.5503e+02 1.9807e+01 3.3979e+03
1.2871e+06 3.0034e+01 -3.0098e+03 5.6895e+02 1.0568e+01 3.4154e+03
1.2223e+06 2.7921e+01 -3.0021e+03 5.8310e+02 2.5269e+00 3.4329e+03
1.1658e+06 2.6584e+01 -2.9943e+03 5.9748e+02 3.4443e+00 3.4504e+03
1.1248e+06 2.6204e+01 -2.9863e+03 6.1210e+02 6.9295e+00 3.4678e+03
1.0850e+06 2.6245e+01 -2.9782e+03 6.2695e+02 1.0900e+01 3.4852e+03
1.0532e+06 2.6242e+01 -2.9699e+03 6.4203e+02 1.4446e+01 3.5023e+03
1.0173e+06 2.6242e+01 -2.9615e+03 6.5735e+02 1.4782e+01 3.5194e+03
9.8865e+05 2.6242e+01 -2.9529e+03 6.7292e+02 1.5346e+01 3.5366e+03
9.6470e+05 2.6241e+01 -2.9441e+03 6.8872e+02 1.6474e+01 3.5535e+03
9.4019e+05 2.6239e+01 -2.9352e+03 7.0476e+02 1.7756e+01 3.5704e+03
8.8036e+05 2.6239e+01 -2.9261e+03 7.2105e+02 1.5126e+01 3.5872e+03
7.6436e+05 2.6230e+01 -2.9169e+03 7.3758e+02 7.9426e+00 3.6040e+03
6.7403e+05 2.5715e+01 -2.9074e+03 7.5436e+02 1.7856e+00 3.6205e+03
6.3621e+05 2.5105e+01 -2.8978e+03 7.7138e+02 -1.0303e+00 3.6368e+03
7.5046e+05 2.5514e+01 -2.8880e+03 7.8864e+02 1.1874e+01 3.6531e+03
8.8900e+05 2.6145e+01 -2.8780e+03 8.0616e+02 2.8038e+01 3.6693e+03
9.7285e+05 2.6248e+01 -2.8678e+03 8.2392e+02 2.8915e+01 3.6856e+03
9.4415e+05 2.6229e+01 -2.8574e+03 8.4192e+02 2.3079e+01 3.7015e+03
8.8353e+05 2.6227e+01 -2.8469e+03 8.6017e+02 1.4754e+01 3.7173e+03
7.6829e+05 2.6231e+01 -2.8361e+03 8.7867e+02 1.0665e+01 3.7329e+03
6.6419e+05 2.6230e+01 -2.8251e+03 8.9742e+02 2.0712e+01 3.7480e+03
2.9392e+05 2.6226e+01 -2.8139e+03 9.1641e+02 3.9588e+01 3.7627e+03
-6.6023e+05 2.6230e+01 -2.8025e+03 9.3564e+02 3.2206e+01 3.7787e+03
-2.2377e+06 2.6252e+01 -2.7908e+03 9.5512e+02 -1.6670e+01 3.7932e+03
-3.6663e+06 2.6286e+01 -2.7790e+03 9.7485e+02 -9.0976e+01 3.8139e+03
-4.1071e+06 2.6300e+01 -2.7669e+03 9.9481e+02 -1.3253e+02 3.8236e+03
-6.5667e+05 3.6330e+01 -3.0701e+03 4.8039e+02 -2.2873e+01 3.2493e+03
-2.5230e+05 3.6400e+01 -3.0635e+03 4.9295e+02 3.0008e+01 3.2629e+03
-6.7882e+04 3.6043e+01 -3.0567e+03 5.0573e+02 2.3319e+01 3.2867e+03
1.6038e+05 3.5014e+01 -3.0498e+03 5.1872e+02 1.5499e+01 3.3037e+03
5.3318e+05 3.4341e+01 -3.0428e+03 5.3194e+02 1.9169e+01 3.3214e+03
8.4175e+05 3.4620e+01 -3.0356e+03 5.4539e+02 2.2548e+01 3.3389e+03
1.0182e+06 3.5015e+01 -3.0284e+03 5.5906e+02 2.6606e+01 3.3562e+03
1.0625e+06 3.4234e+01 -3.0209e+03 5.7295e+02 2.1891e+01 3.3733e+03
1.0081e+06 3.2011e+01 -3.0134e+03 5.8708e+02 1.0791e+01 3.3904e+03
9.1501e+05 2.9122e+01 -3.0057e+03 6.0144e+02 2.2991e+00 3.4075e+03
8.2881e+05 2.7015e+01 -2.9978e+03 6.1603e+02 2.1748e-01 3.4246e+03
7.4598e+05 2.6306e+01 -2.9899e+03 6.3086e+02 9.8005e-01 3.4420e+03
6.7211e+05 2.6237e+01 -2.9817e+03 6.4592e+02 1.5063e+00 3.4591e+03
6.4238e+05 2.6249e+01 -2.9734e+03 6.6122e+02 5.0366e+00 3.4759e+03
6.3848e+05 2.6248e+01 -2.9650e+03 6.7677e+02 8.5702e+00 3.4929e+03
6.2437e+05 2.6246e+01 -2.9563e+03 6.9255e+02 8.5498e+00 3.5097e+03
5.9190e+05 2.6246e+01 -2.9476e+03 7.0858e+02 8.0484e+00 3.5264e+03
5.4722e+05 2.6247e+01 -2.9386e+03 7.2485e+02 5.7691e+00 3.5431e+03
5.1823e+05 2.6247e+01 -2.9295e+03 7.4136e+02 4.6080e+00 3.5598e+03
4.9550e+05 2.6249e+01 -2.9202e+03 7.5812e+02 7.3267e+00 3.5760e+03
5.1844e+05 2.6248e+01 -2.9107e+03 7.7513e+02 8.5923e+00 3.5922e+03
5.8436e+05 2.6236e+01 -2.9010e+03 7.9239e+02 1.4598e+01 3.6084e+03
6.7022e+05 2.6227e+01 -2.8912e+03 8.0989e+02 1.9702e+01 3.6244e+03
6.7695e+05 2.6228e+01 -2.8812e+03 8.2764e+02 1.6340e+01 3.6403e+03
6.6372e+05 2.6229e+01 -2.8709e+03 8.4564e+02 1.4415e+01 3.6560e+03
5.8864e+05 2.6232e+01 -2.8605e+03 8.6388e+02 1.1900e+01 3.6716e+03
5.0625e+05 2.6232e+01 -2.8499e+03 8.8238e+02 1.2392e+01 3.6873e+03
3.5385e+05 2.6227e+01 -2.8390e+03 9.0112e+02 3.4966e+01 3.7023e+03
-1.9432e+05 2.6224e+01 -2.8280e+03 9.2011e+02 5.5226e+01 3.7168e+03
-1.6391e+06 2.6229e+01 -2.8167e+03 9.3934e+02 1.0392e+01 3.7324e+03
-3.3964e+06 2.6393e+01 -2.8052e+03 9.5882e+02 -5.9416e+01 3.7465e+03
-4.5963e+06 2.6555e+01 -2.7935e+03 9.7855e+02 -9.9137e+01 3.7678e+03
-4.8799e+06 2.6814e+01 -2.7815e+03 9.9852e+02 -1.2503e+02 3.7769e+03
-1.9909e+06 3.6067e+01 -3.0803e+03 4.8431e+02 -6.1924e+01 3.2074e+03
-1.7598e+06 3.6330e+01 -3.0738e+03 4.9684e+02 -5.0535e+01 3.2221e+03
-1.3614e+06 3.6384e+01 -3.0672e+03 5.0959e+02 -5.1592e+01 3.2452e+03
-6.4447e+05 3.6516e+01 -3.0604e+03 5.2256e+02 -1.5207e+01 3.2620e+03
-4.2262e+03 3.6512e+01 -3.0535e+03 5.3575e+02 8.8077e+00 3.2793e+03
3.7733e+05 3.6363e+01 -3.0465e+03 5.4917e+02 1.0016e+01 3.2968e+03
5.4898e+05 3.6291e+01 -3.0393e+03 5.6281e+02 1.1655e+01 3.3141e+03
6.4743e+05 3.6154e+01 -3.0320e+03 5.7668e+02 1.9424e+01 3.3308e+03
6.7213e+05 3.5488e+01 -3.0246e+03 5.9078e+02 2.4080e+01 3.3477e+03
6.0933e+05 3.3428e+01 -3.0170e+03 6.0511e+02 1.4297e+01 3.3647e+03
4.8054e+05 3.0379e+01 -3.0093e+03 6.1968e+02 2.2975e+00 3.3815e+03
2.9267e+05 2.8015e+01 -3.0015e+03 6.3448e+02 -1.1726e+01 3.3985e+03
1.2657e+05 2.6640e+01 -2.9935e+03 6.4952e+02 -2.3130e+01 3.4154e+03
1.1729e+05 2.6470e+01 -2.9853e+03 6.6480e+02 -1.3287e+01 3.4322e+03
1.5615e+05 2.7251e+01 -2.9770e+03 6.8032e+02 -3.2834e+00 3.4490e+03
1.4167e+05 2.7641e+01 -2.9685e+03 6.9608e+02 -8.9826e+00 3.4656e+03
1.4386e+05 2.8022e+01 -2.9599e+03 7.1208e+02 -9.5501e+00 3.4821e+03
1.7795e+05 2.8859e+01 -2.9510e+03 7.2833e+02 -1.9260e+00 3.4983e+03
1.6774e+05 2.8626e+01 -2.9421e+03 7.4483e+02 1.8021e+00 3.5146e+03
1.6141e+05 2.7237e+01 -2.9329e+03 7.6157e+02 2.0405e+00 3.5308e+03
1.5280e+05 2.6351e+01 -2.9236e+03 7.7856e+02 3.1873e+00 3.5471e+03
1.8650e+05 2.6219e+01 -2.9141e+03 7.9579e+02 6.8439e+00 3.5634e+03
2.0169e+05 2.6236e+01 -2.9044e+03 8.1328e+02 9.4972e+00 3.5790e+03
2.3416e+05 2.6236e+01 -2.8945e+03 8.3101e+02 1.0110e+01 3.5947e+03
2.2749e+05 2.6235e+01 -2.8844e+03 8.4900e+02 1.5101e+01 3.6105e+03
2.0868e+05 2.6232e+01 -2.8741e+03 8.6723e+02 2.3697e+01 3.6260e+03
7.9252e+04 2.6228e+01 -2.8636e+03 8.8572e+02 3.4437e+01 3.6413e+03
-1.4927e+05 2.6222e+01 -2.8529e+03 9.0445e+02 6.2116e+01 3.6561e+03
-9.1815e+05 2.6178e+01 -2.8420e+03 9.2344e+02 7.5882e+01 3.6704e+03
-2.4379e+06 2.6844e+01 -2.8309e+03 9.4267e+02 1.7320e+01 3.6859e+03
-3.9866e+06 2.8524e+01 -2.8195e+03 9.6215e+02 -4.3755e+01 3.7003e+03
-4.8121e+06 2.9399e+01 -2.8080e+03 9.8187e+02 -5.8176e+01 3.7210e+03
-5.0241e+06 2.9831e+01 -2.7962e+03 1.0018e+03 -7.3697e+01 3.7293e+03
-2.8273e+06 3.4419e+01 -3.0905e+03 4.8797e+02 -7.2664e+01 3.1663e+03
-2.7250e+06 3.5986e+01 -3.0841e+03 5.0047e+02 -6.9950e+01 3.1811e+03
-2.1424e+06 3.6340e+01 -3.0776e+03 5.1319e+02 -5.9351e+01 3.2036e+03
-1.0995e+06 3.6304e+01 -3.0709e+03 5.2613e+02 9.0255e+00 3.2199e+03
-2.3612e+05 3.6269e+01 -3.0642e+03 5.3929e+02 5.7757e+01 3.2366e+03
9.2438e+04 3.6255e+01 -3.0573e+03 5.5267e+02 5.4013e+01 3.2536e+03
2.4799e+04 3.6262e+01 -3.0502e+03 5.6628e+02 1.6356e+01 3.2708e+03
-1.7709e+04 3.6268e+01 -3.0431e+03 5.8012e+02 1.5932e+00 3.2876e+03
1.4215e+05 3.6349e+01 -3.0358e+03 5.9419e+02 2.4491e+01 3.3047e+03
2.2666e+05 3.5964e+01 -3.0283e+03 6.0849e+02 3.4647e+01 3.3219e+03
1.3659e+05 3.4533e+01 -3.0208e+03 6.2303e+02 2.7164e+01 3.3385e+03
-1.2675e+05 3.2157e+01 -3.0130e+03 6.3780e+02 3.6304e+00 3.3549e+03
-3.8651e+05 2.9703e+01 -3.0052e+03 6.5281e+02 -2.0583e+01 3.3715e+03
-4.0652e+05 2.9314e+01 -2.9971e+03 6.6806e+02 -1.2126e+01 3.3880e+03
-2.9665e+05 3.0785e+01 -2.9890e+03 6.8355e+02 4.2005e+00 3.4045e+03
-2.5600e+05 3.1533e+01 -2.9806e+03 6.9929e+02 1.9969e+00 3.4210e+03
-2.4004e+05 3.2295e+01 -2.9721e+03 7.1527e+02 2.5353e+00 3.4374e+03
-1.9353e+05 3.3966e+01 -2.9634e+03 7.3149e+02 1.4282e+01 3.4535e+03
-1.9497e+05 3.3502e+01 -2.9546e+03 7.4796e+02 1.4119e+01 3.4696e+03
-2.8393e+05 3.0690e+01 -2.9456e+03 7.6468e+02 1.1608e+00 3.4856e+03
-3.3638e+05 2.8226e+01 -2.9364e+03 7.8164e+02 -5.3256e+00 3.5017e+03
-3.8211e+05 2.6733e+01 -2.9270e+03 7.9886e+02 -7.2031e+00 3.5177e+03
-3.9532e+05 2.6210e+01 -2.9175e+03 8.1633e+02 -6.4205e+00 3.5333e+03
-3.7529e+05 2.6254e+01 -2.9077e+03 8.3404e+02 5.8636e+00 3.5489e+03
-3.6134e+05 2.6283e+01 -2.8978e+03 8.5201e+02 2.3561e+01 3.5646e+03
-5.2255e+05 2.6251e+01 -2.8876e+03 8.7023e+02 3.4457e+01 3.5799e+03
-8.4868e+05 2.6223e+01 -2.8773e+03 8.8870e+02 3.9981e+01 3.5947e+03
-1.3937e+06 2.6184e+01 -2.8668e+03 9.0742e+02 4.4805e+01 3.6096e+03
-2.2280e+06 2.6761e+01 -2.8560e+03 9.2639e+02 3.7707e+01 3.6237e+03
-3.3257e+06 2.9478e+01 -2.8450e+03 9.4561e+02 9.0063e+00 3.6394e+03
-4.2077e+06 3.2988e+01 -2.8338e+03 9.6508e+02 -5.0989e+00 3.6538e+03
-4.7129e+06 3.4235e+01 -2.8224e+03 9.8481e+02 -4.3676e+00 3.6731e+03
-4.8590e+06 3.4337e+01 -2.8108e+03 1.0048e+03 -1.8888e+01 3.6821e+03
-3.5929e+06 3.1407e+01 -3.1006e+03 4.9138e+02 -6.9037e+01 3.1236e+03
-3.2497e+06 3.4968e+01 -3.0943e+03 5.0385e+02 -3.8828e+01 3.1387e+03
-2.6999e+06 3.6336e+01 -3.0879e+03 5.1653e+02 -2.9643e+01 3.1615e+03
-1.8065e+06 3.6301e+01 -3.0814e+03 5.2943e+02 1.8269e+01 3.1773e+03
-9.3154e+05 3.6262e+01 -3.0747e+03 5.4256e+02 7.9184e+01 3.1939e+03
-4.9043e+05 3.6244e+01 -3.0680e+03 5.5591e+02 1.0353e+02 3.2110e+03
-6.3627e+05 3.6260e+01 -3.0611e+03 5.6948e+02 5.1982e+01 3.2280e+03
-8.0875e+05 3.6277e+01 -3.0541e+03 5.8329e+02 3.6927e+00 3.2445e+03
-5.9179e+05 3.6270e+01 -3.0469e+03 5.9732e+02 2.8977e+01 3.2614e+03
-3.7083e+05 3.6301e+01 -3.0396e+03 6.1159e+02 5.6242e+01 3.2786e+03
-4.0457e+05 3.6210e+01 -3.0321e+03 6.2609e+02 5.5940e+01 3.2952e+03
-6.5102e+05 3.5499e+01 -3.0246e+03 6.4083e+02 3.8404e+01 3.3115e+03
-9.2157e+05 3.4452e+01 -3.0168e+03 6.5581e+02 1.4217e+01 3.3278e+03
-9.4905e+05 3.4229e+01 -3.0089e+03 6.7102e+02 1.4965e+01 3.3440e+03
-7.8347e+05 3.4829e+01 -3.0009e+03 6.8648e+02 3.1597e+01 3.3601e+03
-6.8346e+05 3.5154e+01 -2.9927e+03 7.0218e+02 3.5482e+01 3.3763e+03
-6.9933e+05 3.5537e+01 -2.9843e+03 7.1813e+02 3.1409e+01 3.3924e+03
-7.3965e+05 3.6371e+01 -2.9758e+03 7.3432e+02 3.1718e+01 3.4086e+03
-7.8113e+05 3.6142e+01 -2.9671e+03 7.5076e+02 3.0462e+01 3.4246e+03
-7.8745e+05 3.4671e+01 -2.9582e+03 7.6745e+02 2.6539e+01 3.4406e+03
-8.2089e+05 3.2529e+01 -2.9492e+03 7.8439e+02 2.4345e+01 3.4561e+03
-9.2999e+05 2.9851e+01 -2.9400e+03 8.0158e+02 1.3317e+01 3.4716e+03
-1.0740e+06 2.8437e+01 -2.9305e+03 8.1902e+02 3.6002e+00 3.4869e+03
-1.1171e+06 2.8677e+01 -2.9210e+03 8.3671e+02 1.9181e+01 3.5021e+03
-1.3047e+06 2.8693e+01 -2.9112e+03 8.5466e+02 3.0487e+01 3.5173e+03
-1.7943e+06 2.7678e+01 -2.9012e+03 8.7286e+02 8.6468e+00 3.5326e+03
-2.4603e+06 2.6512e+01 -2.8910e+03 8.9130e+02 -1.8965e+01 3.5484e+03
-3.1086e+06 2.6705e+01 -2.8806e+03 9.1001e+02 -3.2338e+01 3.5632e+03
-3.7116e+06 2.9362e+01 -2.8700e+03 9.2896e+02 -3.0393e+01 3.5767e+03
-4.1632e+06 3.3424e+01 -2.8592e+03 9.4817e+02 -2.0359e+01 3.5920e+03
-4.5203e+06 3.5964e+01 -2.8481e+03 9.6763e+02 -5.8961e+00 3.6057e+03
-4.7305e+06 3.6401e+01 -2.8369e+03 9.8734e+02 2.8304e+00 3.6254e+03
-4.8454e+06 3.6326e+01 -2.8254e+03 1.0073e+03 -7.4144e+00 3.6350e+03
-4.0133e+06 3.0228e+01 -3.1106e+03 4.9453e+02 -6.5944e+01 3.0824e+03
-3.6391e+06 3.4461e+01 -3.1044e+03 5.0696e+02 -2.2576e+01 3.0958e+03
-3.2805e+06 3.6334e+01 -3.0982e+03 5.1960e+02 -2.3897e+01 3.1180e+03
-2.8505e+06 3.6317e+01 -3.0918e+03 5.3246e+02 -2.6665e+01 3.1344e+03
-2.2967e+06 3.6294e+01 -3.0853e+03 5.4555e+02 1.6988e+00 3.1509e+03
-1.8834e+06 3.6277e+01 -3.0786e+03 5.5886e+02 3.5641e+01 3.1681e+03
-1.8540e+06 3.6286e+01 -3.0719e+03 5.7240e+02 1.6240e+01 3.1852e+03
-1.8864e+06 3.6299e+01 -3.0650e+03 5.8616e+02 -9.6745e+00 3.2016e+03
-1.6696e+06 3.6291e+01 -3.0579e+03 6.0016e+02 1.4643e+01 3.2175e+03
-1.5278e+06 3.6279e+01 -3.0508e+03 6.1439e+02 2.9542e+01 3.2338e+03
-1.5510e+06 3.6270e+01 -3.0434e+03 6.2885e+02 2.9036e+01 3.2508e+03
-1.6356e+06 3.6321e+01 -3.0360e+03 6.4355e+02 3.4669e+01 3.2674e+03
-1.7696e+06 3.6418e+01 -3.0284e+03 6.5849e+02 2.6889e+01 3.2836e+03
-1.7789e+06 3.6403e+01 -3.0206e+03 6.7367e+02 2.4535e+01 3.2996e+03
-1.6319e+06 3.6312e+01 -3.0127e+03 6.8909e+02 3.7309e+01 3.3156e+03
-1.5692e+06 3.6279e+01 -3.0047e+03 7.0476e+02 3.9051e+01 3.3316e+03
-1.6304e+06 3.6282e+01 -2.9965e+03 7.2067e+02 3.0890e+01 3.3477e+03
-1.7147e+06 3.6283e+01 -2.9881e+03 7.3683e+02 2.6009e+01 3.3634e+03
-1.7159e+06 3.6285e+01 -2.9795e+03 7.5323e+02 2.8008e+01 3.3788e+03
-1.6787e+06 3.6233e+01 -2.9708e+03 7.6989e+02 3.4887e+01 3.3945e+03
-1.6541e+06 3.5814e+01 -2.9619e+03 7.8679e+02 4.3884e+01 3.4101e+03
-1.7736e+06 3.4420e+01 -2.9528e+03 8.0395e+02 3.8543e+01 3.4252e+03
-1.9726e+06 3.3238e+01 -2.9436e+03 8.2136e+02 2.5201e+01 3.4403e+03
-2.1330e+06 3.3582e+01 -2.9341e+03 8.3902e+02 3.3742e+01 3.4556e+03
-2.4421e+06 3.3515e+01 -2.9245e+03 8.5694e+02 3.3083e+01 3.4704e+03
-3.0548e+06 3.1672e+01 -2.9147e+03 8.7511e+02 -1.9469e-01 3.4856e+03
-3.7230e+06 2.9517e+01 -2.9046e+03 8.9354e+02 -3.7305e+01 3.5008e+03
-4.2347e+06 2.9913e+01 -2.8944e+03 9.1221e+02 -4.6093e+01 3.5141e+03
-4.4632e+06 3.3222e+01 -2.8840e+03 9.3115e+02 -2.5041e+01 3.5277e+03
-4.6112e+06 3.5864e+01 -2.8733e+03 9.5034e+02 -1.2054e+01 3.5437e+03
-4.7174e+06 3.6390e+01 -2.8624e+03 9.6978e+02 -4.9782e+00 3.5576e+03
-4.8052e+06 3.6309e+01 -2.8513e+03 9.8947e+02 1.9090e+00 3.5776e+03
-4.8661e+06 3.6313e+01 -2.8400e+03 1.0094e+03 -8.4917e+00 3.5864e+03
-4.3421e+06 3.1023e+01 -3.1205e+03 4.9742e+02 -5.8907e+01 3.0400e+03
-3.9177e+06 3.4776e+01 -3.1145e+03 5.0980e+02 -1.1925e+01 3.0528e+03
-3.7011e+06 3.6359e+01 -3.1084e+03 5.2240e+02 -1.8724e+01 3.0751e+03
-3.5747e+06 3.6337e+01 -3.1021e+03 5.3522e+02 -4.4722e+01 3.0920e+03
-3.4113e+06 3.6331e+01 -3.0957e+03 5.4827e+02 -5.2023e+01 3.1083e+03
-3.2513e+06 3.6322e+01 -3.0892e+03 5.6153e+02 -4.6255e+01 3.1246e+03
-3.1719e+06 3.6321e+01 -3.0826e+03 5.7503e+02 -4.8597e+01 3.1408e+03
-3.0621e+06 3.6322e+01 -3.0758e+03 5.8875e+02 -4.3338e+01 3.1576e+03
-2.9266e+06 3.6317e+01 -3.0689e+03 6.0270e+02 -2.5801e+01 3.1735e+03
-2.9128e+06 3.6313e+01 -3.0619e+03 6.1689e+02 -2.8835e+01 3.1890e+03
-2.9485e+06 3.6312e+01 -3.0547e+03 6.3131e+02 -3.2026e+01 3.2055e+03
-2.9269e+06 3.6312e+01 -3.0474e+03 6.4597e+02 -1.6901e+01 3.2218e+03
-2.9465e+06 3.6312e+01 -3.0399e+03 6.6086e+02 -1.3099e+01 3.2378e+03
-2.9525e+06 3.6312e+01 -3.0323e+03 6.7600e+02 -1.4664e+01 3.2541e+03
-2.9115e+06 3.6307e+01 -3.0245e+03 6.9138e+02 -7.3613e+00 3.2700e+03
-2.9068e+06 3.6304e+01 -3.0166e+03 7.0701e+02 -7.6415e+00 3.2857e+03
-2.9488e+06 3.6304e+01 -3.0086e+03 7.2288e+02 -1.2121e+01 3.3020e+03
-2.9691e+06 3.6304e+01 -3.0003e+03 7.3899e+02 -9.6165e+00 3.3178e+03
-2.9783e+06 3.6302e+01 -2.9919e+03 7.5536e+02 -2.0181e+00 3.3332e+03
-2.9963e+06 3.6315e+01 -2.9833e+03 7.7198e+02 1.6871e+00 3.3488e+03
-3.0571e+06 3.6539e+01 -2.9746e+03 7.8885e+02 7.6411e+00 3.3641e+03
-3.1529e+06 3.6541e+01 -2.9657e+03 8.0597e+02 1.1683e+01 3.3787e+03
-3.3253e+06 3.6178e+01 -2.9566e+03 8.2334e+02 8.9410e+00 3.3939e+03
-3.4493e+06 3.5794e+01 -2.9473e+03 8.4097e+02 1.4366e+01 3.4090e+03
-3.6486e+06 3.5308e+01 -2.9378e+03 8.5885e+02 2.3446e+01 3.4238e+03
-3.9368e+06 3.4469e+01 -2.9281e+03 8.7699e+02 2.6125e+01 3.4386e+03
-4.3830e+06 3.2773e+01 -2.9182e+03 8.9538e+02 5.9503e+00 3.4524e+03
-4.7192e+06 3.2380e+01 -2.9082e+03 9.1403e+02 -7.1752e+00 3.4664e+03
-4.8198e+06 3.4432e+01 -2.8979e+03 9.3294e+02 8.9839e+00 3.4811e+03
-4.8125e+06 3.6053e+01 -2.8874e+03 9.5210e+02 1.5095e+01 3.4966e+03
-4.8095e+06 3.6469e+01 -2.8767e+03 9.7152e+02 2.2707e+01 3.5097e+03
-4.7987e+06 3.6671e+01 -2.8657e+03 9.9119e+02 2.9131e+01 3.5292e+03
-4.8903e+06 3.6609e+01 -2.8546e+03 1.0111e+03 1.0606e+01 3.5373e+03
-4.3490e+06 3.0458e+01 -3.1304e+03 5.0004e+02 -6.9957e+01 2.9969e+03
-4.0423e+06 3.4528e+01 -3.1245e+03 5.1238e+02 -1.2452e+01 3.0094e+03
-3.8664e+06 3.6369e+01 -3.1185e+03 5.2493e+02 -4.4713e+00 3.0320e+03
-3.8434e+06 3.6337e+01 -3.1123e+03 5.3771e+02 -2.0499e+01 3.0489e+03
-3.8272e+06 3.6337e+01 -3.1061e+03 5.5070e+02 -2.8937e+01 3.0649e+03
-3.8119e+06 3.6333e+01 -3.0997e+03 5.6392e+02 -3.1630e+01 3.0805e+03
-3.7822e+06 3.6329e+01 -3.0932e+03 5.7737e+02 -3.4088e+01 3.0964e+03
-3.7473e+06 3.6327e+01 -3.0866e+03 5.9104e+02 -3.3881e+01 3.1131e+03
-3.7243e+06 3.6326e+01 -3.0798e+03 6.0495e+02 -3.2293e+01 3.1294e+03
-3.7623e+06 3.6328e+01 -3.0729e+03 6.1909e+02 -3.7004e+01 3.1451e+03
-3.8201e+06 3.6332e+01 -3.0659e+03 6.3346e+02 -4.2314e+01 3.1611e+03
-3.8684e+06 3.6336e+01 -3.0587e+03 6.4807e+02 -4.2712e+01 3.1768e+03
-3.9144e+06 3.6338e+01 -3.0514e+03 6.6292e+02 -4.4611e+01 3.1926e+03
-3.9578e+06 3.6338e+01 -3.0439e+03 6.7801e+02 -4.5925e+01 3.2087e+03
-3.9671e+06 3.6333e+01 -3.0363e+03 6.9335e+02 -4.1283e+01 3.2241e+03
-3.9867e+06 3.6326e+01 -3.0285e+03 7.0892e+02 -3.7859e+01 3.2395e+03
-4.0168e+06 3.6320e+01 -3.0206e+03 7.2475e+02 -3.6387e+01 3.2553e+03
-4.0424e+06 3.6316e+01 -3.0125e+03 7.4082e+02 -2.9931e+01 3.2709e+03
-4.0639e+06 3.6333e+01 -3.0042e+03 7.5714e+02 -2.0228e+01 3.2863e+03
-4.2024e+06 3.5884e+01 -2.9958e+03 7.7372e+02 -2.2475e+01 3.3014e+03
-4.3983e+06 3.4903e+01 -2.9872e+03 7.9054e+02 -2.9974e+01 3.3172e+03
-4.5695e+06 3.4310e+01 -2.9785e+03 8.0762e+02 -2.7790e+01 3.3332e+03
-4.6786e+06 3.4082e+01 -2.9695e+03 8.2495e+02 -2.1897e+01 3.3482e+03
-4.7800e+06 3.3006e+01 -2.9604e+03 8.4254e+02 -1.7933e+01 3.3616e+03
-4.8147e+06 3.2140e+01 -2.9510e+03 8.6039e+02 -4.3112e+00 3.3764e+03
-4.9032e+06 3.2085e+01 -2.9415e+03 8.7849e+02 1.0927e+01 3.3915e+03
-5.1479e+06 3.0624e+01 -2.9318e+03 8.9684e+02 -5.8928e+00 3.4052e+03
-5.3588e+06 2.9599e+01 -2.9219e+03 9.1546e+02 -2.1055e+01 3.4200e+03
-5.3001e+06 3.1320e+01 -2.9118e+03 9.3433e+02 -4.8603e+00 3.4339e+03
-5.2098e+06 3.3419e+01 -2.9014e+03 9.5346e+02 7.7288e+00 3.4479e+03
-5.1035e+06 3.4314e+01 -2.8909e+03 9.7285e+02 2.1672e+01 3.4608e+03
-5.1098e+06 3.4590e+01 -2.8801e+03 9.9250e+02 2.5458e+01 3.4802e+03
-5.1042e+06 3.5154e+01 -2.8691e+03 1.0124e+03 9.3462e+00 3.4886e+03
-4.1699e+06 2.9475e+01 -3.1402e+03 5.0239e+02 -8.3602e+01 2.9552e+03
-4.0155e+06 3.4087e+01 -3.1344e+03 5.1468e+02 -2.5610e+01 2.9668e+03
-3.8767e+06 3.6340e+01 -3.1285e+03 5.2719e+02 1.3333e+00 2.9885e+03
-3.8995e+06 3.6327e+01 -3.1225e+03 5.3991e+02 -4.1710e+00 3.0054e+03
-3.9430e+06 3.6330e+01 -3.1164e+03 5.5285e+02 -8.2707e+00 3.0214e+03
-3.9687e+06 3.6327e+01 -3.1101e+03 5.6602e+02 -7.8425e+00 3.0372e+03
-3.9784e+06 3.6323e+01 -3.1037e+03 5.7942e+02 -7.2420e+00 3.0533e+03
-3.9916e+06 3.6320e+01 -3.0972e+03 5.9304e+02 -8.9087e+00 3.0694e+03
-4.0164e+06 3.6318e+01 -3.0906e+03 6.0689e+02 -1.0080e+01 3.0852e+03
-4.0579e+06 3.6320e+01 -3.0839e+03 6.2098e+02 -1.1352e+01 3.1011e+03
-4.1248e+06 3.6325e+01 -3.0770e+03 6.3530e+02 -1.4665e+01 3.1170e+03
-4.1959e+06 3.6329e+01 -3.0699e+03 6.4986e+02 -1.8856e+01 3.1326e+03
-4.2783e+06 3.6330e+01 -3.0627e+03 6.6466e+02 -2.3643e+01 3.1482e+03
-4.3542e+06 3.6330e+01 -3.0554e+03 6.7970e+02 -2.6585e+01 3.1638e+03
-4.4170e+06 3.6328e+01 -3.0479e+03 6.9498e+02 -2.2436e+01 3.1792e+03
-4.4622e+06 3.6318e+01 -3.0403e+03 7.1051e+02 -1.6368e+01 3.1950e+03
-4.5312e+06 3.6335e+01 -3.0325e+03 7.2628e+02 -1.1810e+01 3.2099e+03
-4.6000e+06 3.6350e+01 -3.0246e+03 7.4231e+02 -4.3538e+00 3.2244e+03
-4.7433e+06 3.5920e+01 -3.0165e+03 7.5858e+02 -1.1304e+00 3.2395e+03
-4.9924e+06 3.3886e+01 -3.0082e+03 7.7510e+02 -1.5790e+01 3.2542e+03
-5.3173e+06 3.0866e+01 -2.9998e+03 7.9188e+02 -3.4150e+01 3.2701e+03
-5.5430e+06 2.9116e+01 -2.9912e+03 8.0891e+02 -3.7941e+01 3.2866e+03
-5.7380e+06 2.8377e+01 -2.9824e+03 8.2620e+02 -3.8797e+01 3.3012e+03
-5.8228e+06 2.7682e+01 -2.9734e+03 8.4374e+02 -3.7914e+01 3.3148e+03
-5.8026e+06 2.7731e+01 -2.9642e+03 8.6154e+02 -2.4113e+01 3.3295e+03
-5.7526e+06 2.7930e+01 -2.9549e+03 8.7960e+02 -1.4061e+01 3.3438e+03
-5.8293e+06 2.7106e+01 -2.9453e+03 8.9791e+02 -2.3408e+01 3.3575e+03
-5.8442e+06 2.6638e+01 -2.9356e+03 9.1649e+02 -2.9762e+01 3.3719e+03
-5.7952e+06 2.7647e+01 -2.9256e+03 9.3532e+02 -2.2101e+01 3.3850e+03
-5.6997e+06 2.8877e+01 -2.9154e+03 9.5441e+02 -1.7008e+01 3.3992e+03
-5.6569e+06 2.9316e+01 -2.9051e+03 9.7377e+02 -7.6125e+00 3.4123e+03
-5.6334e+06 2.9255e+01 -2.8945e+03 9.9338e+02 -7.9068e+00 3.4316e+03
-5.5732e+06 3.0546e+01 -2.8836e+03 1.0132e+03 -1.5482e+01 3.4399e+03
-3.5106e+06 2.9331e+01 -3.1499e+03 5.0448e+02 -6.5495e+01 2.9128e+03
-3.7686e+06 3.4029e+01 -3.1442e+03 5.1671e+02 -4.2835e+01 2.9246e+03
-3.8083e+06 3.6301e+01 -3.1385e+03 5.2916e+02 -1.8276e+01 2.9465e+03
-3.9178e+06 3.6325e+01 -3.1326e+03 5.4183e+02 -1.5660e+01 2.9631e+03
-4.0135e+06 3.6328e+01 -3.1266e+03 5.5472e+02 -1.4398e+01 2.9790e+03
-4.0823e+06 3.6326e+01 -3.1205e+03 5.6783e+02 -1.0418e+01 2.9945e+03
-4.1069e+06 3.6319e+01 -3.1142e+03 5.8117e+02 -5.2000e+00 3.0100e+03
-4.1248e+06 3.6312e+01 -3.1079e+03 5.9474e+02 -1.9554e+00 3.0257e+03
-4.1428e+06 3.6308e+01 -3.1014e+03 6.0853e+02 2.0120e-01 3.0415e+03
-4.1904e+06 3.6309e+01 -3.0947e+03 6.2256e+02 3.1626e-01 3.0571e+03
-4.2271e+06 3.6313e+01 -3.0880e+03 6.3683e+02 6.7414e-01 3.0726e+03
-4.2494e+06 3.6313e+01 -3.0811e+03 6.5133e+02 3.4119e+00 3.0879e+03
-4.3196e+06 3.6310e+01 -3.0741e+03 6.6607e+02 2.1922e+00 3.1033e+03
-4.4450e+06 3.6307e+01 -3.0669e+03 6.8106e+02 1.3456e+00 3.1191e+03
-4.5411e+06 3.6460e+01 -3.0595e+03 6.9628e+02 8.6027e+00 3.1348e+03
-4.7049e+06 3.5915e+01 -3.0521e+03 7.1175e+02 6.6528e+00 3.1493e+03
-4.9280e+06 3.4453e+01 -3.0444e+03 7.2747e+02 -4.5247e+00 3.1650e+03
-5.1057e+06 3.3700e+01 -3.0366e+03 7.4344e+02 -4.9030e+00 3.1818e+03
-5.2701e+06 3.2840e+01 -3.0287e+03 7.5966e+02 -7.8124e+00 3.1959e+03
-5.5403e+06 3.0273e+01 -3.0206e+03 7.7613e+02 -2.5866e+01 3.2089e+03
-5.7884e+06 2.7552e+01 -3.0123e+03 7.9285e+02 -4.0287e+01 3.2237e+03
-6.0501e+06 2.5575e+01 -3.0038e+03 8.0983e+02 -5.3307e+01 3.2387e+03
-6.3287e+06 2.3407e+01 -2.9952e+03 8.2706e+02 -7.8864e+01 3.2528e+03
-6.4848e+06 2.2534e+01 -2.9864e+03 8.4456e+02 -8.9465e+01 3.2682e+03
-6.3782e+06 2.3714e+01 -2.9774e+03 8.6230e+02 -7.1330e+01 3.2831e+03
-6.2072e+06 2.5163e+01 -2.9682e+03 8.8031e+02 -4.6924e+01 3.2965e+03
-6.0667e+06 2.6132e+01 -2.9588e+03 8.9858e+02 -3.4697e+01 3.3103e+03
-6.0294e+06 2.6387e+01 -2.9492e+03 9.1711e+02 -3.6259e+01 3.3241e+03
-5.9903e+06 2.6345e+01 -2.9394e+03 9.3590e+02 -3.9440e+01 3.3372e+03
-5.9744e+06 2.6466e+01 -2.9294e+03 9.5495e+02 -4.1245e+01 3.3518e+03
-5.9458e+06 2.6459e+01 -2.9192e+03 9.7426e+02 -3.4393e+01 3.3642e+03
-5.9742e+06 2.6329e+01 -2.9088e+03 9.9383e+02 -3.3112e+01 3.3829e+03
-5.8891e+06 2.6957e+01 -2.8981e+03 1.0137e+03 -4.0541e+01 3.3913e+03
-2.7223e+06 2.8691e+01 -3.1595e+03 5.0629e+02 -3.5359e+01 2.8681e+03
-3.2652e+06 3.3467e+01 -3.1540e+03 5.1846e+02 -4.4975e+01 2.8815e+03
-3.5579e+06 3.6095e+01 -3.1483e+03 5.3085e+02 -3.4465e+01 2.9034e+03
-3.8060e+06 3.6320e+01 -3.1426e+03 5.4346e+02 -2.7102e+01 2.9192e+03
-4.0205e+06 3.6327e+01 -3.1367e+03 5.5629e+02 -2.1870e+01 2.9347e+03
-4.1587e+06 3.6326e+01 -3.1307e+03 5.6935e+02 -1.4797e+01 2.9500e+03
-4.2209e+06 3.6319e+01 -3.1246e+03 5.8262e+02 -6.7059e+00 2.9653e+03
-4.2486e+06 3.6310e+01 -3.1184e+03 5.9613e+02 -2.8391e+00 2.9809e+03
-4.2765e+06 3.6305e+01 -3.1120e+03 6.0987e+02 -4.8564e-01 2.9966e+03
-4.2980e+06 3.6304e+01 -3.1055e+03 6.2384e+02 1.9561e+00 3.0120e+03
-4.3278e+06 3.6304e+01 -3.0989e+03 6.3804e+02 2.7688e+00 3.0272e+03
-4.3442e+06 3.6301e+01 -3.0922e+03 6.5248e+02 4.8629e+00 3.0426e+03
-4.4142e+06 3.6295e+01 -3.0853e+03 6.6716e+02 1.0373e+01 3.0582e+03
-4.5249e+06 3.6415e+01 -3.0782e+03 6.8208e+02 1.9302e+01 3.0737e+03
-4.7298e+06 3.6215e+01 -3.0711e+03 6.9725e+02 1.8462e+01 3.0883e+03
-5.0734e+06 3.3754e+01 -3.0637e+03 7.1266e+02 -1.3580e+01 3.1013e+03
-5.4188e+06 3.0028e+01 -3.0563e+03 7.2832e+02 -5.1378e+01 3.1174e+03
-5.5298e+06 2.8476e+01 -3.0486e+03 7.4422e+02 -6.2861e+01 3.1353e+03
-5.5778e+06 2.8120e+01 -3.0408e+03 7.6038e+02 -6.6878e+01 3.1488e+03
-5.6126e+06 2.7260e+01 -3.0329e+03 7.7679e+02 -7.4443e+01 3.1617e+03
-5.6617e+06 2.6026e+01 -3.0247e+03 7.9346e+02 -7.7543e+01 3.1765e+03
-5.7587e+06 2.3314e+01 -3.0164e+03 8.1038e+02 -9.2395e+01 3.1910e+03
-5.9637e+06 1.9861e+01 -3.0080e+03 8.2755e+02 -1.2161e+02 3.2051e+03
-6.0547e+06 1.8530e+01 -2.9993e+03 8.4499e+02 -1.3782e+02 3.2203e+03
-6.0173e+06 1.9454e+01 -2.9905e+03 8.6268e+02 -1.3054e+02 3.2346e+03
-5.8137e+06 2.1539e+01 -2.9814e+03 8.8063e+02 -1.0279e+02 3.2482e+03
-5.6826e+06 2.3659e+01 -2.9722e+03 8.9885e+02 -8.3874e+01 3.2619e+03
-5.6472e+06 2.4848e+01 -2.9628e+03 9.1732e+02 -8.5100e+01 3.2749e+03
-5.6101e+06 2.5699e+01 -2.9532e+03 9.3606e+02 -8.1197e+01 3.2875e+03
-5.5691e+06 2.5557e+01 -2.9433e+03 9.5506e+02 -8.1334e+01 3.3016e+03
-5.6596e+06 2.4664e+01 -2.9333e+03 9.7432e+02 -8.3473e+01 3.3141e+03
-5.7438e+06 2.4905e+01 -2.9230e+03 9.9385e+02 -8.2851e+01 3.3333e+03
-5.7745e+06 2.5812e+01 -2.9125e+03 1.0136e+03 -8.2907e+01 3.3410e+03
-1.7067e+06 3.0113e+01 -3.1690e+03 5.0782e+02 4.3121e+01 2.8217e+03
-2.3930e+06 3.3625e+01 -3.1636e+03 5.1993e+02 2.5311e+01 2.8326e+03
-2.9486e+06 3.5918e+01 -3.1581e+03 5.3226e+02 1.6129e+01 2.8550e+03
-3.4859e+06 3.6299e+01 -3.1525e+03 5.4481e+02 4.4692e+00 2.8707e+03
-3.9424e+06 3.6317e+01 -3.1468e+03 5.5758e+02 -1.1651e+01 2.8860e+03
-4.2183e+06 3.6323e+01 -3.1409e+03 5.7056e+02 -1.4658e+01 2.9013e+03
-4.3255e+06 3.6318e+01 -3.1349e+03 5.8378e+02 -7.9376e+00 2.9167e+03
-4.3806e+06 3.6310e+01 -3.1288e+03 5.9722e+02 -4.0558e+00 2.9319e+03
-4.4093e+06 3.6304e+01 -3.1226e+03 6.1089e+02 -1.7703e+00 2.9472e+03
-4.4395e+06 3.6299e+01 -3.1163e+03 6.2479e+02 1.6240e+00 2.9624e+03
-4.4631e+06 3.6295e+01 -3.1098e+03 6.3893e+02 4.7677e+00 2.9774e+03
-4.5161e+06 3.6289e+01 -3.1032e+03 6.5331e+02 9.8255e+00 2.9925e+03
-4.5909e+06 3.6389e+01 -3.0964e+03 6.6792e+02 1.8431e+01 3.0079e+03
-4.7623e+06 3.6214e+01 -3.0895e+03 6.8277e+02 1.7820e+01 3.0222e+03
-5.0512e+06 3.4111e+01 -3.0825e+03 6.9787e+02 -1.3602e+01 3.0356e+03
-5.3369e+06 3.0010e+01 -3.0753e+03 7.1322e+02 -6.4325e+01 3.0496e+03
-5.3035e+06 2.7029e+01 -3.0680e+03 7.2881e+02 -8.6505e+01 3.0658e+03
-5.0408e+06 2.5946e+01 -3.0605e+03 7.4465e+02 -7.9775e+01 3.0820e+03
-4.7540e+06 2.4951e+01 -3.0529e+03 7.6074e+02 -7.5381e+01 3.0964e+03
-4.5142e+06 2.4318e+01 -3.0451e+03 7.7709e+02 -6.5189e+01 3.1110e+03
-4.2657e+06 2.3090e+01 -3.0371e+03 7.9369e+02 -4.6186e+01 3.1256e+03
-4.1260e+06 1.9977e+01 -3.0290e+03 8.1054e+02 -3.8437e+01 3.1392e+03
-4.0524e+06 1.7436e+01 -3.0206e+03 8.2766e+02 -3.8147e+01 3.1531e+03
-4.0550e+06 1.6803e+01 -3.0121e+03 8.4503e+02 -4.0023e+01 3.1674e+03
-4.0682e+06 1.7028e+01 -3.0035e+03 8.6266e+02 -4.5703e+01 3.1813e+03
-4.0750e+06 1.7939e+01 -2.9946e+03 8.8055e+02 -4.5893e+01 3.1951e+03
-4.0991e+06 1.9096e+01 -2.9856e+03 8.9870e+02 -5.3413e+01 3.2087e+03
-4.1201e+06 2.0697e+01 -2.9763e+03 9.1712e+02 -5.7231e+01 3.2220e+03
-4.0104e+06 2.2721e+01 -2.9669e+03 9.3580e+02 -4.4582e+01 3.2347e+03
-4.0099e+06 2.2438e+01 -2.9572e+03 9.5474e+02 -4.6781e+01 3.2484e+03
-4.1071e+06 2.0657e+01 -2.9473e+03 9.7395e+02 -5.3256e+01 3.2613e+03
-4.2620e+06 2.1131e+01 -2.9372e+03 9.9343e+02 -5.2029e+01 3.2810e+03
-4.4546e+06 2.3664e+01 -2.9269e+03 1.0132e+03 -5.6980e+01 3.2878e+03
-1.3308e+06 3.4267e+01 -3.1785e+03 5.0908e+02 1.0908e+02 2.7783e+03
-1.9319e+06 3.5304e+01 -3.1732e+03 5.2113e+02 9.1130e+01 2.7877e+03
-2.6617e+06 3.6095e+01 -3.1678e+03 5.3339e+02 6.6085e+01 2.8150e+03
-3.3779e+06 3.6283e+01 -3.1623e+03 5.4587e+02 3.3375e+01 2.8295e+03
-3.9719e+06 3.6304e+01 -3.1567e+03 5.5856e+02 1.6179e-01 2.8449e+03
-4.2876e+06 3.6312e+01 -3.1510e+03 5.7148e+02 -7.3439e+00 2.8599e+03
-4.4141e+06 3.6308e+01 -3.1451e+03 5.8463e+02 -8.8929e-01 2.8749e+03
-4.4878e+06 3.6302e+01 -3.1392e+03 5.9800e+02 3.2492e+00 2.8896e+03
-4.5540e+06 3.6296e+01 -3.1331e+03 6.1160e+02 4.7928e+00 2.9044e+03
-4.6005e+06 3.6299e+01 -3.1269e+03 6.2543e+02 8.4665e+00 2.9194e+03
-4.6374e+06 3.6311e+01 -3.1206e+03 6.3950e+02 2.1067e+01 2.9338e+03
-4.7196e+06 3.6393e+01 -3.1141e+03 6.5380e+02 3.3752e+01 2.9483e+03
-4.9523e+06 3.5612e+01 -3.1075e+03 6.6835e+02 1.9906e+01 2.9631e+03
-5.2236e+06 3.2507e+01 -3.1007e+03 6.8313e+02 -1.8546e+01 2.9780e+03
-5.2508e+06 2.8095e+01 -3.0939e+03 6.9816e+02 -5.1014e+01 2.9930e+03
-4.8074e+06 2.5352e+01 -3.0868e+03 7.1343e+02 -5.5038e+01 3.0079e+03
-4.0255e+06 2.4924e+01 -3.0797e+03 7.2895e+02 -2.0745e+01 3.0232e+03
-3.2891e+06 2.3924e+01 -3.0723e+03 7.4472e+02 1.2801e+01 3.0377e+03
-2.8772e+06 2.1467e+01 -3.0648e+03 7.6074e+02 1.6353e+01 3.0515e+03
-2.5547e+06 1.9850e+01 -3.0572e+03 7.7701e+02 2.5054e+01 3.0659e+03
-2.2337e+06 1.8841e+01 -3.0494e+03 7.9354e+02 5.2845e+01 3.0795e+03
-1.9673e+06 1.7460e+01 -3.0414e+03 8.1033e+02 7.5226e+01 3.0930e+03
-1.8522e+06 1.6753e+01 -3.0333e+03 8.2737e+02 8.4551e+01 3.1072e+03
-1.8164e+06 1.6731e+01 -3.0249e+03 8.4467e+02 8.6893e+01 3.1213e+03
-1.8821e+06 1.6734e+01 -3.0164e+03 8.6224e+02 8.0748e+01 3.1354e+03
-1.9678e+06 1.6805e+01 -3.0077e+03 8.8006e+02 6.4176e+01 3.1493e+03
-2.0542e+06 1.7140e+01 -2.9988e+03 8.9815e+02 4.5671e+01 3.1626e+03
-1.9975e+06 1.7960e+01 -2.9898e+03 9.1650e+02 4.5760e+01 3.1760e+03
-1.9222e+06 1.8744e+01 -2.9805e+03 9.3512e+02 5.5101e+01 3.1887e+03
-1.8897e+06 1.8383e+01 -2.9710e+03 9.5400e+02 5.4008e+01 3.2020e+03
-1.9096e+06 1.7490e+01 -2.9613e+03 9.7315e+02 6.2897e+01 3.2156e+03
-2.0030e+06 1.7733e+01 -2.9514e+03 9.9256e+02 7.1385e+01 3.2346e+03
-2.3698e+06 2.0627e+01 -2.9413e+03 1.0122e+03 5.7335e+01 3.2360e+03
-2.2415e+06 3.6356e+01 -3.1878e+03 5.1005e+02 4.0080e+01 2.7366e+03
-2.7029e+06 3.6294e+01 -3.1827e+03 5.2203e+02 3.3727e+01 2.7417e+03
-3.2677e+06 3.6277e+01 -3.1774e+03 5.3422e+02 2.4312e+01 2.7546e+03
-3.7913e+06 3.6282e+01 -3.1721e+03 5.4663e+02 1.2530e+01 2.7704e+03
-4.1880e+06 3.6289e+01 -3.1666e+03 5.5925e+02 2.6995e+00 2.7847e+03
-4.4040e+06 3.6356e+01 -3.1610e+03 5.7210e+02 7.2586e+00 2.7997e+03
-4.5207e+06 3.6366e+01 -3.1553e+03 5.8517e+02 1.4215e+01 2.8141e+03
-4.6355e+06 3.6156e+01 -3.1495e+03 5.9847e+02 1.5323e+01 2.8286e+03
-4.7416e+06 3.5810e+01 -3.1435e+03 6.1199e+02 1.4988e+01 2.8431e+03
-4.8714e+06 3.5079e+01 -3.1374e+03 6.2575e+02 1.6695e+01 2.8576e+03
-5.0026e+06 3.4208e+01 -3.1312e+03 6.3974e+02 2.7303e+01 2.8734e+03
-5.2599e+06 3.3476e+01 -3.1249e+03 6.5397e+02 2.6034e+01 2.8896e+03
-5.6664e+06 3.0393e+01 -3.1185e+03 6.6844e+02 -2.2242e+01 2.9032e+03
-5.7758e+06 2.4564e+01 -3.1119e+03 6.8314e+02 -6.5192e+01 2.9173e+03
-5.0259e+06 2.0470e+01 -3.1051e+03 6.9809e+02 -3.4107e+01 2.9334e+03
-3.6784e+06 2.0134e+01 -3.0983e+03 7.1329e+02 3.6127e+01 2.9481e+03
-2.3217e+06 2.0755e+01 -3.0912e+03 7.2873e+02 8.9181e+01 2.9617e+03
-1.5189e+06 1.9673e+01 -3.0841e+03 7.4443e+02 9.8121e+01 2.9744e+03
-1.2381e+06 1.7910e+01 -3.0767e+03 7.6037e+02 7.4726e+01 2.9877e+03
-1.1361e+06 1.7056e+01 -3.0692e+03 7.7657e+02 5.9794e+01 3.0021e+03
-9.7211e+05 1.6805e+01 -3.0616e+03 7.9302e+02 6.7198e+01 3.0159e+03
-8.3808e+05 1.6726e+01 -3.0538e+03 8.0973e+02 7.8040e+01 3.0298e+03
-7.9400e+05 1.6713e+01 -3.0458e+03 8.2670e+02 7.4573e+01 3.0439e+03
-8.3692e+05 1.6715e+01 -3.0376e+03 8.4392e+02 6.9042e+01 3.0577e+03
-8.7275e+05 1.6716e+01 -3.0293e+03 8.6141e+02 6.6431e+01 3.0713e+03
-8.9941e+05 1.7490e+01 -3.0208e+03 8.7916e+02 6.1453e+01 3.0845e+03
-8.0884e+05 1.9282e+01 -3.0121e+03 8.9718e+02 6.3517e+01 3.0978e+03
-6.8123e+05 2.0134e+01 -3.0032e+03 9.1546e+02 7.1658e+01 3.1113e+03
-5.8669e+05 1.9500e+01 -2.9941e+03 9.3401e+02 7.6197e+01 3.1234e+03
-5.8295e+05 1.8450e+01 -2.9848e+03 9.5282e+02 7.5143e+01 3.1364e+03
-6.0430e+05 1.7318e+01 -2.9752e+03 9.7190e+02 7.8191e+01 3.1468e+03
-6.9876e+05 1.7281e+01 -2.9655e+03 9.9124e+02 8.1940e+01 3.1715e+03
-8.3629e+05 2.0320e+01 -2.9556e+03 1.0109e+03 1.0120e+02 3.1908e+03
-3.5972e+06 3.6371e+01 -3.1971e+03 5.1075e+02 -3.3265e+01 2.6871e+03
-3.8237e+06 3.6398e+01 -3.1921e+03 5.2265e+02 -2.3482e+01 2.7091e+03
-4.0870e+06 3.6040e+01 -3.1869e+03 5.3477e+02 -1.2512e+01 2.7222e+03
-4.3417e+06 3.5097e+01 -3.1817e+03 5.4710e+02 -4.1426e+00 2.7383e+03
-4.5402e+06 3.4425e+01 -3.1763e+03 5.5964e+02 3.3381e+00 2.7535e+03
-4.6708e+06 3.4440e+01 -3.1709e+03 5.7241e+02 1.1748e+01 2.7688e+03
-4.8108e+06 3.4213e+01 -3.1653e+03 5.8541e+02 1.2168e+01 2.7834e+03
-4.9538e+06 3.3538e+01 -3.1596e+03 5.9862e+02 7.8292e+00 2.7984e+03
-5.1086e+06 3.2821e+01 -3.1538e+03 6.1207e+02 9.2348e+00 2.8126e+03
-5.2982e+06 3.1467e+01 -3.1479e+03 6.2575e+02 1.1769e+01 2.8259e+03
-5.6331e+06 2.9211e+01 -3.1418e+03 6.3966e+02 5.9917e+00 2.8419e+03
-6.1098e+06 2.6169e+01 -3.1357e+03 6.5380e+02 -2.6279e+01 2.8581e+03
-6.4911e+06 2.2055e+01 -3.1294e+03 6.6819e+02 -8.3490e+01 2.8706e+03
-6.0884e+06 1.8390e+01 -3.1229e+03 6.8281e+02 -8.9723e+01 2.8837e+03
-4.6357e+06 1.6937e+01 -3.1163e+03 6.9768e+02 5.4415e+00 2.8984e+03
-2.6856e+06 1.7146e+01 -3.1096e+03 7.1280e+02 1.1460e+02 2.9130e+03
-1.2331e+06 1.7456e+01 -3.1027e+03 7.2816e+02 1.3426e+02 2.9271e+03
-6.5241e+05 1.7079e+01 -3.0957e+03 7.4377e+02 8.6591e+01 2.9402e+03
-6.0114e+05 1.6728e+01 -3.0885e+03 7.5963e+02 4.5472e+01 2.9540e+03
-6.2487e+05 1.6722e+01 -3.0812e+03 7.7574e+02 2.6654e+01 2.9682e+03
-6.2521e+05 1.6722e+01 -3.0737e+03 7.9211e+02 2.1490e+01 2.9819e+03
-5.9067e+05 1.6721e+01 -3.0661e+03 8.0874e+02 2.3523e+01 2.9954e+03
-6.2892e+05 1.6723e+01 -3.0583e+03 8.2563e+02 1.7898e+01 3.0090e+03
-6.7979e+05 1.6724e+01 -3.0503e+03 8.4277e+02 1.0575e+01 3.0226e+03
-7.1579e+05 1.6724e+01 -3.0421e+03 8.6018e+02 8.4803e+00 3.0357e+03
-6.0775e+05 1.8780e+01 -3.0337e+03 8.7785e+02 1.7256e+01 3.0486e+03
-3.9449e+05 2.2857e+01 -3.0252e+03 8.9579e+02 3.6364e+01 3.0617e+03
-2.1185e+05 2.4612e+01 -3.0165e+03 9.1399e+02 4.4867e+01 3.0746e+03
-1.5258e+05 2.4022e+01 -3.0076e+03 9.3246e+02 4.4475e+01 3.0874e+03
-1.5780e+05 2.2561e+01 -2.9984e+03 9.5120e+02 3.9075e+01 3.1005e+03
-2.9731e+05 2.0339e+01 -2.9891e+03 9.7020e+02 2.5945e+01 3.1133e+03
-3.2264e+05 2.0249e+01 -2.9796e+03 9.8947e+02 1.7891e+01 3.1243e+03
-2.6961e+05 2.3048e+01 -2.9698e+03 1.0090e+03 5.9935e+01 3.1386e+03
